AAPL
               High       Low      Open     Close    Volume  Adj Close
High       1.000000  0.992105  0.992044  0.988865 -0.116923   0.988366
Low        0.992105  1.000000  0.990737  0.990022 -0.195039   0.990077
Open       0.992044  0.990737  1.000000  0.973897 -0.144332   0.973557
Close      0.988865  0.990022  0.973897  1.000000 -0.151629   0.999879
Volume    -0.116923 -0.195039 -0.144332 -0.151629  1.000000  -0.157093
Adj Close  0.988366  0.990077  0.973557  0.999879 -0.157093   1.000000
TSLA
               High       Low      Open     Close    Volume  Adj Close
High       1.000000  0.989803  0.991160  0.986318 -0.192008   0.986318
Low        0.989803  1.000000  0.986879  0.989692 -0.290396   0.989692
Open       0.991160  0.986879  1.000000  0.970202 -0.230785   0.970202
Close      0.986318  0.989692  0.970202  1.000000 -0.242146   1.000000
Volume    -0.192008 -0.290396 -0.230785 -0.242146  1.000000  -0.242146
Adj Close  0.986318  0.989692  0.970202  1.000000 -0.242146   1.000000
GOOGL
               High       Low      Open     Close    Volume  Adj Close
High       1.000000  0.995418  0.995293  0.994222  0.187484   0.994222
Low        0.995418  1.000000  0.994861  0.994062  0.129756   0.994062
Open       0.995293  0.994861  1.000000  0.985943  0.166631   0.985943
Close      0.994222  0.994062  0.985943  1.000000  0.159047   1.000000
Volume     0.187484  0.129756  0.166631  0.159047  1.000000   0.159047
Adj Close  0.994222  0.994062  0.985943  1.000000  0.159047   1.000000
