AAPL
               High       Low      Open     Close    Volume  Adj Close
High       1.000000  0.992877  0.992859  0.989069 -0.031114   0.988730
Low        0.992877  1.000000  0.991672  0.990409 -0.107249   0.990308
Open       0.992859  0.991672  1.000000  0.975527 -0.061400   0.975184
Close      0.989069  0.990409  0.975527  1.000000 -0.068003   0.999973
Volume    -0.031114 -0.107249 -0.061400 -0.068003  1.000000  -0.070978
Adj Close  0.988730  0.990308  0.975184  0.999973 -0.070978   1.000000
