Symbol,Name,Close,1H Cloud Score,1D Cloud Score,1W Cloud Score,1M Cloud Score,Cloud Score Sum,1H TKx Score,1D TKx Score,1W TKx Score,1M TKx Score,TKx Score Sum,Total Score Sum
MGC=F,"Micro Gold Futures,Dec-2025",3404.5,23,120,86,71,300,37,-2,83,21,139,439
ES=F,E-Mini S&P 500 Sep 25,6248.25,164,35,10,141,350,-10,46,4,20,60,410
YM=F,Mini Dow Jones Indus.-$5 Sep 25,44825.0,85,34,2,141,262,84,41,2,20,147,409
GF=F,WisdomTree International High D,305.85,0,156,43,32,231,18,50,33,46,147,378
GC=F,Gold Aug 25,3349.9,23,2,86,62,173,37,-2,83,19,137,310
NQ=F,Nasdaq 100 Sep 25,22691.75,-2,35,11,153,197,-10,48,4,18,60,257
HG=F,Copper Sep 25,5.1,99,21,13,14,147,15,26,4,13,58,205
SI=F,Silver Sep 25,36.24,26,34,13,14,87,37,28,4,19,88,175
LE=F,"Live Cattle Futures,Aug-2025",210.75,0,0,42,39,81,15,-1,34,46,94,175
SIL=F,"Micro Silver Futures,Sep-2025",36.13,22,34,13,14,83,13,23,4,19,59,142
HE=F,"Lean Hogs Futures,Aug-2025",106.97,-1,53,18,3,73,-18,53,22,5,62,135
PL=F,Platinum Oct 25,1348.0,-2,34,9,2,43,5,47,4,2,58,101
ZO=F,"Oat Futures,Dec-2025",370.5,42,4,6,-14,38,52,19,9,-25,55,93
RTY=F,E-mini Russell 2000 Index Futur,2214.1,6,34,0,6,46,-22,41,2,11,32,78
CC=F,Cocoa Sep 25,8341.0,-8,-3,-1,29,17,-17,-20,2,46,11,28
ZL=F,"Soybean Oil Futures,Dec-2025",53.65,10,12,12,-17,17,5,11,17,-23,10,27
CL=F,Crude Oil Aug 25,65.53,6,17,-2,0,21,11,31,-16,-23,3,24
PA=F,Palladium Sep 25,1116.0,-31,30,3,-26,-24,6,46,4,-26,30,6
BZ=F,Brent Crude Oil Last Day Financ,67.2,0,14,-2,-5,7,5,30,-16,-23,-4,3
ZT=F,"2-Year T-Note Futures,Sep-2025",103.91,-7,0,20,-35,-22,-1,11,-1,5,14,-8
ZF=F,Five-Year US Treasury Note Futu,108.8,-7,0,4,-35,-38,-1,11,14,3,27,-11
RB=F,RBOB Gasoline Aug 25,2.08,-5,-1,-2,-8,-16,8,11,4,-23,0,-16
HO=F,Heating Oil Aug 25,2.34,1,12,0,-9,4,-6,16,-15,-24,-29,-25
ZS=F,"Soybean Futures,Nov-2025",1027.5,4,0,0,-16,-12,-14,11,11,-22,-14,-26
NG=F,Natural Gas Aug 25,3.42,-28,0,37,-18,-9,-35,18,-8,1,-24,-33
ZN=F,"10-Year T-Note Futures,Sep-2025",111.92,0,4,2,-35,-29,-1,15,14,-38,-10,-39
ZB=F,"U.S. Treasury Bond Futures,Sep-",115.5,29,0,-13,-35,-19,-1,15,-4,-40,-30,-49
OJ=F,Orange Juice Sep 25,219.85,-70,-11,-21,34,-68,-15,-8,-22,46,1,-67
ZR=F,"Rough Rice Futures,Sep-2025",12.95,-36,-1,-1,-10,-48,-10,-2,-29,-1,-42,-90
CT=F,Cotton Oct 25,67.52,0,0,-64,-9,-73,-10,-30,5,-25,-60,-133
KC=F,Coffee Sep 25,289.3,-140,-24,0,44,-120,-7,-29,-3,10,-29,-149
SB=F,Sugar #11 Oct 25,15.7,-20,-61,-19,0,-100,-12,-24,-25,-9,-70,-170
ZC=F,"Corn Futures,Dec-2025",421.75,-19,-40,0,-19,-78,-29,-40,-6,-23,-98,-176
ZM=F,S&P Composite 1500 ESG Tilted I,287.5,-13,-11,-84,-16,-124,-13,-11,-48,-16,-88,-212
KE=F,"KC HRW Wheat Futures,Sep-2025",532.5,-114,0,-2,-11,-127,-128,24,-11,-20,-135,-262
