Symbol,Name,Close,1H Cloud Score,1D Cloud Score,1W Cloud Score,1M Cloud Score,Cloud Score Sum,1H TKx Score,1D TKx Score,1W TKx Score,1M TKx Score,TKx Score Sum,Total Score Sum
ES=F,E-Mini S&P 500 Dec 25,6765.25,33,101,23,144,301,29,112,17,23,181,482
GF=F,WisdomTree International High D,352.75,0,221,56,35,312,-1,6,46,49,100,412
NQ=F,Nasdaq 100 Dec 25,25107.25,30,101,24,156,311,29,14,17,21,81,392
YM=F,Mini Dow Jones Indus.-$5 Dec 25,46799.0,30,100,15,144,289,28,34,15,23,100,389
MGC=F,"Micro Gold Futures,Dec-2025",3880.6,0,29,99,74,202,9,25,96,24,154,356
GC=F,Gold Dec 25,3880.7,0,29,99,65,193,9,25,96,22,152,345
RTY=F,E-mini Russell 2000 Index Futur,2474.2,27,100,8,9,144,29,35,15,14,93,237
SIL=F,"Micro Silver Futures,Dec-2025",46.89,-7,100,26,17,136,9,35,17,22,83,219
NG=F,Natural Gas Nov 25,3.4,109,2,0,-21,90,79,19,-21,4,81,171
LE=F,"Live Cattle Futures,Dec-2025",233.5,-7,0,55,42,90,-1,-17,47,49,78,168
SI=F,Silver Dec 25,46.89,-7,31,26,17,67,9,29,17,22,77,144
KC=F,Coffee Dec 25,379.7,3,32,7,47,89,9,-4,1,13,19,108
HG=F,Copper Dec 25,4.95,29,0,2,17,48,23,20,-1,16,58,106
ZT=F,"2-Year T-Note Futures,Dec-2025",104.31,68,44,33,-38,107,-6,-6,1,8,-3,104
PL=F,Platinum Jan 26,1599.3,0,17,22,5,44,14,23,17,5,59,103
ZF=F,Five-Year US Treasury Note Futu,109.45,37,44,17,-38,60,-6,-3,3,6,0,60
ZN=F,"10-Year T-Note Futures,Dec-2025",112.94,33,47,10,-38,52,28,-3,5,-41,-11,41
ZL=F,"Soybean Oil Futures,Dec-2025",50.33,23,-12,25,-20,16,24,-37,30,-26,-9,7
ZB=F,"U.S. Treasury Bond Futures,Dec-",117.31,32,32,0,-38,26,-6,20,1,-43,-28,-2
HE=F,"Lean Hogs Futures,Dec-2025",86.78,-1,-2,0,0,-3,-15,9,-5,8,-3,-6
ZS=F,"Soybean Futures,Jan-2026",1022.25,18,1,0,-19,0,21,-3,-7,-25,-14,-14
PA=F,Palladium Dec 25,1270.5,-8,8,16,-29,-13,-6,17,17,-29,-1,-14
ZC=F,"Corn Futures,Dec-2025",421.25,3,14,-13,-22,-18,14,24,-19,-26,-7,-25
SB=F,Sugar #11 Mar 26,16.42,47,0,-32,0,15,5,-26,-38,-12,-71,-56
OJ=F,Orange Juice Jan 26,231.8,-12,-34,-34,37,-43,-21,-3,-1,-1,-26,-69
KE=F,"KC HRW Wheat Futures,Dec-2025",498.5,0,-12,-15,-14,-41,13,-2,-24,-23,-36,-77
CC=F,Cocoa Dec 25,6483.0,-33,-69,-12,32,-82,-29,-29,-12,49,-21,-103
ZM=F,S&P Composite 1500 ESG Tilted I,278.9,5,-8,-97,-19,-119,14,-17,1,-19,-21,-140
HO=F,Heating Oil Nov 25,2.25,-78,-2,-1,-12,-93,-41,20,-2,-27,-50,-143
CT=F,Cotton Dec 25,65.11,-8,-11,-77,-12,-108,14,-26,-13,-28,-53,-161
ZO=F,"Oat Futures,Dec-2025",299.75,-47,-46,-10,-17,-120,-52,6,-5,-28,-79,-199
RB=F,RBOB Gasoline Nov 25,1.85,-81,-24,-5,-11,-121,-40,-15,-5,-26,-86,-207
CL=F,Crude Oil Nov 25,60.69,-77,-4,-15,0,-96,-89,5,-6,-26,-116,-212
BZ=F,Brent Crude Oil Last Day Financ,64.27,-81,-3,-15,-8,-107,-88,7,-6,-26,-113,-220
ZR=F,"Rough Rice Futures,Jan-2026",11.0,-66,-37,-1,-13,-117,-78,-28,-42,-1,-149,-266
