Symbol,Name,Close,1H Cloud Score,1D Cloud Score,1W Cloud Score,1M Cloud Score,Cloud Score Sum,1H TKx Score,1D TKx Score,1W TKx Score,1M TKx Score,TKx Score Sum,Total Score Sum
GF=F,WisdomTree International High D,320.6,27,161,44,32,264,18,55,34,46,153,417
MGC=F,"Micro Gold Futures,Dec-2025",3378.0,2,126,87,71,286,4,-8,84,21,101,387
NQ=F,Nasdaq 100 Sep 25,23043.5,8,41,12,153,214,8,54,5,18,85,299
ES=F,E-Mini S&P 500 Sep 25,6306.25,5,41,11,141,198,9,52,5,20,86,284
YM=F,Mini Dow Jones Indus.-$5 Sep 25,44729.0,0,40,3,141,184,9,47,3,20,79,263
GC=F,Gold Aug 25,3322.5,0,8,87,62,157,4,-8,84,19,99,256
LE=F,"Live Cattle Futures,Aug-2025",220.12,20,4,43,39,106,18,-6,35,46,93,199
RTY=F,E-mini Russell 2000 Index Futur,2268.8,15,40,0,6,61,10,47,3,11,71,132
HG=F,Copper Sep 25,5.54,28,27,14,14,83,-2,32,5,13,48,131
SI=F,Silver Sep 25,36.6,-10,40,14,14,58,-7,34,5,19,51,109
SIL=F,"Micro Silver Futures,Sep-2025",36.62,-10,40,14,14,58,-8,29,5,19,45,103
PL=F,Platinum Oct 25,1383.5,1,40,10,2,53,-11,53,5,2,49,102
HE=F,"Lean Hogs Futures,Aug-2025",107.53,-28,58,19,3,52,-46,58,23,5,40,92
PA=F,Palladium Sep 25,1145.0,6,35,4,-26,19,4,51,5,-26,34,53
CL=F,Crude Oil Aug 25,68.29,59,23,-3,0,79,-4,-4,1,-23,-30,49
CC=F,Cocoa Sep 25,8384.0,0,-9,-1,29,19,3,-26,-1,46,22,41
BZ=F,Brent Crude Oil Last Day Financ,70.13,59,20,-3,-5,71,-4,-4,1,-23,-30,41
RB=F,RBOB Gasoline Aug 25,2.19,64,6,0,-8,62,-4,-4,5,-23,-26,36
OJ=F,Orange Juice Sep 25,246.65,11,-17,-22,34,6,15,-14,-23,46,24,30
ZT=F,"2-Year T-Note Futures,Sep-2025",103.75,7,0,21,-35,-7,17,17,-2,5,37,30
ZF=F,Five-Year US Treasury Note Futu,108.47,4,0,5,-35,-26,14,17,15,3,49,23
ZL=F,"Soybean Oil Futures,Dec-2025",53.27,-18,17,13,-17,-5,-16,16,18,-23,-5,-10
ZN=F,"10-Year T-Note Futures,Sep-2025",111.34,5,0,3,-35,-27,14,21,15,-38,12,-15
ZO=F,"Oat Futures,Dec-2025",368.25,-14,9,7,-14,-12,-16,24,10,-25,-7,-19
HO=F,Heating Oil Aug 25,2.41,0,18,0,-9,9,-4,-4,1,-24,-31,-22
ZB=F,"U.S. Treasury Bond Futures,Sep-",114.19,5,0,-14,-35,-44,18,21,-5,-40,-6,-50
ZR=F,"Rough Rice Futures,Sep-2025",13.12,-1,-6,-1,-10,-18,2,-7,-30,-1,-36,-54
NG=F,Natural Gas Aug 25,3.21,-27,-2,0,-18,-47,-28,-5,-9,1,-41,-88
ZS=F,"Soybean Futures,Nov-2025",1007.25,-44,-1,-1,-16,-62,-14,-4,12,-22,-28,-90
SB=F,Sugar #11 Oct 25,16.54,15,-67,-20,0,-72,5,-30,-26,-9,-60,-132
KE=F,"KC HRW Wheat Futures,Sep-2025",523.75,-57,-10,-3,-11,-81,-29,-4,-12,-20,-65,-146
CT=F,Cotton Oct 25,66.37,-22,-8,-65,-9,-104,-41,1,-1,-25,-66,-170
KC=F,Coffee Sep 25,284.8,-184,-30,0,44,-170,5,-35,-4,10,-24,-194
ZC=F,"Corn Futures,Dec-2025",416.0,-41,-45,-1,-19,-106,-49,-45,-7,-23,-124,-230
ZM=F,S&P Composite 1500 ESG Tilted I,282.9,-42,-16,-85,-16,-159,-6,-16,-49,-16,-87,-246
