Symbol,Name,Close,1H Cloud Score,1D Cloud Score,1W Cloud Score,1M Cloud Score,Cloud Score Sum,1H TKx Score,1D TKx Score,1W TKx Score,1M TKx Score,TKx Score Sum,Total Score Sum
MGC=F,"Micro Gold Futures,Dec-2025",3399.8,56,122,86,71,335,-1,-4,83,21,99,434
YM=F,Mini Dow Jones Indus.-$5 Sep 25,45123.0,118,36,2,141,297,4,43,2,20,69,366
GF=F,WisdomTree International High D,308.6,9,158,43,32,242,-8,52,33,46,123,365
ES=F,E-Mini S&P 500 Sep 25,6323.0,17,37,10,141,205,32,48,4,20,104,309
NQ=F,Nasdaq 100 Sep 25,23057.5,15,37,11,153,216,10,50,4,18,82,298
GC=F,Gold Aug 25,3344.1,0,4,86,62,152,-1,-4,83,19,97,249
RTY=F,E-mini Russell 2000 Index Futur,2264.0,39,36,0,6,81,32,43,2,11,88,169
LE=F,"Live Cattle Futures,Aug-2025",213.45,6,1,42,39,88,-8,-3,34,46,69,157
SI=F,Silver Sep 25,37.06,18,36,13,14,81,15,30,4,19,68,149
SIL=F,"Micro Silver Futures,Sep-2025",37.06,18,36,13,14,81,15,25,4,19,63,144
HG=F,Copper Sep 25,5.14,29,23,13,14,79,17,28,4,13,62,141
ZO=F,"Oat Futures,Dec-2025",379.25,58,6,6,-14,56,68,21,9,-25,73,129
PL=F,Platinum Oct 25,1380.8,22,36,9,2,69,-3,49,4,2,52,121
HE=F,"Lean Hogs Futures,Aug-2025",105.93,-19,55,18,3,57,-28,55,22,5,54,111
BZ=F,Brent Crude Oil Last Day Financ,68.64,39,16,-2,-5,48,44,32,-16,-23,37,85
CL=F,Crude Oil Aug 25,66.83,30,19,-2,0,47,44,33,-16,-23,38,85
ZL=F,"Soybean Oil Futures,Dec-2025",54.84,37,14,12,-17,46,32,13,17,-23,39,85
PA=F,Palladium Sep 25,1148.0,18,32,3,-26,27,19,48,4,-26,45,72
NG=F,Natural Gas Aug 25,3.45,0,0,37,-18,19,31,-1,-8,1,23,42
RB=F,RBOB Gasoline Aug 25,2.12,16,2,0,-8,10,37,14,4,-23,32,42
HO=F,Heating Oil Aug 25,2.39,21,14,0,-9,26,31,18,-15,-24,10,36
ZS=F,"Soybean Futures,Nov-2025",1052.25,20,1,0,-16,5,23,-1,11,-22,11,16
CC=F,Cocoa Sep 25,8063.0,-21,-5,-1,29,2,-30,-22,-1,46,-7,-5
KE=F,"KC HRW Wheat Futures,Sep-2025",541.0,14,-7,-2,-11,-6,27,-1,-11,-20,-5,-11
ZT=F,"2-Year T-Note Futures,Sep-2025",103.69,-40,0,20,-35,-55,-34,13,-1,5,-17,-72
ZF=F,Five-Year US Treasury Note Futu,108.35,-40,0,4,-35,-71,-34,13,14,3,-4,-75
OJ=F,Orange Juice Sep 25,221.0,-80,-13,-21,34,-80,-25,-10,-22,46,-11,-91
ZC=F,"Corn Futures,Dec-2025",437.75,12,-42,1,-19,-48,14,-42,-6,-23,-57,-105
ZN=F,"10-Year T-Note Futures,Sep-2025",111.23,-32,0,2,-35,-65,-34,17,14,-38,-41,-106
ZB=F,"U.S. Treasury Bond Futures,Sep-",114.28,-5,0,-13,-35,-53,-34,17,-4,-40,-61,-114
KC=F,Coffee Sep 25,288.75,-154,-26,67,44,-69,-21,-31,-3,10,-45,-114
ZR=F,"Rough Rice Futures,Sep-2025",12.97,-49,-3,-1,-10,-63,-23,-4,-29,-1,-57,-120
CT=F,Cotton Oct 25,66.64,-4,-4,-64,-9,-81,-23,-32,5,-25,-75,-156
ZM=F,S&P Composite 1500 ESG Tilted I,291.5,11,-13,-84,-16,-102,11,-13,-48,-16,-66,-168
SB=F,Sugar #11 Oct 25,16.38,-34,-63,-19,0,-116,-26,-26,-25,-9,-86,-202
