Symbol,Name,Close,1H Cloud Score,1D Cloud Score,1W Cloud Score,1M Cloud Score,Cloud Score Sum,1H TKx Score,1D TKx Score,1W TKx Score,1M TKx Score,TKx Score Sum,Total Score Sum
GF=F,WisdomTree International High D,357.6,-12,236,59,35,318,-30,21,49,49,89,407
MGC=F,"Micro Gold Futures,Dec-2025",4143.0,0,44,102,74,220,18,40,99,24,181,401
GC=F,Gold Dec 25,4143.2,0,44,102,65,211,18,40,99,22,179,390
NQ=F,Nasdaq 100 Dec 25,25278.0,4,116,27,156,303,8,29,20,21,78,381
ES=F,E-Mini S&P 500 Dec 25,6777.75,4,116,26,144,290,8,1,20,23,52,342
YM=F,Mini Dow Jones Indus.-$5 Dec 25,46884.0,-1,115,18,144,276,3,1,18,23,45,321
SIL=F,"Micro Silver Futures,Dec-2025",48.63,0,115,29,17,161,25,50,20,22,117,278
RTY=F,E-mini Russell 2000 Index Futur,2493.9,4,115,11,9,139,12,50,18,14,94,233
KC=F,Coffee Dec 25,410.15,40,47,10,47,144,39,7,4,13,63,207
SI=F,Silver Dec 25,48.65,0,46,29,17,92,25,44,20,22,111,203
LE=F,"Live Cattle Futures,Dec-2025",241.15,-5,9,58,42,104,-25,10,50,49,84,188
PL=F,Platinum Jan 26,1595.0,19,32,25,5,81,29,38,20,5,92,173
HG=F,Copper Dec 25,5.09,19,0,5,17,41,35,35,-4,16,82,123
ZM=F,S&P Composite 1500 ESG Tilted I,292.0,96,2,-100,-19,-21,120,4,4,-19,109,88
PA=F,Palladium Dec 25,1485.5,19,23,19,-29,32,-2,32,20,1,51,83
HO=F,Heating Oil Nov 25,2.36,59,0,1,-12,48,58,-11,-5,-27,15,63
ZT=F,"2-Year T-Note Futures,Dec-2025",104.37,-15,59,36,-38,42,-12,12,4,8,12,54
ZF=F,Five-Year US Treasury Note Futu,109.68,-14,59,20,-38,27,-15,8,6,6,5,32
BZ=F,Brent Crude Oil Last Day Financ,65.93,49,-18,-18,-8,5,66,-11,-9,-26,20,25
CL=F,Crude Oil Dec 25,61.75,38,-19,-18,0,1,54,-11,-9,-26,8,9
ZS=F,"Soybean Futures,Jan-2026",1061.25,4,5,0,-19,-10,20,1,2,-25,-2,-12
ZC=F,"Corn Futures,Dec-2025",427.75,20,29,-16,-22,11,22,-4,-22,-26,-30,-19
ZN=F,"10-Year T-Note Futures,Dec-2025",113.42,-14,62,13,-38,23,-15,6,8,-41,-42,-19
RB=F,RBOB Gasoline Nov 25,1.87,34,-39,-8,-11,-24,68,-30,-8,-26,4,-20
HE=F,"Lean Hogs Futures,Dec-2025",84.43,0,-7,-2,0,-9,-5,-9,-8,8,-14,-23
CC=F,Cocoa Dec 25,6389.0,20,-84,-15,32,-47,24,-44,-15,49,14,-33
ZL=F,"Soybean Oil Futures,Dec-2025",50.86,0,-27,28,-20,-19,8,1,-1,-26,-18,-37
NG=F,Natural Gas Nov 25,3.29,-4,4,-3,-21,-24,-28,34,-24,4,-14,-38
ZB=F,"U.S. Treasury Bond Futures,Dec-",118.66,-8,47,0,-38,1,-24,8,4,-43,-55,-54
ZO=F,"Oat Futures,Dec-2025",307.75,53,-61,-13,-17,-38,14,-15,-8,-28,-37,-75
KE=F,"KC HRW Wheat Futures,Dec-2025",500.5,11,-27,-18,-14,-48,24,-17,-27,-23,-43,-91
OJ=F,Orange Juice Jan 26,200.15,0,-49,-37,0,-86,-9,-18,-4,-1,-32,-118
SB=F,Sugar #11 Mar 26,15.24,-28,-7,-35,0,-70,-25,-3,-41,-12,-81,-151
CT=F,Cotton Dec 25,64.02,-22,-26,-80,-12,-140,-25,-41,-16,-28,-110,-250
ZR=F,"Rough Rice Futures,Jan-2026",10.51,-91,-52,-1,-13,-157,-94,-43,-45,-1,-183,-340
