Symbol,Name,Close,1H Cloud Score,1D Cloud Score,1W Cloud Score,1M Cloud Score,Cloud Score Sum,1H TKx Score,1D TKx Score,1W TKx Score,1M TKx Score,TKx Score Sum,Total Score Sum
ES=F,E-Mini S&P 500 Sep 25,6489.75,48,82,19,143,292,63,93,13,22,191,483
GF=F,WisdomTree International High D,357.9,-5,202,52,34,283,-28,96,42,48,158,441
NQ=F,Nasdaq 100 Sep 25,23684.0,48,82,20,155,305,64,1,13,20,98,403
YM=F,Mini Dow Jones Indus.-$5 Sep 25,45459.0,31,81,11,143,266,40,15,11,22,88,354
MGC=F,"Micro Gold Futures,Dec-2025",3653.3,12,10,95,73,190,23,6,92,23,144,334
GC=F,Gold Dec 25,3653.3,12,10,95,64,181,23,6,92,21,142,323
LE=F,"Live Cattle Futures,Oct-2025",235.98,-5,45,51,41,132,-11,35,43,48,115,247
RTY=F,E-mini Russell 2000 Index Futur,2393.5,35,81,4,8,128,39,16,11,13,79,207
SIL=F,"Micro Silver Futures,Dec-2025",41.55,0,81,22,16,119,17,16,13,21,67,186
ZT=F,"2-Year T-Note Futures,Dec-2025",104.48,53,25,29,-37,70,54,16,1,7,78,148
ZF=F,Five-Year US Treasury Note Futu,109.93,53,25,13,-37,54,54,25,1,5,85,139
SI=F,Silver Dec 25,41.55,0,12,22,16,50,17,10,13,21,61,111
ZN=F,"10-Year T-Note Futures,Dec-2025",113.39,53,28,6,-37,50,54,25,1,-40,40,90
HE=F,"Lean Hogs Futures,Oct-2025",96.03,60,-15,27,5,77,4,-9,-1,7,1,78
KC=F,Coffee Dec 25,373.15,-13,13,3,46,49,-5,16,-12,12,11,60
HG=F,Copper Dec 25,4.55,-8,-26,2,16,-16,17,1,13,15,46,30
PL=F,Platinum Oct 25,1386.7,-31,1,18,4,-8,8,4,13,4,29,21
ZB=F,"U.S. Treasury Bond Futures,Sep-",116.44,53,13,-22,-37,7,51,1,-13,-42,-3,4
OJ=F,Orange Juice Nov 25,232.2,-25,-15,-30,36,-34,-33,1,3,48,19,-15
ZL=F,"Soybean Oil Futures,Dec-2025",51.23,-46,-3,21,-19,-47,16,-18,26,-25,-1,-48
ZC=F,"Corn Futures,Dec-2025",418.0,0,0,-9,-21,-30,14,5,-15,-25,-21,-51
CC=F,Cocoa Dec 25,7463.0,-40,-50,-8,31,-67,-14,-10,-8,48,16,-51
HO=F,Heating Oil Oct 25,2.29,-11,-3,-6,-11,-31,-9,1,9,-26,-25,-56
ZS=F,"Soybean Futures,Nov-2025",1027.0,-66,1,0,-18,-83,15,11,-3,-24,-1,-84
RB=F,RBOB Gasoline Oct 25,1.96,-28,-5,-1,-10,-44,-19,5,-1,-25,-40,-84
NG=F,Natural Gas Oct 25,3.05,0,-34,0,-20,-54,21,-46,-17,3,-39,-93
ZR=F,"Rough Rice Futures,Nov-2025",11.89,-12,-18,-1,-12,-43,-12,-9,-38,-1,-60,-103
SB=F,Sugar #11 Oct 25,16.2,-14,0,-28,0,-42,-17,-7,-34,-11,-69,-111
PA=F,Palladium Sep 25,1128.9,-17,-2,12,-28,-35,-41,-22,13,-28,-78,-113
CT=F,Cotton Dec 25,66.09,0,0,-73,-11,-84,4,-7,-9,-27,-39,-123
CL=F,Crude Oil Oct 25,61.87,-51,-24,-11,0,-86,-11,-18,-2,-25,-56,-142
BZ=F,Brent Crude Oil Last Day Financ,65.5,-51,-25,-11,-7,-94,-9,-18,-2,-25,-54,-148
ZM=F,S&P Composite 1500 ESG Tilted I,284.0,0,1,-93,-18,-110,15,18,-57,-18,-42,-152
KE=F,"KC HRW Wheat Futures,Dec-2025",505.25,-49,-32,-11,-13,-105,12,-23,-20,-22,-53,-158
ZO=F,"Oat Futures,Dec-2025",324.0,-43,-27,-6,-16,-92,-47,-36,-1,-27,-111,-203
