Symbol,Name,Close,1H Cloud Score,1D Cloud Score,1W Cloud Score,1M Cloud Score,Cloud Score Sum,1H TKx Score,1D TKx Score,1W TKx Score,1M TKx Score,TKx Score Sum,Total Score Sum
NQ=F,Nasdaq 100 Dec 25,26221.0,96,120,28,156,400,100,33,21,21,175,575
ES=F,E-Mini S&P 500 Dec 25,6918.0,96,120,27,144,387,100,5,21,23,149,536
MGC=F,"Micro Gold Futures,Dec-2025",3941.6,-1,48,103,74,224,16,44,100,24,184,408
GC=F,Gold Dec 25,3941.7,-1,48,103,65,215,16,44,100,22,182,397
ZM=F,S&P Composite 1500 ESG Tilted I,308.7,168,6,0,-19,155,192,8,5,-19,186,341
YM=F,Mini Dow Jones Indus.-$5 Dec 25,47772.0,0,119,19,144,282,-16,5,19,23,31,313
SIL=F,"Micro Silver Futures,Dec-2025",47.26,16,119,30,17,182,26,54,21,22,123,305
SI=F,Silver Dec 25,47.28,16,50,30,17,113,26,48,21,22,117,230
RTY=F,E-mini Russell 2000 Index Futur,2498.5,-3,119,12,9,137,-18,54,19,14,69,206
LE=F,"Live Cattle Futures,Dec-2025",231.07,-25,-3,59,42,73,-49,14,51,49,65,138
PL=F,Platinum Jan 26,1583.4,15,36,26,5,82,26,-1,21,5,51,133
HG=F,Copper Dec 25,5.2,16,3,6,17,42,28,39,-5,16,78,120
GF=F,WisdomTree International High D,334.67,-33,-1,60,35,61,-54,-1,50,49,44,105
PA=F,Palladium Dec 25,1420.5,0,27,20,-29,18,26,36,21,1,84,102
KC=F,Coffee Dec 25,392.0,-31,51,11,47,78,-33,11,5,13,-4,74
ZS=F,"Soybean Futures,Jan-2026",1093.25,90,9,0,-19,80,-13,5,3,-25,-30,50
ZC=F,"Corn Futures,Dec-2025",434.5,53,33,0,-22,64,6,3,-23,-26,-40,24
KE=F,"KC HRW Wheat Futures,Dec-2025",523.5,83,3,-19,-14,53,12,3,-28,-23,-36,17
ZF=F,Five-Year US Treasury Note Futu,109.24,-13,0,21,-38,-30,-5,12,7,6,20,-10
ZT=F,"2-Year T-Note Futures,Dec-2025",104.15,-101,63,37,-38,-39,-12,16,5,8,17,-22
ZB=F,"U.S. Treasury Bond Futures,Dec-",117.91,-3,51,0,-38,10,-10,12,5,-43,-36,-26
NG=F,Natural Gas Nov 25,3.34,0,8,-4,-21,-17,-34,38,-25,4,-17,-34
HO=F,Heating Oil Nov 25,2.42,4,1,2,-12,-5,4,-15,-6,-27,-44,-49
ZN=F,"10-Year T-Note Futures,Dec-2025",112.77,-8,0,14,-38,-32,-5,10,9,-41,-27,-59
RB=F,RBOB Gasoline Nov 25,1.97,24,-43,-9,-11,-39,24,-34,-9,-26,-45,-84
CL=F,Crude Oil Dec 25,60.36,-5,-23,-19,0,-47,4,-15,-10,-26,-47,-94
CT=F,Cotton Dec 25,65.95,23,1,-81,-12,-69,17,3,-17,-28,-25,-94
ZL=F,"Soybean Oil Futures,Dec-2025",50.11,-28,-31,29,-20,-50,-28,5,-2,-26,-51,-101
BZ=F,Brent Crude Oil Last Day Financ,64.22,-38,-22,-19,-8,-87,4,-15,-10,-26,-47,-134
OJ=F,Orange Juice Jan 26,181.35,-10,-53,-38,0,-101,-15,-22,-5,-1,-43,-144
ZR=F,"Rough Rice Futures,Jan-2026",10.4,-6,-56,-1,-13,-76,12,-47,-46,-1,-82,-158
HE=F,"Lean Hogs Futures,Dec-2025",80.75,-104,-11,-3,0,-118,-29,-13,-9,8,-43,-161
ZO=F,"Oat Futures,Dec-2025",290.25,-33,-65,-14,-17,-129,9,-19,-9,-28,-47,-176
CC=F,Cocoa Dec 25,6050.0,-14,-88,-16,32,-86,-26,-48,-16,-1,-91,-177
SB=F,Sugar #11 Mar 26,14.43,-65,-11,-36,0,-112,-31,-7,-42,-12,-92,-204
