Symbol,Name,Close,1H Cloud Score,1D Cloud Score,1W Cloud Score,1M Cloud Score,Cloud Score Sum,1H TKx Score,1D TKx Score,1W TKx Score,1M TKx Score,TKx Score Sum,Total Score Sum
GF=F,WisdomTree International High D,312.95,40,142,40,32,254,55,36,30,46,167,421
MGC=F,"Micro Gold Futures,Aug-2025",3345.8,0,106,83,71,260,13,8,80,21,122,382
GC=F,Gold Aug 25,3345.7,1,105,83,62,251,13,8,80,19,120,371
NQ=F,Nasdaq 100 Jun 25,21964.25,48,21,8,153,230,6,34,1,18,59,289
ES=F,E-Mini S&P 500 Jun 25,6043.75,58,21,7,141,227,8,32,1,20,61,288
LE=F,"Live Cattle Futures,Aug-2025",227.18,23,43,39,39,144,23,34,31,46,134,278
SI=F,Silver Jul 25,36.67,156,20,10,14,200,-8,14,1,19,26,226
SIL=F,"Micro Silver Futures,Jul-2025",36.66,156,20,10,14,200,-8,9,1,19,21,221
YM=F,Mini Dow Jones Indus.-$5 Jun 25,42896.0,14,20,2,141,177,8,27,-11,20,44,221
HE=F,"Lean Hogs Futures,Jul-2025",103.18,57,39,15,3,114,16,39,19,5,79,193
PL=F,Platinum Jul 25,1219.5,124,20,6,2,152,-2,33,1,2,34,186
RTY=F,E-mini Russell 2000 Index Futur,2165.0,70,20,-6,6,90,71,27,-17,11,92,182
KC=F,Coffee Sep 25,355.4,0,-10,64,44,98,-6,-15,79,10,68,166
CC=F,Cocoa Sep 25,9573.0,-6,20,8,29,51,-15,-6,-11,46,14,65
OJ=F,Orange Juice Sep 25,276.9,-2,0,-18,34,14,11,11,-19,46,49,63
HG=F,Copper Jul 25,4.89,-2,7,10,14,29,6,12,1,13,32,61
PA=F,Palladium Sep 25,1074.5,55,16,2,-26,47,-2,32,1,-26,5,52
BZ=F,Brent Crude Oil Last Day Financ,66.57,62,0,-47,-5,10,54,16,-13,-23,34,44
ZR=F,"Rough Rice Futures,Sep-2025",13.73,36,-1,-1,-10,24,29,11,-26,-1,13,37
ZS=F,"Soybean Futures,Nov-2025",1058.25,2,42,0,-16,28,12,-3,8,-22,-5,23
RB=F,RBOB Gasoline Jul 25,2.08,0,-1,-4,-8,-13,57,-3,-2,-23,29,16
ZL=F,"Soybean Oil Futures,Dec-2025",47.83,9,1,9,-17,2,14,-9,14,-23,-4,-2
HO=F,Heating Oil Jul 25,2.13,0,0,-21,-9,-30,57,2,-12,-24,23,-7
CL=F,Crude Oil Jul 25,64.7,0,3,-47,0,-44,54,17,-13,-23,35,-9
ZO=F,"Oat Futures,Dec-2025",370.75,-6,16,3,-14,-1,-9,5,6,-25,-23,-24
ZT=F,"2-Year T-Note Futures,Sep-2025",103.49,0,-19,17,-35,-37,-1,-35,11,5,-20,-57
NG=F,Natural Gas Jul 25,3.52,-34,0,34,-18,-18,-39,4,-5,1,-39,-57
ZF=F,Five-Year US Treasury Note Futu,107.69,0,-4,0,-35,-39,-1,-36,11,3,-23,-62
ZN=F,"10-Year T-Note Futures,Sep-2025",110.2,0,-21,-6,-35,-62,-1,1,11,-38,-27,-89
SB=F,Sugar #11 Oct 25,16.83,0,-47,-16,0,-63,13,-10,-22,-9,-28,-91
KE=F,"KC HRW Wheat Futures,Jul-2025",528.0,-23,-2,-16,-11,-52,-23,10,-8,-20,-41,-93
ZB=F,"U.S. Treasury Bond Futures,Sep-",112.66,0,-23,-10,-35,-68,-4,1,-1,-40,-44,-112
ZC=F,"Corn Futures,Dec-2025",440.5,-27,-26,22,-19,-50,-24,-26,-3,-23,-76,-126
CT=F,Cotton Oct 25,65.6,-40,0,-61,-9,-110,-5,-16,2,-25,-44,-154
ZM=F,S&P Composite 1500 ESG Tilted I,295.8,-2,5,-81,-16,-94,-23,10,-45,-16,-74,-168
