Symbol,Name,Close,1H Cloud Score,1D Cloud Score,1W Cloud Score,1M Cloud Score,Cloud Score Sum,1H TKx Score,1D TKx Score,1W TKx Score,1M TKx Score,TKx Score Sum,Total Score Sum
ES=F,E-Mini S&P 500 Dec 25,6790.25,7,103,24,144,278,14,114,18,23,169,447
GF=F,WisdomTree International High D,362.55,9,223,57,35,324,1,8,47,49,105,429
MGC=F,"Micro Gold Futures,Dec-2025",3984.1,32,31,100,74,237,31,27,97,24,179,416
GC=F,Gold Dec 25,3984.4,32,31,100,65,228,31,27,97,22,177,405
NQ=F,Nasdaq 100 Dec 25,25193.25,13,103,25,156,297,15,16,18,21,70,367
YM=F,Mini Dow Jones Indus.-$5 Dec 25,46965.0,0,102,16,144,262,-8,36,16,23,67,329
SIL=F,"Micro Silver Futures,Dec-2025",48.4,34,102,27,17,180,39,37,18,22,116,296
RTY=F,E-mini Russell 2000 Index Futur,2503.1,73,102,9,9,193,14,37,16,14,81,274
SI=F,Silver Dec 25,48.4,34,33,27,17,111,39,31,18,22,110,221
LE=F,"Live Cattle Futures,Dec-2025",239.48,3,1,56,42,102,4,-19,48,49,82,184
PL=F,Platinum Jan 26,1642.9,31,19,23,5,78,37,25,18,5,85,163
KC=F,Coffee Dec 25,381.45,23,34,8,47,112,29,-6,2,13,38,150
HG=F,Copper Dec 25,5.04,75,0,3,17,95,-8,22,-2,16,28,123
PA=F,Palladium Dec 25,1351.0,28,10,17,-29,26,35,19,18,-29,43,69
HE=F,"Lean Hogs Futures,Dec-2025",89.53,-2,-1,32,0,29,-27,11,-6,8,-14,15
SB=F,Sugar #11 Mar 26,16.78,68,2,-33,0,37,26,1,-39,-12,-24,13
ZT=F,"2-Year T-Note Futures,Dec-2025",104.21,-17,46,34,-38,25,-15,-8,2,8,-13,12
ZF=F,Five-Year US Treasury Note Futu,109.18,-21,46,18,-38,5,-18,-5,4,6,-13,-8
NG=F,Natural Gas Nov 25,3.4,-11,1,0,-21,-31,14,21,-22,4,17,-14
CL=F,Crude Oil Nov 25,61.72,6,-6,-16,0,-16,27,7,-7,-26,1,-15
BZ=F,Brent Crude Oil Last Day Financ,65.51,6,-5,-16,-8,-23,27,9,-7,-26,3,-20
HO=F,Heating Oil Nov 25,2.25,0,-4,-2,-12,-18,-4,22,-3,-27,-12,-30
ZL=F,"Soybean Oil Futures,Dec-2025",50.32,0,-14,26,-20,-8,7,-39,31,-26,-27,-35
ZC=F,"Corn Futures,Dec-2025",421.75,3,16,-14,-22,-17,-12,26,-20,-26,-32,-49
ZN=F,"10-Year T-Note Futures,Dec-2025",112.44,-17,49,11,-38,5,-18,-5,6,-41,-58,-53
ZB=F,"U.S. Treasury Bond Futures,Dec-",116.38,-17,34,-4,-38,-25,-17,22,2,-43,-36,-61
RB=F,RBOB Gasoline Nov 25,1.9,8,-26,-6,-11,-35,23,-17,-6,-26,-26,-61
ZS=F,"Soybean Futures,Jan-2026",1035.5,1,1,0,-19,-17,-10,-5,-8,-25,-48,-65
OJ=F,Orange Juice Jan 26,225.1,-24,-36,-35,37,-58,-33,-5,-2,-1,-41,-99
KE=F,"KC HRW Wheat Futures,Dec-2025",495.25,-5,-14,-16,-14,-49,-13,-4,-25,-23,-65,-114
CC=F,Cocoa Dec 25,6304.0,-53,-71,-13,32,-105,-49,-31,-13,49,-44,-149
ZM=F,S&P Composite 1500 ESG Tilted I,277.1,0,-10,-98,-19,-127,-10,-19,2,-19,-46,-173
CT=F,Cotton Dec 25,65.19,-1,-13,-78,-12,-104,-5,-28,-14,-28,-75,-179
ZR=F,"Rough Rice Futures,Jan-2026",10.98,-81,-39,-1,-13,-134,-1,-30,-43,-1,-75,-209
ZO=F,"Oat Futures,Dec-2025",288.25,-74,-48,-11,-17,-150,-79,-2,-6,-28,-115,-265
