Symbol,Name,Close,1H Cloud Score,1D Cloud Score,1W Cloud Score,1M Cloud Score,Cloud Score Sum,1H TKx Score,1D TKx Score,1W TKx Score,1M TKx Score,TKx Score Sum,Total Score Sum
ES=F,E-Mini S&P 500 Dec 25,6708.5,26,98,23,143,290,37,109,17,22,185,475
MGC=F,"Micro Gold Futures,Dec-2025",3863.1,31,26,99,73,229,44,22,96,23,185,414
GC=F,Gold Dec 25,3862.9,31,26,99,64,220,44,22,96,21,183,403
NQ=F,Nasdaq 100 Dec 25,24811.25,26,98,24,155,303,40,11,17,20,88,391
GF=F,WisdomTree International High D,353.83,-4,218,56,34,304,-18,3,46,48,79,383
YM=F,Mini Dow Jones Indus.-$5 Dec 25,46587.0,23,97,15,143,278,-2,31,15,22,66,344
SIL=F,"Micro Silver Futures,Dec-2025",47.1,60,97,26,16,199,60,32,17,21,130,329
PL=F,Platinum Oct 25,1639.1,141,14,22,4,181,60,20,17,4,101,282
SI=F,Silver Dec 25,47.11,60,28,26,16,130,60,26,17,21,124,254
RTY=F,E-mini Russell 2000 Index Futur,2447.9,0,97,8,8,113,-2,32,15,13,58,171
LE=F,"Live Cattle Futures,Dec-2025",233.8,-3,1,55,41,94,-18,-14,47,48,63,157
KC=F,Coffee Dec 25,371.55,12,29,0,46,87,32,-1,1,12,44,131
ZF=F,Five-Year US Treasury Note Futu,109.18,0,41,17,-37,21,19,41,3,5,68,89
HG=F,Copper Dec 25,4.91,10,0,2,16,28,21,17,-1,15,52,80
HE=F,"Lean Hogs Futures,Oct-2025",91.82,-2,-1,31,0,28,35,6,-5,7,43,71
ZT=F,"2-Year T-Note Futures,Dec-2025",104.16,0,41,33,-37,37,22,-3,1,7,27,64
PA=F,Palladium Dec 25,1303.0,60,5,16,-28,53,-6,14,17,-28,-3,50
NG=F,Natural Gas Nov 25,3.28,47,0,0,-20,27,17,16,-21,3,15,42
ZN=F,"10-Year T-Note Futures,Dec-2025",112.53,1,44,10,-37,18,16,41,5,-40,22,40
OJ=F,Orange Juice Nov 25,240.5,-11,-31,-34,36,-40,-3,8,-1,48,52,12
ZB=F,"U.S. Treasury Bond Futures,Dec-",116.81,21,29,-3,-37,10,16,17,1,-42,-8,2
CC=F,Cocoa Dec 25,6951.0,-2,-66,-12,31,-49,4,-26,-12,48,14,-35
HO=F,Heating Oil Oct 25,2.34,-9,0,0,-11,-20,-20,17,-2,-26,-31,-51
ZS=F,"Soybean Futures,Nov-2025",1009.25,-19,0,-2,-18,-39,-14,27,-7,-24,-18,-57
CL=F,Crude Oil Nov 25,63.18,-8,-1,-15,0,-24,-20,2,-6,-25,-49,-73
ZL=F,"Soybean Oil Futures,Dec-2025",49.58,-10,-9,25,-19,-13,-31,-34,30,-25,-60,-73
BZ=F,Brent Crude Oil Last Day Financ,66.77,-12,-1,-15,-7,-35,-19,4,-6,-25,-46,-81
SB=F,Sugar #11 Oct 25,15.92,0,0,-32,0,-32,16,-23,-38,-11,-56,-88
RB=F,RBOB Gasoline Nov 25,1.99,-12,-21,-5,-10,-48,-8,-12,-5,-25,-50,-98
ZC=F,"Corn Futures,Dec-2025",421.5,-24,11,-13,-21,-47,-33,21,-19,-25,-56,-103
ZO=F,"Oat Futures,Dec-2025",308.75,-6,-43,-10,-16,-75,-11,3,-5,-27,-40,-115
KE=F,"KC HRW Wheat Futures,Dec-2025",507.25,-24,-9,-15,-13,-61,-26,9,-24,-22,-63,-124
ZM=F,S&P Composite 1500 ESG Tilted I,275.0,0,-5,-97,-18,-120,18,-14,1,-18,-13,-133
CT=F,Cotton Dec 25,65.4,-4,-8,-77,-11,-100,14,-23,-13,-27,-49,-149
ZR=F,"Rough Rice Futures,Nov-2025",11.36,-45,-34,-1,-12,-92,-57,-25,-42,-1,-125,-217
