Symbol,Name,Close,1H Cloud Score,1D Cloud Score,1W Cloud Score,1M Cloud Score,Cloud Score Sum,1H TKx Score,1D TKx Score,1W TKx Score,1M TKx Score,TKx Score Sum,Total Score Sum
GF=F,WisdomTree International High D,376.6,33,227,57,35,352,25,12,47,49,133,485
ES=F,E-Mini S&P 500 Dec 25,6552.0,-7,107,24,144,268,-7,118,18,23,152,420
MGC=F,"Micro Gold Futures,Dec-2025",4036.2,1,35,100,74,210,5,31,97,24,157,367
NQ=F,Nasdaq 100 Dec 25,24188.0,-6,107,25,156,282,18,20,18,21,77,359
GC=F,Gold Dec 25,4035.5,1,35,100,65,201,5,31,97,22,155,356
YM=F,Mini Dow Jones Indus.-$5 Dec 25,45475.0,-50,106,16,144,216,-7,40,16,23,72,288
LE=F,"Live Cattle Futures,Dec-2025",242.6,27,1,56,42,126,28,1,48,49,126,252
SIL=F,"Micro Silver Futures,Dec-2025",47.51,-6,106,27,17,144,5,41,18,22,86,230
RTY=F,E-mini Russell 2000 Index Futur,2384.2,-7,106,9,9,117,-7,41,16,14,64,181
SI=F,Silver Dec 25,47.51,-6,37,27,17,75,5,35,18,22,80,155
PL=F,Platinum Jan 26,1620.8,-20,23,23,5,31,2,29,18,5,54,85
KC=F,Coffee Dec 25,374.2,-6,38,8,47,87,-8,-10,2,13,-3,84
ZT=F,"2-Year T-Note Futures,Dec-2025",104.37,9,50,34,-38,55,15,3,2,8,28,83
ZF=F,Five-Year US Treasury Note Futu,109.65,10,50,18,-38,40,14,-9,4,6,15,55
HG=F,Copper Dec 25,4.84,-6,0,3,17,14,-22,26,-2,16,18,32
PA=F,Palladium Dec 25,1454.5,0,14,17,-29,2,5,23,18,-29,17,19
ZN=F,"10-Year T-Note Futures,Dec-2025",113.28,12,53,11,-38,38,15,-9,6,-41,-29,9
ZB=F,"U.S. Treasury Bond Futures,Dec-",118.31,15,38,0,-38,15,15,-2,2,-43,-28,-13
ZC=F,"Corn Futures,Dec-2025",413.5,-22,20,-14,-22,-38,-14,30,-20,-26,-30,-68
ZO=F,"Oat Futures,Dec-2025",296.5,17,-52,-11,-17,-63,28,-6,-6,-28,-12,-75
ZL=F,"Soybean Oil Futures,Dec-2025",49.97,-12,-18,26,-20,-24,-14,-43,31,-26,-52,-76
HE=F,"Lean Hogs Futures,Dec-2025",83.95,-26,-1,-1,0,-28,-51,-1,-6,8,-50,-78
HO=F,Heating Oil Nov 25,2.19,-11,-8,-2,-12,-33,-26,-2,-3,-27,-58,-91
ZS=F,"Soybean Futures,Jan-2026",1023.75,-8,4,0,-19,-23,-28,-9,-8,-25,-70,-93
NG=F,Natural Gas Nov 25,3.13,-53,0,-1,-21,-75,-47,25,-22,4,-40,-115
CL=F,Crude Oil Nov 25,58.24,-28,-10,-16,0,-54,-28,-2,-7,-26,-63,-117
BZ=F,Brent Crude Oil Last Day Financ,62.17,-28,-9,-16,-8,-61,-26,-2,-7,-26,-61,-122
SB=F,Sugar #11 Mar 26,16.1,-17,0,-33,0,-50,-30,5,-39,-12,-76,-126
KE=F,"KC HRW Wheat Futures,Dec-2025",483.75,-22,-18,-16,-14,-70,-21,-8,-25,-23,-77,-147
ZR=F,"Rough Rice Futures,Jan-2026",10.95,-7,-43,-1,-13,-64,-8,-34,-43,-1,-86,-150
RB=F,RBOB Gasoline Nov 25,1.81,-28,-30,-6,-11,-75,-26,-21,-6,-26,-79,-154
OJ=F,Orange Juice Jan 26,206.05,-48,-40,-35,0,-123,-57,-9,-2,-1,-69,-192
ZM=F,S&P Composite 1500 ESG Tilted I,275.6,-12,-14,-98,-19,-143,-21,-23,2,-19,-61,-204
CT=F,Cotton Dec 25,63.77,-19,-17,-78,-12,-126,-15,-32,-14,-28,-89,-215
CC=F,Cocoa Dec 25,5837.0,-93,-75,-13,32,-149,-89,-35,-13,49,-88,-237
