Symbol,Name,Close,1H Cloud Score,1D Cloud Score,1W Cloud Score,1M Cloud Score,Cloud Score Sum,1H TKx Score,1D TKx Score,1W TKx Score,1M TKx Score,TKx Score Sum,Total Score Sum
ES=F,E-Mini S&P 500 Dec 25,6763.0,56,102,23,144,325,20,113,17,23,173,498
YM=F,Mini Dow Jones Indus.-$5 Dec 25,47044.0,53,101,15,144,313,51,35,15,23,124,437
MGC=F,"Micro Gold Futures,Dec-2025",3911.7,9,30,99,74,212,8,26,96,24,154,366
GC=F,Gold Dec 25,3912.1,9,30,99,65,203,8,26,96,22,152,355
NQ=F,Nasdaq 100 Dec 25,24982.0,0,102,24,156,282,-2,15,17,21,51,333
RTY=F,E-mini Russell 2000 Index Futur,2488.9,50,101,8,9,168,52,36,15,14,117,285
SIL=F,"Micro Silver Futures,Dec-2025",47.97,11,101,26,17,155,16,36,17,22,91,246
GF=F,WisdomTree International High D,349.6,-1,0,56,35,90,-7,7,46,49,95,185
SI=F,Silver Dec 25,47.97,11,32,26,17,86,16,30,17,22,85,171
LE=F,"Live Cattle Futures,Dec-2025",234.6,-13,0,55,42,84,-7,-18,47,49,71,155
HG=F,Copper Dec 25,5.09,52,0,2,17,71,46,21,-1,16,82,153
KC=F,Coffee Dec 25,388.35,13,33,7,47,100,19,-5,1,13,28,128
PL=F,Platinum Jan 26,1644.8,13,18,22,5,58,19,24,17,5,65,123
ZT=F,"2-Year T-Note Futures,Dec-2025",104.23,-3,45,33,-38,37,19,-7,1,8,21,58
HE=F,"Lean Hogs Futures,Dec-2025",98.68,1,0,31,0,32,-21,10,-5,8,-8,24
ZF=F,Five-Year US Treasury Note Futu,109.26,-4,45,17,-38,20,-1,-4,3,6,4,24
PA=F,Palladium Dec 25,1282.0,5,9,16,-29,1,12,18,17,-29,18,19
ZC=F,"Corn Futures,Dec-2025",419.5,22,15,-13,-22,2,33,25,-19,-26,13,15
ZB=F,"U.S. Treasury Bond Futures,Dec-",116.91,0,33,-3,-38,-8,22,21,1,-43,1,-7
ZS=F,"Soybean Futures,Jan-2026",1017.0,0,0,-2,-19,-21,40,-4,-7,-25,4,-17
ZN=F,"10-Year T-Note Futures,Dec-2025",112.62,-2,48,10,-38,18,-1,-4,5,-41,-41,-23
SB=F,Sugar #11 Mar 26,16.5,57,1,-32,0,26,15,-27,-38,-12,-62,-36
NG=F,Natural Gas Nov 25,3.34,-7,0,0,-21,-28,-20,20,-21,4,-17,-45
ZL=F,"Soybean Oil Futures,Dec-2025",49.97,-1,-13,25,-20,-9,-9,-38,30,-26,-43,-52
KE=F,"KC HRW Wheat Futures,Dec-2025",495.75,0,-13,-15,-14,-42,32,-3,-24,-23,-18,-60
OJ=F,Orange Juice Jan 26,235.45,-18,-35,-34,37,-50,-27,-4,-1,-1,-33,-83
ZM=F,S&P Composite 1500 ESG Tilted I,278.2,24,-9,-97,-19,-101,33,-18,1,-19,-3,-104
CC=F,Cocoa Dec 25,6172.0,-43,-70,-12,32,-93,-39,-30,-12,49,-32,-125
CL=F,Crude Oil Nov 25,60.69,-100,-5,-15,0,-120,4,6,-6,-26,-22,-142
BZ=F,Brent Crude Oil Last Day Financ,64.35,-104,-4,-15,-8,-131,4,8,-6,-26,-20,-151
CT=F,Cotton Dec 25,65.3,-1,-12,-77,-12,-102,-15,-27,-13,-28,-83,-185
HO=F,Heating Oil Nov 25,2.23,-101,-3,-1,-12,-117,-64,21,-2,-27,-72,-189
ZR=F,"Rough Rice Futures,Jan-2026",11.12,-74,-38,-1,-13,-126,6,-29,-42,-1,-66,-192
RB=F,RBOB Gasoline Nov 25,1.86,-104,-25,-5,-11,-145,-3,-16,-5,-26,-50,-195
ZO=F,"Oat Futures,Dec-2025",299.25,-63,-47,-10,-17,-137,-68,-1,-5,-28,-102,-239
