Symbol,Name,Close,1H Cloud Score,1D Cloud Score,1W Cloud Score,1M Cloud Score,Cloud Score Sum,1H TKx Score,1D TKx Score,1W TKx Score,1M TKx Score,TKx Score Sum,Total Score Sum
GF=F,WisdomTree International High D,358.73,-11,203,53,34,279,-34,97,43,48,154,433
MGC=F,"Micro Gold Futures,Dec-2025",3685.0,41,11,96,73,221,52,7,93,23,175,396
GC=F,Gold Dec 25,3684.9,41,11,96,64,212,52,7,93,21,173,385
ES=F,E-Mini S&P 500 Sep 25,6514.25,9,83,20,143,255,-3,94,14,22,127,382
NQ=F,Nasdaq 100 Sep 25,23836.75,77,83,21,155,336,-2,2,14,20,34,370
YM=F,Mini Dow Jones Indus.-$5 Sep 25,45619.0,8,82,12,143,245,5,16,12,22,55,300
LE=F,"Live Cattle Futures,Oct-2025",235.75,-11,46,52,41,128,-17,36,44,48,111,239
RTY=F,E-mini Russell 2000 Index Futur,2400.4,64,82,5,8,159,4,17,12,13,46,205
SIL=F,"Micro Silver Futures,Dec-2025",41.92,19,82,23,16,140,13,17,14,21,65,205
ZN=F,"10-Year T-Note Futures,Dec-2025",113.53,76,29,7,-37,75,77,26,2,-40,65,140
SI=F,Silver Dec 25,41.92,19,13,23,16,71,13,11,14,21,59,130
ZF=F,Five-Year US Treasury Note Futu,109.98,76,26,14,-37,79,5,26,-4,5,32,111
ZT=F,"2-Year T-Note Futures,Dec-2025",104.5,76,26,30,-37,95,3,17,-11,7,16,111
KC=F,Coffee Dec 25,385.35,5,14,4,46,69,4,17,-13,12,20,89
HE=F,"Lean Hogs Futures,Oct-2025",95.25,66,-16,28,0,78,10,-10,-2,7,5,83
ZB=F,"U.S. Treasury Bond Futures,Dec-",117.38,76,14,0,-37,53,74,2,-14,-42,20,73
PL=F,Platinum Oct 25,1395.4,0,1,19,4,24,-6,5,14,4,17,41
HG=F,Copper Dec 25,4.57,0,-27,-1,16,-12,2,2,14,15,33,21
PA=F,Palladium Dec 25,1162.5,12,0,13,-28,-3,20,-23,14,-28,-17,-20
OJ=F,Orange Juice Nov 25,238.75,-31,-16,-31,36,-42,-39,2,4,48,15,-27
HO=F,Heating Oil Oct 25,2.32,2,-4,-7,-11,-20,-6,2,10,-26,-20,-40
ZL=F,"Soybean Oil Futures,Dec-2025",51.34,-10,-4,22,-19,-11,-18,-19,27,-25,-35,-46
NG=F,Natural Gas Oct 25,3.08,27,-35,-1,-20,-29,-4,1,-18,3,-18,-47
ZS=F,"Soybean Futures,Nov-2025",1032.25,0,1,-2,-18,-19,-16,12,-4,-24,-32,-51
ZC=F,"Corn Futures,Dec-2025",420.5,7,0,-10,-21,-24,-14,6,-16,-25,-49,-73
CC=F,Cocoa Dec 25,7241.0,-50,-51,-9,31,-79,-24,-11,-9,48,4,-75
CL=F,Crude Oil Oct 25,62.58,0,-25,-12,0,-37,-6,-19,-3,-25,-53,-90
BZ=F,Brent Crude Oil Last Day Financ,66.34,0,-26,-12,-7,-45,-5,-19,-3,-25,-52,-97
CT=F,Cotton Dec 25,66.38,7,1,-74,-11,-77,25,-8,-10,-27,-20,-97
RB=F,RBOB Gasoline Oct 25,1.97,-57,-6,-2,-10,-75,-7,6,-2,-25,-28,-103
KE=F,"KC HRW Wheat Futures,Dec-2025",516.0,10,-33,-12,-13,-48,6,-24,-21,-22,-61,-109
ZO=F,"Oat Futures,Dec-2025",323.75,-2,-28,-7,-16,-53,7,-37,-2,-27,-59,-112
ZR=F,"Rough Rice Futures,Nov-2025",11.7,-21,-19,0,-12,-52,-21,-10,-39,-1,-71,-123
SB=F,Sugar #11 Mar 26,16.27,-24,1,-29,0,-52,-27,-8,-35,-11,-81,-133
ZM=F,S&P Composite 1500 ESG Tilted I,285.3,8,2,-94,-18,-102,-14,19,-58,-18,-71,-173
