Symbol,Name,Close,1H Cloud Score,1D Cloud Score,1W Cloud Score,1M Cloud Score,Cloud Score Sum,1H TKx Score,1D TKx Score,1W TKx Score,1M TKx Score,TKx Score Sum,Total Score Sum
MGC=F,"Micro Gold Futures,Aug-2025",3232.8,1,90,79,70,240,-10,88,76,20,174,414
NQ=F,Nasdaq 100 Jun 25,21400.25,160,5,4,152,321,2,18,-4,17,33,354
GC=F,Gold Jun 25,3205.3,2,89,79,61,231,-10,-1,76,18,83,314
GF=F,WisdomTree International High D,297.95,-4,126,36,31,189,-6,20,26,45,85,274
ES=F,E-Mini S&P 500 Jun 25,5948.5,32,5,3,140,180,27,16,-4,19,58,238
YM=F,Mini Dow Jones Indus.-$5 Jun 25,42535.0,26,4,1,140,171,28,11,-7,19,51,222
CC=F,Cocoa Jul 25,10927.0,76,4,4,28,112,37,18,-7,45,93,205
LE=F,"Live Cattle Futures,Jun-2025",212.3,-8,27,35,38,92,-6,18,27,45,84,176
KC=F,Coffee Jul 25,365.55,-52,-1,60,43,50,-4,-1,75,9,79,129
HE=F,"Lean Hogs Futures,Jun-2025",91.0,-1,22,11,0,32,9,22,15,4,50,82
OJ=F,Orange Juice Jul 25,251.1,12,0,-14,33,31,16,-5,-15,45,41,72
SI=F,Silver Jul 25,32.19,-1,4,6,13,22,-6,18,14,18,44,66
SIL=F,"Micro Silver Futures,Jul-2025",32.43,1,4,6,13,24,-10,18,14,18,40,64
RTY=F,E-mini Russell 2000 Index Futur,2107.4,19,4,-2,5,26,21,11,-13,10,29,55
PL=F,Platinum Jul 25,989.1,13,4,0,-2,15,-9,17,-7,-2,-1,14
HG=F,Copper Jul 25,4.59,-7,-13,6,13,-1,-11,-1,11,12,11,10
ZF=F,Five-Year US Treasury Note Futu,107.59,29,-5,0,-34,-10,30,-20,7,2,19,9
ZL=F,"Soybean Oil Futures,Jul-2025",48.92,-34,27,5,-16,-18,2,33,10,-22,23,5
ZC=F,"Corn Futures,Jul-2025",443.0,-2,-10,18,-18,-12,43,-10,2,-22,13,1
RB=F,RBOB Gasoline Jun 25,2.14,1,1,0,-7,-5,3,5,12,-22,-2,-7
ZN=F,"10-Year T-Note Futures,Jun-2025",110.09,28,-5,-2,-34,-13,30,-20,7,-37,-20,-33
ZT=F,"2-Year T-Note Futures,Jun-2025",103.3,0,-4,13,-34,-25,-4,-20,7,4,-13,-38
PA=F,Palladium Jun 25,967.5,32,0,-7,-25,0,-9,16,-20,-25,-38,-38
ZO=F,"Oat Futures,Jul-2025",343.75,0,-2,-1,-13,-16,-21,14,2,-24,-29,-45
ZR=F,"Rough Rice Futures,Jul-2025",12.76,5,-19,-1,-9,-24,12,-15,-22,-10,-35,-59
SB=F,Sugar #11 Jul 25,17.56,-7,-31,-12,44,-6,-14,-28,-18,-8,-68,-74
HO=F,Heating Oil Jun 25,2.14,-15,0,-17,-8,-40,-12,1,-8,-23,-42,-82
ZB=F,"U.S. Treasury Bond Futures,Jun-",112.75,0,-7,-6,-34,-47,23,-36,7,-39,-45,-92
CL=F,Crude Oil Jun 25,62.49,6,-61,-43,0,-98,20,1,-9,-22,-10,-108
KE=F,"KC HRW Wheat Futures,Jul-2025",517.25,0,-38,-12,-10,-60,-5,-34,-4,-19,-62,-122
CT=F,Cotton Jul 25,65.14,-66,22,-57,-8,-109,-4,21,-16,-24,-23,-132
ZS=F,"Soybean Futures,Jul-2025",1051.0,-27,26,-98,-15,-114,-35,34,4,-21,-18,-132
BZ=F,Brent Crude Oil Last Day Financ,65.39,6,-60,-43,-4,-101,20,-23,-9,-22,-34,-135
ZM=F,S&P Composite 1500 ESG Tilted I,291.8,-5,-1,-77,-15,-98,-9,-12,-41,-15,-77,-175
NG=F,Natural Gas Jun 25,3.33,-77,-26,30,-17,-90,-93,6,-1,-21,-109,-199
