Symbol,Name,Close,1H Cloud Score,1D Cloud Score,1W Cloud Score,1M Cloud Score,Cloud Score Sum,1H TKx Score,1D TKx Score,1W TKx Score,1M TKx Score,TKx Score Sum,Total Score Sum
GF=F,WisdomTree International High D,301.58,136,124,36,31,327,48,18,26,45,137,464
MGC=F,"Micro Gold Futures,Aug-2025",3216.1,-23,88,79,70,214,-20,86,76,20,162,376
NQ=F,Nasdaq 100 Jun 25,21371.5,115,3,4,152,274,69,16,-4,17,98,372
LE=F,"Live Cattle Futures,Jun-2025",213.9,119,25,35,38,217,52,16,27,45,140,357
GC=F,Gold Jun 25,3188.6,-24,87,79,61,203,-20,44,76,18,118,321
ES=F,E-Mini S&P 500 Jun 25,5896.25,72,3,3,140,218,-6,14,-4,19,23,241
CC=F,Cocoa Jul 25,9890.0,56,2,4,28,90,17,16,-7,45,71,161
KC=F,Coffee Jul 25,365.85,-32,-1,60,43,70,-27,15,75,9,72,142
YM=F,Mini Dow Jones Indus.-$5 Jun 25,41927.0,0,2,0,140,142,-35,9,-7,19,-14,128
ZL=F,"Soybean Oil Futures,Jul-2025",52.2,62,25,5,-16,76,27,31,10,-22,46,122
HE=F,"Lean Hogs Futures,Jun-2025",98.78,28,21,11,2,62,11,21,15,4,51,113
ZS=F,"Soybean Futures,Jul-2025",1076.0,66,24,0,-15,75,15,32,4,-21,30,105
OJ=F,Orange Juice Jul 25,258.75,0,0,-14,33,19,4,-3,-15,45,31,50
SIL=F,"Micro Silver Futures,Jul-2025",32.35,-11,2,6,13,10,-22,16,14,18,26,36
SI=F,Silver Jul 25,32.35,-11,2,6,13,10,-22,16,14,18,26,36
HG=F,Copper Jul 25,4.64,-5,-11,6,13,3,-6,14,11,12,31,34
SB=F,Sugar #11 Jul 25,18.08,37,-29,-12,44,40,40,-26,-18,-8,-12,28
RB=F,RBOB Gasoline Jun 25,2.14,0,0,0,-7,-7,29,3,12,-22,22,15
RTY=F,E-mini Russell 2000 Index Futur,2083.7,0,2,-2,5,5,-15,9,-13,10,-9,-4
HO=F,Heating Oil Jun 25,2.17,101,-53,-17,-8,23,32,-29,-8,-23,-28,-5
PL=F,Platinum Jul 25,982.2,-9,2,0,-2,-9,-6,15,-7,-2,0,-9
ZO=F,"Oat Futures,Jul-2025",338.75,-17,-1,-1,-13,-32,5,12,2,-24,-5,-37
PA=F,Palladium Jun 25,954.0,0,0,-7,-25,-32,-1,14,-20,-25,-32,-64
ZC=F,"Corn Futures,Jul-2025",444.75,-40,-8,18,-18,-48,5,-8,2,-22,-23,-71
ZF=F,Five-Year US Treasury Note Futu,107.28,-12,-3,-1,-34,-50,-25,-18,7,2,-34,-84
KE=F,"KC HRW Wheat Futures,Jul-2025",522.75,5,-36,-12,-10,-53,15,-32,-4,-19,-40,-93
NG=F,Natural Gas Jun 25,3.47,-33,-24,30,-17,-44,-49,4,-1,-21,-67,-111
ZN=F,"10-Year T-Note Futures,Jun-2025",109.62,-12,-3,-2,-34,-51,-25,-18,7,-37,-73,-124
ZR=F,"Rough Rice Futures,Jul-2025",12.69,-32,-17,-1,-9,-59,-28,-13,-22,-10,-73,-132
CT=F,Cotton Jul 25,65.55,-30,20,-57,-8,-75,-37,19,-16,-24,-58,-133
CL=F,Crude Oil Jun 25,62.12,0,-59,-43,0,-102,-7,-21,-9,-22,-59,-161
ZT=F,"2-Year T-Note Futures,Jun-2025",103.22,-107,-2,13,-34,-130,-25,-18,7,4,-32,-162
BZ=F,Brent Crude Oil Last Day Financ,65.13,0,-58,-43,-4,-105,-7,-21,-9,-22,-59,-164
ZM=F,S&P Composite 1500 ESG Tilted I,292.0,-25,-19,-77,-15,-136,-24,-10,-41,-15,-90,-226
ZB=F,"U.S. Treasury Bond Futures,Jun-",112.19,-98,-5,-6,-34,-143,-67,-34,7,-39,-133,-276
