Symbol,Name,Close,1H Cloud Score,1D Cloud Score,1W Cloud Score,1M Cloud Score,Cloud Score Sum,1H TKx Score,1D TKx Score,1W TKx Score,1M TKx Score,TKx Score Sum,Total Score Sum
TJX,TJX Companies,128.46,3,41,138,196,378,2,-4,107,191,296,674
HWM,Howmet Aerospace,175.37,224,32,138,27,421,30,32,82,52,196,617
CTAS,Cintas,227.66,112,39,9,163,323,66,34,3,185,288,611
RSG,Republic Services,252.97,-2,17,114,175,304,-19,8,83,158,230,534
PGR,Progressive Corporation,279.23,-5,25,95,175,290,-14,25,12,187,210,500
COST,Costco,1014.76,-14,28,107,178,299,-14,34,-8,182,194,493
ORLY,O'Reilly Auto Parts,1377.86,11,1,153,197,362,12,-16,44,87,127,489
AJG,Arthur J. Gallagher & Co.,328.65,-16,17,155,184,340,-19,22,18,105,126,466
MMC,Marsh McLennan,230.04,-6,1,115,173,283,-14,18,-1,176,179,462
CW,Curtiss-Wright,452.52,277,27,9,52,365,26,34,-13,47,94,459
PM,Philip Morris International,181.71,104,92,60,53,309,12,34,75,25,146,455
WM,"Waste Management, Inc.",236.32,-2,16,85,185,284,-19,8,17,157,163,447
V,Visa Inc.,370.22,44,28,127,131,330,55,32,-5,24,106,436
GE,GE Aerospace,255.58,231,30,9,25,295,61,30,20,27,138,433
WRB,W. R. Berkley Corporation,74.21,0,74,84,174,332,1,25,14,53,93,425
BR,Broadridge Financial Solutions,245.25,44,18,104,143,309,59,32,-1,23,113,422
AXS,AXIS Capital,106.91,52,33,76,43,204,60,32,72,51,215,419
ROL,"Rollins, Inc.",57.77,0,41,21,284,346,-10,34,13,33,70,416
MA,Mastercard,590.06,44,27,116,153,340,19,32,-5,24,70,410
EBAY,eBay,78.62,109,28,67,12,216,68,32,72,14,186,402
ADP,Automatic Data Processing,326.84,25,22,75,178,300,25,25,-5,55,100,400
CDNS,Cadence Design Systems,296.94,0,31,7,139,177,25,34,-15,178,222,399
INTU,Intuit,771.57,73,32,7,189,301,68,32,-21,18,97,398
NDAQ,"Nasdaq, Inc.",85.61,68,25,66,142,301,61,32,-9,12,96,397
JCI,Johnson Controls,103.76,224,27,65,17,333,22,32,-7,16,63,396
HON,Honeywell,228.83,135,19,6,176,336,26,28,-16,20,58,394
LIN,Linde plc,472.7,110,17,3,108,238,26,32,-9,104,153,391
HEI,HEICO (Common),303.74,56,26,15,187,284,18,24,6,55,103,387
AXON,Axon Enterprise,791.97,42,30,135,92,299,30,34,-7,28,85,384
CASY,Casey's,443.47,2,3,103,85,193,18,-13,107,76,188,381
ORCL,Oracle Corporation,174.01,63,18,1,196,278,61,25,-13,25,98,376
CTVA,Corteva,71.64,231,32,43,0,306,33,32,-9,9,65,371
BKNG,Booking Holdings,5610.55,115,31,126,33,305,18,32,-9,24,65,370
IBM,IBM,268.87,31,24,99,52,206,30,32,46,54,162,368
NFLX,Netflix,1241.68,38,37,106,18,199,35,34,77,18,164,363
SPOT,Spotify,712.77,39,33,102,10,184,35,34,85,18,172,356
PAYX,Paychex,159.78,25,25,74,165,289,25,25,3,12,65,354
HEI-A,HEICO (Class A),237.38,56,27,16,180,279,14,25,7,28,74,353
NRG,NRG Energy,155.96,-7,32,93,92,210,-13,34,103,19,143,353
VRSK,Verisk Analytics,319.48,27,28,58,112,225,26,25,49,26,126,351
TMUS,T-Mobile US,245.86,26,-20,84,137,227,33,-30,86,33,122,349
ORI,Old Republic International,37.46,-15,17,137,56,195,-11,3,107,53,152,347
FAST,Fastenal,42.04,9,41,113,104,267,21,33,3,23,80,347
WELL,Welltower,154.45,5,16,106,56,183,4,12,123,22,161,344
RTX,RTX Corporation,139.1,44,18,67,52,181,46,24,74,12,156,337
MSFT,Microsoft,470.16,63,26,6,171,266,30,34,-16,23,71,337
JPM,JPMorgan Chase,265.72,7,21,113,156,297,-12,32,-7,24,37,334
LYV,Live Nation Entertainment,144.16,14,20,84,145,263,24,34,-7,14,65,328
RCL,Royal Caribbean Group,276.35,63,19,111,26,219,61,32,-10,25,108,327
RBLX,Roblox Corporation,95.81,140,31,43,0,214,63,32,6,9,110,324
ICE,Intercontinental Exchange,178.66,0,25,102,159,286,-19,26,12,19,38,324
EHC,Encompass Health,121.49,46,33,133,27,239,-7,50,14,27,84,323
CME,CME Group,274.17,-21,98,44,134,255,-20,28,40,17,65,320
SO,Southern Company,88.26,-13,-1,66,188,240,-19,8,13,77,79,319
CHD,Church & Dwight,99.07,3,-43,-6,342,296,-2,6,-4,23,23,319
YUM,Yum! Brands,144.82,4,-11,18,257,268,-10,-7,12,55,50,318
AMGN,Amgen,290.41,63,0,-9,163,217,63,7,-4,34,100,317
HUBB,Hubbell Incorporated,395.26,9,17,0,180,206,21,35,-15,69,110,316
AM,Antero Midstream,18.77,0,25,138,21,184,-21,30,68,53,130,314
AAPL,Apple Inc.,203.93,26,0,0,249,275,-10,-8,-15,69,36,311
RBC,RBC Bearings,381.84,31,23,83,56,193,26,32,4,55,117,310
RS,"Reliance, Inc.",309.58,35,29,1,113,178,33,34,-10,75,132,310
LLY,Lilly (Eli),769.92,39,-26,0,170,183,55,-18,-5,94,126,309
CVNA,Carvana,341.28,77,31,82,9,199,68,34,-7,14,109,308
MNST,Monster Beverage,63.41,0,69,16,178,263,1,32,9,2,44,307
PWR,Quanta Services,361.28,51,26,7,97,181,33,34,-11,70,126,307
RBA,RB Global,105.14,0,30,94,25,149,5,32,99,20,156,305
UNM,Unum,81.49,0,19,175,38,232,-16,32,-2,52,66,298
STE,Steris,243.71,1,22,4,193,220,10,32,12,23,77,297
MCD,McDonald's,307.32,-15,0,42,240,267,-35,-3,12,55,29,296
ROP,Roper Technologies,572.93,7,18,19,180,224,14,-1,34,24,71,295
MSI,Motorola Solutions,417.88,0,-3,0,151,148,-12,-7,-17,183,147,295
NET,Cloudflare,179.67,146,19,29,0,194,61,29,-8,17,99,293
AAON,AAON,96.74,0,19,-3,243,259,20,-1,-15,29,33,292
NFG,National Fuel Gas,82.53,0,103,50,50,203,-15,34,61,8,88,291
KLAC,KLA Corporation,808.04,21,19,4,175,219,23,34,-10,24,71,290
GEV,GE Vernova,484.99,231,31,0,0,262,-9,34,1,0,26,288
SHW,Sherwin-Williams,357.55,25,28,0,188,241,21,28,-19,17,47,288
ALL,Allstate,208.0,0,18,87,157,262,-15,25,1,15,26,288
CPNG,Coupang,28.46,231,25,7,0,263,-4,32,-18,15,25,288
PLTR,Palantir Technologies,127.68,0,32,106,0,138,-13,34,109,18,148,286
TDG,TransDigm Group,1465.88,7,32,9,155,203,5,32,-10,55,82,285
LNG,Cheniere Energy,243.08,47,25,50,56,178,60,2,-10,54,106,284
ADI,Analog Devices,222.28,27,19,1,177,224,28,25,-18,24,59,283
DRI,Darden Restaurants,217.53,63,38,34,59,194,-9,32,38,28,89,283
COR,Cencora,288.93,-15,96,34,69,184,-19,7,45,65,98,282
AZO,AutoZone,3717.96,-6,16,84,84,178,-17,21,44,55,103,281
APH,Amphenol,93.35,63,32,9,63,167,61,34,-11,25,109,276
GWRE,Guidewire Software,255.58,42,32,100,19,193,40,32,-8,18,82,275
HIG,Hartford (The),129.32,2,33,84,55,174,4,32,11,54,101,275
DE,Deere & Company,520.0,7,21,39,107,174,26,32,35,8,101,275
ARES,Ares Management,173.96,34,19,7,57,117,30,32,-9,104,157,274
MCO,Moody's Corporation,489.07,26,19,6,154,205,26,27,-8,23,68,273
SPGI,S&P Global,519.36,14,19,6,170,209,26,27,-8,19,64,273
TRV,Travelers Companies (The),273.68,0,33,81,56,170,2,32,14,54,102,272
ETN,Eaton Corporation,331.49,27,19,1,112,159,26,32,-15,70,113,272
RPM,RPM International,115.53,25,16,-9,178,210,25,25,-17,28,61,271
MCK,McKesson Corporation,712.89,-15,92,32,56,165,-19,32,28,65,106,271
CF,CF Industries,92.15,230,18,5,2,255,-9,30,-12,6,15,270
ACM,AECOM,111.36,51,25,6,63,145,38,32,-16,69,123,268
BSX,Boston Scientific,102.04,-35,31,134,142,272,-53,-1,-5,55,-4,268
PANW,Palo Alto Networks,199.55,42,19,7,79,147,40,30,-7,55,118,265
FWONK,Liberty Formula 1 (Series C),99.0,19,22,60,55,156,30,29,-8,54,105,261
AME,Ametek,178.35,2,19,4,104,129,18,25,-11,99,131,260
VRSN,Verisign,285.02,18,130,26,7,181,36,-4,42,5,79,260
WMT,Walmart,97.44,-2,33,117,99,247,-14,7,-8,27,12,259
ITW,Illinois Tool Works,247.48,12,3,-3,176,188,22,25,-4,27,70,258
TT,Trane Technologies,428.69,26,27,6,162,221,-5,32,-17,27,37,258
LOPE,Grand Canyon Education,194.2,-15,30,137,33,185,-19,34,24,32,71,256
HCA,HCA Healthcare,384.27,31,33,4,95,163,33,25,6,27,91,254
FWONA,Liberty Formula 1 (Series A),89.66,7,21,59,60,147,30,30,-8,54,106,253
LMT,Lockheed Martin,481.7,46,16,-19,163,206,-8,8,-24,70,46,252
NVDA,Nvidia,141.69,63,18,4,132,217,-2,26,-13,24,35,252
AON,AON,371.17,0,4,6,175,185,2,14,-5,54,65,250
BRO,Brown & Brown,110.58,-15,-28,106,161,224,-19,6,15,24,26,250
EME,Emcor,489.07,63,19,7,56,145,26,34,-11,55,104,249
PTC,PTC Inc.,170.37,7,18,-16,180,189,25,26,-17,24,58,247
IBKR,Interactive Brokers,211.86,7,19,79,55,160,5,34,-8,55,86,246
OLLI,Ollie's Bargain Outlet,119.43,19,19,105,14,157,19,-4,53,21,89,246
ISRG,Intuitive Surgical,557.04,49,19,84,20,172,26,34,-11,24,73,245
GOOG,Alphabet (Class C),174.92,7,8,2,174,191,13,30,-9,19,53,244
RLI,RLI Corp.,75.91,0,-3,-1,173,169,1,6,-19,85,73,242
AIZ,Assurant,203.47,59,9,2,150,220,-9,23,-10,17,21,241
AIG,American International Group,87.34,47,16,18,51,132,58,19,13,19,109,241
GOOGL,Alphabet (Class A),173.65,7,8,2,174,191,10,30,-9,19,50,241
LPLA,LPL Financial,388.95,8,20,35,97,160,5,28,-7,55,81,241
JBL,Jabil,176.62,32,22,9,63,126,26,32,1,55,114,240
WMB,Williams Companies,60.55,0,18,102,50,170,5,10,-1,55,69,239
T,AT&T,28.07,13,16,60,14,103,7,32,84,13,136,239
ATI,ATI Inc.,83.99,63,26,6,41,136,35,32,-14,50,103,239
MS,Morgan Stanley,131.82,27,19,66,62,174,30,30,-9,14,65,239
SYK,Stryker Corporation,383.88,14,19,7,157,197,23,1,-10,27,41,238
DTM,DT Midstream,108.14,39,25,93,0,157,34,32,-10,23,79,236
GS,Goldman Sachs,613.83,13,19,82,56,170,23,30,-7,19,65,235
MKL,Markel,1968.49,54,18,58,53,183,4,32,-8,24,52,235
AXP,American Express,302.43,46,19,7,97,169,26,32,-11,19,66,235
ECL,Ecolab,267.12,111,17,6,20,154,40,27,-5,17,79,233
DUK,Duke Energy,115.2,-6,-4,66,181,237,-16,-14,12,14,-4,233
DTE,DTE Energy,133.85,-28,1,64,187,224,-27,8,17,11,9,233
EPR,EPR Properties,56.6,61,21,47,27,156,5,32,20,19,76,232
CBOE,Cboe Global Markets,222.69,-21,15,134,53,181,-20,10,12,49,51,232
GLW,Corning Inc.,50.69,133,18,9,15,175,30,25,-10,12,57,232
SEIC,SEI Investments Company,85.64,23,25,82,33,163,23,32,-10,24,69,232
MSA,MSA Safety,165.21,63,21,-25,162,221,19,32,-38,-3,10,231
APP,AppLovin,417.77,63,9,95,0,167,30,25,-7,16,64,231
CB,Chubb Limited,293.86,0,16,91,56,163,-19,19,12,54,66,229
GGG,Graco Inc.,85.05,7,19,0,176,202,21,-3,-18,27,27,229
LRCX,Lam Research,86.36,21,19,0,150,190,23,26,-7,-3,39,229
DASH,DoorDash,218.45,48,18,87,0,153,35,31,-7,16,75,228
ELF,e.l.f. Beauty,117.65,227,11,-40,29,227,23,25,-44,-3,1,228
CAH,Cardinal Health,154.7,0,41,45,36,122,-19,32,38,55,106,228
SCI,Service Corporation International,79.24,31,2,0,173,206,26,2,-17,11,22,228
L,Loews Corporation,89.11,3,19,102,53,177,4,25,-1,22,50,227
CACI,CACI,445.44,1,2,-2,152,153,19,-6,4,55,72,225
FIX,Comfort Systems USA,510.96,31,22,7,62,122,26,34,-11,53,102,224
UNP,Union Pacific Corporation,223.43,7,0,-4,196,199,19,-1,-10,17,25,224
TKO,TKO Group Holdings,165.94,27,29,61,38,155,30,-7,-3,48,68,223
FTNT,Fortinet,104.92,9,18,44,111,182,23,12,-6,11,40,222
AN,AutoNation,187.05,28,21,7,59,115,25,34,-8,55,106,221
DGX,Quest Diagnostics,174.32,14,33,58,16,121,34,-4,58,12,100,221
GWW,W. W. Grainger,1094.65,9,19,2,92,122,22,34,-16,55,95,217
FFIV,"F5, Inc.",295.43,33,18,84,12,147,30,32,-7,15,70,217
USFD,US Foods,77.76,0,22,133,33,188,-21,32,-7,24,28,216
IRM,Iron Mountain,102.16,37,24,0,55,116,34,32,-21,54,99,215
WSO,Watsco,445.44,0,-14,-3,194,177,-1,-12,-18,69,38,215
NTRA,Natera,163.75,63,10,82,16,171,25,8,-7,17,43,214
CSL,Carlisle Companies,377.9,0,31,-1,176,206,18,-4,-25,18,7,213
FICO,Fair Isaac,1774.68,8,-12,0,164,160,47,-5,-18,29,53,213
VIRT,Virtu Financial,41.86,7,33,66,12,118,25,-4,61,12,94,212
GRMN,Garmin,207.38,30,1,102,17,150,30,20,-7,19,62,212
CELH,Celsius Holdings,40.6,34,58,0,63,155,40,14,8,-7,55,210
KO,Coca-Cola Company (The),71.34,-14,1,18,180,185,-7,7,13,12,25,210
TTWO,Take-Two Interactive,232.72,13,39,35,11,98,25,33,35,18,111,209
FTI,TechnipFMC,32.51,51,19,7,25,102,60,23,-12,35,106,208
STAG,STAG Industrial,36.83,54,19,1,94,168,26,25,-10,-2,39,207
WAB,Wabtec,206.23,28,21,9,47,105,26,32,-10,54,102,207
HOOD,Robinhood Markets,74.9,38,21,71,0,130,33,32,-7,16,74,204
VMI,Valmont Industries,325.61,31,9,52,56,148,26,29,-7,8,56,204
COF,Capital One,198.15,28,25,84,19,156,7,32,-7,16,48,204
MPWR,Monolithic Power Systems,686.96,27,19,-16,155,185,-5,29,-30,24,18,203
NI,NiSource,39.27,0,16,64,43,123,-19,8,79,12,80,203
LH,Labcorp,253.97,58,25,45,13,141,26,25,-5,16,62,203
WWD,"Woodward, Inc.",234.63,63,28,9,33,133,26,30,-10,24,70,203
ITT,ITT Inc.,152.25,8,25,6,97,136,24,32,-14,24,66,202
VEEV,Veeva Systems,285.47,49,22,35,6,112,58,25,-10,16,89,201
UTHR,United Therapeutics,325.36,91,1,0,55,147,-12,27,-19,57,53,200
PCAR,Paccar,93.48,0,0,-12,157,145,7,19,-4,32,54,199
BWXT,BWX Technologies,129.7,70,17,3,33,123,28,34,-15,29,76,199
WCC,Wesco International,173.28,28,18,0,56,102,23,32,-14,55,96,198
KMI,Kinder Morgan,28.12,0,17,82,42,141,-11,25,-9,50,55,196
FYBR,Frontier Communications,36.23,-2,36,79,0,113,-7,-6,84,12,83,196
SGI,Somnigroup International,65.45,9,19,31,62,121,23,32,-5,24,74,195
PAG,Penske Automotive Group,164.82,8,20,5,60,93,19,34,-8,55,100,193
CINF,Cincinnati Financial,150.99,8,25,75,60,168,4,25,-17,13,25,193
AVGO,Broadcom,246.92,0,22,9,114,145,-3,34,-11,28,48,193
EVR,Evercore,245.4,52,18,0,56,126,25,32,-16,24,65,191
AMP,Ameriprise Financial,518.76,7,18,9,62,96,4,32,-10,69,95,191
SSD,Simpson Manufacturing Company,156.75,25,0,-16,154,163,30,-7,-19,24,28,191
EQIX,Equinix,914.71,63,19,7,32,121,26,32,-13,24,69,190
MTSI,MACOM Technology Solutions,124.99,32,19,6,56,113,28,31,-11,27,75,188
SNA,Snap-on,321.67,3,4,39,57,103,21,18,-9,55,85,188
ACGL,Arch Capital Group,95.52,49,21,0,60,130,2,32,-26,49,57,187
KD,Kyndryl,40.38,26,21,99,0,146,3,26,-7,18,40,186
WING,Wingstop,374.87,65,25,1,36,127,33,25,-28,29,59,186
EXEL,Exelixis,43.03,1,18,54,12,85,2,32,45,22,101,186
EQH,Equitable Holdings,54.81,14,19,82,9,124,26,25,-7,17,61,185
J,Jacobs Solutions,127.69,7,17,0,104,128,21,32,-14,17,56,184
WFC,Wells Fargo,76.32,31,19,82,27,159,-12,29,-9,17,25,184
NOW,ServiceNow,1030.2,14,20,7,80,121,20,33,-10,20,63,184
PNR,Pentair,99.54,31,19,7,60,117,26,32,-14,22,66,183
ETR,Entergy,82.14,-15,10,63,20,78,-19,32,79,12,104,182
VST,Vistra Corp.,173.61,72,18,9,28,127,-8,31,-11,43,55,182
PFGC,Performance Food Group,88.28,0,22,43,41,106,2,32,-13,55,76,182
SNPS,Synopsys,486.08,14,6,-17,178,181,25,-5,-18,-3,-1,180
EMR,Emerson Electric,123.51,28,19,6,62,115,26,25,-11,24,64,179
ODFL,Old Dominion Freight Line,160.26,-1,0,-16,185,168,5,-3,-21,30,11,179
CAT,Caterpillar Inc.,353.38,10,18,0,62,90,22,25,-14,55,88,178
ROK,Rockwell Automation,324.33,63,22,5,13,103,68,24,-8,-9,75,178
ABT,Abbott Laboratories,133.54,11,16,46,11,84,9,34,38,12,93,177
PLNT,Planet Fitness,105.56,34,15,53,11,113,30,26,-5,12,63,176
PH,Parker Hannifin,671.25,13,20,7,63,103,23,32,-10,28,73,176
BK,BNY Mellon,90.31,7,21,84,38,150,-12,25,-5,17,25,175
GILD,Gilead Sciences,112.41,14,13,41,33,101,23,14,-1,37,73,174
HD,Home Depot (The),367.26,3,0,-2,178,179,-5,-4,-14,17,-6,173
TSCO,Tractor Supply Company,50.94,14,0,-3,83,94,23,-5,-23,83,78,172
SRE,Sempra,76.85,-17,17,-5,179,174,-27,32,-19,12,-2,172
OHI,Omega Healthcare Investors,37.4,39,7,0,38,84,58,2,-1,29,88,172
GD,General Dynamics,276.47,7,41,-1,52,99,4,34,-21,55,72,171
CSCO,Cisco,66.06,30,19,38,12,99,30,25,-8,23,70,169
FERG,Ferguson Enterprises,210.97,28,21,1,63,113,26,32,-25,23,56,169
ATO,Atmos Energy,152.19,-21,0,64,43,86,-23,-12,75,43,83,169
RJF,Raymond James Financial,146.74,2,18,82,56,158,4,-1,-10,17,10,168
ABBV,AbbVie,189.86,49,1,7,56,113,7,-10,-4,62,55,168
URI,United Rentals,706.57,7,19,0,62,88,10,31,-19,55,77,165
ZS,Zscaler,303.09,42,32,7,3,84,40,34,-9,16,81,165
DLR,Digital Realty,176.84,54,25,5,20,104,26,32,-14,17,61,165
MRVL,Marvell Technology,68.32,19,0,-11,104,112,23,24,-11,16,52,164
NWS,News Corp (Class B),31.84,-25,22,102,56,155,-37,34,-7,19,9,164
R,Ryder,150.59,7,4,1,54,66,24,32,-13,54,97,163
RL,Ralph Lauren Corporation,274.82,-7,21,84,32,130,-12,30,-9,24,33,163
THC,Tenet Healthcare,171.45,56,28,4,55,143,-5,25,-25,22,17,160
PG,Procter & Gamble,164.0,-15,-2,0,177,160,-28,8,-4,24,0,160
BPOP,"Popular, Inc.",105.72,33,26,7,57,123,-6,32,-7,17,36,159
C,Citigroup,78.24,55,19,9,16,99,26,29,-7,12,60,159
MTZ,MasTec,163.67,51,25,9,16,101,26,32,-11,11,58,159
AWI,Armstrong World Industries,154.73,0,26,84,19,129,-3,28,-12,17,30,159
LOW,Lowe's,225.25,13,0,-10,164,167,-4,-4,-17,17,-8,159
VRT,Vertiv,115.31,63,18,1,6,88,26,32,-11,24,71,159
ANET,Arista Networks,97.24,27,4,1,56,88,28,-1,-11,54,70,158
META,Meta Platforms,697.92,38,19,7,27,91,30,24,-8,21,67,158
SCCO,Southern Copper,95.64,30,18,-11,60,97,30,31,-25,25,61,158
CLH,Clean Harbors,225.98,0,26,0,56,82,5,34,-19,55,75,157
MLM,Martin Marietta Materials,551.26,0,28,0,58,86,18,49,-21,25,71,157
UAL,United Airlines Holdings,84.22,40,1,40,9,90,32,31,-10,14,67,157
THG,Hanover Insurance,175.13,0,17,51,22,90,-15,26,43,12,66,156
TRMB,Trimble Inc.,72.23,18,19,69,2,108,24,24,-10,10,48,156
KEX,Kirby Corporation,112.22,62,19,0,33,114,-10,32,-20,40,42,156
PRI,Primerica,271.5,3,18,0,106,127,-12,21,-10,28,27,154
NEU,NewMarket,645.25,2,41,9,27,79,5,33,12,25,75,154
DUOL,Duolingo,512.95,-2,32,43,0,73,12,44,4,21,81,154
AVT,Avnet,50.98,26,19,0,43,88,26,33,-18,25,66,154
LAMR,Lamar Advertising,120.96,54,9,0,62,125,-5,32,-17,19,29,154
GEN,Gen Digital,29.33,31,22,5,14,72,60,24,-17,14,81,153
EQT,EQT Corporation,56.39,6,25,31,40,102,-13,25,31,8,51,153
K,Kellanova,82.06,-35,10,59,19,53,10,7,71,11,99,152
SNX,TD Synnex,123.49,7,19,5,61,92,23,25,-7,19,60,152
TDY,Teledyne Technologies,500.7,31,18,42,12,103,22,23,-9,13,49,152
ESAB,ESAB,127.01,12,21,90,0,123,24,-1,-9,15,29,152
STWD,Starwood Property Trust,20.2,27,19,8,56,110,24,3,-4,19,42,152
EXPE,Expedia Group,176.54,44,4,39,9,96,25,25,-8,12,54,150
SSNC,SS&C Technologies,80.67,9,4,80,12,105,17,20,-5,13,45,150
PSTG,Pure Storage,55.28,23,18,0,40,81,-1,25,-11,55,68,149
OMF,OneMain Financial,53.35,13,19,7,58,97,7,30,-10,24,51,148
CBRE,CBRE Group,128.54,21,3,82,20,126,26,-7,-9,12,22,148
BYD,Boyd Gaming,74.09,0,19,38,57,114,-14,32,-9,25,34,148
CCL,Carnival Corporation & plc,24.27,63,18,7,0,88,26,26,-10,17,59,147
CMI,Cummins,326.52,13,4,0,63,80,25,24,-11,28,66,146
SLM,Sallie Mae,32.15,-49,26,80,20,77,-12,28,34,19,69,146
TOST,"Toast, Inc.",44.02,8,20,67,0,95,12,32,-9,15,50,145
TPR,"Tapestry, Inc.",78.94,1,19,70,19,109,-1,25,-5,17,36,145
BLK,BlackRock,989.81,31,18,7,20,76,26,32,-10,19,67,143
FDS,FactSet,432.47,-41,20,-1,192,170,-33,-1,-14,21,-27,143
MDLZ,Mondelez International,66.16,-10,0,-8,180,162,-27,6,9,-7,-19,143
AMAT,Applied Materials,166.77,22,19,-20,147,168,23,-6,-39,-3,-25,143
APG,APi Group,48.78,33,26,8,0,67,26,32,-7,24,75,142
PR,Permian Resources,13.58,27,18,-18,24,51,33,21,-14,47,87,138
PPC,Pilgrim's Pride,46.97,-20,-3,76,19,72,-19,-24,93,16,66,138
PKG,Packaging Corporation of America,196.41,27,2,-3,59,85,26,19,-16,24,53,138
SCHW,Charles Schwab Corporation,88.23,7,32,67,9,115,-14,32,-8,12,22,137
PEGA,Pegasystems,102.47,21,31,9,3,64,38,32,-10,13,73,137
PEG,Public Service Enterprise Group,80.16,0,0,0,150,150,-15,5,-18,15,-13,137
KNSL,Kinsale Capital Group,476.23,13,4,6,31,54,4,13,-17,83,83,137
NTAP,Netapp,106.25,28,4,-15,55,72,33,32,-20,20,65,137
OGE,OGE Energy,43.79,-16,-1,58,43,84,-19,1,58,12,52,136
SKX,Skechers,62.1,21,17,-14,53,77,21,24,-10,24,59,136
QGEN,Qiagen,45.48,63,16,2,0,81,-2,57,-11,11,55,136
WDC,Western Digital,55.46,63,19,2,16,100,26,30,-18,-3,35,135
AZEK,Azek,52.82,34,37,11,0,82,39,-7,3,18,53,135
GDDY,GoDaddy,182.95,3,1,84,20,108,19,-3,-9,20,27,135
BX,Blackstone Inc.,140.44,7,0,-3,140,144,-9,-5,-14,19,-9,135
AMG,Affiliated Managers Group,182.25,32,25,1,20,78,26,32,-17,15,56,134
DOV,Dover Corporation,179.41,7,8,0,104,119,7,-1,-9,17,14,133
RGLD,Royal Gold,175.9,-7,0,51,16,60,-5,6,58,14,73,133
RGA,Reinsurance Group of America,206.09,7,19,0,38,64,4,31,-17,51,69,133
AMZN,Amazon,213.52,37,9,7,19,72,28,24,-9,18,61,133
SARO,StandardAero,30.54,38,19,0,0,57,60,26,-11,0,75,132
KKR,KKR & Co. Inc.,123.4,8,8,0,101,117,5,1,-10,19,15,132
SF,Stifel,96.54,11,9,0,57,77,23,24,-10,18,55,132
EXPD,Expeditors International,112.29,0,0,-10,129,119,19,20,-27,-1,11,130
NOC,Northrop Grumman,489.36,50,0,1,56,107,-1,6,7,10,22,129
SNOW,Snowflake Inc.,210.83,77,22,5,0,104,7,32,-6,-8,25,129
HLT,Hilton Worldwide,252.76,8,19,6,62,95,-8,26,-8,24,34,129
GTES,Gates Corporation,21.74,28,19,7,13,67,25,27,-7,16,61,128
DDS,Dillard's,402.52,0,1,4,52,57,-2,27,-7,53,71,128
CNM,Core & Main,59.66,28,21,9,0,58,26,32,-10,22,70,128
RYAN,Ryan Specialty,68.53,-14,0,111,0,97,-19,16,11,23,31,128
VMC,Vulcan Materials,264.61,0,27,7,58,92,25,-1,-14,25,35,127
FHN,First Horizon Corporation,20.39,13,19,42,2,76,26,25,-8,8,51,127
INGR,Ingredion,138.1,0,25,2,32,59,2,30,-18,54,68,127
HLI,Houlihan Lokey,177.12,8,21,7,42,78,5,32,-13,24,48,126
MSTR,MicroStrategy,374.46,-2,33,89,17,137,-10,-4,-15,18,-11,126
TOL,Toll Brothers,107.33,22,3,-13,59,71,25,25,-19,24,55,126
NSC,Norfolk Southern,250.75,62,18,1,2,83,19,32,-20,12,43,126
LECO,Lincoln Electric,201.47,13,18,0,63,94,22,25,-10,-5,32,126
MET,Metlife,79.92,13,18,1,56,88,7,24,-10,16,37,125
MMM,3M,145.48,-6,19,64,12,89,4,24,-5,12,35,124
HPE,Hewlett Packard Enterprise,18.11,22,15,-14,40,63,-12,32,-11,52,61,124
CXT,Crane NXT,54.1,7,9,-15,53,54,4,22,-11,54,69,123
JEF,Jefferies Financial Group,52.41,14,0,-10,56,60,26,-5,-13,55,63,123
NBIX,Neurocrine Biosciences,125.36,63,10,-18,23,78,28,29,-10,-2,45,123
BAC,Bank of America,44.97,45,19,7,16,87,7,26,-9,12,36,123
ARMK,Aramark,40.14,2,23,5,38,68,-9,27,-17,54,55,123
ANSS,Ansys,339.03,20,19,7,9,55,25,32,-11,21,67,122
RMD,Resmed,252.27,21,25,7,11,64,26,31,-10,11,58,122
PPL,PPL Corporation,34.02,-16,-4,66,21,67,-21,-15,78,12,54,121
VRTX,Vertex Pharmaceuticals,450.31,7,-23,0,102,86,5,-18,13,35,35,121
BXP,"BXP, Inc.",74.13,54,17,0,0,71,26,32,-19,11,50,121
MO,Altria,59.24,-16,16,60,43,103,-19,7,16,14,18,121
DCI,Donaldson Company,70.39,-2,19,0,63,80,2,30,-19,28,41,121
KBR,"KBR, Inc.",53.56,7,23,-20,62,72,22,-8,-21,55,48,120
TXN,Texas Instruments,192.36,37,19,0,20,76,28,23,-21,14,44,120
MAR,Marriott International,265.64,7,19,6,56,88,-10,26,-9,25,32,120
MTG,MGIC Investment Corporation,26.3,1,32,9,53,95,-14,32,-19,26,25,120
TWLO,Twilio,121.73,63,11,37,-32,79,14,25,-8,9,40,119
CMG,Chipotle Mexican Grill,52.49,21,3,-14,78,88,25,-5,-16,27,31,119
LPX,Louisiana-Pacific,91.63,3,0,0,61,64,22,23,-14,24,55,119
XP,XP Inc.,19.71,65,33,2,0,100,-12,31,6,-6,19,119
HRB,H&R Block,58.26,34,0,1,50,85,-9,-12,4,50,33,118
TXRH,Texas Roadhouse,195.14,3,20,5,62,90,-9,25,-17,29,28,118
WBS,Webster Bank,53.7,28,19,1,12,60,26,27,-10,15,58,118
EXE,Expand Energy,117.36,0,39,31,0,70,-15,24,31,8,48,118
OZK,Bank OZK,45.87,7,19,7,54,87,26,-3,-9,17,31,118
CWEN,Clearway Energy (Class C),30.51,1,17,48,2,68,2,28,12,8,50,118
VICI,Vici Properties,31.46,0,0,48,13,61,1,-13,13,55,56,117
APO,Apollo Global Management,133.45,7,1,0,95,103,7,-7,-13,24,11,114
KR,Kroger,66.16,-28,-4,69,65,102,-26,-15,40,13,12,114
UI,Ubiquiti,408.54,13,20,42,8,83,-2,34,-9,8,31,114
CNA,CNA Financial,47.11,-18,-3,84,55,118,-17,-4,-1,18,-4,114
FNB,FNB Corporation,14.06,7,19,-3,53,76,7,32,-18,17,38,114
LLYVA,Liberty Live (Series A),76.42,14,32,18,0,64,24,32,-6,0,50,114
BROS,Dutch Bros. Coffee,73.09,34,11,43,0,88,-4,25,-5,9,25,113
CRWD,CrowdStrike,468.43,0,32,35,0,67,1,34,-7,18,46,113
ADSK,Autodesk,297.86,0,22,44,12,78,-1,32,-14,17,34,112
HIW,Highwoods Properties,31.08,35,25,1,4,65,26,32,-22,11,47,112
CHE,Chemed Corporation,562.0,-34,-12,-1,183,136,-42,11,13,-6,-24,112
NTNX,Nutanix,77.1,5,25,21,20,71,-3,26,-5,22,40,111
DT,Dynatrace,55.0,25,17,4,0,46,30,25,-8,18,65,111
EA,Electronic Arts,149.57,21,41,0,5,67,30,-11,6,19,44,111
HBAN,Huntington Bancshares,16.21,28,19,7,19,73,7,30,-13,14,38,111
BRK-B,Berkshire Hathaway,493.7,-36,-4,114,60,134,-47,-16,15,24,-24,110
UGI,UGI Corporation,35.51,-16,33,32,2,51,-16,32,39,3,58,109
WTFC,Wintrust Financial,121.71,7,19,7,47,80,-9,32,-11,17,29,109
EEFT,Euronet Worldwide,111.86,27,22,5,0,54,26,24,-7,11,54,108
RPRX,Royalty Pharma,33.78,29,22,22,0,73,54,1,16,-36,35,108
LOAR,Loar Holdings,89.81,41,42,0,0,83,30,-9,4,0,25,108
AL,Air Lease Corporation,57.67,7,25,7,20,59,10,25,-10,24,49,108
FCX,Freeport-McMoRan,41.49,35,19,-27,56,83,30,25,-26,-4,25,108
WTM,White Mountains Insurance Group,1816.4,2,1,0,57,60,5,-2,-10,54,47,107
ULTA,Ulta Beauty,465.4,63,29,2,2,96,-17,32,2,-7,10,106
TW,Tradeweb,140.05,-34,18,99,0,83,3,-1,-1,21,22,105
DECK,Deckers Brands,109.22,0,0,-14,91,77,19,-10,-10,29,28,105
MANH,Manhattan Associates,192.93,21,13,-19,63,78,19,-1,-17,25,26,104
CUBE,CubeSmart,43.26,49,25,-13,20,81,7,30,-26,12,23,104
REG,Regency Centers,72.01,2,17,58,51,128,-33,-4,-5,17,-25,103
DOX,Amdocs,92.27,3,28,7,56,94,-11,26,-9,3,9,103
GL,Globe Life,121.73,1,1,35,12,49,-15,17,46,6,54,103
RITM,Rithm Capital,11.34,7,19,7,30,63,24,-3,-5,24,40,103
STLD,Steel Dynamics,133.51,0,31,0,53,84,-10,-6,-21,55,18,102
H,Hyatt Hotels,132.7,7,2,-13,53,49,-8,25,-17,53,53,102
STT,State Street Corporation,98.39,7,21,7,14,49,25,26,-10,12,53,102
IR,Ingersoll Rand,83.11,13,18,-11,21,41,26,25,-18,27,60,101
CRH,CRH plc,92.55,1,0,1,62,64,23,-5,-7,25,36,100
WEC,WEC Energy Group,105.6,-15,0,45,11,41,-16,8,58,9,59,100
CWEN-A,Clearway Energy (Class A),28.55,0,17,48,4,69,-17,28,12,8,31,100
XYL,Xylem Inc.,126.67,28,19,0,20,67,26,29,-42,20,33,100
DBX,Dropbox,29.47,35,6,9,7,57,52,-6,-10,6,42,99
LHX,L3Harris,244.3,3,41,2,3,49,2,34,2,12,50,99
VZ,Verizon,43.79,7,16,20,8,51,1,22,13,12,48,99
ALSN,Allison Transmission,103.56,7,18,7,33,65,-12,25,-11,32,34,99
LITE,Lumentum,81.48,28,17,4,1,50,26,25,-11,8,48,98
ECG,Everus Construction Group,61.18,28,17,0,0,45,26,34,-7,0,53,98
AEE,Ameren,96.01,0,-8,47,11,50,-8,-4,52,8,48,98
MP,MP Materials,25.69,42,2,22,0,66,22,-27,35,2,32,98
SPR,Spirit AeroSystems,37.96,1,33,8,0,42,-10,34,20,12,56,98
CR,Crane Co.,177.67,26,26,6,0,58,26,28,-18,3,39,97
DG,Dollar General,113.49,28,60,0,-15,73,28,8,12,-24,24,97
LAD,Lithia Motors,321.65,30,0,-3,12,39,25,25,-12,19,57,96
SOFI,SoFi,14.24,18,11,36,0,65,30,2,-10,9,31,96
NDSN,Nordson,214.74,49,18,-26,0,41,55,24,-19,-5,55,96
AYI,Acuity Brands,270.24,13,0,0,25,38,26,24,-11,18,57,95
ROST,Ross Stores,143.81,11,28,-3,33,69,2,-4,1,27,26,95
DOCS,Doximity,58.85,28,0,44,0,72,30,-10,-7,10,23,95
CUZ,Cousins Properties,29.38,51,9,1,9,70,26,2,-14,11,25,95
CNP,Centerpoint Energy,36.6,-14,0,39,43,68,-7,-13,33,13,26,94
XPO,"XPO, Inc.",118.52,7,1,-3,59,64,19,-1,-13,25,30,94
ADT,ADT Inc.,8.43,2,39,21,0,62,-12,23,15,6,32,94
PHM,PulteGroup,100.23,21,3,-13,63,74,25,-8,-24,27,20,94
BJ,BJ's Wholesale Club,111.1,-41,0,68,8,35,-26,-2,30,56,58,93
ALNY,Alnylam Pharmaceuticals,300.75,48,18,7,13,86,-8,26,-24,13,7,93
MASI,Masimo,172.03,44,2,36,-4,78,7,5,-5,8,15,93
MORN,"Morningstar, Inc.",312.43,8,19,-10,26,43,25,25,-16,16,50,93
UHS,Universal Health Services,189.35,7,23,-1,20,49,21,23,-25,24,43,92
VNO,Vornado Realty Trust,40.25,28,9,1,2,40,26,25,-13,13,51,91
MSM,MSC Industrial Direct,81.13,3,19,0,56,78,7,34,-21,-7,13,91
SLGN,Silgan Holdings,54.19,-35,25,9,78,77,-16,32,-13,11,14,91
HXL,Hexcel,56.4,48,1,-19,0,30,58,20,-11,-7,60,90
CFLT,"Confluent, Inc.",24.35,63,0,-6,0,57,26,13,-8,2,33,90
AMD,Advanced Micro Devices,116.16,33,18,-32,108,127,-2,25,-56,-5,-38,89
AGO,Assured Guaranty,85.4,7,10,0,54,71,19,-11,-10,20,18,89
PCTY,Paylocity,194.28,5,3,32,0,40,23,32,-9,3,49,89
EWBC,East West Bancorp,94.29,8,19,1,20,48,7,30,-13,17,41,89
HII,Huntington Ingalls Industries,226.51,9,58,0,4,71,26,-7,6,-7,18,89
VTR,"Ventas, Inc.",63.62,0,-8,62,20,74,4,-15,13,13,15,89
FTV,Fortive,73.01,28,4,-11,31,52,26,21,-7,-3,37,89
AR,Antero Resources,38.64,0,19,31,8,58,4,20,-2,8,30,88
CG,Carlyle Group (The),46.26,8,10,0,19,37,23,21,-10,16,50,87
ETSY,Etsy,63.84,63,9,0,-28,44,75,19,-16,-35,43,87
DAL,Delta Air Lines,50.94,8,1,-3,17,23,26,25,-11,24,64,87
NVR,"NVR, Inc.",7101.07,19,-1,-13,63,68,22,-8,-22,27,19,87
UBER,Uber,85.6,0,31,8,0,39,19,-1,6,24,48,87
NEE,NextEra Energy,72.14,41,6,0,0,47,52,1,-24,11,40,87
ABNB,Airbnb,140.66,27,4,1,0,32,33,32,-8,-3,54,86
ROKU,"Roku, Inc.",78.51,62,0,0,-17,45,23,24,-8,2,41,86
FIVE,Five Below,127.29,63,21,0,-14,70,-3,30,1,-13,15,85
ALK,Alaska Air Group,52.48,7,0,35,2,44,19,22,-7,7,41,85
DKS,Dick's Sporting Goods,180.75,14,-16,-3,61,56,19,-10,-11,31,29,85
MDT,Medtronic,87.39,28,0,1,0,29,51,-3,-4,11,55,84
EOG,EOG Resources,113.97,12,0,-10,43,45,6,-6,-11,49,38,83
DDOG,Datadog,122.19,38,9,-13,0,34,26,26,-16,13,49,83
LEN-B,Lennar (Class B),104.29,21,0,-18,60,63,25,-8,-25,28,20,83
AFRM,Affirm Holdings,58.89,37,1,2,0,40,33,2,-7,15,43,83
OSK,Oshkosh Corporation,109.35,28,18,1,2,49,24,23,-10,-3,34,83
DHI,D. R. Horton,120.73,20,-1,-18,63,64,25,-10,-25,28,18,82
RRC,Range Resources,38.39,-50,19,24,40,33,-19,20,-5,53,49,82
SUI,Sun Communities,124.49,49,10,1,-22,38,57,-13,-9,9,44,82
USB,U.S. Bancorp,44.74,30,19,0,2,51,7,25,-14,13,31,82
LDOS,Leidos,148.13,0,31,-3,21,49,17,-4,3,17,33,82
CSX,CSX Corporation,32.23,31,18,-26,2,25,61,22,-22,-4,57,82
PNFP,Pinnacle Financial Partners,108.05,7,19,1,13,40,5,30,-10,16,41,81
PRU,Prudential Financial,105.57,13,9,-3,53,72,7,1,-17,17,8,80
ES,Eversource Energy,65.47,49,22,5,-8,68,38,25,-25,-26,12,80
ZION,Zions Bancorporation,49.29,27,1,0,2,30,26,24,-13,13,50,80
FITB,Fifth Third Bancorp,39.42,28,4,0,20,52,7,24,-17,14,28,80
FCNCA,First Citizens BancShares,1856.63,3,1,-3,57,58,18,-4,-11,19,22,80
ZI,ZoomInfo,10.34,98,3,-13,0,88,21,22,-18,-34,-9,79
ZG,Zillow (Class A),69.41,34,3,44,-39,42,26,1,-8,18,37,79
COHR,Coherent Corp.,79.72,26,18,0,13,57,-2,25,-14,13,22,79
SOLV,Solventum,74.85,28,4,0,0,32,33,20,-6,0,47,79
SYF,Synchrony Financial,59.22,7,19,7,19,52,-11,32,-10,16,27,79
DLTR,Dollar Tree,94.47,14,36,0,-13,37,12,35,15,-20,42,79
LLYVK,Liberty Live (Series C),77.7,17,25,19,0,61,24,-1,-6,0,17,78
NWSA,News Corp (Class A),27.8,-9,19,7,56,73,-39,32,-7,19,5,78
MUSA,Murphy USA,425.24,0,-21,-3,66,42,-2,-21,-19,77,35,77
INFA,Informatica,24.13,66,10,-32,0,44,23,32,-17,-5,33,77
SNV,Synovus,49.07,9,19,1,19,48,5,25,-13,12,29,77
TNL,Travel + Leisure Co.,49.96,27,9,7,14,57,-10,25,-7,12,20,77
JHG,Janus Henderson,36.81,5,4,0,17,26,19,25,-9,16,51,77
CMA,Comerica,58.63,27,1,0,2,30,26,24,-14,10,46,76
KIM,Kimco Realty,20.98,0,18,-1,53,70,-21,32,-18,12,5,75
NTRS,Northern Trust,107.91,7,19,6,9,41,7,25,-9,11,34,75
NVT,Nvent Electric,68.06,27,19,-16,10,40,24,32,-18,-3,35,75
EVRG,Evergy,65.24,-17,-3,48,12,40,-27,-13,67,8,35,75
MAS,Masco,63.19,8,0,-10,63,61,22,-6,-22,19,13,74
BSY,Bentley Systems,49.76,20,22,0,0,42,20,34,-18,-4,32,74
MTB,M&T Bank,184.13,7,19,0,20,46,5,25,-14,12,28,74
CMS,CMS Energy,70.01,4,-11,66,21,80,-13,-17,12,12,-6,74
DELL,Dell Technologies,113.78,9,19,-15,30,43,19,32,-19,-2,30,73
FIS,Fidelity National Information Services,81.22,27,34,0,-35,26,26,32,-20,9,47,73
TXT,Textron,75.6,22,19,-25,51,67,26,29,-46,-3,6,73
ALGM,Allegro MicroSystems,28.82,28,18,1,0,47,26,19,-5,-14,26,73
PINS,Pinterest,34.2,30,4,0,0,34,30,20,-9,-3,38,72
Z,Zillow (Class C),70.28,33,1,1,0,35,26,1,-8,18,37,72
RF,Regions Financial Corporation,22.07,7,18,0,20,45,7,25,-17,12,27,72
GLPI,Gaming and Leisure Properties,46.44,2,-27,0,63,38,4,-22,-4,55,33,71
MSCI,MSCI,568.64,12,17,0,12,41,26,-1,-13,18,30,71
SBUX,Starbucks,89.65,27,0,0,0,27,26,18,-5,5,44,71
NCLH,Norwegian Cruise Line Holdings,19.55,26,0,-10,0,16,26,20,-10,18,54,70
POST,Post Holdings,109.39,0,-22,0,85,63,-14,-29,-5,55,7,70
SEG,Seaport Entertainment Group,20.62,61,0,0,0,61,26,1,-18,0,9,70
CFR,Frost Bank,129.32,7,19,8,2,36,7,29,-10,8,34,70
DAY,Dayforce,60.43,29,4,-10,-10,13,54,13,-14,3,56,69
WTW,Willis Towers Watson,309.26,-15,-31,84,22,60,-19,6,-5,27,9,69
TYL,Tyler Technologies,576.21,19,0,0,15,34,19,18,-18,16,35,69
LNW,Light & Wonder,87.03,0,0,-11,55,44,5,1,-5,23,24,68
ALLY,Ally Financial,36.3,44,9,0,2,55,7,3,-11,14,13,68
CBSH,Commerce Bancshares,63.41,5,19,9,9,42,26,-1,-10,11,26,68
AGNC,AGNC Investment,9.12,17,4,1,14,36,19,2,-4,15,32,68
WPC,W. P. Carey,62.59,1,16,19,0,36,5,8,16,3,32,68
AFL,Aflac,103.67,7,-12,0,56,51,-12,-15,-9,53,17,68
XYZ,"Block, Inc.",64.98,77,0,-14,-34,29,26,16,-15,11,38,67
BRX,Brixmor Property Group,25.6,7,1,0,53,61,5,-6,-17,24,6,67
PAYC,Paycom,265.55,31,32,9,-22,50,26,32,-6,-35,17,67
CCK,Crown Holdings,99.98,7,29,7,3,46,19,1,-9,10,21,67
OC,Owens Corning,135.26,7,-6,-14,56,43,24,-10,-18,27,23,66
VNOM,Viper Energy,41.37,7,0,0,42,49,-2,-8,-18,45,17,66
AGCO,AGCO,100.98,7,21,0,0,28,21,26,1,-11,37,65
NEM,Newmont,52.35,-7,43,9,3,48,-5,5,9,8,17,65
APD,Air Products,279.8,44,0,0,14,58,-12,20,-9,8,7,65
WSM,"Williams-Sonoma, Inc.",157.99,-3,0,7,63,67,-7,-7,-7,19,-2,65
RNR,RenaissanceRe,246.83,0,16,0,33,49,-16,24,-19,26,15,64
CHH,Choice Hotels,128.72,7,0,-3,13,17,22,20,-7,12,47,64
AAP,Advance Auto Parts,52.5,77,11,0,-26,62,26,18,-10,-32,2,64
BKR,Baker Hughes,37.9,35,-45,0,33,23,7,18,-9,24,40,63
LYFT,Lyft,15.52,0,20,5,0,25,23,30,-17,2,38,63
PNC,PNC Financial Services,178.62,13,9,0,12,34,7,24,-14,12,29,63
X,U.S. Steel,53.39,0,14,9,24,47,-13,10,13,4,14,61
UNH,UnitedHealth Group,303.14,0,-35,-8,-2,-45,-25,-30,-21,182,106,61
APPF,AppFolio,217.12,26,4,-8,26,48,-2,-1,-10,26,13,61
ADC,Agree Realty,73.99,-15,0,53,14,52,-16,1,13,11,9,61
ZBRA,Zebra Technologies,295.4,25,5,-11,-5,14,23,24,-11,11,47,61
CPAY,Corpay,337.45,13,2,1,19,35,19,-7,-9,23,26,61
KEY,Keycorp,16.33,13,19,0,2,34,7,25,-17,11,26,60
OWL,Blue Owl Capital,19.25,27,1,0,0,28,23,1,-11,19,32,60
JKHY,Jack Henry & Associates,181.84,7,16,6,2,31,19,18,-17,9,29,60
ROIV,Roivant Sciences,11.22,48,29,-2,0,75,-9,-11,-18,22,-16,59
SNDK,SanDisk,39.15,13,0,0,0,13,26,19,0,0,45,58
CTRA,Coterra,25.58,35,-44,1,42,34,4,11,-2,11,24,58
EFX,Equifax,268.41,7,31,1,14,53,21,-4,-28,16,5,58
CI,Cigna,312.18,-16,-4,-1,56,35,-26,-16,10,55,23,58
SYY,Sysco,74.51,33,6,0,1,40,5,19,-18,12,18,58
HAYW,Hayward Holdings,14.02,25,19,-3,0,41,23,-4,-16,14,17,58
AS,Amer Sports,37.52,23,19,0,0,42,-2,24,-6,0,16,58
FHB,"First Hawaiian, Inc.",24.15,7,1,0,12,20,7,29,-10,12,38,58
MU,Micron Technology,108.56,35,18,-25,20,48,30,24,-42,-3,9,57
MIDD,Middleby,147.2,7,0,4,0,11,22,19,-6,11,46,57
EGP,EastGroup Properties,171.2,7,16,0,6,29,5,31,-5,-3,28,57
IDXX,Idexx Laboratories,525.06,34,26,4,2,66,-2,32,-34,-6,-10,56
CNH,CNH Industrial,12.73,7,20,9,0,36,19,26,-4,-21,20,56
FOXA,Fox Corporation (Class A),54.37,-30,18,58,0,46,-18,19,-3,12,10,56
ZTS,Zoetis,169.69,67,16,-25,2,60,2,25,-28,-3,-4,56
CTSH,Cognizant,80.27,1,19,6,12,38,-16,25,-8,16,17,55
ATR,AptarGroup,153.33,-27,25,0,18,16,2,32,-18,23,39,55
ED,Consolidated Edison,101.6,-16,-3,18,45,44,-25,-19,12,43,11,55
JLL,Jones Lang LaSalle,230.05,23,0,0,12,35,25,-7,-10,12,20,55
TRGP,Targa Resources,167.05,18,-45,0,49,22,7,-17,-10,52,32,54
VVV,Valvoline,36.66,28,4,-16,29,45,29,20,-38,-2,9,54
NYT,New York Times Company,55.82,-9,30,5,14,40,-20,32,-17,19,14,54
ACN,Accenture,317.57,8,0,-13,12,7,15,24,-9,17,47,54
TTEK,Tetra Tech,35.6,7,17,-19,3,8,19,32,-22,17,46,54
CFG,Citizens Financial Group,41.35,13,7,0,2,22,5,24,-10,12,31,53
RRX,Regal Rexnord,139.84,14,19,-18,1,16,21,24,-19,11,37,53
IDA,Idacorp,114.96,-15,0,46,16,47,-26,8,16,8,6,53
LEN,Lennar (Class A),108.52,21,0,-20,62,63,25,-9,-25,-1,-10,53
NVST,Envista,18.72,55,4,-13,0,46,25,25,-13,-30,7,53
SNDR,Schneider National,24.11,26,0,-13,0,13,31,18,-17,8,40,53
LAZ,Lazard,44.9,8,2,0,18,28,7,24,-18,11,24,52
BEPC,Brookfield Renewable Partners,29.61,28,20,0,0,48,-12,31,-23,8,4,52
BFAM,Bright Horizons,126.94,-10,17,4,6,17,-9,26,5,13,35,52
PSN,Parsons Corporation,69.07,23,4,-17,0,10,26,3,-20,33,42,52
CARR,Carrier Global,71.04,1,26,0,0,27,21,-1,-19,24,25,52
GPK,Graphic Packaging,22.25,0,-63,-9,56,-16,19,1,-22,69,67,51
AMTM,Amentum,22.41,14,31,0,0,45,22,-4,-12,0,6,51
HOLX,Hologic,64.33,60,7,-25,0,42,25,14,-25,-5,9,51
ARW,Arrow Electronics,121.87,26,26,-32,2,22,26,32,-23,-6,29,51
CART,Maplebear Inc.,45.64,-4,15,13,0,24,-1,34,-7,0,26,50
XEL,Xcel Energy,68.5,-24,-3,41,10,24,-27,-3,49,7,26,50
JNPR,Juniper Networks,35.9,0,14,0,52,66,-2,-5,-27,18,-16,50
HAS,Hasbro,66.31,2,19,4,0,25,9,30,-24,9,24,49
KEYS,Keysight,161.95,3,19,6,0,28,26,-1,-7,3,21,49
AMT,American Tower,212.5,0,0,6,0,6,21,2,10,9,42,48
TKR,Timken Company,71.79,21,4,-14,2,13,26,23,-11,-3,35,48
CIEN,Ciena,72.71,-14,19,9,10,24,-11,32,-11,14,24,48
NU,Nubank,12.14,6,30,0,0,36,23,-7,-21,17,12,48
ESI,Element Solutions,21.68,7,0,-10,55,52,-2,-1,-19,18,-4,48
CSGP,CoStar Group,78.54,22,1,0,12,35,25,-18,13,-7,13,48
FOX,Fox Corporation (Class B),49.79,-31,18,57,0,44,-18,19,-4,7,4,48
FOUR,Shift4,94.33,6,0,0,0,6,-1,28,-7,22,42,48
DXCM,Dexcom,86.65,11,23,0,-12,22,7,32,-7,-7,25,47
COIN,Coinbase,251.15,-1,18,0,0,17,-5,32,-13,16,30,47
MSGS,Madison Square Garden Sports,191.17,3,0,-10,19,12,30,-4,-16,25,35,47
VOYA,Voya Financial,66.75,2,19,-13,2,10,4,22,-18,29,37,47
FNF,Fidelity National Financial,54.72,6,-21,0,56,41,4,-16,-1,19,6,47
TFSL,Third Federal S&L,13.29,2,32,7,3,44,9,-4,-19,17,3,47
AEP,American Electric Power,101.78,-15,-8,63,21,61,-23,-17,13,12,-15,46
LBRDA,Liberty Broadband (Series A),93.3,0,30,37,-34,33,19,-2,-11,6,12,45
OTIS,Otis Worldwide,96.06,7,0,0,0,7,21,-3,-4,24,38,45
BA,Boeing,210.78,1,32,4,0,37,-9,32,-7,-9,7,44
LBRDK,Liberty Broadband (Series C),94.2,0,30,37,-34,33,19,-3,-11,6,11,44
NLY,Annaly Capital Management,19.06,5,1,8,8,22,19,-7,-4,14,22,44
OLED,Universal Display Corporation,151.22,28,19,-27,0,20,30,26,-30,-3,23,43
BHF,Brighthouse Financial,59.31,2,22,8,9,41,4,-1,-7,6,2,43
AFG,American Financial Group,125.1,7,0,-2,54,59,4,-15,-18,12,-17,42
MDB,MongoDB Inc.,220.19,33,2,-16,-7,12,30,24,-17,-7,30,42
LFUS,Littelfuse,217.63,23,19,-15,0,27,26,24,-29,-6,15,42
WAT,Waters Corporation,351.11,1,1,2,12,16,-1,25,-10,12,26,42
CRM,Salesforce,274.68,7,0,-3,20,24,16,-6,-11,19,18,42
HUBS,HubSpot,607.94,7,0,0,9,16,23,-6,-8,17,26,42
CAR,Avis Budget Group,122.97,5,35,0,-18,22,6,45,3,-35,19,41
AMH,American Homes 4 Rent,36.67,-16,38,0,66,88,-28,-3,-29,13,-47,41
PCOR,Procore,67.86,14,0,-1,0,13,23,-5,-7,17,28,41
ZM,Zoom Communications,80.32,-7,20,39,0,52,-2,-2,-10,2,-12,40
NCNO,nCino,27.3,14,4,-16,0,2,22,21,-18,13,38,40
DPZ,Domino's,468.04,0,0,12,8,20,-9,-4,17,16,20,40
TPG,TPG Inc.,50.25,18,2,-3,0,17,26,-7,-14,17,22,39
PINC,"Premier, Inc.",22.93,0,30,7,-26,11,-2,56,5,-32,27,38
FRPT,Freshpet,80.42,-1,0,-14,-4,-19,30,19,-10,17,56,37
LW,Lamb Weston,55.66,57,7,-62,-6,-4,58,11,-16,-12,41,37
LNT,Alliant Energy,60.47,-21,0,58,12,49,-19,-3,-1,11,-12,37
PNW,Pinnacle West Capital,89.09,-28,-4,58,16,42,-27,-15,12,24,-6,36
OKTA,"Okta, Inc.",105.13,0,28,14,-22,20,-3,-4,19,4,16,36
IONS,Ionis Pharmaceuticals,35.3,38,22,-39,-9,12,40,28,-36,-8,24,36
BEN,Franklin Templeton Investments,21.88,8,22,0,-7,23,14,32,-13,-20,13,36
PYPL,PayPal,73.43,22,9,0,-37,-6,23,25,-14,7,41,35
TER,Teradyne,85.22,28,0,-19,-4,5,25,20,-13,-3,29,34
EW,Edwards Lifesciences,77.52,3,31,0,-12,22,-7,32,20,-33,12,34
IP,International Paper,47.35,0,-5,0,14,9,4,17,-10,14,25,34
GXO,GXO Logistics,42.19,27,19,-27,0,19,21,25,-25,-6,15,34
BIRK,Birkenstock,54.77,28,21,5,0,54,-5,-5,-10,0,-20,34
XOM,ExxonMobil,104.25,7,-14,-3,42,32,-12,-9,-25,48,2,34
TEAM,Atlassian,214.57,21,0,0,-4,17,23,-8,-8,9,16,33
A,Agilent Technologies,115.8,21,0,-13,-3,5,19,22,-10,-3,28,33
VNT,Vontier,36.1,12,19,-3,0,28,-6,26,-13,-3,4,32
CEG,Constellation Energy,298.9,-14,19,6,0,11,-19,34,-11,17,21,32
EXR,Extra Space Storage,149.83,0,16,-3,0,13,2,32,-26,11,19,32
NNN,NNN Reit,41.69,7,17,-3,20,41,3,1,-25,12,-9,32
DIS,Walt Disney Company (The),113.89,44,19,5,-39,29,-9,23,-9,-3,2,31
PSA,Public Storage,302.97,0,20,-1,13,32,-20,32,-25,11,-2,30
MKSI,MKS Instruments,88.61,21,4,-17,-11,-3,23,24,-11,-3,33,30
MPC,Marathon Petroleum,160.12,7,21,0,47,75,-15,25,-49,-6,-45,30
FSLR,First Solar,166.35,10,18,-29,60,59,19,-4,-41,-4,-30,29
HES,Hess Corporation,136.05,38,-44,-10,53,37,-12,4,-1,1,-8,29
INGM,Ingram Micro,20.08,11,4,0,0,15,23,-1,-8,0,14,29
GTLB,GitLab,48.78,14,0,-11,0,3,26,-6,-10,16,26,29
IRDM,Iridium Communications,27.75,32,1,-11,-17,5,31,23,-13,-17,24,29
PODD,Insulet,311.77,-16,20,35,2,41,-44,24,4,4,-12,29
SPG,Simon Property Group,162.09,2,1,0,33,36,-14,-7,-5,19,-7,29
KMPR,Kemper Corporation,63.91,7,9,0,2,18,-12,20,-10,12,10,28
MDU,MDU Resources,16.8,-16,17,0,38,39,-20,-7,-11,27,-11,28
BURL,Burlington Stores,246.11,6,2,0,1,9,23,-3,-16,15,19,28
WDAY,"Workday, Inc.",252.74,0,6,0,12,18,7,-5,-13,20,9,27
FLS,Flowserve,48.87,-21,0,-1,25,3,-12,24,-11,23,24,27
JNJ,Johnson & Johnson,155.01,7,1,2,5,15,5,7,-4,4,12,27
MTD,Mettler Toledo,1182.57,25,4,-13,0,16,21,24,-31,-3,11,27
RKT,Rocket Companies,12.77,3,-6,-9,0,-12,-2,15,8,18,39,27
CNXC,Concentrix,56.66,8,19,0,0,27,11,22,-2,-31,0,27
GEHC,GE HealthCare,71.6,27,0,-10,0,17,19,-7,-8,6,10,27
INCY,Incyte,68.76,39,5,0,-29,15,1,27,-21,5,12,27
HSIC,Schein (Henry),70.4,-3,0,-2,0,-5,16,23,-9,1,31,26
OKE,Oneok,81.7,7,-45,-3,52,11,-12,-7,-15,49,15,26
BALL,Ball Corporation,53.73,26,19,-25,-9,11,19,31,-32,-3,15,26
KRC,Kilroy Realty,34.92,34,9,-10,-38,-5,26,12,-16,9,31,26
SAIC,SAIC,105.33,-70,-5,-27,65,-37,9,-5,4,55,63,26
MCHP,Microchip Technology,65.23,37,19,-36,0,20,30,25,-45,-5,5,25
PLD,Prologis,108.81,7,9,-13,0,3,5,30,-10,-3,22,25
VLO,Valero Energy,128.35,0,19,-34,42,27,-12,21,-9,-3,-3,24
SW,Smurfit Westrock,43.32,0,0,0,0,0,17,20,-13,0,24,24
CACC,Credit Acceptance,505.61,7,1,0,0,8,23,1,-5,-3,16,24
QCOM,Qualcomm,149.19,7,4,-15,20,16,26,27,-42,-3,8,24
FR,First Industrial Realty Trust,49.56,7,2,-3,12,18,5,-6,-5,12,6,24
GNRC,Generac,127.86,26,3,-10,-32,-13,25,21,-18,8,36,23
FAF,First American Financial Corporation,56.42,6,-24,-3,12,-9,37,-12,-9,16,32,23
AVY,Avery Dennison,179.87,7,18,-25,2,2,25,32,-33,-3,21,23
CHRW,C.H. Robinson,95.82,0,17,0,0,17,-2,19,-17,6,6,23
BOKF,BOK Financial Corporation,96.46,7,0,-2,20,25,5,-4,-16,12,-3,22
THO,Thor Industries,86.58,28,3,-16,0,15,5,25,-19,-4,7,22
HSY,Hershey Company (The),161.81,49,-18,-35,-2,-6,64,-15,-4,-17,28,22
BLD,TopBuild,296.95,21,0,-19,44,46,25,-12,-36,-1,-24,22
AWK,American Water Works,140.07,-21,0,16,0,-5,1,7,12,6,26,21
MOS,Mosaic Company (The),34.76,-7,39,6,-14,24,-12,32,5,-28,-3,21
AXTA,Axalta,30.72,0,-6,-6,20,8,17,-9,-19,24,13,21
HST,Host Hotels & Resorts,15.77,7,19,-22,2,6,2,32,-17,-4,13,19
PATH,UiPath,13.21,-16,9,-1,0,-8,16,34,-15,-8,27,19
ALLE,Allegion,139.15,-35,31,0,19,15,7,-1,-22,20,4,19
ALAB,Astera Labs,90.7,-4,17,0,0,13,-8,26,-12,0,6,19
GRAL,"Grail, Inc.",38.39,-4,0,0,0,-4,-3,32,-7,0,22,18
GAP,Gap Inc.,21.94,-42,28,-2,16,0,2,-2,1,17,18,18
SFD,Smithfield Foods,22.98,-9,14,0,0,5,-19,32,0,0,13,18
TFC,Truist Financial,40.64,8,1,0,2,11,7,1,-13,12,7,18
BC,Brunswick Corporation,56.32,28,3,-28,-5,-2,26,19,-19,-7,19,17
MRP,Millrose Properties,27.63,-6,8,0,0,2,-14,29,0,0,15,17
UDR,"UDR, Inc.",41.06,2,0,0,0,2,18,-12,-5,11,12,14
TROW,T. Rowe Price,94.28,2,4,-13,-23,-30,23,25,-15,11,44,14
ADBE,Adobe Inc.,416.74,14,17,-26,-4,1,22,24,-30,-3,13,14
NXST,Nexstar Media Group,168.93,0,18,4,2,24,-14,18,-22,8,-10,14
IT,Gartner,422.49,-56,0,-11,56,-11,-51,29,-9,55,24,13
BBY,Best Buy,73.0,22,1,-14,-4,5,25,-7,-25,14,7,12
SMCI,Supermicro,41.54,1,0,-41,56,16,-9,18,-6,-7,-4,12
DKNG,DraftKings,35.82,7,0,-11,0,-4,10,-5,-8,18,15,11
FI,Fiserv,166.71,19,-45,-4,33,3,19,-31,-5,25,8,11
MTDR,Matador Resources,45.79,28,0,-19,0,9,-2,19,-12,-4,1,10
ESTC,Elastic NV,86.36,14,0,-3,-4,7,17,-4,-8,-2,3,10
ON,ON Semiconductor,50.18,28,4,-27,0,5,26,25,-33,-13,5,10
CRUS,Cirrus Logic,101.04,2,19,-13,17,25,19,-2,-31,-1,-15,10
O,Realty Income,55.99,0,15,0,5,20,1,1,-24,11,-11,9
LNC,Lincoln Financial,33.41,7,1,8,-4,12,5,-7,-8,6,-4,8
FANG,Diamondback Energy,140.67,29,1,-19,45,56,-11,4,-38,-3,-48,8
COKE,Coca-Cola Consolidated,108.67,-35,-26,0,83,22,-35,-26,-5,50,-16,6
CHTR,Charter Communications,396.43,0,30,8,-34,4,19,-4,-18,4,1,5
WAL,Western Alliance Bancorporation,74.33,7,0,-2,2,7,5,-6,-17,16,-2,5
DVA,DaVita,137.88,2,-38,0,18,-18,19,-4,-10,17,22,4
CCCS,CCC Intelligent Solutions,8.98,21,0,-18,0,3,26,-4,-17,-4,1,4
LUV,Southwest Airlines,33.44,2,18,6,-37,-11,7,21,-15,2,15,4
TSLA,"Tesla, Inc.",295.12,-24,1,33,8,18,-38,30,-14,8,-14,4
UHAL,U-Haul,62.82,0,0,-5,20,15,-4,-7,-18,18,-11,4
MAT,Mattel,18.85,0,18,4,0,22,-2,20,-8,-29,-19,3
WST,West Pharmaceutical Services,224.68,21,2,-17,-5,1,23,2,-17,-6,2,3
WEX,WEX Inc.,138.49,23,1,-33,-3,-12,26,19,-24,-6,15,3
PFG,Principal Financial Group,76.94,-36,0,-3,53,14,-16,-1,-10,16,-11,3
EG,Everest Group,346.19,3,0,-26,53,30,2,1,-27,-3,-27,3
WH,Wyndham Hotels & Resorts,83.47,0,-7,-1,9,1,2,-7,-7,13,1,2
CPT,Camden Property Trust,115.82,0,9,6,0,15,-9,-8,-5,9,-13,2
DOCU,DocuSign,75.27,-7,-1,-1,-10,-19,-3,25,-10,9,21,2
DD,DuPont,68.11,9,0,-11,17,15,19,-6,-25,-1,-13,2
ESS,Essex Property Trust,279.12,0,1,0,12,13,-9,-10,-5,12,-12,1
AMED,Amedisys,93.82,-4,36,2,-38,-4,-9,-9,15,8,5,1
EXC,Exelon,42.62,-28,-8,45,12,21,-27,-18,16,8,-21,0
AVB,AvalonBay Communities,203.13,0,0,0,14,14,2,-12,-18,13,-15,-1
SMG,Scotts Miracle-Gro Company,66.49,14,15,-12,-37,-20,12,18,-22,11,19,-1
TRU,TransUnion,86.06,7,8,-1,0,14,-2,-4,-21,12,-15,-1
WY,Weyerhaeuser,26.72,22,0,-13,0,9,19,1,-25,-6,-11,-2
INVH,Invitation Homes,33.17,-15,17,0,5,7,-21,-11,11,12,-9,-2
SWKS,Skyworks Solutions,71.58,27,17,-33,-28,-17,27,27,-36,-3,15,-2
BAH,Booz Allen Hamilton,103.25,-70,-8,-20,99,1,-14,-4,-22,36,-4,-3
AOS,A. O. Smith,64.35,0,0,-32,56,24,19,-5,-38,-3,-27,-3
G,Genpact,43.13,0,-24,43,0,19,-5,-21,-5,8,-23,-4
S,SentinelOne,18.36,0,0,-15,0,-15,24,-7,-18,12,11,-4
MEDP,Medpace,296.31,0,0,-17,30,13,-9,3,-9,-2,-17,-4
PB,Prosperity Bancshares,70.0,2,1,-2,12,13,-12,-4,-14,12,-18,-5
IEX,IDEX Corporation,183.32,7,8,-18,0,-3,23,-3,-18,-4,-2,-5
SITE,SiteOne Landscape Supply,122.0,24,0,-16,-7,1,24,-5,-19,-6,-6,-5
TTD,Trade Desk (The),71.46,-13,2,-17,2,-26,-5,25,-17,18,21,-5
FMC,FMC Corporation,42.75,51,8,-30,-22,7,25,12,-26,-24,-13,-6
FDX,FedEx,219.62,7,0,-16,30,21,-2,-6,-18,-2,-28,-7
YETI,Yeti Holdings,31.6,28,0,-25,-4,-1,-1,19,-16,-8,-6,-7
COLB,Columbia Banking System,23.91,5,1,0,-7,-1,5,-4,-16,8,-7,-8
DLB,Dolby Laboratories,74.96,3,0,0,0,3,-2,-5,-10,6,-11,-8
U,Unity Technologies,25.12,0,8,0,0,8,-8,32,-7,-33,-16,-8
OVV,Ovintiv,38.19,34,1,-27,0,8,-2,4,-14,-4,-16,-8
CVX,Chevron Corporation,140.18,7,-44,-10,46,-1,-11,2,-2,4,-7,-8
CPRT,Copart,50.1,-87,-10,-3,174,74,-90,-6,-13,26,-83,-9
VLTO,Veralto,100.25,-35,19,0,0,-16,4,26,-23,0,7,-9
LSCC,Lattice Semiconductor,48.03,7,0,-10,-3,-6,24,-7,-7,-13,-3,-9
KMB,Kimberly-Clark,133.54,-28,-2,0,16,-14,-33,14,-1,24,4,-10
RH,RH,183.42,3,0,-14,-5,-16,19,-7,-13,7,6,-10
WHR,Whirlpool Corporation,83.07,28,0,-14,-24,-10,26,18,-10,-34,0,-10
BMY,Bristol Myers Squibb,48.39,49,-44,-5,-3,-3,-12,5,-4,3,-8,-11
LULU,Lululemon Athletica,265.29,-7,-1,-1,-1,-10,-7,24,-10,-10,-3,-13
CL,Colgate-Palmolive,90.22,-28,-5,-1,21,-13,-27,7,-4,24,0,-13
HHH,Howard Hughes Holdings,68.64,2,0,-3,-4,-5,7,-9,-18,12,-8,-13
DV,DoubleVerify,14.79,28,0,-60,0,-32,33,1,-8,-8,18,-14
MKC,McCormick & Company,74.22,32,-37,0,-2,-7,4,-15,-4,8,-7,-14
FRT,Federal Realty Investment Trust,96.4,5,1,-13,2,-5,5,-8,-19,12,-10,-15
AMCR,Amcor,9.12,7,-6,-10,0,-9,23,-14,-25,9,-7,-16
W,Wayfair,45.28,63,19,-53,-39,-10,23,25,-17,-38,-7,-17
VKTX,Viking Therapeutics,27.83,7,1,-30,19,-3,17,-4,-23,-4,-14,-17
SHC,Sotera Health,12.29,7,24,-17,0,14,-2,-3,-22,-4,-31,-17
EMN,Eastman Chemical Company,78.82,-10,-2,-11,0,-23,-2,19,-25,13,5,-18
DHR,Danaher Corporation,196.03,27,1,-19,0,9,19,-14,-30,-2,-27,-18
ELAN,Elanco,13.9,7,22,-27,-5,-3,7,24,-43,-4,-16,-19
PSX,Phillips 66,114.27,0,18,-26,39,31,-16,20,-51,-3,-50,-19
SEE,Sealed Air,32.28,7,19,-14,-22,-10,7,30,-17,-30,-10,-20
GM,General Motors,47.46,-21,1,0,9,-11,-27,25,-18,11,-9,-20
AA,Alcoa,28.0,13,0,-11,-18,-16,23,19,-17,-30,-5,-21
KNX,Knight-Swift,44.62,1,0,-15,0,-14,-5,20,-11,-11,-7,-21
AZTA,Azenta,28.74,27,0,-43,-29,-45,26,13,-9,-7,23,-22
SON,Sonoco,45.12,0,17,-34,-3,-20,22,20,-32,-12,-2,-22
AMKR,Amkor Technology,19.26,22,4,-30,0,-4,23,-1,-38,-3,-19,-23
D,Dominion Energy,55.78,-14,17,4,-32,-25,-19,32,-20,8,1,-24
JBHT,J. B. Hunt,140.14,7,0,-21,-3,-17,22,-3,-18,-8,-7,-24
BILL,Bill.com,45.6,23,0,-14,0,9,19,-7,-10,-35,-33,-24
LVS,Las Vegas Sands,40.21,-10,19,-12,-4,-7,-14,25,-16,-12,-17,-24
LSTR,Landstar,140.0,12,0,-25,0,-13,26,-1,-32,-5,-12,-25
ST,Sensata Technologies,27.03,28,19,-32,-13,2,21,23,-39,-33,-28,-26
UHAL-B,U-Haul (Series N),57.07,8,0,-13,0,-5,4,-6,-27,7,-22,-27
GME,GameStop,29.58,-41,22,0,-28,-47,-9,33,1,-5,20,-27
PLTK,Playtika,4.88,33,-7,-16,0,10,23,-15,-17,-29,-38,-28
CERT,"Certara, Inc.",11.76,21,-12,-5,0,4,19,-14,-8,-30,-33,-29
EIX,Edison International,53.74,-17,-2,-22,0,-41,-14,-3,-19,48,12,-29
IVZ,Invesco,14.37,-20,0,-10,-4,-34,7,-3,-10,11,5,-29
SBAC,SBA Communications,225.68,-8,0,6,-18,-20,-7,-13,7,3,-10,-30
SJM,J.M. Smucker Company (The),110.88,-14,0,-2,-2,-18,-6,7,7,-21,-13,-31
QRVO,Qorvo,78.57,28,19,-34,-29,-16,-2,27,-38,-3,-16,-32
BLDR,Builders FirstSource,111.61,18,-87,-18,63,-24,24,-9,-22,-1,-8,-32
PPG,PPG Industries,112.63,7,19,-36,-6,-16,19,-2,-27,-6,-16,-32
WFRD,Weatherford International,48.38,27,0,-34,0,-7,19,-5,-38,-3,-27,-34
TPL,Texas Pacific Land Corporation,1113.82,-77,-6,0,56,-27,-2,-6,-10,11,-7,-34
CE,Celanese,55.47,21,4,-33,-8,-16,19,21,-51,-7,-18,-34
MHK,Mohawk Industries,101.51,6,-13,-16,-9,-32,19,-10,-24,12,-3,-35
RARE,Ultragenyx,37.19,30,0,-17,-36,-23,29,-15,-25,-1,-12,-35
VFC,VF Corporation,12.7,7,0,-10,-41,-44,20,-7,-10,5,8,-36
VTRS,Viatris,8.7,2,0,-15,-5,-18,-10,-7,-19,17,-19,-37
EPAM,EPAM Systems,178.34,2,0,-16,-25,-39,19,24,-7,-35,1,-38
CCI,Crown Castle,98.94,-7,0,-3,-26,-36,-2,-13,10,3,-2,-38
DINO,HF Sinclair,36.74,13,21,-40,-7,-13,7,26,-52,-6,-25,-38
EQR,Equity Residential,68.49,-22,18,0,11,7,-28,-10,-19,11,-46,-39
M,"Macy's, Inc.",12.27,7,0,-21,-13,-27,12,-5,-15,-4,-12,-39
GLOB,Globant,100.84,7,-15,-16,-5,-29,19,-9,-16,-5,-11,-40
ACI,Albertsons,21.42,-28,0,15,0,-13,-28,-9,17,-7,-27,-40
WBA,Walgreens Boots Alliance,11.26,4,19,0,-75,-52,12,34,-3,-33,10,-42
VAC,Marriott Vacations Worldwide,66.02,1,0,-15,-15,-29,4,21,-15,-23,-13,-42
COO,Cooper Companies (The),72.33,0,-6,-17,-3,-26,16,-10,-22,-1,-17,-43
GPC,Genuine Parts Company,125.27,-9,17,-3,0,5,-14,31,-50,-15,-48,-43
WMS,Advanced Drainage Systems,114.94,14,3,-30,1,-12,21,-8,-44,-1,-32,-44
IPGP,IPG Photonics,68.92,63,18,-76,-42,-37,27,25,-17,-42,-7,-44
HOG,Harley-Davidson,24.54,7,4,-33,-7,-29,23,-1,-28,-9,-15,-44
F,Ford Motor Company,10.25,3,33,-40,-15,-19,-2,-3,-18,-3,-26,-45
LII,Lennox International,552.1,-81,0,0,36,-45,-9,-3,-13,25,0,-45
FE,FirstEnergy,40.64,-56,0,0,53,-3,-27,-4,-23,12,-42,-45
IFF,International Flavors & Fragrances,76.91,8,4,-13,-29,-30,-2,1,-25,9,-17,-47
NUE,Nucor,121.57,35,1,-45,0,-9,-1,-10,-22,-6,-39,-48
WTRG,Essential Utilities,37.64,-21,-3,0,0,-24,-25,-14,12,3,-24,-48
MTCH,Match Group,31.85,25,3,-16,-35,-23,23,11,-23,-36,-25,-48
RGEN,Repligen,128.3,25,-12,-6,-15,-8,19,-14,-10,-35,-40,-48
EXP,Eagle Materials,200.13,-91,-8,-5,55,-49,-2,-5,-19,25,-1,-50
SWK,Stanley Black & Decker,66.15,2,0,-19,-37,-54,19,-4,-25,12,2,-52
SEB,Seaboard Corporation,2766.0,77,2,-89,-21,-31,5,5,-4,-27,-21,-52
CDW,CDW,178.24,0,19,-32,2,-11,-8,26,-53,-6,-41,-52
KDP,Keurig Dr Pepper,32.77,-16,-5,0,0,-21,-27,-22,8,10,-31,-52
CVS,CVS Health,63.58,2,-3,0,-15,-16,-8,-17,15,-26,-36,-52
PARA,Paramount Global (Class B),11.91,-11,20,0,-37,-28,-9,26,2,-43,-24,-52
HRL,Hormel Foods,30.65,48,9,0,-21,36,-16,-28,-17,-28,-89,-53
BRBR,BellRing Brands,60.95,-14,-23,-3,0,-40,-15,-15,-9,25,-14,-54
ELV,Elevance Health,393.38,5,-18,-34,0,-47,19,-33,8,-1,-7,-54
CRL,Charles River Laboratories,144.74,21,4,-44,-24,-43,26,22,-53,-6,-11,-54
LKQ,LKQ Corporation,39.08,-17,-2,0,0,-19,-14,-2,-4,-15,-35,-54
UAA,Under Armour (Class A),6.75,7,9,-18,-42,-44,13,29,-18,-35,-11,-55
REXR,Rexford Industrial,36.02,13,4,-36,-16,-35,22,19,-31,-30,-20,-55
PEN,"Penumbra, Inc.",259.04,-114,-8,22,9,-91,9,-11,36,1,35,-56
TREX,"Trex Company, Inc.",56.64,7,0,-44,-11,-48,20,-8,-16,-4,-8,-56
FCN,FTI Consulting,164.05,0,-5,-27,0,-32,19,-4,-37,-3,-25,-57
PENN,Penn Entertainment,15.6,27,0,-13,-32,-18,19,-8,-8,-42,-39,-57
AKAM,Akamai Technologies,77.03,7,0,-16,-5,-14,-9,-11,-16,-8,-44,-58
GFS,GlobalFoundries,37.72,16,0,-72,0,-56,21,-1,-7,-15,-2,-58
ILMN,"Illumina, Inc.",82.72,9,0,-18,-38,-47,19,25,-18,-38,-12,-59
TGT,Target Corporation,97.32,7,0,-21,-9,-23,7,-10,-29,-4,-36,-59
CAVA,Cava Group,79.02,-12,-8,-4,0,-24,-10,-7,-18,0,-35,-59
POOL,Pool Corporation,297.1,-6,-1,-13,-4,-24,-6,-4,-19,-7,-36,-60
PARAA,Paramount Global (Class A),22.41,-35,-4,29,0,-10,-48,-4,-2,4,-50,-60
AES,AES Corporation,10.89,10,0,-32,-9,-31,42,-7,-43,-22,-30,-61
PFE,Pfizer,23.33,7,0,-23,-21,-37,7,25,-31,-26,-25,-62
DNB,Dun & Bradstreet,9.02,9,0,-16,0,-7,-5,2,-18,-35,-56,-63
UA,Under Armour (Class C),6.32,7,11,-18,-35,-35,7,21,-22,-35,-29,-64
CMCSA,Comcast,34.69,3,1,-25,-7,-28,-8,-1,-22,-6,-37,-65
ELS,Equity Lifestyle Properties,62.21,-14,-8,-11,0,-33,-6,-3,-22,-1,-32,-65
GMED,Globus Medical,59.92,8,-74,-5,0,-71,26,-20,-10,10,6,-65
TDC,Teradata,22.39,22,3,-69,-15,-59,30,-6,-17,-14,-7,-66
LINE,"Lineage, Inc.",44.81,4,-44,0,0,-40,21,-27,-21,0,-27,-67
MAA,Mid-America Apartment Communities,149.87,-28,-5,0,0,-33,-28,-12,-5,9,-36,-69
ENTG,Entegris,72.93,14,-16,-34,-4,-40,21,-8,-39,-3,-29,-69
FIVN,Five9,29.15,28,0,-69,-33,-74,26,24,-7,-38,5,-69
NWL,Newell Brands,5.53,9,0,-17,-29,-37,19,-1,-17,-34,-33,-70
RNG,RingCentral,27.18,21,0,-16,-39,-34,26,-5,-16,-43,-38,-72
NOV,NOV Inc.,12.62,14,0,-45,-10,-41,26,-8,-36,-13,-31,-72
WSC,WillScot Mobile Mini,28.22,7,0,-55,-4,-52,26,-4,-32,-10,-20,-72
KVUE,Kenvue,21.73,-35,-3,33,0,-5,-75,-4,9,1,-69,-74
FND,Floor & Decor,71.44,0,-12,-25,-4,-41,-2,-8,-19,-4,-33,-74
CGNX,Cognex Corporation,30.27,13,1,-30,-29,-45,23,23,-38,-38,-30,-75
ASH,Ashland Global,50.12,7,-6,-31,-7,-37,19,-10,-43,-8,-42,-79
BWA,BorgWarner,32.29,-25,21,-27,0,-31,-38,28,-25,-14,-49,-80
BAX,Baxter International,30.25,2,0,-13,-36,-47,17,-7,-4,-39,-33,-80
MPW,Medical Properties Trust,4.54,3,-19,0,-34,-50,7,-17,12,-33,-31,-81
MOH,Molina Healthcare,296.79,-71,-11,-3,0,-85,7,-5,8,-6,4,-81
OXY,Occidental Petroleum,42.55,28,0,-45,0,-17,-2,1,-49,-14,-64,-81
CLVT,Clarivate,4.31,24,9,-67,-4,-38,26,-3,-27,-40,-44,-82
CHRD,Chord Energy,94.89,13,0,-40,0,-27,-11,3,-44,-4,-56,-83
BIIB,Biogen,133.16,49,0,-74,-25,-50,1,19,-37,-16,-33,-83
ONTO,Onto Innovation,96.1,21,-80,-16,0,-75,23,-20,-11,-2,-10,-85
INSP,Inspire Medical Systems,136.02,-4,-16,-13,-4,-37,-7,-8,-18,-15,-48,-85
WBD,Warner Bros. Discovery,9.81,0,1,2,-40,-37,-16,19,-10,-43,-50,-87
MKTX,MarketAxess,222.22,18,3,-18,-27,-24,12,-12,-22,-42,-64,-88
APTV,Aptiv,66.62,3,19,0,-22,0,7,25,-87,-34,-89,-89
HPQ,HP Inc.,25.18,-56,0,-15,0,-71,-9,-4,-19,14,-18,-89
CHDN,Churchill Downs Incorporated,98.06,20,-119,-21,0,-120,19,6,-22,28,31,-89
NSA,National Storage Affiliates,33.52,-22,-12,-5,-2,-41,-20,-13,-26,10,-49,-90
PK,Park Hotels & Resorts,10.27,0,0,-16,-5,-21,-42,-8,-18,-3,-71,-92
COTY,Coty,5.02,27,0,-54,-5,-32,-2,3,-56,-7,-62,-94
AAL,American Airlines Group,11.76,7,0,-11,-74,-78,7,24,-11,-37,-17,-95
CNC,Centene,55.14,0,-12,-34,-9,-55,-2,-10,-3,-26,-41,-96
WYNN,Wynn Resorts,83.27,-45,21,-1,-1,-26,-44,-2,-18,-6,-70,-96
KHC,Kraft Heinz,26.73,2,-32,-32,-2,-64,1,-22,-4,-8,-33,-97
KMX,CarMax,65.69,28,-68,-9,-34,-83,-2,-9,-13,9,-15,-98
EXAS,Exact Sciences,54.87,-35,25,-18,-23,-51,-40,29,-22,-14,-47,-98
RIVN,Rivian,13.98,-52,21,0,0,-31,-47,-2,1,-19,-67,-98
SN,SharkNinja,87.25,-70,0,0,0,-70,-21,-1,-8,0,-30,-100
CIVI,Civitas Resources,28.56,7,-7,-45,-4,-49,6,-8,-45,-7,-54,-103
DVN,Devon Energy,32.28,14,1,-40,-3,-28,-2,-8,-46,-20,-76,-104
HR,Healthcare Realty Trust,14.45,4,-44,-4,-37,-81,5,-16,-19,7,-23,-104
PII,Polaris Inc.,41.03,27,4,-90,-15,-74,-1,19,-33,-15,-30,-104
ANGI,Angi Inc.,16.49,27,4,-30,-49,-48,-1,14,-28,-42,-57,-105
IAC,IAC Inc.,35.95,0,0,-30,-29,-59,19,-5,-25,-36,-47,-106
SIRI,Sirius XM,21.97,7,0,-73,-29,-95,19,23,-39,-15,-12,-107
TSN,Tyson Foods,55.29,-14,-24,-1,-26,-65,-27,-24,-1,9,-43,-108
MGM,MGM Resorts International,31.83,7,0,-46,0,-39,-2,-7,-53,-7,-69,-108
TAP,Molson Coors,51.97,-70,-30,-3,12,-91,-14,-4,-4,3,-19,-110
RYN,Rayonier,23.46,2,-44,-10,-3,-55,18,-44,-22,-7,-55,-110
DXC,DXC Technology,15.77,21,0,-15,-71,-65,18,-9,-22,-32,-45,-110
TTC,Toro Company (The),68.5,-14,0,-25,-5,-44,-12,-1,-38,-18,-69,-113
REGN,Regeneron Pharmaceuticals,492.89,-42,-6,-31,-2,-81,5,-3,-32,-2,-32,-113
IQV,IQVIA,152.3,27,-80,-30,-4,-87,19,-10,-32,-4,-27,-114
GIS,General Mills,54.77,31,-43,-31,-2,-45,26,-53,-27,-17,-71,-116
TECH,Bio-Techne,48.7,42,-83,-17,-22,-80,-5,-10,-17,-4,-36,-116
ENOV,Enovis,31.78,3,-12,-55,-15,-79,19,-8,-15,-35,-39,-118
JAZZ,Jazz Pharmaceuticals,111.18,8,-50,-5,-4,-51,-9,-15,-6,-37,-67,-118
INTC,Intel,20.03,0,-14,-59,-18,-91,-2,-8,-7,-10,-27,-118
KSS,Kohl's,8.75,2,0,-52,-29,-79,23,20,-53,-30,-40,-119
COLM,Columbia Sportswear,61.75,-53,-62,-11,-4,-130,9,-5,-6,11,9,-121
GNTX,Gentex,21.41,0,-8,-32,-6,-46,-14,-8,-49,-6,-77,-123
PVH,PVH Corp.,65.38,-35,-2,-22,-1,-60,-40,-2,-18,-5,-65,-125
COLD,Americold,17.21,7,-47,-31,-9,-80,19,-21,-31,-13,-46,-126
AVTR,Avantor,13.06,7,-83,-19,0,-95,-6,5,-30,-3,-34,-129
GPN,Global Payments,76.85,7,-79,-17,-37,-126,24,-5,-14,-8,-3,-129
EL,Estée Lauder Companies (The),68.45,63,9,-110,-24,-62,-2,22,-55,-33,-68,-130
MRNA,Moderna,27.46,7,-3,-45,-2,-43,-13,7,-45,-37,-88,-131
TRIP,Tripadvisor,14.11,-1,0,-51,-50,-102,-4,24,-8,-42,-30,-132
OMC,Omnicom Group,71.42,0,-123,-17,0,-140,-8,-10,-22,48,8,-132
FBIN,Fortune Brands Innovations,51.19,7,-131,-16,-3,-143,22,-8,-22,18,10,-133
QDEL,QuidelOrtho,29.51,-10,0,-13,-36,-59,-9,-8,-13,-45,-75,-134
MTN,Vail Resorts,150.37,-30,9,-23,-21,-65,-38,19,-17,-34,-70,-135
NFE,New Fortress Energy,2.96,21,-75,-61,-1,-116,26,-10,-12,-23,-19,-135
LYB,LyondellBasell,56.54,2,-56,-34,-3,-91,18,-10,-48,-5,-45,-136
CPB,Campbell Soup Company,34.48,2,-44,-22,-4,-68,18,-54,-29,-3,-68,-136
BDX,Becton Dickinson,173.41,7,-72,-18,-3,-86,17,-46,-9,-13,-51,-137
DOC,Healthpeak Properties,17.26,2,-45,-7,-29,-79,4,-48,-22,7,-59,-138
MRK,Merck & Co.,78.93,21,-47,-37,-2,-65,21,-49,-41,-4,-73,-138
SLB,Schlumberger,33.86,3,-45,-60,0,-102,-12,-9,-11,-8,-40,-142
APA,APA Corporation,18.5,35,1,-75,-10,-49,-2,5,-79,-17,-93,-142
NKE,"Nike, Inc.",62.81,25,0,-67,-19,-61,-1,20,-68,-34,-83,-144
CROX,Crocs,101.47,-70,2,-32,0,-100,4,-5,-42,-3,-46,-146
ALGN,Align Technology,180.75,8,4,-57,-23,-68,19,-10,-52,-36,-79,-147
BG,Bunge Global,74.57,-29,0,-34,0,-63,-40,-4,-37,-3,-84,-147
OGN,Organon & Co.,9.55,8,-52,-19,0,-63,-2,-50,-32,-2,-86,-149
COP,ConocoPhillips,87.18,7,-45,-35,0,-73,-11,-9,-51,-6,-77,-150
ACHC,Acadia Healthcare,22.73,2,-71,-38,-9,-116,19,-8,-32,-14,-35,-151
LBTYA,Liberty Global (Series A),9.7,14,-45,-30,-29,-90,21,-46,-28,-8,-61,-151
QS,QuantumScape,4.13,6,0,-74,0,-68,-6,-6,-38,-34,-84,-152
WLK,Westlake Corporation,73.53,7,-76,-30,-2,-101,19,-25,-42,-4,-52,-153
SRPT,Sarepta Therapeutics,43.0,7,-101,-19,-5,-118,30,-23,-40,-4,-37,-155
SAIA,Saia,251.43,-25,-76,-16,0,-117,-15,-2,-18,-3,-38,-155
DJT,Trump Media & Technology Group,20.9,-63,-6,-46,0,-115,-11,-8,-14,-7,-40,-155
WU,Western Union,9.45,2,-44,-13,-44,-99,7,-13,-48,-3,-57,-156
RVTY,Revvity,91.97,7,-62,-10,-22,-87,-1,-54,-15,1,-69,-156
GO,Grocery Outlet,13.68,4,-3,-90,0,-89,-7,-16,-18,-26,-67,-156
WEN,Wendy's Company (The),11.69,8,-46,-27,-6,-71,-2,-52,-22,-13,-89,-160
FTRE,Fortrea,5.26,27,-117,-26,0,-116,19,-10,-55,0,-46,-162
PCG,PG&E Corporation,15.64,-77,-3,-20,2,-98,-80,-5,-19,38,-66,-164
CLF,Cleveland-Cliffs,7.6,35,-57,-53,-14,-89,-1,-16,-53,-6,-76,-165
BRKR,Bruker,38.31,27,-84,-50,-6,-113,19,-12,-54,-7,-54,-167
UWMC,United Wholesale Mortgage,4.2,1,-53,-19,0,-71,-2,-61,-32,-2,-97,-168
ADM,Archer Daniels Midland,47.33,-41,20,-36,-9,-66,-41,-5,-38,-18,-102,-168
LEG,Leggett & Platt,9.09,21,4,-122,-28,-125,19,-3,-25,-36,-45,-170
CAG,Conagra Brands,22.35,-17,-37,-22,-5,-81,-14,-51,-4,-21,-90,-171
TMO,Thermo Fisher Scientific,401.98,6,-70,-12,-3,-79,-1,-80,-11,-1,-93,-172
TXG,10x Genomics,9.41,7,0,-66,0,-59,-9,1,-65,-40,-113,-172
ZBH,Zimmer Biomet,92.37,2,-42,-55,-15,-110,19,-12,-54,-16,-63,-173
CPRI,Capri Holdings,17.0,-30,0,-62,-9,-101,-37,20,-26,-30,-73,-174
HUN,Huntsman Corporation,11.38,2,-55,-35,-13,-101,-1,-11,-30,-31,-73,-174
REYN,Reynolds Consumer Products,21.75,-17,-85,-18,0,-120,-10,-15,-30,-1,-56,-176
LEA,Lear Corporation,88.47,-36,19,-58,-15,-90,-15,-4,-54,-13,-86,-176
DAR,Darling Ingredients,30.74,-96,0,-16,-18,-130,7,-6,-20,-28,-47,-177
XRAY,Dentsply Sirona,15.94,0,9,-71,-40,-102,-2,23,-58,-38,-75,-177
IPG,Interpublic Group of Companies (The),23.05,-42,-8,-33,0,-83,-42,-10,-30,-15,-97,-180
LBTYK,Liberty Global (Series C),9.96,12,-45,-30,-28,-91,18,-46,-27,-34,-89,-180
FLO,Flowers Foods,16.72,0,-44,-27,-6,-77,1,-36,-47,-21,-103,-180
HUM,Humana,230.48,-1,-26,-79,-10,-116,-10,-29,-10,-18,-67,-183
CRI,Carter's,31.79,0,-88,-52,-15,-155,19,-12,-29,-7,-29,-184
PEP,PepsiCo,130.01,-7,-44,-32,-1,-84,-7,-53,-29,-11,-100,-184
LCID,Lucid Motors,2.15,-66,-7,-22,0,-95,-47,-4,-7,-33,-91,-186
CC,Chemours,11.11,13,-93,-55,-11,-146,19,-15,-17,-28,-41,-187
BIO,Bio-Rad Laboratories,220.52,-83,-12,-17,-26,-138,18,-12,-22,-35,-51,-189
STZ,Constellation Brands,171.91,-81,-2,-35,-1,-119,-13,-6,-51,-6,-76,-195
UPS,United Parcel Service,98.21,7,-54,-96,-14,-157,-2,19,-24,-32,-39,-196
HAL,Halliburton,20.5,13,-96,-53,-3,-139,7,-11,-52,-7,-63,-202
ARE,Alexandria Real Estate Equities,70.53,7,-52,-27,-28,-100,20,-54,-38,-33,-105,-205
VSTS,Vestis,6.29,8,-88,-11,0,-91,-9,-88,-17,0,-114,-205
TFX,Teleflex,122.8,7,-88,-32,-37,-150,19,-43,-28,-8,-60,-210
BBWI,"Bath & Body Works, Inc.",26.64,-81,-6,-15,-13,-115,-81,-7,-6,-4,-98,-213
SPB,Spectrum Brands,55.84,-82,-119,-18,-2,-221,9,-9,-17,22,5,-216
MAN,ManpowerGroup,40.65,-59,-45,-36,-26,-166,5,10,-36,-34,-55,-221
PRGO,Perrigo,26.17,-35,0,0,-111,-146,-41,21,-5,-53,-78,-224
DOW,Dow Inc.,28.52,7,-154,-33,0,-180,19,-10,-48,-6,-45,-225
BMRN,BioMarin Pharmaceutical,56.65,-42,-44,-40,-18,-144,-42,-15,-5,-20,-82,-226
RHI,Robert Half,44.37,-36,-93,-19,-7,-155,-40,15,-17,-30,-72,-227
CLX,Clorox,127.68,-17,-107,-7,-3,-134,-27,-65,-17,11,-98,-232
SAM,Boston Beer Company,221.5,-82,-8,-25,-35,-150,-6,-18,-21,-42,-87,-237
CZR,Caesars Entertainment,25.73,-81,-2,-16,-23,-122,-49,-6,-25,-35,-115,-237
OLN,Olin Corporation,19.93,16,-153,-50,-7,-194,19,-10,-52,-21,-64,-258
ALB,Albemarle Corporation,59.82,21,-116,-118,-21,-234,19,-8,-17,-23,-29,-263
BF-B,Brown–Forman (Class B),28.1,-80,-6,-93,-16,-195,-14,-5,-25,-26,-70,-265
BF-A,Brown–Forman (Class A),28.11,-80,-6,-92,-16,-194,-14,-6,-32,-22,-74,-268
ENPH,Enphase Energy,41.16,0,-103,-36,-18,-157,-6,-44,-43,-22,-115,-272
APLS,Apellis Pharmaceuticals,19.28,35,-83,-60,-14,-122,5,-107,-58,-16,-176,-298
WOLF,Wolfspeed,1.4,0,-13,-124,-28,-165,-2,-12,-90,-35,-139,-304
