Symbol,Name,Close,1H Cloud Score,1D Cloud Score,1W Cloud Score,1M Cloud Score,Cloud Score Sum,1H TKx Score,1D TKx Score,1W TKx Score,1M TKx Score,TKx Score Sum,Total Score Sum
TJX,TJX Companies,133.33,35,27,135,195,392,33,31,104,190,358,750
V,Visa Inc.,365.24,126,14,124,130,394,126,18,-2,23,165,559
RSG,Republic Services,247.84,5,3,111,174,293,9,18,80,157,264,557
NRG,NRG Energy,159.17,133,18,90,91,332,82,20,100,18,220,552
MA,Mastercard,583.25,133,13,113,152,411,100,18,-2,23,139,550
FYBR,Frontier Communications,36.66,177,22,76,0,275,149,20,81,11,261,536
COST,Costco,1025.83,13,14,104,177,308,5,20,-5,181,201,509
PGR,Progressive Corporation,285.97,9,11,92,174,286,6,11,9,186,212,498
MMC,Marsh McLennan,231.42,9,0,112,172,293,9,4,9,175,197,490
ORLY,O'Reilly Auto Parts,1381.92,5,1,150,196,352,12,-2,41,86,137,489
CLH,Clean Harbors,232.82,178,12,0,55,245,185,20,-16,54,243,488
FWONA,Liberty Formula 1 (Series A),89.02,144,7,56,59,266,157,16,-5,53,221,487
JPM,JPMorgan Chase,267.57,133,7,110,155,405,41,18,-4,23,78,483
AJG,Arthur J. Gallagher & Co.,342.31,9,3,152,183,347,9,8,15,104,136,483
FICO,Fair Isaac,2201.29,126,19,132,163,440,9,20,-15,28,42,482
HWM,Howmet Aerospace,162.87,126,18,135,26,305,19,18,79,51,167,472
WM,"Waste Management, Inc.",229.86,1,2,82,184,269,9,18,14,156,197,466
AM,Antero Midstream,18.97,80,11,135,20,246,79,16,65,52,212,458
RL,Ralph Lauren Corporation,274.52,140,7,81,31,259,158,16,-6,23,191,450
SYK,Stryker Corporation,394.2,126,5,4,156,291,126,13,-7,26,158,449
ADP,Automatic Data Processing,319.32,100,8,72,177,357,14,11,-2,54,77,434
CASY,Casey's,456.24,2,27,100,84,213,5,37,104,75,221,434
HEI,HEICO (Common),278.92,109,12,12,186,319,26,10,3,54,93,412
CDNS,Cadence Design Systems,321.49,35,17,4,138,194,32,20,-12,177,217,411
CTAS,Cintas,220.77,14,25,6,163,208,12,20,-16,184,200,408
ROL,"Rollins, Inc.",56.94,8,27,18,283,336,9,20,10,32,71,407
AAON,AAON,106.9,120,5,0,242,367,4,20,-12,28,40,407
WRB,W. R. Berkley Corporation,73.27,9,60,81,173,323,10,11,11,52,84,407
NYT,New York Times Company,55.95,172,16,2,13,203,180,18,-14,18,202,405
CPRT,Copart,63.81,77,27,28,173,305,50,34,-10,25,99,404
RBA,RB Global,108.23,128,16,91,24,259,11,18,96,19,144,403
BK,BNY Mellon,90.06,126,7,81,37,251,126,11,-2,16,151,402
CSL,Carlisle Companies,408.55,178,17,0,175,370,5,18,-22,17,18,388
USFD,US Foods,76.66,128,8,130,32,298,53,18,-4,23,90,388
RCL,Royal Caribbean Group,255.6,133,5,108,25,271,82,18,-7,24,117,388
BSX,Boston Scientific,106.03,14,17,131,141,303,14,18,-2,54,84,387
CW,Curtiss-Wright,410.31,179,13,6,51,249,82,20,-10,46,138,387
MCD,McDonald's,318.56,9,3,39,239,290,14,20,9,54,97,387
IBM,IBM,266.62,90,10,96,51,247,26,18,43,53,140,387
ORI,Old Republic International,38.44,6,3,134,55,198,9,18,104,52,183,381
ADI,Analog Devices,227.14,126,5,1,176,308,54,11,-15,23,73,381
LYV,Live Nation Entertainment,147.71,75,6,81,144,306,43,20,-4,13,72,378
IBKR,Interactive Brokers,209.15,119,5,76,54,254,54,20,-5,54,123,377
AXON,Axon Enterprise,733.23,49,16,132,91,288,43,20,-4,27,86,374
JCI,Johnson Controls,97.91,126,13,62,16,217,126,18,-4,15,155,372
NDAQ,"Nasdaq, Inc.",81.87,129,11,63,141,344,3,18,-6,11,26,370
SCHW,Charles Schwab Corporation,88.69,128,18,64,8,218,126,18,-5,11,150,368
MOS,Mosaic Company (The),35.22,175,25,3,-13,190,185,18,2,-27,178,368
SEIC,SEI Investments Company,85.41,126,11,79,32,248,82,18,-7,23,116,364
BR,Broadridge Financial Solutions,241.09,17,4,101,142,264,14,18,45,22,99,363
UNM,Unum,82.15,7,5,172,37,221,5,18,66,51,140,361
INTU,Intuit,669.95,126,18,4,188,336,7,18,-18,17,24,360
COR,Cencora,290.18,1,82,31,68,182,19,51,42,64,176,358
TT,Trane Technologies,429.1,119,13,3,161,296,32,18,-14,26,62,358
MSI,Motorola Solutions,424.16,14,0,0,150,164,26,-3,-14,182,191,355
AAPL,Apple Inc.,211.19,35,3,0,248,286,-7,18,-12,68,67,353
STE,Steris,251.42,53,8,1,192,254,47,18,9,22,96,350
WMB,Williams Companies,58.79,5,4,99,49,157,20,18,99,54,191,348
HUBB,Hubbell Incorporated,392.22,41,3,0,179,223,48,21,-12,68,125,348
YUM,Yum! Brands,148.06,1,0,15,256,272,6,4,9,54,73,345
AME,Ametek,182.76,127,5,1,103,236,5,11,-8,98,106,342
ORCL,Oracle Corporation,160.48,120,4,0,195,319,-5,11,-10,24,20,339
GGG,Graco Inc.,87.27,119,5,1,175,300,7,18,-15,26,36,336
SPGI,S&P Global,522.31,126,5,3,169,303,5,13,-5,18,31,334
MS,Morgan Stanley,132.18,132,5,63,61,261,50,16,-6,13,73,334
NVDA,Nvidia,135.32,119,4,1,131,255,54,12,-10,23,79,334
WELL,Welltower,148.71,5,2,103,55,165,9,17,120,21,167,332
MSFT,Microsoft,454.26,119,12,3,170,304,-1,20,-13,22,28,332
CME,CME Group,276.26,0,84,41,133,258,6,14,37,16,73,331
PFGC,Performance Food Group,88.11,133,8,40,40,221,47,18,-10,54,109,330
FDS,FactSet,473.32,96,6,2,191,295,12,11,-11,20,32,327
FWONK,Liberty Formula 1 (Series C),96.7,146,8,57,54,265,-2,15,-5,53,61,326
BPOP,"Popular, Inc.",104.5,141,12,4,56,213,82,18,-4,16,112,325
LPLA,LPL Financial,384.39,126,6,32,96,260,-2,14,-4,54,62,322
PTC,PTC Inc.,172.95,126,4,-13,179,296,5,12,-14,23,26,322
RPM,RPM International,116.02,119,2,-6,177,292,5,11,-14,27,29,321
MCO,Moody's Corporation,489.08,126,5,3,153,287,4,13,-5,22,34,321
GE,GE Aerospace,231.77,133,16,6,24,179,82,16,17,26,141,320
TMUS,T-Mobile US,242.62,0,-6,81,136,211,10,-16,83,32,109,320
ICE,Intercontinental Exchange,176.26,7,11,99,158,275,6,12,9,18,45,320
ITT,ITT Inc.,152.88,133,11,3,96,243,47,18,-11,23,77,320
CSCO,Cisco,63.58,114,5,35,11,165,126,11,-5,22,154,319
PM,Philip Morris International,170.4,6,78,57,52,193,10,20,72,24,126,319
ATI,ATI Inc.,76.31,126,12,3,40,181,82,18,-11,49,138,319
ACM,AECOM,109.42,129,11,3,62,205,40,18,-13,68,113,318
PWR,Quanta Services,344.8,126,12,4,96,238,-3,20,-8,69,78,316
ETN,Eaton Corporation,329.0,126,5,1,111,243,-5,18,-12,69,70,313
DTE,DTE Energy,138.06,9,2,61,186,258,11,17,14,10,52,310
HEI-A,HEICO (Class A),220.41,37,13,13,179,242,26,11,4,27,68,310
MPC,Marathon Petroleum,164.12,139,7,0,46,192,156,11,-46,-5,116,308
L,Loews Corporation,89.39,14,5,99,52,170,6,11,99,21,137,307
APH,Amphenol,86.87,129,18,6,62,215,54,20,-8,24,90,305
AZO,AutoZone,3780.9,13,2,81,83,179,24,7,41,54,126,305
CHD,Church & Dwight,95.83,7,-29,-3,341,316,7,-39,-1,22,-11,305
SLM,Sallie Mae,33.69,129,12,77,19,237,3,14,31,18,66,303
OKTA,"Okta, Inc.",127.3,119,14,11,0,144,126,12,16,3,157,301
WAB,Wabtec,205.6,129,7,6,46,188,49,18,-7,53,113,301
CACI,CACI,479.32,9,27,0,151,187,9,50,1,54,114,301
ALL,Allstate,209.06,10,4,84,156,254,12,11,10,14,47,301
PLTR,Palantir Technologies,129.49,37,18,103,0,158,-1,20,106,17,142,300
BAH,Booz Allen Hamilton,128.78,168,2,-17,98,251,14,18,-19,35,48,299
MNST,Monster Beverage,62.83,18,55,13,177,263,11,18,6,1,36,299
HD,Home Depot (The),380.74,90,2,0,177,269,6,18,-11,16,29,298
AWI,Armstrong World Industries,160.1,119,12,81,18,230,47,14,-9,16,68,298
SO,Southern Company,88.69,-45,0,63,187,205,9,-3,10,76,92,297
GWRE,Guidewire Software,217.05,126,18,97,18,259,7,18,-5,17,37,296
PAYX,Paychex,155.97,18,11,71,164,264,11,11,-1,11,32,296
DDS,Dillard's,420.09,133,2,1,51,187,48,13,-4,52,109,296
NOW,ServiceNow,1040.66,126,6,4,79,215,49,19,-7,19,80,295
RBC,RBC Bearings,368.49,85,9,80,55,229,-7,18,1,54,66,295
WWD,"Woodward, Inc.",209.89,126,14,6,32,178,84,16,-7,23,116,294
CPNG,Coupang,27.25,133,11,4,0,148,129,18,-15,14,146,294
ITW,Illinois Tool Works,251.36,77,2,0,175,254,4,11,-1,26,40,294
SNPS,Synopsys,514.43,126,5,-14,177,294,-1,18,-15,-2,0,294
MCK,McKesson Corporation,724.34,9,78,29,55,171,16,18,25,64,123,294
EHC,Encompass Health,120.88,26,19,130,26,201,19,36,11,26,92,293
NEU,NewMarket,650.28,168,27,6,26,227,13,19,9,24,65,292
UNP,Union Pacific Corporation,231.43,36,2,-1,195,232,46,5,-7,16,60,292
ADSK,Autodesk,298.04,126,8,41,11,186,82,18,-11,16,105,291
NFLX,Netflix,1191.53,15,23,103,17,158,21,20,74,17,132,290
AVGO,Broadcom,228.52,126,8,6,113,253,-2,20,-8,27,37,290
HCA,HCA Healthcare,387.58,101,19,1,94,215,35,11,3,26,75,290
HON,Honeywell,222.88,37,5,3,175,220,48,14,-13,19,68,288
AXS,AXIS Capital,102.5,8,19,73,42,142,7,18,69,50,144,286
CINF,Cincinnati Financial,150.87,127,11,72,59,269,6,11,-14,12,15,284
WMT,Walmart,98.25,7,19,114,98,238,5,20,-5,26,46,284
VRSK,Verisk Analytics,309.57,9,14,55,111,189,9,11,46,25,91,280
RTX,RTX Corporation,135.46,37,4,64,51,156,32,10,71,11,124,280
LRCX,Lam Research,84.4,123,5,0,149,277,-3,12,-4,-2,3,280
NFG,National Fuel Gas,81.23,0,89,47,49,185,9,20,58,7,94,279
PCAR,Paccar,96.69,49,0,-9,156,196,48,5,-1,31,83,279
ROP,Roper Technologies,582.82,9,4,16,179,208,5,10,31,23,69,277
BRO,Brown & Brown,111.78,6,-14,103,160,255,9,-22,12,23,22,277
PSTG,Pure Storage,56.56,126,4,1,39,170,49,11,-8,54,106,276
MPWR,Monolithic Power Systems,715.45,126,5,-13,154,272,-9,15,-27,23,2,274
AL,Air Lease Corporation,57.45,129,11,4,19,163,82,11,-7,23,109,272
SPOT,Spotify,656.28,9,19,99,9,136,16,20,82,17,135,271
INGM,Ingram Micro,20.39,135,4,0,0,139,126,11,-5,0,132,271
XPO,"XPO, Inc.",128.11,91,5,0,58,154,91,11,-10,24,116,270
SNA,Snap-on,331.58,77,0,36,56,169,49,4,-6,54,101,270
DE,Deere & Company,531.57,49,7,36,106,198,14,18,32,7,71,269
AN,AutoNation,190.11,133,7,4,58,202,-3,20,-5,54,66,268
EVR,Evercore,241.58,131,4,0,55,190,48,18,-13,23,76,266
LOPE,Grand Canyon Education,197.44,2,16,134,32,184,9,20,21,31,81,265
AIZ,Assurant,202.43,11,2,84,149,246,1,9,-7,16,19,265
JBL,Jabil,167.77,126,8,6,62,202,-2,18,-7,54,63,265
GS,Goldman Sachs,619.16,49,5,79,55,188,47,16,-4,18,77,265
KLAC,KLA Corporation,791.78,50,5,1,174,230,-1,20,-7,23,35,265
CVNA,Carvana,299.73,133,17,79,8,237,-2,20,-4,13,27,264
ISRG,Intuitive Surgical,563.6,119,5,81,19,224,5,20,-8,23,40,264
WSO,Watsco,492.82,7,0,1,193,201,5,3,-15,68,61,262
STT,State Street Corporation,98.27,140,7,4,13,164,82,12,-7,11,98,262
FIX,Comfort Systems USA,472.07,126,8,4,61,199,-2,20,-8,52,62,261
RJF,Raymond James Financial,153.88,90,4,79,55,228,5,18,-7,16,32,260
GOOGL,Alphabet (Class A),166.14,28,0,0,173,201,29,16,-6,18,57,258
GOOG,Alphabet (Class C),167.38,28,0,0,173,201,29,16,-6,18,57,258
DRI,Darden Restaurants,211.68,35,24,31,58,148,30,18,35,27,110,258
DOV,Dover Corporation,186.61,129,3,0,103,235,2,11,-6,16,23,258
VMI,Valmont Industries,325.44,126,4,49,55,234,5,15,-4,7,23,257
RS,"Reliance, Inc.",303.86,39,15,1,112,167,2,20,-7,74,89,256
FOXA,Fox Corporation (Class A),56.08,66,4,55,0,125,61,5,54,11,131,256
ATO,Atmos Energy,157.67,-35,27,61,42,95,9,36,72,42,159,254
HIG,Hartford (The),131.1,14,19,81,54,168,7,18,8,53,86,254
KD,Kyndryl,40.44,127,7,96,0,230,-2,12,-4,17,23,253
LBRDA,Liberty Broadband (Series A),100.24,112,16,34,-33,129,112,15,-8,5,124,253
TRV,Travelers Companies (The),273.54,9,19,78,55,161,10,18,11,53,92,253
BKNG,Booking Holdings,5312.05,17,17,123,32,189,28,18,-6,23,63,252
AXP,American Express,299.71,126,5,4,96,231,-9,18,-8,18,19,250
ALSN,Allison Transmission,106.15,126,4,4,32,166,49,11,-8,31,83,249
LIN,Linde plc,457.74,12,3,0,107,122,12,18,-6,103,127,249
AFL,Aflac,106.82,6,2,135,55,198,6,-1,-6,52,51,249
VLTO,Veralto,101.7,126,5,0,0,131,126,12,-20,0,118,249
CAH,Cardinal Health,154.25,14,27,42,35,118,23,18,35,54,130,248
KKR,KKR & Co. Inc.,125.91,126,0,0,100,226,-7,17,-7,18,21,247
LLY,Lilly (Eli),757.8,0,-12,-2,169,155,4,-4,-2,93,91,246
DUK,Duke Energy,116.25,-45,0,63,180,198,8,18,9,13,48,246
URI,United Rentals,725.52,119,5,0,61,185,2,17,-16,54,57,242
CAT,Caterpillar Inc.,353.58,126,4,0,61,191,-3,11,-11,54,51,242
HBAN,Huntington Bancshares,16.16,147,5,4,18,174,49,16,-10,13,68,242
FAST,Fastenal,83.02,14,27,36,103,180,28,19,-6,20,61,241
NTAP,Netapp,100.53,126,3,-12,54,171,49,18,-17,19,69,240
DUOL,Duolingo,529.05,133,18,40,0,191,-2,30,1,20,49,240
PH,Parker Hannifin,681.04,129,6,4,62,201,1,18,-7,27,39,240
EXE,Expand Energy,114.01,70,25,28,0,123,71,10,28,7,116,239
TPR,"Tapestry, Inc.",82.81,132,5,67,18,222,-8,11,-2,16,17,239
ROST,Ross Stores,152.92,77,14,1,32,124,77,26,-14,26,115,239
GDDY,GoDaddy,190.2,50,3,81,19,153,54,18,-6,19,85,238
APP,AppLovin,362.66,126,0,92,0,218,-2,11,-4,15,20,238
PRI,Primerica,279.16,77,4,4,105,190,19,7,-7,27,46,236
SHW,Sherwin-Williams,363.32,14,14,1,187,216,6,14,-16,16,20,236
KO,Coca-Cola Company (The),72.01,9,2,15,179,205,12,-3,10,11,30,235
TW,Tradeweb,145.24,7,4,96,0,107,8,11,89,20,128,235
TKO,TKO Group Holdings,163.44,-3,15,58,37,107,4,18,59,47,128,235
PNR,Pentair,101.06,133,5,4,59,201,5,18,-11,21,33,234
OLLI,Ollie's Bargain Outlet,118.89,35,5,102,13,155,5,4,50,20,79,234
BLK,BlackRock,989.41,129,4,4,19,156,49,18,-7,18,78,234
CNP,Centerpoint Energy,37.52,0,87,36,42,165,9,18,30,12,69,234
TDG,TransDigm Group,1423.17,1,18,6,154,179,-12,18,-7,54,53,232
DCI,Donaldson Company,71.03,132,5,0,62,199,5,16,-16,27,32,231
FOX,Fox Corporation (Class B),51.85,106,4,54,0,164,56,5,-1,6,66,230
ZM,Zoom Communications,84.65,127,6,36,0,169,49,17,-7,1,60,229
BX,Blackstone Inc.,146.68,119,0,0,102,221,-10,10,-11,18,7,228
AMP,Ameriprise Financial,523.86,77,4,6,61,148,1,18,-7,68,80,228
CB,Chubb Limited,294.37,10,2,88,55,155,6,5,9,53,73,228
IT,Gartner,448.3,126,0,-8,55,173,-8,15,-6,54,55,228
CXT,Crane NXT,55.3,126,4,-12,52,170,5,8,-8,53,58,228
RLI,RLI Corp.,75.7,9,-16,0,172,165,10,-16,-16,84,62,227
ECG,Everus Construction Group,59.55,126,3,0,0,129,82,20,-4,0,98,227
TWLO,Twilio,116.34,126,1,34,-31,130,82,11,-5,8,96,226
ODFL,Old Dominion Freight Line,171.25,49,0,-13,184,220,-10,5,-18,29,6,226
JWN,Nordstrom,24.58,66,7,55,0,128,1,18,68,10,97,225
OZK,Bank OZK,46.94,147,5,4,53,209,-10,16,-6,16,16,225
DOCU,DocuSign,92.46,126,5,40,-9,162,49,11,-7,8,61,223
CBOE,Cboe Global Markets,220.76,-35,1,131,52,149,6,11,9,48,74,223
GWW,W. W. Grainger,1101.15,35,5,1,91,132,30,20,-13,54,91,223
HLI,Houlihan Lokey,180.65,129,7,4,41,181,9,18,-10,23,40,221
THC,Tenet Healthcare,165.43,106,14,1,54,175,35,11,-22,21,45,220
WTFC,Wintrust Financial,122.35,146,5,4,46,201,-7,18,-8,16,19,220
GAP,Gap Inc.,27.39,132,14,3,15,164,35,16,-11,16,56,220
VRSN,Verisign,283.26,7,116,23,6,152,8,17,39,4,68,220
CTVA,Corteva,68.6,133,18,40,0,191,9,18,-6,8,29,220
SNX,TD Synnex,125.11,133,5,2,60,200,-6,11,-4,18,19,219
NI,NiSource,39.07,0,2,61,42,105,9,18,76,11,114,219
IDXX,Idexx Laboratories,518.0,168,12,1,1,182,53,18,-31,-5,35,217
GRMN,Garmin,205.28,35,0,99,16,150,47,6,-4,18,67,217
KMI,Kinder Morgan,28.09,18,3,79,41,141,22,11,-6,49,76,217
HLT,Hilton Worldwide,255.78,128,5,3,61,197,-10,12,-5,23,20,217
CAR,Avis Budget Group,108.85,148,21,0,-17,152,82,31,-14,-34,65,217
FCNCA,First Citizens BancShares,1956.0,88,4,0,56,148,40,18,-8,18,68,216
SRE,Sempra,77.6,12,3,-2,178,191,11,18,-16,11,24,215
ADBE,Adobe Inc.,417.06,126,3,-23,-3,103,131,10,-27,-2,112,215
WSM,"Williams-Sonoma, Inc.",173.82,119,0,4,62,185,4,11,-4,18,29,214
EMR,Emerson Electric,120.61,126,5,3,61,195,-7,11,-8,23,19,214
EBAY,eBay,71.84,11,14,64,11,100,14,18,69,13,114,214
LLYVA,Liberty Live (Series A),77.88,125,18,15,0,158,41,18,-3,0,56,214
EME,Emcor,470.44,90,5,4,55,154,-7,20,-8,54,59,213
CMI,Cummins,334.62,119,4,1,62,186,-2,10,-8,27,27,213
LDOS,Leidos,159.05,127,17,0,20,164,6,44,-18,16,48,212
FFIV,"F5, Inc.",284.9,85,4,81,11,181,2,18,-4,14,30,211
TXRH,Texas Roadhouse,192.96,113,6,2,61,182,4,11,-14,28,29,211
MET,Metlife,80.83,129,4,3,55,191,1,10,-7,15,19,210
MAR,Marriott International,273.13,126,5,3,55,189,-9,12,-6,24,21,210
NTRS,Northern Trust,107.92,128,5,3,8,144,50,11,-6,10,65,209
WDAY,"Workday, Inc.",273.01,119,7,2,11,139,49,12,-10,19,70,209
LOW,Lowe's,234.14,35,0,-7,163,191,4,11,-14,16,17,208
BEN,Franklin Templeton Investments,22.39,129,8,0,0,137,82,18,-10,-19,71,208
SGI,Somnigroup International,66.82,35,5,28,61,129,40,18,-2,23,79,208
DECK,Deckers Brands,127.91,106,0,-11,90,185,-10,11,-7,28,22,207
DT,Dynatrace,53.36,126,3,1,0,130,54,11,-5,17,77,207
J,Jacobs Solutions,129.17,37,3,0,103,143,40,18,-11,16,63,206
CG,Carlyle Group (The),47.43,119,4,1,18,142,49,7,-7,15,64,206
BYD,Boyd Gaming,75.93,77,5,35,56,173,-3,18,-6,24,33,206
EQT,EQT Corporation,55.85,84,11,28,39,162,-2,11,28,7,44,206
EPR,EPR Properties,54.14,85,7,44,26,162,9,18,-2,18,43,205
SSD,Simpson Manufacturing Company,163.92,49,5,-13,153,194,-10,14,-16,23,11,205
NTNX,Nutanix,82.78,126,11,18,19,174,-1,12,-2,21,30,204
ZS,Zscaler,251.5,119,18,4,2,143,32,20,-6,15,61,204
EXEL,Exelixis,45.39,21,4,51,11,87,35,18,42,21,116,203
CBRE,CBRE Group,131.57,85,2,79,19,185,2,11,-6,11,18,203
PODD,Insulet,324.75,72,6,32,1,111,77,10,1,3,91,202
USB,U.S. Bancorp,44.91,133,5,1,1,140,49,11,-11,12,61,201
LLYVK,Liberty Live (Series C),78.7,77,11,16,0,104,82,18,-3,0,97,201
TRMB,Trimble Inc.,71.93,126,5,66,1,198,-10,10,-7,9,2,200
FITB,Fifth Third Bancorp,39.63,127,4,0,19,150,41,10,-14,13,50,200
PPC,Pilgrim's Pride,48.67,7,1,73,18,99,6,-10,90,15,101,200
FTNT,Fortinet,104.59,23,4,41,110,178,-6,20,-3,10,21,199
RF,Regions Financial Corporation,22.6,119,4,0,19,142,48,11,-14,11,56,198
ETR,Entergy,83.13,2,2,60,19,83,9,18,76,11,114,197
T,AT&T,27.72,5,2,57,13,77,9,18,81,12,120,197
RRC,Range Resources,40.09,77,5,21,39,142,-2,6,-2,52,54,196
F,Ford Motor Company,10.8,148,19,0,-14,153,42,18,-15,-2,43,196
KEYS,Keysight,165.4,126,5,3,1,135,51,11,-4,2,60,195
BA,Boeing,205.77,171,18,1,0,190,-2,18,-4,-8,4,194
TOST,"Toast, Inc.",44.74,49,6,64,0,119,49,18,-6,14,75,194
TPL,Texas Pacific Land Corporation,1431.18,31,5,49,55,140,33,18,-7,10,54,194
BURL,Burlington Stores,269.04,81,4,1,1,87,100,6,-13,14,107,194
PNC,PNC Financial Services,179.42,126,4,0,11,141,43,10,-11,11,53,194
DFS,Discover Financial,200.21,77,18,67,19,181,-10,18,-6,11,13,194
PANW,Palo Alto Networks,192.94,35,5,4,78,122,5,16,-4,54,71,193
SAIC,SAIC,123.42,10,33,-24,64,83,10,45,1,54,110,193
TSCO,Tractor Supply Company,52.99,39,0,0,82,121,5,4,-20,82,71,192
MANH,Manhattan Associates,194.6,128,0,-16,62,174,-10,18,-14,24,18,192
LNG,Cheniere Energy,235.08,0,11,47,55,113,12,20,-7,53,78,191
DGX,Quest Diagnostics,177.91,9,19,55,15,98,9,18,55,11,93,191
PG,Procter & Gamble,163.28,14,-18,0,176,172,14,-17,-1,23,19,191
FTI,TechnipFMC,31.3,119,5,4,24,152,5,9,-9,34,39,191
INGR,Ingredion,140.82,10,11,80,31,132,5,16,-15,53,59,191
DTM,DT Midstream,103.99,31,11,90,0,132,25,18,-7,22,58,190
SYF,Synchrony Financial,60.8,132,5,4,18,159,4,18,-7,15,30,189
CNA,CNA Financial,49.04,11,2,81,54,148,7,7,10,17,41,189
CCL,Carnival Corporation & plc,23.39,77,4,4,0,85,81,12,-7,16,102,187
NWS,News Corp (Class B),32.93,1,8,99,55,163,-10,20,-4,18,24,187
STAG,STAG Industrial,35.87,85,5,-7,93,176,7,11,-7,-1,10,186
SCI,Service Corporation International,78.45,7,1,0,172,180,12,-3,-14,10,5,185
C,Citigroup,75.67,133,5,6,15,159,4,15,-4,11,26,185
RMD,Resmed,251.68,129,11,4,10,154,9,17,-7,10,29,183
EQH,Equitable Holdings,53.6,77,5,79,8,169,-10,11,-4,16,13,182
TTWO,Take-Two Interactive,226.69,21,25,32,10,88,26,19,32,17,94,182
LITE,Lumentum,77.99,119,3,1,1,124,47,11,-8,7,57,181
TRGP,Targa Resources,165.71,0,-31,133,48,150,-10,-3,-7,51,31,181
AON,AON,362.12,10,-23,3,174,164,9,-44,-2,53,16,180
TDY,Teledyne Technologies,499.29,97,4,39,11,151,14,9,-6,12,29,180
SSNC,SS&C Technologies,79.58,86,0,77,11,174,-10,6,-2,12,6,180
LECO,Lincoln Electric,203.07,65,4,0,62,131,49,11,-7,-4,49,180
MAT,Mattel,20.11,120,4,1,0,125,82,6,-5,-28,55,180
DASH,DoorDash,201.98,28,4,84,0,116,35,17,-4,15,63,179
ALAB,Astera Labs,90.52,126,3,0,0,129,47,12,-9,0,50,179
FHN,First Horizon Corporation,20.34,126,5,39,1,171,-5,11,-5,7,8,179
UI,Ubiquiti,436.31,119,6,39,7,171,-13,20,-6,7,8,179
ARES,Ares Management,170.13,8,5,4,56,73,-9,18,-6,103,106,179
MSCI,MSCI,571.88,90,3,1,11,105,49,18,-10,17,74,179
ESI,Element Solutions,22.35,129,1,-7,54,177,-10,10,-16,17,1,178
LBRDK,Liberty Broadband (Series C),101.36,112,16,34,-33,129,35,16,-8,5,48,177
PPL,PPL Corporation,34.85,0,1,63,20,84,8,-1,75,11,93,177
EFX,Equifax,278.63,133,17,1,13,164,4,18,-25,15,12,176
MTZ,MasTec,157.75,126,11,6,15,158,-2,18,-8,10,18,176
CIEN,Ciena,81.22,129,5,6,9,149,4,18,-8,13,27,176
MTSI,MACOM Technology Solutions,123.46,87,5,3,55,150,-10,17,-8,26,25,175
PAG,Penske Automotive Group,166.6,49,6,2,59,116,-10,20,-5,54,59,175
MTB,M&T Bank,187.74,129,5,1,19,154,9,11,-11,11,20,174
APG,APi Group,45.89,126,12,5,0,143,-6,18,-4,23,31,174
OGE,OGE Energy,44.37,1,2,55,42,100,9,-1,55,11,74,174
KBR,"KBR, Inc.",56.13,62,9,-17,61,115,5,18,-18,54,59,174
CHTR,Charter Communications,427.05,112,16,5,-33,100,70,15,-15,3,73,173
RBLX,Roblox Corporation,81.28,42,17,40,0,99,45,18,3,8,74,173
LMT,Lockheed Martin,468.43,-28,2,-16,162,120,6,-2,-21,69,52,172
CFR,Frost Bank,131.14,140,5,5,1,151,6,15,-7,7,21,172
CF,CF Industries,87.79,147,4,2,1,154,5,16,-9,5,17,171
LPX,Louisiana-Pacific,95.53,85,0,0,60,145,5,9,-11,23,26,171
JHG,Janus Henderson,38.71,126,4,0,16,146,5,11,-6,15,25,171
BAC,Bank of America,44.68,133,5,4,15,157,-3,12,-6,11,14,171
VRT,Vertiv,106.03,129,4,1,5,139,-2,18,-8,23,31,170
CHE,Chemed Corporation,580.05,6,-8,0,182,180,7,-22,10,-5,-10,170
H,Hyatt Hotels,135.19,88,0,-10,52,130,-10,11,-14,52,39,169
RGLD,Royal Gold,171.12,-35,71,48,15,99,4,-2,55,13,70,169
ANSS,Ansys,346.53,129,5,4,8,146,-8,18,-8,20,22,168
WCC,Wesco International,173.3,58,4,0,55,117,-10,18,-11,54,51,168
EXPD,Expeditors International,118.38,35,1,-7,128,157,7,6,-24,22,11,168
STWD,Starwood Property Trust,20.26,37,5,5,55,102,33,16,-1,18,66,168
WFC,Wells Fargo,76.21,35,5,79,26,145,-2,15,-6,16,23,168
DPZ,Domino's,495.04,27,24,9,7,67,51,20,14,15,100,167
CBSH,Commerce Bancshares,65.62,85,5,6,1,97,49,18,-7,10,70,167
R,Ryder,158.33,50,5,4,53,112,-6,18,-10,53,55,167
KEX,Kirby Corporation,110.24,84,5,0,32,121,5,18,-17,39,45,166
HOOD,Robinhood Markets,61.74,58,7,68,0,133,4,18,-4,15,33,166
OMF,OneMain Financial,51.8,77,5,4,57,143,-10,16,-7,23,22,165
BJ,BJ's Wholesale Club,116.4,6,1,65,7,79,9,-5,27,55,86,165
META,Meta Platforms,640.25,112,5,4,26,147,-7,10,-5,20,18,165
SPR,Spirit AeroSystems,37.83,49,19,5,0,73,43,20,17,11,91,164
FLS,Flowserve,51.63,119,4,0,24,147,-7,10,-8,22,17,164
FNB,FNB Corporation,14.44,84,5,0,52,141,4,18,-15,16,23,164
GTES,Gates Corporation,22.15,126,5,4,12,147,-9,13,-4,15,15,162
ADT,ADT Inc.,8.59,90,25,18,0,133,1,9,12,5,27,160
GD,General Dynamics,280.69,14,27,0,51,92,12,20,-18,54,68,160
WYNN,Wynn Resorts,96.76,77,7,1,1,86,78,15,-15,-5,73,159
AYI,Acuity Brands,273.14,126,0,0,24,150,-10,10,-8,17,9,159
SNV,Synovus,49.48,132,5,1,18,156,-9,11,-10,11,3,159
LII,Lennox International,605.76,94,4,2,35,135,1,8,-10,24,23,158
MORN,"Morningstar, Inc.",309.24,117,5,-7,25,140,5,11,-13,15,18,158
APO,Apollo Global Management,143.85,35,4,6,94,139,-10,16,-10,23,19,158
DIS,Walt Disney Company (The),113.42,126,5,2,-38,95,61,9,-6,-2,62,157
UHS,Universal Health Services,198.01,114,9,0,19,142,5,9,-22,23,15,157
RYAN,Ryan Specialty,70.66,8,0,108,0,116,9,2,8,22,41,157
MO,Altria,58.88,1,2,57,42,102,9,20,13,13,55,157
CARR,Carrier Global,75.62,119,12,1,0,132,5,12,-16,23,24,156
SF,Stifel,98.86,85,4,0,56,145,-9,10,-7,17,11,156
CTSH,Cognizant,81.42,126,5,3,11,145,-10,11,-5,15,11,156
MDU,MDU Resources,17.42,6,3,65,37,111,9,18,-8,26,45,156
GEV,GE Vernova,427.87,133,17,0,0,150,-7,20,-8,0,5,155
MKL,Markel,1918.95,6,4,55,52,117,2,18,-5,23,38,155
TXN,Texas Instruments,188.47,77,5,0,19,101,50,9,-18,13,54,155
IR,Ingersoll Rand,84.0,126,4,-8,20,142,-10,11,-15,26,12,154
CRM,Salesforce,291.16,119,0,4,19,142,-9,11,-8,18,12,154
EVRG,Evergy,66.92,0,1,45,11,57,8,18,64,7,97,154
AMD,Advanced Micro Devices,117.18,120,4,-29,107,202,-2,11,-53,-4,-48,154
REG,Regency Centers,73.86,7,3,55,50,115,6,18,-2,16,38,153
FERG,Ferguson Enterprises,184.72,37,7,-13,62,93,42,18,-22,22,60,153
VST,Vistra Corp.,156.59,35,4,6,27,72,29,17,-8,42,80,152
RITM,Rithm Capital,11.67,35,5,4,29,73,43,15,-2,23,79,152
CEG,Constellation Energy,291.11,126,5,3,0,134,-10,20,-8,16,18,152
MMM,3M,153.09,50,5,61,11,127,5,10,-2,11,24,151
BROS,Dutch Bros. Coffee,73.72,49,4,40,0,93,40,11,-2,8,57,150
KR,Kroger,68.85,-35,2,66,64,97,5,-1,37,12,53,150
CELH,Celsius Holdings,39.4,42,44,-42,62,106,54,-9,5,-6,44,150
DELL,Dell Technologies,114.18,77,5,-12,29,99,50,18,-16,-1,51,150
SNOW,Snowflake Inc.,183.08,126,8,2,0,136,5,18,-3,-7,13,149
CR,Crane Co.,177.99,126,12,3,0,141,7,14,-15,2,8,149
NET,Cloudflare,157.3,48,5,26,0,79,44,15,-5,16,70,149
LAZ,Lazard,46.36,132,4,0,17,153,-9,10,-15,10,-4,149
MOH,Molina Healthcare,325.34,2,0,0,163,165,4,-20,5,-5,-16,149
THG,Hanover Insurance,168.38,7,3,48,21,79,6,12,40,11,69,148
ANET,Arista Networks,96.4,35,1,1,55,92,-2,13,-8,53,56,148
PEGA,Pegasystems,99.04,50,17,6,2,75,49,18,-7,12,72,147
ROK,Rockwell Automation,309.05,129,8,2,12,151,-2,10,-5,-8,-5,146
PFG,Principal Financial Group,81.51,85,4,0,52,141,-10,6,-7,15,4,145
TSLA,"Tesla, Inc.",349.8,48,4,30,7,89,43,16,-11,7,55,144
KMPR,Kemper Corporation,64.68,126,4,2,1,133,1,6,-7,11,11,144
WEC,WEC Energy Group,106.45,0,1,42,10,53,9,18,55,8,90,143
NXST,Nexstar Media Group,176.7,71,4,1,1,77,73,4,-19,7,65,142
XEL,Xcel Energy,72.38,9,2,38,9,58,14,18,46,6,84,142
BRK-B,Berkshire Hathaway,514.19,-70,3,111,59,103,5,-2,12,23,38,141
PKG,Packaging Corporation of America,194.24,35,0,0,58,93,33,5,-13,23,48,141
IRM,Iron Mountain,100.61,15,10,0,54,79,9,18,-18,53,62,141
VIRT,Virtu Financial,41.43,-14,19,63,11,79,-26,18,58,11,61,140
PCOR,Procore,71.05,126,0,1,0,127,-9,10,-4,16,13,140
CMG,Chipotle Mexican Grill,52.33,21,3,-11,77,90,21,16,-13,26,50,140
MLM,Martin Marietta Materials,564.08,19,14,0,57,90,9,35,-18,24,50,140
MDLZ,Mondelez International,65.32,-36,0,-5,179,138,5,-4,6,-6,1,139
PEG,Public Service Enterprise Group,79.29,1,-13,0,149,137,8,-5,-15,14,2,139
SLGN,Silgan Holdings,55.45,18,11,6,77,112,9,18,-10,10,27,139
ARW,Arrow Electronics,121.98,174,12,-29,1,158,-13,18,-20,-5,-20,138
VICI,Vici Properties,32.1,7,2,45,12,66,9,-1,10,54,72,138
CWEN-A,Clearway Energy (Class A),28.65,18,3,45,3,69,39,14,9,7,69,138
BSY,Bentley Systems,47.94,73,8,-28,0,53,82,20,-15,-3,84,137
MRVL,Marvell Technology,63.78,35,0,-8,103,130,-10,10,-8,15,7,137
UBER,Uber,91.78,34,17,5,0,56,35,20,3,23,81,137
ABT,Abbott Laboratories,134.78,9,2,43,10,64,7,20,35,11,73,137
VRTX,Vertex Pharmaceuticals,438.58,0,-9,0,101,92,5,-4,10,34,45,137
AS,Amer Sports,31.15,126,5,0,0,131,-2,10,-3,0,5,136
LKQ,LKQ Corporation,42.56,49,4,0,0,53,93,4,-1,-14,82,135
SKX,Skechers,62.1,75,3,-11,52,119,-10,10,-7,23,16,135
WAL,Western Alliance Bancorporation,78.18,128,4,0,1,133,-10,10,-14,15,1,134
CWEN,Clearway Energy (Class C),30.36,15,3,45,1,64,39,14,9,7,69,133
ZION,Zions Bancorporation,49.2,126,4,0,1,131,-10,10,-10,12,2,133
PNFP,Pinnacle Financial Partners,111.45,97,5,5,12,119,-10,16,-7,15,14,133
LYFT,Lyft,16.76,133,6,2,0,141,-12,16,-14,1,-9,132
VOYA,Voya Financial,69.54,127,5,-10,1,123,-12,8,-15,28,9,132
POST,Post Holdings,111.77,9,-8,1,84,86,9,-15,-2,54,46,132
AMGN,Amgen,272.41,0,-23,-6,162,133,5,-38,-1,33,-1,132
MSM,MSC Industrial Direct,81.46,35,5,0,55,95,41,20,-18,-6,37,132
TRU,TransUnion,91.89,132,5,0,1,138,-10,11,-18,11,-6,132
ESAB,ESAB,130.31,6,7,87,0,100,5,18,-6,14,31,131
KEY,Keycorp,16.63,127,5,0,1,133,-9,11,-14,10,-2,131
MSTR,MicroStrategy,399.48,-2,19,86,16,119,-12,19,-12,17,12,131
WING,Wingstop,321.35,35,11,-13,35,68,49,11,-25,28,63,131
CRUS,Cirrus Logic,106.27,129,5,-10,16,140,-7,12,-28,13,-10,130
HPE,Hewlett Packard Enterprise,17.74,50,1,-11,39,79,-10,18,-8,51,51,130
EWBC,East West Bancorp,95.49,90,5,4,19,118,-10,16,-10,16,12,130
CNH,CNH Industrial,13.66,85,6,6,1,98,41,12,-1,-20,32,130
COF,Capital One,197.22,0,11,81,18,110,-10,18,-4,15,19,129
AGCO,AGCO,108.45,119,7,1,1,128,5,12,-7,-10,0,128
UGI,UGI Corporation,35.49,14,19,29,1,63,9,18,36,2,65,128
LAMR,Lamar Advertising,119.86,35,4,0,61,100,5,18,-14,18,27,127
VMC,Vulcan Materials,275.52,7,13,4,57,81,5,28,-11,24,46,127
HRB,H&R Block,57.66,-47,34,0,49,36,7,34,1,49,91,127
DDOG,Datadog,117.71,126,1,-10,0,117,-1,12,-13,12,10,127
CRH,CRH plc,98.92,35,5,4,61,105,-12,13,-4,24,21,126
FNF,Fidelity National Financial,58.25,-49,-7,95,55,94,7,-2,9,18,32,126
NVT,Nvent Electric,67.56,129,5,-13,9,130,-6,18,-15,-2,-5,125
AR,Antero Resources,39.8,59,5,28,7,99,-10,6,23,7,26,125
BRX,Brixmor Property Group,26.59,35,3,1,52,91,6,18,-14,23,33,124
VNT,Vontier,37.08,126,5,0,0,131,-7,12,-10,-2,-7,124
VEEV,Veeva Systems,242.84,33,8,32,5,78,26,11,-7,15,45,123
MUSA,Murphy USA,457.62,0,-7,0,65,58,12,-7,-16,76,65,123
AEE,Ameren,97.97,3,1,44,10,58,10,-1,49,7,65,123
FR,First Industrial Realty Trust,51.12,85,2,0,11,98,4,11,-2,11,24,122
LNT,Alliant Energy,62.49,9,2,55,11,77,14,8,12,10,44,121
AVT,Avnet,51.89,56,5,0,42,103,-10,19,-15,24,18,121
LULU,Lululemon Athletica,321.44,77,0,0,0,77,49,10,-7,-9,43,120
EOG,EOG Resources,115.51,37,0,-7,42,72,3,5,-8,48,48,120
ACGL,Arch Capital Group,94.61,6,7,0,59,72,5,18,-23,48,48,120
TNL,Travel + Leisure Co.,51.12,90,4,4,13,111,-9,11,-4,11,9,120
CMA,Comerica,58.79,119,1,0,1,121,-10,10,-11,9,-2,119
AIG,American International Group,84.33,14,2,15,50,81,5,5,10,18,38,119
CI,Cigna,320.95,0,0,0,55,55,4,-2,7,54,63,118
HIW,Highwoods Properties,30.86,89,11,0,3,103,5,18,-19,10,14,117
KIM,Kimco Realty,21.7,42,4,0,52,98,5,18,-15,11,19,117
PRU,Prudential Financial,107.32,49,2,0,52,103,2,10,-14,16,14,117
TTD,Trade Desk (The),76.31,126,0,-14,1,113,-10,11,-14,17,4,117
MSA,MSA Safety,159.52,0,7,-22,161,146,-11,18,-35,-2,-30,116
MTG,MGIC Investment Corporation,26.89,7,18,6,52,83,6,18,-16,25,33,116
S,SentinelOne,20.2,119,0,-12,0,107,2,11,-15,11,9,116
OSK,Oshkosh Corporation,102.15,77,4,-13,1,69,47,9,-7,-2,47,116
WBS,Webster Bank,52.9,85,5,1,11,102,-7,13,-7,14,13,115
RRX,Regal Rexnord,141.43,129,5,-15,1,120,-10,10,-16,10,-6,114
STLD,Steel Dynamics,134.77,0,17,4,52,73,-13,18,-18,54,41,114
FIVE,Five Below,106.54,81,7,0,-13,75,47,16,-12,-12,39,114
HSIC,Schein (Henry),72.06,69,1,0,0,70,61,9,-6,-20,44,114
K,Kellanova,82.29,-41,1,56,18,34,3,-2,68,10,79,113
BIRK,Birkenstock,56.68,50,7,2,0,59,43,18,-7,0,54,113
FE,FirstEnergy,42.67,2,24,5,52,83,10,29,-20,11,30,113
WTM,White Mountains Insurance Group,1797.41,33,-32,3,56,60,1,5,-7,53,52,112
LEN-B,Lennar (Class B),108.5,50,0,-15,59,94,4,9,-22,27,18,112
COIN,Coinbase,266.5,35,4,1,0,40,49,18,-10,15,72,112
AMAT,Applied Materials,165.52,0,5,-17,146,134,-2,17,-36,-2,-23,111
WTW,Willis Towers Watson,312.16,9,-17,81,21,94,10,-17,-2,26,17,111
GLPI,Gaming and Leisure Properties,47.61,7,-13,1,62,57,9,-8,-1,54,54,111
PNW,Pinnacle West Capital,91.77,0,1,55,15,71,9,-1,9,23,40,111
PVH,PVH Corp.,86.3,49,4,-19,1,35,77,18,-15,-4,76,111
PATH,UiPath,12.91,126,6,-13,0,119,-10,20,-12,-7,-9,110
EXP,Eagle Materials,240.02,35,2,-2,54,89,1,12,-16,24,21,110
LAD,Lithia Motors,324.1,88,0,1,11,100,-10,11,-9,18,10,110
DAL,Delta Air Lines,50.92,77,0,0,16,93,-10,11,-8,23,16,109
CMS,CMS Energy,71.48,0,0,63,20,83,9,-3,9,11,26,109
EGP,EastGroup Properties,173.02,85,2,0,5,92,4,17,-2,-2,17,109
MAS,Masco,67.66,49,0,-7,62,104,1,5,-19,18,5,109
VLO,Valero Energy,135.73,51,5,-31,41,66,43,7,-6,-2,42,108
PLNT,Planet Fitness,98.94,6,1,50,10,67,20,12,-2,11,41,108
GILD,Gilead Sciences,102.5,7,-10,38,32,67,3,-40,42,36,41,108
UTHR,United Therapeutics,305.15,0,0,-2,54,52,3,13,-16,56,56,108
AZEK,Azek,51.24,42,23,8,0,73,-10,37,-10,17,34,107
AEP,American Electric Power,103.05,0,0,60,20,80,8,-3,10,11,26,106
VTR,"Ventas, Inc.",65.63,1,0,59,19,79,6,-1,10,12,27,106
AMH,American Homes 4 Rent,38.72,2,24,3,65,94,8,18,-26,12,12,106
PSX,Phillips 66,125.72,133,4,-23,38,152,-2,6,-48,-2,-46,106
RGA,Reinsurance Group of America,209.11,7,5,0,37,49,4,17,-14,50,57,106
GL,Globe Life,122.08,1,1,32,11,45,9,3,43,5,60,105
LVS,Las Vegas Sands,42.42,133,5,-9,-3,126,-8,11,-13,-11,-21,105
NEE,NextEra Energy,74.98,50,4,0,1,55,54,6,-21,10,49,104
GPK,Graphic Packaging,23.56,14,-49,-6,55,14,53,-12,-19,68,90,104
CSX,CSX Corporation,31.32,88,4,-23,1,70,48,8,-19,-3,34,104
CCK,Crown Holdings,99.39,41,15,4,2,62,21,18,-6,9,42,104
GXO,GXO Logistics,42.27,129,5,-24,0,110,9,11,-22,-5,-7,103
MU,Micron Technology,98.08,126,4,-22,19,127,7,10,-39,-2,-24,103
NTRA,Natera,152.61,-24,0,79,15,70,1,20,-4,16,33,103
MIDD,Middleby,151.53,48,0,1,1,50,41,5,-3,10,53,103
BWA,BorgWarner,33.33,134,7,-24,0,117,5,14,-22,-13,-16,101
NLY,Annaly Capital Management,19.88,15,2,5,7,29,48,12,-1,13,72,101
PCTY,Paylocity,200.77,49,4,29,0,82,4,18,-6,2,18,100
KNSL,Kinsale Capital Group,463.2,9,0,3,30,42,6,-16,-14,82,58,100
NSC,Norfolk Southern,246.2,35,4,0,1,40,47,18,-17,11,59,99
BEPC,Brookfield Renewable Partners,30.0,42,6,0,0,48,47,17,-20,7,51,99
SARO,StandardAero,29.95,49,5,0,0,54,41,12,-8,0,45,99
LH,Labcorp,249.51,5,11,42,12,70,4,11,-2,15,28,98
LFUS,Littelfuse,218.75,133,5,-12,0,126,-8,10,-26,-5,-29,97
MSGS,Madison Square Garden Sports,197.42,49,0,-7,18,60,7,18,-13,24,36,96
CFG,Citizens Financial Group,41.81,85,4,1,1,91,-10,10,-7,11,4,95
DXCM,Dexcom,85.46,77,9,0,-11,75,12,18,-4,-6,20,95
COKE,Coca-Cola Consolidated,1177.96,2,-12,1,63,54,6,-12,-3,49,40,94
ARMK,Aramark,39.27,7,9,2,37,55,-13,13,-14,53,39,94
ADC,Agree Realty,74.91,1,2,50,13,66,9,-1,10,10,28,94
SCCO,Southern Copper,90.73,0,4,-8,59,55,-10,17,-22,54,39,94
HPQ,HP Inc.,29.32,50,4,-12,1,43,43,10,-16,13,50,93
PR,Permian Resources,13.51,49,4,-15,23,61,-10,7,-11,46,32,93
AMZN,Amazon,205.56,56,4,4,18,82,-10,10,-6,17,11,93
ELF,e.l.f. Beauty,79.29,129,0,-37,28,120,5,11,-41,-2,-27,93
IDA,Idacorp,115.53,5,1,43,15,64,10,-3,13,7,27,91
SMCI,Supermicro,46.15,35,1,-38,55,53,43,4,-3,-6,38,91
SW,Smurfit Westrock,46.64,44,2,0,0,46,49,6,-10,0,45,91
AFRM,Affirm Holdings,52.57,34,0,36,0,70,-8,18,-4,14,20,90
JEF,Jefferies Financial Group,52.7,0,0,-7,55,48,-10,8,-10,54,42,90
TYL,Tyler Technologies,576.92,62,0,1,14,77,9,4,-15,15,13,90
IP,International Paper,50.13,35,0,0,13,48,33,3,-7,13,42,90
OC,Owens Corning,144.96,30,0,-11,55,74,5,-1,-15,26,15,89
IEX,IDEX Corporation,190.82,119,1,-15,0,105,-10,12,-15,-3,-16,89
PLD,Prologis,110.53,85,2,-10,0,77,4,16,-7,-2,11,88
OLED,Universal Display Corporation,155.59,133,5,-24,0,114,-10,12,-27,-2,-27,87
ALGM,Allegro MicroSystems,27.52,49,4,1,0,54,43,5,-2,-13,33,87
WDC,Western Digital,49.99,35,5,0,9,49,39,16,-15,-2,38,87
EQIX,Equinix,876.01,11,5,4,31,51,5,18,-10,23,36,87
CHH,Choice Hotels,130.68,27,0,0,12,39,35,6,-4,11,48,87
OKE,Oneok,85.68,35,-31,0,51,55,-10,5,-12,48,31,86
DINO,HF Sinclair,36.64,85,7,-37,-6,49,79,12,-49,-5,37,86
EXPE,Expedia Group,166.62,35,0,36,8,79,-10,11,-5,11,7,86
BWXT,BWX Technologies,109.69,6,3,0,32,41,9,20,-12,28,45,86
CRWD,CrowdStrike,439.3,13,18,32,0,63,-10,20,-4,17,23,86
CVX,Chevron Corporation,142.11,42,-30,-7,45,50,5,1,27,3,36,86
SNDK,SanDisk,40.44,90,0,0,0,90,-10,5,0,0,-5,85
IVZ,Invesco,15.43,77,1,0,0,78,-10,11,-7,10,4,82
XP,XP Inc.,18.77,49,19,0,0,68,-2,17,3,-5,13,81
MRP,Millrose Properties,28.6,35,0,0,0,35,30,15,0,0,45,80
AGNC,AGNC Investment,9.18,35,1,1,13,50,7,10,-1,14,30,80
MAA,Mid-America Apartment Communities,163.23,0,4,45,4,53,5,16,-2,8,27,80
CPAY,Corpay,348.79,35,4,4,18,61,-9,11,-6,22,18,79
LUV,Southwest Airlines,32.68,106,4,3,-36,77,6,7,-12,1,2,79
CUZ,Cousins Properties,28.65,47,4,4,8,63,5,12,-11,10,16,79
BHF,Brighthouse Financial,60.96,36,8,5,8,57,7,14,-4,5,22,79
ABBV,AbbVie,183.97,-22,-9,4,55,28,-20,10,-1,61,50,78
GLW,Corning Inc.,48.2,35,4,6,14,59,4,11,-7,11,19,78
HUBS,HubSpot,661.22,35,0,4,8,47,2,17,-5,16,30,77
SOFI,SoFi,13.93,35,4,33,0,72,-12,16,-7,8,5,77
NU,Nubank,13.05,50,16,0,0,66,-5,18,-18,16,11,77
CHRW,C.H. Robinson,100.28,35,3,1,1,40,40,5,-14,5,36,76
ATR,AptarGroup,157.12,14,11,0,17,42,9,18,-15,22,34,76
BXP,"BXP, Inc.",67.82,35,3,-7,0,31,32,18,-16,10,44,75
KMB,Kimberly-Clark,139.1,53,0,1,15,69,12,-39,10,23,6,75
ECL,Ecolab,259.09,13,3,3,19,38,9,13,-2,16,36,74
COLB,Columbia Banking System,25.01,77,5,0,-6,76,-10,14,-13,7,-2,74
XYL,Xylem Inc.,128.02,50,5,0,19,74,5,15,-39,19,0,74
TKR,Timken Company,73.69,77,4,-11,1,71,4,9,-8,-2,3,74
FHB,"First Hawaiian, Inc.",24.58,49,3,1,11,64,-10,15,-7,11,9,73
VZ,Verizon,43.97,9,2,17,7,35,9,8,10,11,38,73
FTV,Fortive,73.16,56,4,-8,30,82,-10,7,-4,-2,-9,73
FOUR,Shift4,90.73,49,0,3,0,52,-10,14,-4,21,21,73
ZI,ZoomInfo,10.34,98,3,-10,0,91,21,9,-15,-34,-19,72
DHI,D. R. Horton,125.76,3,0,-15,62,50,1,16,-22,27,22,72
ALNY,Alnylam Pharmaceuticals,285.21,23,4,4,12,43,26,12,-21,12,29,72
DLR,Digital Realty,170.05,7,11,2,19,39,9,18,-11,16,32,71
NCLH,Norwegian Cruise Line Holdings,19.26,70,0,-7,0,63,-8,6,-7,17,8,71
HII,Huntington Ingalls Industries,230.03,0,44,0,3,47,7,20,3,-6,24,71
VNOM,Viper Energy,41.38,0,0,0,41,41,-12,13,-15,44,30,71
PSN,Parsons Corporation,69.0,21,0,-14,0,7,50,-1,-17,32,64,71
NWSA,News Corp (Class A),28.34,0,5,4,55,64,-26,18,-4,18,6,70
COHR,Coherent Corp.,78.6,47,4,0,12,63,-6,11,-11,12,6,69
Z,Zillow (Class C),69.83,7,0,41,-4,44,2,11,-5,17,25,69
LHX,L3Harris,230.22,14,27,0,2,43,12,20,-18,11,25,68
LEN,Lennar (Class A),111.85,5,0,-17,61,49,4,10,-22,27,19,68
KVUE,Kenvue,24.17,2,7,30,0,39,7,16,6,0,29,68
ALLE,Allegion,145.65,7,17,3,18,45,5,17,-19,19,22,67
EIX,Edison International,58.61,17,7,-19,1,6,12,18,-16,47,61,67
GM,General Motors,50.38,49,5,1,8,63,-3,11,-15,10,3,66
HAS,Hasbro,67.21,50,5,1,0,56,7,16,-21,8,10,66
HST,Host Hotels & Resorts,15.56,88,5,-19,1,75,-10,18,-14,-3,-9,66
SPG,Simon Property Group,165.12,-1,2,3,32,36,3,11,-2,18,30,66
SMG,Scotts Miracle-Gro Company,62.47,73,1,-9,-36,29,41,4,-19,10,36,65
SN,SharkNinja,102.05,50,5,1,0,56,3,11,-5,0,9,65
AOS,A. O. Smith,70.5,49,5,-29,55,80,4,17,-35,-2,-16,64
SNDR,Schneider National,24.4,75,0,-10,0,65,2,4,-14,7,-1,64
TTC,Toro Company (The),77.8,85,4,-22,-4,63,43,10,-35,-17,1,64
APD,Air Products,278.93,36,0,0,13,49,8,6,-6,7,15,64
WPC,W. P. Carey,61.86,3,2,16,0,21,9,18,13,2,42,63
ABNB,Airbnb,137.99,50,4,0,0,54,-2,18,-5,-2,9,63
WH,Wyndham Hotels & Resorts,88.76,6,0,39,8,53,-9,10,-4,12,9,62
TROW,T. Rowe Price,98.03,77,3,-10,-22,48,5,11,-12,10,14,62
AFG,American Financial Group,126.62,4,1,1,53,59,7,-1,-15,11,2,61
ED,Consolidated Edison,104.31,-50,0,15,44,9,6,-5,9,42,52,61
RKT,Rocket Companies,13.22,26,-10,-6,0,10,27,1,5,17,50,60
PINS,Pinterest,32.56,77,1,-11,0,67,-5,6,-6,-2,-7,60
JKHY,Jack Henry & Associates,182.71,49,2,3,1,55,7,4,-14,8,5,60
DKS,Dick's Sporting Goods,184.07,-14,-2,0,60,44,-14,8,-8,30,16,60
SWKS,Skyworks Solutions,73.32,133,3,-30,-27,79,3,13,-33,-2,-19,60
CNM,Core & Main,54.14,10,7,6,0,23,4,18,-7,21,36,59
TTEK,Tetra Tech,35.39,49,3,-16,2,38,6,18,-19,16,21,59
XOM,ExxonMobil,108.17,0,2,0,41,43,-14,5,-22,47,16,59
OWL,Blue Owl Capital,19.5,49,0,0,0,49,-10,10,-8,18,10,59
FSLR,First Solar,178.46,47,4,-26,59,84,-3,18,-38,-3,-26,58
SOLV,Solventum,74.12,49,1,0,0,50,5,6,-3,0,8,58
LCID,Lucid Motors,2.84,38,1,-19,0,20,42,32,-4,-32,38,58
CDW,CDW,188.95,131,5,-29,1,108,-8,12,-50,-5,-51,57
TPG,TPG Inc.,51.91,49,0,0,0,49,-10,11,-11,16,6,55
RNR,RenaissanceRe,245.85,0,2,0,32,34,2,10,-16,25,21,55
ESS,Essex Property Trust,288.71,10,2,1,11,24,9,12,-2,11,30,54
EW,Edwards Lifesciences,77.97,21,17,1,-11,28,23,18,17,-32,26,54
UAL,United Airlines Holdings,77.87,0,0,37,8,45,-14,17,-7,13,9,54
RIVN,Rivian,15.8,46,7,0,0,53,14,15,-10,-18,1,54
MDT,Medtronic,86.42,35,0,1,-3,33,7,5,-1,10,21,54
THO,Thor Industries,82.43,75,0,-13,-3,59,3,11,-16,-3,-5,54
PCG,PG&E Corporation,17.87,10,11,-17,1,5,10,18,-16,37,49,54
ALLY,Ally Financial,36.03,49,4,0,1,54,-11,6,-8,13,0,54
OHI,Omega Healthcare Investors,37.03,3,1,0,37,41,6,-3,-18,28,13,54
MCHP,Microchip Technology,61.21,127,5,-33,0,99,-10,11,-42,-4,-45,54
TXT,Textron,76.68,49,5,-22,50,82,1,15,-43,-2,-29,53
TOL,Toll Brothers,107.23,0,0,-10,58,48,-13,11,-16,23,5,53
APPF,AppFolio,218.75,6,0,-5,25,26,4,4,-7,25,26,52
QGEN,Qiagen,42.66,2,2,-2,0,2,4,43,-8,10,49,51
CTRA,Coterra,24.8,28,-30,1,41,40,4,-28,25,10,11,51
EA,Electronic Arts,151.53,-32,27,6,4,5,6,19,3,18,46,51
GTLB,GitLab,51.53,50,0,-8,0,42,-10,10,-7,15,8,50
NVR,"NVR, Inc.",7368.26,0,0,-10,62,52,-15,5,-19,26,-3,49
DLB,Dolby Laboratories,77.57,44,0,1,6,51,-10,10,-7,5,-2,49
ZBRA,Zebra Technologies,300.79,57,0,-8,-4,45,-9,10,-8,10,3,48
OTIS,Otis Worldwide,98.89,13,1,1,0,15,6,5,-1,23,33,48
QRVO,Qorvo,79.72,134,5,-31,-28,80,-8,13,-35,-2,-32,48
NCNO,nCino,24.62,49,0,-13,0,36,7,7,-15,12,11,47
FCN,FTI Consulting,166.87,8,0,-24,92,76,8,-1,-34,-2,-29,47
CNXC,Concentrix,56.23,49,5,0,0,54,7,8,8,-30,-7,47
EQR,Equity Residential,71.56,9,4,1,10,24,10,18,-16,10,22,46
TFSL,Third Federal S&L,13.45,-2,18,4,2,22,4,19,-16,16,23,45
HXL,Hexcel,54.67,66,0,-16,0,50,2,6,-8,-6,-6,44
NNN,NNN Reit,42.0,7,3,0,19,29,7,18,-22,11,14,43
WAT,Waters Corporation,359.47,11,0,1,11,23,4,11,-7,11,19,42
TFC,Truist Financial,41.39,35,4,0,1,40,-9,10,-10,11,2,42
PHM,PulteGroup,104.4,-15,0,-10,62,37,-16,16,-21,26,5,42
ULTA,Ulta Beauty,412.81,35,15,0,0,50,-10,18,-10,-6,-8,42
SBAC,SBA Communications,233.08,0,25,3,-17,11,6,18,4,2,30,41
PSA,Public Storage,308.98,10,6,0,12,28,7,18,-22,10,13,41
BFAM,Bright Horizons,124.42,0,3,1,5,9,5,12,2,12,31,40
G,Genpact,44.19,0,-10,40,7,37,5,-7,-2,7,3,40
CL,Colgate-Palmolive,91.23,7,-12,0,20,15,10,-7,-1,23,25,40
FIS,Fidelity National Information Services,79.86,37,20,0,-34,23,8,18,-17,8,17,40
GNRC,Generac,129.46,77,1,-7,-31,40,1,7,-15,7,0,40
ALK,Alaska Air Group,53.65,6,0,32,1,39,-10,8,-4,6,0,39
BBY,Best Buy,73.81,59,2,-11,-3,47,-10,11,-22,13,-8,39
CART,Maplebear Inc.,45.68,7,1,10,0,18,5,20,-4,0,21,39
CSGP,CoStar Group,76.96,7,0,0,11,18,21,-4,10,-6,21,39
PAYC,Paycom,260.36,51,18,6,-21,54,4,18,-3,-34,-15,39
CUBE,CubeSmart,43.67,8,11,-10,19,28,6,16,-23,11,10,38
UDR,"UDR, Inc.",42.42,0,2,3,4,9,5,16,-2,10,29,38
PARAA,Paramount Global (Class A),22.54,-7,-10,26,0,9,8,10,8,3,29,38
AMTM,Amentum,21.83,3,17,0,0,20,9,18,-9,0,18,38
QCOM,Qualcomm,152.46,50,3,-12,19,60,5,13,-39,-2,-23,37
CPT,Camden Property Trust,119.63,6,3,3,1,13,7,11,-2,8,24,37
AMG,Affiliated Managers Group,183.25,4,11,2,19,36,-17,18,-14,14,1,37
TAP,Molson Coors,56.87,23,-16,0,11,18,40,-22,-1,2,19,37
EEFT,Euronet Worldwide,111.1,7,8,2,0,17,4,10,-4,10,20,37
DOX,Amdocs,91.4,-21,14,4,55,52,-23,12,-6,2,-15,37
SFD,Smithfield Foods,23.31,13,0,0,0,13,5,18,0,0,23,36
RPRX,Royalty Pharma,34.04,8,8,19,0,35,6,16,13,-35,0,35
AWK,American Water Works,142.57,2,0,13,3,18,8,-5,9,5,17,35
AVB,AvalonBay Communities,208.12,0,2,0,13,15,5,18,-15,12,20,35
GPC,Genuine Parts Company,128.67,35,3,0,0,38,41,17,-47,-14,-3,35
AXTA,Axalta,32.65,5,0,-3,19,21,-10,16,-16,23,13,34
ZG,Zillow (Class A),68.77,7,0,41,-38,10,1,11,-5,17,24,34
DOCS,Doximity,52.56,-9,-1,41,0,31,-14,11,-4,9,2,33
NBIX,Neurocrine Biosciences,120.98,11,1,-15,22,19,7,15,-7,-1,14,33
UHAL,U-Haul,65.74,0,1,-2,19,18,2,10,-15,17,14,32
BKR,Baker Hughes,37.79,6,-31,0,32,7,3,4,-6,23,24,31
GRAL,"Grail, Inc.",39.94,13,0,0,0,13,4,18,-4,0,18,31
ACI,Albertsons,22.09,-26,22,12,0,8,2,13,14,-6,23,31
ESTC,Elastic NV,92.3,37,0,0,-3,34,-8,10,-5,-1,-4,30
BBWI,"Bath & Body Works, Inc.",33.74,49,4,-12,-12,29,-9,16,-3,-3,1,30
VAC,Marriott Vacations Worldwide,71.69,85,4,-12,-14,63,-6,7,-12,-22,-33,30
PEN,"Penumbra, Inc.",280.61,-16,1,19,8,12,-22,18,33,-12,17,29
JNPR,Juniper Networks,36.06,-8,0,0,51,43,-21,14,-24,17,-14,29
HES,Hess Corporation,134.93,5,-30,-7,52,20,-13,4,18,-1,8,28
FRPT,Freshpet,87.7,13,0,-11,0,2,12,5,-7,16,26,28
FAF,First American Financial Corporation,60.93,6,-10,1,11,8,5,5,-6,15,19,27
GME,GameStop,28.46,39,8,0,-27,20,2,19,-10,-4,7,27
AMT,American Tower,213.43,0,0,3,0,3,9,-1,7,8,23,26
AGO,Assured Guaranty,86.24,-42,4,33,53,48,-52,18,-7,19,-22,26
FRT,Federal Realty Investment Trust,97.97,16,2,-10,1,9,4,18,-16,11,17,26
INVH,Invitation Homes,34.43,-28,3,3,4,-18,6,18,8,11,43,25
EXC,Exelon,44.08,-52,0,42,11,1,8,-4,13,7,24,25
WEX,WEX Inc.,139.42,35,0,-30,-2,3,43,5,-21,-5,22,25
VNO,Vornado Realty Trust,39.64,0,5,4,1,10,2,11,-10,12,15,25
DBX,Dropbox,28.9,-7,8,6,6,13,-7,20,-7,5,11,24
NDSN,Nordson,205.34,49,4,-23,0,30,4,10,-16,-4,-6,24
MKSI,MKS Instruments,90.67,50,4,-14,-10,30,-7,10,-8,-2,-7,23
AVY,Avery Dennison,183.18,49,4,-22,1,32,5,18,-30,-2,-9,23
AMCR,Amcor,9.44,14,1,-7,0,8,11,18,-22,8,15,23
SYY,Sysco,72.43,14,0,-3,0,11,11,5,-15,11,12,23
NOC,Northrop Grumman,473.17,-34,-4,-1,55,16,5,-12,4,9,6,22
ROKU,"Roku, Inc.",71.4,35,0,0,-16,19,-3,10,-5,1,3,22
ST,Sensata Technologies,27.17,126,5,-29,-12,90,-10,9,-36,-32,-69,21
EXR,Extra Space Storage,151.76,7,2,0,0,9,7,18,-23,10,12,21
VFC,VF Corporation,14.77,106,-51,-7,-40,8,9,6,-7,4,12,20
MEDP,Medpace,305.74,0,0,-14,29,15,2,10,-6,-1,5,20
INCY,Incyte,63.29,18,0,-6,-28,-16,37,13,-18,4,36,20
LNW,Light & Wonder,84.56,-10,-35,-8,54,1,-11,10,-2,22,19,20
TEAM,Atlassian,220.83,6,0,6,-3,9,-10,17,-5,8,10,19
O,Realty Income,56.24,0,1,0,4,5,6,18,-21,10,13,18
LOAR,Loar Holdings,85.6,-24,28,0,0,4,-20,32,1,0,13,17
BRBR,BellRing Brands,65.9,0,-9,1,0,-8,7,-1,-6,24,24,16
MTDR,Matador Resources,44.54,49,0,-16,0,33,-10,5,-9,-3,-17,16
PINC,"Premier, Inc.",23.13,1,16,4,-25,-4,7,42,2,-31,20,16
KDP,Keurig Dr Pepper,33.81,0,0,0,0,0,9,-8,5,9,15,15
TER,Teradyne,82.73,50,0,-16,-3,31,-10,6,-10,-2,-16,15
ACN,Accenture,317.74,0,0,-10,11,1,-7,10,-6,16,13,14
JLL,Jones Lang LaSalle,236.09,0,0,0,11,11,-12,10,-7,11,2,13
BOKF,BOK Financial Corporation,97.54,0,0,0,19,19,-10,6,-13,11,-6,13
BLD,TopBuild,304.3,0,0,-16,43,27,-14,11,-33,22,-14,13
GEN,Gen Digital,28.82,0,8,2,13,23,-19,10,-14,13,-10,13
PB,Prosperity Bancshares,72.59,0,4,0,11,15,-13,11,-11,11,-2,13
WTRG,Essential Utilities,38.86,-35,1,12,0,-22,5,18,9,2,34,12
CROX,Crocs,117.55,75,7,-29,1,54,-8,7,-39,-2,-42,12
CACC,Credit Acceptance,502.02,0,2,0,1,3,7,6,-2,-2,9,12
CZR,Caesars Entertainment,30.7,38,1,-13,-22,4,46,18,-22,-34,8,12
SON,Sonoco,46.39,65,3,-31,0,37,9,6,-29,-11,-25,12
NEM,Newmont,50.09,-35,29,6,-1,-1,1,-1,6,7,13,12
INFA,Informatica,19.71,37,0,-29,0,8,4,18,-14,-4,4,12
MDB,MongoDB Inc.,191.26,50,0,-13,-6,31,-10,10,-14,-6,-20,11
POOL,Pool Corporation,320.81,37,0,-10,-3,24,4,5,-16,-6,-13,11
JBHT,J. B. Hunt,148.05,56,0,-18,0,38,-10,5,-15,-7,-27,11
DAY,Dayforce,60.04,33,0,-7,-9,17,3,-1,-11,2,-7,10
EMN,Eastman Chemical Company,82.59,35,0,-8,0,27,-12,5,-22,12,-17,10
A,Agilent Technologies,113.76,35,0,-10,-2,23,-12,8,-7,-2,-13,10
KRC,Kilroy Realty,32.85,37,0,-7,-37,-7,6,16,-13,8,17,10
EG,Everest Group,347.96,0,1,-23,52,30,2,3,-24,-2,-21,9
LSTR,Landstar,145.08,47,0,-22,0,25,12,5,-29,-4,-16,9
CCI,Crown Castle,102.32,0,1,0,-25,-24,8,16,7,2,33,9
VVV,Valvoline,34.91,32,0,-13,28,47,-10,6,-35,-1,-40,7
X,U.S. Steel,40.36,-14,0,6,23,15,-22,1,10,3,-8,7
HAYW,Hayward Holdings,14.49,0,5,0,0,5,-10,12,-13,13,2,7
OVV,Ovintiv,37.34,49,0,-24,0,25,-10,5,-11,-3,-19,6
COO,Cooper Companies (The),82.91,0,0,-14,0,-14,2,18,-19,19,20,6
BC,Brunswick Corporation,53.19,48,0,-25,-4,19,4,5,-16,-6,-13,6
APTV,Aptiv,68.25,133,5,0,-21,117,-5,11,-84,-33,-111,6
DD,DuPont,69.31,0,1,-8,16,9,-15,10,-22,23,-4,5
NSA,National Storage Affiliates,36.73,0,1,-2,-1,-2,5,16,-23,9,7,5
DKNG,DraftKings,36.9,0,0,-8,0,-8,-10,11,-5,17,13,5
ELS,Equity Lifestyle Properties,64.86,6,1,-8,4,3,9,-1,-19,12,1,4
YETI,Yeti Holdings,32.11,35,0,-22,-3,10,9,5,-13,-7,-6,4
DLTR,Dollar Tree,86.49,0,22,0,-12,10,-21,21,12,-19,-7,3
SEE,Sealed Air,32.31,63,5,-11,-21,36,-6,16,-14,-29,-33,3
CGNX,Cognex Corporation,31.59,126,0,-27,-28,71,-6,9,-35,-37,-69,2
LNC,Lincoln Financial,34.41,0,4,5,-3,6,-12,8,-5,5,-4,2
EXAS,Exact Sciences,56.44,17,11,-15,-22,-9,27,15,-19,-13,10,1
CMCSA,Comcast,35.48,37,2,-22,-6,11,9,5,-19,-5,-10,1
FCX,Freeport-McMoRan,38.02,-7,5,-24,55,29,-14,11,-23,-3,-29,0
BALL,Ball Corporation,53.77,32,5,-22,-8,7,5,17,-29,-2,-9,-2
U,Unity Technologies,22.82,13,0,0,0,13,3,18,-4,-32,-15,-2
CAVA,Cava Group,96.89,0,0,-1,0,-1,-7,20,-15,0,-2,-3
DVA,DaVita,145.41,2,-24,0,17,-5,9,-16,-7,16,2,-3
SBUX,Starbucks,85.59,35,-40,0,0,-5,-5,4,-2,4,1,-4
BG,Bunge Global,81.56,32,25,-31,0,26,-12,18,-34,-2,-30,-4
D,Dominion Energy,55.76,6,3,1,-31,-21,9,18,-17,7,17,-4
FDX,FedEx,229.47,0,0,-13,29,16,-10,5,-15,-1,-21,-5
ELAN,Elanco,12.93,56,8,-24,-4,36,-8,10,-40,-3,-41,-5
SJM,J.M. Smucker Company (The),113.5,4,0,0,0,4,11,-4,4,-20,-9,-5
MTD,Mettler Toledo,1157.52,35,0,-10,0,25,-12,10,-28,-2,-32,-7
VKTX,Viking Therapeutics,28.43,1,1,-27,18,-7,7,14,-20,-3,-2,-9
ROIV,Roivant Sciences,10.8,-49,15,-2,0,-36,2,18,-15,21,26,-10
DG,Dollar General,93.51,9,46,-44,-14,-3,12,-5,9,-23,-7,-10
REXR,Rexford Industrial,35.72,85,1,-33,-15,38,4,5,-28,-29,-48,-10
AMKR,Amkor Technology,19.75,50,1,-27,0,24,-8,11,-35,-2,-34,-10
PPG,PPG Industries,114.08,35,5,-33,-5,2,3,13,-24,-5,-13,-11
UAA,Under Armour (Class A),6.72,35,0,-15,-41,-21,43,15,-15,-34,9,-12
XYZ,"Block, Inc.",57.67,35,0,-11,-33,-9,-3,2,-12,10,-3,-12
AA,Alcoa,29.42,48,0,-8,-17,23,3,5,-14,-29,-35,-12
GEHC,GE HealthCare,73.11,0,0,-7,0,-7,-15,8,-5,5,-7,-14
WMS,Advanced Drainage Systems,121.92,7,5,-27,1,-14,5,18,-41,16,-2,-16
EPAM,EPAM Systems,183.76,59,0,-13,-24,22,-10,10,-4,-34,-38,-16
UA,Under Armour (Class C),6.35,35,1,-15,-34,-13,43,7,-19,-34,-3,-16
UHAL-B,U-Haul (Series N),58.34,0,0,-10,0,-10,2,10,-24,6,-6,-16
CPRI,Capri Holdings,18.56,106,0,-59,-8,39,-9,6,-23,-29,-55,-16
BLDR,Builders FirstSource,120.63,33,-73,-15,62,7,-10,-62,-19,68,-23,-16
FANG,Diamondback Energy,141.1,0,0,-16,44,28,-13,6,-35,-2,-44,-16
ZTS,Zoetis,163.05,12,2,-22,0,-8,6,11,-25,-2,-10,-18
ES,Eversource Energy,63.19,9,8,2,-7,12,5,11,-22,-25,-31,-19
WST,West Pharmaceutical Services,216.65,0,0,-14,-4,-18,5,12,-14,-5,-2,-20
AAL,American Airlines Group,11.86,105,0,-8,-73,24,-10,10,-8,-36,-44,-20
VTRS,Viatris,8.86,-22,0,-12,-4,-38,5,12,-16,16,17,-21
SWK,Stanley Black & Decker,71.46,46,0,-16,-36,-6,-10,5,-22,11,-16,-22
CCCS,CCC Intelligent Solutions,9.12,8,0,-15,0,-7,4,-2,-14,-3,-15,-22
ON,ON Semiconductor,44.95,42,4,-24,-3,19,-10,11,-30,-12,-41,-22
IFF,International Flavors & Fragrances,77.72,6,1,-10,-28,-31,5,17,-22,8,8,-23
FI,Fiserv,166.65,-14,-31,-1,32,-14,-14,-17,-2,24,-9,-23
RH,RH,210.4,0,0,-11,-4,-15,-10,6,-10,6,-8,-23
WFRD,Weatherford International,48.49,49,0,-31,0,18,-10,6,-35,-2,-41,-23
LSCC,Lattice Semiconductor,52.56,0,0,-7,0,-7,-10,10,-4,-12,-16,-23
DHR,Danaher Corporation,196.13,0,0,-16,0,-16,4,16,-27,-1,-8,-24
HOG,Harley-Davidson,24.73,48,1,-30,-6,13,-10,6,-25,-8,-37,-24
TSN,Tyson Foods,55.94,0,-10,0,-25,-35,5,-10,8,8,11,-24
HHH,Howard Hughes Holdings,70.63,-5,0,0,-3,-8,-19,6,-15,11,-17,-25
MP,MP Materials,21.3,-56,-6,19,0,-43,-2,-13,32,1,18,-25
AES,AES Corporation,12.2,64,4,-29,-8,31,-2,5,-40,-21,-58,-27
GFS,GlobalFoundries,39.52,49,4,-69,0,-16,-3,10,-4,-14,-11,-27
MTN,Vail Resorts,152.47,49,0,-20,-20,9,5,5,-14,-33,-37,-28
PK,Park Hotels & Resorts,10.88,0,0,-13,-4,-17,-10,16,-15,-2,-11,-28
DV,DoubleVerify,14.23,35,0,-57,0,-22,-6,11,-5,-7,-7,-29
TREX,"Trex Company, Inc.",60.83,35,0,-41,-10,-16,-10,13,-13,-3,-13,-29
PYPL,PayPal,72.15,8,0,0,-36,-28,-10,11,-11,6,-4,-32
SITE,SiteOne Landscape Supply,125.49,7,0,-13,-6,-12,-10,11,-16,-5,-20,-32
CFLT,"Confluent, Inc.",22.52,34,-51,-3,0,-20,-6,-4,-5,1,-14,-34
MGM,MGM Resorts International,33.97,50,5,-43,0,12,-9,18,-50,-6,-47,-35
KNX,Knight-Swift,45.67,0,0,-12,0,-12,-13,6,-8,-10,-25,-37
STZ,Constellation Brands,195.6,9,11,-32,0,-12,9,18,-48,-5,-26,-38
CERT,"Certara, Inc.",11.89,-21,0,-2,0,-23,1,18,-5,-29,-15,-38
MKC,McCormick & Company,75.39,-22,-23,0,-1,-46,2,-1,-1,7,7,-39
SHC,Sotera Health,12.79,-1,10,-14,0,-5,-26,12,-19,-3,-36,-41
JNJ,Johnson & Johnson,151.32,-39,-6,-1,0,-46,3,-1,-1,3,4,-42
MHK,Mohawk Industries,108.16,0,0,-13,-8,-21,-16,5,-21,11,-21,-42
LINE,"Lineage, Inc.",47.65,13,-30,0,0,-17,5,-13,-18,0,-26,-43
NWL,Newell Brands,5.9,49,0,-14,-28,7,-9,5,-14,-33,-51,-44
GLOB,Globant,101.61,-7,-1,-13,-4,-25,-12,10,-13,-4,-19,-44
WSC,WillScot Mobile Mini,29.95,49,0,-52,-3,-6,-10,10,-29,-9,-38,-44
MASI,Masimo,155.45,-16,-43,33,-3,-29,-19,-1,-2,7,-15,-44
TGT,Target Corporation,98.6,0,0,-18,-8,-26,4,6,-26,-3,-19,-45
GNTX,Gentex,23.07,48,0,-29,-5,14,-14,6,-46,-5,-59,-45
DJT,Trump Media & Technology Group,25.64,6,1,-43,0,-36,-12,19,-11,-6,-10,-46
IONS,Ionis Pharmaceuticals,33.58,8,8,-36,-8,-28,4,14,-33,-7,-22,-50
INSP,Inspire Medical Systems,152.41,0,-2,-10,-3,-15,-13,6,-15,-14,-36,-51
BILL,Bill.com,46.26,-1,0,-11,0,-12,-9,11,-7,-34,-39,-51
M,"Macy's, Inc.",12.24,0,0,-18,-12,-30,-14,8,-12,-3,-21,-51
ILMN,"Illumina, Inc.",83.65,35,0,-15,-37,-17,7,11,-15,-37,-34,-51
CNC,Centene,61.78,1,0,-31,-8,-38,3,5,4,-25,-13,-51
JAZZ,Jazz Pharmaceuticals,109.0,0,-36,-2,-3,-41,29,-1,-3,-36,-11,-52
FND,Floor & Decor,79.54,0,0,-22,-3,-25,-14,6,-16,-3,-27,-52
DNB,Dun & Bradstreet,8.98,0,0,-13,0,-13,-10,18,-15,-34,-41,-54
NVST,Envista,18.27,0,0,-10,0,-10,-16,11,-10,-29,-44,-54
DVN,Devon Energy,33.26,49,4,-37,-2,14,-12,6,-43,-19,-68,-54
AAP,Advance Auto Parts,35.05,16,0,-39,-25,-48,27,4,-7,-31,-7,-55
WY,Weyerhaeuser,26.72,5,-31,-10,0,-36,2,5,-22,-5,-20,-56
AMED,Amedisys,94.6,-31,22,3,-37,-43,-52,18,12,7,-15,-58
SUI,Sun Communities,123.46,-58,1,0,-21,-78,2,16,-6,8,20,-58
ELV,Elevance Health,403.29,-28,-4,-31,0,-63,4,-19,5,14,4,-59
DAR,Darling Ingredients,35.26,0,5,-13,-17,-25,-10,17,-17,-27,-37,-62
GMED,Globus Medical,61.25,0,-60,-2,0,-62,4,-6,-7,9,0,-62
CIVI,Civitas Resources,30.15,35,0,-42,-3,-10,-10,5,-42,-6,-53,-63
WBA,Walgreens Boots Alliance,11.31,0,5,0,-74,-69,1,20,17,-32,6,-63
SIRI,Sirius XM,22.72,63,0,-70,-28,-35,12,9,-36,-14,-29,-64
BIO,Bio-Rad Laboratories,248.67,6,0,-14,-25,-33,2,18,-19,-34,-33,-66
BAX,Baxter International,31.66,1,0,-10,-35,-44,4,12,-1,-38,-23,-67
BF-B,Brown–Forman (Class B),36.1,50,5,-90,-15,-50,11,18,-22,-25,-18,-68
HRL,Hormel Foods,30.53,14,2,-22,-20,-26,12,-14,-14,-27,-43,-69
COLM,Columbia Sportswear,66.67,0,-48,-8,-3,-59,-21,2,-3,10,-12,-71
W,Wayfair,39.61,49,5,-50,-38,-34,2,11,-14,-37,-38,-72
ADM,Archer Daniels Midland,50.13,11,6,-33,-8,-24,-14,18,-35,-17,-48,-72
CVS,CVS Health,62.52,-45,0,0,-14,-59,3,-3,12,-25,-13,-72
RYN,Rayonier,24.19,14,-30,-7,-2,-25,7,-30,-19,-6,-48,-73
ENTG,Entegris,78.26,0,-2,-31,-3,-36,-10,10,-36,-2,-38,-74
KSS,Kohl's,8.55,35,0,-49,-28,-42,41,6,-50,-29,-32,-74
FMC,FMC Corporation,40.03,12,0,-27,-21,-36,10,-3,-23,-23,-39,-75
PARA,Paramount Global (Class B),11.69,0,6,0,-36,-30,-14,12,-1,-42,-45,-75
AKAM,Akamai Technologies,78.03,-42,0,-13,-4,-59,-14,17,-13,-7,-17,-76
QS,QuantumScape,4.72,47,1,-71,0,-23,4,10,-35,-33,-54,-77
RGEN,Repligen,126.48,-22,-2,-3,-14,-41,-14,18,-7,-34,-37,-78
LEA,Lear Corporation,94.71,49,5,-55,-14,-15,-13,10,-51,-12,-66,-81
ENOV,Enovis,36.06,35,0,-52,-14,-31,-10,6,-12,-34,-50,-81
OMC,Omnicom Group,76.97,-14,-109,-14,42,-95,-21,7,-19,47,14,-81
NUE,Nucor,116.15,-14,0,-42,0,-56,-16,12,-19,-5,-28,-84
UNH,UnitedHealth Group,291.85,-147,-21,-5,-1,-174,-57,-16,-18,181,90,-84
COP,ConocoPhillips,92.44,35,-31,-32,1,-27,-10,5,-48,-5,-58,-85
REGN,Regeneron Pharmaceuticals,594.32,23,-47,-28,0,-52,35,-40,-29,-1,-35,-87
PII,Polaris Inc.,39.26,47,0,-87,-14,-54,4,5,-30,-14,-35,-89
MPW,Medical Properties Trust,5.07,-28,-5,0,-33,-66,2,-3,9,-32,-24,-90
FIVN,Five9,28.04,49,0,-66,-32,-49,-10,10,-4,-37,-41,-90
SAM,Boston Beer Company,249.7,9,10,-22,-34,-37,9,-4,-18,-41,-54,-91
PENN,Penn Entertainment,16.0,0,0,-10,-31,-41,-14,10,-5,-41,-50,-91
NKE,"Nike, Inc.",63.1,75,0,-64,-18,-7,5,6,-65,-33,-87,-94
INTC,Intel,21.66,0,0,-56,-17,-73,-13,5,-4,-9,-21,-94
IRDM,Iridium Communications,25.44,-8,-48,-8,-16,-80,2,9,-10,-16,-15,-95
IPG,Interpublic Group of Companies (The),25.49,-12,0,-30,0,-42,-21,8,-27,-14,-54,-96
LW,Lamb Weston,53.85,8,-12,-59,-5,-68,14,-20,-13,-11,-30,-98
RHI,Robert Half,47.99,39,-79,-16,-6,-62,3,1,-14,-29,-39,-101
COLD,Americold,18.18,4,-33,-28,-8,-65,9,-7,-28,-12,-38,-103
BF-A,Brown–Forman (Class A),35.92,14,7,-89,-15,-83,12,18,-29,-21,-20,-103
SLB,Schlumberger,35.77,5,-31,-57,0,-83,-10,5,-8,-7,-20,-103
DOC,Healthpeak Properties,17.72,2,-31,-4,-28,-61,5,-34,-19,6,-42,-103
FBIN,Fortune Brands Innovations,55.61,35,-117,-13,-2,-97,-10,5,-19,17,-7,-104
WU,Western Union,9.94,5,-30,-10,-43,-78,4,16,-45,-2,-27,-105
CE,Celanese,53.52,0,0,-30,-7,-37,-21,7,-48,-6,-68,-105
REYN,Reynolds Consumer Products,23.11,-6,-71,-15,0,-92,4,-1,-27,10,-14,-106
RARE,Ultragenyx,35.62,-21,0,-14,-35,-70,-22,-1,-22,9,-36,-106
TDC,Teradata,22.9,0,0,-66,-14,-80,-10,10,-14,-13,-27,-107
HR,Healthcare Realty Trust,15.01,-35,-30,0,-36,-101,5,-2,-16,6,-7,-108
OXY,Occidental Petroleum,43.05,0,0,-42,0,-42,-13,5,-46,-13,-67,-109
HSY,Hershey Company (The),158.59,-28,-4,-32,-1,-65,-26,-1,-1,-16,-44,-109
RNG,RingCentral,28.09,2,0,-13,-38,-49,-16,10,-13,-42,-61,-110
OGN,Organon & Co.,9.04,4,-38,-16,0,-50,6,-36,-29,-1,-60,-110
IAC,IAC Inc.,37.81,0,5,-27,-28,-50,-10,6,-22,-35,-61,-111
IPGP,IPG Photonics,66.52,37,4,-73,-41,-73,4,11,-14,-41,-40,-113
KMX,CarMax,67.24,-6,-54,-6,-33,-99,-13,1,-10,8,-14,-113
QDEL,QuidelOrtho,33.45,0,0,-10,-35,-45,-22,7,-10,-44,-69,-114
CHRD,Chord Energy,96.67,5,-31,-37,1,-62,-13,5,-41,-3,-52,-114
MKTX,MarketAxess,215.91,-35,1,-15,-26,-75,2,18,-19,-41,-40,-115
PFE,Pfizer,22.83,0,-38,-20,-20,-78,4,11,-28,-25,-38,-116
BDX,Becton Dickinson,175.39,6,-58,-15,-2,-69,2,-32,-6,-12,-48,-117
CPB,Campbell Soup Company,35.51,0,-30,-19,-3,-52,3,-40,-26,-2,-65,-117
SAIA,Saia,285.2,0,-62,-13,1,-74,-10,-17,-15,-2,-44,-118
UWMC,United Wholesale Mortgage,4.33,0,-39,-16,0,-55,7,-47,-29,-1,-70,-125
PLTK,Playtika,4.99,-48,0,-13,0,-61,-21,-1,-14,-28,-64,-125
BMY,Bristol Myers Squibb,46.75,-62,-30,-2,-2,-96,3,-33,-1,2,-29,-125
PEP,PepsiCo,131.98,0,-30,-29,0,-59,8,-39,-26,-10,-67,-126
GIS,General Mills,55.13,3,-29,-28,0,-54,6,-39,-24,-16,-73,-127
WEN,Wendy's Company (The),12.26,0,-32,-24,-5,-61,3,-38,-19,-12,-66,-127
DXC,DXC Technology,15.29,-9,-1,-12,-70,-92,5,10,-19,-31,-35,-127
MTCH,Match Group,29.24,8,-56,-13,-34,-95,23,-1,-20,-35,-33,-128
LBTYA,Liberty Global (Series A),9.75,0,-31,-27,-28,-86,18,-32,-25,-7,-46,-132
LYB,LyondellBasell,59.77,0,-42,-31,-2,-75,-14,5,-45,-4,-58,-133
APA,APA Corporation,17.59,44,0,-72,-9,-37,-10,5,-76,-16,-97,-134
CLVT,Clarivate,4.31,-9,0,-64,-3,-76,-10,14,-24,-39,-59,-135
WBD,Warner Bros. Discovery,9.15,0,-31,0,-39,-70,-22,5,-7,-42,-66,-136
XRAY,Dentsply Sirona,16.7,49,2,-68,-39,-56,3,9,-55,-37,-80,-136
NOV,NOV Inc.,12.84,0,-31,-42,-9,-82,-14,5,-33,-12,-54,-136
GPN,Global Payments,82.38,0,-65,-14,-36,-115,-10,5,-11,-7,-23,-138
TRIP,Tripadvisor,15.31,0,4,-48,-49,-93,-10,10,-5,-41,-46,-139
ONTO,Onto Innovation,99.4,-42,-66,-13,0,-121,-4,-6,-8,-1,-19,-140
AVTR,Avantor,13.42,34,-69,-16,0,-51,4,-68,-27,-2,-93,-144
ALGN,Align Technology,188.29,6,1,-54,-22,-69,-14,19,-49,-35,-79,-148
MAN,ManpowerGroup,43.98,35,-31,-33,-25,-54,4,-33,-33,-33,-95,-149
UPS,United Parcel Service,101.32,35,-40,-93,-13,-111,7,5,-21,-31,-40,-151
EL,Estée Lauder Companies (The),65.17,50,0,-107,-23,-80,5,8,-52,-32,-71,-151
ACHC,Acadia Healthcare,26.17,0,-57,-35,-8,-100,-14,4,-29,-13,-52,-152
PRGO,Perrigo,27.05,1,0,0,-110,-109,4,7,-2,-52,-43,-152
ANGI,Angi Inc.,16.41,56,4,-27,-48,-15,-14,-57,-25,-41,-137,-152
CLX,Clorox,136.25,0,-93,-4,-2,-99,1,-51,-14,10,-54,-153
BMRN,BioMarin Pharmaceutical,59.26,-28,-30,-37,-17,-112,-20,-1,-2,-19,-42,-154
SEG,Seaport Entertainment Group,18.56,-18,-105,0,0,-123,-24,8,-15,0,-31,-154
SPB,Spectrum Brands,65.47,35,-105,-15,1,-84,-12,-66,-14,21,-71,-155
TECH,Bio-Techne,49.17,-19,-69,-14,-21,-123,-21,5,-14,-3,-33,-156
LBTYK,Liberty Global (Series C),10.03,0,-31,-27,-27,-85,18,-32,-24,-33,-71,-156
BIIB,Biogen,125.59,12,-34,-71,-24,-117,4,5,-34,-15,-40,-157
WHR,Whirlpool Corporation,82.66,0,-75,-11,-23,-109,-12,4,-7,-33,-48,-157
RVTY,Revvity,93.25,-18,-48,-7,-21,-94,-17,-40,-12,5,-64,-158
TMO,Thermo Fisher Scientific,412.17,-17,-56,-9,-2,-84,-14,-66,-8,11,-77,-161
WLK,Westlake Corporation,82.04,-7,-62,-27,0,-96,-13,-11,-39,-3,-66,-162
TXG,10x Genomics,9.4,5,0,-63,0,-58,-13,10,-62,-39,-104,-162
IQV,IQVIA,142.81,-21,-66,-27,-3,-117,-21,4,-29,-3,-49,-166
KHC,Kraft Heinz,27.74,-105,-18,-29,0,-152,2,-8,-1,-7,-14,-166
ASH,Ashland Global,52.74,35,-130,-28,-6,-129,2,6,-40,-7,-39,-168
CRL,Charles River Laboratories,140.96,0,-38,-41,-23,-102,-20,8,-50,-5,-67,-169
NFE,New Fortress Energy,2.66,-14,-61,-58,0,-133,-14,5,-9,-22,-40,-173
CLF,Cleveland-Cliffs,7.61,-1,-43,-50,-13,-107,-10,-2,-50,-5,-67,-174
ZBH,Zimmer Biomet,96.92,0,-28,-52,-14,-94,4,-22,-51,-15,-84,-178
GO,Grocery Outlet,14.22,-56,1,-87,0,-142,5,-2,-15,-25,-37,-179
HAL,Halliburton,21.25,5,-82,-50,-2,-129,3,-3,-49,-6,-55,-184
TFX,Teleflex,129.26,6,-74,-29,-36,-133,5,-29,-25,-7,-56,-189
HUN,Huntsman Corporation,12.66,0,-41,-32,-12,-85,-14,-34,-27,-30,-105,-190
LEG,Leggett & Platt,9.57,-9,5,-119,-27,-150,2,13,-22,-35,-42,-192
FLO,Flowers Foods,17.31,-22,-30,-24,-5,-81,-26,-22,-44,-20,-112,-193
CHDN,Churchill Downs Incorporated,98.26,42,-105,-18,0,-81,-9,-114,-19,27,-115,-196
HUM,Humana,237.95,-65,-12,-76,-9,-162,3,-15,-7,-17,-36,-198
CRI,Carter's,37.09,35,-74,-49,-14,-102,9,-73,-26,-6,-96,-198
ETSY,Etsy,47.02,0,0,-107,-27,-134,-26,5,-13,-34,-68,-202
COTY,Coty,5.06,30,-77,-51,-4,-102,-6,-40,-53,-6,-105,-207
VSTS,Vestis,6.18,-21,-74,-8,0,-103,-20,-74,-14,0,-108,-211
CC,Chemours,11.17,-14,-79,-52,-10,-155,-15,-1,-14,-27,-57,-212
ENPH,Enphase Energy,50.39,4,-89,-33,-17,-135,9,-30,-40,-21,-82,-217
AZTA,Azenta,27.46,0,-56,-40,-28,-124,-21,-61,-6,-6,-94,-218
MRNA,Moderna,24.85,-2,-76,-42,-1,-121,-20,-2,-42,-36,-100,-221
ARE,Alexandria Real Estate Equities,72.84,-28,-38,-24,-27,-117,2,-40,-35,-32,-105,-222
BRKR,Bruker,37.53,-28,-70,-47,-5,-150,-26,10,-51,-6,-73,-223
MRK,Merck & Co.,76.06,-63,-33,-34,-1,-131,-21,-35,-38,-3,-97,-228
FTRE,Fortrea,4.43,-35,-103,-23,0,-161,-26,5,-52,0,-73,-234
SRPT,Sarepta Therapeutics,36.45,-60,-87,-16,-4,-167,-28,-9,-37,-3,-77,-244
DOW,Dow Inc.,30.18,-9,-140,-30,0,-179,-21,6,-45,-5,-65,-244
CAG,Conagra Brands,22.98,-154,-23,-19,-4,-200,2,-37,-1,-20,-56,-256
WOLF,Wolfspeed,3.88,0,0,-121,-27,-148,-3,10,-87,-34,-114,-262
ALB,Albemarle Corporation,60.21,0,-102,-115,-20,-237,-12,5,-14,-22,-43,-280
SEB,Seaboard Corporation,2472.69,-63,-30,-86,-20,-199,-18,-40,-1,-26,-85,-284
OLN,Olin Corporation,21.13,-14,-139,-47,-6,-206,-21,11,-49,-20,-79,-285
HOLX,Hologic,56.81,0,-132,-22,0,-154,-19,-124,-22,-4,-169,-323
APLS,Apellis Pharmaceuticals,17.46,-55,-69,-57,-13,-194,5,-93,-55,-15,-158,-352
