Symbol,Name,Close,1H Cloud Score,1D Cloud Score,1W Cloud Score,1M Cloud Score,Cloud Score Sum,1H TKx Score,1D TKx Score,1W TKx Score,1M TKx Score,TKx Score Sum,Total Score Sum
ORLY,O'Reilly Auto Parts,106.3,91,41,167,200,499,56,47,58,90,251,750
TJX,TJX Companies,141.17,6,30,152,199,387,1,34,121,194,350,737
COOP,Mr. Cooper Group,219.64,56,87,123,59,325,-7,86,121,57,257,582
MSI,Motorola Solutions,482.46,84,42,5,154,285,-5,52,5,186,238,523
CASY,Casey's,554.91,44,6,117,88,255,63,2,121,79,265,520
WELL,Welltower,168.9,42,84,120,59,305,7,45,137,25,214,519
GOOGL,Alphabet (Class A),251.62,112,76,12,177,377,59,50,9,22,140,517
GOOG,Alphabet (Class C),251.85,112,76,11,177,376,59,50,8,22,139,515
JPM,JPMorgan Chase,309.02,22,89,127,159,397,25,14,14,27,80,477
LYV,Live Nation Entertainment,172.4,42,88,99,148,377,42,26,14,17,99,476
GS,Goldman Sachs,787.31,44,87,97,59,287,35,98,15,22,170,457
HWM,Howmet Aerospace,189.26,56,4,152,30,242,56,4,96,58,214,456
WRB,W. R. Berkley Corporation,72.8,21,13,98,177,309,32,26,28,56,142,451
ORI,Old Republic International,39.89,-4,24,151,59,230,17,22,121,56,216,446
RBA,RB Global,116.74,38,98,108,28,272,-4,47,111,20,174,446
ITT,ITT Inc.,180.05,31,93,20,100,244,51,100,14,27,192,436
MS,Morgan Stanley,156.63,37,87,80,65,269,34,98,14,17,163,432
YUM,Yum! Brands,148.98,32,3,32,260,327,45,3,-6,58,100,427
NRG,NRG Energy,166.09,38,2,108,95,243,39,1,118,22,180,423
GLW,Corning Inc.,78.0,112,86,24,18,240,61,93,13,15,182,422
PLTR,Palantir Technologies,171.18,35,100,120,0,255,38,-15,123,21,167,422
FIX,Comfort Systems USA,782.32,33,90,21,65,209,37,102,14,56,209,418
MA,Mastercard,583.16,0,32,131,156,319,17,39,15,27,98,417
APH,Amphenol,119.25,46,100,23,66,235,35,102,14,28,179,414
WDC,Western Digital,102.42,112,87,16,19,234,61,98,14,4,177,411
ETR,Entergy,90.22,22,45,80,138,285,26,-10,93,15,124,409
AM,Antero Midstream,18.4,63,9,152,24,248,15,2,82,56,155,403
SNX,TD Synnex,152.24,47,87,19,64,217,58,93,12,22,185,402
FYBR,Frontier Communications,37.42,91,25,93,0,209,52,24,98,15,189,398
SO,Southern Company,92.3,10,0,80,191,281,21,-12,27,80,116,397
BK,BNY Mellon,106.42,21,89,99,41,250,19,93,15,20,147,397
HALO,Halozyme,76.36,266,34,11,20,331,-1,45,5,15,64,395
LITE,Lumentum,168.75,105,85,19,4,213,61,93,13,11,178,391
WM,"Waste Management, Inc.",216.19,-49,-16,99,188,222,-5,-22,31,160,164,386
DUK,Duke Energy,122.39,15,43,80,184,322,25,-7,26,17,61,383
AZO,AutoZone,4231.49,-3,40,99,87,223,-6,47,59,58,158,381
APP,AppLovin,593.14,106,32,110,0,248,61,40,11,19,131,379
EHC,Encompass Health,124.62,70,21,147,30,268,26,24,28,30,108,376
KRC,Kilroy Realty,43.63,162,77,11,0,250,21,80,11,12,124,374
NEM,Newmont,79.36,124,111,24,6,265,-3,73,24,11,105,370
HUBB,Hubbell Incorporated,438.01,0,85,6,183,274,-5,16,11,72,94,368
AMG,Affiliated Managers Group,234.95,112,93,15,23,243,28,64,14,18,124,367
ROL,"Rollins, Inc.",56.44,-4,-1,35,287,317,-4,-9,27,36,50,367
CDNS,Cadence Design Systems,351.6,2,1,21,142,166,16,-12,14,181,199,365
LOW,Lowe's,272.19,62,39,5,167,273,15,51,6,20,92,365
L,Loews Corporation,96.94,20,87,117,56,280,21,22,15,25,83,363
WMT,Walmart,103.69,58,11,131,102,302,12,2,14,30,58,360
GD,General Dynamics,326.86,22,109,12,55,198,24,64,14,58,160,358
AU,AngloGold Ashanti,67.11,98,31,80,19,228,47,40,28,15,130,358
LOPE,Grand Canyon Education,206.47,21,27,152,36,236,19,26,39,35,119,355
RSG,Republic Services,228.15,-13,-33,128,178,260,-5,-58,-5,161,93,353
TIGO,Millicom,47.65,0,167,81,3,251,4,52,28,17,101,352
COST,Costco,960.09,0,0,0,181,181,2,-9,-7,185,171,352
MCD,McDonald's,302.01,-30,23,56,243,292,-44,43,2,58,59,351
RTX,RTX Corporation,158.37,7,86,82,55,230,19,-3,89,15,120,350
AME,Ametek,189.64,54,32,8,107,201,-2,32,14,102,146,347
DDS,Dillard's,587.91,113,69,18,55,255,1,23,11,56,91,346
AAPL,Apple Inc.,236.76,2,54,2,252,310,7,22,6,-1,34,344
DRI,Darden Restaurants,212.22,57,0,48,62,167,77,16,52,31,176,343
HD,Home Depot (The),422.8,22,39,6,181,248,15,52,7,20,94,342
FAST,Fastenal,47.78,-49,109,127,107,294,4,-2,19,27,48,342
DTE,DTE Energy,136.43,15,0,78,190,283,21,-9,31,14,57,340
AVGO,Broadcom,364.3,57,90,24,117,288,-3,7,15,31,50,338
LIN,Linde plc,476.85,20,30,17,111,178,36,3,14,107,160,338
TRV,Travelers Companies (The),276.24,19,23,95,59,196,19,34,28,57,138,334
FTAI,FTAI Aviation,172.51,119,33,7,48,207,51,33,10,32,126,333
SGI,Somnigroup International,85.42,0,87,46,65,198,-8,100,15,27,134,332
KLAC,KLA Corporation,988.69,49,6,19,178,252,50,-13,15,27,79,331
CBRE,CBRE Group,165.57,48,71,96,23,238,-2,67,12,15,92,330
PGR,Progressive Corporation,245.59,19,-67,0,178,130,23,-7,-7,190,199,329
C,Citigroup,99.8,39,87,23,19,168,35,97,14,15,161,329
SPGI,S&P Global,543.9,21,87,20,173,301,2,-10,12,22,26,327
ACM,AECOM,127.73,21,93,20,66,200,19,22,14,72,127,327
RJF,Raymond James Financial,168.26,21,86,97,59,263,23,9,12,20,64,327
AXON,Axon Enterprise,760.9,15,-3,149,95,256,39,-17,14,31,67,323
ATO,Atmos Energy,165.88,21,27,78,46,172,16,-1,89,46,150,322
HEI,HEICO (Common),323.89,11,0,30,190,231,16,-4,21,58,91,322
MCO,Moody's Corporation,508.77,31,87,20,157,295,-2,-10,12,26,26,321
PANW,Palo Alto Networks,201.31,147,7,3,82,239,2,8,14,58,82,321
PFGC,Performance Food Group,104.07,22,90,57,44,213,20,16,14,58,108,321
RBC,RBC Bearings,382.79,0,-2,97,165,260,-5,-10,18,58,61,321
BSX,Boston Scientific,99.87,-28,-2,148,145,263,-26,11,14,58,57,320
HIG,Hartford (The),131.49,0,29,98,58,185,19,33,25,57,134,319
MNST,Monster Beverage,64.35,21,26,30,181,258,33,-1,23,5,60,318
JEF,Jefferies Financial Group,66.94,34,63,1,59,157,34,63,5,58,160,317
WCC,Wesco International,214.72,-6,86,11,59,150,-3,100,12,58,167,317
RL,Ralph Lauren Corporation,315.86,13,89,98,35,235,22,18,14,27,81,316
MLI,Mueller Industries,98.82,28,59,12,59,158,21,52,13,72,158,316
T,AT&T,29.63,19,27,74,17,137,33,29,98,16,176,313
LHX,L3Harris,281.84,23,109,17,6,155,24,102,17,15,158,313
TKO,TKO Group Holdings,204.55,67,25,76,41,209,18,18,15,51,102,311
CW,Curtiss-Wright,519.36,31,95,23,55,204,40,3,14,50,107,311
EVR,Evercore,345.0,44,86,11,59,200,49,22,12,27,110,310
SSNC,SS&C Technologies,88.74,0,63,94,15,172,23,88,11,16,138,310
DASH,DoorDash,257.99,45,86,102,0,233,42,1,15,19,77,310
AWI,Armstrong World Industries,196.54,12,94,98,22,226,-3,53,14,20,84,310
WPC,W. P. Carey,68.65,52,84,33,3,172,23,76,30,6,135,307
RGLD,Royal Gold,195.53,119,17,65,19,220,47,25,-3,17,86,306
CIEN,Ciena,135.96,98,87,13,13,211,56,9,12,17,94,305
IBM,IBM,256.28,57,-32,114,55,194,-14,6,61,57,110,304
ORCL,Oracle Corporation,302.11,44,4,15,199,262,-3,1,14,28,40,302
VRSN,Verisign,287.95,91,1,40,10,142,88,8,56,8,160,302
HPE,Hewlett Packard Enterprise,24.84,48,83,6,43,180,34,20,12,55,121,301
HLI,Houlihan Lokey,203.18,34,89,21,45,189,48,22,14,27,111,300
PNR,Pentair,110.6,52,87,13,63,215,23,24,12,25,84,299
CBOE,Cboe Global Markets,234.24,7,-2,148,56,209,24,-13,26,52,89,298
ITW,Illinois Tool Works,263.84,-6,58,7,179,238,-5,22,12,30,59,297
TLN,Talen Energy,405.45,44,99,43,0,186,58,34,15,3,110,296
SF,Stifel,113.65,0,77,12,60,149,23,92,11,21,147,296
COF,Capital One,226.6,11,93,99,22,225,23,13,15,19,70,295
LLY,Lilly (Eli),748.4,38,1,-7,173,205,-5,9,-11,97,90,295
NTAP,Netapp,124.16,112,30,2,58,202,61,22,11,-2,92,294
CAT,Caterpillar Inc.,435.96,21,86,12,65,184,28,11,12,58,109,293
AXS,AXIS Capital,95.94,-4,0,90,46,132,-2,22,86,54,160,292
NVT,Nvent Electric,96.36,46,87,12,13,158,28,100,12,-6,134,292
R,Ryder,187.51,0,72,15,57,144,20,58,12,57,147,291
PSTG,Pure Storage,86.8,104,17,3,43,167,47,9,10,58,124,291
BR,Broadridge Financial Solutions,249.78,-5,-1,119,146,259,-1,-9,15,26,31,290
ICE,Intercontinental Exchange,172.22,-7,-11,117,162,261,-4,-17,27,22,28,289
CHD,Church & Dwight,91.23,-14,-35,-20,345,276,-7,11,-18,26,12,288
PTC,PTC Inc.,204.4,-35,86,10,183,244,9,-3,11,27,44,288
CG,Carlyle Group (The),66.8,28,78,12,22,140,28,89,11,19,147,287
NI,NiSource,40.56,24,-1,79,46,148,37,-8,94,15,138,286
AJG,Arthur J. Gallagher & Co.,289.29,-13,-2,0,187,172,-6,15,-6,108,111,283
HEI-A,HEICO (Class A),255.68,7,1,31,183,222,6,1,22,31,60,282
LRCX,Lam Research,119.21,45,9,14,153,221,51,1,15,-6,61,282
EVRG,Evergy,72.2,24,68,62,15,169,26,-6,81,11,112,281
V,Visa Inc.,339.06,-48,-7,141,134,220,4,16,14,27,61,281
NET,Cloudflare,226.04,55,87,44,0,186,51,9,15,20,95,281
ABBV,AbbVie,217.68,21,39,21,59,140,23,46,7,65,141,281
LDOS,Leidos,182.81,28,99,7,24,158,28,56,18,20,122,280
SRE,Sempra,83.39,22,42,4,182,250,26,-7,12,-2,29,279
CMI,Cummins,414.23,28,59,9,66,162,25,50,10,31,116,278
RPM,RPM International,125.47,0,38,4,181,223,-2,47,11,-1,55,278
URI,United Rentals,947.14,-6,87,11,65,157,-8,58,12,58,120,277
UTHR,United Therapeutics,403.4,70,23,2,58,153,39,23,2,60,124,277
GE,GE Aerospace,286.84,28,98,24,28,178,24,9,35,30,98,276
TPR,"Tapestry, Inc.",110.17,26,87,85,22,220,19,4,13,20,56,276
UI,Ubiquiti,614.66,112,16,56,11,195,3,51,14,11,79,274
CINF,Cincinnati Financial,155.13,21,30,90,63,204,18,21,15,16,70,274
COR,Cencora,291.44,-2,10,48,76,132,-5,19,59,69,142,274
ETN,Eaton Corporation,375.55,28,1,12,115,156,28,4,12,73,117,273
SNDK,SanDisk,90.08,113,20,0,0,133,112,22,6,0,140,273
CNP,Centerpoint Energy,38.31,31,41,54,46,172,46,-11,48,16,99,271
ALLE,Allegion,176.28,22,99,14,22,157,21,55,15,23,114,271
PPL,PPL Corporation,35.97,0,45,80,24,149,19,-6,92,15,120,269
ANET,Arista Networks,145.45,0,72,12,59,143,-11,68,11,57,125,268
MPWR,Monolithic Power Systems,849.71,0,87,7,158,252,-26,31,14,-3,16,268
NEU,NewMarket,831.01,31,109,23,30,193,-2,23,26,28,75,268
ROIV,Roivant Sciences,13.94,93,24,5,0,122,90,40,14,1,145,267
EBAY,eBay,90.38,-14,96,81,15,178,-8,-7,86,17,88,266
IVZ,Invesco,22.36,44,63,12,3,122,56,59,12,14,141,263
SHW,Sherwin-Williams,357.12,-14,30,5,191,212,-6,22,14,20,50,262
PH,Parker Hannifin,759.98,28,88,22,66,204,-8,19,15,31,57,261
MO,Altria,64.88,-7,40,74,46,153,26,33,30,17,106,259
FFIV,"F5, Inc.",324.11,44,86,99,15,244,-9,-10,15,18,14,258
RCL,Royal Caribbean Group,329.75,-33,87,125,29,208,-7,15,14,28,50,258
DRS,Leonardo DRS,41.99,13,-19,143,59,196,20,-2,14,30,62,258
STT,State Street Corporation,112.12,-6,89,21,17,121,13,94,13,15,135,256
AYI,Acuity Brands,341.3,15,63,8,28,114,19,92,10,21,142,256
AAON,AAON,83.5,8,0,-17,246,237,-2,16,-29,32,17,254
SCI,Service Corporation International,79.71,21,3,1,176,201,33,-6,12,14,53,254
ADI,Analog Devices,244.99,-6,18,15,180,207,-12,18,14,27,47,254
TMUS,T-Mobile US,239.69,-44,26,99,140,221,11,-2,-13,36,32,253
ALAB,Astera Labs,231.29,55,85,2,0,142,54,47,10,0,111,253
TTWO,Take-Two Interactive,247.23,85,10,49,14,158,7,17,49,21,94,252
SPOT,Spotify,702.57,0,1,117,13,131,2,-3,100,21,120,251
MSFT,Microsoft,515.45,14,0,20,174,208,23,-20,14,26,43,251
WEC,WEC Energy Group,111.0,33,43,60,14,150,30,-15,73,12,100,250
NFG,National Fuel Gas,87.65,24,4,64,53,145,26,-7,75,11,105,250
AIZ,Assurant,208.51,-4,28,6,153,183,15,24,7,20,66,249
LLYVA,Liberty Live (Series A),96.81,43,100,34,0,177,-5,61,14,1,71,248
JLL,Jones Lang LaSalle,313.62,52,61,9,15,137,21,66,9,15,111,248
MMC,Marsh McLennan,198.15,-8,-68,-7,176,93,-4,-6,-15,179,154,247
CRH,CRH plc,113.25,21,41,11,65,138,23,50,8,28,109,247
BKR,Baker Hughes,46.28,118,41,8,36,203,-2,10,8,27,43,246
CACI,CACI,495.47,30,5,6,155,196,41,-8,18,-2,49,245
AON,AON,363.81,-4,3,0,178,177,13,-4,1,57,67,244
HOOD,Robinhood Markets,114.78,42,89,86,0,217,-14,6,15,19,26,243
WMB,Williams Companies,58.42,28,-29,117,53,169,-2,3,15,58,74,243
GRMN,Garmin,235.83,-4,60,117,20,193,-5,21,11,22,49,242
RBLX,Roblox Corporation,137.27,105,5,57,0,167,35,6,20,12,73,240
ADT,ADT Inc.,8.77,20,107,35,0,162,18,22,29,9,78,240
XEL,Xcel Energy,73.04,21,43,55,13,132,22,12,63,10,107,239
SSD,Simpson Manufacturing Company,188.35,-14,39,5,157,187,-8,52,10,-2,52,239
KMI,Kinder Morgan,27.37,28,-28,96,45,141,29,3,12,53,97,238
EXPD,Expeditors International,124.2,24,32,5,132,193,16,23,10,-4,45,238
OLLI,Ollie's Bargain Outlet,136.29,7,1,120,17,145,16,-16,68,24,92,237
EME,Emcor,628.68,1,87,21,59,168,-7,6,12,58,69,237
CME,CME Group,258.96,-8,-21,58,137,166,13,-16,54,20,71,237
ALL,Allstate,196.86,-48,-1,102,160,213,-5,-7,16,18,22,235
ALNY,Alnylam Pharmaceuticals,461.24,-4,86,21,16,119,-8,94,14,16,116,235
EXPE,Expedia Group,228.3,22,60,53,12,147,37,26,10,15,88,235
CELH,Celsius Holdings,56.06,-3,126,0,66,189,-2,35,23,-10,46,235
NDAQ,"Nasdaq, Inc.",92.84,-4,0,80,145,221,-6,-11,14,15,12,233
SOFI,SoFi,27.69,44,79,50,0,173,13,23,12,12,60,233
USFD,US Foods,79.32,22,-11,147,36,194,25,-27,14,27,39,233
JHG,Janus Henderson,44.98,22,72,11,20,125,21,56,12,19,108,233
FLEX,Flex Ltd.,57.75,57,16,22,59,154,-2,9,14,58,79,233
PM,Philip Morris International,161.64,-2,-1,75,56,128,-7,-7,90,28,104,232
NFLX,Netflix,1202.0,-21,0,120,21,120,-19,18,91,21,111,231
CRS,Carpenter Technology Corporation,241.4,-6,-16,150,36,164,-26,-32,75,50,67,231
LMT,Lockheed Martin,473.16,54,13,-33,166,200,26,15,-8,-3,30,230
BWXT,BWX Technologies,174.3,28,85,17,36,166,28,-11,14,32,63,229
HIW,Highwoods Properties,32.22,112,13,4,7,136,49,16,14,14,93,229
EXEL,Exelixis,39.02,38,-34,68,15,87,56,1,59,25,141,228
OMF,OneMain Financial,61.44,0,87,21,61,169,-6,22,14,27,57,226
SPG,Simon Property Group,183.8,21,56,5,36,118,19,55,12,22,108,226
OGE,OGE Energy,44.36,12,-7,73,46,124,23,-10,73,15,101,225
DGX,Quest Diagnostics,180.62,0,26,72,19,117,-4,24,72,15,107,224
PHM,PulteGroup,134.82,-7,60,6,66,125,-7,64,11,30,98,223
VMI,Valmont Industries,377.74,1,77,67,59,204,-5,1,12,11,19,223
TOL,Toll Brothers,141.63,-7,71,4,62,130,-7,64,8,27,92,222
MEDP,Medpace,496.69,22,61,8,33,124,16,71,8,3,98,222
DOCS,Doximity,72.47,50,57,59,0,166,14,22,5,13,54,220
LFUS,Littelfuse,262.79,31,87,8,3,129,-5,92,13,-9,91,220
HCA,HCA Healthcare,403.29,1,26,7,98,132,11,26,20,30,87,219
JBL,Jabil,216.06,49,0,23,66,138,28,-21,15,58,80,218
BKNG,Booking Holdings,5559.99,1,1,140,36,178,3,-4,14,27,40,218
GM,General Motors,58.99,21,69,11,12,113,18,61,11,14,104,217
LNG,Cheniere Energy,232.84,-2,-1,65,59,121,-4,28,15,57,96,217
AEE,Ameren,100.48,15,43,61,14,133,15,-9,66,11,83,216
HLT,Hilton Worldwide,271.26,-8,87,20,65,164,-5,17,12,27,51,215
GWRE,Guidewire Software,251.43,53,7,114,22,196,-24,7,14,21,18,214
RITM,Rithm Capital,12.38,-13,87,22,33,129,-12,54,15,27,84,213
NVDA,Nvidia,177.78,28,5,19,135,187,-3,-13,15,27,26,213
WFC,Wells Fargo,81.43,12,3,96,30,141,26,11,14,20,71,212
BRX,Brixmor Property Group,28.08,3,69,4,56,132,17,22,14,27,80,212
ESI,Element Solutions,26.78,49,59,1,58,167,13,23,11,-2,45,212
INSM,Insmed,143.11,0,67,68,17,152,-12,37,14,21,60,212
UNM,Unum,74.9,65,-33,2,41,75,61,7,14,55,137,212
PCAR,Paccar,102.19,21,8,-26,160,163,19,-7,1,35,48,211
UNP,Union Pacific Corporation,216.24,0,-15,-10,199,174,16,-7,8,20,37,211
CMA,Comerica,68.74,-5,61,11,5,72,23,92,11,13,139,211
BRK-B,Berkshire Hathaway,491.62,-33,13,128,63,171,-1,21,-9,27,38,209
CXT,Crane NXT,59.48,-6,77,2,56,129,-5,18,10,57,80,209
GL,Globe Life,142.47,21,39,49,15,124,30,38,8,9,85,209
PWR,Quanta Services,385.68,28,0,21,100,149,-5,-23,14,73,59,208
SYY,Sysco,79.87,-7,74,11,4,82,12,87,11,15,125,207
SYF,Synchrony Financial,76.32,7,87,21,22,137,17,22,12,19,70,207
W,Wayfair,87.75,70,87,8,-42,123,18,93,14,-41,84,207
FWONA,Liberty Formula 1 (Series A),89.84,-6,-2,73,63,128,-5,14,13,57,79,207
HII,Huntington Ingalls Industries,272.8,22,126,12,7,167,24,6,20,-10,40,207
OZK,Bank OZK,51.79,-6,87,22,57,160,-2,15,13,20,46,206
KR,Kroger,67.42,0,-13,84,68,139,12,-16,55,16,67,206
EQH,Equitable Holdings,53.31,16,8,96,12,132,20,19,14,20,73,205
LPLA,LPL Financial,336.62,-4,-12,49,100,133,23,-23,14,58,72,205
NWS,News Corp (Class B),32.86,1,-5,116,59,171,7,-9,14,22,34,205
NTRS,Northern Trust,130.19,16,87,20,12,135,12,29,14,14,69,204
CTAS,Cintas,199.61,-150,-21,23,168,20,-5,-16,17,188,184,204
IDA,Idacorp,125.61,15,56,60,19,150,19,-6,30,11,54,204
DCI,Donaldson Company,81.07,7,39,6,66,118,-5,46,14,31,86,204
BPOP,"Popular, Inc.",123.84,-20,94,22,60,156,-11,22,15,20,46,202
FWONK,Liberty Formula 1 (Series C),98.91,-10,-2,75,58,121,-5,14,15,57,81,202
THG,Hanover Insurance,176.52,-2,26,65,25,114,-2,18,57,15,88,202
NTNX,Nutanix,78.2,58,4,2,23,87,72,3,14,25,114,201
DTM,DT Midstream,106.26,47,5,107,0,159,-2,4,14,26,42,201
LLYVK,Liberty Live (Series C),99.57,0,93,34,0,127,-5,63,14,1,73,200
NVR,"NVR, Inc.",8286.39,-6,56,0,66,116,-6,52,7,30,83,199
FNB,FNB Corporation,16.25,-10,87,5,56,138,11,17,13,20,61,199
EPR,EPR Properties,58.28,32,3,61,30,126,29,6,14,22,71,197
AFL,Aflac,108.42,21,23,5,59,108,23,22,-12,56,89,197
CVX,Chevron Corporation,157.43,7,49,11,49,116,-2,70,5,7,80,196
HST,Host Hotels & Resorts,17.67,153,19,3,3,178,-5,16,13,-7,17,195
CAH,Cardinal Health,150.31,0,-17,59,39,81,-2,6,52,58,114,195
GWW,W. W. Grainger,1013.42,18,1,-8,95,106,22,15,-6,58,89,195
CSL,Carlisle Companies,355.61,-14,-2,-2,179,161,-11,9,15,21,34,195
VIK,Viking Holdings,62.4,-4,87,0,0,83,-5,102,14,0,111,194
SCCO,Southern Copper,109.94,69,9,2,63,143,18,22,14,-3,51,194
GGG,Graco Inc.,84.76,-14,0,0,179,165,-6,21,15,-1,29,194
PEG,Public Service Enterprise Group,82.99,15,-9,1,153,160,24,-17,8,18,33,193
INFA,Informatica,24.78,-1,78,0,0,77,12,100,12,-8,116,193
NXST,Nexstar Media Group,204.58,2,86,13,5,106,12,53,11,11,87,193
TSLA,"Tesla, Inc.",410.24,49,26,3,11,89,51,32,9,11,103,192
O,Realty Income,60.24,36,31,14,8,89,54,21,14,14,103,192
AMAT,Applied Materials,170.92,44,-21,-5,150,168,49,-32,12,-6,23,191
EMR,Emerson Electric,135.68,32,0,20,65,117,28,3,14,27,72,189
FTI,TechnipFMC,39.03,0,87,21,28,136,-9,9,14,38,52,188
DHI,D. R. Horton,172.09,-7,60,6,66,125,-7,64,9,-3,63,188
VNT,Vontier,42.77,-2,87,9,0,94,-6,94,12,-6,94,188
MU,Micron Technology,157.75,56,13,2,23,94,56,22,14,1,93,187
RF,Regions Financial Corporation,26.89,-6,86,12,23,115,21,23,13,15,72,187
AGNC,AGNC Investment,10.18,0,72,16,17,105,-19,70,13,18,82,187
LNT,Alliant Energy,64.73,12,47,72,15,146,19,-6,14,14,41,187
PRI,Primerica,270.0,-3,9,0,109,115,12,16,13,31,72,187
PG,Procter & Gamble,156.85,-7,0,-10,180,163,-5,19,-18,27,23,186
HHH,Howard Hughes Holdings,81.88,112,27,2,1,142,20,22,3,-1,44,186
XYL,Xylem Inc.,141.87,9,87,13,23,132,21,-6,15,23,53,185
RDDT,Reddit,263.79,56,62,1,0,119,28,31,6,0,65,184
AN,AutoNation,220.37,-10,24,21,62,97,-6,20,14,58,86,183
MAS,Masco,73.49,-9,53,-1,66,109,-6,53,5,22,74,183
NOW,ServiceNow,947.11,45,0,0,83,128,13,6,12,23,54,182
FHN,First Horizon Corporation,22.33,-2,87,57,5,147,-7,16,13,11,33,180
LH,Labcorp,275.4,0,37,59,16,112,12,24,12,19,67,179
CHRW,C.H. Robinson,133.29,21,55,7,5,88,24,48,10,9,91,179
FTNT,Fortinet,81.01,46,-31,-7,114,122,47,2,-7,14,56,178
SNA,Snap-on,339.73,21,8,2,60,91,19,2,7,58,86,177
META,Meta Platforms,764.84,8,87,21,30,146,5,-10,12,24,31,177
FLS,Flowserve,56.51,51,58,2,28,139,-2,7,7,26,38,177
DBX,Dropbox,31.87,63,13,3,10,89,55,18,4,9,86,175
NU,Nubank,15.9,44,18,5,0,67,61,13,14,20,108,175
D,Dominion Energy,60.6,22,85,18,2,127,29,-6,14,11,48,175
BLK,BlackRock,1114.81,21,86,21,23,151,-5,-7,14,22,24,175
SYK,Stryker Corporation,377.32,-28,-2,21,160,151,-28,10,12,30,24,175
ZG,Zillow (Class A),83.69,0,60,58,0,118,12,16,7,21,56,174
PAG,Penske Automotive Group,178.4,-18,29,19,63,93,-14,23,14,58,81,174
FICO,Fair Isaac,1555.33,13,0,-11,167,169,-6,11,-33,32,4,173
BWA,BorgWarner,43.89,2,89,13,3,107,15,53,15,-17,66,173
AFG,American Financial Group,139.31,19,28,5,57,109,12,28,8,15,63,172
PEGA,Pegasystems,59.24,55,7,23,6,91,47,6,12,16,81,172
VST,Vistra Corp.,213.55,35,4,23,31,93,39,-18,12,46,79,172
VVV,Valvoline,40.16,31,28,0,32,91,51,22,11,-5,79,170
MMM,3M,156.66,21,8,79,15,123,-4,21,15,15,47,170
JCI,Johnson Controls,107.8,28,4,80,20,132,-5,9,15,19,38,170
CPNG,Coupang,33.51,47,6,22,0,75,56,6,15,18,95,170
SEB,Seaboard Corporation,3901.0,-5,61,10,2,68,15,73,13,1,102,170
CPRT,Copart,47.6,-6,0,-18,177,153,-5,21,-28,29,17,170
KKR,KKR & Co. Inc.,144.65,28,1,0,104,133,37,-23,0,22,36,169
GTES,Gates Corporation,25.5,-2,87,21,16,122,-3,16,14,19,46,168
NLY,Annaly Capital Management,22.07,0,69,22,11,102,-19,55,12,17,65,167
AMGN,Amgen,274.4,-14,-8,-2,166,142,-5,-9,2,37,25,167
TDG,TransDigm Group,1288.27,-1,-23,1,158,135,-16,-24,14,58,32,167
REXR,Rexford Industrial,42.87,55,72,1,-19,109,56,23,10,-33,56,165
MET,Metlife,80.48,16,18,0,59,93,23,18,12,19,72,165
RS,"Reliance, Inc.",291.15,-14,-31,0,116,71,-8,8,14,78,92,163
XPO,"XPO, Inc.",133.92,21,6,1,62,90,18,15,12,28,73,163
FE,FirstEnergy,43.62,15,40,11,56,122,16,-5,15,15,41,163
MTG,MGIC Investment Corporation,28.0,-2,24,23,56,101,-6,24,14,29,61,162
AEP,American Electric Power,109.1,0,0,77,24,101,26,-8,27,15,60,161
PNC,PNC Financial Services,202.52,-2,77,7,15,97,19,18,12,15,64,161
IRM,Iron Mountain,99.86,36,1,-7,58,88,49,-49,14,57,71,159
DKS,Dick's Sporting Goods,226.05,7,53,1,64,125,-6,1,4,34,33,158
PFG,Principal Financial Group,82.97,21,16,1,56,94,23,11,11,19,64,158
JNJ,Johnson & Johnson,177.45,2,53,12,8,75,15,51,9,7,82,157
BAC,Bank of America,50.59,22,20,21,19,82,29,17,14,15,75,157
F,Ford Motor Company,11.68,2,101,6,0,109,18,21,14,-6,47,156
MP,MP Materials,65.96,0,70,36,0,106,7,-12,49,5,49,155
RKT,Rocket Companies,21.1,56,43,8,0,107,-7,40,13,2,48,155
TPG,TPG Inc.,61.38,22,70,6,0,98,34,-5,8,20,57,155
KEYS,Keysight,171.76,55,9,2,1,67,60,9,12,6,87,154
VNO,Vornado Realty Trust,42.06,80,9,2,5,96,21,9,12,16,58,154
FOXA,Fox Corporation (Class A),58.75,0,23,72,2,97,10,19,12,15,56,153
FNF,Fidelity National Financial,60.01,5,24,6,59,94,16,36,-15,22,59,153
FERG,Ferguson Enterprises,214.43,-35,0,15,66,46,-35,100,14,26,105,151
RKLB,Rocket Lab,54.03,21,7,53,0,81,37,9,14,9,69,150
LNC,Lincoln Financial,41.24,-6,56,22,2,74,-1,56,12,9,76,150
AFRM,Affirm Holdings,89.43,0,69,16,0,85,4,30,12,18,64,149
EXP,Eagle Materials,235.02,2,38,-19,58,79,16,50,4,-1,69,148
WSM,"Williams-Sonoma, Inc.",201.0,0,53,12,66,131,-12,1,6,22,17,148
GLPI,Gaming and Leisure Properties,47.82,-4,16,5,66,83,4,16,-13,58,65,148
INTU,Intuit,651.34,-28,-18,21,192,167,-30,-24,14,21,-19,148
XOM,ExxonMobil,112.39,19,6,1,45,71,-3,15,13,51,76,147
COKE,Coca-Cola Consolidated,121.81,1,16,0,86,103,-1,11,-19,53,44,147
OHI,Omega Healthcare Investors,42.66,-4,46,11,41,94,-27,38,10,32,53,147
AMKR,Amkor Technology,25.68,45,72,0,3,120,16,8,8,-6,26,146
CVNA,Carvana,365.47,-2,0,96,12,106,2,7,14,17,40,146
FOX,Fox Corporation (Class B),53.09,0,23,71,2,96,10,19,11,10,50,146
RVMD,Revolution Medicines,46.21,94,7,1,0,102,18,13,14,-1,44,146
WTW,Willis Towers Watson,333.77,21,32,12,25,90,19,3,4,30,56,146
LEN-B,Lennar (Class B),128.03,-7,39,0,63,95,-6,53,5,-2,50,145
THC,Tenet Healthcare,186.66,-4,24,18,58,96,-9,21,12,25,49,145
COHR,Coherent Corp.,106.31,56,4,3,16,79,52,-14,12,16,66,145
LEN,Lennar (Class A),133.8,-8,43,-2,65,98,-7,52,6,-4,47,145
KRMN,Karman Holdings,63.75,49,24,0,0,73,51,15,6,0,72,145
MSCI,MSCI,576.63,22,6,1,15,44,45,23,11,21,100,144
VLTO,Veralto,107.83,22,87,7,0,116,20,-7,14,0,27,143
CCL,Carnival Corporation & plc,31.23,-8,86,21,2,101,-6,16,12,20,42,143
NNN,NNN Reit,42.97,50,9,4,23,86,17,10,14,15,56,142
ZION,Zions Bancorporation,57.06,-1,69,4,5,77,23,15,11,16,65,142
NOC,Northrop Grumman,574.24,-8,54,15,59,120,-7,-6,22,13,22,142
CMS,CMS Energy,71.6,13,0,80,24,117,20,-12,2,15,25,142
HON,Honeywell,211.72,-14,-22,0,179,143,-6,-34,15,23,-2,141
SNPS,Synopsys,419.13,-28,-4,-2,181,147,3,-16,13,-6,-6,141
MSA,MSA Safety,169.05,-6,0,0,165,159,-6,-20,14,-6,-18,141
LECO,Lincoln Electric,236.48,-18,86,11,66,145,-7,-1,12,-8,-4,141
UBER,Uber,98.86,30,6,22,0,58,37,-2,20,27,82,140
NCLH,Norwegian Cruise Line Holdings,26.0,22,58,4,0,84,21,7,7,21,56,140
ADM,Archer Daniels Midland,60.55,-28,88,6,0,66,16,64,14,-21,73,139
SSB,SouthState Corporation,100.76,-6,58,4,23,79,16,16,8,20,60,139
MRP,Millrose Properties,35.19,6,76,0,0,82,-4,54,7,0,57,139
KO,Coca-Cola Company (The),66.21,-55,-16,33,183,145,-9,-9,-3,15,-6,139
MTZ,MasTec,193.29,28,4,23,19,74,28,9,14,14,65,139
WBD,Warner Bros. Discovery,19.48,46,3,16,0,65,57,3,12,1,73,138
APO,Apollo Global Management,138.53,22,-19,-5,98,96,36,-31,10,27,42,138
DE,Deere & Company,469.09,-14,-17,54,110,133,-26,-30,50,11,5,138
LPX,Louisiana-Pacific,95.01,-9,34,-2,64,87,-6,24,5,27,50,137
ATI,ATI Inc.,77.45,3,-18,21,44,50,13,6,15,53,87,137
FITB,Fifth Third Bancorp,45.36,-5,63,4,23,85,2,20,11,17,50,135
TNL,Travel + Leisure Co.,61.66,-14,77,13,17,93,-7,22,11,15,41,134
MUSA,Murphy USA,396.32,24,0,-18,69,75,16,-4,-34,80,58,133
ECG,Everus Construction Group,79.19,22,85,0,0,107,28,-14,11,0,25,132
PNW,Pinnacle West Capital,87.43,-5,-12,72,19,74,15,-10,26,27,58,132
Z,Zillow (Class C),87.13,0,60,15,0,75,12,16,8,21,57,132
STWD,Starwood Property Trust,20.34,-2,9,22,59,88,-11,17,14,22,42,130
CFG,Citizens Financial Group,51.34,-6,75,13,5,87,-6,22,12,15,43,130
MSGS,Madison Square Garden Sports,211.1,42,5,1,22,70,42,12,7,-1,60,130
BYD,Boyd Gaming,83.47,-30,0,52,60,82,-9,15,14,28,48,130
UHS,Universal Health Services,189.6,56,19,0,23,98,18,23,-8,-2,31,129
FAF,First American Financial Corporation,66.7,0,36,7,15,58,16,33,2,19,70,128
WBS,Webster Bank,60.58,-25,87,12,15,89,-7,16,12,18,39,128
LYFT,Lyft,20.47,65,21,5,-2,89,7,16,14,1,38,127
FSLR,First Solar,207.0,4,52,0,63,119,-7,7,14,-7,7,126
CART,Maplebear Inc.,46.38,49,-3,2,0,48,84,-17,11,0,78,126
STAG,STAG Industrial,35.9,-31,16,4,97,86,12,19,14,-5,40,126
PRU,Prudential Financial,105.46,-4,19,-17,56,54,22,22,8,20,72,126
MKSI,MKS Instruments,116.38,44,8,1,0,53,49,19,10,-6,72,125
CB,Chubb Limited,274.26,-3,0,6,59,62,-5,19,-8,57,63,125
INGM,Ingram Micro,21.24,49,4,0,0,53,52,7,12,0,71,124
HR,Healthcare Realty Trust,18.06,0,55,6,1,62,-16,61,6,10,61,123
EA,Electronic Arts,171.79,15,33,9,8,65,19,-4,21,22,58,123
MDB,MongoDB Inc.,333.92,91,21,3,0,115,-3,13,7,-10,7,122
AMP,Ameriprise Financial,487.66,-6,-11,0,65,48,-3,-7,12,72,74,122
IDXX,Idexx Laboratories,643.78,0,94,18,5,117,5,-5,14,-9,5,122
HAYW,Hayward Holdings,15.56,-14,58,6,0,50,-8,50,12,17,71,121
GNTX,Gentex,28.26,2,52,0,0,54,18,50,8,-9,67,121
H,Hyatt Hotels,140.42,-10,0,1,56,47,-5,12,10,56,73,120
APTV,Aptiv,82.79,56,24,6,-25,61,61,20,15,-37,59,120
TEM,Tempus AI,85.17,53,24,0,0,77,14,22,7,0,43,120
AIT,Applied Industrial Technologies,262.76,-2,0,12,59,69,-5,-13,11,58,51,120
MTSI,MACOM Technology Solutions,131.41,0,0,4,59,63,11,3,13,30,57,120
VZ,Verizon,43.87,18,27,34,11,90,17,-7,4,15,29,119
PODD,Insulet,340.3,-1,24,49,5,77,-2,19,18,7,42,119
SHC,Sotera Health,16.22,21,26,5,0,52,42,26,6,-7,67,119
EFX,Equifax,256.89,22,3,-8,17,34,49,3,14,19,85,119
VICI,Vici Properties,33.08,-42,0,62,16,36,-12,10,27,58,83,119
NWSA,News Corp (Class A),29.91,7,1,13,59,80,10,-7,14,22,39,119
MAR,Marriott International,265.14,-6,-2,0,59,51,13,15,11,28,67,118
DINO,HF Sinclair,51.63,-4,89,4,2,91,2,19,14,-9,26,117
CLF,Cleveland-Cliffs,11.9,49,52,0,-17,84,22,12,8,-9,33,117
PKG,Packaging Corporation of America,211.9,-8,17,0,62,71,-6,17,7,27,45,116
ROST,Ross Stores,147.05,-14,30,5,36,57,-14,39,4,30,59,116
USB,U.S. Bancorp,49.29,37,20,4,5,66,2,21,11,16,50,116
HAS,Hasbro,75.99,-14,87,18,4,95,-5,-1,14,12,20,115
ADP,Automatic Data Processing,290.91,-100,-10,0,181,71,-6,-23,15,58,44,115
CLH,Clean Harbors,234.96,-49,39,5,59,54,-5,-6,14,58,61,115
WSO,Watsco,386.43,-26,-31,-7,197,133,-29,-29,-32,72,-18,115
THO,Thor Industries,104.8,-28,71,5,3,51,-32,93,10,-7,64,115
WYNN,Wynn Resorts,122.85,0,89,13,4,106,-14,17,15,-9,9,115
ADC,Agree Realty,72.96,21,3,67,17,108,16,-14,-9,14,7,115
AMD,Advanced Micro Devices,161.18,6,0,2,111,119,2,-13,14,-8,-5,114
AOS,A. O. Smith,73.27,31,9,0,59,99,-5,11,14,-6,14,113
FCNCA,First Citizens BancShares,1909.35,-5,-7,0,60,48,21,11,11,22,65,113
UAL,United Airlines Holdings,104.58,-7,60,5,12,70,-6,24,8,17,43,113
EWBC,East West Bancorp,107.84,0,16,13,23,52,11,16,13,20,60,112
DECK,Deckers Brands,118.66,0,13,-28,94,79,14,10,-24,32,32,111
SEIC,SEI Investments Company,86.61,-49,-7,97,36,77,-5,-4,15,27,33,110
ELAN,Elanco,18.63,3,90,6,0,99,-18,22,13,-7,10,109
VRTX,Vertex Pharmaceuticals,393.15,-6,-29,-6,105,64,13,4,-10,38,45,109
INCY,Incyte,83.11,-14,73,8,0,67,-14,37,11,8,42,109
ABT,Abbott Laboratories,131.42,1,16,61,14,92,15,-4,-9,15,17,109
VOYA,Voya Financial,77.09,16,28,5,5,54,22,22,12,-2,54,108
DD,DuPont,77.13,0,58,-8,20,70,13,16,12,-4,37,107
CTVA,Corteva,70.1,-7,-1,58,0,50,12,18,15,12,57,107
AMZN,Amazon,231.44,0,9,22,22,53,1,19,12,21,53,106
ALLY,Ally Financial,43.08,16,16,7,5,44,15,17,13,17,62,106
EOG,EOG Resources,117.55,-9,0,-2,46,35,-5,16,7,52,70,105
ZS,Zscaler,285.62,41,0,21,6,68,44,-40,14,19,37,105
CRUS,Cirrus Logic,116.56,14,24,3,20,61,14,19,15,-4,44,105
NYT,New York Times Company,59.26,8,28,6,17,59,12,-3,14,22,45,104
KEY,Keycorp,18.83,-6,87,0,5,86,-12,16,0,14,18,104
ECL,Ecolab,270.66,-14,30,20,23,59,15,-4,14,20,45,104
HBAN,Huntington Bancshares,17.62,-6,16,13,22,45,11,16,14,17,58,103
MSM,MSC Industrial Direct,91.88,0,16,12,59,87,-7,18,15,-10,16,103
MHK,Mohawk Industries,137.12,0,49,2,0,51,-5,53,6,-2,52,103
OSK,Oshkosh Corporation,136.16,-10,86,15,5,96,-7,-2,12,3,6,102
EQT,EQT Corporation,49.98,-13,-31,45,43,44,-4,6,45,11,58,102
UWMC,United Wholesale Mortgage,6.74,57,27,0,0,84,-2,23,2,-5,18,102
RGA,Reinsurance Group of America,189.21,-8,5,-7,41,31,-2,22,-5,54,69,100
CORT,Corcept Therapeutics,69.49,-2,0,69,20,87,-5,-5,-16,39,13,100
DAL,Delta Air Lines,58.41,-34,59,5,20,50,-7,24,6,27,50,100
CNM,Core & Main,49.76,-35,-5,-1,0,-41,2,100,14,25,141,100
VRT,Vertiv,138.33,28,1,13,9,51,28,-18,11,27,48,99
FCX,Freeport-McMoRan,45.65,3,10,3,59,75,1,15,15,-7,24,99
RNR,RenaissanceRe,243.61,16,3,-12,36,43,19,-6,12,29,54,97
XP,XP Inc.,18.75,49,4,3,0,56,20,10,20,-9,41,97
BOKF,BOK Financial Corporation,110.07,-27,56,4,23,56,-5,22,8,15,40,96
BLDR,Builders FirstSource,140.23,-7,53,-32,66,80,-7,23,4,-4,16,96
TXT,Textron,82.23,7,3,0,54,64,13,11,14,-6,32,96
WAL,Western Alliance Bancorporation,89.01,-6,24,4,5,27,16,22,11,19,68,95
SCHW,Charles Schwab Corporation,92.09,-9,-1,81,12,83,-3,-14,14,15,12,95
EXC,Exelon,43.42,3,-2,59,15,75,23,-9,-5,11,20,95
KIM,Kimco Realty,22.36,-27,24,3,56,56,-5,16,12,15,38,94
CEG,Constellation Energy,330.61,28,0,21,0,49,28,-18,15,20,45,94
AL,Air Lease Corporation,63.56,0,17,21,23,61,-29,20,14,27,32,93
ROK,Rockwell Automation,346.42,21,3,19,16,59,13,19,14,-12,34,93
LNW,Light & Wonder,90.41,7,1,-7,58,59,9,17,-19,26,33,92
TTEK,Tetra Tech,36.23,10,-9,-33,120,88,19,-23,10,-2,4,92
ARW,Arrow Electronics,127.51,28,6,5,5,44,25,18,14,-9,48,92
DOV,Dover Corporation,171.93,-14,-12,-7,107,74,-9,-3,10,20,18,92
FR,First Industrial Realty Trust,51.88,0,19,0,15,34,15,15,12,15,57,91
CUZ,Cousins Properties,29.19,21,12,3,12,48,-1,16,14,14,43,91
ELF,e.l.f. Beauty,144.44,7,13,0,32,52,14,18,12,-6,38,90
PSX,Phillips 66,131.18,-9,16,0,42,49,16,16,13,-6,39,88
DLR,Digital Realty,175.09,28,1,1,23,53,28,-27,14,20,35,88
CWEN-A,Clearway Energy (Class A),27.17,0,-17,63,7,53,28,-31,27,11,35,88
WWD,"Woodward, Inc.",239.79,0,0,24,36,60,7,-23,15,27,26,86
VLO,Valero Energy,157.53,0,16,4,45,65,-1,15,13,-6,21,86
ES,Eversource Energy,65.53,28,0,19,-11,36,32,1,14,3,50,86
GPC,Genuine Parts Company,139.1,-1,40,5,0,44,-1,47,14,-18,42,86
GXO,GXO Logistics,50.77,-6,87,5,0,86,-3,-2,13,-9,-1,85
EIX,Edison International,55.89,17,31,-37,0,11,26,45,5,-2,74,85
OGN,Organon & Co.,10.39,72,7,-33,0,46,79,9,-46,-5,37,83
BXP,"BXP, Inc.",77.82,21,13,2,1,37,19,14,14,-1,46,83
ED,Consolidated Edison,97.0,0,-14,32,48,66,-4,-17,-8,46,17,83
CRWD,CrowdStrike,444.86,21,-27,49,0,43,45,-41,14,21,39,82
BAM,Brookfield Asset Management,57.85,0,-6,69,0,63,13,-17,14,9,19,82
WAB,Wabtec,188.39,-6,-23,0,50,21,-8,-3,14,57,60,81
ALK,Alaska Air Group,59.13,-8,53,2,3,50,-5,24,2,10,31,81
ARMK,Aramark,37.83,-6,-13,19,41,41,-3,-29,14,57,39,80
STLD,Steel Dynamics,131.49,0,1,4,56,61,-10,15,14,-1,18,79
EQIX,Equinix,791.68,31,0,-12,35,54,30,-20,-12,27,25,79
ACGL,Arch Capital Group,89.87,-3,0,-13,63,47,16,23,-6,-1,32,79
PLD,Prologis,114.29,21,16,3,0,40,15,15,14,-6,38,78
FIVE,Five Below,146.86,0,89,5,0,94,-36,20,16,-16,-16,78
NVST,Envista,21.12,1,72,9,0,82,-5,23,11,-33,-4,78
TER,Teradyne,114.07,-34,58,0,3,27,-38,88,7,-6,51,78
MSTR,MicroStrategy,327.78,-7,-22,103,20,94,-19,-32,14,21,-16,78
GNRC,Generac,185.61,24,71,7,-35,67,-5,-7,11,11,10,77
MRVL,Marvell Technology,67.43,0,-11,-25,107,71,2,-19,4,19,6,77
OC,Owens Corning,152.41,-4,29,-29,59,55,-4,22,4,-1,21,76
MTCH,Match Group,37.47,-7,71,8,-38,34,-7,79,9,-39,42,76
PLNT,Planet Fitness,100.58,-15,-10,67,14,56,-8,-2,14,15,19,75
MPC,Marathon Petroleum,180.01,-6,13,4,50,61,-5,13,15,-9,14,75
OTIS,Otis Worldwide,89.63,33,0,-8,0,25,47,-7,-18,27,49,74
WMS,Advanced Drainage Systems,142.79,8,29,0,4,41,-4,27,14,-4,33,74
TKR,Timken Company,77.4,21,3,0,5,29,21,16,12,-6,43,72
WTFC,Wintrust Financial,133.62,-23,24,13,50,64,-40,16,12,20,8,72
SAIC,SAIC,103.93,-1,-8,-2,68,57,18,-8,6,-2,14,71
VEEV,Veeva Systems,276.13,0,0,50,9,59,-10,-12,15,19,12,71
NTRA,Natera,172.22,1,18,5,19,43,-19,22,4,20,27,70
QCOM,Qualcomm,161.23,22,14,-29,23,30,18,16,12,-6,40,70
BEPC,Brookfield Renewable Partners,34.5,21,0,14,0,35,5,5,14,11,35,70
COIN,Coinbase,326.98,35,-15,13,0,33,35,-31,13,19,36,69
NBIX,Neurocrine Biosciences,140.44,-1,24,4,26,53,-7,16,11,-5,15,68
MDU,MDU Resources,16.25,1,-15,0,59,45,-3,-19,14,31,23,68
BLD,TopBuild,414.97,-18,61,6,47,96,-34,-1,10,-4,-29,67
CSCO,Cisco,67.04,-14,0,52,15,53,-10,-16,14,26,14,67
EXLS,EXL Service,43.0,-14,-6,0,66,46,-5,7,4,14,20,66
FRHC,Freedom Holding,165.19,-41,-3,59,15,30,6,-17,15,31,35,65
CWEN,Clearway Energy (Class C),28.64,0,-17,63,5,51,7,-31,27,11,14,65
UGI,UGI Corporation,34.07,-2,-14,46,5,35,-3,-27,53,6,29,64
SLM,Sallie Mae,27.84,-42,-21,94,23,54,-40,-21,48,22,9,63
GTM,ZoomInfo,12.19,29,4,0,0,33,44,14,10,-38,30,63
DELL,Dell Technologies,126.76,7,0,0,33,40,25,-11,14,-5,23,63
POST,Post Holdings,102.38,-56,-6,-2,88,24,-7,-1,-12,58,38,62
CI,Cigna,297.04,-7,6,-2,59,56,-5,21,-8,-2,6,62
CCK,Crown Holdings,95.51,0,-19,21,6,8,37,-10,14,13,54,62
NSC,Norfolk Southern,277.21,3,1,15,5,24,16,-7,14,15,38,62
CGNX,Cognex Corporation,44.16,0,69,6,-32,43,-6,55,11,-41,19,62
PSN,Parsons Corporation,76.2,0,72,-31,0,41,21,-6,7,-2,20,61
APG,APi Group,35.27,2,1,23,0,26,-5,-3,15,27,34,60
ADSK,Autodesk,321.09,0,11,3,15,29,-14,11,14,20,31,60
AVT,Avnet,53.3,0,4,5,46,55,-6,-1,14,-3,4,59
SEE,Sealed Air,33.66,55,17,0,-25,47,12,20,13,-33,12,59
BC,Brunswick Corporation,65.41,1,71,-43,0,29,15,16,9,-10,30,59
HSY,Hershey Company (The),185.62,0,53,8,0,61,3,7,8,-20,-2,59
FRT,Federal Realty Investment Trust,101.08,0,19,-1,2,20,16,19,5,-2,38,58
CVS,CVS Health,73.47,20,22,15,0,57,-2,26,5,-29,0,57
APD,Air Products,289.52,0,3,0,17,20,17,2,6,11,36,56
HUBS,HubSpot,507.79,49,0,-14,12,47,4,6,-22,20,8,55
GEHC,GE HealthCare,77.76,49,7,-24,0,32,2,8,3,9,22,54
APA,APA Corporation,22.91,7,27,0,-13,21,19,25,9,-20,33,54
PCOR,Procore,71.06,7,1,0,0,8,13,7,5,20,45,53
BEN,Franklin Templeton Investments,24.37,-49,90,12,0,53,13,-4,14,-23,0,53
MPW,Medical Properties Trust,4.85,67,7,1,-37,38,49,13,-11,-36,15,53
APPF,AppFolio,280.34,0,0,9,29,38,-5,-18,9,29,15,53
ROKU,"Roku, Inc.",93.96,-14,68,14,-20,48,-26,16,9,5,4,52
VIRT,Virtu Financial,36.22,-55,-11,81,15,30,-46,-23,76,15,22,52
SMCI,Supermicro,45.37,30,-11,0,59,78,-3,-23,9,-10,-27,51
COLB,Columbia Banking System,25.83,-34,36,0,0,2,7,22,9,11,49,51
DNB,Dun & Bradstreet,9.15,29,52,-28,0,53,46,-13,2,-37,-2,51
FND,Floor & Decor,90.26,49,8,-40,0,17,15,22,3,-7,33,50
M,"Macy's, Inc.",17.44,7,53,2,-16,46,-8,16,3,-7,4,50
DOX,Amdocs,84.21,-5,-25,0,59,29,12,-12,14,6,20,49
LII,Lennox International,552.38,-14,0,-1,39,24,-11,0,8,28,25,49
ONTO,Onto Innovation,116.4,26,16,-30,0,12,47,19,-25,-5,36,48
VRSK,Verisk Analytics,255.02,-28,-35,0,115,52,-26,-1,-6,29,-4,48
FLUT,Flutter Entertainment,278.0,-14,0,23,22,31,-21,-2,12,28,17,48
ALSN,Allison Transmission,87.71,0,-2,-9,36,25,-8,20,-25,35,22,47
OWL,Blue Owl Capital,18.59,24,-18,-8,0,-2,35,-14,6,22,49,47
OLN,Olin Corporation,25.36,112,16,-64,-10,54,-2,16,2,-24,-8,46
PAYX,Paychex,131.97,-70,-33,0,168,65,-3,-26,-5,15,-19,46
GAP,Gap Inc.,23.94,1,1,1,19,22,-7,19,-8,20,24,46
NDSN,Nordson,225.92,4,17,0,2,23,-5,21,15,-8,23,46
EGP,EastGroup Properties,166.79,0,0,-1,9,8,13,16,14,-6,37,45
SWK,Stanley Black & Decker,78.57,49,53,-33,-40,29,-6,22,3,-3,16,45
CNA,CNA Financial,46.67,-51,28,6,58,41,-2,-2,-13,21,4,45
TFC,Truist Financial,44.78,-34,61,5,5,37,-40,22,11,15,8,45
RMD,Resmed,271.19,-14,0,22,14,22,2,-7,14,14,23,45
PEN,"Penumbra, Inc.",263.12,-12,12,36,12,48,-22,25,-10,4,-3,45
ROP,Roper Technologies,505.0,-34,-31,-7,183,111,-40,-48,-6,27,-67,44
MOS,Mosaic Company (The),34.05,24,1,20,-17,28,22,6,19,-31,16,44
FBIN,Fortune Brands Innovations,58.47,-6,39,-30,-6,-3,-6,53,3,-3,47,44
NUE,Nucor,141.59,-40,64,0,4,28,-12,23,12,-9,14,42
PK,Park Hotels & Resorts,12.09,9,24,-30,0,3,22,16,7,-6,39,42
ZM,Zoom Communications,84.64,0,13,4,-1,16,2,15,4,5,26,42
CTRA,Coterra,24.2,0,0,-9,45,36,-2,9,-16,14,5,41
SUI,Sun Communities,128.6,0,11,7,-25,-7,-2,24,14,12,48,41
CHWY,Chewy,36.94,-28,0,45,0,17,2,20,-5,6,23,40
BILL,Bill.com,51.58,91,12,-28,0,75,-12,12,2,-38,-36,39
GTLB,GitLab,50.08,30,6,-25,0,11,41,13,-24,-2,28,39
VNOM,Viper Energy,37.5,-2,0,-13,45,30,-5,-2,-32,48,9,39
HXL,Hexcel,62.12,-35,59,-1,0,23,-7,24,8,-10,15,38
SNOW,Snowflake Inc.,225.64,-2,12,19,0,29,-19,12,14,2,9,38
RPRX,Royalty Pharma,35.17,-7,0,36,0,29,-7,-16,30,1,8,37
SITE,SiteOne Landscape Supply,138.46,-27,54,0,-10,17,-32,53,8,-9,20,37
AGO,Assured Guaranty,81.44,-3,-27,-6,57,21,-2,-19,14,23,16,37
CSGP,CoStar Group,88.96,0,0,10,15,25,11,-17,27,-10,11,36
SAIL,SailPoint,21.69,9,2,0,0,11,11,7,7,0,25,36
AES,AES Corporation,13.02,3,48,0,-12,39,20,-8,10,-25,-3,36
EXE,Expand Energy,95.57,-1,-40,45,0,4,19,5,-3,11,32,36
DOCU,DocuSign,81.56,22,0,0,-13,9,13,8,-6,12,27,36
TROW,T. Rowe Price,104.17,-30,72,0,-26,16,-47,56,11,-1,19,35
FHB,"First Hawaiian, Inc.",25.4,-23,16,4,15,12,-19,16,11,15,23,35
GEV,GE Vernova,628.68,28,6,1,0,35,-3,-13,16,0,0,35
BJ,BJ's Wholesale Club,99.78,31,-54,0,11,-12,13,-21,-7,59,44,32
REG,Regency Centers,70.96,-27,0,0,54,27,-38,8,15,20,5,32
AIG,American International Group,77.02,-76,-7,32,54,3,12,-1,-4,22,29,32
TXRH,Texas Roadhouse,165.1,-5,-26,-3,65,31,16,-62,14,32,0,31
HLNE,Hamilton Lane,146.53,-2,-2,-2,26,20,-5,-9,2,22,10,30
KNSL,Kinsale Capital Group,424.34,-40,-16,-1,34,-23,-41,-4,11,86,52,29
GME,GameStop,25.57,42,0,-15,-31,-4,37,10,-8,-8,31,27
SOLV,Solventum,73.21,0,-2,0,0,-2,12,6,11,0,29,27
MTD,Mettler Toledo,1260.32,-14,72,-28,0,30,-6,-1,9,-6,-4,26
SPR,Spirit AeroSystems,38.73,-35,-3,22,0,-16,-26,19,34,15,42,26
WST,West Pharmaceutical Services,257.54,58,7,-31,-8,26,-4,8,5,-9,0,26
HOG,Harley-Davidson,29.89,0,24,0,-10,14,-8,21,10,-12,11,25
FDX,FedEx,225.7,-1,-1,-30,33,1,27,-4,6,-5,24,25
EQR,Equity Residential,65.29,-1,0,0,14,13,-5,10,-7,14,12,25
SFD,Smithfield Foods,23.88,0,-1,0,0,-1,24,-7,8,0,25,24
TRU,TransUnion,89.32,-6,-1,0,4,-3,-7,6,12,15,26,23
GEN,Gen Digital,28.77,-14,-1,19,17,21,-26,-3,14,17,2,23
CF,CF Industries,85.36,26,-27,1,5,5,-7,2,14,9,18,23
BHF,Brighthouse Financial,47.21,35,-1,-7,0,27,-1,-7,-7,9,-6,21
AVB,AvalonBay Communities,192.87,0,0,-7,17,10,-5,11,-11,16,11,21
UNH,UnitedHealth Group,348.07,61,9,-23,-5,42,-5,21,-36,-2,-22,20
RLI,RLI Corp.,65.96,-30,-71,-15,177,61,-2,-5,-34,-1,-42,19
REYN,Reynolds Consumer Products,22.63,-37,28,-32,0,-41,15,47,1,-4,59,18
AS,Amer Sports,37.27,0,-4,8,0,4,3,-3,14,0,14,18
SAIA,Saia,319.54,26,1,-30,5,2,18,1,2,-6,15,17
EXR,Extra Space Storage,143.73,-5,-1,-7,0,-13,-5,7,14,14,30,17
CSX,CSX Corporation,32.51,7,-10,0,5,2,18,-10,14,-7,15,17
ASTS,AST SpaceMobile,40.96,0,-6,16,0,10,10,-27,15,9,7,17
CR,Crane Co.,182.58,-2,-2,20,0,16,-6,-14,14,6,0,16
DIS,Walt Disney Company (The),115.61,-29,-2,19,-1,-13,-1,11,14,4,28,15
CUBE,CubeSmart,40.83,-1,0,-27,2,-26,17,12,14,-3,40,14
DVN,Devon Energy,33.77,-8,24,-2,-6,8,-5,20,13,-23,5,13
PVH,PVH Corp.,84.03,-34,23,0,2,-9,4,22,4,-8,22,13
EG,Everest Group,339.97,0,5,-40,56,21,23,16,-41,-6,-8,13
WEX,WEX Inc.,171.73,0,69,-47,2,24,-6,-5,8,-9,-12,12
HSIC,Schein (Henry),68.82,0,0,-9,0,-9,2,11,3,4,20,11
AGCO,AGCO,109.72,3,0,11,0,14,7,-11,15,-14,-3,11
WFRD,Weatherford International,61.41,-4,58,-48,0,6,-10,16,4,-6,4,10
INTC,Intel,24.78,7,23,0,-21,9,-12,22,4,-13,1,10
PNFP,Pinnacle Financial Partners,95.36,-14,0,-9,16,-7,-19,11,6,19,17,10
CFR,Frost Bank,127.45,-35,-7,2,5,-35,9,11,12,11,43,8
PB,Prosperity Bancshares,65.86,-10,-34,-8,15,-37,11,12,6,15,44,7
DAY,Dayforce,68.93,-35,20,5,-13,-23,9,16,5,-1,29,6
RYN,Rayonier,26.1,-8,29,-1,0,20,-5,-1,2,-10,-14,6
PSA,Public Storage,286.57,-9,0,-15,2,-22,-5,19,14,-1,27,5
DPZ,Domino's,449.95,-28,-29,-1,11,-47,-7,8,32,19,52,5
WH,Wyndham Hotels & Resorts,84.14,-10,-1,-8,12,-7,-4,-4,3,16,11,4
ZBRA,Zebra Technologies,320.77,7,0,-6,-8,-7,12,-23,8,14,11,4
IOT,Samsara,39.44,2,0,-14,0,-12,9,7,-21,21,16,4
FOUR,Shift4,85.98,-9,-29,-4,0,-42,12,4,4,25,45,3
PR,Permian Resources,13.24,-21,-1,-1,27,4,-11,-1,14,-3,-1,3
WAT,Waters Corporation,299.6,0,-5,-9,0,-14,9,16,-24,15,16,2
BAH,Booz Allen Hamilton,101.58,-4,-10,-35,102,53,-3,-9,-37,-2,-51,2
DDOG,Datadog,138.63,0,0,3,0,3,-16,4,11,-1,-2,1
K,Kellanova,79.08,-7,-1,0,22,14,-4,-12,-11,14,-13,1
BRO,Brown & Brown,90.88,-70,-96,-3,164,-5,-5,-2,-14,27,6,1
OVV,Ovintiv,40.69,-7,0,0,0,-7,-5,9,11,-7,8,1
RBRK,Rubrik,75.58,-28,-4,0,0,-32,-26,9,49,0,32,0
GLIBA,GCI Liberty (Series A),35.6,-14,0,0,0,-14,-7,21,0,0,14,0
CNXC,Concentrix,53.6,17,0,0,0,17,12,7,-2,-34,-17,0
BG,Bunge Global,80.31,-21,18,0,0,-3,-1,-4,14,-6,3,0
BBY,Best Buy,74.57,-3,24,-28,-7,-14,-7,21,2,-3,13,-1
OKE,Oneok,72.61,0,-31,-17,55,7,-2,-31,-29,52,-10,-3
AA,Alcoa,33.61,21,16,-25,-21,-9,12,21,6,-33,6,-3
VTRS,Viatris,9.6,-29,27,-1,-1,-4,-28,22,6,-2,-2,-6
AUR,Aurora Innovation,5.89,7,1,-5,0,3,7,-11,-22,16,-10,-7
ESS,Essex Property Trust,264.76,0,-32,0,15,-17,-5,7,-7,15,10,-7
ENTG,Entegris,90.2,18,3,-48,-7,-34,15,15,3,-6,27,-7
PCG,PG&E Corporation,15.36,26,3,-34,2,-3,-4,34,-33,-2,-5,-8
CACC,Credit Acceptance,501.52,-14,1,-1,2,-12,-6,16,-2,-6,2,-10
RH,RH,222.69,-23,42,-28,-8,-17,-33,38,2,-1,6,-11
OMC,Omnicom Group,76.87,-28,24,-31,2,-33,4,19,1,-2,22,-11
REGN,Regeneron Pharmaceuticals,572.58,3,24,-46,0,-19,17,-6,1,-5,7,-12
LUV,Southwest Airlines,31.43,0,-21,5,-40,-56,16,11,12,5,44,-12
QXO,"QXO, Inc.",21.2,0,7,0,-15,-8,-23,8,17,-7,-5,-13
INGR,Ingredion,123.71,-42,-31,-3,35,-41,-29,-1,-1,57,26,-15
TPL,Texas Pacific Land Corporation,922.65,0,-74,-13,59,-28,-2,10,-9,14,13,-15
IPGP,IPG Photonics,80.31,-14,86,6,-45,33,-31,16,11,-45,-49,-16
CCCS,CCC Intelligent Solutions,9.6,-7,0,-33,0,-40,12,12,7,-7,24,-16
AXTA,Axalta,30.91,-10,8,-20,23,1,-5,21,-33,-1,-18,-17
ST,Sensata Technologies,31.87,-14,24,0,-16,-6,-6,18,13,-36,-11,-17
HPQ,HP Inc.,27.75,-12,24,-30,0,-18,-26,25,4,-2,1,-17
FI,Fiserv,132.68,-6,-46,-18,36,-34,13,-6,-19,28,16,-18
CCI,Crown Castle,93.59,-4,-14,0,-29,-47,23,-25,24,6,28,-19
IR,Ingersoll Rand,79.06,-2,-22,-25,24,-25,-10,6,11,-1,6,-19
AR,Antero Resources,32.49,0,-40,0,11,-29,-2,5,-4,11,10,-19
QS,QuantumScape,10.38,11,0,10,0,21,12,-28,12,-37,-41,-20
KMB,Kimberly-Clark,125.47,-14,-2,-4,19,-1,-22,-9,-16,27,-20,-21
LSCC,Lattice Semiconductor,64.41,-6,0,6,0,0,-12,0,7,-16,-21,-21
BIIB,Biogen,143.31,64,23,-88,-28,-29,-4,30,1,-19,8,-21
NCNO,nCino,30.27,-27,13,-30,0,-44,2,13,9,-2,22,-22
GLIBK,GCI Liberty (Series C),35.08,-13,0,0,0,-13,-7,-2,0,0,-9,-22
CPT,Camden Property Trust,108.37,-13,-2,0,0,-15,-24,11,-7,12,-8,-23
AWK,American Water Works,137.62,-42,-6,30,0,-18,-34,-6,26,9,-5,-23
HRB,H&R Block,50.13,-7,-68,-5,53,-27,-5,-34,-10,53,4,-23
SW,Smurfit Westrock,44.46,-35,-2,-1,17,-21,-33,8,4,18,-3,-24
IPG,Interpublic Group of Companies (The),26.32,-28,39,-47,0,-36,9,19,2,-18,12,-24
IT,Gartner,247.04,13,-64,-25,0,-76,13,4,-23,58,52,-24
DT,Dynatrace,48.63,-28,-27,-6,0,-61,2,2,11,21,36,-25
LEA,Lear Corporation,105.32,-18,24,0,-18,-12,-26,16,13,-16,-13,-25
AKAM,Akamai Technologies,76.45,-13,-2,0,-8,-23,-6,14,0,-11,-3,-26
WTRG,Essential Utilities,37.81,-69,25,11,0,-33,10,-3,-6,6,7,-26
KD,Kyndryl,32.0,-2,-29,0,0,-31,-19,4,-2,21,4,-27
FCN,FTI Consulting,163.02,-8,-4,-42,0,-54,12,15,5,-6,26,-28
CERT,"Certara, Inc.",11.22,16,3,-19,0,0,13,-2,-11,-33,-33,-33
POOL,Pool Corporation,324.83,1,7,-27,-7,-26,12,-10,1,-10,-7,-33
AMT,American Tower,192.51,-5,-29,-1,-1,-36,-5,-28,24,12,3,-33
FTV,Fortive,48.6,22,-33,-25,0,-36,24,3,-21,-6,0,-36
SMMT,Summit Therapeutics,18.94,-42,-6,0,15,-33,-2,-20,-1,20,-3,-36
A,Agilent Technologies,125.62,-6,13,-27,0,-20,-34,19,5,-6,-16,-36
IQV,IQVIA,186.06,0,3,-45,0,-42,13,-8,7,-7,5,-37
GDDY,GoDaddy,145.55,0,-47,-7,23,-31,-10,3,-23,23,-7,-38
DLB,Dolby Laboratories,71.8,-6,-15,-7,0,-28,9,-5,-24,9,-11,-39
BROS,Dutch Bros. Coffee,62.08,-47,-1,0,0,-48,-6,-1,4,12,9,-39
DLTR,Dollar Tree,97.24,-1,-6,0,-16,-23,-7,-15,29,-23,-16,-39
WTM,White Mountains Insurance Group,1714.13,-50,-4,-4,60,2,-67,-7,-25,57,-42,-40
OXY,Occidental Petroleum,45.49,-6,17,-59,0,-48,-5,19,10,-17,7,-41
ARE,Alexandria Real Estate Equities,85.59,61,24,-41,-31,13,21,13,-52,-36,-54,-41
JAZZ,Jazz Pharmaceuticals,125.17,-15,27,0,-7,5,-6,19,-21,-40,-48,-43
SN,SharkNinja,114.5,-42,0,12,0,-30,-8,-18,11,2,-13,-43
PPG,PPG Industries,109.48,-6,-1,-50,-9,-66,19,-2,14,-9,22,-44
CPAY,Corpay,304.99,-70,-31,-2,22,-81,-2,11,2,26,37,-44
DOC,Healthpeak Properties,18.24,7,8,-21,-32,-38,9,11,-36,10,-6,-44
BMY,Bristol Myers Squibb,46.37,-12,0,-4,-6,-22,-9,-1,-18,6,-22,-44
UDR,"UDR, Inc.",37.77,-14,-32,-2,-1,-49,-6,6,-9,14,5,-44
AMH,American Homes 4 Rent,33.44,-68,-33,-12,69,-44,-28,-2,14,16,0,-44
MTDR,Matador Resources,46.48,-12,-1,-33,0,-46,-7,8,7,-7,1,-45
RIVN,Rivian,13.61,-15,0,1,0,-14,-11,10,-8,-22,-31,-45
ETSY,Etsy,57.83,28,0,1,-31,-2,-5,-14,14,-38,-43,-45
VFC,VF Corporation,14.73,-9,16,-24,-44,-61,-7,14,1,8,16,-45
DKNG,DraftKings,42.8,-49,0,0,0,-49,-40,16,6,21,3,-46
TYL,Tyler Technologies,539.45,-28,-16,0,18,-26,-27,-18,6,19,-20,-46
LW,Lamb Weston,56.13,-3,23,-76,-9,-65,15,11,7,-15,18,-47
FANG,Diamondback Energy,134.45,-50,-8,-33,48,-43,-5,-1,8,-6,-4,-47
ALGM,Allegro MicroSystems,29.85,-5,-10,16,0,1,-12,-33,13,-17,-49,-48
CAR,Avis Budget Group,152.45,-10,-8,13,-21,-26,-8,6,17,-38,-23,-49
QGEN,Qiagen,45.39,-28,-4,16,0,-16,-26,-27,14,6,-33,-49
SARO,StandardAero,27.01,22,-23,0,0,-1,-5,-44,0,0,-49,-50
DAR,Darling Ingredients,31.4,0,-14,-10,-21,-45,18,-4,12,-31,-5,-50
ELS,Equity Lifestyle Properties,60.81,0,0,-25,0,-25,12,2,-36,-4,-26,-51
SJM,J.M. Smucker Company (The),102.29,-13,-1,-1,-5,-20,-14,4,2,-24,-32,-52
BALL,Ball Corporation,49.91,-6,-21,-8,-12,-47,15,-29,15,-6,-5,-52
ESTC,Elastic NV,88.25,0,6,-18,-7,-19,-17,12,-23,-5,-33,-52
KVUE,Kenvue,18.25,-7,-15,-2,0,-24,-1,-25,-7,4,-29,-53
ESAB,ESAB,108.94,-24,-28,-1,0,-53,-34,2,14,18,0,-53
RAL,Ralliant,41.28,-14,0,0,0,-14,-8,-32,0,0,-40,-54
BIO,Bio-Rad Laboratories,280.21,-42,53,-31,-29,-49,-30,58,5,-38,-5,-54
SBAC,SBA Communications,198.04,2,-29,-3,-21,-51,21,-29,-2,6,-4,-55
YETI,Yeti Holdings,34.79,-9,0,-39,-7,-55,-7,10,8,-11,0,-55
CHRD,Chord Energy,102.22,-8,0,-55,0,-63,-4,10,9,-7,8,-55
GPN,Global Payments,84.19,-29,39,-32,-40,-62,-40,55,3,-11,7,-55
SIRI,Sirius XM,23.45,-15,14,-1,-32,-34,-27,18,4,-18,-23,-57
INVH,Invitation Homes,29.65,-8,-37,-13,0,-58,-5,-2,-8,15,0,-58
QRVO,Qorvo,86.45,-28,0,0,-32,-60,-28,22,13,-6,1,-59
DOW,Dow Inc.,24.17,21,-1,-47,-2,-29,28,12,-62,-9,-31,-60
JHX,James Hardie Industries,20.14,3,-18,-32,-2,-49,12,-14,-5,-4,-11,-60
WLK,Westlake Corporation,86.76,-6,23,-44,0,-27,14,16,-56,-7,-33,-60
CNC,Centene,32.65,34,0,-49,-12,-27,-4,17,-18,-29,-34,-61
EEFT,Euronet Worldwide,89.5,-7,-33,-7,-4,-51,13,-33,-4,14,-10,-61
AMTM,Amentum,22.94,-56,0,0,0,-56,-7,-13,14,0,-6,-62
CRM,Salesforce,242.51,-16,-32,-17,23,-42,-24,7,-25,22,-20,-62
TSN,Tyson Foods,53.98,-14,0,-6,-29,-49,-7,-2,-16,12,-13,-62
MDLZ,Mondelez International,61.59,0,-33,-2,0,-35,-12,-29,23,-10,-28,-63
KBR,"KBR, Inc.",48.8,-6,0,-35,0,-41,-4,-3,-13,-2,-22,-63
BA,Boeing,215.73,-49,-2,12,0,-39,-26,-1,14,-12,-25,-64
COP,ConocoPhillips,92.36,-6,0,-50,0,-56,-5,-1,7,-9,-8,-64
ATR,AptarGroup,134.88,-28,-31,-7,21,-45,-31,-28,14,26,-19,-64
MORN,"Morningstar, Inc.",246.62,-8,-32,-24,29,-35,-2,-45,-2,19,-30,-65
PENN,Penn Entertainment,18.82,-14,23,0,-35,-26,-16,16,5,-45,-40,-66
EXAS,Exact Sciences,53.44,0,7,-32,-26,-51,-8,15,-6,-17,-16,-67
AMCR,Amcor,8.28,0,-22,-5,0,-27,-1,-31,-5,-3,-40,-67
CL,Colgate-Palmolive,82.15,-28,-48,-10,24,-62,-5,-9,-18,27,-5,-67
SNDR,Schneider National,23.94,-40,-12,-10,0,-62,-6,-6,7,-1,-6,-68
MAA,Mid-America Apartment Communities,140.62,-15,-33,-1,0,-49,-26,7,-12,12,-19,-68
ELV,Elevance Health,306.72,-8,0,-49,-3,-60,-5,16,-15,-4,-8,-68
LBRDA,Liberty Broadband (Series A),59.6,4,-36,-7,-37,-76,12,-7,-7,9,7,-69
KMX,CarMax,60.42,-6,-2,-23,-37,-68,13,13,-27,-1,-2,-70
LBRDK,Liberty Broadband (Series C),59.98,4,-36,-8,-37,-77,12,-7,-8,9,6,-71
CFLT,"Confluent, Inc.",19.76,0,-32,-8,0,-40,-16,7,-23,1,-31,-71
TDC,Teradata,21.49,31,0,-84,-18,-71,17,1,-2,-17,-1,-72
PAYC,Paycom,218.12,-7,-15,23,-25,-24,-6,-18,14,-38,-48,-72
PFE,Pfizer,23.98,-14,-2,-3,-24,-43,-6,-5,11,-29,-29,-72
GMED,Globus Medical,58.25,-70,11,-19,-1,-79,-5,22,-24,13,6,-73
CARR,Carrier Global,61.24,-24,-30,-3,0,-57,-31,-26,14,27,-16,-73
WDAY,"Workday, Inc.",222.78,-23,-8,-14,15,-30,-40,7,-8,-3,-44,-74
AVY,Avery Dennison,164.88,-14,-15,-39,0,-68,-5,-6,11,-6,-6,-74
ISRG,Intuitive Surgical,433.87,-14,-33,-8,23,-32,-25,-41,-3,27,-42,-74
IP,International Paper,45.58,-42,-10,0,17,-35,-62,-2,8,17,-39,-74
DVA,DaVita,130.86,-28,-15,-8,21,-30,-38,-1,-25,20,-44,-74
CLX,Clorox,122.84,0,-1,-22,-6,-29,-31,3,-32,14,-46,-75
SFM,Sprouts Farmers Market,128.85,-104,-35,0,47,-92,-5,-33,-3,58,17,-75
DXCM,Dexcom,75.57,-28,-15,-4,-15,-62,5,-24,15,-10,-14,-76
ON,ON Semiconductor,48.12,-6,-12,-41,-2,-61,-7,-3,10,-16,-16,-77
PEP,PepsiCo,140.62,-56,42,-46,0,-60,-7,-1,3,-14,-19,-79
WHR,Whirlpool Corporation,89.94,-9,-2,-10,-27,-48,-6,13,-1,-37,-31,-79
LCID,Lucid Motors,19.84,31,-19,-8,0,4,2,-28,-21,-36,-83,-79
CHE,Chemed Corporation,441.77,-28,-1,-16,0,-45,-30,18,-14,-9,-35,-80
RRX,Regal Rexnord,141.04,-70,-6,-3,4,-75,-13,-2,11,-2,-6,-81
SBUX,Starbucks,82.67,-63,-9,-5,0,-77,2,-17,2,8,-5,-82
KEX,Kirby Corporation,84.45,-84,-32,-7,36,-87,-27,-25,14,43,5,-82
CE,Celanese,44.78,-6,-26,-48,-11,-91,12,7,-2,-10,7,-84
ASH,Ashland Global,51.7,-14,0,-45,-10,-69,-6,-1,3,-11,-15,-84
MASI,Masimo,145.79,0,-28,-3,-7,-38,4,-43,-19,11,-47,-85
MIDD,Middleby,134.24,-19,-28,-7,0,-54,-33,8,-20,14,-31,-85
TWLO,Twilio,104.52,-23,-26,0,-35,-84,-26,1,11,12,-2,-86
WING,Wingstop,267.46,-67,-8,-1,39,-37,-72,-21,12,32,-49,-86
CTSH,Cognizant,68.58,-42,-33,-7,15,-67,-40,8,-7,19,-20,-87
FMC,FMC Corporation,37.64,0,-12,-44,-25,-81,17,-2,6,-27,-6,-87
CPB,Campbell Soup Company,32.86,0,9,-36,-7,-34,-7,3,-43,-6,-53,-87
NSA,National Storage Affiliates,30.95,-30,0,-20,-5,-55,-7,18,-41,-2,-32,-87
MAT,Mattel,17.42,-28,-6,-8,0,-42,-37,12,11,-32,-46,-88
CDW,CDW,163.13,-4,-29,-46,0,-79,-12,3,6,-9,-12,-91
TEAM,Atlassian,173.86,-4,-47,-10,-7,-68,-19,5,-22,12,-24,-92
G,Genpact,42.11,-42,-4,-1,4,-43,-40,-1,-19,11,-49,-92
HOLX,Hologic,63.78,-14,0,-39,0,-53,-30,-9,7,-8,-40,-93
BDX,Becton Dickinson,185.75,-13,27,-32,-6,-24,-28,-2,-23,-16,-69,-93
NOV,NOV Inc.,12.7,-14,-1,-60,-13,-88,-5,9,6,-16,-6,-94
CNH,CNH Industrial,10.88,-26,-22,-1,0,-49,-26,-38,14,3,-47,-96
EW,Edwards Lifesciences,76.05,-46,-2,8,-15,-55,-54,15,34,-36,-41,-96
SMG,Scotts Miracle-Gro Company,60.48,-28,-12,-27,-40,-107,-6,7,11,-2,10,-97
COLM,Columbia Sportswear,54.1,-30,-2,-26,-7,-65,-40,12,-21,14,-35,-100
KNX,Knight-Swift,41.63,-48,-15,-29,-3,-95,-7,11,4,-14,-6,-101
DUOL,Duolingo,285.2,0,-53,0,0,-53,-1,-67,-5,24,-49,-102
VKTX,Viking Therapeutics,24.09,-42,-19,-44,22,-83,-10,-11,9,-7,-19,-102
XYZ,"Block, Inc.",74.62,-62,0,-2,-37,-101,-24,-2,8,14,-4,-105
CAG,Conagra Brands,18.68,-6,-1,-36,-8,-51,-7,-5,-18,-24,-54,-105
SLB,Schlumberger,34.77,-6,0,-74,0,-80,-5,15,-25,-11,-26,-106
WY,Weyerhaeuser,24.85,-14,-2,-27,0,-43,-10,-6,-39,-9,-64,-107
MRK,Merck & Co.,81.03,-12,31,-51,-1,-33,-11,-1,-55,-7,-74,-107
APLS,Apellis Pharmaceuticals,24.42,-41,34,-74,-17,-98,-40,45,5,-19,-9,-107
AAL,American Airlines Group,12.53,-41,55,-25,-77,-88,-5,22,3,-40,-20,-108
PCTY,Paylocity,166.94,-69,-15,-2,-4,-90,-5,-19,-1,6,-19,-109
RNG,RingCentral,30.77,-12,23,-30,-42,-61,-26,20,4,-46,-48,-109
ZBH,Zimmer Biomet,100.96,-47,27,-1,-18,-39,-6,22,-68,-19,-71,-110
CMG,Chipotle Mexican Grill,38.58,-97,-37,-11,81,-64,2,-38,-9,-1,-46,-110
BFAM,Bright Horizons,109.16,-98,-5,-4,0,-107,-7,-11,-1,16,-3,-110
JBHT,J. B. Hunt,136.25,-46,-12,-36,-1,-95,-5,-5,5,-11,-16,-111
PYPL,PayPal,67.11,-48,-22,-7,-40,-117,12,-26,7,10,3,-114
UHAL-B,U-Haul (Series N),51.61,-6,-34,-28,0,-68,-5,1,-42,-2,-48,-116
ACI,Albertsons,18.42,-70,-44,-1,0,-115,8,-6,-7,1,-4,-119
FIS,Fidelity National Information Services,66.96,-29,-29,-6,-38,-102,2,-31,-1,12,-18,-120
CIVI,Civitas Resources,32.36,-46,25,-59,-1,-81,-55,23,3,-10,-39,-120
CRL,Charles River Laboratories,152.25,-35,-2,-58,-27,-122,-6,7,10,-9,2,-120
GIS,General Mills,49.0,-5,-2,-45,-5,-57,-7,3,-41,-20,-65,-122
EL,Estée Lauder Companies (The),87.4,-42,0,0,-27,-69,-26,-3,12,-36,-53,-122
CHTR,Charter Communications,260.73,0,-36,-9,-37,-82,12,-41,-9,-2,-40,-122
PRMB,Primo Brands,22.44,-42,-73,-2,23,-94,-34,-1,-14,19,-30,-124
ILMN,"Illumina, Inc.",100.95,5,0,-33,-41,-69,3,-26,7,-41,-57,-126
KDP,Keurig Dr Pepper,26.75,-105,-15,-3,-1,-124,-14,-9,22,-1,-2,-126
NWL,Newell Brands,5.84,-23,16,-31,-32,-70,-35,14,2,-37,-56,-126
HAL,Halliburton,21.8,-4,13,-67,-1,-59,-3,11,-66,-10,-68,-127
MGM,MGM Resorts International,35.62,-56,0,-2,0,-58,-70,-2,12,-10,-70,-128
BBWI,"Bath & Body Works, Inc.",26.46,-44,-6,-29,-16,-95,-42,12,3,-7,-34,-129
BIRK,Birkenstock,46.12,-70,-7,-3,0,-80,-40,-5,-5,0,-50,-130
OKTA,"Okta, Inc.",90.9,-10,-68,-3,-25,-106,-19,-4,-8,7,-24,-130
ODFL,Old Dominion Freight Line,145.23,-14,-33,-30,0,-77,-9,-7,-35,-2,-53,-130
TAP,Molson Coors,47.82,-42,-4,-18,0,-64,-38,-6,-19,-4,-67,-131
ONON,On Holding AG,42.67,-35,-32,-3,0,-70,-33,-63,14,21,-61,-131
EMN,Eastman Chemical Company,65.2,-35,-35,-25,-2,-97,-3,11,-39,-3,-34,-131
CBSH,Commerce Bancshares,59.01,-63,-29,0,12,-80,-75,-4,14,14,-51,-131
COO,Cooper Companies (The),65.52,-6,-12,-32,-6,-56,-28,-7,-37,-4,-76,-132
CLVT,Clarivate,4.16,-9,7,-81,-7,-90,-26,16,7,-43,-46,-136
CMCSA,Comcast,32.62,-30,-34,-40,-10,-114,-20,13,-7,-9,-23,-137
SRPT,Sarepta Therapeutics,17.53,-42,0,-33,-8,-83,12,-6,-54,-7,-55,-138
MKC,McCormick & Company,65.96,-15,-48,-11,-3,-77,-6,-47,-19,11,-61,-138
IRDM,Iridium Communications,18.17,-42,-32,-8,-20,-102,-39,9,11,-20,-39,-141
RGEN,Repligen,113.64,-14,-6,-20,-18,-58,-14,-7,-24,-38,-83,-141
NKE,"Nike, Inc.",73.07,-75,0,-2,-22,-99,-12,-5,11,-37,-43,-142
TECH,Bio-Techne,51.65,-26,-2,-31,-25,-84,-19,-2,-31,-7,-59,-143
CHDN,Churchill Downs Incorporated,95.98,-70,-11,-36,0,-117,-5,-28,7,-2,-28,-145
ENPH,Enphase Energy,37.98,0,0,-50,-21,-71,-7,13,-57,-25,-76,-147
WSC,WillScot Mobile Mini,23.31,0,-31,-70,-7,-108,-5,-25,3,-13,-40,-148
JKHY,Jack Henry & Associates,158.43,-28,-32,-8,-1,-69,-21,-63,-8,12,-80,-149
ZTS,Zoetis,146.28,-70,-5,-39,-4,-118,-13,-6,-6,-6,-31,-149
KHC,Kraft Heinz,25.63,-30,-6,-46,-1,-83,-14,-24,-18,-11,-67,-150
IFF,International Flavors & Fragrances,64.39,-14,-33,-28,-32,-107,-3,2,-40,-2,-43,-150
FRPT,Freshpet,52.51,-7,-64,-28,-7,-106,-19,-21,-24,20,-44,-150
FDS,FactSet,343.93,-28,-40,-10,0,-78,-27,-36,-8,-2,-73,-151
CZR,Caesars Entertainment,25.91,-5,-32,-30,-26,-93,-30,7,2,-38,-59,-152
LSTR,Landstar,129.1,-28,-34,-39,-1,-102,-5,9,-46,-8,-50,-152
ALB,Albemarle Corporation,81.03,7,3,-132,-24,-146,10,-2,8,-26,-10,-156
OLED,Universal Display Corporation,134.25,-28,-19,-42,-2,-91,-31,-43,15,-6,-65,-156
LYB,LyondellBasell,52.6,-6,-31,-49,-6,-92,-5,12,-63,-8,-64,-156
CHH,Choice Hotels,109.88,-84,-28,-7,0,-119,-6,-29,-21,15,-41,-160
HRL,Hormel Foods,24.74,-6,-42,-14,-24,-86,-6,-38,-1,-31,-76,-162
ADBE,Adobe Inc.,347.1,-4,-48,-40,-7,-99,-19,2,-44,-6,-67,-166
ABNB,Airbnb,120.36,-63,-27,-7,0,-97,-68,-1,4,-6,-71,-168
RVTY,Revvity,84.04,-14,-33,-25,-25,-97,-7,-38,-30,4,-71,-168
BRKR,Bruker,32.08,7,-32,-64,-9,-98,38,-30,-68,-10,-70,-168
SAM,Boston Beer Company,215.18,-28,9,-39,-38,-96,-30,37,-35,-45,-73,-169
CROX,Crocs,77.6,-39,-27,-46,-2,-114,-46,2,-8,-6,-58,-172
EPAM,EPAM Systems,154.51,-52,-4,-30,-28,-114,2,-2,-21,-38,-59,-173
ACHC,Acadia Healthcare,21.41,-28,2,-52,-12,-90,-40,17,-46,-17,-86,-176
DHR,Danaher Corporation,188.53,-92,-5,-33,-1,-131,-40,-8,7,-5,-46,-177
MRNA,Moderna,23.87,-12,-28,-59,-5,-104,-7,-29,1,-40,-75,-179
GPK,Graphic Packaging,20.21,-98,-12,-23,0,-133,-5,-9,-36,-1,-51,-184
ACN,Accenture,237.84,-63,-48,-27,-1,-139,-40,-2,-23,20,-45,-184
HUN,Huntsman Corporation,10.46,-14,0,-49,-16,-79,-40,12,-44,-34,-106,-185
DG,Dollar General,104.51,-119,-3,0,-18,-140,-33,-12,26,-27,-46,-186
CAVA,Cava Group,62.51,-70,-23,-19,0,-112,-19,-27,-33,3,-76,-188
WU,Western Union,8.4,-28,0,-27,-47,-102,-38,16,-62,-6,-90,-192
BRBR,BellRing Brands,35.52,-7,-91,-17,0,-115,-3,-83,-23,28,-81,-196
SLGN,Silgan Holdings,43.29,-70,-33,-7,0,-110,-68,-33,-1,14,-88,-198
BAX,Baxter International,23.81,-6,-48,-27,-39,-120,-19,-1,-18,-42,-80,-200
DXC,DXC Technology,13.92,-14,0,-29,-74,-117,-30,16,-36,-35,-85,-202
BMRN,BioMarin Pharmaceutical,53.15,-56,-6,-55,-21,-138,-5,-20,-20,-23,-68,-206
MTN,Vail Resorts,147.03,-47,-7,-37,-24,-115,-67,-2,10,-37,-96,-211
RYAN,Ryan Specialty,51.74,-109,-57,-7,0,-173,8,-63,-13,26,-42,-215
COTY,Coty,4.16,-14,-19,-69,-8,-110,6,-31,-71,-10,-106,-216
INSP,Inspire Medical Systems,80.79,-63,-84,-27,-7,-181,14,-1,-32,-18,-37,-218
DV,DoubleVerify,12.99,-56,-5,-74,0,-135,-68,-7,3,-11,-83,-218
ALGN,Align Technology,130.97,-16,-32,-71,-26,-145,-22,-6,-7,-39,-74,-219
TGT,Target Corporation,88.55,-126,-12,-35,-12,-185,-12,-18,2,-7,-35,-220
LULU,Lululemon Athletica,159.97,-49,-69,-15,-4,-137,-41,-7,-24,-13,-85,-222
UA,Under Armour (Class C),4.8,-35,-26,-33,-38,-132,-40,-28,11,-38,-95,-227
FLO,Flowers Foods,13.47,-30,-21,-42,-9,-102,-26,-14,-62,-24,-126,-228
UAA,Under Armour (Class A),4.89,-30,-26,-32,-45,-133,-40,-28,9,-38,-97,-230
UPS,United Parcel Service,84.04,-4,-34,-110,-17,-165,12,-6,-38,-35,-67,-232
XRAY,Dentsply Sirona,13.54,-29,-32,-85,-43,-189,-33,7,3,-41,-64,-253
WEN,Wendy's Company (The),9.66,-70,-57,-41,-9,-177,-35,-4,-36,-16,-91,-268
MAN,ManpowerGroup,38.15,-85,-14,-50,-29,-178,-5,-6,-50,-37,-98,-276
COLD,Americold,13.65,0,-115,-45,-12,-172,13,-57,-45,-16,-105,-277
GFS,GlobalFoundries,32.22,-75,-29,-86,0,-190,-40,-33,4,-18,-87,-277
PRGO,Perrigo,21.75,-69,-28,-7,-114,-218,-5,-1,-7,-56,-69,-287
BF-B,Brown–Forman (Class B),27.37,-98,-9,-107,-19,-233,4,-3,-39,-29,-67,-300
RHI,Robert Half,34.98,-42,-161,-34,-10,-247,-5,11,-32,-33,-59,-306
STZ,Constellation Brands,135.42,-148,-15,-49,-4,-216,-62,-18,-65,-9,-154,-370
GLOB,Globant,55.59,-108,-83,-30,-8,-229,-75,-31,-30,-8,-144,-373
