Symbol,Name,Close,1H Cloud Score,1D Cloud Score,1W Cloud Score,1M Cloud Score,Cloud Score Sum,1H TKx Score,1D TKx Score,1W TKx Score,1M TKx Score,TKx Score Sum,Total Score Sum
TJX,TJX Companies,125.31,14,0,142,197,353,23,-21,111,192,305,658
JPM,JPMorgan Chase,291.94,85,38,117,157,397,82,49,4,25,160,557
RSG,Republic Services,237.58,-42,-1,118,176,251,-6,-7,87,159,233,484
ORLY,O'Reilly Auto Parts,89.32,16,-15,157,198,356,-2,-10,48,88,124,480
GS,Goldman Sachs,715.96,132,36,86,57,311,77,47,4,20,148,459
YUM,Yum! Brands,150.16,47,2,22,258,329,51,1,16,56,124,453
SO,Southern Company,91.15,56,9,70,189,324,-2,25,17,78,118,442
AJG,Arthur J. Gallagher & Co.,315.69,-10,-6,159,185,328,-5,-12,22,106,111,439
PGR,Progressive Corporation,257.8,-7,-16,99,176,252,-6,-12,16,188,186,438
COST,Costco,981.93,-24,0,111,179,266,-5,-12,4,183,170,436
CASY,Casey's,510.88,5,16,107,86,214,10,16,111,77,214,428
ICE,Intercontinental Exchange,181.7,47,42,106,160,355,-6,43,16,20,73,428
WRB,W. R. Berkley Corporation,70.74,-7,91,88,175,347,-5,-1,18,54,66,413
CTAS,Cintas,215.71,-6,56,13,164,227,-4,-8,7,186,181,408
TDG,TransDigm Group,1511.81,62,49,13,156,280,54,6,4,56,120,400
ROL,"Rollins, Inc.",55.64,-7,58,25,285,361,-4,-8,17,34,39,400
HWM,Howmet Aerospace,175.9,-2,49,142,28,217,-7,49,86,53,181,398
JBL,Jabil,221.96,84,39,13,64,200,83,49,5,56,193,393
ADI,Analog Devices,245.15,53,36,5,178,272,49,42,4,25,120,392
RCL,Royal Caribbean Group,326.12,53,36,115,27,231,76,49,4,26,155,386
RS,"Reliance, Inc.",325.47,38,46,5,114,203,49,51,4,76,180,383
NWS,News Corp (Class B),34.37,70,39,106,57,272,82,4,4,20,110,382
RJF,Raymond James Financial,158.22,84,35,86,57,262,89,7,1,18,115,377
FAST,Fastenal,42.67,22,58,117,105,302,40,2,8,25,75,377
NDAQ,"Nasdaq, Inc.",89.53,53,42,70,143,308,3,49,4,13,69,377
WM,"Waste Management, Inc.",223.38,-67,-1,89,186,207,-4,-6,21,158,169,376
HUBB,Hubbell Incorporated,415.22,53,34,0,181,268,4,52,-19,70,107,375
CDNS,Cadence Design Systems,311.06,30,5,11,140,186,2,4,4,179,189,375
ORI,Old Republic International,37.53,0,10,141,57,208,-4,5,111,54,166,374
MS,Morgan Stanley,142.85,70,36,70,63,239,69,47,4,15,135,374
EMR,Emerson Electric,137.8,147,36,10,63,256,44,42,4,25,115,371
CHD,Church & Dwight,98.05,13,0,-10,343,346,15,-6,-8,24,25,371
ETN,Eaton Corporation,358.17,52,36,2,113,203,44,49,2,71,166,369
HOOD,Robinhood Markets,97.96,85,38,75,0,198,101,49,4,17,171,369
MSI,Motorola Solutions,421.96,48,4,0,152,204,-1,1,-21,184,163,367
ORCL,Oracle Corporation,229.98,35,35,5,197,272,13,42,4,26,85,357
ARES,Ares Management,178.03,46,36,11,58,151,44,49,4,105,202,353
MCD,McDonald's,294.6,6,-17,46,241,276,25,-20,16,56,77,353
HEI,HEICO (Common),318.84,0,43,19,188,250,-5,41,10,56,102,352
EME,Emcor,541.8,85,36,11,57,189,54,51,2,56,163,352
INTU,Intuit,773.78,35,49,11,190,285,-5,49,4,19,67,352
NRG,NRG Energy,155.55,-6,49,97,93,233,-13,5,107,20,119,352
BSX,Boston Scientific,103.64,-2,13,138,143,292,-6,4,4,56,58,350
AXON,Axon Enterprise,774.67,-9,47,139,93,270,-6,51,4,29,78,348
COF,Capital One,218.78,53,42,88,20,203,74,49,4,17,144,347
IBM,IBM,287.66,0,41,103,53,197,-5,49,50,55,149,346
UNM,Unum,81.19,35,5,179,39,258,27,2,4,53,86,344
KLAC,KLA Corporation,921.36,39,36,8,176,259,4,51,4,25,84,343
MA,Mastercard,561.49,18,3,120,154,295,22,-6,4,25,45,340
SCI,Service Corporation International,82.2,51,19,2,174,246,61,19,2,12,94,340
WELL,Welltower,150.66,-14,33,110,57,186,-26,29,127,23,153,339
COR,Cencora,291.29,-7,113,38,70,214,-4,13,49,66,124,338
MCK,McKesson Corporation,705.52,-7,109,36,57,195,-4,49,32,66,143,338
PM,Philip Morris International,175.91,-41,109,64,54,186,-5,51,79,26,151,337
MPWR,Monolithic Power Systems,765.33,49,36,1,156,242,44,46,4,-1,93,335
WCC,Wesco International,193.57,70,35,1,57,163,62,49,2,56,169,332
V,Visa Inc.,354.39,18,3,131,132,284,24,-6,4,25,47,331
AAPL,Apple Inc.,212.41,17,3,0,250,270,7,3,-19,70,61,331
ITT,ITT Inc.,160.12,52,42,10,98,202,50,49,4,25,128,330
LIN,Linde plc,477.23,22,34,7,109,172,47,2,4,105,158,330
OMF,OneMain Financial,59.26,70,36,11,59,176,75,47,4,25,151,327
CACI,CACI,487.81,41,19,0,153,213,40,10,8,56,114,327
NFLX,Netflix,1284.87,0,54,110,19,183,-7,51,81,19,144,327
MCO,Moody's Corporation,496.92,48,36,10,155,249,49,3,2,24,78,327
CBOE,Cboe Global Markets,231.5,11,32,138,54,235,19,6,16,50,91,326
WMT,Walmart,97.6,5,50,121,100,276,16,1,4,28,49,325
NFG,National Fuel Gas,83.96,-21,120,54,51,204,-5,51,65,9,120,324
FDS,FactSet,447.86,56,0,0,193,249,68,-18,3,22,75,324
MNST,Monster Beverage,63.03,14,86,20,179,299,15,-6,13,3,25,324
IBKR,Interactive Brokers,58.23,36,36,88,56,216,42,5,4,56,107,323
LYV,Live Nation Entertainment,149.07,23,37,88,146,294,-2,11,3,15,27,321
AXP,American Express,325.81,53,36,11,98,198,50,49,2,20,121,319
HEI-A,HEICO (Class A),249.16,0,44,20,181,245,-9,42,11,29,73,318
CAT,Caterpillar Inc.,398.42,53,35,2,63,153,65,42,2,56,165,318
BYD,Boyd Gaming,81.4,84,36,42,58,220,19,49,4,26,98,318
AM,Antero Midstream,18.26,-8,42,142,22,198,-9,2,72,54,119,317
UNP,Union Pacific Corporation,237.08,51,5,1,197,254,53,6,-14,18,63,317
SGI,Somnigroup International,71.74,53,36,35,63,187,51,49,4,25,129,316
AME,Ametek,181.98,35,36,2,105,178,44,-11,4,100,137,315
GGG,Graco Inc.,88.51,51,36,2,177,266,13,4,4,28,49,315
BR,Broadridge Financial Solutions,238.08,-6,35,108,144,281,-3,6,4,24,31,312
WFC,Wells Fargo,82.35,63,36,86,28,213,70,6,4,18,98,311
SPGI,S&P Global,525.65,53,36,10,171,270,14,5,2,20,41,311
DUK,Duke Energy,117.09,29,0,70,182,281,-4,2,16,15,29,310
BEN,Franklin Templeton Investments,24.8,127,39,2,1,169,107,49,4,-21,139,308
ADP,Automatic Data Processing,304.71,1,0,79,179,259,-2,-9,4,56,49,308
T,AT&T,28.31,22,33,64,15,134,21,49,88,14,172,306
ARMK,Aramark,42.97,53,40,9,39,141,61,44,4,55,164,305
MMC,Marsh McLennan,212.7,-7,-17,0,174,150,-5,-12,-5,177,155,305
NVDA,Nvidia,157.24,53,35,8,133,229,3,43,4,25,75,304
HON,Honeywell,239.25,34,36,10,177,257,28,-7,4,21,46,303
AZO,AutoZone,3689.62,19,0,88,85,192,23,-17,48,56,110,302
VIRT,Virtu Financial,44.46,85,50,70,13,218,-5,10,65,13,83,301
SPOT,Spotify,708.93,-12,50,106,11,155,-13,51,89,19,146,301
SF,Stifel,107.36,70,26,2,58,156,82,41,1,19,143,299
MSFT,Microsoft,490.97,0,43,10,172,225,-6,51,4,24,73,298
TT,Trane Technologies,432.71,51,44,10,163,268,-6,4,4,28,30,298
ROP,Roper Technologies,566.24,15,0,23,181,219,14,1,38,25,78,297
SEIC,SEI Investments Company,92.01,51,42,86,34,213,49,5,4,25,83,296
BPOP,"Popular, Inc.",113.35,56,43,11,58,168,57,49,4,18,128,296
AVGO,Broadcom,269.9,53,39,13,115,220,-10,51,4,29,74,294
CME,CME Group,275.86,57,10,48,135,250,-5,-13,44,18,44,294
PTC,PTC Inc.,173.38,35,35,-20,181,231,44,-8,1,25,62,293
PLTR,Palantir Technologies,132.14,-24,49,110,0,135,-26,51,113,19,157,292
USFD,US Foods,77.67,34,39,137,34,244,26,-9,4,25,46,290
J,Jacobs Solutions,131.99,39,34,0,105,178,44,49,1,18,112,290
ACM,AECOM,114.39,35,42,10,64,151,14,49,4,71,138,289
WAB,Wabtec,213.86,37,38,13,48,136,44,49,4,55,152,288
PH,Parker Hannifin,711.62,49,37,11,64,161,44,49,4,29,126,287
AMP,Ameriprise Financial,542.45,53,35,3,63,154,54,7,2,70,133,287
URI,United Rentals,787.79,53,36,1,63,153,68,7,2,56,133,286
STE,Steris,238.07,0,39,8,194,241,13,-8,16,24,45,286
LRCX,Lam Research,98.84,49,36,3,151,239,4,43,4,-4,47,286
RTX,RTX Corporation,144.53,0,35,71,53,159,-5,41,78,13,127,286
SLM,Sallie Mae,33.81,49,43,84,21,197,44,-15,38,20,87,284
RBA,RB Global,105.42,2,47,98,26,173,-7,-8,103,21,109,282
GD,General Dynamics,293.97,42,58,2,53,155,54,13,4,56,127,282
NWSA,News Corp (Class A),29.61,70,36,3,57,166,82,9,4,20,115,281
SYK,Stryker Corporation,391.7,48,36,11,158,253,-4,2,2,28,28,281
SYF,Synchrony Financial,69.43,70,36,11,20,137,75,49,2,17,143,280
NTRS,Northern Trust,132.11,84,36,10,10,140,82,42,4,12,140,280
CAH,Cardinal Health,161.88,-7,58,49,37,137,-5,49,42,56,142,279
HD,Home Depot (The),371.89,47,2,-6,179,222,55,1,-18,18,56,278
RBC,RBC Bearings,382.43,0,40,87,57,184,-19,49,8,56,94,278
WDC,Western Digital,65.77,84,36,6,17,143,82,47,4,2,135,278
SNPS,Synopsys,523.43,36,23,-21,179,217,47,15,2,-4,60,277
BKNG,Booking Holdings,5699.99,47,48,130,34,259,-3,-8,4,25,18,277
DASH,DoorDash,238.85,86,35,91,0,212,-5,48,4,17,64,276
BSY,Bentley Systems,54.13,90,39,3,0,132,93,51,4,-5,143,275
C,Citigroup,86.74,70,36,13,17,136,76,46,4,13,139,275
TPR,"Tapestry, Inc.",86.47,84,36,74,20,214,-3,42,2,18,59,273
BAC,Bank of America,48.69,70,36,11,17,134,78,43,4,13,138,272
PAYX,Paychex,145.96,1,-1,78,166,244,17,-9,7,13,28,272
DRI,Darden Restaurants,219.34,0,55,38,60,153,-2,49,42,29,118,271
KO,Coca-Cola Company (The),70.93,16,3,22,181,222,25,-7,17,13,48,270
TRMB,Trimble Inc.,77.88,53,36,73,3,165,50,41,2,11,104,269
NEU,NewMarket,719.57,56,58,13,28,155,21,50,16,26,113,268
STT,State Street Corporation,109.41,69,38,11,15,133,75,43,3,13,134,267
FIX,Comfort Systems USA,529.37,52,39,11,63,165,-9,51,4,54,100,265
HLT,Hilton Worldwide,270.17,52,36,10,63,161,73,4,2,25,104,265
L,Loews Corporation,91.35,5,36,106,54,201,27,8,4,23,62,263
TMUS,T-Mobile US,237.44,38,-37,88,138,227,52,-47,-3,34,36,263
PWR,Quanta Services,373.49,0,43,11,98,152,-16,51,4,71,110,262
DTE,DTE Energy,130.7,-7,-1,68,188,248,-3,-17,21,12,13,261
EWBC,East West Bancorp,107.55,68,36,3,21,128,64,47,3,18,132,260
APH,Amphenol,98.49,57,49,13,64,183,-6,51,4,26,75,258
WMB,Williams Companies,59.17,-13,35,106,51,179,-9,27,4,56,78,257
FWONA,Liberty Formula 1 (Series A),92.53,0,38,63,61,162,-12,47,3,55,93,255
NI,NiSource,39.4,-7,33,68,44,138,-4,25,83,13,117,255
AAON,AAON,75.3,12,-16,-7,244,233,28,-18,-19,30,21,254
SKX,Skechers,63.26,56,34,-18,54,126,60,41,1,25,127,253
WWD,"Woodward, Inc.",248.81,84,45,13,34,176,1,47,4,25,77,253
ALL,Allstate,194.69,0,0,91,158,249,-5,-12,5,16,4,253
ITW,Illinois Tool Works,256.34,37,7,1,177,222,14,-13,1,28,30,252
FWONK,Liberty Formula 1 (Series C),102.38,0,39,64,56,159,-12,46,4,55,93,252
TXN,Texas Instruments,215.59,57,36,3,21,117,76,40,4,15,135,252
EHC,Encompass Health,118.99,-7,50,137,28,208,-5,2,18,28,43,251
MTG,MGIC Investment Corporation,27.92,73,49,13,54,189,16,15,4,27,62,251
FERG,Ferguson Enterprises,221.44,52,38,5,64,159,13,49,4,24,90,249
EVR,Evercore,282.16,69,35,1,57,162,11,49,2,25,87,249
LLY,Lilly (Eli),779.18,-11,0,-1,171,159,-19,15,-1,95,90,249
MSA,MSA Safety,173.52,17,38,-29,163,189,10,49,4,-4,59,248
OZK,Bank OZK,50.96,53,36,11,55,155,61,12,2,18,93,248
KEX,Kirby Corporation,117.39,35,36,0,34,105,49,49,4,41,143,248
BK,BNY Mellon,92.08,11,38,88,39,176,7,42,4,18,71,247
PCAR,Paccar,99.35,46,2,-16,158,190,44,-12,-8,33,57,247
PNR,Pentair,105.85,52,36,3,61,152,62,7,2,23,94,246
AN,AutoNation,211.98,15,38,11,60,124,11,51,4,56,122,246
EVRG,Evergy,68.98,55,17,52,13,137,12,17,71,9,109,246
RF,Regions Financial Corporation,24.57,64,35,1,21,121,66,42,2,13,123,244
JNPR,Juniper Networks,39.95,56,30,2,53,141,75,7,2,19,103,244
SCHW,Charles Schwab Corporation,91.31,28,49,71,10,158,19,49,4,13,85,243
FNB,FNB Corporation,15.33,52,36,1,54,143,63,16,3,18,100,243
MDLZ,Mondelez International,69.56,14,9,3,181,207,8,23,13,-8,36,243
MMM,3M,153.97,52,36,68,13,169,56,1,4,13,74,243
R,Ryder,171.75,53,21,5,55,134,44,7,2,55,108,242
WTFC,Wintrust Financial,130.29,53,36,3,48,140,33,49,2,18,102,242
HBAN,Huntington Bancshares,17.4,51,36,3,20,110,66,47,4,15,132,242
CNM,Core & Main,61.86,52,38,13,0,103,63,49,4,23,139,242
DE,Deere & Company,520.41,1,38,43,108,190,5,-1,39,9,52,242
LPLA,LPL Financial,376.5,12,37,39,98,186,4,-8,4,56,56,242
MTB,M&T Bank,199.94,63,36,2,21,122,63,42,2,13,120,242
EQH,Equitable Holdings,55.86,52,36,86,10,184,-7,42,4,18,57,241
VRSN,Verisign,282.22,-4,147,30,8,181,-7,15,46,6,60,241
AWI,Armstrong World Industries,166.07,53,43,88,20,204,12,2,4,18,36,240
VRSK,Verisk Analytics,301.12,-3,0,62,113,172,-4,-8,53,27,68,240
SSNC,SS&C Technologies,83.04,35,12,84,13,144,44,37,1,14,96,240
BRO,Brown & Brown,107.8,-7,-45,110,162,220,-6,5,-4,25,20,240
CBRE,CBRE Group,142.48,56,20,86,21,183,26,16,2,13,57,240
SNV,Synovus,54.98,59,36,2,20,117,66,42,2,13,123,240
OLLI,Ollie's Bargain Outlet,130.14,0,36,109,15,160,-17,17,57,22,79,239
BLK,BlackRock,1070.61,50,35,11,21,117,49,49,4,20,122,239
ADSK,Autodesk,310.33,62,39,48,13,162,47,7,4,18,76,238
VMI,Valmont Industries,341.31,38,26,56,57,177,5,46,1,9,61,238
JCI,Johnson Controls,105.09,37,44,69,18,168,-1,49,4,17,69,237
GOOG,Alphabet (Class C),179.76,31,25,1,175,232,4,-7,-13,20,4,236
PAG,Penske Automotive Group,182.68,13,37,9,61,120,5,51,4,56,116,236
GOOGL,Alphabet (Class A),178.63,31,25,2,175,233,3,-7,-13,20,3,236
EBAY,eBay,75.78,4,45,71,13,133,14,-2,76,15,103,236
FYBR,Frontier Communications,36.5,56,0,83,0,139,18,-23,88,13,96,235
CSL,Carlisle Companies,395.45,48,2,0,177,227,5,-21,4,19,7,234
CSCO,Cisco,68.61,79,36,42,13,170,-6,42,4,24,64,234
WSO,Watsco,457.23,28,-31,-7,195,185,29,-29,-22,70,48,233
AXS,AXIS Capital,98.2,-7,0,80,44,117,-5,-8,76,52,115,232
FFIV,"F5, Inc.",296.26,28,35,88,13,164,-2,49,4,16,67,231
SHW,Sherwin-Williams,352.56,15,2,0,189,206,14,-11,4,18,25,231
KEY,Keycorp,18.2,63,36,2,3,104,70,42,2,12,126,230
GRMN,Garmin,213.34,35,9,106,18,168,50,2,-11,20,61,229
ODFL,Old Dominion Freight Line,169.81,27,2,-20,186,195,47,-20,-25,31,33,228
RL,Ralph Lauren Corporation,274.44,53,38,88,33,212,-3,-11,4,25,15,227
GLW,Corning Inc.,52.73,56,35,13,16,120,50,42,2,13,107,227
AMAT,Applied Materials,190.04,49,36,-24,148,209,4,16,2,-4,18,227
HPE,Hewlett Packard Enterprise,21.26,49,32,1,41,123,44,6,1,53,104,227
PFGC,Performance Food Group,88.18,17,39,47,42,145,23,-1,4,56,82,227
CMG,Chipotle Mexican Grill,56.78,63,20,0,79,162,23,13,1,28,65,227
H,Hyatt Hotels,145.31,49,19,-17,54,105,47,42,-21,54,122,227
SNX,TD Synnex,139.26,53,36,9,62,160,2,42,2,20,66,226
MAR,Marriott International,277.57,52,36,3,57,148,47,4,1,26,78,226
WBS,Webster Bank,57.77,50,36,2,13,101,61,44,2,16,123,224
PNC,PNC Financial Services,195.71,63,26,1,13,103,66,41,1,13,121,224
DDS,Dillard's,450.43,37,18,8,53,116,48,4,1,54,107,223
PRI,Primerica,274.31,53,4,0,107,164,26,2,2,29,59,223
GTES,Gates Corporation,23.91,53,36,11,14,114,44,44,4,17,109,223
FITB,Fifth Third Bancorp,43.13,63,12,1,21,97,68,41,1,15,125,222
FHN,First Horizon Corporation,21.76,53,36,46,3,138,66,7,2,9,84,222
TKO,TKO Group Holdings,177.45,11,46,65,39,161,-6,13,4,49,60,221
ALLE,Allegion,147.95,57,48,3,20,128,66,2,4,21,93,221
HAS,Hasbro,78.22,57,36,8,2,103,56,47,4,10,117,220
ATO,Atmos Energy,151.5,-8,-2,68,44,102,-4,-1,79,44,118,220
MSM,MSC Industrial Direct,89.6,35,36,1,57,129,44,51,4,-8,91,220
CFG,Citizens Financial Group,47.04,66,24,2,3,95,70,41,1,13,125,220
CELH,Celsius Holdings,46.37,49,75,0,64,188,-4,31,12,-8,31,219
LNG,Cheniere Energy,240.26,5,42,54,57,158,-5,7,4,55,61,219
RPM,RPM International,113.14,14,2,-13,179,182,13,-7,1,29,36,218
EPR,EPR Properties,59.03,15,38,51,28,132,12,49,4,20,85,217
KD,Kyndryl,42.38,48,38,103,0,189,16,-9,2,19,28,217
AMGN,Amgen,296.8,14,1,1,164,180,13,-4,-8,35,36,216
KMI,Kinder Morgan,28.49,0,34,86,43,163,-9,7,2,51,51,214
CTVA,Corteva,76.99,22,49,47,0,118,33,49,4,10,96,214
FCNCA,First Citizens BancShares,2071.06,61,18,0,58,137,67,4,-15,20,76,213
MKL,Markel,1960.22,-7,35,62,54,144,-9,49,2,25,67,211
LDOS,Leidos,162.65,57,48,0,22,127,54,5,7,18,84,211
CVNA,Carvana,343.36,26,48,86,10,170,21,1,4,15,41,211
ISRG,Intuitive Surgical,540.82,42,5,88,21,156,44,-17,2,25,54,210
DGX,Quest Diagnostics,176.6,-7,50,62,17,122,-4,16,62,13,87,209
CW,Curtiss-Wright,479.85,5,44,13,53,115,-9,51,4,48,94,209
HCA,HCA Healthcare,378.1,0,50,8,96,154,14,3,10,28,55,209
CCL,Carnival Corporation & plc,29.67,53,35,11,0,99,47,43,2,18,110,209
DOV,Dover Corporation,188.19,48,25,0,105,178,44,-18,-13,18,31,209
PG,Procter & Gamble,161.13,14,-13,0,178,179,23,-11,-8,25,29,208
KR,Kroger,70.22,0,9,73,66,148,-5,6,44,14,59,207
OGE,OGE Energy,44.23,4,3,62,44,113,17,2,62,13,94,207
LOPE,Grand Canyon Education,182.5,-7,0,141,34,168,-7,-16,28,33,38,206
BX,Blackstone Inc.,153.57,49,7,-7,105,154,44,5,-18,20,51,205
SRE,Sempra,74.81,22,12,-9,180,205,-3,-13,2,13,-1,204
NSC,Norfolk Southern,261.93,70,35,5,3,113,25,49,4,13,91,204
STAG,STAG Industrial,36.68,13,36,1,95,145,14,42,4,-3,57,202
IDXX,Idexx Laboratories,542.51,47,43,8,3,101,55,49,4,-7,101,202
GILD,Gilead Sciences,111.52,27,30,45,34,136,30,-5,2,38,65,201
AON,AON,351.55,-7,-1,0,176,168,-1,-12,-9,55,33,201
ALGM,Allegro MicroSystems,35.73,84,35,5,0,124,53,36,2,-15,76,200
CG,Carlyle Group (The),54.46,51,27,2,20,100,44,38,1,17,100,200
CB,Chubb Limited,280.16,-7,-1,95,57,144,-4,-12,16,55,55,199
AVT,Avnet,56.14,53,36,1,44,134,49,13,4,-1,65,199
VICI,Vici Properties,33.31,14,17,52,14,97,12,17,17,56,102,199
DTM,DT Midstream,105.78,-9,42,97,0,130,-9,49,4,24,68,198
NYT,New York Times Company,56.54,48,47,9,15,119,52,2,4,20,78,197
PFG,Principal Financial Group,80.54,52,7,1,54,114,63,2,1,17,83,197
CR,Crane Co.,192.39,40,43,10,0,93,50,45,4,4,103,196
VRT,Vertiv,124.33,84,35,3,7,129,-9,49,1,25,66,195
ZION,Zions Bancorporation,54.8,53,18,1,3,75,64,41,1,14,120,195
TNL,Travel + Leisure Co.,55.9,51,26,3,15,95,44,42,1,13,100,195
LECO,Lincoln Electric,213.67,52,35,1,64,152,5,42,2,-6,43,195
ATI,ATI Inc.,85.61,7,43,10,42,102,-12,49,4,51,92,194
PANW,Palo Alto Networks,197.05,-14,36,11,80,113,-26,47,4,56,81,194
AMG,Affiliated Managers Group,200.31,49,42,5,21,117,44,13,4,16,77,194
PNFP,Pinnacle Financial Partners,117.09,53,36,1,14,104,66,4,2,17,89,193
SCCO,Southern Copper,106.05,40,35,2,61,138,4,48,4,-1,55,193
ABT,Abbott Laboratories,134.12,-6,33,50,12,89,-2,51,42,13,104,193
LAMR,Lamar Advertising,124.32,17,26,1,63,107,14,49,2,20,85,192
TRV,Travelers Companies (The),257.45,-7,0,85,57,135,-4,-12,18,55,57,192
LMT,Lockheed Martin,462.56,0,3,-23,164,144,19,25,4,-1,47,191
FHB,"First Hawaiian, Inc.",26.23,51,8,1,13,73,58,46,1,13,118,191
PRU,Prudential Financial,108.71,52,26,-7,54,125,50,18,-21,18,65,190
KKR,KKR & Co. Inc.,134.53,49,25,0,102,176,-11,18,-14,20,13,189
FNF,Fidelity National Financial,57.32,53,0,2,57,112,56,6,-5,20,77,189
VOYA,Voya Financial,72.74,52,36,0,3,91,55,10,2,30,97,188
HIG,Hartford (The),122.94,-7,0,88,56,137,-4,-16,15,55,50,187
TOL,Toll Brothers,120.27,53,20,-17,60,116,56,13,-23,25,71,187
CINF,Cincinnati Financial,146.17,2,42,79,61,184,-4,-11,4,14,3,187
SAIC,SAIC,117.59,42,0,-31,66,77,43,1,8,56,108,185
WYNN,Wynn Resorts,104.65,84,38,2,2,126,56,4,4,-7,57,183
TSCO,Tractor Supply Company,55.15,14,2,1,84,101,12,12,-27,84,81,182
VRTX,Vertex Pharmaceuticals,457.03,13,0,1,103,117,12,-1,17,36,64,181
LOW,Lowe's,226.96,47,2,-14,165,200,5,-21,-21,18,-19,181
FCX,Freeport-McMoRan,45.78,39,36,1,57,133,7,42,4,-5,48,181
NTAP,Netapp,107.61,53,21,-19,56,111,-2,49,1,21,69,180
ATR,AptarGroup,160.4,53,42,0,19,114,54,-16,4,24,66,180
CWEN-A,Clearway Energy (Class A),30.25,7,34,52,5,98,12,45,16,9,82,180
ANSS,Ansys,353.45,35,36,11,10,92,47,15,4,22,88,180
CMA,Comerica,62.34,51,10,1,3,65,61,41,1,11,114,179
DKS,Dick's Sporting Goods,206.55,42,2,0,62,106,47,8,-15,32,72,178
CWEN,Clearway Energy (Class C),31.98,7,34,52,3,96,12,45,16,9,82,178
KIM,Kimco Realty,21.45,13,35,0,54,102,12,49,2,13,76,178
ROK,Rockwell Automation,342.72,35,39,9,14,97,44,41,4,-10,79,176
SLGN,Silgan Holdings,56.76,14,42,13,79,148,8,4,4,12,28,176
TFC,Truist Financial,45.02,63,10,1,3,77,66,18,1,13,98,175
MTSI,MACOM Technology Solutions,139.81,0,36,10,57,103,-6,48,2,28,72,175
FTNT,Fortinet,102.21,0,35,48,112,195,-27,-10,4,12,-21,174
WHR,Whirlpool Corporation,110.61,147,13,1,-25,136,52,35,-14,-35,38,174
AL,Air Lease Corporation,58.91,35,42,11,21,109,44,-8,4,25,65,174
STWD,Starwood Property Trust,20.76,13,36,12,57,118,12,20,4,20,56,174
IRM,Iron Mountain,99.61,-25,41,0,56,72,-7,49,4,55,101,173
LHX,L3Harris,253.66,13,58,6,4,81,21,51,6,13,91,172
CPRT,Copart,49.07,16,-27,-7,175,157,28,-23,-17,27,15,172
TTWO,Take-Two Interactive,239.53,-1,56,39,12,106,-5,13,39,19,66,172
KNSL,Kinsale Capital Group,472.72,0,21,10,32,63,-6,30,1,84,109,172
XPO,"XPO, Inc.",132.57,53,18,0,60,131,21,10,-17,26,40,171
ANET,Arista Networks,101.11,45,21,1,57,124,-10,17,-15,55,47,171
MLM,Martin Marietta Materials,558.66,28,45,0,59,132,25,-16,4,26,39,171
PEG,Public Service Enterprise Group,81.23,-6,15,0,151,160,-5,22,-22,16,11,171
LH,Labcorp,259.97,6,42,49,14,111,-2,42,2,17,59,170
LAZ,Lazard,49.98,56,19,0,19,94,56,7,1,12,76,170
GWRE,Guidewire Software,227.74,-63,49,104,20,110,-12,49,4,19,60,170
LNW,Light & Wonder,99.2,42,6,1,56,105,44,6,-9,24,65,170
BRK-B,Berkshire Hathaway,480.39,-7,-21,118,61,151,8,-33,19,25,19,170
MET,Metlife,80.15,52,35,3,57,147,-3,7,2,17,23,170
DDOG,Datadog,135.07,82,26,0,0,108,3,43,1,14,61,169
DCI,Donaldson Company,71.16,35,36,0,64,135,13,-12,4,29,34,169
ALLY,Ally Financial,40.89,52,26,2,3,83,49,20,2,15,86,169
AIG,American International Group,82.34,-7,33,22,52,100,-4,36,17,20,69,169
APO,Apollo Global Management,142.8,49,18,0,96,163,-9,6,-17,25,5,168
PPC,Pilgrim's Pride,45.73,1,-20,80,20,81,14,-41,97,17,87,168
ARW,Arrow Electronics,131.84,59,43,2,3,107,14,49,4,-7,60,167
SOFI,SoFi,18.12,70,28,40,0,138,-3,19,2,10,28,166
MANH,Manhattan Associates,198.92,52,30,-23,64,123,26,12,-21,26,43,166
LVS,Las Vegas Sands,47.83,53,36,0,0,89,47,42,1,-13,77,166
ETR,Entergy,81.33,-6,0,67,21,82,-5,-8,83,13,83,165
QGEN,Qiagen,48.62,37,33,6,2,78,-3,74,4,12,87,165
OSK,Oshkosh Corporation,122.53,35,35,5,3,78,44,40,2,1,87,165
CPNG,Coupang,30.03,49,42,11,0,102,-7,49,4,16,62,164
SN,SharkNinja,106.35,70,12,2,0,84,75,4,1,0,80,164
JEF,Jefferies Financial Group,56.61,14,12,-14,57,69,44,12,-17,56,95,164
UGI,UGI Corporation,35.21,-14,50,36,3,75,-7,49,43,4,89,164
EXEL,Exelixis,44.3,0,35,58,13,106,-2,-12,49,23,58,164
RGLD,Royal Gold,179.24,2,3,55,17,77,14,-4,62,15,87,164
CFR,Frost Bank,134.57,50,36,2,3,91,61,1,2,9,73,164
HII,Huntington Ingalls Industries,250.17,40,75,2,5,122,33,6,10,-8,41,163
GLPI,Gaming and Leisure Properties,48.22,14,2,1,64,81,12,16,-2,56,82,163
POST,Post Holdings,111.32,13,0,0,86,99,14,-4,-2,56,64,163
DOX,Amdocs,91.73,0,45,11,57,113,-1,43,4,4,50,163
UNH,UnitedHealth Group,307.64,23,-52,-12,-3,-44,39,10,-25,183,207,163
AYI,Acuity Brands,305.89,70,12,2,26,110,7,41,-15,19,52,162
PSTG,Pure Storage,55.99,50,35,0,41,126,-9,3,-15,56,35,161
GWW,W. W. Grainger,1035.67,0,0,0,93,93,19,-11,4,56,68,161
AEP,American Electric Power,103.29,19,0,67,22,108,21,2,17,13,53,161
TXRH,Texas Roadhouse,191.25,14,37,3,63,117,21,-11,4,30,44,161
CAR,Avis Budget Group,177.48,84,52,3,-19,120,7,62,7,-36,40,160
TXT,Textron,81.93,49,36,-29,52,108,5,46,4,-4,51,159
NCLH,Norwegian Cruise Line Holdings,21.38,49,7,-14,0,42,75,37,-14,19,117,159
FICO,Fair Isaac,1839.59,-24,-6,0,165,135,10,5,-22,30,23,158
FTI,TechnipFMC,34.63,0,36,11,26,73,5,40,4,36,85,158
SSD,Simpson Manufacturing Company,164.45,13,2,-20,155,150,5,1,-23,25,8,158
VST,Vistra Corp.,187.06,0,35,13,29,77,-13,48,2,44,81,158
CRWD,CrowdStrike,496.11,0,49,39,0,88,-5,51,4,19,69,157
VEEV,Veeva Systems,282.61,13,39,39,7,98,-5,42,4,17,58,156
PPL,PPL Corporation,33.56,-6,-13,70,22,73,-4,-8,82,13,83,156
MPC,Marathon Petroleum,174.44,13,38,1,48,100,17,42,4,-7,56,156
NOW,ServiceNow,1008.87,38,37,2,81,158,-12,-13,2,21,-2,156
IONS,Ionis Pharmaceuticals,43.59,70,39,0,0,109,7,45,4,-9,47,156
JHG,Janus Henderson,40.11,50,21,0,18,89,44,5,1,17,67,156
JLL,Jones Lang LaSalle,258.99,56,10,2,13,81,61,15,-14,13,75,156
AMZN,Amazon,219.88,34,26,11,20,91,3,41,1,19,64,155
UBER,Uber,92.05,49,48,12,0,109,6,5,10,25,46,155
CLH,Clean Harbors,230.47,5,43,0,57,105,-12,1,4,56,49,154
ALNY,Alnylam Pharmaceuticals,329.76,12,35,11,14,72,21,43,4,14,82,154
HR,Healthcare Realty Trust,16.06,123,4,0,-38,89,70,10,-23,8,65,154
DG,Dollar General,115.47,37,77,0,-16,98,40,25,16,-25,56,154
CMI,Cummins,333.26,35,8,0,64,107,44,-11,-15,29,47,154
AIZ,Assurant,191.78,-7,-1,-1,151,142,-4,-3,1,18,12,154
GEN,Gen Digital,29.82,16,39,9,15,79,14,41,4,15,74,153
QRVO,Qorvo,88.22,51,36,0,-30,57,53,44,2,-4,95,152
NTRA,Natera,161.46,-14,27,86,17,116,-11,25,4,18,36,152
UI,Ubiquiti,412.96,40,8,46,9,103,50,-14,4,9,49,152
WSM,"Williams-Sonoma, Inc.",173.15,35,2,2,64,103,36,4,-11,20,49,152
PLNT,Planet Fitness,106.84,0,32,57,12,101,-9,43,4,13,51,152
EA,Electronic Arts,157.01,95,12,2,6,115,-5,11,10,20,36,151
TDY,Teledyne Technologies,509.53,36,35,46,13,130,-2,5,4,14,21,151
AZEK,Azek,54.32,17,52,15,0,84,33,14,7,13,67,151
BEPC,Brookfield Renewable Partners,33.21,37,37,4,0,78,12,48,4,9,73,151
ELAN,Elanco,14.73,35,39,0,-6,68,44,41,3,-5,83,151
WAL,Western Alliance Bancorporation,84.18,51,9,1,3,64,61,6,1,17,85,149
XYL,Xylem Inc.,131.61,47,36,2,21,106,13,5,4,21,43,149
EXPD,Expeditors International,119.12,16,4,0,130,150,28,4,-31,-2,-1,149
RBLX,Roblox Corporation,102.4,-4,48,47,0,91,-12,49,10,10,57,148
PHM,PulteGroup,111.34,52,9,-17,64,108,26,13,-28,28,39,147
SPR,Spirit AeroSystems,38.43,28,50,12,0,90,27,-7,24,13,57,147
ABBV,AbbVie,190.71,13,2,11,57,83,13,-4,-8,63,64,147
FAF,First American Financial Corporation,62.78,57,5,1,13,76,57,10,-13,17,71,147
MCHP,Microchip Technology,73.24,63,36,0,2,101,5,42,4,-6,45,146
MSCI,MSCI,582.7,49,34,2,13,98,45,-18,1,19,47,145
RMD,Resmed,255.87,3,42,11,12,68,14,48,3,12,77,145
NEM,Newmont,60.07,11,60,13,4,88,13,22,13,9,57,145
SNA,Snap-on,320.08,15,1,0,58,74,44,-16,-13,56,71,145
LBRDA,Liberty Broadband (Series A),98.81,52,47,41,-35,105,27,2,4,7,40,145
BWXT,BWX Technologies,140.86,-3,34,7,34,72,-12,51,4,30,73,145
QCOM,Qualcomm,162.29,35,21,-19,21,58,44,44,2,-4,86,144
HLI,Houlihan Lokey,183.46,12,38,11,43,104,3,7,4,25,39,143
NOC,Northrop Grumman,498.92,5,3,4,57,69,27,23,11,11,72,141
MTZ,MasTec,169.32,1,42,13,17,73,3,49,4,12,68,141
RITM,Rithm Capital,11.69,19,36,11,31,97,12,3,4,25,44,141
CARR,Carrier Global,75.24,50,43,2,0,95,13,4,4,25,46,141
ULTA,Ulta Beauty,474.86,16,46,6,3,71,21,49,6,-8,68,139
LBRDK,Liberty Broadband (Series C),99.33,51,47,41,-35,104,22,2,4,7,35,139
VNT,Vontier,38.06,51,36,0,0,87,10,43,2,-4,51,138
THC,Tenet Healthcare,172.21,0,45,8,56,109,-1,5,2,23,29,138
DIS,Walt Disney Company (The),123.01,48,36,9,0,93,-2,40,4,2,44,137
PSX,Phillips 66,126.5,13,35,0,40,88,13,37,3,-4,49,137
EXPE,Expedia Group,170.93,28,9,43,10,90,47,-1,-12,13,47,137
MSTR,MicroStrategy,402.19,7,1,93,18,119,-8,2,4,19,17,136
DLR,Digital Realty,172.14,4,42,0,21,67,-2,49,4,18,69,136
ESI,Element Solutions,24.06,53,8,-14,56,103,5,8,1,19,33,136
VLO,Valero Energy,142.06,7,36,0,43,86,13,38,3,-4,50,136
ZBRA,Zebra Technologies,320.69,53,22,-15,-6,54,44,41,-15,12,82,136
COHR,Coherent Corp.,88.35,42,35,0,14,91,-13,42,1,14,44,135
IVZ,Invesco,16.61,53,12,0,1,66,63,8,-14,12,69,135
NVT,Nvent Electric,73.47,53,36,2,11,102,-15,49,2,-4,32,134
ST,Sensata Technologies,32.06,64,36,-36,-14,50,76,40,2,-34,84,134
ECL,Ecolab,272.43,23,34,10,21,88,21,3,4,18,46,134
COKE,Coca-Cola Consolidated,115.96,35,-43,0,84,76,58,-43,-9,51,57,133
FIS,Fidelity National Information Services,81.29,4,51,0,0,55,16,49,3,10,78,133
NET,Cloudflare,185.6,0,36,33,0,69,-5,46,4,18,63,132
ELF,e.l.f. Beauty,129.53,31,28,-44,30,45,47,42,2,-4,87,132
UHS,Universal Health Services,184.51,41,2,-5,21,59,44,2,2,25,73,132
RRC,Range Resources,38.8,-21,36,28,41,84,-47,37,4,54,48,132
W,Wayfair,56.44,84,36,0,-40,80,44,42,4,-39,51,131
SPG,Simon Property Group,165.72,34,5,1,34,74,31,4,2,20,57,131
REG,Regency Centers,70.79,-7,0,62,52,107,-2,4,4,18,24,131
AMD,Advanced Micro Devices,138.51,0,35,-36,109,108,-17,42,4,-6,23,131
OC,Owens Corning,145.64,31,2,-18,57,72,50,2,-22,28,58,130
CSX,CSX Corporation,33.61,36,35,-30,3,44,50,39,2,-5,86,130
META,Meta Platforms,713.17,0,36,11,28,75,-10,41,2,22,55,130
IR,Ingersoll Rand,86.57,49,35,-15,22,91,5,5,1,28,39,130
IDA,Idacorp,115.06,15,5,50,17,87,22,-8,20,9,43,130
CI,Cigna,320.37,-1,0,3,57,59,-4,5,14,56,71,130
GXO,GXO Logistics,50.55,63,36,-31,0,68,23,42,3,-7,61,129
GE,GE Aerospace,244.49,-1,47,13,26,85,-14,5,24,28,43,128
EL,Estée Lauder Companies (The),88.59,84,26,0,-25,85,35,39,2,-34,42,127
LII,Lennox International,602.66,57,3,0,37,97,19,2,-17,26,30,127
PEGA,Pegasystems,52.66,49,48,13,4,114,-9,6,2,14,13,127
BOKF,BOK Financial Corporation,102.19,50,5,0,21,76,57,1,-20,13,51,127
MAS,Masco,67.29,31,2,-14,64,83,47,2,-26,20,43,126
SOLV,Solventum,78.26,46,9,0,0,55,44,37,-10,0,71,126
DVA,DaVita,142.69,49,0,0,19,68,49,4,-14,18,57,125
TRGP,Targa Resources,173.8,35,0,0,50,85,-12,13,-14,53,40,125
VMC,Vulcan Materials,265.66,27,2,0,59,88,25,-18,4,26,37,125
HSIC,Schein (Henry),74.47,53,12,2,0,67,63,5,-13,2,57,124
RLI,RLI Corp.,70.41,-41,-20,-5,175,109,-7,-13,-23,57,14,123
STLD,Steel Dynamics,134.04,12,2,1,54,69,5,-11,4,56,54,123
INGM,Ingram Micro,21.7,49,21,0,0,70,47,5,1,0,53,123
AEE,Ameren,95.47,0,-1,50,12,61,-4,1,55,9,61,122
F,Ford Motor Company,11.77,32,50,1,0,83,27,12,4,-4,39,122
OTIS,Otis Worldwide,99.79,49,3,2,0,54,47,4,-8,25,68,122
USB,U.S. Bancorp,47.5,49,36,1,3,89,12,5,1,14,32,121
ZS,Zscaler,309.32,0,49,11,4,64,-15,51,4,17,57,121
APG,APi Group,33.57,0,43,12,0,55,-12,49,4,25,66,121
CCK,Crown Holdings,106.95,14,46,11,4,75,12,18,4,11,45,120
MRVL,Marvell Technology,74.26,-3,10,-15,105,97,-20,41,-15,17,23,120
NNN,NNN Reit,43.69,16,34,2,21,73,12,18,4,13,47,120
VLTO,Veralto,102.85,49,36,0,0,85,44,-13,3,0,34,119
BKR,Baker Hughes,39.83,7,1,1,34,43,29,35,-13,25,76,119
MO,Altria,59.16,-40,33,64,44,101,-41,24,20,15,18,119
SMCI,Supermicro,48.73,42,12,0,57,111,-11,35,-10,-8,6,117
GNRC,Generac,150.55,56,20,-14,-33,29,63,38,-22,9,88,117
ED,Consolidated Edison,99.91,0,-20,22,46,48,17,-8,16,44,69,117
NVR,"NVR, Inc.",7769.91,35,5,-17,64,87,26,1,-26,28,29,116
XOM,ExxonMobil,111.07,0,2,0,43,45,5,14,3,49,71,116
CXT,Crane NXT,56.66,6,26,-19,54,67,10,-1,-15,55,49,116
FOUR,Shift4,98.6,53,16,2,0,71,-12,45,-11,23,45,116
DLTR,Dollar Tree,103.02,16,53,0,-14,55,10,52,19,-21,60,115
PNW,Pinnacle West Capital,90.2,15,-1,62,17,93,13,-32,16,25,22,115
DHI,D. R. Horton,135.66,55,9,-22,64,106,26,13,-29,-1,9,115
PB,Prosperity Bancshares,73.56,40,2,0,13,55,63,2,-18,13,60,115
WPC,W. P. Carey,63.33,0,33,23,0,56,10,25,20,4,59,115
K,Kellanova,79.97,20,-16,63,20,87,30,-13,-1,12,28,115
XEL,Xcel Energy,67.56,0,-1,45,11,55,-3,1,53,8,59,114
NVST,Envista,20.18,50,21,0,0,71,49,42,-17,-31,43,114
PCOR,Procore,70.36,49,7,0,0,56,47,4,-11,18,58,114
EOG,EOG Resources,122.59,0,15,0,44,59,4,16,-15,50,55,114
HIW,Highwoods Properties,31.1,0,42,5,5,52,-3,49,4,12,62,114
BRX,Brixmor Property Group,25.87,1,18,0,54,73,-3,15,4,25,41,114
TW,Tradeweb,138.58,-9,0,103,0,94,-6,-1,4,22,19,113
ILMN,"Illumina, Inc.",100.38,128,16,-22,-39,83,49,42,-22,-39,30,113
EQT,EQT Corporation,56.1,-14,42,35,41,104,-43,7,35,9,8,112
NDSN,Nordson,222.74,23,35,-30,1,29,44,41,4,-6,83,112
CRH,CRH plc,94.47,28,1,1,63,93,26,-22,-11,26,19,112
SFD,Smithfield Foods,24.11,15,31,0,0,46,16,49,0,0,65,111
LAD,Lithia Motors,352.65,16,17,1,13,47,18,42,-16,20,64,111
DINO,HF Sinclair,43.56,20,38,0,0,58,13,43,4,-7,53,111
SWKS,Skyworks Solutions,78.17,49,34,-37,-29,17,53,44,1,-4,94,111
LFUS,Littelfuse,237.71,53,36,-19,0,70,5,41,2,-7,41,111
IRDM,Iridium Communications,31.53,35,18,1,-18,36,52,40,1,-18,75,111
INGR,Ingredion,138.14,6,2,1,33,42,17,-7,4,55,69,111
THG,Hanover Insurance,162.12,-14,0,55,23,64,-5,-8,47,13,47,111
AMTM,Amentum,24.3,42,48,0,0,90,4,13,4,0,21,111
TOST,"Toast, Inc.",42.53,0,37,71,0,108,-7,-11,4,16,2,110
AFL,Aflac,103.53,0,-1,2,57,58,-4,4,-2,54,52,110
CNH,CNH Industrial,13.77,30,37,13,1,81,44,3,4,-22,29,110
AFRM,Affirm Holdings,68.35,53,18,6,0,77,-5,19,2,16,32,109
WEC,WEC Energy Group,103.76,-6,-6,49,12,49,-4,-8,62,10,60,109
BWA,BorgWarner,35.53,31,38,2,0,71,47,2,4,-15,38,109
SARO,StandardAero,30.96,35,36,0,0,71,-9,43,4,0,38,109
SYY,Sysco,77.71,16,23,1,2,42,17,36,1,13,67,109
GM,General Motors,52.66,29,18,1,10,58,28,10,1,12,51,109
CUBE,CubeSmart,43.03,7,42,-17,21,53,5,47,4,-1,55,108
CNA,CNA Financial,45.45,-7,-20,88,56,117,-4,-21,-3,19,-9,108
INFA,Informatica,24.32,57,27,-36,0,48,15,49,2,-6,60,108
BBWI,"Bath & Body Works, Inc.",32.79,76,2,-19,-14,45,76,2,-10,-5,63,108
PSN,Parsons Corporation,73.92,35,21,-21,0,35,42,20,-24,34,72,107
DECK,Deckers Brands,106.23,15,-15,-18,92,74,44,-27,-14,30,33,107
LLYVK,Liberty Live (Series C),80.34,30,42,23,0,95,-5,12,4,0,11,106
DELL,Dell Technologies,123.51,6,36,0,31,73,-17,49,4,-3,33,106
LNC,Lincoln Financial,34.96,35,5,12,-5,47,44,5,2,7,58,105
PR,Permian Resources,14.16,0,35,-2,25,58,5,38,4,-1,46,104
BLDR,Builders FirstSource,127.92,57,2,-22,64,101,23,8,-26,-2,3,104
TKR,Timken Company,76.76,49,21,-18,3,55,12,40,1,-4,49,104
AGCO,AGCO,110.55,30,38,1,1,70,37,4,5,-12,34,104
ADT,ADT Inc.,8.27,0,56,25,0,81,-3,-1,19,7,22,103
AS,Amer Sports,38.19,33,36,0,0,69,-11,41,4,0,34,103
APD,Air Products,290.27,43,7,0,15,65,5,37,-13,9,38,103
PARA,Paramount Global (Class B),12.82,68,37,2,-38,69,29,43,6,-44,34,103
AFG,American Financial Group,125.3,4,3,-6,55,56,22,8,4,13,47,103
AGNC,AGNC Investment,9.43,13,20,5,15,53,12,19,2,16,49,102
KEYS,Keysight,165.54,49,36,10,0,95,-2,3,2,4,7,102
GRAL,"Grail, Inc.",47.59,42,16,0,0,58,-7,49,2,0,44,102
RRX,Regal Rexnord,151.96,49,36,-22,2,65,12,12,1,12,37,102
NUE,Nucor,138.9,79,13,-49,2,45,49,14,1,-7,57,102
BAH,Booz Allen Hamilton,108.29,22,-25,-24,100,73,38,-21,-26,37,28,101
BJ,BJ's Wholesale Club,109.18,-21,-3,72,9,57,-28,-19,34,57,44,101
FIVE,Five Below,131.26,41,38,0,-15,64,-2,47,5,-14,36,100
BA,Boeing,211.92,28,49,2,0,79,35,-8,4,-10,21,100
MEDP,Medpace,326.05,59,10,-21,31,79,17,20,-13,-3,21,100
ALSN,Allison Transmission,97.62,14,0,0,34,48,47,-13,-15,33,52,100
APPF,AppFolio,232.67,13,21,0,27,61,13,13,-14,27,39,100
SMG,Scotts Miracle-Gro Company,68.95,40,32,-16,-38,18,61,35,-26,12,82,100
MAT,Mattel,20.55,37,35,8,1,81,44,4,1,-30,19,100
D,Dominion Energy,57.44,53,34,8,-33,62,22,2,4,9,37,99
APP,AppLovin,336.0,-13,26,99,0,112,-9,-10,-11,17,-13,99
AMT,American Tower,222.85,15,14,10,5,44,12,19,14,10,55,99
GAP,Gap Inc.,22.55,35,-8,-6,17,38,57,-19,5,18,61,99
FOXA,Fox Corporation (Class A),55.1,-2,35,62,0,95,-17,5,2,13,3,98
AOS,A. O. Smith,68.09,48,2,-36,57,71,49,-22,4,-4,27,98
LYFT,Lyft,15.7,49,37,2,0,88,18,-12,4,-1,9,97
PKG,Packaging Corporation of America,201.95,14,4,0,60,78,22,-8,-20,25,19,97
CNP,Centerpoint Energy,35.85,-5,-2,43,44,80,-4,-30,37,14,17,97
LNT,Alliant Energy,60.78,13,-1,62,13,87,12,-20,4,12,8,95
RPRX,Royalty Pharma,36.19,9,39,26,0,74,20,18,20,-37,21,95
CPAY,Corpay,337.1,13,2,0,20,35,44,-10,2,24,60,95
CBSH,Commerce Bancshares,63.97,30,2,1,10,43,34,2,4,12,52,95
VZ,Verizon,43.59,21,2,24,9,56,21,-12,17,13,39,95
FSLR,First Solar,170.67,21,1,-33,61,50,44,1,4,-5,44,94
CTSH,Cognizant,80.25,16,8,10,13,47,40,-12,1,17,46,93
LEA,Lear Corporation,103.2,35,36,0,-16,55,44,5,3,-14,38,93
MDU,MDU Resources,16.7,22,0,0,39,61,24,-24,4,28,32,93
BLD,TopBuild,345.18,63,10,-23,45,95,26,13,-40,-2,-3,92
O,Realty Income,57.75,4,32,4,6,46,12,18,4,12,46,92
COIN,Coinbase,354.47,4,35,3,0,42,-20,49,3,17,49,91
CHDN,Churchill Downs Incorporated,104.99,38,5,-25,0,18,47,23,-26,29,73,91
GEV,GE Vernova,505.21,0,48,0,0,48,-13,51,5,0,43,91
HRB,H&R Block,55.9,13,-17,0,51,47,13,-29,8,51,43,90
TROW,T. Rowe Price,99.95,51,21,-17,-24,31,61,5,-19,12,59,90
XYZ,"Block, Inc.",69.2,49,14,-18,-35,10,52,33,-19,12,78,88
ACGL,Arch Capital Group,88.38,-7,-1,-2,61,51,-5,-12,4,50,37,88
UTHR,United Therapeutics,295.2,14,-16,-4,56,50,14,-11,-23,58,38,88
LLYVA,Liberty Live (Series A),78.51,5,49,22,0,76,-2,10,4,0,12,88
HES,Hess Corporation,143.51,4,1,1,54,60,12,21,-5,-1,27,87
ZG,Zillow (Class A),68.95,3,9,48,0,60,21,-1,-12,19,27,87
NU,Nubank,13.48,51,7,2,0,60,-4,7,4,18,25,85
LITE,Lumentum,91.24,0,34,8,2,44,-12,42,2,9,41,85
NBIX,Neurocrine Biosciences,129.41,13,27,-22,24,42,14,46,-14,-3,43,85
PINS,Pinterest,35.74,49,21,0,0,70,-5,37,-13,-4,15,85
LEN-B,Lennar (Class B),110.49,28,2,-22,61,69,14,2,-29,28,15,84
NXST,Nexstar Media Group,180.48,14,35,3,3,55,17,2,1,9,29,84
UAL,United Airlines Holdings,81.01,28,9,0,10,47,44,-8,-14,15,37,84
COLB,Columbia Banking System,25.08,35,2,0,0,37,57,1,-20,9,47,84
HST,Host Hotels & Resorts,16.18,13,36,-26,1,24,12,49,2,-5,58,82
FOX,Fox Corporation (Class B),50.75,-2,35,61,0,94,-17,5,-8,8,-12,82
CVX,Chevron Corporation,147.96,3,0,1,47,51,12,19,-6,5,30,81
EXP,Eagle Materials,213.92,52,-25,-9,56,74,26,-22,-23,26,7,81
CHH,Choice Hotels,130.55,30,2,0,14,46,44,-11,-11,13,35,81
VVV,Valvoline,38.89,30,21,-20,30,61,28,37,-42,-3,20,81
SNOW,Snowflake Inc.,217.32,0,39,9,0,48,-12,49,4,-9,32,80
ROKU,"Roku, Inc.",86.42,49,17,4,-18,52,-5,41,-12,3,27,79
SBUX,Starbucks,94.18,14,4,4,2,24,23,35,-9,6,55,79
TFSL,Third Federal S&L,13.25,35,10,2,4,51,5,1,4,18,28,79
MASI,Masimo,171.43,7,9,40,-5,51,5,22,-9,9,27,78
ES,Eversource Energy,64.46,13,39,9,-9,52,27,-6,4,1,26,78
TTEK,Tetra Tech,36.62,13,34,-23,4,28,9,49,-26,18,50,78
CMS,CMS Energy,69.69,5,-28,70,22,69,14,-34,16,13,9,78
CL,Colgate-Palmolive,92.39,18,1,0,22,41,28,-8,-8,25,37,78
Z,Zillow (Class C),71.0,18,9,5,0,32,21,18,-12,19,46,78
GEHC,GE HealthCare,76.12,37,5,-14,0,28,44,10,-12,7,49,77
EXR,Extra Space Storage,151.79,14,33,0,0,47,12,2,4,12,30,77
DT,Dynatrace,54.69,-14,34,8,0,28,-14,42,1,19,48,76
OLED,Universal Display Corporation,161.5,23,36,-31,0,28,5,43,4,-4,48,76
TPG,TPG Inc.,53.7,50,19,-7,0,62,3,10,-18,18,13,75
LPX,Louisiana-Pacific,92.57,14,2,0,62,78,5,-16,-18,25,-4,74
MOS,Mosaic Company (The),37.78,18,56,10,-15,69,18,6,9,-29,4,73
AGO,Assured Guaranty,85.02,-7,0,0,55,48,-9,8,4,21,24,72
CSGP,CoStar Group,81.42,14,18,0,13,45,5,13,17,-8,27,72
TRU,TransUnion,90.17,12,25,0,2,39,14,4,2,13,33,72
OKE,Oneok,82.12,3,-8,-7,53,41,3,-4,-19,50,30,71
CART,Maplebear Inc.,46.09,32,5,17,0,54,26,-10,1,0,17,71
FLS,Flowserve,53.97,42,7,0,26,75,4,-17,-15,24,-4,71
RGA,Reinsurance Group of America,196.23,-7,0,0,39,32,-2,-14,2,52,38,70
SNDR,Schneider National,25.71,19,16,-17,1,19,28,35,-21,9,51,70
CF,CF Industries,93.84,0,35,9,3,47,14,-2,4,7,23,70
WTM,White Mountains Insurance Group,1757.71,-5,-1,0,58,52,-5,-19,-14,55,17,69
CRUS,Cirrus Logic,109.49,13,36,-17,18,50,5,12,4,-2,19,69
LEN,Lennar (Class A),115.3,32,2,-24,63,73,26,1,-29,-2,-4,69
ESAB,ESAB,124.92,20,1,2,0,23,44,-18,4,16,46,69
MDT,Medtronic,88.32,21,2,5,0,28,19,17,-8,12,40,68
EXC,Exelon,42.92,5,-25,49,13,42,-4,1,20,9,26,68
CHTR,Charter Communications,412.38,51,4,12,-35,32,22,2,4,5,33,65
TER,Teradyne,94.19,65,7,-23,-5,44,5,37,-17,-4,21,65
ROST,Ross Stores,131.52,13,-13,-7,34,27,26,-21,5,28,38,65
NLY,Annaly Capital Management,19.33,0,18,12,9,39,4,4,2,15,25,64
BALL,Ball Corporation,58.72,14,36,-29,-10,11,5,48,4,-4,53,64
PARAA,Paramount Global (Class A),23.07,6,3,33,0,42,6,9,2,5,22,64
ABNB,Airbnb,135.39,14,21,-4,0,31,44,-8,1,-4,33,64
G,Genpact,45.0,28,0,2,2,32,44,-12,-9,9,32,64
CUZ,Cousins Properties,29.59,-9,26,5,10,32,-3,19,4,12,32,64
JNJ,Johnson & Johnson,155.55,14,2,2,6,24,47,-4,-8,5,40,64
MKSI,MKS Instruments,104.66,49,21,-21,-12,37,4,41,-15,-4,26,63
MRP,Millrose Properties,28.88,33,25,0,0,58,2,3,0,0,5,63
MU,Micron Technology,121.73,-13,35,3,21,46,-24,41,4,-4,17,63
MKC,McCormick & Company,76.58,35,1,2,0,38,8,16,-8,9,25,63
PPG,PPG Industries,118.61,52,36,-40,0,48,13,4,4,-7,14,62
EXE,Expand Energy,110.32,-17,0,35,0,18,-41,41,35,9,44,62
SUI,Sun Communities,128.51,14,27,3,-23,21,10,17,4,10,41,62
OWL,Blue Owl Capital,19.39,48,15,0,0,63,-14,7,-15,20,-2,61
PODD,Insulet,301.33,-13,37,39,3,66,-6,-12,8,5,-5,61
SAIA,Saia,293.9,53,0,-20,3,36,47,4,-22,-4,25,61
ADC,Agree Realty,72.06,-42,-6,57,15,24,-5,13,17,12,37,61
MP,MP Materials,32.34,-14,19,26,0,31,-28,16,39,3,30,61
RKT,Rocket Companies,14.57,7,10,0,0,17,10,32,3,-1,44,61
CACC,Credit Acceptance,544.22,22,12,1,2,37,14,13,1,-4,24,61
EQIX,Equinix,795.37,0,0,-2,33,31,11,-6,-2,25,28,59
DOCS,Doximity,59.34,0,6,48,0,54,-12,17,-11,11,5,59
THO,Thor Industries,93.82,18,20,-20,1,19,26,42,-23,-5,40,59
KDP,Keurig Dr Pepper,33.83,14,0,1,1,16,13,6,12,11,42,58
DNB,Dun & Bradstreet,9.1,73,15,-20,0,68,28,19,-22,-36,-11,57
ALAB,Astera Labs,88.57,-6,34,0,0,28,2,43,-16,0,29,57
GL,Globe Life,120.26,-1,0,39,13,51,-1,2,-3,7,5,56
XP,XP Inc.,19.66,1,50,6,0,57,-4,-1,10,-7,-2,55
CFLT,"Confluent, Inc.",25.6,35,5,-10,0,30,4,30,-12,3,25,55
MUSA,Murphy USA,415.42,6,-38,-7,67,28,10,-38,-23,78,27,55
OMC,Omnicom Group,75.04,22,0,-21,1,2,28,2,-26,49,53,55
PYPL,PayPal,76.31,49,26,0,-38,37,26,1,-18,8,17,54
A,Agilent Technologies,120.66,35,10,-17,0,28,5,39,-14,-4,26,54
CMCSA,Comcast,35.83,31,8,-29,-8,2,44,13,1,-7,51,53
TMO,Thermo Fisher Scientific,426.88,36,0,-16,-4,16,53,1,-15,-2,37,53
NTNX,Nutanix,75.42,2,5,25,21,53,-10,-17,4,23,0,53
LUV,Southwest Airlines,33.97,23,35,10,-38,30,23,-6,2,3,22,52
AWK,American Water Works,140.31,0,0,20,0,20,14,-5,16,7,32,52
ADM,Archer Daniels Midland,55.76,13,37,0,-10,40,13,13,4,-19,11,51
SBAC,SBA Communications,237.75,16,9,10,-19,16,12,8,11,4,35,51
MTD,Mettler Toledo,1205.64,37,21,-17,0,41,8,41,-35,-4,10,51
EGP,EastGroup Properties,169.89,0,33,1,7,41,10,-1,4,-4,9,50
TYL,Tyler Technologies,583.24,2,8,0,16,26,-6,35,-22,17,24,50
EFX,Equifax,262.33,16,3,0,15,34,15,-21,4,17,15,49
OHI,Omega Healthcare Investors,36.49,-4,-1,0,39,34,-1,-9,-5,30,15,49
CEG,Constellation Energy,306.6,-10,36,10,0,36,-14,4,4,18,12,48
IP,International Paper,50.4,28,1,0,15,44,14,-11,-14,15,4,48
IT,Gartner,395.35,-6,-13,-15,57,23,-3,-16,-13,56,24,47
MIDD,Middleby,149.11,28,7,8,0,43,13,-11,-10,12,4,47
WBA,Walgreens Boots Alliance,11.49,35,36,0,-76,-5,35,51,-1,-34,51,46
ECG,Everus Construction Group,64.06,12,34,0,0,46,3,8,-11,0,0,46
JBHT,J. B. Hunt,153.02,37,5,-25,0,17,52,8,-22,-9,29,46
PSA,Public Storage,297.1,14,2,-5,14,25,17,-12,4,12,21,46
FND,Floor & Decor,82.74,37,2,-29,-5,5,61,8,-23,-5,41,46
MORN,"Morningstar, Inc.",310.46,0,36,-14,27,49,-14,-8,1,17,-4,45
CIEN,Ciena,79.52,0,36,3,11,50,-12,-11,2,15,-6,44
MHK,Mohawk Industries,111.29,37,2,-20,-10,9,47,2,-28,13,34,43
BIO,Bio-Rad Laboratories,250.6,70,2,-21,-27,24,74,7,-26,-36,19,43
KMB,Kimberly-Clark,132.36,14,-13,0,17,18,18,-13,-5,25,25,43
MGM,MGM Resorts International,37.69,30,16,-50,0,-4,43,10,1,-8,46,42
VTR,"Ventas, Inc.",62.93,-12,-25,66,21,50,-7,-32,17,14,-8,42
VTRS,Viatris,9.34,35,10,-19,-6,20,13,14,-23,18,22,42
AMCR,Amcor,9.68,35,2,-14,0,23,44,4,-29,-1,18,41
KMPR,Kemper Corporation,62.81,-7,26,0,3,22,-3,7,1,13,18,40
WING,Wingstop,326.46,-31,42,-1,37,47,-36,-3,2,30,-7,40
FDX,FedEx,239.17,16,4,-20,31,31,24,9,-22,-3,8,39
MSGS,Madison Square Garden Sports,208.15,5,10,0,20,35,-6,4,-20,26,4,39
FE,FirstEnergy,39.76,-6,-1,0,54,47,-4,-21,4,13,-8,39
HXL,Hexcel,57.54,35,8,-23,0,20,5,37,-15,-8,19,39
HAYW,Hayward Holdings,14.33,22,7,0,0,29,14,-21,2,15,10,39
CHRW,C.H. Robinson,99.19,28,4,0,3,35,28,-11,-21,7,3,38
ESS,Essex Property Trust,283.27,-7,18,0,13,24,-19,16,4,13,14,38
RNR,RenaissanceRe,235.84,-7,0,-2,34,25,-4,-12,2,27,13,38
DPZ,Domino's,454.39,0,-1,0,9,8,13,-22,21,17,29,37
AMED,Amedisys,95.94,-14,53,6,-39,6,-14,16,19,9,30,36
FR,First Industrial Realty Trust,49.42,0,1,-7,13,7,5,9,2,13,29,36
NEE,NextEra Energy,73.01,9,2,0,0,11,11,-2,4,12,25,36
VNOM,Viper Energy,38.76,0,-8,-3,43,32,-17,-4,-22,46,3,35
BXP,"BXP, Inc.",68.28,-11,34,-2,0,21,-1,-1,4,12,14,35
ALK,Alaska Air Group,50.84,30,2,0,1,33,19,-15,-11,8,1,34
DAL,Delta Air Lines,50.11,30,8,-7,18,49,-12,-13,-15,25,-15,34
BURL,Burlington Stores,242.38,23,-11,0,2,14,44,-20,-20,16,20,34
CCI,Crown Castle,103.18,16,9,1,-27,-1,12,8,14,-1,33,32
WEX,WEX Inc.,151.61,41,18,-37,-4,18,13,36,-28,-7,14,32
ACI,Albertsons,21.99,9,1,19,0,29,16,-26,21,-8,3,32
WH,Wyndham Hotels & Resorts,84.06,27,-24,-5,10,8,44,-24,-11,14,23,31
EIX,Edison International,52.55,49,-19,-26,0,4,21,-20,-23,49,27,31
TTD,Trade Desk (The),73.59,21,19,-21,3,22,23,-12,-21,19,9,31
EW,Edwards Lifesciences,77.02,48,10,0,-13,45,-6,1,24,-34,-15,30
SW,Smurfit Westrock,47.19,29,2,0,0,31,30,-14,-17,0,-1,30
TPL,Texas Pacific Land Corporation,1072.7,2,-23,-3,57,33,4,-23,4,12,-3,30
ROIV,Roivant Sciences,10.95,-21,46,-1,0,24,-37,15,4,23,5,29
PATH,UiPath,12.83,30,26,-5,0,51,-4,-14,4,-9,-23,28
DD,DuPont,72.97,35,7,-15,18,45,12,2,-29,-2,-17,28
AVB,AvalonBay Communities,201.99,-11,0,0,15,4,-7,16,-1,14,22,26
EEFT,Euronet Worldwide,105.22,11,1,1,-2,11,5,-6,4,12,15,26
APTV,Aptiv,72.17,28,36,1,-23,42,13,2,4,-35,-16,26
WMS,Advanced Drainage Systems,118.82,14,20,-34,2,2,10,12,4,-2,24,26
ACN,Accenture,302.28,21,0,-17,13,17,14,-11,-13,18,8,25
KNX,Knight-Swift,47.17,31,2,-19,0,14,52,-14,-15,-12,11,25
GPC,Genuine Parts Company,127.46,21,3,0,0,24,24,-11,4,-16,1,25
NCNO,nCino,27.98,33,21,-20,0,34,4,-5,-22,14,-9,25
WTW,Willis Towers Watson,304.47,44,-48,2,23,21,-4,-12,-9,28,3,24
DKNG,DraftKings,41.31,0,12,3,0,15,-12,12,-12,19,7,22
TWLO,Twilio,116.48,-8,28,41,-33,28,-9,4,-12,10,-7,21
RH,RH,205.82,13,1,-18,-6,-10,37,2,-17,8,30,20
TGT,Target Corporation,105.46,28,2,-25,-10,-5,47,16,-33,-5,25,20
BROS,Dutch Bros. Coffee,66.1,-18,0,47,0,29,-11,-10,2,10,-9,20
RVTY,Revvity,100.94,52,0,-14,-23,15,7,12,-19,2,2,17
WAT,Waters Corporation,351.75,0,6,0,13,19,-2,1,-14,13,-2,17
VAC,Marriott Vacations Worldwide,79.18,71,11,-19,-16,47,6,7,-19,-24,-30,17
AMH,American Homes 4 Rent,35.46,-42,0,-2,67,23,-4,-20,4,14,-6,17
GPK,Graphic Packaging,22.02,14,-80,-13,57,-22,12,-17,-26,70,39,17
OVV,Ovintiv,40.06,0,18,-31,0,-13,13,21,1,-5,30,17
MTDR,Matador Resources,50.64,3,16,-23,0,-4,5,36,-16,-5,20,16
QS,QuantumScape,6.81,42,10,0,0,52,-13,10,2,-35,-36,16
TSN,Tyson Foods,57.44,22,0,-5,-27,-10,19,1,-5,10,25,15
BC,Brunswick Corporation,59.89,14,20,-32,-6,-4,14,36,-23,-8,19,15
VNO,Vornado Realty Trust,38.29,0,4,0,3,7,-2,-6,2,14,8,15
CRM,Salesforce,269.17,2,0,-7,21,16,-7,1,-15,20,-1,15
CROX,Crocs,106.73,28,0,-36,0,-8,43,-22,4,-4,21,13
SNDK,SanDisk,46.22,-9,12,0,0,3,-26,36,0,0,10,13
ONTO,Onto Innovation,103.34,33,0,-20,0,13,6,12,-15,-3,0,13
U,Unity Technologies,24.28,27,25,0,0,52,-1,-9,4,-34,-40,12
AMKR,Amkor Technology,22.32,49,21,-34,0,36,5,17,-42,-4,-24,12
FI,Fiserv,172.45,4,-62,-8,34,-32,20,7,-9,26,44,12
GPN,Global Payments,81.96,49,0,-21,-38,-10,44,4,-18,-9,21,11
HRL,Hormel Foods,30.81,14,5,0,-22,-3,24,15,4,-29,14,11
DLB,Dolby Laboratories,76.07,23,2,1,1,27,13,-22,-14,7,-16,11
SEB,Seaboard Corporation,3008.37,14,10,0,-22,2,12,22,2,-28,8,10
CRL,Charles River Laboratories,157.49,37,21,-48,-25,-15,50,39,-57,-7,25,10
DXCM,Dexcom,83.57,0,40,0,-13,27,-6,-9,4,-8,-19,8
DAR,Darling Ingredients,39.24,13,13,0,-19,7,16,12,2,-29,1,8
FTV,Fortive,53.32,0,2,-15,32,19,12,-8,-11,-4,-11,8
INCY,Incyte,68.17,-9,22,0,-30,-17,-3,44,-25,6,22,5
KRC,Kilroy Realty,34.95,2,26,-14,-39,-25,10,29,-20,10,29,4
BFAM,Bright Horizons,120.99,-8,0,0,7,-1,-3,-15,9,14,5,4
UDR,"UDR, Inc.",40.58,-7,-1,0,0,-8,-3,-1,4,12,12,4
CAVA,Cava Group,82.71,34,-25,-8,0,1,47,-24,-22,1,2,3
LULU,Lululemon Athletica,246.29,20,-18,-5,-2,-5,44,-12,-14,-11,7,2
PLD,Prologis,108.32,13,2,-17,0,-2,8,-5,4,-4,3,1
PEN,"Penumbra, Inc.",249.91,-13,-25,26,10,-2,-12,-28,40,2,2,0
AVY,Avery Dennison,183.47,14,2,-29,1,-12,12,2,1,-4,11,-1
ON,ON Semiconductor,55.96,12,21,-31,0,2,5,42,-37,-14,-4,-2
ESTC,Elastic NV,84.19,30,-10,-7,-5,8,26,-21,-12,-3,-10,-2
CVS,CVS Health,66.61,-2,9,4,-16,-5,-4,15,19,-27,3,-2
BMY,Bristol Myers Squibb,47.62,1,0,-3,-4,-6,12,-5,-8,4,3,-3
SEG,Seaport Entertainment Group,19.19,7,0,0,0,7,16,-4,-22,0,-10,-3
DOCU,DocuSign,77.11,28,-16,-5,-11,-4,-1,-10,2,10,1,-3
GTM,ZoomInfo,10.04,28,9,-17,0,20,-5,40,-22,-36,-23,-3
AAP,Advance Auto Parts,48.99,14,28,0,-27,15,12,-2,4,-33,-19,-4
GDDY,GoDaddy,175.39,-6,0,0,21,15,-7,-20,-13,21,-19,-4
PENN,Penn Entertainment,18.62,72,7,-17,-33,29,5,17,-12,-43,-33,-4
UA,Under Armour (Class C),6.86,60,28,-22,-36,30,26,1,-26,-36,-35,-5
CTRA,Coterra,25.03,-38,0,5,43,10,-49,28,-6,12,-15,-5
WST,West Pharmaceutical Services,221.32,14,19,-21,-6,6,-2,19,-21,-7,-11,-5
CNXC,Concentrix,56.73,13,2,0,0,15,12,-3,2,-32,-21,-6
IPG,Interpublic Group of Companies (The),25.55,57,2,-37,0,22,17,4,-34,-16,-29,-7
SIRI,Sirius XM,23.94,49,8,-77,-30,-50,61,40,-43,-16,42,-8
SWK,Stanley Black & Decker,71.55,35,2,-23,-38,-24,44,2,-29,-1,16,-8
CCCS,CCC Intelligent Solutions,9.61,12,10,-22,0,0,4,13,-21,-5,-9,-9
JKHY,Jack Henry & Associates,179.51,0,4,10,3,17,-3,-12,-21,10,-26,-9
HHH,Howard Hughes Holdings,69.0,2,0,-7,-5,-10,13,-3,-22,13,1,-9
FBIN,Fortune Brands Innovations,54.33,35,0,-20,-4,11,5,2,-26,-1,-20,-9
CDW,CDW,182.84,49,36,-36,3,52,16,-15,-57,-7,-63,-11
DHR,Danaher Corporation,202.44,6,18,-23,0,1,8,17,-34,-3,-12,-11
AR,Antero Resources,37.21,-33,0,35,9,11,-48,13,4,9,-22,-11
HPQ,HP Inc.,25.83,31,0,-19,0,12,5,-21,-23,15,-24,-12
AA,Alcoa,31.53,21,3,-15,-19,-10,14,36,-21,-31,-2,-12
EPAM,EPAM Systems,179.57,38,7,-20,-26,-1,49,-13,-11,-36,-11,-12
S,SentinelOne,18.11,35,0,-19,0,16,4,-24,-22,13,-29,-13
EQR,Equity Residential,66.67,-7,0,0,12,5,-7,-27,4,12,-18,-13
SEE,Sealed Air,32.84,14,36,-18,-23,9,13,-7,2,-31,-23,-14
YETI,Yeti Holdings,33.29,23,3,-29,-5,-8,21,2,-20,-9,-6,-14
KBR,"KBR, Inc.",47.46,-8,-9,-24,0,-41,-18,-9,-2,56,27,-14
DOC,Healthpeak Properties,18.3,16,0,-11,-30,-25,12,16,-26,8,10,-15
AZTA,Azenta,32.88,39,1,-47,-30,-37,13,30,-13,-8,22,-15
UHAL,U-Haul,61.56,0,-11,-9,21,1,11,-24,-22,19,-16,-15
DBX,Dropbox,27.54,-14,0,13,8,7,-6,-23,-1,7,-23,-16
TECH,Bio-Techne,53.21,37,0,-21,-23,-7,5,12,-21,-5,-9,-16
BILL,Bill.com,46.55,53,4,-18,0,39,-8,3,-14,-36,-55,-16
KMX,CarMax,71.56,14,0,-13,-35,-34,12,13,-17,10,18,-16
GTLB,GitLab,45.14,29,-15,-15,0,-1,4,-23,-14,17,-16,-17
AXTA,Axalta,31.25,14,-23,-10,21,2,5,-26,-23,25,-19,-17
WFRD,Weatherford International,55.32,14,7,-38,0,-17,30,16,-42,-4,0,-17
ZM,Zoom Communications,77.56,2,0,0,0,2,-7,-19,4,3,-19,-17
FANG,Diamondback Energy,142.07,0,2,-23,46,25,5,-2,-42,-4,-43,-18
AVTR,Avantor,13.89,16,0,-23,0,-7,5,22,-34,-4,-11,-18
LSCC,Lattice Semiconductor,52.29,6,2,-14,0,-6,5,8,-11,-14,-12,-18
INVH,Invitation Homes,32.49,-42,0,-2,6,-38,-3,-6,15,13,19,-19
PEP,PepsiCo,136.49,22,0,-36,0,-14,24,16,-33,-12,-5,-19
UAA,Under Armour (Class A),7.22,52,26,-22,-43,13,25,1,-22,-36,-32,-19
HOLX,Hologic,65.29,-1,24,-29,0,-6,-10,31,-29,-6,-14,-20
RYAN,Ryan Specialty,65.81,-7,-6,0,0,-13,-18,-12,-3,24,-9,-22
RNG,RingCentral,29.49,37,17,-20,-40,-6,44,4,-20,-44,-16,-22
ENTG,Entegris,86.48,49,2,-38,-5,8,5,12,-43,-4,-30,-22
WDAY,"Workday, Inc.",237.75,0,-8,-4,13,1,-2,-22,2,-1,-23,-22
SITE,SiteOne Landscape Supply,128.99,19,3,-20,-8,-6,12,2,-23,-7,-16,-22
HSY,Hershey Company (The),177.09,14,2,-39,0,-23,10,17,-8,-18,1,-22
ETSY,Etsy,52.97,7,26,-2,-29,2,12,-5,4,-36,-25,-23
PFE,Pfizer,25.33,14,17,-27,-22,-18,14,42,-35,-27,-6,-24
OKTA,"Okta, Inc.",98.12,0,-17,18,-23,-22,-9,-21,23,5,-2,-24
TEAM,Atlassian,206.8,28,-15,-4,-5,4,-1,-25,-12,10,-28,-24
IPGP,IPG Photonics,73.37,35,35,-80,-43,-53,50,42,-21,-43,28,-25
M,"Macy's, Inc.",12.49,21,2,-25,-14,-16,36,-22,-19,-5,-10,-26
BRKR,Bruker,42.47,37,2,-54,-7,-22,50,12,-58,-8,-4,-26
OGN,Organon & Co.,10.16,14,0,-23,0,-9,5,17,-36,-3,-17,-26
MAA,Mid-America Apartment Communities,149.21,4,-22,0,0,-18,13,-29,-2,10,-8,-26
PVH,PVH Corp.,73.17,30,-19,-26,-2,-17,37,-19,-22,-6,-10,-27
FRPT,Freshpet,72.23,9,-13,-18,-5,-27,13,-17,-14,18,0,-27
IQV,IQVIA,164.74,22,1,-34,-5,-16,12,17,-36,-5,-12,-28
PK,Park Hotels & Resorts,10.81,14,2,-20,-6,-10,5,2,-22,-4,-19,-29
SJM,J.M. Smucker Company (The),104.8,21,-16,-6,-3,-4,14,-16,-4,-22,-28,-32
HUBS,HubSpot,546.1,1,-15,-4,10,-8,-8,-23,-12,18,-25,-33
ZTS,Zoetis,159.9,2,2,-29,-2,-27,5,-10,3,-4,-6,-33
DV,DoubleVerify,15.12,23,9,-64,0,-32,26,-6,-12,-9,-1,-33
LKQ,LKQ Corporation,38.56,13,-13,-4,0,-4,13,-19,-8,-16,-30,-34
SHC,Sotera Health,11.65,14,-13,-21,0,-20,5,-20,4,-5,-16,-36
MOH,Molina Healthcare,238.77,-7,-28,-7,0,-42,14,2,-3,-7,6,-36
UWMC,United Wholesale Mortgage,4.3,14,0,-23,0,-9,11,1,-36,-3,-27,-36
BBY,Best Buy,71.59,14,2,-18,-5,-7,7,-6,-29,-1,-29,-36
WTRG,Essential Utilities,37.11,-7,-15,0,-2,-24,-2,-31,16,4,-13,-37
SLB,Schlumberger,35.9,13,0,-64,0,-51,26,12,-15,-9,14,-37
LOAR,Loar Holdings,81.58,-8,0,0,0,-8,-12,-26,8,0,-30,-38
DAY,Dayforce,55.47,-7,0,-14,-11,-32,14,-6,-18,4,-6,-38
SON,Sonoco,46.65,14,2,-38,0,-22,8,-12,1,-13,-16,-38
FMC,FMC Corporation,44.46,13,25,-34,-23,-19,7,29,-30,-25,-19,-38
BHF,Brighthouse Financial,53.77,-44,0,12,10,-22,-9,-18,4,7,-16,-38
WSC,WillScot Mobile Mini,28.9,47,2,-59,-5,-15,44,-21,-36,-11,-24,-39
WBD,Warner Bros. Discovery,11.11,0,16,6,-41,-19,-14,36,2,-44,-20,-39
PCTY,Paylocity,180.04,2,-14,0,-2,-14,-1,-16,-13,4,-26,-40
CGNX,Cognex Corporation,32.79,36,18,-34,-30,-10,47,4,-42,-39,-30,-40
UHAL-B,U-Haul (Series N),55.99,12,0,-17,0,-5,11,-23,-31,8,-35,-40
WLK,Westlake Corporation,81.79,29,0,-34,0,-5,14,2,-46,-5,-35,-40
EMN,Eastman Chemical Company,79.93,14,0,-15,0,-1,5,-15,-29,-1,-40,-41
IEX,IDEX Corporation,182.17,14,1,-22,0,-7,13,-20,-22,-5,-34,-41
VFC,VF Corporation,12.47,14,-13,-14,-42,-55,44,-24,-14,6,12,-43
FRT,Federal Realty Investment Trust,94.92,-11,2,-17,1,-25,-2,-6,-23,13,-18,-43
POOL,Pool Corporation,302.47,14,-15,-17,-5,-23,9,2,-23,-8,-20,-43
MTCH,Match Group,32.44,14,20,-20,-36,-22,14,28,-27,-37,-22,-44
AKAM,Akamai Technologies,79.46,0,3,-20,-6,-23,-3,11,-20,-9,-21,-44
DVN,Devon Energy,33.38,0,2,-44,-4,-46,5,15,3,-21,2,-44
WY,Weyerhaeuser,26.71,6,0,-17,0,-11,5,-3,-29,-7,-34,-45
LSTR,Landstar,146.53,18,2,-29,0,-9,14,-8,-36,-6,-36,-45
EXAS,Exact Sciences,53.87,22,4,-22,-24,-20,1,-13,2,-15,-25,-45
RARE,Ultragenyx,39.47,7,16,-21,-37,-35,5,15,-29,-2,-11,-46
GME,GameStop,23.94,21,-14,-4,-29,-26,-3,-16,5,-6,-20,-46
COO,Cooper Companies (The),73.03,28,-23,-21,-4,-20,28,-27,-26,-2,-27,-47
MRK,Merck & Co.,82.38,14,0,-41,0,-27,14,16,-45,-5,-20,-47
ADBE,Adobe Inc.,378.48,-7,-1,-30,-5,-43,47,-13,-34,-4,-4,-47
TTC,Toro Company (The),74.62,49,2,-29,-6,16,14,-18,-42,-19,-65,-49
GNTX,Gentex,23.22,30,1,-36,-7,-12,47,-25,-53,-7,-38,-50
JAZZ,Jazz Pharmaceuticals,109.91,14,0,-9,-5,0,5,-7,-10,-38,-50,-50
GMED,Globus Medical,60.55,16,-91,-9,0,-84,44,-7,-14,11,34,-50
PCG,PG&E Corporation,13.98,1,-20,-24,0,-43,-2,-22,-23,39,-8,-51
CHRD,Chord Energy,104.0,3,17,-44,1,-23,5,20,-48,-5,-28,-51
GFS,GlobalFoundries,39.54,14,14,-76,0,-48,12,12,-11,-16,-3,-51
CE,Celanese,60.61,30,21,-37,-9,5,5,2,-55,-8,-56,-51
MTN,Vail Resorts,164.44,15,26,-27,-22,-8,28,-16,-21,-35,-44,-52
REXR,Rexford Industrial,37.03,6,21,-40,-17,-30,8,36,-35,-31,-22,-52
MRNA,Moderna,30.29,35,0,-49,-3,-17,50,1,-49,-38,-36,-53
VKTX,Viking Therapeutics,27.72,7,2,-34,20,-5,5,-21,-27,-5,-48,-53
ELV,Elevance Health,350.22,-7,-1,-38,0,-46,-4,2,-4,-2,-8,-54
PAYC,Paycom,228.09,0,0,13,-23,-10,-3,-10,4,-36,-45,-55
CC,Chemours,12.71,37,2,-59,-12,-32,14,13,-21,-29,-23,-55
TREX,"Trex Company, Inc.",59.3,14,1,-48,-12,-45,14,1,-20,-5,-10,-55
EG,Everest Group,333.99,-7,-17,-30,54,0,-4,-17,-31,-4,-56,-56
TXG,10x Genomics,13.01,40,17,-70,0,-13,49,18,-69,-41,-43,-56
HUM,Humana,243.69,30,0,-83,-11,-64,36,4,-14,-19,7,-57
LYB,LyondellBasell,62.58,13,1,-38,0,-24,13,12,-52,-6,-33,-57
NWL,Newell Brands,5.92,14,2,-21,-30,-35,26,6,-21,-35,-24,-59
CERT,"Certara, Inc.",11.49,30,-14,-9,0,7,-3,-31,-1,-31,-66,-59
PINC,"Premier, Inc.",21.71,-4,0,11,-27,-20,-4,-11,9,-33,-39,-59
TAP,Molson Coors,49.55,9,-47,-7,0,-45,17,-21,-8,-2,-14,-59
IFF,International Flavors & Fragrances,76.64,6,1,-17,-30,-40,5,-7,-29,10,-21,-61
HOG,Harley-Davidson,25.44,14,2,-37,-8,-29,28,-18,-32,-10,-32,-61
ASH,Ashland Global,53.45,20,1,-35,-8,-22,13,2,-47,-9,-41,-63
TSLA,"Tesla, Inc.",315.65,-30,1,0,9,-20,-42,8,-18,9,-43,-63
IAC,IAC Inc.,39.38,28,5,-34,-30,-31,26,7,-29,-37,-33,-64
PLTK,Playtika,5.01,23,2,-20,0,5,13,-32,-21,-30,-70,-65
RGEN,Repligen,126.91,17,-16,-10,-16,-25,14,-6,-14,-36,-42,-67
MKTX,MarketAxess,219.23,-5,3,-22,-28,-52,12,12,4,-43,-15,-67
COP,ConocoPhillips,94.42,6,1,-39,0,-32,13,14,-55,-7,-35,-67
CZR,Caesars Entertainment,29.64,14,9,-20,-24,-21,14,4,-29,-36,-47,-68
LBTYA,Liberty Global (Series A),10.02,35,0,-34,-30,-29,-2,4,-32,-9,-39,-68
FCN,FTI Consulting,163.79,17,0,-31,0,-14,11,-21,-41,-4,-55,-69
BRBR,BellRing Brands,57.49,-2,-40,-7,0,-49,-2,-32,-13,26,-21,-70
CPRI,Capri Holdings,18.12,30,5,-66,-10,-41,44,-13,-30,-31,-30,-71
WEN,Wendy's Company (The),11.65,-2,-6,-31,-7,-46,7,8,-26,-14,-25,-71
MDB,MongoDB Inc.,204.41,-1,7,-20,-8,-22,-12,-8,-21,-8,-49,-71
DUOL,Duolingo,396.86,-121,-2,47,0,-76,-9,-16,8,22,5,-71
AAL,American Airlines Group,11.62,35,4,-15,-75,-51,44,-14,-15,-38,-23,-74
TDC,Teradata,23.18,27,3,-73,-16,-59,42,-23,-21,-15,-17,-76
CLF,Cleveland-Cliffs,8.76,23,1,-57,-15,-48,20,14,-57,-7,-30,-78
CLVT,Clarivate,4.45,33,7,-71,-5,-36,36,-6,-31,-41,-42,-78
OLN,Olin Corporation,21.96,14,1,-54,-8,-47,44,1,-56,-22,-33,-80
ALGN,Align Technology,196.97,48,21,-61,-24,-16,19,10,-56,-37,-64,-80
UPS,United Parcel Service,105.55,28,2,-100,-15,-85,29,36,-28,-33,4,-81
NSA,National Storage Affiliates,32.52,0,-29,-9,-3,-41,9,-30,-30,11,-40,-81
COLM,Columbia Sportswear,64.25,23,-79,-15,-5,-76,13,-22,-10,12,-7,-83
REGN,Regeneron Pharmaceuticals,547.32,22,-23,-35,-3,-39,14,-20,-36,-3,-45,-84
LBTYK,Liberty Global (Series C),10.2,27,0,-34,-29,-36,-2,17,-31,-35,-51,-87
CIVI,Civitas Resources,29.6,0,0,-49,-5,-54,7,16,-49,-8,-34,-88
BAX,Baxter International,31.11,14,1,-17,-37,-39,5,-6,-8,-40,-49,-88
QDEL,QuidelOrtho,30.19,21,-12,-17,-37,-45,44,-25,-17,-46,-44,-89
BG,Bunge Global,81.37,-20,14,-38,0,-44,-57,10,4,-4,-47,-91
RIVN,Rivian,12.88,-27,-4,-1,0,-32,-25,-19,5,-20,-59,-91
NOV,NOV Inc.,13.19,0,1,-49,-11,-59,5,17,-40,-14,-32,-91
OXY,Occidental Petroleum,43.93,0,2,-49,0,-47,5,18,-53,-15,-45,-92
MAN,ManpowerGroup,44.03,14,0,-40,-27,-53,43,-12,-40,-35,-44,-97
AES,AES Corporation,11.12,7,0,-36,-10,-39,11,1,-47,-23,-58,-97
BDX,Becton Dickinson,177.23,16,-89,-22,-4,-99,25,2,-13,-14,0,-99
RYN,Rayonier,23.18,7,-61,-14,-4,-72,12,-7,-26,-8,-29,-101
ARE,Alexandria Real Estate Equities,76.26,13,0,-31,-29,-47,12,10,-42,-34,-54,-101
CHE,Chemed Corporation,471.55,-21,-29,-5,0,-55,-19,-17,-3,-7,-46,-101
KVUE,Kenvue,20.9,-76,-20,0,0,-96,-3,-21,13,2,-9,-105
NKE,"Nike, Inc.",76.43,33,4,-71,-20,-54,51,4,-72,-35,-52,-106
DOW,Dow Inc.,28.72,1,-11,-37,0,-47,5,-6,-52,-7,-60,-107
ANGI,Angi Inc.,16.37,14,21,-34,-50,-49,26,-11,-32,-43,-60,-109
DJT,Trump Media & Technology Group,18.19,0,-23,-50,0,-73,13,-25,-18,-8,-38,-111
GLOB,Globant,91.23,2,-32,-20,-6,-56,-3,-26,-20,-6,-55,-111
PII,Polaris Inc.,46.67,16,5,-94,-16,-89,28,2,-37,-16,-23,-112
INTC,Intel,21.88,-2,0,-63,-19,-84,-19,12,-11,-11,-29,-113
ELS,Equity Lifestyle Properties,61.62,-41,-6,-15,0,-62,-3,-20,-26,-2,-51,-113
FTRE,Fortrea,5.16,-8,-13,-30,0,-51,-1,-2,-59,-1,-63,-114
COTY,Coty,5.09,6,0,-58,-6,-58,14,-3,-60,-8,-57,-115
STZ,Constellation Brands,173.85,13,-19,-39,0,-45,14,-23,-55,-7,-71,-116
KHC,Kraft Heinz,27.05,14,-49,-36,-3,-74,13,-39,-8,-9,-43,-117
INSP,Inspire Medical Systems,130.71,2,-33,-17,-5,-53,-1,-25,-22,-16,-64,-117
DXC,DXC Technology,15.95,21,2,-19,-72,-68,14,-6,-26,-33,-51,-119
BIRK,Birkenstock,49.05,-99,-6,-4,0,-109,-3,-13,4,0,-12,-121
HAL,Halliburton,21.7,0,0,-57,-4,-61,5,-1,-56,-8,-60,-121
APA,APA Corporation,19.5,0,18,-79,-11,-72,27,22,-83,-18,-52,-124
LW,Lamb Weston,52.75,-5,0,-66,-7,-78,-12,-3,-20,-13,-48,-126
KSS,Kohl's,9.19,16,2,-56,-30,-68,28,2,-57,-31,-58,-126
GIS,General Mills,53.83,13,-60,-35,-3,-85,14,-6,-31,-18,-41,-126
ALB,Albemarle Corporation,67.98,35,1,-122,-22,-108,5,12,-21,-24,-28,-136
VSTS,Vestis,6.14,5,-105,-15,0,-115,5,-7,-21,0,-23,-138
MPW,Medical Properties Trust,4.47,0,-36,0,-35,-71,1,-34,-1,-34,-68,-139
LEG,Leggett & Platt,9.92,14,21,-126,-29,-120,5,12,1,-37,-19,-139
LINE,"Lineage, Inc.",43.68,-24,-61,0,0,-85,-34,4,-25,0,-55,-140
TRIP,Tripadvisor,15.01,14,1,-55,-51,-91,21,-15,-12,-43,-49,-140
NFE,New Fortress Energy,3.9,21,-92,-65,-2,-138,37,1,-16,-24,-2,-140
PRGO,Perrigo,27.26,15,7,0,-112,-90,10,2,-9,-54,-51,-141
BMRN,BioMarin Pharmaceutical,57.18,13,-61,-44,-19,-111,28,-32,-9,-21,-34,-145
BIIB,Biogen,133.17,14,1,-78,-26,-89,7,-6,-41,-17,-57,-146
CNC,Centene,33.78,-7,-29,-38,-10,-84,-3,-27,-7,-27,-64,-148
FIVN,Five9,26.74,-1,2,-73,-34,-106,14,-7,-11,-39,-43,-149
ENOV,Enovis,33.45,30,-29,-59,-16,-74,5,-25,-19,-36,-75,-149
REYN,Reynolds Consumer Products,21.82,20,-102,-22,0,-104,21,-32,-34,-2,-47,-151
ACHC,Acadia Healthcare,23.2,27,-88,-42,-10,-113,37,-25,-36,-15,-39,-152
SPB,Spectrum Brands,56.37,18,-136,-22,-3,-143,14,-26,-21,23,-10,-153
RHI,Robert Half,43.0,14,-110,-23,-8,-127,40,-15,-21,-31,-27,-154
GO,Grocery Outlet,13.07,0,-12,-94,0,-106,7,-33,4,-27,-49,-155
APLS,Apellis Pharmaceuticals,17.82,-4,-4,-64,-15,-87,10,-6,-62,-17,-75,-162
COLD,Americold,16.99,0,-64,-35,-10,-109,1,-6,-35,-14,-54,-163
CPT,Camden Property Trust,113.4,-81,0,0,0,-81,-91,-6,4,10,-83,-164
LCID,Lucid Motors,2.05,-28,-24,-26,0,-78,-23,-21,-11,-34,-89,-167
SAM,Boston Beer Company,205.18,10,-25,-29,-36,-80,16,-35,-25,-43,-87,-167
BF-A,Brown–Forman (Class A),29.29,22,-23,-96,-17,-114,28,-23,-36,-23,-54,-168
BF-B,Brown–Forman (Class B),28.7,21,-23,-97,-17,-116,26,-22,-29,-27,-52,-168
CAG,Conagra Brands,21.14,0,-54,-26,-6,-86,13,-68,-8,-22,-85,-171
ZBH,Zimmer Biomet,93.56,14,-59,-59,-16,-120,13,2,-58,-17,-60,-180
CPB,Campbell Soup Company,31.94,5,-61,-26,-5,-87,10,-71,-33,-4,-98,-185
XRAY,Dentsply Sirona,16.57,27,9,-75,-41,-80,5,-12,-62,-39,-108,-188
HUN,Huntsman Corporation,11.31,13,-72,-39,-14,-112,14,-28,-34,-32,-80,-192
WU,Western Union,8.73,12,-61,-17,-45,-111,5,-30,-52,-4,-81,-192
FLO,Flowers Foods,16.37,14,-61,-31,-7,-85,12,-53,-51,-22,-114,-199
CLX,Clorox,124.68,13,-124,-11,-4,-126,15,-82,-21,12,-76,-202
SRPT,Sarepta Therapeutics,18.2,0,-118,-23,-6,-147,5,-12,-44,-5,-56,-203
CRI,Carter's,32.19,14,-105,-56,-16,-163,14,-29,-33,-8,-56,-219
TFX,Teleflex,121.56,14,-105,-36,-38,-165,9,-60,-32,-9,-92,-257
ENPH,Enphase Energy,40.97,13,-120,-40,-19,-166,4,-61,-47,-23,-127,-293
WOLF,Wolfspeed,0.77,0,-30,-128,-29,-187,12,-29,-94,-36,-147,-334
