Symbol,Name,Close,1H Cloud Score,1D Cloud Score,1W Cloud Score,1M Cloud Score,Cloud Score Sum,1H TKx Score,1D TKx Score,1W TKx Score,1M TKx Score,TKx Score Sum,Total Score Sum
TJX,TJX Companies,143.87,0,56,158,200,414,2,-6,127,195,318,732
COOP,Mr. Cooper Group,210.79,-7,100,126,60,279,11,99,124,58,292,571
MPWR,Monolithic Power Systems,1028.71,49,113,13,159,334,118,57,20,2,197,531
AAPL,Apple Inc.,262.84,17,80,8,253,358,17,48,12,73,150,508
ORLY,O'Reilly Auto Parts,101.29,-22,0,173,201,352,1,-7,64,91,149,501
COR,Cencora,328.84,65,36,54,77,232,73,45,65,70,253,485
ORI,Old Republic International,41.97,-34,50,157,60,233,3,48,127,57,235,468
PLTR,Palantir Technologies,181.51,14,126,126,0,266,10,24,129,22,185,451
CASY,Casey's,547.66,-6,32,123,89,238,-24,28,127,80,211,449
BSX,Boston Scientific,99.86,35,-28,154,146,307,33,2,20,59,114,421
WELL,Welltower,175.1,23,7,126,60,216,39,-6,143,26,202,418
FIX,Comfort Systems USA,829.36,0,116,27,66,209,-5,128,20,57,200,409
RL,Ralph Lauren Corporation,334.97,27,115,104,36,282,35,44,20,28,127,409
HWM,Howmet Aerospace,197.2,19,30,158,31,238,8,1,102,59,170,408
RTX,RTX Corporation,172.97,7,112,87,56,262,14,21,94,16,145,407
WRB,W. R. Berkley Corporation,75.0,-33,39,104,178,288,-27,52,34,57,116,404
ROL,"Rollins, Inc.",56.33,0,-5,41,288,324,9,-4,33,37,75,399
APH,Amphenol,124.44,0,126,29,67,222,-1,128,20,29,176,398
GD,General Dynamics,340.7,7,135,18,56,216,9,90,20,59,178,394
SO,Southern Company,96.99,-6,13,86,192,285,-19,14,33,81,109,394
DTE,DTE Energy,142.24,17,21,84,191,313,8,18,37,15,78,391
EXC,Exelon,48.01,151,16,65,16,248,110,15,4,12,141,389
NRG,NRG Energy,163.49,-7,28,113,96,230,-15,27,123,23,158,388
MCD,McDonald's,307.45,43,0,2,244,289,51,-24,8,59,94,383
ACM,AECOM,134.23,14,119,26,67,226,10,48,20,73,151,377
GOOG,Alphabet (Class C),251.32,40,102,17,178,337,-3,4,14,23,38,375
KLAC,KLA Corporation,1147.63,29,32,24,179,264,37,26,20,28,111,375
IBM,IBM,282.01,0,24,119,56,199,14,32,66,58,170,369
CDNS,Cadence Design Systems,333.44,0,-8,27,143,162,14,-11,20,182,205,367
SNX,TD Synnex,153.89,-4,113,25,65,199,7,119,18,23,167,366
YUM,Yum! Brands,148.54,14,2,1,261,278,33,-8,4,59,88,366
GOOGL,Alphabet (Class A),250.43,40,102,18,178,338,-3,-8,15,23,27,365
ETR,Entergy,95.64,-7,23,86,139,241,-18,22,99,16,119,360
DUK,Duke Energy,128.32,1,13,86,185,285,10,15,32,18,75,360
CIEN,Ciena,169.71,127,113,19,14,273,14,35,18,18,85,358
L,Loews Corporation,99.43,-34,113,122,57,258,3,48,20,26,97,355
ANET,Arista Networks,145.89,-2,98,17,60,173,14,94,16,58,182,355
J,Jacobs Solutions,164.49,40,111,16,108,275,11,22,17,21,71,346
ATO,Atmos Energy,177.06,0,53,84,47,184,4,15,95,47,161,345
TPR,"Tapestry, Inc.",117.14,41,113,90,23,267,9,30,18,21,78,345
CRS,Carpenter Technology Corporation,249.0,0,0,156,37,193,10,10,81,51,152,345
LOPE,Grand Canyon Education,215.1,11,53,157,37,258,8,-2,44,36,86,344
RBC,RBC Bearings,392.5,14,0,103,166,283,13,-36,24,59,60,343
EME,Emcor,689.94,19,113,27,60,219,14,32,18,59,123,342
EHC,Encompass Health,124.89,21,47,153,31,252,33,-8,34,31,90,342
AYI,Acuity Brands,364.92,48,89,14,29,180,5,118,16,22,161,341
COST,Costco,937.14,0,-24,0,182,158,2,2,-12,186,178,336
LHX,L3Harris,292.4,-1,135,22,7,163,7,128,22,16,173,336
TIGO,Millicom,46.4,-7,193,87,4,277,-5,10,34,18,57,334
MDU,MDU Resources,19.35,161,21,5,60,247,11,23,20,32,86,333
GE,GE Aerospace,306.67,25,124,29,29,207,14,35,40,31,120,327
GRMN,Garmin,251.28,0,86,122,21,229,12,47,16,23,98,327
COKE,Coca-Cola Consolidated,132.83,109,16,2,68,195,68,9,1,54,132,327
ABBV,AbbVie,231.42,9,65,26,60,160,17,72,12,66,167,327
AM,Antero Midstream,18.25,-8,2,158,25,177,10,-6,88,57,149,326
MNST,Monster Beverage,68.91,0,52,36,182,270,-5,26,29,6,56,326
AWI,Armstrong World Industries,203.71,18,120,104,23,265,10,10,20,21,61,326
MA,Mastercard,572.09,7,-8,136,157,292,12,-26,20,28,34,326
JPM,JPMorgan Chase,297.06,-9,0,133,160,284,-4,-6,20,28,38,322
MCK,McKesson Corporation,787.38,61,24,52,60,197,12,41,2,69,124,321
CTAS,Cintas,196.48,7,-47,0,169,129,14,-9,-3,189,191,320
V,Visa Inc.,347.21,3,2,147,135,287,8,-1,-3,28,32,319
AAON,AAON,102.35,-2,24,0,247,269,6,42,2,-1,49,318
WMT,Walmart,106.22,0,37,137,103,277,-16,5,20,31,40,317
PPL,PPL Corporation,37.52,-5,71,86,25,177,8,17,98,16,139,316
CNP,Centerpoint Energy,39.81,41,67,59,47,214,7,25,53,17,102,316
CW,Curtiss-Wright,552.77,-1,121,29,56,205,9,29,20,51,109,314
MSI,Motorola Solutions,448.1,-34,-5,11,155,127,8,-19,11,187,187,314
HUBB,Hubbell Incorporated,435.49,41,0,11,184,236,6,-19,16,73,76,312
STE,Steris,242.08,17,0,24,197,238,33,-19,32,27,73,311
DCI,Donaldson Company,83.74,29,65,12,67,173,14,72,20,32,138,311
SRE,Sempra,92.27,0,68,10,183,261,8,23,18,1,50,311
MS,Morgan Stanley,159.23,-1,113,86,66,264,2,5,20,18,45,309
WM,"Waste Management, Inc.",214.87,-1,-42,-1,189,145,11,-5,-4,161,163,308
NI,NiSource,43.71,14,20,84,47,165,8,20,99,16,143,308
BK,BNY Mellon,107.01,-1,115,104,42,260,9,-3,20,21,47,307
JNJ,Johnson & Johnson,191.88,131,79,18,9,237,33,14,15,8,70,307
LDOS,Leidos,193.25,7,125,12,25,169,11,82,23,21,137,306
URI,United Rentals,1002.76,17,113,17,66,213,6,10,18,59,93,306
MMC,Marsh McLennan,188.9,-28,-4,-13,177,132,2,11,-21,180,172,304
GLW,Corning Inc.,86.07,7,112,29,19,167,-16,119,18,16,137,304
ADI,Analog Devices,246.31,28,3,21,181,233,40,-18,20,28,70,303
DGX,Quest Diagnostics,184.54,0,52,78,20,150,56,3,78,16,153,303
INSM,Insmed,165.37,2,93,74,18,187,10,63,20,22,115,302
WMB,Williams Companies,62.33,-8,24,122,54,192,1,29,20,59,109,301
LLY,Lilly (Eli),799.58,-27,18,-2,174,163,2,35,2,98,137,300
EVRG,Evergy,78.12,0,94,68,16,178,1,22,87,12,122,300
AMAT,Applied Materials,226.0,45,24,5,151,225,39,24,18,-7,74,299
AMD,Advanced Micro Devices,238.07,107,12,8,112,239,35,14,20,-9,60,299
WDC,Western Digital,121.39,0,113,22,20,155,-5,124,20,5,144,299
ITT,ITT Inc.,174.62,0,119,26,101,246,12,-8,20,28,52,298
LYV,Live Nation Entertainment,157.24,21,-10,104,149,264,14,-18,19,18,33,297
AVGO,Broadcom,342.67,-2,116,29,118,261,-7,-9,20,32,36,297
MEDP,Medpace,546.14,27,87,14,34,162,19,97,14,4,134,296
CAT,Caterpillar Inc.,524.71,0,112,18,66,196,-14,37,18,59,100,296
HEI,HEICO (Common),315.35,1,-9,35,191,218,8,-17,26,59,76,294
GILD,Gilead Sciences,124.1,79,11,61,37,188,40,5,18,41,104,292
HCA,HCA Healthcare,431.96,18,52,13,99,182,33,20,26,31,110,292
NEM,Newmont,86.31,-7,137,29,7,166,-15,99,29,12,125,291
KO,Coca-Cola Company (The),71.24,46,1,4,184,235,40,7,-8,16,55,290
SCI,Service Corporation International,82.79,7,29,7,177,220,14,23,18,15,70,290
EBAY,eBay,94.98,28,2,87,16,133,39,5,92,18,154,287
VTR,"Ventas, Inc.",70.25,28,69,82,24,203,36,16,14,17,83,286
FLEX,Flex Ltd.,62.31,49,42,28,60,179,-9,35,20,59,105,284
FYBR,Frontier Communications,37.51,20,51,99,0,170,-3,-5,104,16,112,282
THC,Tenet Healthcare,202.37,20,50,24,59,153,35,47,18,26,126,279
LRCX,Lam Research,144.99,14,35,19,154,222,14,27,20,-7,54,276
HD,Home Depot (The),390.85,23,0,11,182,216,41,-16,12,21,58,274
WEC,WEC Energy Group,116.57,0,69,65,15,149,8,26,78,13,125,274
ETN,Eaton Corporation,373.36,-7,23,18,116,150,1,30,18,74,123,273
MLI,Mueller Industries,104.33,14,85,17,60,176,10,-4,18,73,97,273
SPOT,Spotify,689.25,7,0,122,14,143,12,-10,105,22,129,272
AMGN,Amgen,301.25,19,15,2,167,203,11,9,8,38,66,269
SGI,Somnigroup International,84.83,-16,113,51,66,214,1,6,20,28,55,269
HEI-A,HEICO (Class A),246.23,0,-9,36,184,211,8,-10,27,32,57,268
CRH,CRH plc,118.22,-4,67,17,66,146,2,76,14,29,121,267
TT,Trane Technologies,424.17,5,0,26,166,197,3,16,20,31,70,267
GWRE,Guidewire Software,254.0,61,4,120,23,208,14,2,20,22,58,266
UNP,Union Pacific Corporation,226.47,0,3,1,200,204,16,21,4,21,62,266
NVT,nVent Electric,99.64,0,113,18,14,145,-16,126,18,-7,121,266
CHD,Church & Dwight,87.99,0,-61,-26,346,259,26,-24,-24,27,5,264
PWR,Quanta Services,437.64,4,20,27,101,152,-7,24,20,74,111,263
TDY,Teledyne Technologies,574.06,0,112,62,16,190,9,27,20,17,73,263
TRV,Travelers Companies (The),269.36,0,0,101,60,161,10,-1,34,58,101,262
AME,Ametek,188.29,20,2,14,108,144,11,-17,20,103,117,261
PANW,Palo Alto Networks,214.43,7,33,9,83,132,14,34,20,59,127,259
MSFT,Microsoft,517.74,0,0,26,175,201,12,-2,20,27,57,258
OGE,OGE Energy,46.66,0,18,78,47,143,2,19,78,16,115,258
CACI,CACI,534.24,14,18,12,156,200,11,25,24,-3,57,257
DDS,Dillard's,593.66,-20,95,24,56,155,-22,49,17,57,101,256
AU,AngloGold Ashanti,66.72,-7,57,86,20,156,-16,66,34,16,100,256
LOW,Lowe's,245.28,27,0,2,168,197,41,-16,11,21,57,254
LMT,Lockheed Martin,489.51,-7,39,0,167,199,12,41,5,-4,54,253
ITW,Illinois Tool Works,257.15,10,-10,12,180,192,33,-20,17,31,61,253
PTC,PTC Inc.,204.52,22,0,16,184,222,14,-29,17,28,30,252
LH,Labcorp,284.01,30,63,65,17,175,35,2,18,20,75,250
CVS,CVS Health,83.03,56,48,20,1,125,61,52,10,2,125,250
CME,CME Group,268.64,0,0,64,138,202,12,17,-2,21,48,250
IDA,Idacorp,135.49,0,82,66,20,168,13,21,36,12,82,250
AZO,AutoZone,4012.24,-24,-2,104,88,166,-30,-10,64,59,83,249
ELAN,Elanco,21.62,21,116,12,0,149,39,48,19,-8,98,247
AXON,Axon Enterprise,706.64,5,-29,155,96,227,9,-20,-1,32,20,247
HOOD,Robinhood Markets,131.82,-42,115,91,0,164,10,32,20,20,82,246
CAH,Cardinal Health,158.65,16,18,65,40,139,12,32,2,59,105,244
DASH,DoorDash,261.87,-25,112,107,0,194,-19,27,20,20,48,242
ALLE,Allegion,179.43,30,125,19,23,197,5,-4,20,24,45,242
BR,Broadridge Financial Solutions,232.33,0,-27,124,147,244,7,-35,-2,27,-3,241
HII,Huntington Ingalls Industries,287.53,7,152,18,8,185,8,32,26,-11,55,240
TDG,TransDigm Group,1329.03,10,0,7,159,176,11,-6,-3,59,61,237
XEL,Xcel Energy,80.63,-7,69,61,14,137,-18,38,69,11,100,237
ROIV,Roivant Sciences,17.88,48,50,11,0,109,40,66,20,2,128,237
AXP,American Express,355.17,21,42,27,101,191,14,-10,18,23,45,236
XYL,Xylem Inc.,147.19,1,113,18,24,156,14,22,20,24,80,236
PSA,Public Storage,308.27,118,18,2,3,141,63,13,20,-2,94,235
ORCL,Oracle Corporation,275.14,-14,-2,21,200,205,-15,-5,20,29,29,234
BWXT,BWX Technologies,205.21,3,111,23,37,174,-17,23,20,33,59,233
CBOE,Cboe Global Markets,232.89,-28,-2,154,57,181,-33,-2,32,53,50,231
WPC,W. P. Carey,67.51,-1,110,39,4,152,40,-4,36,7,79,231
ECG,Everus Construction Group,90.22,69,111,0,0,180,10,23,17,0,50,230
TTWO,Take-Two Interactive,260.26,3,36,55,15,109,1,43,55,22,121,230
MDT,Medtronic,95.82,0,80,21,3,104,2,94,13,15,124,228
KMI,Kinder Morgan,27.48,-4,1,102,46,145,14,-4,18,54,82,227
SYK,Stryker Corporation,379.82,22,-28,3,161,158,35,3,-1,31,68,226
FERG,Ferguson Enterprises,244.68,49,14,21,67,151,10,18,20,27,75,226
NDAQ,"Nasdaq, Inc.",90.32,7,-21,86,146,218,9,-37,20,16,8,226
NTRA,Natera,186.89,70,44,11,20,145,44,5,10,21,80,225
TER,Teradyne,143.35,6,84,5,4,99,6,114,13,-7,126,225
IBKR,Interactive Brokers,66.25,-36,24,99,59,146,-24,23,18,59,76,222
PNR,Pentair,109.04,-8,113,19,64,188,-7,-4,18,26,33,221
ROST,Ross Stores,156.39,49,56,10,37,152,13,15,9,31,68,220
SOFI,SoFi,28.74,14,105,56,0,175,10,3,18,13,44,219
STAG,STAG Industrial,38.55,48,7,4,98,157,41,7,20,-6,62,219
CMI,Cummins,417.85,0,85,15,67,167,6,-3,16,32,51,218
UI,Ubiquiti,718.65,0,42,62,12,116,-7,77,20,12,102,218
RJF,Raymond James Financial,165.73,14,0,102,60,176,11,-8,17,21,41,217
WFC,Wells Fargo,84.74,41,6,102,31,180,7,-12,20,21,36,216
CBRE,CBRE Group,160.88,35,0,102,24,161,41,-20,18,16,55,216
PCAR,Paccar,99.88,14,1,1,161,177,11,-16,7,36,38,215
INTU,Intuit,675.18,13,-44,27,193,189,14,-8,-2,22,26,215
DRS,Leonardo DRS,40.35,-51,-5,149,60,153,7,23,-1,31,60,213
AMG,Affiliated Managers Group,238.85,10,119,21,24,174,10,-10,20,19,39,213
VMC,Vulcan Materials,297.54,-28,65,16,62,115,-26,73,20,29,96,211
JCI,Johnson Controls,111.18,17,6,85,21,129,6,35,20,20,81,210
HR,Healthcare Realty Trust,18.51,42,81,12,2,137,45,4,12,11,72,209
NVDA,Nvidia,181.14,-42,24,24,136,142,-3,22,20,28,67,209
SSD,Simpson Manufacturing Company,176.98,27,0,2,158,187,32,-24,16,-3,21,208
CINF,Cincinnati Financial,156.29,0,3,95,64,162,6,-2,20,17,41,203
BLK,BlackRock,1130.0,-10,112,27,24,153,-17,23,20,23,49,202
NFLX,Netflix,1241.78,14,1,126,22,163,14,4,-1,22,39,202
ALL,Allstate,193.73,-63,-5,107,161,200,-35,-4,21,19,1,201
SPG,Simon Property Group,178.71,6,82,11,37,136,29,-6,18,23,64,200
UTHR,United Therapeutics,422.91,-33,49,8,59,83,-2,49,8,61,116,199
EXPE,Expedia Group,226.13,3,86,59,13,161,8,-3,16,16,37,198
C,Citigroup,98.24,0,113,29,20,162,8,-8,20,16,36,198
CSCO,Cisco,70.7,22,5,58,16,101,33,16,20,27,96,197
ALNY,Alnylam Pharmaceuticals,474.01,0,112,27,17,156,-1,5,20,17,41,197
SNA,Snap-on,345.69,9,34,8,61,112,-15,28,13,59,85,197
TXRH,Texas Roadhouse,178.06,49,3,2,66,120,41,9,-6,33,77,197
NFG,National Fuel Gas,82.45,-7,-1,70,54,116,-7,-6,81,12,80,196
SNDK,SanDisk,149.33,49,46,0,0,95,41,48,12,0,101,196
AGNC,AGNC Investment,10.06,1,98,21,18,138,12,9,18,19,58,196
BKNG,Booking Holdings,5288.53,2,-17,146,37,168,9,-30,20,28,27,195
AEE,Ameren,104.92,0,21,66,15,102,-5,15,71,12,93,195
IVZ,Invesco,22.94,-33,89,17,4,77,1,85,17,15,118,195
CXT,Crane NXT,67.38,16,21,5,57,99,8,13,16,58,95,194
RBA,RB Global,99.87,-29,-19,114,29,95,-26,-14,117,21,98,193
FAST,Fastenal,43.31,0,-7,59,108,160,11,-28,23,25,31,191
H,Hyatt Hotels,149.49,14,18,7,57,96,12,10,16,57,95,191
MTSI,MACOM Technology Solutions,139.43,42,6,9,60,117,41,-17,18,31,73,190
LPLA,LPL Financial,338.31,35,-38,2,101,100,33,1,-3,59,90,190
CLH,Clean Harbors,239.41,21,0,11,60,92,15,4,20,59,98,190
EXAS,Exact Sciences,63.41,114,33,3,-27,123,40,41,3,-18,66,189
PEG,Public Service Enterprise Group,83.12,0,0,4,154,158,-5,17,-1,19,30,188
ATI,ATI Inc.,84.36,3,1,26,45,75,7,32,20,54,113,188
AN,AutoNation,218.79,7,1,27,63,98,9,2,20,59,90,188
VMI,Valmont Industries,414.99,6,18,72,60,156,-16,18,17,12,31,187
RCL,Royal Caribbean Group,316.89,4,-10,131,30,155,6,-23,20,29,32,187
PSTG,Pure Storage,90.85,0,43,9,44,96,-19,35,16,59,91,187
FTAI,FTAI Aviation,172.96,14,59,13,49,135,10,-7,16,33,52,187
PGR,Progressive Corporation,221.62,-60,-93,-3,179,23,-8,-7,-13,191,163,186
EXPD,Expeditors International,121.03,19,0,2,133,154,37,-16,16,-5,32,186
ULTA,Ulta Beauty,525.53,-50,123,22,6,101,-53,126,22,-11,84,185
D,Dominion Energy,60.85,-7,111,24,3,131,1,21,20,12,54,185
THG,Hanover Insurance,175.21,0,0,71,26,97,9,-1,63,16,87,184
WCC,Wesco International,220.46,12,2,17,60,91,6,10,18,59,93,184
LIN,Linde plc,449.9,-65,-9,23,112,61,10,-15,20,108,123,184
USFD,US Foods,76.27,-4,-37,153,37,149,4,-18,20,28,34,183
AIZ,Assurant,210.81,-34,0,11,154,131,2,16,12,21,51,182
LITE,Lumentum,162.99,22,111,24,5,162,-5,-5,18,12,20,182
MLM,Martin Marietta Materials,632.03,-25,68,16,62,121,2,10,20,29,61,182
IRM,Iron Mountain,104.43,-1,27,6,59,91,-14,26,20,58,90,181
PG,Procter & Gamble,151.59,21,-22,-16,181,164,28,-16,-24,28,16,180
PLD,Prologis,125.98,35,42,9,1,87,38,41,20,-7,92,179
AJG,Arthur J. Gallagher & Co.,279.02,-63,-5,-2,188,118,-32,-4,-12,109,61,179
STLD,Steel Dynamics,153.81,14,27,10,57,108,9,41,20,1,71,179
AMKR,Amkor Technology,32.15,19,98,2,4,123,14,34,14,-7,55,178
MSA,MSA Safety,168.57,0,-9,4,166,161,7,-3,20,-7,17,178
FE,FirstEnergy,47.08,0,66,16,57,139,-19,20,20,16,37,176
T,AT&T,26.03,2,-15,80,18,85,-12,-18,104,17,91,176
UHS,Universal Health Services,206.73,17,45,2,24,88,33,49,4,1,87,175
O,Realty Income,60.01,21,57,20,9,107,40,-8,20,15,67,174
APP,AppLovin,552.62,-14,58,115,0,159,-14,-7,16,20,15,174
BLD,TopBuild,448.09,74,10,12,48,144,8,5,16,1,30,174
BX,Blackstone Inc.,161.4,0,-4,2,144,142,5,-12,15,23,31,173
SHW,Sherwin-Williams,338.43,6,-23,-3,192,172,7,-26,-1,21,1,173
MKSI,MKS Instruments,140.82,35,34,7,1,77,41,45,16,-7,95,172
LNT,Alliant Energy,68.23,0,21,78,16,115,7,15,20,15,57,172
BYD,Boyd Gaming,83.32,0,0,58,61,119,9,-5,20,29,53,172
AL,Air Lease Corporation,63.62,25,43,27,24,119,15,-11,20,28,52,171
RGLD,Royal Gold,184.67,-21,43,71,20,113,-17,51,6,18,58,171
COF,Capital One,217.21,17,-10,104,23,134,13,-16,20,20,37,171
IONS,Ionis Pharmaceuticals,71.65,0,116,11,2,129,-9,41,20,-12,40,169
VRTX,Vertex Pharmaceuticals,426.25,21,1,-12,106,116,19,11,-16,39,53,169
FSLR,First Solar,226.75,-7,78,5,64,140,-16,33,20,-8,29,169
MU,Micron Technology,202.28,30,39,8,24,101,-3,48,20,2,67,168
BAC,Bank of America,51.49,35,46,27,20,128,12,-8,20,16,40,168
PFGC,Performance Food Group,101.11,-9,0,63,45,99,2,-14,20,59,67,166
RPM,RPM International,113.25,0,-15,0,182,167,6,-23,17,-2,-2,165
RVMD,Revolution Medicines,53.5,35,33,4,0,72,33,39,20,1,93,165
AEP,American Electric Power,117.44,-4,16,83,25,120,-19,14,33,16,44,164
SCCO,Southern Copper,128.26,-7,35,8,65,101,-7,48,20,2,63,164
SCHW,Charles Schwab Corporation,95.09,21,1,87,13,122,1,4,20,16,41,163
FR,First Industrial Realty Trust,55.51,40,45,4,16,105,40,-16,18,16,58,163
ARMK,Aramark,39.98,3,0,25,42,70,4,10,20,58,92,162
CSL,Carlisle Companies,335.25,14,-28,-7,180,159,8,-24,-4,22,2,161
FTNT,Fortinet,84.74,3,0,0,115,118,12,28,-12,15,43,161
POST,Post Holdings,107.17,7,-5,-8,89,83,10,8,1,59,78,161
DTM,DT Midstream,108.54,-62,31,113,0,82,2,30,20,27,79,161
RPRX,Royalty Pharma,37.49,31,6,42,0,79,34,9,36,2,81,160
GTES,Gates Corporation,26.03,30,5,27,17,79,31,10,20,20,81,160
SNPS,Synopsys,459.08,0,-30,0,182,152,21,-3,-4,-7,7,159
TMUS,T-Mobile US,229.0,13,-19,0,141,135,13,-28,2,37,24,159
OLLI,Ollie's Bargain Outlet,121.34,-32,-6,125,18,105,-30,-14,73,25,54,159
MCO,Moody's Corporation,484.98,6,-24,4,158,144,6,-36,18,27,15,159
ADP,Automatic Data Processing,284.7,0,-36,0,182,146,6,-49,-4,59,12,158
AON,AON,343.38,-50,-9,0,179,120,3,-30,7,58,38,158
PRI,Primerica,266.8,0,0,1,110,111,7,-10,18,32,47,158
PH,Parker Hannifin,757.99,7,1,27,67,102,12,-9,20,32,55,157
DAL,Delta Air Lines,62.3,63,6,11,21,101,9,7,12,28,56,157
XPO,"XPO, Inc.",135.92,14,6,4,63,87,14,9,17,29,69,156
RSG,Republic Services,220.93,-35,-59,0,179,85,4,-84,-11,162,71,156
A,Agilent Technologies,145.65,29,39,4,1,73,33,45,11,-7,82,155
ROP,Roper Technologies,514.42,7,-57,-12,184,122,7,7,-11,28,31,153
CRUS,Cirrus Logic,130.52,25,50,8,21,104,36,-3,20,-5,48,152
GGG,Graco Inc.,83.86,7,-23,2,180,166,14,-25,-1,-2,-14,152
RKLB,Rocket Lab,65.36,-2,33,59,0,90,-3,35,20,10,62,152
MMM,3M,166.67,12,1,84,16,113,12,-9,20,16,39,152
KIM,Kimco Realty,22.2,35,1,4,57,97,39,-19,18,16,54,151
AIT,Applied Industrial Technologies,258.81,7,-5,17,60,79,9,-12,16,59,72,151
EQT,EQT Corporation,55.7,14,2,51,44,111,14,17,-3,12,40,151
AFL,Aflac,108.18,-34,49,11,60,86,6,-2,4,57,65,151
TSLA,"Tesla, Inc.",442.51,19,52,8,12,91,35,-2,14,12,59,150
BBY,Best Buy,82.67,47,7,2,1,57,41,47,8,-4,92,149
VICI,Vici Properties,31.19,0,-12,68,17,73,8,-24,33,59,76,149
FFIV,"F5, Inc.",299.16,-33,-4,104,16,83,1,26,20,19,66,149
MKL,Markel,1906.48,-33,-5,78,57,97,6,-1,18,28,51,148
ADC,Agree Realty,74.96,56,7,3,18,84,61,2,-15,15,63,147
WAT,Waters Corporation,349.32,106,10,-15,1,102,19,9,1,16,45,147
CRWD,CrowdStrike,503.95,9,24,55,0,88,12,25,-1,22,58,146
COHR,Coherent Corp.,120.79,17,24,8,17,66,23,23,17,17,80,146
JBL,Jabil,201.11,-2,-13,29,67,81,-5,-11,21,59,64,145
CVNA,Carvana,355.89,3,-8,102,13,110,2,-5,20,18,35,145
SPGI,S&P Global,483.65,2,-24,1,174,153,6,-36,-1,23,-8,145
TOL,Toll Brothers,137.93,16,0,2,63,81,39,-17,14,28,64,145
MTZ,MasTec,207.3,0,30,29,20,79,-5,35,20,15,65,144
HIG,Hartford (The),125.12,-63,-4,104,59,96,-33,-8,31,58,48,144
CMS,CMS Energy,74.53,-2,12,86,25,121,-17,15,8,16,22,143
WAB,Wabtec,198.11,7,0,5,51,63,7,16,-1,58,80,143
ES,Eversource Energy,73.21,13,23,25,2,63,28,27,20,4,79,142
EPR,EPR Properties,54.53,-3,-1,67,31,94,9,-4,20,23,48,142
INTC,Intel,38.11,14,49,5,0,68,29,48,10,-14,73,141
REG,Regency Centers,72.14,35,3,4,55,97,9,-6,20,21,44,141
AWK,American Water Works,144.18,42,4,36,1,83,33,11,4,10,58,141
RRC,Range Resources,36.78,-1,2,5,44,50,10,31,-8,57,90,140
GS,Goldman Sachs,759.23,-66,2,102,60,98,5,-6,20,23,42,140
WWD,"Woodward, Inc.",254.05,6,2,29,37,74,8,10,20,28,66,140
ECL,Ecolab,278.0,16,3,26,24,69,14,13,20,21,68,137
EA,Electronic Arts,200.51,0,59,14,9,82,-15,21,26,23,55,137
EMR,Emerson Electric,132.17,7,-11,26,66,88,9,-8,20,28,49,137
SSNC,SS&C Technologies,82.51,0,-9,100,16,107,8,-12,17,17,30,137
EVR,Evercore,321.42,13,0,17,60,90,12,-11,18,28,47,137
BRX,Brixmor Property Group,27.63,21,3,10,57,91,14,-17,20,28,45,136
ARES,Ares Management,150.2,2,-20,0,61,43,6,-20,-1,108,93,136
ZS,Zscaler,310.34,7,18,27,7,59,10,26,20,20,76,135
CMA,Comerica,77.43,-25,87,17,6,85,6,13,17,14,50,135
PAG,Penske Automotive Group,171.34,1,-14,25,64,76,4,-24,20,59,59,135
TSCO,Tractor Supply Company,54.75,-2,-19,17,87,83,-20,-30,14,87,51,134
DINO,HF Sinclair,51.16,-7,115,10,3,121,11,-9,20,-10,12,133
OMF,OneMain Financial,56.52,14,-13,27,62,90,12,-17,20,28,43,133
WTM,White Mountains Insurance Group,1922.68,13,13,3,61,90,9,6,-30,58,43,133
OHI,Omega Healthcare Investors,40.32,19,0,16,42,77,30,-22,15,33,56,133
R,Ryder,185.04,0,1,20,58,79,-19,-3,17,58,53,132
XOM,ExxonMobil,112.71,0,3,7,46,56,13,-8,19,52,76,132
EGP,EastGroup Properties,180.26,35,18,4,10,67,36,16,20,-7,65,132
PODD,Insulet,328.97,21,0,55,6,82,15,2,24,8,49,131
QGEN,Qiagen,48.54,31,2,22,1,56,40,8,20,7,75,131
NOC,Northrop Grumman,599.7,-33,80,20,60,127,-51,14,27,14,4,131
FWONA,Liberty Formula 1 (Series A),89.82,-62,0,79,64,81,-26,-2,19,58,49,130
NSC,Norfolk Southern,289.78,0,27,21,6,54,19,21,20,16,76,130
MAS,Masco,70.19,14,0,0,67,81,37,-23,11,23,48,129
SEIC,SEI Investments Company,82.48,-2,-33,102,37,104,7,-30,20,28,25,129
CPRT,Copart,45.76,13,-26,-23,178,142,14,-25,-33,30,-14,128
MTG,MGIC Investment Corporation,27.16,-1,0,29,57,85,7,-14,20,30,43,128
INCY,Incyte,87.29,-2,99,13,1,111,-18,10,16,9,17,128
SF,Stifel,112.39,14,0,18,61,93,12,-17,17,22,34,127
M,"Macy's, Inc.",18.24,35,79,8,0,122,7,-3,9,-8,5,127
HRB,H&R Block,51.94,38,1,-11,54,82,-5,10,-16,54,43,125
BRO,Brown & Brown,88.28,-32,-7,-9,165,117,1,-1,-20,28,8,125
GNRC,Generac,192.47,68,5,13,-36,50,41,5,17,12,75,125
CHRW,C.H. Robinson,128.29,0,81,13,4,98,7,-7,16,10,26,124
EXP,Eagle Materials,240.4,39,6,0,59,104,2,10,10,-2,20,124
KR,Kroger,67.6,0,-39,89,69,119,-14,4,-2,17,5,124
FOXA,Fox Corporation (Class A),58.74,0,1,78,3,82,14,-7,18,16,41,123
HLI,Houlihan Lokey,193.0,3,-1,27,46,75,9,-10,20,28,47,122
VEEV,Veeva Systems,289.96,-2,18,55,10,81,2,-1,20,20,41,122
RS,"Reliance, Inc.",278.7,3,-57,-6,117,57,12,-22,-5,79,64,121
NOW,ServiceNow,941.49,14,0,1,84,99,9,-11,-1,24,21,120
AVT,Avnet,52.13,35,0,11,47,93,38,-27,20,-4,27,120
WSM,"Williams-Sonoma, Inc.",191.13,4,0,18,67,89,5,-10,12,23,30,119
KRMN,Karman Holdings,78.98,6,50,0,0,56,9,41,12,0,62,118
KKR,KKR & Co. Inc.,123.68,0,-19,0,105,86,5,-12,16,23,32,118
HLT,Hilton Worldwide,265.96,3,-5,26,66,90,6,-24,18,28,28,118
JEF,Jefferies Financial Group,55.06,0,-10,-3,60,47,13,-12,11,59,71,118
SHC,Sotera Health,16.61,35,52,11,0,98,14,2,12,-8,20,118
TRMB,Trimble Inc.,79.64,10,-9,89,6,96,8,-19,18,14,21,117
MPC,Marathon Petroleum,182.86,-2,39,9,51,97,14,-4,20,-10,20,117
MAR,Marriott International,268.42,3,1,4,60,68,6,-3,17,29,49,117
MRVL,Marvell Technology,84.27,-24,20,0,108,104,-19,22,10,-1,12,116
LLYVK,Liberty Live (Series C),93.34,21,0,40,0,61,50,-18,20,2,54,115
WST,West Pharmaceutical Services,279.36,21,33,1,-9,46,34,34,11,-10,69,115
LAMR,Lamar Advertising,121.12,7,0,11,66,84,8,-18,18,23,31,115
SMCI,Supermicro,54.81,0,15,0,60,75,10,26,15,-11,40,115
NU,Nubank,15.25,14,44,11,0,69,12,-7,20,21,46,115
WTRG,Essential Utilities,41.69,31,13,16,1,61,28,15,4,7,54,115
SNOW,Snowflake Inc.,247.52,11,38,25,0,74,6,12,20,3,41,115
EXE,Expand Energy,106.17,13,2,51,0,66,14,31,-9,12,48,114
GM,General Motors,66.61,21,6,17,13,57,33,-8,17,15,57,114
VRT,Vertiv,174.89,0,24,19,10,53,-7,23,17,28,61,114
GWW,W. W. Grainger,971.45,17,-20,-13,96,80,8,-23,-11,59,33,113
IP,International Paper,47.66,42,0,0,18,60,35,3,-4,18,52,112
FTI,TechnipFMC,36.47,0,-5,27,29,51,12,-10,20,39,61,112
HON,Honeywell,209.07,10,-48,1,180,143,7,-60,-3,24,-32,111
CELH,Celsius Holdings,63.38,0,18,3,67,88,-4,10,28,-11,23,111
WSO,Watsco,379.22,0,-57,-13,198,128,26,-4,-38,-1,-17,111
APG,APi Group,34.97,14,0,28,0,42,11,10,20,28,69,111
ESI,Element Solutions,26.09,14,7,4,59,84,14,-2,17,-3,26,110
CWEN-A,Clearway Energy (Class A),28.63,-7,0,68,8,69,-18,15,32,12,41,110
UNM,Unum,76.58,0,2,8,42,52,9,-3,-4,56,58,110
AXS,AXIS Capital,92.0,-29,-5,96,47,109,-26,-26,-3,55,0,109
MSGS,Madison Square Garden Sports,224.59,1,31,7,23,62,7,-2,13,29,47,109
GLPI,Gaming and Leisure Properties,45.1,0,-11,0,67,56,12,-19,1,59,53,109
NTAP,Netapp,119.05,0,56,8,59,123,-19,-10,17,-3,-15,108
CMG,Chipotle Mexican Grill,42.37,42,0,-16,82,108,4,12,-14,-2,0,108
CWEN,Clearway Energy (Class C),30.41,-7,0,68,6,67,-18,15,32,12,41,108
CVX,Chevron Corporation,153.79,21,0,17,50,88,15,-15,11,8,19,107
DOV,Dover Corporation,173.05,28,-38,-13,108,85,33,-29,-3,21,22,107
FHN,First Horizon Corporation,20.78,-35,-5,62,6,28,7,42,18,12,79,107
NLY,Annaly Capital Management,21.05,13,2,28,12,55,12,3,18,18,51,106
NDSN,Nordson,237.61,17,43,4,3,67,14,14,20,-9,39,106
FOX,Fox Corporation (Class B),52.46,0,-8,77,3,72,13,-7,17,11,34,106
LECO,Lincoln Electric,243.11,31,1,17,67,116,7,-27,18,-9,-11,105
GXO,GXO Logistics,55.1,28,7,11,0,46,37,13,19,-10,59,105
BKR,Baker Hughes,46.75,3,2,14,37,56,14,-8,14,28,48,104
ESAB,ESAB,123.35,40,3,2,0,45,33,10,-3,19,59,104
OLED,Universal Display Corporation,149.67,27,4,0,0,31,41,18,20,-7,72,103
WFRD,Weatherford International,66.67,13,84,0,0,97,9,-6,10,-7,6,103
SYF,Synchrony Financial,73.99,22,0,27,23,72,9,-16,18,20,31,103
LEN,Lennar (Class A),128.22,21,0,0,66,87,33,-23,11,-5,16,103
DKS,Dick's Sporting Goods,227.56,0,7,7,65,79,-18,-4,10,35,23,102
HPE,Hewlett Packard Enterprise,23.28,-29,1,11,44,27,3,-1,17,56,75,102
INGM,Ingram Micro,22.17,14,30,0,0,44,8,33,17,0,58,102
KNSL,Kinsale Capital Group,453.43,-28,0,0,35,7,3,10,-5,87,95,102
META,Meta Platforms,733.25,17,-16,27,31,59,14,-14,18,25,43,102
STT,State Street Corporation,114.87,10,2,27,18,57,11,-1,19,16,45,102
IPGP,IPG Photonics,88.09,14,112,11,-46,91,30,10,16,-46,10,101
LLYVA,Liberty Live (Series A),90.38,21,0,40,0,61,35,-17,20,2,40,101
MO,Altria,63.75,-49,0,80,47,78,-44,13,36,18,23,101
JLL,Jones Lang LaSalle,310.2,40,5,14,16,75,11,-16,14,16,25,100
FDX,FedEx,242.82,21,7,0,34,62,35,-3,12,-6,38,100
DD,DuPont,81.1,23,7,4,21,55,35,-3,17,-5,44,99
PHM,PulteGroup,123.21,-7,-1,11,67,70,-2,-16,16,31,29,99
NVR,"NVR, Inc.",7800.35,2,-9,0,67,60,14,-20,13,31,38,98
K,Kellanova,82.97,23,17,4,23,67,20,11,-17,15,29,96
APO,Apollo Global Management,125.96,2,-20,-5,99,76,7,-12,-3,28,20,96
NYT,New York Times Company,56.45,22,0,12,18,52,30,-29,20,23,44,96
RBLX,Roblox Corporation,133.09,0,6,63,0,69,-16,4,26,13,27,96
TRGP,Targa Resources,151.36,0,-9,-3,53,41,11,-9,-3,56,55,96
CUBE,CubeSmart,42.14,42,6,0,3,51,41,5,2,-4,44,95
LNG,Cheniere Energy,222.22,-59,-9,70,60,62,2,-25,-2,58,33,95
LEN-B,Lennar (Class B),120.18,11,0,0,64,75,35,-23,11,-3,20,95
TKO,TKO Group Holdings,186.15,-72,0,81,42,51,-19,-9,20,52,44,95
LSCC,Lattice Semiconductor,69.85,-10,55,11,0,56,-4,48,12,-17,39,95
MTD,Mettler Toledo,1385.63,28,15,4,0,47,33,8,14,-7,48,95
WTFC,Wintrust Financial,129.52,2,-5,19,51,67,8,-19,18,21,28,95
PEP,PepsiCo,153.19,62,8,1,0,71,54,-27,9,-15,21,92
CPNG,Coupang,31.44,-9,32,27,0,50,9,-6,20,19,42,92
CLF,Cleveland-Cliffs,13.38,-7,78,1,-18,54,-3,38,13,-10,38,92
MP,MP Materials,74.11,-20,14,42,0,36,-26,21,55,6,56,92
NBIX,Neurocrine Biosciences,142.71,19,3,10,27,59,33,-11,17,-6,33,92
PAYX,Paychex,127.54,6,-59,-6,169,110,-25,1,-11,16,-19,91
QCOM,Qualcomm,168.83,17,7,0,24,48,39,-8,18,-7,42,90
DOCS,Doximity,67.9,0,0,64,0,64,10,-8,10,14,26,90
FWONK,Liberty Formula 1 (Series C),97.15,-56,-3,80,59,80,-66,-2,20,58,10,90
PM,Philip Morris International,152.02,-7,-27,80,57,103,-5,-33,-4,29,-13,90
ROK,Rockwell Automation,353.95,31,7,25,17,80,8,-5,20,-13,10,90
AOS,A. O. Smith,71.01,7,-8,0,60,59,33,-16,20,-7,30,89
BRK-B,Berkshire Hathaway,491.33,-1,3,0,64,66,13,-3,-15,28,23,89
LYFT,Lyft,20.66,7,47,11,-3,62,9,-5,20,2,26,88
BEPC,Brookfield Renewable Partners,39.45,-2,22,20,0,40,-15,31,20,12,48,88
ADT,ADT Inc.,8.69,7,1,41,0,49,12,-18,35,10,39,88
TPL,Texas Pacific Land Corporation,928.63,16,0,-19,60,57,33,-3,-15,15,30,87
LUV,Southwest Airlines,34.68,41,6,10,-41,16,39,9,17,6,71,87
LFUS,Littelfuse,269.04,38,6,13,4,61,33,-16,18,-10,25,86
FNF,Fidelity National Financial,56.49,1,0,0,60,61,9,-12,5,23,25,86
HHH,Howard Hughes Holdings,81.05,0,53,8,0,61,6,-6,9,16,25,86
EG,Everest Group,349.16,0,3,0,57,60,11,17,4,-7,25,85
VST,Vistra Corp.,186.47,-18,-2,29,32,41,-19,-2,18,47,44,85
FICO,Fair Isaac,1567.25,-69,0,-3,168,96,-4,-2,-38,33,-11,85
GL,Globe Life,136.03,-2,0,55,16,69,3,-12,14,10,15,84
CI,Cigna,307.51,13,3,0,60,76,14,10,-13,-3,8,84
ED,Consolidated Edison,101.57,0,6,0,49,55,-19,15,-14,47,29,84
HAS,Hasbro,74.82,23,-9,24,5,43,33,-27,20,13,39,82
AGO,Assured Guaranty,82.54,2,0,-3,58,57,8,-4,-3,24,25,82
JAZZ,Jazz Pharmaceuticals,137.49,7,53,4,-8,56,16,45,5,-41,25,81
EXR,Extra Space Storage,150.5,49,7,2,1,59,-2,7,2,15,22,81
WBD,Warner Bros. Discovery,20.34,10,29,22,0,61,3,-3,18,2,20,81
CEG,Constellation Energy,358.77,-11,18,26,0,33,-16,23,20,21,48,81
NWSA,News Corp (Class A),26.37,-6,-14,-3,60,37,8,-7,20,23,44,81
CORT,Corcept Therapeutics,75.44,-1,25,0,21,45,-7,-1,4,40,36,81
NTRS,Northern Trust,128.52,0,2,26,13,41,12,-7,20,15,40,81
CR,Crane Co.,189.05,30,0,26,0,56,37,-40,20,7,24,80
VTRS,Viatris,10.39,23,4,2,0,29,35,7,12,-3,51,80
TEM,Tempus AI,89.06,-4,50,0,0,46,10,11,13,0,34,80
DE,Deere & Company,459.78,23,-43,2,111,93,33,-56,-3,12,-14,79
TXT,Textron,83.0,0,2,4,55,61,7,-2,20,-7,18,79
LPX,Louisiana-Pacific,92.66,6,-25,-7,65,39,6,7,-1,28,40,79
STWD,Starwood Property Trust,18.65,-27,-13,28,60,48,7,-20,20,23,30,78
EQIX,Equinix,822.0,5,7,1,36,49,-7,26,-18,28,29,78
DHR,Danaher Corporation,220.76,7,15,0,0,22,38,10,13,-6,55,77
PEGA,Pegasystems,57.04,7,1,29,7,44,6,-8,18,17,33,77
SAIL,SailPoint,22.67,0,28,0,0,28,4,33,12,0,49,77
MSM,MSC Industrial Direct,88.0,0,-8,17,60,69,14,-16,20,-11,7,76
VNT,Vontier,43.21,28,3,15,0,46,33,-14,18,-7,30,76
VLO,Valero Energy,157.69,-36,42,10,46,62,9,-8,19,-7,13,75
AMZN,Amazon,222.03,7,-8,27,23,49,7,-21,17,22,25,74
BWA,BorgWarner,43.79,14,6,18,4,42,33,-3,20,-18,32,74
FRHC,Freedom Holding,155.41,-27,-4,64,16,49,-24,-3,20,32,25,74
AA,Alcoa,37.24,14,42,3,-22,37,12,47,12,-34,37,74
RGA,Reinsurance Group of America,189.27,-34,0,0,42,8,8,-2,4,55,65,73
HOLX,Hologic,73.99,22,5,1,0,28,28,13,13,-9,45,73
ALLY,Ally Financial,40.97,21,2,12,6,41,10,-14,18,18,32,73
FLS,Flowserve,52.14,10,-9,1,29,31,14,-12,13,27,42,73
RITM,Rithm Capital,10.82,-2,-19,27,34,40,8,-24,20,28,32,72
MDB,MongoDB Inc.,325.51,14,47,8,-11,58,12,1,12,-11,14,72
UNH,UnitedHealth Group,365.36,8,35,-28,0,15,12,47,1,-3,57,72
TMO,Thermo Fisher Scientific,557.59,15,16,4,0,35,28,8,5,-5,36,71
EXEL,Exelixis,36.13,-14,-2,74,16,74,-20,-5,-4,26,-3,71
MET,Metlife,79.02,-34,0,5,60,31,2,-1,18,20,39,70
RMD,Resmed,268.17,-7,-6,27,15,29,8,-1,19,15,41,70
F,Ford Motor Company,12.57,7,7,12,1,27,33,-3,20,-7,43,70
JBHT,J. B. Hunt,169.01,28,4,2,0,34,29,9,10,-12,36,70
TNL,Travel + Leisure Co.,60.64,7,0,19,18,44,9,-17,17,16,25,69
MHK,Mohawk Industries,131.48,37,0,1,0,38,40,-19,12,-3,30,68
LW,Lamb Weston,64.61,23,18,0,-10,31,30,10,13,-16,37,68
BG,Bunge Global,94.7,35,5,2,1,43,-1,13,20,-7,25,68
RNR,RenaissanceRe,245.2,-32,24,-1,37,28,-28,19,18,30,39,67
HAYW,Hayward Holdings,15.54,14,0,4,0,18,8,5,18,18,49,67
LOAR,Loar Holdings,81.9,19,10,2,0,31,9,40,-13,0,36,67
NWS,News Corp (Class B),29.99,0,-15,1,60,46,8,-7,-3,23,21,67
VNOM,Viper Energy,37.23,0,-9,-19,46,18,11,-9,-3,49,48,66
ADSK,Autodesk,310.49,0,0,9,16,25,11,-11,20,21,41,66
CCL,Carnival Corporation & plc,29.97,14,-7,27,1,35,10,-18,18,21,31,66
IQV,IQVIA,218.68,16,16,4,1,37,14,10,12,-8,28,65
WMS,Advanced Drainage Systems,144.16,38,6,2,5,51,11,-12,20,-5,14,65
BROS,Dutch Bros. Coffee,57.51,49,-27,0,0,22,61,-27,-4,13,43,65
CRL,Charles River Laboratories,188.27,28,15,2,-28,17,32,10,16,-10,48,65
ABT,Abbott Laboratories,127.53,-35,0,66,15,46,2,-5,6,16,19,65
CB,Chubb Limited,269.17,-35,-4,-2,60,19,2,-1,-14,58,45,64
HALO,Halozyme,66.88,6,0,17,21,44,5,-12,11,16,20,64
PCOR,Procore,74.68,7,27,1,0,35,6,-8,10,21,29,64
FRT,Federal Realty Investment Trust,100.26,23,5,2,3,33,39,-16,11,-3,31,64
GEHC,GE HealthCare,76.09,16,2,0,0,18,35,-8,9,10,46,64
SPR,Spirit AeroSystems,38.85,0,-9,28,0,19,13,-26,40,16,43,62
NNN,NNN Reit,42.14,-1,0,10,24,33,-3,-4,20,16,29,62
APPF,AppFolio,240.35,13,-15,2,30,30,20,-15,-3,30,32,62
OSK,Oshkosh Corporation,136.47,35,0,21,6,62,6,-28,18,4,0,62
VRSN,Verisign,266.38,12,-15,46,11,54,13,-13,-1,9,8,62
WDAY,"Workday, Inc.",245.68,14,25,-20,16,35,12,33,-14,-4,27,62
ACI,Albertsons,19.33,42,0,-7,0,35,36,2,-13,2,27,62
LAZ,Lazard,50.92,11,-11,12,22,34,13,-17,17,15,28,62
ASTS,AST SpaceMobile,78.54,-8,15,21,0,28,-18,21,20,10,33,61
BPOP,"Popular, Inc.",117.54,-63,-4,27,61,21,7,-8,20,21,40,61
DLR,Digital Realty,171.65,-7,7,7,24,31,-7,-4,20,21,30,61
QSR,Restaurant Brands International,67.5,-8,14,4,42,52,2,19,-3,-10,8,60
FIVE,Five Below,152.88,29,7,10,0,46,14,-4,21,-17,14,60
TECH,Bio-Techne,63.46,28,16,0,-26,18,35,10,5,-8,42,60
AVTR,Avantor,15.6,40,15,-39,-1,15,42,8,1,-7,44,59
NET,Cloudflare,212.93,-29,2,49,0,22,2,-6,20,21,37,59
KNX,Knight-Swift,47.44,28,4,0,0,32,32,9,1,-15,27,59
CCI,Crown Castle,98.67,66,0,1,-30,37,7,13,-5,7,22,59
ON,ON Semiconductor,55.08,31,1,0,-3,29,41,-11,16,-17,29,58
THO,Thor Industries,107.29,17,1,11,4,33,39,-23,16,-8,24,57
WYNN,Wynn Resorts,121.1,13,2,18,5,38,14,-5,20,-10,19,57
RGEN,Repligen,156.78,31,18,4,-19,34,37,21,4,-39,23,57
DOC,Healthpeak Properties,18.59,14,34,-3,-33,12,33,-4,4,11,44,56
CG,Carlyle Group (The),58.07,-9,-4,18,23,28,5,-14,17,20,28,56
DDOG,Datadog,156.24,-24,18,9,0,3,5,30,17,1,53,56
CCK,Crown Holdings,99.53,16,0,27,7,50,30,-36,-2,14,6,56
MRP,Millrose Properties,33.08,22,0,0,0,22,36,-17,13,0,32,54
NEE,NextEra Energy,83.97,-7,20,5,2,20,-17,16,20,15,34,54
EL,Estée Lauder Companies (The),98.5,40,7,2,-28,21,42,10,18,-37,33,54
SYY,Sysco,79.17,-5,0,17,5,17,8,-4,17,16,37,54
ZM,Zoom Communications,83.6,14,2,10,-2,24,28,-14,10,6,30,54
PNW,Pinnacle West Capital,92.25,-3,11,4,20,32,-18,14,-3,28,21,53
COIN,Coinbase,338.71,-42,0,19,0,-23,12,24,19,20,75,52
DNB,Dun & Bradstreet,9.15,29,52,-28,0,53,46,-13,2,-37,-2,51
ARW,Arrow Electronics,125.22,16,2,11,6,35,31,-25,20,-10,16,51
DELL,Dell Technologies,149.41,-24,17,6,34,33,-18,22,20,-6,18,51
USB,U.S. Bancorp,47.61,7,1,10,6,24,7,-14,17,17,27,51
NTNX,Nutanix,69.1,0,-6,8,24,26,10,-10,-1,26,25,51
CNM,Core & Main,53.83,27,-31,2,0,-2,9,-3,20,26,52,50
EXLS,EXL Service,41.42,0,-15,0,67,52,10,-23,-4,15,-2,50
CSX,CSX Corporation,35.71,-2,17,6,6,27,-6,16,20,-8,22,49
DBX,Dropbox,29.81,13,2,2,11,28,12,-12,10,10,20,48
DAY,Dayforce,68.3,0,46,10,-14,42,16,-18,10,-2,6,48
CNA,CNA Financial,45.67,-32,-5,0,59,22,3,-4,4,22,25,47
PFG,Principal Financial Group,79.39,-55,0,7,57,9,3,-2,17,20,38,47
MANH,Manhattan Associates,205.05,6,-21,0,67,52,12,-15,-1,-2,-6,46
PATH,UiPath,16.28,-4,22,3,0,21,1,32,4,-12,25,46
IDXX,Idexx Laboratories,636.91,0,0,24,6,30,1,4,20,-10,15,45
MUSA,Murphy USA,372.07,-14,-2,-23,70,31,-12,-16,-39,81,14,45
TFSL,Third Federal S&L,13.28,0,0,13,7,20,8,-24,20,21,25,45
LNC,Lincoln Financial,39.72,3,0,28,3,34,7,-24,18,10,11,45
UAL,United Airlines Holdings,100.11,-2,0,11,13,22,10,-19,14,18,23,45
KEY,Keycorp,17.54,0,-5,18,6,19,8,-16,18,15,25,44
TFC,Truist Financial,43.83,0,-8,11,6,9,12,-11,17,16,34,43
PSX,Phillips 66,128.6,-7,0,5,43,41,-1,-9,19,-7,2,43
KEYS,Keysight,167.39,6,2,8,2,18,8,-8,18,7,25,43
HAL,Halliburton,25.23,7,39,0,0,46,11,-8,5,-11,-3,43
FCX,Freeport-McMoRan,41.31,-7,-8,3,60,48,-3,7,-1,-8,-5,43
KRC,Kilroy Realty,40.93,0,1,16,0,17,8,-11,16,13,26,43
SEE,Sealed Air,34.98,7,43,6,-26,30,31,-3,18,-34,12,42
FAF,First American Financial Corporation,61.06,6,0,0,16,22,12,-19,7,20,20,42
MRK,Merck & Co.,87.62,7,16,0,0,23,12,10,5,-8,19,42
KDP,Keurig Dr Pepper,27.67,56,-41,-9,0,6,36,2,-1,-2,35,41
NEU,NewMarket,758.78,-60,0,29,31,0,-19,-1,32,29,41,41
PCG,PG&E Corporation,16.75,41,18,-40,3,22,7,12,3,-3,19,41
DT,Dynatrace,50.95,12,0,0,0,12,14,-4,-3,22,29,41
GAP,Gap Inc.,22.18,18,0,0,20,38,12,-17,-13,21,3,41
DRI,Darden Restaurants,187.51,-2,-24,2,63,39,-5,-19,-6,32,2,41
BXP,"BXP, Inc.",71.97,0,1,8,0,9,5,-9,20,15,31,40
QRVO,Qorvo,93.44,28,4,1,-33,0,37,-8,18,-7,40,40
HSY,Hershey Company (The),186.12,-26,79,14,0,67,-19,-1,14,-21,-27,40
RRX,Regal Rexnord,147.01,14,0,2,5,21,7,-2,17,-3,19,40
LII,Lennox International,548.3,7,-41,-7,40,-1,12,3,-5,29,39,38
MCHP,Microchip Technology,67.52,16,0,1,0,17,14,-4,20,-9,21,38
TXN,Texas Instruments,181.04,14,-35,2,24,5,26,-31,20,18,33,38
REYN,Reynolds Consumer Products,23.6,-2,54,-38,0,14,5,17,7,-5,24,38
NCLH,Norwegian Cruise Line Holdings,23.92,7,-4,10,0,13,7,-17,13,22,25,38
ALGM,Allegro MicroSystems,31.05,35,0,21,0,56,41,-59,18,-18,-18,38
RKT,Rocket Companies,17.04,11,-5,14,0,20,9,-14,19,3,17,37
BOKF,BOK Financial Corporation,106.52,-35,0,10,24,-1,9,-1,14,16,38,37
LAD,Lithia Motors,311.87,7,-12,-5,16,6,14,-17,11,23,31,37
AMP,Ameriprise Financial,479.38,-38,-37,1,66,-8,6,-33,-2,73,44,36
CRM,Salesforce,263.4,14,2,-23,24,17,23,4,-31,23,19,36
ESS,Essex Property Trust,261.98,13,0,-4,16,25,14,-6,-13,16,11,36
TTEK,Tetra Tech,33.96,3,-23,-39,121,62,9,-49,16,-3,-27,35
AFRM,Affirm Holdings,74.5,0,-11,22,0,11,6,-19,18,19,24,35
GEN,Gen Digital,27.36,3,-27,25,18,19,6,-29,20,18,15,34
PSN,Parsons Corporation,84.9,-33,25,1,1,-6,8,22,13,-3,40,34
DHI,D. R. Horton,158.61,0,0,1,67,68,-26,-19,14,-4,-35,33
IR,Ingersoll Rand,79.57,6,0,-3,25,28,12,-3,-2,-2,5,33
SWKS,Skyworks Solutions,76.4,23,5,0,-32,-4,37,-11,17,-7,36,32
NXST,Nexstar Media Group,197.13,0,-5,19,6,20,8,-26,17,12,11,31
BAM,Brookfield Asset Management,54.65,-55,-8,75,0,12,1,-12,20,10,19,31
ROKU,"Roku, Inc.",97.48,0,7,20,-21,6,6,-2,15,6,25,31
FNB,FNB Corporation,15.47,-63,-4,11,57,1,8,-20,19,21,28,29
REXR,Rexford Industrial,43.39,35,7,2,-20,24,38,-15,16,-34,5,29
ZG,Zillow (Class A),73.7,13,-16,2,0,-1,11,-16,13,22,30,29
DG,Dollar General,105.5,49,-23,2,-19,9,14,2,32,-28,20,29
Z,Zillow (Class C),77.33,14,-16,2,0,0,9,-16,14,22,29,29
APTV,Aptiv,85.57,7,50,11,-26,42,7,-3,20,-38,-14,28
VLTO,Veralto,103.78,9,-9,12,0,12,16,-19,19,0,16,28
BURL,Burlington Stores,266.68,-2,-2,11,5,12,-21,5,13,19,16,28
ENTG,Entegris,92.72,1,29,0,-8,22,6,-2,9,-7,6,28
DLTR,Dollar Tree,98.95,49,-32,2,-17,2,13,2,35,-24,26,28
DECK,Deckers Brands,102.98,17,-19,-34,95,59,19,-19,-30,-1,-31,28
SOLV,Solventum,72.89,13,-11,0,0,2,14,-4,16,0,26,28
U,Unity Technologies,36.29,-5,0,16,0,11,7,-13,20,2,16,27
BC,Brunswick Corporation,65.0,21,3,2,-9,17,14,-8,14,-11,9,26
BIO,Bio-Rad Laboratories,329.39,46,16,2,-30,34,10,10,11,-39,-8,26
VOYA,Voya Financial,74.51,-2,0,11,6,15,8,-12,18,-3,11,26
MAT,Mattel,18.85,23,1,2,0,26,33,1,-1,-33,0,26
UBER,Uber,93.03,-60,0,28,1,-31,7,-6,26,28,55,24
GMED,Globus Medical,62.75,19,3,-25,0,-3,33,10,-30,14,27,24
PVH,PVH Corp.,84.72,22,1,0,3,26,8,-10,9,-9,-2,24
ADM,Archer Daniels Midland,61.6,0,13,12,0,25,-5,6,20,-22,-1,24
NSA,National Storage Affiliates,32.3,50,6,-25,-6,25,42,5,-46,-3,-2,23
OZK,Bank OZK,45.49,-55,-4,27,58,26,-26,-16,18,21,-3,23
HST,Host Hotels & Resorts,16.63,9,0,8,4,21,7,-15,18,-8,2,23
LVS,Las Vegas Sands,50.62,6,-7,16,4,19,30,-27,17,-16,4,23
WTW,Willis Towers Watson,330.48,-63,0,18,26,-19,3,-2,10,31,42,23
FCNCA,First Citizens BancShares,1760.51,0,-33,-6,61,22,7,-26,-3,23,1,23
TKR,Timken Company,77.3,14,1,1,6,22,9,-19,17,-7,0,22
SUI,Sun Communities,124.82,1,0,13,-26,-12,4,-4,20,13,33,21
SEB,Seaboard Corporation,3411.14,0,-1,15,-1,13,11,-23,18,2,8,21
DIS,Walt Disney Company (The),114.3,13,-28,25,-2,8,12,-24,20,5,13,21
WING,Wingstop,266.94,18,-34,0,40,24,13,-47,-3,33,-4,20
CGNX,Cognex Corporation,48.26,29,7,11,-33,14,40,-8,16,-42,6,20
OTIS,Otis Worldwide,92.71,20,1,-14,0,7,12,-3,-24,28,13,20
FLUT,Flutter Entertainment,251.02,34,-17,2,23,42,-23,-28,-1,29,-23,19
ABNB,Airbnb,128.57,42,0,0,0,42,14,-27,-3,-7,-23,19
BIIB,Biogen,146.21,0,49,0,-29,20,13,-2,7,-20,-2,18
LBTYA,Liberty Global (Series A),11.08,14,0,-3,0,11,13,-17,11,-1,6,17
NVST,Envista,20.08,14,-8,14,0,20,33,-19,16,-34,-4,16
RARE,Ultragenyx,34.19,70,2,-37,-40,-5,62,9,-45,-5,21,16
HXL,Hexcel,64.09,0,1,4,1,6,9,-2,14,-11,10,16
JHG,Janus Henderson,42.12,-28,-3,16,21,6,-24,-4,17,20,9,15
VRSK,Verisk Analytics,237.03,-28,-61,-6,116,21,3,-27,-12,30,-6,15
RDDT,Reddit,205.69,1,0,7,0,8,9,-15,12,0,6,14
ZBRA,Zebra Technologies,306.2,14,-22,0,-9,-17,33,-15,14,-1,31,14
CACC,Credit Acceptance,500.94,7,1,0,1,9,13,7,-8,-7,5,14
VIK,Viking Holdings,61.32,3,0,1,0,4,7,-17,20,0,10,14
SAIA,Saia,318.52,14,1,-36,1,-20,29,8,3,-7,33,13
EWBC,East West Bancorp,98.83,-63,-5,19,24,-25,8,-10,19,21,38,13
LBTYK,Liberty Global (Series C),11.2,14,0,-3,-1,10,12,-17,9,-2,2,12
HUM,Humana,295.24,14,2,0,-14,2,21,5,6,-22,10,12
PKG,Packaging Corporation of America,208.15,-84,0,1,63,-20,2,-11,13,28,32,12
AR,Antero Resources,32.51,0,0,-4,12,8,8,-6,-10,12,4,12
PINS,Pinterest,33.76,42,-22,0,-2,18,6,-22,16,-7,-7,11
ISRG,Intuitive Surgical,462.69,17,0,-13,24,28,30,-67,-8,28,-17,11
PRU,Prudential Financial,101.85,-1,-16,-23,57,17,6,-26,14,-1,-7,10
ETSY,Etsy,71.97,10,20,7,-32,5,2,22,20,-39,5,10
ELF,e.l.f. Beauty,127.17,-14,0,0,33,19,-14,-6,18,-7,-9,10
SARO,StandardAero,28.38,2,0,0,0,2,4,7,-3,0,8,10
APLS,Apellis Pharmaceuticals,28.32,14,2,0,-18,-2,14,7,11,-20,12,10
XYZ,"Block, Inc.",77.7,7,2,4,-38,-25,12,9,14,-1,34,9
UWMC,United Wholesale Mortgage,5.66,7,0,0,0,7,14,-14,8,-6,2,9
EFX,Equifax,229.91,0,-14,-14,18,-10,14,-14,-1,20,19,9
SW,Smurfit Westrock,42.51,9,-28,-7,18,-8,9,-22,10,19,16,8
IT,Gartner,258.21,7,0,-31,0,-24,7,-5,-29,59,32,8
MDLZ,Mondelez International,61.73,-1,0,-3,0,-4,36,-9,-5,-11,11,7
AVB,AvalonBay Communities,187.11,7,-12,-13,18,0,19,-12,-17,17,7,7
BSY,Bentley Systems,52.23,0,-11,19,0,8,14,-27,20,-8,-1,7
OC,Owens Corning,130.64,6,-17,-34,60,15,8,-24,9,-2,-9,6
VNO,Vornado Realty Trust,39.17,-14,-2,8,6,-2,-19,-9,18,17,7,5
CFLT,"Confluent, Inc.",22.76,0,10,-13,0,-3,1,33,-28,2,8,5
GNTX,Gentex,26.95,6,0,0,0,6,8,-14,14,-10,-2,4
IPG,Interpublic Group of Companies (The),26.93,7,6,1,0,14,7,-6,8,-19,-10,4
RAL,Ralliant,43.41,6,-6,0,0,0,7,-3,0,0,4,4
ICE,Intercontinental Exchange,156.77,-105,-37,0,163,21,5,-43,-2,23,-17,4
CTRA,Coterra,23.33,0,-9,-15,46,22,10,-22,-22,15,-19,3
INFA,Informatica,24.85,-28,2,2,0,-24,5,13,18,-9,27,3
EIX,Edison International,58.35,41,6,-42,1,6,8,-18,10,-3,-3,3
ACGL,Arch Capital Group,87.68,-35,-5,-18,64,6,2,-1,-2,-2,-3,3
SNDR,Schneider National,23.92,29,-38,-15,0,-24,30,4,-5,-2,27,3
BA,Boeing,217.27,0,-9,18,0,9,13,-27,20,-13,-7,2
ZBH,Zimmer Biomet,102.68,35,0,-7,-19,9,35,-26,4,-20,-7,2
TWLO,Twilio,111.1,7,0,2,-36,-27,12,7,-3,13,29,2
BAH,Booz Allen Hamilton,100.64,12,-36,-40,103,39,12,-4,-42,-3,-37,2
PK,Park Hotels & Resorts,11.01,8,0,0,0,8,2,-15,13,-7,-7,1
MIDD,Middleby,135.38,7,0,-13,0,-6,13,-23,2,15,7,1
CERT,"Certara, Inc.",12.27,0,29,0,0,29,6,-2,1,-34,-29,0
UGI,UGI Corporation,33.55,17,-40,52,6,35,14,-53,-3,7,-35,0
RVTY,Revvity,96.9,35,4,-30,-26,-17,38,15,-35,-1,17,0
EQR,Equity Residential,62.81,7,-14,-6,15,2,14,-18,-13,15,-2,0
MOH,Molina Healthcare,196.81,3,0,-23,-4,-24,14,39,-19,-10,24,0
SSB,SouthState Corporation,94.56,-58,-4,10,24,-28,7,-16,14,21,26,-2
ONTO,Onto Innovation,134.36,0,42,-36,0,6,-5,-2,5,-6,-8,-2
QS,QuantumScape,15.53,-24,25,16,0,17,-24,25,18,-38,-19,-2
GTLB,GitLab,49.5,14,2,-31,0,-15,22,-8,2,-3,13,-2
TPG,TPG Inc.,56.73,-36,-8,12,0,-32,6,-12,14,21,29,-3
RBRK,Rubrik,79.92,-41,-30,2,0,-69,7,4,54,0,65,-4
MASI,Masimo,148.19,0,0,0,-8,-8,2,15,-25,12,4,-4
CFG,Citizens Financial Group,50.81,-66,1,18,6,-41,7,-3,17,16,37,-4
BILL,Bill.com,52.95,12,38,-34,0,16,14,-3,8,-39,-20,-4
YETI,Yeti Holdings,34.92,17,-12,0,-8,-3,13,-17,14,-12,-2,-5
FHB,"First Hawaiian, Inc.",23.76,-36,-10,1,16,-29,7,-17,17,16,23,-6
XP,XP Inc.,17.02,14,-12,2,0,4,14,-13,-1,-10,-10,-6
TRU,TransUnion,80.98,16,-23,-5,0,-12,9,-16,-3,16,6,-6
TLN,Talen Energy,381.81,-42,0,49,0,7,-36,-2,21,4,-13,-6
AMH,American Homes 4 Rent,33.1,7,-59,-18,70,0,9,-28,-6,17,-8,-8
NIQ,NIQ Global Intelligence,14.06,0,0,0,0,0,8,-16,0,0,-8,-8
SFD,Smithfield Foods,21.99,3,-24,0,0,-21,31,-33,14,0,12,-9
AGCO,AGCO,108.32,27,-10,17,0,34,-12,-37,21,-15,-43,-9
ALSN,Allison Transmission,82.49,3,-23,-15,37,2,3,-19,-31,36,-11,-9
GLIBA,GCI Liberty (Series A),36.28,-12,0,0,0,-12,-9,12,0,0,3,-9
DUOL,Duolingo,317.61,-20,0,0,0,-20,-20,16,-11,25,10,-10
CUZ,Cousins Properties,26.45,-4,-10,0,13,-1,-5,-17,-2,15,-9,-10
HOG,Harley-Davidson,27.28,6,0,0,-11,-5,9,-16,15,-13,-5,-10
NUE,Nucor,140.53,7,-8,1,1,1,7,-25,17,-10,-11,-10
SJM,J.M. Smucker Company (The),104.71,0,-2,-4,-6,-12,28,-10,8,-25,1,-11
AIG,American International Group,78.36,-32,-4,0,55,19,-56,13,-10,23,-30,-11
INGR,Ingredion,120.13,-2,-57,-8,36,-31,-5,-27,-6,58,20,-11
HLNE,Hamilton Lane,120.88,-1,-20,-8,27,-2,8,-35,-5,23,-9,-11
PYPL,PayPal,70.03,0,0,-13,-41,-54,12,21,-1,11,43,-11
WEX,WEX Inc.,155.0,7,-12,0,0,-5,12,-23,14,-10,-7,-12
ALB,Albemarle Corporation,91.33,-7,29,2,-25,-1,-18,20,14,-27,-11,-12
WBS,Webster Bank,56.07,-64,-4,18,16,-34,3,-18,18,19,22,-12
WH,Wyndham Hotels & Resorts,81.13,14,-25,-13,13,-11,14,-30,-3,17,-2,-13
AES,AES Corporation,14.31,-9,15,0,-13,-7,-13,16,16,-26,-7,-14
TTD,Trade Desk (The),53.91,7,0,-37,-3,-33,12,12,-3,-2,19,-14
TOST,"Toast, Inc.",38.55,41,-36,2,0,7,8,-46,-3,19,-22,-15
IOT,Samsara,39.17,6,1,-20,0,-13,7,-4,-27,22,-2,-15
OMC,Omnicom Group,78.69,8,6,-37,3,-20,7,-6,7,-3,5,-15
GPC,Genuine Parts Company,134.48,1,0,11,0,12,-15,-13,20,-19,-27,-15
ST,Sensata Technologies,32.44,35,2,2,-17,22,6,-24,18,-37,-37,-15
CPT,Camden Property Trust,103.43,12,-20,-5,-1,-14,19,-21,-13,13,-2,-16
SBUX,Starbucks,85.9,28,-35,-11,0,-18,39,-43,-3,9,2,-16
ALK,Alaska Air Group,49.0,0,-19,-5,1,-23,7,-19,8,11,7,-16
KEX,Kirby Corporation,86.8,35,-58,-13,37,1,38,-51,-4,-1,-18,-17
GTM,ZoomInfo,10.85,9,0,0,0,9,12,-15,16,-39,-26,-17
PLNT,Planet Fitness,96.54,5,-36,1,15,-15,13,-28,-3,16,-2,-17
RYN,Rayonier,24.7,-2,-1,-3,-1,-7,-4,-4,8,-11,-11,-18
ACN,Accenture,250.52,6,0,-33,-2,-29,9,9,-29,21,10,-19
BLDR,Builders FirstSource,125.67,0,-8,-38,67,21,-21,-24,10,-5,-40,-19
GEV,GE Vernova,585.04,-28,-1,6,0,-23,-26,9,21,0,4,-19
IEX,IDEX Corporation,169.33,22,0,-38,0,-16,33,10,-38,-8,-3,-19
VVV,Valvoline,35.03,0,-19,-5,33,9,-23,-16,17,-6,-28,-19
HBAN,Huntington Bancshares,15.92,-82,-10,19,23,-50,6,-14,20,18,30,-20
BFAM,Bright Horizons,102.76,11,-31,-9,0,-29,35,-37,-6,17,9,-20
RF,Regions Financial Corporation,24.36,-82,-5,17,24,-46,7,-16,18,16,25,-21
COO,Cooper Companies (The),75.01,28,4,-37,-7,-12,25,13,-42,-5,-9,-21
CAI,Caris Life Sciences,31.55,1,-10,0,0,-9,-14,2,0,0,-12,-21
GLIBK,GCI Liberty (Series C),36.28,-28,0,0,0,-28,-7,13,0,0,6,-22
VZ,Verizon,40.29,0,-12,0,12,0,-4,-33,-1,16,-22,-22
PR,Permian Resources,12.31,-42,-17,-4,28,-35,13,-16,20,-4,13,-22
HIW,Highwoods Properties,29.57,-65,-2,10,8,-49,-5,-4,20,15,26,-23
TTC,Toro Company (The),75.65,7,-9,0,-2,-4,14,-23,11,-22,-20,-24
MPW,Medical Properties Trust,5.14,-9,33,7,-38,-7,-18,-2,2,1,-17,-24
AXTA,Axalta,29.01,22,-21,-26,24,-1,41,-23,-39,-2,-23,-24
FANG,Diamondback Energy,141.47,-60,-8,-39,49,-58,8,18,14,-7,33,-25
TYL,Tyler Technologies,518.61,14,-42,-4,19,-13,14,-44,-3,20,-13,-26
DOCU,DocuSign,72.45,9,-16,-4,-14,-25,12,-15,-12,13,-2,-27
SLGN,Silgan Holdings,44.25,28,-59,-13,0,-44,8,1,-7,15,17,-27
PFE,Pfizer,24.83,0,1,1,-25,-23,12,-3,17,-30,-4,-27
ELS,Equity Lifestyle Properties,62.95,12,16,-31,0,-3,8,15,-42,-5,-24,-27
LINE,"Lineage, Inc.",40.11,0,-3,0,0,-3,7,10,-41,0,-24,-27
CTVA,Corteva,61.94,-65,-27,63,1,-28,8,-19,-1,13,1,-27
CFR,Frost Bank,124.88,-34,-5,8,6,-25,8,-22,-1,12,-3,-28
MGM,MGM Resorts International,32.9,3,-16,0,0,-13,7,-28,17,-11,-15,-28
BDX,Becton Dickinson,189.02,2,0,-38,-7,-43,19,10,3,-17,15,-28
COLB,Columbia Banking System,25.57,-28,0,4,0,-24,6,-24,15,-1,-4,-28
HUBS,HubSpot,478.49,6,0,-20,-2,-16,7,-13,-28,21,-13,-29
QXO,"QXO, Inc.",19.55,7,-22,0,-16,-31,7,-20,23,-8,2,-29
REGN,Regeneron Pharmaceuticals,579.54,12,3,-51,0,-36,11,-4,6,-6,7,-29
SNV,Synovus,46.12,-36,-22,1,23,-34,9,-17,-3,16,5,-29
RIVN,Rivian,13.19,0,-4,0,0,-4,5,-9,2,-23,-25,-29
TROW,T. Rowe Price,104.2,-28,-4,4,-27,-55,7,5,16,-2,26,-29
MSTR,MicroStrategy,302.09,-63,-11,-3,21,-56,11,-3,-3,22,27,-29
CPAY,Corpay,287.31,3,-57,-8,23,-39,13,-26,-5,27,9,-30
OWL,Blue Owl Capital,17.04,19,-44,-14,0,-39,8,-20,-3,23,8,-31
KMPR,Kemper Corporation,49.32,11,-19,-16,-2,-26,16,-24,-13,16,-5,-31
LEA,Lear Corporation,100.93,7,-9,0,-19,-21,7,-20,19,-17,-11,-32
DPZ,Domino's,419.68,16,-55,-6,12,-33,11,-25,-5,20,1,-32
HPQ,HP Inc.,28.15,7,1,-35,0,-27,6,-18,9,-3,-6,-33
FND,Floor & Decor,72.5,17,-19,-45,-8,-55,38,-16,8,-8,22,-33
SON,Sonoco,41.15,1,-21,-6,-2,-28,12,-18,17,-16,-5,-33
ESTC,Elastic NV,86.75,1,1,-23,-8,-29,13,-14,2,-6,-5,-34
ZION,Zions Bancorporation,52.67,-65,-5,1,6,-63,8,-14,17,17,28,-35
SLM,Sallie Mae,26.75,7,-47,0,24,-16,7,-47,-3,23,-20,-36
DKNG,DraftKings,33.6,-10,-16,-4,0,-30,-16,-24,12,22,-6,-36
VKTX,Viking Therapeutics,32.96,-7,9,-50,23,-25,-18,15,-1,-8,-12,-37
CHWY,Chewy,36.98,-36,-7,51,0,8,-40,-1,-11,7,-45,-37
MTN,Vail Resorts,151.99,2,0,0,-25,-23,18,7,-1,-38,-14,-37
AFG,American Financial Group,130.94,-63,0,11,58,6,-71,-3,14,16,-44,-38
SMMT,Summit Therapeutics,18.71,-26,-32,-1,16,-43,-19,10,-7,21,5,-38
BRKR,Bruker,38.78,48,4,-70,-10,-28,59,15,-74,-11,-11,-39
ILMN,"Illumina, Inc.",98.98,15,0,0,-42,-27,32,-16,12,-42,-14,-41
DOX,Amdocs,83.69,31,-51,0,1,-19,14,-38,-5,7,-22,-41
SN,SharkNinja,93.44,6,-16,2,0,-8,-10,-44,17,3,-34,-42
S,SentinelOne,17.83,6,0,-35,0,-29,7,-12,-5,-3,-13,-42
CL,Colgate-Palmolive,78.61,21,-74,-16,25,-44,33,-35,-24,28,2,-42
AMCR,Amcor,8.12,40,-48,-11,0,-19,48,-57,-11,-4,-24,-43
SFM,Sprouts Farmers Market,110.03,0,-61,-5,48,-18,-16,-59,-9,59,-25,-43
MSCI,MSCI,540.36,-55,-8,-1,16,-48,4,-20,-1,22,5,-43
BMY,Bristol Myers Squibb,44.54,2,-14,-10,-7,-29,9,-6,-24,7,-14,-43
RLI,RLI Corp.,61.29,-35,-97,-20,178,26,3,-31,-39,-2,-69,-43
FTV,Fortive,49.78,11,0,-31,0,-20,13,-3,-27,-7,-24,-44
NCNO,nCino,25.99,7,-16,-36,0,-45,9,-21,15,-3,0,-45
CAR,Avis Budget Group,153.12,1,-18,19,-22,-20,1,-10,23,-39,-25,-45
CROX,Crocs,84.02,23,0,-52,-3,-32,12,-4,-14,-7,-13,-45
HSIC,Schein (Henry),64.24,0,-20,-15,-2,-37,13,-21,-5,5,-8,-45
AMTM,Amentum,22.84,-60,-9,0,0,-69,6,-2,20,0,24,-45
ELV,Elevance Health,349.96,0,14,-54,0,-40,-2,21,-20,-5,-6,-46
AMT,American Tower,192.4,29,-55,-7,-2,-35,35,-54,-5,13,-11,-46
TAP,Molson Coors,46.54,40,-30,-23,-2,-15,-5,3,-24,-5,-31,-46
SITE,SiteOne Landscape Supply,122.69,6,-20,-6,-11,-31,6,-24,13,-10,-15,-46
TFX,Teleflex,133.05,20,3,-52,-41,-70,31,2,3,-12,24,-46
WAL,Western Alliance Bancorporation,76.25,-73,-9,1,6,-75,7,-16,17,20,28,-47
OKTA,"Okta, Inc.",89.46,0,-13,-8,-26,-47,7,-3,-13,8,-1,-48
GPN,Global Payments,87.65,13,2,-37,-41,-63,12,7,8,-12,15,-48
PNFP,Pinnacle Financial Partners,88.41,-36,-22,-14,17,-55,8,-16,-5,20,7,-48
CF,CF Industries,83.28,-60,-5,7,6,-52,1,-4,-3,10,4,-48
EOG,EOG Resources,106.36,-36,-23,-8,47,-20,1,-26,-2,-1,-28,-48
W,Wayfair,80.9,17,0,14,-43,-12,-7,-9,20,-42,-38,-50
APA,APA Corporation,22.57,-63,53,2,-14,-22,-18,-4,15,-21,-28,-50
DVA,DaVita,128.4,10,-41,-13,22,-22,8,-27,-30,21,-28,-50
KMB,Kimberly-Clark,120.05,-1,-28,-9,20,-18,-4,-35,-21,28,-32,-50
VFC,VF Corporation,15.3,14,2,-30,-45,-59,12,-10,7,-1,8,-51
G,Genpact,40.31,6,-30,-7,0,-31,17,-26,-25,12,-22,-53
EQH,Equitable Holdings,48.37,-65,-16,1,13,-67,6,-12,-1,21,14,-53
MTB,M&T Bank,181.7,-112,-10,11,24,-87,10,-12,18,16,32,-55
SRPT,Sarepta Therapeutics,23.33,6,12,-39,-9,-30,28,15,-60,-8,-25,-55
VIRT,Virtu Financial,33.29,0,-37,0,16,-21,2,-49,-3,16,-34,-55
CNXC,Concentrix,46.78,7,-18,-5,0,-16,18,-14,-8,-35,-39,-55
CHE,Chemed Corporation,441.01,18,-15,-21,-1,-19,17,-24,-19,-10,-36,-55
DXCM,Dexcom,69.75,16,-41,-9,-16,-50,33,-24,-4,-11,-6,-56
KD,Kyndryl,28.65,0,-55,-6,0,-61,10,-20,-7,22,5,-56
COLM,Columbia Sportswear,54.21,21,-19,-31,-8,-37,14,-23,-26,15,-20,-57
FBIN,Fortune Brands Innovations,52.37,10,-21,-36,-7,-54,15,-24,9,-4,-4,-58
CSGP,CoStar Group,76.85,0,-20,0,0,-20,6,-43,-2,1,-38,-58
CTSH,Cognizant,68.76,7,-59,-13,16,-49,8,-24,-13,20,-9,-58
DLB,Dolby Laboratories,69.61,0,-21,-13,-1,-35,12,-31,-3,-1,-23,-58
FOUR,Shift4,76.92,0,-55,-10,0,-65,8,-26,-3,26,5,-60
SWK,Stanley Black & Decker,70.86,7,-9,-39,-41,-82,33,-16,9,-4,22,-60
MKC,McCormick & Company,66.9,17,-74,-16,-4,-77,28,1,-24,12,17,-60
SIRI,Sirius XM,22.17,7,-9,-3,-33,-38,7,-21,10,-19,-23,-61
LSTR,Landstar,136.78,28,1,-45,-2,-18,11,7,-52,-9,-43,-61
EW,Edwards Lifesciences,76.0,9,-15,0,-16,-22,24,-26,-1,-37,-40,-62
MTDR,Matador Resources,43.92,0,-17,-39,0,-56,14,-25,13,-8,-6,-62
LKQ,LKQ Corporation,30.59,9,-27,-16,-4,-38,39,-20,-24,-19,-24,-62
AUR,Aurora Innovation,5.25,-12,-19,-11,0,-42,2,-12,-28,17,-21,-63
JHX,James Hardie Industries,21.84,0,0,-37,-3,-40,-18,10,-10,-5,-23,-63
SAIC,SAIC,100.43,8,-34,-8,0,-34,12,-34,-5,-3,-30,-64
ASH,Ashland Global,50.64,40,-23,-51,-11,-45,9,-27,9,-12,-21,-66
UDR,"UDR, Inc.",36.61,15,-58,-8,-2,-53,12,-26,-15,15,-14,-67
FITB,Fifth Third Bancorp,42.17,-121,-5,10,24,-92,6,-16,17,18,25,-67
FI,Fiserv,126.06,7,-72,-24,37,-52,12,-32,-25,29,-16,-68
BJ,BJ's Wholesale Club,93.99,2,-80,-5,12,-71,1,-47,-12,60,2,-69
RH,RH,185.68,0,-18,-34,-9,-61,8,-23,8,-2,-9,-70
NKE,"Nike, Inc.",68.35,6,-11,0,-23,-28,9,-31,17,-38,-43,-71
INVH,Invitation Homes,28.69,20,-63,-18,0,-61,14,-28,-13,16,-11,-72
RNG,RingCentral,29.23,11,0,0,-43,-32,13,-16,10,-47,-40,-72
CART,Maplebear Inc.,38.78,0,-29,-4,0,-33,-18,-19,-3,1,-39,-72
POOL,Pool Corporation,302.63,7,-20,-33,-8,-54,10,-16,-2,-11,-19,-73
MTCH,Match Group,33.05,10,-12,2,-39,-39,10,-20,15,-40,-35,-74
TGT,Target Corporation,94.4,35,-38,-41,-13,-57,37,-44,-3,-8,-18,-75
BHF,Brighthouse Financial,47.1,-35,0,-3,0,-38,-26,-8,-13,10,-37,-75
BEN,Franklin Templeton Investments,22.65,-54,-12,18,0,-48,7,-30,20,-24,-27,-75
SBAC,SBA Communications,197.67,35,-55,-9,-22,-51,39,-55,-8,-1,-25,-76
NOV,NOV Inc.,13.07,0,1,-65,-14,-78,11,-3,11,-17,2,-76
PNC,PNC Financial Services,181.91,-119,-9,12,16,-100,6,-16,17,16,23,-77
CNH,CNH Industrial,10.65,12,-48,-7,0,-43,31,-64,-5,4,-34,-77
GDDY,GoDaddy,132.69,0,-73,-13,24,-62,10,-20,-29,24,-15,-77
FIS,Fidelity National Information Services,67.68,1,-55,-12,-39,-105,12,9,-7,13,27,-78
CLX,Clorox,119.89,6,-12,-27,-7,-40,16,-16,-37,-1,-38,-78
PCTY,Paylocity,154.89,7,-41,-8,-5,-47,13,-45,-7,7,-32,-79
CARR,Carrier Global,59.81,7,-56,-9,0,-58,6,-52,-4,28,-22,-80
PPG,PPG Industries,104.38,14,-22,-56,-10,-74,33,-28,-3,-10,-8,-82
JKHY,Jack Henry & Associates,156.91,72,-58,-13,-2,-1,8,-89,-13,13,-81,-82
MAA,Mid-America Apartment Communities,133.38,0,-59,-7,-1,-67,12,-23,-18,13,-16,-83
TSN,Tyson Foods,52.35,-4,-12,-11,-30,-57,9,-28,-21,13,-27,-84
SLB,Schlumberger,33.52,8,-11,-80,-1,-84,33,-18,-3,-12,0,-84
ZTS,Zoetis,146.2,14,-31,-45,-5,-67,33,-32,-12,-7,-18,-85
OKE,Oneok,68.94,-78,-57,-23,56,-102,8,-9,-35,53,17,-85
ONON,On Holding AG,42.91,7,-58,-9,0,-60,-26,-16,-6,22,-26,-86
TW,Tradeweb,108.24,0,-54,-8,2,-60,8,-50,-9,25,-26,-86
PEN,"Penumbra, Inc.",249.1,-30,-7,0,0,-37,-40,1,-16,5,-50,-87
CPB,Campbell Soup Company,31.08,10,-10,-42,-8,-50,30,-11,-49,-7,-37,-87
ATR,AptarGroup,130.57,7,-57,-13,22,-41,9,-54,-5,-1,-51,-92
ALAB,Astera Labs,157.45,-50,-3,7,0,-46,-47,-14,15,0,-46,-92
GFS,GlobalFoundries,35.56,14,0,-92,0,-78,12,-3,-4,-19,-14,-92
BALL,Ball Corporation,49.33,12,-47,-13,-13,-61,33,-55,-3,-7,-32,-93
MRNA,Moderna,27.47,0,0,-65,-6,-71,6,18,-5,-41,-22,-93
PAYC,Paycom,206.87,7,-41,1,-26,-59,12,-44,-4,1,-35,-94
EEFT,Euronet Worldwide,89.12,22,-59,-13,-5,-55,14,-59,-10,15,-40,-95
PRMB,Primo Brands,22.27,12,-99,-8,24,-71,1,-27,-20,20,-26,-97
PB,Prosperity Bancshares,63.44,-34,-60,-14,16,-92,9,-26,-5,16,-6,-98
AKAM,Akamai Technologies,76.13,6,1,-36,-9,-38,8,-20,-36,-12,-60,-98
ADBE,Adobe Inc.,357.61,7,0,-46,-8,-47,13,-8,-50,-7,-52,-99
PENN,Penn Entertainment,17.46,1,-11,-3,-36,-49,5,-20,10,-46,-51,-100
AS,Amer Sports,30.88,-63,-23,14,0,-72,-19,-29,20,0,-28,-100
EMN,Eastman Chemical Company,62.13,14,-22,-31,-3,-42,14,-24,-45,-4,-59,-101
CNC,Centene,36.1,0,1,-54,-13,-66,-27,43,-23,-30,-37,-103
TEAM,Atlassian,168.72,19,-73,-16,-8,-78,10,-21,-28,13,-26,-104
OVV,Ovintiv,36.15,-63,-12,-3,0,-78,-26,-9,17,-8,-26,-104
CDW,CDW,156.51,14,-55,-52,0,-93,21,-20,-3,-10,-12,-105
APD,Air Products,254.69,-70,-21,-5,0,-96,6,-26,-1,12,-9,-105
CCCS,CCC Intelligent Solutions,9.11,-28,-22,-38,0,-88,2,-24,12,-8,-18,-106
KBR,"KBR, Inc.",44.5,0,-19,-40,0,-59,3,-29,-18,-3,-47,-106
AVY,Avery Dennison,163.51,9,-41,-45,0,-77,14,-32,-5,-7,-30,-107
IRDM,Iridium Communications,18.98,-2,-58,-14,-21,-95,7,5,-5,-21,-14,-109
UHAL,U-Haul,56.24,7,-60,-25,0,-78,8,-24,-38,22,-32,-110
ACHC,Acadia Healthcare,23.49,-59,28,-58,-13,-102,-16,20,3,-18,-11,-113
CHDN,Churchill Downs Incorporated,96.62,14,-37,-41,0,-64,12,-54,-4,-3,-49,-113
COP,ConocoPhillips,86.38,-98,-10,-4,0,-112,2,-9,12,-10,-5,-117
IAC,IAC Inc.,33.95,7,-23,-12,-33,-61,6,-15,-7,-40,-56,-117
DVN,Devon Energy,32.04,-63,-8,0,-7,-78,-26,-9,19,-24,-40,-118
KHC,Kraft Heinz,25.57,15,-32,-52,-2,-71,39,-50,-24,-12,-47,-118
CAVA,Cava Group,65.49,6,-49,-24,0,-67,-26,7,-38,4,-53,-120
CZR,Caesars Entertainment,22.69,0,-12,-36,-27,-75,6,-8,-4,-39,-45,-120
BBWI,"Bath & Body Works, Inc.",26.36,7,-32,-35,-17,-77,-5,-25,-6,-8,-44,-121
IFF,International Flavors & Fragrances,65.01,38,-59,-33,-33,-87,39,-25,-45,-3,-34,-121
CHH,Choice Hotels,102.0,2,-54,-13,0,-65,8,-55,-27,16,-58,-123
TDC,Teradata,21.31,0,0,-89,-19,-108,6,-2,-1,-18,-15,-123
CAG,Conagra Brands,18.62,7,-12,-42,-9,-56,13,-31,-24,-25,-67,-123
GIS,General Mills,48.56,0,-7,-51,-6,-64,14,-6,-47,-21,-60,-124
ARE,Alexandria Real Estate Equities,76.78,1,-10,-47,-32,-88,8,-12,5,-37,-36,-124
AAL,American Airlines Group,12.35,14,-4,-31,-78,-99,5,1,9,-41,-26,-125
FDS,FactSet,294.11,21,-66,-15,-2,-62,14,-62,-13,-3,-64,-126
WHR,Whirlpool Corporation,74.56,0,-25,-15,-28,-68,8,-22,-6,-38,-58,-126
NWL,Newell Brands,4.86,0,-19,-37,-33,-89,14,-22,8,-38,-38,-127
FRPT,Freshpet,54.56,29,-90,-34,-8,-103,6,1,-30,-1,-24,-127
ODFL,Old Dominion Freight Line,144.34,14,-59,-36,0,-81,29,-33,-41,-3,-48,-129
DAR,Darling Ingredients,30.57,-5,-17,-16,-22,-60,-7,-30,-3,-32,-72,-132
SAM,Boston Beer Company,218.68,-2,0,-45,-39,-86,-9,7,1,-46,-47,-133
LULU,Lululemon Athletica,181.4,14,-95,-21,-5,-107,14,1,-30,-14,-29,-136
CBSH,Commerce Bancshares,53.85,-75,-55,-4,13,-121,2,-30,-3,15,-16,-137
LNW,Light & Wonder,74.91,-85,-17,-13,59,-56,-81,-25,-2,27,-81,-137
GPK,Graphic Packaging,17.55,0,-38,-29,-1,-68,9,-35,-42,-2,-70,-138
RYAN,Ryan Specialty,53.12,-52,-83,-13,0,-148,2,-1,-19,27,9,-139
KMX,CarMax,44.7,0,-23,-29,-38,-90,5,-21,-33,-2,-51,-141
DV,DoubleVerify,11.45,9,-31,-80,0,-102,9,-33,-3,-12,-39,-141
WSC,WillScot Mobile Mini,22.24,6,-57,-75,-8,-134,5,3,-4,-14,-10,-144
UHAL-B,U-Haul (Series N),51.17,12,-60,-33,0,-81,7,-24,-47,-3,-67,-148
CE,Celanese,41.62,0,-52,-53,-12,-117,9,-22,-7,-11,-31,-148
UPS,United Parcel Service,88.06,23,0,-116,-18,-111,31,11,-44,-36,-38,-149
OLN,Olin Corporation,23.41,-21,0,-70,-11,-102,-24,-8,8,-25,-49,-151
LBRDA,Liberty Broadband (Series A),58.03,-63,-4,-13,-38,-118,-27,-4,-13,10,-34,-152
LBRDK,Liberty Broadband (Series C),58.18,-63,-4,-13,-38,-118,-27,-4,-13,10,-34,-152
FCN,FTI Consulting,153.27,-49,-30,-47,0,-126,8,-24,-4,-7,-27,-153
CMCSA,Comcast,29.95,0,-60,-45,-11,-116,7,-24,-12,-10,-39,-155
KVUE,Kenvue,14.93,-27,-41,-8,0,-76,-26,-51,-13,5,-85,-161
MORN,"Morningstar, Inc.",221.58,0,-58,-30,0,-88,8,-71,-8,-2,-73,-161
WLK,Westlake Corporation,76.91,-55,-8,-50,-2,-115,-21,-22,4,-8,-47,-162
BF-B,Brown–Forman (Class B),28.69,27,0,-113,-20,-106,25,-8,-45,-30,-58,-164
MOS,Mosaic Company (The),29.18,-63,-8,26,-18,-63,-61,-8,-1,-32,-102,-165
CHTR,Charter Communications,252.52,-63,-4,-14,-38,-119,-27,-4,-14,-3,-48,-167
ENPH,Enphase Energy,37.08,0,2,-56,-22,-76,8,-12,-63,-26,-93,-169
SMG,Scotts Miracle-Gro Company,54.92,-55,-38,-32,-41,-166,7,-24,16,-3,-4,-170
EPAM,EPAM Systems,155.02,7,-30,-36,-29,-88,12,-28,-27,-39,-82,-170
PPC,Pilgrim's Pride,37.79,-84,-33,-3,23,-97,-41,-40,-14,20,-75,-172
GLOB,Globant,61.28,7,-109,-36,-9,-147,12,7,-36,-9,-26,-173
CLVT,Clarivate,3.65,0,-23,-87,-8,-118,12,-23,-1,-44,-56,-174
FMC,FMC Corporation,29.95,-2,-38,-50,-26,-116,3,-28,-5,-28,-58,-174
BF-A,Brown–Forman (Class A),28.58,28,-32,-112,-20,-136,35,4,-52,-26,-39,-175
HRL,Hormel Foods,24.09,8,-68,-20,-25,-105,33,-64,-7,-32,-70,-175
INSP,Inspire Medical Systems,82.74,14,-110,-33,-8,-137,11,5,-38,-19,-41,-178
STZ,Constellation Brands,141.56,0,-41,-55,-5,-101,-3,7,-71,-10,-77,-178
BIRK,Birkenstock,42.65,-77,-33,-9,0,-119,-19,-31,-11,0,-61,-180
GME,GameStop,22.81,-87,-4,-4,-32,-127,-26,-5,-13,-9,-53,-180
LCID,Lucid Motors,19.7,-76,0,-14,0,-90,-25,-3,-27,-37,-92,-182
ALGN,Align Technology,136.22,16,-58,-77,-27,-146,14,3,-13,-40,-36,-182
MKTX,MarketAxess,172.93,1,-62,-38,-31,-130,1,1,-12,-46,-56,-186
WU,Western Union,8.12,0,-2,-33,-48,-83,-5,-24,-68,-7,-104,-187
COTY,Coty,4.14,-13,-2,-74,-9,-98,-5,3,-76,-11,-89,-187
DOW,Dow Inc.,21.74,-5,-22,-53,-3,-83,-16,-16,-68,-10,-110,-193
TREX,"Trex Company, Inc.",51.3,-28,-28,-64,-15,-135,-25,-24,-4,-8,-61,-196
FLO,Flowers Foods,12.73,7,-47,-47,-10,-97,30,-40,-67,-25,-102,-199
COLD,Americold,13.56,31,-141,-51,-13,-174,33,7,-51,-17,-28,-202
OGN,Organon & Co.,9.02,-70,-4,-39,0,-113,-28,-4,-52,-6,-90,-203
BMRN,BioMarin Pharmaceutical,53.82,0,-32,-60,-22,-114,5,-46,-25,-24,-90,-204
WEN,Wendy's Company (The),9.34,6,-83,-47,-10,-134,12,-30,-42,-17,-77,-211
DXC,DXC Technology,13.27,3,-12,-35,-75,-119,8,-23,-42,-36,-93,-212
HUN,Huntsman Corporation,8.25,0,-23,-55,-17,-95,-16,-23,-50,-35,-124,-219
CHRD,Chord Energy,89.18,-119,-17,-60,0,-196,-5,-26,14,-8,-25,-221
CIVI,Civitas Resources,27.42,-63,-8,-65,-2,-138,-77,-6,9,-11,-85,-223
UAA,Under Armour (Class A),4.78,-4,-52,-38,-46,-140,9,-54,-5,-39,-89,-229
PRGO,Perrigo,21.93,6,-54,-12,-115,-175,9,-3,-12,-57,-63,-238
XRAY,Dentsply Sirona,12.97,14,-58,-91,-44,-179,9,-23,-5,-42,-61,-240
BAX,Baxter International,22.75,1,-74,-33,-40,-146,-4,-27,-24,-43,-98,-244
OXY,Occidental Petroleum,40.91,-98,-9,-65,0,-172,-68,-7,16,-18,-77,-249
WY,Weyerhaeuser,23.71,-76,-28,-33,-1,-138,-26,-32,-45,-10,-113,-251
UA,Under Armour (Class C),4.63,-4,-52,-38,-39,-133,-25,-54,-5,-39,-123,-256
DJT,Trump Media & Technology Group,15.97,-60,-100,-66,0,-226,-5,-31,-34,-11,-81,-307
LYB,LyondellBasell,45.21,-67,-57,-54,-7,-185,-24,-22,-68,-9,-123,-308
MAN,ManpowerGroup,34.36,-47,-40,-56,-30,-173,-19,-32,-56,-38,-145,-318
BRBR,BellRing Brands,33.49,-32,-117,-23,0,-172,-25,-109,-29,-1,-164,-336
RHI,Robert Half,30.98,-75,-187,-39,-11,-312,-18,-24,-37,-34,-113,-425
