Symbol,Name,Close,1H Cloud Score,1D Cloud Score,1W Cloud Score,1M Cloud Score,Cloud Score Sum,1H TKx Score,1D TKx Score,1W TKx Score,1M TKx Score,TKx Score Sum,Total Score Sum
TJX,TJX Companies,143.12,15,39,154,199,407,21,1,123,194,339,746
JPM,JPMorgan Chase,316.06,85,98,129,159,471,88,23,16,27,154,625
ORLY,O'Reilly Auto Parts,106.11,5,50,169,200,424,17,-2,60,90,165,589
AAPL,Apple Inc.,255.46,65,63,4,252,384,70,31,8,72,181,565
WELL,Welltower,174.91,28,93,122,59,302,37,54,139,25,255,557
ORI,Old Republic International,41.97,35,33,153,59,280,40,31,123,56,250,530
WRB,W. R. Berkley Corporation,75.89,40,22,100,177,339,48,35,30,56,169,508
LOPE,Grand Canyon Education,216.9,84,36,153,36,309,82,35,40,35,192,501
IBM,IBM,284.48,120,7,115,55,297,62,15,62,57,196,493
COOP,Mr. Cooper Group,212.27,-26,96,125,59,254,-41,95,123,57,234,488
BK,BNY Mellon,109.54,84,98,100,41,323,2,102,16,20,140,463
RTX,RTX Corporation,163.32,70,95,83,55,303,32,4,90,15,141,444
AM,Antero Midstream,19.58,38,18,154,24,234,49,11,84,56,200,434
GLW,Corning Inc.,79.36,175,95,25,18,313,-12,102,14,15,119,432
SO,Southern Company,94.52,35,3,82,191,311,32,-21,29,80,120,431
FAST,Fastenal,48.7,28,118,129,107,382,9,-11,21,27,46,428
YUM,Yum! Brands,152.68,20,12,34,260,326,30,12,-8,58,92,418
CASY,Casey's,547.81,-15,15,119,88,207,-11,11,123,79,202,409
ETR,Entergy,92.25,28,6,82,138,254,36,5,95,15,151,405
APP,AppLovin,669.84,169,41,111,0,321,3,49,12,19,83,404
L,Loews Corporation,100.3,31,96,118,56,301,29,31,16,25,101,402
GS,Goldman Sachs,802.82,0,96,98,59,253,1,107,16,22,146,399
DTE,DTE Energy,139.27,35,4,80,190,309,39,1,33,14,87,396
ROL,"Rollins, Inc.",58.43,7,1,37,287,332,16,-18,29,36,63,395
MCD,McDonald's,305.16,7,1,58,243,309,26,-7,4,58,81,390
MS,Morgan Stanley,160.11,0,96,82,65,243,1,107,16,17,141,384
HWM,Howmet Aerospace,193.21,12,13,154,30,209,5,13,98,58,174,383
MLI,Mueller Industries,101.43,91,68,13,59,231,3,61,14,72,150,381
NRG,NRG Energy,168.59,7,11,109,95,222,5,10,119,22,156,378
ALL,Allstate,212.77,40,7,103,160,310,49,-16,17,18,68,378
FIX,Comfort Systems USA,805.11,3,99,23,65,190,2,111,16,56,185,375
WM,"Waste Management, Inc.",218.66,7,-25,1,188,171,42,-31,33,160,204,375
AJG,Arthur J. Gallagher & Co.,304.1,42,1,0,187,230,50,-9,-8,108,141,371
RSG,Republic Services,228.17,0,-42,130,178,266,17,-67,-7,161,104,370
WMB,Williams Companies,64.03,56,7,118,53,234,50,12,16,58,136,370
AZO,AutoZone,4196.58,1,49,100,87,237,17,-3,60,58,132,369
KLAC,KLA Corporation,1064.05,112,15,20,178,325,-9,9,16,27,43,368
LMT,Lockheed Martin,487.4,117,22,0,166,305,38,24,1,-3,60,365
PLTR,Palantir Technologies,177.55,0,109,122,0,231,-19,7,125,21,134,365
LHX,L3Harris,293.63,34,118,18,6,176,38,111,18,15,182,358
BSX,Boston Scientific,98.18,0,-11,150,145,284,5,-5,16,58,74,358
UNP,Union Pacific Corporation,235.35,50,4,0,199,253,79,4,1,20,104,357
GD,General Dynamics,330.45,7,118,14,55,194,15,73,16,58,162,356
ATO,Atmos Energy,168.45,25,36,80,46,187,35,-10,91,46,162,349
APH,Amphenol,122.6,6,109,25,66,206,-13,111,16,28,142,348
CDNS,Cadence Design Systems,350.11,-10,7,23,142,162,-21,4,16,181,180,342
CTAS,Cintas,204.24,8,-30,1,168,147,12,-25,19,188,194,341
GOOGL,Alphabet (Class A),246.55,-3,85,14,177,273,-25,59,11,22,67,340
GOOG,Alphabet (Class C),247.19,-1,85,13,177,274,-25,59,10,22,66,340
SNX,TD Synnex,164.5,12,96,21,64,193,5,102,14,22,143,336
WMT,Walmart,103.14,0,20,133,102,255,16,11,16,30,73,328
DUK,Duke Energy,123.02,31,4,82,184,301,-5,-16,28,17,24,325
EVRG,Evergy,74.06,32,77,64,15,188,38,5,83,11,137,325
ITT,ITT Inc.,176.85,-18,102,22,100,206,-33,109,16,27,119,325
CBOE,Cboe Global Markets,243.51,26,0,150,56,232,33,-22,28,52,91,323
RBC,RBC Bearings,384.95,7,-11,99,165,260,2,-19,20,58,61,321
MSI,Motorola Solutions,456.36,-55,51,7,154,157,-30,-2,7,186,161,318
FWONA,Liberty Formula 1 (Series A),95.06,59,9,75,63,206,17,23,15,57,112,318
HEI,HEICO (Common),320.31,0,2,31,190,223,5,9,22,58,94,317
NI,NiSource,42.56,35,3,80,46,164,40,3,95,15,153,317
PPL,PPL Corporation,36.72,27,54,82,24,187,36,-15,94,15,130,317
UNM,Unum,78.27,128,7,4,41,180,50,16,16,55,137,317
COR,Cencora,307.11,11,19,50,76,156,2,28,61,69,160,316
SRE,Sempra,88.58,28,51,6,182,267,30,6,14,-2,48,315
EHC,Encompass Health,126.7,11,30,149,30,220,2,33,30,30,95,315
RJF,Raymond James Financial,175.71,7,95,98,59,259,5,18,13,20,56,315
FWONK,Liberty Formula 1 (Series C),104.95,58,9,76,58,201,17,23,16,57,113,314
NEM,Newmont,85.24,42,120,25,6,193,2,82,25,11,120,313
TRV,Travelers Companies (The),277.85,7,32,97,59,195,-13,43,30,57,117,312
PWR,Quanta Services,405.94,46,3,23,100,172,42,7,16,73,138,310
LYV,Live Nation Entertainment,161.86,-48,97,100,148,297,-19,-1,15,17,12,309
HIG,Hartford (The),133.09,8,38,100,58,204,28,-7,27,57,105,309
MNST,Monster Beverage,65.32,2,35,32,181,250,18,9,25,5,57,307
SCCO,Southern Copper,117.02,132,18,4,63,217,40,31,16,1,88,305
R,Ryder,187.68,7,81,17,57,162,4,67,14,57,142,304
DDS,Dillard's,625.13,28,78,20,55,181,21,32,13,56,122,303
DGX,Quest Diagnostics,188.98,49,35,74,19,177,3,33,74,15,125,302
MPWR,Monolithic Power Systems,886.92,0,96,9,158,263,-19,40,16,1,38,301
TIGO,Millicom,48.23,0,176,83,3,262,-14,6,30,17,39,301
BWXT,BWX Technologies,180.65,91,94,19,36,240,5,6,16,32,59,299
CRS,Carpenter Technology Corporation,251.02,7,-25,152,36,170,5,-4,77,50,128,298
SF,Stifel,114.61,0,86,14,60,160,1,101,13,21,136,296
DRS,Leonardo DRS,43.96,34,0,145,59,238,5,6,16,30,57,295
URI,United Rentals,947.81,-2,96,13,65,172,-17,67,14,58,122,294
IBKR,Interactive Brokers,66.11,49,7,95,58,209,5,6,16,58,85,294
AIZ,Assurant,215.56,32,37,7,153,229,44,-8,8,20,64,293
RL,Ralph Lauren Corporation,312.04,2,98,100,35,235,-14,27,16,27,56,291
WEC,WEC Energy Group,112.86,28,52,61,14,155,38,9,74,12,133,288
ULTA,Ulta Beauty,552.36,21,106,18,5,150,20,109,18,-10,137,287
HEI-A,HEICO (Class A),251.94,0,5,32,183,220,2,10,23,31,66,286
C,Citigroup,103.41,8,96,25,19,148,1,106,16,15,138,286
HD,Home Depot (The),410.12,-41,48,7,181,195,2,61,8,20,91,286
BRK-B,Berkshire Hathaway,500.03,30,22,130,63,245,28,-3,-11,27,41,286
STE,Steris,249.04,-21,35,20,196,230,2,-2,28,26,54,284
AMAT,Applied Materials,203.9,107,7,1,150,265,4,7,14,-6,19,284
WPC,W. P. Carey,68.43,7,93,35,3,138,22,85,32,6,145,283
NFG,National Fuel Gas,93.72,29,13,66,53,161,28,6,77,11,122,283
NEU,NewMarket,829.63,2,118,25,30,175,19,32,28,28,107,282
XEL,Xcel Energy,79.28,25,52,57,13,147,38,21,65,10,134,281
COST,Costco,915.8,-47,-7,0,181,127,-7,-18,-8,185,152,279
GRMN,Garmin,240.49,7,69,118,20,214,1,30,12,22,65,279
PGR,Progressive Corporation,243.46,0,-76,-2,178,100,12,-16,-9,190,177,277
OGE,OGE Energy,45.73,32,1,74,46,153,33,2,74,15,124,277
CW,Curtiss-Wright,526.08,10,104,25,55,194,5,12,16,50,83,277
AFG,American Financial Group,145.22,60,37,7,57,161,52,37,10,15,114,275
EME,Emcor,640.62,7,96,23,59,185,2,15,14,58,89,274
ACM,AECOM,129.2,-13,102,22,66,177,-23,31,16,72,96,273
HCA,HCA Healthcare,418.98,35,35,9,98,177,40,3,22,30,95,272
CINF,Cincinnati Financial,156.89,7,39,91,63,200,10,30,16,16,72,272
ADI,Analog Devices,247.54,0,27,17,180,224,5,-1,16,27,47,271
SSNC,SS&C Technologies,87.88,-21,72,96,15,162,-19,97,13,16,107,269
RBA,RB Global,107.4,-30,-2,110,28,106,-27,56,113,20,162,268
AME,Ametek,186.36,-31,41,10,107,127,-19,41,16,102,140,267
AXS,AXIS Capital,95.93,0,0,92,46,138,-5,-9,88,54,128,266
FYBR,Frontier Communications,37.35,0,34,95,0,129,23,-1,100,15,137,266
DTM,DT Midstream,113.34,38,14,109,0,161,49,13,16,26,104,265
KMI,Kinder Morgan,28.22,21,3,98,45,167,19,12,14,53,98,265
BPOP,"Popular, Inc.",127.99,7,103,23,60,193,5,31,16,20,72,265
SCI,Service Corporation International,82.12,37,12,3,176,228,3,6,14,14,37,265
IDA,Idacorp,129.5,32,65,62,19,178,39,4,32,11,86,264
COF,Capital One,224.05,-18,102,100,22,206,1,22,16,19,58,264
INTU,Intuit,698.26,49,-27,23,192,237,-12,1,16,21,26,263
V,Visa Inc.,337.4,-25,-4,143,134,248,-19,-9,16,27,15,263
SPG,Simon Property Group,185.38,28,65,7,36,136,26,64,14,22,126,262
TDY,Teledyne Technologies,577.71,46,95,58,15,214,5,10,16,16,47,261
LIN,Linde plc,474.39,-19,39,19,111,150,-18,6,16,107,111,261
CME,CME Group,270.3,24,-30,60,137,191,19,-25,56,20,70,261
THC,Tenet Healthcare,202.04,35,33,20,58,146,44,30,14,25,113,259
MA,Mastercard,564.66,-28,0,132,156,260,-37,-9,16,27,-3,257
MMC,Marsh McLennan,199.57,0,-77,-9,176,90,18,-15,-17,179,165,255
ANET,Arista Networks,142.48,-19,81,13,59,134,-25,77,12,57,121,255
FTI,TechnipFMC,40.38,9,96,23,28,156,25,18,16,38,97,253
CAT,Caterpillar Inc.,465.81,0,95,14,65,174,-14,20,14,58,78,252
ORCL,Oracle Corporation,283.49,-14,13,17,199,215,-19,10,16,28,35,250
PM,Philip Morris International,164.91,1,-10,76,56,123,24,-16,91,28,127,250
GM,General Motors,61.25,21,78,13,12,124,28,70,13,14,125,249
AAON,AAON,91.0,5,7,-19,246,239,-16,25,-31,32,10,249
THG,Hanover Insurance,179.37,7,35,67,25,134,14,27,59,15,115,249
NFLX,Netflix,1210.17,0,-3,122,21,140,2,-7,93,21,109,249
SPOT,Spotify,716.53,0,10,118,13,141,-23,7,101,21,106,247
CNP,Centerpoint Energy,38.74,31,50,55,46,182,-9,8,49,16,64,246
WDC,Western Digital,106.85,0,96,18,19,133,-14,107,16,4,113,246
MSFT,Microsoft,511.55,0,0,22,174,196,4,4,16,26,50,246
J,Jacobs Solutions,147.99,-6,94,12,107,207,1,5,13,20,39,246
BKNG,Booking Holdings,5548.51,11,2,142,36,191,23,-13,16,27,53,244
LNG,Cheniere Energy,238.39,21,4,66,59,150,28,-8,16,57,93,243
BKR,Baker Hughes,50.53,49,50,10,36,145,42,19,10,27,98,243
AXON,Axon Enterprise,708.71,-20,-12,151,95,214,-16,-3,16,31,28,242
MRVL,Marvell Technology,83.15,63,3,-27,107,146,65,5,6,19,95,241
MO,Altria,65.7,7,49,76,46,178,23,-9,32,17,63,241
WFC,Wells Fargo,85.01,61,12,98,30,201,-17,20,16,20,39,240
HLI,Houlihan Lokey,205.83,-2,98,23,45,164,2,31,16,27,76,240
OZK,Bank OZK,52.03,0,96,23,57,176,5,24,14,20,63,239
UTHR,United Therapeutics,432.97,54,32,4,58,148,-5,32,4,60,91,239
UI,Ubiquiti,649.71,52,25,58,11,146,5,60,16,11,92,238
AON,AON,356.12,0,-9,0,178,169,22,-13,3,57,69,238
ABBV,AbbVie,220.61,0,48,23,59,130,-21,55,9,65,108,238
WCC,Wesco International,213.79,0,95,13,59,167,5,-7,14,58,70,237
EXPD,Expeditors International,121.87,0,41,7,132,180,17,32,12,-4,57,237
CORT,Corcept Therapeutics,83.88,56,8,70,20,154,53,6,-17,39,81,235
PFGC,Performance Food Group,104.32,-32,99,59,44,170,-35,25,16,58,64,234
JEF,Jefferies Financial Group,66.71,-18,72,3,59,116,-19,72,7,58,118,234
VMC,Vulcan Materials,299.25,7,48,12,61,128,5,56,16,28,105,233
MCK,McKesson Corporation,760.14,28,7,48,59,142,2,24,-3,68,91,233
GE,GE Aerospace,294.91,0,107,25,28,160,-12,18,36,30,72,232
NVT,Nvent Electric,97.01,-9,96,14,13,114,1,109,14,-6,118,232
DASH,DoorDash,262.56,0,95,103,0,198,-12,10,16,19,33,231
MPC,Marathon Petroleum,198.7,63,22,5,50,140,61,22,16,-9,90,230
LITE,Lumentum,160.66,-21,94,20,4,97,5,102,14,11,132,229
HUBB,Hubbell Incorporated,425.23,-26,0,7,183,164,-19,-2,12,72,63,227
OLLI,Ollie's Bargain Outlet,132.42,-8,0,121,17,130,-4,8,69,24,97,227
AU,AngloGold Ashanti,68.31,7,40,82,19,148,-15,49,30,15,79,227
BYD,Boyd Gaming,85.92,28,6,54,60,148,43,-9,16,28,78,226
TPR,"Tapestry, Inc.",109.05,-13,96,86,22,191,-12,13,14,20,35,226
AMG,Affiliated Managers Group,239.04,-6,102,17,23,136,-19,73,16,18,88,224
HOOD,Robinhood Markets,121.78,0,98,87,0,185,-11,15,16,19,39,224
LOW,Lowe's,257.12,-42,48,6,167,179,-43,60,7,20,44,223
CMI,Cummins,417.98,-5,68,11,66,140,-19,59,12,31,83,223
CMA,Comerica,69.42,1,70,13,5,89,7,101,13,13,134,223
BX,Blackstone Inc.,175.37,-20,67,10,143,200,-24,14,11,22,23,223
CAH,Cardinal Health,153.74,7,1,61,39,108,-12,15,54,58,115,223
TER,Teradyne,135.32,49,67,1,3,120,2,97,9,-6,102,222
FSLR,First Solar,219.98,67,61,1,63,192,5,16,16,-7,30,222
AYI,Acuity Brands,338.73,-6,72,10,28,104,-18,101,12,21,116,220
LDOS,Leidos,184.85,-13,108,8,24,127,-13,65,19,20,91,218
VTR,"Ventas, Inc.",69.0,7,52,78,23,160,24,7,10,16,57,217
WSM,"Williams-Sonoma, Inc.",201.43,10,62,14,66,152,24,10,8,22,64,216
ICE,Intercontinental Exchange,167.74,-70,-20,118,162,190,2,-26,28,22,26,216
FHN,First Horizon Corporation,22.86,1,96,58,5,160,5,25,14,11,55,215
MTG,MGIC Investment Corporation,28.76,8,33,25,56,122,15,33,16,29,93,215
AVGO,Broadcom,334.3,-35,99,25,117,206,-54,16,16,31,9,215
JHG,Janus Henderson,44.86,0,81,12,20,113,5,65,13,19,102,215
NTRS,Northern Trust,133.35,8,96,22,12,138,7,38,16,14,75,213
NSC,Norfolk Southern,297.57,66,10,17,5,98,79,4,16,15,114,212
NVDA,Nvidia,178.19,1,7,20,135,163,1,5,16,27,49,212
PH,Parker Hannifin,751.42,0,97,23,66,186,-18,-3,16,31,26,212
AXP,American Express,341.78,0,25,23,100,148,2,25,14,22,63,211
ADP,Automatic Data Processing,291.3,6,-19,0,181,168,1,-32,16,58,43,211
SYY,Sysco,81.93,0,83,13,4,100,-14,96,13,15,110,210
AFL,Aflac,111.34,19,32,7,59,117,19,31,-14,56,92,209
NOC,Northrop Grumman,594.67,21,63,16,59,159,28,-15,23,13,49,208
FFIV,"F5, Inc.",324.89,-22,95,100,15,188,-23,9,16,18,20,208
ALLE,Allegion,175.04,-14,108,15,22,131,-26,64,16,23,77,208
CRH,CRH plc,113.68,0,50,13,65,128,-17,59,10,28,80,208
CG,Carlyle Group (The),63.99,-21,87,14,22,102,-25,98,13,19,105,207
VLO,Valero Energy,175.63,63,25,6,45,139,34,24,15,-6,67,206
WBD,Warner Bros. Discovery,19.5,109,12,18,0,139,40,12,14,1,67,206
INSM,Insmed,137.0,-20,76,70,17,143,-21,46,16,21,62,205
XOM,ExxonMobil,117.23,28,15,3,45,91,22,24,15,51,112,203
TDG,TransDigm Group,1295.94,8,-32,3,158,137,-11,3,16,58,66,203
OMF,OneMain Financial,58.54,-26,96,23,61,154,-25,31,16,27,49,203
DINO,HF Sinclair,53.25,34,98,6,2,140,28,28,16,-9,63,203
DKS,Dick's Sporting Goods,228.25,28,62,3,64,157,-4,10,6,34,46,203
BLK,BlackRock,1156.54,12,95,23,23,153,5,6,16,22,49,202
AGO,Assured Guaranty,84.64,47,1,0,57,105,49,9,16,23,97,202
MTZ,MasTec,208.16,91,13,25,19,148,5,18,16,14,53,201
STT,State Street Corporation,115.72,33,98,23,17,171,7,-8,15,15,29,200
AEE,Ameren,102.1,25,4,63,14,106,33,-18,68,11,94,200
FE,FirstEnergy,45.42,25,49,12,56,142,24,3,16,15,58,200
LLY,Lilly (Eli),724.6,-28,1,-9,173,137,-40,18,-13,97,62,199
AWI,Armstrong World Industries,194.0,-35,103,100,22,190,-25,-2,16,20,9,199
MDU,MDU Resources,17.48,42,4,1,59,106,40,6,16,31,93,199
AMKR,Amkor Technology,29.02,108,81,0,3,192,-14,17,10,-6,7,199
EVR,Evercore,342.18,-17,95,13,59,150,-23,31,14,27,49,199
ADT,ADT Inc.,8.81,6,116,37,0,159,1,-1,31,9,40,199
FICO,Fair Isaac,1519.0,0,0,-12,167,155,25,20,-34,32,43,198
NWS,News Corp (Class B),33.63,0,0,118,59,177,-18,1,16,22,21,198
LH,Labcorp,280.69,7,46,61,16,130,2,33,14,19,68,198
ETN,Eaton Corporation,365.69,-14,6,14,115,121,-23,13,14,73,77,198
HPE,Hewlett Packard Enterprise,24.01,-19,92,7,43,123,-23,29,13,55,74,197
PTC,PTC Inc.,202.95,-28,0,12,183,167,1,-12,13,27,29,196
IVZ,Invesco,22.72,7,72,13,3,95,5,68,13,14,100,195
MEDP,Medpace,496.6,0,70,10,33,113,-12,80,10,3,81,194
DOCS,Doximity,74.4,11,66,60,0,137,5,31,6,13,55,192
FNB,FNB Corporation,16.25,0,96,7,56,159,1,-3,15,20,33,192
PRI,Primerica,277.31,8,18,0,109,135,-14,25,14,31,56,191
LRCX,Lam Research,128.3,0,18,15,153,186,-15,10,16,-6,5,191
TLN,Talen Energy,411.3,-6,108,45,0,147,-19,43,17,3,44,191
TKO,TKO Group Holdings,198.95,-36,34,77,41,116,-19,27,16,51,75,191
LLYVA,Liberty Live (Series A),93.86,-48,109,36,0,97,5,70,16,1,92,189
TT,Trane Technologies,415.1,7,-22,22,165,172,5,-35,16,30,16,188
AGNC,AGNC Investment,9.84,-44,81,17,17,71,5,79,14,18,116,187
LPLA,LPL Financial,340.53,10,-21,51,100,140,5,-32,16,58,47,187
CVX,Chevron Corporation,160.14,21,58,13,49,141,26,6,7,7,46,187
PANW,Palo Alto Networks,202.33,-9,16,5,82,94,2,17,16,58,93,187
CIEN,Ciena,141.97,8,96,15,13,132,5,18,14,17,54,186
TTWO,Take-Two Interactive,256.09,2,19,51,14,86,2,26,51,21,100,186
HII,Huntington Ingalls Industries,278.74,7,135,14,7,163,-4,15,22,-10,23,186
RGLD,Royal Gold,196.71,14,26,67,19,126,7,34,2,17,60,186
PNR,Pentair,109.8,-26,96,15,63,148,-35,33,14,25,37,185
IONS,Ionis Pharmaceuticals,64.07,21,99,7,1,128,28,24,16,-11,57,185
EBAY,eBay,91.12,2,0,83,15,100,-5,-16,88,17,84,184
RCL,Royal Caribbean Group,326.89,-3,8,127,29,161,-15,-6,16,28,23,184
VICI,Vici Properties,32.46,5,1,64,16,86,17,-7,29,58,97,183
KRC,Kilroy Realty,42.64,-11,86,12,0,87,-17,89,12,12,96,183
BOKF,BOK Financial Corporation,112.82,21,65,6,23,115,12,31,10,15,68,183
KRMN,Karman Holdings,68.44,112,33,0,0,145,5,24,8,0,37,182
PCAR,Paccar,100.54,1,1,-28,160,134,2,8,3,35,48,182
BWA,BorgWarner,44.06,1,98,14,3,116,5,62,16,-17,66,182
WFRD,Weatherford International,69.65,63,67,0,0,130,26,25,6,-6,51,181
SGI,Somnigroup International,82.65,-35,96,47,65,173,-33,-2,16,27,8,181
EXPE,Expedia Group,222.86,0,69,55,12,136,-17,35,12,15,45,181
XYL,Xylem Inc.,143.04,1,96,14,23,134,1,5,16,23,45,179
AN,AutoNation,217.63,-15,33,23,62,103,4,-2,16,58,76,179
CRUS,Cirrus Logic,126.18,77,33,4,20,134,4,28,16,-4,44,178
KEY,Keycorp,18.89,5,96,14,5,120,5,25,14,14,58,178
DCI,Donaldson Company,81.01,-21,48,8,66,101,-25,55,16,31,77,178
SOFI,SoFi,27.98,-3,88,52,0,137,-17,32,14,12,41,178
AEP,American Electric Power,109.13,21,0,79,24,124,26,-17,29,15,53,177
VIK,Viking Holdings,60.31,-27,96,0,0,69,-19,111,16,0,108,177
KR,Kroger,65.46,0,-22,85,68,131,-2,-25,56,16,45,176
VNT,Vontier,42.14,-20,96,11,0,87,-24,103,14,-6,87,174
CXT,Crane NXT,65.1,28,4,1,56,89,25,-9,12,57,85,174
CFG,Citizens Financial Group,53.39,8,84,14,5,111,1,31,13,15,60,171
LNT,Alliant Energy,66.08,26,4,74,15,119,37,-15,16,14,52,171
WTW,Willis Towers Watson,341.8,42,41,14,25,122,1,12,6,30,49,171
F,Ford Motor Company,12.01,7,110,8,0,125,5,30,16,-6,45,170
SNA,Snap-on,341.93,9,17,4,60,90,1,11,9,58,79,169
RF,Regions Financial Corporation,26.62,-25,95,13,23,106,1,32,14,15,62,168
MDT,Medtronic,94.22,-6,63,17,2,76,-8,77,9,14,92,168
FTNT,Fortinet,84.32,57,0,-8,114,163,-12,11,-8,14,5,168
FLEX,Flex Ltd.,56.84,-14,25,24,59,94,-18,18,16,58,74,168
RRC,Range Resources,37.65,28,0,1,43,72,28,14,-4,56,94,166
WSO,Watsco,398.27,13,-40,-9,197,161,5,-38,-34,72,5,166
CB,Chubb Limited,280.65,21,1,1,59,82,40,-3,-10,57,84,166
LFUS,Littelfuse,259.89,-24,96,9,3,84,-24,101,14,-9,82,166
OHI,Omega Healthcare Investors,41.83,1,55,12,41,109,19,-5,11,32,57,166
VMI,Valmont Industries,385.28,7,1,68,59,135,5,1,13,11,30,165
FITB,Fifth Third Bancorp,45.43,-2,72,6,23,99,7,29,13,17,66,165
TOL,Toll Brothers,137.2,-51,80,6,62,97,-43,73,10,27,67,164
GL,Globe Life,144.51,0,48,51,15,114,-16,47,10,9,50,164
PHM,PulteGroup,131.18,-51,69,7,66,91,-43,73,12,30,72,163
SNPS,Synopsys,487.83,14,-13,-3,181,179,1,-25,14,-6,-16,163
ATI,ATI Inc.,82.82,7,0,22,44,73,5,15,16,53,89,162
FTAI,FTAI Aviation,164.82,-8,42,9,48,91,-15,42,12,32,71,162
TMUS,T-Mobile US,237.43,-3,-2,0,140,135,-2,-11,1,36,24,159
NET,Cloudflare,216.43,-16,96,45,0,125,-21,18,16,20,33,158
ELAN,Elanco,19.6,7,99,8,0,114,5,31,15,-7,44,158
CHD,Church & Dwight,86.73,-77,-44,-22,345,202,-43,-7,-20,26,-44,158
SYK,Stryker Corporation,368.9,-29,-11,0,160,120,1,-8,14,30,37,157
POST,Post Holdings,105.92,22,-2,-4,88,104,19,-10,-14,58,53,157
CBRE,CBRE Group,158.09,-36,80,98,23,165,-34,-3,14,15,-8,157
CACI,CACI,485.4,-14,1,8,155,150,-19,8,20,-2,7,157
WYNN,Wynn Resorts,128.91,7,98,14,4,123,1,26,16,-9,34,157
SYF,Synchrony Financial,74.54,-24,96,23,22,117,-24,31,14,19,40,157
QCOM,Qualcomm,169.17,85,23,0,23,131,-7,25,14,-6,26,157
O,Realty Income,60.3,7,40,16,8,71,23,30,16,14,83,154
EQH,Equitable Holdings,52.38,-19,17,98,12,108,-19,28,16,20,45,153
MET,Metlife,81.62,34,27,1,59,121,1,-3,14,19,31,152
FNF,Fidelity National Financial,60.41,7,33,1,59,100,28,1,1,22,52,152
TRGP,Targa Resources,174.19,34,4,0,52,90,26,7,-26,55,62,152
EXE,Expand Energy,105.82,61,0,47,0,108,24,14,-5,11,44,152
EPR,EPR Properties,57.47,0,2,63,30,95,3,15,16,22,56,151
ROST,Ross Stores,151.55,21,39,6,36,102,21,-7,5,30,49,151
PKG,Packaging Corporation of America,215.95,7,26,1,62,96,-9,26,9,27,53,149
WAB,Wabtec,196.69,33,0,1,50,84,4,-12,16,57,65,149
PSX,Phillips 66,139.45,21,25,1,42,89,26,25,15,-6,60,149
AL,Air Lease Corporation,63.51,-2,26,23,23,70,7,29,16,27,79,149
T,AT&T,28.32,-36,36,76,17,93,-59,-1,100,16,56,149
RNR,RenaissanceRe,250.67,32,7,-14,36,61,43,2,14,29,88,149
BR,Broadridge Financial Solutions,235.85,-68,-10,120,146,188,-64,-18,16,26,-40,148
D,Dominion Energy,60.35,7,94,20,2,123,-6,4,16,11,25,148
ZION,Zions Bancorporation,57.55,0,78,6,5,89,5,24,13,16,58,147
EQT,EQT Corporation,54.08,28,0,47,43,118,28,-9,-1,11,29,147
INTC,Intel,35.47,70,32,1,0,103,20,31,6,-13,44,147
PNC,PNC Financial Services,203.33,0,86,8,15,109,-18,27,13,15,37,146
W,Wayfair,86.84,0,96,10,-42,64,5,102,16,-41,82,146
PG,Procter & Gamble,152.49,-47,-5,-12,180,116,-5,28,-20,27,30,146
PLNT,Planet Fitness,103.66,21,-19,69,14,85,40,-11,16,15,60,145
JBL,Jabil,215.89,-14,0,25,66,77,-14,7,17,58,68,145
MLM,Martin Marietta Materials,613.79,-23,51,12,61,101,1,-1,16,28,44,145
FIVE,Five Below,154.74,7,98,6,0,111,1,29,17,-16,31,142
UHS,Universal Health Services,200.85,35,28,1,23,87,35,32,-10,-2,55,142
GGG,Graco Inc.,84.72,-26,-6,0,179,147,-12,-8,16,-1,-5,142
AMGN,Amgen,272.96,-14,-17,-4,166,131,-13,-18,4,37,10,141
CVNA,Carvana,369.25,-8,8,98,12,110,-19,16,16,17,30,140
IRM,Iron Mountain,100.93,0,10,2,58,70,-13,9,16,57,69,139
ES,Eversource Energy,69.77,42,6,21,0,69,40,10,16,3,69,138
JLL,Jones Lang LaSalle,301.39,-24,70,10,15,71,-33,75,10,15,67,138
ARES,Ares Management,163.0,-21,-3,0,60,36,-19,-3,16,107,101,137
USFD,US Foods,76.61,-35,-20,149,36,130,-35,-1,16,27,7,137
ITW,Illinois Tool Works,261.1,-48,1,8,179,140,-43,-3,13,30,-3,137
BAC,Bank of America,52.2,7,29,23,19,78,2,26,16,15,59,137
REG,Regency Centers,71.51,22,4,0,54,80,28,-7,16,20,57,137
TFC,Truist Financial,46.04,29,70,7,5,111,-6,3,13,15,25,136
ALNY,Alnylam Pharmaceuticals,446.06,-13,95,23,16,121,-13,-4,16,16,15,136
JNJ,Johnson & Johnson,179.69,12,62,14,8,96,27,-5,11,7,40,136
MRP,Millrose Properties,33.97,-7,85,0,0,78,-14,63,9,0,58,136
PSTG,Pure Storage,82.42,-13,26,5,43,61,-16,18,12,58,72,133
EWBC,East West Bancorp,108.38,5,25,15,23,68,5,25,15,20,65,133
U,Unity Technologies,42.78,-17,85,12,0,80,-23,59,16,1,53,133
GNTX,Gentex,28.92,5,61,0,2,68,5,59,10,-9,65,133
VRSN,Verisign,284.6,0,0,42,10,52,-3,17,58,8,80,132
PEG,Public Service Enterprise Group,82.27,2,-18,1,153,138,-9,-26,10,18,-7,131
H,Hyatt Hotels,142.24,0,1,3,56,60,5,-2,12,56,71,131
SSB,SouthState Corporation,101.2,-25,67,6,23,71,5,25,10,20,60,131
DE,Deere & Company,463.65,-19,-26,55,110,120,-12,-39,51,11,11,131
PFG,Principal Financial Group,82.65,7,25,3,56,91,-13,20,13,19,39,130
EXEL,Exelixis,39.05,-20,-3,70,15,62,-30,10,61,25,66,128
RBLX,Roblox Corporation,135.11,1,14,59,0,74,2,15,22,12,51,125
AIT,Applied Industrial Technologies,261.45,-4,0,13,59,68,-18,5,12,58,57,125
FOXA,Fox Corporation (Class A),61.15,0,32,74,2,108,-16,4,14,15,17,125
SCHW,Charles Schwab Corporation,95.47,14,0,83,12,109,8,-23,16,15,16,125
KO,Coca-Cola Company (The),65.64,-21,-25,0,183,137,-5,-18,-4,15,-12,125
AMD,Advanced Micro Devices,159.44,35,0,4,111,150,-12,-22,16,-8,-26,124
MCO,Moody's Corporation,476.52,-48,-7,0,157,102,1,-19,14,26,22,124
MSA,MSA Safety,170.89,0,-3,0,165,162,-19,-29,16,-6,-38,124
AMP,Ameriprise Financial,499.3,8,-20,0,65,53,1,-16,14,72,71,124
BRX,Brixmor Property Group,27.48,-48,78,6,56,92,-43,31,16,27,31,123
LAZ,Lazard,53.94,-20,79,8,21,88,-24,31,13,14,34,122
MTSI,MACOM Technology Solutions,129.5,0,0,5,59,64,1,12,14,30,57,121
RIVN,Rivian,15.57,49,9,2,0,60,63,19,1,-22,61,121
CHRW,C.H. Robinson,131.8,-6,64,9,5,72,-31,57,12,9,47,119
FOX,Fox Corporation (Class B),55.27,1,32,73,2,108,-16,4,13,10,11,119
ECG,Everus Construction Group,83.31,2,94,0,0,96,2,6,13,0,21,117
JCI,Johnson Controls,107.01,-19,1,81,20,83,-19,18,16,19,34,117
VST,Vistra Corp.,207.23,-21,13,25,31,48,2,7,14,46,69,117
STLD,Steel Dynamics,139.68,3,10,6,56,75,3,24,16,-1,42,117
GLPI,Gaming and Leisure Properties,46.88,0,2,0,66,68,6,-2,-14,58,48,116
TRMB,Trimble Inc.,81.24,0,0,85,5,90,1,-2,14,13,26,116
HALO,Halozyme,73.75,-17,43,13,20,59,-19,54,7,15,57,116
FRHC,Freedom Holding,173.12,17,0,60,15,92,2,-26,16,31,23,115
AIG,American International Group,77.99,7,-2,34,54,93,16,-10,-6,22,22,115
VEEV,Veeva Systems,290.18,12,1,51,9,73,5,1,16,19,41,114
ROIV,Roivant Sciences,15.18,1,33,7,0,41,7,49,16,1,73,114
NWSA,News Corp (Class A),30.44,0,10,15,59,84,-18,9,16,22,29,113
LVS,Las Vegas Sands,54.01,7,96,12,3,118,7,-10,13,-15,-5,113
TSCO,Tractor Supply Company,56.54,-35,-2,13,86,62,-33,-13,10,86,50,112
EA,Electronic Arts,193.29,2,42,10,8,62,2,4,22,22,50,112
LLYVK,Liberty Live (Series C),96.6,-48,102,36,0,90,5,-1,16,1,21,111
COKE,Coca-Cola Consolidated,115.36,0,0,0,86,86,-5,-3,-21,53,24,110
MSGS,Madison Square Garden Sports,223.54,21,14,3,22,60,21,21,9,-1,50,110
FERG,Ferguson Enterprises,225.88,0,0,17,66,83,-16,1,16,26,27,110
WTFC,Wintrust Financial,134.04,-26,33,15,50,72,5,-2,14,20,37,109
ESI,Element Solutions,24.97,-26,68,-1,58,99,-33,32,13,-2,10,109
WBS,Webster Bank,59.84,-18,96,14,15,107,-30,-1,14,18,1,108
CCL,Carnival Corporation & plc,30.62,-26,95,23,2,94,-19,-1,14,20,14,108
CMS,CMS Energy,71.83,8,0,82,24,114,-5,-21,4,15,-7,107
APO,Apollo Global Management,137.64,-16,-3,-1,98,78,-18,7,12,27,28,106
CF,CF Industries,92.16,32,1,3,5,41,36,3,16,9,64,105
GWRE,Guidewire Software,230.38,-35,0,116,22,103,-34,-1,16,21,2,105
SEB,Seaboard Corporation,3723.15,0,70,11,0,81,14,-6,14,1,23,104
MSM,MSC Industrial Direct,90.92,-27,25,13,59,70,1,27,16,-10,34,104
MTB,M&T Bank,200.13,7,25,7,23,62,-12,25,14,15,42,104
DBX,Dropbox,31.42,2,22,5,10,39,23,27,6,9,65,104
HR,Healthcare Realty Trust,17.86,-27,64,8,1,46,-30,70,8,10,58,104
TSLA,"Tesla, Inc.",440.42,5,35,4,11,55,-13,41,10,11,49,104
THO,Thor Industries,106.28,9,80,7,3,99,5,-6,12,-7,4,103
KKR,KKR & Co. Inc.,133.98,-21,-2,0,104,81,-19,7,12,22,22,103
SEIC,SEI Investments Company,85.72,-27,-16,98,36,91,-19,-13,16,27,11,102
ALAB,Astera Labs,197.86,-25,94,3,0,72,-37,56,11,0,30,102
CSL,Carlisle Companies,327.22,-77,-11,-3,179,88,-16,-7,16,21,14,102
NTNX,Nutanix,77.17,0,13,4,23,40,9,12,16,25,62,102
ECL,Ecolab,270.98,7,0,22,23,52,26,-13,16,20,49,101
NLY,Annaly Capital Management,21.03,-46,78,24,11,67,5,-3,14,17,33,100
CLF,Cleveland-Cliffs,12.38,21,61,0,-17,65,14,21,9,-9,35,100
MUSA,Murphy USA,392.3,0,1,-19,69,51,-5,9,-35,80,49,100
HBAN,Huntington Bancshares,17.42,-26,25,15,22,36,5,25,16,17,63,99
GILD,Gilead Sciences,112.09,-14,-2,57,36,77,-14,-18,14,40,22,99
ABT,Abbott Laboratories,133.55,-6,25,62,14,95,-17,4,2,15,4,99
IT,Gartner,264.19,76,-73,-27,0,-24,76,13,-25,58,122,98
DVN,Devon Energy,36.99,21,33,0,0,54,23,29,15,-23,44,98
NDAQ,"Nasdaq, Inc.",87.5,-67,-4,82,145,156,-69,-20,16,15,-58,98
VNOM,Viper Energy,39.71,21,3,-15,45,54,28,1,-34,48,43,97
VRSK,Verisk Analytics,247.09,0,-44,-2,115,69,17,-10,-8,29,28,97
DRI,Darden Restaurants,188.12,-51,-7,50,62,54,16,-2,-2,31,43,97
TXT,Textron,83.48,0,12,0,54,66,1,20,16,-6,31,97
RDDT,Reddit,240.03,-28,71,3,0,46,2,40,8,0,50,96
PR,Permian Resources,13.68,28,0,0,27,55,26,1,16,-3,40,95
APA,APA Corporation,24.69,21,36,0,-13,44,26,34,11,-20,51,95
NEE,NextEra Energy,75.82,35,3,1,1,40,39,-16,16,14,53,93
MP,MP Materials,68.72,-1,0,38,0,37,-4,4,51,5,56,93
EOG,EOG Resources,117.31,-1,-6,-4,46,35,5,-9,9,52,57,92
EXC,Exelon,44.07,32,0,61,15,108,-2,-18,-7,11,-16,92
NTAP,Netapp,119.86,-21,39,4,58,80,-30,31,13,-2,12,92
DHI,D. R. Horton,167.14,-70,69,7,66,72,14,-2,10,-3,19,91
ED,Consolidated Edison,99.61,27,-23,1,48,53,28,-26,-10,46,38,91
BRO,Brown & Brown,93.79,10,-105,-5,164,64,26,-11,-16,27,26,90
CWEN-A,Clearway Energy (Class A),27.19,9,-26,64,7,54,37,-40,28,11,36,90
OVV,Ovintiv,43.19,28,9,0,3,40,26,18,13,-7,50,90
M,"Macy's, Inc.",18.0,7,62,4,-16,57,10,25,5,-7,33,90
WWD,"Woodward, Inc.",249.24,13,0,25,36,74,5,-32,16,27,16,90
PVH,PVH Corp.,86.75,34,32,0,2,68,-6,31,5,-8,22,90
INFA,Informatica,24.82,-6,87,0,0,81,11,-9,14,-8,8,89
NOW,ServiceNow,936.35,-18,0,0,83,65,-28,15,14,23,24,89
TPL,Texas Pacific Land Corporation,954.32,23,0,-15,59,67,25,-6,-11,14,22,89
MAR,Marriott International,264.21,-4,-5,0,59,50,5,-8,13,28,38,88
ADM,Archer Daniels Midland,60.15,-2,97,8,0,103,-4,-6,16,-21,-15,88
ROKU,"Roku, Inc.",99.68,0,77,16,-20,73,-26,25,11,5,15,88
LNC,Lincoln Financial,40.67,-3,65,24,2,88,-17,-7,14,9,-1,87
AR,Antero Resources,34.11,28,0,0,11,39,29,14,-6,11,48,87
RGA,Reinsurance Group of America,190.95,7,14,-9,41,53,-5,-8,-7,54,34,87
ADSK,Autodesk,322.94,2,20,5,15,42,-12,20,16,20,44,86
ZS,Zscaler,294.55,7,1,23,6,37,5,9,16,19,49,86
VRTX,Vertex Pharmaceuticals,385.8,0,-38,-8,105,59,8,-7,-12,38,27,86
CVS,CVS Health,75.76,6,31,16,0,53,-9,35,6,1,33,86
MMM,3M,152.77,-21,0,80,15,74,-17,-2,16,15,12,86
SPGI,S&P Global,487.04,-49,-7,0,173,117,-49,-19,14,22,-32,85
CLH,Clean Harbors,231.72,-19,-3,7,59,44,-18,-15,16,58,41,85
ARMK,Aramark,38.42,7,-22,21,41,47,3,-38,16,57,38,85
RKLB,Rocket Lab,46.28,-16,16,55,0,55,-14,18,16,9,29,84
MKL,Markel,1915.56,-16,-10,74,56,104,-29,-32,14,27,-20,84
HST,Host Hotels & Resorts,17.56,6,28,4,3,41,10,25,14,-7,42,83
ASTS,AST SpaceMobile,49.09,46,0,17,0,63,-9,4,16,9,20,83
EMR,Emerson Electric,128.62,-14,-9,22,65,64,-22,-3,16,27,18,82
TNL,Travel + Leisure Co.,60.37,-77,86,15,17,41,-18,31,13,15,41,82
DAL,Delta Air Lines,57.18,-22,68,7,20,73,-20,-7,8,27,8,81
EXLS,EXL Service,43.75,8,0,0,66,74,-7,-6,5,14,6,80
CELH,Celsius Holdings,54.37,0,1,0,66,67,7,-8,24,-10,13,80
CRWD,CrowdStrike,481.43,0,7,51,0,58,-23,8,16,21,22,80
FANG,Diamondback Energy,148.29,34,2,-35,48,49,26,1,10,-6,31,80
TXN,Texas Instruments,184.54,28,-18,0,23,33,27,-14,16,17,46,79
UBER,Uber,98.44,0,15,24,0,39,-17,7,22,27,39,78
SPR,Spirit AeroSystems,39.66,7,0,24,0,31,5,-9,36,15,47,78
FDX,FedEx,237.82,34,6,-32,33,41,28,6,8,-5,37,78
NCLH,Norwegian Cruise Line Holdings,25.06,-25,67,6,0,48,-16,16,9,21,30,78
BAM,Brookfield Asset Management,58.1,-6,0,71,0,65,-17,4,16,9,12,77
LECO,Lincoln Electric,236.67,-4,2,13,66,77,3,-10,14,-8,-1,76
NNN,NNN Reit,42.37,0,1,6,23,30,16,-2,16,15,45,75
FCNCA,First Citizens BancShares,1853.22,0,-16,-2,60,42,7,-9,13,22,33,75
AFRM,Affirm Holdings,76.03,-24,78,18,0,72,-27,-2,14,18,3,75
FHB,"First Hawaiian, Inc.",25.18,-25,25,6,15,21,1,25,13,15,54,75
QSR,Restaurant Brands International,64.9,27,-36,0,41,32,33,2,16,-9,42,74
HON,Honeywell,208.15,-55,-31,-2,179,91,-14,-43,16,23,-18,73
PAG,Penske Automotive Group,171.7,-81,-2,21,63,1,5,-7,16,58,72,73
USB,U.S. Bancorp,49.44,0,29,6,5,40,-27,30,13,16,32,72
CSCO,Cisco,67.22,-7,-4,54,15,58,-3,-25,16,26,14,72
NBIX,Neurocrine Biosciences,142.05,-14,33,6,26,51,-12,25,13,-5,21,72
EXP,Eagle Materials,232.29,-36,2,-21,58,3,5,59,6,-1,69,72
BEPC,Brookfield Renewable Partners,34.56,5,5,16,0,26,5,14,16,11,46,72
PODD,Insulet,317.93,-20,33,51,5,69,-20,-5,20,7,2,71
WDAY,"Workday, Inc.",246.64,56,8,-16,15,63,5,16,-10,-3,8,71
STWD,Starwood Property Trust,20.05,-51,0,24,59,32,4,-3,16,22,39,71
HAS,Hasbro,75.6,0,0,20,4,24,29,-10,16,12,47,71
MU,Micron Technology,157.28,-7,22,4,23,42,-19,31,16,1,29,71
PEGA,Pegasystems,58.63,-10,16,25,6,37,-12,15,14,16,33,70
APPF,AppFolio,278.58,-3,0,11,29,37,-16,9,11,29,33,70
FR,First Industrial Realty Trust,51.37,-28,28,0,15,15,2,24,14,15,55,70
RPM,RPM International,116.95,-51,0,-1,181,129,-65,-6,13,-1,-59,70
DD,DuPont,76.18,-21,67,-9,20,57,-21,25,13,-4,13,70
CGNX,Cognex Corporation,45.77,0,78,7,-32,53,-19,64,12,-41,16,69
LCID,Lucid Motors,23.97,94,-28,-10,0,56,65,7,-23,-36,13,69
WAL,Western Alliance Bancorporation,88.33,-14,33,6,5,30,-25,31,13,19,38,68
PLD,Prologis,114.19,0,25,5,0,30,4,24,16,-6,38,68
UAL,United Airlines Holdings,97.92,-26,69,7,12,62,-19,-2,10,17,6,68
ZM,Zoom Communications,84.51,0,22,6,-1,27,5,24,6,5,40,67
CNA,CNA Financial,46.44,0,0,0,58,58,14,-11,-15,21,9,67
ETSY,Etsy,64.18,91,3,3,-31,66,18,5,16,-38,1,67
XPO,"XPO, Inc.",126.01,-20,-1,-1,62,40,-14,-1,13,28,26,66
SHW,Sherwin-Williams,342.01,-77,-6,0,191,108,-69,-9,16,20,-42,66
NU,Nubank,15.77,-8,27,7,0,26,-18,22,16,20,40,66
NTRA,Natera,163.0,-22,27,7,19,31,-24,31,6,20,33,64
VZ,Verizon,43.61,0,0,36,11,47,11,-16,6,15,16,63
CSX,CSX Corporation,34.01,70,-3,2,5,74,-2,-19,16,-7,-12,62
SNOW,Snowflake Inc.,224.64,0,21,21,0,42,-19,21,16,2,20,62
BHF,Brighthouse Financial,55.77,40,6,2,1,49,6,6,-9,9,12,61
RS,"Reliance, Inc.",283.8,-77,-40,-2,116,-3,-10,-5,-1,78,62,59
KNSL,Kinsale Capital Group,419.17,-14,-25,-3,34,-8,-5,-13,-1,86,67,59
ACGL,Arch Capital Group,90.88,7,1,-14,63,57,19,-9,-7,-1,2,59
LYFT,Lyft,21.88,0,30,7,-2,35,-19,25,16,1,23,58
ALB,Albemarle Corporation,88.11,70,12,0,-24,58,13,3,10,-26,0,58
MSCI,MSCI,565.31,-1,6,0,15,20,7,-3,13,21,38,58
INCY,Incyte,82.73,-22,82,9,0,69,-26,-6,12,8,-12,57
UGI,UGI Corporation,33.23,0,-23,48,5,30,-1,-36,55,6,24,54
VOYA,Voya Financial,75.79,-20,37,7,5,29,-18,31,14,-2,25,54
CFR,Frost Bank,128.87,11,0,4,5,20,14,-5,14,11,34,54
COP,ConocoPhillips,98.5,21,4,0,3,28,26,1,8,-9,26,54
SUI,Sun Communities,128.61,0,20,9,-25,4,-12,33,16,12,49,53
LSCC,Lattice Semiconductor,71.34,0,38,7,0,45,-15,31,8,-16,8,53
CHWY,Chewy,39.65,7,0,47,0,54,5,-6,-7,6,-2,52
GWW,W. W. Grainger,960.05,-42,-3,-9,95,41,-34,-6,-7,58,11,52
CWEN,Clearway Energy (Class C),28.53,9,-26,64,5,52,1,-40,28,11,0,52
SNDK,SanDisk,97.19,0,29,0,0,29,-16,31,8,0,23,52
BBY,Best Buy,76.14,3,33,-30,-7,-1,22,30,4,-3,53,52
CTRA,Coterra,23.83,7,0,-11,45,41,20,-5,-18,14,11,52
DNB,Dun & Bradstreet,9.15,29,52,-28,0,53,46,-13,2,-37,-2,51
ROP,Roper Technologies,499.35,-28,-40,-8,183,107,-20,-57,-7,27,-57,50
RBRK,Rubrik,82.13,13,-13,0,0,0,5,-5,50,0,50,50
VIRT,Virtu Financial,35.2,0,-20,0,15,-5,-5,-32,77,15,55,50
HSY,Hershey Company (The),188.2,-14,62,10,0,58,-14,16,10,-20,-8,50
RKT,Rocket Companies,19.52,-38,52,10,0,24,-41,49,15,2,25,49
TFSL,Third Federal S&L,13.22,-14,29,9,6,30,-10,-7,16,20,19,49
GXO,GXO Logistics,53.56,16,5,7,0,28,25,-11,15,-9,20,48
RYN,Rayonier,26.45,6,38,0,0,44,20,-10,4,-10,4,48
VRT,Vertiv,138.62,-7,7,15,9,24,-23,6,13,27,23,47
FLUT,Flutter Entertainment,280.26,-16,0,25,22,31,-16,-11,14,28,15,46
CEG,Constellation Energy,331.24,-6,1,22,0,17,-14,6,16,20,28,45
DLR,Digital Realty,171.45,-13,0,3,23,13,-14,9,16,20,31,44
HIW,Highwoods Properties,31.28,-26,22,6,7,9,-21,25,16,14,34,43
DDOG,Datadog,139.09,7,1,5,0,13,5,13,13,-1,30,43
SMMT,Summit Therapeutics,20.97,27,-15,1,15,28,26,-29,-3,20,14,42
META,Meta Platforms,743.98,-25,0,23,30,28,-33,9,14,24,14,42
CNM,Core & Main,52.83,14,-14,2,0,2,5,-7,16,25,39,41
FLS,Flowserve,54.05,-20,1,0,28,9,-19,16,9,26,32,41
PRU,Prudential Financial,104.41,0,1,-19,56,38,-19,-9,10,20,2,40
NDSN,Nordson,226.97,3,26,0,2,31,1,-1,16,-8,8,39
LAD,Lithia Motors,318.84,-15,0,-1,15,-1,-14,25,7,22,40,39
ALLY,Ally Financial,40.17,-24,25,8,5,14,-33,26,14,17,24,38
IR,Ingersoll Rand,82.3,8,1,-27,24,6,5,15,13,-1,32,38
WTRG,Essential Utilities,38.63,19,1,12,0,32,19,-12,-7,6,6,38
DIS,Walt Disney Company (The),113.46,0,-11,21,-1,9,16,-7,16,4,29,38
LAMR,Lamar Advertising,121.67,-51,25,7,65,46,-43,-1,14,22,-8,38
RPRX,Royalty Pharma,35.04,-14,-2,38,0,22,-17,-1,32,1,15,37
ZG,Zillow (Class A),77.17,-36,0,60,0,24,-42,25,9,21,13,37
PCOR,Procore,73.37,0,10,0,0,10,-15,16,6,20,27,37
SNV,Synovus,49.99,-35,-5,5,22,-13,1,20,14,15,50,37
COLB,Columbia Banking System,26.07,0,45,0,0,45,-23,-7,11,11,-8,37
GPC,Genuine Parts Company,137.7,-48,49,7,0,8,-26,56,16,-18,28,36
SHC,Sotera Health,15.82,-23,35,7,0,19,-19,35,8,-7,17,36
APTV,Aptiv,86.22,8,33,7,-25,23,5,29,16,-37,13,36
CCK,Crown Holdings,97.06,7,-28,23,6,8,16,-19,16,13,26,34
GAP,Gap Inc.,21.99,-20,6,0,19,5,-10,28,-9,20,29,34
VNO,Vornado Realty Trust,40.26,-21,18,4,5,6,-21,18,14,16,27,33
HHH,Howard Hughes Holdings,80.53,-23,36,4,0,17,-35,31,5,15,16,33
WTM,White Mountains Insurance Group,1714.58,-13,-13,-5,60,29,-11,-16,-26,57,4,33
COHR,Coherent Corp.,106.99,-9,7,4,16,18,-20,6,13,16,15,33
MOS,Mosaic Company (The),35.31,21,4,22,-17,30,-3,15,21,-31,2,32
AVT,Avnet,51.93,-20,13,7,46,46,-18,-10,16,-3,-15,31
DT,Dynatrace,49.51,6,0,-8,0,-2,5,-6,13,21,33,31
GTES,Gates Corporation,24.91,-26,1,23,16,14,-18,-2,16,19,15,29
KEYS,Keysight,173.34,-14,18,4,1,9,-18,18,14,6,20,29
BXP,"BXP, Inc.",74.81,-14,22,4,0,12,-36,23,16,14,17,29
EQIX,Equinix,790.45,0,0,-14,35,21,-14,9,-14,27,8,29
SMCI,Supermicro,45.82,-7,-20,0,59,32,-14,9,11,-10,-4,28
APG,APi Group,34.22,-28,0,24,0,-4,1,-12,16,27,32,28
ROK,Rockwell Automation,343.74,-20,12,21,16,29,1,-7,16,-12,-2,27
BG,Bunge Global,81.98,7,1,0,0,8,22,-13,16,-6,19,27
SEE,Sealed Air,34.43,7,26,2,-25,10,7,29,14,-33,17,27
OXY,Occidental Petroleum,47.47,15,26,-61,0,-20,23,28,12,-17,46,26
HLT,Hilton Worldwide,261.75,-71,0,22,65,16,-25,-7,14,27,9,25
PNW,Pinnacle West Capital,86.76,0,-21,0,19,-2,-9,-19,28,27,27,25
DELL,Dell Technologies,130.76,-7,0,2,33,28,-19,5,16,-5,-3,25
TEM,Tempus AI,78.4,-22,33,0,0,11,-26,31,9,0,14,25
UWMC,United Wholesale Mortgage,6.24,-38,36,0,0,-2,-8,36,4,-5,27,25
HAL,Halliburton,25.12,32,22,-69,0,-15,28,20,1,-10,39,24
MKSI,MKS Instruments,121.8,-7,17,3,0,13,-23,28,12,-6,11,24
NYT,New York Times Company,58.19,-33,1,8,17,-7,5,-12,16,22,31,24
RMD,Resmed,270.26,-14,0,23,14,23,-12,-16,15,14,1,24
CPNG,Coupang,32.22,-24,15,23,0,14,-40,15,16,18,9,23
BA,Boeing,221.26,7,0,14,0,21,7,-10,16,-12,1,22
BURL,Burlington Stores,263.54,0,0,7,4,11,-6,-11,9,18,10,21
PSN,Parsons Corporation,81.49,0,8,0,0,8,1,5,9,-2,13,21
WMS,Advanced Drainage Systems,137.45,-19,38,0,4,23,-19,5,16,-4,-2,21
GEN,Gen Digital,28.81,-14,-10,21,17,14,-14,-12,16,17,7,21
LOAR,Loar Holdings,79.08,0,1,0,0,1,5,23,-9,0,19,20
CAR,Avis Budget Group,161.24,32,-1,15,-21,25,-1,15,19,-38,-5,20
OKE,Oneok,73.89,21,-40,-19,55,17,21,-40,-31,52,2,19
K,Kellanova,77.99,0,-8,0,22,14,11,-7,-13,14,5,19
PNFP,Pinnacle Financial Partners,96.02,-2,-5,-10,16,-1,5,-3,-1,19,20,19
ESS,Essex Property Trust,267.86,1,0,0,15,16,-20,16,-9,15,2,18
AVB,AvalonBay Communities,194.9,0,1,-9,17,9,5,-1,-13,16,7,16
OTIS,Otis Worldwide,90.37,3,0,-10,0,-7,7,8,-20,27,22,15
EG,Everest Group,349.14,21,3,-42,56,38,27,-1,-43,-6,-23,15
RVMD,Revolution Medicines,43.94,-14,16,-2,0,0,-23,22,16,-1,14,14
ELF,e.l.f. Beauty,129.78,-35,22,0,32,19,-40,27,14,-6,-5,14
MOH,Molina Healthcare,191.99,12,0,-19,-3,-10,26,22,-15,-9,24,14
SAIL,SailPoint,21.9,-3,11,0,0,8,-18,16,8,0,6,14
EFX,Equifax,254.37,-27,1,-10,17,-19,-14,12,16,19,33,14
AOS,A. O. Smith,72.45,-35,1,0,59,25,-43,20,16,-6,-13,12
CBSH,Commerce Bancshares,59.85,8,-38,0,12,-18,13,-13,16,14,30,12
BC,Brunswick Corporation,63.62,-42,80,-44,-8,-14,1,25,10,-10,26,12
REXR,Rexford Industrial,41.56,-42,81,0,-19,20,-19,32,12,-33,-8,12
FAF,First American Financial Corporation,64.96,-42,45,8,15,26,-35,-2,3,19,-15,11
PSA,Public Storage,286.29,0,1,-17,2,-14,16,-6,16,-1,25,11
TPG,TPG Inc.,58.63,-16,0,8,0,-8,-19,7,10,20,18,10
OLED,Universal Display Corporation,149.53,36,1,-43,0,-6,5,1,16,-6,16,10
SSD,Simpson Manufacturing Company,171.16,-77,-2,0,157,78,-71,-7,12,-2,-68,10
SWKS,Skyworks Solutions,79.48,0,18,0,-31,-13,-12,28,13,-6,23,10
HXL,Hexcel,63.37,7,1,0,2,10,5,-6,10,-10,-1,9
WST,West Pharmaceutical Services,261.52,7,16,-33,-8,-18,12,17,7,-9,27,9
EGP,EastGroup Properties,168.32,7,1,0,9,17,-17,-2,16,-6,-9,8
TXRH,Texas Roadhouse,162.53,0,-35,-5,65,25,21,-71,-2,32,-20,5
OMC,Omnicom Group,77.06,7,33,-33,2,9,1,-6,3,-2,-4,5
AWK,American Water Works,136.36,0,-15,32,0,17,-4,-15,-2,9,-12,5
CPRT,Copart,44.87,-69,-9,-19,177,80,-68,-8,-29,29,-76,4
LEN-B,Lennar (Class B),119.8,-70,1,-2,63,-8,12,-6,7,-2,11,3
ONTO,Onto Innovation,127.58,0,25,-32,0,-7,-14,28,1,-5,10,3
INGM,Ingram Micro,20.83,-20,13,0,0,-7,-19,16,13,0,10,3
COIN,Coinbase,312.68,-23,-5,15,0,-13,-25,7,15,19,16,3
DKNG,DraftKings,42.31,-4,0,0,0,-4,-16,-7,8,21,6,2
TOST,"Toast, Inc.",37.21,-34,-19,83,0,30,-33,-29,16,18,-28,2
LEN,Lennar (Class A),126.04,-71,1,-3,65,-8,12,-6,7,-4,9,1
EXAS,Exact Sciences,53.54,0,16,0,-26,-10,12,24,-8,-17,11,1
MGM,MGM Resorts International,35.6,5,0,-3,0,2,7,-11,13,-10,-1,1
GEV,GE Vernova,605.11,-11,0,2,0,-9,-14,7,17,0,10,1
MTDR,Matador Resources,49.01,14,1,-35,0,-20,26,-8,9,-7,20,0
AMZN,Amazon,219.8,-36,-4,23,22,5,-35,-4,13,21,-5,0
NUE,Nucor,138.12,0,0,0,0,0,3,-8,13,-9,-1,-1
RITM,Rithm Capital,11.63,-50,-2,23,33,4,-41,-7,16,27,-5,-1
PENN,Penn Entertainment,19.82,11,32,1,-35,9,31,-3,6,-45,-11,-2
SLM,Sallie Mae,27.9,-14,-30,0,23,-21,-24,-30,50,22,18,-3
HUBS,HubSpot,517.9,2,1,-16,12,-1,-14,15,-24,20,-3,-4
XP,XP Inc.,18.8,-21,13,5,0,-3,-33,19,22,-9,-1,-4
FRT,Federal Realty Investment Trust,99.5,-51,28,-3,2,-24,-13,28,7,-2,20,-4
BILL,Bill.com,54.21,13,21,-30,0,4,5,21,4,-38,-8,-4
EW,Edwards Lifesciences,76.27,7,-11,0,-15,-19,23,-9,36,-36,14,-5
Z,Zillow (Class C),79.48,-36,0,17,0,-19,-42,25,10,21,14,-5
KEX,Kirby Corporation,84.71,-2,-41,-9,36,-16,-15,-34,16,43,10,-6
JAZZ,Jazz Pharmaceuticals,127.04,-6,36,0,-7,23,-19,28,1,-40,-30,-7
MDLZ,Mondelez International,63.36,1,-2,0,0,-1,-5,9,-1,-10,-7,-8
ESAB,ESAB,110.06,0,-37,-3,0,-40,5,-7,16,18,32,-8
SJM,J.M. Smucker Company (The),109.23,27,0,0,-5,22,-5,-7,4,-24,-32,-10
MANH,Manhattan Associates,211.44,-26,-4,-35,66,1,-27,8,9,-1,-11,-10
DOCU,DocuSign,81.51,-14,9,0,-13,-18,-14,17,-8,12,7,-11
QS,QuantumScape,12.66,0,8,12,0,20,-16,8,14,-37,-31,-11
EQR,Equity Residential,64.55,-14,0,-2,14,-2,-13,-1,-9,14,-9,-11
CUZ,Cousins Properties,28.35,-42,1,0,12,-29,-37,25,16,14,18,-11
CR,Crane Co.,182.08,-24,-11,22,0,-13,3,-23,16,6,2,-11
NOV,NOV Inc.,13.48,23,4,-61,-13,-47,26,18,7,-16,35,-12
IPG,Interpublic Group of Companies (The),26.35,7,48,-49,0,6,2,-6,4,-18,-18,-12
AES,AES Corporation,13.23,37,1,0,-12,26,-9,-17,12,-25,-39,-13
IPGP,IPG Photonics,80.47,-20,95,7,-45,37,-16,-1,12,-45,-50,-13
LNW,Light & Wonder,84.95,-42,0,-9,58,7,-17,-8,-21,26,-20,-13
NXST,Nexstar Media Group,197.87,-22,0,15,5,-2,-26,-9,13,11,-11,-13
AA,Alcoa,32.71,0,25,-27,-21,-23,5,30,8,-33,10,-13
DOC,Healthpeak Properties,18.95,34,17,-23,-32,-4,-2,20,-38,10,-10,-14
CLX,Clorox,124.39,4,1,-23,-6,-24,16,12,-33,14,9,-15
DAY,Dayforce,68.85,-48,29,6,-13,-26,6,-1,6,-1,10,-16
VVV,Valvoline,36.63,-42,-2,-1,32,-13,-43,31,13,-5,-4,-17
HOG,Harley-Davidson,28.82,-51,33,0,-10,-28,-18,30,11,-12,11,-17
LBTYK,Liberty Global (Series C),11.84,-27,40,-46,-31,-64,1,77,5,-37,46,-18
DPZ,Domino's,435.71,0,-38,-2,11,-29,1,-8,-1,19,11,-18
PB,Prosperity Bancshares,66.56,7,-43,-10,15,-31,7,-9,-1,15,12,-19
AMTM,Amentum,22.57,0,-8,0,0,-8,-5,-22,16,0,-11,-19
TTEK,Tetra Tech,33.31,-34,-6,-35,120,45,-43,-32,12,-2,-65,-20
HLNE,Hamilton Lane,140.84,-21,-3,-4,26,-2,-21,-18,-1,22,-18,-20
CIVI,Civitas Resources,33.3,28,34,-61,-1,0,-8,-8,5,-10,-21,-21
LUV,Southwest Airlines,32.53,0,0,7,-40,-33,-12,4,14,5,11,-22
DECK,Deckers Brands,105.74,-46,-2,-30,94,16,-43,-2,-26,32,-39,-23
IOT,Samsara,38.01,-25,0,-16,0,-41,4,16,-23,21,18,-23
QRVO,Qorvo,92.97,0,9,0,-32,-23,-11,1,15,-6,-1,-24
GTM,ZoomInfo,11.58,-14,13,0,0,-1,-20,23,12,-38,-23,-24
VFC,VF Corporation,14.73,0,25,-26,-44,-45,-13,23,3,8,21,-24
MDB,MongoDB Inc.,318.55,-51,30,4,-10,-27,-18,22,8,-10,2,-25
ALSN,Allison Transmission,85.64,-26,-6,-11,36,-7,-24,-2,-27,35,-18,-25
G,Genpact,42.21,1,-13,-3,4,-11,4,-9,-21,11,-15,-26
UNH,UnitedHealth Group,344.07,0,18,-24,-5,-11,-6,30,-37,-2,-15,-26
EXR,Extra Space Storage,139.83,-51,0,-9,0,-60,4,-1,16,14,33,-27
IDXX,Idexx Laboratories,632.25,-21,1,20,5,5,-26,-14,16,-9,-33,-28
CMG,Chipotle Mexican Grill,40.07,6,-46,-12,81,29,1,-47,-10,-1,-57,-28
LBTYA,Liberty Global (Series A),11.56,-27,40,-46,-32,-65,1,40,7,-11,37,-28
CTVA,Corteva,68.07,-70,-10,59,0,-21,-33,-2,16,12,-7,-28
CRM,Salesforce,243.49,-1,-2,-19,23,1,-19,-5,-27,22,-29,-28
REYN,Reynolds Consumer Products,23.33,0,37,-34,0,3,-23,-8,3,-4,-32,-29
RRX,Regal Rexnord,143.9,0,-15,0,4,-11,-19,-11,13,-2,-19,-30
CNC,Centene,34.88,28,0,-50,-12,-34,26,26,-19,-29,4,-30
CHRD,Chord Energy,104.57,8,1,-56,0,-47,22,-9,10,-7,16,-31
ELV,Elevance Health,318.79,45,0,-50,-3,-8,-8,4,-16,-4,-24,-32
BLD,TopBuild,392.76,-42,0,8,47,13,-43,-10,12,-4,-45,-32
HPQ,HP Inc.,26.69,-19,33,-31,0,-17,-17,-1,5,-2,-15,-32
CFLT,"Confluent, Inc.",19.78,0,0,-9,0,-9,-17,16,-24,1,-24,-33
GLIBK,GCI Liberty (Series C),35.3,-13,0,0,0,-13,-9,-11,0,0,-20,-33
MAS,Masco,70.4,-51,0,-3,66,12,-69,-6,7,22,-46,-34
PATH,UiPath,12.2,-3,5,-17,0,-15,-15,15,-9,-11,-20,-35
DLB,Dolby Laboratories,72.38,7,-4,-9,0,-6,2,-14,-26,9,-29,-35
DVA,DaVita,130.84,0,-24,-9,21,-12,-8,-10,-26,20,-24,-36
BSY,Bentley Systems,52.33,-26,-4,15,0,-15,-20,-10,16,-7,-21,-36
TRU,TransUnion,85.19,-36,-6,-1,0,-43,-37,15,14,15,7,-36
NVR,"NVR, Inc.",8046.72,-69,1,-2,66,-4,-69,-3,9,30,-33,-37
FCX,Freeport-McMoRan,35.75,-21,-3,-1,0,-25,-19,-3,16,-7,-13,-38
SFD,Smithfield Foods,23.33,-14,-7,0,0,-21,-11,-16,10,0,-17,-38
CHE,Chemed Corporation,462.25,7,0,-17,0,-10,3,-7,-15,-9,-28,-38
CZR,Caesars Entertainment,27.03,27,0,-32,-26,-31,24,3,4,-38,-7,-38
APD,Air Products,266.64,-29,-4,-1,17,-17,-32,-9,8,11,-22,-39
GLIBA,GCI Liberty (Series A),35.92,-13,0,0,0,-13,-19,-7,0,0,-26,-39
ENTG,Entegris,93.02,0,12,-50,-7,-45,-17,24,5,-6,6,-39
PK,Park Hotels & Resorts,11.54,-32,33,-32,0,-31,-36,25,9,-6,-8,-39
CI,Cigna,286.18,-70,0,-3,59,-14,-13,-2,-9,-2,-26,-40
CPT,Camden Property Trust,107.01,-15,-3,-1,0,-19,-20,-4,-9,12,-21,-40
HRB,H&R Block,49.95,-49,-77,-7,53,-80,1,-2,-12,53,40,-40
KIM,Kimco Realty,21.59,-90,33,0,56,-1,-68,-2,14,15,-41,-42
DUOL,Duolingo,326.5,35,-62,0,0,-27,44,-76,-7,24,-15,-42
GME,GameStop,26.41,0,1,0,-31,-30,-15,19,-9,-8,-13,-43
A,Agilent Technologies,123.41,-25,22,-29,0,-32,-40,28,7,-6,-11,-43
AGCO,AGCO,109.78,-22,0,13,0,-9,-18,-20,17,-14,-35,-44
AUR,Aurora Innovation,5.5,-14,-2,-7,0,-23,-16,3,-24,16,-21,-44
ESTC,Elastic NV,85.9,-26,15,-19,-7,-37,-25,21,1,-5,-8,-45
CERT,"Certara, Inc.",11.8,2,12,-21,0,-7,1,6,-13,-33,-39,-46
HSIC,Schein (Henry),66.06,-17,-3,-11,-1,-32,-14,-4,-1,4,-15,-47
IP,International Paper,45.32,-25,-19,0,17,-27,-35,-11,9,17,-20,-47
ZBRA,Zebra Technologies,299.68,-23,-5,-8,-8,-44,-33,4,10,14,-5,-49
UHAL,U-Haul,57.28,8,-43,-21,0,-56,26,-7,-34,21,6,-50
FCN,FTI Consulting,161.48,0,-13,-43,0,-56,13,-7,6,-6,6,-50
MCHP,Microchip Technology,64.41,-14,-15,0,0,-29,-14,-16,16,-8,-22,-51
SARO,StandardAero,26.72,-23,-32,0,0,-55,-19,6,16,0,3,-52
DG,Dollar General,102.1,-3,-6,0,-18,-27,-5,-21,28,-27,-25,-52
TKR,Timken Company,75.53,-26,0,-1,5,-22,-35,-2,13,-6,-30,-52
DOV,Dover Corporation,168.0,-77,-21,-9,107,0,-72,-12,12,20,-52,-52
SOLV,Solventum,71.37,-21,-3,0,0,-24,-38,-2,12,0,-28,-52
XYZ,"Block, Inc.",73.65,-14,0,-1,-37,-52,-14,-11,10,14,-1,-53
PRMB,Primo Brands,22.18,-2,-82,-4,23,-65,18,-10,-16,19,11,-54
RAL,Ralliant,43.14,0,0,0,0,0,-14,-41,0,0,-55,-55
SBUX,Starbucks,83.39,-2,-18,-7,0,-27,-14,-26,4,8,-28,-55
STAG,STAG Industrial,34.93,-94,-3,0,97,0,-61,-6,16,-5,-56,-56
TTC,Toro Company (The),76.37,-42,52,-2,-1,7,-43,-6,7,-21,-63,-56
QGEN,Qiagen,43.9,-23,-13,18,0,-18,-24,-36,16,6,-38,-56
S,SentinelOne,18.16,-19,0,-31,0,-50,-20,17,-1,-2,-6,-56
WAT,Waters Corporation,291.73,-23,0,-11,0,-34,-37,25,-26,15,-23,-57
NVST,Envista,20.35,-25,0,10,0,-15,-19,-2,12,-33,-42,-57
TSN,Tyson Foods,54.18,0,-2,-7,-29,-38,-5,-11,-17,12,-21,-59
SWK,Stanley Black & Decker,73.87,-36,62,-35,-40,-49,-43,31,5,-3,-10,-59
MASI,Masimo,141.48,0,-37,-5,-7,-49,1,-1,-21,11,-10,-59
CUBE,CubeSmart,40.5,-48,0,-29,2,-75,4,-2,16,-3,15,-60
CNXC,Concentrix,47.69,-7,-1,-1,0,-9,-30,16,-4,-34,-52,-61
BIRK,Birkenstock,44.92,-21,-16,-5,0,-42,2,-14,-7,0,-19,-61
GPN,Global Payments,84.34,-4,48,-33,-40,-29,-18,-7,4,-11,-32,-61
VLTO,Veralto,104.65,-43,0,8,0,-35,-39,-2,15,0,-26,-61
VTRS,Viatris,9.52,-27,-2,-3,-1,-33,-25,-9,8,-2,-28,-61
AS,Amer Sports,34.48,-35,-6,10,0,-31,-35,-12,16,0,-31,-62
ACHC,Acadia Healthcare,24.54,21,11,-54,-12,-34,34,3,-48,-17,-28,-62
DAR,Darling Ingredients,32.12,0,0,-12,-21,-33,1,-13,14,-31,-29,-62
CCI,Crown Castle,95.31,7,-23,-2,-29,-47,14,-34,-1,6,-15,-62
CART,Maplebear Inc.,42.32,-55,-12,0,0,-67,-7,-2,13,0,4,-63
OWL,Blue Owl Capital,17.77,-21,-27,-10,0,-58,-32,-3,8,22,-5,-63
JBHT,J. B. Hunt,134.5,0,-21,-37,-1,-59,15,-14,6,-11,-4,-63
GTLB,GitLab,47.48,-24,15,-27,0,-36,-21,22,-26,-2,-27,-63
LPX,Louisiana-Pacific,84.71,-72,-8,-3,64,-19,-69,-8,6,27,-44,-63
ALGM,Allegro MicroSystems,29.69,-14,-6,17,0,-3,-16,-42,14,-17,-61,-64
HOLX,Hologic,67.19,5,1,-41,0,-35,-12,-18,9,-8,-29,-64
CSGP,CoStar Group,83.99,-39,-3,12,15,-15,-43,-26,29,-10,-50,-65
GNRC,Generac,168.35,-28,0,9,-35,-54,-19,-16,13,11,-11,-65
SN,SharkNinja,105.97,-35,0,14,0,-21,-33,-27,13,2,-45,-66
KD,Kyndryl,29.44,-27,-38,-2,0,-67,-14,-3,-3,21,1,-66
ISRG,Intuitive Surgical,441.11,0,-42,-9,23,-28,-12,-50,-4,27,-39,-67
EIX,Edison International,55.01,-21,1,-38,0,-58,-13,-1,6,-2,-10,-68
RYAN,Ryan Specialty,55.58,40,-66,-9,0,-35,28,-72,-15,26,-33,-68
NSA,National Storage Affiliates,30.38,0,1,-21,-5,-25,7,-6,-42,-2,-43,-68
ADC,Agree Realty,71.26,-61,-9,0,17,-53,1,-23,-11,14,-19,-72
MSTR,MicroStrategy,309.17,-23,-31,-1,20,-35,-33,-41,16,21,-37,-72
AMT,American Tower,194.24,0,-38,-3,-1,-42,-4,-37,-1,12,-30,-72
ARW,Arrow Electronics,120.89,-56,-8,7,5,-52,-19,-8,16,-9,-20,-72
TROW,T. Rowe Price,103.47,-25,0,0,-26,-51,-25,-8,12,-1,-22,-73
BBWI,"Bath & Body Works, Inc.",26.65,2,-15,-31,-16,-60,4,-8,-2,-7,-13,-73
TTD,Trade Desk (The),47.14,13,-35,-33,-2,-57,5,-27,7,-1,-16,-73
LBRDK,Liberty Broadband (Series C),62.86,10,-45,-9,-37,-81,5,2,-9,9,7,-74
LBRDA,Liberty Broadband (Series A),62.67,10,-45,-9,-37,-81,5,2,-9,9,7,-74
MHK,Mohawk Industries,128.6,-56,58,0,-12,-10,-68,-2,8,-2,-64,-74
BALL,Ball Corporation,49.48,0,-30,-9,-12,-51,5,-38,16,-6,-23,-74
PEN,"Penumbra, Inc.",253.48,-75,21,0,12,-42,-19,-5,-12,4,-32,-74
NIQ,NIQ Global Intelligence,15.7,-42,0,0,0,-42,-46,13,0,0,-33,-75
VKTX,Viking Therapeutics,25.58,0,-28,-46,22,-52,-9,-20,11,-7,-25,-77
PAYX,Paychex,128.19,-133,-42,-2,168,-9,-42,-35,-7,15,-69,-78
MPW,Medical Properties Trust,4.93,0,16,3,-37,-18,-33,22,-13,-36,-60,-78
FOUR,Shift4,79.09,-35,-38,-6,0,-79,-21,-9,6,25,1,-78
GEHC,GE HealthCare,72.46,-46,-2,-26,0,-74,-17,-2,5,9,-5,-79
PINS,Pinterest,33.61,-33,-5,-1,-1,-40,-40,-5,12,-6,-39,-79
MAA,Mid-America Apartment Communities,139.48,-14,-42,-3,0,-59,-14,-5,-14,12,-21,-80
CTSH,Cognizant,66.96,-38,-42,-9,15,-74,-10,-7,-9,19,-7,-81
CACC,Credit Acceptance,459.52,-26,-2,-1,0,-29,-35,-7,-4,-6,-52,-81
BIO,Bio-Rad Laboratories,273.24,-20,62,-33,-29,-20,-24,-7,7,-38,-62,-82
ON,ON Semiconductor,50.15,0,-21,-43,-2,-66,-19,7,12,-16,-16,-82
SLB,Schlumberger,35.51,7,1,-76,0,-68,25,-1,-27,-11,-14,-82
OSK,Oshkosh Corporation,129.99,-73,0,17,5,-51,-37,-11,14,3,-31,-82
ARE,Alexandria Real Estate Equities,83.84,-14,33,-43,-31,-55,-14,22,1,-36,-27,-82
OLN,Olin Corporation,23.97,-45,25,-66,-10,-96,9,25,4,-24,14,-82
WH,Wyndham Hotels & Resorts,81.47,-73,-8,-9,12,-78,-12,-13,4,16,-5,-83
KMPR,Kemper Corporation,51.84,-75,-2,-12,-1,-90,7,-7,-9,15,6,-84
PEP,PepsiCo,140.41,-13,0,-48,0,-61,-5,-10,5,-14,-24,-85
YETI,Yeti Holdings,34.41,-41,0,-41,-7,-89,-14,19,10,-11,4,-85
TGT,Target Corporation,87.84,-1,-21,-37,-12,-71,15,-27,4,-7,-15,-86
CHDN,Churchill Downs Incorporated,96.95,7,-20,-37,0,-50,-5,-37,8,-2,-36,-86
EEFT,Euronet Worldwide,89.48,0,-42,-9,-4,-55,2,-42,-6,14,-32,-87
GFS,GlobalFoundries,35.6,7,0,-88,0,-81,5,1,6,-18,-6,-87
PCG,PG&E Corporation,14.95,0,1,-36,2,-33,-14,-4,-35,-2,-55,-88
CHTR,Charter Communications,273.45,10,-45,-10,-37,-82,5,1,-10,-2,-6,-88
ADBE,Adobe Inc.,360.39,0,0,-42,-7,-49,1,11,-46,-6,-40,-89
QXO,"QXO, Inc.",18.8,-43,-5,0,-15,-63,-35,-3,19,-7,-26,-89
PYPL,PayPal,67.3,-14,-31,-9,-40,-94,-19,4,9,10,4,-90
KBR,"KBR, Inc.",47.35,-14,-2,-36,0,-52,-12,-12,-14,-2,-40,-92
FTV,Fortive,48.51,-20,-6,-27,0,-53,-19,12,-23,-9,-39,-92
SW,Smurfit Westrock,42.15,-98,-11,-3,17,-95,-17,-5,6,18,2,-93
DLTR,Dollar Tree,95.06,-42,-15,0,-16,-73,-5,-24,31,-23,-21,-94
NCNO,nCino,27.97,-29,0,-32,0,-61,-39,-4,11,-2,-34,-95
KDP,Keurig Dr Pepper,25.5,-35,-24,-5,-1,-65,-35,-18,24,-1,-30,-95
GDDY,GoDaddy,141.37,-28,-56,-9,23,-70,-20,-3,-25,23,-25,-95
CPAY,Corpay,296.57,-48,-40,-4,22,-70,-42,-9,-1,26,-26,-96
OGN,Organon & Co.,10.21,-22,16,-35,0,-41,-20,18,-48,-5,-55,-96
ABNB,Airbnb,123.73,-17,-36,-9,0,-62,-24,-10,6,-6,-34,-96
PCTY,Paylocity,163.79,-26,-24,-4,-4,-58,-14,-28,-3,6,-39,-97
IRDM,Iridium Communications,17.65,-3,-41,-10,-20,-74,4,-7,-1,-20,-24,-98
TYL,Tyler Technologies,529.77,-91,-25,0,18,-98,1,-27,7,19,0,-98
RLI,RLI Corp.,65.06,-93,-80,-16,177,-12,-38,-14,-35,-1,-88,-100
TMO,Thermo Fisher Scientific,463.45,-32,1,-28,0,-59,-31,-7,1,-4,-41,-100
EL,Estée Lauder Companies (The),86.67,-21,0,0,-27,-48,-19,-12,14,-36,-53,-101
IAC,IAC Inc.,35.04,-35,-6,-8,-32,-81,5,17,-3,-39,-20,-101
TWLO,Twilio,102.33,-20,-35,0,-35,-90,-30,-5,12,12,-11,-101
DXCM,Dexcom,67.1,-62,-24,-5,-15,-106,4,-7,16,-10,3,-103
PFE,Pfizer,23.76,-14,-6,-5,-24,-49,-24,-14,13,-29,-54,-103
CROX,Crocs,81.72,4,-36,-48,-2,-82,4,-9,-10,-6,-21,-103
DOX,Amdocs,81.62,-28,-34,-1,0,-63,-25,-21,-1,6,-41,-104
LEA,Lear Corporation,101.42,-81,33,0,-18,-66,-35,-3,15,-16,-39,-105
TDC,Teradata,22.19,6,8,-85,-18,-89,-11,10,1,-17,-17,-106
FND,Floor & Decor,76.54,-41,-2,-41,-7,-91,-43,31,4,-7,-15,-106
WING,Wingstop,247.84,-130,-17,-3,39,-111,-12,-30,14,32,4,-107
MTD,Mettler Toledo,1201.86,-33,-2,-29,0,-64,-37,-10,10,-6,-43,-107
CPB,Campbell Soup Company,32.09,-14,0,-38,-7,-59,-10,12,-45,-6,-49,-108
IQV,IQVIA,179.55,-24,0,-46,-1,-71,-35,-3,8,-7,-37,-108
LINE,"Lineage, Inc.",38.25,-46,-36,0,0,-82,2,9,-37,0,-26,-108
OC,Owens Corning,143.05,-67,0,-30,59,-38,-67,-7,5,-1,-70,-108
CDW,CDW,164.37,0,-38,-48,0,-86,-19,-3,8,-9,-23,-109
GIS,General Mills,50.08,1,0,-47,-5,-51,-8,12,-43,-20,-59,-110
PAYC,Paycom,217.47,-14,-24,25,-25,-38,-23,-27,16,-38,-72,-110
SAIA,Saia,293.93,-35,-3,-32,0,-70,-43,10,-1,-6,-40,-110
SON,Sonoco,43.9,-44,-4,-2,-1,-51,-59,-1,13,-15,-62,-113
RGEN,Repligen,125.6,5,1,-22,-18,-34,-19,4,-26,-38,-79,-113
PPC,Pilgrim's Pride,40.51,-98,-16,0,22,-92,-7,-23,-10,19,-21,-113
ST,Sensata Technologies,30.18,-27,0,0,-16,-43,-43,-7,14,-36,-72,-115
INGR,Ingredion,121.03,-105,-40,-4,35,-114,-47,-10,-2,57,-2,-116
ODFL,Old Dominion Freight Line,138.57,-4,-42,-32,0,-78,16,-16,-37,-2,-39,-117
TECH,Bio-Techne,51.86,-21,-3,-33,-25,-82,-18,-11,1,-7,-35,-117
MTCH,Match Group,36.24,-31,0,10,-38,-59,-27,-3,11,-39,-58,-117
MTN,Vail Resorts,147.69,0,-16,-39,-24,-79,-2,-11,12,-37,-38,-117
BLDR,Builders FirstSource,118.18,-70,-5,-34,66,-43,-70,-7,6,-4,-75,-118
WY,Weyerhaeuser,24.53,-2,-11,-29,0,-42,-11,-15,-41,-9,-76,-118
RNG,RingCentral,30.7,-28,32,-32,-42,-70,-37,29,6,-46,-48,-118
REGN,Regeneron Pharmaceuticals,564.05,-25,0,-47,0,-72,-28,-15,2,-5,-46,-118
KMB,Kimberly-Clark,122.22,-77,-11,-5,19,-74,-36,-18,-17,27,-44,-118
UHAL-B,U-Haul (Series N),51.51,0,-43,-29,0,-72,5,-7,-43,-2,-47,-119
RH,RH,202.28,-35,-1,-30,-8,-74,-43,-6,4,-1,-46,-120
POOL,Pool Corporation,305.79,-41,-3,-29,-7,-80,-43,9,3,-10,-41,-121
BJ,BJ's Wholesale Club,93.12,-42,-63,-1,11,-95,-47,-30,-8,59,-26,-121
ONON,On Holding AG,42.46,-8,-41,-5,0,-54,-14,-72,-2,21,-67,-121
SAIC,SAIC,97.66,-53,-17,-4,0,-74,-29,-17,-1,-2,-49,-123
CNH,CNH Industrial,10.88,-20,-31,-3,0,-54,-24,-47,-1,3,-69,-123
MIDD,Middleby,133.1,-82,0,-9,0,-91,-19,-6,-22,14,-33,-124
MKC,McCormick & Company,65.72,0,-57,-12,-3,-72,13,-56,-20,11,-52,-124
LULU,Lululemon Athletica,176.29,35,-78,-17,-4,-64,-6,-16,-26,-13,-61,-125
DHR,Danaher Corporation,184.83,-30,-14,-35,-1,-80,-33,-17,9,-5,-46,-126
ALK,Alaska Air Group,50.85,-71,-2,-1,3,-71,-68,-2,4,10,-56,-127
SIRI,Sirius XM,22.7,-78,23,-3,-32,-90,-21,-4,6,-18,-37,-127
HAYW,Hayward Holdings,14.85,-77,-3,0,0,-80,-71,-8,14,17,-48,-128
ACN,Accenture,238.99,-1,-57,-29,-1,-88,-26,-11,-25,20,-42,-130
CCCS,CCC Intelligent Solutions,9.31,-47,-5,-34,0,-86,-39,-7,8,-7,-45,-131
FI,Fiserv,129.54,-47,-55,-20,36,-86,-38,-15,-21,28,-46,-132
CMCSA,Comcast,31.72,-2,-43,-41,-10,-96,-17,-7,-8,-9,-41,-137
COO,Cooper Companies (The),67.55,2,-21,-33,-6,-58,-21,-16,-38,-4,-79,-137
LW,Lamb Weston,55.24,-42,1,-78,-9,-128,1,-4,9,-15,-9,-137
SRPT,Sarepta Therapeutics,18.37,0,0,-35,-8,-43,-17,-15,-56,-7,-95,-138
HUM,Humana,254.96,-94,0,-2,-13,-109,-6,-7,2,-21,-32,-141
JHX,James Hardie Industries,18.76,-27,-27,-33,-2,-89,-19,-23,-6,-4,-52,-141
AKAM,Akamai Technologies,76.05,-33,1,-32,-8,-72,-25,-3,-32,-11,-71,-143
RARE,Ultragenyx,29.09,0,0,-33,-39,-72,-19,-7,-41,-4,-71,-143
BAH,Booz Allen Hamilton,99.07,-67,-19,-36,102,-20,-66,-18,-38,-2,-124,-144
BEN,Franklin Templeton Investments,23.26,-112,-2,14,0,-100,-25,-13,16,-23,-45,-145
CAVA,Cava Group,62.6,-14,-32,-20,0,-66,-12,-36,-34,3,-79,-145
KHC,Kraft Heinz,26.05,-13,-15,-48,-1,-77,-5,-33,-20,-11,-69,-146
BIIB,Biogen,137.5,-42,32,-90,-28,-128,-42,39,3,-19,-19,-147
LII,Lennox International,521.58,-77,-24,-3,39,-65,-74,-37,-1,28,-84,-149
BDX,Becton Dickinson,184.62,-36,0,-34,-6,-76,-21,-11,-25,-16,-73,-149
ILMN,"Illumina, Inc.",91.68,-22,-3,-34,-41,-100,-25,8,8,-41,-50,-150
CL,Colgate-Palmolive,79.58,-91,-57,-12,24,-136,-5,-18,-20,27,-16,-152
SBAC,SBA Communications,194.12,-13,-38,-5,-21,-77,-42,-38,-4,6,-78,-155
KVUE,Kenvue,16.4,-54,-24,-4,0,-82,-35,-34,-9,4,-74,-156
INVH,Invitation Homes,29.17,-71,-46,-14,0,-131,-21,-11,-9,15,-26,-157
SITE,SiteOne Landscape Supply,129.1,-90,-3,-2,-10,-105,-47,-7,9,-9,-54,-159
CRL,Charles River Laboratories,148.56,-27,-11,-60,-27,-125,-33,-5,12,-9,-35,-160
OKTA,"Okta, Inc.",91.13,-19,-77,-4,-25,-125,-20,-13,-9,7,-35,-160
PPG,PPG Industries,103.63,-29,-5,-52,-9,-95,-63,-11,16,-9,-67,-162
ZBH,Zimmer Biomet,98.25,-24,0,-3,-18,-45,-19,-9,-70,-19,-117,-162
AMCR,Amcor,8.05,-33,-31,-7,-1,-72,-42,-40,-7,-3,-92,-164
MAT,Mattel,16.9,-91,-15,-10,0,-116,-22,-7,13,-32,-48,-164
FIS,Fidelity National Information Services,64.25,-51,-38,-8,-38,-135,1,-40,-3,12,-30,-165
MRNA,Moderna,24.51,-9,-37,-61,-5,-112,-14,1,-1,-40,-54,-166
MORN,"Morningstar, Inc.",234.97,-71,-41,-26,29,-109,1,-54,-4,-1,-58,-167
CARR,Carrier Global,58.82,-87,-39,-5,0,-131,-47,-35,16,27,-39,-170
AVTR,Avantor,11.85,-36,-4,-35,0,-75,-35,-9,-46,-6,-96,-171
SNDR,Schneider National,21.25,-53,-21,-11,-1,-86,-69,-15,-1,-1,-86,-172
ATR,AptarGroup,132.33,-91,-40,-9,21,-119,-43,-37,-1,26,-55,-174
CAG,Conagra Brands,18.17,-51,-10,-38,-8,-107,-10,-14,-20,-24,-68,-175
KNX,Knight-Swift,39.65,-51,-24,-31,-3,-109,-43,-8,-1,-14,-66,-175
IEX,IDEX Corporation,161.42,-43,-42,-34,-3,-122,1,-13,-34,-7,-53,-175
WEX,WEX Inc.,160.54,-52,0,-49,0,-101,-69,-6,10,-9,-74,-175
MAN,ManpowerGroup,38.57,7,-23,-52,-29,-97,25,-15,-52,-37,-79,-176
HRL,Hormel Foods,24.72,0,-51,-16,-24,-91,-5,-47,-3,-31,-86,-177
UA,Under Armour (Class C),4.87,5,-35,-34,-38,-102,1,-37,-1,-38,-75,-177
ENPH,Enphase Energy,36.48,-24,0,-52,-21,-97,-19,22,-59,-25,-81,-178
EMN,Eastman Chemical Company,62.69,-51,-5,-27,-2,-85,-43,-7,-41,-3,-94,-179
MRK,Merck & Co.,78.54,-75,-3,-53,-1,-132,-33,-9,1,-7,-48,-180
AVY,Avery Dennison,160.86,-51,-24,-41,0,-116,-43,-15,-1,-6,-65,-181
TAP,Molson Coors,44.84,-105,-13,-19,-1,-138,-5,-15,-20,-4,-44,-182
CAI,Caris Life Sciences,29.21,-133,0,0,0,-133,-40,-9,0,0,-49,-182
BROS,Dutch Bros. Coffee,53.1,-110,-10,-1,0,-121,-69,-10,6,12,-61,-182
UAA,Under Armour (Class A),4.98,7,-35,-34,-45,-107,1,-37,-1,-38,-75,-182
EPAM,EPAM Systems,151.87,-14,-13,-32,-28,-87,-24,-11,-23,-38,-96,-183
FBIN,Fortune Brands Innovations,53.28,-69,-4,-32,-6,-111,-69,-7,5,-3,-74,-185
BFAM,Bright Horizons,108.48,-161,-14,-5,0,-180,1,-20,-2,16,-5,-185
AXTA,Axalta,28.07,-73,-4,-22,23,-76,-68,-6,-35,-1,-110,-186
TW,Tradeweb,110.96,-119,-37,-4,1,-159,-14,-33,-5,24,-28,-187
ELS,Equity Lifestyle Properties,59.53,-50,-7,-27,0,-84,-61,-1,-38,-4,-104,-188
BMY,Bristol Myers Squibb,44.11,-75,-6,-6,-6,-93,-72,-10,-20,6,-96,-189
LSTR,Landstar,122.05,-53,-43,-41,-1,-138,10,-8,-48,-8,-54,-192
UDR,"UDR, Inc.",37.17,-77,-41,-4,-1,-123,-69,-9,-11,14,-75,-198
DOW,Dow Inc.,22.96,-48,-5,-49,-2,-104,-43,21,-64,-9,-95,-199
GMED,Globus Medical,55.7,-133,-7,-21,-1,-162,-16,-9,-26,13,-38,-200
CE,Celanese,40.77,-46,-35,-49,-11,-141,-43,-5,-3,-10,-61,-202
LKQ,LKQ Corporation,30.29,-69,-10,-12,-3,-94,-69,-3,-20,-18,-110,-204
GLOB,Globant,57.99,6,-92,-32,-8,-126,2,-40,-32,-8,-78,-204
AMH,American Homes 4 Rent,32.61,-131,-42,-14,69,-118,-91,-11,-2,16,-88,-206
SMG,Scotts Miracle-Gro Company,56.04,-51,-21,-28,-40,-140,-69,-7,12,-2,-66,-206
FDS,FactSet,289.68,-91,-49,-11,-1,-152,1,-45,-9,-2,-55,-207
DXC,DXC Technology,14.01,-1,0,-31,-74,-106,-23,-6,-38,-35,-102,-208
RVTY,Revvity,84.04,-21,-42,-26,-25,-114,-24,-47,-31,4,-98,-212
WLK,Westlake Corporation,77.61,-51,-2,-46,-1,-100,-43,-5,-58,-7,-113,-213
BRBR,BellRing Brands,36.82,0,-100,-19,0,-119,-5,-92,-25,28,-94,-213
KMX,CarMax,44.86,-51,-6,-25,-37,-119,-60,-4,-29,-1,-94,-213
SAM,Boston Beer Company,215.06,-30,18,-41,-38,-91,-34,-7,-37,-45,-123,-214
JKHY,Jack Henry & Associates,149.38,-51,-41,-9,-1,-102,-46,-72,-9,12,-115,-217
MKTX,MarketAxess,180.19,0,-45,-34,-30,-109,4,-60,-8,-45,-109,-218
ZTS,Zoetis,143.26,-133,-14,-41,-4,-192,1,-15,-8,-6,-28,-220
SFM,Sprouts Farmers Market,109.88,-167,-44,-1,47,-165,-68,-42,-5,58,-57,-222
NKE,"Nike, Inc.",69.31,-138,0,-4,-22,-164,-21,-14,13,-37,-59,-223
TEAM,Atlassian,166.62,-51,-56,-12,-7,-126,-82,-4,-24,12,-98,-224
ASH,Ashland Global,48.77,-77,-6,-47,-10,-140,-69,-10,5,-11,-85,-225
INSP,Inspire Medical Systems,77.23,-40,-93,-29,-7,-169,4,-10,-34,-18,-58,-227
BRKR,Bruker,31.05,-20,-41,-66,-9,-136,-17,6,-70,-10,-91,-227
BMRN,BioMarin Pharmaceutical,53.84,-32,-15,-56,-21,-124,-33,-29,-21,-23,-106,-230
WHR,Whirlpool Corporation,77.47,-72,-8,-11,-27,-118,-69,-5,-2,-37,-113,-231
NWL,Newell Brands,5.16,-86,-2,-33,-32,-153,-43,-5,4,-37,-81,-234
DJT,Trump Media & Technology Group,16.94,-17,-83,-62,0,-162,-19,-14,-30,-10,-73,-235
APLS,Apellis Pharmaceuticals,22.38,-104,-3,-76,-17,-200,-16,-7,7,-19,-35,-235
FMC,FMC Corporation,33.65,-45,-21,-46,-25,-137,-61,-11,-1,-27,-100,-237
PRGO,Perrigo,21.45,0,-37,-8,-114,-159,-5,-10,-8,-56,-79,-238
FRPT,Freshpet,49.69,-51,-73,-30,-7,-161,-43,-30,-26,20,-79,-240
CHH,Choice Hotels,109.46,-147,-37,-9,0,-193,-5,-38,-23,15,-51,-244
COLM,Columbia Sportswear,52.62,-93,-2,-27,-7,-129,-103,-6,-22,14,-117,-246
BF-B,Brown–Forman (Class B),27.09,-14,-18,-109,-19,-160,-6,-12,-41,-29,-88,-248
WSC,WillScot Mobile Mini,20.55,-48,-40,-71,-7,-166,-43,-34,4,-13,-86,-252
TFX,Teleflex,120.04,-67,1,-48,-40,-154,-42,-2,-44,-11,-99,-253
TREX,"Trex Company, Inc.",51.29,-93,-11,-60,-14,-178,-70,-7,8,-7,-76,-254
ACI,Albertsons,17.56,-133,-53,-3,0,-189,-43,-15,-9,1,-66,-255
WU,Western Union,7.95,-91,-2,-29,-47,-169,-12,-7,-64,-6,-89,-258
GPK,Graphic Packaging,19.4,-161,-21,-25,0,-207,1,-18,-38,-1,-56,-263
COTY,Coty,4.02,-36,-28,-70,-8,-142,-42,1,-72,-10,-123,-265
BF-A,Brown–Forman (Class A),26.74,-36,-15,-108,-19,-178,-8,-12,-48,-25,-93,-271
DV,DoubleVerify,11.89,-119,-14,-76,0,-209,-42,-16,5,-11,-64,-273
AAL,American Airlines Group,11.32,-104,-2,-27,-77,-210,-21,-8,5,-40,-64,-274
LYB,LyondellBasell,49.45,-69,-40,-50,-6,-165,-43,-5,-64,-8,-120,-285
CLVT,Clarivate,3.69,-72,-6,-83,-7,-168,-89,-6,9,-43,-129,-297
UPS,United Parcel Service,83.72,-20,-43,-112,-17,-192,-15,-15,-40,-35,-105,-297
IFF,International Flavors & Fragrances,60.71,-77,-42,-29,-32,-180,-66,-8,-41,-2,-117,-297
ALGN,Align Technology,126.12,-79,-41,-73,-26,-219,-23,-15,-9,-39,-86,-305
HUN,Huntsman Corporation,8.98,-77,-6,-51,-16,-150,-103,-6,-46,-34,-189,-339
BAX,Baxter International,21.96,-62,-57,-29,-39,-187,-82,-10,-20,-42,-154,-341
SLGN,Silgan Holdings,42.5,-133,-42,-9,0,-184,-131,-42,-3,14,-162,-346
XRAY,Dentsply Sirona,12.49,-92,-41,-87,-43,-263,-43,-6,-1,-41,-91,-354
FLO,Flowers Foods,12.73,-93,-30,-43,-9,-175,-89,-23,-63,-24,-199,-374
RHI,Robert Half,34.02,-51,-170,-35,-10,-266,-43,-7,-33,-33,-116,-382
COLD,Americold,12.11,-51,-124,-47,-12,-234,-47,-66,-47,-16,-176,-410
WEN,Wendy's Company (The),9.2,-133,-66,-43,-9,-251,-98,-13,-38,-16,-165,-416
STZ,Constellation Brands,132.45,-211,-24,-51,-4,-290,-125,-27,-67,-9,-228,-518
