Symbol,Name,Close,1H Cloud Score,1D Cloud Score,1W Cloud Score,1M Cloud Score,Cloud Score Sum,1H TKx Score,1D TKx Score,1W TKx Score,1M TKx Score,TKx Score Sum,Total Score Sum
TJX,TJX Companies,139.86,1,27,152,199,379,-17,31,121,194,329,708
ORLY,O'Reilly Auto Parts,105.12,70,38,167,200,475,35,44,58,90,227,702
COOP,Mr. Cooper Group,217.89,35,84,123,59,301,40,83,121,57,301,602
AZO,AutoZone,4252.89,119,37,98,87,341,33,44,58,58,193,534
MSI,Motorola Solutions,481.67,63,39,5,154,261,4,49,5,186,244,505
WELL,Welltower,168.03,21,81,120,59,281,19,42,137,25,223,504
GOOGL,Alphabet (Class A),239.12,91,73,12,177,353,38,47,9,22,116,469
GOOG,Alphabet (Class C),239.55,91,73,11,177,352,38,47,8,22,115,467
CASY,Casey's,538.28,23,3,117,88,231,42,-19,121,79,223,454
AM,Antero Midstream,18.36,42,6,152,24,224,94,-4,82,56,228,452
RBA,RB Global,116.24,17,95,108,28,248,11,44,111,20,186,434
JPM,JPMorgan Chase,300.62,1,86,127,159,373,4,11,14,27,56,429
LYV,Live Nation Entertainment,170.86,21,85,98,148,352,21,23,13,17,74,426
HWM,Howmet Aerospace,183.8,35,1,152,30,218,35,1,96,58,190,408
GS,Goldman Sachs,769.68,23,84,96,59,262,14,95,14,22,145,407
FAST,Fastenal,47.98,-28,106,127,107,312,2,50,17,24,93,405
WRB,W. R. Berkley Corporation,72.15,0,10,98,177,285,11,23,28,56,118,403
ORI,Old Republic International,39.94,-7,21,151,59,224,-20,19,121,56,176,400
COST,Costco,956.15,0,0,0,181,181,36,-6,-6,185,209,390
INSM,Insmed,145.88,153,64,68,17,302,19,34,14,21,88,390
ROL,"Rollins, Inc.",56.38,-5,-1,35,287,316,17,-6,27,36,74,390
ITT,ITT Inc.,173.88,10,90,20,100,220,30,97,14,27,168,388
HALO,Halozyme,75.79,245,31,11,20,307,19,42,5,15,81,388
MCD,McDonald's,305.95,-9,20,56,243,310,-23,40,2,58,77,387
MS,Morgan Stanley,154.13,16,84,80,65,245,13,95,14,17,139,384
PLTR,Palantir Technologies,166.69,14,97,120,0,231,17,-12,123,21,149,380
WM,"Waste Management, Inc.",217.75,-28,-13,99,188,246,-40,-19,31,160,132,378
HUBB,Hubbell Incorporated,442.68,8,82,5,183,278,4,13,10,72,99,377
YUM,Yum! Brands,146.01,11,0,32,260,303,24,-4,-6,58,72,375
CDNS,Cadence Design Systems,338.4,-7,0,21,142,156,30,-9,14,181,216,372
GLW,Corning Inc.,74.92,91,83,23,18,215,40,90,12,15,157,372
NDAQ,"Nasdaq, Inc.",94.65,17,90,80,145,332,18,-8,14,15,39,371
FIX,Comfort Systems USA,752.07,12,87,21,65,185,16,99,14,56,185,370
NEM,Newmont,78.47,103,108,23,6,240,26,70,23,11,130,370
WMT,Walmart,100.41,37,8,131,102,278,57,-12,14,30,89,367
ETR,Entergy,88.43,1,42,80,138,261,5,-7,93,15,106,367
APH,Amphenol,119.11,25,97,23,66,211,14,99,14,28,155,366
WDC,Western Digital,95.0,91,84,16,19,210,40,95,14,4,153,363
BSX,Boston Scientific,105.23,-7,0,148,145,286,-5,8,14,58,75,361
NRG,NRG Energy,161.27,17,0,107,95,219,18,-17,117,22,140,359
BK,BNY Mellon,103.98,-6,86,98,41,219,14,90,14,20,138,357
RTX,RTX Corporation,155.01,-28,83,81,55,191,-28,89,88,15,164,355
SNX,TD Synnex,151.77,26,84,19,64,193,37,90,12,22,161,354
AVGO,Broadcom,369.57,36,87,23,117,263,38,4,14,31,87,350
FYBR,Frontier Communications,37.36,70,22,93,0,185,31,21,98,15,165,350
TIGO,Millicom,47.94,-1,164,81,3,247,7,49,28,17,101,348
NFLX,Netflix,1247.71,36,2,120,21,179,40,15,91,21,167,346
MA,Mastercard,579.37,-28,29,130,156,287,-19,36,14,27,58,345
LITE,Lumentum,164.87,84,82,18,4,188,40,90,12,11,153,341
HR,Healthcare Realty Trust,18.33,98,52,6,1,157,108,58,6,10,182,339
ANET,Arista Networks,150.77,63,69,11,59,202,5,65,10,57,137,339
PTC,PTC Inc.,204.38,-14,83,10,183,262,-15,47,11,27,70,332
PANW,Palo Alto Networks,197.38,126,4,3,82,215,40,5,14,58,117,332
STE,Steris,243.84,0,23,18,196,237,26,16,26,26,94,331
FTI,TechnipFMC,40.88,94,84,21,28,227,45,6,14,38,103,330
IBM,IBM,256.85,36,-29,113,55,175,35,3,60,57,155,330
APP,AppLovin,567.12,85,29,109,0,223,40,37,10,19,106,329
EHC,Encompass Health,124.6,49,18,147,30,244,5,21,28,30,84,328
AME,Ametek,187.42,33,29,8,107,177,4,29,14,102,149,326
THC,Tenet Healthcare,191.78,168,21,18,58,265,5,18,12,25,60,325
RSG,Republic Services,228.51,-28,-30,128,178,248,-25,-55,-5,161,76,324
SPGI,S&P Global,540.18,0,84,20,173,277,18,-7,12,22,45,322
BR,Broadridge Financial Solutions,250.05,-7,37,118,146,294,-7,-6,14,26,27,321
MCO,Moody's Corporation,506.05,10,84,20,157,271,18,-7,12,26,49,320
KRC,Kilroy Realty,42.11,141,74,10,0,225,-4,77,10,12,95,320
AMG,Affiliated Managers Group,232.52,91,90,15,23,219,7,61,14,18,100,319
J,Jacobs Solutions,144.72,0,82,10,107,199,-10,97,11,20,118,317
FICO,Fair Isaac,1531.52,94,-1,-10,167,250,59,8,-32,32,67,317
LOW,Lowe's,266.55,41,36,4,167,248,-5,48,5,20,68,316
SGI,Somnigroup International,85.03,-2,84,45,65,192,-14,97,14,27,124,316
DDS,Dillard's,569.25,92,66,18,55,231,-6,20,11,56,81,312
GD,General Dynamics,322.97,1,106,12,55,174,3,61,14,58,136,310
AU,AngloGold Ashanti,64.6,77,28,80,19,204,26,37,28,15,106,310
MPWR,Monolithic Power Systems,855.18,27,84,7,158,276,-5,28,14,-3,34,310
COR,Cencora,296.28,16,7,48,76,147,15,16,59,69,159,306
AAPL,Apple Inc.,226.78,-7,51,0,252,296,-16,19,6,-1,8,304
TTWO,Take-Two Interactive,244.04,64,7,49,14,134,86,14,49,21,170,304
LOPE,Grand Canyon Education,202.28,0,24,151,36,211,-5,23,38,35,91,302
SSNC,SS&C Technologies,88.44,19,60,94,15,188,2,85,11,16,114,302
SPOT,Spotify,703.62,27,5,116,13,161,-1,19,99,21,138,299
CBRE,CBRE Group,162.63,27,68,96,23,214,-6,64,12,15,85,299
DRI,Darden Restaurants,211.48,36,0,48,62,146,56,13,52,31,152,298
AXON,Axon Enterprise,747.56,0,0,149,95,244,18,-14,14,31,49,293
ORCL,Oracle Corporation,328.44,23,1,15,199,238,28,-15,14,28,55,293
HD,Home Depot (The),413.27,1,36,5,181,223,-6,49,6,20,69,292
CRS,Carpenter Technology Corporation,247.27,28,-13,150,36,201,-5,-29,75,50,91,292
BX,Blackstone Inc.,178.23,23,55,8,143,229,28,2,9,22,61,290
CHD,Church & Dwight,92.99,-7,-32,-20,345,286,-12,8,-18,26,4,290
ATO,Atmos Energy,163.87,-21,24,78,46,127,-13,40,89,46,162,289
KLAC,KLA Corporation,932.29,28,3,18,178,227,29,-10,14,27,60,287
FTAI,FTAI Aviation,168.0,98,30,7,48,183,30,30,10,32,102,285
ITW,Illinois Tool Works,262.55,-2,55,6,179,238,-13,19,11,30,47,285
LIN,Linde plc,472.63,-6,27,17,111,149,15,-1,14,107,135,284
UI,Ubiquiti,605.7,91,13,56,11,171,40,48,14,11,113,284
DUK,Duke Energy,121.38,-63,40,80,184,241,4,-4,26,17,43,284
L,Loews Corporation,96.13,-12,84,116,56,244,-19,19,14,25,39,283
PGR,Progressive Corporation,246.39,-14,-64,0,178,100,2,-4,-7,190,181,281
C,Citigroup,97.18,18,84,23,19,144,14,94,14,15,137,281
WCC,Wesco International,214.81,-21,83,11,59,132,-19,97,12,58,148,280
DTE,DTE Energy,135.65,-9,0,78,190,259,-19,-6,31,14,20,279
AWI,Armstrong World Industries,195.52,-3,91,98,22,208,-14,50,14,20,70,278
HEI,HEICO (Common),316.77,-4,0,29,190,215,-14,-1,20,58,63,278
RL,Ralph Lauren Corporation,312.58,1,86,98,35,220,1,15,14,27,57,277
V,Visa Inc.,338.14,-27,-4,141,134,244,-21,13,14,27,33,277
AGNC,AGNC Investment,10.23,40,69,15,17,141,38,67,12,18,135,276
FERG,Ferguson Enterprises,224.12,-14,86,15,66,153,-14,97,14,26,123,276
ALNY,Alnylam Pharmaceuticals,469.31,14,83,21,16,134,21,91,14,16,142,276
MNST,Monster Beverage,62.83,0,23,30,181,234,12,1,23,5,41,275
EBAY,eBay,91.28,-2,93,81,15,187,-11,-4,86,17,88,275
NLY,Annaly Capital Management,22.09,44,66,22,11,143,51,52,12,17,132,275
FFIV,"F5, Inc.",326.72,23,83,98,15,219,30,-7,14,18,55,274
GILD,Gilead Sciences,115.26,21,78,55,36,190,38,-6,12,40,84,274
ALL,Allstate,200.01,-27,29,101,160,263,-19,-4,15,18,10,273
CBOE,Cboe Global Markets,234.65,0,-2,148,56,202,3,-10,26,52,71,273
ACM,AECOM,125.38,0,90,20,66,176,-9,19,14,73,97,273
JEF,Jefferies Financial Group,65.58,13,60,1,59,133,13,60,5,58,136,269
TMUS,T-Mobile US,240.28,-23,23,98,140,238,-30,36,-12,36,30,268
ADI,Analog Devices,247.2,0,15,15,180,210,2,15,14,27,58,268
T,AT&T,29.2,0,24,74,17,115,12,26,98,16,152,267
EME,Emcor,634.03,23,84,21,59,187,7,3,12,58,80,267
URI,United Rentals,944.18,-4,84,11,65,156,-14,55,12,58,111,267
HEI-A,HEICO (Class A),251.25,0,0,30,183,213,3,-1,21,31,54,267
RPM,RPM International,124.6,-2,35,4,181,218,-6,44,11,-1,48,266
RJF,Raymond James Financial,166.7,-12,83,96,59,226,2,6,11,20,39,265
HOOD,Robinhood Markets,117.45,21,86,85,0,192,36,3,14,19,72,264
AL,Air Lease Corporation,63.59,156,14,21,23,214,-8,17,14,27,50,264
LHX,L3Harris,275.64,2,106,16,6,130,3,99,16,15,133,263
NEU,NewMarket,835.55,10,106,23,30,169,20,20,26,28,94,263
PFGC,Performance Food Group,104.25,1,87,57,44,189,-12,13,14,58,73,262
TRV,Travelers Companies (The),272.25,-9,20,95,59,165,-19,31,28,57,97,262
RCL,Royal Caribbean Group,341.4,-12,84,125,29,226,-19,12,14,28,35,261
TKO,TKO Group Holdings,195.18,46,22,75,41,184,-4,15,14,51,76,260
EVR,Evercore,330.61,22,83,11,59,175,27,19,12,27,85,260
WPC,W. P. Carey,67.47,31,81,33,3,148,2,73,30,6,111,259
RGLD,Royal Gold,186.18,98,14,65,19,196,26,22,-3,17,62,258
RBC,RBC Bearings,378.08,-56,-2,97,165,204,-16,-7,18,58,53,257
CIEN,Ciena,129.91,77,84,13,13,187,35,6,12,17,70,257
COF,Capital One,223.4,0,90,98,22,210,2,10,14,19,45,255
CVNA,Carvana,365.26,-2,96,96,12,202,18,4,14,17,53,255
LLY,Lilly (Eli),754.87,17,-31,-7,173,152,10,6,-11,97,102,254
MLI,Mueller Industries,97.57,7,56,11,59,133,-13,49,12,72,120,253
CW,Curtiss-Wright,495.44,10,92,23,55,180,19,-11,14,50,72,252
HLI,Houlihan Lokey,201.06,13,86,21,45,165,27,19,14,27,87,252
LLYVA,Liberty Live (Series A),97.8,22,97,34,0,153,26,58,14,1,99,252
HPE,Hewlett Packard Enterprise,24.44,27,80,5,43,155,13,17,11,55,96,251
PNR,Pentair,109.26,31,84,13,63,191,2,21,12,25,60,251
SHW,Sherwin-Williams,357.43,-13,27,5,191,210,-13,19,14,20,40,250
AXS,AXIS Capital,97.09,-27,0,90,46,109,-19,19,86,54,140,249
FLEX,Flex Ltd.,58.06,36,13,22,59,130,40,6,14,58,118,248
TLN,Talen Energy,402.61,23,96,43,0,162,37,31,15,3,86,248
LLYVK,Liberty Live (Series C),100.73,21,90,34,0,145,27,60,14,1,102,247
DASH,DoorDash,257.53,24,83,101,0,208,21,-15,14,19,39,247
NI,NiSource,40.74,3,0,78,46,127,16,-5,93,15,119,246
NTAP,Netapp,123.54,91,27,2,58,178,40,19,11,-2,68,246
PM,Philip Morris International,165.34,5,-13,74,56,122,10,-4,89,28,123,245
CAT,Caterpillar Inc.,423.11,0,83,12,65,160,7,8,12,58,85,245
NVT,Nvent Electric,94.98,25,84,12,13,134,7,97,12,-6,110,244
AJG,Arthur J. Gallagher & Co.,293.18,-28,-1,0,187,158,-28,12,-6,108,86,244
PH,Parker Hannifin,765.12,7,85,21,66,179,4,16,14,31,65,244
R,Ryder,186.48,-2,69,15,57,139,-19,55,12,57,105,244
SSD,Simpson Manufacturing Company,191.24,-2,36,5,157,196,-9,49,10,-2,48,244
PSTG,Pure Storage,81.13,83,14,3,43,143,26,6,10,58,100,243
HIG,Hartford (The),131.23,-27,26,98,58,155,-24,30,25,57,88,243
SF,Stifel,113.17,-28,74,12,60,118,2,89,11,21,123,241
VMI,Valmont Industries,377.25,30,74,66,59,229,-9,-2,11,11,11,240
EVRG,Evergy,71.6,3,65,62,15,145,5,-3,81,11,94,239
CG,Carlyle Group (The),65.61,7,75,12,22,116,7,86,11,19,123,239
LECO,Lincoln Electric,242.17,-3,83,11,66,157,-13,90,12,-8,81,238
GRMN,Garmin,235.95,-2,57,116,20,191,-4,18,10,22,46,237
CAH,Cardinal Health,149.29,15,-14,59,39,99,25,3,52,58,138,237
SRE,Sempra,82.0,1,39,4,182,226,5,-4,12,-2,11,237
VRSN,Verisign,283.47,70,-21,40,10,99,67,5,56,8,136,235
AAON,AAON,84.99,3,0,-17,246,232,-14,13,-29,32,2,234
DGX,Quest Diagnostics,180.17,15,23,72,19,129,-3,21,72,15,105,234
ABBV,AbbVie,211.66,0,36,21,59,116,2,43,7,65,117,233
NET,Cloudflare,223.03,34,84,43,0,161,30,6,14,20,70,231
META,Meta Platforms,751.8,32,84,21,30,167,35,-7,12,24,64,231
LRCX,Lam Research,107.34,24,6,13,153,196,30,-3,14,-6,35,231
LDOS,Leidos,180.4,7,96,6,24,133,7,53,17,20,97,230
CMI,Cummins,405.31,7,56,9,66,138,4,47,10,31,92,230
BYD,Boyd Gaming,85.23,-9,84,52,60,187,-11,12,14,28,43,230
UTHR,United Therapeutics,396.24,49,20,2,58,129,18,20,2,60,100,229
BKR,Baker Hughes,46.93,97,38,8,36,179,7,7,8,27,49,228
ETN,Eaton Corporation,362.26,7,0,12,115,134,7,1,12,73,93,227
GE,GE Aerospace,283.42,7,95,23,28,153,3,6,34,30,73,226
VIK,Viking Holdings,62.94,0,84,0,0,84,28,99,14,0,141,225
SNDK,SanDisk,73.86,92,17,0,0,109,91,19,6,0,116,225
CNP,Centerpoint Energy,37.79,9,38,53,46,146,24,-8,47,16,79,225
LFUS,Littelfuse,263.95,10,84,7,3,104,28,89,12,-9,120,224
SOFI,SoFi,25.52,23,76,50,0,149,30,20,12,12,74,223
TOL,Toll Brothers,143.14,0,68,4,62,134,-9,61,8,27,87,221
RITM,Rithm Capital,12.51,1,84,21,33,139,-11,51,14,27,81,220
OHI,Omega Healthcare Investors,42.83,56,43,10,41,150,-6,35,9,32,70,220
ROIV,Roivant Sciences,13.78,72,21,5,0,98,69,37,14,1,121,219
ICE,Intercontinental Exchange,172.13,-78,-8,116,162,192,-7,-14,26,22,27,219
VMC,Vulcan Materials,294.41,31,36,10,61,138,-5,44,14,28,81,219
PHM,PulteGroup,135.41,-2,57,5,66,126,-10,61,10,30,91,217
ALLE,Allegion,170.5,1,96,13,22,132,-6,52,14,23,83,215
ZM,Zoom Communications,83.77,124,10,4,-1,137,57,12,4,5,78,215
U,Unity Technologies,43.1,30,73,10,0,113,40,47,14,1,102,215
SYK,Stryker Corporation,382.97,-7,-1,21,160,173,-7,7,12,30,42,215
STT,State Street Corporation,110.62,-11,86,21,17,113,-18,91,13,15,101,214
IVZ,Invesco,22.17,23,60,11,3,97,35,56,11,14,116,213
CXT,Crane NXT,60.83,-3,74,2,56,129,2,15,10,57,84,213
WMB,Williams Companies,58.74,7,-26,116,53,150,9,-18,14,58,63,213
MO,Altria,66.24,-26,37,74,46,131,5,30,30,17,82,213
PWR,Quanta Services,390.2,7,0,21,100,128,18,-20,14,73,85,213
TPR,"Tapestry, Inc.",105.28,5,84,84,22,195,-17,1,12,20,16,211
LNG,Cheniere Energy,236.83,-29,14,64,59,108,7,25,14,57,103,211
NVDA,Nvidia,177.33,7,2,18,135,162,18,-10,14,27,49,211
DOCS,Doximity,69.01,29,54,58,0,141,34,19,4,13,70,211
STWD,Starwood Property Trust,20.71,36,6,22,59,123,35,14,14,22,85,208
NFG,National Fuel Gas,87.13,3,1,64,53,121,5,-4,75,11,87,208
FWONA,Liberty Formula 1 (Series A),89.66,-2,-1,73,63,133,-6,11,13,57,75,208
GWRE,Guidewire Software,253.04,32,4,114,22,172,-3,4,14,21,36,208
HLT,Hilton Worldwide,272.93,-9,84,20,65,160,-6,14,12,27,47,207
WEC,WEC Energy Group,109.39,12,40,59,14,125,9,-12,72,12,81,206
VLO,Valero Energy,158.4,127,13,4,45,189,-2,12,13,-6,17,206
BRK-B,Berkshire Hathaway,490.03,-12,10,128,63,189,-19,18,-9,27,17,206
SCI,Service Corporation International,78.14,-5,0,0,176,171,12,-3,12,14,35,206
IONS,Ionis Pharmaceuticals,63.97,49,87,5,1,142,49,12,14,-11,64,206
SO,Southern Company,91.56,-80,0,80,191,191,-84,-9,27,80,14,205
BPOP,"Popular, Inc.",124.95,-2,91,21,60,170,-19,19,14,20,34,204
ALAB,Astera Labs,230.27,34,82,1,0,117,33,44,9,0,86,203
CACI,CACI,485.81,9,2,6,155,172,20,-5,18,-2,31,203
AIZ,Assurant,209.39,-29,25,5,153,154,1,21,6,20,48,202
MCK,McKesson Corporation,705.91,16,-13,46,59,108,15,12,-1,68,94,202
THG,Hanover Insurance,178.15,0,23,65,25,113,2,15,57,15,89,202
CSL,Carlisle Companies,377.6,-3,-2,-1,179,173,-12,6,14,21,29,202
TT,Trane Technologies,417.15,1,-10,20,165,176,4,-23,14,30,25,201
FWONK,Liberty Formula 1 (Series C),98.81,-7,-1,74,58,124,-5,11,14,57,77,201
CINF,Cincinnati Financial,152.31,-7,27,89,63,172,-19,18,14,16,29,201
BKNG,Booking Holdings,5474.82,-7,-1,140,36,168,-7,-1,14,27,33,201
ARES,Ares Management,178.93,7,0,21,60,88,2,-11,14,107,112,200
DRS,Leonardo DRS,41.12,-33,-16,143,59,153,-1,3,14,30,46,199
CRH,CRH plc,111.25,0,38,11,65,114,2,47,8,28,85,199
OLLI,Ollie's Bargain Outlet,129.76,-3,0,119,17,133,-12,-13,67,24,66,199
AYI,Acuity Brands,330.2,-6,60,8,28,90,-13,89,10,21,107,197
USFD,US Foods,77.81,1,-8,147,36,176,4,-24,14,27,21,197
AON,AON,362.37,-14,-1,0,178,163,-23,-1,1,57,34,197
INTU,Intuit,655.81,-7,-15,21,192,191,-9,-21,14,21,5,196
TDG,TransDigm Group,1288.74,-6,-20,1,158,133,12,-21,14,58,63,196
GGG,Graco Inc.,84.81,-3,-2,4,179,178,-13,18,14,-1,18,196
ULTA,Ulta Beauty,515.47,0,94,16,5,115,-23,97,16,-10,80,195
OMF,OneMain Financial,60.71,-12,84,21,61,154,-19,19,14,27,41,195
OZK,Bank OZK,52.26,-13,84,21,57,149,2,12,12,20,46,195
DTM,DT Midstream,107.04,26,2,107,0,135,18,1,14,26,59,194
FHN,First Horizon Corporation,22.68,5,84,56,5,150,7,13,12,11,43,193
IBKR,Interactive Brokers,62.53,-28,2,98,58,130,4,-11,12,58,63,193
JLL,Jones Lang LaSalle,307.1,31,58,8,15,112,-6,63,8,15,80,192
RBLX,Roblox Corporation,132.84,84,2,57,0,143,14,3,20,12,49,192
DKS,Dick's Sporting Goods,227.04,23,50,1,64,138,-5,21,4,34,54,192
NVR,"NVR, Inc.",8333.09,0,53,0,66,119,-13,49,7,30,73,192
VTR,"Ventas, Inc.",69.26,13,40,76,23,152,19,-4,8,16,39,191
MLM,Martin Marietta Materials,616.22,1,39,10,61,111,-7,44,14,28,79,190
MTG,MGIC Investment Corporation,28.37,38,21,23,56,138,-12,21,14,29,52,190
CVX,Chevron Corporation,157.78,0,46,11,49,106,5,67,5,7,84,190
XEL,Xcel Energy,72.29,-1,40,55,13,107,1,9,63,10,83,190
PAG,Penske Automotive Group,184.34,-4,26,19,63,104,-8,20,14,58,84,188
MSFT,Microsoft,500.21,-28,-3,20,174,163,2,-17,14,26,25,188
DHI,D. R. Horton,176.12,0,57,5,66,128,-6,61,8,-3,60,188
BWXT,BWX Technologies,166.02,7,82,17,36,142,7,-8,14,32,45,187
EXPE,Expedia Group,215.41,1,57,53,12,123,16,23,10,15,64,187
EXEL,Exelixis,37.67,17,-31,68,15,69,35,-1,59,25,118,187
TDY,Teledyne Technologies,545.22,13,83,56,15,167,4,-15,14,16,19,186
DCI,Donaldson Company,80.19,0,36,6,66,108,-10,43,14,31,78,186
AN,AutoNation,223.25,0,21,21,62,104,-8,17,14,58,81,185
FLS,Flowserve,56.23,30,55,2,28,115,31,4,7,26,68,183
CPRT,Copart,48.53,2,0,-17,177,162,1,18,-27,29,21,183
HCA,HCA Healthcare,394.47,-6,23,7,98,122,-13,23,20,30,60,182
JHG,Janus Henderson,44.59,1,69,10,20,100,-1,53,11,19,82,182
LMT,Lockheed Martin,463.75,33,10,-33,166,176,5,12,-8,-3,6,182
PODD,Insulet,337.62,-4,21,49,5,71,70,16,18,7,111,182
WSM,"Williams-Sonoma, Inc.",201.35,34,50,12,66,162,-7,-2,6,22,19,181
HIW,Highwoods Properties,31.82,91,10,4,7,112,28,13,14,14,69,181
MAS,Masco,73.18,-2,50,-1,66,113,-9,50,5,22,68,181
JBL,Jabil,215.78,28,0,23,66,117,7,-18,15,58,62,179
ZG,Zillow (Class A),82.49,28,57,58,0,143,-5,13,7,21,36,179
OSK,Oshkosh Corporation,136.58,-14,83,15,5,89,-14,88,12,3,89,178
KMI,Kinder Morgan,27.36,7,-25,96,45,123,8,-18,12,53,55,178
CME,CME Group,259.81,-34,-18,58,137,143,-26,-13,54,20,35,178
VNT,Vontier,42.91,0,84,9,0,93,-12,91,12,-6,85,178
PG,Procter & Gamble,157.35,-7,0,-10,180,163,-11,16,-18,27,14,177
AIT,Applied Industrial Technologies,263.29,-6,53,11,59,117,2,-10,10,58,60,177
RS,"Reliance, Inc.",292.36,-3,-28,0,116,85,-6,5,14,78,91,176
EXPD,Expeditors International,121.36,3,29,5,132,169,-19,20,10,-4,7,176
CELH,Celsius Holdings,56.22,-30,123,0,66,159,-28,32,22,-10,16,175
DE,Deere & Company,471.32,-2,-14,53,110,147,-5,-27,49,11,28,175
MEDP,Medpace,476.8,1,58,8,33,100,-5,68,8,3,74,174
RKT,Rocket Companies,20.88,35,40,8,0,83,38,37,13,2,90,173
ELF,e.l.f. Beauty,134.48,70,10,0,32,112,40,15,12,-6,61,173
HST,Host Hotels & Resorts,17.6,132,16,2,3,153,2,13,12,-7,20,173
COKE,Coca-Cola Consolidated,121.41,35,13,0,86,134,-4,8,-19,53,38,172
SYY,Sysco,80.19,-7,71,11,4,79,-19,84,11,15,91,170
UNM,Unum,73.72,44,-30,2,41,57,40,4,14,55,113,170
BLK,BlackRock,1102.84,-6,83,21,23,121,14,-4,14,22,46,167
NTRS,Northern Trust,127.02,-12,84,20,12,104,9,26,14,14,63,167
LPLA,LPL Financial,341.88,-28,-9,49,100,112,2,-20,14,58,54,166
SPR,Spirit AeroSystems,40.59,-14,98,22,0,106,-5,16,34,15,60,166
ESI,Element Solutions,25.81,28,56,-1,58,141,-4,20,11,-2,25,166
ELAN,Elanco,18.33,23,87,6,0,116,24,19,13,-7,49,165
BRX,Brixmor Property Group,27.8,-4,66,4,56,122,-17,19,14,27,43,165
PRI,Primerica,269.8,-2,6,0,109,113,-5,13,12,31,51,164
CMA,Comerica,69.24,-25,58,11,5,49,2,89,11,13,115,164
WSO,Watsco,390.02,-5,-28,-7,197,157,-8,-26,-32,72,6,163
AXP,American Express,323.4,0,13,21,100,134,-19,13,12,22,28,162
PEG,Public Service Enterprise Group,81.73,0,-6,0,153,147,3,-14,8,18,15,162
FNB,FNB Corporation,16.39,-12,84,5,56,133,-19,14,13,20,28,161
WFC,Wells Fargo,80.29,-12,0,96,30,114,5,8,14,20,47,161
BLD,TopBuild,417.1,-5,58,6,47,106,-13,61,10,-4,54,160
ADT,ADT Inc.,8.6,-17,104,35,0,122,-19,19,29,9,38,160
SPG,Simon Property Group,179.2,-6,53,5,36,88,-14,52,12,22,72,160
AEE,Ameren,99.28,-9,40,60,14,105,-16,-6,65,11,54,159
KEY,Keycorp,19.23,7,84,12,5,108,12,13,12,14,51,159
GL,Globe Life,138.91,-2,36,49,15,98,9,35,8,9,61,159
MMC,Marsh McLennan,198.74,-79,-65,-7,176,25,-27,-3,-15,179,134,159
HII,Huntington Ingalls Industries,271.78,1,123,12,7,143,3,3,20,-10,16,159
PCAR,Paccar,98.67,0,5,-26,160,139,-12,-4,1,35,20,159
MDT,Medtronic,92.35,-7,51,15,2,61,12,65,7,14,98,159
SNPS,Synopsys,387.88,-7,-1,-1,181,172,-7,-13,12,-6,-14,158
W,Wayfair,87.34,49,84,8,-42,99,-5,90,14,-41,58,157
KR,Kroger,67.06,-14,-10,83,68,127,-28,-13,54,16,29,156
SKX,Skechers,63.2,73,10,-28,56,111,-2,9,11,27,45,156
AMAT,Applied Materials,163.38,23,-18,-5,150,150,28,-29,12,-6,5,155
IDA,Idacorp,125.16,0,53,60,19,132,-16,-3,30,11,22,154
LVS,Las Vegas Sands,54.49,-34,84,10,3,63,5,90,11,-15,91,154
GAP,Gap Inc.,24.07,104,2,1,19,126,-1,16,-7,20,28,154
JCI,Johnson Controls,107.79,7,1,79,20,107,7,6,14,19,46,153
UNP,Union Pacific Corporation,215.22,-28,-12,-10,199,149,-20,-4,8,20,4,153
NXST,Nexstar Media Group,197.19,-8,83,13,5,93,-12,50,11,11,60,153
SYF,Synchrony Financial,74.76,-6,84,21,22,121,-19,19,12,19,31,152
LH,Labcorp,272.94,-3,34,59,16,106,-6,21,12,19,46,152
INFA,Informatica,24.79,-35,75,0,0,40,10,97,12,-8,111,151
PPL,PPL Corporation,35.81,-80,42,80,24,66,-19,-3,92,15,85,151
THO,Thor Industries,106.95,-7,68,5,3,69,-11,90,10,-7,82,151
GTES,Gates Corporation,25.29,-3,84,21,16,118,-14,13,14,19,32,150
KO,Coca-Cola Company (The),67.82,-34,-13,32,183,168,-25,-6,-2,15,-18,150
CTAS,Cintas,201.35,-129,-18,23,168,44,-86,-13,17,188,106,150
AFL,Aflac,107.23,0,20,5,59,84,2,19,-12,56,65,149
NOW,ServiceNow,923.52,24,-24,0,83,83,26,3,12,23,64,147
RF,Regions Financial Corporation,27.04,0,83,11,23,117,-19,20,12,15,28,145
O,Realty Income,59.46,15,28,14,8,65,33,18,14,14,79,144
MMM,3M,153.56,-3,5,78,15,95,2,18,14,15,49,144
SCCO,Southern Copper,102.1,48,6,2,63,119,-5,19,14,-3,25,144
VICI,Vici Properties,33.13,-21,15,62,16,72,-20,7,27,58,72,144
MRP,Millrose Properties,34.88,0,73,0,0,73,11,51,7,0,69,142
EQH,Equitable Holdings,52.73,-2,5,96,12,111,-19,16,14,20,31,142
LEN,Lennar (Class A),136.57,-2,40,-1,65,102,-10,49,5,-4,40,142
SEIC,SEI Investments Company,86.89,-28,-4,96,36,100,2,-1,14,27,42,142
TSLA,"Tesla, Inc.",347.79,28,23,2,11,64,30,29,8,11,78,142
BWA,BorgWarner,43.17,-1,86,12,3,100,-6,50,14,-17,41,141
LEN-B,Lennar (Class B),130.68,-2,36,0,63,97,-9,50,5,-2,44,141
IDXX,Idexx Laboratories,637.95,-4,91,18,5,110,28,-2,14,-9,31,141
KKR,KKR & Co. Inc.,139.29,7,0,1,104,112,16,-20,10,22,28,140
FITB,Fifth Third Bancorp,45.51,0,60,4,23,87,7,17,11,17,52,139
Z,Zillow (Class C),85.71,28,57,15,0,100,-5,13,8,21,37,137
GM,General Motors,57.35,-14,66,11,12,75,-21,58,11,14,62,137
RDDT,Reddit,259.06,35,59,1,0,95,7,28,6,0,41,136
XOM,ExxonMobil,112.53,0,3,1,45,49,11,12,13,51,87,136
CFG,Citizens Financial Group,51.83,0,72,12,5,89,2,19,11,15,47,136
LPX,Louisiana-Pacific,95.38,-2,31,-1,64,92,-10,21,4,27,42,134
HHH,Howard Hughes Holdings,78.8,91,24,2,0,117,-4,19,3,-1,17,134
CORT,Corcept Therapeutics,71.55,12,0,68,20,100,12,-2,-15,39,34,134
OGE,OGE Energy,43.94,-63,-4,72,46,51,2,-7,72,15,82,133
D,Dominion Energy,59.43,1,82,18,2,103,8,-3,14,11,30,133
MU,Micron Technology,140.03,35,10,2,23,70,35,19,14,-6,62,132
AMZN,Amazon,230.36,0,6,21,22,49,35,16,11,21,83,132
CHRW,C.H. Robinson,127.63,0,52,7,5,64,3,45,10,9,67,131
CCL,Carnival Corporation & plc,31.35,-6,83,21,2,100,-14,13,12,20,31,131
AMKR,Amkor Technology,24.77,24,69,0,3,96,28,5,8,-6,35,131
WBS,Webster Bank,61.64,-4,84,12,15,107,-19,13,12,18,24,131
FAF,First American Financial Corporation,66.18,31,33,6,15,85,-5,30,1,19,45,130
VST,Vistra Corp.,209.33,14,1,23,31,69,18,-15,12,46,61,130
LAMR,Lamar Advertising,126.6,-2,13,5,65,81,2,13,12,22,49,130
EWBC,East West Bancorp,107.94,36,13,13,23,85,-1,13,13,20,45,130
ADSK,Autodesk,323.81,63,8,3,15,89,-3,8,14,20,39,128
INCY,Incyte,86.23,3,70,7,1,81,-5,34,10,8,47,128
ADM,Archer Daniels Midland,61.13,-6,85,6,0,85,-11,61,14,-21,43,128
EPR,EPR Properties,55.11,11,-22,61,30,80,8,3,14,22,47,127
MSM,MSC Industrial Direct,91.61,34,13,11,59,117,-9,15,14,-10,10,127
DBX,Dropbox,30.7,42,10,3,10,65,34,15,4,9,62,127
NU,Nubank,15.52,23,15,5,0,43,40,10,14,20,84,127
GWW,W. W. Grainger,994.07,-28,0,-7,95,60,1,12,-5,58,66,126
SEB,Seaboard Corporation,3896.0,0,58,9,2,69,-26,70,12,1,57,126
FSLR,First Solar,203.79,1,49,0,63,113,2,4,14,-7,13,126
GLPI,Gaming and Leisure Properties,48.04,0,13,4,66,83,-17,13,-12,58,42,125
NTNX,Nutanix,77.17,37,1,2,23,63,51,-28,14,25,62,125
PEGA,Pegasystems,56.44,34,4,23,6,67,26,3,12,16,57,124
DAL,Delta Air Lines,61.4,-13,56,5,20,68,2,21,6,27,56,124
ADP,Automatic Data Processing,291.22,-78,-7,0,181,96,-25,-20,14,58,27,123
CB,Chubb Limited,277.46,0,0,6,59,65,-7,16,-8,57,58,123
MSA,MSA Safety,169.35,-14,0,0,165,151,-19,-17,14,-6,-28,123
MDB,MongoDB Inc.,335.0,70,18,2,0,90,26,10,6,-10,32,122
VVV,Valvoline,39.36,10,25,0,32,67,30,19,11,-5,55,122
CLH,Clean Harbors,234.34,-28,36,5,59,72,-19,-3,14,58,50,122
EMR,Emerson Electric,133.67,11,0,20,65,96,7,-22,14,27,26,122
LAZ,Lazard,55.64,-6,67,6,21,88,-11,19,11,14,33,121
CPNG,Coupang,32.12,26,3,21,0,50,35,3,14,18,70,120
TNL,Travel + Leisure Co.,61.5,-12,74,13,17,92,-19,19,11,15,26,118
FOXA,Fox Corporation (Class A),57.16,-14,20,72,2,80,-6,16,12,15,37,117
ZION,Zions Bancorporation,57.99,1,66,4,5,76,2,12,11,16,41,117
AMD,Advanced Micro Devices,159.54,0,0,2,111,113,7,-10,14,-8,3,116
REXR,Rexford Industrial,42.72,34,69,0,-19,84,35,20,10,-33,32,116
AFG,American Financial Group,137.26,0,25,5,57,87,-19,25,8,15,29,116
AFRM,Affirm Holdings,84.9,-6,66,16,0,76,-18,27,12,18,39,115
NTRA,Natera,169.73,19,15,5,19,58,14,19,4,20,57,115
LNC,Lincoln Financial,41.53,-13,53,22,2,64,-23,53,12,9,51,115
UAL,United Airlines Holdings,107.52,7,57,5,12,81,-12,21,8,17,34,115
TER,Teradyne,117.82,-13,55,0,3,45,-17,85,7,-6,69,114
TPG,TPG Inc.,59.95,1,67,6,0,74,13,-2,8,20,39,113
UBER,Uber,94.21,9,3,22,0,34,16,16,20,27,79,113
MTCH,Match Group,37.89,34,68,8,-38,72,-5,76,9,-39,41,113
H,Hyatt Hotels,142.07,-6,0,-7,56,43,-5,9,10,56,70,113
FNF,Fidelity National Financial,59.46,-7,21,6,59,79,-7,33,-15,22,33,112
EXP,Eagle Materials,230.84,-2,35,-19,58,72,-10,47,4,-1,40,112
UWMC,United Wholesale Mortgage,6.81,36,24,0,0,60,35,20,2,-5,52,112
AMP,Ameriprise Financial,491.86,-28,-8,0,65,29,2,-4,12,72,82,111
HAYW,Hayward Holdings,15.69,-13,55,6,0,48,-13,47,12,17,63,111
WYNN,Wynn Resorts,122.91,-3,86,12,4,99,-7,14,14,-9,12,111
SLM,Sallie Mae,28.79,-21,-18,94,23,78,-19,-18,48,22,33,111
STAG,STAG Industrial,35.8,-10,13,4,97,104,-19,16,14,-5,6,110
FOX,Fox Corporation (Class B),51.79,-14,20,71,2,79,-6,16,11,10,31,110
ROST,Ross Stores,149.23,-7,27,4,36,60,-19,36,3,30,50,110
SNA,Snap-on,324.39,-6,5,0,60,59,-13,-1,7,58,51,110
BAC,Bank of America,50.15,1,17,21,19,58,8,14,14,15,51,109
FTNT,Fortinet,79.49,25,-28,-6,114,105,26,-30,-6,14,4,109
VEEV,Veeva Systems,274.78,0,0,49,9,58,26,-9,14,19,50,108
WTFC,Wintrust Financial,137.01,-2,21,13,50,82,-19,13,12,20,26,108
DOV,Dover Corporation,175.64,-3,-9,-7,107,88,-14,4,10,20,20,108
DINO,HF Sinclair,51.16,0,86,4,2,92,-5,16,14,-9,16,108
ATI,ATI Inc.,76.36,0,-15,20,44,49,-11,3,14,53,59,108
XPO,"XPO, Inc.",130.17,0,3,0,62,65,-8,12,11,28,43,108
SUI,Sun Communities,128.55,35,8,7,-25,25,35,21,14,12,82,107
JNJ,Johnson & Johnson,175.74,-13,50,12,8,57,-14,48,9,7,50,107
MRVL,Marvell Technology,67.08,0,-8,-25,107,74,26,-16,4,19,33,107
KEYS,Keysight,170.22,34,6,2,1,43,39,6,12,6,63,106
PKG,Packaging Corporation of America,213.04,-6,14,0,62,70,-12,14,7,27,36,106
HAS,Hasbro,77.66,-28,84,18,4,78,-19,20,14,12,27,105
LYFT,Lyft,18.96,44,18,5,-2,65,16,13,14,-3,40,105
CNM,Core & Main,48.54,-14,-2,-1,0,-17,-14,97,14,25,122,105
SSB,SouthState Corporation,101.39,-2,55,4,23,80,-17,13,8,20,24,104
PNC,PNC Financial Services,201.89,-13,74,6,15,82,-19,15,11,15,22,104
CSCO,Cisco,68.14,1,1,52,15,69,7,-13,14,26,34,103
APO,Apollo Global Management,133.64,1,-16,-5,98,78,15,-28,10,27,24,102
PFG,Principal Financial Group,80.1,-7,13,0,56,62,2,8,11,19,40,102
RKLB,Rocket Lab,46.2,0,4,53,0,57,16,6,14,9,45,102
NVST,Envista,20.78,1,69,8,0,78,26,20,10,-33,23,101
COHR,Coherent Corp.,103.49,35,1,2,16,54,31,-11,11,16,47,101
MTSI,MACOM Technology Solutions,131.71,23,0,3,59,85,2,-28,12,30,16,101
MP,MP Materials,62.4,-49,67,36,0,54,2,-9,49,5,47,101
USB,U.S. Bancorp,49.19,16,17,4,5,42,14,18,11,16,59,101
NBIX,Neurocrine Biosciences,141.22,33,21,4,26,84,-2,13,11,-5,17,101
FE,FirstEnergy,43.25,-9,37,10,56,94,-21,-2,14,15,6,100
TSCO,Tractor Supply Company,58.45,-43,0,11,86,54,-47,-1,8,86,46,100
TRU,TransUnion,89.71,28,-1,0,4,31,37,3,12,15,67,98
KIM,Kimco Realty,22.29,-6,21,3,56,74,-16,13,12,15,24,98
VIRT,Virtu Financial,38.6,-34,-8,80,15,53,-25,-20,75,15,45,98
MKL,Markel,1920.74,-52,-4,72,56,72,7,-20,12,27,26,98
MUSA,Murphy USA,376.03,3,-1,-17,69,54,-3,-1,-33,80,43,97
KRMN,Karman Holdings,62.17,28,21,0,0,49,30,12,6,0,48,97
BOKF,BOK Financial Corporation,110.31,-6,53,4,23,74,-19,19,8,15,23,97
VRSK,Verisk Analytics,262.75,-7,-32,0,115,76,-5,2,-6,29,20,96
MET,Metlife,79.22,-26,15,0,59,48,2,15,12,19,48,96
F,Ford Motor Company,11.42,-14,98,6,-1,89,-19,18,14,-6,7,96
APG,APi Group,35.13,0,1,22,0,23,16,16,14,27,73,96
REG,Regency Centers,72.09,-6,16,9,54,73,-17,5,14,20,22,95
BA,Boeing,227.5,-28,97,12,0,81,-5,17,14,-12,14,95
VNO,Vornado Realty Trust,40.44,59,6,2,5,72,-11,6,12,16,23,95
MSCI,MSCI,563.19,1,3,0,15,19,24,20,11,21,76,95
WTW,Willis Towers Watson,330.27,0,29,12,25,66,-5,-1,4,30,28,94
ROP,Roper Technologies,513.43,-13,-28,-6,183,136,-19,-45,-5,27,-42,94
HBAN,Huntington Bancshares,17.66,0,13,13,22,48,2,13,14,17,46,94
TRMB,Trimble Inc.,80.16,0,0,83,5,88,-3,-16,12,13,6,94
IRM,Iron Mountain,97.43,15,-25,-7,58,41,28,-46,14,57,53,94
NWSA,News Corp (Class A),28.76,-4,-1,13,59,67,-6,-4,14,22,26,93
NNN,NNN Reit,42.68,29,6,4,23,62,-6,7,14,15,30,92
BURL,Burlington Stores,279.65,-16,47,5,4,40,-19,46,7,18,52,92
EOG,EOG Resources,119.92,-27,1,-2,46,18,2,13,7,52,74,92
BLDR,Builders FirstSource,140.21,-2,50,-32,66,82,-11,20,4,-4,9,91
MHK,Mohawk Industries,135.32,-2,46,2,0,46,-9,50,6,-2,45,91
MTZ,MasTec,190.04,7,1,23,19,50,7,6,14,14,41,91
VLTO,Veralto,106.01,1,84,6,0,91,-10,-4,13,0,-1,90
ECG,Everus Construction Group,77.55,1,82,0,0,83,7,-11,11,0,7,90
MAR,Marriott International,262.36,-9,-2,0,59,48,-9,12,11,28,42,90
CART,Maplebear Inc.,46.96,28,0,2,0,30,63,-14,11,0,60,90
MDU,MDU Resources,16.42,6,-12,0,59,53,7,-16,14,31,36,89
PPC,Pilgrim's Pride,43.29,-14,-4,90,22,94,-5,-11,-8,19,-5,89
GNTX,Gentex,28.03,1,49,0,0,50,-7,47,8,-9,39,89
EQR,Equity Residential,65.86,32,0,-1,14,45,29,7,-7,14,43,88
FRHC,Freedom Holding,165.62,-20,0,58,15,53,2,-14,14,31,33,86
AVT,Avnet,53.93,1,1,5,46,53,5,16,14,-3,32,85
STLD,Steel Dynamics,132.68,7,1,4,56,68,-8,12,14,-1,17,85
GNRC,Generac,185.0,3,68,7,-35,43,24,-4,11,11,42,85
WAB,Wabtec,189.55,-6,-20,0,50,24,-19,8,14,57,60,84
SCHW,Charles Schwab Corporation,92.22,-28,-1,81,12,64,2,-11,14,15,20,84
NOC,Northrop Grumman,579.48,-65,51,14,59,59,-6,-3,21,13,25,84
GXO,GXO Logistics,50.34,-14,84,5,0,75,-12,16,13,-9,8,83
GPC,Genuine Parts Company,139.49,0,37,5,0,42,1,44,14,-18,41,83
CGNX,Cognex Corporation,44.4,30,66,5,-32,69,-9,52,10,-41,12,81
TFC,Truist Financial,45.11,-13,58,5,5,55,-19,19,11,15,26,81
M,"Macy's, Inc.",17.04,43,50,2,-16,79,-7,13,3,-7,2,81
AOS,A. O. Smith,72.49,10,6,-1,59,74,-9,8,14,-6,7,81
XYL,Xylem Inc.,137.75,-54,84,12,23,65,-19,-3,14,23,15,80
RVMD,Revolution Medicines,40.46,73,4,-18,0,59,-2,10,14,-1,21,80
EQT,EQT Corporation,51.16,-28,-28,45,43,32,-12,3,45,11,47,79
AEP,American Electric Power,108.34,-64,0,77,24,37,5,-5,27,15,42,79
DD,DuPont,76.09,-2,55,-7,20,66,-7,13,11,-4,13,79
MPC,Marathon Petroleum,181.62,5,10,3,50,68,-4,10,14,-9,11,79
LOAR,Loar Holdings,79.34,37,0,0,0,37,37,11,-7,0,41,78
TEM,Tempus AI,78.14,32,21,0,0,53,-1,19,7,0,25,78
MTB,M&T Bank,198.12,-6,13,5,23,35,2,13,12,15,42,77
ALSN,Allison Transmission,88.59,30,-2,-9,36,55,-5,17,-25,35,22,77
FIVE,Five Below,146.0,-14,86,4,0,76,-15,17,15,-16,1,77
KNSL,Kinsale Capital Group,425.38,-19,-13,-1,34,1,-20,-1,11,86,76,77
VRTX,Vertex Pharmaceuticals,388.42,-7,-26,-6,105,66,-19,1,-10,38,10,76
MKSI,MKS Instruments,110.59,23,5,0,0,28,28,16,10,-6,48,76
SNOW,Snowflake Inc.,225.84,2,9,19,0,30,21,9,14,2,46,76
VNOM,Viper Energy,39.27,1,1,-13,45,34,7,19,-32,48,42,76
PLNT,Planet Fitness,101.46,-14,-7,67,14,60,-9,-4,14,15,16,76
EA,Electronic Arts,170.3,1,30,8,8,47,-12,-1,20,22,29,76
PRU,Prudential Financial,105.67,-28,16,-17,56,27,1,19,8,20,48,75
INGM,Ingram Micro,20.68,28,1,0,0,29,31,4,11,0,46,75
NYT,New York Times Company,57.57,-14,25,6,17,34,-16,20,14,22,40,74
ROKU,"Roku, Inc.",94.95,-7,65,14,-20,52,-5,13,9,5,22,74
OLN,Olin Corporation,25.52,91,13,-64,-10,30,53,13,2,-24,44,74
NCLH,Norwegian Cruise Line Holdings,25.45,1,55,4,0,60,-19,4,7,21,13,73
FCX,Freeport-McMoRan,44.9,0,7,2,59,68,-14,12,14,-7,5,73
MSGS,Madison Square Garden Sports,205.25,21,2,-8,22,37,21,9,7,-1,36,73
TROW,T. Rowe Price,106.62,-9,69,2,-26,36,-26,53,10,-1,36,72
GEN,Gen Digital,29.24,-5,0,19,17,31,-5,15,14,17,41,72
SITE,SiteOne Landscape Supply,143.19,-6,51,0,-10,35,-11,50,7,-9,37,72
ABT,Abbott Laboratories,129.37,-8,13,60,14,79,-13,-1,-8,15,-7,72
FHB,"First Hawaiian, Inc.",25.56,-2,13,4,15,30,2,13,11,15,41,71
SHC,Sotera Health,15.76,0,23,5,0,28,21,23,6,-7,43,71
EXAS,Exact Sciences,54.79,55,4,0,-26,33,49,12,-6,-17,38,71
APTV,Aptiv,81.61,35,21,5,-25,36,40,17,14,-37,34,70
PEN,"Penumbra, Inc.",272.11,-2,9,36,12,55,-1,22,-10,4,15,70
PSX,Phillips 66,131.42,0,13,0,42,55,-5,13,13,-6,15,70
NWS,News Corp (Class B),31.56,-12,-2,0,59,45,-6,-6,14,22,24,69
POST,Post Holdings,104.72,-35,-3,-2,88,48,-40,15,-12,58,21,69
FCNCA,First Citizens BancShares,1945.84,-28,-4,-2,60,26,2,8,11,22,43,69
LAD,Lithia Motors,337.22,0,11,0,15,26,2,13,5,22,42,68
CLF,Cleveland-Cliffs,11.36,28,49,0,-17,60,1,9,7,-9,8,68
KD,Kyndryl,32.37,34,-26,0,0,8,39,1,-1,21,60,68
CUZ,Cousins Properties,29.21,0,9,3,12,24,2,13,14,14,43,67
CNA,CNA Financial,47.35,-30,25,6,58,59,-27,26,-13,21,7,66
EFX,Equifax,245.5,1,-1,-8,17,9,28,-4,14,19,57,66
DKNG,DraftKings,45.66,-28,60,13,0,45,-19,13,6,21,21,66
LSCC,Lattice Semiconductor,66.17,8,26,5,0,39,18,19,6,-16,27,66
EXLS,EXL Service,42.69,-7,-3,0,66,56,-11,4,3,14,10,66
VOYA,Voya Financial,75.69,0,25,5,5,35,1,19,12,-2,30,65
CI,Cigna,302.45,4,3,-1,59,65,-9,18,-7,-2,0,65
TXT,Textron,81.0,1,0,0,54,55,-6,8,14,-6,10,65
ADC,Agree Realty,71.97,-5,-2,67,17,77,-6,-11,-9,14,-12,65
OC,Owens Corning,153.07,0,26,-28,59,57,-13,19,3,-1,8,65
EXR,Extra Space Storage,145.1,42,3,-7,0,38,-5,4,14,14,27,65
RPRX,Royalty Pharma,36.18,-1,0,36,0,35,11,-13,30,1,29,64
ALK,Alaska Air Group,62.69,0,50,2,3,55,-24,21,2,10,9,64
QRVO,Qorvo,89.17,-7,84,0,-32,45,-7,19,12,-6,18,63
UGI,UGI Corporation,34.37,0,-11,46,5,40,-12,-24,53,6,23,63
VRT,Vertiv,136.71,7,1,13,9,30,7,-15,11,27,30,60
LNW,Light & Wonder,88.54,0,-7,-7,58,44,-5,14,-19,26,16,60
ZS,Zscaler,278.79,20,-7,21,6,40,23,-37,14,19,19,59
RGA,Reinsurance Group of America,191.64,-21,2,-7,41,15,-24,19,-5,54,44,59
FLUT,Flutter Entertainment,291.2,-39,0,23,22,6,2,10,12,28,52,58
WAL,Western Alliance Bancorporation,88.67,-3,21,4,5,27,-19,19,11,19,30,57
DDOG,Datadog,139.14,18,0,3,0,21,25,1,11,-1,36,57
GEHC,GE HealthCare,75.98,28,4,-24,0,8,32,5,3,9,49,57
TOST,"Toast, Inc.",39.9,-42,-7,81,0,32,9,-17,14,18,24,56
ALLY,Ally Financial,41.11,-2,13,6,5,22,-9,14,12,17,34,56
VZ,Verizon,43.5,-9,24,34,11,60,-19,-4,4,15,-4,56
CRUS,Cirrus Logic,112.63,-7,21,0,20,34,-5,16,14,-4,21,55
DECK,Deckers Brands,114.13,-13,10,-28,94,63,-23,7,-24,32,-8,55
BEPC,Brookfield Renewable Partners,33.71,0,0,14,0,14,14,2,14,11,41,55
HON,Honeywell,211.51,-49,-19,0,179,111,-62,-31,14,23,-56,55
UHS,Universal Health Services,185.99,35,16,-15,23,59,-14,20,-8,-2,-4,55
BILL,Bill.com,52.96,70,9,-28,0,51,30,9,2,-38,3,54
HLNE,Hamilton Lane,149.32,1,-6,-2,26,19,17,-6,2,22,35,54
CEG,Constellation Energy,319.82,7,0,20,0,27,7,-15,14,20,26,53
PR,Permian Resources,14.23,2,1,0,27,30,3,9,14,-3,23,53
MTD,Mettler Toledo,1252.61,-5,69,-27,0,37,-6,19,8,-6,15,52
APPF,AppFolio,276.71,-2,0,9,29,36,-7,-15,9,29,16,52
NUE,Nucor,141.87,-19,61,0,4,46,-17,20,11,-9,5,51
DNB,Dun & Bradstreet,9.15,29,52,-28,0,53,46,-13,2,-37,-2,51
INGR,Ingredion,125.98,-21,-28,-2,35,-16,-8,4,14,57,67,51
SMCI,Supermicro,43.92,9,-8,-4,59,56,15,-20,9,-10,-6,50
CTVA,Corteva,71.79,-42,-1,57,0,14,-5,15,14,12,36,50
SNV,Synovus,51.36,-2,-10,3,22,13,2,8,12,15,37,50
RYN,Rayonier,26.18,-2,26,-1,0,23,-8,42,2,-10,26,49
ROK,Rockwell Automation,339.12,-3,0,19,16,32,-1,16,14,-12,17,49
HXL,Hexcel,61.9,-14,56,-1,0,41,-12,21,8,-10,7,48
DLR,Digital Realty,173.93,7,0,1,23,31,7,-24,14,20,17,48
TRGP,Targa Resources,163.38,1,-4,0,52,49,7,-40,-24,55,-2,47
XP,XP Inc.,18.66,28,1,3,0,32,-3,7,20,-9,15,47
CCK,Crown Holdings,94.55,0,-16,21,6,11,16,-7,14,13,36,47
RMD,Resmed,270.41,-7,0,21,14,28,-5,-4,13,14,18,46
CTRA,Coterra,24.36,3,0,-9,45,39,3,6,-16,14,7,46
CRWD,CrowdStrike,424.8,0,-24,49,0,25,24,-38,14,21,21,46
RRC,Range Resources,34.84,5,-35,0,43,13,-23,2,-2,56,33,46
ARW,Arrow Electronics,127.01,7,3,5,5,20,4,15,14,-9,24,44
WMS,Advanced Drainage Systems,141.01,-14,26,0,4,16,-6,24,14,-4,28,44
RLI,RLI Corp.,66.25,-9,-68,-14,177,86,-6,-2,-33,-1,-42,44
EIX,Edison International,55.58,3,28,-36,0,-5,5,42,4,-2,49,44
HSY,Hershey Company (The),185.56,0,50,8,0,58,-7,4,8,-20,-15,43
CHWY,Chewy,35.1,-7,-1,45,0,37,-12,17,-5,6,6,43
INTC,Intel,24.77,3,20,0,-21,2,30,19,4,-13,40,42
OVV,Ovintiv,42.88,7,13,0,3,23,9,6,11,-7,19,42
RBRK,Rubrik,80.65,-7,-1,0,0,-8,-5,6,48,0,49,41
EQIX,Equinix,780.44,10,0,-12,35,33,9,-17,-12,27,7,40
FR,First Industrial Realty Trust,51.1,-11,16,0,15,20,-19,12,12,15,20,40
WST,West Pharmaceutical Services,255.22,37,4,-31,-8,2,37,5,5,-9,38,40
FBIN,Fortune Brands Innovations,58.72,-2,36,-30,-6,-2,-8,50,3,-3,42,40
COLB,Columbia Banking System,26.21,-13,33,0,0,20,-19,19,9,11,20,40
CVS,CVS Health,73.98,3,19,14,0,36,6,23,4,-29,4,40
GEV,GE Vernova,643.44,7,3,0,0,10,24,-10,15,0,29,39
DELL,Dell Technologies,124.44,0,0,0,33,33,4,-8,14,-5,5,38
AIG,American International Group,77.99,-55,-4,32,54,27,-22,15,-4,22,11,38
DOX,Amdocs,83.9,-6,-22,0,59,31,-6,-9,14,6,5,36
PAYX,Paychex,133.05,-49,-30,0,168,89,-41,-23,-5,15,-54,35
BEN,Franklin Templeton Investments,24.31,-28,87,12,0,71,-26,-1,14,-23,-36,35
OGN,Organon & Co.,10.27,51,4,-33,0,22,58,6,-46,-5,13,35
WFRD,Weatherford International,63.84,5,55,-48,0,12,11,13,4,-6,22,34
COIN,Coinbase,315.34,14,-12,13,0,15,14,-28,13,19,18,33
MANH,Manhattan Associates,212.31,22,-1,-33,66,54,-3,-24,7,-1,-21,33
ES,Eversource Energy,64.01,7,-4,19,-11,11,11,-6,14,3,22,33
BBY,Best Buy,76.61,36,21,-28,-7,22,-7,18,2,-3,10,32
UNH,UnitedHealth Group,346.99,40,6,-22,-5,19,32,18,-35,-2,13,32
VTRS,Viatris,10.23,-8,24,-1,0,15,-7,19,6,-2,16,31
QXO,"QXO, Inc.",21.48,28,4,0,-15,17,-2,5,17,-7,13,30
SN,SharkNinja,116.01,-21,60,12,0,51,-19,-15,11,2,-21,30
AGO,Assured Guaranty,81.75,-3,-24,-6,57,24,-16,-16,14,23,5,29
LII,Lennox International,558.78,0,-12,-1,39,26,-9,-25,8,28,2,28
DPZ,Domino's,450.31,-7,-26,0,11,-22,-6,5,31,19,49,27
PNW,Pinnacle West Capital,87.62,-84,-9,72,19,-2,-19,-7,26,27,27,25
RH,RH,228.73,-2,39,-28,-8,1,-12,35,2,-1,24,25
AWK,American Water Works,138.53,-21,-3,30,0,6,-13,-3,26,9,19,25
FRT,Federal Realty Investment Trust,100.43,-2,16,-1,2,15,-12,16,5,-2,7,22
DVN,Devon Energy,35.49,0,21,-2,-6,13,2,17,13,-23,9,22
BXP,"BXP, Inc.",73.89,0,10,2,0,12,-14,11,14,-1,10,22
CWEN-A,Clearway Energy (Class A),26.98,-49,-14,62,7,6,7,-28,26,11,16,22
SWK,Stanley Black & Decker,76.97,28,50,-33,-40,5,-3,19,3,-3,16,21
AMGN,Amgen,278.43,-84,-5,-2,166,75,-87,-6,2,37,-54,21
ESS,Essex Property Trust,263.6,-2,-29,-1,15,-17,26,4,-7,15,38,21
BC,Brunswick Corporation,64.71,0,68,-42,-8,18,-9,13,8,-10,2,20
CR,Crane Co.,182.58,-6,-5,20,0,9,2,-11,14,6,11,20
ESTC,Elastic NV,89.94,23,3,-17,0,9,28,9,-22,-5,10,19
TTC,Toro Company (The),78.49,-14,40,-1,-1,24,-9,20,5,-21,-5,19
HOG,Harley-Davidson,30.03,0,21,0,-10,11,-7,18,9,-12,8,19
NDSN,Nordson,223.82,-2,14,0,2,14,-19,18,14,-8,5,19
LNT,Alliant Energy,63.96,-62,44,72,15,69,-76,-3,14,14,-51,18
AVB,AvalonBay Communities,192.64,0,-1,-7,17,9,-4,8,-11,16,9,18
PCOR,Procore,68.42,-2,-1,-1,0,-4,-6,4,4,20,22,18
ECL,Ecolab,269.18,-66,27,20,23,4,-19,-1,14,20,14,18
SW,Smurfit Westrock,45.28,-14,0,-1,17,2,-12,5,4,18,15,17
PLD,Prologis,110.96,-7,13,-1,0,5,-8,12,14,-6,12,17
BG,Bunge Global,82.35,0,15,0,0,15,-6,-1,14,-6,1,16
QCOM,Qualcomm,158.99,1,11,-29,23,6,-9,13,12,-6,10,16
DIS,Walt Disney Company (The),115.79,-8,-1,19,-1,9,-19,8,14,4,7,16
KMB,Kimberly-Clark,127.99,-5,-1,-3,19,10,-1,-6,-15,27,5,15
GTM,ZoomInfo,11.41,8,1,0,0,9,23,11,10,-38,6,15
MSTR,MicroStrategy,326.54,-4,-19,0,20,-3,12,-29,14,21,18,15
ACGL,Arch Capital Group,90.6,-24,0,-12,63,27,-26,20,-5,-1,-12,15
TMO,Thermo Fisher Scientific,476.1,-3,35,-26,0,6,-12,49,-25,-4,8,14
OWL,Blue Owl Capital,18.61,3,-15,-8,0,-20,14,-11,6,22,31,11
CACC,Credit Acceptance,516.0,-3,2,3,2,4,2,13,-2,-6,7,11
WWD,"Woodward, Inc.",238.78,-56,0,23,36,3,-13,-20,14,27,8,11
ARMK,Aramark,38.16,-65,-10,19,41,-15,-19,-26,14,57,26,11
AMH,American Homes 4 Rent,34.11,-47,-30,-12,69,-20,-7,7,14,16,30,10
WTRG,Essential Utilities,37.97,-48,22,10,0,-16,-12,36,-5,6,25,9
IPGP,IPG Photonics,81.56,-2,83,5,-45,41,-10,13,10,-45,-32,9
WH,Wyndham Hotels & Resorts,84.23,-7,-1,-7,12,-3,-5,-1,2,16,12,9
BMY,Bristol Myers Squibb,47.15,-1,3,-4,-6,-8,11,18,-18,6,17,9
SFD,Smithfield Foods,24.18,0,1,0,0,1,3,-4,8,0,7,8
WEX,WEX Inc.,169.71,-2,66,-47,0,17,-7,-2,8,-9,-10,7
HPQ,HP Inc.,28.38,0,21,-29,0,-8,-5,19,3,-2,15,7
OKE,Oneok,73.35,0,-28,-17,55,10,2,-28,-29,52,-3,7
CMS,CMS Energy,71.22,-81,0,80,24,23,-24,-9,2,15,-16,7
CWEN,Clearway Energy (Class C),28.43,-60,-14,62,5,-7,5,-28,26,11,14,7
PNFP,Pinnacle Financial Partners,97.6,-2,-33,-8,16,-27,2,8,5,19,34,7
NCNO,nCino,29.97,-6,10,-30,0,-26,16,10,9,-2,33,7
NSC,Norfolk Southern,272.49,-19,0,15,5,1,-20,-4,14,15,5,6
CPT,Camden Property Trust,108.82,-3,-1,0,0,-4,-3,8,-7,12,10,6
TKR,Timken Company,76.41,-3,0,-1,5,1,-14,13,11,-6,4,5
RNR,RenaissanceRe,238.43,-28,-3,-12,36,-7,-26,-3,12,29,12,5
PK,Park Hotels & Resorts,11.83,-2,21,-30,0,-11,1,13,7,-6,15,4
SON,Sonoco,46.06,1,0,-2,0,-1,-4,13,11,-15,5,4
IR,Ingersoll Rand,80.22,13,-19,-25,24,-7,-3,3,11,-1,10,3
CSGP,CoStar Group,86.29,-9,0,10,15,16,-17,-14,27,-10,-14,2
TYL,Tyler Technologies,546.03,-7,-13,0,18,-2,-6,-15,5,19,3,1
LEA,Lear Corporation,108.32,-7,21,0,-18,-4,-5,13,13,-16,5,1
TPL,Texas Pacific Land Corporation,936.43,2,-71,-13,59,-23,12,7,-9,14,24,1
DOCU,DocuSign,78.82,1,0,0,-13,-12,2,5,-6,12,13,1
BJ,BJ's Wholesale Club,97.42,10,-51,0,11,-30,-4,-18,-6,59,31,1
REYN,Reynolds Consumer Products,22.8,-16,25,-32,0,-23,-17,44,1,-4,24,1
WTM,White Mountains Insurance Group,1761.04,-34,-1,-3,60,22,-51,-4,-24,57,-22,0
OTIS,Otis Worldwide,87.63,12,-35,-8,0,-31,26,-4,-18,27,31,0
ONTO,Onto Innovation,106.05,5,13,-30,0,-12,26,16,-25,-5,12,0
TFSL,Third Federal S&L,13.4,-36,17,7,6,-6,-47,19,14,20,6,0
SOLV,Solventum,71.2,-4,-2,0,0,-6,-7,3,10,0,6,0
FDX,FedEx,225.68,-2,-7,-30,33,-6,6,-1,6,-5,6,0
BAM,Brookfield Asset Management,55.66,-56,-3,69,0,10,-19,-14,14,9,-10,0
ALGM,Allegro MicroSystems,30.51,0,-7,15,0,8,26,-30,12,-17,-9,-1
QGEN,Qiagen,46.02,-7,-1,16,0,8,-5,-24,14,6,-9,-1
CFR,Frost Bank,125.99,-14,-4,0,5,-13,-19,8,12,11,12,-1
BIO,Bio-Rad Laboratories,277.42,-5,50,-31,-29,-15,-8,55,5,-38,14,-1
K,Kellanova,79.04,-7,-1,0,22,14,-10,-9,-11,14,-16,-2
SJM,J.M. Smucker Company (The),110.04,0,36,6,-5,37,-18,1,2,-24,-39,-2
FND,Floor & Decor,84.99,28,5,-39,-7,-13,-3,19,2,-7,11,-2
PINS,Pinterest,35.29,-7,0,0,-1,-8,-5,4,10,-6,3,-5
HSIC,Schein (Henry),67.41,-5,-12,-9,0,-26,5,8,3,4,20,-6
PSA,Public Storage,288.67,-9,0,-15,2,-22,-13,16,14,-1,16,-6
BROS,Dutch Bros. Coffee,65.09,-26,0,4,0,-22,-19,19,4,12,16,-6
SAIL,SailPoint,19.8,-8,-2,0,0,-10,-6,4,6,0,4,-6
BRO,Brown & Brown,92.48,-49,-93,-3,164,19,-45,6,-14,27,-26,-7
MPW,Medical Properties Trust,4.61,46,4,-11,-37,2,28,10,-11,-36,-9,-7
OMC,Omnicom Group,75.99,-7,21,-31,2,-15,-9,16,1,-2,6,-9
GTLB,GitLab,49.0,9,3,-25,0,-13,20,10,-24,-2,4,-9
FANG,Diamondback Energy,139.49,-29,-5,-33,48,-19,2,5,8,-6,9,-10
HUBS,HubSpot,489.18,28,-63,-14,12,-37,26,3,-22,20,27,-10
MCHP,Microchip Technology,64.74,0,-3,0,0,-3,-9,-4,14,-8,-7,-10
EGP,EastGroup Properties,163.46,-19,-2,-1,9,-13,-19,13,14,-6,2,-11
PATH,UiPath,11.61,24,-31,-15,0,-22,26,3,-7,-11,11,-11
APA,APA Corporation,23.29,1,24,0,-13,12,-34,22,9,-20,-23,-11
SEE,Sealed Air,32.81,34,14,-28,-25,-5,-3,17,12,-33,-7,-12
CFLT,"Confluent, Inc.",20.02,18,-29,-7,0,-18,23,4,-22,1,6,-12
ED,Consolidated Edison,97.08,-84,-11,32,48,-15,-21,-14,-8,46,3,-12
DT,Dynatrace,47.65,-7,-24,-6,0,-37,-7,-1,11,21,24,-13
EXE,Expand Energy,96.47,1,-37,45,0,9,-33,2,-3,11,-23,-14
AXTA,Axalta,30.93,-2,5,-20,23,6,-5,18,-33,-1,-21,-15
AUR,Aurora Innovation,5.45,-6,-10,-5,0,-21,20,-8,-22,16,6,-15
MDLZ,Mondelez International,62.29,16,-30,-2,0,-16,14,-26,23,-10,1,-15
VFC,VF Corporation,14.97,22,13,-24,-44,-33,-2,11,1,8,18,-15
GME,GameStop,24.39,21,0,-14,-31,-24,16,7,-7,-8,8,-16
IOT,Samsara,38.75,0,0,-14,0,-14,-6,4,-21,21,-2,-16
ATR,AptarGroup,136.17,-7,-28,-7,21,-21,-10,-25,14,26,5,-16
AS,Amer Sports,36.71,-47,-1,8,0,-40,2,7,14,0,23,-17
WAT,Waters Corporation,293.05,-5,-2,-9,0,-16,-5,13,-24,15,-1,-17
AGCO,AGCO,107.4,-6,-2,11,0,3,-13,-8,15,-14,-20,-17
BDX,Becton Dickinson,188.49,-7,24,-32,-6,-21,-7,50,-23,-16,4,-17
A,Agilent Technologies,124.12,-2,10,-27,0,-19,-13,16,5,-6,2,-17
HRB,H&R Block,50.22,-7,-65,-5,53,-24,-5,-31,-10,53,7,-17
DVA,DaVita,132.26,-7,-12,-7,21,-5,-17,8,-24,20,-13,-18
KBR,"KBR, Inc.",49.8,0,0,-34,0,-34,9,20,-12,-2,15,-19
CSX,CSX Corporation,32.05,-9,-7,0,5,-11,-8,-7,14,-7,-8,-19
GPN,Global Payments,85.11,-8,36,-31,-40,-43,-19,52,2,-11,24,-19
CUBE,CubeSmart,40.72,-2,0,-27,2,-27,-13,9,14,-3,7,-20
MOS,Mosaic Company (The),33.4,3,-21,20,-17,-15,1,3,19,-31,-8,-23
POOL,Pool Corporation,319.08,28,4,-27,-7,-2,-5,-7,1,-10,-21,-23
WBD,Warner Bros. Discovery,12.55,25,0,16,-43,-2,36,-23,12,-46,-21,-23
BAH,Booz Allen Hamilton,102.52,-42,-7,-34,102,19,2,-6,-36,-2,-42,-23
CF,CF Industries,86.9,5,-24,1,5,-13,16,-50,14,9,-11,-24
TTEK,Tetra Tech,35.65,-42,-6,-33,120,39,-51,-20,10,-2,-63,-24
IP,International Paper,46.47,-21,-7,0,17,-11,-41,4,7,17,-13,-24
SIRI,Sirius XM,23.82,1,11,0,-32,-20,-6,15,4,-18,-5,-25
CARR,Carrier Global,62.51,-3,-27,-3,0,-33,-10,-23,14,27,8,-25
SMMT,Summit Therapeutics,17.6,-21,-3,-1,15,-10,-17,-17,-1,20,-15,-25
MTDR,Matador Resources,49.42,0,0,-33,0,-33,2,5,7,-7,7,-26
PCG,PG&E Corporation,15.27,5,0,-34,2,-27,5,31,-33,-2,1,-26
PENN,Penn Entertainment,20.1,16,20,3,-35,4,-3,13,4,-45,-31,-27
ZBRA,Zebra Technologies,306.12,-6,-3,-6,-8,-23,-6,-20,8,14,-4,-27
IPG,Interpublic Group of Companies (The),25.98,-7,36,-47,0,-18,-9,16,2,-18,-9,-27
AR,Antero Resources,32.85,7,-37,-5,11,-24,-12,2,-4,11,-3,-27
ESAB,ESAB,113.67,-3,-25,0,0,-28,-13,-20,14,18,-1,-29
CRM,Salesforce,242.56,-4,-29,-17,23,-27,-3,4,-25,22,-2,-29
PEP,PepsiCo,142.66,-35,39,-46,0,-42,-40,64,3,-14,13,-29
SAIA,Saia,307.38,5,0,-30,5,-20,-3,-3,2,-6,-10,-30
PSN,Parsons Corporation,74.75,-37,69,-31,0,1,-33,-3,7,-2,-31,-30
AES,AES Corporation,12.74,-37,45,0,-12,-4,-6,-5,10,-25,-26,-30
BHF,Brighthouse Financial,48.77,14,-48,-7,0,-41,12,-4,-7,9,10,-31
QS,QuantumScape,8.34,21,-2,10,0,29,-10,-25,12,-37,-60,-31
G,Genpact,43.0,-21,-1,0,4,-18,-19,14,-19,11,-13,-31
TEAM,Atlassian,174.37,14,-44,-10,-7,-47,24,2,-22,12,16,-31
ETSY,Etsy,57.84,7,0,1,-31,-23,26,-11,14,-38,-9,-32
BIIB,Biogen,142.61,43,20,-88,-28,-53,12,27,1,-19,21,-32
HUM,Humana,273.37,-10,26,0,-13,3,-19,29,-24,-21,-35,-32
PVH,PVH Corp.,81.62,-13,20,-36,2,-27,-19,19,3,-8,-5,-32
RAL,Ralliant,41.9,-2,0,0,0,-2,-1,-29,0,0,-30,-32
WDAY,"Workday, Inc.",226.43,-2,-5,-14,15,-6,-19,4,-8,-3,-26,-32
EXC,Exelon,43.32,-78,-3,59,15,-7,-26,-6,-5,11,-26,-33
KEX,Kirby Corporation,86.94,-63,-29,-7,36,-63,-6,-22,14,43,29,-34
ISRG,Intuitive Surgical,450.01,-3,-30,-7,23,-17,-4,-38,-2,27,-17,-34
OXY,Occidental Petroleum,46.29,0,14,-59,0,-45,2,16,10,-17,11,-34
APD,Air Products,287.54,-49,0,0,17,-32,-21,-1,6,11,-5,-37
MAA,Mid-America Apartment Communities,141.4,-6,-30,-1,0,-37,-5,4,-12,12,-1,-38
WING,Wingstop,280.67,-46,-5,-1,39,-13,-51,-18,12,32,-25,-38
CAR,Avis Budget Group,155.67,-3,-5,13,-21,-16,-4,3,17,-38,-22,-38
LBTYK,Liberty Global (Series C),11.69,-13,28,-44,-31,-60,-9,65,3,-37,22,-38
DAY,Dayforce,68.88,-14,17,4,-13,-6,-48,13,4,-1,-32,-38
CHE,Chemed Corporation,450.08,-7,-1,-15,0,-23,-9,15,-13,-9,-16,-39
GLIBA,GCI Liberty (Series A),36.32,-33,0,0,0,-33,-25,18,0,0,-7,-40
JAZZ,Jazz Pharmaceuticals,126.83,-7,24,0,-7,10,-6,16,-20,-40,-50,-40
CPAY,Corpay,304.92,-49,-28,-2,22,-57,-19,8,2,26,17,-40
EG,Everest Group,340.15,-27,2,-40,56,-9,2,13,-41,-6,-32,-41
CHRD,Chord Energy,106.6,0,1,-54,0,-53,2,7,8,-7,10,-43
SARO,StandardAero,26.95,1,-20,0,0,-19,2,-41,14,0,-25,-44
RIVN,Rivian,13.9,-2,0,3,0,1,-23,7,-7,-22,-45,-44
LBTYA,Liberty Global (Series A),11.53,-11,28,-44,-32,-59,-7,28,5,-11,15,-44
UDR,"UDR, Inc.",38.16,-5,-29,-2,-1,-37,-15,3,-9,14,-7,-44
NEE,NextEra Energy,71.04,-70,0,0,0,-70,2,-4,14,14,26,-44
CTSH,Cognizant,69.15,-21,-30,-7,15,-43,-19,5,-7,19,-2,-45
KMPR,Kemper Corporation,52.97,-7,-25,-10,0,-42,-21,10,-7,15,-3,-45
TXRH,Texas Roadhouse,166.07,-63,-23,-3,65,-24,-9,-59,14,32,-22,-46
CL,Colgate-Palmolive,83.2,-7,-45,-10,24,-38,-11,-6,-18,27,-8,-46
MAT,Mattel,17.94,-7,-3,-8,0,-18,-16,9,11,-32,-28,-46
QSR,Restaurant Brands International,61.92,-21,-24,-4,41,-8,-19,-25,14,-9,-39,-47
BSY,Bentley Systems,52.67,-38,-1,13,0,-26,-6,-22,14,-7,-21,-47
DLB,Dolby Laboratories,70.93,-7,-12,-7,0,-26,-5,-2,-24,9,-22,-48
CNH,CNH Industrial,11.23,-5,-19,-1,0,-25,-5,-35,14,3,-23,-48
MIDD,Middleby,137.86,-3,-25,-7,0,-35,-12,5,-20,14,-13,-48
CDW,CDW,170.75,26,-26,-46,0,-46,30,-29,6,-9,-2,-48
CERT,"Certara, Inc.",10.25,-3,-1,-19,0,-23,-1,19,-11,-33,-26,-49
CCCS,CCC Intelligent Solutions,9.61,-17,0,-32,0,-49,-8,9,6,-7,0,-49
RRX,Regal Rexnord,141.45,-49,-3,-3,4,-51,-19,12,11,-2,2,-49
AA,Alcoa,30.92,-2,13,-25,-21,-35,-5,18,6,-33,-14,-49
GDDY,GoDaddy,144.96,21,-44,-7,23,-7,26,-68,-23,23,-42,-49
ST,Sensata Technologies,31.49,-49,21,0,-16,-44,2,15,12,-36,-7,-51
WHR,Whirlpool Corporation,93.8,5,4,-9,-27,-27,-4,10,7,-37,-24,-51
FCN,FTI Consulting,161.62,-21,-1,-41,0,-63,2,12,4,-6,12,-51
GLIBK,GCI Liberty (Series C),36.02,-48,0,0,0,-48,-23,18,0,0,-5,-53
SNDR,Schneider National,23.85,-19,-9,-9,0,-37,-19,-3,6,-1,-17,-54
EW,Edwards Lifesciences,78.29,-25,0,8,-15,-32,-33,12,34,-36,-23,-55
XYZ,"Block, Inc.",73.75,-41,0,-2,-37,-80,-3,6,8,14,25,-55
IQV,IQVIA,183.78,-2,0,-44,0,-46,-3,-5,6,-7,-9,-55
S,SentinelOne,17.83,0,-26,-29,0,-55,-7,5,3,-2,-1,-56
CNXC,Concentrix,51.61,-2,-28,0,0,-30,5,4,-2,-34,-27,-57
SFM,Sprouts Farmers Market,134.08,-83,-32,0,47,-68,-14,-30,-3,58,11,-57
MASI,Masimo,145.7,28,-25,-3,-7,-7,-2,-40,-19,11,-50,-57
MRK,Merck & Co.,84.04,-2,28,-51,0,-25,12,18,-55,-7,-32,-57
TXN,Texas Instruments,183.98,-49,-6,0,23,-32,-56,-2,14,17,-27,-59
ENTG,Entegris,79.43,-7,-1,-48,-7,-63,-6,12,3,-6,3,-60
HOLX,Hologic,65.5,-6,0,-39,0,-45,-9,-6,7,-8,-16,-61
PPG,PPG Industries,108.81,-14,-2,-50,-9,-75,-7,16,14,-9,14,-61
YETI,Yeti Holdings,35.4,-7,0,-39,-7,-53,-14,7,8,-11,-10,-63
SWKS,Skyworks Solutions,73.6,-7,6,-47,-31,-79,-5,16,11,-6,16,-63
TECH,Bio-Techne,50.96,-5,-1,-31,-25,-62,25,12,-31,-7,-1,-63
ON,ON Semiconductor,48.11,-2,-9,-41,-2,-54,-5,1,10,-16,-10,-64
IT,Gartner,232.58,-7,-61,-25,0,-93,-7,1,-23,58,29,-64
GMED,Globus Medical,58.44,-49,8,-19,-1,-61,-12,19,-24,13,-4,-65
COP,ConocoPhillips,94.32,-31,1,-49,0,-79,3,14,6,-9,14,-65
TWLO,Twilio,104.29,-2,-23,0,-35,-60,-5,-23,10,12,-6,-66
AMTM,Amentum,23.76,-35,0,0,0,-35,-36,-10,14,0,-32,-67
DXCM,Dexcom,75.99,-7,-12,-3,-15,-37,-13,-21,14,-10,-30,-67
LBRDA,Liberty Broadband (Series A),60.05,0,-33,-7,-37,-77,12,-4,-7,9,10,-67
SAIC,SAIC,103.18,-63,-5,-2,68,-2,-64,-5,6,-2,-65,-67
LBRDK,Liberty Broadband (Series C),60.41,0,-33,-7,-37,-77,12,-4,-7,9,10,-67
FOUR,Shift4,85.65,-49,-26,-4,0,-79,-19,1,4,25,11,-68
LINE,"Lineage, Inc.",41.97,2,-24,0,0,-22,5,-16,-35,0,-46,-68
BFAM,Bright Horizons,111.77,-77,-2,-3,0,-82,-14,-8,19,16,13,-69
TFX,Teleflex,130.2,34,15,-46,-40,-37,-7,27,-42,-11,-33,-70
ASTS,AST SpaceMobile,37.58,-41,-3,15,0,-29,-40,-24,14,9,-41,-70
OKTA,"Okta, Inc.",90.25,-4,-65,-2,-25,-96,26,-1,-7,7,25,-71
PB,Prosperity Bancshares,67.32,-28,-31,-8,15,-52,-49,9,6,15,-19,-71
APLS,Apellis Pharmaceuticals,26.03,-20,31,-74,-17,-80,-19,42,5,-19,9,-71
BALL,Ball Corporation,50.06,-9,-18,-7,-12,-46,-7,-26,14,-6,-25,-71
JKHY,Jack Henry & Associates,159.04,-7,-29,-7,-1,-44,28,-60,-7,12,-27,-71
MGM,MGM Resorts International,35.95,-35,0,-1,0,-36,-49,12,11,-10,-36,-72
EL,Estée Lauder Companies (The),87.43,-21,0,0,-27,-48,-5,5,12,-36,-24,-72
DOC,Healthpeak Properties,17.96,0,5,-21,-32,-48,-6,8,-36,10,-24,-72
NSA,National Storage Affiliates,31.96,-9,0,-19,-5,-33,-13,15,-40,-2,-40,-73
LCID,Lucid Motors,19.44,10,-16,-8,0,-14,23,-25,-21,-36,-59,-73
ELS,Equity Lifestyle Properties,60.39,-2,0,-25,0,-27,-4,-3,-36,-4,-47,-74
PFE,Pfizer,24.59,-21,26,-3,-24,-22,-33,-2,11,-29,-53,-75
MORN,"Morningstar, Inc.",251.39,-7,-29,-24,29,-31,-19,-42,-2,19,-44,-75
JHX,James Hardie Industries,19.77,-2,-15,-31,-2,-50,-7,-11,-4,-4,-26,-76
PRMB,Primo Brands,24.42,-21,-70,-2,23,-70,-13,2,-14,19,-6,-76
PAYC,Paycom,220.89,-7,-12,23,-25,-21,-16,-15,14,-38,-55,-76
AKAM,Akamai Technologies,76.75,-4,-1,-30,-8,-43,-4,11,-30,-11,-34,-77
CLX,Clorox,123.34,0,-1,-21,-6,-28,-10,-24,-31,14,-51,-79
LW,Lamb Weston,55.85,-7,20,-76,-9,-72,-7,8,7,-15,-7,-79
RNG,RingCentral,30.63,1,20,-30,-42,-51,-5,17,4,-46,-30,-81
TAP,Molson Coors,49.03,-21,-1,-17,0,-39,-17,-3,-18,-4,-42,-81
MOH,Molina Healthcare,179.26,11,-76,-17,-3,-85,16,10,-13,-9,4,-81
BIRK,Birkenstock,46.87,-49,-4,-3,0,-56,-19,-2,-5,0,-26,-82
ONON,On Holding AG,42.85,-14,-29,-3,0,-46,-12,-60,14,21,-37,-83
CBSH,Commerce Bancshares,59.9,-42,-26,0,12,-56,-54,-1,14,14,-27,-83
INVH,Invitation Homes,30.01,-48,-34,-12,0,-94,-1,4,-7,15,11,-83
CIVI,Civitas Resources,33.81,-25,22,-59,-1,-63,-34,20,3,-10,-21,-84
CAG,Conagra Brands,19.38,6,0,-36,-8,-38,-2,-2,-18,-24,-46,-84
NOV,NOV Inc.,13.07,-2,0,-59,-13,-74,-5,6,5,-16,-10,-84
SMG,Scotts Miracle-Gro Company,60.63,-7,-9,-26,-40,-82,-14,4,10,-2,-2,-84
ASH,Ashland Global,53.04,-48,27,-45,-10,-76,-19,18,3,-11,-9,-85
AMT,American Tower,193.67,-70,-26,-1,-1,-98,2,-25,24,12,13,-85
ELV,Elevance Health,306.68,-23,-1,-48,-3,-75,-6,13,-14,-4,-11,-86
FI,Fiserv,132.14,-49,-43,-18,36,-74,-19,-3,-19,28,-13,-87
BBWI,"Bath & Body Works, Inc.",28.16,-23,-3,-29,-16,-71,-21,9,3,-7,-16,-87
EEFT,Euronet Worldwide,89.97,-7,-30,-7,-4,-48,-19,-30,-4,14,-39,-87
TW,Tradeweb,118.51,-35,-25,-2,1,-61,-27,-21,-3,24,-27,-88
TSN,Tyson Foods,55.41,-63,14,-5,-29,-83,-21,19,-15,12,-5,-88
NWL,Newell Brands,6.07,-2,13,-31,-32,-52,-14,11,2,-37,-38,-90
WLK,Westlake Corporation,85.06,-3,20,-44,0,-27,-14,13,-56,-7,-64,-91
SBUX,Starbucks,82.86,-42,-6,-5,0,-53,-34,-14,2,8,-38,-91
KNX,Knight-Swift,41.65,-27,-12,-29,-3,-71,-19,8,4,-14,-21,-92
CMCSA,Comcast,33.48,-9,-31,-39,-10,-89,2,10,-6,-9,-3,-92
SLB,Schlumberger,36.16,5,5,-74,0,-64,-5,12,-25,-11,-29,-93
ARE,Alexandria Real Estate Equities,84.04,40,21,-41,-31,-11,-4,10,-52,-36,-82,-93
TREX,"Trex Company, Inc.",59.98,-9,-2,-58,-14,-83,-13,4,6,-7,-10,-93
WY,Weyerhaeuser,25.09,-4,-2,-27,0,-33,-9,-3,-39,-9,-60,-93
CPB,Campbell Soup Company,33.5,5,6,-36,-7,-32,-5,-9,-43,-6,-63,-95
DUOL,Duolingo,286.03,0,-50,-2,0,-52,1,-64,-5,24,-44,-96
FIS,Fidelity National Information Services,66.36,-8,-26,-6,-38,-78,-1,-28,-1,12,-18,-96
LUV,Southwest Airlines,31.11,-35,-18,5,-40,-88,-33,8,12,5,-8,-96
PCTY,Paylocity,169.24,-48,-12,-2,-4,-66,-19,-16,-1,6,-30,-96
COO,Cooper Companies (The),67.65,0,-9,-31,-6,-46,-7,-4,-36,-4,-51,-97
ADBE,Adobe Inc.,350.14,20,-45,-40,-7,-72,26,-2,-44,-6,-26,-98
VKTX,Viking Therapeutics,25.87,-21,-16,-44,22,-59,-33,-8,9,-7,-39,-98
JBHT,J. B. Hunt,136.88,-25,-9,-35,-1,-70,-19,-2,4,-11,-28,-98
IRDM,Iridium Communications,17.96,-21,-29,-8,-20,-78,-18,6,11,-20,-21,-99
CRL,Charles River Laboratories,153.25,-14,-2,-58,-27,-101,-5,4,10,-9,0,-101
UHAL,U-Haul,57.71,-2,-31,-19,0,-52,-12,-26,-32,21,-49,-101
FDS,FactSet,361.82,-7,-37,-9,0,-53,-6,-33,-7,-2,-48,-101
FRPT,Freshpet,53.38,-7,-61,-28,-7,-103,23,-18,-24,20,1,-102
NKE,"Nike, Inc.",74.26,-54,0,-2,-22,-78,3,-2,11,-37,-25,-103
AVTR,Avantor,12.62,-21,0,-33,0,-54,-13,14,-44,-6,-49,-103
TTD,Trade Desk (The),46.14,-35,-23,-31,-2,-91,-2,-15,5,-1,-13,-104
KDP,Keurig Dr Pepper,27.45,-84,-12,-3,-1,-100,-21,-6,22,-1,-6,-106
LKQ,LKQ Corporation,32.09,0,-61,-10,-3,-74,-6,9,-18,-18,-33,-107
CCI,Crown Castle,94.03,-77,-11,-1,-29,-118,2,-22,24,6,10,-108
ZBH,Zimmer Biomet,102.27,-26,24,-1,-18,-21,-19,19,-68,-19,-87,-108
OLED,Universal Display Corporation,137.2,-7,-16,-41,-2,-66,-10,-40,14,-6,-42,-108
RARE,Ultragenyx,31.33,0,0,-31,-39,-70,-13,17,-39,-4,-39,-109
RGEN,Repligen,120.23,7,-3,-20,-18,-34,-9,-4,-24,-38,-75,-109
PYPL,PayPal,65.64,-27,-19,-7,-40,-93,-11,-23,7,10,-17,-110
ODFL,Old Dominion Freight Line,146.34,-2,-30,-30,0,-62,-8,-4,-35,-2,-49,-111
HAL,Halliburton,22.6,5,10,-67,0,-52,7,8,-66,-10,-61,-113
CHTR,Charter Communications,263.08,0,-33,-8,-37,-78,12,-38,-8,-2,-36,-114
CLVT,Clarivate,4.24,-2,4,-81,-7,-86,-5,13,7,-43,-28,-114
CE,Celanese,44.19,-14,-23,-47,-11,-95,-13,4,-1,-10,-20,-115
ZTS,Zoetis,149.03,-49,-2,-39,-4,-94,-7,-3,-6,-6,-22,-116
ABNB,Airbnb,123.41,-42,-24,-7,0,-73,-47,5,4,-6,-44,-117
AAL,American Airlines Group,12.82,-20,52,-25,-77,-70,-32,19,3,-40,-50,-120
KHC,Kraft Heinz,26.65,-9,-3,-46,-1,-59,-15,-21,-18,-11,-65,-124
EMN,Eastman Chemical Company,65.03,-14,-32,-25,-2,-73,-19,8,-39,-3,-53,-126
BAX,Baxter International,24.0,14,-45,-27,-39,-97,26,4,-18,-42,-30,-127
MRNA,Moderna,24.28,-2,-25,-59,-5,-91,28,-26,1,-40,-37,-128
IAC,IAC Inc.,35.94,-10,-26,-6,-32,-74,-19,5,-1,-39,-54,-128
CZR,Caesars Entertainment,25.62,-2,-29,-30,-26,-87,-9,4,2,-38,-41,-128
DHR,Danaher Corporation,192.59,-71,-2,-33,-1,-107,-19,-5,7,-5,-22,-129
MKC,McCormick & Company,68.58,-7,-45,-10,-3,-65,-13,-44,-18,11,-64,-129
KMX,CarMax,59.19,-6,-41,-23,-37,-107,-4,10,-27,-1,-22,-129
CHDN,Churchill Downs Incorporated,96.6,-49,-8,-35,0,-92,-19,-25,6,-2,-40,-132
AVY,Avery Dennison,164.74,-76,-12,-39,0,-127,-7,-3,11,-6,-5,-132
SAM,Boston Beer Company,219.59,-7,6,-39,-38,-78,-9,34,-35,-45,-55,-133
IEX,IDEX Corporation,160.13,-14,-30,-32,-3,-79,-14,-1,-32,-7,-54,-133
FTV,Fortive,47.76,1,-30,-25,0,-54,3,-56,-21,-6,-80,-134
ACN,Accenture,243.07,-42,-45,-27,-1,-115,-19,3,-23,20,-19,-134
DLTR,Dollar Tree,98.85,-57,-3,1,-16,-75,-54,-12,29,-23,-60,-135
DG,Dollar General,106.47,-98,0,0,-18,-116,-12,-9,26,-27,-22,-138
CAVA,Cava Group,65.15,-49,-20,-18,0,-87,1,-24,-32,3,-52,-139
DOW,Dow Inc.,23.83,-2,-34,-47,-2,-85,7,9,-62,-9,-55,-140
ACHC,Acadia Healthcare,21.06,-7,-1,-52,-12,-72,-19,14,-46,-17,-68,-140
ACI,Albertsons,18.53,-49,-41,-1,0,-91,-40,-3,-7,1,-49,-140
LYB,LyondellBasell,54.42,-2,-28,-48,-6,-84,3,9,-62,-8,-58,-142
UHAL-B,U-Haul (Series N),52.42,0,-31,-27,0,-58,-12,-30,-41,-2,-85,-143
ILMN,"Illumina, Inc.",95.5,-4,0,-32,-41,-77,-8,-23,6,-41,-66,-143
CNC,Centene,31.3,13,-77,-48,-12,-124,12,14,-17,-29,-20,-144
TDC,Teradata,21.04,10,-24,-83,-18,-115,26,-37,-1,-17,-29,-144
LSTR,Landstar,129.81,-7,-31,-39,-1,-78,-19,6,-46,-8,-67,-145
SLGN,Silgan Holdings,44.03,-49,-30,-7,0,-86,-47,-30,-1,14,-64,-150
ENPH,Enphase Energy,37.11,-2,0,-50,-21,-73,-5,10,-57,-25,-77,-150
SRPT,Sarepta Therapeutics,17.2,-21,0,-33,-8,-62,-24,-3,-54,-7,-88,-150
HUN,Huntsman Corporation,10.8,-2,4,-49,-16,-63,-19,9,-44,-34,-88,-151
RVTY,Revvity,82.52,-5,-30,-24,-25,-84,-8,-35,-29,4,-68,-152
FMC,FMC Corporation,36.89,-49,-9,-44,-25,-127,-7,3,6,-27,-25,-152
MTN,Vail Resorts,144.55,-26,-4,-37,-24,-91,-46,12,10,-37,-61,-152
CHH,Choice Hotels,112.54,-63,-25,-7,0,-95,-25,-26,-21,15,-57,-152
WU,Western Union,8.45,-7,0,-27,-47,-81,-17,13,-62,-6,-72,-153
KVUE,Kenvue,18.47,-79,-12,-2,0,-93,-36,-22,-7,4,-61,-154
DJT,Trump Media & Technology Group,16.9,0,-71,-60,0,-131,16,-2,-28,-10,-24,-155
AMCR,Amcor,8.24,-49,-19,-5,0,-73,-47,-28,-5,-3,-83,-156
CROX,Crocs,81.24,-18,-24,-46,-2,-90,-25,-28,-8,-6,-67,-157
HRL,Hormel Foods,24.97,-7,-39,-14,-24,-84,-7,-35,-1,-31,-74,-158
CMG,Chipotle Mexican Grill,38.68,-76,-34,-10,81,-39,-76,-35,-8,-1,-120,-159
GPK,Graphic Packaging,20.71,-77,-9,-23,0,-109,-12,-6,-36,-1,-55,-164
DV,DoubleVerify,13.8,-35,-2,-74,0,-111,-47,-4,3,-11,-59,-170
DAR,Darling Ingredients,31.3,-45,-11,-10,-21,-87,-64,-1,12,-31,-84,-171
LULU,Lululemon Athletica,163.92,-28,-66,-15,-4,-113,-20,-4,-24,-13,-61,-174
EPAM,EPAM Systems,153.1,-31,-1,-30,-28,-90,-41,16,-21,-38,-84,-174
DXC,DXC Technology,14.22,-7,0,-29,-74,-110,-9,13,-36,-35,-67,-177
FLO,Flowers Foods,14.27,-9,-18,-41,-9,-77,-5,-11,-61,-24,-101,-178
UA,Under Armour (Class C),4.87,-14,-23,-32,-38,-107,-19,-25,10,-38,-72,-179
ALGN,Align Technology,132.91,-6,-29,-71,-26,-132,-1,-3,-7,-39,-50,-182
UAA,Under Armour (Class A),5.01,-9,-23,-32,-45,-109,-19,-25,9,-38,-73,-182
COLM,Columbia Sportswear,54.98,-9,-127,-25,-7,-168,-19,9,-20,14,-16,-184
ALB,Albemarle Corporation,73.32,-14,0,-132,-24,-170,-19,22,8,-26,-15,-185
BRKR,Bruker,30.49,-2,-29,-64,-9,-104,17,-27,-68,-10,-88,-192
REGN,Regeneron Pharmaceuticals,555.44,-62,21,-45,0,-86,-54,-3,-46,-5,-108,-194
MKTX,MarketAxess,184.7,0,-33,-32,-30,-95,-3,-48,-6,-45,-102,-197
TGT,Target Corporation,90.79,-105,-9,-35,-12,-161,-19,-15,2,-7,-39,-200
WSC,WillScot Mobile Mini,22.91,-49,-28,-69,-7,-153,-19,-22,2,-13,-52,-205
BMRN,BioMarin Pharmaceutical,54.5,-35,-3,-54,-21,-113,-33,-17,-19,-23,-92,-205
XRAY,Dentsply Sirona,13.69,-8,-29,-85,-43,-165,-12,4,3,-41,-46,-211
IFF,International Flavors & Fragrances,64.47,-49,-30,-27,-32,-138,-12,-26,-39,-2,-79,-217
WEN,Wendy's Company (The),9.84,-49,-54,-41,-9,-153,-14,-1,-36,-16,-67,-220
COTY,Coty,4.03,-2,-16,-68,-8,-94,-19,-28,-70,-10,-127,-221
BRBR,BellRing Brands,36.76,-24,-88,-17,0,-129,-19,-80,-23,28,-94,-223
SBAC,SBA Communications,193.57,-77,-26,-3,-21,-127,-77,-26,-2,6,-99,-226
GFS,GlobalFoundries,31.84,-54,-26,-86,0,-166,-19,-30,4,-18,-63,-229
INSP,Inspire Medical Systems,78.77,-42,-81,-27,-7,-157,-40,1,-32,-18,-89,-246
MAN,ManpowerGroup,37.88,-64,-11,-50,-29,-154,-19,-3,-50,-37,-109,-263
GIS,General Mills,50.01,6,-108,-45,-5,-152,-7,-54,-41,-20,-122,-274
BF-A,Brown–Forman (Class A),27.86,-63,-3,-106,-19,-191,-54,42,-46,-25,-83,-274
RYAN,Ryan Specialty,50.96,-88,-54,-7,0,-149,-84,-60,-13,26,-131,-280
BF-B,Brown–Forman (Class B),27.28,-77,-6,-107,-19,-209,-54,42,-39,-29,-80,-289
UPS,United Parcel Service,83.87,-63,-31,-110,-17,-221,2,-3,-38,-35,-74,-295
RHI,Robert Half,35.0,-21,-158,-33,-10,-222,-19,8,-31,-33,-75,-297
STZ,Constellation Brands,142.95,-127,-12,-49,-4,-192,-41,-15,-65,-9,-130,-322
GLOB,Globant,57.12,-87,-80,-30,-8,-205,-54,-28,-30,-8,-120,-325
PRGO,Perrigo,22.1,-48,-25,-6,-114,-193,-75,-24,-6,-56,-161,-354
COLD,Americold,13.2,-62,-112,-45,-12,-231,-21,-54,-45,-16,-136,-367
