Symbol,Name,Close,1H Cloud Score,1D Cloud Score,1W Cloud Score,1M Cloud Score,Cloud Score Sum,1H TKx Score,1D TKx Score,1W TKx Score,1M TKx Score,TKx Score Sum,Total Score Sum
TJX,TJX Companies,141.37,-25,50,156,200,381,2,12,125,195,334,715
COOP,Mr. Cooper Group,210.79,-7,100,126,60,279,11,99,124,58,292,571
ORLY,O'Reilly Auto Parts,102.88,0,1,171,201,373,6,-1,62,91,158,531
SO,Southern Company,98.09,48,7,84,192,331,40,8,31,81,160,491
CASY,Casey's,565.75,7,26,121,89,243,8,22,125,80,235,478
ORI,Old Republic International,42.93,0,44,155,60,259,-26,42,125,57,198,457
WRB,W. R. Berkley Corporation,77.43,0,33,102,178,313,-5,46,32,57,130,443
MPWR,Monolithic Power Systems,982.22,7,107,11,159,284,76,51,18,2,147,431
FIX,Comfort Systems USA,846.44,7,110,25,66,208,24,122,18,57,221,429
ATO,Atmos Energy,175.5,102,47,82,47,278,-1,9,93,47,148,426
DUK,Duke Energy,126.09,49,7,84,185,325,42,9,30,18,99,424
AAPL,Apple Inc.,247.59,-21,74,6,253,312,-21,42,10,73,104,416
JPM,JPMorgan Chase,307.94,0,109,131,160,400,-68,34,18,28,12,412
INSM,Insmed,163.96,67,87,72,18,244,70,57,18,22,167,411
MMC,Marsh McLennan,205.35,73,0,-11,177,239,-2,5,-19,180,164,403
PLTR,Palantir Technologies,177.19,-9,120,124,0,235,-7,18,127,22,160,395
NRG,NRG Energy,168.76,6,22,111,96,235,-11,21,121,23,154,389
COR,Cencora,316.99,23,30,52,77,182,31,39,63,70,203,385
APH,Amphenol,123.85,0,120,27,67,214,-5,122,18,29,164,378
HWM,Howmet Aerospace,189.98,-2,24,156,31,209,-15,24,100,59,168,377
GS,Goldman Sachs,787.76,-24,107,100,60,243,-26,118,18,23,133,376
IDA,Idacorp,134.65,109,76,64,20,269,41,15,34,12,102,371
COST,Costco,935.49,21,-18,0,182,185,26,-29,-10,186,173,358
L,Loews Corporation,101.33,0,107,120,57,284,-12,42,18,26,74,358
ORCL,Oracle Corporation,308.06,21,24,19,200,264,24,21,18,29,92,356
ROL,"Rollins, Inc.",56.1,-20,-1,39,288,306,-33,6,31,37,41,347
ETR,Entergy,95.72,0,17,84,139,240,-24,16,97,16,105,345
AM,Antero Midstream,18.36,-21,29,156,25,189,-12,22,86,57,153,342
GD,General Dynamics,334.4,-9,129,16,56,192,-16,84,18,59,145,337
CBOE,Cboe Global Markets,243.39,5,2,152,57,216,27,10,30,53,120,336
RTX,RTX Corporation,158.85,-17,106,85,56,230,-19,15,92,16,104,334
WELL,Welltower,166.82,-32,1,124,60,153,-51,65,141,26,181,334
AVGO,Broadcom,356.68,7,110,27,118,262,24,-3,18,32,71,333
TIGO,Millicom,47.48,-1,187,85,4,275,3,4,32,18,57,332
ACM,AECOM,131.51,7,113,24,67,211,-12,42,18,73,121,332
BSX,Boston Scientific,94.95,0,-22,152,146,276,-5,-16,18,59,56,332
MSI,Motorola Solutions,456.1,-2,0,9,155,162,-15,-13,9,187,168,330
CME,CME Group,271.35,16,0,62,138,216,23,11,58,21,113,329
DTE,DTE Energy,140.07,-7,15,82,191,281,-19,12,35,15,43,324
ANET,Arista Networks,147.41,-2,92,15,60,165,-3,88,14,58,157,322
CDNS,Cadence Design Systems,332.21,-22,-2,25,143,144,-18,-5,18,182,177,321
FFIV,"F5, Inc.",340.62,42,106,102,16,266,-3,20,18,19,54,320
RL,Ralph Lauren Corporation,317.06,0,109,102,36,247,-12,38,18,28,72,319
WMT,Walmart,102.11,1,31,135,103,270,-2,-3,18,31,44,314
MNST,Monster Beverage,67.14,0,46,34,182,262,-3,20,27,6,50,312
SNX,TD Synnex,154.11,-14,107,23,65,181,-21,113,16,23,131,312
NEM,Newmont,89.41,7,131,27,7,172,7,93,27,12,139,311
CIEN,Ciena,164.79,85,107,17,14,223,23,29,16,18,86,309
MDU,MDU Resources,18.91,119,15,3,60,197,44,17,18,32,111,308
PPL,PPL Corporation,37.44,6,65,84,25,180,4,11,96,16,127,307
WM,"Waste Management, Inc.",217.09,-4,-36,0,189,149,-2,1,-2,161,158,307
KRMN,Karman Holdings,79.09,189,44,0,0,233,28,35,10,0,73,306
RBC,RBC Bearings,380.69,1,-9,101,166,259,-5,-30,22,59,46,305
WEC,WEC Energy Group,114.98,49,63,63,15,190,5,20,76,13,114,304
IBM,IBM,277.16,-13,18,117,56,178,-25,26,64,58,123,301
CRS,Carpenter Technology Corporation,241.95,-9,-2,154,37,180,-14,4,79,51,120,300
GLW,Corning Inc.,85.51,7,106,27,19,159,-5,113,16,16,140,299
CAT,Caterpillar Inc.,504.83,7,106,16,66,195,-4,31,16,59,102,297
ALL,Allstate,205.64,-21,18,105,161,263,-16,11,19,19,33,296
EME,Emcor,677.08,7,107,25,60,199,-5,26,16,59,96,295
MCD,McDonald's,300.11,1,-6,0,244,239,9,-18,6,59,56,295
LLY,Lilly (Eli),819.16,0,12,2,174,188,-5,29,-15,98,107,295
LHX,L3Harris,293.35,-10,129,20,7,146,-12,122,20,16,146,292
NVT,Nvent Electric,99.47,7,107,16,14,144,19,120,16,-7,148,292
CW,Curtiss-Wright,551.55,6,115,27,56,204,-5,23,18,51,87,291
NEE,NextEra Energy,84.29,112,14,3,2,131,116,10,18,15,159,290
EXC,Exelon,46.86,109,10,63,16,198,68,9,2,12,91,289
V,Visa Inc.,343.23,-9,-1,145,135,270,-16,7,-1,28,18,288
GRMN,Garmin,251.39,0,80,120,21,221,-12,41,14,23,66,287
EVRG,Evergy,77.49,14,88,66,16,184,-12,16,85,12,101,285
MLM,Martin Marietta Materials,638.61,72,62,14,62,210,21,4,18,29,72,282
LYV,Live Nation Entertainment,153.85,0,-4,102,149,247,12,-12,17,18,35,282
AZO,AutoZone,4100.22,-35,1,102,88,156,7,-4,62,59,124,280
LOPE,Grand Canyon Education,207.47,-34,47,155,37,205,-50,46,42,36,74,279
ABBV,AbbVie,230.31,-3,59,25,60,141,-5,66,11,66,138,279
FE,FirstEnergy,46.96,102,60,14,57,233,-3,14,18,16,45,278
MA,Mastercard,559.13,-19,-2,134,157,270,-19,-20,18,28,7,277
GOOGL,Alphabet (Class A),244.13,-21,96,16,178,269,-26,-2,13,23,8,277
GOOG,Alphabet (Class C),244.65,-21,96,15,178,268,-26,-1,12,23,8,276
NFLX,Netflix,1218.65,30,0,124,22,176,-2,-18,95,22,97,273
AYI,Acuity Brands,359.96,6,83,12,29,130,-5,112,14,22,143,273
MCK,McKesson Corporation,769.16,19,18,50,60,147,24,35,-5,69,123,270
SGI,Somnigroup International,85.05,7,107,49,66,229,7,-13,18,28,40,269
SRE,Sempra,91.17,-2,62,8,183,251,-17,17,16,1,17,268
IBKR,Interactive Brokers,70.51,7,18,97,59,181,-5,17,16,59,87,268
J,Jacobs Solutions,153.87,0,105,14,108,227,-12,16,15,21,40,267
TRV,Travelers Companies (The),270.4,-20,0,99,60,139,-19,54,32,58,125,264
SPOT,Spotify,692.15,0,0,120,14,134,7,-4,103,22,128,262
IONS,Ionis Pharmaceuticals,70.58,98,110,9,2,219,2,35,18,-12,43,262
HUBB,Hubbell Incorporated,418.73,0,-2,9,184,191,-5,-13,14,73,69,260
WDC,Western Digital,118.87,-30,107,20,20,117,2,118,18,5,143,260
HEI,HEICO (Common),311.58,-19,-3,33,191,202,-14,-11,24,59,58,260
MLI,Mueller Industries,98.22,-21,79,15,60,133,-35,72,16,73,126,259
ETN,Eaton Corporation,375.43,0,17,16,116,149,-5,24,16,74,109,258
TPR,"Tapestry, Inc.",114.07,0,107,88,23,218,-21,24,16,21,40,258
HOOD,Robinhood Markets,140.7,0,109,89,0,198,-5,26,18,20,59,257
GE,GE Aerospace,297.52,0,118,27,29,174,-16,29,38,31,82,256
DASH,DoorDash,273.51,0,106,105,0,211,-14,21,18,20,45,256
VMC,Vulcan Materials,302.74,-2,59,14,62,133,9,67,18,29,123,256
CINF,Cincinnati Financial,157.87,-8,50,93,64,199,-20,41,18,17,56,255
FYBR,Frontier Communications,37.43,0,45,97,0,142,-13,8,102,16,113,255
OLLI,Ollie's Bargain Outlet,132.85,7,1,123,18,149,18,-8,71,25,106,255
HPE,Hewlett Packard Enterprise,24.76,-1,103,9,44,155,-12,40,15,56,99,254
ULTA,Ulta Beauty,542.88,-8,117,20,6,135,-11,120,20,-11,118,253
MS,Morgan Stanley,155.15,-13,107,84,66,244,-26,-1,18,18,9,253
DRS,Leonardo DRS,43.67,-9,0,147,60,198,-12,17,18,31,54,252
AU,AngloGold Ashanti,74.53,0,51,84,20,155,-12,60,32,16,96,251
URI,United Rentals,974.74,0,107,15,66,188,-16,4,16,59,63,251
AAON,AAON,101.95,0,18,0,247,265,-17,36,-33,-1,-15,250
SCI,Service Corporation International,81.35,-5,23,5,177,200,2,17,16,15,50,250
AJG,Arthur J. Gallagher & Co.,298.04,-21,0,0,188,167,-28,11,-10,109,82,249
OGE,OGE Energy,45.98,3,12,76,47,138,6,13,76,16,111,249
CRH,CRH plc,117.55,0,61,15,66,142,-5,70,12,29,106,248
AIZ,Assurant,217.42,-1,48,9,154,210,-4,10,10,21,37,247
CNP,Centerpoint Energy,39.37,6,61,57,47,171,-11,19,51,17,76,247
DGX,Quest Diagnostics,182.8,0,46,76,20,142,14,-1,76,16,105,247
LDOS,Leidos,186.0,-9,119,10,25,145,-17,76,21,21,101,246
PWR,Quanta Services,431.06,7,14,25,101,147,-12,18,18,74,98,245
AWI,Armstrong World Industries,195.74,-11,114,102,23,228,-26,4,18,21,17,245
AXON,Axon Enterprise,709.9,-9,-23,153,96,217,-10,-14,18,32,26,243
PSTG,Pure Storage,92.54,58,37,7,44,146,-5,29,14,59,97,243
NDAQ,"Nasdaq, Inc.",89.37,30,-15,84,146,245,-5,-31,18,16,-2,243
CMS,CMS Energy,73.54,85,6,84,25,200,12,9,6,16,43,243
PGR,Progressive Corporation,236.24,-18,-87,-1,179,73,-11,-1,-11,191,168,241
BR,Broadridge Financial Solutions,232.67,-9,-21,122,147,239,-14,-29,18,27,2,241
NVDA,Nvidia,188.32,7,18,22,136,183,-4,16,18,28,58,241
LITE,Lumentum,160.58,-19,105,22,5,113,-14,113,16,12,127,240
TLN,Talen Energy,435.65,6,119,47,0,172,-12,54,19,4,65,237
HEI-A,HEICO (Class A),245.02,-20,-3,34,184,195,-12,-4,25,32,41,236
CMI,Cummins,409.0,-13,79,13,67,146,-26,70,14,32,90,236
MO,Altria,64.93,-7,60,78,47,178,-2,7,34,18,57,235
WMB,Williams Companies,62.67,-21,18,120,54,171,-36,23,18,59,64,235
XEL,Xcel Energy,80.16,-1,63,59,14,135,-10,32,67,11,100,235
NI,NiSource,42.73,-9,14,82,47,134,-26,14,97,16,101,235
TT,Trane Technologies,418.82,-9,0,24,166,181,-9,10,18,31,50,231
FWONK,Liberty Formula 1 (Series C),104.06,-14,20,78,59,143,-24,34,18,58,86,229
BWXT,BWX Technologies,197.37,7,105,21,37,170,-9,17,18,33,59,229
PNR,Pentair,108.81,-13,107,17,64,175,-33,44,16,26,53,228
ALLE,Allegion,173.69,-13,119,17,23,146,-35,75,18,24,82,228
FLEX,Flex Ltd.,58.83,7,36,26,60,129,-7,29,18,59,99,228
CHD,Church & Dwight,86.52,-7,-55,-24,346,260,-19,-18,-22,27,-32,228
KLAC,KLA Corporation,1024.58,-30,26,22,179,197,-36,20,18,28,30,227
ITT,ITT Inc.,171.5,-21,113,24,101,217,-34,-2,18,28,10,227
MSFT,Microsoft,513.97,-12,0,24,175,187,-21,15,18,27,39,226
FWONA,Liberty Formula 1 (Series A),94.65,-20,20,77,64,141,-24,34,17,58,85,226
THG,Hanover Insurance,175.79,-13,46,69,26,128,-19,38,61,16,96,224
FHN,First Horizon Corporation,22.44,-9,107,60,6,164,-4,36,16,12,60,224
PANW,Palo Alto Networks,213.24,7,27,7,83,124,-8,28,18,59,97,221
NEU,NewMarket,790.37,-19,129,27,31,168,-13,7,30,29,53,221
WPC,W. P. Carey,67.53,-28,104,37,4,117,-34,96,34,7,103,220
CTAS,Cintas,187.91,-37,-41,-1,169,90,-56,-3,-1,189,129,219
LMT,Lockheed Martin,503.89,0,33,0,167,200,-16,35,3,-4,18,218
BK,BNY Mellon,106.28,-60,109,102,42,193,-13,-1,18,21,25,218
DDS,Dillard's,610.72,-27,89,22,56,140,-40,43,15,57,75,215
YUM,Yum! Brands,140.43,-42,-3,0,261,216,-60,-2,2,59,-1,215
JNJ,Johnson & Johnson,190.86,89,73,16,9,187,-1,8,13,8,28,215
AMGN,Amgen,292.37,0,9,-1,167,175,-9,3,6,38,38,213
GWRE,Guidewire Software,242.85,19,4,118,23,164,20,-12,18,22,48,212
UI,Ubiquiti,686.84,7,36,60,12,115,-6,71,18,12,95,210
EHC,Encompass Health,121.31,-62,41,151,31,161,-12,-2,32,31,49,210
DCI,Donaldson Company,81.02,-13,59,10,67,123,-30,66,18,32,86,209
LH,Labcorp,276.55,-4,57,63,17,133,-5,44,16,20,75,208
HIG,Hartford (The),128.73,-21,0,102,59,140,-19,-2,29,58,66,206
LIN,Linde plc,456.63,-23,-3,21,112,107,-19,-9,18,108,98,205
COKE,Coca-Cola Consolidated,124.78,67,10,0,68,145,26,3,-24,54,59,204
RSG,Republic Services,223.03,-2,-53,0,179,124,4,-78,-9,162,79,203
HII,Huntington Ingalls Industries,287.86,4,146,16,8,174,-10,26,24,-11,29,203
AXS,AXIS Capital,97.35,35,0,94,47,176,-10,-20,-1,55,24,200
TDY,Teledyne Technologies,568.01,-14,106,60,16,168,-26,21,18,17,30,198
UTHR,United Therapeutics,440.06,0,43,6,59,108,-20,43,6,61,90,198
AMAT,Applied Materials,219.51,3,18,3,151,175,-4,18,16,-7,23,198
VRT,Vertiv,179.03,70,18,17,10,115,22,17,15,28,82,197
MEDP,Medpace,527.36,0,81,12,34,127,-37,91,12,4,70,197
AN,AutoNation,215.65,-13,44,25,63,119,-4,4,18,59,77,196
AMD,Advanced Micro Devices,216.41,65,6,6,112,189,-10,8,18,-9,7,196
NET,Cloudflare,222.61,7,107,47,0,161,-5,1,18,21,35,196
CACI,CACI,507.95,-1,12,10,156,177,-20,19,22,-3,18,195
RKLB,Rocket Lab,65.42,56,27,57,0,140,-4,29,18,10,53,193
ASTS,AST SpaceMobile,90.49,63,9,19,0,91,58,15,18,10,101,192
PTC,PTC Inc.,202.49,-2,0,14,184,196,-26,-23,15,28,-6,190
CAH,Cardinal Health,154.31,-2,12,63,40,113,-7,26,-1,59,77,190
TTWO,Take-Two Interactive,256.77,-1,30,53,15,97,-19,37,53,22,93,190
NOC,Northrop Grumman,619.02,0,74,18,60,152,-9,8,25,14,38,190
AON,AON,353.28,-8,-3,0,179,168,-18,-24,5,58,21,189
KR,Kroger,67.13,33,-33,87,69,156,-7,-36,58,17,32,188
ARMK,Aramark,39.79,76,-33,23,42,108,-1,4,18,58,79,187
LRCX,Lam Research,137.77,-13,29,17,154,187,-32,21,18,-7,0,187
UNP,Union Pacific Corporation,225.84,-21,0,-1,200,178,-30,15,3,21,9,187
ALNY,Alnylam Pharmaceuticals,464.75,12,106,25,17,160,7,-15,18,17,27,187
STE,Steris,235.45,-63,-2,22,197,154,-12,-13,30,27,32,186
RVMD,Revolution Medicines,48.75,76,27,2,0,105,28,33,18,1,80,185
RBA,RB Global,105.05,-38,-13,112,29,90,-33,-8,115,21,95,185
IVZ,Invesco,23.27,-13,83,15,4,89,-13,79,15,15,96,185
PNW,Pinnacle West Capital,92.15,74,5,2,20,101,49,8,-1,28,84,185
MDT,Medtronic,95.57,-2,74,19,3,94,-23,88,11,15,91,185
HCA,HCA Healthcare,410.61,-17,46,11,99,139,-23,14,24,31,46,185
BLK,BlackRock,1156.53,-2,106,25,24,153,-26,17,18,23,32,185
AEE,Ameren,103.58,-1,15,65,15,94,-3,9,70,12,88,182
AFL,Aflac,110.25,-9,43,9,60,103,-23,42,2,57,78,181
CLF,Cleveland-Cliffs,13.84,98,72,0,-18,152,-4,32,11,-10,29,181
D,Dominion Energy,61.34,0,105,22,3,130,5,15,18,12,50,180
TKO,TKO Group Holdings,188.6,-30,45,79,42,136,-25,-3,18,52,42,178
SOFI,SoFi,27.16,0,99,54,0,153,-5,-1,16,13,23,176
USFD,US Foods,75.47,-4,-31,151,37,153,-12,-12,18,28,22,175
AMG,Affiliated Managers Group,236.76,-1,113,19,24,155,-13,-4,18,19,20,175
AME,Ametek,182.16,-51,0,12,108,69,-5,-11,18,103,105,174
BEPC,Brookfield Renewable Partners,39.63,82,16,18,0,116,2,25,18,12,57,173
CELH,Celsius Holdings,61.15,77,12,1,67,157,-5,4,26,-11,14,171
TDG,TransDigm Group,1293.19,0,-43,5,159,121,-23,14,-1,59,49,170
ROP,Roper Technologies,512.83,38,-51,-10,184,161,-11,1,-9,28,9,170
VMI,Valmont Industries,397.06,0,12,70,60,142,-12,12,15,12,27,169
KNSL,Kinsale Capital Group,472.16,56,0,2,35,93,-13,4,-3,87,75,168
BKNG,Booking Holdings,5251.63,-35,-11,144,37,135,9,-24,18,28,31,166
FSLR,First Solar,226.16,-2,72,3,64,137,-9,27,18,-8,28,165
THC,Tenet Healthcare,190.02,-20,44,22,59,105,-25,41,16,26,58,163
RGLD,Royal Gold,199.54,-2,37,69,20,124,-28,45,4,18,39,163
BRO,Brown & Brown,94.48,0,-1,-7,165,157,-10,5,-18,28,5,162
KMI,Kinder Morgan,27.35,-30,0,100,46,116,-47,23,16,54,46,162
PEG,Public Service Enterprise Group,81.75,0,-29,3,154,128,-8,11,12,19,34,162
KO,Coca-Cola Company (The),66.79,4,-36,2,184,154,-3,1,-6,16,8,162
GILD,Gilead Sciences,118.22,37,5,59,37,138,-5,-29,16,41,23,161
AEP,American Electric Power,116.8,0,10,81,25,116,-11,8,31,16,44,160
NFG,National Fuel Gas,84.79,-49,-2,68,54,71,-19,17,79,12,89,160
ECG,Everus Construction Group,86.75,27,105,0,0,132,-4,17,15,0,28,160
XYL,Xylem Inc.,145.98,-13,107,16,24,134,-33,16,18,24,25,159
SPGI,S&P Global,479.19,-2,-18,1,174,155,-5,-30,16,23,4,159
SCCO,Southern Copper,133.2,7,29,6,65,107,-12,42,18,2,50,157
SYK,Stryker Corporation,364.8,0,-22,1,161,140,-12,-19,16,31,16,156
ATI,ATI Inc.,82.96,2,0,24,45,71,-14,26,18,54,84,155
AGNC,AGNC Investment,9.99,0,92,19,18,129,-12,3,16,19,26,155
TER,Teradyne,139.13,-13,78,3,4,72,-29,108,11,-7,83,155
CRWD,CrowdStrike,508.67,28,18,53,0,99,-3,19,18,22,56,155
CEG,Constellation Energy,380.86,63,12,24,0,99,-1,17,18,21,55,154
ZS,Zscaler,312.88,28,12,25,7,72,23,20,18,20,81,153
FERG,Ferguson Enterprises,235.1,7,8,19,67,101,-5,12,18,27,52,153
LNG,Cheniere Energy,227.16,-17,-3,68,60,108,-12,-19,18,58,45,153
DTM,DT Midstream,109.88,-20,25,111,0,116,-33,24,18,27,36,152
ROST,Ross Stores,154.77,7,50,8,37,102,3,9,7,31,50,152
TSCO,Tractor Supply Company,54.91,0,-13,15,87,89,-12,-24,12,87,63,152
LNT,Alliant Energy,67.66,0,15,76,16,107,2,9,18,15,44,151
EBAY,eBay,89.37,-11,0,85,16,90,-21,-27,90,18,60,150
CVS,CVS Health,78.44,14,42,18,1,75,19,46,8,2,75,150
MP,MP Materials,95.09,14,8,40,0,62,13,15,53,6,87,149
FICO,Fair Isaac,1648.56,-27,8,-1,168,148,-27,31,-36,33,1,149
MRVL,Marvell Technology,89.38,7,14,0,108,129,-5,16,8,-1,18,147
NLY,Annaly Capital Management,20.8,7,89,26,12,134,-8,-14,16,18,12,146
SNOW,Snowflake Inc.,247.3,65,32,23,0,120,-3,6,18,3,24,144
MCO,Moody's Corporation,473.61,-7,-18,2,158,135,-4,-30,16,27,9,144
PM,Philip Morris International,159.46,5,-21,78,57,119,24,-27,-2,29,24,143
VST,Vistra Corp.,209.53,7,1,27,32,67,-5,18,16,47,76,143
EPR,EPR Properties,54.55,-42,0,65,31,54,2,26,38,23,89,143
H,Hyatt Hotels,145.94,6,12,5,57,80,-12,4,14,57,63,143
APP,AppLovin,590.1,-42,52,113,0,123,-14,-1,14,20,19,142
CXT,Crane NXT,66.39,0,15,3,57,75,-12,7,14,58,67,142
SPG,Simon Property Group,176.49,-40,76,9,37,82,-54,75,16,23,60,142
AFG,American Financial Group,138.4,-21,48,9,58,94,-29,48,12,16,47,141
DDOG,Datadog,164.24,84,12,7,0,103,-3,24,15,1,37,140
POST,Post Holdings,107.2,3,-1,-6,89,85,10,2,-16,59,55,140
EA,Electronic Arts,200.27,0,53,12,9,74,3,15,24,23,65,139
INFA,Informatica,24.92,7,98,0,0,105,20,7,16,-9,34,139
STLD,Steel Dynamics,145.58,7,21,8,57,93,-9,35,18,1,45,138
ITW,Illinois Tool Works,244.48,-43,-4,10,180,143,-37,-14,15,31,-5,138
CBRE,CBRE Group,152.93,0,0,100,24,124,-5,-14,16,16,13,137
VTR,"Ventas, Inc.",67.44,-28,63,80,24,139,-42,10,12,17,-3,136
CWEN-A,Clearway Energy (Class A),29.96,7,6,66,8,87,-3,9,30,12,48,135
PSA,Public Storage,299.57,76,12,0,3,91,21,7,18,-2,44,135
CLH,Clean Harbors,236.96,10,0,9,60,79,5,-26,18,59,56,135
TMUS,T-Mobile US,225.05,-4,-13,0,141,124,-3,-22,-1,37,11,135
MSA,MSA Safety,169.27,-20,-3,2,166,145,-31,9,18,-7,-11,134
ELAN,Elanco,20.01,-12,110,10,0,108,-26,42,17,-8,25,133
ROIV,Roivant Sciences,16.2,6,44,9,0,59,-6,60,18,2,74,133
CWEN,Clearway Energy (Class C),31.81,7,6,66,6,85,-3,9,30,12,48,133
FTAI,FTAI Aviation,169.07,0,53,11,49,113,-26,-1,14,33,20,133
HLT,Hilton Worldwide,263.34,7,-10,24,66,87,19,-18,16,28,45,132
WCC,Wesco International,212.86,-11,0,15,60,64,-11,4,16,59,68,132
DOCS,Doximity,67.5,-14,77,62,0,125,-14,-2,8,14,6,131
ADI,Analog Devices,234.59,-69,-2,19,181,129,-33,-12,18,28,1,130
ED,Consolidated Edison,100.83,34,0,1,49,84,-1,9,-12,47,43,127
CFLT,"Confluent, Inc.",23.2,56,4,-11,0,49,75,27,-26,2,78,127
ADP,Automatic Data Processing,283.52,-20,-30,0,182,132,-20,-43,-2,59,-6,126
PFG,Principal Financial Group,79.68,-13,36,5,57,85,-26,31,15,20,40,125
WSO,Watsco,364.53,-24,-51,-11,198,112,-33,8,-36,73,12,124
JCI,Johnson Controls,106.39,-13,-2,83,21,89,-33,29,18,20,34,123
EXPE,Expedia Group,215.67,-34,80,57,13,116,-29,6,14,16,7,123
FRHC,Freedom Holding,170.12,0,0,62,16,78,-8,3,18,32,45,123
EQIX,Equinix,806.74,29,1,-16,36,50,40,20,-16,28,72,122
CMA,Comerica,77.36,0,81,15,6,102,-17,7,15,14,19,121
INTU,Intuit,655.74,-56,-38,25,193,124,-42,-2,18,22,-4,120
DINO,HF Sinclair,52.53,3,109,8,3,123,-9,-3,18,-10,-4,119
NTRA,Natera,174.2,28,38,9,20,95,2,-8,8,21,23,118
FAST,Fastenal,42.32,-40,-1,57,108,124,-30,-22,21,25,-6,118
MU,Micron Technology,192.72,5,33,6,24,68,-13,42,18,2,49,117
PATH,UiPath,17.16,42,16,1,0,59,42,26,2,-12,58,117
WTM,White Mountains Insurance Group,1901.62,48,7,1,61,117,-3,-27,-28,58,0,117
VRTX,Vertex Pharmaceuticals,407.35,0,0,-10,106,96,-10,5,-14,39,20,116
ABT,Abbott Laboratories,131.38,-4,36,64,15,111,-10,-5,4,16,5,116
MET,Metlife,80.81,-13,38,3,60,88,-19,10,16,20,27,115
STAG,STAG Industrial,36.26,6,1,2,98,107,-5,1,18,-6,8,115
SHW,Sherwin-Williams,332.07,-42,-17,-1,192,132,-37,-20,18,21,-18,114
NOW,ServiceNow,923.69,1,0,-2,84,83,-5,-5,16,24,30,113
CSL,Carlisle Companies,325.03,-43,-22,-5,180,110,1,-18,-2,22,3,113
PAYX,Paychex,127.38,34,-53,-4,169,146,6,-46,-9,16,-33,113
SNA,Snap-on,332.1,-36,28,6,61,59,-39,22,11,59,53,112
SSD,Simpson Manufacturing Company,165.57,-13,-13,0,158,132,-13,-18,14,-3,-20,112
TEM,Tempus AI,94.44,58,44,0,0,102,-7,5,11,0,9,111
CSCO,Cisco,67.45,-9,-2,56,16,61,-5,10,18,27,50,111
SCHW,Charles Schwab Corporation,93.49,-14,-2,85,13,82,-5,-1,18,16,28,110
WTW,Willis Towers Watson,336.54,-21,52,16,26,73,-26,23,8,31,36,109
HR,Healthcare Realty Trust,17.89,0,75,10,2,87,3,-3,10,11,21,108
R,Ryder,179.78,-22,0,19,58,55,-29,8,16,58,53,108
CB,Chubb Limited,282.57,-4,12,3,60,71,-18,9,-12,58,37,108
RGA,Reinsurance Group of America,194.45,-2,25,0,42,65,-23,7,2,55,41,106
AIG,American International Group,81.81,0,7,36,55,98,-14,7,-8,23,8,106
MTZ,MasTec,203.3,-14,24,27,20,57,-14,29,18,15,48,105
RJF,Raymond James Financial,159.82,-63,0,100,60,97,-26,-2,15,21,8,105
XPO,"XPO, Inc.",128.45,-2,-1,2,63,62,-5,3,15,29,42,104
ALAB,Astera Labs,199.55,-8,105,5,0,102,-5,-8,13,0,0,102
PODD,Insulet,314.53,35,0,53,6,94,-7,-16,22,8,7,101
GL,Globe Life,136.45,-2,0,53,16,67,18,-6,12,10,34,101
DKS,Dick's Sporting Goods,229.94,2,1,5,65,73,-37,21,8,35,27,100
BOKF,BOK Financial Corporation,111.03,-12,76,8,24,96,-16,-8,12,16,4,100
JHG,Janus Henderson,43.21,-21,0,14,21,14,-26,76,15,20,85,99
JBL,Jabil,199.89,-51,-7,27,67,36,-12,-5,19,59,61,97
RRC,Range Resources,36.97,-14,0,3,44,33,-12,25,-6,57,64,97
FTNT,Fortinet,84.18,-13,0,-1,115,101,-32,22,-10,15,-5,96
NTAP,Netapp,118.84,-14,50,6,59,101,-14,-4,15,-3,-6,95
PG,Procter & Gamble,147.48,-31,-16,-14,181,120,-21,-10,-22,28,-25,95
IRM,Iron Mountain,102.18,-4,21,4,59,80,-23,20,18,-1,14,94
RNR,RenaissanceRe,262.21,0,18,2,37,57,-22,13,16,30,37,94
WAB,Wabtec,193.53,-13,0,3,51,41,-33,10,18,58,53,94
BRX,Brixmor Property Group,26.81,-1,0,8,57,64,-5,-11,18,28,30,94
VEEV,Veeva Systems,286.13,-13,12,53,10,62,-19,12,18,20,31,93
MKL,Markel,1930.51,-1,-21,76,57,111,-19,-43,16,28,-18,93
RBLX,Roblox Corporation,128.24,0,0,61,0,61,-4,-2,24,13,31,92
BYD,Boyd Gaming,82.08,-35,-1,56,61,81,-47,11,18,29,11,92
XOM,ExxonMobil,112.23,-15,1,5,46,37,-12,-2,17,52,55,92
SNDK,SanDisk,134.43,7,40,0,0,47,-7,42,10,0,45,92
COF,Capital One,207.61,-24,-4,102,23,97,-33,-10,18,20,-5,92
AMKR,Amkor Technology,30.47,-12,92,0,4,84,-26,28,12,-7,7,91
COHR,Coherent Corp.,115.13,7,18,6,17,48,-6,17,15,17,43,91
MTSI,MACOM Technology Solutions,130.54,0,0,7,60,67,-13,-11,16,31,23,90
PRI,Primerica,266.57,-33,-2,2,110,77,-32,-4,16,32,12,89
AA,Alcoa,36.25,65,36,1,-22,80,-8,41,10,-34,9,89
GGG,Graco Inc.,80.99,-35,-17,-1,180,127,-35,-19,18,-2,-38,89
TSLA,"Tesla, Inc.",435.9,-30,46,6,12,34,-21,52,12,12,55,89
GWW,W. W. Grainger,935.19,-11,-14,-11,96,60,-5,-17,-9,59,28,88
EQH,Equitable Holdings,48.88,-23,-10,100,13,80,-26,-6,18,21,7,87
CVNA,Carvana,338.5,-42,-2,100,13,69,-45,27,18,18,18,87
FCX,Freeport-McMoRan,42.77,28,-2,1,60,87,-11,1,18,-8,0,87
INCY,Incyte,84.7,-16,93,11,0,88,-28,4,14,9,-1,87
WWD,"Woodward, Inc.",253.62,0,1,27,37,65,-29,4,18,28,21,86
BKR,Baker Hughes,45.48,-35,61,12,37,75,-28,-2,12,28,10,85
PH,Parker Hannifin,728.56,-21,0,25,67,71,-33,-3,18,32,14,85
SEIC,SEI Investments Company,82.53,-21,-27,100,37,89,-26,-24,18,28,-4,85
RS,"Reliance, Inc.",275.26,-25,-51,-4,117,37,-12,-16,-3,79,48,85
EXAS,Exact Sciences,59.37,72,27,1,-27,73,-6,35,1,-18,12,85
C,Citigroup,96.09,-70,107,27,20,84,-33,-2,18,16,-1,83
EMR,Emerson Electric,128.19,-13,-5,24,66,72,-34,-2,18,28,10,82
AL,Air Lease Corporation,63.5,-18,37,25,24,68,-28,-5,18,28,13,81
SNPS,Synopsys,447.81,-14,-24,-5,182,139,-13,-36,-2,-7,-58,81
SMCI,Supermicro,54.75,0,9,0,60,69,-10,20,13,-11,12,81
UBER,Uber,94.08,-18,26,26,1,35,-25,18,24,28,45,80
BLD,TopBuild,424.37,32,4,10,48,94,-2,-21,14,-5,-14,80
DAL,Delta Air Lines,58.69,21,0,9,21,51,-11,1,10,28,28,79
INTC,Intel,37.21,1,43,3,0,47,-5,42,8,-14,31,78
LPLA,LPL Financial,317.46,-1,-32,0,101,68,-5,-43,-1,59,10,78
BPOP,"Popular, Inc.",121.42,-20,0,25,61,66,-26,-2,18,21,11,77
UNM,Unum,75.45,-21,0,6,42,27,-31,27,-2,56,50,77
WFC,Wells Fargo,78.9,-63,-2,100,31,66,-22,-6,18,21,11,77
BRK-B,Berkshire Hathaway,491.83,-20,33,0,64,77,-23,7,-13,28,-1,76
VICI,Vici Properties,30.92,-33,-6,66,17,44,-40,-18,31,59,32,76
EQT,EQT Corporation,53.67,-16,0,49,44,77,-23,11,-1,12,-1,76
OZK,Bank OZK,50.26,-13,0,25,58,70,-21,-10,16,21,6,76
SYY,Sysco,78.25,-41,0,15,5,-21,-41,107,15,16,97,76
HSY,Hershey Company (The),189.11,-7,73,12,0,78,-21,27,12,-21,-3,75
LSCC,Lattice Semiconductor,71.37,-13,49,9,0,45,-5,42,10,-17,30,75
BAM,Brookfield Asset Management,56.97,-13,-2,73,0,58,-5,-6,18,10,17,75
META,Meta Platforms,715.48,0,-10,25,31,46,-5,-8,16,25,28,74
CPNG,Coupang,31.78,-13,26,25,0,38,-28,26,18,19,35,73
KRC,Kilroy Realty,40.34,-34,97,14,0,77,-26,-5,14,13,-4,73
PCAR,Paccar,93.23,-45,-4,-30,161,82,-40,-10,5,36,-9,73
ECL,Ecolab,270.09,-9,0,24,24,39,-13,7,18,21,33,72
AIT,Applied Industrial Technologies,246.74,-36,-3,15,60,36,-31,-6,14,59,36,72
CORT,Corcept Therapeutics,71.53,-14,19,0,21,26,-14,17,2,40,45,71
CRUS,Cirrus Logic,120.64,-21,44,6,21,50,-31,39,18,-5,21,71
MMM,3M,151.11,-21,-2,82,16,75,-36,-3,18,16,-5,70
RPM,RPM International,111.56,-42,-9,-3,182,128,-54,-17,15,-2,-58,70
EXPD,Expeditors International,113.98,-27,-3,-1,133,102,-31,-10,14,-5,-32,70
UHS,Universal Health Services,197.77,-14,39,0,24,49,-26,43,2,1,20,69
PAG,Penske Automotive Group,168.32,-27,-8,23,64,52,-42,-18,18,59,17,69
T,AT&T,25.58,-113,-9,78,18,-26,-12,-12,102,17,95,69
TRGP,Targa Resources,151.7,-21,-3,-1,53,28,-12,-3,-1,56,40,68
ES,Eversource Energy,70.96,-3,17,23,2,39,-15,21,18,4,28,67
HRB,H&R Block,50.71,-23,-6,-9,54,16,7,4,-14,54,51,67
COIN,Coinbase,356.88,0,0,17,0,17,-5,18,17,20,50,67
WAT,Waters Corporation,336.41,64,4,-13,1,56,20,3,-28,16,11,67
NBIX,Neurocrine Biosciences,137.32,-3,44,8,27,76,-13,-5,15,-6,-9,67
SSNC,SS&C Technologies,81.04,-43,-3,98,16,68,-27,-6,15,17,-1,67
LPX,Louisiana-Pacific,89.73,0,-19,-5,65,41,-12,1,8,28,25,66
DELL,Dell Technologies,153.38,0,11,4,34,49,-12,16,18,-6,16,65
RPRX,Royalty Pharma,35.45,-7,-2,40,0,31,-5,3,34,2,34,65
AMP,Ameriprise Financial,481.81,-13,-31,2,66,24,-21,-27,16,73,41,65
STT,State Street Corporation,114.2,-12,1,25,18,32,-12,11,17,16,32,64
RCL,Royal Caribbean Group,306.14,-80,-4,129,30,75,-42,-17,18,29,-12,63
SF,Stifel,109.48,-23,0,16,61,54,-17,-11,15,22,9,63
WFRD,Weatherford International,62.99,-40,78,0,0,38,-12,36,8,-7,25,63
A,Agilent Technologies,138.22,0,33,2,1,36,-15,39,9,-7,26,62
GEV,GE Vernova,648.27,7,1,4,0,12,28,3,19,0,50,62
AMZN,Amazon,220.0,-1,-2,25,23,45,-5,-15,15,22,17,62
MPC,Marathon Petroleum,183.39,-35,33,7,51,56,-35,33,18,-10,6,62
APG,APi Group,34.54,-2,-2,26,0,22,-11,4,18,28,39,61
HHH,Howard Hughes Holdings,79.32,-21,47,6,0,32,-36,42,7,16,29,61
TRMB,Trimble Inc.,77.04,-21,-3,87,6,69,-26,-13,16,14,-9,60
ELF,e.l.f. Beauty,132.68,-6,33,0,33,60,-13,3,16,-7,-1,59
AXP,American Express,323.13,-70,36,25,101,92,-68,-4,16,23,-33,59
NU,Nubank,15.07,-16,38,9,0,31,-10,-1,18,21,28,59
MAR,Marriott International,263.26,-13,-3,2,60,46,-13,-19,15,29,12,58
TXT,Textron,81.75,-16,0,2,55,41,-26,31,18,-7,16,57
TTEK,Tetra Tech,34.57,35,-17,-37,121,102,-13,-43,14,-3,-45,57
VKTX,Viking Therapeutics,33.9,67,3,-48,23,45,-2,9,13,-8,12,57
CHRW,C.H. Robinson,124.4,-22,75,11,4,68,-35,-1,14,10,-12,56
NDSN,Nordson,230.52,0,37,2,3,42,-4,8,18,-9,13,55
MSGS,Madison Square Garden Sports,218.75,-34,25,5,23,19,-37,32,11,29,35,54
FLUT,Flutter Entertainment,249.77,0,-11,0,23,12,18,-22,16,29,41,53
DNB,Dun & Bradstreet,9.15,29,52,-28,0,53,46,-13,2,-37,-2,51
MKSI,MKS Instruments,133.07,0,28,5,1,34,-29,39,14,-7,17,51
CHWY,Chewy,38.54,0,-1,49,0,48,22,-17,-9,7,3,51
LOAR,Loar Holdings,79.8,5,4,0,0,9,19,34,-11,0,42,51
WTFC,Wintrust Financial,128.42,-13,-2,17,51,53,-26,-13,16,21,-2,51
M,"Macy's, Inc.",17.44,-21,73,6,-17,41,-28,36,7,-8,7,48
DLR,Digital Realty,171.49,-14,1,5,24,16,-27,20,18,21,32,48
EXEL,Exelixis,38.45,-38,0,72,16,50,-47,21,-2,26,-2,48
AWK,American Water Works,139.63,0,-1,34,0,33,-3,5,2,10,14,47
RMD,Resmed,272.92,-12,0,25,15,28,-18,4,17,15,18,46
SYF,Synchrony Financial,70.15,-13,-2,25,23,33,-13,-10,16,20,13,46
PKG,Packaging Corporation of America,207.71,-42,0,3,63,24,-13,-5,11,28,21,45
WSM,"Williams-Sonoma, Inc.",189.95,-34,0,16,67,49,-34,-4,10,23,-5,44
TXRH,Texas Roadhouse,171.9,7,-46,-7,66,20,-8,3,-4,33,24,44
CPRT,Copart,44.04,-21,-20,-21,178,116,-52,-19,-31,30,-72,44
MUSA,Murphy USA,376.12,-40,-6,-21,70,3,6,-10,-37,81,40,43
CNA,CNA Financial,46.48,0,0,0,59,59,-18,-22,2,22,-16,43
FNB,FNB Corporation,15.61,-21,0,9,57,45,-26,-14,17,21,-2,43
ACGL,Arch Capital Group,92.25,0,6,-16,64,54,-16,5,2,-2,-11,43
O,Realty Income,58.72,-31,51,18,9,47,-36,-2,18,15,-5,42
EG,Everest Group,350.93,-16,14,-1,57,54,-19,11,2,-7,-13,41
CFG,Citizens Financial Group,50.26,-24,0,16,6,-2,-30,42,15,16,43,41
JLL,Jones Lang LaSalle,290.51,0,0,12,16,28,-5,-10,12,16,13,41
FIVE,Five Below,151.19,2,1,8,0,11,-13,40,19,-17,29,40
PHM,PulteGroup,120.48,-35,-1,9,67,40,-35,-10,14,31,0,40
INGM,Ingram Micro,21.18,-13,24,0,0,11,-13,27,15,0,29,40
ESI,Element Solutions,25.1,-16,1,2,59,46,-26,7,15,-3,-7,39
GTES,Gates Corporation,24.57,-12,0,25,17,30,-33,4,18,20,9,39
LECO,Lincoln Electric,233.03,-17,0,15,67,65,-12,-21,16,-9,-26,39
EXE,Expand Energy,102.67,-19,0,49,0,30,-21,25,-7,12,9,39
NSC,Norfolk Southern,289.61,-22,21,19,6,24,-35,15,18,16,14,38
HON,Honeywell,202.94,-21,-42,-4,180,113,-44,-54,-1,24,-75,38
PLD,Prologis,112.66,-21,36,7,0,22,-30,35,18,-7,16,38
PSN,Parsons Corporation,86.39,0,19,2,1,22,-12,16,11,-3,12,34
K,Kellanova,82.8,0,11,2,23,36,-7,5,-15,15,-2,34
JAZZ,Jazz Pharmaceuticals,135.1,0,47,2,-8,41,-8,39,3,-41,-7,34
UAL,United Airlines Holdings,99.26,7,0,9,13,29,-12,-13,12,18,5,34
CI,Cigna,295.38,-4,0,-1,60,55,-12,4,-11,-3,-22,33
GLPI,Gaming and Leisure Properties,44.33,-37,-5,0,67,25,-37,-13,-1,59,8,33
PFGC,Performance Food Group,100.93,-109,0,61,45,-3,-35,-8,18,59,34,31
WTRG,Essential Utilities,39.76,0,7,14,0,21,-8,9,2,7,10,31
LAMR,Lamar Advertising,119.0,-31,-3,9,66,41,-38,-12,16,23,-11,30
CSX,CSX Corporation,35.54,0,11,4,6,21,-12,10,18,-8,8,29
HIW,Highwoods Properties,29.69,-23,-1,8,8,-8,-32,36,18,15,37,29
DD,DuPont,75.93,-13,1,2,21,11,-29,36,15,-5,17,28
QSR,Restaurant Brands International,66.77,0,8,2,42,52,-26,13,-1,-10,-24,28
APA,APA Corporation,22.82,-21,47,0,-14,12,-22,45,13,-21,15,27
IQV,IQVIA,203.76,5,10,2,0,17,4,4,10,-8,10,27
FR,First Industrial Realty Trust,51.49,-13,39,2,16,44,-39,-10,16,16,-17,27
PCOR,Procore,71.75,-13,21,0,0,8,-8,-2,8,21,19,27
ZM,Zoom Communications,79.16,-14,33,8,-2,25,-5,-8,8,6,1,26
SPR,Spirit AeroSystems,38.88,-16,-3,26,0,7,-15,-20,38,16,19,26
BWA,BorgWarner,41.2,-35,0,16,4,-15,-32,73,18,-18,41,26
EWBC,East West Bancorp,101.21,-21,-2,17,24,18,-26,-4,17,21,8,26
VLO,Valero Energy,161.42,-61,36,8,46,29,-13,-2,17,-7,-5,24
ICE,Intercontinental Exchange,158.75,-63,-31,0,163,69,-61,-37,30,23,-45,24
WDAY,"Workday, Inc.",236.6,0,19,-18,16,17,-5,27,-12,-4,6,23
PEN,"Penumbra, Inc.",253.26,28,-1,0,0,27,21,-16,-14,5,-4,23
FTI,TechnipFMC,36.0,-56,0,25,29,-2,-28,-4,18,39,25,23
NVR,"NVR, Inc.",7579.14,-35,-3,-1,67,28,-33,-14,11,31,-5,23
TOL,Toll Brothers,127.65,-35,-1,0,63,27,-33,-11,12,28,-4,23
CCL,Carnival Corporation & plc,28.09,-13,-1,25,0,11,-13,-12,16,21,12,23
AGO,Assured Guaranty,81.14,-39,-3,-1,58,15,-36,20,-1,24,7,22
U,Unity Technologies,37.15,0,0,14,0,14,-5,-7,18,2,8,22
SFM,Sprouts Farmers Market,106.61,7,-55,-3,48,-3,25,-53,-7,59,24,21
ADC,Agree Realty,72.69,14,1,1,18,34,19,-34,-13,15,-13,21
EGP,EastGroup Properties,168.83,-13,12,2,10,11,-12,10,18,-7,9,20
EXP,Eagle Materials,229.88,-13,0,-23,59,23,-13,4,8,-2,-3,20
NTRS,Northern Trust,127.0,-23,0,24,13,14,-26,-1,18,15,6,20
EXR,Extra Space Storage,145.01,7,1,0,1,9,-5,1,-1,15,10,19
QGEN,Qiagen,47.23,8,-24,20,0,4,-12,2,18,7,15,19
QS,QuantumScape,16.98,7,19,14,0,40,-19,19,16,-38,-22,18
IPGP,IPG Photonics,83.2,-12,106,9,-46,57,-12,4,14,-46,-40,17
RBRK,Rubrik,83.21,9,-24,0,0,-15,-4,-16,52,0,32,17
BURL,Burlington Stores,276.23,7,0,9,5,21,-12,-22,11,19,-4,17
CTVA,Corteva,62.67,-23,-21,61,1,18,-20,-13,18,13,-2,16
SAIL,SailPoint,21.9,-14,22,0,0,8,-29,27,10,0,8,16
LYFT,Lyft,20.0,-46,41,9,-3,1,-42,36,18,2,14,15
TWLO,Twilio,110.56,42,0,0,-36,6,-5,1,-1,13,8,14
HD,Home Depot (The),379.52,-118,-3,9,182,70,-77,-10,10,21,-56,14
FCNCA,First Citizens BancShares,1734.07,-13,-27,-4,61,17,-5,-20,-1,23,-3,14
SSB,SouthState Corporation,96.25,-16,-2,8,24,14,-24,-10,12,21,-1,13
REG,Regency Centers,71.47,-37,0,2,55,20,-54,7,18,21,-8,12
CG,Carlyle Group (The),58.35,-26,0,16,23,13,-28,-8,15,20,-1,12
AFRM,Affirm Holdings,73.19,-14,-5,20,0,1,-12,-13,16,19,10,11
MDB,MongoDB Inc.,319.24,-13,41,6,-11,23,-5,-6,10,-11,-12,11
ADT,ADT Inc.,8.51,-25,0,39,0,14,-35,-12,33,10,-4,10
MSCI,MSCI,548.12,-13,-2,0,16,1,-15,-14,15,22,8,9
ESAB,ESAB,115.78,0,-2,0,0,-2,-12,4,-1,19,10,8
ELS,Equity Lifestyle Properties,62.48,65,10,-29,0,46,-2,9,-40,-5,-38,8
SMMT,Summit Therapeutics,22.94,7,-26,3,16,0,-12,4,-5,21,8,8
TPG,TPG Inc.,56.09,-14,-2,10,0,-6,-13,-6,12,21,14,8
FOXA,Fox Corporation (Class A),58.1,-44,0,76,3,35,-59,-1,16,16,-28,7
SHC,Sotera Health,15.66,-14,46,9,0,41,-26,-10,10,-8,-34,7
F,Ford Motor Company,11.55,-27,1,10,0,-16,-29,41,18,-7,23,7
PR,Permian Resources,12.6,0,-11,-2,28,15,-12,-10,18,-4,-8,7
AR,Antero Resources,32.42,-21,0,-2,12,-11,-12,25,-8,12,17,6
WBS,Webster Bank,57.16,-22,-2,16,16,8,-25,-12,16,19,-2,6
DRI,Darden Restaurants,185.01,-24,-18,0,63,21,-30,-13,-4,32,-15,6
DE,Deere & Company,438.92,-13,-37,0,111,61,-16,-50,-1,12,-55,6
FDX,FedEx,229.66,-21,1,-1,34,13,-29,17,10,-6,-8,5
PEP,PepsiCo,148.9,20,2,0,0,22,12,-21,7,-15,-17,5
LEN,Lennar (Class A),118.02,-35,-3,-5,66,23,-5,-17,9,-5,-18,5
ALLY,Ally Financial,37.91,-17,-2,10,6,-3,-19,-8,16,18,7,4
TFSL,Third Federal S&L,13.23,-13,0,11,7,5,-22,-18,18,21,-1,4
KIM,Kimco Realty,21.05,-38,-4,2,57,17,-32,-13,16,16,-13,4
ROKU,"Roku, Inc.",93.83,-23,1,18,-21,-25,-26,36,13,6,29,4
BBY,Best Buy,77.45,5,1,-1,-8,-3,-37,41,6,-4,6,3
VNOM,Viper Energy,37.1,-35,-3,-17,46,-9,-33,-3,-1,49,12,3
GLIBK,GCI Liberty (Series C),36.5,0,0,0,0,0,-4,7,0,0,3,3
RDDT,Reddit,203.74,0,0,5,0,5,-4,-9,10,0,-3,2
MSM,MSC Industrial Direct,85.82,-33,-2,15,60,40,-35,-10,18,-11,-38,2
NNN,NNN Reit,42.27,-31,0,8,24,1,-39,6,18,16,1,2
CRM,Salesforce,248.8,7,0,-21,24,10,14,-16,-29,23,-8,2
LW,Lamb Weston,63.78,6,12,0,-10,8,-5,4,11,-16,-6,2
BIIB,Biogen,144.68,-14,43,0,-29,0,-33,50,5,-20,2,2
AMH,American Homes 4 Rent,32.91,2,-53,-16,70,3,7,-22,-4,17,-2,1
MANH,Manhattan Associates,200.8,-2,-15,-37,67,13,-12,-9,11,-2,-12,1
TPL,Texas Pacific Land Corporation,892.39,-21,-3,-17,60,19,-28,7,-13,15,-19,0
INGR,Ingredion,120.06,-1,-51,-6,36,-22,-12,-21,-4,58,21,-1
OSK,Oshkosh Corporation,129.06,-13,0,19,6,12,-12,-22,16,4,-14,-2
HLI,Houlihan Lokey,191.38,-73,0,25,46,-2,-42,-4,18,28,0,-2
GNRC,Generac,174.11,26,0,11,-36,1,-3,-27,15,12,-3,-2
ROK,Rockwell Automation,339.14,-21,1,23,17,20,-35,8,18,-13,-22,-2
TNL,Travel + Leisure Co.,59.41,-24,0,17,18,11,-33,-11,15,16,-13,-2
FOX,Fox Corporation (Class B),51.96,-44,-2,75,3,32,-59,-1,15,11,-34,-2
SARO,StandardAero,27.49,5,0,0,0,5,-8,1,-1,0,-8,-3
CF,CF Industries,88.22,-18,0,5,6,-7,-19,14,-1,10,4,-3
IR,Ingersoll Rand,76.1,-31,-3,-1,25,-10,-33,26,15,-2,6,-4
ENTG,Entegris,91.89,-22,23,-1,-8,-8,-31,35,7,-7,4,-4
HOLX,Hologic,65.48,-7,-1,0,0,-8,-5,7,11,-9,4,-4
HAS,Hasbro,72.39,-21,-3,22,5,3,-17,-21,18,13,-7,-4
ALB,Albemarle Corporation,96.32,7,23,0,-25,5,-9,14,12,-27,-10,-5
NXST,Nexstar Media Group,194.46,-13,-2,17,6,8,-20,-20,15,12,-13,-5
ADSK,Autodesk,307.96,-35,1,7,16,-11,-29,-5,18,21,5,-6
MAS,Masco,66.0,-42,-3,-5,67,17,-39,-17,9,23,-24,-7
LFUS,Littelfuse,254.67,-13,0,11,4,2,-5,-10,16,-10,-9,-7
MTG,MGIC Investment Corporation,26.98,-63,0,27,57,21,-68,-8,18,30,-28,-7
CCI,Crown Castle,96.1,24,-34,0,-30,-40,22,7,-3,7,33,-7
SW,Smurfit Westrock,41.53,-1,-22,-5,18,-10,-8,-16,8,19,3,-7
WBD,Warner Bros. Discovery,17.77,-46,23,20,0,-3,-45,23,16,2,-4,-7
LLYVA,Liberty Live (Series A),86.32,-63,0,38,0,-25,8,-11,18,2,17,-8
BROS,Dutch Bros. Coffee,52.32,7,-21,-3,0,-17,19,-21,-2,13,9,-8
IDXX,Idexx Laboratories,633.12,1,1,22,6,30,-21,-25,18,-10,-38,-8
MTD,Mettler Toledo,1285.06,0,9,2,0,11,-26,2,12,-7,-19,-8
BLDR,Builders FirstSource,120.72,-6,-2,-36,67,23,-16,-18,8,-5,-31,-8
TMO,Thermo Fisher Scientific,525.54,0,10,2,0,12,-20,2,3,-5,-20,-8
SEE,Sealed Air,33.49,-13,37,4,-26,2,-32,40,16,-34,-10,-8
APTV,Aptiv,81.68,-25,44,9,-26,2,-31,40,18,-38,-11,-9
NTNX,Nutanix,68.9,-46,0,6,24,-16,-33,-4,18,26,7,-9
VIK,Viking Holdings,59.31,-2,0,0,0,-2,-14,-11,18,0,-7,-9
DHI,D. R. Horton,152.57,-35,-1,0,67,31,-35,-13,12,-4,-40,-9
HBAN,Huntington Bancshares,15.9,-40,-4,17,23,-4,-33,-8,18,18,-5,-9
LLYVK,Liberty Live (Series C),88.99,-63,0,38,0,-25,8,-12,18,2,16,-9
WING,Wingstop,255.04,0,-28,-5,40,7,-8,-41,-1,33,-17,-10
VOYA,Voya Financial,73.68,-13,0,9,6,2,-19,-6,16,-3,-12,-10
EOG,EOG Resources,109.54,-13,-17,-6,47,11,-11,-20,11,-1,-21,-10
WST,West Pharmaceutical Services,262.51,-17,27,-1,-9,0,-37,28,9,-10,-10,-10
UNH,UnitedHealth Group,358.58,0,29,-26,0,3,-12,41,-39,-3,-13,-10
KKR,KKR & Co. Inc.,120.45,-98,-13,-1,105,-7,-34,-6,14,23,-3,-10
OHI,Omega Healthcare Investors,39.42,-44,0,14,42,12,-53,-16,13,33,-23,-11
CART,Maplebear Inc.,38.72,1,-23,-2,0,-24,26,-13,-1,1,13,-11
ONTO,Onto Innovation,129.5,-16,36,-34,0,-14,-33,39,3,-6,3,-11
CMG,Chipotle Mexican Grill,40.9,0,-57,-14,82,11,-14,6,-12,-2,-22,-11
GLIBA,GCI Liberty (Series A),36.49,-10,0,0,0,-10,-8,6,0,0,-2,-12
EFX,Equifax,225.41,-21,-8,-12,18,-23,-19,-8,18,20,11,-12
DOV,Dover Corporation,161.17,-35,-32,-11,108,30,-39,-23,-1,21,-42,-12
RF,Regions Financial Corporation,24.56,-40,-2,15,24,-3,-33,-10,16,16,-11,-14
SUI,Sun Communities,121.38,-37,-1,11,-26,-53,-36,44,18,13,39,-14
MSTR,MicroStrategy,315.4,-21,-5,-1,21,-6,-33,4,-1,22,-8,-14
REYN,Reynolds Consumer Products,23.42,-13,48,-36,0,-1,-24,11,5,-5,-13,-14
AVT,Avnet,50.69,-35,-3,9,47,18,-26,-21,18,-4,-33,-15
BAC,Bank of America,48.83,-63,40,25,20,22,-69,-2,18,16,-37,-15
HAYW,Hayward Holdings,15.01,-12,-2,2,0,-12,-18,-19,16,18,-3,-15
GXO,GXO Logistics,52.52,-13,1,9,0,-3,-26,7,17,-10,-12,-15
CVX,Chevron Corporation,151.94,-77,0,15,50,-12,-12,-9,9,8,-4,-16
CFR,Frost Bank,125.33,-12,-5,6,6,-5,-23,-16,16,12,-11,-16
FNF,Fidelity National Financial,55.29,-42,-3,-1,60,14,-50,-6,3,23,-30,-16
KDP,Keurig Dr Pepper,26.41,14,-35,-7,-2,-30,19,-29,26,-2,14,-16
ZION,Zions Bancorporation,53.83,-23,-2,8,6,-11,-30,-8,15,17,-6,-17
FANG,Diamondback Energy,142.05,-18,-2,-37,49,-8,-26,12,12,-7,-9,-17
DHR,Danaher Corporation,205.13,0,9,-1,0,8,-35,4,11,-6,-26,-18
AOS,A. O. Smith,67.68,-35,-2,0,60,23,-42,-10,18,-7,-41,-18
AES,AES Corporation,14.44,0,9,0,-13,-4,-12,10,14,-26,-14,-18
VNO,Vornado Realty Trust,38.91,-30,1,6,6,-17,-31,-3,16,17,-1,-18
DUOL,Duolingo,329.99,35,-73,0,0,-38,-7,10,-9,25,19,-19
TRU,TransUnion,77.82,0,-17,-3,0,-20,-4,-10,-1,16,1,-19
ADM,Archer Daniels Midland,61.78,0,7,10,0,17,-16,-17,18,-22,-37,-20
RLI,RLI Corp.,63.54,-13,-91,-18,178,56,-12,-25,-37,-2,-76,-20
AMTM,Amentum,23.67,-18,-3,0,0,-21,-26,9,18,0,1,-20
FHB,"First Hawaiian, Inc.",24.18,-24,-4,0,16,-12,-28,-11,15,16,-8,-20
QCOM,Qualcomm,161.8,-26,1,0,24,-1,-26,-2,16,-7,-19,-20
DOC,Healthpeak Properties,17.97,-24,28,-1,-33,-30,-35,31,2,11,9,-21
LNC,Lincoln Financial,39.24,-26,0,26,3,3,-32,-18,16,10,-24,-21
EVR,Evercore,313.94,-94,1,15,60,-18,-42,-5,16,28,-3,-21
CTRA,Coterra,23.17,-13,-3,-13,46,17,-18,-16,-20,15,-39,-22
RRX,Regal Rexnord,139.14,-14,-5,0,5,-14,-26,6,15,-3,-8,-22
MCHP,Microchip Technology,64.37,-20,-3,0,0,-23,-17,8,18,-9,0,-23
BG,Bunge Global,80.98,-17,0,0,0,-17,-24,7,18,-7,-6,-23
ETSY,Etsy,70.45,0,14,5,-32,-13,-5,16,18,-39,-10,-23
VIRT,Virtu Financial,32.98,0,-31,0,16,-15,19,-43,-1,16,-9,-24
LEN-B,Lennar (Class B),110.85,-35,-4,-1,64,24,-37,-17,9,-3,-48,-24
VVV,Valvoline,35.26,0,-13,-3,33,17,-42,-10,15,-6,-43,-26
BX,Blackstone Inc.,158.16,-97,-2,0,144,45,-101,-6,13,23,-71,-26
PRU,Prudential Financial,101.22,-21,-10,-21,57,5,-23,-20,12,-1,-32,-27
PEGA,Pegasystems,54.86,-87,0,27,7,-53,-5,-2,16,17,26,-27
TFC,Truist Financial,42.94,-33,-2,9,6,-20,-33,-5,15,16,-7,-27
DAY,Dayforce,68.35,-26,40,8,-14,8,-29,-12,8,-2,-35,-27
MRP,Millrose Properties,31.07,-14,0,0,0,-14,-14,-11,11,0,-14,-28
RKT,Rocket Companies,16.47,-56,-5,12,0,-49,9,-8,17,3,21,-28
NUE,Nucor,136.97,0,-2,0,0,-2,-12,-19,15,-10,-26,-28
MASI,Masimo,147.98,0,0,-7,-8,-15,-12,9,-23,12,-14,-29
CACC,Credit Acceptance,487.94,0,-2,-3,0,-5,-13,1,-6,-7,-25,-30
HXL,Hexcel,62.4,-13,0,2,0,-11,-24,4,12,-11,-19,-30
WYNN,Wynn Resorts,112.5,-49,0,16,5,-28,-47,37,18,-10,-2,-30
OMF,OneMain Financial,53.27,-103,-7,25,62,-23,-42,-11,18,28,-7,-30
VRSN,Verisign,264.07,-71,-9,44,11,-25,-68,-7,60,9,-6,-31
IP,International Paper,45.65,-2,-30,0,18,-14,-11,-22,-2,18,-17,-31
PSX,Phillips 66,129.77,-45,1,3,43,2,-40,-3,17,-7,-33,-31
PCG,PG&E Corporation,15.98,0,12,-38,3,-23,-12,6,1,-3,-8,-31
WAL,Western Alliance Bancorporation,78.85,-31,-3,0,6,-28,-28,-10,15,20,-3,-31
KEY,Keycorp,17.57,-40,-2,16,6,-20,-33,-10,16,15,-12,-32
NWSA,News Corp (Class A),26.08,-63,-8,-1,60,-12,-61,-1,18,23,-21,-33
RGEN,Repligen,148.67,6,12,2,-19,1,-12,15,2,-39,-34,-33
BA,Boeing,215.52,-16,-3,16,0,-3,-15,-21,18,-13,-31,-34
BXP,"BXP, Inc.",70.11,-33,0,6,0,-27,-37,-3,18,15,-7,-34
PYPL,PayPal,68.88,-9,0,-11,-41,-61,-11,15,11,11,26,-35
APLS,Apellis Pharmaceuticals,24.14,0,0,0,-18,-18,-7,1,9,-20,-17,-35
VLTO,Veralto,101.44,-32,-3,10,0,-25,-14,-13,17,0,-10,-35
LNW,Light & Wonder,79.94,-43,-11,-11,59,-6,-39,-19,1,27,-30,-36
ESTC,Elastic NV,84.79,10,2,-21,-8,-17,-4,-8,-1,-6,-19,-36
OVV,Ovintiv,37.97,-21,-6,-1,0,-28,-12,-3,15,-8,-8,-36
TROW,T. Rowe Price,105.35,0,0,2,-27,-25,-5,-19,14,-2,-12,-37
ALK,Alaska Air Group,48.24,-13,-13,-3,0,-29,-12,-13,6,11,-8,-37
ARES,Ares Management,143.56,-98,-14,-2,61,-53,-96,-14,18,108,16,-37
GEHC,GE HealthCare,71.83,-14,-2,-1,0,-17,-35,-2,7,10,-20,-37
BEN,Franklin Templeton Investments,22.84,-12,-6,16,0,-2,-5,-24,18,-24,-35,-37
JEF,Jefferies Financial Group,53.76,-95,-4,-1,60,-40,-61,-6,9,59,1,-39
LUV,Southwest Airlines,31.89,-20,0,9,-41,-52,-12,3,16,6,13,-39
VRSK,Verisk Analytics,242.07,-42,-55,-4,116,15,-54,-21,-10,30,-55,-40
DG,Dollar General,101.91,7,-17,0,-19,-29,19,-32,30,-28,-11,-40
MPW,Medical Properties Trust,5.15,-18,27,5,-38,-24,-36,33,-15,1,-17,-41
KEYS,Keysight,163.37,-36,1,6,2,-27,-35,-2,16,7,-14,-41
TYL,Tyler Technologies,506.62,0,-36,-2,19,-19,-3,-38,-1,20,-22,-41
VTRS,Viatris,9.85,-13,0,0,0,-13,-37,1,10,-3,-29,-42
BJ,BJ's Wholesale Club,92.88,7,-74,-3,12,-58,7,-41,-10,60,16,-42
SOLV,Solventum,70.85,-22,-5,0,0,-27,-34,4,14,0,-16,-43
CRL,Charles River Laboratories,170.59,0,9,0,-28,-19,-32,4,14,-10,-24,-43
WMS,Advanced Drainage Systems,135.37,-21,0,0,5,-16,-35,-6,18,-5,-28,-44
XYZ,"Block, Inc.",75.03,-9,0,2,-38,-45,-13,3,12,-1,1,-44
COLB,Columbia Banking System,25.71,-13,0,2,0,-11,-28,-18,13,-1,-34,-45
MOH,Molina Healthcare,194.27,-9,0,-21,-4,-34,-17,33,-17,-10,-11,-45
RAL,Ralliant,41.84,-21,0,0,0,-21,-35,11,0,0,-24,-45
HPQ,HP Inc.,27.34,6,1,-33,0,-26,-12,-12,7,-3,-20,-46
DLTR,Dollar Tree,92.6,7,-26,0,-17,-36,16,-35,33,-24,-10,-46
CR,Crane Co.,178.68,-13,-22,24,0,-11,-26,-34,18,7,-35,-46
OKE,Oneok,69.56,-36,-51,-21,56,-52,-12,-3,-33,53,5,-47
MOS,Mosaic Company (The),30.99,-21,-2,24,-18,-17,-19,-2,23,-32,-30,-47
CUBE,CubeSmart,40.26,0,0,-31,3,-28,-13,-2,-1,-4,-20,-48
EXLS,EXL Service,40.8,-44,-9,0,67,14,-58,-17,-2,15,-62,-48
GM,General Motors,55.62,-43,0,15,13,-15,-61,-2,15,15,-33,-48
NWS,News Corp (Class B),29.55,-63,-9,-1,60,-13,-56,-1,-1,23,-35,-48
BILL,Bill.com,49.6,-27,32,-32,0,-27,-21,32,6,-39,-22,-49
LVS,Las Vegas Sands,46.46,-21,-1,14,-1,-9,-18,-21,15,-16,-40,-49
EL,Estée Lauder Companies (The),92.74,7,1,0,-28,-20,-12,4,16,-37,-29,-49
SNDR,Schneider National,22.14,31,-32,-13,0,-14,-4,-26,-3,-2,-35,-49
CNM,Core & Main,49.49,-37,-25,-1,0,-63,-13,-18,18,26,13,-50
RYN,Rayonier,25.9,-19,1,-1,0,-19,-35,9,6,-11,-31,-50
OTIS,Otis Worldwide,89.16,-21,0,-12,0,-33,-42,19,-22,28,-17,-50
AGCO,AGCO,104.22,-13,-4,15,0,-2,-21,-31,19,-15,-48,-50
AS,Amer Sports,30.94,-21,-17,12,0,-26,-19,-23,18,0,-24,-50
IOT,Samsara,37.55,-12,0,-18,0,-30,-9,-9,-25,22,-21,-51
LII,Lennox International,524.1,-13,-35,-5,40,-13,-16,-48,-3,29,-38,-51
DT,Dynatrace,48.32,-25,-7,-10,0,-42,-37,7,-1,22,-9,-51
CUZ,Cousins Properties,26.24,-37,-4,0,13,-28,-46,-11,18,15,-24,-52
TW,Tradeweb,108.39,6,-48,-6,2,-46,20,-44,-7,25,-6,-52
DVN,Devon Energy,33.21,-21,-2,-1,-7,-31,-12,-3,17,-24,-22,-53
CAI,Caris Life Sciences,30.23,-13,-4,0,0,-17,-16,-20,0,0,-36,-53
HAL,Halliburton,22.49,-28,33,-1,0,4,-47,-2,3,-11,-57,-53
THO,Thor Industries,101.05,-23,0,9,4,-10,-33,-17,14,-8,-44,-54
PVH,PVH Corp.,80.11,-21,0,-1,0,-22,-26,-4,7,-9,-32,-54
BSY,Bentley Systems,50.85,-30,-5,17,0,-18,-26,-21,18,-8,-37,-55
SAIA,Saia,296.8,-2,-2,-34,0,-38,-13,2,1,-7,-17,-55
OLED,Universal Display Corporation,144.32,0,0,-45,-1,-46,-33,12,18,-7,-10,-56
CPAY,Corpay,282.56,-13,-51,-6,23,-47,-13,-20,-3,27,-9,-56
LOW,Lowe's,234.47,-119,-4,-1,168,44,-120,-10,9,21,-100,-56
TXN,Texas Instruments,175.07,-46,-29,-1,24,-52,-17,-25,18,18,-6,-58
CERT,"Certara, Inc.",12.25,-13,23,-1,0,9,-36,17,-15,-34,-68,-59
FITB,Fifth Third Bancorp,42.2,-79,-2,8,24,-49,-33,-10,15,18,-10,-59
DOCU,DocuSign,69.41,-14,-10,-2,-14,-40,-13,-9,-10,13,-19,-59
JBHT,J. B. Hunt,138.09,-2,-3,-39,-2,-46,-12,3,8,-12,-13,-59
QXO,"QXO, Inc.",18.5,-14,-16,0,-16,-46,-12,-14,21,-8,-13,-59
JHX,James Hardie Industries,21.45,0,-2,-35,-3,-40,-10,4,-8,-5,-19,-59
PPC,Pilgrim's Pride,37.77,-42,-27,-1,23,-47,14,-34,-12,20,-12,-59
PINS,Pinterest,32.28,0,-16,-3,-2,-21,-29,-16,14,-7,-38,-59
LAD,Lithia Motors,302.59,-46,-6,-3,16,-39,-42,-11,9,23,-21,-60
ESS,Essex Property Trust,257.59,-46,-8,-2,16,-40,-52,27,-11,16,-20,-60
TKR,Timken Company,72.55,-21,-3,0,0,-24,-31,-13,15,-7,-36,-60
DBX,Dropbox,28.65,-71,1,0,11,-59,-13,-6,8,10,-1,-60
ONON,On Holding AG,42.96,3,-52,-7,0,-56,-12,-10,-4,22,-4,-60
OMC,Omnicom Group,76.54,-19,0,-35,0,-54,-16,8,5,-3,-6,-60
GAP,Gap Inc.,20.61,-35,-4,-1,20,-20,-39,-11,-11,21,-40,-60
SNV,Synovus,46.16,-39,-16,0,23,-32,-33,-11,-1,16,-29,-61
STWD,Starwood Property Trust,18.73,-128,-7,26,60,-49,-40,-14,18,23,-13,-62
ELV,Elevance Health,351.34,0,8,-52,0,-44,-10,15,-18,-5,-18,-62
HUBS,HubSpot,449.69,-14,-10,-18,-2,-44,-7,-7,-26,21,-19,-63
AUR,Aurora Innovation,5.36,-14,-13,-9,0,-36,-13,-6,-26,17,-28,-64
KNX,Knight-Swift,42.73,0,-2,-33,-4,-39,-10,3,-3,-15,-25,-64
HUM,Humana,270.96,0,0,0,-14,-14,-15,-18,4,-22,-51,-65
DECK,Deckers Brands,98.3,-38,-13,-32,95,12,-35,-13,-28,-1,-77,-65
PNC,PNC Financial Services,186.95,-77,-3,10,16,-54,-33,-10,15,16,-12,-66
S,SentinelOne,17.16,-14,-2,-33,0,-49,-5,-6,-3,-3,-17,-66
BIO,Bio-Rad Laboratories,305.59,4,10,0,-30,-16,-25,4,9,-39,-51,-67
CLX,Clorox,120.39,0,-6,-25,-7,-38,16,-10,-35,-1,-30,-68
BC,Brunswick Corporation,60.28,-23,-2,0,-9,-34,-34,-2,12,-11,-35,-69
MAT,Mattel,17.29,-12,-2,-12,0,-26,-28,1,15,-33,-45,-71
GMED,Globus Medical,57.49,-13,0,-23,-2,-38,-23,4,-28,14,-33,-71
ST,Sensata Technologies,30.52,-2,-2,0,-17,-21,-12,-18,16,-37,-51,-72
GPC,Genuine Parts Company,131.71,-35,0,9,0,-26,-38,-7,18,-19,-46,-72
RARE,Ultragenyx,31.99,28,0,-35,-40,-47,20,3,-43,-5,-25,-72
USB,U.S. Bancorp,46.15,-77,0,8,6,-63,-33,-8,15,17,-9,-72
KVUE,Kenvue,16.19,21,-35,-6,0,-20,-2,-45,-11,5,-53,-73
ALSN,Allison Transmission,80.69,-37,-17,-13,37,-30,-37,-13,-29,36,-43,-73
TTC,Toro Company (The),72.93,-21,-3,-1,-2,-27,-16,-17,9,-22,-46,-73
APD,Air Products,260.86,-28,-15,-3,0,-46,-30,-20,10,12,-28,-74
PNFP,Pinnacle Financial Partners,88.53,-39,-16,-12,17,-50,-31,-10,-3,20,-24,-74
FRT,Federal Realty Investment Trust,96.96,-39,0,0,3,-36,-35,-10,9,-3,-39,-75
CTSH,Cognizant,66.33,-14,-53,-11,16,-62,-5,-18,-11,20,-14,-76
JKHY,Jack Henry & Associates,152.19,30,-52,-11,-2,-35,40,-83,-11,13,-41,-76
ASH,Ashland Global,48.35,7,-17,-49,-11,-70,19,-21,7,-12,-7,-77
FLS,Flowserve,50.21,-97,-3,-1,29,-72,-37,-6,11,27,-5,-77
LBTYA,Liberty Global (Series A),10.93,-36,0,-1,0,-37,-37,-11,9,-1,-40,-77
DIS,Walt Disney Company (The),110.27,-57,-22,23,-2,-58,-24,-18,18,5,-19,-77
NVST,Envista,19.21,-21,-2,12,0,-11,-35,-13,14,-34,-68,-79
LINE,"Lineage, Inc.",39.95,-13,-3,0,0,-16,-29,4,-39,0,-64,-80
FOUR,Shift4,76.46,-11,-49,-8,0,-68,-17,-20,-1,26,-12,-80
CGNX,Cognex Corporation,43.74,-14,1,9,-33,-37,-14,-2,14,-42,-44,-81
TOST,"Toast, Inc.",35.84,-14,-30,0,0,-44,-16,-40,-1,19,-38,-82
MRK,Merck & Co.,85.65,0,10,-55,0,-45,-36,4,3,-8,-37,-82
GTLB,GitLab,44.17,-13,-1,-29,0,-43,-7,-2,-28,-3,-40,-83
MDLZ,Mondelez International,61.16,-28,-13,-1,0,-42,-24,-3,-3,-11,-41,-83
FTV,Fortive,48.58,-13,0,-29,0,-42,-33,23,-25,-7,-42,-84
TECH,Bio-Techne,59.66,0,10,-35,-26,-51,-32,4,3,-8,-33,-84
DKNG,DraftKings,33.57,-81,-10,-2,0,-93,-6,-18,10,22,8,-85
BMY,Bristol Myers Squibb,43.54,-37,-8,-8,-7,-60,-14,4,-22,7,-25,-85
APO,Apollo Global Management,122.43,-93,-14,-3,99,-11,-95,-6,-1,28,-74,-85
BDX,Becton Dickinson,186.65,-10,0,-36,-7,-53,-21,4,1,-17,-33,-86
COP,ConocoPhillips,88.76,-56,-4,-2,0,-62,-21,-3,10,-10,-24,-86
ZBRA,Zebra Technologies,281.91,-21,-16,-10,-9,-56,-33,-9,12,-1,-31,-87
LBRDK,Liberty Broadband (Series C),59.63,-21,-3,-11,-38,-73,-26,13,-11,10,-14,-87
ARW,Arrow Electronics,113.64,-32,-19,9,0,-42,-34,-19,18,-10,-45,-87
APPF,AppFolio,225.32,-67,-9,0,30,-46,-61,-9,-1,30,-41,-87
CAR,Avis Budget Group,149.47,-50,-12,17,-22,-67,2,-4,21,-39,-20,-87
TAP,Molson Coors,46.04,0,-24,-21,-2,-47,12,-26,-22,-5,-41,-88
CCK,Crown Holdings,90.21,-42,-39,25,7,-49,-42,-30,18,14,-40,-89
OWL,Blue Owl Capital,16.08,-21,-38,-12,0,-71,-26,-14,-1,23,-18,-89
WH,Wyndham Hotels & Resorts,77.09,-35,-19,-11,13,-52,-29,-24,-1,17,-37,-89
MTDR,Matador Resources,43.49,-14,-11,-37,0,-62,-12,-19,11,-8,-28,-90
OLN,Olin Corporation,23.89,-13,36,-68,-11,-56,-13,-2,6,-25,-34,-90
OKTA,"Okta, Inc.",90.13,-14,-7,-6,-26,-53,-42,7,-11,8,-38,-91
LBTYK,Liberty Global (Series C),11.0,-37,-2,-1,-1,-41,-44,-11,7,-2,-50,-91
MIDD,Middleby,131.84,-25,-3,-11,0,-39,-26,-17,-24,15,-52,-91
CNXC,Concentrix,44.77,-13,-12,-3,0,-28,-14,-8,-6,-35,-63,-91
COO,Cooper Companies (The),69.29,0,0,-35,-7,-42,-12,7,-40,-5,-50,-92
QRVO,Qorvo,87.9,-34,0,0,-33,-67,-33,-2,17,-7,-25,-92
IPG,Interpublic Group of Companies (The),26.1,-20,0,-51,0,-71,-16,8,6,-19,-21,-92
VZ,Verizon,39.74,-42,-6,-1,12,-37,-52,-27,8,16,-55,-92
LAZ,Lazard,49.2,-97,-5,10,22,-70,-42,-11,15,15,-23,-93
PFE,Pfizer,24.7,-21,0,0,-25,-46,-36,4,15,-30,-47,-93
ACHC,Acadia Healthcare,24.31,-17,22,-56,-13,-64,-26,14,1,-18,-29,-93
HALO,Halozyme,65.31,-94,0,15,21,-58,-54,-6,9,16,-35,-93
NSA,National Storage Affiliates,30.7,8,0,-23,-6,-21,-9,-17,-44,-3,-73,-94
REXR,Rexford Industrial,40.53,-21,1,0,-20,-40,-26,-9,14,-34,-55,-95
CSGP,CoStar Group,75.15,-42,-14,-1,0,-57,-33,-37,31,1,-38,-95
ON,ON Semiconductor,50.1,5,-32,-45,-3,-75,-13,-5,14,-17,-21,-96
CCCS,CCC Intelligent Solutions,9.28,0,-16,-36,0,-52,-28,-18,10,-8,-44,-96
FIS,Fidelity National Information Services,67.29,0,-49,-10,-39,-98,-10,3,-5,13,1,-97
HLNE,Hamilton Lane,122.95,-98,-14,-6,27,-91,3,-29,-3,23,-6,-97
CAVA,Cava Group,63.31,7,-43,-22,0,-58,-9,1,-36,4,-40,-98
EW,Edwards Lifesciences,72.95,-28,-9,0,-16,-53,-26,-20,38,-37,-45,-98
MHK,Mohawk Industries,119.25,-38,-1,-1,-13,-53,-39,-13,10,-3,-45,-98
TTD,Trade Desk (The),51.28,-2,-46,-35,-3,-86,-15,6,-1,-2,-12,-98
KD,Kyndryl,27.99,-23,-49,-4,0,-76,-26,-14,-5,22,-23,-99
NYT,New York Times Company,54.97,-110,-9,10,18,-91,-26,-23,18,23,-8,-99
PRMB,Primo Brands,21.86,0,-93,-6,24,-75,-5,-21,-18,20,-24,-99
WLK,Westlake Corporation,77.73,-13,-2,-48,-2,-65,-13,-16,2,-8,-35,-100
RYAN,Ryan Specialty,54.44,-10,-77,-11,0,-98,-21,9,-17,27,-2,-100
NOV,NOV Inc.,12.71,-21,-2,-63,-14,-100,-22,29,9,-17,-1,-101
SAIC,SAIC,96.31,-15,-28,-6,0,-49,-19,-28,-3,-3,-53,-102
SJM,J.M. Smucker Company (The),101.47,-28,-1,-2,-6,-37,-42,-4,6,-25,-65,-102
OGN,Organon & Co.,9.59,-28,27,-37,0,-38,-37,29,-50,-6,-64,-102
BFAM,Bright Horizons,96.77,-56,-25,-7,0,-88,2,-31,-4,17,-16,-104
MTB,M&T Bank,182.64,-70,-4,9,24,-41,-89,-6,16,16,-63,-104
LEA,Lear Corporation,97.82,-35,-3,0,-19,-57,-33,-14,17,-17,-47,-104
GPN,Global Payments,84.23,-14,0,-35,-41,-90,-12,1,6,-12,-17,-107
RVTY,Revvity,90.97,0,0,-28,-26,-54,-28,9,-33,-1,-53,-107
CNC,Centene,36.37,-11,0,-52,-13,-76,-17,37,-21,-30,-31,-107
GEN,Gen Digital,26.7,-71,-21,23,18,-51,-70,-23,18,18,-57,-108
REGN,Regeneron Pharmaceuticals,557.6,-23,-1,-49,0,-73,-37,4,4,-6,-35,-108
ISRG,Intuitive Surgical,435.72,-16,-53,-11,24,-56,-13,-61,-6,28,-52,-108
CBSH,Commerce Bancshares,57.86,-33,-49,-2,13,-71,-28,-24,-1,15,-38,-109
DXCM,Dexcom,65.19,-13,-35,-7,-16,-71,-9,-18,-2,-11,-40,-111
NCLH,Norwegian Cruise Line Holdings,23.04,-102,0,8,0,-94,-40,-11,11,22,-18,-112
ATR,AptarGroup,130.18,-19,-51,-11,22,-59,-2,-48,-3,-1,-54,-113
PAYC,Paycom,201.45,-2,-35,0,-26,-63,-12,-38,-2,1,-51,-114
FCN,FTI Consulting,157.6,-7,-24,-45,0,-76,-12,-18,-2,-7,-39,-115
AVTR,Avantor,13.76,0,9,-37,-1,-29,-33,2,-48,-7,-86,-115
GME,GameStop,23.6,-45,1,-2,-32,-78,-47,30,-11,-9,-37,-115
SRPT,Sarepta Therapeutics,21.96,0,6,-37,-9,-40,-19,9,-58,-8,-76,-116
FDS,FactSet,285.96,8,-60,-13,-2,-67,21,-56,-11,-3,-49,-116
KMB,Kimberly-Clark,119.27,-43,-22,-7,0,-72,-24,-29,-19,28,-44,-116
BHF,Brighthouse Financial,48.04,-42,0,-1,0,-43,-70,-2,-11,10,-73,-116
FI,Fiserv,122.54,-24,-66,-22,37,-75,-21,-26,-23,29,-41,-116
SEB,Seaboard Corporation,3392.04,-57,-3,13,-1,-48,-70,-17,16,2,-69,-117
ACI,Albertsons,16.94,-4,-64,-5,0,-73,-9,-26,-11,2,-44,-117
GDDY,GoDaddy,132.38,-23,-67,-11,24,-77,-24,-14,-27,24,-41,-118
HOG,Harley-Davidson,26.27,-48,-2,0,-11,-61,-47,-10,13,-13,-57,-118
MRNA,Moderna,26.73,-1,0,-63,-6,-70,-17,12,-3,-41,-49,-119
EQR,Equity Residential,62.0,-61,-8,-4,15,-58,-54,-12,-11,15,-62,-120
PB,Prosperity Bancshares,64.43,-33,-54,-12,16,-83,-31,-20,-3,16,-38,-121
DOX,Amdocs,81.4,-21,-45,-1,0,-67,-26,-32,-3,7,-54,-121
ACN,Accenture,243.38,-8,-68,-31,-2,-109,-10,3,-27,21,-13,-122
LCID,Lucid Motors,21.4,-34,0,-12,0,-46,-33,18,-25,-37,-77,-123
ZBH,Zimmer Biomet,95.1,-24,-4,-5,-19,-52,-33,-20,2,-20,-71,-123
HSIC,Schein (Henry),62.99,-42,-14,-13,-2,-71,-39,-15,-3,5,-52,-123
CIVI,Civitas Resources,30.73,-21,-2,-63,-2,-88,-35,3,7,-11,-36,-124
MTN,Vail Resorts,152.41,0,-6,-41,-25,-72,-29,1,14,-38,-52,-124
BBWI,"Bath & Body Works, Inc.",25.79,-2,-26,-33,-17,-78,-16,-19,-4,-8,-47,-125
SIRI,Sirius XM,21.45,-28,-3,-1,-33,-65,-36,-15,8,-19,-62,-127
UGI,UGI Corporation,31.75,-55,-34,50,6,-33,-53,-47,-1,7,-94,-127
DAR,Darling Ingredients,29.9,-13,-11,-14,-22,-60,-12,-24,-1,-32,-69,-129
BRKR,Bruker,36.22,6,0,-68,-10,-72,17,9,-72,-11,-57,-129
SLGN,Silgan Holdings,42.12,-11,-53,-11,0,-75,-11,-53,-5,15,-54,-129
CARR,Carrier Global,56.88,-21,-50,-7,0,-78,-32,-46,-2,28,-52,-130
VNT,Vontier,38.49,-97,-2,13,0,-86,-45,-8,16,-7,-44,-130
AVB,AvalonBay Communities,184.67,-58,-6,-11,18,-57,-70,-6,-15,17,-74,-131
WEX,WEX Inc.,150.6,-21,-6,-51,-1,-79,-37,-17,12,-10,-52,-131
YETI,Yeti Holdings,32.2,-30,-6,-43,-8,-87,-33,-11,12,-12,-44,-131
CROX,Crocs,81.49,0,-47,-50,-3,-100,-13,1,-12,-7,-31,-131
W,Wayfair,76.18,-37,0,12,-43,-68,-36,-3,18,-42,-63,-131
HST,Host Hotels & Resorts,16.25,-70,-2,6,4,-62,-70,-9,16,-8,-71,-133
PLNT,Planet Fitness,92.66,-49,-30,0,15,-64,-62,-22,-1,16,-69,-133
FAF,First American Financial Corporation,59.01,-119,-2,0,16,-105,-40,-13,5,20,-28,-133
IT,Gartner,245.3,-44,-84,-29,0,-157,-32,24,-27,59,24,-133
UDR,"UDR, Inc.",36.16,-58,-52,-6,-2,-118,2,-20,-13,15,-16,-134
DPZ,Domino's,408.45,-49,-49,-4,12,-90,-42,-19,-3,20,-44,-134
SMG,Scotts Miracle-Gro Company,55.44,-13,-32,-30,-41,-116,-12,-18,14,-3,-19,-135
TSN,Tyson Foods,52.1,-28,-6,-9,-30,-73,-35,-22,-19,13,-63,-136
COLM,Columbia Sportswear,50.73,-21,-13,-29,-8,-71,-39,-17,-24,15,-65,-136
LBRDA,Liberty Broadband (Series A),59.46,-21,-56,-11,-38,-126,-24,13,-11,10,-12,-138
EIX,Edison International,53.65,-42,0,-40,0,-82,-49,-12,8,-3,-56,-138
Z,Zillow (Class C),69.77,-113,-10,0,0,-123,-40,-10,12,22,-16,-139
RH,RH,181.55,-38,-12,-32,-9,-91,-35,-17,6,-2,-48,-139
ZG,Zillow (Class A),66.96,-113,-10,0,0,-123,-40,-10,11,22,-17,-140
DVA,DaVita,123.9,-44,-35,-11,22,-68,-44,-21,-28,21,-72,-140
TFX,Teleflex,119.95,-14,-1,-50,-41,-106,-29,4,1,-12,-36,-142
DLB,Dolby Laboratories,68.74,-35,-15,-11,-1,-62,-54,-25,-1,-1,-81,-143
IRDM,Iridium Communications,18.81,0,-52,-12,-21,-85,-16,-18,-3,-21,-58,-143
BIRK,Birkenstock,42.56,-35,-27,-7,0,-69,-40,-25,-9,0,-74,-143
VFC,VF Corporation,14.05,-35,1,-28,-45,-107,-37,-4,5,-1,-37,-144
GFS,GlobalFoundries,34.4,-14,0,-90,0,-104,-33,12,-2,-19,-42,-146
MGM,MGM Resorts International,31.58,-55,-10,-1,0,-66,-63,-22,15,-11,-81,-147
SWKS,Skyworks Solutions,73.37,-77,1,0,-32,-108,-42,-5,15,-7,-39,-147
COTY,Coty,4.32,30,0,-72,-9,-51,-3,-9,-74,-11,-97,-148
AMCR,Amcor,7.99,-38,-42,-9,-1,-90,6,-51,-9,-4,-58,-148
BAH,Booz Allen Hamilton,96.29,-20,-30,-38,0,-88,-21,3,-40,-3,-61,-149
KEX,Kirby Corporation,81.48,-35,-52,-11,37,-61,-40,-45,-2,-1,-88,-149
POOL,Pool Corporation,291.79,-42,-14,-31,-8,-95,-39,-10,5,-11,-55,-150
GIS,General Mills,48.14,-28,-1,-49,-6,-84,-23,23,-45,-21,-66,-150
SBUX,Starbucks,80.01,-42,-29,-9,0,-80,-41,-37,-1,9,-70,-150
ADBE,Adobe Inc.,339.34,-14,-9,-44,-8,-75,-19,-2,-48,-7,-76,-151
GTM,ZoomInfo,10.27,-91,1,-1,0,-91,-26,-9,14,-39,-60,-151
TDC,Teradata,21.32,-21,0,-87,-19,-127,-26,21,-1,-18,-24,-151
TREX,"Trex Company, Inc.",51.4,-13,-22,-62,-15,-112,-12,-18,-2,-8,-40,-152
GNTX,Gentex,25.89,-77,0,0,-1,-78,-68,-8,12,-10,-74,-152
OXY,Occidental Petroleum,42.42,-56,-3,-63,0,-122,-26,-1,14,-18,-31,-153
NKE,"Nike, Inc.",67.37,-36,-5,-1,-23,-65,-42,-25,15,-38,-90,-155
SWK,Stanley Black & Decker,64.48,-34,-3,-37,-41,-115,-33,-10,7,-4,-40,-155
CNH,CNH Industrial,10.06,-23,-42,-5,-1,-71,-28,-58,-3,4,-85,-156
CHTR,Charter Communications,258.73,-21,-56,-12,-38,-127,-26,12,-12,-3,-29,-156
KBR,"KBR, Inc.",44.72,-35,-13,-38,0,-86,-28,-23,-16,-3,-70,-156
UHAL-B,U-Haul (Series N),50.52,0,-54,-31,0,-85,-5,-18,-45,-3,-71,-156
PK,Park Hotels & Resorts,10.81,-109,-2,-1,0,-112,-40,-9,11,-7,-45,-157
FBIN,Fortune Brands Innovations,48.14,-44,-15,-34,-7,-100,-42,-18,7,-4,-57,-157
MORN,"Morningstar, Inc.",226.11,0,-52,-28,0,-80,-5,-65,-6,-2,-78,-158
AKAM,Akamai Technologies,73.77,-23,-3,-34,-9,-69,-30,-14,-34,-12,-90,-159
TGT,Target Corporation,87.32,-14,-32,-39,-13,-98,-14,-38,-1,-8,-61,-159
NCNO,nCino,24.71,-106,-10,-34,0,-150,-5,-15,13,-3,-10,-160
SLM,Sallie Mae,25.49,-91,-41,0,24,-108,-33,-41,-1,23,-52,-160
DV,DoubleVerify,11.15,-13,-25,-78,0,-116,-5,-27,-1,-12,-45,-161
AVY,Avery Dennison,157.47,-13,-35,-43,0,-91,-36,-26,-3,-7,-72,-163
CL,Colgate-Palmolive,76.97,-66,-68,-14,25,-123,-19,-29,-22,28,-42,-165
AXTA,Axalta,26.78,-37,-15,-24,0,-76,-33,-17,-37,-2,-89,-165
LKQ,LKQ Corporation,29.14,-34,-21,-14,-4,-73,-37,-14,-22,-19,-92,-165
XP,XP Inc.,15.96,-98,-6,0,0,-104,-69,-7,24,-10,-62,-166
RIVN,Rivian,13.05,-64,-3,0,0,-67,-75,-3,-1,-23,-102,-169
LSTR,Landstar,124.95,-2,-54,-43,-2,-101,-12,1,-50,-9,-70,-171
RITM,Rithm Capital,10.77,-127,-13,25,34,-81,-118,-18,18,28,-90,-171
SAM,Boston Beer Company,219.25,0,0,-43,-39,-82,-5,1,-39,-46,-89,-171
ZTS,Zoetis,141.96,-17,-25,-43,-5,-90,-39,-26,-10,-7,-82,-172
SLB,Schlumberger,32.26,-33,-5,-78,-1,-117,-31,-12,-1,-12,-56,-173
ILMN,"Illumina, Inc.",95.01,-16,-5,-36,-42,-99,-34,-10,10,-42,-76,-175
IEX,IDEX Corporation,160.84,-13,-53,-36,-4,-106,-30,4,-36,-8,-70,-176
STZ,Constellation Brands,141.4,0,-35,-53,-5,-93,-6,1,-69,-10,-84,-177
UWMC,United Wholesale Mortgage,5.3,-115,0,0,0,-115,-54,-8,6,-6,-62,-177
SFD,Smithfield Foods,21.23,-91,-18,0,0,-109,-54,-27,12,0,-69,-178
KMPR,Kemper Corporation,48.1,-62,-13,-14,-2,-91,-75,-18,-11,16,-88,-179
EMN,Eastman Chemical Company,60.08,-33,-16,-29,-3,-81,-33,-18,-43,-4,-98,-179
MKC,McCormick & Company,65.36,-26,-68,-14,-4,-112,9,-67,-22,12,-68,-180
CHE,Chemed Corporation,429.62,-70,-9,-19,-1,-99,-36,-18,-17,-10,-81,-180
CAG,Conagra Brands,18.17,-18,-6,-40,-9,-73,-37,-25,-22,-25,-109,-182
CZR,Caesars Entertainment,22.03,-37,-6,-34,-27,-104,-35,-2,-2,-39,-78,-182
EEFT,Euronet Worldwide,83.07,-36,-53,-11,-5,-105,-32,-53,-8,15,-78,-183
ODFL,Old Dominion Freight Line,136.19,-13,-53,-34,0,-100,-14,-27,-39,-3,-83,-183
WU,Western Union,8.14,4,-4,-31,-48,-79,-14,-18,-66,-7,-105,-184
AAL,American Airlines Group,11.73,0,-13,-29,-78,-120,-12,-19,7,-41,-65,-185
WHR,Whirlpool Corporation,71.92,-33,-19,-13,-28,-93,-34,-16,-4,-38,-92,-185
G,Genpact,39.5,-56,-24,-5,0,-85,-69,-20,-23,12,-100,-185
PPG,PPG Industries,98.85,-37,-16,-54,-10,-117,-36,-22,-1,-10,-69,-186
GLOB,Globant,59.36,0,-103,-34,-9,-146,1,1,-34,-9,-41,-187
OC,Owens Corning,125.29,-144,-11,-32,60,-127,-47,-18,7,-2,-60,-187
CHRD,Chord Energy,92.6,-77,-11,-58,0,-146,-27,-20,12,-8,-43,-189
NIQ,NIQ Global Intelligence,14.13,-119,0,0,0,-119,-61,-10,0,0,-71,-190
NWL,Newell Brands,4.84,-29,-13,-35,-33,-110,-33,-16,6,-38,-81,-191
UHAL,U-Haul,55.75,-42,-54,-23,0,-119,-40,-18,-36,22,-72,-191
ABNB,Airbnb,118.85,-38,-47,-11,0,-96,-68,-21,-1,-7,-97,-193
KMX,CarMax,43.67,-30,-17,-27,-38,-112,-33,-15,-31,-2,-81,-193
MAA,Mid-America Apartment Communities,134.55,-91,-53,-5,-1,-150,-24,-16,-16,13,-43,-193
SON,Sonoco,39.49,-121,-15,-4,-2,-142,-39,-12,15,-16,-52,-194
CPB,Campbell Soup Company,29.79,-42,-4,-40,-8,-94,-42,-5,-47,-7,-101,-195
BALL,Ball Corporation,47.04,-35,-41,-11,-13,-100,-39,-49,-1,-7,-96,-196
CE,Celanese,40.16,-22,-46,-51,-12,-131,-33,-16,-5,-11,-65,-196
ENPH,Enphase Energy,34.82,-17,-2,-54,-22,-95,-10,-6,-61,-26,-103,-198
LULU,Lululemon Athletica,169.83,-34,-89,-19,-5,-147,-12,2,-28,-14,-52,-199
WY,Weyerhaeuser,23.94,-34,-22,-31,-1,-88,-34,-26,-43,-10,-113,-201
ARE,Alexandria Real Estate Equities,73.89,-42,-4,-45,-32,-123,-39,-6,3,-37,-79,-202
CHDN,Churchill Downs Incorporated,87.96,-42,-31,-39,0,-112,-37,-48,-2,-3,-90,-202
MKTX,MarketAxess,172.98,15,-56,-36,-31,-108,30,-71,-10,-46,-97,-205
INVH,Invitation Homes,28.25,-61,-57,-16,0,-134,-54,-22,-11,16,-71,-205
WSC,WillScot Mobile Mini,21.75,0,-51,-73,-8,-132,-12,-45,-2,-14,-73,-205
PCTY,Paylocity,151.65,-103,-35,-6,-5,-149,-29,-39,-5,7,-66,-215
CLVT,Clarivate,3.63,-26,-17,-85,-8,-136,-30,-17,11,-44,-80,-216
GPK,Graphic Packaging,17.47,-42,-32,-27,-1,-102,-44,-29,-40,-2,-115,-217
CPT,Camden Property Trust,101.81,-92,-14,-3,-1,-110,-97,-15,-11,13,-110,-220
INSP,Inspire Medical Systems,77.68,7,-104,-31,-8,-136,-11,-21,-36,-19,-87,-223
PENN,Penn Entertainment,16.76,-59,-5,-1,-36,-101,-70,-14,8,-46,-122,-223
DOW,Dow Inc.,21.41,-35,-16,-51,-3,-105,-35,-10,-66,-10,-121,-226
IFF,International Flavors & Fragrances,60.1,-22,-53,-31,-33,-139,-29,-19,-43,-3,-94,-233
BMRN,BioMarin Pharmaceutical,52.44,-17,-26,-58,-22,-123,-26,-40,-23,-24,-113,-236
ALGM,Allegro MicroSystems,27.41,-91,-17,19,0,-89,-93,-53,16,-18,-148,-237
KHC,Kraft Heinz,25.09,-42,-26,-50,-2,-120,-42,-44,-22,-12,-120,-240
EPAM,EPAM Systems,146.69,-34,-24,-34,-29,-121,-33,-22,-25,-39,-119,-240
HUN,Huntsman Corporation,8.17,-24,-17,-53,-17,-111,-29,-17,-48,-35,-129,-240
CDW,CDW,147.48,-77,-49,-50,0,-176,-40,-14,-1,-10,-65,-241
CMCSA,Comcast,29.4,-67,-54,-43,-11,-175,-30,-18,-10,-10,-68,-243
ALGN,Align Technology,129.54,0,-52,-75,-27,-154,-12,-26,-11,-40,-89,-243
FLO,Flowers Foods,12.51,-31,-41,-45,-10,-127,7,-34,-65,-25,-117,-244
AMT,American Tower,183.2,-70,-49,-5,-2,-126,-81,-48,-3,13,-119,-245
FRPT,Freshpet,48.38,-28,-84,-32,-8,-152,-28,-41,-28,-1,-98,-250
SITE,SiteOne Landscape Supply,120.26,-167,-14,-4,-11,-196,-39,-18,11,-10,-56,-252
SN,SharkNinja,89.19,-112,-10,-1,0,-123,-110,-38,15,3,-130,-253
MAN,ManpowerGroup,37.99,-5,-34,-54,-30,-123,-12,-26,-54,-38,-130,-253
MTCH,Match Group,32.11,-108,-6,0,-39,-153,-61,-14,13,-40,-102,-255
LYB,LyondellBasell,46.26,-25,-51,-52,-7,-135,-35,-16,-66,-9,-126,-261
COLD,Americold,13.31,5,-135,-49,-13,-192,-5,1,-49,-17,-70,-262
IAC,IAC Inc.,32.85,-112,-17,-10,-33,-172,-39,-9,-5,-40,-93,-265
UA,Under Armour (Class C),4.66,-21,-46,-36,-39,-142,-39,-48,-3,-39,-129,-271
TEAM,Atlassian,149.4,-128,-67,-14,-8,-217,-29,-15,-26,13,-57,-274
BF-B,Brown–Forman (Class B),26.91,-24,-29,-111,-20,-184,-16,-2,-43,-30,-91,-275
DJT,Trump Media & Technology Group,16.55,-18,-94,-64,0,-176,-31,-25,-32,-11,-99,-275
WEN,Wendy's Company (The),8.68,-31,-77,-45,-10,-163,-34,-24,-40,-17,-115,-278
UAA,Under Armour (Class A),4.84,-21,-46,-36,-46,-149,-39,-48,-3,-39,-129,-278
DXC,DXC Technology,13.23,-36,-6,-33,-75,-150,-36,-17,-40,-36,-129,-279
BAX,Baxter International,22.09,-19,-68,-31,-40,-158,-36,-21,-22,-43,-122,-280
HRL,Hormel Foods,23.51,-42,-62,-18,-25,-147,-48,-58,-5,-32,-143,-290
UPS,United Parcel Service,83.15,-13,-54,-114,-18,-199,-26,5,-42,-36,-99,-298
RNG,RingCentral,26.89,-105,-2,-34,-43,-184,-68,-10,8,-47,-117,-301
FND,Floor & Decor,69.37,-118,-13,-43,-8,-182,-120,-10,6,-8,-132,-314
PRGO,Perrigo,21.19,-16,-48,-10,-115,-189,-37,-21,-10,-57,-125,-314
BF-A,Brown–Forman (Class A),26.81,-24,-26,-110,-20,-180,-42,-23,-50,-26,-141,-321
XRAY,Dentsply Sirona,12.21,-37,-52,-89,-44,-222,-39,-17,-3,-42,-101,-323
BRBR,BellRing Brands,34.33,-61,-111,-21,0,-193,-5,-103,-27,-1,-136,-329
SBAC,SBA Communications,188.13,-90,-49,-7,-22,-168,-119,-49,-6,-1,-175,-343
RHI,Robert Half,32.09,-33,-181,-37,-11,-262,-35,-18,-35,-34,-122,-384
FMC,FMC Corporation,29.54,-122,-32,-48,-26,-228,-138,-22,-3,-28,-191,-419
CHH,Choice Hotels,100.81,-224,-48,-11,0,-283,-82,-49,-25,16,-140,-423
