Symbol,Name,Close,1H Cloud Score,1D Cloud Score,1W Cloud Score,1M Cloud Score,Cloud Score Sum,1H TKx Score,1D TKx Score,1W TKx Score,1M TKx Score,TKx Score Sum,Total Score Sum
TJX,TJX Companies,139.49,0,29,152,199,380,12,33,121,194,360,740
ORLY,O'Reilly Auto Parts,107.46,84,40,167,200,491,49,46,58,90,243,734
COOP,Mr. Cooper Group,220.4,49,86,123,59,317,54,85,121,57,317,634
AZO,AutoZone,4326.26,133,39,98,87,357,47,46,58,58,209,566
MSI,Motorola Solutions,481.73,77,41,5,154,277,18,51,5,186,260,537
CASY,Casey's,554.37,37,5,117,88,247,56,1,121,79,257,504
GOOGL,Alphabet (Class A),240.75,105,75,12,177,369,52,49,9,22,132,501
GOOG,Alphabet (Class C),241.28,105,75,11,177,368,52,49,8,22,131,499
WELL,Welltower,169.12,35,83,120,59,297,-11,44,137,25,195,492
RBA,RB Global,117.15,31,97,108,28,264,25,46,111,20,202,466
JPM,JPMorgan Chase,306.91,15,88,127,159,389,18,13,14,27,72,461
LYV,Live Nation Entertainment,173.74,35,87,98,148,368,35,25,13,17,90,458
ORI,Old Republic International,40.28,0,23,151,59,233,10,21,121,56,208,441
HWM,Howmet Aerospace,185.75,49,3,152,30,234,49,3,96,58,206,440
GS,Goldman Sachs,779.93,37,86,96,59,278,28,97,14,22,161,439
WRB,W. R. Berkley Corporation,73.82,14,12,98,177,301,25,25,28,56,134,435
ROL,"Rollins, Inc.",57.38,14,2,35,287,338,31,-8,27,36,86,424
ITT,ITT Inc.,177.54,24,92,20,100,236,44,99,14,27,184,420
HALO,Halozyme,76.88,259,33,11,20,323,33,44,5,15,97,420
MS,Morgan Stanley,156.38,30,86,80,65,261,27,97,14,17,155,416
YUM,Yum! Brands,149.46,25,2,32,260,319,38,2,-6,58,92,411
HUBB,Hubbell Incorporated,437.42,22,84,5,183,294,18,15,10,72,115,409
PLTR,Palantir Technologies,171.44,28,99,120,0,247,31,-14,123,21,161,408
WM,"Waste Management, Inc.",218.11,-42,-15,99,188,230,5,-21,31,160,175,405
GLW,Corning Inc.,77.04,105,85,23,18,231,54,92,12,15,173,404
FIX,Comfort Systems USA,754.21,26,89,21,65,201,30,101,14,56,201,402
NEM,Newmont,79.26,117,110,23,6,256,40,72,23,11,146,402
APH,Amphenol,118.71,39,99,23,66,227,28,101,14,28,171,398
WDC,Western Digital,97.66,105,86,16,19,226,54,97,14,4,169,395
ETR,Entergy,90.3,15,44,80,138,277,19,-9,93,15,118,395
AM,Antero Midstream,18.61,56,8,152,24,240,8,1,82,56,147,387
NRG,NRG Energy,164.87,31,1,107,95,234,32,-19,117,22,152,386
SNX,TD Synnex,151.63,40,86,19,64,209,51,92,12,22,177,386
SO,Southern Company,92.26,3,0,80,191,274,14,-11,27,80,110,384
AVGO,Broadcom,359.84,50,89,23,117,279,52,6,14,31,103,382
FYBR,Frontier Communications,37.53,84,24,93,0,201,45,23,98,15,181,382
BK,BNY Mellon,106.47,14,88,98,41,241,12,92,14,20,138,379
RSG,Republic Services,228.41,-6,-32,128,178,268,12,-57,-5,161,111,379
LITE,Lumentum,163.01,98,84,18,4,204,54,92,12,11,169,373
DUK,Duke Energy,121.96,8,42,80,184,314,18,-6,26,17,55,369
NDAQ,"Nasdaq, Inc.",93.92,-1,92,80,145,316,32,-10,14,15,51,367
MA,Mastercard,580.33,-42,31,130,156,275,10,38,14,27,89,364
MCD,McDonald's,305.48,-23,22,56,243,298,-37,42,2,58,65,363
APP,AppLovin,582.08,99,31,109,0,239,54,39,10,19,122,361
EHC,Encompass Health,126.08,63,20,147,30,260,19,23,28,30,100,360
AME,Ametek,189.98,47,31,8,107,193,18,31,14,102,165,358
KRC,Kilroy Realty,43.15,155,76,10,0,241,14,79,10,12,115,356
COST,Costco,967.74,14,0,0,181,195,-12,-8,-6,185,159,354
AMG,Affiliated Managers Group,236.05,105,92,15,23,235,21,63,14,18,116,351
ATO,Atmos Energy,166.53,14,26,78,46,164,9,42,89,46,186,350
SPGI,S&P Global,544.1,14,86,20,173,293,32,-9,12,22,57,350
CDNS,Cadence Design Systems,343.43,-7,0,21,142,156,9,-11,14,181,193,349
DDS,Dillard's,574.71,106,68,18,55,247,12,22,11,56,101,348
MCO,Moody's Corporation,512.32,24,86,20,157,287,32,-9,12,26,61,348
LOW,Lowe's,271.89,55,38,4,167,264,8,50,5,20,83,347
L,Loews Corporation,97.65,13,86,116,56,271,14,21,14,25,74,345
WMT,Walmart,103.44,51,10,131,102,294,5,1,14,30,50,344
AU,AngloGold Ashanti,66.32,91,30,80,19,220,40,39,28,15,122,342
GD,General Dynamics,326.12,15,108,12,55,190,17,63,14,58,152,342
TIGO,Millicom,47.5,0,166,81,3,250,-6,51,28,17,90,340
FAST,Fastenal,47.43,-42,108,127,107,300,-5,-1,19,27,40,340
COR,Cencora,302.4,30,9,48,76,163,29,18,59,69,175,338
CBRE,CBRE Group,164.03,41,70,96,23,230,14,66,12,15,107,337
LOPE,Grand Canyon Education,209.6,14,26,151,36,227,12,25,38,35,110,337
THC,Tenet Healthcare,192.64,182,23,18,58,281,-2,20,12,25,55,336
BSX,Boston Scientific,102.7,-21,-1,148,145,271,-19,10,14,58,63,334
SSNC,SS&C Technologies,89.21,33,62,94,15,204,16,87,11,16,130,334
RTX,RTX Corporation,155.88,0,85,81,55,221,12,-2,88,15,113,334
WCC,Wesco International,214.76,-7,85,11,59,148,12,99,12,58,181,329
DTE,DTE Energy,136.8,8,2,78,190,278,14,-8,31,14,51,329
SGI,Somnigroup International,84.08,-7,86,45,65,189,-1,99,14,27,139,328
STE,Steris,249.96,14,25,18,196,253,5,18,26,26,75,328
DRI,Darden Restaurants,212.62,50,0,48,62,160,70,15,52,31,168,328
HD,Home Depot (The),422.79,15,38,5,181,239,8,51,6,20,85,324
LIN,Linde plc,481.92,13,29,17,111,170,29,2,14,107,152,322
BX,Blackstone Inc.,181.32,37,57,8,143,245,42,4,9,22,77,322
ORCL,Oracle Corporation,292.13,37,3,15,199,254,42,-17,14,28,67,321
AXS,AXIS Capital,99.06,11,0,90,46,147,13,21,86,54,174,321
HIG,Hartford (The),132.51,9,28,98,58,193,12,32,25,57,126,319
AWI,Armstrong World Industries,196.49,5,93,98,22,218,14,52,14,20,100,318
TRV,Travelers Companies (The),278.95,12,22,95,59,188,12,33,28,57,130,318
FTAI,FTAI Aviation,171.72,112,32,7,48,199,44,32,10,32,118,317
PGR,Progressive Corporation,248.24,12,-66,0,178,124,16,-6,-7,190,193,317
UI,Ubiquiti,604.69,105,15,56,11,187,54,50,14,11,129,316
KLAC,KLA Corporation,963.6,42,5,18,178,243,43,-12,14,27,72,315
ITW,Illinois Tool Works,263.42,-2,57,6,179,240,12,21,11,30,74,314
C,Citigroup,99.48,32,86,23,19,160,28,96,14,15,153,313
ACM,AECOM,126.58,14,92,20,66,192,12,21,14,73,120,312
AXON,Axon Enterprise,756.13,8,-2,149,95,250,32,-16,14,31,61,311
ICE,Intercontinental Exchange,173.91,0,-10,116,162,268,11,-16,26,22,43,311
RJF,Raymond James Financial,170.26,14,85,96,59,254,16,8,11,20,55,309
CHD,Church & Dwight,92.97,-7,-34,-20,345,284,6,10,-18,26,24,308
BR,Broadridge Financial Solutions,251.98,0,0,118,146,264,11,-8,14,26,43,307
MNST,Monster Beverage,64.69,14,25,30,181,250,26,3,23,5,57,307
HEI,HEICO (Common),318.81,4,0,29,190,223,9,-3,20,58,84,307
PFGC,Performance Food Group,105.89,15,89,57,44,205,13,15,14,58,100,305
IBM,IBM,253.43,50,-31,113,55,187,-7,5,60,57,115,302
FTI,TechnipFMC,39.83,108,86,21,28,243,-2,8,14,38,58,301
AJG,Arthur J. Gallagher & Co.,297.27,-6,-1,0,187,180,5,14,-6,108,121,301
JEF,Jefferies Financial Group,66.64,27,62,1,59,149,27,62,5,58,152,301
SF,Stifel,115.25,14,76,12,60,162,16,91,11,21,139,301
RL,Ralph Lauren Corporation,315.28,6,88,98,35,227,15,17,14,27,73,300
RPM,RPM International,126.35,14,37,4,181,236,8,46,11,-1,64,300
EME,Emcor,629.21,37,86,21,59,203,21,5,12,58,96,299
PANW,Palo Alto Networks,196.33,140,6,3,82,231,-11,7,14,58,68,299
MLI,Mueller Industries,98.97,21,58,11,59,149,14,51,12,72,149,298
T,AT&T,29.58,12,26,74,17,129,26,28,98,16,168,297
LHX,L3Harris,279.06,16,108,16,6,146,17,101,16,15,149,295
NEU,NewMarket,837.61,24,108,23,30,185,34,22,26,28,110,295
CW,Curtiss-Wright,508.99,24,94,23,55,196,33,2,14,50,99,295
TKO,TKO Group Holdings,202.48,60,24,75,41,200,11,17,14,51,93,293
EVR,Evercore,343.33,36,85,11,59,191,41,21,12,27,101,292
WPC,W. P. Carey,68.68,45,83,33,3,164,16,75,30,6,127,291
ALL,Allstate,200.38,-41,31,101,160,251,13,-6,15,18,40,291
RGLD,Royal Gold,189.31,112,16,65,19,212,40,24,-3,17,78,290
CIEN,Ciena,131.24,91,86,13,13,203,49,8,12,17,86,289
PTC,PTC Inc.,205.02,-28,85,10,183,250,2,-2,11,27,38,288
V,Visa Inc.,339.38,-41,-6,141,134,228,3,15,14,27,59,287
CBOE,Cboe Global Markets,234.29,0,-1,148,56,203,17,-12,26,52,83,286
VRSN,Verisign,285.51,84,-1,40,10,133,81,7,56,8,152,285
LLYVA,Liberty Live (Series A),97.37,36,99,34,0,169,40,60,14,1,115,284
PM,Philip Morris International,166.1,19,0,74,56,149,24,-6,89,28,135,284
HLI,Houlihan Lokey,205.1,27,88,21,45,181,41,21,14,27,103,284
HPE,Hewlett Packard Enterprise,24.73,41,82,5,43,171,27,19,11,55,112,283
PNR,Pentair,110.95,45,86,13,63,207,16,23,12,25,76,283
LLY,Lilly (Eli),755.39,31,-33,-7,173,164,24,8,-11,97,118,282
AAPL,Apple Inc.,234.06,-21,53,2,252,286,-30,21,6,-1,-4,282
R,Ryder,187.52,-1,71,15,57,142,13,57,12,57,139,281
URI,United Rentals,938.61,-7,86,11,65,155,-1,57,12,58,126,281
TLN,Talen Energy,402.47,37,98,43,0,178,51,33,15,3,102,280
FLEX,Flex Ltd.,57.27,50,15,22,59,146,54,8,14,58,134,280
EBAY,eBay,90.79,-7,95,81,15,184,-1,-6,86,17,96,280
RCL,Royal Caribbean Group,336.42,-26,86,125,29,214,10,14,14,28,66,280
HEI-A,HEICO (Class A),250.74,0,0,30,183,213,17,-3,21,31,66,279
LLYVK,Liberty Live (Series C),100.46,35,92,34,0,161,41,62,14,1,118,279
NTAP,Netapp,123.94,105,29,2,58,194,54,21,11,-2,84,278
SHW,Sherwin-Williams,360.16,-7,29,5,191,218,5,21,14,20,60,278
COF,Capital One,223.68,4,92,98,22,216,16,12,14,19,61,277
CAT,Caterpillar Inc.,431.55,14,85,12,65,176,21,10,12,58,101,277
NVT,Nvent Electric,94.76,39,86,12,13,150,21,99,12,-6,126,276
PSTG,Pure Storage,82.31,97,16,3,43,159,40,8,10,58,116,275
DASH,DoorDash,258.0,38,85,101,0,224,35,-17,14,19,51,275
ALNY,Alnylam Pharmaceuticals,465.73,28,85,21,16,150,-1,93,14,16,122,272
NI,NiSource,41.0,17,0,78,46,141,30,-7,93,15,131,272
ANET,Arista Networks,139.36,0,71,11,59,141,-4,67,10,57,130,271
CG,Carlyle Group (The),66.58,21,77,12,22,132,21,88,11,19,139,271
RBC,RBC Bearings,375.1,-70,-1,97,165,191,9,-9,18,58,76,267
GILD,Gilead Sciences,114.52,0,80,55,36,171,52,-8,12,40,96,267
MMC,Marsh McLennan,202.93,-1,-67,-7,176,101,7,-5,-15,179,166,267
EVRG,Evergy,72.51,17,67,62,15,161,19,-5,81,11,106,267
MPWR,Monolithic Power Systems,833.65,-7,86,7,158,244,-19,30,14,-3,22,266
ABBV,AbbVie,218.33,14,38,21,59,132,16,45,7,65,133,265
CAH,Cardinal Health,152.26,29,-16,59,39,111,39,5,52,58,154,265
PPL,PPL Corporation,36.17,3,44,80,24,151,12,-5,92,15,114,265
SRE,Sempra,83.96,15,41,4,182,242,19,-6,12,-2,23,265
NET,Cloudflare,221.4,48,86,43,0,177,44,8,14,20,86,263
CMI,Cummins,410.22,21,58,9,66,154,18,49,10,31,108,262
LDOS,Leidos,183.83,21,98,6,24,149,21,55,17,20,113,262
DGX,Quest Diagnostics,183.0,29,25,72,19,145,6,23,72,15,116,261
AAON,AAON,82.18,1,0,-17,246,230,13,15,-29,32,31,261
UTHR,United Therapeutics,404.98,63,22,2,58,145,32,22,2,60,116,261
BKR,Baker Hughes,46.48,111,40,8,36,195,21,9,8,27,65,260
MO,Altria,66.64,3,39,74,46,162,19,32,30,17,98,260
LRCX,Lam Research,116.94,38,8,13,153,212,44,-5,14,-6,47,259
WMB,Williams Companies,58.81,21,-28,116,53,162,23,2,14,58,97,259
ADI,Analog Devices,245.13,-6,17,15,180,206,-5,17,14,27,53,259
LECO,Lincoln Electric,238.99,-11,85,11,66,151,12,92,12,-8,108,259
J,Jacobs Solutions,146.7,14,84,10,107,215,14,-2,11,20,43,258
GE,GE Aerospace,281.7,21,97,23,28,169,17,8,34,30,89,258
TPR,"Tapestry, Inc.",106.47,19,86,84,22,211,12,3,12,20,47,258
LNG,Cheniere Energy,236.07,0,16,64,59,139,21,27,14,57,119,258
ETN,Eaton Corporation,365.91,21,0,12,115,148,21,3,12,73,109,257
PH,Parker Hannifin,759.0,21,87,21,66,195,-1,18,14,31,62,257
SNDK,SanDisk,86.12,106,19,0,0,125,105,21,6,0,132,257
CINF,Cincinnati Financial,156.95,14,29,89,63,195,11,20,14,16,61,256
LFUS,Littelfuse,263.7,24,86,7,3,120,42,91,12,-9,136,256
FFIV,"F5, Inc.",321.6,37,85,98,15,235,-2,-9,14,18,21,256
VMC,Vulcan Materials,294.81,45,38,10,61,154,14,46,14,28,102,256
CNP,Centerpoint Energy,38.22,23,40,53,46,162,38,-10,47,16,91,253
TMUS,T-Mobile US,241.67,-37,25,98,140,226,4,-1,-12,36,27,253
ALLE,Allegion,175.03,15,98,13,22,148,14,54,14,23,105,253
GRMN,Garmin,238.07,0,59,116,20,195,6,20,10,22,58,253
ROIV,Roivant Sciences,14.07,86,23,5,0,114,83,39,14,1,137,251
SSD,Simpson Manufacturing Company,188.68,-7,38,5,157,193,-1,51,10,-2,58,251
AON,AON,372.14,9,2,0,178,189,6,-3,1,57,61,250
CELH,Celsius Holdings,57.81,0,125,0,66,191,12,34,22,-10,58,249
MCK,McKesson Corporation,710.98,30,2,46,59,137,29,14,-1,68,110,247
DRS,Leonardo DRS,42.05,6,-18,143,59,190,13,-1,14,30,56,246
FICO,Fair Isaac,1544.06,6,0,-10,167,163,73,10,-32,32,83,246
IVZ,Invesco,22.44,37,62,11,3,113,49,58,11,14,132,245
IBKR,Interactive Brokers,63.69,14,4,93,58,169,18,-13,12,58,75,244
VIK,Viking Holdings,63.25,0,86,0,0,86,42,101,14,0,157,243
NFLX,Netflix,1188.45,-14,-2,120,21,125,-12,17,91,21,117,242
AIZ,Assurant,213.02,0,27,5,153,185,8,23,6,20,57,242
HR,Healthcare Realty Trust,18.33,112,54,6,1,173,-9,60,6,10,67,240
SCI,Service Corporation International,80.07,14,2,1,176,193,26,-5,12,14,47,240
AYI,Acuity Brands,336.29,8,62,8,28,106,12,91,10,21,134,240
TOL,Toll Brothers,143.47,0,70,4,62,136,6,63,8,27,104,240
PWR,Quanta Services,382.32,21,0,21,100,142,32,-22,14,73,97,239
CME,CME Group,262.22,-1,-20,58,137,174,6,-15,54,20,65,239
NVDA,Nvidia,177.79,21,4,18,135,178,32,-12,14,27,61,239
HOOD,Robinhood Markets,115.02,35,88,85,0,208,-7,5,14,19,31,239
IONS,Ionis Pharmaceuticals,63.14,63,89,5,1,158,63,14,14,-11,80,238
CRS,Carpenter Technology Corporation,240.04,-8,-15,150,36,163,-19,-31,75,50,75,238
MSFT,Microsoft,509.85,7,0,20,174,201,16,-19,14,26,37,238
NFG,National Fuel Gas,88.22,17,3,64,53,137,19,-6,75,11,99,236
ULTA,Ulta Beauty,514.85,0,96,16,5,117,14,99,16,-10,119,236
ALAB,Astera Labs,229.41,48,84,1,0,133,47,46,9,0,102,235
PHM,PulteGroup,137.09,0,59,5,66,130,2,63,10,30,105,235
OMF,OneMain Financial,60.57,-7,86,21,61,161,11,21,14,27,73,234
THG,Hanover Insurance,180.25,14,25,65,25,129,16,17,57,15,105,234
WEC,WEC Energy Group,110.52,26,42,59,14,141,23,-14,72,12,93,234
VMI,Valmont Industries,373.26,0,76,66,59,201,14,-4,11,11,32,233
HLT,Hilton Worldwide,274.72,-1,86,20,65,170,8,16,12,27,63,233
CXT,Crane NXT,60.35,-2,76,2,56,132,16,17,10,57,100,232
SPOT,Spotify,696.7,0,0,116,13,129,-15,-2,99,21,103,232
MTG,MGIC Investment Corporation,28.43,52,23,23,56,154,12,23,14,29,78,232
CRH,CRH plc,113.38,14,40,11,65,130,16,49,8,28,101,231
CACI,CACI,495.98,23,4,6,155,188,34,-7,18,-2,43,231
JLL,Jones Lang LaSalle,312.49,45,60,8,15,128,14,65,8,15,102,230
NLY,Annaly Capital Management,22.0,58,68,22,11,159,-12,54,12,17,71,230
BYD,Boyd Gaming,84.68,-23,86,52,60,175,-2,14,14,28,54,229
ARES,Ares Management,182.79,21,2,21,60,104,16,-13,14,107,124,228
CTAS,Cintas,202.31,-143,-20,23,168,28,9,-15,17,188,199,227
STT,State Street Corporation,112.41,-25,88,21,17,101,5,93,13,15,126,227
DTM,DT Midstream,107.23,40,4,107,0,151,32,3,14,26,75,226
TTWO,Take-Two Interactive,246.26,78,9,49,14,150,-10,16,49,21,76,226
FWONA,Liberty Formula 1 (Series A),90.0,-3,-1,73,63,132,10,13,13,57,93,225
FHN,First Horizon Corporation,22.5,19,86,56,5,166,21,15,12,11,59,225
BRK-B,Berkshire Hathaway,493.73,-26,12,128,63,177,9,20,-9,27,47,224
KMI,Kinder Morgan,27.57,21,-27,96,45,135,22,2,12,53,89,224
OZK,Bank OZK,52.19,-2,86,21,57,162,16,14,12,20,62,224
ADT,ADT Inc.,8.82,13,106,35,0,154,11,21,29,9,70,224
RBLX,Roblox Corporation,133.34,98,4,57,0,159,28,5,20,12,65,224
RITM,Rithm Capital,12.37,-6,86,21,33,134,-5,53,14,27,89,223
NVR,"NVR, Inc.",8414.83,2,55,0,66,123,12,51,7,30,100,223
XEL,Xcel Energy,73.33,14,42,55,13,124,15,11,63,10,99,223
EXPD,Expeditors International,123.54,17,31,5,132,185,9,22,10,-4,37,222
FWONK,Liberty Formula 1 (Series C),99.43,-3,-1,74,58,128,9,13,14,57,93,221
USFD,US Foods,79.48,15,-10,147,36,188,18,-26,14,27,33,221
OLLI,Ollie's Bargain Outlet,131.47,0,0,119,17,136,9,-15,67,24,85,221
INSM,Insmed,145.94,3,66,68,17,154,-5,36,14,21,66,220
EXPE,Expedia Group,222.12,15,59,53,12,139,30,25,10,15,80,219
VTR,"Ventas, Inc.",69.73,27,42,76,23,168,33,-6,8,16,51,219
SOFI,SoFi,26.52,37,78,50,0,165,6,22,12,12,52,217
BWXT,BWX Technologies,168.32,21,84,17,36,158,21,-10,14,32,57,215
JHG,Janus Henderson,44.93,15,71,10,20,116,14,55,11,19,99,215
FLS,Flowserve,56.27,44,57,2,28,131,45,6,7,26,84,215
CMA,Comerica,70.46,7,60,11,5,83,16,91,11,13,131,214
TDY,Teledyne Technologies,556.29,27,85,56,15,183,18,-17,14,16,31,214
LMT,Lockheed Martin,471.37,47,12,-33,166,192,19,14,-8,-3,22,214
MLM,Martin Marietta Materials,615.86,-1,41,10,61,111,14,46,14,28,102,213
HIW,Highwoods Properties,32.41,105,12,4,7,128,42,15,14,14,85,213
GWRE,Guidewire Software,252.99,46,6,114,22,188,-17,6,14,21,24,212
BPOP,"Popular, Inc.",123.38,-13,93,21,60,161,-4,21,14,20,51,212
GGG,Graco Inc.,84.44,-7,-1,-1,179,170,8,20,14,-1,41,211
OGE,OGE Energy,44.48,5,-6,72,46,117,16,-9,72,15,94,211
EXEL,Exelixis,39.15,31,-33,68,15,81,49,-3,59,25,130,211
SPG,Simon Property Group,182.55,14,55,5,36,110,12,54,12,22,100,210
LPLA,LPL Financial,351.05,6,-11,49,100,144,16,-22,14,58,66,210
CSL,Carlisle Companies,364.99,-7,-1,-1,179,170,-4,8,14,21,39,209
CPRT,Copart,48.39,16,0,-17,177,176,11,20,-27,29,33,209
DCI,Donaldson Company,80.86,0,38,6,66,110,8,45,14,31,98,208
CVX,Chevron Corporation,157.13,0,48,11,49,108,19,69,5,7,100,208
COKE,Coca-Cola Consolidated,121.99,49,15,0,86,150,13,10,-19,53,57,207
VNT,Vontier,42.85,0,86,9,0,95,13,93,12,-6,112,207
MEDP,Medpace,490.61,15,60,8,33,116,9,70,8,3,90,206
RKT,Rocket Companies,21.11,49,42,8,0,99,52,39,13,2,106,205
KR,Kroger,68.29,6,-12,83,68,145,5,-15,54,16,60,205
JBL,Jabil,214.11,42,0,23,66,131,21,-20,15,58,74,205
PG,Procter & Gamble,157.93,0,0,-10,180,170,8,18,-18,27,35,205
HST,Host Hotels & Resorts,17.6,146,18,2,3,169,16,15,12,-7,36,205
SYY,Sysco,81.32,0,73,11,4,88,5,86,11,15,117,205
DOCS,Doximity,71.04,43,56,58,0,157,7,21,4,13,45,202
AN,AutoNation,222.09,-3,23,21,62,103,8,19,14,58,99,202
AEE,Ameren,100.79,8,42,61,14,125,8,-8,66,11,77,202
DHI,D. R. Horton,177.89,0,59,5,66,130,3,63,8,-3,71,201
BLK,BlackRock,1122.62,14,85,21,23,143,28,-6,14,22,58,201
GM,General Motors,58.51,14,68,11,12,105,11,60,11,14,96,201
BRX,Brixmor Property Group,27.99,0,68,4,56,128,10,21,14,27,72,200
LVS,Las Vegas Sands,53.49,-7,86,10,3,92,19,92,11,-15,107,199
MAS,Masco,73.64,-2,52,-1,66,115,5,52,5,22,84,199
AXP,American Express,325.44,-1,15,21,100,135,14,15,12,22,63,198
UNM,Unum,75.24,58,-32,2,41,69,54,6,14,55,129,198
PCAR,Paccar,102.5,14,7,-26,160,155,12,-6,1,35,42,197
FNB,FNB Corporation,16.41,-3,86,5,56,144,4,16,13,20,53,197
ESI,Element Solutions,26.32,42,58,1,58,159,6,22,11,-2,37,196
TSCO,Tractor Supply Company,60.62,0,2,11,86,99,6,-3,8,86,97,196
WFC,Wells Fargo,81.47,5,2,96,30,133,19,10,14,20,63,196
AIT,Applied Industrial Technologies,263.2,-2,55,11,59,123,16,-12,10,58,72,195
PRI,Primerica,274.19,14,8,0,109,131,5,15,12,31,63,194
GL,Globe Life,142.25,14,38,49,15,116,23,37,8,9,77,193
W,Wayfair,87.66,63,86,8,-42,115,11,92,14,-41,76,191
HII,Huntington Ingalls Industries,274.73,15,125,12,7,159,17,5,20,-10,32,191
AGNC,AGNC Investment,10.18,0,71,15,17,103,-12,69,12,18,87,190
AMGN,Amgen,276.36,-7,-7,-2,166,150,9,-8,2,37,40,190
SYK,Stryker Corporation,383.45,-21,-1,21,160,159,-21,9,12,30,30,189
HCA,HCA Healthcare,405.23,-20,25,7,98,110,4,25,20,30,79,189
EQH,Equitable Holdings,54.05,9,7,96,12,124,13,18,14,20,65,189
NTRS,Northern Trust,129.43,9,86,20,12,127,5,28,14,14,61,188
RF,Regions Financial Corporation,27.17,6,85,11,23,125,14,22,12,15,63,188
IDA,Idacorp,125.99,7,55,60,19,141,11,-5,30,11,47,188
STWD,Starwood Property Trust,20.5,50,8,22,59,139,-4,16,14,22,48,187
PAG,Penske Automotive Group,179.53,-11,28,19,63,99,-7,22,14,58,87,186
BKNG,Booking Holdings,5457.47,-21,-3,140,36,152,-4,-3,14,27,34,186
NTNX,Nutanix,79.2,51,3,2,23,79,65,2,14,25,106,185
JCI,Johnson Controls,107.52,21,3,79,20,123,21,8,14,19,62,185
SYF,Synchrony Financial,75.37,-6,86,21,22,123,10,21,12,19,62,185
GTES,Gates Corporation,25.62,0,86,21,16,123,13,15,14,19,61,184
LH,Labcorp,278.06,14,36,59,16,125,5,23,12,19,59,184
NXST,Nexstar Media Group,206.85,0,85,13,5,103,5,52,11,11,79,182
MDT,Medtronic,94.05,14,53,15,2,84,10,67,7,14,98,182
TT,Trane Technologies,400.44,-7,-12,20,165,166,-4,-25,14,30,15,181
GWW,W. W. Grainger,1004.7,11,0,-7,95,99,15,14,-5,58,82,181
AFL,Aflac,109.12,14,22,5,59,100,16,21,-12,56,81,181
EPR,EPR Properties,58.47,25,2,61,30,118,22,5,14,22,63,181
PEG,Public Service Enterprise Group,82.7,8,-8,0,153,153,17,-16,8,18,27,180
AMAT,Applied Materials,167.75,37,-20,-5,150,162,42,-31,12,-6,17,179
MMM,3M,157.88,14,7,78,15,114,16,20,14,15,65,179
MKL,Markel,1955.12,13,0,72,56,141,21,-22,12,27,38,179
SCCO,Southern Copper,106.18,62,8,2,63,135,11,21,14,-3,43,178
LNC,Lincoln Financial,42.16,8,55,22,2,87,14,55,12,9,90,177
RS,"Reliance, Inc.",290.56,-7,-30,0,116,79,-1,7,14,78,98,177
TDG,TransDigm Group,1271.2,0,-22,1,158,137,-9,-23,14,58,40,177
O,Realty Income,60.42,29,30,14,8,81,47,20,14,14,95,176
EMR,Emerson Electric,135.1,25,0,20,65,110,21,2,14,27,64,174
TSLA,"Tesla, Inc.",396.0,42,25,2,11,80,44,31,8,11,94,174
LNT,Alliant Energy,64.84,5,46,72,15,138,12,-5,14,14,35,173
SEB,Seaboard Corporation,3943.05,7,60,9,2,78,8,72,12,1,93,171
MU,Micron Technology,157.2,49,12,2,23,86,49,21,14,1,85,171
HHH,Howard Hughes Holdings,81.55,105,26,2,1,134,13,21,3,-1,36,170
XYL,Xylem Inc.,141.57,2,86,12,23,123,14,-5,14,23,46,169
RDDT,Reddit,254.11,49,61,1,0,111,21,30,6,0,57,168
DKS,Dick's Sporting Goods,221.57,0,52,1,64,117,14,-2,4,34,50,167
FTNT,Fortinet,79.67,39,-30,-6,114,117,40,1,-6,14,49,166
NOC,Northrop Grumman,575.92,-1,53,14,59,125,12,-5,21,13,41,166
KKR,KKR & Co. Inc.,143.36,21,0,1,104,126,30,-22,10,22,40,166
XOM,ExxonMobil,112.18,12,5,1,45,63,25,14,13,51,103,166
ZG,Zillow (Class A),84.35,0,59,58,0,117,5,15,7,21,48,165
CCL,Carnival Corporation & plc,31.52,-1,85,21,2,107,10,15,12,20,57,164
INTU,Intuit,645.75,-21,-17,21,192,175,-23,-23,14,21,-11,164
UNP,Union Pacific Corporation,214.89,-42,-14,-10,199,133,9,-6,8,20,31,164
FERG,Ferguson Enterprises,211.55,-28,0,15,66,53,-28,99,14,26,111,164
CHRW,C.H. Robinson,132.42,14,54,7,5,80,17,47,10,9,83,163
FAF,First American Financial Corporation,67.53,45,35,6,15,101,9,32,1,19,61,162
D,Dominion Energy,60.06,15,84,18,2,119,22,-5,14,11,42,161
SNA,Snap-on,333.69,14,7,2,60,83,12,1,7,58,78,161
HON,Honeywell,211.4,-7,-21,0,179,151,6,-33,14,23,10,161
GLPI,Gaming and Leisure Properties,48.05,1,15,4,66,86,14,15,-12,58,75,161
CB,Chubb Limited,278.02,14,0,6,59,79,14,18,-8,57,81,160
CORT,Corcept Therapeutics,72.86,26,0,68,20,114,26,-4,-15,39,46,160
LEN,Lennar (Class A),137.27,-1,42,-1,65,105,3,51,5,-4,55,160
BWA,BorgWarner,43.7,0,88,12,3,103,8,52,14,-17,57,160
MRP,Millrose Properties,34.62,0,75,0,0,75,25,53,7,0,85,160
NU,Nubank,15.69,37,17,5,0,59,54,12,14,20,100,159
DBX,Dropbox,30.92,56,12,3,10,81,48,17,4,9,78,159
LEN-B,Lennar (Class B),131.13,0,38,0,63,101,3,52,5,-2,58,159
HAS,Hasbro,78.36,-7,86,18,4,101,9,22,14,12,57,158
VST,Vistra Corp.,209.77,28,3,23,31,85,32,-17,12,46,73,158
PEGA,Pegasystems,58.07,48,6,23,6,83,40,5,12,16,73,156
AFG,American Financial Group,139.78,12,27,5,57,101,5,27,8,15,55,156
AEP,American Electric Power,109.46,0,1,77,24,102,19,-7,27,15,54,156
KO,Coca-Cola Company (The),67.01,-48,-15,32,183,152,-2,-8,-2,15,3,155
MSA,MSA Safety,169.27,-7,0,0,165,158,8,-19,14,-6,-3,155
VVV,Valvoline,40.48,24,27,0,32,83,44,21,11,-5,71,154
NWS,News Corp (Class B),32.28,-26,-4,116,59,145,-20,-8,14,22,8,153
FNF,Fidelity National Financial,60.53,14,23,6,59,102,9,35,-15,22,51,153
EWBC,East West Bancorp,109.46,50,15,13,23,101,4,15,13,20,52,153
META,Meta Platforms,755.74,1,86,21,30,138,-13,-9,12,24,14,152
CPNG,Coupang,32.41,40,5,21,0,66,49,5,14,18,86,152
TNL,Travel + Leisure Co.,61.83,-7,76,13,17,99,6,21,11,15,53,152
LPX,Louisiana-Pacific,95.91,-2,33,-1,64,94,4,23,4,27,58,152
DE,Deere & Company,470.51,-7,-16,53,110,140,-19,-29,49,11,12,152
JNJ,Johnson & Johnson,178.08,4,52,12,8,76,8,50,9,7,74,150
WSM,"Williams-Sonoma, Inc.",197.03,0,52,12,66,130,-4,-4,6,22,20,150
LAMR,Lamar Advertising,127.59,9,15,5,65,94,7,15,12,22,56,150
LAZ,Lazard,55.57,-1,69,6,21,95,8,21,11,14,54,149
AMP,Ameriprise Financial,497.14,0,-10,0,65,55,16,-6,12,72,94,149
REXR,Rexford Industrial,43.39,48,71,1,-19,101,49,22,10,-33,48,149
MET,Metlife,80.83,9,17,0,59,85,16,17,12,19,64,149
MP,MP Materials,63.55,0,69,36,0,105,-1,-11,49,5,42,147
FE,FirstEnergy,43.8,8,39,10,56,113,9,-4,14,15,34,147
F,Ford Motor Company,11.68,0,100,6,0,106,11,20,14,-6,39,145
XPO,"XPO, Inc.",130.19,14,5,0,62,81,11,14,11,28,64,145
ZION,Zions Bancorporation,58.43,11,68,4,5,88,16,14,11,16,57,145
IRM,Iron Mountain,96.7,29,0,-7,58,80,42,-48,14,57,65,145
UWMC,United Wholesale Mortgage,6.84,50,26,0,0,76,49,22,2,-5,68,144
BLD,TopBuild,417.07,-11,60,6,47,102,-27,63,10,-4,42,144
OHI,Omega Healthcare Investors,42.49,-10,45,10,41,86,-20,37,9,32,58,144
FSLR,First Solar,201.71,0,51,0,63,114,16,6,14,-7,29,143
PFG,Principal Financial Group,82.67,14,15,1,56,86,16,10,11,19,56,142
WBS,Webster Bank,61.51,-18,86,12,15,95,2,15,12,18,47,142
TPG,TPG Inc.,61.3,15,69,6,0,90,27,-4,8,20,51,141
BAC,Bank of America,50.57,15,19,21,19,74,22,16,14,15,67,141
NOW,ServiceNow,929.15,38,-26,0,83,95,6,5,12,23,46,141
CFG,Citizens Financial Group,51.82,0,74,12,5,91,2,21,11,15,49,140
KEY,Keycorp,19.06,0,86,12,5,103,-5,15,12,14,36,139
SUI,Sun Communities,130.0,49,10,7,-25,41,49,23,14,12,98,139
VNO,Vornado Realty Trust,42.98,73,8,2,5,88,14,8,12,16,50,138
H,Hyatt Hotels,143.43,-3,2,1,56,56,5,11,10,56,82,138
SEIC,SEI Investments Company,86.52,-42,-6,96,36,84,16,-3,14,27,54,138
UAL,United Airlines Holdings,106.56,0,59,5,12,76,14,23,8,17,62,138
U,Unity Technologies,43.58,1,75,10,0,86,-12,49,14,1,52,138
KEYS,Keysight,170.61,48,8,2,1,59,53,8,12,6,79,138
ADM,Archer Daniels Midland,61.56,-20,87,6,0,73,8,63,14,-21,64,137
EXP,Eagle Materials,233.38,0,37,-19,58,76,9,49,4,-1,61,137
ADP,Automatic Data Processing,294.01,-92,-9,0,181,80,6,-22,14,58,56,136
INFA,Informatica,24.77,-49,77,0,0,28,5,99,12,-8,108,136
CLH,Clean Harbors,236.08,-42,38,5,59,60,7,-5,14,58,74,134
RKLB,Rocket Lab,53.34,14,6,53,0,73,30,8,14,9,61,134
EOG,EOG Resources,118.29,-1,0,-2,46,43,16,15,7,52,90,133
HAYW,Hayward Holdings,15.57,-7,57,6,0,56,-1,49,12,17,77,133
NVST,Envista,21.0,15,71,8,0,94,40,22,10,-33,39,133
PNW,Pinnacle West Capital,88.16,0,-11,72,19,80,8,-9,26,27,52,132
VICI,Vici Properties,33.15,-35,0,62,16,43,-5,9,27,58,89,132
PKG,Packaging Corporation of America,215.16,-1,16,0,62,77,5,16,7,27,55,132
WSO,Watsco,381.81,-19,-30,-7,197,141,-22,-28,-32,72,-10,131
AMKR,Amkor Technology,25.45,38,71,0,3,112,9,7,8,-6,18,130
RVMD,Revolution Medicines,46.56,87,6,1,0,94,11,12,14,-1,36,130
WTW,Willis Towers Watson,338.89,14,31,12,25,82,12,2,4,30,48,130
COHR,Coherent Corp.,103.03,49,3,2,16,70,45,-13,11,16,59,129
CMS,CMS Energy,71.67,6,0,80,24,110,13,-11,2,15,19,129
KRMN,Karman Holdings,64.3,42,23,0,0,65,44,14,6,0,64,129
MSCI,MSCI,583.53,15,5,1,15,36,38,22,11,21,92,128
VLTO,Veralto,108.99,15,86,6,0,107,13,-6,13,0,20,127
OSK,Oshkosh Corporation,136.99,-3,85,15,5,102,11,-1,12,3,25,127
THO,Thor Industries,105.03,-21,70,5,3,57,-25,92,10,-7,70,127
UBER,Uber,95.88,23,5,22,0,50,30,-1,20,27,76,126
APO,Apollo Global Management,138.04,15,-18,-5,98,90,29,-30,10,27,36,126
ROST,Ross Stores,147.83,-7,29,4,36,62,-7,38,3,30,64,126
NNN,NNN Reit,43.02,43,8,4,23,78,10,9,14,15,48,126
SNPS,Synopsys,425.2,-21,-3,-1,181,156,-21,-15,12,-6,-30,126
GNTX,Gentex,28.45,15,51,0,0,66,11,49,8,-9,59,125
PODD,Insulet,341.74,-2,23,49,5,75,7,18,18,7,50,125
PNC,PNC Financial Services,201.98,-27,76,6,15,70,12,17,11,15,55,125
NCLH,Norwegian Cruise Line Holdings,26.65,15,57,4,0,76,14,6,7,21,48,124
STAG,STAG Industrial,36.28,-24,15,4,97,92,5,18,14,-5,32,124
FITB,Fifth Third Bancorp,45.57,0,62,4,23,89,-12,19,11,17,35,124
Z,Zillow (Class C),87.77,0,59,15,0,74,5,15,8,21,49,123
AOS,A. O. Smith,72.55,24,8,0,59,91,14,10,14,-6,32,123
MTZ,MasTec,189.74,21,3,23,19,66,21,8,14,14,57,123
MUSA,Murphy USA,389.47,17,0,-17,69,69,9,-3,-33,80,53,122
WBD,Warner Bros. Discovery,18.88,39,2,16,0,57,50,2,12,1,65,122
BLDR,Builders FirstSource,142.82,0,52,-32,66,86,13,22,4,-4,35,121
PRU,Prudential Financial,106.91,0,18,-17,56,57,15,21,8,20,64,121
SSB,SouthState Corporation,101.27,-16,57,4,23,68,9,15,8,20,52,120
EQT,EQT Corporation,50.94,-6,-30,45,43,52,7,5,45,11,68,120
RGA,Reinsurance Group of America,192.22,-1,4,-7,41,37,12,21,-5,54,82,119
INCY,Incyte,83.09,-7,72,7,0,72,-7,36,10,8,47,119
ECG,Everus Construction Group,78.69,15,84,0,0,99,21,-13,11,0,19,118
CVNA,Carvana,361.78,-16,0,96,12,92,-12,6,14,17,25,117
SCHW,Charles Schwab Corporation,93.55,-2,0,81,12,91,10,-13,14,15,26,117
TRMB,Trimble Inc.,80.88,14,0,83,5,102,7,-18,12,13,14,116
MAR,Marriott International,266.37,-1,-1,0,59,57,6,14,11,28,59,116
FOXA,Fox Corporation (Class A),58.25,-28,22,72,2,68,3,18,12,15,48,116
MHK,Mohawk Industries,136.06,0,48,2,0,50,9,52,6,-2,65,115
MTSI,MACOM Technology Solutions,131.82,5,0,3,59,67,4,2,12,30,48,115
GPC,Genuine Parts Company,141.33,14,39,5,0,58,15,46,14,-18,57,115
MSGS,Madison Square Garden Sports,213.03,35,4,1,22,62,35,11,7,-1,52,114
DAL,Delta Air Lines,59.86,-27,58,5,20,56,2,23,6,27,58,114
ELAN,Elanco,18.52,3,89,6,0,98,-11,21,13,-7,16,114
CART,Maplebear Inc.,46.35,42,-2,2,0,42,77,-16,11,0,72,114
GNRC,Generac,184.34,17,70,7,-35,59,38,-6,11,11,54,113
UHS,Universal Health Services,191.73,49,18,0,23,90,11,22,-8,-2,23,113
DD,DuPont,77.29,14,57,-7,20,84,6,15,11,-4,28,112
FCNCA,First Citizens BancShares,1973.73,0,-6,0,60,54,15,10,11,22,58,112
WYNN,Wynn Resorts,121.49,-7,88,12,4,97,-7,16,14,-9,14,111
ATI,ATI Inc.,76.14,-14,-17,20,44,33,6,5,14,53,78,111
MDB,MongoDB Inc.,330.0,84,20,2,0,106,-4,12,6,-10,4,110
MSM,MSC Industrial Direct,91.33,-1,15,11,59,84,5,17,14,-10,26,110
FOX,Fox Corporation (Class B),52.78,-28,22,71,2,67,3,18,11,10,42,109
KIM,Kimco Realty,22.39,-20,23,3,56,62,5,15,12,15,47,109
MKSI,MKS Instruments,115.0,37,7,1,0,45,42,18,10,-6,64,109
DOV,Dover Corporation,172.98,-7,-11,-7,107,82,-2,-2,10,20,26,108
ABT,Abbott Laboratories,133.77,7,15,60,14,96,8,-3,-8,15,12,108
CTVA,Corteva,74.31,1,2,57,0,60,5,17,14,12,48,108
EA,Electronic Arts,172.38,8,32,8,8,56,12,-3,20,22,51,107
INGM,Ingram Micro,21.01,42,3,0,0,45,45,6,11,0,62,107
HBAN,Huntington Bancshares,17.77,6,15,13,22,56,4,15,14,17,50,106
MDU,MDU Resources,16.24,13,-14,0,59,58,21,-18,14,31,48,106
OLN,Olin Corporation,26.38,105,15,-64,-10,46,67,15,2,-24,60,106
VZ,Verizon,43.97,11,26,34,11,82,10,-6,4,15,23,105
NWSA,News Corp (Class A),29.23,0,0,13,59,72,3,-6,14,22,33,105
LYFT,Lyft,18.6,58,20,5,-2,81,-2,15,14,-3,24,105
IDXX,Idexx Laboratories,641.13,0,93,18,5,116,-13,-4,14,-9,-12,104
ECL,Ecolab,272.56,-7,29,20,23,65,8,-3,14,20,39,104
TEM,Tempus AI,86.38,46,23,0,0,69,7,21,7,0,35,104
CI,Cigna,302.69,18,5,-1,59,81,11,20,-7,-2,22,103
VRTX,Vertex Pharmaceuticals,394.51,-5,-28,-6,105,66,6,3,-10,38,37,103
EFX,Equifax,256.19,15,2,-8,17,26,42,2,14,19,77,103
SHC,Sotera Health,16.03,14,25,5,0,44,35,25,6,-7,59,103
APTV,Aptiv,82.8,49,23,5,-25,52,54,19,14,-37,50,102
AMD,Advanced Micro Devices,158.47,0,0,2,111,113,-5,-12,14,-8,-11,102
AVT,Avnet,53.44,0,3,5,46,54,19,18,14,-3,48,102
DECK,Deckers Brands,118.52,-1,12,-28,94,77,7,9,-24,32,24,101
EXR,Extra Space Storage,147.06,56,5,-7,0,54,13,6,14,14,47,101
ADC,Agree Realty,73.08,14,2,67,17,100,9,-13,-9,14,1,101
POST,Post Holdings,104.96,-49,-5,-2,88,32,6,17,-12,58,69,101
CLF,Cleveland-Cliffs,11.67,42,51,0,-17,76,15,11,7,-9,24,100
USB,U.S. Bancorp,49.12,30,19,4,5,58,-5,20,11,16,42,100
CUZ,Cousins Properties,29.43,14,11,3,12,40,16,15,14,14,59,99
AL,Air Lease Corporation,63.53,0,16,21,23,60,-22,19,14,27,38,98
ED,Consolidated Edison,97.55,0,-13,32,48,67,9,-16,-8,46,31,98
DINO,HF Sinclair,51.11,-2,88,4,2,92,-19,18,14,-9,4,96
UGI,UGI Corporation,34.75,13,-13,46,5,51,12,-26,53,6,45,96
OC,Owens Corning,152.28,-1,28,-28,59,58,14,21,3,-1,37,95
ALK,Alaska Air Group,63.38,-1,52,2,3,56,4,23,2,10,39,95
RRC,Range Resources,35.32,19,-37,0,43,25,12,4,-2,56,70,95
MSTR,MicroStrategy,331.43,0,-21,103,20,102,-12,-31,14,21,-8,94
FR,First Industrial Realty Trust,52.19,10,18,0,15,43,8,14,12,15,49,92
ZS,Zscaler,283.18,34,0,21,6,61,37,-39,14,19,31,92
VOYA,Voya Financial,77.19,9,27,5,5,46,15,21,12,-2,46,92
PLNT,Planet Fitness,101.76,-8,-9,67,14,64,-1,-1,14,15,27,91
AFRM,Affirm Holdings,83.05,-20,68,16,0,64,-32,29,12,18,27,91
MTCH,Match Group,37.75,0,70,8,-38,40,2,78,9,-39,50,90
TER,Teradyne,112.22,-27,57,0,3,33,-31,87,7,-6,57,90
APG,APi Group,34.88,-1,0,22,0,21,30,-2,14,27,69,90
NYT,New York Times Company,58.94,1,27,6,17,51,5,-2,14,22,39,90
ALLY,Ally Financial,42.22,9,15,6,5,35,8,16,12,17,53,88
RPRX,Royalty Pharma,36.38,11,0,36,0,47,25,-15,30,1,41,88
CRUS,Cirrus Logic,116.73,7,23,2,20,52,7,18,14,-4,35,87
FCX,Freeport-McMoRan,44.74,-7,9,2,59,63,3,14,14,-7,24,87
EXC,Exelon,43.37,0,-1,59,15,73,16,-8,-5,11,14,87
PSX,Phillips 66,130.79,-2,15,0,42,55,9,15,13,-6,31,86
ACGL,Arch Capital Group,92.24,8,2,-12,63,61,9,22,-5,-1,25,86
VRT,Vertiv,134.79,21,0,13,9,43,21,-17,11,27,42,85
WTFC,Wintrust Financial,135.52,-16,23,13,50,70,-33,15,12,20,14,84
PPC,Pilgrim's Pride,43.63,-28,-6,90,22,78,8,-13,-8,19,6,84
EQR,Equity Residential,66.45,46,2,0,14,62,5,9,-7,14,21,83
SKX,Skechers,63.15,0,0,-28,56,28,7,10,11,27,55,83
EXLS,EXL Service,43.59,-7,-5,0,66,54,6,6,3,14,29,83
TRU,TransUnion,91.79,42,0,0,4,46,5,5,12,15,37,83
RNR,RenaissanceRe,247.79,9,2,-12,36,35,12,-5,12,29,48,83
VNOM,Viper Energy,38.56,15,0,-13,45,47,21,-1,-32,48,36,83
WMS,Advanced Drainage Systems,141.57,1,28,0,4,33,14,26,14,-4,50,83
CSCO,Cisco,66.5,-7,0,52,15,60,-3,-15,14,26,22,82
XP,XP Inc.,18.87,42,3,3,0,48,13,9,20,-9,33,81
MPC,Marathon Petroleum,180.29,-2,12,3,50,63,1,12,14,-9,18,81
STLD,Steel Dynamics,130.59,-3,0,4,56,57,-3,14,14,-1,24,81
AMZN,Amazon,228.11,-7,8,21,22,44,-13,18,11,21,37,81
CWEN-A,Clearway Energy (Class A),27.28,0,-16,62,7,53,21,-30,26,11,28,81
VLO,Valero Energy,156.71,0,15,4,45,64,-5,14,13,-6,16,80
TXT,Textron,81.23,0,2,0,54,56,6,10,14,-6,24,80
TTEK,Tetra Tech,36.14,3,-8,-33,120,82,12,-22,10,-2,-2,80
SLM,Sallie Mae,28.12,-35,-20,94,23,62,-33,-20,48,22,17,79
CEG,Constellation Energy,323.47,21,0,20,0,41,21,-17,14,20,38,79
NBIX,Neurocrine Biosciences,141.82,0,23,4,26,53,5,15,11,-5,26,79
CGNX,Cognex Corporation,44.38,0,68,5,-32,41,14,54,10,-41,37,78
SMCI,Supermicro,44.99,23,-10,0,59,72,29,-22,9,-10,6,78
CNM,Core & Main,48.68,-28,-4,-1,0,-33,-28,99,14,25,110,77
VEEV,Veeva Systems,276.41,0,0,49,9,58,-3,-11,14,19,19,77
ROK,Rockwell Automation,345.15,14,2,19,16,51,6,18,14,-12,26,77
WAB,Wabtec,188.79,-20,-22,0,50,8,-1,-2,14,57,68,76
ARW,Arrow Electronics,128.39,21,5,5,5,36,18,17,14,-9,40,76
TRGP,Targa Resources,166.38,13,1,0,52,66,21,-42,-24,55,10,76
WAL,Western Alliance Bancorporation,88.46,-17,23,4,5,15,9,21,11,19,60,75
MRVL,Marvell Technology,67.31,0,-10,-25,107,72,-2,-18,4,19,3,75
OVV,Ovintiv,41.86,21,15,0,3,39,23,8,11,-7,35,74
ELF,e.l.f. Beauty,135.27,0,12,0,32,44,7,17,12,-6,30,74
DLR,Digital Realty,173.49,21,0,1,23,45,21,-26,14,20,29,74
NTRA,Natera,168.45,0,17,5,19,41,-12,21,4,20,33,74
BOKF,BOK Financial Corporation,110.9,-20,55,4,23,62,-33,21,8,15,11,73
RYN,Rayonier,26.3,-1,28,-1,0,26,10,44,2,-10,46,72
SNV,Synovus,51.74,5,0,3,22,30,5,10,12,15,42,72
WST,West Pharmaceutical Services,253.48,51,6,-31,-8,18,51,7,5,-9,54,72
GXO,GXO Logistics,51.04,-28,86,5,0,63,5,-1,13,-9,8,71
REG,Regency Centers,71.31,-20,18,9,54,61,-31,7,14,20,10,71
CRWD,CrowdStrike,436.05,14,-26,49,0,37,38,-40,14,21,33,70
HLNE,Hamilton Lane,148.71,0,-1,-2,26,23,31,-8,2,22,47,70
CCK,Crown Holdings,96.41,12,-18,21,6,21,30,-9,14,13,48,69
EIX,Edison International,56.21,10,30,-36,0,4,19,44,4,-2,65,69
MTB,M&T Bank,198.81,-2,15,5,23,41,-14,15,12,15,28,69
VRSK,Verisk Analytics,262.03,-21,-34,0,115,60,-19,4,-6,29,8,68
CVS,CVS Health,74.98,13,21,14,0,48,20,25,4,-29,20,68
FBIN,Fortune Brands Innovations,59.29,0,38,-30,0,8,8,52,3,-3,60,68
OGN,Organon & Co.,10.66,65,6,-33,0,38,72,8,-46,-5,29,67
CTRA,Coterra,24.35,8,0,-9,45,44,17,8,-16,14,23,67
BXP,"BXP, Inc.",77.21,14,12,2,1,29,12,13,14,-1,38,67
SAIC,SAIC,106.41,0,-7,-2,68,59,11,-7,6,-2,8,67
GEV,GE Vernova,625.4,21,5,0,0,26,38,-12,15,0,41,67
LNW,Light & Wonder,89.09,0,-9,-7,58,42,2,16,-19,26,25,67
EQIX,Equinix,788.28,24,0,-12,35,47,23,-19,-12,27,19,66
VIRT,Virtu Financial,36.64,-48,-10,80,15,37,-39,-22,75,15,29,66
AGO,Assured Guaranty,82.49,9,-26,-6,57,34,13,-18,14,23,32,66
ADSK,Autodesk,318.94,0,10,3,15,28,-7,10,14,20,37,65
UNH,UnitedHealth Group,352.58,54,8,-22,-5,35,46,20,-35,-2,29,64
ES,Eversource Energy,65.69,21,1,19,-11,30,25,-8,14,3,34,64
CNA,CNA Financial,47.48,-44,27,6,58,47,10,-1,-13,21,17,64
ROKU,"Roku, Inc.",94.54,-7,67,14,-20,54,-19,15,9,5,10,64
PAYX,Paychex,135.1,-63,-32,0,168,73,6,-25,-5,15,-9,64
FLUT,Flutter Entertainment,281.22,-7,0,23,22,38,-14,-1,12,28,25,63
FRT,Federal Realty Investment Trust,101.65,14,18,-1,2,33,9,18,5,-2,30,63
ROP,Roper Technologies,512.2,-27,-30,-6,183,120,-33,-47,-5,27,-58,62
PLD,Prologis,115.37,14,15,3,0,32,8,14,14,-6,30,62
MTD,Mettler Toledo,1259.39,-7,71,-27,0,37,2,21,8,-6,25,62
WWD,"Woodward, Inc.",238.1,-13,0,23,36,46,-4,-22,14,27,15,61
APD,Air Products,292.75,13,2,0,17,32,10,1,6,11,28,60
APPF,AppFolio,276.05,-2,0,9,29,36,2,-17,9,29,23,59
GAP,Gap Inc.,22.9,-4,0,0,19,15,13,18,-7,20,44,59
PEN,"Penumbra, Inc.",272.73,-5,11,36,12,54,-15,24,-10,4,3,57
TFC,Truist Financial,45.21,-27,60,5,5,43,-33,21,11,15,14,57
COIN,Coinbase,322.91,28,-14,13,0,27,28,-30,13,19,30,57
CWEN,Clearway Energy (Class C),28.74,0,-16,62,5,51,-2,-30,26,11,5,56
TKR,Timken Company,77.55,14,2,0,5,21,14,15,11,-6,34,55
BEN,Franklin Templeton Investments,24.63,-42,89,12,2,61,6,-3,14,-23,-6,55
MANH,Manhattan Associates,215.98,36,0,-33,66,69,5,-26,7,-1,-15,54
ALSN,Allison Transmission,88.41,0,-1,-9,36,26,-1,19,-25,35,28,54
QCOM,Qualcomm,161.8,15,13,-29,23,22,11,15,12,-6,32,54
BEPC,Brookfield Renewable Partners,33.94,14,0,14,0,28,-3,4,14,11,26,54
FRHC,Freedom Holding,164.55,-34,-2,58,15,37,-12,-16,14,31,17,54
PSN,Parsons Corporation,76.6,0,71,-31,0,40,14,-5,7,-2,14,54
NUE,Nucor,141.33,-33,63,0,4,34,-5,22,11,-9,19,53
CF,CF Industries,85.63,19,-26,1,5,-1,30,1,14,9,54,53
FIVE,Five Below,139.82,-28,88,4,-1,63,-29,19,15,-16,-11,52
HXL,Hexcel,61.96,-28,58,-1,0,29,1,23,8,-10,22,51
AIG,American International Group,78.93,-69,-6,32,54,11,5,17,-4,22,40,51
DNB,Dun & Bradstreet,9.15,29,52,-28,0,53,46,-13,2,-37,-2,51
DELL,Dell Technologies,125.03,0,0,0,33,33,18,-10,14,-5,17,50
NDSN,Nordson,223.12,-6,16,0,2,12,12,20,14,-8,38,50
SWK,Stanley Black & Decker,77.55,42,52,-33,-40,21,8,21,3,-3,29,50
LAD,Lithia Motors,334.06,-7,13,0,15,21,-13,15,5,22,29,50
BC,Brunswick Corporation,65.29,0,70,-42,0,28,8,15,8,-10,21,49
SITE,SiteOne Landscape Supply,139.46,-20,53,0,-10,23,-25,52,7,-9,25,48
TROW,T. Rowe Price,105.62,-23,71,2,-26,24,-40,55,10,-1,24,48
M,"Macy's, Inc.",16.95,0,52,2,-16,38,-1,15,3,-7,10,48
DOX,Amdocs,85.01,-2,-24,0,59,33,5,-11,14,6,14,47
AVB,AvalonBay Communities,195.24,14,2,-7,17,26,6,10,-11,16,21,47
GTM,ZoomInfo,11.67,22,3,0,0,25,37,13,10,-38,22,47
FHB,"First Hawaiian, Inc.",25.57,-16,15,4,15,18,-12,15,11,15,29,47
HSY,Hershey Company (The),185.03,0,52,8,0,60,-7,6,8,-20,-13,47
KNSL,Kinsale Capital Group,431.69,-33,-15,-1,34,-15,-34,-3,11,86,60,45
NEE,NextEra Energy,71.66,6,1,0,0,7,16,-6,14,14,38,45
BHF,Brighthouse Financial,48.96,28,0,-7,0,21,26,-6,-7,9,22,43
CR,Crane Co.,183.11,0,-1,20,0,19,16,-13,14,6,23,42
SEE,Sealed Air,33.93,48,16,0,-25,39,5,19,12,-33,3,42
ZM,Zoom Communications,83.96,0,12,4,-1,15,2,14,4,5,25,40
TFSL,Third Federal S&L,13.38,-50,19,7,6,-18,3,21,14,20,58,40
SPR,Spirit AeroSystems,38.7,-28,-2,22,0,-8,-19,18,34,15,48,40
QRVO,Qorvo,86.77,-21,86,0,-32,33,-21,21,13,-6,7,40
DDOG,Datadog,136.54,32,0,3,0,35,-9,3,11,-1,4,39
GEN,Gen Digital,29.12,-7,0,19,17,29,-19,-2,14,17,10,39
DVN,Devon Energy,34.78,-1,23,-2,-6,14,16,19,13,-23,25,39
SNOW,Snowflake Inc.,221.15,-7,11,19,0,23,-12,11,14,2,15,38
APA,APA Corporation,22.84,0,26,0,-13,13,12,24,9,-20,25,38
BILL,Bill.com,51.08,84,11,-28,0,67,-5,11,2,-38,-30,37
EGP,EastGroup Properties,166.95,0,0,-1,9,8,6,15,14,-6,29,37
MPW,Medical Properties Trust,5.14,60,6,1,-37,30,42,12,-11,-36,7,37
FDX,FedEx,229.56,14,1,-30,33,18,20,-3,6,-5,18,36
TOST,"Toast, Inc.",39.95,-56,-9,81,0,16,6,-19,14,18,19,35
PCOR,Procore,69.6,0,-1,0,0,-1,6,6,4,20,36,35
OWL,Blue Owl Capital,18.75,17,-17,-8,0,-8,28,-13,6,22,43,35
SN,SharkNinja,113.92,-35,62,12,0,39,-1,-17,11,2,-5,34
FND,Floor & Decor,88.72,42,7,-39,0,10,8,21,2,-7,24,34
RLI,RLI Corp.,66.88,-23,-70,-14,177,70,1,-4,-33,-1,-37,33
TMO,Thermo Fisher Scientific,483.32,-5,37,-26,0,6,5,51,-25,-4,27,33
LSCC,Lattice Semiconductor,64.39,-7,28,5,0,26,-5,21,6,-16,6,32
ONTO,Onto Innovation,110.93,19,15,-30,0,4,40,18,-25,-5,28,32
GEHC,GE HealthCare,76.43,42,6,-24,0,24,-12,7,3,9,7,31
EXE,Expand Energy,96.21,0,-39,45,0,6,12,4,-3,11,24,30
RMD,Resmed,270.29,-7,0,21,14,28,-19,-6,13,14,2,30
PR,Permian Resources,13.68,-14,0,-1,27,12,-4,11,14,-3,18,30
HOG,Harley-Davidson,29.89,0,23,0,-10,13,-1,20,9,-12,16,29
BAH,Booz Allen Hamilton,104.59,0,-9,-34,102,59,16,-8,-36,-2,-30,29
HSIC,Schein (Henry),69.01,14,0,-9,0,5,5,10,3,4,22,27
AES,AES Corporation,12.88,0,47,0,-12,35,13,-7,10,-25,-9,26
TPL,Texas Pacific Land Corporation,935.17,13,-73,-13,59,-14,26,9,-9,14,40,26
PK,Park Hotels & Resorts,11.94,2,23,-30,0,-5,15,15,7,-6,31,26
K,Kellanova,79.43,1,2,0,22,25,8,-11,-11,14,0,25
SFD,Smithfield Foods,24.42,2,3,0,0,5,17,-6,8,0,19,24
PSA,Public Storage,292.33,-2,2,-15,2,-13,6,18,14,-1,37,24
OTIS,Otis Worldwide,89.08,26,-37,-8,0,-19,40,-6,-18,27,43,24
PNFP,Pinnacle Financial Partners,97.31,-7,0,-8,16,1,-12,10,5,19,22,23
GTLB,GitLab,50.31,23,5,-25,0,3,34,12,-24,-2,20,23
INGR,Ingredion,126.15,-35,-30,-2,35,-32,-22,6,14,57,55,23
SON,Sonoco,47.8,15,2,0,0,17,12,-2,11,-15,6,23
LII,Lennox International,544.07,-7,-14,-1,39,17,-4,-27,8,28,5,22
GLIBA,GCI Liberty (Series A),36.24,-7,0,0,0,-7,9,20,0,0,29,22
WH,Wyndham Hotels & Resorts,85.81,-3,0,-7,12,2,5,-3,2,16,20,22
TTC,Toro Company (The),79.31,-28,42,0,-1,13,2,22,5,-21,8,21
WEX,WEX Inc.,169.72,-1,68,-47,0,20,6,-4,8,-9,1,21
DOCU,DocuSign,80.18,15,0,0,-13,2,6,7,-6,12,19,21
ARMK,Aramark,38.48,-79,-12,19,41,-31,9,-28,14,57,52,21
BBY,Best Buy,75.86,0,23,-28,-7,-12,14,20,2,-3,33,21
BJ,BJ's Wholesale Club,98.46,24,-53,0,11,-18,6,-20,-6,59,39,21
DPZ,Domino's,452.04,-21,-28,0,11,-38,2,7,31,19,59,21
BRO,Brown & Brown,93.56,-63,-95,-3,164,3,5,-1,-14,27,17,20
SAIL,SailPoint,21.6,2,1,0,0,3,4,6,6,0,16,19
NSC,Norfolk Southern,274.79,-33,0,15,5,-13,9,-6,14,15,32,19
SOLV,Solventum,73.36,0,-1,0,0,-1,5,5,10,0,20,19
WFRD,Weatherford International,62.26,0,57,-48,0,9,-3,15,4,-6,10,19
QSR,Restaurant Brands International,62.94,14,-26,-4,41,25,14,-27,14,-9,-8,17
ESS,Essex Property Trust,267.1,14,-31,0,15,-2,5,6,-7,15,19,17
OKE,Oneok,73.07,0,-30,-17,55,8,16,-30,-29,52,9,17
COLB,Columbia Banking System,26.06,-27,35,0,0,8,-33,21,9,11,8,16
REYN,Reynolds Consumer Products,23.04,-30,27,-32,0,-35,8,46,1,-4,51,16
CHWY,Chewy,34.67,-21,-3,45,0,21,-26,19,-5,6,-6,15
GME,GameStop,24.94,35,0,-14,-31,-10,30,9,-7,-8,24,14
CACC,Credit Acceptance,474.8,-7,-1,-1,0,-9,16,15,-2,-6,23,14
AR,Antero Resources,33.07,21,-39,0,11,-7,9,4,-4,11,20,13
RBRK,Rubrik,74.48,-21,-3,0,0,-24,-19,8,48,0,37,13
EG,Everest Group,349.53,9,4,-40,56,29,16,15,-41,-6,-16,13
CUBE,CubeSmart,41.19,3,2,-27,2,-20,10,11,14,-3,32,12
PEP,PepsiCo,143.52,-49,41,-46,0,-54,10,66,3,-14,65,11
BROS,Dutch Bros. Coffee,64.56,-40,0,0,0,-40,12,21,4,12,49,9
CFR,Frost Bank,127.53,-28,-6,2,5,-27,2,10,12,11,35,8
LBTYK,Liberty Global (Series C),11.95,9,30,-44,-31,-36,11,67,3,-37,44,8
VTRS,Viatris,9.95,-22,26,-1,0,3,-21,21,6,-2,4,7
EXAS,Exact Sciences,53.93,69,6,-32,-26,17,-1,14,-6,-17,-10,7
BAM,Brookfield Asset Management,56.57,-70,-5,69,0,-6,6,-16,14,9,13,7
CSGP,CoStar Group,86.77,-23,0,10,15,2,4,-16,27,-10,5,7
PB,Prosperity Bancshares,67.84,-3,-33,-8,15,-29,4,11,6,15,36,7
PCG,PG&E Corporation,15.44,19,2,-34,2,-11,19,33,-33,-2,17,6
GLIBK,GCI Liberty (Series C),35.8,-6,0,0,0,-6,13,-1,0,0,12,6
CSX,CSX Corporation,32.46,0,-9,0,5,-4,11,-9,14,-7,9,5
LOAR,Loar Holdings,76.46,0,0,0,0,0,-1,13,-7,0,5,5
MOS,Mosaic Company (The),33.65,17,-23,20,-17,-3,15,5,19,-31,8,5
BG,Bunge Global,81.67,-14,17,0,0,3,-5,-3,14,-6,0,3
FOUR,Shift4,87.44,-2,-28,-4,0,-34,5,3,4,25,37,3
DAY,Dayforce,69.01,-28,19,4,-13,-18,2,15,4,-1,20,2
INTC,Intel,24.06,-7,22,0,-21,-6,-5,21,4,-13,7,1
POOL,Pool Corporation,325.84,42,6,-27,-7,14,5,-9,1,-10,-13,1
RH,RH,217.44,-16,41,-28,-8,-11,-26,37,2,-1,12,1
BIIB,Biogen,144.85,57,22,-88,-28,-37,26,29,1,-19,37,0
SJM,J.M. Smucker Company (The),107.81,-6,38,-1,-5,26,-7,3,2,-24,-26,0
MCHP,Microchip Technology,64.68,0,-5,0,0,-5,4,-6,14,-8,4,-1
LBTYA,Liberty Global (Series A),11.9,9,30,-44,-32,-37,12,30,5,-11,36,-1
HRB,H&R Block,51.21,0,-67,-5,53,-19,8,-33,-10,53,18,-1
ST,Sensata Technologies,31.25,-7,23,0,-16,0,5,17,12,-36,-2,-2
KMB,Kimberly-Clark,127.98,-7,-1,-3,19,8,-15,-8,-15,27,-11,-3
SAIA,Saia,312.73,19,0,-30,5,-6,11,-5,2,-6,2,-4
AMT,American Tower,195.07,0,-28,-1,-1,-30,16,-27,24,12,25,-5
HPQ,HP Inc.,27.96,-5,23,-29,0,-11,-19,24,3,-2,6,-5
AXTA,Axalta,31.17,-3,7,-20,23,7,2,20,-33,-1,-12,-5
IPGP,IPG Photonics,79.9,-7,85,5,-45,38,-24,15,10,-45,-44,-6
ETSY,Etsy,58.95,21,0,1,-31,-9,40,-13,14,-38,3,-6
AWK,American Water Works,139.24,-35,-5,30,0,-10,-27,-5,26,9,3,-7
BMY,Bristol Myers Squibb,46.21,-5,0,-4,-6,-15,-2,20,-18,6,6,-9
CPT,Camden Property Trust,109.49,-6,-1,0,0,-7,-17,10,-7,12,-2,-9
SW,Smurfit Westrock,44.27,-28,-1,-1,17,-13,-26,7,4,18,3,-10
DIS,Walt Disney Company (The),115.97,-22,-1,19,-1,-5,-33,10,14,4,-5,-10
LKQ,LKQ Corporation,32.29,14,0,-10,-3,1,14,11,-18,-18,-11,-10
FANG,Diamondback Energy,136.85,-43,-7,-33,48,-35,16,7,8,-6,25,-10
ZBRA,Zebra Technologies,312.83,-1,-1,-6,-8,-16,5,-22,8,14,5,-11
IR,Ingersoll Rand,78.8,-1,-21,-25,24,-23,-3,5,11,-1,12,-11
WAT,Waters Corporation,295.5,-6,-4,-9,0,-19,2,15,-24,15,8,-11
ASH,Ashland Global,52.78,-7,29,-45,-10,-33,9,20,3,-11,21,-12
IOT,Samsara,38.26,-6,0,-14,0,-20,2,6,-21,21,8,-12
CNXC,Concentrix,53.99,10,2,0,0,12,5,6,-2,-34,-25,-13
LEA,Lear Corporation,105.64,-11,23,0,-18,-6,-19,15,13,-16,-7,-13
OMC,Omnicom Group,77.17,-21,23,-31,2,-27,-3,18,1,-2,14,-13
MTDR,Matador Resources,47.67,-5,0,-33,0,-38,16,7,7,-7,23,-15
QXO,"QXO, Inc.",20.77,-7,6,0,-15,-16,-16,7,17,-7,1,-15
OXY,Occidental Petroleum,45.67,0,16,-59,0,-43,16,18,10,-17,27,-16
CCCS,CCC Intelligent Solutions,9.8,0,0,-32,0,-32,5,11,6,-7,15,-17
KMPR,Kemper Corporation,53.41,-5,-27,-10,0,-42,5,12,-7,15,25,-17
KD,Kyndryl,31.95,-1,-28,0,0,-29,-12,3,-1,21,11,-18
SMMT,Summit Therapeutics,18.92,-35,-5,0,15,-25,7,-19,-1,20,7,-18
TSN,Tyson Foods,55.14,-7,16,-5,-29,-25,11,-1,-15,12,7,-18
LUV,Southwest Airlines,31.66,0,-20,5,-40,-55,9,10,12,5,36,-19
AA,Alcoa,33.24,14,15,-25,-21,-17,5,20,6,-33,-2,-19
FI,Fiserv,134.33,-2,-45,-18,36,-29,6,-5,-19,28,10,-19
VFC,VF Corporation,14.85,-2,15,-24,-44,-55,13,13,1,8,35,-20
SARO,StandardAero,27.17,15,-22,0,0,-7,16,-43,14,0,-13,-20
CCI,Crown Castle,95.41,0,-13,0,-29,-42,16,-24,24,6,22,-20
COP,ConocoPhillips,92.43,-1,0,-49,0,-50,17,16,6,-9,30,-20
ENTG,Entegris,87.23,11,2,-48,-7,-42,8,14,3,-6,19,-23
JAZZ,Jazz Pharmaceuticals,126.17,-8,26,0,-7,11,8,18,-20,-40,-34,-23
WTM,White Mountains Insurance Group,1762.81,-44,-3,-3,60,10,-61,-6,-24,57,-34,-24
MDLZ,Mondelez International,61.98,30,-32,-2,0,-4,-5,-28,23,-10,-20,-24
UDR,"UDR, Inc.",38.36,-7,-31,-2,0,-40,5,5,-9,14,15,-25
KBR,"KBR, Inc.",49.41,0,2,-34,0,-32,23,-2,-12,-2,7,-25
WTRG,Essential Utilities,38.32,-62,24,10,0,-28,3,-2,-5,6,2,-26
IPG,Interpublic Group of Companies (The),26.38,-21,38,-47,0,-30,2,18,2,-18,4,-26
A,Agilent Technologies,123.2,-2,12,-27,0,-17,-27,18,5,-6,-10,-27
FCN,FTI Consulting,164.44,-1,-3,-41,0,-45,5,14,4,-6,17,-28
AMH,American Homes 4 Rent,34.12,-61,-32,-12,69,-36,-21,-1,14,16,8,-28
CHRD,Chord Energy,104.16,-1,0,-54,0,-55,16,9,8,-7,26,-29
BA,Boeing,215.99,-42,-1,12,0,-31,-19,19,14,-12,2,-29
CPAY,Corpay,307.45,-63,-30,-2,22,-73,6,10,2,26,44,-29
BSY,Bentley Systems,52.92,-52,-1,13,0,-40,2,1,14,-7,10,-30
BURL,Burlington Stores,266.91,-30,0,5,4,-21,-33,-1,7,18,-9,-30
IQV,IQVIA,187.29,14,2,-44,0,-28,6,-7,6,-7,-2,-30
NCNO,nCino,30.11,-20,12,-30,0,-38,-12,12,9,-2,7,-31
YETI,Yeti Holdings,35.47,-2,0,-39,-7,-48,11,9,8,-11,17,-31
TYL,Tyler Technologies,545.01,-21,-15,0,18,-18,-20,-17,5,19,-13,-31
GDDY,GoDaddy,145.16,0,-46,-7,23,-30,-3,2,-23,23,-1,-31
RIVN,Rivian,13.45,-8,0,0,0,-8,-4,9,-7,-22,-24,-32
INVH,Invitation Homes,30.2,-1,-36,-12,0,-49,10,-1,-7,15,17,-32
QS,QuantumScape,9.96,4,0,10,0,14,5,-27,12,-37,-47,-33
DKNG,DraftKings,43.96,-42,0,0,0,-42,-33,15,6,21,9,-33
QGEN,Qiagen,45.29,-21,-3,16,0,-8,-19,-26,14,6,-25,-33
PINS,Pinterest,35.03,-21,-2,0,-1,-24,-19,6,10,-6,-9,-33
HUBS,HubSpot,491.89,42,-65,-14,12,-25,-12,5,-22,20,-9,-34
KVUE,Kenvue,18.99,0,-14,-2,0,-16,9,-24,-7,4,-18,-34
TFX,Teleflex,130.32,48,17,-46,-40,-21,11,29,-42,-11,-13,-34
CAR,Avis Budget Group,155.52,-3,-7,13,-21,-18,-1,5,17,-38,-17,-35
AGCO,AGCO,108.97,-12,0,11,0,-1,-27,-10,15,-14,-36,-37
PPG,PPG Industries,110.71,6,0,-50,-9,-53,12,-1,14,-9,16,-37
IT,Gartner,247.32,6,-63,-25,0,-82,6,3,-23,58,44,-38
RAL,Ralliant,41.32,-7,0,0,0,-7,-1,-31,0,0,-32,-39
ESAB,ESAB,110.19,-17,-27,-1,0,-45,-27,1,14,18,6,-39
BIO,Bio-Rad Laboratories,282.75,-34,52,-31,-29,-42,-22,57,5,-38,2,-40
DT,Dynatrace,49.03,-21,-26,-6,0,-53,-21,1,11,21,12,-41
S,SentinelOne,18.28,1,-28,-29,0,-56,6,7,3,-2,14,-42
GPN,Global Payments,85.35,-22,38,-31,-40,-55,-33,54,2,-11,12,-43
PAYC,Paycom,222.63,0,-14,23,-25,-16,14,-17,14,-38,-27,-43
ELS,Equity Lifestyle Properties,61.49,14,2,-25,0,-9,5,1,-36,-4,-34,-43
ELV,Elevance Health,311.76,-1,0,-48,-3,-52,11,15,-14,-4,8,-44
SNDR,Schneider National,23.83,-33,-11,-9,0,-53,8,-5,6,-1,8,-45
CL,Colgate-Palmolive,83.28,-21,-47,-10,24,-54,8,-8,-18,27,9,-45
PFE,Pfizer,23.89,-7,-1,-3,-24,-35,12,-4,11,-29,-10,-45
AMTM,Amentum,23.84,-49,0,0,0,-49,2,-12,14,0,4,-45
ASTS,AST SpaceMobile,38.73,-55,-5,15,0,-45,3,-26,14,9,0,-45
SIRI,Sirius XM,23.27,-8,13,-1,-32,-28,-20,17,4,-18,-17,-45
BALL,Ball Corporation,51.21,5,-20,-7,-12,-34,8,-28,14,-6,-12,-46
ESTC,Elastic NV,87.48,-1,5,-17,-7,-20,-10,11,-22,-5,-26,-46
TXRH,Texas Roadhouse,166.65,-77,-25,-3,65,-40,9,-61,14,32,-6,-46
DVA,DaVita,133.13,-21,-14,-7,21,-21,-31,10,-24,20,-25,-46
ALGM,Allegro MicroSystems,29.78,-10,-9,15,0,-4,-5,-32,12,-17,-42,-46
CERT,"Certara, Inc.",11.29,9,2,-19,0,-8,6,-1,-11,-33,-39,-47
CRM,Salesforce,242.77,-9,-31,-17,23,-34,-17,6,-25,22,-14,-48
ATR,AptarGroup,135.23,-21,-30,-7,21,-37,-24,-27,14,26,-11,-48
MORN,"Morningstar, Inc.",257.04,-1,-31,-24,29,-27,6,-44,-2,19,-21,-48
AS,Amer Sports,36.37,-61,-3,8,0,-56,-5,-2,14,0,7,-49
PENN,Penn Entertainment,19.59,-7,22,3,-35,-17,-9,15,4,-45,-35,-52
AMCR,Amcor,8.27,0,-21,-5,0,-26,12,-30,-5,-3,-26,-52
WLK,Westlake Corporation,88.15,10,22,-44,0,-12,7,15,-56,-7,-41,-53
FTV,Fortive,48.85,15,-32,-25,0,-42,17,2,-21,-9,-11,-53
MAA,Mid-America Apartment Communities,142.14,-8,-32,-1,0,-41,-19,6,-12,12,-13,-54
SFM,Sprouts Farmers Market,135.97,-97,-34,0,47,-84,7,-32,-3,58,30,-54
AVY,Avery Dennison,165.72,-7,-14,-39,0,-60,5,-5,11,-6,5,-55
WHR,Whirlpool Corporation,92.1,-2,-1,-9,-27,-39,2,12,7,-37,-16,-55
PVH,PVH Corp.,81.05,-27,22,-36,2,-39,-33,21,3,-8,-17,-56
ISRG,Intuitive Surgical,449.54,-7,-32,-7,23,-23,-18,-40,-2,27,-33,-56
HUM,Humana,276.32,-24,28,0,-13,-9,-33,31,-24,-21,-47,-56
GMED,Globus Medical,58.75,-63,10,-19,-1,-73,6,21,-24,13,16,-57
ARE,Alexandria Real Estate Equities,84.91,54,23,-41,-31,5,14,12,-52,-36,-62,-57
CARR,Carrier Global,61.67,-17,-29,-3,0,-49,-24,-25,14,27,-8,-57
SBAC,SBA Communications,199.97,4,-28,-3,-21,-48,14,-28,-2,6,-10,-58
EEFT,Euronet Worldwide,90.83,0,-32,-7,-4,-43,6,-32,-4,14,-16,-59
IP,International Paper,46.0,-35,-9,0,17,-27,-55,-1,7,17,-32,-59
DLB,Dolby Laboratories,71.45,-21,-14,-7,0,-42,2,-4,-24,9,-17,-59
LW,Lamb Weston,56.48,-7,22,-76,-9,-70,8,10,7,-15,10,-60
UHAL,U-Haul,57.49,-7,-33,-19,0,-59,9,1,-32,21,-1,-60
G,Genpact,42.51,-35,-3,-1,4,-35,-33,16,-19,11,-25,-60
WDAY,"Workday, Inc.",223.34,-16,-7,-14,15,-22,-33,6,-8,-3,-38,-60
DOC,Healthpeak Properties,18.09,0,7,-21,-32,-46,2,10,-36,10,-14,-60
CFLT,"Confluent, Inc.",19.24,-1,-31,-7,0,-39,-9,6,-22,1,-24,-63
ON,ON Semiconductor,48.26,-7,-11,-41,-2,-61,6,-2,10,-16,-2,-63
CHE,Chemed Corporation,446.08,-21,0,-15,0,-36,-23,17,-13,-9,-28,-64
NSA,National Storage Affiliates,31.92,-23,2,-19,-5,-45,5,17,-40,-2,-20,-65
LINE,"Lineage, Inc.",41.79,16,-26,0,0,-10,-2,-18,-35,0,-55,-65
AUR,Aurora Innovation,5.67,-20,-12,-5,0,-37,-12,-10,-22,16,-28,-65
RRX,Regal Rexnord,138.85,-63,-5,-3,4,-67,-6,-1,11,-2,2,-65
KEX,Kirby Corporation,86.14,-77,-31,-7,36,-79,-20,-24,14,43,13,-66
SWKS,Skyworks Solutions,74.49,0,8,-47,-31,-70,-19,18,11,-6,4,-66
CLX,Clorox,123.57,0,0,-21,-6,-27,-24,2,-31,14,-39,-66
JHX,James Hardie Industries,20.01,0,-17,-31,-2,-50,5,-13,-4,-4,-16,-66
AKAM,Akamai Technologies,76.82,-6,-1,-30,-8,-45,6,13,-30,-11,-22,-67
LBRDK,Liberty Broadband (Series C),60.55,9,-35,-7,-37,-70,5,-6,-7,9,1,-69
LBRDA,Liberty Broadband (Series A),60.25,9,-35,-7,-37,-70,5,-6,-7,9,1,-69
DUOL,Duolingo,307.92,14,-52,0,0,-38,15,-66,-5,24,-32,-70
WING,Wingstop,265.91,-60,-7,-1,39,-29,-65,-20,12,32,-41,-70
CPB,Campbell Soup Company,33.22,0,8,-36,-7,-35,11,2,-43,-6,-36,-71
MIDD,Middleby,134.59,-12,-27,-7,0,-46,-26,7,-20,14,-25,-71
BFAM,Bright Horizons,113.33,-91,-4,-3,0,-98,1,-10,19,16,26,-72
MRK,Merck & Co.,82.83,-5,30,-51,0,-26,-4,20,-55,-7,-46,-72
PATH,UiPath,11.4,0,-33,-15,0,-48,-11,5,-7,-11,-24,-72
NOV,NOV Inc.,12.89,-7,-1,-59,-13,-80,10,8,5,-16,7,-73
CTSH,Cognizant,69.15,-35,-32,-7,15,-59,-33,7,-7,19,-14,-73
REGN,Regeneron Pharmaceuticals,559.97,-6,23,-45,0,-28,10,-5,-46,-5,-46,-74
MAT,Mattel,17.74,-21,-5,-8,0,-34,-30,11,11,-32,-40,-74
DOW,Dow Inc.,25.04,14,0,-47,-2,-35,21,11,-62,-9,-39,-74
KMX,CarMax,59.76,-7,-1,-23,-37,-68,6,12,-27,-1,-10,-78
HOLX,Hologic,64.45,-7,0,-39,0,-46,-23,-8,7,-8,-32,-78
CAG,Conagra Brands,19.18,0,0,-36,-8,-44,11,-4,-18,-24,-35,-79
BDX,Becton Dickinson,186.92,-6,26,-32,-6,-18,-21,-1,-23,-16,-61,-79
CNH,CNH Industrial,10.97,-19,-21,-1,0,-41,-19,-37,14,3,-39,-80
TW,Tradeweb,117.94,-49,-27,-2,1,-77,-2,-23,-3,24,-4,-81
TEAM,Atlassian,174.84,0,-46,-10,-7,-63,-12,4,-22,12,-18,-81
SMG,Scotts Miracle-Gro Company,60.76,-21,-11,-26,-40,-98,3,6,10,-2,17,-81
SLB,Schlumberger,35.56,-4,7,-74,0,-71,11,14,-25,-11,-11,-82
HAL,Halliburton,22.25,19,12,-67,-1,-37,21,10,-66,-10,-45,-82
KNX,Knight-Swift,41.69,-41,-14,-29,-3,-87,5,10,4,-14,5,-82
EW,Edwards Lifesciences,77.6,-39,-1,8,-15,-47,-47,14,34,-36,-35,-82
CDW,CDW,164.32,-3,-28,-46,0,-77,-5,2,6,-9,-6,-83
MOH,Molina Healthcare,180.87,25,-78,-17,-3,-73,-1,12,-13,-9,-11,-84
COLM,Columbia Sportswear,54.61,-23,-1,-25,-7,-56,-33,11,-20,14,-28,-84
VKTX,Viking Therapeutics,24.82,-35,-18,-44,22,-75,-3,-10,9,-7,-11,-86
LCID,Lucid Motors,19.28,24,-18,-8,0,-2,-1,-27,-21,-36,-85,-87
DLTR,Dollar Tree,97.43,-73,-5,0,-16,-94,14,-14,29,-23,6,-88
TREX,"Trex Company, Inc.",60.47,-23,-1,-58,-14,-96,3,6,6,-7,8,-88
CE,Celanese,45.6,-7,-25,-47,-11,-90,5,6,-1,-10,0,-90
XYZ,"Block, Inc.",72.87,-55,0,-2,-37,-94,-17,-1,8,14,4,-90
WY,Weyerhaeuser,24.91,-7,-1,-27,0,-35,-3,-5,-39,-9,-56,-91
FMC,FMC Corporation,38.34,1,-11,-44,-25,-79,10,-1,6,-27,-12,-91
PCTY,Paylocity,169.54,-62,-14,-2,-4,-82,4,-18,-1,6,-9,-91
TXN,Texas Instruments,182.55,-63,-8,-1,23,-49,-70,-4,14,17,-43,-92
JBHT,J. B. Hunt,137.89,-39,-11,-35,-1,-86,5,-4,4,-11,-6,-92
ZBH,Zimmer Biomet,103.1,-40,26,-1,-18,-33,5,21,-68,-19,-61,-94
APLS,Apellis Pharmaceuticals,24.84,-34,33,-74,-17,-92,-33,44,5,-19,-3,-95
AAL,American Airlines Group,12.91,-34,54,-25,-77,-82,3,21,3,-40,-13,-95
IAC,IAC Inc.,36.06,-7,-28,-6,-32,-73,9,7,-1,-39,-24,-97
RNG,RingCentral,30.39,-5,22,-30,-42,-55,-19,19,4,-46,-42,-97
MASI,Masimo,147.43,5,-27,-3,-7,-32,-16,-42,-19,11,-66,-98
TWLO,Twilio,102.36,-16,-25,0,-35,-76,-19,-25,10,12,-22,-98
DXCM,Dexcom,76.23,-21,-14,-3,-15,-53,-27,-23,14,-10,-46,-99
GIS,General Mills,49.94,0,-1,-45,-5,-51,11,2,-41,-20,-48,-99
PRMB,Primo Brands,24.03,-35,-72,-2,23,-86,-27,4,-14,19,-18,-104
CRL,Charles River Laboratories,152.92,-28,-1,-58,-27,-114,2,6,10,-9,9,-105
EL,Estée Lauder Companies (The),83.65,-35,0,0,-27,-62,-19,-2,12,-36,-45,-107
CIVI,Civitas Resources,32.62,-39,24,-59,-1,-75,-48,22,3,-10,-33,-108
IEX,IDEX Corporation,160.63,-7,-32,-32,-3,-74,6,-3,-32,-7,-36,-110
KDP,Keurig Dr Pepper,27.23,-98,-14,-3,-1,-116,-7,-8,22,-1,6,-110
PYPL,PayPal,66.88,-41,-21,-7,-40,-109,5,-25,7,10,-3,-112
OKTA,"Okta, Inc.",90.33,-3,-67,-2,-25,-97,-12,-3,-7,7,-15,-112
MKC,McCormick & Company,68.96,-8,-47,-10,-3,-68,9,-46,-18,11,-44,-112
TAP,Molson Coors,48.41,-35,-3,-17,0,-55,-31,-5,-18,-4,-58,-113
MGM,MGM Resorts International,34.54,-49,-1,-1,0,-51,-63,-1,11,-10,-63,-114
BIRK,Birkenstock,46.26,-63,-6,-3,0,-72,-33,-4,-5,0,-42,-114
DAR,Darling Ingredients,31.44,-59,-13,-10,-21,-103,11,-3,12,-31,-11,-114
ODFL,Old Dominion Freight Line,144.89,-7,-32,-30,0,-69,-2,-6,-35,-2,-45,-114
NWL,Newell Brands,5.91,-16,15,-31,-32,-64,-28,13,2,-37,-50,-114
CBSH,Commerce Bancshares,59.67,-56,-28,0,12,-72,-68,-3,14,14,-43,-115
BBWI,"Bath & Body Works, Inc.",27.2,-37,-5,-29,-16,-87,-35,11,3,-7,-28,-115
ONON,On Holding AG,42.89,-28,-31,-3,0,-62,-26,-62,14,21,-53,-115
CHTR,Charter Communications,263.34,9,-35,-8,-37,-71,5,-40,-8,-2,-45,-116
EMN,Eastman Chemical Company,67.18,-28,-34,-25,-2,-89,5,10,-39,-3,-27,-116
CNC,Centene,33.26,27,-79,-48,-12,-112,26,16,-17,-29,-4,-116
ACI,Albertsons,18.74,-63,-43,-1,0,-107,1,-5,-7,1,-10,-117
CMCSA,Comcast,33.05,-23,-33,-39,-10,-105,-13,12,-6,-9,-16,-121
LYB,LyondellBasell,55.22,5,-30,-48,-6,-79,17,11,-62,-8,-42,-121
MRNA,Moderna,23.51,-5,-27,-59,-5,-96,42,-28,1,-40,-25,-121
COO,Cooper Companies (The),66.68,-7,-11,-31,-6,-55,-21,-6,-36,-4,-67,-122
SBUX,Starbucks,81.87,-56,-8,-5,0,-69,-48,-16,2,8,-54,-123
UHAL-B,U-Haul (Series N),52.67,0,-33,-27,0,-60,11,-32,-41,-2,-64,-124
CLVT,Clarivate,4.29,-2,6,-81,-7,-84,-19,15,7,-43,-40,-124
RGEN,Repligen,113.5,-7,-5,-20,-18,-50,-7,-6,-24,-38,-75,-125
TDC,Teradata,21.15,24,-1,-83,-18,-78,10,-39,-1,-17,-47,-125
NKE,"Nike, Inc.",73.01,-68,0,-2,-22,-92,-5,-4,11,-37,-35,-127
IRDM,Iridium Communications,17.8,-35,-31,-8,-20,-94,-32,8,11,-20,-33,-127
TECH,Bio-Techne,51.26,-19,-1,-31,-25,-76,-12,-1,-31,-7,-51,-127
RARE,Ultragenyx,30.29,-6,-1,-31,-39,-77,-27,19,-39,-4,-51,-128
FIS,Fidelity National Information Services,66.84,-22,-28,-6,-38,-94,-15,-30,-1,12,-34,-128
CHDN,Churchill Downs Incorporated,96.25,-63,-10,-35,0,-108,2,-27,6,-2,-21,-129
IFF,International Flavors & Fragrances,65.63,-7,-32,-27,-32,-98,9,1,-39,-2,-31,-129
AVTR,Avantor,12.31,-35,-1,-33,0,-69,-27,16,-44,-6,-61,-130
JKHY,Jack Henry & Associates,160.07,-21,-31,-7,0,-59,-14,-62,-7,12,-71,-130
LSTR,Landstar,128.71,-21,-33,-39,-1,-94,9,8,-46,-8,-37,-131
ILMN,"Illumina, Inc.",95.12,-6,0,-32,-41,-79,6,-25,6,-41,-54,-133
ZTS,Zoetis,149.09,-63,-4,-39,-4,-110,-6,-5,-6,-6,-23,-133
FDS,FactSet,361.88,-21,-39,-9,0,-69,-20,-35,-7,-2,-64,-133
KHC,Kraft Heinz,26.11,-23,-5,-46,-1,-75,-7,-23,-18,-11,-59,-134
FRPT,Freshpet,54.83,0,-63,-28,-7,-98,-12,-20,-24,20,-36,-134
TTD,Trade Desk (The),45.14,-49,-25,-31,-2,-107,-16,-17,5,-1,-29,-136
SRPT,Sarepta Therapeutics,17.41,-35,0,-33,-8,-76,5,-5,-54,-7,-61,-137
CHH,Choice Hotels,112.8,-77,-27,-7,0,-111,6,-28,-21,15,-28,-139
OLED,Universal Display Corporation,136.51,-21,-18,-41,-2,-82,-24,-42,14,-6,-58,-140
ENPH,Enphase Energy,37.64,-3,0,-50,-21,-74,2,12,-57,-25,-68,-142
ABNB,Airbnb,122.53,-56,-26,-7,0,-89,-61,7,4,-6,-56,-145
RVTY,Revvity,82.89,-7,-32,-24,-25,-88,2,-37,-29,4,-60,-148
CZR,Caesars Entertainment,25.08,-8,-31,-30,-26,-95,-23,6,2,-38,-53,-148
ADBE,Adobe Inc.,349.29,0,-47,-40,-7,-94,-12,1,-44,-6,-61,-155
SAM,Boston Beer Company,216.68,-21,8,-39,-38,-90,-23,36,-35,-45,-67,-157
CROX,Crocs,77.41,-32,-26,-46,-2,-106,-39,1,-8,-6,-52,-158
DHR,Danaher Corporation,190.04,-85,-4,-33,-1,-123,-33,-7,7,-5,-38,-161
GPK,Graphic Packaging,20.72,-91,-11,-23,0,-125,8,-8,-36,-1,-37,-162
HRL,Hormel Foods,25.08,-21,-41,-14,-24,-100,6,-37,-1,-31,-63,-163
ACHC,Acadia Healthcare,21.71,-21,1,-52,-12,-84,-33,16,-46,-17,-80,-164
HUN,Huntsman Corporation,10.89,-7,6,-49,-16,-66,-33,11,-44,-34,-100,-166
ACN,Accenture,238.52,-56,-47,-27,-1,-131,-33,-1,-23,20,-37,-168
DG,Dollar General,104.39,-112,-2,0,-18,-132,-26,-11,26,-27,-38,-170
CAVA,Cava Group,63.66,-63,-22,-18,0,-103,-12,-26,-32,3,-67,-170
BRBR,BellRing Brands,38.06,0,-90,-17,0,-107,9,-82,-23,28,-68,-175
BAX,Baxter International,23.99,1,-47,-27,-39,-112,-12,6,-18,-42,-66,-178
WU,Western Union,8.42,-21,0,-27,-47,-95,-31,15,-62,-6,-84,-179
DJT,Trump Media & Technology Group,17.0,0,-73,-60,0,-133,-5,-4,-28,-10,-47,-180
BRKR,Bruker,30.89,0,-31,-64,-9,-104,31,-29,-68,-10,-76,-180
SLGN,Silgan Holdings,43.98,-63,-32,-7,0,-102,-61,-32,-1,14,-80,-182
BMRN,BioMarin Pharmaceutical,54.09,-49,-5,-54,-21,-129,2,-19,-19,-23,-59,-188
DXC,DXC Technology,14.02,-7,0,-29,-74,-110,-23,15,-36,-35,-79,-189
MKTX,MarketAxess,184.79,0,-35,-32,-30,-97,8,-50,-6,-45,-93,-190
CMG,Chipotle Mexican Grill,38.63,-90,-36,-10,81,-55,-90,-37,-8,-1,-136,-191
WSC,WillScot Mobile Mini,23.02,-63,-30,-69,-7,-169,10,-24,2,-13,-25,-194
MTN,Vail Resorts,143.33,-40,-6,-37,-24,-107,-60,-1,10,-37,-88,-195
ALB,Albemarle Corporation,75.97,-28,2,-132,-24,-182,3,-1,8,-26,-16,-198
DV,DoubleVerify,12.99,-49,-4,-74,0,-127,-61,-6,3,-11,-75,-202
ALGN,Align Technology,131.53,-9,-31,-71,-26,-137,-15,-5,-7,-39,-66,-203
TGT,Target Corporation,90.0,-119,-11,-35,-12,-177,-5,-17,2,-7,-27,-204
LULU,Lululemon Athletica,159.87,-42,-68,-15,-4,-129,-34,-6,-24,-13,-77,-206
FLO,Flowers Foods,13.76,-23,-20,-41,-9,-93,-19,-13,-61,-24,-117,-210
UA,Under Armour (Class C),4.76,-28,-25,-32,-38,-123,-33,-27,10,-38,-88,-211
INSP,Inspire Medical Systems,80.05,-56,-83,-27,-7,-173,7,3,-32,-18,-40,-213
RYAN,Ryan Specialty,51.63,-102,-56,-7,0,-165,1,-62,-13,26,-48,-213
UAA,Under Armour (Class A),4.84,-23,-25,-32,-45,-125,-33,-27,9,-38,-89,-214
EPAM,EPAM Systems,156.09,-45,-3,-30,-28,-106,-55,-1,-21,-38,-115,-221
UPS,United Parcel Service,84.38,0,-33,-110,-17,-160,5,-5,-38,-35,-73,-233
XRAY,Dentsply Sirona,13.52,-22,-31,-85,-43,-181,-26,6,3,-41,-58,-239
COTY,Coty,4.09,-7,-18,-68,-8,-101,-33,-30,-70,-10,-143,-244
WEN,Wendy's Company (The),9.66,-63,-56,-41,-9,-169,-28,-3,-36,-16,-83,-252
MAN,ManpowerGroup,38.4,-78,-13,-50,-29,-170,8,-5,-50,-37,-84,-254
GFS,GlobalFoundries,31.67,-68,-28,-86,0,-182,-33,-32,4,-18,-79,-261
PRGO,Perrigo,22.28,-62,-27,-6,-114,-209,6,2,-6,-56,-54,-263
COLD,Americold,13.79,0,-114,-45,-12,-171,6,-56,-45,-16,-111,-282
RHI,Robert Half,35.45,-35,-160,-33,-10,-238,8,10,-31,-33,-46,-284
BF-A,Brown–Forman (Class A),27.95,-77,-5,-106,-19,-207,-68,-2,-46,-25,-141,-348
STZ,Constellation Brands,139.47,-141,-14,-49,-4,-208,-55,-17,-65,-9,-146,-354
GLOB,Globant,56.1,-101,-82,-30,-8,-221,-68,-30,-30,-8,-136,-357
BF-B,Brown–Forman (Class B),27.54,-91,-8,-107,-19,-225,-68,-2,-39,-29,-138,-363
