Symbol,Name,Close,1H Cloud Score,1D Cloud Score,1W Cloud Score,1M Cloud Score,Cloud Score Sum,1H TKx Score,1D TKx Score,1W TKx Score,1M TKx Score,TKx Score Sum,Total Score Sum
TJX,TJX Companies,143.52,22,40,154,199,415,28,2,123,194,347,762
JPM,JPMorgan Chase,315.73,92,99,129,159,479,95,24,16,27,162,641
ORLY,O'Reilly Auto Parts,107.57,13,51,169,200,433,24,-3,60,90,171,604
AAPL,Apple Inc.,254.35,72,64,4,252,392,77,32,8,72,189,581
WELL,Welltower,176.24,35,94,122,59,310,44,55,139,25,263,573
COOP,Mr. Cooper Group,216.87,0,97,125,59,281,4,96,123,57,280,561
ORI,Old Republic International,41.78,42,34,153,59,288,47,32,123,56,258,546
WRB,W. R. Berkley Corporation,76.01,47,23,100,177,347,55,36,30,56,177,524
LOPE,Grand Canyon Education,217.66,91,37,153,36,317,89,36,40,35,200,517
IBM,IBM,279.86,127,8,115,55,305,69,16,62,57,204,509
RTX,RTX Corporation,163.65,77,96,83,55,311,39,5,90,15,149,460
GLW,Corning Inc.,80.28,182,96,25,18,321,7,103,14,15,139,460
CASY,Casey's,560.83,5,16,119,88,228,5,12,123,79,219,447
FAST,Fastenal,48.88,35,119,129,107,390,16,-12,20,27,51,441
YUM,Yum! Brands,153.93,27,13,34,260,334,37,13,-8,58,100,434
ETR,Entergy,93.57,35,7,82,138,262,43,6,95,15,159,421
APP,AppLovin,712.4,176,42,111,0,329,10,50,12,19,91,420
L,Loews Corporation,99.65,38,97,118,56,309,36,32,16,25,109,418
DTE,DTE Energy,140.85,42,5,80,190,317,46,2,33,14,95,412
ALL,Allstate,211.26,47,8,103,160,318,56,1,17,18,92,410
ROL,"Rollins, Inc.",58.52,14,2,37,287,340,23,-19,29,36,69,409
GS,Goldman Sachs,804.0,0,97,98,59,254,8,108,16,22,154,408
SO,Southern Company,93.9,42,0,82,191,315,-5,-22,29,80,82,397
KLAC,KLA Corporation,1063.7,119,16,20,178,333,7,10,16,27,60,393
MS,Morgan Stanley,161.17,0,97,82,65,244,8,108,16,17,149,393
AM,Antero Midstream,19.48,45,19,154,24,242,-2,12,84,56,150,392
BK,BNY Mellon,109.75,3,99,100,41,243,9,103,16,20,148,391
WMB,Williams Companies,63.97,63,8,118,53,242,57,13,16,58,144,386
AZO,AutoZone,4269.78,8,50,100,87,245,24,-4,60,58,138,383
HWM,Howmet Aerospace,191.92,1,14,154,30,199,12,14,98,58,182,381
LMT,Lockheed Martin,491.9,124,23,0,166,313,45,25,1,-3,68,381
FIX,Comfort Systems USA,801.82,0,100,23,65,188,9,112,16,56,193,381
LYV,Live Nation Entertainment,164.4,0,98,100,148,346,4,-2,15,17,34,380
NRG,NRG Energy,165.35,-3,12,109,95,213,12,11,119,22,164,377
LHX,L3Harris,297.07,41,119,18,6,184,45,112,18,15,190,374
UNP,Union Pacific Corporation,236.2,57,5,0,199,261,86,5,1,20,112,373
GOOGL,Alphabet (Class A),244.04,-4,86,14,177,273,7,60,11,22,100,373
GD,General Dynamics,332.11,14,119,14,55,202,22,74,16,58,170,372
GOOG,Alphabet (Class C),244.38,-4,86,13,177,272,7,60,10,22,99,371
ATO,Atmos Energy,169.56,32,37,80,46,195,42,-11,91,46,168,363
PLTR,Palantir Technologies,178.84,0,110,122,0,232,-26,8,125,21,128,360
ITT,ITT Inc.,176.88,-25,103,22,100,200,6,110,16,27,159,359
MCD,McDonald's,302.99,6,0,58,243,307,-5,-8,4,58,49,356
APH,Amphenol,121.01,-4,110,25,66,197,2,112,16,28,158,355
RSG,Republic Services,228.94,6,-43,130,178,271,-2,-68,-7,161,84,355
CTAS,Cintas,203.92,15,-31,1,168,153,19,-26,19,188,200,353
SNX,TD Synnex,165.97,19,97,21,64,201,12,103,14,22,151,352
PPL,PPL Corporation,37.08,34,55,82,24,195,44,1,94,15,154,349
BSX,Boston Scientific,97.03,-4,-12,150,145,279,-5,-6,16,58,63,342
EVRG,Evergy,75.06,39,78,64,15,196,45,6,83,11,145,341
CBOE,Cboe Global Markets,246.26,33,0,150,56,239,40,-23,28,52,97,336
FWONA,Liberty Formula 1 (Series A),95.3,66,10,75,63,214,24,24,15,57,120,334
AJG,Arthur J. Gallagher & Co.,305.74,49,2,0,187,238,-5,1,-8,108,96,334
UNM,Unum,77.42,135,8,4,41,188,57,17,16,55,145,333
NI,NiSource,43.22,42,4,80,46,172,47,4,95,15,161,333
WM,"Waste Management, Inc.",219.43,14,-26,1,188,177,-5,-32,33,160,156,333
COR,Cencora,308.08,18,20,50,76,164,9,29,61,69,168,332
SRE,Sempra,89.72,35,52,6,182,275,37,7,14,-2,56,331
RJF,Raymond James Financial,176.5,14,96,98,59,267,12,19,13,20,64,331
CDNS,Cadence Design Systems,348.67,-17,8,23,142,156,-28,5,16,181,174,330
FWONK,Liberty Formula 1 (Series C),104.29,65,10,76,58,209,24,24,16,57,121,330
NEM,Newmont,84.56,49,121,25,6,201,9,83,25,11,128,329
DUK,Duke Energy,122.78,38,5,82,184,309,-9,-17,28,17,19,328
MPWR,Monolithic Power Systems,885.92,0,97,9,158,264,6,41,16,1,64,328
TRV,Travelers Companies (The),276.55,0,33,97,59,189,6,44,30,57,137,326
PWR,Quanta Services,409.07,53,4,23,100,180,49,8,16,73,146,326
MNST,Monster Beverage,66.97,9,36,32,181,258,25,10,25,5,65,323
SCCO,Southern Copper,121.07,139,19,4,63,225,47,32,16,1,96,321
RBC,RBC Bearings,384.13,1,-12,99,165,253,9,-20,20,58,67,320
DDS,Dillard's,619.8,35,79,20,55,189,28,33,13,56,130,319
DGX,Quest Diagnostics,188.88,56,36,74,19,185,10,34,74,15,133,318
BWXT,BWX Technologies,182.04,98,95,19,36,248,12,7,16,32,67,315
EHC,Encompass Health,125.89,0,31,149,30,210,9,34,30,30,103,313
IBKR,Interactive Brokers,68.81,56,8,100,58,222,12,7,14,58,91,313
URI,United Rentals,943.88,-9,97,13,65,166,7,68,14,58,147,313
HEI,HEICO (Common),317.8,-4,3,31,190,220,12,-1,22,58,91,311
TIGO,Millicom,48.11,-7,177,83,3,256,1,7,30,17,55,311
V,Visa Inc.,340.18,0,-5,143,134,272,5,-10,16,27,38,310
DRS,Leonardo DRS,43.78,41,0,145,59,245,12,7,16,30,65,310
WMT,Walmart,103.07,0,21,133,102,256,-4,12,16,30,54,310
BRK-B,Berkshire Hathaway,499.36,37,23,130,63,253,35,1,-11,27,52,305
RL,Ralph Lauren Corporation,308.69,-7,99,100,35,227,7,28,16,27,78,305
WEC,WEC Energy Group,114.2,35,53,61,14,163,45,10,74,12,141,304
MSI,Motorola Solutions,454.29,-62,52,7,154,151,-37,-3,7,186,153,304
ULTA,Ulta Beauty,553.84,28,107,18,5,158,27,110,18,-10,145,303
ANET,Arista Networks,143.38,-6,82,13,59,148,7,78,12,57,154,302
CME,CME Group,272.16,31,-31,60,137,197,26,1,56,20,103,300
AMAT,Applied Materials,204.96,114,8,1,150,273,11,8,14,-6,27,300
NFG,National Fuel Gas,93.0,36,14,66,53,169,35,7,77,11,130,299
WPC,W. P. Carey,68.07,14,94,35,3,146,29,86,32,6,153,299
MLI,Mueller Industries,100.28,0,69,13,59,141,10,62,14,72,158,299
ACM,AECOM,129.94,-20,103,22,66,171,6,32,16,73,127,298
XEL,Xcel Energy,80.06,32,53,57,13,155,45,22,65,10,142,297
CRS,Carpenter Technology Corporation,241.49,0,-26,152,36,162,12,-5,77,50,134,296
GRMN,Garmin,245.6,14,70,118,20,222,8,31,12,22,73,295
CW,Curtiss-Wright,531.4,17,105,25,55,202,12,13,16,50,91,293
OGE,OGE Energy,45.9,39,2,74,46,161,40,3,74,15,132,293
AFG,American Financial Group,144.52,67,38,7,57,169,59,38,10,15,122,291
HEI-A,HEICO (Class A),251.33,-4,6,32,183,217,9,11,23,31,74,291
SSNC,SS&C Technologies,88.14,-28,73,96,15,156,6,98,13,16,133,289
HCA,HCA Healthcare,421.04,42,36,9,98,185,47,4,22,30,103,288
CINF,Cincinnati Financial,156.41,14,40,91,63,208,17,31,16,16,80,288
C,Citigroup,103.2,0,97,25,19,141,8,107,16,15,146,287
NEU,NewMarket,817.15,-2,119,25,30,172,26,33,28,28,115,287
HIG,Hartford (The),132.25,15,39,100,58,212,-3,-8,27,57,73,285
PGR,Progressive Corporation,244.45,2,-77,-2,178,101,19,-17,-9,190,183,284
STE,Steris,245.43,-28,36,20,196,224,9,-3,28,26,60,284
DTM,DT Midstream,113.13,45,15,109,0,169,56,14,16,26,112,281
SCI,Service Corporation International,83.27,44,13,3,176,236,10,7,14,14,45,281
SPOT,Spotify,728.23,2,11,118,13,144,7,8,101,21,137,281
KMI,Kinder Morgan,28.37,28,4,98,45,175,26,13,14,53,106,281
IDA,Idacorp,130.11,39,66,62,19,186,46,5,32,11,94,280
SPG,Simon Property Group,185.85,35,66,7,36,144,33,65,14,22,134,278
AME,Ametek,186.87,-6,42,10,107,153,7,-1,16,102,124,277
TDY,Teledyne Technologies,579.43,53,96,58,15,222,12,11,16,16,55,277
ADI,Analog Devices,244.78,-2,28,17,180,223,12,-2,16,27,53,276
EME,Emcor,640.72,0,97,23,59,179,9,16,14,58,97,276
THC,Tenet Healthcare,201.28,42,34,20,58,154,51,31,14,25,121,275
WDC,Western Digital,116.75,7,97,18,19,141,4,108,16,4,132,273
HD,Home Depot (The),406.81,-48,49,7,181,189,-7,62,8,20,83,272
AVGO,Broadcom,327.84,-42,100,25,117,200,7,17,16,31,71,271
CAT,Caterpillar Inc.,471.68,0,96,14,65,175,2,21,14,58,95,270
FTI,TechnipFMC,39.92,16,97,23,28,164,32,19,16,38,105,269
BPOP,"Popular, Inc.",127.4,0,104,23,60,187,12,32,16,20,80,267
COF,Capital One,223.66,-25,103,100,22,200,8,23,16,19,66,266
ABBV,AbbVie,223.19,2,49,23,59,133,3,56,9,65,133,266
PHM,PulteGroup,133.15,0,70,7,66,143,6,74,12,30,122,265
THG,Hanover Insurance,179.16,14,36,67,25,142,21,28,59,15,123,265
GM,General Motors,61.12,28,79,13,12,132,35,71,13,14,133,265
AAON,AAON,91.47,0,8,-19,246,235,2,26,-31,32,29,264
COST,Costco,916.89,-54,-8,0,181,119,-14,-19,-8,185,144,263
MSFT,Microsoft,514.68,5,0,22,174,201,11,5,16,26,58,259
TKO,TKO Group Holdings,205.37,4,35,77,41,157,7,28,16,51,102,259
J,Jacobs Solutions,148.56,-2,95,12,107,212,8,6,13,20,47,259
DASH,DoorDash,272.54,7,96,103,0,206,7,11,16,19,53,259
AU,AngloGold Ashanti,69.33,14,41,82,19,156,7,50,30,15,102,258
MRVL,Marvell Technology,82.37,70,4,-27,107,154,72,6,6,19,103,257
JEF,Jefferies Financial Group,66.7,-25,73,3,59,110,6,73,7,58,144,254
NFLX,Netflix,1206.31,0,-4,122,21,139,9,-8,93,21,115,254
UI,Ubiquiti,657.83,59,26,58,11,154,12,61,16,11,100,254
RBA,RB Global,107.47,-37,-3,110,28,98,-34,57,113,20,156,254
AIZ,Assurant,214.55,39,38,7,153,237,-3,-9,8,20,16,253
CAH,Cardinal Health,154.56,14,2,61,39,116,7,16,54,58,135,251
LDOS,Leidos,185.6,-2,109,8,24,139,7,66,19,20,112,251
CORT,Corcept Therapeutics,83.92,63,9,70,20,162,60,7,-17,39,89,251
BYD,Boyd Gaming,87.39,35,7,54,60,156,50,1,16,28,95,251
AXS,AXIS Capital,95.07,-7,-1,92,46,130,-12,-10,88,54,120,250
MCK,McKesson Corporation,761.97,35,8,48,59,150,9,25,-3,68,99,249
VMC,Vulcan Materials,303.08,14,49,12,61,136,12,57,16,28,113,249
LIN,Linde plc,476.69,-26,40,19,111,144,-25,7,16,107,105,249
CNP,Centerpoint Energy,39.09,38,51,55,46,190,-16,9,49,16,58,248
HOOD,Robinhood Markets,136.72,7,99,87,0,193,3,16,16,19,54,247
MPC,Marathon Petroleum,196.47,70,23,5,50,148,68,23,16,-9,98,246
EXPD,Expeditors International,122.85,0,42,7,132,181,24,33,12,-4,65,246
AON,AON,354.61,0,-10,0,178,168,29,-14,3,57,75,243
MA,Mastercard,567.92,-35,0,132,156,253,-44,-10,16,27,-11,242
HLI,Houlihan Lokey,206.15,-3,99,23,45,164,2,32,16,27,77,241
OZK,Bank OZK,51.22,-7,97,23,57,170,12,25,14,20,71,241
WCC,Wesco International,211.31,-4,96,13,59,164,12,-8,14,58,76,240
HUBB,Hubbell Incorporated,426.49,-33,0,7,183,157,2,-3,12,72,83,240
AMG,Affiliated Managers Group,238.62,-13,103,17,23,130,2,74,16,18,110,240
R,Ryder,186.99,3,82,17,57,159,11,-1,14,57,81,240
CMI,Cummins,419.58,-12,69,11,66,134,2,60,12,31,105,239
FYBR,Frontier Communications,37.33,0,35,95,0,130,-5,-2,100,15,108,238
TER,Teradyne,134.32,56,68,1,3,128,9,98,9,-6,110,238
ORCL,Oracle Corporation,282.73,-21,14,17,199,209,-26,11,16,28,29,238
FSLR,First Solar,223.46,74,62,1,63,200,12,17,16,-7,38,238
AYI,Acuity Brands,339.07,-13,73,10,28,98,5,102,12,21,140,238
PH,Parker Hannifin,754.08,0,98,23,66,187,7,-4,16,31,50,237
INTU,Intuit,694.69,2,-28,23,192,189,8,2,16,21,47,236
MMC,Marsh McLennan,200.24,3,-78,-9,176,92,-2,-16,-17,179,144,236
CRH,CRH plc,114.59,2,51,13,65,131,6,60,10,28,104,235
BKNG,Booking Holdings,5454.35,-1,-1,142,36,176,30,-14,16,27,59,235
ALLE,Allegion,175.05,-21,109,15,22,125,6,65,16,23,110,235
NVT,Nvent Electric,96.7,-16,97,14,13,108,8,110,14,-6,126,234
DCI,Donaldson Company,81.21,0,49,8,66,123,7,56,16,31,110,233
FFIV,"F5, Inc.",322.43,-29,96,100,15,182,7,10,16,18,51,233
ITW,Illinois Tool Works,261.38,-2,2,8,179,187,5,-4,13,30,44,231
LITE,Lumentum,162.64,-28,95,20,4,91,12,103,14,11,140,231
NTRS,Northern Trust,133.86,15,97,22,12,146,14,39,16,14,83,229
CG,Carlyle Group (The),64.89,-28,88,14,22,96,2,99,13,19,133,229
NSC,Norfolk Southern,299.74,73,11,17,5,106,86,5,16,15,122,228
NVDA,Nvidia,181.82,8,8,20,135,171,8,6,16,27,57,228
NWS,News Corp (Class B),34.47,4,1,118,59,182,5,2,16,22,45,227
AXON,Axon Enterprise,716.04,-27,-13,151,95,206,-23,-4,16,31,20,226
AFL,Aflac,111.33,26,33,7,59,125,26,32,-14,56,100,225
STT,State Street Corporation,116.98,40,99,23,17,179,14,1,15,15,45,224
JHG,Janus Henderson,44.81,0,82,12,20,114,12,66,13,19,110,224
MO,Altria,65.67,14,50,76,46,186,-1,-10,32,17,38,224
VTR,"Ventas, Inc.",69.19,14,53,78,23,168,31,-1,10,16,56,224
AWI,Armstrong World Industries,193.5,-42,104,100,22,184,7,-3,16,20,40,224
FHN,First Horizon Corporation,22.66,0,97,58,5,160,12,26,14,11,63,223
ADP,Automatic Data Processing,292.53,13,-20,0,181,174,8,-33,16,58,49,223
GE,GE Aerospace,293.62,-4,108,25,28,157,-19,19,36,30,66,223
TLN,Talen Energy,420.79,0,109,45,0,154,5,44,17,3,69,223
NOC,Northrop Grumman,593.97,28,64,16,59,167,35,-16,23,13,55,222
LRCX,Lam Research,131.09,7,19,15,153,194,7,11,16,-6,28,222
PNR,Pentair,109.64,-33,97,15,63,142,7,34,14,25,80,222
PFGC,Performance Food Group,104.21,-39,100,59,44,164,-42,26,16,58,58,222
ETN,Eaton Corporation,367.31,-21,7,14,115,115,4,14,14,73,105,220
AXP,American Express,342.4,0,26,23,100,149,9,26,14,22,71,220
BLK,BlackRock,1175.48,19,96,23,23,161,12,7,16,22,57,218
EVR,Evercore,339.89,-24,96,13,59,144,1,32,14,27,74,218
MTG,MGIC Investment Corporation,28.44,1,34,25,56,116,22,34,16,29,101,217
LNG,Cheniere Energy,235.46,28,5,66,59,158,-5,-9,16,57,59,217
MTZ,MasTec,209.55,98,14,25,19,156,12,19,16,14,61,217
PM,Philip Morris International,163.01,0,-11,76,56,121,-6,-17,91,28,96,217
FE,FirstEnergy,45.42,32,50,12,56,150,31,4,16,15,66,216
HPE,Hewlett Packard Enterprise,24.15,-26,93,7,43,117,1,30,13,55,99,216
MDU,MDU Resources,17.77,49,5,1,59,114,47,7,16,31,101,215
ICE,Intercontinental Exchange,168.01,-77,-21,118,162,182,9,-27,28,22,32,214
AEE,Ameren,103.54,32,5,63,14,114,40,-19,68,11,100,214
OLLI,Ollie's Bargain Outlet,131.63,-15,0,121,17,123,-11,9,69,24,91,214
LH,Labcorp,282.82,14,47,61,16,138,9,34,14,19,76,214
TPR,"Tapestry, Inc.",111.45,-20,97,86,22,185,-19,14,14,20,29,214
ADT,ADT Inc.,8.8,13,117,37,0,167,8,-2,31,9,46,213
MEDP,Medpace,500.71,1,71,10,33,115,3,81,10,3,97,212
IVZ,Invesco,23.0,14,73,13,3,103,12,69,13,14,108,211
TDG,TransDigm Group,1288.91,-2,-33,3,158,126,7,4,16,58,85,211
BX,Blackstone Inc.,176.14,-27,68,10,143,194,-31,15,11,22,17,211
LOW,Lowe's,253.27,-49,49,6,167,173,-50,61,7,20,38,211
BKR,Baker Hughes,50.55,56,51,10,36,153,-1,20,10,27,56,209
DOCS,Doximity,75.12,18,67,60,0,145,12,32,6,13,63,208
SGI,Somnigroup International,82.5,-42,97,47,65,167,1,-3,16,27,41,208
WFC,Wells Fargo,84.69,0,13,98,30,141,7,21,16,20,64,205
SYY,Sysco,81.85,0,84,13,4,101,-21,97,13,15,104,205
HII,Huntington Ingalls Industries,279.58,14,136,14,7,171,6,16,22,-10,34,205
CMA,Comerica,68.98,-7,71,13,5,82,-5,102,13,13,123,205
BR,Broadridge Financial Solutions,237.69,-75,-11,120,146,180,2,-19,16,26,25,205
PANW,Palo Alto Networks,203.93,0,17,5,82,104,9,18,16,58,101,205
FLEX,Flex Ltd.,57.54,-4,26,24,59,105,7,19,16,58,100,205
TTWO,Take-Two Interactive,260.02,9,20,51,14,94,9,27,51,21,108,202
CIEN,Ciena,144.15,15,97,15,13,140,12,19,14,17,62,202
SF,Stifel,114.89,0,87,14,60,161,8,-1,13,21,41,202
RGLD,Royal Gold,198.58,21,27,67,19,134,14,35,2,17,68,202
IONS,Ionis Pharmaceuticals,64.15,28,100,7,1,136,35,25,16,-11,65,201
TT,Trane Technologies,414.27,14,-23,22,165,178,12,-36,16,30,22,200
EXPE,Expedia Group,220.44,-7,70,55,12,130,7,36,12,15,70,200
RCL,Royal Caribbean Group,326.73,-10,9,127,29,155,7,-7,16,28,44,199
PG,Procter & Gamble,153.54,0,-6,-12,180,162,1,29,-20,27,37,199
LPLA,LPL Financial,340.47,17,-22,51,100,146,12,-33,16,58,53,199
KRMN,Karman Holdings,71.35,119,34,0,0,153,12,25,8,0,45,198
VICI,Vici Properties,32.55,12,2,64,16,94,24,-8,29,58,103,197
WFRD,Weatherford International,68.68,70,68,0,0,138,33,26,6,-6,59,197
VNT,Vontier,41.76,-27,97,11,0,81,3,104,14,-6,115,196
XYL,Xylem Inc.,144.0,8,97,14,23,142,8,6,16,23,53,195
PRI,Primerica,276.3,-7,19,0,109,121,1,26,14,31,72,193
PTC,PTC Inc.,203.84,-35,0,12,183,160,6,-13,13,27,33,193
INSM,Insmed,141.66,-27,77,70,17,137,-28,47,16,21,56,193
EXEL,Exelixis,40.59,3,0,70,15,88,7,11,61,25,104,192
TOL,Toll Brothers,138.29,0,81,6,62,149,7,-1,10,27,43,192
PCAR,Paccar,99.86,0,2,-28,160,134,9,9,3,35,56,190
BWA,BorgWarner,43.81,0,99,14,3,116,12,63,16,-17,74,190
LFUS,Littelfuse,257.62,-31,97,9,3,78,4,102,14,-9,111,189
CXT,Crane NXT,64.92,35,5,1,56,97,32,-10,12,57,91,188
XOM,ExxonMobil,114.22,35,16,3,45,99,-3,25,15,51,88,187
WTW,Willis Towers Watson,342.1,49,42,14,25,130,8,13,6,30,57,187
CFG,Citizens Financial Group,53.67,15,85,14,5,119,8,32,13,15,68,187
LLY,Lilly (Eli),726.51,-35,2,-9,173,131,-47,19,-13,97,56,187
CBRE,CBRE Group,158.97,-43,81,98,23,159,2,-4,14,15,27,186
F,Ford Motor Company,12.1,14,111,8,0,133,12,31,16,-6,53,186
SNA,Snap-on,344.49,16,18,4,60,98,8,12,9,58,87,185
LNT,Alliant Energy,66.77,33,5,74,15,127,44,-16,16,14,58,185
KEY,Keycorp,18.89,0,97,14,5,116,12,26,14,14,66,182
CVNA,Carvana,392.19,5,9,98,12,124,7,17,16,17,57,181
VMI,Valmont Industries,382.28,14,2,68,59,143,12,2,13,11,38,181
RRC,Range Resources,37.4,35,0,1,43,79,35,15,-4,56,102,181
UTHR,United Therapeutics,424.6,0,33,4,58,95,-12,33,4,60,85,180
AN,AutoNation,217.35,-22,34,23,62,97,11,-3,16,58,82,179
FNB,FNB Corporation,16.08,-7,97,7,56,153,-5,-4,15,20,26,179
GGG,Graco Inc.,84.5,-6,-7,0,179,166,7,-9,16,-1,13,179
WSO,Watsco,399.7,20,-41,-9,197,167,12,-39,-34,72,11,178
KR,Kroger,66.45,0,-23,85,68,130,2,-26,56,16,48,178
CACI,CACI,488.32,-21,2,8,155,144,7,9,20,-2,34,178
GL,Globe Life,143.38,-7,49,51,15,108,2,48,10,9,69,177
MCO,Moody's Corporation,481.15,0,-8,0,157,149,8,-20,14,26,28,177
VLO,Valero Energy,172.22,70,26,6,45,147,-4,25,15,-6,30,177
MLM,Martin Marietta Materials,620.98,2,52,12,61,127,8,-2,16,28,50,177
NET,Cloudflare,218.62,-23,97,45,0,119,2,19,16,20,57,176
PEG,Public Service Enterprise Group,83.05,6,-19,1,153,141,5,1,10,18,34,175
ELAN,Elanco,19.61,14,100,8,0,122,12,32,15,-7,52,174
EBAY,eBay,91.16,0,0,83,15,98,-12,-17,88,17,76,174
WYNN,Wynn Resorts,132.43,14,99,14,4,131,8,27,16,-9,42,173
LLYVA,Liberty Live (Series A),93.98,-1,110,36,0,145,12,-1,16,1,28,173
OHI,Omega Healthcare Investors,41.57,0,56,12,41,109,26,-6,11,32,63,172
PKG,Packaging Corporation of America,216.33,14,27,1,62,104,5,27,9,27,68,172
KRC,Kilroy Realty,42.56,-18,87,12,0,81,-24,90,12,12,90,171
EQT,EQT Corporation,54.47,35,0,47,43,125,35,1,-1,11,46,171
O,Realty Income,60.54,14,41,16,8,79,30,31,16,14,91,170
FICO,Fair Isaac,1526.69,0,0,-12,167,155,-5,21,-34,32,14,169
EXE,Expand Energy,106.85,68,1,47,0,116,31,15,-5,11,52,168
FNF,Fidelity National Financial,59.78,14,34,1,59,108,35,2,1,22,60,168
DHI,D. R. Horton,169.84,0,70,7,66,143,21,-3,10,-3,25,168
MET,Metlife,82.08,41,28,1,59,129,8,-4,14,19,37,166
SOFI,SoFi,27.53,-10,89,52,0,131,-24,33,14,12,35,166
ROST,Ross Stores,151.84,28,40,6,36,110,28,-8,5,30,55,165
D,Dominion Energy,60.94,14,95,20,2,131,1,5,16,11,33,164
ATI,ATI Inc.,79.26,1,0,22,44,67,12,16,16,53,97,164
DKS,Dick's Sporting Goods,219.87,-7,63,3,64,123,-11,11,6,34,40,163
INTC,Intel,34.47,77,33,1,0,111,27,32,6,-13,52,163
AEP,American Electric Power,109.77,28,0,79,24,131,6,-18,29,15,32,163
NDAQ,"Nasdaq, Inc.",88.71,-74,-5,82,145,148,4,-21,16,15,14,162
WAB,Wabtec,197.55,40,0,1,50,91,11,-13,16,57,71,162
W,Wayfair,89.15,5,97,10,-42,70,12,103,16,-41,90,160
EPR,EPR Properties,57.44,0,3,63,30,96,10,16,16,22,64,160
AGO,Assured Guaranty,84.01,54,2,0,57,113,-2,10,16,23,47,160
UHS,Universal Health Services,201.12,42,29,1,23,95,42,33,-10,-2,63,158
OMF,OneMain Financial,57.62,-33,97,23,61,148,-32,-1,16,27,10,158
JCI,Johnson Controls,108.17,-6,2,81,20,97,7,19,16,19,61,158
RF,Regions Financial Corporation,26.51,-32,96,13,23,100,-5,33,14,15,57,157
PLNT,Planet Fitness,105.17,28,-20,69,14,91,47,-12,16,15,66,157
MDT,Medtronic,93.99,-13,64,17,2,70,-15,78,9,14,86,156
MSGS,Madison Square Garden Sports,230.02,28,15,3,22,68,28,22,9,28,87,155
SYK,Stryker Corporation,369.89,-36,-12,0,160,112,8,-9,14,30,43,155
ES,Eversource Energy,70.52,49,7,21,1,78,47,11,16,3,77,155
SNPS,Synopsys,481.61,0,-14,-3,181,164,8,-26,14,-6,-10,154
JBL,Jabil,214.59,-21,0,25,66,70,1,8,17,58,84,154
FOXA,Fox Corporation (Class A),62.89,5,33,74,2,114,6,5,14,15,40,154
DRI,Darden Restaurants,193.0,0,-8,50,62,104,23,-3,-2,31,49,153
REG,Regency Centers,72.22,31,5,0,54,90,35,-8,16,20,63,153
TMUS,T-Mobile US,237.96,-2,-3,0,140,135,-9,-12,1,36,16,151
FOX,Fox Corporation (Class B),57.01,8,33,73,2,116,7,5,13,10,35,151
FIVE,Five Below,155.33,6,99,6,0,111,8,30,17,-16,39,150
FTAI,FTAI Aviation,163.28,-15,43,9,48,85,-22,43,12,32,65,150
JNJ,Johnson & Johnson,181.66,19,63,14,8,104,34,-6,11,7,46,150
BOKF,BOK Financial Corporation,111.5,0,66,6,23,95,-3,32,10,15,54,149
AMD,Advanced Micro Devices,161.36,42,0,4,111,157,7,-23,16,-8,-8,149
ZION,Zions Bancorporation,57.01,-7,79,6,5,83,12,25,13,16,66,149
FITB,Fifth Third Bancorp,45.4,-9,73,6,23,93,-5,30,13,17,55,148
PFG,Principal Financial Group,82.47,3,26,3,56,88,7,21,13,19,60,148
MSA,MSA Safety,171.05,0,-4,0,165,161,5,-30,16,-6,-15,146
SYF,Synchrony Financial,73.3,-31,97,23,22,111,-31,32,14,19,34,145
H,Hyatt Hotels,144.43,7,2,3,56,68,12,-3,12,56,77,145
PSTG,Pure Storage,82.89,-20,27,5,43,55,1,19,12,58,90,145
AL,Air Lease Corporation,63.59,2,27,23,23,75,-5,30,16,27,68,143
VRSN,Verisign,284.3,-1,0,42,10,51,7,18,58,8,91,142
NWSA,News Corp (Class A),31.03,4,11,15,59,89,5,10,16,22,53,142
BAC,Bank of America,52.43,3,30,23,19,75,9,27,16,15,67,142
CHD,Church & Dwight,86.16,-84,-45,-22,345,194,-50,-8,-20,26,-52,142
RBLX,Roblox Corporation,141.69,8,15,59,0,82,9,16,22,12,59,141
EQH,Equitable Holdings,52.29,-26,18,98,12,102,-26,29,16,20,39,141
SCHW,Charles Schwab Corporation,96.9,21,1,83,12,117,15,-24,16,15,22,139
DINO,HF Sinclair,52.47,0,99,6,2,107,-5,29,16,-9,31,138
NOW,ServiceNow,941.08,-2,0,0,83,81,3,16,14,23,56,137
POST,Post Holdings,106.09,29,-3,-4,88,110,-7,-11,-14,58,26,136
RKT,Rocket Companies,20.13,0,53,10,0,63,6,50,15,2,73,136
AMP,Ameriprise Financial,499.22,15,-21,0,65,59,8,-17,14,72,77,136
HR,Healthcare Realty Trust,17.76,-34,65,8,1,40,6,71,8,10,95,135
FTNT,Fortinet,84.68,4,0,-8,114,110,7,12,-8,14,25,135
PNC,PNC Financial Services,201.88,-7,87,8,15,103,-25,28,13,15,31,134
TSLA,"Tesla, Inc.",443.21,12,36,4,11,63,7,42,10,11,70,133
SSB,SouthState Corporation,99.33,-32,68,6,23,65,12,26,10,20,68,133
ECG,Everus Construction Group,83.06,9,95,0,0,104,9,7,13,0,29,133
STLD,Steel Dynamics,138.87,10,11,6,56,83,10,25,16,-1,50,133
IRM,Iron Mountain,100.36,-2,11,2,58,69,-20,10,16,57,63,132
BRX,Brixmor Property Group,27.44,-55,79,6,56,86,3,-1,16,27,45,131
CB,Chubb Limited,279.62,28,2,1,59,90,-2,-4,-10,57,41,131
VEEV,Veeva Systems,293.04,19,2,51,9,81,12,2,16,19,49,130
EWBC,East West Bancorp,106.57,-7,26,15,23,57,12,26,15,20,73,130
PSX,Phillips 66,137.57,28,26,1,42,97,-2,26,15,-6,33,130
CVX,Chevron Corporation,156.09,-7,59,13,49,114,-5,7,7,7,16,130
SPGI,S&P Global,491.43,-56,-8,0,173,109,4,-20,14,22,20,129
FRHC,Freedom Holding,173.37,24,0,60,15,99,9,-27,16,31,29,128
EA,Electronic Arts,202.05,9,43,10,8,70,9,5,22,22,58,128
GNTX,Gentex,28.34,-7,62,0,0,55,12,60,10,-9,73,128
AIG,American International Group,77.93,14,-3,34,54,99,23,-11,-6,22,28,127
LVS,Las Vegas Sands,55.25,14,97,12,3,126,14,-11,13,-15,1,127
CMS,CMS Energy,72.79,15,1,82,24,122,7,-22,4,15,4,126
JLL,Jones Lang LaSalle,300.1,-31,71,10,15,65,-40,76,10,15,61,126
ROIV,Roivant Sciences,15.1,4,34,7,0,45,14,50,16,1,81,126
AMGN,Amgen,273.99,-21,-18,-4,166,123,-20,-19,4,37,2,125
ROKU,"Roku, Inc.",100.06,0,78,16,-20,74,7,26,11,5,49,123
TRMB,Trimble Inc.,82.0,1,0,85,5,91,8,-3,14,13,32,123
GLPI,Gaming and Leisure Properties,46.87,0,3,0,66,69,13,-3,-14,58,54,123
M,"Macy's, Inc.",18.17,14,63,4,0,81,17,26,5,-7,41,122
ALNY,Alnylam Pharmaceuticals,447.32,-20,96,23,16,115,-20,-5,16,16,7,122
USFD,US Foods,76.76,-42,-21,149,36,122,-42,-2,16,27,-1,121
ARES,Ares Management,163.42,-28,-4,0,60,28,-26,-4,16,107,93,121
U,Unity Technologies,42.94,-24,86,12,0,74,-30,60,16,1,47,121
CF,CF Industries,90.48,39,0,3,5,47,43,4,16,9,72,119
COKE,Coca-Cola Consolidated,116.36,0,0,0,86,86,5,-4,-21,53,33,119
EXP,Eagle Materials,233.08,0,3,-21,58,40,12,60,6,-1,77,117
CLF,Cleveland-Cliffs,12.85,28,62,0,-17,73,21,22,9,-9,43,116
DE,Deere & Company,465.72,-26,-27,55,110,112,-19,-40,51,11,3,115
GPC,Genuine Parts Company,139.23,0,50,7,0,57,3,57,16,-18,58,115
ECL,Ecolab,272.83,14,0,22,23,59,33,-14,16,20,55,114
SEIC,SEI Investments Company,85.41,-34,-17,98,36,83,2,-14,16,27,31,114
TXT,Textron,84.02,7,13,0,54,74,8,21,16,-6,39,113
RNR,RenaissanceRe,250.26,39,8,-14,36,69,-2,3,14,29,44,113
AMKR,Amkor Technology,28.52,0,82,0,3,85,6,18,10,-6,28,113
CRWD,CrowdStrike,488.45,0,8,51,0,59,7,9,16,21,53,112
MUSA,Murphy USA,391.85,0,2,-19,69,52,5,10,-35,80,60,112
IT,Gartner,261.16,83,-74,-27,0,-18,83,14,-25,58,130,112
AIT,Applied Industrial Technologies,258.19,-11,0,13,59,61,-25,6,12,58,51,112
UBER,Uber,99.57,7,16,24,0,47,7,8,22,27,64,111
LLYVK,Liberty Live (Series C),96.67,-55,103,36,0,84,12,-2,16,1,27,111
NTNX,Nutanix,76.91,0,14,4,23,41,16,13,16,25,70,111
WSM,"Williams-Sonoma, Inc.",192.48,-6,0,14,66,74,-4,11,8,22,37,111
DBX,Dropbox,30.64,-1,23,5,10,37,30,28,6,9,73,110
KO,Coca-Cola Company (The),66.06,-28,-26,0,183,129,-12,-19,-4,15,-20,109
WTFC,Wintrust Financial,132.56,-33,34,15,50,66,12,-3,14,20,43,109
SEB,Seaboard Corporation,3695.74,-2,71,11,0,80,21,-7,14,1,29,109
AGNC,AGNC Investment,9.85,-51,82,17,17,65,12,-1,14,18,43,108
DVN,Devon Energy,35.53,28,34,0,-6,56,30,30,15,-23,52,108
CHRW,C.H. Robinson,131.85,-13,65,9,5,66,-38,58,12,9,41,107
NVR,"NVR, Inc.",8084.33,0,2,-2,66,66,6,-4,9,30,41,107
NEE,NextEra Energy,76.22,42,4,1,1,48,46,-17,16,14,59,107
MTSI,MACOM Technology Solutions,123.35,-7,-1,5,59,56,8,-1,14,30,51,107
MSM,MSC Industrial Direct,90.87,-34,26,13,59,64,8,28,16,-10,42,106
MAR,Marriott International,266.92,3,0,0,59,62,12,-9,13,28,44,106
TFC,Truist Financial,45.92,3,71,7,5,86,-13,4,13,15,19,105
VST,Vistra Corp.,198.03,-28,0,25,31,28,9,8,14,46,77,105
HALO,Halozyme,73.28,-24,44,13,20,53,-26,55,7,15,51,104
FERG,Ferguson Enterprises,224.95,0,0,17,66,83,-23,2,16,26,21,104
ADSK,Autodesk,321.99,0,21,5,15,41,5,21,16,20,62,103
ED,Consolidated Edison,99.55,34,-24,1,48,59,35,-27,-10,46,44,103
BRO,Brown & Brown,93.02,17,-106,-5,164,70,33,-12,-16,27,32,102
MU,Micron Technology,163.91,0,23,4,23,50,3,32,16,1,52,102
ZS,Zscaler,296.88,14,2,23,6,45,12,10,16,19,57,102
WWD,"Woodward, Inc.",246.02,20,-1,25,36,80,12,-33,16,27,22,102
VRSK,Verisk Analytics,248.88,0,-45,-2,115,68,24,-11,-8,29,34,102
NLY,Annaly Capital Management,20.91,-53,79,24,11,61,12,-4,14,17,39,100
AOS,A. O. Smith,72.75,0,2,0,59,61,7,21,16,-6,38,99
HHH,Howard Hughes Holdings,81.73,0,37,4,1,42,5,32,5,15,57,99
RDDT,Reddit,242.01,-35,72,3,0,40,9,41,8,0,58,98
VRTX,Vertex Pharmaceuticals,395.32,7,-39,-8,105,65,15,-8,-12,38,33,98
EXLS,EXL Service,43.98,15,0,0,66,81,5,-7,5,14,17,98
APPF,AppFolio,282.56,3,1,11,29,44,4,10,11,29,54,98
T,AT&T,28.08,-43,0,76,17,50,-66,-2,100,16,48,98
ESI,Element Solutions,24.99,-33,69,-1,58,93,-40,33,13,-2,4,97
RGA,Reinsurance Group of America,189.95,6,15,-9,41,53,6,-9,-7,54,44,97
DAL,Delta Air Lines,57.66,-29,69,7,20,67,2,-8,8,27,29,96
TSCO,Tractor Supply Company,56.69,-42,-3,13,86,54,-40,-14,10,86,42,96
CPNG,Coupang,32.82,0,16,23,0,39,7,16,16,18,57,96
CGNX,Cognex Corporation,45.53,0,79,7,-32,54,5,65,12,-41,41,95
WBS,Webster Bank,59.56,-25,97,14,15,101,-37,-2,14,18,-7,94
CELH,Celsius Holdings,56.86,7,2,0,66,75,14,-9,24,-10,19,94
APO,Apollo Global Management,138.41,-23,-4,-1,98,70,-25,8,12,27,22,92
MTB,M&T Bank,198.27,0,26,7,23,56,-19,26,14,15,36,92
CRUS,Cirrus Logic,124.01,0,34,4,20,58,-7,29,16,-4,34,92
EXC,Exelon,44.26,39,0,61,15,115,-9,-19,-7,11,-24,91
TXN,Texas Instruments,183.25,35,-19,0,23,39,34,-15,16,17,52,91
TRGP,Targa Resources,169.09,2,5,0,52,59,-5,8,-26,55,32,91
ALAB,Astera Labs,198.87,-32,95,3,0,66,-44,57,11,0,24,90
SNOW,Snowflake Inc.,225.31,0,22,21,0,43,7,22,16,2,47,90
GWRE,Guidewire Software,231.76,-42,0,116,22,96,-41,-2,16,21,-6,90
ARMK,Aramark,38.42,6,-23,21,41,45,10,-39,16,57,44,89
DD,DuPont,77.08,-28,68,-9,20,51,3,26,13,-4,38,89
KKR,KKR & Co. Inc.,134.45,-28,-3,0,104,73,-26,8,12,22,16,89
QSR,Restaurant Brands International,65.61,34,-37,0,41,38,40,3,16,-9,50,88
BEPC,Brookfield Renewable Partners,34.78,12,6,16,0,34,12,15,16,11,54,88
WDAY,"Workday, Inc.",247.64,63,9,-16,15,71,12,17,-10,-3,16,87
ABT,Abbott Laboratories,133.11,-13,26,62,14,89,-24,5,2,15,-2,87
CSL,Carlisle Companies,334.03,-84,-12,-3,179,80,-23,-8,16,21,6,86
GILD,Gilead Sciences,112.63,-21,0,57,36,72,-21,-19,14,40,14,86
HST,Host Hotels & Resorts,17.42,0,29,4,3,36,17,26,14,-7,50,86
VRT,Vertiv,143.31,0,8,15,9,32,7,7,13,27,54,86
LYFT,Lyft,22.96,3,31,7,-2,39,3,26,16,1,46,85
VIK,Viking Holdings,60.92,-34,97,0,0,63,7,-1,16,0,22,85
HBAN,Huntington Bancshares,17.35,-33,26,15,22,30,-5,26,16,17,54,84
SNDK,SanDisk,113.51,7,30,0,0,37,6,32,8,0,46,83
ETSY,Etsy,74.3,98,4,3,-31,74,25,6,16,-38,9,83
HAS,Hasbro,76.97,6,0,20,4,30,36,-11,16,12,53,83
LCID,Lucid Motors,24.1,101,-29,-10,0,62,72,8,-23,-36,21,83
CSCO,Cisco,67.74,0,-5,54,15,64,2,-26,16,26,18,82
NNN,NNN Reit,42.13,0,2,6,23,31,23,-3,16,15,51,82
ADM,Archer Daniels Midland,60.28,-1,98,8,0,105,-11,-7,16,-21,-23,82
CSX,CSX Corporation,35.85,77,1,2,5,85,7,-20,16,-7,-4,81
INCY,Incyte,83.87,-29,83,9,0,63,5,-7,12,8,18,81
FLUT,Flutter Entertainment,283.26,0,-1,25,22,46,5,-12,14,28,35,81
LEN-B,Lennar (Class B),121.19,0,2,-2,63,63,19,-7,7,-2,17,80
NU,Nubank,15.94,-15,28,7,0,20,1,23,16,20,60,80
THO,Thor Industries,104.95,-2,81,7,3,89,-7,-7,12,-7,-9,80
NTAP,Netapp,118.53,-28,40,4,58,74,-37,32,13,-2,6,80
MP,MP Materials,68.19,-8,0,38,0,30,-11,5,51,5,50,80
LEN,Lennar (Class A),127.67,0,2,-3,65,64,19,-7,7,-4,15,79
INFA,Informatica,24.83,0,88,0,0,88,-5,-10,14,-8,-9,79
PLD,Prologis,114.27,1,26,5,0,32,11,25,16,-6,46,78
ZG,Zillow (Class A),77.96,-43,0,60,0,17,5,26,9,21,61,78
LAZ,Lazard,53.1,-27,80,8,21,82,-31,-1,13,14,-5,77
BHF,Brighthouse Financial,54.55,47,7,2,1,57,13,7,-9,9,20,77
EOG,EOG Resources,113.34,-8,-7,-4,46,27,-2,-10,9,52,49,76
SPR,Spirit AeroSystems,38.81,0,-1,24,0,23,12,-10,36,15,53,76
APA,APA Corporation,24.35,28,37,0,-13,52,-3,35,11,-20,23,75
CVS,CVS Health,75.57,0,32,16,0,48,-16,36,6,1,27,75
ZM,Zoom Communications,83.62,-1,23,6,-1,27,12,25,6,5,48,75
ALB,Albemarle Corporation,86.91,77,13,0,-24,66,20,4,10,-26,8,74
LNC,Lincoln Financial,40.45,-10,66,24,2,82,-24,-8,14,9,-9,73
LECO,Lincoln Electric,234.47,-11,0,13,66,68,10,-11,14,-8,5,73
MSCI,MSCI,568.39,7,7,0,15,29,14,-4,13,21,44,73
RKLB,Rocket Lab,47.04,-23,17,55,0,49,-21,19,16,9,23,72
CNA,CNA Financial,45.96,0,-1,0,58,57,21,-12,-15,21,15,72
MMM,3M,154.07,-28,0,80,15,67,-24,-3,16,15,4,71
PAG,Penske Automotive Group,172.68,-88,-3,21,63,-7,12,-8,16,58,78,71
LSCC,Lattice Semiconductor,71.7,0,39,7,0,46,1,32,8,-16,25,71
COHR,Coherent Corp.,107.97,-1,8,4,16,27,7,7,13,16,43,70
CLH,Clean Harbors,233.47,-26,-4,7,59,36,-25,-16,16,58,33,69
TPL,Texas Pacific Land Corporation,918.91,30,0,-15,59,74,-1,-7,-11,14,-5,69
SUI,Sun Communities,129.12,0,21,9,-25,5,2,34,16,12,64,69
MKL,Markel,1899.81,-23,-11,74,56,96,-36,-33,14,27,-28,68
TNL,Travel + Leisure Co.,60.62,-84,87,15,17,35,6,-1,13,15,33,68
BBY,Best Buy,75.65,10,34,-30,-7,7,29,31,4,-3,61,68
PCOR,Procore,74.85,7,11,0,0,18,6,17,6,20,49,67
FR,First Industrial Realty Trust,51.53,-35,29,0,15,9,3,25,14,15,57,66
RVMD,Revolution Medicines,46.07,6,17,-2,0,21,7,23,16,-1,45,66
EMR,Emerson Electric,129.27,-21,-10,22,65,56,-29,-4,16,27,10,66
PRU,Prudential Financial,103.81,0,2,-19,56,39,7,-10,10,20,27,66
CHWY,Chewy,39.94,14,0,47,0,61,12,-7,-7,6,4,65
QCOM,Qualcomm,165.32,-2,24,0,23,45,-14,26,14,-6,20,65
FRT,Federal Realty Investment Trust,99.93,0,29,-3,2,28,3,29,7,-2,37,65
BAM,Brookfield Asset Management,58.28,-13,0,71,0,58,-24,5,16,9,6,64
BC,Brunswick Corporation,64.2,0,81,-44,-8,29,8,26,10,-10,34,63
RIVN,Rivian,15.24,56,10,2,0,68,-5,20,1,-22,-6,62
VZ,Verizon,43.27,-7,0,36,11,40,18,-17,6,15,22,62
GXO,GXO Logistics,52.92,23,6,7,0,36,32,-12,15,-9,26,62
RYN,Rayonier,26.34,13,39,0,0,52,27,-11,4,-10,10,62
RBRK,Rubrik,83.4,20,-14,0,0,6,12,-6,50,0,56,62
HIW,Highwoods Properties,31.22,-33,23,6,7,3,2,26,16,14,58,61
AFRM,Affirm Holdings,76.56,-31,79,18,0,66,-34,-3,14,18,-5,61
NBIX,Neurocrine Biosciences,140.29,-21,34,6,26,45,-19,26,13,-5,15,60
COIN,Coinbase,333.99,4,-6,15,0,13,5,8,15,19,47,60
VIRT,Virtu Financial,35.87,1,-21,0,15,-5,6,-33,77,15,65,60
USB,U.S. Bancorp,48.99,-7,30,6,5,34,-34,31,13,16,26,60
DDOG,Datadog,145.24,14,2,5,0,21,12,14,13,-1,38,59
UGI,UGI Corporation,33.17,0,-24,48,5,29,6,-37,55,6,30,59
EFX,Equifax,255.79,-5,2,-10,17,4,7,13,16,19,55,59
MRP,Millrose Properties,33.86,-14,86,0,0,72,-21,-1,9,0,-13,59
AR,Antero Resources,33.54,35,0,0,11,46,-7,15,-6,11,13,59
PEGA,Pegasystems,58.59,-17,17,25,6,31,-19,16,14,16,27,58
DELL,Dell Technologies,133.9,0,1,2,33,36,5,6,16,-5,22,58
SHC,Sotera Health,15.76,-30,36,7,0,13,7,36,8,-7,44,57
FANG,Diamondback Energy,143.59,41,0,-35,48,54,-3,2,10,-6,3,57
HON,Honeywell,209.27,-62,-32,-2,179,83,-21,-44,16,23,-26,57
WAL,Western Alliance Bancorporation,87.14,-21,34,6,5,24,-32,32,13,19,32,56
RPM,RPM International,117.03,-58,0,-1,181,122,-72,-7,13,-1,-67,55
IR,Ingersoll Rand,82.5,15,2,-27,24,14,12,16,13,-1,40,54
SMMT,Summit Therapeutics,21.15,34,-16,1,15,34,33,-30,-3,20,20,54
FCNCA,First Citizens BancShares,1795.32,-7,-17,-2,60,34,-5,-10,13,22,20,54
UAL,United Airlines Holdings,98.62,-33,70,7,12,56,-26,-3,10,17,-2,54
FDX,FedEx,236.6,41,7,-32,33,49,-5,7,8,-5,5,54
STWD,Starwood Property Trust,19.9,-58,0,24,59,25,-5,-4,16,22,29,54
ROK,Rockwell Automation,344.31,-1,13,21,16,49,8,-8,16,-12,4,53
CNM,Core & Main,53.64,21,-15,2,0,8,12,-8,16,25,45,53
ELF,e.l.f. Beauty,131.2,-42,23,0,32,13,4,28,14,-6,40,53
XPO,"XPO, Inc.",127.39,-27,0,-1,62,34,-21,-2,13,28,18,52
WBD,Warner Bros. Discovery,18.86,0,13,18,0,31,-7,13,14,1,21,52
WTRG,Essential Utilities,39.12,26,2,12,0,40,26,-13,-7,6,12,52
APTV,Aptiv,85.79,15,34,7,-25,31,12,30,16,-37,21,52
NTRA,Natera,163.04,-29,28,7,19,25,-31,32,6,20,27,52
SMCI,Supermicro,46.38,0,-21,0,59,38,2,10,11,-10,13,51
DNB,Dun & Bradstreet,9.15,29,52,-28,0,53,46,-13,2,-37,-2,51
INGM,Ingram Micro,21.03,0,14,0,0,14,7,17,13,0,37,51
PVH,PVH Corp.,84.9,-1,33,0,2,34,-13,32,5,-8,16,50
TEM,Tempus AI,78.57,-29,34,0,0,5,4,32,9,0,45,50
SHW,Sherwin-Williams,342.95,-84,-7,0,191,100,-76,-10,16,20,-50,50
NDSN,Nordson,227.44,3,27,0,2,32,8,1,16,-8,17,49
GEN,Gen Digital,28.81,-1,-11,21,17,26,2,-13,16,17,22,48
NCLH,Norwegian Cruise Line Holdings,24.74,-32,68,6,0,42,-23,-1,9,21,6,48
GTES,Gates Corporation,24.82,-33,2,23,16,8,7,-3,16,19,39,47
DIS,Walt Disney Company (The),114.79,4,-12,21,-1,12,23,-8,16,4,35,47
CCK,Crown Holdings,96.55,14,-29,23,6,14,23,-20,16,13,32,46
CEG,Constellation Energy,334.15,0,2,22,0,24,-21,7,16,20,22,46
HLT,Hilton Worldwide,262.28,-78,0,22,65,9,2,-8,14,27,35,44
VNOM,Viper Energy,38.49,0,0,-15,45,30,-2,2,-34,48,14,44
KEYS,Keysight,173.28,-21,19,4,1,3,2,19,14,6,41,44
SAIL,SailPoint,22.3,0,12,0,0,12,6,17,8,0,31,43
SEE,Sealed Air,35.09,14,27,2,-25,18,14,30,14,-33,25,43
KNSL,Kinsale Capital Group,417.17,-21,-26,-3,34,-16,-12,-14,-1,86,59,43
DT,Dynatrace,49.31,13,-1,-8,0,4,12,-7,13,21,39,43
RS,"Reliance, Inc.",277.08,-84,-41,-2,116,-11,-17,-6,-1,78,54,43
VOYA,Voya Financial,75.24,-27,38,7,5,23,-25,32,14,-2,19,42
K,Kellanova,81.9,7,1,0,22,30,18,-8,-13,14,11,41
BG,Bunge Global,82.41,14,2,0,0,16,29,-14,16,-6,25,41
OXY,Occidental Petroleum,48.12,22,27,-61,0,-12,28,29,12,-17,52,40
EGP,EastGroup Properties,169.32,14,2,0,9,25,7,-3,16,-6,14,39
ESS,Essex Property Trust,266.08,-4,0,0,15,11,5,17,-9,15,28,39
DAY,Dayforce,68.82,-1,30,6,-13,22,14,-2,6,-1,17,39
HSY,Hershey Company (The),184.05,-21,63,10,0,52,-21,17,10,-20,-14,38
PNW,Pinnacle West Capital,87.68,4,-22,0,19,1,2,-20,28,27,37,38
CWEN-A,Clearway Energy (Class A),27.02,1,-27,64,7,45,-5,-41,28,11,-7,38
PSN,Parsons Corporation,81.87,7,9,0,0,16,8,6,9,-2,21,37
Z,Zillow (Class C),80.57,-43,0,17,0,-26,5,26,10,21,62,36
CWEN,Clearway Energy (Class C),28.36,1,-27,64,5,43,-5,-41,28,11,-7,36
AMZN,Amazon,222.17,-43,0,23,22,2,5,-5,13,21,34,36
GWW,W. W. Grainger,947.75,-49,-4,-9,95,33,-41,-7,-7,58,3,36
FHB,"First Hawaiian, Inc.",24.93,-32,26,6,15,15,-7,-1,13,15,20,35
TFSL,Third Federal S&L,13.17,-21,30,9,6,24,-17,-8,16,20,11,35
MOS,Mosaic Company (The),34.7,28,5,22,-17,38,-10,16,21,-31,-4,34
COP,ConocoPhillips,95.86,28,5,0,3,36,-3,2,8,-9,-2,34
ROP,Roper Technologies,500.83,-35,-41,-8,183,99,-27,-58,-7,27,-65,34
PR,Permian Resources,13.02,-7,-1,0,27,19,-3,2,16,-3,12,31
ASTS,AST SpaceMobile,48.84,0,0,17,0,17,-16,5,16,9,14,31
DLR,Digital Realty,170.12,-20,0,3,23,6,-21,10,16,20,25,31
ACGL,Arch Capital Group,89.81,1,-1,-14,63,49,-1,-10,-7,-1,-19,30
EXR,Extra Space Storage,141.46,0,0,-9,0,-9,11,-2,16,14,39,30
OTIS,Otis Worldwide,91.29,10,0,-10,0,0,14,9,-20,27,30,30
META,Meta Platforms,743.44,-32,0,23,30,21,-40,10,14,24,8,29
MOH,Molina Healthcare,192.96,19,0,-19,-3,-3,33,23,-15,-9,32,29
RMD,Resmed,270.85,-21,0,23,14,16,1,-17,15,14,13,29
OVV,Ovintiv,40.64,-7,10,0,3,6,-3,19,13,-7,22,28
LOAR,Loar Holdings,78.51,-1,2,0,0,1,12,24,-9,0,27,28
APG,APi Group,34.28,-35,0,24,0,-11,8,-13,16,27,38,27
CFR,Frost Bank,127.31,4,0,4,5,13,-5,-6,14,11,14,27
TOST,"Toast, Inc.",37.15,-41,-20,83,0,22,1,-30,16,18,5,27
FLS,Flowserve,53.43,-27,0,0,28,1,-26,17,9,26,26,27
ALLY,Ally Financial,39.86,-31,26,8,5,8,-40,27,14,17,18,26
WST,West Pharmaceutical Services,260.37,14,17,-33,-8,-10,19,18,7,-9,35,25
XP,XP Inc.,19.02,-28,14,5,0,-9,1,20,22,-9,34,25
PSA,Public Storage,288.55,6,2,-17,2,-7,23,-7,16,-1,31,24
HUBS,HubSpot,520.12,9,2,-16,12,7,5,16,-24,20,17,24
OLED,Universal Display Corporation,144.57,43,0,-43,0,0,12,2,16,-6,24,24
LAMR,Lamar Advertising,120.89,-58,26,7,65,40,-50,-2,14,22,-16,24
PODD,Insulet,310.63,-27,0,51,5,29,-27,-6,20,7,-6,23
COLB,Columbia Banking System,25.65,-7,46,0,0,39,-30,-8,11,11,-16,23
PNFP,Pinnacle Financial Partners,94.46,-9,-6,-10,16,-9,12,1,-1,19,31,22
NYT,New York Times Company,57.36,-40,0,8,17,-15,12,-13,16,22,37,22
BA,Boeing,217.08,2,-1,14,0,15,14,-11,16,-12,7,22
AVB,AvalonBay Communities,193.66,0,0,-9,17,8,12,-2,-13,16,13,21
RPRX,Royalty Pharma,35.24,-21,-3,38,0,14,-24,-2,32,1,7,21
VNO,Vornado Realty Trust,40.41,-28,19,4,5,0,-28,19,14,16,21,21
CAR,Avis Budget Group,161.59,39,-2,15,-21,31,-8,16,19,-38,-11,20
OMC,Omnicom Group,79.16,14,34,-33,2,17,8,-7,3,-2,2,19
DOV,Dover Corporation,166.59,-84,-22,-9,107,-8,7,-13,12,20,26,18
CTRA,Coterra,23.64,0,-1,-11,45,33,-5,-6,-18,14,-15,18
REYN,Reynolds Consumer Products,23.84,7,38,-34,0,11,7,1,3,-4,7,18
BXP,"BXP, Inc.",75.36,-21,23,4,0,6,-43,24,16,14,11,17
EQIX,Equinix,781.22,-6,0,-14,35,15,-21,10,-14,27,2,17
AVT,Avnet,51.72,-27,14,7,46,40,-25,-11,16,-3,-23,17
WTM,White Mountains Insurance Group,1682.84,-20,-14,-5,60,21,-18,-17,-26,57,-4,17
TXRH,Texas Roadhouse,166.84,7,-36,-5,65,31,28,-72,-2,32,-14,17
MGM,MGM Resorts International,36.53,12,1,-3,0,10,14,-12,13,-10,5,15
HRB,H&R Block,50.61,0,-78,-7,53,-32,8,-3,-12,53,46,14
CBSH,Commerce Bancshares,59.48,4,-39,0,12,-23,20,-14,16,14,36,13
UWMC,United Wholesale Mortgage,6.22,-45,37,0,0,-8,-15,37,4,-5,21,13
ESTC,Elastic NV,87.01,-1,16,-19,-7,-11,5,22,1,-5,23,12
MANH,Manhattan Associates,207.76,-33,-5,-35,66,-7,2,9,9,-1,19,12
PENN,Penn Entertainment,19.69,18,33,1,-35,17,38,-4,6,-45,-5,12
BILL,Bill.com,54.55,20,22,-30,0,12,12,22,4,-38,0,12
EXAS,Exact Sciences,53.37,2,17,0,-26,-7,19,25,-8,-17,19,12
MKSI,MKS Instruments,122.13,-14,18,3,0,7,-30,29,12,-6,5,12
QS,QuantumScape,12.38,0,9,12,0,21,4,9,14,-37,-10,11
WMS,Advanced Drainage Systems,138.02,-26,39,0,4,17,-26,6,16,-4,-8,9
EW,Edwards Lifesciences,77.19,14,-12,0,-15,-13,30,-10,36,-36,20,7
BURL,Burlington Stores,257.7,-7,0,7,4,4,-13,-12,9,18,2,6
NUE,Nucor,136.07,0,0,0,0,0,10,-9,13,-9,5,5
FCX,Freeport-McMoRan,37.12,-28,-4,-1,59,26,-26,-4,16,-7,-21,5
BLD,TopBuild,392.38,-49,0,8,47,6,1,-11,12,-4,-2,4
LPX,Louisiana-Pacific,85.21,-79,-9,-3,64,-27,7,-9,6,27,31,4
AA,Alcoa,33.88,7,26,-27,-21,-15,12,31,8,-33,18,3
HAL,Halliburton,25.0,39,23,-69,0,-7,-2,21,1,-10,10,3
DOC,Healthpeak Properties,19.02,41,18,-23,-32,4,6,21,-38,10,-1,3
IPGP,IPG Photonics,78.83,-27,96,7,-45,31,7,-2,12,-45,-28,3
HXL,Hexcel,61.62,-4,2,0,0,-2,12,-7,10,-10,5,3
IPG,Interpublic Group of Companies (The),27.1,14,49,-49,0,14,9,-7,4,-18,-12,2
HOG,Harley-Davidson,28.7,-58,34,0,-10,-34,6,31,11,-12,36,2
STAG,STAG Industrial,34.92,-101,-4,0,97,-8,5,-7,16,-5,9,1
GLIBA,GCI Liberty (Series A),36.26,4,0,0,0,4,5,-8,0,0,-3,1
KEX,Kirby Corporation,84.46,-9,-42,-9,36,-24,1,-35,16,43,25,1
SNV,Synovus,49.28,-42,-6,5,22,-21,-6,-1,14,15,22,1
REXR,Rexford Industrial,41.55,-49,82,0,-19,14,-26,33,12,-33,-14,0
LAD,Lithia Motors,321.34,-22,1,-1,15,-7,-21,-1,7,22,7,0
AWK,American Water Works,137.03,3,-16,32,0,19,-11,-16,-2,9,-20,-1
CLX,Clorox,122.96,11,-1,-23,-6,-19,23,13,-33,14,17,-2
RAL,Ralliant,42.8,-4,0,0,0,-4,1,1,0,0,2,-2
ONTO,Onto Innovation,130.52,0,26,-32,0,-6,-21,29,1,-5,4,-2
SWKS,Skyworks Solutions,76.91,-7,19,0,-31,-19,-19,29,13,-6,17,-2
FAF,First American Financial Corporation,63.85,-49,46,8,15,20,-42,-3,3,19,-23,-3
EG,Everest Group,345.47,28,4,-42,56,46,-1,1,-43,-6,-49,-3
ESAB,ESAB,109.57,0,-38,-3,0,-41,12,-8,16,18,38,-3
TPG,TPG Inc.,58.91,-23,0,8,0,-15,-26,8,10,20,12,-3
CCL,Carnival Corporation & plc,29.41,-33,0,23,0,-10,-26,-2,14,20,6,-4
CRM,Salesforce,245.13,0,0,-19,23,4,3,-6,-27,22,-8,-4
CFLT,"Confluent, Inc.",20.11,5,0,-9,0,-4,5,17,-24,1,-1,-5
CTVA,Corteva,67.78,-77,-11,59,0,-29,-2,-3,16,12,23,-6
MDB,MongoDB Inc.,317.0,-58,31,4,-10,-33,6,23,8,-10,27,-6
PK,Park Hotels & Resorts,11.51,-39,34,-32,0,-37,2,26,9,-6,31,-6
CUBE,CubeSmart,40.59,0,0,-29,2,-27,11,-3,16,-3,21,-6
A,Agilent Technologies,123.76,-32,23,-29,0,-38,2,29,7,-6,32,-6
JAZZ,Jazz Pharmaceuticals,129.0,0,37,0,-7,30,-26,29,1,-40,-36,-6
SSD,Simpson Manufacturing Company,167.54,-84,-3,0,157,70,-78,-8,12,-2,-76,-6
MHK,Mohawk Industries,128.09,-63,59,0,-12,-16,6,-3,8,-2,9,-7
LUV,Southwest Airlines,32.77,0,0,7,-40,-33,2,5,14,5,26,-7
RRX,Regal Rexnord,144.24,0,-16,0,4,-12,6,-12,13,-2,5,-7
GTM,ZoomInfo,11.6,-21,14,0,0,-7,2,24,12,-38,0,-7
IDXX,Idexx Laboratories,630.7,-28,2,20,5,-1,2,-15,16,-9,-6,-7
GAP,Gap Inc.,21.33,-27,7,0,19,-1,-17,-1,-9,20,-7,-8
PATH,UiPath,12.55,0,6,-17,0,-11,5,16,-9,-11,1,-10
CPRT,Copart,44.59,-76,-10,-19,177,72,-75,-9,-29,29,-84,-12
GEV,GE Vernova,602.4,-18,0,2,0,-16,-21,8,17,0,4,-12
DPZ,Domino's,434.67,0,-39,-2,11,-30,8,-9,-1,19,17,-13
VFC,VF Corporation,14.44,-7,26,-26,-44,-51,3,24,3,8,38,-13
GME,GameStop,27.19,7,2,0,-31,-22,6,20,-9,-8,9,-13
CR,Crane Co.,181.66,-31,-12,22,0,-21,10,-24,16,6,8,-13
DKNG,DraftKings,42.3,-11,0,0,0,-11,-23,-8,8,21,-2,-13
G,Genpact,42.16,8,-14,-3,4,-5,11,-10,-21,11,-9,-14
CNC,Centene,35.24,35,0,-50,-12,-27,33,27,-19,-29,12,-15
ENTG,Entegris,93.54,0,13,-50,-7,-44,5,25,5,-6,29,-15
CMG,Chipotle Mexican Grill,39.9,13,-47,-12,81,35,8,-48,-10,-1,-51,-16
RITM,Rithm Capital,11.52,-57,-3,23,33,-4,-48,-8,16,27,-13,-17
BSY,Bentley Systems,51.96,-33,-5,15,0,-23,7,-11,16,-7,5,-18
TTC,Toro Company (The),76.14,-49,53,-2,-1,1,2,-7,7,-21,-19,-18
SOLV,Solventum,72.21,-28,-4,0,0,-32,4,-3,12,0,13,-19
SLM,Sallie Mae,28.04,-21,-31,0,23,-29,-31,-31,50,22,10,-19
MDLZ,Mondelez International,62.64,-5,-3,0,0,-8,-12,10,-1,-10,-13,-21
GLIBK,GCI Liberty (Series C),36.06,7,0,0,0,7,-16,-12,0,0,-28,-21
IOT,Samsara,37.2,-32,0,-16,0,-48,11,17,-23,21,26,-22
CZR,Caesars Entertainment,27.85,34,1,-32,-26,-23,31,4,4,-38,1,-22
DOCU,DocuSign,82.12,-21,10,0,-13,-24,-21,18,-8,12,1,-23
VLTO,Veralto,105.11,-50,0,8,0,-42,5,-3,15,0,17,-25
TKR,Timken Company,75.28,-33,-1,-1,5,-30,1,-3,13,-6,5,-25
EQR,Equity Residential,64.11,-21,0,-2,14,-9,-20,-2,-9,14,-17,-26
AMTM,Amentum,22.78,0,-9,0,0,-9,-12,-23,16,0,-19,-28
EIX,Edison International,55.23,0,2,-38,0,-36,6,-2,6,-2,8,-28
OLN,Olin Corporation,24.44,0,26,-66,-10,-50,16,26,4,-24,22,-28
NXST,Nexstar Media Group,197.88,-29,0,15,5,-9,-33,-10,13,11,-19,-28
CSGP,CoStar Group,84.23,-46,-4,12,15,-23,3,-27,29,-10,-5,-28
AGCO,AGCO,107.97,-29,-1,13,0,-17,7,-21,17,-14,-11,-28
OKE,Oneok,73.09,2,-41,-19,55,-3,-5,-41,-31,52,-25,-28
AS,Amer Sports,34.62,-42,-7,10,0,-39,7,-13,16,0,10,-29
LNW,Light & Wonder,85.58,-49,-1,-9,58,-1,-24,-9,-21,26,-28,-29
DUOL,Duolingo,328.71,42,-63,0,0,-21,51,-77,-7,24,-9,-30
HOLX,Hologic,67.15,4,0,-41,0,-37,5,1,9,-8,7,-30
CERT,"Certara, Inc.",12.18,9,13,-21,0,1,8,7,-13,-33,-31,-30
UNH,UnitedHealth Group,345.06,0,19,-24,-5,-10,-13,31,-37,-2,-21,-31
VVV,Valvoline,35.9,-49,-3,-1,32,-21,-50,32,13,-5,-10,-31
OKTA,"Okta, Inc.",93.86,7,0,-4,-25,-22,6,-14,-9,7,-10,-32
FTV,Fortive,48.92,4,0,-27,0,-23,7,13,-23,-6,-9,-32
NOV,NOV Inc.,13.26,30,5,-61,-13,-39,-4,19,7,-16,6,-33
DLB,Dolby Laboratories,72.41,4,-5,-9,0,-10,9,-15,-26,9,-23,-33
NIQ,NIQ Global Intelligence,15.83,-49,0,0,0,-49,1,14,0,0,15,-34
SBUX,Starbucks,85.65,4,-19,-7,0,-22,3,-27,4,8,-12,-34
SARO,StandardAero,26.48,-30,-33,0,0,-63,6,7,16,0,29,-34
QRVO,Qorvo,90.46,-6,10,0,-32,-28,-18,2,15,-6,-7,-35
TTEK,Tetra Tech,33.64,-41,-7,-35,120,37,-50,-33,12,-2,-73,-36
HLNE,Hamilton Lane,138.95,-28,-4,-4,26,-10,-28,-19,-1,22,-26,-36
AES,AES Corporation,13.16,0,0,0,-12,-12,6,-18,12,-25,-25,-37
OWL,Blue Owl Capital,17.57,-28,-28,-10,0,-66,2,-4,8,22,28,-38
FCN,FTI Consulting,161.24,6,-14,-43,0,-51,20,-8,6,-6,12,-39
PAYX,Paychex,128.51,-140,-43,-2,168,-17,6,-36,-7,15,-22,-39
DECK,Deckers Brands,103.27,-53,-3,-30,94,8,-50,-3,-26,32,-47,-39
CHE,Chemed Corporation,451.28,0,0,-17,0,-17,10,-8,-15,-9,-22,-39
PB,Prosperity Bancshares,65.98,0,-44,-10,15,-39,-5,-10,-1,15,-1,-40
S,SentinelOne,18.08,-26,0,-31,0,-57,1,18,-1,-2,16,-41
ALSN,Allison Transmission,84.38,-33,-7,-11,36,-15,-31,-3,-27,35,-26,-41
PYPL,PayPal,69.67,7,-32,-9,-40,-74,7,5,9,10,31,-43
XYZ,"Block, Inc.",75.39,-21,1,-1,-37,-58,2,-12,10,14,14,-44
SJM,J.M. Smucker Company (The),107.4,0,0,0,-5,-5,-12,-8,4,-24,-40,-45
MSTR,MicroStrategy,326.42,-30,-32,-1,20,-43,3,-42,16,21,-2,-45
GTLB,GitLab,46.84,-31,16,-27,0,-42,2,23,-26,-2,-3,-45
DVA,DaVita,130.61,0,-25,-9,21,-13,-15,-11,-26,20,-32,-45
HPQ,HP Inc.,26.91,-26,34,-31,0,-23,-24,-2,5,-2,-23,-46
PINS,Pinterest,33.31,-40,-6,-1,-1,-48,2,-6,12,-6,2,-46
ACHC,Acadia Healthcare,24.54,28,12,-54,-12,-26,41,4,-48,-17,-20,-46
OSK,Oshkosh Corporation,128.88,-80,0,17,5,-58,6,-12,14,3,11,-47
EL,Estée Lauder Companies (The),89.14,7,0,0,-27,-20,7,-13,14,-36,-28,-48
MAS,Masco,70.04,-58,0,-3,66,5,-76,-7,7,22,-54,-49
TRU,TransUnion,85.22,-43,-7,-1,0,-51,-44,16,14,15,1,-50
CCI,Crown Castle,96.19,14,-24,-2,-29,-41,21,-35,-1,6,-9,-50
CUZ,Cousins Properties,28.26,-49,0,0,12,-37,-44,-1,16,14,-15,-52
GNRC,Generac,165.84,-35,0,9,-35,-61,1,-17,13,11,8,-53
MASI,Masimo,142.84,0,-38,-5,-7,-50,8,-2,-21,11,-4,-54
SFD,Smithfield Foods,23.39,-21,-8,0,0,-29,-18,-17,10,0,-25,-54
HAYW,Hayward Holdings,14.92,-84,0,0,0,-84,7,-9,14,17,29,-55
CI,Cigna,286.62,-77,0,-3,59,-21,-20,-3,-9,-2,-34,-55
MTDR,Matador Resources,45.63,-7,-1,-35,0,-43,-5,-9,9,-7,-12,-55
APD,Air Products,270.5,-36,-5,-1,17,-25,-39,-10,8,11,-30,-55
KIM,Kimco Realty,21.67,-97,34,0,56,-7,-75,-3,14,15,-49,-56
CPT,Camden Property Trust,106.48,-22,-4,-1,0,-27,-27,-5,-9,12,-29,-56
PEN,"Penumbra, Inc.",251.57,-82,22,0,12,-48,6,-6,-12,4,-8,-56
RYAN,Ryan Specialty,55.88,47,-67,-9,0,-29,35,-73,-15,26,-27,-56
CPAY,Corpay,295.84,-55,-41,-4,22,-78,6,-10,-1,26,21,-57
AUR,Aurora Innovation,5.53,-21,-3,-7,0,-31,-23,4,-24,16,-27,-58
JBHT,J. B. Hunt,134.83,0,-22,-37,-1,-60,22,-15,6,-11,2,-58
LBRDK,Liberty Broadband (Series C),63.52,17,-46,-9,-37,-75,12,3,-9,9,15,-60
LBRDA,Liberty Broadband (Series A),63.33,17,-46,-9,-37,-75,12,3,-9,9,15,-60
TTD,Trade Desk (The),49.65,20,-36,-33,-2,-51,12,-28,7,-1,-10,-61
LBTYK,Liberty Global (Series C),11.82,-2,41,-46,-31,-38,8,-1,5,-37,-25,-63
BIRK,Birkenstock,44.72,-28,-17,-5,0,-50,9,-15,-7,0,-13,-63
HSIC,Schein (Henry),66.04,-24,-4,-11,-1,-40,-21,-5,-1,4,-23,-63
CIVI,Civitas Resources,31.89,-7,35,-61,-1,-34,-15,-9,5,-10,-29,-63
IP,International Paper,46.1,-32,-20,0,17,-35,-42,-12,9,17,-28,-63
ARW,Arrow Electronics,120.58,-63,-9,7,0,-65,4,-9,16,-9,2,-63
PCG,PG&E Corporation,15.06,4,2,-36,2,-28,7,-5,-35,-2,-35,-63
ONON,On Holding AG,43.61,-15,-42,-5,0,-62,-21,1,-2,21,-1,-63
ON,ON Semiconductor,49.75,-2,-22,-43,-2,-69,2,8,12,-16,6,-63
NSA,National Storage Affiliates,30.32,0,0,-21,-5,-26,14,-7,-42,-2,-37,-63
ZBRA,Zebra Technologies,296.9,-30,-6,-8,-8,-52,-40,5,10,14,-11,-63
GPN,Global Payments,86.35,0,49,-33,-40,-24,-25,-8,4,-11,-40,-64
GEHC,GE HealthCare,73.1,-53,-3,-26,0,-82,6,-3,5,9,17,-65
RLI,RLI Corp.,64.4,-100,-81,-16,177,-20,6,-15,-35,-1,-45,-65
MCHP,Microchip Technology,64.05,-21,-16,0,0,-37,-21,-17,16,-8,-30,-67
TAP,Molson Coors,45.77,0,-14,-19,-1,-34,7,-16,-20,-4,-33,-67
LBTYA,Liberty Global (Series A),11.6,-34,41,-46,-32,-71,8,-1,7,-11,3,-68
SLB,Schlumberger,35.1,14,2,-76,0,-60,32,-2,-27,-11,-8,-68
TSN,Tyson Foods,53.95,0,-3,-7,-29,-39,-12,-12,-17,12,-29,-68
DG,Dollar General,102.95,-10,-7,0,-18,-35,-12,-22,28,-27,-33,-68
PAYC,Paycom,218.03,0,-25,25,-25,-25,6,-28,16,-38,-44,-69
BALL,Ball Corporation,49.6,0,-31,-9,-12,-52,12,-39,16,-6,-17,-69
UHAL,U-Haul,57.61,15,-44,-21,0,-50,1,-8,-34,21,-20,-70
CHDN,Churchill Downs Incorporated,98.27,14,-21,-37,0,-44,6,-38,8,-2,-26,-70
CL,Colgate-Palmolive,80.42,0,-58,-12,24,-46,-12,-19,-20,27,-24,-70
SWK,Stanley Black & Decker,73.91,-43,63,-35,-40,-55,-50,32,5,-3,-16,-71
GFS,GlobalFoundries,37.04,14,1,-88,0,-73,12,2,6,-18,2,-71
WAT,Waters Corporation,289.39,-30,-1,-11,-1,-43,-44,26,-26,15,-29,-72
NVST,Envista,20.24,-32,0,10,0,-22,-26,-3,12,-33,-50,-72
QGEN,Qiagen,43.94,-30,-14,18,0,-26,-31,-37,16,6,-46,-72
ST,Sensata Technologies,30.41,-34,0,0,-16,-50,6,-8,14,-36,-24,-74
VTRS,Viatris,9.61,-34,0,-3,-1,-38,-32,-10,8,-2,-36,-74
ADC,Agree Realty,70.53,-68,-10,0,17,-61,8,-24,-11,14,-13,-74
CHRD,Chord Energy,101.1,-7,-1,-56,0,-64,-3,-10,10,-7,-10,-74
CHTR,Charter Communications,276.17,17,-46,-10,-37,-76,12,2,-10,-2,2,-74
CNXC,Concentrix,47.83,-14,-2,-1,0,-17,-37,17,-4,-34,-58,-75
LEA,Lear Corporation,100.1,-88,34,0,-18,-72,1,-4,15,-16,-4,-76
ABNB,Airbnb,122.9,-24,-37,-9,0,-70,5,-11,6,-6,-6,-76
SLGN,Silgan Holdings,42.74,0,-43,-9,0,-52,7,-43,-3,14,-25,-77
BBWI,"Bath & Body Works, Inc.",26.07,-7,-16,-31,-16,-70,11,-9,-2,-7,-7,-77
PRMB,Primo Brands,22.26,0,-83,-4,23,-64,-6,-11,-16,19,-14,-78
TWLO,Twilio,104.33,-27,-36,0,-35,-98,2,-6,12,12,20,-78
AKAM,Akamai Technologies,76.2,0,2,-32,-8,-38,7,-4,-32,-11,-40,-78
ISRG,Intuitive Surgical,439.12,-2,-43,-9,23,-31,-19,-51,-4,27,-47,-78
AMT,American Tower,194.6,3,-39,-3,-1,-40,-11,-38,-1,12,-38,-78
ADBE,Adobe Inc.,359.29,2,0,-42,-7,-47,8,12,-46,-6,-32,-79
DAR,Darling Ingredients,30.66,-7,-1,-12,-21,-41,-7,-14,14,-31,-38,-79
TGT,Target Corporation,88.83,1,-22,-37,-12,-70,22,-28,4,-7,-9,-79
CART,Maplebear Inc.,37.92,-62,-13,0,0,-75,-14,-3,13,0,-4,-79
ALGM,Allegro MicroSystems,29.15,-21,-7,17,0,-11,-23,-43,14,-17,-69,-80
BAH,Booz Allen Hamilton,98.89,-74,-20,-36,102,-28,6,-19,-38,-2,-53,-81
RNG,RingCentral,30.75,-35,33,-32,-42,-76,5,30,6,-46,-5,-81
SN,SharkNinja,106.09,-42,0,14,0,-28,-40,-28,13,2,-53,-81
KNX,Knight-Swift,40.15,0,-25,-31,-3,-59,2,-9,-1,-14,-22,-81
KD,Kyndryl,30.12,-34,-39,-2,0,-75,-21,-4,-3,21,-7,-82
EEFT,Euronet Worldwide,88.95,0,-43,-9,-4,-56,9,-43,-6,14,-26,-82
ELV,Elevance Health,319.69,0,0,-50,-3,-53,-15,5,-16,-4,-30,-83
LII,Lennox International,520.91,-84,-25,-3,39,-73,1,-38,-1,28,-10,-83
VKTX,Viking Therapeutics,25.81,0,-29,-46,22,-53,-16,-21,11,-7,-33,-86
TROW,T. Rowe Price,103.52,-32,0,0,-26,-58,-32,-9,12,-1,-30,-88
LW,Lamb Weston,55.7,0,2,-78,-9,-85,8,-5,9,-15,-3,-88
MPW,Medical Properties Trust,4.96,-6,17,3,-37,-23,-40,23,-13,-36,-66,-89
RGEN,Repligen,124.16,0,2,-22,-18,-38,7,5,-26,-38,-52,-90
ACN,Accenture,247.11,7,-58,-29,-1,-81,7,-12,-25,20,-10,-91
CROX,Crocs,83.79,11,-37,-48,-2,-76,11,-10,-10,-6,-15,-91
CDW,CDW,162.2,-7,-39,-48,0,-94,7,-4,8,-9,2,-92
FOUR,Shift4,79.02,-42,-39,-6,0,-87,-28,-10,6,25,-7,-94
ARE,Alexandria Real Estate Equities,84.43,-21,34,-43,-31,-61,-21,23,1,-36,-33,-94
MTCH,Match Group,36.49,-38,1,10,-38,-65,2,-4,11,-39,-30,-95
CCCS,CCC Intelligent Solutions,9.29,-54,-6,-34,0,-94,5,-8,8,-7,-2,-96
MAA,Mid-America Apartment Communities,138.64,-21,-43,-3,0,-67,-21,-6,-14,12,-29,-96
CTSH,Cognizant,67.08,-45,-43,-9,15,-82,-17,-8,-9,19,-15,-97
FI,Fiserv,130.46,-54,-56,-20,36,-94,6,-16,-21,28,-3,-97
CACC,Credit Acceptance,449.61,-33,-3,-1,-1,-38,-42,-8,-4,-6,-60,-98
WH,Wyndham Hotels & Resorts,80.94,-80,-9,-9,12,-86,-19,-14,4,16,-13,-99
DHR,Danaher Corporation,186.07,-37,-15,-35,-1,-88,3,-18,9,-5,-11,-99
PEP,PepsiCo,140.18,-20,0,-48,0,-68,-12,-11,5,-14,-32,-100
TYL,Tyler Technologies,529.45,-98,-26,0,18,-106,8,-28,7,19,6,-100
IAC,IAC Inc.,35.14,-42,-7,-8,-32,-89,12,18,-3,-39,-12,-101
WY,Weyerhaeuser,24.85,1,-12,-29,0,-40,4,-16,-41,-9,-62,-102
WING,Wingstop,251.84,-137,-18,-3,39,-119,1,-31,14,32,16,-103
MTN,Vail Resorts,148.08,7,-17,-39,-24,-73,7,-12,12,-37,-30,-103
TECH,Bio-Techne,52.23,-28,-4,-33,-25,-90,4,-12,1,-7,-14,-104
KMPR,Kemper Corporation,51.57,-82,-3,-12,-1,-98,-5,-8,-9,15,-7,-105
QXO,"QXO, Inc.",18.74,-50,-6,0,-15,-71,-42,-4,19,-7,-34,-105
CNH,CNH Industrial,10.91,-27,-32,-3,0,-62,1,-48,-1,3,-45,-107
FIS,Fidelity National Information Services,65.8,2,-39,-8,-38,-83,8,-41,-3,12,-24,-107
LINE,"Lineage, Inc.",39.0,-53,-37,0,0,-90,9,10,-37,0,-18,-108
MIDD,Middleby,133.52,-89,0,-9,0,-98,5,-7,-22,14,-10,-108
UHAL-B,U-Haul (Series N),51.65,6,-44,-29,0,-67,12,-8,-43,-2,-41,-108
KBR,"KBR, Inc.",46.95,-21,-3,-36,0,-60,-19,-13,-14,-2,-48,-108
OGN,Organon & Co.,10.35,-29,17,-35,0,-47,-27,19,-48,-5,-61,-108
WEX,WEX Inc.,160.44,-59,0,-49,0,-108,5,-7,10,-9,-1,-109
SW,Smurfit Westrock,42.2,-105,-12,-3,17,-103,-24,-6,6,18,-6,-109
LULU,Lululemon Athletica,179.04,42,-79,-17,-4,-58,5,-17,-26,-13,-51,-109
NCNO,nCino,27.98,-36,0,-32,0,-68,-46,-5,11,-2,-42,-110
DLTR,Dollar Tree,94.21,-49,-16,0,-16,-81,-12,-25,31,-23,-29,-110
SRPT,Sarepta Therapeutics,18.83,5,0,-35,-8,-38,6,-16,-56,-7,-73,-111
KDP,Keurig Dr Pepper,25.66,-42,-25,-5,-1,-73,-42,-19,24,-1,-38,-111
SIRI,Sirius XM,22.67,-85,24,-3,-32,-96,2,-5,6,-18,-15,-111
GDDY,GoDaddy,141.82,-35,-57,-9,23,-78,-27,-4,-25,23,-33,-111
RARE,Ultragenyx,30.33,7,0,-33,-39,-65,6,-8,-41,-4,-47,-112
IRDM,Iridium Communications,17.29,-10,-42,-10,-20,-82,-1,-8,-1,-20,-30,-112
COO,Cooper Companies (The),67.64,0,-22,-33,-6,-61,7,-17,-38,-4,-52,-113
PCTY,Paylocity,162.55,-33,-25,-4,-4,-66,-21,-29,-3,6,-47,-113
TMO,Thermo Fisher Scientific,463.7,-39,0,-28,0,-67,-38,-8,1,-4,-49,-116
MKC,McCormick & Company,66.8,2,-58,-12,-3,-71,20,-57,-20,11,-46,-117
TDC,Teradata,22.18,0,9,-85,-18,-94,-18,11,1,-17,-23,-117
PFE,Pfizer,23.85,-21,-7,-5,-24,-57,-31,-15,13,-29,-62,-119
GIS,General Mills,49.65,-1,-1,-47,-5,-54,-15,13,-43,-20,-65,-119
FND,Floor & Decor,75.21,-48,-3,-41,-7,-99,-50,32,4,-7,-21,-120
DOX,Amdocs,81.44,-35,-35,-1,0,-71,-32,-22,-1,6,-49,-120
YETI,Yeti Holdings,34.12,-48,-1,-41,-7,-97,-21,-1,10,-11,-23,-120
CPB,Campbell Soup Company,30.86,-21,-1,-38,-7,-67,-17,13,-45,-6,-55,-122
MTD,Mettler Toledo,1191.28,-40,-3,-29,0,-72,-44,-11,10,-6,-51,-123
IQV,IQVIA,180.73,-31,0,-46,-1,-78,-42,-4,8,-7,-45,-123
DXCM,Dexcom,66.46,-69,-25,-5,-15,-114,-7,-8,16,-10,-9,-123
OC,Owens Corning,141.03,-74,-1,-30,59,-46,-74,-8,5,-1,-78,-124
AMCR,Amcor,8.14,-40,-32,-7,0,-79,6,-41,-7,-3,-45,-124
BMY,Bristol Myers Squibb,44.12,-82,-7,-6,-6,-101,2,-11,-20,6,-23,-124
SAIA,Saia,294.7,-42,-4,-32,0,-78,-50,11,-1,-6,-46,-124
AXTA,Axalta,28.02,-80,-5,-22,23,-84,2,-7,-35,-1,-41,-125
IEX,IDEX Corporation,162.28,0,-43,-34,-3,-80,8,-14,-34,-7,-47,-127
JHX,James Hardie Industries,18.81,-34,-28,-33,-2,-97,4,-24,-6,-4,-30,-127
CARR,Carrier Global,59.12,-94,-40,-5,0,-139,4,-36,16,27,11,-128
SON,Sonoco,42.77,-51,-5,-2,-1,-59,-66,-2,13,-15,-70,-129
PPC,Pilgrim's Pride,40.21,-105,-17,0,22,-100,-14,-24,-10,19,-29,-129
ODFL,Old Dominion Freight Line,141.02,0,-43,-32,0,-75,2,-17,-37,-2,-54,-129
BDX,Becton Dickinson,184.05,-43,0,-34,-6,-83,6,-12,-25,-16,-47,-130
INGR,Ingredion,121.12,-112,-41,-4,35,-122,-54,-11,-2,57,-10,-132
REGN,Regeneron Pharmaceuticals,560.63,-32,0,-47,0,-79,-35,-16,2,-5,-54,-133
ATR,AptarGroup,132.28,-98,-41,-9,21,-127,6,-38,-1,26,-7,-134
KMB,Kimberly-Clark,122.66,-84,-12,-5,19,-82,-43,-19,-17,27,-52,-134
CRL,Charles River Laboratories,146.99,-34,-12,-60,-27,-133,2,-6,12,-9,-1,-134
BLDR,Builders FirstSource,119.64,-77,-6,-34,66,-51,-77,-8,6,-4,-83,-134
POOL,Pool Corporation,310.98,-48,-4,-29,-7,-88,-50,10,3,-10,-47,-135
RH,RH,197.89,-42,-2,-30,-8,-82,-50,-7,4,-1,-54,-136
UDR,"UDR, Inc.",36.92,-84,-42,-4,-1,-131,2,-10,-11,14,-5,-136
BJ,BJ's Wholesale Club,93.81,-49,-64,-1,11,-103,-54,-31,-8,59,-34,-137
SAIC,SAIC,97.69,-60,-18,-4,0,-82,-36,-18,-1,-2,-57,-139
FRPT,Freshpet,52.43,0,-74,-30,-7,-111,7,-31,-26,20,-30,-141
EMN,Eastman Chemical Company,62.69,-58,-6,-27,-2,-93,2,-8,-41,-3,-50,-143
TEAM,Atlassian,165.31,-58,-57,-12,-7,-134,7,-5,-24,12,-10,-144
ALK,Alaska Air Group,50.45,-78,-3,-1,0,-82,-75,-3,4,10,-64,-146
CMCSA,Comcast,31.48,-9,-44,-41,-10,-104,-24,-8,-8,-9,-49,-153
HUM,Humana,255.35,-101,0,-2,-13,-116,-13,-8,2,-21,-40,-156
DOW,Dow Inc.,22.91,-55,-6,-49,-2,-112,6,22,-64,-9,-45,-157
BIO,Bio-Rad Laboratories,269.01,-27,0,-33,-29,-89,-31,-8,7,-38,-70,-159
BIIB,Biogen,138.5,-49,33,-90,-28,-134,-49,40,3,-19,-25,-159
CAVA,Cava Group,58.78,-21,-33,-20,0,-74,-19,-37,-34,3,-87,-161
BMRN,BioMarin Pharmaceutical,54.03,0,-16,-56,-21,-93,6,-30,-21,-23,-68,-161
BEN,Franklin Templeton Investments,23.35,-119,-3,14,0,-108,-32,-14,16,-23,-53,-161
MRNA,Moderna,25.31,0,-38,-61,-5,-104,-21,2,-1,-40,-60,-164
ILMN,"Illumina, Inc.",91.84,-29,-4,-34,-41,-108,-32,9,8,-41,-56,-164
KHC,Kraft Heinz,25.7,-20,-16,-48,-1,-85,-15,-34,-20,-11,-80,-165
UA,Under Armour (Class C),4.86,12,-36,-34,-38,-96,8,-38,-1,-38,-69,-165
EPAM,EPAM Systems,154.38,-21,-14,-32,-28,-95,2,-12,-23,-38,-71,-166
HRL,Hormel Foods,24.62,0,-52,-16,-24,-92,7,-48,-3,-31,-75,-167
UAA,Under Armour (Class A),4.99,14,-36,-34,-45,-101,8,-38,-1,-38,-69,-170
SBAC,SBA Communications,196.11,-20,-39,-5,-21,-85,-49,-39,-4,6,-86,-171
KVUE,Kenvue,16.33,-61,-25,-4,0,-90,-42,-35,-9,4,-82,-172
INVH,Invitation Homes,29.02,-78,-47,-14,0,-139,-28,-12,-9,15,-34,-173
STZ,Constellation Brands,136.48,3,-25,-51,-4,-77,6,-28,-67,-9,-98,-175
SITE,SiteOne Landscape Supply,127.83,-97,-4,-2,-10,-113,-54,-8,9,-9,-62,-175
ZBH,Zimmer Biomet,98.25,-31,0,-3,-18,-52,-26,-10,-70,-19,-125,-177
MAN,ManpowerGroup,38.08,0,-24,-52,-29,-105,32,-16,-52,-37,-73,-178
PPG,PPG Industries,103.99,-36,-6,-52,-9,-103,-70,-12,16,-9,-75,-178
MORN,"Morningstar, Inc.",233.96,-78,-42,-26,29,-117,-2,-55,-4,-1,-62,-179
MAT,Mattel,16.97,-98,-16,-10,0,-124,-29,-8,13,-32,-56,-180
TW,Tradeweb,111.35,-126,-38,-4,1,-167,-2,-34,-5,24,-17,-184
DXC,DXC Technology,13.63,-8,0,-31,-74,-113,7,-7,-38,-35,-73,-186
AVTR,Avantor,11.84,-43,-5,-35,0,-83,-42,-10,-46,-6,-104,-187
GMED,Globus Medical,56.44,-140,-8,-21,-1,-170,6,-10,-26,13,-17,-187
BFAM,Bright Horizons,108.56,-168,-15,-5,0,-188,8,-21,-2,16,1,-187
SNDR,Schneider National,21.08,-60,-22,-11,-1,-94,-76,-16,-1,-1,-94,-188
TREX,"Trex Company, Inc.",51.39,-100,-12,-60,-14,-186,4,-8,8,-7,-3,-189
ELS,Equity Lifestyle Properties,59.51,-57,-8,-27,0,-92,-68,12,-38,-4,-98,-190
ENPH,Enphase Energy,36.06,-31,0,-52,-21,-104,-26,23,-59,-25,-87,-191
CAG,Conagra Brands,18.01,-58,-11,-38,-8,-115,-17,-15,-20,-24,-76,-191
RVTY,Revvity,84.2,-28,-43,-26,-25,-122,5,-48,-31,4,-70,-192
GLOB,Globant,59.93,13,-93,-32,-8,-120,9,-41,-32,-8,-72,-192
MRK,Merck & Co.,78.58,-82,-4,-53,-1,-140,-40,-10,1,-7,-56,-196
CAI,Caris Life Sciences,30.0,-140,0,0,0,-140,-47,-10,0,0,-57,-197
AVY,Avery Dennison,160.33,-58,-25,-41,0,-124,-50,-16,-1,-6,-73,-197
BROS,Dutch Bros. Coffee,52.57,-117,-11,-1,0,-129,-76,-11,6,12,-69,-198
FBIN,Fortune Brands Innovations,53.15,-76,-5,-32,-6,-119,-76,-8,5,-3,-82,-201
FDS,FactSet,290.71,-98,-50,-11,-1,-160,8,-46,-9,-2,-49,-209
LSTR,Landstar,121.5,-60,-44,-41,-1,-146,2,-9,-48,-8,-63,-209
TFX,Teleflex,120.64,-74,2,-48,-40,-160,5,-3,-44,-11,-53,-213
CLVT,Clarivate,3.79,-79,-7,-83,-7,-176,1,-7,9,-43,-40,-216
CE,Celanese,40.85,-53,-36,-49,-11,-149,-50,-6,-3,-10,-69,-218
MKTX,MarketAxess,177.54,-6,-46,-34,-30,-116,11,-61,-8,-45,-103,-219
LKQ,LKQ Corporation,30.42,-76,-11,-12,-3,-102,-76,-4,-20,-18,-118,-220
AMH,American Homes 4 Rent,32.47,-138,-43,-14,69,-126,-98,-12,-2,16,-96,-222
SMG,Scotts Miracle-Gro Company,55.81,-58,-22,-28,-40,-148,-76,-8,12,-2,-74,-222
ZTS,Zoetis,143.1,-140,-15,-41,-4,-200,8,-16,-8,-6,-22,-222
BRBR,BellRing Brands,36.76,0,-101,-19,0,-120,-12,-93,-25,28,-102,-222
APLS,Apellis Pharmaceuticals,22.65,-111,-4,-76,-17,-208,5,-8,7,-19,-15,-223
DJT,Trump Media & Technology Group,16.91,-24,-84,-62,0,-170,2,-15,-30,-10,-53,-223
COTY,Coty,4.01,-43,-29,-70,-8,-150,6,2,-72,-10,-74,-224
PRGO,Perrigo,21.73,4,-38,-8,-114,-156,6,-11,-8,-56,-69,-225
SAM,Boston Beer Company,215.21,-37,19,-41,-38,-97,-41,-8,-37,-45,-131,-228
WLK,Westlake Corporation,77.01,-58,-3,-46,-1,-108,-50,-6,-58,-7,-121,-229
KMX,CarMax,45.25,-58,-7,-25,-37,-127,-67,-5,-29,-1,-102,-229
JKHY,Jack Henry & Associates,151.21,-58,-42,-9,-1,-110,-53,-73,-9,12,-123,-233
NKE,"Nike, Inc.",69.55,-145,0,-4,-22,-171,-28,-15,13,-37,-67,-238
SFM,Sprouts Farmers Market,109.42,-174,-45,-1,47,-173,-75,-43,-5,58,-65,-238
DV,DoubleVerify,12.14,-126,-15,-76,0,-217,1,-17,5,-11,-22,-239
INSP,Inspire Medical Systems,75.58,-47,-94,-29,-7,-177,-1,-11,-34,-18,-64,-241
ASH,Ashland Global,47.61,-84,-7,-47,-10,-148,-76,-11,5,-11,-93,-241
BRKR,Bruker,30.9,-27,-42,-66,-9,-144,-24,7,-70,-10,-97,-241
BF-B,Brown–Forman (Class B),27.07,-2,-19,-109,-19,-149,-13,-13,-41,-29,-96,-245
WHR,Whirlpool Corporation,78.4,-79,-9,-11,-27,-126,-76,-6,-2,-37,-121,-247
NWL,Newell Brands,5.08,-93,-3,-33,-32,-161,-50,-6,4,-37,-89,-250
FMC,FMC Corporation,33.51,-52,-22,-46,-25,-145,-68,-12,-1,-27,-108,-253
CHH,Choice Hotels,108.42,-154,-38,-9,0,-201,-12,-39,-23,15,-59,-260
COLM,Columbia Sportswear,51.63,-100,-3,-27,-7,-137,-110,-7,-22,14,-125,-262
GPK,Graphic Packaging,19.31,-168,-22,-25,0,-215,8,-19,-38,-1,-50,-265
BF-A,Brown–Forman (Class A),26.78,-43,-16,-108,-19,-186,6,-13,-48,-25,-80,-266
WSC,WillScot Mobile Mini,20.7,-55,-41,-71,-7,-174,-50,-35,4,-13,-94,-268
ACI,Albertsons,17.49,-140,-54,-3,0,-197,-50,-16,-9,1,-74,-271
WU,Western Union,8.01,-98,-3,-29,-47,-177,-19,-8,-64,-6,-97,-274
ALGN,Align Technology,126.36,-86,-42,-73,-26,-227,5,-16,-9,-39,-59,-286
UPS,United Parcel Service,84.5,-27,-44,-112,-17,-200,4,-16,-40,-35,-87,-287
AAL,American Airlines Group,11.39,-111,-3,-27,-77,-218,-28,-9,5,-40,-72,-290
LYB,LyondellBasell,49.08,-76,-41,-50,-6,-173,-50,-6,-64,-8,-128,-301
IFF,International Flavors & Fragrances,60.96,-84,-43,-29,-32,-188,-73,-9,-41,-2,-125,-313
HUN,Huntsman Corporation,8.88,-84,-7,-51,-16,-158,-110,-7,-46,-34,-197,-355
BAX,Baxter International,22.39,-69,-58,-29,-39,-195,-89,-11,-20,-42,-162,-357
XRAY,Dentsply Sirona,12.6,-99,-42,-87,-43,-271,-50,-7,-1,-41,-99,-370
FLO,Flowers Foods,12.68,-100,-31,-43,-9,-183,-96,-24,-63,-24,-207,-390
RHI,Robert Half,34.29,-58,-171,-35,-10,-274,-50,-8,-33,-33,-124,-398
COLD,Americold,12.49,-58,-125,-47,-12,-242,-54,-67,-47,-16,-184,-426
WEN,Wendy's Company (The),9.13,-140,-67,-43,-9,-259,-105,-14,-38,-16,-173,-432
