Symbol,Name,Close,1H Cloud Score,1D Cloud Score,1W Cloud Score,1M Cloud Score,Cloud Score Sum,1H TKx Score,1D TKx Score,1W TKx Score,1M TKx Score,TKx Score Sum,Total Score Sum
TJX,TJX Companies,136.64,0,20,150,198,368,16,24,119,193,352,720
ORLY,O'Reilly Auto Parts,103.68,21,31,165,199,416,23,37,56,89,205,621
LYV,Live Nation Entertainment,166.49,112,78,96,147,433,42,16,11,16,85,518
JPM,JPMorgan Chase,301.46,42,79,125,158,404,47,4,12,26,89,493
RTX,RTX Corporation,158.61,54,76,79,54,263,47,82,86,14,229,492
WELL,Welltower,168.29,28,74,118,58,278,19,35,135,24,213,491
RBC,RBC Bearings,389.94,-7,81,95,164,333,-10,90,16,57,153,486
COOP,Mr. Cooper Group,188.52,-14,77,121,58,242,-16,76,119,56,235,477
AZO,AutoZone,4205.68,70,30,96,86,282,25,37,56,57,175,457
TIGO,Millicom,48.3,119,157,79,2,357,12,42,26,16,96,453
MSI,Motorola Solutions,472.39,14,32,3,153,202,17,42,3,185,247,449
AAPL,Apple Inc.,232.27,21,44,0,251,316,33,12,4,71,120,436
MS,Morgan Stanley,150.51,42,77,78,64,261,47,88,12,16,163,424
SGI,Somnigroup International,83.97,114,77,43,64,298,-2,90,12,26,126,424
WM,"Waste Management, Inc.",226.41,-35,-6,97,187,243,3,-12,29,159,179,422
RCL,Royal Caribbean Group,362.93,75,77,123,28,303,70,5,12,27,114,417
BK,BNY Mellon,105.61,41,79,96,40,256,47,83,12,19,161,417
ORI,Old Republic International,39.98,10,14,149,58,231,-1,12,119,55,185,416
CDNS,Cadence Design Systems,350.53,1,46,19,141,207,9,-2,12,180,199,406
GOOGL,Alphabet (Class A),213.04,42,66,10,176,294,44,40,7,21,112,406
FAST,Fastenal,49.67,0,99,125,106,330,-7,43,12,26,74,404
GOOG,Alphabet (Class C),213.66,42,66,9,176,293,44,40,6,21,111,404
MCD,McDonald's,313.58,0,13,54,242,309,2,33,-6,57,86,395
GD,General Dynamics,324.63,51,99,10,54,214,54,54,12,57,177,391
RSG,Republic Services,234.1,0,-23,126,177,280,1,-48,-3,160,110,390
GS,Goldman Sachs,744.73,41,77,94,58,270,-2,88,12,21,119,389
MA,Mastercard,595.48,6,22,128,155,311,9,29,12,26,76,387
WRB,W. R. Berkley Corporation,71.73,1,3,96,176,276,4,16,26,55,101,377
BPOP,"Popular, Inc.",125.65,114,84,19,59,276,58,12,12,19,101,377
NEU,NewMarket,826.96,127,99,21,29,276,26,13,24,27,90,366
ITT,ITT Inc.,170.24,42,83,18,99,242,-5,90,12,26,123,365
V,Visa Inc.,351.97,45,0,139,133,317,4,6,12,26,48,365
ROL,"Rollins, Inc.",56.53,-35,1,33,286,285,1,19,25,35,80,365
AIZ,Assurant,215.6,140,18,3,152,313,12,14,4,19,49,362
ETR,Entergy,88.1,-13,35,78,137,237,-12,30,91,14,123,360
BSX,Boston Scientific,105.54,0,9,146,144,299,-10,1,12,57,60,359
DUK,Duke Energy,122.51,-14,33,78,183,280,-7,43,24,16,76,356
PTC,PTC Inc.,213.42,0,76,8,182,266,12,40,9,26,87,353
AM,Antero Midstream,17.78,0,0,150,23,173,45,-2,80,55,178,351
NDAQ,"Nasdaq, Inc.",94.73,2,83,78,144,307,19,-1,12,14,44,351
LLYVA,Liberty Live (Series A),94.72,121,90,32,0,243,42,51,12,0,105,348
FIX,Comfort Systems USA,703.5,28,80,19,64,191,-2,92,12,55,157,348
URI,United Rentals,956.74,41,77,9,64,191,41,48,10,57,156,347
RBA,RB Global,114.54,-15,88,106,27,206,-28,37,109,19,137,343
NFG,National Fuel Gas,86.74,0,161,62,52,275,-6,-9,73,10,68,343
LNC,Lincoln Financial,42.94,154,46,20,1,221,57,46,10,8,121,342
BRK-B,Berkshire Hathaway,503.03,97,3,126,62,288,22,11,-7,26,52,340
LLYVK,Liberty Live (Series C),97.38,113,83,32,0,228,45,53,12,0,110,338
YUM,Yum! Brands,146.77,-21,1,30,259,269,2,9,-4,57,64,333
PLTR,Palantir Technologies,156.7,0,90,118,0,208,-11,-5,121,20,125,333
HUBB,Hubbell Incorporated,430.95,-7,75,3,182,253,-5,6,8,71,80,333
COST,Costco,943.56,-46,-7,0,180,127,12,13,-4,184,205,332
RJF,Raymond James Financial,169.54,36,76,94,58,264,41,-6,9,19,63,327
R,Ryder,187.48,42,62,13,56,173,40,48,10,56,154,327
NEM,Newmont,74.41,54,101,21,5,181,49,63,21,10,143,324
INSM,Insmed,136.1,104,57,66,16,243,20,27,12,20,79,322
HWM,Howmet Aerospace,174.16,6,0,150,29,185,-2,-14,94,57,135,320
FNB,FNB Corporation,16.69,98,77,3,55,233,50,7,11,19,87,320
L,Loews Corporation,96.79,9,77,114,55,255,16,12,12,24,64,319
COF,Capital One,227.18,42,83,96,21,242,42,3,12,18,75,317
MSFT,Microsoft,506.92,0,84,18,173,275,14,-10,12,25,41,316
BR,Broadridge Financial Solutions,255.7,-35,30,116,145,256,-1,24,12,25,60,316
NRG,NRG Energy,145.59,-7,0,105,94,192,-3,-10,115,21,123,315
ATO,Atmos Energy,166.21,0,17,76,45,138,10,33,87,45,175,313
JEF,Jefferies Financial Group,64.85,42,53,0,58,153,46,53,3,57,159,312
ACM,AECOM,124.89,49,83,18,65,215,-2,12,12,71,93,308
ALL,Allstate,203.46,-40,22,99,159,240,12,22,13,17,64,304
SO,Southern Company,92.32,-31,0,78,190,237,-35,-2,25,79,67,304
APH,Amphenol,108.89,0,90,21,65,176,-3,92,12,27,128,304
ANET,Arista Networks,136.56,14,62,9,58,143,37,58,8,56,159,302
CHRW,C.H. Robinson,128.69,154,45,5,4,208,40,38,8,8,94,302
RL,Ralph Lauren Corporation,297.18,18,79,96,34,227,28,8,12,26,74,301
WDC,Western Digital,80.34,42,77,14,18,151,46,88,12,3,149,300
DTE,DTE Energy,136.69,-35,33,76,189,263,-37,30,29,13,35,298
TSCO,Tractor Supply Company,61.76,24,43,9,85,161,35,11,6,85,137,298
SPG,Simon Property Group,180.81,96,46,3,35,180,42,45,10,21,118,298
ADP,Automatic Data Processing,304.05,-30,0,87,180,237,5,-13,12,57,61,298
AXS,AXIS Capital,98.58,3,0,88,45,136,12,12,84,53,161,297
KRC,Kilroy Realty,41.59,92,67,8,0,167,40,70,8,11,129,296
AVGO,Broadcom,297.47,1,80,21,116,218,38,-2,12,30,78,296
CASY,Casey's,494.55,-50,0,115,87,152,-41,-12,119,78,144,296
MCO,Moody's Corporation,510.24,-35,77,18,156,216,-1,44,10,25,78,294
FFIV,"F5, Inc.",313.24,-7,76,96,14,179,-5,90,12,17,114,293
CVNA,Carvana,371.7,42,89,94,11,236,42,-13,12,16,57,293
HALO,Halozyme,73.14,196,24,9,19,248,-7,35,3,14,45,293
WCC,Wesco International,219.9,0,76,9,58,143,-7,90,10,57,150,293
PGR,Progressive Corporation,247.06,-35,-57,0,177,85,7,12,-5,189,203,288
DINO,HF Sinclair,50.88,98,79,2,1,180,95,9,12,-8,108,288
DDS,Dillard's,532.88,43,59,16,54,172,38,13,9,55,115,287
HPE,Hewlett Packard Enterprise,22.58,49,73,3,42,167,47,10,9,54,120,287
CHD,Church & Dwight,93.18,-30,-25,-18,344,271,5,1,-16,25,15,286
THC,Tenet Healthcare,184.33,119,14,16,57,206,35,11,10,24,80,286
SNX,TD Synnex,148.02,0,77,17,63,157,12,83,10,21,126,283
VMI,Valmont Industries,367.53,-7,67,64,58,182,-5,87,9,10,101,283
IBM,IBM,243.48,28,-22,111,54,171,28,-30,58,56,112,283
BX,Blackstone Inc.,171.43,24,48,6,142,220,42,-8,7,21,62,282
OMF,OneMain Financial,61.85,42,77,19,60,198,34,12,12,26,84,282
J,Jacobs Solutions,146.29,-14,75,8,106,175,-13,90,9,19,105,280
MLI,Mueller Industries,95.94,42,49,9,58,158,-2,42,10,71,121,279
LITE,Lumentum,132.85,35,75,16,3,129,46,83,10,10,149,278
WBS,Webster Bank,62.23,92,77,10,14,193,52,6,10,17,85,278
SF,Stifel,115.25,36,67,10,59,172,-5,82,9,20,106,278
DRS,Leonardo DRS,41.65,24,-9,141,58,214,37,-15,12,29,63,277
FYBR,Frontier Communications,37.08,21,15,91,0,127,25,14,96,14,149,276
RF,Regions Financial Corporation,27.4,91,76,9,22,198,40,13,10,14,77,275
SRE,Sempra,82.56,7,32,2,181,222,10,32,10,-1,51,273
BRX,Brixmor Property Group,27.98,81,59,2,55,197,25,12,12,26,75,272
LNG,Cheniere Energy,241.81,54,7,62,58,181,5,18,12,56,91,272
FERG,Ferguson Enterprises,230.97,-7,79,13,65,150,-5,90,12,25,122,272
PNC,PNC Financial Services,207.5,98,67,4,14,183,56,8,9,14,87,270
JLL,Jones Lang LaSalle,305.76,121,51,6,14,192,1,56,6,14,77,269
HEI,HEICO (Common),312.19,-2,0,27,189,214,-10,-10,18,57,55,269
AN,AutoNation,219.13,104,14,19,61,198,-8,10,12,57,71,269
AWI,Armstrong World Industries,195.89,0,84,96,21,201,-7,43,12,19,67,268
LIN,Linde plc,478.13,-6,20,15,110,139,-1,12,12,106,129,268
BYD,Boyd Gaming,85.87,43,77,50,59,229,-5,5,12,27,39,268
AXON,Axon Enterprise,747.42,-7,0,147,94,234,-1,-7,12,30,34,268
APP,AppLovin,478.63,36,22,107,0,165,46,30,8,18,102,267
SNPS,Synopsys,603.27,0,64,9,180,253,14,-6,10,-5,13,266
EME,Emcor,620.21,27,77,19,58,181,20,-3,10,57,84,265
ARES,Ares Management,179.2,-2,77,19,59,153,-2,-4,12,106,112,265
NI,NiSource,42.28,-3,38,76,45,156,-26,30,91,14,109,265
ITW,Illinois Tool Works,264.69,0,48,4,178,230,-16,12,9,29,34,264
LOPE,Grand Canyon Education,201.64,0,17,149,35,201,-23,16,36,34,63,264
AME,Ametek,184.82,0,22,6,106,134,-5,22,12,101,130,264
MPWR,Monolithic Power Systems,836.23,-4,77,5,157,235,-4,21,12,-2,27,262
IBKR,Interactive Brokers,62.24,-7,77,91,57,218,-19,-4,10,57,44,262
FTI,TechnipFMC,36.76,45,77,19,27,168,47,-2,12,37,94,262
GLW,Corning Inc.,67.04,42,76,21,17,156,-1,83,10,14,106,262
AFG,American Financial Group,135.85,126,18,3,56,203,21,18,6,14,59,262
TOL,Toll Brothers,139.03,44,61,2,61,168,7,54,6,26,93,261
FITB,Fifth Third Bancorp,45.77,98,53,2,22,175,51,10,9,16,86,261
HD,Home Depot (The),406.63,0,29,3,180,212,-16,42,4,19,49,261
VIK,Viking Holdings,63.62,37,77,0,0,114,42,92,12,0,146,260
EBAY,eBay,90.59,-27,86,79,14,152,-28,35,84,16,107,259
MMC,Marsh McLennan,205.72,-30,-58,-5,175,82,3,9,-13,178,177,259
DCI,Donaldson Company,79.69,42,29,4,65,140,40,36,12,30,118,258
T,AT&T,29.31,7,17,72,16,112,15,19,96,15,145,257
GRMN,Garmin,241.82,20,50,114,19,203,14,11,8,21,54,257
CTAS,Cintas,210.12,-80,-11,21,167,97,-37,-6,15,187,159,256
AJG,Arthur J. Gallagher & Co.,302.49,2,-47,0,186,141,7,5,-4,107,115,256
AXP,American Express,330.97,44,6,19,99,168,51,6,10,21,88,256
LVS,Las Vegas Sands,57.64,42,77,8,2,129,49,83,9,-14,127,256
STT,State Street Corporation,114.97,45,79,19,16,159,-12,84,11,14,97,256
VICI,Vici Properties,33.78,45,8,60,15,128,55,-10,25,57,127,255
LMT,Lockheed Martin,455.63,93,3,-31,165,230,28,5,-6,-2,25,255
ICE,Intercontinental Exchange,176.62,-29,-1,114,161,245,-28,-7,24,21,10,255
PHM,PulteGroup,132.05,42,50,3,65,160,3,54,8,29,94,254
INFA,Informatica,24.93,35,68,0,0,103,58,90,10,-7,151,254
CTVA,Corteva,74.17,93,3,55,0,151,72,8,12,11,103,254
KEY,Keycorp,19.37,92,77,10,4,183,42,6,10,13,71,254
PH,Parker Hannifin,759.98,42,78,19,65,204,-2,9,12,30,49,253
GM,General Motors,58.62,112,59,9,11,191,-12,51,9,13,61,252
WFC,Wells Fargo,82.19,42,6,94,29,171,47,1,12,19,79,250
CVX,Chevron Corporation,160.69,42,39,9,48,138,43,60,3,6,112,250
TPR,"Tapestry, Inc.",101.84,7,77,82,21,187,37,-4,10,19,62,249
RPM,RPM International,125.23,-14,28,2,180,196,-23,37,9,30,53,249
EHC,Encompass Health,121.82,-3,11,145,29,182,-2,14,26,29,67,249
NVDA,Nvidia,174.28,-7,76,16,134,219,-5,-3,12,26,30,249
RS,"Reliance, Inc.",295.64,42,-21,2,115,138,42,-20,12,77,111,249
AU,AngloGold Ashanti,56.68,28,21,78,18,145,33,30,26,14,103,248
LRCX,Lam Research,100.15,-7,77,11,152,233,-5,13,12,-5,15,248
SPGI,S&P Global,548.36,-62,77,18,172,205,-34,46,10,21,43,248
CRS,Carpenter Technology Corporation,240.89,-7,-6,148,35,170,-23,-22,73,49,77,247
KLAC,KLA Corporation,872.46,-7,0,16,177,186,26,-3,12,26,61,247
NFLX,Netflix,1207.37,-7,-1,118,20,130,-1,8,89,20,116,246
HIG,Hartford (The),132.29,0,19,96,57,172,-30,23,23,56,72,244
CMA,Comerica,70.57,42,51,9,4,106,34,82,9,12,137,243
STE,Steris,245.09,-14,16,16,195,213,-28,9,24,25,30,243
CBRE,CBRE Group,162.13,0,61,94,22,177,-16,57,10,14,65,242
MRP,Millrose Properties,35.31,128,66,0,0,194,-1,44,5,0,48,242
ADI,Analog Devices,251.28,0,8,13,179,200,-5,8,12,26,41,241
SYF,Synchrony Financial,76.36,42,77,19,21,159,42,12,10,18,82,241
WTFC,Wintrust Financial,137.25,80,14,11,49,154,52,6,10,19,87,241
LLY,Lilly (Eli),732.01,28,-24,-5,172,171,-1,-16,-9,96,70,241
TRV,Travelers Companies (The),271.58,0,13,93,58,164,-30,24,26,56,76,240
BOKF,BOK Financial Corporation,111.4,98,46,2,22,168,40,12,6,14,72,240
BAC,Bank of America,50.76,98,10,19,18,145,61,7,12,14,94,239
PPL,PPL Corporation,36.47,-31,35,78,23,105,-1,30,90,14,133,238
AMG,Affiliated Managers Group,224.6,42,83,13,22,160,-5,54,12,17,78,238
OZK,Bank OZK,52.47,53,77,19,56,205,-2,5,10,19,32,237
HEI-A,HEICO (Class A),245.07,-2,0,28,182,208,-10,-11,19,30,28,236
XOM,ExxonMobil,114.35,57,6,2,44,109,61,5,11,50,127,236
SPR,Spirit AeroSystems,41.59,28,91,20,0,139,42,9,32,14,97,236
LHX,L3Harris,277.52,10,99,14,5,128,-12,92,14,14,108,236
PFGC,Performance Food Group,101.41,0,80,55,43,178,-17,6,12,57,58,236
ORCL,Oracle Corporation,226.14,-7,0,13,198,204,-1,-8,12,27,30,234
VLO,Valero Energy,151.99,78,6,2,44,130,93,5,11,-5,104,234
CG,Carlyle Group (The),64.55,31,68,10,21,130,-2,79,9,18,104,234
WMB,Williams Companies,57.89,13,-19,114,52,160,16,-11,12,57,74,234
PCAR,Paccar,99.99,0,29,-24,159,164,12,40,-16,34,70,234
PODD,Insulet,339.96,116,14,47,4,181,21,9,16,6,52,233
TMUS,T-Mobile US,252.1,-33,16,96,139,218,-39,29,-10,35,15,233
CELH,Celsius Holdings,62.9,7,116,2,65,190,7,25,20,-9,43,233
HLI,Houlihan Lokey,199.16,42,79,19,44,184,-2,12,12,26,48,232
GE,GE Aerospace,275.22,13,88,21,27,149,25,-3,32,29,83,232
AAON,AAON,82.86,-2,0,-15,245,228,-6,6,-27,31,4,232
PAYX,Paychex,139.48,1,-23,86,167,231,6,-16,-3,14,1,232
RBLX,Roblox Corporation,124.61,35,89,55,0,179,35,-11,18,11,53,232
EVR,Evercore,321.6,42,76,9,58,185,-2,12,10,26,46,231
INTU,Intuit,666.86,-1,-8,19,191,201,12,-14,12,20,30,231
FLUT,Flutter Entertainment,307.18,42,59,21,21,143,47,3,10,27,87,230
COR,Cencora,291.79,-30,0,46,75,91,4,9,57,68,138,229
LECO,Lincoln Electric,242.5,0,76,9,65,150,-7,83,10,-7,79,229
TKO,TKO Group Holdings,189.59,12,15,73,40,140,19,8,12,50,89,229
WPC,W. P. Carey,67.09,7,74,31,2,114,15,66,28,5,114,228
PANW,Palo Alto Networks,190.56,77,-22,1,81,137,37,-15,12,57,91,228
MEDP,Medpace,475.08,36,51,6,32,125,34,61,6,2,103,228
MNST,Monster Beverage,62.42,-40,16,28,180,184,7,12,21,4,44,228
AYI,Acuity Brands,326.45,42,53,6,27,128,-11,82,8,20,99,227
KIM,Kimco Realty,22.5,64,14,1,55,134,63,6,10,14,93,227
LPLA,LPL Financial,364.69,28,-2,47,99,172,-2,-13,12,57,54,226
KO,Coca-Cola Company (The),69.0,-34,-6,30,182,172,2,13,25,14,54,226
WMT,Walmart,97.01,-49,1,129,101,182,8,-5,12,29,44,226
SSNC,SS&C Technologies,88.68,-13,53,92,14,146,-23,78,9,15,79,225
WYNN,Wynn Resorts,126.78,63,79,10,3,155,57,7,12,-8,68,223
DHI,D. R. Horton,169.48,42,50,3,65,160,5,54,6,-2,63,223
NVT,Nvent Electric,90.41,30,77,10,12,129,-2,90,10,-5,93,222
HR,Healthcare Realty Trust,17.38,49,45,4,0,98,59,51,4,9,123,221
FR,First Industrial Realty Trust,52.62,78,9,2,14,103,89,5,10,14,118,221
TFSL,Third Federal S&L,14.07,98,10,5,5,118,59,12,12,19,102,220
ABBV,AbbVie,210.53,4,29,19,58,110,5,36,5,64,110,220
IVZ,Invesco,21.89,42,53,9,2,106,42,49,9,13,113,219
LOW,Lowe's,258.09,-14,29,2,166,183,-27,41,3,19,36,219
HBAN,Huntington Bancshares,17.83,94,6,11,21,132,51,6,12,16,85,217
MO,Altria,67.22,0,30,72,45,147,3,23,28,16,70,217
MET,Metlife,81.37,98,8,2,58,166,15,8,10,18,51,217
CINF,Cincinnati Financial,153.82,0,20,87,62,169,9,11,12,15,47,216
PM,Philip Morris International,167.15,-30,-6,72,55,91,4,7,87,27,125,216
MCK,McKesson Corporation,687.09,-1,-6,44,58,95,9,5,40,67,121,216
CAH,Cardinal Health,148.72,0,-7,57,38,88,15,5,50,57,127,215
NSC,Norfolk Southern,279.81,0,76,13,4,93,6,90,12,14,122,215
CCL,Carnival Corporation & plc,31.9,42,76,19,1,138,42,6,10,19,77,215
SSD,Simpson Manufacturing Company,191.13,-7,29,3,156,181,-16,42,8,-1,33,214
NTRS,Northern Trust,131.32,66,77,18,11,172,-2,19,12,13,42,214
CNM,Core & Main,64.73,-7,79,21,0,93,-5,90,12,24,121,214
MTZ,MasTec,181.64,28,83,21,18,150,42,-4,12,13,63,213
SHW,Sherwin-Williams,365.98,-15,20,3,190,198,-29,12,12,19,14,212
DGX,Quest Diagnostics,181.64,7,16,70,18,111,3,14,70,14,101,212
AMZN,Amazon,229.05,30,67,19,21,137,36,9,9,20,74,211
NET,Cloudflare,208.65,29,77,41,0,147,41,-8,12,19,64,211
ALNY,Alnylam Pharmaceuticals,446.01,-7,76,19,15,103,-3,84,12,15,108,211
KMI,Kinder Morgan,26.99,22,-18,94,44,142,17,-11,10,52,68,210
CAT,Caterpillar Inc.,419.09,-7,76,10,64,143,-2,1,10,57,66,209
ZION,Zions Bancorporation,58.01,55,59,2,4,120,60,5,9,15,89,209
GGG,Graco Inc.,85.39,-7,-1,2,178,172,-16,11,12,29,36,208
CBOE,Cboe Global Markets,236.18,-28,0,146,55,173,-37,-3,24,51,35,208
EVRG,Evergy,71.25,-33,58,60,14,99,-39,58,79,10,108,207
SSB,SouthState Corporation,102.07,52,48,2,22,124,51,6,6,19,82,206
NLY,Annaly Capital Management,21.18,42,59,20,10,131,2,45,10,16,73,204
CFG,Citizens Financial Group,52.3,42,65,10,4,121,47,12,9,14,82,203
MLM,Martin Marietta Materials,616.44,26,32,8,60,126,1,37,12,27,77,203
CW,Curtiss-Wright,477.72,-7,85,21,54,153,-7,-4,12,49,50,203
EOG,EOG Resources,124.82,42,6,1,45,94,46,6,5,51,108,202
HLT,Hilton Worldwide,275.9,5,77,18,64,164,-5,7,10,26,38,202
JHG,Janus Henderson,44.32,42,62,8,19,131,-2,46,9,18,71,202
DASH,DoorDash,245.25,13,76,99,0,188,-9,-8,12,18,13,201
GL,Globe Life,139.95,49,29,47,14,139,18,28,6,8,60,199
CACI,CACI,479.47,-15,60,4,154,203,-31,12,16,-1,-4,199
SOFI,SoFi,25.53,42,69,48,0,159,6,13,10,11,40,199
AMP,Ameriprise Financial,514.94,42,-1,0,64,105,40,-27,10,71,94,199
BLK,BlackRock,1127.99,-15,76,19,22,102,-26,90,12,21,97,199
FHN,First Horizon Corporation,22.61,43,77,54,4,178,-5,6,10,10,21,199
AL,Air Lease Corporation,60.2,107,7,19,22,155,-4,10,12,26,44,199
BKR,Baker Hughes,45.4,48,31,6,35,120,49,-3,6,26,78,198
FTAI,FTAI Aviation,153.88,49,23,5,47,124,12,23,8,31,74,198
LFUS,Littelfuse,259.59,42,77,5,2,126,-12,82,10,-8,72,198
H,Hyatt Hotels,144.24,42,3,-5,55,95,37,2,8,55,102,197
EXPD,Expeditors International,120.59,28,22,3,131,184,-5,13,8,-3,13,197
TDG,TransDigm Group,1400.75,-11,-13,21,157,154,-12,-14,12,57,43,197
EXPE,Expedia Group,214.81,42,50,51,11,154,5,16,8,14,43,197
BXP,"BXP, Inc.",72.54,78,3,0,0,81,86,4,12,13,115,196
TLN,Talen Energy,378.9,28,89,41,0,158,-2,24,13,2,37,195
ALLE,Allegion,169.84,0,89,11,21,121,-5,45,12,22,74,195
NOC,Northrop Grumman,590.24,-16,44,12,58,98,2,64,19,12,97,195
AON,AON,367.2,-19,20,0,177,178,-33,11,-17,56,17,195
MPC,Marathon Petroleum,179.7,55,3,1,49,108,80,3,12,-8,87,195
PNR,Pentair,107.54,1,77,11,62,151,-5,14,10,24,43,194
HCA,HCA Healthcare,404.13,0,16,5,97,118,12,16,18,29,75,193
SCHW,Charles Schwab Corporation,95.86,-2,90,79,11,178,-7,-4,12,14,15,193
THG,Hanover Insurance,173.48,0,16,63,24,103,12,8,55,14,89,192
SEB,Seaboard Corporation,3987.07,49,51,7,1,108,40,63,10,-29,84,192
ETN,Eaton Corporation,349.32,4,0,10,114,128,-5,-13,10,72,64,192
NU,Nubank,14.8,77,8,3,0,88,69,3,12,19,103,191
VTR,"Ventas, Inc.",68.09,0,33,74,22,129,6,35,6,15,62,191
DAL,Delta Air Lines,61.8,42,49,3,19,113,34,14,4,26,78,191
LDOS,Leidos,180.9,0,89,4,23,116,-6,46,15,19,74,190
CIEN,Ciena,93.96,28,77,11,12,128,40,-4,10,16,62,190
PG,Procter & Gamble,157.1,-1,0,-8,179,170,1,9,-16,26,20,190
NVR,"NVR, Inc.",8146.99,2,46,-1,65,112,2,42,5,29,78,190
BKNG,Booking Holdings,5601.14,-5,0,138,35,168,-23,6,12,26,21,189
UNP,Union Pacific Corporation,223.68,-21,-5,-8,198,164,-5,5,6,19,25,189
ROKU,"Roku, Inc.",96.51,79,58,12,-19,130,42,6,7,4,59,189
PWR,Quanta Services,378.04,0,0,19,99,118,-1,-13,12,72,70,188
ULTA,Ulta Beauty,492.72,-7,87,14,4,98,-5,90,14,-9,90,188
CMI,Cummins,398.63,-7,49,7,65,114,-5,40,8,30,73,187
PSX,Phillips 66,133.56,79,6,0,41,126,49,6,11,-5,61,187
CNA,CNA Financial,49.54,63,18,4,57,142,17,19,-11,20,45,187
NTRA,Natera,168.25,114,8,3,18,143,11,12,2,19,44,187
PRI,Primerica,269.14,9,4,0,108,121,19,6,10,30,65,186
TTWO,Take-Two Interactive,233.26,15,0,47,13,75,37,7,47,20,111,186
SYK,Stryker Corporation,391.43,1,1,19,159,180,-14,-19,10,29,6,186
USFD,US Foods,77.59,0,-1,145,35,179,-14,-17,12,26,7,186
GTES,Gates Corporation,25.56,42,77,19,15,153,-5,6,12,18,31,184
SYY,Sysco,80.47,6,64,9,3,82,2,77,9,14,102,184
TNL,Travel + Leisure Co.,63.22,42,67,11,16,136,12,12,9,14,47,183
ELAN,Elanco,18.36,41,80,4,0,125,40,12,11,-6,57,182
TT,Trane Technologies,415.64,-16,-3,18,164,163,-7,-16,12,29,18,181
UAL,United Airlines Holdings,105.0,42,50,3,11,106,38,14,6,16,74,180
TOST,"Toast, Inc.",45.1,37,1,79,0,117,44,-10,12,17,63,180
DOCS,Doximity,67.95,53,47,56,0,156,-2,12,2,12,24,180
NTAP,Netapp,112.77,42,20,-1,57,118,42,12,9,-1,62,180
VMC,Vulcan Materials,291.2,2,29,8,60,99,4,37,12,27,80,179
FRT,Federal Realty Investment Trust,100.59,90,9,-25,1,75,93,9,3,-1,104,179
RITM,Rithm Capital,12.39,-15,77,19,32,113,-16,44,12,26,66,179
CPRT,Copart,48.82,6,0,-15,176,167,-2,11,-25,28,12,179
SPOT,Spotify,681.87,-48,-3,114,12,75,-26,12,97,20,103,178
STAG,STAG Industrial,36.86,63,6,2,96,167,-6,9,12,-4,11,178
PSTG,Pure Storage,77.62,34,7,1,42,84,37,-8,8,57,94,178
XYL,Xylem Inc.,141.54,-5,77,10,22,104,-6,46,12,22,74,178
DE,Deere & Company,478.64,-8,-7,51,109,145,-5,-20,47,10,32,177
BA,Boeing,234.69,28,90,10,0,128,38,10,12,-11,49,177
UI,Ubiquiti,527.56,42,6,54,10,112,2,41,12,10,65,177
OSK,Oshkosh Corporation,139.37,-5,76,13,4,88,-5,81,10,2,88,176
FICO,Fair Isaac,1523.19,45,-39,-8,166,164,10,1,-30,31,12,176
AFRM,Affirm Holdings,88.5,42,59,14,0,115,14,20,10,17,61,176
AMD,Advanced Micro Devices,162.68,-7,76,0,110,179,-5,-3,12,-7,-3,176
CRH,CRH plc,112.75,6,31,9,64,110,-7,40,6,27,66,176
TFC,Truist Financial,46.85,42,51,3,4,100,40,12,9,14,75,175
FLEX,Flex Ltd.,53.64,42,6,20,58,126,-2,-19,12,57,48,174
PFG,Principal Financial Group,80.56,87,6,0,55,148,-2,1,9,18,26,174
ATI,ATI Inc.,77.55,28,-8,18,43,81,44,-16,12,52,92,173
RGLD,Royal Gold,179.57,49,7,63,18,137,6,15,-1,16,36,173
AEP,American Electric Power,111.02,-15,41,75,23,124,-33,43,25,14,49,173
DAY,Dayforce,69.72,70,10,2,-12,70,90,6,2,5,103,173
OLLI,Ollie's Bargain Outlet,126.74,-38,0,117,16,95,-5,-6,65,23,77,172
RMD,Resmed,274.38,-29,83,19,13,86,-27,89,11,13,86,172
NWS,News Corp (Class B),33.87,-14,0,114,58,158,-25,6,12,21,14,172
RKLB,Rocket Lab,48.62,35,75,51,0,161,1,-12,12,8,9,170
PKG,Packaging Corporation of America,217.99,51,7,0,61,119,12,7,5,26,50,169
TRMB,Trimble Inc.,80.83,-5,77,81,4,157,-2,-9,10,12,11,168
VNT,Vontier,42.93,0,77,7,0,84,-5,84,10,-5,84,168
HII,Huntington Ingalls Industries,270.79,42,116,10,6,174,-2,-13,18,-9,-6,168
PAG,Penske Automotive Group,184.35,-1,19,17,62,97,-12,13,12,57,70,167
FWONA,Liberty Formula 1 (Series A),90.12,-10,-2,71,62,121,-25,4,11,56,46,167
MSA,MSA Safety,170.41,-6,0,0,164,158,12,-10,12,-5,9,167
DTM,DT Midstream,104.21,11,0,105,0,116,16,-3,12,25,50,166
AIT,Applied Industrial Technologies,263.7,-7,46,9,58,106,-2,-3,8,57,60,166
JAZZ,Jazz Pharmaceuticals,127.79,96,17,0,-6,107,107,9,-18,-39,59,166
HST,Host Hotels & Resorts,17.21,83,9,0,2,94,61,6,10,-6,71,165
HON,Honeywell,219.44,0,-12,2,178,168,-13,-24,12,22,-3,165
BEN,Franklin Templeton Investments,25.68,30,80,10,1,121,41,12,12,-22,43,164
ADT,ADT Inc.,8.71,-14,97,33,0,116,1,12,27,8,48,164
HOOD,Robinhood Markets,104.02,-20,79,83,0,142,-25,17,12,18,22,164
FWONK,Liberty Formula 1 (Series C),99.96,-13,0,72,57,116,-25,4,12,56,47,163
DD,DuPont,76.94,91,48,-5,19,153,-2,6,9,-3,10,163
AGNC,AGNC Investment,9.75,0,62,13,16,91,-16,60,10,17,71,162
CXT,Crane NXT,59.73,-15,67,0,55,107,-17,8,8,56,55,162
CSL,Carlisle Companies,386.21,-14,-2,-1,178,161,-16,-16,12,20,0,161
MTB,M&T Bank,201.76,45,6,3,22,76,55,6,10,14,85,161
OGE,OGE Energy,44.67,-14,0,70,45,101,-26,1,70,14,59,160
CLH,Clean Harbors,242.14,-15,29,3,58,75,-26,42,12,57,85,160
POST,Post Holdings,113.15,5,9,2,87,103,1,8,-10,57,56,159
LAZ,Lazard,57.16,42,60,4,20,126,-2,12,9,13,32,158
IDA,Idacorp,125.06,-14,46,58,18,108,-26,38,28,10,50,158
FIVE,Five Below,145.19,71,79,2,0,152,-2,10,13,-15,6,158
NBIX,Neurocrine Biosciences,139.61,86,14,2,25,127,19,6,9,-4,30,157
MTSI,MACOM Technology Solutions,128.18,38,-1,1,58,96,43,-21,10,29,61,157
LAD,Lithia Motors,336.68,50,4,0,14,68,59,6,3,21,89,157
RLI,RLI Corp.,67.73,0,-61,-12,176,103,-6,3,-31,87,53,156
MP,MP Materials,71.12,0,60,34,0,94,12,-2,47,4,61,155
VIRT,Virtu Financial,41.92,0,-1,78,14,91,-10,-13,73,14,64,155
FE,FirstEnergy,43.63,0,30,8,55,93,5,31,12,14,62,155
THO,Thor Industries,109.58,1,61,3,2,67,2,83,8,-6,87,154
ALAB,Astera Labs,182.24,14,75,0,0,89,21,37,7,0,65,154
MKL,Markel,1958.9,-3,0,70,55,122,9,-13,10,26,32,154
BWXT,BWX Technologies,161.99,-7,75,15,35,118,-7,-1,12,31,35,153
AMAT,Applied Materials,160.83,-7,-11,-3,149,128,42,-22,10,-5,25,153
FSLR,First Solar,195.22,-6,42,0,62,98,6,42,12,-6,54,152
SEIC,SEI Investments Company,88.27,-9,0,94,35,120,-10,4,12,26,32,152
CVS,CVS Health,73.15,117,12,12,0,141,21,16,2,-28,11,152
FCNCA,First Citizens BancShares,1982.18,67,0,0,59,126,-5,1,9,21,26,152
DRI,Darden Restaurants,207.03,-27,-22,46,61,58,7,6,50,30,93,151
MMM,3M,155.55,0,10,76,14,100,14,11,12,14,51,151
FCX,Freeport-McMoRan,44.41,42,0,0,58,100,40,5,12,-6,51,151
OHI,Omega Healthcare Investors,42.55,7,36,8,40,91,-6,28,7,31,60,151
JCI,Johnson Controls,106.87,42,6,77,19,144,-7,-16,12,18,7,151
PEN,"Penumbra, Inc.",272.95,42,2,34,11,89,51,15,-8,3,61,150
DKNG,DraftKings,48.0,57,53,11,0,121,-2,6,4,20,28,149
META,Meta Platforms,738.85,-7,77,19,29,118,-16,14,10,23,31,149
SLM,Sallie Mae,31.3,0,-11,92,22,103,-10,-11,46,21,46,149
APPF,AppFolio,277.38,27,62,7,28,124,-2,-8,7,28,25,149
VNOM,Viper Energy,39.84,42,3,-11,44,78,42,12,-30,47,71,149
F,Ford Motor Company,11.79,42,91,4,0,137,-8,11,12,-5,10,147
GWRE,Guidewire Software,217.18,21,-17,112,21,137,19,-41,12,20,10,147
DECK,Deckers Brands,119.66,45,3,-26,93,115,40,-17,-22,31,32,147
LAMR,Lamar Advertising,127.34,42,6,3,64,115,-6,6,10,21,31,146
AEE,Ameren,99.79,-30,33,59,13,75,-38,35,64,10,71,146
DVN,Devon Energy,36.12,98,14,0,-5,107,40,10,11,-22,39,146
TER,Teradyne,118.31,42,48,-31,2,61,7,78,5,-5,85,146
EQH,Equitable Holdings,53.27,1,4,94,11,110,-6,9,12,19,34,144
APG,APi Group,35.69,0,84,20,0,104,-7,9,12,26,40,144
MAS,Masco,73.4,-14,43,-1,65,93,-16,43,3,21,51,144
NCLH,Norwegian Cruise Line Holdings,24.86,41,48,2,0,91,40,-12,5,20,53,144
FHB,"First Hawaiian, Inc.",25.95,42,6,2,14,64,51,6,9,14,80,144
LNT,Alliant Energy,65.1,-13,37,70,14,108,-27,37,12,13,35,143
XEL,Xcel Energy,72.43,0,33,53,12,98,-27,2,61,9,45,143
MDT,Medtronic,92.82,4,44,13,1,62,5,58,5,13,81,143
VRT,Vertiv,127.55,0,76,11,8,95,20,-8,9,26,47,142
SCI,Service Corporation International,79.27,-35,1,0,175,141,-35,13,10,13,1,142
CSCO,Cisco,69.13,13,4,50,14,81,28,-6,12,25,59,140
HIW,Highwoods Properties,31.54,42,3,2,6,53,55,6,12,13,86,139
IDXX,Idexx Laboratories,647.44,1,84,16,4,105,5,24,12,-8,33,138
GILD,Gilead Sciences,113.0,-40,71,53,35,119,-47,16,10,39,18,137
GWW,W. W. Grainger,1014.02,1,-21,-5,94,69,9,5,-3,57,68,137
DKS,Dick's Sporting Goods,212.79,-14,43,0,63,92,-5,14,2,33,44,136
DBX,Dropbox,29.06,92,3,1,9,105,13,8,2,8,31,136
KR,Kroger,67.84,-38,-3,81,67,107,-33,-6,52,15,28,135
COKE,Coca-Cola Consolidated,117.24,0,6,0,85,91,9,1,-18,52,44,135
WAL,Western Alliance Bancorporation,89.6,42,14,2,4,62,34,12,9,18,73,135
ECG,Everus Construction Group,78.49,12,75,0,0,87,42,-4,9,0,47,134
SNA,Snap-on,325.17,-11,32,0,59,80,-14,6,5,57,54,134
CPT,Camden Property Trust,112.04,63,-22,0,0,41,86,1,-5,11,93,134
MGM,MGM Resorts International,39.69,81,6,0,1,88,40,5,9,-9,45,133
JBL,Jabil,204.91,-7,0,21,65,79,-5,-11,13,57,54,133
USB,U.S. Bancorp,48.87,42,10,2,4,58,40,11,9,15,75,133
LH,Labcorp,278.1,4,27,57,15,103,-12,14,10,18,30,133
FOXA,Fox Corporation (Class A),59.69,8,13,70,1,92,7,9,10,14,40,132
FRHC,Freedom Holding,170.81,-1,32,56,14,101,-4,-7,12,30,31,132
FLS,Flowserve,53.66,42,48,0,27,117,-2,-15,5,25,13,130
ADM,Archer Daniels Midland,62.65,0,78,4,0,82,2,54,12,-20,48,130
D,Dominion Energy,59.9,-30,75,16,1,62,3,43,12,10,68,130
ALLY,Ally Financial,41.05,42,6,4,4,56,40,7,10,16,73,129
CUZ,Cousins Properties,29.48,42,2,1,11,56,42,6,12,13,73,129
TPG,TPG Inc.,60.37,-8,60,4,0,56,-3,51,6,19,73,129
U,Unity Technologies,39.4,42,66,8,0,116,-5,40,12,-35,12,128
WSO,Watsco,402.41,-38,-21,-5,196,132,-26,-19,-30,71,-4,128
MTG,MGIC Investment Corporation,27.82,0,14,21,55,90,-17,14,12,28,37,127
MHK,Mohawk Industries,132.69,42,39,0,-11,70,10,43,4,-1,56,126
HXL,Hexcel,63.16,49,49,-31,1,68,46,14,6,-9,57,125
NUE,Nucor,148.71,42,54,0,3,99,12,13,9,-8,26,125
ALK,Alaska Air Group,62.78,42,43,0,2,87,34,14,-19,9,38,125
RGA,Reinsurance Group of America,194.79,12,0,-5,40,47,15,12,-3,53,77,124
STWD,Starwood Property Trust,20.27,4,1,20,58,83,1,7,12,21,41,124
MRVL,Marvell Technology,62.87,-7,-1,-23,106,75,38,-9,2,18,49,124
BLD,TopBuild,420.75,-15,51,4,46,86,-22,54,8,-3,37,123
REXR,Rexford Industrial,41.41,95,62,0,-18,139,-5,13,8,-32,-16,123
FOX,Fox Corporation (Class B),54.56,6,13,69,1,89,7,9,9,9,34,123
GLPI,Gaming and Leisure Properties,48.01,9,6,2,65,82,-12,6,-10,57,41,123
KNSL,Kinsale Capital Group,457.59,5,-6,0,33,32,13,-17,9,85,90,122
HAS,Hasbro,81.2,2,77,16,3,98,-12,13,12,11,24,122
ZG,Zillow (Class A),81.47,0,50,56,0,106,-16,6,5,20,15,121
ROP,Roper Technologies,526.3,-28,-21,-4,182,129,7,-38,-3,26,-8,121
TDY,Teledyne Technologies,538.06,-16,76,54,14,128,-26,-8,12,15,-7,121
WFRD,Weatherford International,63.73,55,48,-46,0,57,61,6,2,-5,64,121
BURL,Burlington Stores,290.58,18,40,3,3,64,-5,39,5,17,56,120
PR,Permian Resources,14.3,42,3,-10,26,61,46,2,12,-2,58,119
ESI,Element Solutions,25.73,1,49,-22,57,85,12,13,9,-1,33,118
WSM,"Williams-Sonoma, Inc.",188.14,-38,43,10,65,80,-32,45,4,21,38,118
BWA,BorgWarner,42.75,0,79,10,2,91,-12,43,12,-16,27,118
VRSN,Verisign,273.38,21,-14,38,9,54,18,-16,54,7,63,117
EWBC,East West Bancorp,105.13,42,6,11,22,81,-2,6,11,19,34,115
CORT,Corcept Therapeutics,69.73,0,-6,66,19,79,-2,12,-13,38,35,114
STLD,Steel Dynamics,130.97,0,-1,2,55,56,-16,5,12,57,58,114
DOV,Dover Corporation,178.92,-7,-2,-5,106,92,-7,1,8,19,21,113
APO,Apollo Global Management,136.27,0,-9,-3,97,85,15,-21,8,26,28,113
WTM,White Mountains Insurance Group,1839.31,17,9,-1,59,84,-12,6,-22,56,28,112
ABT,Abbott Laboratories,132.69,3,6,58,13,80,5,18,-6,14,31,111
WEC,WEC Energy Group,106.51,-31,33,57,13,72,-37,-5,70,11,39,111
SNDK,SanDisk,52.54,43,10,0,0,53,42,12,4,0,58,111
GEV,GE Vernova,612.96,14,89,0,0,103,-2,-3,13,0,8,111
AMKR,Amkor Technology,24.18,35,62,-42,2,57,41,11,6,-5,53,110
ROST,Ross Stores,147.21,-1,20,2,35,56,-5,29,1,29,54,110
GPC,Genuine Parts Company,139.31,42,30,3,0,75,3,37,12,-17,35,110
PSN,Parsons Corporation,80.11,8,62,-29,0,41,4,61,5,-1,69,110
EXP,Eagle Materials,230.88,-13,28,-17,57,55,-16,40,2,27,53,108
CME,CME Group,266.45,-98,-11,56,136,83,-40,-6,52,19,25,108
W,Wayfair,74.6,0,77,6,-41,42,11,83,12,-40,66,108
SW,Smurfit Westrock,47.37,42,6,0,16,64,41,-16,2,17,44,108
LSCC,Lattice Semiconductor,66.42,42,19,3,0,64,42,12,4,-15,43,107
BAM,Brookfield Asset Management,60.16,-7,37,67,0,97,-5,-7,12,8,8,105
LPX,Louisiana-Pacific,95.08,-7,24,-1,63,79,-16,14,2,26,26,105
NXST,Nexstar Media Group,204.37,-28,76,11,4,63,-21,43,9,10,41,104
AFL,Aflac,106.89,-13,13,3,58,61,-14,12,-10,55,43,104
ACGL,Arch Capital Group,91.57,-14,0,-10,62,38,4,13,-3,51,65,103
AMTM,Amentum,24.94,0,89,0,0,89,4,-3,12,0,13,102
REG,Regency Centers,72.51,8,9,7,53,77,1,-7,12,19,25,102
KKR,KKR & Co. Inc.,139.51,-15,0,0,103,88,-2,-13,8,21,14,102
WAB,Wabtec,193.5,0,-13,2,49,38,-5,1,12,56,64,102
ROIV,Roivant Sciences,11.94,23,14,3,0,40,20,30,12,-1,61,101
SKX,Skechers,63.11,24,3,-26,55,56,8,2,9,26,45,101
JNJ,Johnson & Johnson,177.19,-15,43,10,7,45,2,41,7,6,56,101
TROW,T. Rowe Price,107.62,26,62,-25,-25,38,-5,46,8,13,62,100
NOW,ServiceNow,917.63,15,-17,-5,82,75,14,-22,10,22,24,99
ZM,Zoom Communications,81.42,75,3,2,0,80,8,5,2,4,19,99
CB,Chubb Limited,275.23,-30,0,4,58,32,7,9,-6,56,66,98
LEA,Lear Corporation,110.05,98,14,0,-17,95,1,6,11,-15,3,98
EMR,Emerson Electric,131.95,-4,0,18,64,78,-3,-15,12,26,20,98
CSGP,CoStar Group,89.52,0,59,8,14,81,6,-7,25,-9,15,96
PSA,Public Storage,294.63,63,1,-13,1,52,9,9,12,13,43,95
CHWY,Chewy,40.98,14,0,43,0,57,26,10,-3,5,38,95
AMGN,Amgen,287.71,-35,0,0,165,130,-38,-17,-16,36,-35,95
PRU,Prudential Financial,109.66,7,9,-15,55,56,1,12,6,19,38,94
APA,APA Corporation,23.23,45,17,0,-12,50,40,15,7,-19,43,93
WTRG,Essential Utilities,39.51,21,15,8,0,44,18,29,-3,5,49,93
TRGP,Targa Resources,167.82,21,1,0,51,73,21,-33,-22,54,20,93
HAYW,Hayward Holdings,16.08,-7,48,4,0,45,-19,40,10,16,47,92
EXEL,Exelixis,37.41,-14,-24,66,14,42,-8,-24,57,24,49,91
FANG,Diamondback Energy,148.75,41,6,-31,47,63,40,-13,6,-5,28,91
CNP,Centerpoint Energy,37.73,-49,31,51,45,78,-46,-1,45,15,13,91
LEN,Lennar (Class A),133.09,0,33,-32,64,65,-16,42,3,-3,26,91
SAIC,SAIC,117.64,-14,37,0,67,90,-15,12,4,-1,0,90
COLB,Columbia Banking System,26.79,42,26,0,0,68,-7,12,7,10,22,90
SCCO,Southern Copper,96.09,0,-1,0,62,61,7,12,12,-2,29,90
LEN-B,Lennar (Class B),127.18,0,29,-30,62,61,-16,43,3,-1,29,90
IPGP,IPG Photonics,81.77,42,76,3,-44,77,42,6,8,-44,12,89
XYZ,"Block, Inc.",79.63,42,55,1,-36,62,15,-7,6,13,27,89
ELF,e.l.f. Beauty,124.96,21,3,0,31,55,21,8,10,-5,34,89
AVB,AvalonBay Communities,195.86,78,-22,-5,16,67,15,1,-9,15,22,89
EQIX,Equinix,786.09,23,-2,-10,34,45,38,-10,-10,26,44,89
HHH,Howard Hughes Holdings,76.28,42,17,0,0,59,2,12,1,14,29,88
SNV,Synovus,51.62,42,-3,1,21,61,2,1,10,14,27,88
PLNT,Planet Fitness,104.79,-35,0,65,13,43,9,9,12,14,44,87
PLD,Prologis,113.81,63,6,1,0,70,5,5,12,-5,17,87
AGO,Assured Guaranty,82.24,9,-17,-4,56,44,18,-9,12,22,43,87
SITE,SiteOne Landscape Supply,143.28,0,44,0,-9,35,12,43,5,-8,52,87
VST,Vistra Corp.,189.1,-7,0,21,30,44,-4,-8,10,45,43,87
MSTR,MicroStrategy,333.98,-16,-12,101,19,92,-16,-22,12,20,-6,86
NYT,New York Times Company,59.85,0,18,4,16,38,2,13,12,21,48,86
MANH,Manhattan Associates,215.42,1,0,-31,65,35,36,-17,5,27,51,86
MAR,Marriott International,267.98,-7,-1,0,58,50,-5,5,9,27,36,86
RDDT,Reddit,225.18,0,52,0,0,52,9,21,4,0,34,86
EQT,EQT Corporation,51.86,2,-21,43,42,66,4,-38,43,10,19,85
TTEK,Tetra Tech,36.41,5,0,-31,119,93,-2,-13,8,-1,-8,85
PEGA,Pegasystems,54.21,35,0,21,5,61,13,-14,10,15,24,85
COHR,Coherent Corp.,90.54,7,0,0,15,22,42,-4,9,15,62,84
EA,Electronic Arts,171.94,-1,23,6,7,35,-5,15,18,21,49,84
OVV,Ovintiv,42.15,42,6,0,2,50,46,-15,9,-6,34,84
GAP,Gap Inc.,22.01,55,0,-7,18,66,-5,9,-5,19,18,84
FTNT,Fortinet,78.77,0,-21,-4,113,88,9,-23,-4,13,-5,83
ECL,Ecolab,276.91,-17,20,18,22,43,-6,15,12,19,40,83
CRWD,CrowdStrike,423.48,14,-17,47,0,44,37,-31,12,20,38,82
IP,International Paper,49.7,49,0,0,16,65,10,-15,5,16,16,81
FNF,Fidelity National Financial,59.88,-13,14,4,58,63,-16,26,-13,21,18,81
VRTX,Vertex Pharmaceuticals,391.03,-20,-19,-4,104,61,10,-19,-8,37,20,81
O,Realty Income,58.78,0,21,12,7,40,5,11,12,13,41,81
MDU,MDU Resources,16.29,-14,-5,0,58,39,9,-9,12,30,42,81
MSM,MSC Industrial Direct,90.22,1,6,9,58,74,-5,8,12,-9,6,80
EPR,EPR Properties,54.27,5,-15,59,29,78,-6,-25,12,21,2,80
APD,Air Products,294.29,0,48,0,16,64,-5,6,4,10,15,79
PK,Park Hotels & Resorts,11.77,92,14,-28,0,78,-5,6,5,-5,1,79
EXLS,EXL Service,43.77,1,0,0,65,66,12,-14,1,13,12,78
XPO,"XPO, Inc.",129.72,-14,6,0,61,53,-16,5,9,27,25,78
PENN,Penn Entertainment,20.24,86,13,1,-34,66,47,6,2,-44,11,77
EGP,EastGroup Properties,169.57,63,3,2,8,76,-12,6,12,-5,1,77
AIG,American International Group,81.34,-6,0,30,53,77,-28,8,-2,21,-1,76
QCOM,Qualcomm,160.83,28,4,-27,22,27,38,6,10,-5,49,76
GNTX,Gentex,28.03,1,42,0,1,44,-6,40,6,-8,32,76
EXC,Exelon,43.69,-29,22,57,14,64,-37,42,-3,10,12,76
IONS,Ionis Pharmaceuticals,42.65,-13,80,3,0,70,-1,5,12,-10,6,76
Z,Zillow (Class C),84.28,-3,50,13,0,60,-16,6,6,20,16,76
NCNO,nCino,32.1,51,3,-28,0,26,40,3,7,-1,49,75
ADSK,Autodesk,314.48,14,1,1,14,30,13,1,12,19,45,75
PNW,Pinnacle West Capital,89.38,-35,-2,70,18,51,-41,15,24,26,24,75
APTV,Aptiv,79.52,98,14,3,-24,91,-2,10,12,-36,-16,75
WTW,Willis Towers Watson,326.79,-21,22,10,24,35,-28,36,2,29,39,74
COP,ConocoPhillips,99.01,42,29,-47,2,26,45,7,4,-8,48,74
BLDR,Builders FirstSource,138.62,0,43,-30,65,78,-16,13,2,-3,-4,74
RRC,Range Resources,34.26,25,-28,-3,42,36,9,-39,12,55,37,73
INGR,Ingredion,129.51,12,-21,0,34,25,12,-32,12,56,48,73
KRMN,Karman Holdings,53.42,51,14,0,0,65,-2,5,4,0,7,72
DLTR,Dollar Tree,109.16,-10,94,8,-15,77,-5,-5,27,-22,-5,72
CWEN-A,Clearway Energy (Class A),28.18,0,-7,60,6,59,-1,-21,24,10,12,71
WING,Wingstop,328.36,0,3,2,38,43,-2,-11,10,31,28,71
ESS,Essex Property Trust,270.28,74,-22,0,14,66,15,-19,-5,14,5,71
SLGN,Silgan Holdings,46.92,5,-23,-5,80,57,12,-23,12,13,14,71
VZ,Verizon,44.25,-30,17,32,10,29,3,22,2,14,41,70
PEG,Public Service Enterprise Group,82.35,-84,0,0,152,68,-14,-7,6,17,2,70
MTCH,Match Group,37.33,0,61,6,-37,30,2,69,7,-38,40,70
VLTO,Veralto,106.15,-30,77,4,0,51,-32,40,11,0,19,70
AOS,A. O. Smith,71.29,-15,43,-1,58,85,-23,1,12,-5,-15,70
OC,Owens Corning,150.1,-7,19,-26,58,44,-17,12,1,29,25,69
SFD,Smithfield Foods,25.4,-6,72,0,0,66,-26,23,6,0,3,69
BRO,Brown & Brown,96.99,7,-86,-1,163,83,4,-32,-12,26,-14,69
CTRA,Coterra,24.44,25,-33,-7,44,29,44,-3,-14,13,40,69
SNOW,Snowflake Inc.,238.68,21,2,17,0,40,13,2,12,1,28,68
RBRK,Rubrik,89.42,21,0,0,0,21,13,-13,46,0,46,67
AWK,American Water Works,143.51,-16,21,28,1,34,-34,35,24,8,33,67
NWSA,News Corp (Class A),29.42,-14,0,11,58,55,-28,6,12,21,11,66
CWEN,Clearway Energy (Class C),29.81,-11,-7,60,4,46,6,-21,24,10,19,65
BROS,Dutch Bros. Coffee,71.87,35,5,2,0,42,-2,12,2,11,23,65
CMS,CMS Energy,71.56,-32,24,78,23,93,-37,-2,-3,14,-28,65
INCY,Incyte,84.62,-14,63,5,0,54,-33,27,8,7,9,63
AES,AES Corporation,13.55,42,38,0,-11,69,8,2,8,-24,-6,63
BJ,BJ's Wholesale Club,97.69,-42,-44,80,10,4,16,-11,-4,58,59,63
VEEV,Veeva Systems,269.4,-14,0,47,8,41,-6,-2,12,18,22,63
UBER,Uber,93.82,-7,11,20,0,24,-14,9,18,26,39,63
WWD,"Woodward, Inc.",246.76,-7,0,21,35,49,-12,-13,12,26,13,62
OKE,Oneok,76.38,25,-21,-15,54,43,16,-21,-27,51,19,62
UNM,Unum,69.86,1,-23,0,40,18,1,-23,12,54,44,62
BSY,Bentley Systems,55.67,45,0,11,0,56,13,-15,12,-6,4,60
PCOR,Procore,69.49,42,-1,0,0,41,13,-15,2,19,19,60
HOG,Harley-Davidson,29.14,91,14,-45,-9,51,1,11,7,-11,8,59
MU,Micron Technology,119.03,0,3,0,22,25,14,12,12,-5,33,58
ARMK,Aramark,39.1,-16,-3,17,40,38,-29,-19,12,56,20,58
AGCO,AGCO,108.18,-7,79,9,0,81,-22,-1,13,-13,-23,58
CGNX,Cognex Corporation,43.94,1,59,3,-31,32,12,45,8,-40,25,57
AMH,American Homes 4 Rent,35.83,8,-23,-10,68,43,12,-25,12,15,14,57
PINS,Pinterest,36.65,28,2,1,0,31,35,-13,8,-5,25,56
SN,SharkNinja,117.04,1,53,10,0,64,-10,-8,9,1,-8,56
ADC,Agree Realty,72.66,-31,1,65,16,51,3,-4,-7,13,5,56
MDB,MongoDB Inc.,315.61,21,11,0,-9,23,35,3,4,-9,33,56
TSLA,"Tesla, Inc.",333.97,0,16,0,10,26,-9,22,6,10,29,55
AVT,Avnet,54.59,0,3,3,45,51,-16,9,12,-2,3,54
EL,Estée Lauder Companies (The),91.73,21,67,0,-26,62,21,-4,10,-35,-8,54
LNW,Light & Wonder,92.45,0,0,-5,57,52,-13,7,-17,25,2,54
GXO,GXO Logistics,52.65,-14,77,3,0,66,-24,9,11,-8,-12,54
TXN,Texas Instruments,202.51,0,2,3,22,27,-7,5,12,16,26,53
VRSK,Verisk Analytics,268.1,-14,-25,0,114,75,3,-49,-4,28,-22,53
EIX,Edison International,56.14,7,21,-34,0,-6,23,35,2,-1,59,53
CACC,Credit Acceptance,515.08,51,0,1,1,53,-10,6,9,-5,0,53
HPQ,HP Inc.,28.55,42,14,-27,1,30,10,12,1,-1,22,52
UTHR,United Therapeutics,304.77,-18,13,-12,57,40,-29,13,-31,59,12,52
HLNE,Hamilton Lane,154.35,2,0,0,25,27,-3,12,-5,21,25,52
EXR,Extra Space Storage,143.65,63,-22,-5,0,36,12,-22,12,13,15,51
VFC,VF Corporation,15.13,81,6,-22,-43,22,40,4,-22,7,29,51
PNFP,Pinnacle Financial Partners,97.21,42,-26,-6,15,25,4,1,3,18,26,51
DNB,Dun & Bradstreet,9.15,29,52,-28,0,53,46,-13,2,-37,-2,51
PB,Prosperity Bancshares,69.15,42,-24,-6,14,26,3,2,4,14,23,49
RKT,Rocket Companies,17.78,-15,33,6,0,24,-17,30,11,1,25,49
FAF,First American Financial Corporation,65.98,1,26,4,14,45,-16,23,-21,18,4,49
ES,Eversource Energy,64.08,0,0,17,-10,7,20,8,12,2,42,49
IRM,Iron Mountain,92.33,-15,-18,-5,57,19,1,-39,12,56,30,49
MSCI,MSCI,567.4,-6,6,0,14,14,-7,13,9,20,35,49
GNRC,Generac,185.27,-56,61,5,-34,-24,-25,79,9,10,73,49
UGI,UGI Corporation,34.63,-14,-4,44,4,30,-22,-17,51,5,17,47
MSGS,Madison Square Garden Sports,197.92,0,-5,-6,21,10,2,2,5,27,36,46
DLR,Digital Realty,167.71,25,-11,0,22,36,-4,-17,12,19,10,46
NNN,NNN Reit,42.94,7,1,2,22,32,13,-25,12,14,14,46
RVMD,Revolution Medicines,37.99,24,-21,-16,0,-13,16,3,12,26,57,44
QRVO,Qorvo,90.69,-4,77,0,-31,42,-16,12,11,-5,2,44
WMS,Advanced Drainage Systems,143.98,0,19,0,3,22,-5,17,12,-3,21,43
OXY,Occidental Petroleum,47.63,46,7,-57,0,-4,46,9,8,-16,47,43
CSX,CSX Corporation,32.51,-41,0,-1,4,-38,-5,80,12,-6,81,43
WBA,Walgreens Boots Alliance,11.99,-1,76,0,-77,-2,-20,91,8,-35,44,42
DIS,Walt Disney Company (The),118.41,5,0,17,0,22,4,1,12,3,20,42
NVST,Envista,21.17,0,62,6,0,68,-16,13,8,-32,-27,41
HSY,Hershey Company (The),183.75,7,43,6,0,56,4,-7,6,-19,-16,40
PEP,PepsiCo,148.66,0,32,-44,0,-12,7,57,1,-13,52,40
LW,Lamb Weston,57.53,75,13,-74,-8,6,42,1,5,-14,34,40
KDP,Keurig Dr Pepper,29.08,-35,-5,-1,0,-41,1,47,20,12,80,39
ZS,Zscaler,277.15,1,0,19,5,25,14,-30,12,18,14,39
DDOG,Datadog,136.67,21,0,1,0,22,13,-20,9,15,17,39
RIVN,Rivian,13.58,42,0,1,0,43,40,-18,-5,-21,-4,39
CIVI,Civitas Resources,36.79,35,15,-57,0,-7,40,13,1,-9,45,38
PVH,PVH Corp.,84.33,44,13,-34,1,24,7,12,1,-7,13,37
MTDR,Matador Resources,50.37,42,1,-31,0,12,46,-21,5,-6,24,36
VVV,Valvoline,38.76,-13,18,0,31,36,-17,12,9,-4,0,36
VTRS,Viatris,10.56,0,17,0,0,17,4,12,4,-1,19,36
ED,Consolidated Edison,98.26,-35,-4,30,47,38,-35,-7,-6,45,-3,35
CPAY,Corpay,325.93,6,-21,0,21,6,9,1,-7,25,28,34
TXT,Textron,80.15,-13,0,0,53,40,-14,1,12,-5,-6,34
ROK,Rockwell Automation,343.57,-7,14,17,15,39,-16,9,12,-11,-6,33
TYL,Tyler Technologies,562.87,0,-6,0,17,11,9,-8,3,18,22,33
KD,Kyndryl,31.78,56,-19,0,0,37,-5,-30,10,20,-5,32
CRUS,Cirrus Logic,114.18,-4,14,0,19,29,-16,9,12,-3,2,31
CEG,Constellation Energy,307.98,-7,0,18,0,11,-4,-8,12,19,19,30
SUI,Sun Communities,126.87,1,1,5,-24,-17,9,14,12,11,46,29
GTM,ZoomInfo,10.9,42,3,-5,0,40,13,4,8,-37,-12,28
SMCI,Supermicro,41.55,-7,-1,-2,58,48,-5,-13,7,-9,-20,28
ABNB,Airbnb,130.55,55,-17,-5,0,33,13,-16,2,-5,-6,27
TMO,Thermo Fisher Scientific,492.76,0,28,-24,0,4,7,42,-23,-3,23,27
DELL,Dell Technologies,122.14,-7,0,0,32,25,-5,-1,12,-4,2,27
RNR,RenaissanceRe,242.86,-14,1,-10,35,12,-31,8,10,28,15,27
MTD,Mettler Toledo,1302.93,-25,62,-25,0,12,1,12,6,-5,14,26
EW,Edwards Lifesciences,81.35,1,26,6,-14,19,5,5,32,-35,7,26
SON,Sonoco,47.24,1,20,0,0,21,4,6,9,-14,5,26
SLB,Schlumberger,36.87,55,3,-72,0,-14,68,5,-23,-10,40,26
AKAM,Akamai Technologies,79.16,78,0,-28,-7,43,17,4,-28,-10,-17,26
EXE,Expand Energy,96.79,25,-30,43,0,38,19,-41,-1,10,-13,25
XP,XP Inc.,18.15,18,0,1,0,19,38,-42,18,-8,6,25
DOC,Healthpeak Properties,17.96,78,0,-19,-31,28,21,1,-34,9,-3,25
GEN,Gen Digital,30.2,-29,16,17,16,20,-31,8,12,16,5,25
ASH,Ashland Global,56.13,42,20,-43,-9,10,12,11,1,-10,14,24
CPNG,Coupang,28.59,0,0,19,0,19,-3,-21,12,17,5,24
SAIL,SailPoint,20.66,41,-1,0,0,40,13,-34,4,0,-17,23
CLF,Cleveland-Cliffs,10.74,29,42,-65,-16,-10,34,2,5,-8,33,23
CHRD,Chord Energy,109.83,42,6,-52,2,-2,40,-15,6,-6,25,23
CI,Cigna,301.11,0,-40,-1,58,17,1,11,-5,-1,6,23
MTN,Vail Resorts,163.82,89,3,-35,-23,34,12,5,8,-36,-11,23
GPK,Graphic Packaging,22.27,-28,-2,-21,58,7,-31,8,-34,71,14,21
VOYA,Voya Financial,75.1,-8,18,3,4,17,-17,12,10,-1,4,21
HOLX,Hologic,67.13,-35,65,-37,0,-7,4,25,5,-7,27,20
CFR,Frost Bank,129.01,0,-2,0,4,2,-5,1,10,10,16,18
SHC,Sotera Health,16.36,1,16,3,0,20,-16,16,4,-6,-2,18
WH,Wyndham Hotels & Resorts,86.58,-14,38,-5,11,30,-5,-3,-19,15,-12,18
BG,Bunge Global,84.19,0,8,0,0,8,-19,22,12,-5,10,18
BEPC,Brookfield Renewable Partners,33.71,0,0,12,0,12,-3,-13,12,10,6,18
ESTC,Elastic NV,85.15,46,-1,-15,-6,24,15,2,-20,-4,-7,17
RRX,Regal Rexnord,149.33,0,6,-1,3,8,-5,5,9,-1,8,16
CBSH,Commerce Bancshares,61.94,-2,-19,0,11,-10,-5,4,12,13,24,14
DPZ,Domino's,458.31,7,-19,0,10,-2,-12,-19,29,18,16,14
RH,RH,225.49,-8,32,-26,-7,-9,10,28,-25,9,22,13
MOS,Mosaic Company (The),33.4,49,-14,18,-16,37,19,-30,17,-30,-24,13
FDX,FedEx,231.07,0,0,-28,32,4,4,4,4,-4,8,12
DT,Dynatrace,50.6,21,-17,-4,0,0,13,-30,9,20,12,12
IOT,Samsara,36.13,41,-43,-12,0,-14,41,-16,-19,20,26,12
CCCS,CCC Intelligent Solutions,9.89,14,14,-30,0,-2,14,2,4,-6,14,12
LBTYK,Liberty Global (Series C),11.95,45,21,-42,-30,-6,-6,58,1,-36,17,11
LYFT,Lyft,16.23,0,11,3,-1,13,-18,6,12,-2,-2,11
VNO,Vornado Realty Trust,38.05,10,-16,0,4,-2,7,-19,10,15,13,11
A,Agilent Technologies,125.77,14,3,-25,0,-8,12,9,3,-5,19,11
QSR,Restaurant Brands International,63.33,0,-17,-2,40,21,4,-18,12,-8,-10,11
NTNX,Nutanix,67.21,-14,-15,0,22,-7,2,-21,12,24,17,10
PYPL,PayPal,70.21,30,-12,-5,-39,-26,38,-16,5,9,36,10
MUSA,Murphy USA,376.78,-42,-24,-15,68,-13,-7,-19,-31,79,22,9
NDSN,Nordson,225.21,0,7,0,1,8,-16,11,12,-7,0,8
AS,Amer Sports,39.34,0,6,6,0,12,-7,-9,12,0,-4,8
FBIN,Fortune Brands Innovations,58.55,-14,29,-28,-5,-18,-16,43,1,-2,26,8
LBTYA,Liberty Global (Series A),11.73,43,21,-42,-31,-9,1,21,3,-10,15,6
CFLT,"Confluent, Inc.",19.87,31,-22,-5,0,4,40,-16,-20,-2,2,6
KEX,Kirby Corporation,97.12,-14,-22,-5,35,-6,-27,-15,12,42,12,6
TXRH,Texas Roadhouse,172.56,-14,-16,-1,64,33,-19,-52,12,31,-28,5
CR,Crane Co.,185.57,-14,0,18,0,4,-12,-4,12,5,1,5
KEYS,Keysight,163.46,0,0,0,0,0,-6,-4,10,5,5,5
SJM,J.M. Smucker Company (The),110.56,-30,29,4,-4,-1,7,34,-12,-23,6,5
BIRK,Birkenstock,52.09,0,0,-1,0,-1,2,6,-3,0,5,4
GLIBA,GCI Liberty (Series A),37.35,0,0,0,0,0,-7,11,0,0,4,4
MAA,Mid-America Apartment Communities,145.91,21,-23,0,0,-2,24,-19,-10,11,6,4
BIO,Bio-Rad Laboratories,297.69,1,43,-29,-28,-13,3,48,3,-37,17,4
HUM,Humana,303.7,12,19,0,-12,19,4,22,-22,-20,-16,3
WEX,WEX Inc.,171.34,0,59,-45,1,15,-11,1,6,-8,-12,3
DOCU,DocuSign,76.68,42,-24,-5,-12,1,13,-18,-4,11,2,3
COIN,Coinbase,304.46,-7,-5,11,0,-1,-5,-21,11,18,3,2
INTC,Intel,24.38,-3,13,0,-20,-10,10,12,2,-12,12,2
DOX,Amdocs,85.58,-31,-15,0,58,12,-26,-2,12,5,-11,1
MAT,Mattel,18.3,42,-3,-6,0,33,-12,2,9,-31,-32,1
CRM,Salesforce,256.33,21,-22,-15,22,6,18,-21,-23,21,-5,1
FI,Fiserv,138.17,0,-36,-16,35,-17,5,3,-17,27,18,1
ASTS,AST SpaceMobile,48.94,0,0,13,0,13,-15,-17,12,8,-12,1
KMPR,Kemper Corporation,53.67,0,-18,-8,0,-26,15,3,-5,14,27,1
FOUR,Shift4,90.45,0,-19,-2,0,-21,14,-19,2,24,21,0
AA,Alcoa,32.2,41,6,-23,-20,4,12,11,4,-32,-5,-1
G,Genpact,45.34,5,7,0,3,15,-16,7,-17,10,-16,-1
ISRG,Intuitive Surgical,473.45,0,-23,-5,22,-6,9,-31,1,26,5,-1
LUV,Southwest Airlines,32.9,42,-11,3,-39,-5,-11,1,10,4,4,-1
IQV,IQVIA,190.82,1,32,-42,0,-9,9,1,4,-6,8,-1
ARW,Arrow Electronics,126.36,-4,0,3,4,3,-16,8,12,-8,-4,-1
TKR,Timken Company,77.23,-5,6,0,4,5,-16,6,9,-5,-6,-1
ATR,AptarGroup,139.23,-17,-21,-5,20,-23,2,-18,12,25,21,-2
TWLO,Twilio,105.63,35,-16,0,-34,-15,10,-16,8,11,13,-2
PPC,Pilgrim's Pride,44.46,-84,0,88,21,25,-37,-4,-6,18,-29,-4
WDAY,"Workday, Inc.",230.86,17,-25,-12,14,-6,31,-21,-6,-2,2,-4
HSIC,Schein (Henry),69.59,1,-5,-7,0,-11,2,1,1,3,7,-4
UHS,Universal Health Services,181.58,0,9,-13,22,18,-29,13,-6,-1,-23,-5
ESAB,ESAB,115.39,1,-18,0,0,-17,-4,-13,12,17,12,-5
TTD,Trade Desk (The),54.66,14,-16,-29,-1,-32,12,-8,3,20,27,-5
AXTA,Axalta,31.26,0,1,-18,22,5,-17,11,-31,26,-11,-6
GTLB,GitLab,48.02,21,3,-23,0,1,13,3,-22,-1,-7,-6
ACHC,Acadia Healthcare,22.96,95,0,-50,-11,34,12,7,-44,-16,-41,-7
EQR,Equity Residential,66.15,9,-22,-5,13,-5,13,-23,-5,13,-2,-7
DV,DoubleVerify,16.27,42,14,-72,0,-16,14,4,1,-10,9,-7
EG,Everest Group,341.93,0,1,-38,55,18,12,6,-39,-5,-26,-8
CCK,Crown Holdings,99.35,-17,-9,19,5,-2,-31,1,12,12,-6,-8
IR,Ingersoll Rand,79.42,0,-12,-23,23,-12,-12,-23,9,29,3,-9
VKTX,Viking Therapeutics,27.06,0,-9,-42,21,-30,21,-1,7,-6,21,-9
TEM,Tempus AI,75.85,-15,14,0,0,-1,-26,12,5,0,-9,-10
ZBRA,Zebra Technologies,317.05,0,0,-4,-7,-11,-5,-13,6,13,1,-10
OWL,Blue Owl Capital,18.53,-13,-8,-6,0,-27,-5,-4,4,21,16,-11
GLIBK,GCI Liberty (Series C),36.6,0,0,0,0,0,-22,11,0,0,-11,-11
SBUX,Starbucks,88.21,0,-5,-3,0,-8,13,-7,-17,7,-4,-12
MIDD,Middleby,136.88,42,-18,-5,0,19,-5,-21,-18,13,-31,-12
TRU,TransUnion,88.4,-15,-2,-1,3,-15,-7,-14,10,14,3,-12
TTC,Toro Company (The),81.01,0,33,-37,0,-4,-5,13,3,-20,-9,-13
LKQ,LKQ Corporation,32.64,42,-54,-8,-2,-22,40,2,-16,-17,9,-13
NOV,NOV Inc.,13.3,70,2,-57,-12,3,12,-16,3,-15,-16,-13
DHR,Danaher Corporation,205.82,-22,17,-31,0,-36,2,20,5,-4,23,-13
GMED,Globus Medical,61.26,0,1,-17,0,-16,1,12,-22,12,3,-13
BC,Brunswick Corporation,63.59,-14,61,-40,-7,0,-17,6,6,-9,-14,-14
CAR,Avis Budget Group,158.24,18,0,11,-20,9,14,-15,15,-37,-23,-14
CMG,Chipotle Mexican Grill,42.13,-27,-27,-8,80,18,-27,-28,-6,29,-32,-14
CROX,Crocs,87.23,38,-17,-44,-1,-24,42,-21,-6,-5,10,-14
GPN,Global Payments,88.85,10,29,-29,-39,-29,5,45,-26,-10,14,-15
M,"Macy's, Inc.",13.23,0,43,-33,-15,-5,-11,6,1,-6,-10,-15
CARR,Carrier Global,65.21,-10,-20,-1,0,-31,-6,-16,12,26,16,-15
TPL,Texas Pacific Land Corporation,933.74,23,-64,-11,58,6,36,-64,-7,13,-22,-16
ALSN,Allison Transmission,87.31,-13,-36,-7,35,-21,-16,10,-23,34,5,-16
SMMT,Summit Therapeutics,23.71,-21,0,11,14,4,-19,-10,-10,19,-20,-16
MKSI,MKS Instruments,103.39,0,6,-29,-13,-36,8,9,8,-5,20,-16
RAL,Ralliant,41.82,-4,0,0,0,-4,9,-22,0,0,-13,-17
EPAM,EPAM Systems,176.37,70,3,-28,-27,18,12,9,-19,-37,-35,-17
GDDY,GoDaddy,148.26,45,-37,-5,22,25,17,-61,-21,22,-43,-18
LINE,"Lineage, Inc.",41.92,34,-17,0,0,17,7,-9,-33,0,-35,-18
NKE,"Nike, Inc.",77.38,-5,45,0,-21,19,-16,6,9,-36,-37,-18
MORN,"Morningstar, Inc.",262.43,1,-22,-22,28,-15,13,-35,1,18,-3,-18
KMX,CarMax,61.35,42,-34,-21,-36,-49,41,3,-25,11,30,-19
HUBS,HubSpot,483.17,41,-56,-12,11,-16,14,-16,-20,19,-3,-19
EFX,Equifax,246.3,-16,-21,-6,16,-27,-27,5,12,18,8,-19
SOLV,Solventum,73.08,1,0,0,0,1,3,-31,8,0,-20,-19
INGM,Ingram Micro,19.58,-13,-5,0,0,-18,9,-19,9,0,-1,-19
CUBE,CubeSmart,40.93,2,-19,-25,1,-41,9,2,12,-2,21,-20
SFM,Sprouts Farmers Market,140.54,-34,-25,0,46,-13,-40,-23,-1,57,-7,-20
UDR,"UDR, Inc.",39.58,7,-22,0,0,-15,7,-19,-7,13,-6,-21
PCTY,Paylocity,179.21,0,-5,0,-3,-8,12,-9,-21,5,-13,-21
DVA,DaVita,137.71,0,-5,-5,20,10,-30,1,-22,19,-32,-22
ARE,Alexandria Real Estate Equities,82.44,75,14,-39,-30,20,40,3,-50,-35,-42,-22
PCG,PG&E Corporation,15.3,7,0,-32,1,-24,10,24,-31,-1,2,-22
REYN,Reynolds Consumer Products,23.22,-12,18,-30,0,-24,9,37,-42,-3,1,-23
ST,Sensata Technologies,32.53,0,14,0,-15,-1,-5,8,10,-35,-22,-23
AR,Antero Resources,31.93,13,-30,-3,10,-10,19,-41,-2,10,-14,-24
NEE,NextEra Energy,72.04,-21,0,4,0,-17,-40,8,12,13,-7,-24
ALGM,Allegro MicroSystems,30.87,-5,0,13,0,8,-3,-23,10,-16,-32,-24
FCN,FTI Consulting,168.63,0,0,-39,0,-39,12,5,2,-5,14,-25
WHR,Whirlpool Corporation,93.15,42,0,-7,-26,9,-7,3,5,-36,-35,-26
BAH,Booz Allen Hamilton,108.72,-14,0,-32,101,55,-29,-17,-34,-1,-81,-26
HRB,H&R Block,50.34,-12,-58,-3,52,-21,-26,-24,-8,52,-6,-27
S,SentinelOne,18.86,21,-19,-27,0,-25,17,-21,1,-1,-4,-29
BFAM,Bright Horizons,118.0,-28,0,-1,0,-29,-31,-1,17,15,0,-29
MCHP,Microchip Technology,65.0,-16,0,0,0,-16,-22,3,12,-7,-14,-30
UNH,UnitedHealth Group,310.0,4,0,-20,-4,-20,13,11,-33,-1,-10,-30
CF,CF Industries,86.62,0,-17,2,4,-11,4,-43,12,8,-19,-30
LOAR,Loar Holdings,70.65,-7,-40,0,0,-47,17,4,-5,0,16,-31
CTSH,Cognizant,72.26,7,-23,-5,14,-7,-7,-31,-5,18,-25,-32
AMCR,Amcor,8.65,0,-12,-3,0,-15,9,-21,-3,-2,-17,-32
WAT,Waters Corporation,301.8,6,-35,-7,0,-36,5,6,-22,14,3,-33
KBR,"KBR, Inc.",50.45,0,0,-32,0,-32,-5,13,-10,-1,-3,-35
ZTS,Zoetis,156.41,0,0,-37,-3,-40,5,8,-4,-5,4,-36
NWL,Newell Brands,5.92,42,6,-29,-31,-12,36,4,-29,-36,-25,-37
NSA,National Storage Affiliates,32.23,5,0,-17,-4,-16,10,8,-38,-1,-21,-37
AMT,American Tower,203.86,-21,-19,18,0,-22,-31,-18,22,11,-16,-38
QGEN,Qiagen,46.52,-21,0,14,0,-7,-31,-17,12,5,-31,-38
KMB,Kimberly-Clark,129.18,-35,0,-1,18,-18,-46,13,-13,26,-20,-38
RYN,Rayonier,26.28,-21,19,-1,0,-3,-28,35,-34,-9,-36,-39
OMC,Omnicom Group,78.35,0,14,-29,1,-14,1,9,-34,-1,-25,-39
RPRX,Royalty Pharma,35.99,-33,1,34,0,2,-26,-6,28,-38,-42,-40
GEHC,GE HealthCare,73.72,-14,0,-22,0,-36,-19,6,1,8,-4,-40
TSN,Tyson Foods,56.79,-14,7,-3,-28,-38,-14,12,-13,11,-4,-42
SWK,Stanley Black & Decker,74.26,-7,43,-31,-39,-34,-19,12,1,-2,-8,-42
LII,Lennox International,558.1,-37,-5,-1,38,-5,-53,-18,6,27,-38,-43
AAL,American Airlines Group,13.38,26,45,-23,-76,-28,10,12,1,-39,-16,-44
IAC,IAC Inc.,36.59,45,-19,-4,-31,-9,13,-19,8,-38,-36,-45
PATH,UiPath,11.12,21,-24,-13,0,-16,13,-28,-5,-10,-30,-46
SEE,Sealed Air,32.47,5,7,-26,-24,-38,4,10,10,-32,-8,-46
QXO,"QXO, Inc.",20.12,0,0,0,-14,-14,-8,-33,15,-6,-32,-46
BILL,Bill.com,46.42,21,2,-26,0,-3,14,2,-22,-37,-43,-46
TEAM,Atlassian,177.67,21,-37,-8,-6,-30,21,-29,-20,11,-17,-47
APLS,Apellis Pharmaceuticals,27.57,1,24,-72,-16,-63,-4,35,3,-18,16,-47
ALB,Albemarle Corporation,84.93,28,42,-130,-23,-83,38,15,6,-25,34,-49
JHX,James Hardie Industries,20.12,0,-8,-29,-1,-38,-2,-4,-2,-3,-11,-49
WST,West Pharmaceutical Services,246.96,5,0,-29,-7,-31,3,-17,3,-8,-19,-50
CNXC,Concentrix,52.77,7,-21,0,0,-14,6,-19,10,-33,-36,-50
CHDN,Churchill Downs Incorporated,103.74,1,-1,-33,0,-33,-5,-18,4,-1,-20,-53
INVH,Invitation Homes,31.31,9,-27,-10,0,-28,13,-47,-5,14,-25,-53
SNDR,Schneider National,24.72,-14,-2,-7,1,-22,-23,-23,4,10,-32,-54
CRL,Charles River Laboratories,163.32,42,0,-56,-26,-40,1,-17,8,-8,-16,-56
JBHT,J. B. Hunt,145.02,-16,-2,-33,0,-51,-2,5,2,-10,-5,-56
KNX,Knight-Swift,43.91,2,-5,-27,-2,-32,-16,1,2,-13,-26,-58
SARO,StandardAero,26.47,-7,-13,0,0,-20,-17,-34,12,0,-39,-59
AVTR,Avantor,13.48,6,2,-31,0,-23,4,7,-42,-5,-36,-59
K,Kellanova,79.48,-35,0,0,21,-14,-49,-2,-9,13,-47,-61
MPW,Medical Properties Trust,4.51,10,0,-9,-36,-35,14,3,-9,-35,-27,-62
DLB,Dolby Laboratories,71.69,-22,-5,-5,0,-32,-24,8,-22,8,-30,-62
BBY,Best Buy,73.63,0,14,-26,-6,-18,-17,11,-37,-2,-45,-63
UWMC,United Wholesale Mortgage,5.68,2,17,-31,0,-12,-16,13,-44,-4,-51,-63
JKHY,Jack Henry & Associates,163.35,1,-22,-5,0,-26,9,-53,-5,11,-38,-64
PAYC,Paycom,227.15,0,-5,21,-24,-8,-23,-8,12,-37,-56,-64
QS,QuantumScape,7.93,-7,-6,8,0,-5,-15,-18,10,-36,-59,-64
IPG,Interpublic Group of Companies (The),26.85,0,29,-45,0,-16,1,9,-42,-17,-49,-65
DG,Dollar General,108.79,-49,0,0,-17,-66,5,-2,24,-26,1,-65
FND,Floor & Decor,81.89,-15,43,-37,-6,-15,-26,12,-31,-6,-51,-66
DAR,Darling Ingredients,33.95,0,-4,-8,-20,-32,-15,1,10,-30,-34,-66
CCI,Crown Castle,99.15,-28,-4,9,-28,-51,-28,-15,22,5,-16,-67
ENTG,Entegris,83.77,0,0,-46,-6,-52,-17,5,1,-5,-16,-68
BBWI,"Bath & Body Works, Inc.",29.21,-14,-2,-27,-15,-58,-7,2,1,-6,-10,-68
YETI,Yeti Holdings,35.17,0,1,-37,-6,-42,-5,-17,6,-10,-26,-68
HUN,Huntsman Corporation,11.18,90,-27,-47,-15,1,3,2,-42,-33,-70,-69
ONTO,Onto Innovation,105.98,-7,6,-28,0,-29,-25,9,-23,-4,-43,-72
HAL,Halliburton,22.73,47,3,-65,0,-15,14,1,-64,-9,-58,-73
BALL,Ball Corporation,52.65,-35,-11,-5,-11,-62,1,-19,12,-5,-11,-73
KHC,Kraft Heinz,27.98,3,13,-44,0,-28,-5,-14,-16,-10,-45,-73
PFE,Pfizer,24.76,-27,19,-1,-23,-32,-33,11,9,-28,-41,-73
CMCSA,Comcast,33.99,2,-24,-37,-9,-68,3,3,-4,-8,-6,-74
CAVA,Cava Group,67.55,0,-13,-16,0,-29,-1,-17,-30,2,-46,-75
RNG,RingCentral,30.5,0,13,-28,-41,-56,13,10,2,-45,-20,-76
BDX,Becton Dickinson,193.04,-30,17,-30,-5,-48,-35,43,-21,-15,-28,-76
SIRI,Sirius XM,23.63,30,4,-85,-31,-82,12,8,2,-17,5,-77
IT,Gartner,251.3,9,-54,-23,0,-68,12,-57,-21,57,-9,-77
CHE,Chemed Corporation,457.74,5,-70,-13,0,-78,12,8,-11,-8,1,-77
EMN,Eastman Chemical Company,70.35,9,-25,-23,-1,-40,1,1,-37,-2,-37,-77
WLK,Westlake Corporation,87.85,2,13,-42,0,-27,3,6,-54,-6,-51,-78
ON,ON Semiconductor,49.61,-4,-2,-39,-1,-46,-5,-20,8,-15,-32,-78
TAP,Molson Coors,50.5,-28,0,-15,0,-43,-27,10,-16,-3,-36,-79
CART,Maplebear Inc.,43.35,-91,-6,0,0,-97,14,-7,9,0,16,-81
CNH,CNH Industrial,11.44,-29,-12,0,0,-41,-26,-28,12,2,-40,-81
IRDM,Iridium Communications,24.9,6,-22,-6,-19,-41,-9,-21,9,-19,-40,-81
ONON,On Holding AG,45.06,-14,-22,-1,0,-37,-24,-53,12,20,-45,-82
ILMN,"Illumina, Inc.",99.95,-20,57,-30,-40,-33,2,-16,4,-40,-50,-83
EEFT,Euronet Worldwide,93.25,-17,-23,-5,-3,-48,-23,-23,-2,13,-35,-83
REGN,Regeneron Pharmaceuticals,581.06,-13,14,-43,0,-42,-5,11,-44,-4,-42,-84
ACN,Accenture,260.13,7,-38,-25,0,-56,9,-36,-21,19,-29,-85
WBD,Warner Bros. Discovery,11.63,-2,0,14,-42,-30,-5,-16,10,-45,-56,-86
KVUE,Kenvue,20.74,-30,-5,0,0,-35,-34,-15,-5,3,-51,-86
PRMB,Primo Brands,25.13,22,-63,0,22,-19,18,-92,-12,18,-68,-87
OGN,Organon & Co.,9.41,2,0,-31,0,-29,9,-19,-44,-4,-58,-87
BMY,Bristol Myers Squibb,47.2,-33,0,-2,-5,-40,-47,11,-16,5,-47,-87
CHH,Choice Hotels,119.63,-14,-18,-5,0,-37,-26,-19,-19,14,-50,-87
SWKS,Skyworks Solutions,74.91,-11,6,-45,-30,-80,-20,9,9,-5,-7,-87
CL,Colgate-Palmolive,84.06,-35,-38,-8,23,-58,-37,-2,-16,26,-29,-87
MOH,Molina Healthcare,180.85,7,-69,-15,-2,-79,7,3,-11,-8,-9,-88
PPG,PPG Industries,111.23,-14,-3,-48,-8,-73,-28,9,12,-8,-15,-88
ZBH,Zimmer Biomet,106.13,0,17,0,-17,0,-16,12,-66,-18,-88,-88
RGEN,Repligen,122.28,-4,0,-18,-17,-39,5,5,-22,-37,-49,-88
MKC,McCormick & Company,70.37,-1,-38,-8,-2,-49,4,-37,-16,10,-39,-88
AVY,Avery Dennison,171.67,-27,-5,-37,0,-69,-30,6,9,-5,-20,-89
ELV,Elevance Health,318.6,6,-42,-46,-2,-84,4,6,-12,-3,-5,-89
CERT,"Certara, Inc.",10.84,-15,-2,-17,0,-34,-27,12,-9,-32,-56,-90
FDS,FactSet,373.32,-10,-30,-7,0,-47,-12,-26,-5,-1,-44,-91
SBAC,SBA Communications,204.79,-28,-19,-1,-20,-68,-28,-19,19,5,-23,-91
BHF,Brighthouse Financial,47.22,6,-41,-5,0,-40,4,-59,-5,8,-52,-92
WY,Weyerhaeuser,25.87,-15,0,-25,0,-40,-19,12,-37,-8,-52,-92
EXAS,Exact Sciences,47.43,6,-28,-30,-25,-77,-1,5,-4,-16,-16,-93
DXCM,Dexcom,75.34,-35,-5,-1,-14,-55,-27,-14,12,-9,-38,-93
MDLZ,Mondelez International,61.45,-30,-23,0,0,-53,-34,-19,21,-9,-41,-94
RARE,Ultragenyx,29.97,22,-37,-29,-38,-82,17,10,-37,-3,-13,-95
FIS,Fidelity National Information Services,69.81,-15,-19,-4,-37,-75,-22,-21,11,11,-21,-96
TECH,Bio-Techne,54.63,-13,14,-29,-24,-52,-14,5,-29,-6,-44,-96
CDW,CDW,164.66,-18,-19,-44,0,-81,10,-22,4,-8,-16,-97
ACI,Albertsons,19.47,0,-34,0,0,-34,-19,-30,-5,-9,-63,-97
AUR,Aurora Innovation,5.64,-63,-3,-3,0,-69,-23,-1,-20,15,-29,-98
SAIA,Saia,296.52,-15,14,-28,4,-25,-21,-17,-30,-5,-73,-98
LCID,Lucid Motors,1.99,-7,-9,-6,0,-22,-14,-18,-19,-25,-76,-98
OLN,Olin Corporation,23.67,42,6,-62,-9,-23,4,6,-64,-23,-77,-100
OTIS,Otis Worldwide,86.4,-35,-28,-6,0,-69,-45,3,-16,26,-32,-101
POOL,Pool Corporation,310.65,-14,-1,-25,-6,-46,-16,1,-31,-9,-55,-101
ELS,Equity Lifestyle Properties,60.27,0,-47,-23,0,-70,9,-4,-34,-3,-32,-102
OKTA,"Okta, Inc.",92.82,5,-58,1,-24,-76,-12,-17,-5,6,-28,-104
COO,Cooper Companies (The),67.4,-14,-2,-29,-5,-50,-26,8,-34,-3,-55,-105
CLX,Clorox,118.2,-40,-12,-19,-5,-76,1,-17,-29,13,-32,-108
OLED,Universal Display Corporation,138.6,-16,-9,-39,-1,-65,-17,-33,12,-5,-43,-108
FMC,FMC Corporation,39.1,0,-2,-42,-24,-68,-21,1,4,-26,-42,-110
SMG,Scotts Miracle-Gro Company,61.19,-14,-2,-24,-39,-79,-16,-23,8,-1,-32,-111
CPB,Campbell Soup Company,31.92,-28,0,-34,-6,-68,2,-2,-41,-5,-46,-114
SAM,Boston Beer Company,221.08,7,1,-37,-37,-66,1,27,-33,-44,-49,-115
DXC,DXC Technology,14.43,43,-37,-27,-73,-94,40,6,-34,-34,-22,-116
TREX,"Trex Company, Inc.",61.59,-13,0,-56,-13,-82,-19,-14,4,-6,-35,-117
SRPT,Sarepta Therapeutics,18.2,-35,0,-31,-7,-73,-3,16,-52,-6,-45,-118
CZR,Caesars Entertainment,26.77,42,-22,-28,-25,-33,12,-23,-37,-37,-85,-118
WU,Western Union,8.66,7,0,-25,-46,-64,5,6,-60,-5,-54,-118
TFX,Teleflex,126.41,0,8,-44,-39,-75,-16,20,-40,-10,-46,-121
MRK,Merck & Co.,84.14,-14,21,-49,0,-42,-32,11,-53,-6,-80,-122
GME,GameStop,22.42,-3,-55,-12,-30,-100,9,-20,-5,-7,-23,-123
BRBR,BellRing Brands,41.04,21,-81,-15,0,-75,19,-73,-21,27,-48,-123
DUOL,Duolingo,298.01,-40,-43,0,0,-83,-3,-57,-3,23,-40,-123
ADBE,Adobe Inc.,356.73,0,-38,-38,-6,-82,1,4,-42,-5,-42,-124
BMRN,BioMarin Pharmaceutical,58.27,1,1,-52,-20,-70,-6,-10,-17,-22,-55,-125
UHAL,U-Haul,57.56,-32,-24,-17,0,-73,-27,-19,-30,20,-56,-129
IFF,International Flavors & Fragrances,67.51,1,-23,-25,-31,-78,4,-19,-37,-1,-53,-131
CLVT,Clarivate,4.36,-6,10,-79,-6,-81,-19,6,5,-42,-50,-131
LYB,LyondellBasell,56.33,0,-21,-46,-5,-72,4,2,-60,-7,-61,-133
LBRDK,Liberty Broadband (Series C),60.86,-16,-26,-5,-36,-83,-28,-26,-5,8,-51,-134
LBRDA,Liberty Broadband (Series A),60.65,-16,-26,-5,-36,-83,-28,-26,-5,8,-51,-134
ODFL,Old Dominion Freight Line,151.06,-14,-23,-28,0,-65,-19,-17,-33,-1,-70,-135
WEN,Wendy's Company (The),10.61,2,-47,-39,-8,-92,4,1,-34,-15,-44,-136
COLM,Columbia Sportswear,55.75,7,-120,-23,-6,-142,7,2,-18,13,4,-138
IEX,IDEX Corporation,164.45,-14,-23,-30,-2,-69,-17,-23,-30,-6,-76,-145
TDC,Teradata,20.98,1,-17,-81,-17,-114,12,-30,3,-16,-31,-145
CHTR,Charter Communications,265.58,-16,-26,-6,-36,-84,-28,-31,-6,-1,-66,-150
HRL,Hormel Foods,25.45,-14,-32,-12,-23,-81,-26,-28,12,-30,-72,-153
DOW,Dow Inc.,24.64,1,-27,-45,-1,-72,-16,2,-60,-8,-82,-154
MASI,Masimo,139.52,-62,-18,-1,-6,-87,-27,-33,-17,10,-67,-154
FTV,Fortive,47.85,-14,-23,-23,0,-60,-26,-49,-19,-8,-102,-162
TGT,Target Corporation,95.98,-56,-2,-33,-11,-102,-5,-8,-41,-6,-60,-162
GFS,GlobalFoundries,33.39,-5,-19,-84,0,-108,-16,-23,2,-17,-54,-162
RYAN,Ryan Specialty,56.52,-39,-47,-5,0,-91,-35,-53,-11,25,-74,-165
RVTY,Revvity,90.12,-20,-23,-22,-24,-89,-26,-28,-27,3,-78,-167
COTY,Coty,4.28,0,-9,-66,-7,-82,13,-21,-68,-9,-85,-167
INSP,Inspire Medical Systems,93.72,0,-74,-25,-6,-105,12,-28,-30,-17,-63,-168
LULU,Lululemon Athletica,202.22,0,-59,-13,-3,-75,-6,-53,-22,-12,-93,-168
FRPT,Freshpet,55.78,-35,-54,-26,-6,-121,-33,-11,-22,19,-47,-168
LSTR,Landstar,132.35,-3,-24,-37,0,-64,-23,-32,-44,-7,-106,-170
BF-A,Brown–Forman (Class A),30.39,-14,0,-104,-18,-136,-5,35,-44,-24,-38,-174
UHAL-B,U-Haul (Series N),52.24,-35,-24,-25,0,-84,-27,-23,-39,-1,-90,-174
ETSY,Etsy,53.01,-40,-3,-1,-30,-74,-71,-4,12,-37,-100,-174
DJT,Trump Media & Technology Group,17.53,-2,-64,-58,0,-124,-19,2,-26,-9,-52,-176
TW,Tradeweb,123.36,-133,-18,0,0,-151,-33,-14,-1,23,-25,-176
WSC,WillScot Mobile Mini,24.23,0,-21,-67,-6,-94,-16,-15,-44,-12,-87,-181
UA,Under Armour (Class C),4.92,-31,-16,-30,-37,-114,-22,-18,8,-37,-69,-183
BAX,Baxter International,24.71,6,-38,-25,-38,-95,3,-37,-16,-41,-91,-186
BF-B,Brown–Forman (Class B),29.93,-28,0,-105,-18,-151,-5,35,-37,-28,-35,-186
UAA,Under Armour (Class A),4.99,-41,-16,-30,-44,-131,-12,-18,7,-37,-60,-191
CNC,Centene,29.03,0,-70,-46,-11,-127,-29,7,-15,-28,-65,-192
ALGN,Align Technology,141.97,-20,-22,-69,-25,-136,2,-15,-5,-38,-56,-192
CAG,Conagra Brands,19.13,-31,-95,-34,-7,-167,1,12,-16,-23,-26,-193
BIIB,Biogen,132.15,-14,13,-86,-27,-114,-32,20,-49,-18,-79,-193
MAN,ManpowerGroup,42.39,-15,-4,-48,-28,-95,-23,5,-48,-36,-102,-197
BRKR,Bruker,33.98,-16,-22,-62,-8,-108,1,-20,-66,-9,-94,-202
GLOB,Globant,67.28,-38,-73,-28,-7,-146,-5,-21,-28,-7,-61,-207
MKTX,MarketAxess,183.94,-15,-26,-30,-29,-100,-19,-41,-4,-44,-108,-208
STZ,Constellation Brands,161.88,-78,-5,-47,-3,-133,2,-8,-63,-8,-77,-210
FLO,Flowers Foods,15.03,-76,-11,-39,-8,-134,2,-4,-59,-23,-84,-218
XRAY,Dentsply Sirona,14.3,0,-22,-83,-42,-147,-17,-19,1,-40,-75,-222
PRGO,Perrigo,23.74,0,-18,-4,-113,-135,-26,-17,-4,-55,-102,-237
RHI,Robert Half,37.33,1,-151,-31,-9,-190,1,1,-29,-32,-59,-249
UPS,United Parcel Service,87.48,-14,-24,-108,-16,-162,2,-32,-36,-34,-100,-262
MRNA,Moderna,24.07,-35,-18,-57,-4,-114,-55,-19,-57,-39,-170,-284
COLD,Americold,14.44,-13,-105,-43,-11,-172,-18,-47,-43,-15,-123,-295
ENPH,Enphase Energy,37.71,1,-161,-48,-20,-228,-16,3,-55,-24,-92,-320
GIS,General Mills,49.32,-35,-101,-43,-4,-183,-35,-47,-39,-19,-140,-323
