Symbol,Name,Close,1H Cloud Score,1D Cloud Score,1W Cloud Score,1M Cloud Score,Cloud Score Sum,1H TKx Score,1D TKx Score,1W TKx Score,1M TKx Score,TKx Score Sum,Total Score Sum
TJX,TJX Companies,145.17,14,52,157,200,423,16,-2,126,195,335,758
COOP,Mr. Cooper Group,210.79,-7,100,126,60,279,11,99,124,58,292,571
ORLY,O'Reilly Auto Parts,102.14,0,0,172,201,373,20,-3,63,91,171,544
SO,Southern Company,99.73,62,9,85,192,348,54,10,32,81,177,525
CASY,Casey's,564.24,21,28,122,89,260,21,24,126,80,251,511
MPWR,Monolithic Power Systems,1008.84,21,109,12,159,301,90,53,19,2,164,465
WRB,W. R. Berkley Corporation,76.39,-5,35,103,178,311,12,48,33,57,150,461
ATO,Atmos Energy,179.24,116,49,83,47,295,12,11,94,47,164,459
DUK,Duke Energy,128.7,63,9,85,185,342,56,11,31,18,116,458
JPM,JPMorgan Chase,305.84,-2,111,132,160,401,5,-2,19,28,50,451
ORI,Old Republic International,42.81,-6,46,156,60,256,-40,44,126,57,187,443
FIX,Comfort Systems USA,836.99,21,112,26,66,225,5,124,19,57,205,430
AAPL,Apple Inc.,249.43,-35,76,7,253,301,1,44,11,73,129,430
PLTR,Palantir Technologies,179.63,0,122,125,0,247,5,20,128,22,175,422
NRG,NRG Energy,171.33,7,24,112,96,239,13,23,122,23,181,420
COR,Cencora,319.68,37,32,53,77,199,45,41,64,70,220,419
HWM,Howmet Aerospace,192.27,0,26,157,31,214,13,26,101,59,199,413
APH,Amphenol,125.61,7,122,28,67,224,5,124,19,29,177,401
ETR,Entergy,97.66,7,19,85,139,250,9,18,98,16,141,391
COST,Costco,955.26,35,-20,0,182,197,40,-31,-11,186,184,381
LOPE,Grand Canyon Education,211.19,0,49,156,37,242,11,48,43,36,138,380
ACM,AECOM,132.82,21,115,25,67,228,13,44,19,73,149,377
DTE,DTE Energy,142.46,7,17,83,191,298,12,14,36,15,77,375
L,Loews Corporation,100.32,-6,109,121,57,281,-1,44,19,26,88,369
ROL,"Rollins, Inc.",56.03,-34,-1,40,288,293,-4,8,32,37,73,366
WELL,Welltower,172.35,0,3,125,60,188,11,-2,142,26,177,365
AVGO,Broadcom,351.39,21,112,28,118,279,38,-5,19,32,84,363
IDA,Idacorp,135.86,123,78,65,20,286,5,17,35,12,69,355
WMT,Walmart,109.06,15,33,136,103,287,14,1,19,31,65,352
GOOGL,Alphabet (Class A),251.08,12,98,17,178,305,13,-4,14,23,46,351
INSM,Insmed,163.58,81,89,73,18,261,-10,59,19,22,90,351
GOOG,Alphabet (Class C),251.73,12,98,16,178,304,13,-3,13,23,46,350
BSX,Boston Scientific,97.72,7,-24,153,146,282,5,-18,19,59,65,347
NEM,Newmont,93.57,21,133,28,7,189,21,95,28,12,156,345
CIEN,Ciena,168.72,99,109,18,14,240,37,31,17,18,103,343
MDU,MDU Resources,19.29,133,17,4,60,214,58,19,19,32,128,342
PPL,PPL Corporation,37.97,20,67,85,25,197,18,13,97,16,144,341
MSI,Motorola Solutions,438.84,-6,-1,10,155,158,-1,-15,10,187,181,339
RL,Ralph Lauren Corporation,318.49,-5,111,103,36,245,7,40,19,28,94,339
WEC,WEC Energy Group,117.3,63,65,64,15,207,19,22,77,13,131,338
CAT,Caterpillar Inc.,534.14,21,108,17,66,212,13,33,17,59,122,334
SNX,TD Synnex,156.78,-28,109,24,65,170,8,115,17,23,163,333
ORCL,Oracle Corporation,303.59,35,26,20,200,281,5,-1,19,29,52,333
AAON,AAON,104.16,14,20,0,247,281,13,38,1,-1,51,332
MLI,Mueller Industries,99.22,0,81,16,60,157,11,74,17,73,175,332
EVRG,Evergy,78.66,28,90,67,16,201,14,18,86,12,130,331
MCD,McDonald's,305.31,15,0,1,244,260,23,-20,7,59,69,329
CW,Curtiss-Wright,556.89,20,117,28,56,221,13,25,19,51,108,329
NVT,Nvent Electric,101.12,21,109,17,14,161,33,122,17,-7,165,326
MMC,Marsh McLennan,203.99,0,0,-12,177,165,-7,7,-20,180,160,325
NEE,NextEra Energy,85.79,126,16,4,2,148,130,12,19,15,176,324
MNST,Monster Beverage,68.67,0,48,35,182,265,3,22,28,6,59,324
EXC,Exelon,47.83,123,12,64,16,215,82,11,3,12,108,323
IBM,IBM,280.91,-27,20,118,56,167,2,28,65,58,153,320
V,Visa Inc.,345.84,-4,2,146,135,279,5,9,-2,28,40,319
SGI,Somnigroup International,86.44,21,109,50,66,246,21,2,19,28,70,316
MLM,Martin Marietta Materials,639.28,86,64,15,62,227,35,6,19,29,89,316
GD,General Dynamics,332.06,-23,131,17,56,181,-30,86,19,59,134,315
AWI,Armstrong World Industries,201.38,13,116,103,23,255,13,6,19,21,59,314
FE,FirstEnergy,47.68,116,62,15,57,250,12,16,19,16,63,313
BK,BNY Mellon,108.98,3,111,103,42,259,13,1,19,21,54,313
MS,Morgan Stanley,162.71,7,109,85,66,267,7,1,19,18,45,312
RTX,RTX Corporation,157.04,-31,108,86,56,219,-33,17,93,16,93,312
GLW,Corning Inc.,86.63,3,108,28,19,158,5,115,17,16,153,311
TPR,"Tapestry, Inc.",116.7,13,109,89,23,234,13,26,17,21,77,311
EME,Emcor,690.66,7,109,26,60,202,5,28,17,59,109,311
AYI,Acuity Brands,366.4,20,85,13,29,147,12,114,15,22,163,310
KLAC,KLA Corporation,1087.57,1,28,23,179,231,9,22,19,28,78,309
MCK,McKesson Corporation,791.68,33,20,51,60,164,38,37,1,69,145,309
TIGO,Millicom,46.78,-15,189,86,4,264,-12,6,33,18,45,309
J,Jacobs Solutions,160.64,12,107,15,108,242,11,18,16,21,66,308
AZO,AutoZone,4028.81,0,0,103,88,191,-2,-6,63,59,114,305
CRS,Carpenter Technology Corporation,242.21,-23,-4,155,37,165,2,6,80,51,139,304
CBOE,Cboe Global Markets,241.77,0,1,153,57,211,-5,12,31,53,91,302
LLY,Lilly (Eli),827.18,0,14,3,174,191,-19,31,1,98,111,302
LHX,L3Harris,289.87,-24,131,21,7,135,6,124,21,16,167,302
DDS,Dillard's,599.74,0,91,23,56,170,13,45,16,57,131,301
WMB,Williams Companies,63.79,0,20,121,54,195,3,25,19,59,106,301
SRE,Sempra,92.28,0,64,9,183,256,7,19,17,1,44,300
WPC,W. P. Carey,68.2,0,106,38,4,148,12,98,35,7,152,300
ANET,Arista Networks,143.4,-16,94,16,60,154,-17,90,15,58,146,300
FFIV,"F5, Inc.",330.88,-1,108,103,16,226,13,22,19,19,73,299
URI,United Rentals,1020.17,12,109,16,66,203,12,6,17,59,94,297
HUBB,Hubbell Incorporated,434.0,13,1,10,184,208,13,-15,15,73,86,294
IONS,Ionis Pharmaceuticals,72.4,112,112,10,2,236,14,37,19,-12,58,294
CDNS,Cadence Design Systems,324.12,-36,-4,26,143,129,-31,-7,19,182,163,292
GE,GE Aerospace,300.29,2,120,28,29,179,9,31,39,31,110,289
ALLE,Allegion,177.36,2,121,18,23,164,5,77,19,24,125,289
MA,Mastercard,562.81,-33,-4,135,157,255,7,-22,19,28,32,287
PWR,Quanta Services,436.94,21,16,26,101,164,9,20,19,74,122,286
AU,AngloGold Ashanti,75.21,6,53,85,20,164,9,62,33,16,120,284
OGE,OGE Energy,47.04,17,14,77,47,155,20,15,77,16,128,283
RBC,RBC Bearings,372.82,-5,-11,102,166,252,-19,-32,23,59,31,283
WM,"Waste Management, Inc.",213.7,-9,-38,-1,189,141,-16,-1,-3,161,141,282
PNR,Pentair,110.32,-6,109,18,64,185,7,46,17,26,96,281
ETN,Eaton Corporation,381.93,7,19,17,116,159,5,26,17,74,122,281
DASH,DoorDash,272.6,-1,108,106,0,213,6,23,19,20,68,281
CNP,Centerpoint Energy,39.9,13,63,58,47,181,9,21,52,17,99,280
ALL,Allstate,200.01,-34,-1,106,161,232,-6,13,20,19,46,278
VMC,Vulcan Materials,303.27,0,61,15,62,138,23,69,19,29,140,278
TRV,Travelers Companies (The),269.43,-34,0,100,60,126,5,56,33,58,152,278
SCI,Service Corporation International,82.24,3,25,6,177,211,16,19,17,15,67,278
GS,Goldman Sachs,768.6,-38,109,101,60,232,5,-2,19,23,45,277
CMS,CMS Energy,75.33,99,8,85,25,217,26,11,7,16,60,277
FYBR,Frontier Communications,37.53,0,47,98,0,145,12,-1,103,16,130,275
PSTG,Pure Storage,92.6,72,39,8,44,163,7,31,15,59,112,275
LYV,Live Nation Entertainment,155.24,0,-6,103,149,246,7,-14,18,18,29,275
HPE,Hewlett Packard Enterprise,25.02,-1,105,10,44,158,2,42,16,56,116,274
DGX,Quest Diagnostics,187.42,11,48,77,20,156,28,-3,77,16,118,274
GRMN,Garmin,249.43,-6,82,121,21,218,-26,43,15,23,55,273
CRH,CRH plc,118.59,0,63,16,66,145,13,72,13,29,127,272
BWXT,BWX Technologies,203.78,21,107,22,37,187,13,19,19,33,84,271
FLEX,Flex Ltd.,63.63,21,38,27,60,146,13,31,19,59,122,268
DCI,Donaldson Company,82.41,1,61,11,67,140,9,68,19,32,128,268
IBKR,Interactive Brokers,69.76,-8,20,98,59,169,1,19,17,59,96,265
RBA,RB Global,105.12,-1,-15,113,29,126,12,-10,116,21,139,265
HEI,HEICO (Common),307.4,-33,-5,34,191,187,7,-13,25,59,78,265
AM,Antero Midstream,18.32,-35,1,157,25,148,-26,-2,87,57,116,264
YUM,Yum! Brands,144.51,-56,-5,0,261,200,5,-4,3,59,63,263
AIZ,Assurant,214.8,-6,50,10,154,208,11,12,11,21,55,263
BR,Broadridge Financial Solutions,231.48,-8,-23,123,147,239,9,-31,19,27,24,263
AJG,Arthur J. Gallagher & Co.,296.17,-35,-1,0,188,152,-4,13,-11,109,107,259
CMI,Cummins,423.49,-27,81,14,67,135,5,72,15,32,124,259
NI,NiSource,43.54,-23,16,83,47,123,5,16,98,16,135,258
TT,Trane Technologies,422.49,0,0,25,166,191,5,12,19,31,67,258
ABBV,AbbVie,226.39,-17,61,26,60,130,-19,68,12,66,127,257
CTAS,Cintas,187.51,-51,-43,-2,169,73,1,-5,-2,189,183,256
ITT,ITT Inc.,173.16,-35,115,25,101,206,5,-4,19,28,48,254
LRCX,Lam Research,144.81,2,31,18,154,205,12,23,19,-7,47,252
FWONA,Liberty Formula 1 (Series A),94.7,-30,22,78,64,134,4,36,18,58,116,250
UI,Ubiquiti,750.66,21,38,61,12,132,13,73,19,12,117,249
AMGN,Amgen,297.46,7,11,1,167,186,12,5,7,38,62,248
ADI,Analog Devices,238.27,0,0,20,181,201,12,-14,19,28,45,246
AME,Ametek,185.79,3,2,13,108,126,11,-13,19,103,120,246
SPOT,Spotify,671.28,-4,-2,121,14,129,-4,-6,104,22,116,245
WDC,Western Digital,120.44,0,109,21,20,150,-50,120,19,5,94,244
BLK,BlackRock,1203.53,11,108,26,24,169,13,19,19,23,74,243
JNJ,Johnson & Johnson,191.2,103,75,17,9,204,5,10,14,8,37,241
MEDP,Medpace,514.36,-14,83,13,34,116,12,93,13,4,122,238
MSFT,Microsoft,513.74,-26,0,25,175,174,1,17,19,27,64,238
GWRE,Guidewire Software,239.4,33,0,119,23,175,34,-14,19,22,61,236
TTWO,Take-Two Interactive,261.45,7,32,54,15,108,13,39,54,22,128,236
COKE,Coca-Cola Consolidated,126.93,81,12,0,68,161,40,5,-25,54,74,235
ALNY,Alnylam Pharmaceuticals,470.36,26,108,26,17,177,21,1,19,17,58,235
HOOD,Robinhood Markets,134.17,-14,111,90,0,187,-19,28,19,20,48,235
CINF,Cincinnati Financial,156.35,-22,52,94,64,188,-33,43,19,17,46,234
AMD,Advanced Micro Devices,238.61,79,8,7,112,206,7,10,19,-9,27,233
AMAT,Applied Materials,227.51,17,20,4,151,192,11,20,17,-7,41,233
PTC,PTC Inc.,202.85,1,0,15,184,200,13,-25,16,28,32,232
CME,CME Group,268.18,3,0,63,138,204,-5,13,-1,21,28,232
VRT,Vertiv,180.52,84,20,18,10,132,36,19,16,28,99,231
ULTA,Ulta Beauty,538.5,-22,119,21,6,124,-26,122,21,-11,106,230
AN,AutoNation,216.68,-2,46,26,63,133,12,6,19,59,96,229
XEL,Xcel Energy,81.81,1,65,60,14,140,-24,34,68,11,89,229
CACI,CACI,517.12,0,14,11,156,181,5,21,23,-3,46,227
NFLX,Netflix,1203.29,0,-2,125,22,145,-16,-20,96,22,82,227
TLN,Talen Energy,415.41,-14,121,48,0,155,-8,56,20,4,72,227
GILD,Gilead Sciences,118.34,51,7,60,37,155,12,1,17,41,71,226
ASTS,AST SpaceMobile,95.64,77,11,20,0,108,72,17,19,10,118,226
AXON,Axon Enterprise,644.96,-12,-25,154,96,213,-23,-16,19,32,12,225
HD,Home Depot (The),388.67,0,0,10,182,192,13,-12,11,21,33,225
LDOS,Leidos,186.61,-23,121,11,25,134,-31,78,22,21,90,224
EBAY,eBay,90.88,0,0,86,16,102,11,1,91,18,121,223
DRS,Leonardo DRS,40.19,-23,-1,148,60,184,-31,19,19,31,38,222
RKLB,Rocket Lab,69.28,70,29,58,0,157,5,31,19,10,65,222
OLLI,Ollie's Bargain Outlet,125.97,-4,-2,124,18,136,-2,-10,72,25,85,221
THC,Tenet Healthcare,199.24,0,46,23,59,128,7,43,17,26,93,221
RGLD,Royal Gold,202.32,7,39,70,20,136,14,47,5,18,84,220
VTR,"Ventas, Inc.",68.9,0,65,81,24,170,8,12,13,17,50,220
AXP,American Express,330.68,7,38,26,101,172,13,-6,17,23,47,219
NDAQ,"Nasdaq, Inc.",89.65,0,-17,85,146,214,2,-33,19,16,4,218
PNW,Pinnacle West Capital,93.71,88,7,3,20,118,63,10,-2,28,99,217
IVZ,Invesco,23.59,-5,85,16,4,100,5,81,16,15,117,217
PEG,Public Service Enterprise Group,84.73,14,0,4,154,172,13,13,-1,19,44,216
USFD,US Foods,77.23,14,-33,152,37,170,12,-14,19,28,45,215
EHC,Encompass Health,123.67,-76,43,152,31,150,5,-4,33,31,65,215
D,Dominion Energy,61.7,14,107,23,3,147,19,17,19,12,67,214
HII,Huntington Ingalls Industries,284.89,-1,148,17,8,172,-1,28,25,-11,41,213
MO,Altria,64.87,-21,62,79,47,167,-16,9,35,18,46,213
NVDA,Nvidia,179.87,-14,20,23,136,165,-18,18,19,28,47,212
C,Citigroup,99.75,11,109,28,20,168,13,-4,19,16,44,212
AEE,Ameren,105.39,7,17,65,15,104,14,11,70,12,107,211
AFL,Aflac,109.81,-6,45,10,60,109,-4,44,3,57,100,209
FWONK,Liberty Formula 1 (Series C),103.57,-28,22,79,59,132,-38,36,19,58,75,207
PGR,Progressive Corporation,226.54,-32,-89,-2,179,56,-25,-3,-12,191,151,207
APP,AppLovin,602.62,0,54,114,0,168,7,-3,15,20,39,207
BEPC,Brookfield Renewable Partners,40.63,96,18,19,0,133,16,27,19,12,74,207
XYL,Xylem Inc.,145.77,-9,109,17,24,141,5,18,19,24,66,207
LIN,Linde plc,451.32,-37,-5,22,112,92,-1,-11,19,108,115,207
HEI-A,HEICO (Class A),241.26,-34,-5,35,184,180,-26,-6,26,32,26,206
UNP,Union Pacific Corporation,225.79,-35,0,-2,200,163,1,17,4,21,43,206
HIG,Hartford (The),128.66,-35,0,103,59,127,-5,-4,30,58,79,206
AEP,American Electric Power,118.54,14,12,82,25,133,14,10,32,16,72,205
HCA,HCA Healthcare,420.48,-31,48,12,99,128,5,16,25,31,77,205
KMI,Kinder Morgan,27.62,-44,0,101,46,103,5,25,17,54,101,204
MDT,Medtronic,95.34,-6,76,20,3,93,-6,90,12,15,111,204
NTRA,Natera,179.43,42,40,10,20,112,61,1,9,21,92,204
PFGC,Performance Food Group,103.57,13,2,62,45,122,14,-10,19,59,82,204
AMG,Affiliated Managers Group,238.94,0,115,20,24,159,12,-6,19,19,44,203
EPR,EPR Properties,55.54,0,0,66,31,97,16,28,39,23,106,203
EXPE,Expedia Group,218.48,-5,82,58,13,148,16,8,15,16,55,203
LMT,Lockheed Martin,499.43,-7,35,0,167,195,-30,37,4,-4,7,202
PANW,Palo Alto Networks,206.77,-4,29,8,83,116,-23,30,19,59,85,201
CELH,Celsius Holdings,63.11,91,14,2,67,174,5,6,27,-11,27,201
TKO,TKO Group Holdings,191.29,-44,47,80,42,125,9,-5,19,52,75,200
NET,Cloudflare,217.44,-1,109,48,0,156,5,-2,19,21,43,199
VMI,Valmont Industries,410.3,7,14,71,60,152,5,14,16,12,47,199
ECG,Everus Construction Group,90.68,41,107,0,0,148,13,19,16,0,48,196
FSLR,First Solar,244.26,7,74,4,64,149,5,29,19,-8,45,194
CHD,Church & Dwight,86.41,-21,-57,-25,346,243,-33,-20,-23,27,-49,194
LOW,Lowe's,241.62,0,-6,0,168,162,13,-12,10,21,32,194
IRM,Iron Mountain,105.77,3,23,5,59,90,5,22,19,58,104,194
WFC,Wells Fargo,86.53,13,2,101,31,147,13,-8,19,21,45,192
AON,AON,355.91,-22,-5,0,179,152,2,-26,6,58,40,192
FERG,Ferguson Enterprises,241.4,21,10,20,67,118,13,14,19,27,73,191
STE,Steris,236.76,-77,0,23,197,143,5,-15,31,27,48,191
JCI,Johnson Controls,110.85,7,2,84,21,114,5,31,19,20,75,189
RCL,Royal Caribbean Group,311.05,0,-6,130,30,154,5,-19,19,29,34,188
SOFI,SoFi,28.01,0,101,55,0,156,5,-3,17,13,32,188
ELAN,Elanco,20.53,0,112,11,0,123,11,44,18,-8,65,188
KO,Coca-Cola Company (The),67.09,18,-38,0,184,164,12,3,-7,16,24,188
ATI,ATI Inc.,83.33,2,2,25,45,74,12,28,19,54,113,187
BX,Blackstone Inc.,163.98,1,0,1,144,146,12,-8,14,23,41,187
ROST,Ross Stores,156.99,21,52,9,37,119,17,11,8,31,67,186
TSCO,Tractor Supply Company,55.81,11,-15,16,87,99,13,-26,13,87,87,186
RSG,Republic Services,221.04,-7,-55,0,179,117,-4,-80,-10,162,68,185
LNT,Alliant Energy,68.63,14,17,77,16,124,16,11,19,15,61,185
CAH,Cardinal Health,155.71,0,14,64,40,118,-21,28,1,59,67,185
UTHR,United Therapeutics,432.36,-5,45,7,59,106,-34,45,7,61,79,185
CVS,CVS Health,80.68,28,44,19,1,92,33,48,9,2,92,184
LH,Labcorp,282.86,2,59,64,17,142,7,-2,17,20,42,184
AXS,AXIS Capital,96.01,-1,-1,95,47,140,12,-22,-2,55,43,183
MP,MP Materials,89.89,28,10,41,0,79,27,17,54,6,104,183
DTM,DT Midstream,111.89,-34,27,112,0,105,5,26,19,27,77,182
TER,Teradyne,141.05,-27,80,4,4,61,5,110,12,-7,120,181
SCCO,Southern Copper,131.93,0,31,7,65,103,13,44,19,2,78,181
RPM,RPM International,113.59,0,-11,0,182,171,14,-19,16,-2,9,180
TDG,TransDigm Group,1238.73,-6,-45,6,159,114,11,-2,-2,59,66,180
BKNG,Booking Holdings,5068.05,-7,-13,145,37,162,-3,-26,19,28,18,180
CEG,Constellation Energy,403.21,77,14,25,0,116,5,19,19,21,64,180
NOC,Northrop Grumman,608.93,-5,76,19,60,150,-23,10,26,14,27,177
AGNC,AGNC Investment,10.02,0,94,20,18,132,4,5,17,19,45,177
TDY,Teledyne Technologies,565.07,-28,108,61,16,157,-40,23,19,17,19,176
FTAI,FTAI Aviation,174.21,7,55,12,49,123,7,-3,15,33,52,175
SYY,Sysco,80.1,0,0,16,5,21,12,109,16,16,153,174
SYK,Stryker Corporation,369.84,0,-24,2,161,139,7,-21,17,31,34,173
MKL,Markel,1916.49,-5,-1,77,57,128,-1,1,17,28,45,173
H,Hyatt Hotels,146.88,3,14,6,57,80,12,6,15,57,90,170
ROIV,Roivant Sciences,16.99,20,46,10,0,76,11,62,19,2,94,170
DKS,Dick's Sporting Goods,234.22,16,3,6,65,90,13,23,9,35,80,170
CWEN,Clearway Energy (Class C),32.31,21,8,67,6,102,13,11,31,12,67,169
HLT,Hilton Worldwide,265.12,21,-1,25,66,111,33,-20,17,28,58,169
PSA,Public Storage,301.07,90,14,1,3,108,35,9,19,-2,61,169
EQIX,Equinix,822.51,42,3,0,36,81,54,22,-17,28,87,168
ARES,Ares Management,151.09,0,-16,0,61,45,11,-16,19,108,122,167
CSL,Carlisle Companies,331.33,3,-24,-6,180,153,15,-20,-3,22,14,167
SPGI,S&P Global,483.05,-2,-20,0,174,152,7,-32,17,23,15,167
COF,Capital One,215.14,7,-6,103,23,127,12,-12,19,20,39,166
CXT,Crane NXT,67.59,0,17,4,57,78,5,9,15,58,87,165
JBL,Jabil,206.92,0,-9,28,67,86,7,-7,20,59,79,165
WCC,Wesco International,218.81,0,2,16,60,78,5,6,17,59,87,165
ITW,Illinois Tool Works,247.74,-57,-6,11,180,128,5,-16,16,31,36,164
VST,Vistra Corp.,210.92,21,3,28,32,84,13,1,17,47,78,162
CBRE,CBRE Group,156.89,7,0,101,24,132,13,-16,17,16,30,162
JHG,Janus Henderson,44.41,0,2,15,21,38,9,78,16,20,123,161
KR,Kroger,69.11,47,-35,88,69,169,12,-38,-1,17,-10,159
EA,Electronic Arts,200.69,0,55,13,9,77,17,17,25,23,82,159
ED,Consolidated Edison,102.31,48,2,2,49,101,12,11,-13,47,57,158
MET,Metlife,81.65,-6,40,4,60,98,11,12,17,20,60,158
STLD,Steel Dynamics,146.05,0,23,9,57,89,11,37,19,1,68,157
ARMK,Aramark,39.79,0,0,24,42,66,7,6,19,58,90,156
INCY,Incyte,88.17,7,95,12,1,115,11,6,15,9,41,156
NFG,National Fuel Gas,86.2,-63,1,69,54,61,5,-2,80,12,95,156
THG,Hanover Insurance,172.04,-27,0,70,26,69,-33,40,62,16,85,154
CMA,Comerica,78.61,0,83,16,6,105,10,9,16,14,49,154
NLY,Annaly Capital Management,20.82,3,91,27,12,133,2,-16,17,18,21,154
STAG,STAG Industrial,37.53,20,3,3,98,124,13,3,19,-6,29,153
MRVL,Marvell Technology,88.89,0,16,1,108,125,1,18,9,-1,27,152
SNA,Snap-on,332.76,-50,30,7,61,48,9,24,12,59,104,152
NTAP,Netapp,121.46,13,52,7,59,131,13,-6,16,-3,20,151
CWEN-A,Clearway Energy (Class A),30.3,7,8,67,8,90,7,11,31,12,61,151
LNG,Cheniere Energy,225.23,-31,-5,69,60,93,1,-21,19,58,57,150
AMKR,Amkor Technology,31.3,2,94,1,4,101,13,30,13,-7,49,150
PAG,Penske Automotive Group,170.94,0,-10,24,64,78,13,-20,19,59,71,149
TSLA,"Tesla, Inc.",435.19,-5,48,7,12,62,7,54,13,12,86,148
FRHC,Freedom Holding,169.65,0,0,63,16,79,13,5,19,32,69,148
MU,Micron Technology,191.98,2,35,7,24,68,13,44,19,2,78,146
CVNA,Carvana,355.43,-6,-4,101,13,104,5,-1,19,18,41,145
SCHW,Charles Schwab Corporation,94.37,2,0,86,13,101,12,-3,19,16,44,145
TMUS,T-Mobile US,226.67,-1,-15,0,141,125,6,-24,1,37,20,145
POST,Post Holdings,104.01,-7,-1,-7,89,74,24,4,-17,59,70,144
LITE,Lumentum,156.66,-32,107,23,5,103,13,-1,17,12,41,144
MSGS,Madison Square Garden Sports,223.35,0,27,6,23,56,11,34,12,29,86,142
BRO,Brown & Brown,94.0,-4,-3,-8,165,150,-24,7,-19,28,-8,142
SSD,Simpson Manufacturing Company,169.97,0,-15,1,158,144,4,-20,15,-3,-4,140
AL,Air Lease Corporation,63.51,-4,39,26,24,85,14,-7,19,28,54,139
DINO,HF Sinclair,52.02,-1,111,9,3,122,13,-5,19,-10,17,139
KRMN,Karman Holdings,75.98,2,46,0,0,48,42,37,11,0,90,138
MTG,MGIC Investment Corporation,27.38,0,0,28,57,85,14,-10,19,30,53,138
AIT,Applied Industrial Technologies,247.96,-8,-1,16,60,67,5,-8,15,59,71,138
HR,Healthcare Realty Trust,18.46,14,77,11,2,104,17,-5,11,11,34,138
SHW,Sherwin-Williams,332.69,-56,-19,-2,192,115,5,-22,19,21,23,138
INTU,Intuit,652.79,-70,-40,26,193,109,11,-4,-1,22,28,137
WTW,Willis Towers Watson,339.64,-35,54,17,26,62,10,25,9,31,75,137
CSCO,Cisco,69.56,0,1,57,16,74,5,12,19,27,63,137
BOKF,BOK Financial Corporation,110.35,-7,78,9,24,104,2,1,13,16,32,136
MCO,Moody's Corporation,478.48,-21,-20,3,158,120,4,-32,17,27,16,136
DOCS,Doximity,68.07,-28,79,63,0,114,2,-4,9,14,21,135
PAYX,Paychex,127.52,48,-55,-5,169,157,20,-48,-10,16,-22,135
VRTX,Vertex Pharmaceuticals,407.91,0,0,-11,106,95,9,7,-15,39,40,135
ADP,Automatic Data Processing,284.27,-34,-32,0,182,116,6,-45,-3,59,17,133
TXRH,Texas Roadhouse,172.55,21,0,0,66,87,13,5,-5,33,46,133
R,Ryder,182.34,-36,0,20,58,42,5,10,17,58,90,132
MTSI,MACOM Technology Solutions,136.92,14,2,8,60,84,13,-13,17,31,48,132
KKR,KKR & Co. Inc.,124.47,0,-15,0,105,90,12,-8,15,23,42,132
PFG,Principal Financial Group,80.92,-40,38,6,57,61,2,33,16,20,71,132
RNR,RenaissanceRe,260.15,-4,20,3,37,56,14,15,17,30,76,132
MMM,3M,153.49,-6,0,83,16,93,9,-5,19,16,39,132
SNDK,SanDisk,144.35,21,42,0,0,63,13,44,11,0,68,131
BAC,Bank of America,52.3,7,42,26,20,95,5,-4,19,16,36,131
WWD,"Woodward, Inc.",251.52,-5,3,28,37,63,13,6,19,28,66,129
RGA,Reinsurance Group of America,192.4,-6,27,0,42,63,-1,9,3,55,66,129
EVR,Evercore,322.63,0,3,16,60,79,12,-7,17,28,50,129
HLI,Houlihan Lokey,192.83,0,0,26,46,72,14,-6,19,28,55,127
NOW,ServiceNow,903.27,-4,0,0,84,80,13,-7,17,24,47,127
BLD,TopBuild,441.14,46,6,11,48,111,5,1,15,-5,16,127
RBLX,Roblox Corporation,138.64,14,2,62,0,78,14,-4,25,13,48,126
OMF,OneMain Financial,55.06,0,-9,26,62,79,12,-13,19,28,46,125
EXEL,Exelixis,40.04,2,0,73,16,91,12,-1,-3,26,34,125
WAB,Wabtec,197.23,-27,0,4,51,28,7,12,19,58,96,124
O,Realty Income,59.47,0,53,19,9,81,12,-4,19,15,42,123
FICO,Fair Isaac,1639.02,-41,10,-2,168,135,-41,33,-37,33,-12,123
EXAS,Exact Sciences,60.57,86,29,2,-27,90,12,37,2,-18,33,123
M,"Macy's, Inc.",17.9,7,75,7,-17,72,13,38,8,-8,51,123
CPRT,Copart,44.57,0,-22,-22,178,134,11,-21,-32,30,-12,122
RJF,Raymond James Financial,163.73,-77,0,101,60,84,5,-4,16,21,38,122
WSM,"Williams-Sonoma, Inc.",190.93,-3,0,17,67,81,12,-6,11,23,40,121
BYD,Boyd Gaming,83.24,-49,0,57,61,69,5,-1,19,29,52,121
HRB,H&R Block,51.23,10,0,-10,54,54,21,6,-15,54,66,120
UHS,Universal Health Services,205.09,0,41,1,24,66,5,45,3,1,54,120
DAL,Delta Air Lines,61.71,35,2,10,21,68,9,3,11,28,51,119
PRI,Primerica,267.86,-47,0,3,110,66,10,-6,17,32,53,119
AFG,American Financial Group,136.52,-35,50,10,58,83,-43,50,13,16,36,119
VRSN,Verisign,265.8,0,-11,45,11,45,12,-9,61,9,73,118
CLH,Clean Harbors,231.94,0,-1,10,60,69,-2,-28,19,59,48,117
MAR,Marriott International,266.22,0,0,3,60,63,7,2,16,29,54,117
GL,Globe Life,138.11,0,0,54,16,70,32,-8,13,10,47,117
KNSL,Kinsale Capital Group,463.37,0,0,0,35,35,-7,6,-4,87,82,117
STWD,Starwood Property Trust,18.69,-1,-9,27,60,77,13,-16,19,23,39,116
MTZ,MasTec,204.58,-28,26,28,20,46,5,31,19,15,70,116
REG,Regency Centers,72.44,7,1,3,55,66,12,-2,19,21,50,116
FTNT,Fortinet,83.61,-27,0,-2,115,86,1,24,-11,15,29,115
ROP,Roper Technologies,499.57,-4,-53,-11,184,116,-22,3,-10,28,-1,115
GGG,Graco Inc.,82.25,-49,-19,1,180,113,5,-21,19,-2,1,114
CRWD,CrowdStrike,489.02,-6,20,54,0,68,-17,21,19,22,45,113
PLD,Prologis,122.76,7,38,8,1,54,10,37,19,-7,59,113
SF,Stifel,112.05,1,0,17,61,79,9,-13,16,22,34,113
WTM,White Mountains Insurance Group,1890.29,0,9,2,61,72,9,2,-29,58,40,112
PH,Parker Hannifin,737.88,-35,0,26,67,58,8,-5,19,32,54,112
LAMR,Lamar Advertising,121.01,0,0,10,66,76,10,-14,17,23,36,112
APO,Apollo Global Management,127.72,2,-16,-4,99,81,13,-8,-2,28,31,112
INFA,Informatica,24.89,0,100,1,0,101,-6,9,17,-9,11,112
HSY,Hershey Company (The),191.63,0,75,13,0,88,2,29,13,-21,23,111
SPG,Simon Property Group,178.51,-54,78,10,37,71,1,-2,17,23,39,110
BRX,Brixmor Property Group,27.06,0,0,9,57,66,10,-13,19,28,44,110
PM,Philip Morris International,157.73,3,-23,79,57,116,-4,-29,-3,29,-7,109
VICI,Vici Properties,31.3,-47,-8,67,17,29,9,-20,32,59,80,109
FHN,First Horizon Corporation,20.84,-7,-1,61,6,59,-18,38,17,12,49,108
MSA,MSA Safety,167.41,-34,-5,3,166,130,-45,11,19,-7,-22,108
VEEV,Veeva Systems,287.38,-27,14,54,10,51,2,14,19,20,55,106
MKSI,MKS Instruments,136.52,7,30,6,1,44,13,41,15,-7,62,106
EMR,Emerson Electric,130.31,-27,-7,25,66,57,5,-4,19,28,48,105
FR,First Industrial Realty Trust,53.71,12,41,3,16,72,12,-12,17,16,33,105
STT,State Street Corporation,116.28,0,3,26,18,47,10,13,18,16,57,104
SEIC,SEI Investments Company,82.6,-35,-29,101,37,74,9,-26,19,28,30,104
HON,Honeywell,202.49,-7,-44,0,180,129,9,-56,-2,24,-25,104
DLR,Digital Realty,175.21,2,3,6,24,35,7,22,19,21,69,104
CRUS,Cirrus Logic,122.62,-34,46,7,21,40,8,41,19,-5,63,103
VLO,Valero Energy,161.01,-8,38,9,46,85,11,-4,18,-7,18,103
TOL,Toll Brothers,134.37,0,0,1,63,64,11,-13,13,28,39,103
XPO,"XPO, Inc.",129.2,-16,2,3,63,52,1,5,16,29,51,103
LPX,Louisiana-Pacific,93.06,14,-21,-6,65,52,10,3,9,28,50,102
CLF,Cleveland-Cliffs,13.96,3,74,1,-18,60,5,34,12,-10,41,101
UNM,Unum,75.93,-35,2,7,42,16,2,29,-3,56,84,100
EXPD,Expeditors International,117.33,-41,0,1,133,93,9,-12,15,-5,7,100
PCAR,Paccar,95.25,-59,-6,-31,161,65,5,-12,6,36,35,100
SYF,Synchrony Financial,72.29,13,0,26,23,62,13,-12,17,20,38,100
ECL,Ecolab,273.75,-5,1,25,24,45,5,9,19,21,54,99
RVMD,Revolution Medicines,49.58,7,29,3,0,39,5,35,19,1,60,99
RRC,Range Resources,37.19,-28,1,4,44,21,1,27,-7,57,78,99
EQH,Equitable Holdings,48.66,-37,-12,101,13,65,2,-8,19,21,34,99
BPOP,"Popular, Inc.",119.94,-34,0,26,61,53,9,-4,19,21,45,98
MUSA,Murphy USA,377.74,0,-1,-22,70,47,20,-12,-38,81,51,98
BRK-B,Berkshire Hathaway,496.44,-34,35,1,64,66,9,9,-14,28,32,98
WBD,Warner Bros. Discovery,18.48,0,25,21,0,46,7,25,17,2,51,97
GWW,W. W. Grainger,958.02,-6,-16,-12,96,62,5,-19,-10,59,35,97
WAT,Waters Corporation,332.58,78,6,-14,1,71,34,5,-29,16,26,97
XOM,ExxonMobil,111.64,-29,3,6,46,26,5,-4,18,52,71,97
KRC,Kilroy Realty,40.54,-48,99,15,0,66,9,-7,15,13,30,96
KIM,Kimco Realty,21.73,7,0,3,57,67,11,-15,17,16,29,96
LSCC,Lattice Semiconductor,71.33,-6,51,10,0,55,2,44,11,-17,40,95
LPLA,LPL Financial,329.53,7,-34,1,101,75,7,-45,-2,59,19,94
CNA,CNA Financial,46.3,-4,-1,0,59,54,14,1,3,22,40,94
RPRX,Royalty Pharma,36.17,3,2,41,0,46,6,5,35,2,48,94
GTES,Gates Corporation,25.76,2,1,26,17,46,3,6,19,20,48,94
WTFC,Wintrust Financial,128.15,-8,-1,18,51,60,11,-15,17,21,34,94
EQT,EQT Corporation,55.44,-30,1,50,44,65,5,13,-2,12,28,93
ZS,Zscaler,302.33,-4,14,26,7,43,-12,22,19,20,49,92
AIG,American International Group,81.26,-4,9,37,55,97,-28,9,-9,23,-5,92
CB,Chubb Limited,278.31,-7,14,0,60,67,-32,11,-13,58,24,91
NNN,NNN Reit,42.66,2,1,9,24,36,12,8,19,16,55,91
MPC,Marathon Petroleum,183.84,-49,35,8,51,45,2,35,19,-10,46,91
OZK,Bank OZK,50.49,-29,0,26,58,55,9,-12,17,21,35,90
INTC,Intel,37.15,0,45,4,0,49,1,44,9,-14,40,89
AMP,Ameriprise Financial,481.55,-10,-33,3,66,26,2,-29,17,73,63,89
A,Agilent Technologies,139.63,1,35,3,1,40,5,41,10,-7,49,89
FAST,Fastenal,42.25,-54,-3,58,108,109,-44,-24,22,25,-21,88
CMG,Chipotle Mexican Grill,41.78,14,0,-15,82,81,13,8,-13,-2,6,87
NBIX,Neurocrine Biosciences,137.72,-4,46,9,27,78,5,-7,16,-6,8,86
SNPS,Synopsys,435.98,-28,-26,-6,182,122,-27,1,-3,-7,-36,86
DELL,Dell Technologies,153.71,0,13,5,34,52,1,18,19,-6,32,84
CHRW,C.H. Robinson,128.01,-36,77,12,4,57,5,-3,15,10,27,84
EG,Everest Group,348.55,-7,16,0,57,66,8,13,3,-7,17,83
DD,DuPont,78.54,0,3,3,21,27,7,38,16,-5,56,83
BBY,Best Buy,78.41,19,3,1,0,23,13,43,7,-4,59,82
NTRS,Northern Trust,129.9,0,2,25,13,40,11,-3,19,15,42,82
APG,APi Group,34.54,-2,-1,27,0,24,5,6,19,28,58,82
VKTX,Viking Therapeutics,35.12,81,5,-49,23,60,5,11,14,-8,22,82
RS,"Reliance, Inc.",272.74,-39,-53,-5,117,20,4,-18,-4,79,61,81
LECO,Lincoln Electric,238.78,3,0,16,67,86,10,-23,17,-9,-5,81
QSR,Restaurant Brands International,69.31,12,10,3,42,67,11,15,-2,-10,14,81
BURL,Burlington Stores,278.99,21,0,10,5,36,13,1,12,19,45,81
RITM,Rithm Capital,10.93,0,-15,26,34,45,9,-20,19,28,36,81
TXT,Textron,82.54,-30,2,3,55,30,5,33,19,-7,50,80
UBER,Uber,94.53,-32,28,27,1,24,5,-2,25,28,56,80
META,Meta Platforms,717.78,0,-12,26,31,45,1,-10,17,25,33,78
INGM,Ingram Micro,21.92,2,26,0,0,28,5,29,16,0,50,78
CORT,Corcept Therapeutics,76.81,-28,21,0,21,14,2,19,3,40,64,78
ADT,ADT Inc.,8.6,0,0,40,0,40,7,-14,34,10,37,77
ENTG,Entegris,94.59,0,25,0,0,25,13,37,8,-7,51,76
TRMB,Trimble Inc.,78.71,-35,-5,88,6,54,5,-15,17,14,21,75
GEV,GE Vernova,615.96,0,3,5,0,8,42,5,20,0,67,75
AWK,American Water Works,142.53,14,0,35,1,50,5,7,3,10,25,75
FCX,Freeport-McMoRan,41.72,0,-4,2,60,58,2,3,19,-8,16,74
T,AT&T,26.08,-127,-11,79,18,-41,8,-14,103,17,114,73
UAL,United Airlines Holdings,104.18,21,2,10,13,46,11,-15,13,18,27,73
ELF,e.l.f. Beauty,134.02,-5,35,0,33,63,1,-2,17,-7,9,72
CFG,Citizens Financial Group,51.7,-38,2,17,6,-13,9,44,16,16,85,72
SUI,Sun Communities,124.66,0,0,12,-26,-14,7,46,19,13,85,71
SMCI,Supermicro,53.94,0,11,0,60,71,-25,22,14,-11,0,71
JLL,Jones Lang LaSalle,304.13,12,1,13,16,42,12,-12,13,16,29,71
PODD,Insulet,312.45,0,-1,54,6,59,-1,-18,23,8,12,71
PHM,PulteGroup,124.74,-49,0,10,67,28,9,-12,15,31,43,71
FIVE,Five Below,152.62,1,3,9,0,13,13,42,20,-17,58,71
FLUT,Flutter Entertainment,250.01,6,-13,1,23,17,32,-24,17,29,54,71
SNOW,Snowflake Inc.,240.86,0,34,24,0,58,-17,8,19,3,13,71
SAIL,SailPoint,22.85,1,24,0,0,25,5,29,11,0,45,70
PEGA,Pegasystems,55.24,-4,2,28,7,33,7,-4,17,17,37,70
NEU,NewMarket,786.69,-32,0,28,31,27,-26,9,31,29,43,70
NDSN,Nordson,231.92,0,39,3,3,45,5,10,19,-9,25,70
QS,QuantumScape,17.86,21,21,15,0,57,13,21,17,-38,13,70
HALO,Halozyme,66.39,0,0,16,21,37,14,-8,10,16,32,69
ABT,Abbott Laboratories,129.46,-7,0,65,15,73,-24,-1,5,16,-4,69
LLYVK,Liberty Live (Series C),90.25,0,0,39,0,39,22,-14,19,2,29,68
DRI,Darden Restaurants,188.4,0,-20,1,63,44,12,-15,-5,32,24,68
AVT,Avnet,52.52,7,1,10,47,65,11,-23,19,-4,3,68
SHC,Sotera Health,16.25,7,48,10,0,65,12,-12,11,-8,3,68
ALLY,Ally Financial,39.7,12,0,11,6,29,13,-10,17,18,38,67
CPNG,Coupang,31.55,-27,28,26,0,27,4,-2,19,19,40,67
LLYVA,Liberty Live (Series A),87.61,0,0,39,0,39,20,-13,19,2,28,67
BAM,Brookfield Asset Management,56.23,-27,-4,74,0,43,2,-8,19,10,23,66
FNB,FNB Corporation,15.79,-35,0,10,57,32,11,-16,18,21,34,66
ESI,Element Solutions,25.63,-30,3,3,59,35,9,9,16,-3,31,66
EGP,EastGroup Properties,174.6,7,14,3,10,34,8,12,19,-7,32,66
COHR,Coherent Corp.,110.44,-10,20,7,17,34,-20,19,16,17,32,66
EXP,Eagle Materials,241.72,11,2,-24,59,48,5,6,9,-2,18,66
TNL,Travel + Leisure Co.,60.29,0,0,18,18,36,11,-13,16,16,30,66
NSC,Norfolk Southern,289.86,-36,23,20,6,13,1,17,19,16,53,66
ROK,Rockwell Automation,352.1,3,3,24,17,47,12,-1,19,-13,17,64
GM,General Motors,57.83,0,2,16,13,31,5,-4,16,15,32,63
NU,Nubank,15.19,-30,40,10,0,20,5,-3,19,21,42,62
LOAR,Loar Holdings,80.92,19,6,1,0,26,11,36,-12,0,35,61
PG,Procter & Gamble,147.43,-45,-18,-15,181,103,-35,-12,-23,28,-42,61
CCL,Carnival Corporation & plc,28.84,7,-3,26,0,30,5,-14,17,21,29,59
GNRC,Generac,191.82,40,1,12,-36,17,13,1,16,12,42,59
EXR,Extra Space Storage,149.26,21,3,1,1,26,13,3,1,15,32,58
PSX,Phillips 66,129.57,-10,3,4,43,40,12,-5,18,-7,18,58
VNO,Vornado Realty Trust,40.37,2,3,7,6,18,10,-5,17,17,39,57
ES,Eversource Energy,72.25,-5,19,24,2,40,-29,23,19,4,17,57
K,Kellanova,82.78,0,13,3,23,39,12,7,-16,15,18,57
CSX,CSX Corporation,36.25,3,13,5,6,27,5,12,19,-8,28,55
BWA,BorgWarner,42.26,-49,2,17,4,-26,5,75,19,-18,81,55
WST,West Pharmaceutical Services,262.96,-1,29,0,-9,19,6,30,10,-10,36,55
GLPI,Gaming and Leisure Properties,44.84,-51,-7,0,67,9,3,-15,-2,59,45,54
FOXA,Fox Corporation (Class A),57.52,-58,-1,77,3,21,2,-3,17,16,32,53
PCOR,Procore,72.76,0,23,1,0,24,3,-4,9,21,29,53
IPGP,IPG Photonics,86.24,1,108,10,-46,73,5,6,15,-46,-20,53
CFLT,"Confluent, Inc.",22.75,70,6,-12,0,64,-16,29,-27,2,-12,52
LEN-B,Lennar (Class B),115.12,0,-6,-2,64,56,8,-19,10,-3,-4,52
DNB,Dun & Bradstreet,9.15,29,52,-28,0,53,46,-13,2,-37,-2,51
HAYW,Hayward Holdings,15.45,3,0,3,0,6,9,1,17,18,45,51
AGO,Assured Guaranty,80.99,-53,-5,-2,58,-2,9,22,-2,24,53,51
PKG,Packaging Corporation of America,209.73,-56,2,4,63,13,5,-7,12,28,38,51
EXE,Expand Energy,103.18,-33,0,50,0,17,2,27,-8,12,33,50
NVR,"NVR, Inc.",7645.15,-49,-5,-2,67,11,12,-16,12,31,39,50
HHH,Howard Hughes Holdings,81.0,-35,49,7,0,21,7,-2,8,16,29,50
ADC,Agree Realty,73.76,28,3,2,18,51,33,-36,-14,15,-2,49
JAZZ,Jazz Pharmaceuticals,135.97,0,49,3,-8,44,1,41,4,-41,5,49
LAZ,Lazard,49.81,0,-7,11,22,26,5,-13,16,15,23,49
DDOG,Datadog,160.05,0,14,8,0,22,-16,26,16,1,27,49
APA,APA Corporation,23.25,-34,49,1,-14,2,6,47,14,-21,46,48
FOX,Fox Corporation (Class B),51.6,-58,-4,76,3,17,5,-3,16,11,29,46
RKT,Rocket Companies,16.74,0,-1,13,0,12,23,-10,18,3,34,46
LEN,Lennar (Class A),122.44,0,-5,-6,66,55,5,-19,10,-5,-9,46
IQV,IQVIA,203.2,3,12,3,0,18,18,6,11,-8,27,45
TFSL,Third Federal S&L,13.19,-5,0,12,7,14,10,-20,19,21,30,44
EWBC,East West Bancorp,101.23,-35,-1,18,24,6,5,-6,18,21,38,44
SFM,Sprouts Farmers Market,114.13,21,-57,-4,48,8,39,-55,-8,59,35,43
COIN,Coinbase,336.21,-14,0,18,0,4,-19,20,18,20,39,43
TEM,Tempus AI,91.94,-1,46,0,0,45,-21,7,12,0,-2,43
OSK,Oshkosh Corporation,136.15,7,0,20,6,33,11,-24,17,4,8,41
ESAB,ESAB,121.42,12,0,1,0,13,5,6,-2,19,28,41
AA,Alcoa,36.47,1,38,2,-22,19,2,43,11,-34,22,41
LNC,Lincoln Financial,39.54,-8,0,27,3,22,12,-20,17,10,19,41
QGEN,Qiagen,47.52,3,-26,21,0,-2,12,4,19,7,42,40
NCLH,Norwegian Cruise Line Holdings,23.58,0,0,9,0,9,10,-13,12,22,31,40
VVV,Valvoline,35.22,14,-15,-4,33,28,13,-12,16,-6,11,39
MANH,Manhattan Associates,199.99,-16,-17,0,67,34,5,-11,12,-2,4,38
GXO,GXO Logistics,53.89,-1,3,10,0,12,9,9,18,-10,26,38
DUOL,Duolingo,341.04,6,0,0,0,6,5,12,-10,25,32,38
CG,Carlyle Group (The),59.4,-40,0,17,23,0,11,-10,16,20,37,37
FTI,TechnipFMC,35.58,-70,-1,26,29,-16,1,-6,19,39,53,37
SSNC,SS&C Technologies,80.8,-57,-5,99,16,53,-41,-8,16,17,-16,37
LAD,Lithia Motors,307.15,0,-8,-4,16,4,13,-13,10,23,33,37
HAS,Hasbro,74.15,0,-5,23,5,23,5,-23,19,13,14,37
IDXX,Idexx Laboratories,639.38,12,0,23,6,41,13,-27,19,-10,-5,36
FCNCA,First Citizens BancShares,1746.67,-2,-29,-5,61,25,12,-22,-2,23,11,36
BG,Bunge Global,93.11,7,1,1,1,10,5,9,19,-7,26,36
VIK,Viking Holdings,61.75,14,2,0,0,16,14,-13,19,0,20,36
PEP,PepsiCo,151.17,34,4,0,0,38,27,-23,8,-15,-3,35
SSB,SouthState Corporation,96.95,-30,0,9,24,3,10,-12,13,21,32,35
TRGP,Targa Resources,151.12,-35,-5,-2,53,11,-26,-5,-2,56,23,34
MCHP,Microchip Technology,65.21,0,0,1,0,1,13,10,19,-9,33,34
FHB,"First Hawaiian, Inc.",24.01,-8,-6,1,16,3,12,-13,16,16,31,34
FNF,Fidelity National Financial,56.16,-56,0,0,60,4,11,-8,4,23,30,34
SPR,Spirit AeroSystems,38.54,-30,-5,27,0,-8,9,-22,39,16,42,34
F,Ford Motor Company,11.77,-41,3,11,0,-27,5,43,19,-7,60,33
SARO,StandardAero,28.34,19,0,0,0,19,13,3,-2,0,14,33
ALB,Albemarle Corporation,98.18,21,25,1,-25,22,7,16,13,-27,9,31
WBS,Webster Bank,58.19,-36,0,17,16,-3,12,-14,17,19,34,31
WFRD,Weatherford International,63.03,-54,80,0,0,26,5,-2,9,-7,5,31
NYT,New York Times Company,54.87,-6,-11,11,18,12,2,-25,19,23,19,31
ICE,Intercontinental Exchange,157.48,-77,-33,0,163,53,-5,-39,-1,23,-22,31
AMZN,Amazon,215.63,-15,-4,26,23,30,-20,-17,16,22,1,31
FDX,FedEx,235.82,-35,3,-2,34,0,7,19,11,-6,31,31
OHI,Omega Healthcare Investors,40.08,-58,0,15,42,-1,2,-18,14,33,31,30
TPG,TPG Inc.,57.17,-8,-4,11,0,-1,5,-8,13,21,31,30
DHR,Danaher Corporation,206.18,-1,11,-2,0,8,10,6,12,-6,22,30
CUBE,CubeSmart,41.12,14,2,0,3,19,13,1,1,-4,11,30
LFUS,Littelfuse,264.41,10,2,12,4,28,7,-12,17,-10,2,30
ADM,Archer Daniels Midland,63.73,6,9,11,0,26,4,2,19,-22,3,29
WMS,Advanced Drainage Systems,141.16,10,2,1,5,18,5,-8,19,-5,11,29
MTD,Mettler Toledo,1305.03,0,11,3,0,14,5,4,13,-7,15,29
VOYA,Voya Financial,74.25,-6,2,10,6,12,11,-8,17,-3,17,29
HPQ,HP Inc.,28.64,20,3,0,1,24,13,-14,8,-3,4,28
WDAY,"Workday, Inc.",234.81,-7,21,-19,16,11,5,29,-13,-4,17,28
CCI,Crown Castle,98.12,38,0,1,-30,9,7,9,-4,7,19,28
CFR,Frost Bank,126.93,-6,-1,7,6,6,11,-18,17,12,22,28
ROKU,"Roku, Inc.",98.56,-37,3,19,-21,-36,5,38,14,6,63,27
WTRG,Essential Utilities,40.69,3,9,15,1,28,-22,11,3,7,-1,27
RRX,Regal Rexnord,145.36,-1,-7,1,5,-2,7,8,16,-3,28,26
PRU,Prudential Financial,103.15,1,-12,-22,57,24,12,-22,13,-1,2,26
PATH,UiPath,16.7,0,18,2,0,20,-14,28,3,-12,5,25
U,Unity Technologies,37.42,-4,0,15,0,11,2,-9,19,2,14,25
CHWY,Chewy,37.97,-8,-3,50,0,39,-12,1,-10,7,-14,25
CNM,Core & Main,51.96,0,-27,1,0,-26,5,1,19,26,51,25
GAP,Gap Inc.,21.08,3,-6,0,20,17,11,-13,-12,21,7,24
DHI,D. R. Horton,155.2,-49,0,1,67,19,11,-15,13,-4,5,24
MAS,Masco,67.53,-56,-5,-6,67,0,9,-19,10,23,23,23
Z,Zillow (Class C),73.22,0,-12,1,0,-11,11,-12,13,22,34,23
LUV,Southwest Airlines,33.57,13,2,10,-41,-16,11,5,17,6,39,23
ZG,Zillow (Class A),69.98,0,-12,1,0,-11,11,-12,12,22,33,22
TPL,Texas Pacific Land Corporation,927.78,-35,0,-18,60,7,5,9,-14,15,15,22
GLIBA,GCI Liberty (Series A),37.53,7,0,0,0,7,6,8,0,0,14,21
HST,Host Hotels & Resorts,16.58,0,0,7,4,11,12,-11,17,-8,10,21
GLIBK,GCI Liberty (Series C),37.51,7,0,0,0,7,5,9,0,0,14,21
OTIS,Otis Worldwide,91.47,3,0,-13,0,-10,5,21,-23,28,31,21
NWSA,News Corp (Class A),26.58,-77,-10,0,60,-27,8,-3,19,23,47,20
WSO,Watsco,359.61,-38,-53,-12,198,95,-47,10,-37,-1,-75,20
RMD,Resmed,269.66,-26,-2,26,15,13,-32,6,18,15,7,20
SEE,Sealed Air,34.45,-27,39,5,-26,-9,3,42,17,-34,28,19
APTV,Aptiv,83.67,-39,46,10,-26,-9,5,42,19,-38,28,19
LYFT,Lyft,20.01,-60,43,10,-3,-10,9,-1,19,2,29,19
HBAN,Huntington Bancshares,16.23,-54,-6,18,23,-19,11,-10,19,18,38,19
ONTO,Onto Innovation,133.12,-30,38,-35,0,-27,7,41,4,-6,46,19
VNT,Vontier,40.42,0,0,14,0,14,5,-10,17,-7,5,19
PSN,Parsons Corporation,84.12,-5,21,0,1,17,-26,18,12,-3,1,18
SEB,Seaboard Corporation,3434.31,0,0,14,-1,13,5,-19,17,2,5,18
ACGL,Arch Capital Group,89.56,-7,-1,-17,64,39,-30,7,3,-2,-22,17
CI,Cigna,294.47,-7,0,-2,60,51,-26,6,-12,-3,-35,16
BLDR,Builders FirstSource,126.29,0,-4,-37,67,26,5,-20,9,-5,-11,15
JEF,Jefferies Financial Group,54.61,-109,-6,-2,60,-57,11,-8,10,59,72,15
PK,Park Hotels & Resorts,11.08,7,0,0,0,7,13,-11,12,-7,7,14
BROS,Dutch Bros. Coffee,55.05,21,-23,-4,0,-6,33,-23,-3,13,20,14
THO,Thor Industries,104.39,1,0,10,4,15,11,-19,15,-8,-1,14
VTRS,Viatris,10.0,-6,0,1,0,-5,7,3,11,-3,18,13
AOS,A. O. Smith,69.22,-49,-4,0,60,7,5,-12,19,-7,5,12
DOV,Dover Corporation,162.67,-49,-34,-12,108,13,5,-25,-2,21,-1,12
GPC,Genuine Parts Company,133.59,0,0,10,0,10,10,-9,19,-19,1,11
SNV,Synovus,47.0,-8,-18,1,23,-2,12,-13,-2,16,13,11
RF,Regions Financial Corporation,24.75,-54,-1,16,24,-15,5,-12,17,16,26,11
PVH,PVH Corp.,83.19,3,2,0,3,8,10,-6,8,-9,3,11
FRT,Federal Realty Investment Trust,98.24,0,1,1,3,5,11,-12,10,-3,6,11
AFRM,Affirm Holdings,73.08,-27,-7,21,0,-13,2,-15,17,19,23,10
ADSK,Autodesk,305.08,-49,0,8,16,-25,2,-7,19,21,35,10
ZION,Zions Bancorporation,54.05,-37,-1,9,6,-23,10,-10,16,17,33,10
DKNG,DraftKings,35.51,4,-12,-3,0,-11,8,-20,11,22,21,10
SMMT,Summit Therapeutics,22.65,7,-28,4,16,-1,-11,6,-6,21,10,9
MPW,Medical Properties Trust,5.27,-32,29,6,-38,-35,7,35,1,1,44,9
COLB,Columbia Banking System,26.16,0,2,3,0,5,11,-20,14,-1,4,9
HLNE,Hamilton Lane,120.33,0,-16,-7,27,4,17,-31,-4,23,5,9
DOC,Healthpeak Properties,18.53,-38,30,-2,-33,-43,5,33,3,11,52,9
LW,Lamb Weston,63.96,0,14,0,-10,4,2,6,12,-16,4,8
DE,Deere & Company,448.66,-27,-39,0,111,45,5,-52,-2,12,-37,8
ON,ON Semiconductor,50.36,7,0,0,-3,4,13,-7,15,-17,4,8
AES,AES Corporation,14.74,2,11,0,-13,0,7,12,15,-26,8,8
PCG,PG&E Corporation,16.69,13,14,-39,3,-9,9,8,2,-3,16,7
LBTYA,Liberty Global (Series A),11.07,0,0,-2,0,-2,13,-13,10,-1,9,7
SW,Smurfit Westrock,41.76,-1,-24,-6,18,-13,10,-18,9,19,20,7
MRP,Millrose Properties,32.08,0,0,0,0,0,8,-13,12,0,7,7
UNH,UnitedHealth Group,361.25,0,31,-27,0,4,2,43,-40,-3,2,6
HIW,Highwoods Properties,30.14,-37,0,9,8,-20,-46,38,19,15,26,6
DIS,Walt Disney Company (The),111.74,-4,-24,24,-2,-6,7,-20,19,5,11,5
TKR,Timken Company,74.73,0,-5,1,6,2,9,-15,16,-7,3,5
INGR,Ingredion,120.43,-5,-53,-7,36,-29,4,-23,-5,58,34,5
WING,Wingstop,250.3,0,-30,-6,40,4,13,-43,-2,33,1,5
MDB,MongoDB Inc.,317.82,-28,43,7,-11,11,2,-8,11,-11,-6,5
QCOM,Qualcomm,162.99,-40,3,0,24,-13,11,-4,17,-7,17,4
XP,XP Inc.,16.53,0,-8,1,0,-7,5,-9,25,-10,11,4
REYN,Reynolds Consumer Products,23.78,-26,50,-37,0,-13,3,13,6,-5,17,4
IR,Ingersoll Rand,76.66,-45,-5,-2,25,-27,5,28,-1,-2,30,3
EOG,EOG Resources,108.49,-8,-19,-7,47,13,1,-22,12,-1,-10,3
AMH,American Homes 4 Rent,32.58,-4,-55,-17,70,-6,21,-24,-5,17,9,3
TROW,T. Rowe Price,105.72,0,0,3,-27,-24,13,1,15,-2,27,3
CR,Crane Co.,180.8,2,-24,25,0,3,9,-36,19,7,-1,2
BC,Brunswick Corporation,63.12,0,0,1,-9,-8,11,-4,13,-11,9,1
MHK,Mohawk Industries,127.46,9,0,0,-13,-4,12,-15,11,-3,5,1
LBTYK,Liberty Global (Series C),11.2,0,0,-2,-1,-3,10,-13,8,-2,3,0
MASI,Masimo,148.62,0,0,0,-8,-8,9,11,-24,12,8,0
ALSN,Allison Transmission,83.11,0,-19,-14,37,4,5,-15,-30,36,-4,0
EQR,Equity Residential,62.1,0,-10,-5,15,0,11,-14,-12,15,0,0
FANG,Diamondback Energy,142.0,-32,-4,-38,49,-25,5,14,13,-7,25,0
TTEK,Tetra Tech,32.49,-5,-19,-38,121,59,-27,-45,15,-3,-60,-1
KEY,Keycorp,17.75,-54,-1,17,6,-32,11,-12,17,15,31,-1
TFC,Truist Financial,43.26,-47,-4,10,6,-35,9,-7,16,16,34,-1
IP,International Paper,46.97,14,-32,0,18,0,7,-24,-3,18,-2,-2
NWS,News Corp (Class B),29.93,-77,-11,0,60,-28,8,-3,-2,23,26,-2
CRL,Charles River Laboratories,170.72,0,11,0,-28,-17,4,6,15,-10,15,-2
PINS,Pinterest,33.34,14,-18,0,-2,-6,13,-18,15,-7,3,-3
BXP,"BXP, Inc.",71.72,-47,1,7,0,-39,7,-5,19,15,36,-3
CACC,Credit Acceptance,491.56,0,-1,0,0,-1,9,3,-7,-7,-2,-3
BHF,Brighthouse Financial,48.28,-7,0,-2,0,-9,11,-4,-12,10,5,-4
UWMC,United Wholesale Mortgage,5.32,-6,0,0,0,-6,11,-10,7,-6,2,-4
BKR,Baker Hughes,44.46,-49,0,13,37,1,-42,-4,13,28,-5,-4
TRU,TransUnion,79.45,10,-19,-4,0,-13,5,-12,-2,16,7,-6
RGEN,Repligen,149.52,3,14,3,-19,1,12,17,3,-39,-7,-6
DAY,Dayforce,68.28,-40,42,9,-14,-3,4,-14,9,-2,-3,-6
IPG,Interpublic Group of Companies (The),27.04,0,2,1,0,3,5,-2,7,-19,-9,-6
WAL,Western Alliance Bancorporation,78.87,-45,-5,1,6,-43,11,-12,16,20,35,-8
CVX,Chevron Corporation,152.15,-91,0,16,50,-25,9,-11,10,8,16,-9
BIO,Bio-Rad Laboratories,307.48,18,12,1,-30,1,13,6,10,-39,-10,-9
HOG,Harley-Davidson,26.9,0,0,0,-11,-11,12,-12,14,-13,1,-10
ETSY,Etsy,70.72,-2,15,6,-32,-13,5,17,19,-39,2,-11
GEHC,GE HealthCare,73.23,-27,-4,-2,0,-33,7,-4,8,10,21,-12
EL,Estée Lauder Companies (The),95.27,12,3,0,-28,-13,14,6,17,-37,0,-13
RLI,RLI Corp.,62.29,-7,-93,-19,178,59,-5,-27,-38,-2,-72,-13
CTVA,Corteva,61.92,-37,-23,62,1,3,-34,-15,19,13,-17,-14
OLED,Universal Display Corporation,142.26,-6,0,-46,-1,-53,13,14,19,-7,39,-14
DG,Dollar General,106.33,21,-19,1,-19,-16,33,-34,31,-28,2,-14
MDLZ,Mondelez International,61.67,-2,0,-2,0,-4,9,-5,-4,-11,-11,-15
HXL,Hexcel,62.38,-27,0,3,0,-24,1,6,13,-11,9,-15
SOLV,Solventum,71.56,-36,-7,0,0,-43,7,6,15,0,28,-15
KEYS,Keysight,164.94,-50,3,7,2,-38,3,-4,17,7,23,-15
TMO,Thermo Fisher Scientific,528.24,0,12,3,0,15,-34,4,4,-5,-31,-16
NUE,Nucor,136.73,-6,-4,0,0,-10,9,-21,16,-10,-6,-16
MIDD,Middleby,133.77,-6,-5,-12,0,-23,10,-19,1,15,7,-16
KDP,Keurig Dr Pepper,26.95,28,-37,-8,-2,-19,8,-31,27,-2,2,-17
UGI,UGI Corporation,32.56,0,-36,51,6,21,5,-49,-2,7,-39,-18
QRVO,Qorvo,89.95,0,0,0,-33,-33,9,-4,17,-7,15,-18
VRSK,Verisk Analytics,243.97,0,-57,-5,116,54,-68,-23,-11,30,-72,-18
HAL,Halliburton,22.42,-42,35,-2,-1,-10,2,-4,4,-11,-9,-19
XYZ,"Block, Inc.",76.11,-4,0,3,-38,-39,3,5,13,-1,20,-19
ALK,Alaska Air Group,48.83,-9,-15,-4,1,-27,5,-15,7,11,8,-19
CTRA,Coterra,23.22,-27,-5,-14,46,0,5,-18,-21,15,-19,-19
RAL,Ralliant,43.19,-35,-2,0,0,-37,5,13,0,0,18,-19
BIIB,Biogen,143.62,-27,45,0,-29,-11,-47,52,6,-20,-9,-20
BJ,BJ's Wholesale Club,94.75,21,-76,-4,12,-47,21,-43,-11,60,27,-20
DLTR,Dollar Tree,95.96,21,-28,1,-17,-23,30,-37,34,-24,3,-20
RBRK,Rubrik,79.07,-13,-26,1,0,-38,-18,-18,53,0,17,-21
AGCO,AGCO,106.99,-8,-6,16,0,2,5,-33,20,-15,-23,-21
OMC,Omnicom Group,79.31,3,2,-36,3,-28,5,-2,6,-3,6,-22
EIX,Edison International,56.74,13,2,-41,0,-26,12,-14,9,-3,4,-22
RIVN,Rivian,13.4,0,0,0,0,0,5,-5,1,-23,-22,-22
MTB,M&T Bank,185.22,-84,-6,10,24,-56,9,-8,17,16,34,-22
MSCI,MSCI,549.53,-27,-4,0,16,-15,-29,-16,16,22,-7,-22
OWL,Blue Owl Capital,17.12,12,-40,-13,0,-41,13,-16,-2,23,18,-23
IOT,Samsara,37.74,-4,0,-19,0,-23,2,2,-26,22,0,-23
CART,Maplebear Inc.,39.58,15,-25,-3,0,-13,5,-15,-2,1,-11,-24
RDDT,Reddit,200.84,-12,0,6,0,-6,-18,-11,11,0,-18,-24
AR,Antero Resources,32.14,-35,0,-3,12,-26,1,-2,-9,12,2,-24
PR,Permian Resources,12.29,-14,-13,-3,28,-2,-26,-12,19,-4,-23,-25
CAR,Avis Budget Group,152.21,0,-14,18,-22,-18,16,-6,22,-39,-7,-25
KMB,Kimberly-Clark,119.92,-2,-24,-8,20,-14,11,-31,-20,28,-12,-26
BA,Boeing,214.03,-30,-5,17,0,-18,8,-23,19,-13,-9,-27
HOLX,Hologic,67.02,-21,1,0,0,-20,-19,9,12,-9,-7,-27
SN,SharkNinja,94.82,0,-12,1,0,-11,5,-40,16,3,-16,-27
JHX,James Hardie Industries,22.56,14,0,-36,-3,-25,5,6,-9,-5,-3,-28
MSM,MSC Industrial Direct,85.3,-47,-4,16,60,25,-49,-12,19,-11,-53,-28
REXR,Rexford Industrial,42.28,7,3,1,-20,-9,10,-11,15,-34,-20,-29
CF,CF Industries,85.44,-32,-1,6,6,-21,-33,16,-2,10,-9,-30
MAT,Mattel,17.88,-4,-4,-13,0,-21,5,3,16,-33,-9,-30
NXST,Nexstar Media Group,193.99,-26,-1,18,6,-3,-33,-22,16,12,-27,-30
TOST,"Toast, Inc.",37.23,13,-32,1,0,-18,13,-42,-2,19,-12,-30
FITB,Fifth Third Bancorp,42.92,-93,-1,9,24,-61,9,-12,16,18,31,-30
WYNN,Wynn Resorts,118.09,-63,0,17,5,-41,2,-1,19,-10,10,-31
VNOM,Viper Energy,36.84,-49,-5,-18,46,-26,-47,-5,-2,49,-5,-31
TW,Tradeweb,107.92,20,-50,-7,2,-35,33,-46,-8,25,4,-31
REGN,Regeneron Pharmaceuticals,576.77,0,1,-50,0,-49,10,6,5,-6,15,-34
ZM,Zoom Communications,79.54,-27,0,9,-2,-20,-19,-10,9,6,-14,-34
LEA,Lear Corporation,100.26,0,-5,0,-19,-24,5,-16,18,-17,-10,-34
ALAB,Astera Labs,161.46,-22,0,6,0,-16,-22,-10,14,0,-18,-34
AUR,Aurora Innovation,5.49,3,-15,-10,0,-22,5,-8,-27,17,-13,-35
CPAY,Corpay,287.98,-4,-53,-7,23,-41,5,-22,-4,27,6,-35
ALGM,Allegro MicroSystems,28.89,7,-19,20,0,8,13,-55,17,-18,-43,-35
VLTO,Veralto,101.89,-46,-5,11,0,-40,1,-15,18,0,4,-36
BILL,Bill.com,49.27,-41,34,-33,0,-40,1,34,7,-39,3,-37
SITE,SiteOne Landscape Supply,122.3,0,-16,-5,-11,-32,13,-20,12,-10,-5,-37
QXO,"QXO, Inc.",19.48,-6,-18,0,-16,-40,5,-16,22,-8,3,-37
LINE,"Lineage, Inc.",40.37,-4,-5,0,0,-9,5,6,-40,0,-29,-38
BSY,Bentley Systems,50.69,-44,-7,18,0,-33,7,-23,19,-8,-5,-38
CGNX,Cognex Corporation,45.8,1,3,10,-33,-19,12,-4,15,-42,-19,-38
NSA,National Storage Affiliates,31.73,22,2,-24,-6,-6,14,1,-45,-3,-33,-39
ST,Sensata Technologies,31.94,7,0,1,-17,-9,10,-20,17,-37,-30,-39
CRM,Salesforce,236.59,-8,-2,-22,24,-8,-6,-18,-30,23,-31,-39
NTNX,Nutanix,67.92,-60,-2,7,24,-31,-47,-6,19,26,-8,-39
CUZ,Cousins Properties,26.64,-51,-6,0,13,-44,2,-13,-1,15,3,-41
DECK,Deckers Brands,96.43,-52,-15,-33,95,-5,9,-15,-29,-1,-36,-41
TECH,Bio-Techne,59.58,0,12,-36,-26,-50,7,6,4,-8,9,-41
AS,Amer Sports,32.03,-35,-19,13,0,-41,5,-25,19,0,-1,-42
TWLO,Twilio,107.92,0,-2,1,-36,-37,-19,3,-2,13,-5,-42
USB,U.S. Bancorp,46.49,-91,0,9,6,-76,11,-10,16,17,34,-42
VIRT,Virtu Financial,33.6,0,-33,0,16,-17,5,-45,-2,16,-26,-43
KMPR,Kemper Corporation,46.41,-7,-15,-15,-2,-39,12,-20,-12,16,-4,-43
MSTR,MicroStrategy,296.76,-35,-7,-2,21,-23,-47,6,-2,22,-21,-44
LVS,Las Vegas Sands,49.03,-35,-3,15,0,-23,2,-23,16,-16,-21,-44
KNX,Knight-Swift,44.22,0,0,-34,0,-34,4,5,-4,-15,-10,-44
EFX,Equifax,229.64,-35,-10,-13,18,-40,-33,-10,19,20,-4,-44
DPZ,Domino's,417.46,0,-51,-5,12,-44,5,-21,-4,20,0,-44
RARE,Ultragenyx,33.43,42,0,-36,-40,-34,33,5,-44,-5,-11,-45
HUBS,HubSpot,446.23,-8,-12,-19,-2,-41,11,-9,-27,21,-4,-45
APPF,AppFolio,228.65,-80,-11,0,30,-61,-1,-11,-2,30,16,-45
JBHT,J. B. Hunt,139.0,-1,-5,-40,-2,-48,1,5,9,-12,3,-45
PEN,"Penumbra, Inc.",252.56,-2,-3,0,0,-5,-12,-18,-15,5,-40,-45
APLS,Apellis Pharmaceuticals,25.24,0,0,0,-18,-18,-21,3,10,-20,-28,-46
AMTM,Amentum,23.05,-32,-5,0,0,-37,-40,11,19,0,-10,-47
FLS,Flowserve,50.54,-111,-5,0,29,-87,8,-8,12,27,39,-48
ESS,Essex Property Trust,257.15,-60,-10,-3,16,-57,7,-2,-12,16,9,-48
BFAM,Bright Horizons,100.11,0,-27,-8,0,-35,7,-33,-5,17,-14,-49
GEN,Gen Digital,27.06,-85,-23,24,18,-66,5,-25,19,18,17,-49
W,Wayfair,81.31,0,2,13,-43,-28,7,-5,19,-42,-21,-49
ZBH,Zimmer Biomet,99.39,7,0,-6,-19,-18,7,-22,3,-20,-32,-50
LII,Lennox International,527.36,-27,-37,-6,40,-30,5,-50,-4,29,-20,-50
CAI,Caris Life Sciences,31.16,-27,-6,0,0,-33,4,-22,0,0,-18,-51
PNFP,Pinnacle Financial Partners,90.08,-53,-18,-13,17,-67,12,-12,-4,20,16,-51
VZ,Verizon,40.39,-56,-8,0,12,-52,5,-29,9,16,1,-51
TYL,Tyler Technologies,502.25,-5,-38,-3,19,-27,-3,-40,-2,20,-25,-52
APD,Air Products,257.54,-42,-17,-4,0,-63,9,-22,11,12,10,-53
ONON,On Holding AG,41.42,-1,-54,-8,0,-63,5,-12,-5,22,10,-53
OKE,Oneok,68.94,-50,-53,-22,56,-69,2,-5,-34,53,16,-53
SAIA,Saia,297.06,-15,-4,-35,0,-54,2,4,2,-7,1,-53
YETI,Yeti Holdings,34.27,7,-8,-44,-8,-53,12,-13,13,-12,0,-53
AVTR,Avantor,13.87,12,11,-38,-1,-16,14,4,-49,-7,-38,-54
NVST,Envista,19.61,-35,-4,13,0,-26,5,-15,15,-34,-29,-55
ZBRA,Zebra Technologies,293.47,-35,-18,0,-9,-62,5,-11,13,-1,6,-56
DBX,Dropbox,28.94,-85,0,1,11,-73,6,-8,9,10,17,-56
GMED,Globus Medical,58.34,-27,0,-24,-2,-53,5,6,-29,14,-4,-57
PB,Prosperity Bancshares,64.91,-6,-56,-13,16,-59,12,-22,-4,16,2,-57
FTV,Fortive,48.51,-27,0,-30,0,-57,7,25,-26,-7,-1,-58
VFC,VF Corporation,14.32,0,3,-29,-45,-71,13,-6,6,-1,12,-59
RVTY,Revvity,92.16,7,0,-29,-26,-48,10,11,-34,-1,-14,-62
ASH,Ashland Global,49.03,12,-19,-50,-11,-68,33,-23,8,-12,6,-62
PYPL,PayPal,67.99,-23,-1,-12,-41,-77,-25,17,12,11,15,-62
SBUX,Starbucks,82.89,0,-31,-10,0,-41,11,-39,-2,9,-21,-62
GTLB,GitLab,43.64,-27,-1,-30,0,-58,2,-4,1,-3,-4,-62
KEX,Kirby Corporation,84.3,7,-54,-12,37,-22,10,-47,-3,-1,-41,-63
LBRDA,Liberty Broadband (Series A),60.83,-32,0,-12,-38,-82,5,15,-12,10,18,-64
DOX,Amdocs,82.4,3,-47,0,0,-44,11,-34,-4,7,-20,-64
CCCS,CCC Intelligent Solutions,9.28,0,-18,-37,0,-55,7,-20,11,-8,-10,-65
ABNB,Airbnb,124.28,14,-49,-12,0,-47,14,-23,-2,-7,-18,-65
ARW,Arrow Electronics,117.54,-46,-21,10,0,-57,3,-21,19,-10,-9,-66
CTSH,Cognizant,66.77,-6,-55,-12,16,-57,2,-20,-12,20,-10,-67
COO,Cooper Companies (The),68.74,-1,0,-36,-7,-44,14,9,-41,-5,-23,-67
BEN,Franklin Templeton Investments,22.8,-26,-8,17,0,-17,-19,-26,19,-24,-50,-67
LBRDK,Liberty Broadband (Series C),61.04,-35,0,-12,-38,-85,5,15,-12,10,18,-67
TAP,Molson Coors,46.38,12,-26,-22,-2,-38,26,-28,-23,-5,-30,-68
JKHY,Jack Henry & Associates,154.56,30,-54,-12,-2,-38,54,-85,-12,13,-30,-68
UDR,"UDR, Inc.",36.23,0,-54,-7,-2,-63,16,-22,-14,15,-5,-68
LNW,Light & Wonder,78.02,-57,-13,-12,59,-23,-53,-21,2,27,-45,-68
TTC,Toro Company (The),74.34,-35,-5,0,-2,-42,5,-19,10,-22,-26,-68
OVV,Ovintiv,37.3,-35,-8,-2,0,-45,-26,-5,16,-8,-23,-68
ELS,Equity Lifestyle Properties,62.2,0,12,-30,0,-18,-16,11,-41,-5,-51,-69
FND,Floor & Decor,70.87,0,-15,-44,-8,-67,10,-12,7,-8,-3,-70
GPN,Global Payments,86.11,0,2,-36,-41,-75,7,3,7,-12,5,-70
ACHC,Acadia Healthcare,24.69,-31,24,-57,-13,-77,5,16,2,-18,5,-72
BDX,Becton Dickinson,186.77,-24,0,-37,-7,-68,5,6,2,-17,-4,-72
CHE,Chemed Corporation,436.28,0,-11,-20,-1,-32,8,-20,-18,-10,-40,-72
MOH,Molina Healthcare,192.37,-23,0,-22,-4,-49,-31,35,-18,-10,-24,-73
ESTC,Elastic NV,80.18,-8,-2,-22,-8,-40,-18,-10,1,-6,-33,-73
AVB,AvalonBay Communities,183.95,-72,-8,-12,18,-74,7,-8,-16,17,0,-74
TSN,Tyson Foods,52.82,0,-8,-10,-30,-48,5,-24,-20,13,-26,-74
HUM,Humana,262.3,-14,0,-1,-14,-29,-29,1,5,-22,-45,-74
ELV,Elevance Health,349.69,0,10,-53,0,-43,-24,17,-19,-5,-31,-74
WH,Wyndham Hotels & Resorts,77.8,-49,-21,-12,13,-69,5,-26,-2,17,-6,-75
MOS,Mosaic Company (The),29.79,-35,-4,25,-18,-32,-33,-4,24,-32,-45,-77
SNDR,Schneider National,22.69,1,-34,-14,0,-47,2,-28,-4,-2,-32,-79
IEX,IDEX Corporation,163.19,-4,0,-37,-4,-45,5,6,-37,-8,-34,-79
PRMB,Primo Brands,22.43,11,-95,-7,24,-67,9,-23,-19,20,-13,-80
RYN,Rayonier,24.2,-33,-2,-2,-1,-38,-49,11,7,-11,-42,-80
PLNT,Planet Fitness,94.31,-63,-32,0,15,-80,10,-24,-2,16,0,-80
CCK,Crown Holdings,90.4,-56,-41,26,7,-64,2,-32,-1,14,-17,-81
DT,Dynatrace,47.8,-39,-9,-11,0,-59,-51,9,-2,22,-22,-81
IT,Gartner,236.87,-8,-86,-30,0,-124,12,-1,-28,59,42,-82
OLN,Olin Corporation,24.23,-27,38,-69,-11,-69,9,-4,7,-25,-13,-82
EXLS,EXL Service,40.48,-58,-11,-1,67,-3,-72,-19,-3,15,-79,-82
INVH,Invitation Homes,28.43,0,-59,-17,0,-76,14,-24,-12,16,-6,-82
CHTR,Charter Communications,264.56,-35,0,-13,-38,-86,5,14,-13,-3,3,-83
CERT,"Certara, Inc.",11.96,-27,25,0,0,-2,-50,19,-16,-34,-81,-83
DVN,Devon Energy,32.62,-35,-4,0,-7,-46,-26,-5,18,-24,-37,-83
NOV,NOV Inc.,12.81,-35,0,-64,-14,-113,2,31,10,-17,26,-87
TXN,Texas Instruments,175.25,-60,-31,0,24,-67,-31,-27,19,18,-21,-88
GFS,GlobalFoundries,35.1,0,0,-91,0,-91,11,14,-3,-19,3,-88
RYAN,Ryan Specialty,54.51,-24,-79,-12,0,-115,7,11,-18,27,27,-88
AXTA,Axalta,27.61,0,-17,-25,0,-42,13,-19,-38,-2,-46,-88
ACI,Albertsons,19.2,14,-66,-6,0,-58,8,-28,-12,2,-30,-88
CBSH,Commerce Bancshares,56.69,-47,-51,-3,13,-88,12,-26,-2,15,-1,-89
MTN,Vail Resorts,147.27,-6,-8,-42,-25,-81,12,3,15,-38,-8,-89
MGM,MGM Resorts International,32.19,-69,-12,-2,0,-83,12,-24,16,-11,-7,-90
AMCR,Amcor,8.06,12,-44,-10,-1,-43,20,-53,-10,-4,-47,-90
AMT,American Tower,190.02,1,-51,-6,-2,-58,7,-50,-4,13,-34,-92
KD,Kyndryl,27.69,-37,-51,-5,0,-93,1,-16,-6,22,1,-92
GNTX,Gentex,26.03,-91,0,0,-1,-92,6,-10,13,-10,-1,-93
FIS,Fidelity National Information Services,66.57,-6,-51,-11,-39,-107,2,5,-6,13,14,-93
BMY,Bristol Myers Squibb,43.62,-51,-10,-9,-7,-77,2,-2,-23,7,-16,-93
MTDR,Matador Resources,43.15,-28,-13,-38,0,-79,3,-21,12,-8,-14,-93
DOCU,DocuSign,67.9,-28,-12,-3,-14,-57,-27,-11,-11,13,-36,-93
CAVA,Cava Group,63.8,0,-45,-23,0,-68,5,3,-37,4,-25,-93
PNC,PNC Financial Services,182.28,-91,-5,11,16,-69,-47,-12,16,16,-27,-96
FAF,First American Financial Corporation,59.74,-133,-1,0,16,-118,11,-15,6,20,22,-96
FOUR,Shift4,75.52,-8,-51,-9,0,-68,-31,-22,-2,26,-29,-97
KVUE,Kenvue,16.26,0,-37,-7,0,-44,1,-47,-12,5,-53,-97
DXCM,Dexcom,65.4,-7,-37,-8,-16,-68,5,-20,-3,-11,-29,-97
SAIC,SAIC,97.85,-29,-30,-7,0,-66,5,-30,-4,-3,-32,-98
MRNA,Moderna,27.7,0,0,-64,-6,-70,2,14,-4,-41,-29,-99
LCID,Lucid Motors,21.69,-48,0,-13,0,-61,5,20,-26,-37,-38,-99
MRK,Merck & Co.,84.12,-8,12,-56,0,-52,-50,6,4,-8,-48,-100
S,SentinelOne,16.84,-28,-4,-34,0,-66,-19,-8,-4,-3,-34,-100
BRKR,Bruker,36.19,20,0,-69,-10,-59,31,11,-73,-11,-42,-101
WLK,Westlake Corporation,77.35,-27,-4,-49,-2,-82,4,-18,3,-8,-19,-101
HSIC,Schein (Henry),63.24,-56,-16,-14,-2,-88,2,-17,-4,5,-14,-102
CNC,Centene,35.79,-25,0,-53,-13,-91,1,39,-22,-30,-12,-103
UHAL,U-Haul,55.62,0,-56,-24,0,-80,12,-20,-37,22,-23,-103
DLB,Dolby Laboratories,68.79,-49,-17,-12,-1,-79,5,-27,-2,-1,-25,-104
SIRI,Sirius XM,21.87,-42,-5,-2,-33,-82,5,-17,9,-19,-22,-104
DAR,Darling Ingredients,31.64,1,-13,-15,-22,-49,5,-26,-2,-32,-55,-104
SLGN,Silgan Holdings,42.93,0,-55,-12,0,-67,8,-55,-6,15,-38,-105
CROX,Crocs,82.84,2,-49,-51,-3,-101,13,3,-13,-7,-4,-105
OGN,Organon & Co.,9.56,-42,0,-38,0,-80,1,31,-51,-6,-25,-105
BBWI,"Bath & Body Works, Inc.",25.79,-5,-28,-34,-17,-84,13,-21,-5,-8,-21,-105
PPC,Pilgrim's Pride,38.14,-56,-29,-2,23,-64,-13,-36,-13,20,-42,-106
FDS,FactSet,283.96,10,-62,-14,-2,-68,35,-58,-12,-3,-38,-106
IRDM,Iridium Communications,19.24,0,-54,-13,-21,-88,5,1,-4,-21,-19,-107
COLM,Columbia Sportswear,51.0,-35,-15,-30,-8,-88,9,-19,-25,15,-20,-108
DVA,DaVita,126.01,-58,-37,-12,22,-85,7,-23,-29,21,-24,-109
SWKS,Skyworks Solutions,74.24,-91,1,0,-32,-122,10,-7,16,-7,12,-110
TEAM,Atlassian,149.83,0,-69,-15,-8,-92,13,-17,-27,13,-18,-110
WEX,WEX Inc.,149.96,-35,-8,-52,-1,-96,1,-19,13,-10,-15,-111
ISRG,Intuitive Surgical,435.7,-30,-55,-12,24,-73,2,-63,-7,28,-40,-113
CARR,Carrier Global,57.19,-35,-52,-8,0,-95,5,-48,-3,28,-18,-113
RH,RH,176.76,-52,-14,-33,-9,-108,8,-19,7,-2,-6,-114
PAYC,Paycom,199.52,-16,-37,0,-26,-79,7,-40,-3,1,-35,-114
GME,GameStop,23.39,-59,0,-3,-32,-94,1,-1,-12,-9,-21,-115
CLX,Clorox,118.36,-14,-8,-26,-7,-55,-12,-12,-36,-1,-61,-116
ARE,Alexandria Real Estate Equities,76.25,0,-6,-46,-32,-84,7,-8,4,-37,-34,-118
COP,ConocoPhillips,87.74,-70,-6,-3,0,-79,-35,-5,11,-10,-39,-118
BIRK,Birkenstock,42.65,-49,-29,-8,0,-86,4,-27,-10,0,-33,-119
NKE,"Nike, Inc.",68.46,-49,-7,0,-23,-79,9,-27,16,-38,-40,-119
PFE,Pfizer,24.4,-35,-2,0,-25,-62,-50,6,16,-30,-58,-120
TFX,Teleflex,121.5,-28,0,-51,-41,-120,3,6,2,-12,-1,-121
TGT,Target Corporation,90.94,7,-34,-40,-13,-80,9,-40,-2,-8,-41,-121
OKTA,"Okta, Inc.",88.39,-28,-9,-7,-26,-70,-56,9,-12,8,-51,-121
SBAC,SBA Communications,194.44,7,-51,-8,-22,-74,11,-51,-7,-1,-48,-122
EEFT,Euronet Worldwide,85.58,-6,-55,-12,-5,-78,5,-55,-9,15,-44,-122
TREX,"Trex Company, Inc.",52.46,0,-24,-63,-15,-102,9,-20,-3,-8,-22,-124
POOL,Pool Corporation,290.61,-56,-16,-32,-8,-112,10,-12,-1,-11,-14,-126
CNXC,Concentrix,44.4,-28,-14,-4,0,-46,-29,-10,-7,-35,-81,-127
TDC,Teradata,21.26,-35,0,-88,-19,-142,9,23,1,-18,15,-127
TTD,Trade Desk (The),51.11,-16,-48,-36,-3,-103,-29,8,-2,-2,-25,-128
FBIN,Fortune Brands Innovations,49.72,-58,-17,-35,-7,-117,5,-20,8,-4,-11,-128
SRPT,Sarepta Therapeutics,22.21,0,8,-38,-9,-39,-33,11,-59,-8,-89,-128
EW,Edwards Lifesciences,72.93,-42,-11,0,-16,-69,-40,-22,39,-37,-60,-129
SJM,J.M. Smucker Company (The),103.52,-42,-3,-3,-6,-54,-56,-6,7,-25,-80,-134
G,Genpact,39.43,-70,-26,-6,0,-102,2,-22,-24,12,-32,-134
SWK,Stanley Black & Decker,67.74,-48,-5,-38,-41,-132,5,-12,8,-4,-3,-135
GTM,ZoomInfo,10.28,-105,-2,0,0,-107,7,-11,15,-39,-28,-135
CPT,Camden Property Trust,101.7,-106,-16,-4,-1,-127,7,-17,-12,13,-9,-136
AAL,American Airlines Group,12.51,14,0,-30,-78,-94,11,-21,8,-41,-43,-137
LKQ,LKQ Corporation,29.75,-48,-23,-15,-4,-90,11,-16,-23,-19,-47,-137
SFD,Smithfield Foods,21.54,-105,-20,0,0,-125,3,-29,13,0,-13,-138
SMG,Scotts Miracle-Gro Company,55.18,-27,-34,-31,-41,-133,1,-20,15,-3,-7,-140
KBR,"KBR, Inc.",44.12,-49,-15,-39,0,-103,7,-25,-17,-3,-38,-141
SLM,Sallie Mae,26.3,-105,-43,0,24,-124,5,-43,-2,23,-17,-141
AVY,Avery Dennison,159.57,-27,-37,-44,0,-108,5,-28,-4,-7,-34,-142
WU,Western Union,8.15,18,-1,-32,-48,-63,14,-20,-67,-7,-80,-143
UHAL-B,U-Haul (Series N),50.49,0,-56,-32,0,-88,13,-20,-46,-3,-56,-144
CNH,CNH Industrial,10.23,-37,-44,-6,0,-87,3,-60,-4,4,-57,-144
RNG,RingCentral,26.69,-8,-4,-35,-43,-90,-4,-12,9,-47,-54,-144
ATR,AptarGroup,128.18,-33,-53,-12,22,-76,-16,-50,-4,-1,-71,-147
AKAM,Akamai Technologies,73.68,-37,-5,-35,-9,-86,1,-16,-35,-12,-62,-148
ZTS,Zoetis,142.77,-31,-27,-44,-5,-107,5,-28,-11,-7,-41,-148
NIQ,NIQ Global Intelligence,13.9,-133,0,0,0,-133,-4,-12,0,0,-16,-149
FCN,FTI Consulting,152.55,-21,-26,-46,0,-93,-26,-20,-3,-7,-56,-149
FI,Fiserv,121.1,-38,-68,-23,37,-92,-35,-28,-24,29,-58,-150
KHC,Kraft Heinz,25.19,0,-28,-51,-2,-81,11,-46,-23,-12,-70,-151
ACN,Accenture,239.76,-22,-70,-32,-2,-126,-24,5,-28,21,-26,-152
GDDY,GoDaddy,130.24,-37,-69,-12,24,-94,-38,-16,-28,24,-58,-152
OC,Owens Corning,127.3,-158,-13,-33,60,-144,5,-20,8,-2,-9,-153
ILMN,"Illumina, Inc.",93.0,-30,-7,-37,-42,-116,4,-12,11,-42,-39,-155
LSTR,Landstar,126.41,-1,-56,-44,-2,-103,5,3,-51,-9,-52,-155
DV,DoubleVerify,11.02,-7,-27,-79,0,-113,1,-29,-2,-12,-42,-155
SLB,Schlumberger,32.57,-47,-7,-79,-1,-134,5,-14,-2,-12,-23,-157
CAG,Conagra Brands,18.35,-32,-8,-41,-9,-90,7,-27,-23,-25,-68,-158
ENPH,Enphase Energy,37.53,7,1,-55,-22,-69,7,-8,-62,-26,-89,-158
CIVI,Civitas Resources,28.52,-35,-4,-64,-2,-105,-49,-2,8,-11,-54,-159
PENN,Penn Entertainment,17.16,-73,-7,-2,-36,-118,12,-16,9,-46,-41,-159
EMN,Eastman Chemical Company,60.7,-47,-18,-30,-3,-98,7,-20,-44,-4,-61,-159
CSGP,CoStar Group,75.18,-56,-16,-2,0,-74,-47,-39,-1,1,-86,-160
FMC,FMC Corporation,30.09,-4,-34,-49,-26,-113,9,-24,-4,-28,-47,-160
CL,Colgate-Palmolive,77.63,-80,-70,-15,25,-140,5,-31,-23,28,-21,-161
CZR,Caesars Entertainment,22.55,-51,-8,-35,-27,-121,5,-4,-3,-39,-41,-162
SAM,Boston Beer Company,223.65,0,2,-44,-39,-81,2,3,-40,-46,-81,-162
PPG,PPG Industries,99.49,-51,-18,-55,-10,-134,5,-24,-2,-10,-31,-165
WHR,Whirlpool Corporation,73.16,-47,-21,-14,-28,-110,5,-18,-5,-38,-56,-166
IFF,International Flavors & Fragrances,61.93,10,-55,-32,-33,-110,11,-21,-44,-3,-57,-167
CPB,Campbell Soup Company,30.18,-56,-6,-41,-8,-111,5,-7,-48,-7,-57,-168
BALL,Ball Corporation,47.55,-49,-43,-12,-13,-117,5,-51,-2,-7,-55,-172
COTY,Coty,4.24,0,-1,-73,-9,-83,7,-11,-75,-11,-90,-173
MORN,"Morningstar, Inc.",219.76,-8,-54,-29,-1,-92,-7,-67,-7,-2,-83,-175
KMX,CarMax,44.42,-44,-19,-28,-38,-129,5,-17,-32,-2,-46,-175
CE,Celanese,40.19,-36,-48,-52,-12,-148,5,-18,-6,-11,-30,-178
BAH,Booz Allen Hamilton,96.39,-34,-32,-39,0,-105,-35,5,-41,-3,-74,-179
GLOB,Globant,57.54,-6,-105,-35,-9,-155,15,3,-35,-9,-26,-181
WY,Weyerhaeuser,23.75,-48,-24,-32,-1,-105,3,-28,-44,-10,-79,-184
OXY,Occidental Petroleum,41.9,-70,-5,-64,0,-139,-40,-3,15,-18,-46,-185
ODFL,Old Dominion Freight Line,135.06,-27,-55,-35,0,-117,1,-29,-40,-3,-71,-188
WSC,WillScot Mobile Mini,22.09,4,-53,-74,-8,-131,5,-47,-3,-14,-59,-190
ADBE,Adobe Inc.,330.66,-36,-11,-45,-8,-100,-32,-4,-49,-7,-92,-192
FRPT,Freshpet,51.58,1,-86,-33,-8,-126,6,-43,-29,-1,-67,-193
CLVT,Clarivate,3.66,-40,-19,-86,-8,-153,9,-19,12,-44,-42,-195
INSP,Inspire Medical Systems,78.84,0,-106,-32,-8,-146,5,1,-37,-19,-50,-196
NCNO,nCino,24.3,-120,-12,-35,0,-167,-27,-17,14,-3,-33,-200
STZ,Constellation Brands,138.97,-7,-37,-54,-5,-103,-20,3,-70,-10,-97,-200
MTCH,Match Group,32.88,-122,-8,1,-39,-168,9,-16,14,-40,-33,-201
LULU,Lululemon Athletica,167.1,-48,-91,-20,-5,-164,1,4,-29,-14,-38,-202
DOW,Dow Inc.,22.2,-49,-18,-52,-3,-122,7,-12,-67,-10,-82,-204
GIS,General Mills,47.74,-42,-3,-50,-6,-101,-37,-2,-46,-21,-106,-207
DXC,DXC Technology,13.08,-8,-8,-34,-75,-125,9,-19,-41,-36,-87,-212
CDW,CDW,148.74,-91,-51,-51,0,-193,7,-16,-2,-10,-21,-214
CHRD,Chord Energy,90.1,-91,-13,-59,0,-163,-41,-22,13,-8,-58,-221
MKC,McCormick & Company,65.28,-40,-70,-15,-4,-129,-13,-69,-23,12,-93,-222
BAX,Baxter International,22.77,0,-70,-32,-40,-142,9,-23,-23,-43,-80,-222
NWL,Newell Brands,4.8,-43,-15,-36,-33,-127,-47,-18,7,-38,-96,-223
EPAM,EPAM Systems,143.01,-48,-26,-35,-29,-138,2,-24,-26,-39,-87,-225
SON,Sonoco,39.95,-135,-17,-5,-2,-159,-53,-14,16,-16,-67,-226
BMRN,BioMarin Pharmaceutical,53.09,-30,-28,-59,-22,-139,3,-42,-24,-24,-87,-226
HUN,Huntsman Corporation,8.4,-38,-19,-54,-17,-128,5,-19,-49,-35,-98,-226
MAA,Mid-America Apartment Communities,132.0,-105,-55,-6,-1,-167,-38,-18,-17,13,-60,-227
CMCSA,Comcast,29.73,-81,-56,-44,-11,-192,2,-20,-11,-10,-39,-231
ALGN,Align Technology,128.45,-4,-54,-76,-27,-161,9,-28,-12,-40,-71,-232
IAC,IAC Inc.,33.3,-126,-19,-11,-33,-189,9,-11,-6,-40,-48,-237
CHDN,Churchill Downs Incorporated,86.88,-56,-33,-40,-1,-130,-51,-50,-3,-3,-107,-237
XRAY,Dentsply Sirona,12.8,3,-54,-90,-44,-185,12,-19,-4,-42,-53,-238
LYB,LyondellBasell,46.76,-39,-53,-53,-7,-152,5,-18,-67,-9,-89,-241
UA,Under Armour (Class C),4.64,-35,-48,-37,-39,-159,9,-50,-4,-39,-84,-243
PCTY,Paylocity,149.84,-116,-37,-7,-5,-165,-42,-41,-6,7,-82,-247
UAA,Under Armour (Class A),4.8,-35,-48,-37,-46,-166,9,-50,-4,-39,-84,-250
GPK,Graphic Packaging,17.28,-56,-34,-28,-1,-119,-58,-31,-41,-2,-132,-251
COLD,Americold,13.59,3,-137,-50,-13,-197,5,3,-50,-17,-59,-256
HRL,Hormel Foods,23.65,-56,-64,-19,-25,-164,5,-60,-6,-32,-93,-257
MAN,ManpowerGroup,38.04,-19,-36,-55,-30,-140,4,-28,-55,-38,-117,-257
MKTX,MarketAxess,171.55,10,-58,-37,-31,-116,-12,-73,-11,-46,-142,-258
WEN,Wendy's Company (The),8.88,-45,-79,-46,-10,-180,5,-26,-41,-17,-79,-259
PRGO,Perrigo,21.39,-30,-50,-11,-115,-206,10,2,-11,-57,-56,-262
BRBR,BellRing Brands,34.52,-4,-113,-22,0,-139,10,-105,-28,-1,-124,-263
BF-A,Brown–Forman (Class A),27.05,-38,-28,-111,-20,-197,7,-1,-51,-26,-71,-268
FLO,Flowers Foods,12.57,-45,-43,-46,-10,-144,2,-36,-66,-25,-125,-269
UPS,United Parcel Service,84.13,-27,-56,-115,-18,-216,3,7,-43,-36,-69,-285
BF-B,Brown–Forman (Class B),27.16,-38,-31,-112,-20,-201,-30,-4,-44,-30,-108,-309
DJT,Trump Media & Technology Group,16.28,-32,-96,-65,0,-193,-45,-27,-33,-11,-116,-309
CHH,Choice Hotels,99.04,-238,-50,-12,0,-300,9,-51,-26,16,-52,-352
RHI,Robert Half,32.51,-47,-183,-38,-11,-279,4,-20,-36,-34,-86,-365
