Symbol,Name,Close,1H Cloud Score,1D Cloud Score,1W Cloud Score,1M Cloud Score,Cloud Score Sum,1H TKx Score,1D TKx Score,1W TKx Score,1M TKx Score,TKx Score Sum,Total Score Sum
TJX,TJX Companies,126.33,-7,42,139,196,370,-7,-5,108,191,287,657
HWM,Howmet Aerospace,172.84,231,33,139,27,430,-3,33,83,52,165,595
RSG,Republic Services,249.32,-9,18,115,175,299,-26,9,84,158,225,524
COST,Costco,1005.56,-21,29,108,178,294,-21,35,1,182,197,491
CW,Curtiss-Wright,460.32,284,28,10,52,374,33,35,1,47,116,490
PGR,Progressive Corporation,271.32,-12,26,96,175,285,-21,26,13,187,205,490
ORLY,O'Reilly Auto Parts,1347.64,-7,-1,154,197,343,-1,-17,45,87,114,457
MMC,Marsh McLennan,222.46,-13,-1,116,173,275,-21,19,-2,176,172,447
WM,"Waste Management, Inc.",234.01,-9,17,86,185,279,-26,9,18,157,158,437
AJG,Arthur J. Gallagher & Co.,317.69,-23,-1,156,184,316,-26,23,19,105,121,437
CTAS,Cintas,224.6,0,40,10,163,213,-5,35,4,185,219,432
CDNS,Cadence Design Systems,301.58,7,32,8,139,186,32,35,1,178,246,432
NDAQ,"Nasdaq, Inc.",85.63,75,26,67,142,310,68,33,1,12,114,424
JCI,Johnson Controls,103.53,231,28,66,17,342,29,33,1,16,79,421
EBAY,eBay,79.38,116,29,68,12,225,75,33,73,14,195,420
WRB,W. R. Berkley Corporation,72.74,-7,75,85,174,327,-7,26,15,53,87,414
AXON,Axon Enterprise,783.83,49,31,136,92,308,37,35,1,28,101,409
ROL,"Rollins, Inc.",57.06,-7,42,22,284,341,-17,35,14,33,65,406
HEI,HEICO (Common),303.8,63,27,16,187,293,25,25,7,55,112,405
MA,Mastercard,584.26,51,28,117,153,349,-5,33,1,24,53,402
CTVA,Corteva,72.0,238,33,44,0,315,40,33,1,9,83,398
BKNG,Booking Holdings,5528.45,122,32,127,33,314,25,33,1,24,83,397
ORCL,Oracle Corporation,177.16,70,19,2,196,287,68,26,-14,25,105,392
V,Visa Inc.,366.59,51,29,128,131,339,-5,33,1,24,53,392
HON,Honeywell,227.06,142,20,7,176,345,-5,29,1,20,45,390
IBM,IBM,272.04,38,25,100,52,215,37,33,47,54,171,386
AXS,AXIS Capital,104.01,5,34,77,43,159,67,33,73,51,224,383
GE,GE Aerospace,251.35,238,31,10,25,304,-2,31,21,27,77,381
LIN,Linde plc,472.22,117,18,4,108,247,-6,33,1,104,132,379
JPM,JPMorgan Chase,266.71,14,22,114,156,306,7,33,1,24,65,371
MSFT,Microsoft,472.76,70,27,7,171,275,37,35,1,23,96,371
BR,Broadridge Financial Solutions,243.64,51,19,105,143,318,-5,33,1,23,52,370
FAST,Fastenal,42.12,16,42,114,104,276,28,34,6,24,92,368
INTU,Intuit,764.11,80,33,8,189,310,-3,33,1,18,49,359
RCL,Royal Caribbean Group,273.83,70,20,112,26,228,68,33,1,25,127,355
RTX,RTX Corporation,140.98,51,19,68,52,190,53,25,75,12,165,355
HEI-A,HEICO (Class A),238.12,63,28,17,180,288,3,26,8,28,65,353
NRG,NRG Energy,155.03,-6,33,94,92,213,-20,35,104,19,138,351
CASY,Casey's,438.74,-2,0,104,85,187,-7,-14,108,76,163,350
ADP,Automatic Data Processing,320.21,-6,23,76,178,271,-4,26,1,55,78,349
LYV,Live Nation Entertainment,143.48,21,21,85,145,272,31,35,-8,14,72,344
RBLX,Roblox Corporation,93.39,147,32,44,0,223,70,33,7,9,119,342
PM,Philip Morris International,180.61,0,93,61,53,207,-2,35,76,25,134,341
AM,Antero Midstream,18.41,-7,26,139,21,179,2,31,69,53,155,334
NFLX,Netflix,1224.44,45,38,107,18,208,-5,35,78,18,126,334
HUBB,Hubbell Incorporated,392.29,16,18,-1,180,213,28,36,-16,69,117,330
SPOT,Spotify,698.78,46,34,103,10,193,-2,35,86,18,137,330
AMGN,Amgen,289.87,70,0,-10,163,223,70,8,-5,34,107,330
CPNG,Coupang,28.46,238,26,8,0,272,7,33,1,15,56,328
WELL,Welltower,150.27,-7,17,107,56,173,-4,13,124,22,155,328
LLY,Lilly (Eli),773.56,46,-27,0,170,189,62,-19,1,94,138,327
SO,Southern Company,88.5,-2,0,67,188,253,-26,9,14,77,74,327
CF,CF Industries,92.85,252,19,6,2,279,7,31,1,6,45,324
YUM,Yum! Brands,143.1,-2,-12,19,257,262,2,-8,13,55,62,324
NET,Cloudflare,177.77,153,20,30,0,203,68,30,1,17,116,319
ICE,Intercontinental Exchange,175.98,-2,26,103,159,286,-26,27,13,19,33,319
ORI,Old Republic International,36.69,-22,-1,138,56,171,-18,4,108,53,147,318
KLAC,KLA Corporation,829.45,28,20,5,175,228,30,35,1,24,90,318
TDG,TransDigm Group,1460.05,14,33,10,155,212,12,33,1,55,101,313
PLTR,Palantir Technologies,132.0,4,33,107,0,144,4,35,110,18,167,311
ROP,Roper Technologies,572.85,14,19,20,180,233,21,-2,35,24,78,311
NFG,National Fuel Gas,82.18,-1,104,51,50,204,2,35,62,8,107,311
CME,CME Group,268.34,-28,99,45,134,250,-27,29,41,17,60,310
DRI,Darden Restaurants,219.64,70,39,35,59,203,7,33,39,28,107,310
RBA,RB Global,106.18,2,31,95,25,153,2,33,100,20,155,308
STE,Steris,242.7,0,23,5,193,221,17,33,13,23,86,307
CHD,Church & Dwight,98.66,0,-44,-7,342,291,-9,7,-5,23,16,307
APH,Amphenol,92.95,70,33,10,63,176,68,35,1,25,129,305
ACM,AECOM,110.93,58,26,7,63,154,45,33,1,70,149,303
PAYX,Paychex,156.95,-1,26,75,165,265,-5,26,4,12,37,302
ARES,Ares Management,172.3,41,20,8,57,126,37,33,1,104,175,301
LMT,Lockheed Martin,480.8,53,17,-20,163,213,7,9,1,70,87,300
MNST,Monster Beverage,62.99,-4,70,17,178,261,-7,33,10,2,38,299
ADI,Analog Devices,227.65,34,20,2,177,233,35,26,-19,24,66,299
AAON,AAON,94.01,-2,20,-4,243,257,27,-2,-16,29,38,295
RS,"Reliance, Inc.",309.15,42,30,2,113,187,-4,35,1,75,107,294
DE,Deere & Company,521.69,14,22,40,107,183,33,33,36,8,110,293
PWR,Quanta Services,355.61,58,27,8,97,190,-5,35,1,70,101,291
PANW,Palo Alto Networks,196.28,49,20,8,79,156,47,31,1,55,134,290
RBC,RBC Bearings,380.68,38,24,84,56,202,-5,33,5,55,88,290
UNM,Unum,80.45,-7,20,176,38,227,-23,33,1,52,63,290
SHW,Sherwin-Williams,357.8,32,29,0,188,249,-6,29,1,17,41,290
AAPL,Apple Inc.,201.44,0,0,-1,249,248,-4,-9,-16,69,40,288
VRSK,Verisk Analytics,313.2,-7,29,59,112,193,-7,26,50,26,95,288
FWONK,Liberty Formula 1 (Series C),97.68,26,23,61,55,165,37,30,1,54,122,287
MSI,Motorola Solutions,412.99,-7,-4,0,151,140,-19,1,-18,183,147,287
ETN,Eaton Corporation,325.55,34,20,0,112,166,33,33,-16,70,120,286
MSA,MSA Safety,166.09,70,22,-26,162,228,26,33,1,-3,57,285
NVDA,Nvidia,142.55,70,19,5,132,226,7,27,1,24,59,285
AME,Ametek,178.57,5,20,5,104,134,25,26,1,99,151,285
RPM,RPM International,115.71,32,17,-10,178,217,32,26,-18,28,68,285
MCD,McDonald's,304.75,-22,-1,43,240,260,-42,-4,13,55,22,282
TMUS,T-Mobile US,237.91,-4,-21,85,137,197,-5,-31,87,33,84,281
ALL,Allstate,200.75,-7,19,88,157,257,-22,26,2,15,21,278
VRSN,Verisign,279.72,25,131,27,7,190,43,-5,43,5,86,276
EHC,Encompass Health,120.3,-1,34,134,27,194,-14,51,15,27,79,273
ATI,ATI Inc.,84.6,70,27,7,41,145,42,33,1,50,126,271
OLLI,Ollie's Bargain Outlet,115.8,26,20,106,14,166,26,1,54,21,102,268
MS,Morgan Stanley,131.93,34,20,67,62,183,37,31,1,14,83,266
COR,Cencora,283.87,-22,97,35,69,179,-26,-1,46,65,84,263
GGG,Graco Inc.,84.98,14,20,0,176,210,28,-4,1,27,52,262
BSX,Boston Scientific,100.04,-42,32,135,142,267,-60,-2,1,55,-6,261
MCK,McKesson Corporation,708.15,-22,93,33,56,160,-26,33,29,65,101,261
PTC,PTC Inc.,170.22,14,19,-17,180,196,32,27,-18,24,65,261
TRV,Travelers Companies (The),267.84,-7,34,82,56,165,-7,33,15,54,95,260
GOOG,Alphabet (Class C),177.59,14,9,3,174,200,20,31,-10,19,60,260
GS,Goldman Sachs,613.2,20,20,83,56,179,30,31,1,19,81,260
HIG,Hartford (The),126.88,-7,34,85,55,167,-7,33,12,54,92,259
JBL,Jabil,177.38,39,23,10,63,135,33,33,2,55,123,258
WMT,Walmart,97.43,-9,34,118,99,242,-21,8,1,27,15,257
GOOGL,Alphabet (Class A),176.04,14,9,3,174,200,17,31,-10,19,57,257
T,AT&T,27.86,20,17,61,14,112,14,33,85,13,145,257
FWONA,Liberty Formula 1 (Series A),88.22,0,22,60,60,142,37,31,-9,54,113,255
IRM,Iron Mountain,101.19,44,25,0,55,124,43,33,1,54,131,255
GWRE,Guidewire Software,257.4,49,33,101,19,202,1,33,1,18,53,255
MPWR,Monolithic Power Systems,706.17,34,20,-17,155,192,6,30,1,24,61,253
CVNA,Carvana,339.86,84,32,83,9,208,-5,35,1,14,45,253
LRCX,Lam Research,88.25,28,20,0,150,198,30,27,1,-3,55,253
FIX,Comfort Systems USA,501.43,38,23,8,62,131,33,35,1,53,122,253
DASH,DoorDash,217.43,55,19,88,0,162,42,32,1,16,91,253
MCO,Moody's Corporation,485.47,33,20,7,154,214,-5,28,-9,23,37,251
LPLA,LPL Financial,380.57,0,21,36,97,154,12,29,1,55,97,251
AXP,American Express,301.55,53,20,8,97,178,33,33,-12,19,73,251
EPR,EPR Properties,56.89,68,22,48,27,165,12,33,21,19,85,250
DTE,DTE Energy,133.94,-35,2,65,187,219,3,-1,18,11,31,250
AZO,AutoZone,3697.48,-13,17,85,84,173,-24,-1,45,55,75,248
AN,AutoNation,189.28,35,22,8,59,124,32,35,1,55,123,247
LOPE,Grand Canyon Education,185.54,-22,31,138,33,180,-26,35,25,32,66,246
TT,Trane Technologies,427.64,0,28,7,162,197,-12,33,1,27,49,246
KO,Coca-Cola Company (The),71.75,5,2,19,180,206,4,8,14,12,38,244
SCI,Service Corporation International,79.84,38,3,0,173,214,33,3,-18,11,29,243
ELF,e.l.f. Beauty,116.5,234,12,-41,29,234,30,26,-45,-3,8,242
ITW,Illinois Tool Works,247.2,19,4,-4,176,195,-1,26,-5,27,47,242
FFIV,"F5, Inc.",294.6,40,19,85,12,156,37,33,1,15,86,242
UNP,Union Pacific Corporation,224.09,14,0,-4,196,206,26,1,-10,17,34,240
FTI,TechnipFMC,32.23,58,20,8,25,111,67,24,1,35,127,238
BRO,Brown & Brown,107.87,-22,-29,107,161,217,-26,7,16,24,21,238
DGX,Quest Diagnostics,175.9,21,34,59,16,130,41,-5,59,12,107,237
STAG,STAG Industrial,37.0,61,20,2,94,177,33,26,1,-2,58,235
WAB,Wabtec,205.32,35,22,10,47,114,33,33,1,54,121,235
ITT,ITT Inc.,151.88,15,26,7,97,145,31,33,1,24,89,234
WMB,Williams Companies,59.63,0,19,103,50,172,-7,11,1,55,60,232
BWXT,BWX Technologies,132.62,77,18,4,33,132,35,35,1,29,100,232
GWW,W. W. Grainger,1078.04,-1,20,0,92,111,29,35,1,55,120,231
CACI,CACI,440.61,0,3,-3,152,152,26,-7,5,55,79,231
DUK,Duke Energy,115.46,-1,-5,67,181,242,-23,-15,13,14,-11,231
WWD,"Woodward, Inc.",234.42,70,29,10,33,142,33,31,1,24,89,231
FTNT,Fortinet,102.06,0,19,45,111,175,30,13,1,11,55,230
NI,NiSource,39.32,0,17,65,43,125,4,9,80,12,105,230
HOOD,Robinhood Markets,73.41,45,22,72,0,139,40,33,1,16,90,229
COF,Capital One,198.93,35,26,85,19,165,14,33,1,16,64,229
GRMN,Garmin,208.31,37,2,103,17,159,37,21,-8,19,69,228
VIRT,Virtu Financial,41.37,14,34,67,12,127,32,-5,62,12,101,228
IBKR,Interactive Brokers,204.68,-7,20,80,55,148,-1,35,-9,55,80,228
TTWO,Take-Two Interactive,233.5,20,40,36,11,107,32,34,36,18,120,227
RLI,RLI Corp.,73.83,-7,-4,-1,174,162,-7,7,-20,85,65,227
CELH,Celsius Holdings,42.26,41,59,0,63,163,47,15,9,-7,64,227
ETR,Entergy,82.77,0,11,64,20,95,5,33,80,12,130,225
UTHR,United Therapeutics,328.61,98,2,0,55,155,4,28,-20,57,69,224
AON,AON,353.9,-7,-1,0,175,167,-7,15,-6,54,56,223
SPGI,S&P Global,514.82,21,20,7,170,218,-5,-1,-9,19,4,222
CBOE,Cboe Global Markets,219.3,-28,16,135,53,176,-27,11,13,49,46,222
VMI,Valmont Industries,324.7,38,10,53,56,157,33,30,-8,8,63,220
SYK,Stryker Corporation,382.16,21,20,8,157,206,-5,2,-11,27,13,219
WSO,Watsco,444.64,0,-15,-4,194,175,7,-13,-19,69,44,219
CB,Chubb Limited,289.79,-7,17,92,56,158,-26,20,13,54,61,219
PAG,Penske Automotive Group,167.0,15,21,6,60,102,26,35,1,55,117,219
LH,Labcorp,255.65,65,26,46,13,150,33,26,-6,16,69,219
USFD,US Foods,76.91,-2,23,134,33,188,-28,33,1,24,30,218
L,Loews Corporation,88.34,0,20,103,53,176,-7,26,1,22,42,218
SGI,Somnigroup International,65.84,16,20,32,62,130,30,33,1,24,88,218
CAH,Cardinal Health,153.6,-7,42,46,36,117,-26,33,39,55,101,218
CSL,Carlisle Companies,379.13,0,32,-2,176,206,-5,-5,1,18,9,215
WCC,Wesco International,176.7,35,19,0,56,110,30,33,-15,55,103,213
PCAR,Paccar,94.41,7,0,-13,157,151,14,20,-5,32,61,212
BK,BNY Mellon,90.02,14,22,85,38,159,7,26,1,17,51,210
EQH,Equitable Holdings,54.61,21,20,83,9,133,33,26,1,17,77,210
AIG,American International Group,85.19,4,17,19,51,91,65,20,14,19,118,209
EMR,Emerson Electric,125.59,35,20,7,62,124,33,26,1,24,84,208
AMP,Ameriprise Financial,518.09,14,19,10,62,105,11,33,-11,69,102,207
EVR,Evercore,247.6,59,19,0,56,134,32,33,-17,24,72,206
GLW,Corning Inc.,50.89,140,19,10,15,184,-5,26,-11,12,22,206
PFGC,Performance Food Group,88.2,0,23,44,41,108,9,33,1,55,98,206
ECL,Ecolab,266.31,118,18,7,20,163,-5,28,1,17,41,204
PH,Parker Hannifin,669.45,20,21,8,63,112,30,33,1,28,92,204
ROK,Rockwell Automation,324.18,70,23,6,13,112,75,25,1,-9,92,204
SNA,Snap-on,320.73,10,5,40,57,112,28,19,-10,55,92,204
KD,Kyndryl,40.82,33,22,100,0,155,10,27,-8,18,47,202
NTRA,Natera,164.03,70,11,83,16,180,-5,9,1,17,22,202
WING,Wingstop,376.43,72,26,2,36,136,40,26,-29,29,66,202
GD,General Dynamics,277.29,6,42,0,52,100,11,35,1,55,102,202
NOW,ServiceNow,1026.46,21,21,8,80,130,27,34,-11,20,70,200
TKO,TKO Group Holdings,163.31,34,30,62,38,164,-5,-8,1,48,36,200
J,Jacobs Solutions,127.66,14,18,0,104,136,28,33,-15,17,63,199
AVGO,Broadcom,244.18,-2,23,10,114,145,-10,35,1,28,54,199
SCCO,Southern Copper,96.9,37,19,-12,60,104,37,32,1,25,95,199
DLR,Digital Realty,176.63,61,26,6,20,113,33,33,1,17,84,197
CSCO,Cisco,65.87,37,20,39,12,108,37,26,1,23,87,195
EXEL,Exelixis,42.9,-1,19,55,12,85,9,33,46,22,110,195
CINF,Cincinnati Financial,148.92,0,26,76,60,162,-7,26,1,13,33,195
SEIC,SEI Investments Company,84.49,-1,26,83,33,141,-5,33,1,24,53,194
CAT,Caterpillar Inc.,358.04,17,19,0,62,98,29,26,-15,55,95,193
MLM,Martin Marietta Materials,554.69,5,29,0,58,92,25,50,1,25,101,193
ZS,Zscaler,299.66,49,33,8,3,93,47,35,1,16,99,192
SNPS,Synopsys,495.81,21,7,-18,178,188,32,-6,-19,-3,4,192
MKL,Markel,1941.25,0,19,59,53,131,11,33,-9,24,59,190
GILD,Gilead Sciences,112.97,21,14,42,33,110,30,15,-2,37,80,190
BPOP,"Popular, Inc.",105.74,40,27,8,57,132,7,33,1,17,58,190
ODFL,Old Dominion Freight Line,162.17,5,0,-17,185,173,12,-4,-22,30,16,189
GEN,Gen Digital,29.33,38,23,6,14,81,67,25,1,14,107,188
MTZ,MasTec,162.33,58,26,10,16,110,33,33,1,11,78,188
KMI,Kinder Morgan,27.52,-3,18,83,42,140,-18,26,-10,50,48,188
EQIX,Equinix,907.41,70,20,8,32,130,-1,33,1,24,57,187
C,Citigroup,78.17,62,20,10,16,108,33,30,1,12,76,184
FYBR,Frontier Communications,36.25,-9,37,80,0,108,-14,-7,85,12,76,184
RJF,Raymond James Financial,146.92,9,19,83,56,167,11,-2,-11,17,15,182
WFC,Wells Fargo,76.43,1,20,83,27,131,2,30,1,17,50,181
HCA,HCA Healthcare,373.03,-7,34,5,94,126,-5,26,7,27,55,181
DTM,DT Midstream,105.76,0,26,94,0,120,3,33,1,23,60,180
BYD,Boyd Gaming,73.93,0,20,39,57,116,5,33,1,25,64,180
ABBV,AbbVie,189.16,56,0,7,56,119,14,-11,-4,62,61,180
URI,United Rentals,707.25,14,20,-1,62,95,17,32,-20,55,84,179
TDY,Teledyne Technologies,505.33,38,19,43,12,112,29,24,1,13,67,179
SCHW,Charles Schwab Corporation,88.21,14,33,68,9,124,7,33,1,12,53,177
MRVL,Marvell Technology,69.09,26,0,-12,104,118,30,25,-12,16,59,177
ESAB,ESAB,127.5,19,22,91,0,132,31,-2,1,15,45,177
LNG,Cheniere Energy,228.76,-7,26,51,56,126,-7,3,1,54,51,177
FERG,Ferguson Enterprises,213.83,35,22,2,63,122,-3,33,1,23,54,176
OMF,OneMain Financial,52.86,20,20,8,58,106,14,31,1,24,70,176
WDC,Western Digital,57.03,70,20,3,16,109,33,31,1,1,66,175
AIZ,Assurant,198.7,0,10,0,150,160,-16,24,-11,17,14,174
META,Meta Platforms,694.08,45,20,8,27,100,37,25,-9,21,74,174
STWD,Starwood Property Trust,20.25,34,20,9,56,119,31,4,1,19,55,174
ANET,Arista Networks,96.8,34,5,0,56,95,35,1,-12,54,78,173
UAL,United Airlines Holdings,83.47,47,2,41,9,99,39,32,-11,14,74,173
TOST,"Toast, Inc.",43.44,15,21,68,0,104,19,33,1,15,68,172
TRMB,Trimble Inc.,72.35,25,20,70,2,117,31,25,-11,10,55,172
NEU,NewMarket,648.5,9,42,10,27,88,12,34,13,25,84,172
SNX,TD Synnex,125.89,14,20,6,61,101,30,26,-8,19,67,168
AWI,Armstrong World Industries,154.5,-1,27,85,19,130,-10,29,1,17,37,167
APG,APi Group,47.68,40,27,9,0,76,33,33,1,24,91,167
EXPE,Expedia Group,176.74,51,5,40,9,105,32,26,-9,12,61,166
QGEN,Qiagen,46.17,70,17,3,1,91,5,58,1,11,75,166
RRC,Range Resources,38.81,0,20,25,40,85,6,21,1,53,81,166
SSNC,SS&C Technologies,81.24,16,5,81,12,114,24,21,-6,13,52,166
MSTR,MicroStrategy,391.98,5,34,90,17,146,6,-5,1,18,20,166
PSTG,Pure Storage,55.53,30,19,0,40,89,7,26,-12,55,76,165
MTSI,MACOM Technology Solutions,126.2,39,20,7,56,122,-5,32,-12,27,42,164
CCL,Carnival Corporation & plc,24.2,70,19,8,0,97,33,27,-11,17,66,163
FICO,Fair Isaac,1746.6,15,-13,-1,164,165,-6,-6,-19,29,-2,163
RL,Ralph Lauren Corporation,270.3,-14,22,85,32,125,-19,31,1,24,37,162
CBRE,CBRE Group,128.77,28,4,83,20,135,33,-8,-10,12,27,162
ABT,Abbott Laboratories,133.38,6,17,47,11,81,-5,35,39,12,81,162
PNR,Pentair,99.67,38,20,8,60,126,-5,33,-15,22,35,161
CMI,Cummins,325.67,20,5,0,63,88,32,25,-12,28,73,161
SSD,Simpson Manufacturing Company,158.87,32,1,-17,154,170,-5,-8,-20,24,-9,161
NWS,News Corp (Class B),31.83,-32,23,103,56,150,-44,35,1,19,11,161
SARO,StandardAero,30.74,45,20,0,0,65,67,27,1,0,95,160
TXRH,Texas Roadhouse,194.74,10,21,6,62,99,5,26,1,29,61,160
EME,Emcor,473.77,0,20,8,56,84,-4,35,-12,55,74,158
SRE,Sempra,74.68,-24,18,-6,179,167,-34,33,-20,12,-9,158
VEEV,Veeva Systems,283.34,56,23,36,6,121,-7,26,1,16,36,157
HLI,Houlihan Lokey,175.99,15,22,8,42,87,12,33,1,24,70,157
MDLZ,Mondelez International,66.71,0,1,0,180,181,-34,7,10,-7,-24,157
BXP,"BXP, Inc.",72.58,61,18,0,0,79,33,33,1,11,78,157
CNM,Core & Main,59.31,35,22,10,0,67,33,33,1,22,89,156
TPR,"Tapestry, Inc.",79.22,5,20,71,19,115,4,26,-6,17,41,156
ATO,Atmos Energy,151.93,-28,0,65,43,80,-30,-13,76,43,76,156
INGR,Ingredion,138.21,0,26,3,32,61,9,31,1,54,95,156
KBR,"KBR, Inc.",52.83,14,24,-21,62,79,29,-9,1,55,76,155
LAMR,Lamar Advertising,120.68,61,10,0,62,133,-12,33,-18,19,22,155
AMAT,Applied Materials,169.73,29,20,-21,147,175,30,-7,-40,-3,-20,155
HD,Home Depot (The),365.15,-7,1,-3,178,169,-12,-5,-15,17,-15,154
SLM,Sallie Mae,31.82,-56,27,81,20,72,-1,29,35,19,82,154
TSCO,Tractor Supply Company,50.53,21,0,-1,83,103,-2,-6,-24,83,51,154
AVT,Avnet,51.55,33,20,0,43,96,33,-1,1,25,58,154
GTES,Gates Corporation,21.96,35,20,8,13,76,32,28,1,16,77,153
EVRG,Evergy,67.29,7,1,49,12,69,7,1,68,8,84,153
HLT,Hilton Worldwide,252.06,15,20,7,62,104,7,27,-9,24,49,153
PEGA,Pegasystems,101.95,28,32,10,3,73,45,33,-11,13,80,153
THG,Hanover Insurance,173.63,0,18,52,22,92,-22,27,44,12,61,153
BRK-B,Berkshire Hathaway,492.91,-43,-5,115,60,127,3,-17,16,24,26,153
SNOW,Snowflake Inc.,210.84,84,23,6,0,113,14,33,1,-8,40,153
HIW,Highwoods Properties,31.16,42,26,2,4,74,33,33,1,11,78,152
PKG,Packaging Corporation of America,196.58,34,3,-4,59,92,33,20,-17,24,60,152
PR,Permian Resources,13.77,34,19,-19,24,58,40,22,-15,47,94,152
AZEK,Azek,54.04,41,38,12,0,91,46,-8,4,18,60,151
NTAP,Netapp,103.04,35,5,-16,55,79,40,33,-21,20,72,151
ACGL,Arch Capital Group,92.34,-7,22,0,60,75,-7,33,1,49,76,151
REG,Regency Centers,72.12,6,18,59,51,134,4,-5,1,17,17,151
DCI,Donaldson Company,70.54,-2,20,0,63,81,9,31,1,28,69,150
FCX,Freeport-McMoRan,42.34,42,20,-28,56,90,37,26,1,-4,60,150
BAC,Bank of America,44.88,52,20,8,16,96,14,27,1,12,54,150
AMZN,Amazon,216.92,44,10,8,19,81,35,25,-10,18,68,149
KKR,KKR & Co. Inc.,123.25,15,9,0,101,125,12,2,-11,19,22,147
VICI,Vici Properties,32.01,6,1,49,13,69,8,1,14,55,78,147
SF,Stifel,96.62,18,10,0,57,85,30,25,-11,18,62,147
CUBE,CubeSmart,43.26,56,26,-14,20,88,14,31,1,12,58,146
DOV,Dover Corporation,180.68,14,9,0,104,127,14,-2,-10,17,19,146
PG,Procter & Gamble,162.55,-22,-3,0,177,152,-35,9,-5,24,-7,145
HPE,Hewlett Packard Enterprise,18.31,29,16,-15,40,70,2,33,-12,52,75,145
MAR,Marriott International,265.85,14,20,7,56,97,6,27,-10,25,48,145
R,Ryder,153.0,14,5,1,54,74,31,-1,-13,54,71,145
OGE,OGE Energy,43.77,-3,-2,59,43,97,-26,2,59,12,47,144
STLD,Steel Dynamics,133.61,7,32,1,53,93,2,-7,1,55,51,144
UI,Ubiquiti,416.57,20,21,43,8,92,7,35,1,8,51,143
EXPD,Expeditors International,112.93,7,0,-11,129,125,26,21,-28,-1,18,143
FHN,First Horizon Corporation,20.25,20,20,43,2,85,33,26,-9,8,58,143
HBAN,Huntington Bancshares,16.22,35,20,8,19,82,14,31,1,14,60,142
NSC,Norfolk Southern,250.53,69,19,2,2,92,26,33,-21,12,50,142
LECO,Lincoln Electric,203.06,20,19,0,63,102,29,26,-11,-5,39,141
DOX,Amdocs,92.38,10,29,8,56,103,7,27,1,3,38,141
RGA,Reinsurance Group of America,203.25,5,20,0,38,63,11,32,-18,51,76,139
DDS,Dillard's,402.87,0,2,5,52,59,7,28,-8,53,80,139
RMD,Resmed,250.98,28,26,8,11,73,33,32,-11,11,65,138
CXT,Crane NXT,55.52,14,10,-16,53,61,11,23,-12,54,76,137
ULTA,Ulta Beauty,468.32,70,30,3,2,105,3,33,3,-7,32,137
NBIX,Neurocrine Biosciences,125.73,70,11,-19,23,85,35,30,-11,-2,52,137
EQT,EQT Corporation,54.9,-7,26,32,40,91,-20,26,32,8,46,137
GDDY,GoDaddy,179.64,-2,2,85,20,105,26,-4,-10,20,32,137
TXN,Texas Instruments,199.13,44,20,1,20,85,35,24,-22,14,51,136
AL,Air Lease Corporation,58.04,14,26,8,20,68,17,26,1,24,68,136
ARMK,Aramark,39.51,0,24,6,38,68,-16,28,1,54,67,135
VRT,Vertiv,112.0,70,19,0,6,95,-5,33,-12,24,40,135
TXT,Textron,77.09,29,20,-26,51,74,33,30,1,-3,61,135
TWLO,Twilio,121.43,70,12,38,-32,88,21,26,-9,9,47,135
AMG,Affiliated Managers Group,182.87,39,26,2,20,87,33,-1,1,15,48,135
CWEN-A,Clearway Energy (Class A),28.69,7,18,49,4,78,7,29,13,8,57,135
K,Kellanova,81.94,-42,11,60,19,48,-5,8,72,11,86,134
JEF,Jefferies Financial Group,53.43,21,0,-11,56,66,33,-6,-14,55,68,134
WBS,Webster Bank,53.84,35,20,2,12,69,33,28,-11,15,65,134
DUOL,Duolingo,497.35,-9,33,44,0,68,-5,45,5,21,66,134
WTFC,Wintrust Financial,122.18,14,20,8,47,89,7,33,-12,17,45,134
CR,Crane Co.,185.99,33,27,7,0,67,33,29,1,3,66,133
EEFT,Euronet Worldwide,111.09,34,23,6,0,63,33,25,1,11,70,133
APP,AppLovin,383.62,0,10,96,0,106,-7,26,-8,16,27,133
CLH,Clean Harbors,225.32,-1,27,0,56,82,-5,-1,1,55,50,132
SLGN,Silgan Holdings,54.36,0,26,10,78,114,7,-1,1,11,18,132
KEX,Kirby Corporation,112.33,0,20,0,33,53,5,33,1,40,79,132
OZK,Bank OZK,45.98,14,20,8,54,96,33,-4,-10,17,36,132
NOC,Northrop Grumman,491.37,57,0,1,56,114,-8,7,8,10,17,131
NDSN,Nordson,219.27,56,19,-27,0,48,62,25,1,-5,83,131
LOW,Lowe's,223.61,-7,0,-11,164,146,-11,-5,-18,17,-17,129
MSM,MSC Industrial Direct,81.69,10,20,0,56,86,14,35,1,-7,43,129
NEE,NextEra Energy,71.92,48,7,0,0,55,59,2,1,11,73,128
MTG,MGIC Investment Corporation,26.05,-7,33,10,53,89,-21,33,1,26,39,128
XYL,Xylem Inc.,127.62,35,20,0,20,75,2,30,1,20,53,128
CWEN,Clearway Energy (Class C),30.47,0,18,49,2,69,9,29,13,8,59,128
PEG,Public Service Enterprise Group,79.63,-3,-1,0,150,146,-22,6,-18,15,-19,127
CUZ,Cousins Properties,29.68,58,10,2,9,79,33,3,1,11,48,127
APO,Apollo Global Management,133.51,14,2,-1,95,110,14,-8,-14,24,16,126
SPR,Spirit AeroSystems,38.74,8,34,9,0,51,6,35,21,12,74,125
RITM,Rithm Capital,11.23,14,20,8,30,72,31,-4,1,24,52,124
PPC,Pilgrim's Pride,45.86,-27,-4,77,19,65,-26,-25,94,16,59,124
ISRG,Intuitive Surgical,525.93,-7,20,85,20,118,-5,-1,-12,24,6,124
H,Hyatt Hotels,133.93,14,3,-14,53,56,7,26,-18,53,68,124
ES,Eversource Energy,65.63,56,23,6,-8,77,45,26,1,-26,46,123
ARW,Arrow Electronics,123.28,33,27,0,2,62,33,33,1,-6,61,123
RGLD,Royal Gold,176.7,-14,0,52,16,54,-12,7,59,14,68,122
ADSK,Autodesk,297.12,-1,23,45,12,79,-8,33,1,17,43,122
BKR,Baker Hughes,38.31,42,0,0,33,75,14,19,-10,24,47,122
BLK,BlackRock,988.48,38,19,8,20,85,-5,33,-11,19,36,121
CRWD,CrowdStrike,464.38,0,33,36,0,69,-2,35,1,18,52,121
ALNY,Alnylam Pharmaceuticals,303.85,55,19,8,13,95,-15,27,1,13,26,121
ETSY,Etsy,63.88,70,10,0,-28,52,82,20,1,-35,68,120
SKX,Skechers,62.11,28,18,-15,53,84,-2,25,-11,24,36,120
DOCS,Doximity,58.08,35,0,45,0,80,37,1,-8,10,40,120
VRTX,Vertex Pharmaceuticals,446.07,0,-24,-1,102,77,12,-19,14,35,42,119
BX,Blackstone Inc.,139.91,14,0,-4,103,113,7,-6,-15,19,5,118
STT,State Street Corporation,99.07,14,22,8,14,58,32,27,-11,12,60,118
LHX,L3Harris,245.32,10,42,3,3,58,9,35,3,12,59,117
ANSS,Ansys,341.95,27,20,8,9,64,32,-1,1,21,53,117
CTRA,Coterra,25.95,42,0,2,42,86,11,12,-3,11,31,117
MANH,Manhattan Associates,193.65,28,14,-20,63,85,26,-2,-18,25,31,116
RYAN,Ryan Specialty,66.26,-21,-1,112,0,90,-26,17,12,23,26,116
KNSL,Kinsale Capital Group,464.26,-2,5,7,31,41,-5,14,-18,83,74,115
IR,Ingersoll Rand,83.45,20,19,-12,21,48,33,26,-19,27,67,115
BROS,Dutch Bros. Coffee,73.35,41,12,44,0,97,-11,26,-6,9,18,115
MU,Micron Technology,110.86,42,19,-26,20,55,37,25,1,-3,60,115
MMM,3M,144.23,-13,20,65,12,84,-7,25,1,12,31,115
MET,Metlife,79.61,20,19,2,56,97,14,-1,-11,16,18,115
LAD,Lithia Motors,323.26,37,1,0,12,50,32,26,-13,19,64,114
DG,Dollar General,113.27,35,61,0,-15,81,35,9,13,-24,33,114
MP,MP Materials,27.68,49,3,23,0,75,29,-28,36,2,39,114
NTRS,Northern Trust,108.72,14,20,7,9,50,26,26,1,11,64,114
BJ,BJ's Wholesale Club,110.06,-48,0,69,8,29,1,-3,31,56,85,114
TOL,Toll Brothers,109.55,29,4,-14,59,78,32,-1,-20,24,35,113
PLNT,Planet Fitness,102.58,-1,16,54,11,80,-7,27,1,12,33,113
VMC,Vulcan Materials,265.99,0,28,8,58,94,-5,-2,1,25,19,113
ECG,Everus Construction Group,61.04,35,18,0,0,53,33,35,-8,0,60,113
SOFI,SoFi,14.1,25,12,37,0,74,37,3,-11,9,38,112
MO,Altria,59.04,-23,17,61,43,98,-26,8,17,14,13,111
MPC,Marathon Petroleum,160.23,14,22,0,47,83,7,26,1,-6,28,111
CRH,CRH plc,93.18,5,0,2,62,69,30,-6,-8,25,41,110
WTM,White Mountains Insurance Group,1789.8,0,0,0,57,57,12,-3,-11,54,52,109
AYI,Acuity Brands,269.72,20,0,0,25,45,33,25,-12,18,64,109
MASI,Masimo,171.89,51,3,37,-4,87,14,6,-6,8,22,109
DECK,Deckers Brands,110.91,0,0,-15,91,76,26,-11,-11,29,33,109
DELL,Dell Technologies,114.23,16,20,-16,30,50,26,33,1,-2,58,108
EXE,Expand Energy,114.92,-7,40,32,0,65,-22,25,32,8,43,108
PPL,PPL Corporation,33.92,-23,-5,67,21,60,-28,-16,79,12,47,107
VNO,Vornado Realty Trust,41.16,35,10,2,2,49,33,26,-14,13,58,107
XPO,"XPO, Inc.",119.56,14,2,-4,59,71,26,-2,-14,25,35,106
FDS,FactSet,426.94,-48,0,-2,192,142,-40,-2,-15,21,-36,106
SYF,Synchrony Financial,60.83,14,20,8,19,61,7,33,-11,16,45,106
BEPC,Brookfield Renewable Partners,31.83,35,21,1,0,57,7,32,1,8,48,105
AMD,Advanced Micro Devices,121.69,40,19,-33,108,134,7,26,-57,-5,-29,105
VST,Vistra Corp.,169.33,0,19,10,28,57,-15,32,-12,43,48,105
EWBC,East West Bancorp,94.76,15,20,2,20,57,14,31,-14,17,48,105
HII,Huntington Ingalls Industries,228.16,16,59,0,4,79,33,-8,7,-7,25,104
HXL,Hexcel,57.32,55,2,-20,0,37,65,21,-12,-7,67,104
AR,Antero Resources,38.93,7,20,32,8,67,11,21,-3,8,37,104
LLYVA,Liberty Live (Series A),74.66,21,33,19,0,73,31,-1,1,0,31,104
UBER,Uber,87.12,7,32,9,0,48,26,-2,7,24,55,103
VZ,Verizon,43.65,0,17,21,8,46,8,23,14,12,57,103
TNL,Travel + Leisure Co.,49.94,34,10,8,14,66,7,26,-8,12,37,103
CFLT,"Confluent, Inc.",24.38,70,0,-7,0,63,33,14,-9,2,40,103
FTV,Fortive,73.18,35,5,-12,31,59,33,22,-8,-3,44,103
ROKU,"Roku, Inc.",79.57,69,1,1,-17,54,30,25,-9,2,48,102
KIM,Kimco Realty,21.05,1,19,0,53,73,3,33,-19,12,29,102
MDT,Medtronic,87.44,35,0,2,0,37,58,1,-5,11,65,102
CG,Carlyle Group (The),46.58,15,11,0,19,45,30,22,-11,16,57,102
CNA,CNA Financial,46.52,-25,-4,85,55,111,-24,-5,1,18,-10,101
DAL,Delta Air Lines,51.2,15,2,-4,17,30,33,26,-12,24,71,101
ABNB,Airbnb,139.01,34,5,0,0,39,40,33,-9,-3,61,100
KR,Kroger,65.48,-35,-5,70,65,95,-33,-16,41,13,5,100
AGO,Assured Guaranty,83.97,0,11,0,54,65,26,-12,1,20,35,100
LLYVK,Liberty Live (Series C),75.94,24,26,20,0,70,31,-2,1,0,30,100
UGI,UGI Corporation,35.53,-23,34,33,2,46,-23,33,40,3,53,99
OSK,Oshkosh Corporation,110.66,35,19,2,2,58,31,24,-11,-3,41,99
AFRM,Affirm Holdings,61.34,44,2,3,0,49,40,3,-8,15,50,99
BRX,Brixmor Property Group,25.7,14,2,0,53,69,12,-7,1,24,30,99
HES,Hess Corporation,136.52,45,0,-11,53,87,6,5,-2,1,10,97
CMG,Chipotle Mexican Grill,51.13,28,4,-15,78,95,-2,-6,-17,27,2,97
MORN,"Morningstar, Inc.",307.23,5,20,-11,26,40,32,26,-17,16,57,97
USB,U.S. Bancorp,44.86,37,20,0,2,59,14,26,-15,13,38,97
LPX,Louisiana-Pacific,92.47,10,0,0,61,71,-7,24,-15,24,26,97
DLTR,Dollar Tree,93.86,21,37,0,-13,45,19,36,16,-20,51,96
CSX,CSX Corporation,31.99,38,19,-27,2,32,68,23,-23,-4,64,96
EOG,EOG Resources,114.33,20,0,-11,43,52,14,-7,-12,49,44,96
SAIC,SAIC,103.58,-5,-6,-28,65,26,16,-6,5,55,70,96
PRI,Primerica,261.98,-7,0,0,106,99,-19,-1,-11,28,-3,96
ZION,Zions Bancorporation,49.32,34,2,0,2,38,33,25,-14,13,57,95
DKS,Dick's Sporting Goods,182.36,21,-17,-4,61,61,26,-11,-12,31,34,95
FITB,Fifth Third Bancorp,39.58,35,5,0,20,60,14,25,-18,14,35,95
PRU,Prudential Financial,105.81,20,10,-4,53,79,14,2,-18,17,15,94
FNB,FNB Corporation,14.11,14,20,-4,53,83,14,-1,-19,17,11,94
CCK,Crown Holdings,100.64,14,30,8,3,55,26,2,1,10,39,94
TW,Tradeweb,137.44,-41,19,100,0,78,-5,-2,1,21,15,93
THC,Tenet Healthcare,166.19,-7,29,5,55,82,-12,26,-26,22,10,92
HAS,Hasbro,67.57,9,20,5,1,35,16,31,1,9,57,92
FCNCA,First Citizens BancShares,1835.09,10,2,-4,57,65,25,-5,-12,19,27,92
SNV,Synovus,49.17,16,20,0,19,55,12,26,-14,12,36,91
AAP,Advance Auto Parts,52.08,84,12,0,-26,70,33,19,1,-32,21,91
LYFT,Lyft,15.6,0,21,6,0,27,30,31,1,2,64,91
ROST,Ross Stores,142.15,0,29,-4,33,58,9,-5,2,27,33,91
CMA,Comerica,58.59,34,2,0,2,38,33,25,-15,10,53,91
INFA,Informatica,24.16,73,11,-33,0,51,30,33,-18,-5,40,91
GL,Globe Life,120.7,-7,0,36,12,41,-22,18,47,6,49,90
LDOS,Leidos,146.32,0,32,-4,21,49,24,-5,4,17,40,89
MTB,M&T Bank,184.28,14,20,0,20,54,12,26,-15,12,35,89
ALGM,Allegro MicroSystems,29.8,35,19,2,0,56,33,20,-6,-14,33,89
AEE,Ameren,95.93,0,-9,47,11,49,-15,-5,52,8,40,89
OLED,Universal Display Corporation,155.87,35,20,-28,0,27,37,27,1,-3,62,89
NVT,Nvent Electric,68.32,34,20,-17,10,47,31,33,-19,-3,42,89
VTR,"Ventas, Inc.",62.63,-7,-9,63,20,67,11,-16,14,13,22,89
FIS,Fidelity National Information Services,81.72,34,35,0,-35,34,33,33,-21,9,54,88
UNH,UnitedHealth Group,303.1,0,-36,-9,-2,-47,6,-31,-22,182,135,88
WEC,WEC Energy Group,104.88,-22,-1,46,11,34,-23,9,59,9,54,88
FIVE,Five Below,126.2,70,22,0,-14,78,-10,31,2,-13,10,88
IONS,Ionis Pharmaceuticals,36.77,45,23,-40,-9,19,47,29,1,-8,69,88
GLPI,Gaming and Leisure Properties,46.84,9,-28,0,63,44,11,-23,1,55,44,88
CBSH,Commerce Bancshares,63.52,12,20,10,2,44,33,-2,1,11,43,87
MCHP,Microchip Technology,68.01,44,20,-37,1,28,37,26,1,-5,59,87
RF,Regions Financial Corporation,22.1,14,19,0,20,53,14,26,-18,12,34,87
PINS,Pinterest,34.13,37,5,0,0,42,37,21,-10,-3,45,87
CFR,Frost Bank,128.64,14,20,9,2,45,14,30,-11,8,41,86
APD,Air Products,279.93,51,0,0,14,65,2,21,-10,8,21,86
WPC,W. P. Carey,63.3,8,17,20,0,45,12,9,17,3,41,86
EA,Electronic Arts,146.87,28,42,0,5,75,-4,-12,7,19,10,85
DT,Dynatrace,54.21,32,18,5,0,55,-5,26,-9,18,30,85
CHE,Chemed Corporation,549.99,-41,-13,-2,183,127,-49,-1,14,-6,-42,85
SBUX,Starbucks,90.7,34,0,0,0,34,33,19,-6,5,51,85
CTSH,Cognizant,80.43,6,20,7,12,45,7,26,-9,16,40,85
TYL,Tyler Technologies,580.1,26,0,1,15,42,26,19,-19,16,42,84
FSLR,First Solar,160.14,17,19,-30,60,66,26,-5,1,-4,18,84
AGNC,AGNC Investment,9.22,24,5,2,14,45,26,3,-5,15,39,84
ALLE,Allegion,139.59,-1,32,1,19,51,14,-2,1,20,33,84
NCLH,Norwegian Cruise Line Holdings,19.59,33,0,-11,0,22,33,21,-11,18,61,83
DAY,Dayforce,59.15,36,5,-11,-10,20,61,14,-15,3,63,83
ALLY,Ally Financial,36.6,51,10,-1,2,62,14,4,-12,14,20,82
TFSL,Third Federal S&L,13.31,9,33,8,3,53,16,-5,1,17,29,82
ADT,ADT Inc.,8.24,-7,40,22,0,55,-19,24,16,6,27,82
AS,Amer Sports,37.64,30,20,0,0,50,5,25,1,0,31,81
LNW,Light & Wonder,88.43,7,0,-12,55,50,12,2,-6,23,31,81
PSA,Public Storage,302.51,0,21,-2,13,32,4,33,1,11,49,81
ZI,ZoomInfo,10.34,98,5,-14,0,89,21,24,-19,-34,-8,81
LOAR,Loar Holdings,89.2,48,43,0,0,91,-6,-10,5,0,-11,80
XYZ,"Block, Inc.",65.83,84,0,-15,-34,35,33,17,-16,11,45,80
COHR,Coherent Corp.,81.19,33,19,0,13,65,-9,26,-15,13,15,80
VNOM,Viper Energy,41.31,14,0,-1,42,55,7,-9,-19,45,24,79
BSY,Bentley Systems,47.79,27,23,-1,0,49,-2,35,1,-4,30,79
EGP,EastGroup Properties,171.97,14,17,0,6,37,12,32,1,-3,42,79
CNP,Centerpoint Energy,36.54,-22,0,40,43,61,-15,-14,34,13,18,79
LITE,Lumentum,82.16,35,18,5,1,59,-3,26,-12,8,19,78
PNC,PNC Financial Services,178.74,20,10,0,12,42,14,25,-15,12,36,78
AMTM,Amentum,23.11,21,32,0,0,53,29,-5,1,0,25,78
CHH,Choice Hotels,127.9,14,0,-4,13,23,29,21,-8,12,54,77
NNN,NNN Reit,42.26,14,18,0,20,52,10,2,1,12,25,77
OC,Owens Corning,137.11,14,-7,-15,56,48,31,-11,-19,27,28,76
OWL,Blue Owl Capital,19.19,34,2,0,0,36,30,2,-12,19,39,75
NYT,New York Times Company,55.64,-2,31,6,14,49,-27,33,1,19,26,75
KEY,Keycorp,16.27,20,20,0,2,42,14,26,-18,11,33,75
ZBRA,Zebra Technologies,298.78,32,6,-12,-5,21,30,25,-12,11,54,75
CPAY,Corpay,342.89,20,3,2,19,44,26,-8,-10,23,31,75
NWSA,News Corp (Class A),27.76,-16,20,8,56,68,-46,33,1,19,7,75
BA,Boeing,217.46,8,33,5,0,46,3,33,1,-9,28,74
EFX,Equifax,268.57,14,32,2,14,62,-1,-5,1,16,11,73
FOXA,Fox Corporation (Class A),54.08,-37,19,59,0,41,4,20,-4,12,32,73
SYY,Sysco,75.24,40,7,0,1,48,12,20,-19,12,25,73
NTNX,Nutanix,75.41,-7,26,22,20,61,-10,-1,1,22,12,73
FHB,"First Hawaiian, Inc.",24.17,14,2,0,12,28,14,30,-11,12,45,73
SNDK,SanDisk,41.81,20,0,0,0,20,33,20,0,0,53,73
ALSN,Allison Transmission,101.0,-7,19,0,33,45,-19,26,-12,32,27,72
POST,Post Holdings,110.08,5,-23,0,85,67,-21,-30,1,55,5,72
MIDD,Middleby,149.99,14,0,5,0,19,29,20,-7,11,53,72
PHM,PulteGroup,101.47,28,4,-14,63,81,-2,-9,-25,27,-9,72
GEV,GE Vernova,480.0,0,32,0,0,32,2,35,2,0,39,71
APPF,AppFolio,218.14,33,5,-9,26,55,2,-2,-11,26,15,70
ATR,AptarGroup,151.61,-34,26,0,18,10,2,33,1,23,59,69
VVV,Valvoline,36.77,35,5,-17,29,52,36,21,-39,-2,16,68
CFG,Citizens Financial Group,41.31,20,8,0,2,30,12,25,-11,12,38,68
HSY,Hershey Company (The),166.93,56,0,-36,-2,18,71,1,-5,-17,50,68
HRB,H&R Block,56.21,-7,-1,0,50,42,-16,-13,5,50,26,68
RRX,Regal Rexnord,142.1,21,20,-19,1,23,28,25,-20,11,44,67
NVST,Envista,19.01,62,5,-14,0,53,32,26,-14,-30,14,67
NU,Nubank,11.91,-3,31,-1,0,27,30,-8,1,17,40,67
ACN,Accenture,316.53,15,0,-14,12,13,22,25,-10,17,54,67
JLL,Jones Lang LaSalle,230.94,30,0,0,12,42,32,-8,-11,12,25,67
EXR,Extra Space Storage,150.44,0,17,-4,0,13,9,33,1,11,54,67
PSN,Parsons Corporation,69.51,30,5,-18,0,17,33,4,-21,33,49,66
LAZ,Lazard,43.93,15,3,-1,18,35,14,25,-19,11,31,66
SNDR,Schneider National,24.14,33,0,-14,0,19,38,19,-18,8,47,66
BEN,Franklin Templeton Investments,21.86,15,23,0,-7,31,21,33,1,-20,35,66
LBRDA,Liberty Broadband (Series A),92.82,0,31,38,-34,35,26,-3,1,6,30,65
TRGP,Targa Resources,162.8,25,-46,0,49,28,14,-18,-11,52,37,65
MSCI,MSCI,557.87,0,18,0,12,30,33,-2,-14,18,35,65
JHG,Janus Henderson,36.77,12,5,0,17,34,26,-1,-10,16,31,65
FOX,Fox Corporation (Class B),49.55,-38,19,58,0,39,4,20,-5,7,26,65
RPRX,Royalty Pharma,33.39,36,23,23,0,82,-1,2,17,-36,-18,64
LBRDK,Liberty Broadband (Series C),93.67,0,31,38,-34,35,26,-4,1,6,29,64
ALK,Alaska Air Group,51.7,14,0,0,2,16,26,23,-8,7,48,64
LEN,Lennar (Class A),110.32,28,0,-21,62,69,32,-10,-26,-1,-5,64
FOUR,Shift4,95.51,13,0,1,0,14,7,29,-8,22,50,64
KEYS,Keysight,162.47,10,20,7,0,37,33,-2,-8,3,26,63
PNFP,Pinnacle Financial Partners,107.9,14,20,0,13,47,12,-1,-11,16,16,63
CSGP,CoStar Group,78.89,29,2,0,12,43,32,-19,14,-7,20,63
CI,Cigna,311.38,-2,-5,-2,56,47,-33,-17,11,55,16,63
NVR,"NVR, Inc.",7122.67,26,0,-14,63,75,-7,-9,-23,27,-12,63
OHI,Omega Healthcare Investors,36.77,0,0,0,38,38,-5,3,-2,29,25,63
CEG,Constellation Energy,299.56,-21,20,7,0,6,3,35,1,17,56,62
TKR,Timken Company,72.65,28,5,-15,2,20,33,24,-12,-3,42,62
CMS,CMS Energy,69.64,-2,-12,67,21,74,-20,-18,13,12,-13,61
SUI,Sun Communities,125.09,56,11,2,-22,47,3,1,1,9,14,61
LEN-B,Lennar (Class B),105.84,28,0,-19,60,69,-1,-9,-26,28,-8,61
VOYA,Voya Financial,68.02,9,20,-14,2,17,11,23,-19,29,44,61
ESI,Element Solutions,21.96,14,0,-11,55,58,7,-2,-20,18,3,61
COIN,Coinbase,256.61,0,19,1,0,20,6,33,-14,16,41,61
DHI,D. R. Horton,122.65,27,0,-19,63,71,-2,-11,-26,28,-11,60
ZG,Zillow (Class A),69.41,41,4,45,-39,51,-2,2,-9,18,9,60
DDOG,Datadog,121.18,45,10,-14,0,41,-5,27,-17,13,18,59
MUSA,Murphy USA,413.97,-7,-22,-4,66,33,-9,-22,-20,77,26,59
CARR,Carrier Global,71.65,8,27,0,0,35,1,-2,1,24,24,59
MSGS,Madison Square Garden Sports,189.75,10,0,-11,19,18,37,-5,-17,25,40,58
CAR,Avis Budget Group,126.11,12,36,0,-18,30,13,46,4,-35,28,58
NLY,Annaly Capital Management,19.18,12,2,9,8,31,26,-8,-5,14,27,58
FNF,Fidelity National Financial,54.84,13,-22,0,56,47,11,-17,-2,19,11,58
X,U.S. Steel,53.14,0,15,10,24,49,-20,11,14,4,9,58
AMH,American Homes 4 Rent,36.7,-23,39,0,66,82,-35,-4,1,13,-25,57
PFG,Principal Financial Group,76.81,-1,0,-4,53,48,6,-2,-11,16,9,57
DPZ,Domino's,467.96,0,0,13,8,21,7,-5,18,16,36,57
DIS,Walt Disney Company (The),115.68,51,20,6,-39,38,7,24,-10,-3,18,56
LFUS,Littelfuse,222.77,30,20,-16,0,34,33,25,-30,-6,22,56
CRUS,Cirrus Logic,102.78,9,20,-14,17,32,26,-3,1,-1,23,55
XOM,ExxonMobil,104.96,14,-15,-4,42,37,6,-10,-26,48,18,55
NEM,Newmont,53.28,-14,44,10,3,43,-12,6,10,8,12,55
AFL,Aflac,102.48,-7,-13,0,56,36,-19,-16,1,53,19,55
WTW,Willis Towers Watson,301.16,-22,-32,85,22,53,-26,7,-6,27,2,55
AGCO,AGCO,103.1,14,22,0,0,36,28,-1,2,-11,18,54
GPK,Graphic Packaging,22.23,0,-64,-10,56,-18,26,-1,-23,69,71,53
IDXX,Idexx Laboratories,518.59,0,27,5,2,34,-9,33,1,-6,19,53
MDB,MongoDB Inc.,217.16,40,0,-17,-7,16,37,25,-18,-7,37,53
MAS,Masco,63.74,15,0,-11,63,67,-3,-7,-23,19,-14,53
CRM,Salesforce,272.25,14,0,-4,20,30,23,-7,-12,19,23,53
Z,Zillow (Class C),70.29,40,2,2,0,44,-2,2,-9,18,9,53
PCOR,Procore,67.52,21,0,-2,0,19,30,-6,-8,17,33,52
VNT,Vontier,36.52,19,20,-4,0,35,6,27,-14,-3,16,51
TPG,TPG Inc.,50.37,25,3,-4,0,24,33,-8,-15,17,27,51
IP,International Paper,47.99,5,0,0,14,19,11,18,-11,14,32,51
PLD,Prologis,108.93,14,10,-14,0,10,12,31,1,-3,41,51
LW,Lamb Weston,55.69,64,8,-63,-6,3,65,12,-17,-12,48,51
BHF,Brighthouse Financial,58.81,-6,23,9,9,35,11,-2,1,6,16,51
XP,XP Inc.,19.5,0,34,3,0,37,-19,32,7,-6,14,51
SEG,Seaport Entertainment Group,20.24,68,0,0,0,68,-1,2,-19,0,-18,50
RNR,RenaissanceRe,243.88,-7,17,-1,33,42,-23,25,-20,26,8,50
ADC,Agree Realty,74.59,-22,0,54,14,46,-23,2,14,11,4,50
CNH,CNH Industrial,12.85,14,21,10,0,45,26,-1,1,-21,5,50
O,Realty Income,56.81,6,16,1,5,28,8,2,1,11,22,50
PYPL,PayPal,73.54,29,10,-1,-37,1,30,26,-15,7,48,49
DBX,Dropbox,29.45,42,7,10,7,66,-5,-7,-11,6,-17,49
SOLV,Solventum,74.91,35,5,0,0,40,-5,21,-7,0,9,49
GXO,GXO Logistics,42.79,34,20,-28,0,26,28,26,-26,-6,22,48
CART,Maplebear Inc.,45.9,-1,16,14,0,29,-8,35,-8,0,19,48
HOLX,Hologic,64.56,67,8,-26,0,49,14,15,-26,-5,-2,47
TPL,Texas Pacific Land Corporation,1106.44,-2,-7,-1,56,46,-4,-7,1,11,1,47
TER,Teradyne,86.79,35,0,-20,-4,11,32,21,-14,-3,36,47
BIRK,Birkenstock,56.09,35,22,6,0,63,-12,-6,1,0,-17,46
A,Agilent Technologies,116.75,28,0,-14,-3,11,26,23,-11,-3,35,46
AFG,American Financial Group,124.63,5,0,-3,54,56,-7,-16,1,12,-10,46
PCTY,Paylocity,186.04,-7,0,33,0,26,-7,33,-10,3,19,45
JNPR,Juniper Networks,35.76,-2,15,0,52,65,-4,-6,-28,18,-20,45
MDU,MDU Resources,16.84,-2,18,0,38,54,-27,-8,1,24,-10,44
MKSI,MKS Instruments,91.54,28,5,-18,-11,4,30,25,-12,-3,40,44
IDA,Idacorp,115.86,-22,1,47,16,42,-33,9,17,8,1,43
JNJ,Johnson & Johnson,155.21,14,2,3,5,24,12,8,-5,4,19,43
MRP,Millrose Properties,27.74,0,9,0,0,9,4,30,0,0,34,43
CHDN,Churchill Downs Incorporated,99.6,27,0,-22,0,5,26,7,-23,28,38,43
IRDM,Iridium Communications,28.56,39,2,-12,-17,12,38,24,-14,-17,31,43
OTIS,Otis Worldwide,95.33,0,-1,0,0,-1,28,-4,-5,24,43,42
WSM,"Williams-Sonoma, Inc.",157.64,-10,0,0,63,53,-14,-8,-8,19,-11,42
AOS,A. O. Smith,64.83,0,1,-33,56,24,26,-6,1,-3,18,42
INCY,Incyte,69.88,46,6,0,-29,23,8,28,-22,5,19,42
BFAM,Bright Horizons,125.15,-17,18,5,6,12,-16,27,6,13,30,42
INGM,Ingram Micro,20.01,18,5,0,0,23,30,-2,-9,0,19,42
PINC,"Premier, Inc.",23.07,6,31,8,-26,19,-9,57,6,-32,22,41
BURL,Burlington Stores,246.94,13,3,0,1,17,30,-4,-17,15,24,41
MTD,Mettler Toledo,1195.59,32,5,-14,0,23,28,25,-32,-3,18,41
VLO,Valero Energy,128.26,-1,20,-35,42,26,6,22,-10,-3,15,41
ED,Consolidated Edison,101.11,-23,-4,19,45,37,-32,-20,13,43,4,41
EXP,Eagle Materials,201.75,0,-9,-6,55,40,2,-6,-20,25,1,41
KRC,Kilroy Realty,34.96,41,10,-11,-38,2,33,13,-17,9,38,40
GTLB,GitLab,48.64,21,0,-12,0,9,33,-7,-11,16,31,40
BALL,Ball Corporation,54.22,33,20,-26,-9,18,26,32,-33,-3,22,40
EQR,Equity Residential,69.31,4,19,0,11,34,4,-11,1,11,5,39
QCOM,Qualcomm,155.38,14,5,-16,20,23,33,28,-43,-3,15,38
SW,Smurfit Westrock,43.99,7,0,0,0,7,24,21,-14,0,31,38
ZM,Zoom Communications,80.19,-14,21,40,0,47,-9,-3,1,2,-9,38
GEHC,GE HealthCare,71.67,34,0,-11,0,23,26,-8,-9,6,15,38
GNRC,Generac,128.46,33,4,-11,-32,-6,32,22,-19,8,43,37
AVY,Avery Dennison,179.63,14,19,-26,2,9,32,33,-34,-3,28,37
CACC,Credit Acceptance,506.87,14,2,0,1,17,30,-1,-6,-3,20,37
FR,First Industrial Realty Trust,49.85,14,3,-4,12,25,12,-7,-6,12,11,36
XEL,Xcel Energy,68.38,-31,-4,42,10,17,-34,-4,50,7,19,36
NXST,Nexstar Media Group,168.27,0,19,5,2,26,6,19,-23,8,10,36
THO,Thor Industries,87.7,35,4,-17,0,22,12,26,-20,-4,14,36
HAYW,Hayward Holdings,14.21,32,20,-4,0,48,-5,-5,-17,14,-13,35
DXCM,Dexcom,85.66,0,24,0,-12,12,-5,33,1,-7,22,34
COKE,Coca-Cola Consolidated,110.12,-42,-27,0,83,14,3,-27,-6,50,20,34
BLD,TopBuild,300.79,28,1,-20,44,53,32,-13,-37,-1,-19,34
TFC,Truist Financial,40.42,15,2,0,2,19,14,2,-14,12,14,33
BOKF,BOK Financial Corporation,95.67,14,0,-3,20,31,12,-5,-17,12,2,33
FAF,First American Financial Corporation,56.35,13,-25,-4,12,-4,44,-13,-10,16,37,33
HST,Host Hotels & Resorts,15.93,14,20,-23,2,13,9,33,-18,-4,20,33
CHTR,Charter Communications,394.42,0,31,9,-34,6,26,-5,1,4,26,32
AEP,American Electric Power,101.39,-22,-9,64,21,54,-30,-18,14,12,-22,32
WDAY,"Workday, Inc.",252.9,0,7,-1,12,18,14,-6,-14,20,14,32
FANG,Diamondback Energy,142.16,36,2,-20,45,63,6,5,-39,-3,-31,32
VLTO,Veralto,99.72,-2,20,0,0,18,11,27,-24,0,14,32
JKHY,Jack Henry & Associates,179.92,0,17,7,2,26,-5,19,-18,9,5,31
BC,Brunswick Corporation,57.27,35,4,-29,-5,5,33,20,-20,-7,26,31
DINO,HF Sinclair,36.7,20,22,-41,-7,-6,14,27,1,-6,36,30
SMCI,Supermicro,43.11,8,0,-42,56,22,2,19,-7,-7,7,29
OKE,Oneok,81.1,-1,-46,-4,52,1,1,-8,-16,49,26,27
TTEK,Tetra Tech,35.28,4,18,-20,3,5,-5,33,-23,17,22,27
CNXC,Concentrix,55.82,0,20,0,0,20,18,23,-3,-31,7,27
EW,Edwards Lifesciences,76.34,-1,32,0,-12,19,-14,33,21,-33,7,26
CIEN,Ciena,72.43,-21,20,0,10,9,-18,33,-12,14,17,26
CPT,Camden Property Trust,117.56,4,10,7,1,22,2,-9,1,9,3,25
MTDR,Matador Resources,46.65,35,0,-20,0,15,7,20,-13,-4,10,25
GM,General Motors,47.93,-6,2,0,9,5,2,26,-19,11,20,25
UHS,Universal Health Services,177.78,-7,24,-2,20,35,-7,-1,-26,24,-10,25
LNT,Alliant Energy,60.47,-28,0,59,12,43,-26,-4,1,11,-18,25
ESS,Essex Property Trust,283.76,6,2,0,12,20,2,-11,1,12,4,24
AXTA,Axalta,30.94,0,-7,-7,20,6,24,-10,-20,24,18,24
ON,ON Semiconductor,52.38,35,5,-28,0,12,33,26,-34,-13,12,24
ROIV,Roivant Sciences,11.07,0,30,-3,0,27,-16,-12,1,22,-5,22
PNW,Pinnacle West Capital,89.4,-35,-5,59,16,35,-34,-16,13,24,-13,22
LNC,Lincoln Financial,33.44,14,2,9,-4,21,12,-8,-9,6,1,22
AMT,American Tower,212.76,-1,0,7,0,6,-7,3,11,9,16,22
HUBS,HubSpot,606.06,14,0,0,9,23,-2,-7,-9,17,-1,22
BBY,Best Buy,72.74,29,0,-15,-4,10,32,-8,-26,14,12,22
DKNG,DraftKings,36.21,14,0,-12,0,2,17,-6,-9,18,20,22
SFD,Smithfield Foods,23.06,-1,15,0,0,14,-26,33,0,0,7,21
FI,Fiserv,166.89,26,-46,-5,33,8,26,-32,-6,25,13,21
MAT,Mattel,19.05,7,19,5,0,31,6,21,-9,-29,-11,20
LUV,Southwest Airlines,33.57,9,19,6,-37,-3,14,22,-15,2,23,20
SHC,Sotera Health,12.32,14,25,-18,0,21,6,-4,1,-4,-1,20
PODD,Insulet,305.67,-23,21,36,2,36,-51,25,5,4,-17,19
WAT,Waters Corporation,348.32,0,0,0,12,12,7,-1,-11,12,7,19
PB,Prosperity Bancshares,70.21,9,2,-3,12,20,7,-5,-15,12,-1,19
BMY,Bristol Myers Squibb,48.99,56,-45,0,-3,8,6,6,-5,3,10,18
GAP,Gap Inc.,22.24,-49,29,-3,16,-7,9,-3,2,17,25,18
CHRW,C.H. Robinson,95.69,-1,18,0,2,19,-9,20,-18,6,-1,18
WST,West Pharmaceutical Services,223.91,28,3,-18,-5,8,30,3,-18,-6,9,17
WEX,WEX Inc.,139.0,30,2,-34,-3,-5,33,20,-25,-6,22,17
SPG,Simon Property Group,160.42,0,0,0,33,33,-21,-8,-6,19,-16,17
INVH,Invitation Homes,33.19,-2,0,0,5,3,2,-12,12,12,14,17
UHAL,U-Haul,63.42,7,0,-6,20,21,4,-8,-19,18,-5,16
WAL,Western Alliance Bancorporation,73.87,14,0,-3,2,13,12,-7,-18,16,3,16
W,Wayfair,47.3,70,20,-54,-39,-3,30,26,1,-38,19,16
GRAL,"Grail, Inc.",40.01,0,0,0,0,0,-10,33,-8,0,15,15
APTV,Aptiv,67.21,10,20,0,-22,8,14,26,1,-34,7,15
BWA,BorgWarner,32.64,-2,22,-28,0,-8,7,29,1,-14,23,15
CVX,Chevron Corporation,140.75,14,-45,-11,46,4,7,3,-3,4,11,15
WMS,Advanced Drainage Systems,116.75,21,4,-31,1,-5,28,-9,1,-1,19,14
SMG,Scotts Miracle-Gro Company,65.37,21,16,-13,-37,-13,19,19,-23,11,26,13
UDR,"UDR, Inc.",41.47,6,1,0,5,12,2,-13,1,11,1,13
PPG,PPG Industries,113.47,14,20,-37,-6,-9,26,1,1,-6,22,13
DD,DuPont,68.53,16,0,-12,17,21,26,-7,-26,-1,-8,13
KMPR,Kemper Corporation,63.01,-3,10,0,2,9,-19,21,-11,12,3,12
PAYC,Paycom,258.44,-1,33,10,-22,20,-7,33,1,-35,-8,12
TEAM,Atlassian,215.0,28,0,0,-4,24,-3,-9,-9,9,-12,12
SWKS,Skyworks Solutions,73.14,34,18,-34,-28,-10,34,28,-37,-3,22,12
WY,Weyerhaeuser,27.0,29,0,-14,0,15,26,2,-26,-6,-4,11
CL,Colgate-Palmolive,90.88,-35,-6,-2,21,-22,6,8,-5,24,33,11
AVB,AvalonBay Communities,207.0,6,1,0,14,21,9,-13,-19,13,-10,11
MOS,Mosaic Company (The),34.6,-14,40,7,-14,19,-19,33,6,-28,-8,11
PSX,Phillips 66,116.09,7,19,-27,39,38,7,21,-52,-3,-27,11
PATH,UiPath,13.11,-23,10,-2,0,-15,-2,35,1,-8,26,11
GME,GameStop,30.33,0,23,0,-28,-5,-16,34,2,-5,15,10
DHR,Danaher Corporation,199.25,34,2,-20,0,16,26,1,-31,-2,-6,10
FMC,FMC Corporation,44.03,58,9,-31,-22,14,32,13,-27,-24,-6,8
YETI,Yeti Holdings,32.24,35,0,-26,-4,5,7,20,-17,-8,2,7
OVV,Ovintiv,38.81,41,2,-28,0,15,6,5,-15,-4,-8,7
RIVN,Rivian,14.39,0,22,0,0,22,5,-3,2,-19,-15,7
IEX,IDEX Corporation,183.22,14,9,-19,0,4,30,-4,-19,-4,3,7
LVS,Las Vegas Sands,41.9,4,20,-13,-4,7,3,26,-17,-12,0,7
SITE,SiteOne Landscape Supply,124.23,31,1,-17,-7,8,31,-6,-20,-6,-1,7
FLS,Flowserve,48.16,-28,0,-2,25,-5,2,-1,-12,23,12,7
FRT,Federal Realty Investment Trust,96.77,12,2,-14,2,2,12,1,-20,12,5,7
RKT,Rocket Companies,12.74,-1,-7,-10,0,-18,-9,16,-1,18,24,6
FDX,FedEx,222.09,14,0,-17,30,27,7,-7,-19,-2,-21,6
ALAB,Astera Labs,92.32,-11,18,0,0,7,-15,27,-13,0,-1,6
HSIC,Schein (Henry),70.91,0,1,-3,0,-2,-7,24,-10,1,8,6
G,Genpact,43.19,0,-25,44,0,19,6,-22,-6,8,-14,5
DLB,Dolby Laboratories,75.51,10,0,1,1,12,4,-6,-11,6,-7,5
COLB,Columbia Banking System,24.01,12,2,0,-7,7,12,-5,-17,8,-2,5
D,Dominion Energy,55.67,-3,18,5,-32,-12,-26,33,1,8,16,4
WH,Wyndham Hotels & Resorts,82.37,-1,-8,-2,9,-2,9,-8,-8,13,6,4
WHR,Whirlpool Corporation,84.64,35,0,-15,-24,-4,33,19,-11,-34,7,3
LSCC,Lattice Semiconductor,50.09,14,0,-11,-3,0,31,-8,-8,-13,2,2
IVZ,Invesco,14.68,7,0,-11,-4,-8,14,-4,-11,11,10,2
RH,RH,184.83,10,0,-15,-5,-10,26,-8,-14,7,11,1
TROW,T. Rowe Price,94.96,9,5,-14,-23,-23,30,-1,-16,11,24,1
S,SentinelOne,18.09,0,0,-16,0,-16,31,-8,-19,12,16,0
NCNO,nCino,27.15,0,5,-17,0,-12,-4,22,-19,13,12,0
AWK,American Water Works,139.81,-28,0,17,0,-11,-7,-1,13,6,11,0
AMED,Amedisys,94.24,0,37,3,-38,2,-16,-10,16,8,-2,0
ESTC,Elastic NV,85.64,0,0,-4,-4,-8,24,-5,-9,-2,8,0
TRU,TransUnion,87.36,14,9,-2,1,22,-9,-5,-22,12,-24,-2
IT,Gartner,421.41,-63,0,-12,56,-19,-58,30,-10,55,17,-2
HHH,Howard Hughes Holdings,69.13,9,0,-4,-4,1,14,-10,-19,12,-3,-2
MKC,McCormick & Company,75.2,39,-38,0,-2,-1,11,-16,-5,8,-2,-3
ADBE,Adobe Inc.,416.12,21,18,-27,-4,8,-2,25,-31,-3,-11,-3
MOH,Molina Healthcare,296.98,0,-12,-4,0,-16,14,-6,9,-6,11,-5
GPC,Genuine Parts Company,125.26,-16,18,-4,0,-2,-21,32,1,-15,-3,-5
U,Unity Technologies,24.69,0,9,0,0,9,-15,33,1,-33,-14,-5
ELAN,Elanco,13.91,14,23,-28,-5,4,14,25,-44,-4,-9,-5
OKTA,"Okta, Inc.",101.15,-7,-1,15,-22,-15,-10,-5,20,4,9,-6
AMCR,Amcor,9.18,14,-7,-11,0,-4,30,-15,-26,9,-2,-6
SEE,Sealed Air,32.9,14,20,-15,-22,-3,14,31,-18,-30,-3,-6
AMKR,Amkor Technology,19.85,29,5,-31,0,3,30,1,-39,-3,-11,-8
HRL,Hormel Foods,31.16,55,10,0,-21,44,4,-29,1,-28,-52,-8
AA,Alcoa,28.58,20,0,-12,-18,-10,30,20,-18,-30,2,-8
SON,Sonoco,45.51,7,18,-35,-3,-13,29,21,-33,-12,5,-8
AZTA,Azenta,29.27,34,0,-44,-29,-39,33,14,-10,-7,30,-9
DOCU,DocuSign,78.58,-14,0,0,-10,-24,-10,26,-11,9,14,-10
F,Ford Motor Company,10.34,10,34,-41,-15,-12,7,-4,1,-3,1,-11
IQV,IQVIA,154.1,34,0,-31,-4,-1,26,1,-33,-4,-10,-11
ST,Sensata Technologies,27.77,35,20,-33,-13,9,28,24,-40,-33,-21,-12
BILL,Bill.com,45.61,30,0,-15,0,15,26,-8,-11,-35,-28,-13
JBHT,J. B. Hunt,141.61,14,0,-22,-3,-11,29,-4,-19,-8,-2,-13
EMN,Eastman Chemical Company,79.95,0,0,-12,0,-12,-9,20,-26,13,-2,-14
EXC,Exelon,42.17,-35,-9,46,12,14,-34,-19,17,8,-28,-14
QRVO,Qorvo,81.08,35,20,-34,-29,-8,7,28,-38,-3,-6,-14
MEDP,Medpace,298.19,-2,0,-18,30,10,-16,4,-10,-2,-24,-14
DVA,DaVita,137.77,9,-39,0,18,-12,-4,-5,-11,17,-3,-15
UHAL-B,U-Haul (Series N),57.35,15,0,-14,0,1,11,-7,-28,7,-17,-16
VTRS,Viatris,8.81,9,0,-16,-5,-12,6,-8,-20,17,-5,-17
CCCS,CCC Intelligent Solutions,9.03,28,0,-19,0,9,-5,1,-18,-4,-26,-17
VKTX,Viking Therapeutics,27.57,4,0,-31,19,-8,24,-5,-24,-4,-9,-17
TTD,Trade Desk (The),71.46,-20,3,-18,2,-33,-12,26,-18,18,14,-19
CE,Celanese,56.9,28,5,-34,-8,-9,26,22,-52,-7,-11,-20
HPQ,HP Inc.,25.1,0,0,-16,0,-16,6,-5,-20,14,-5,-21
BAH,Booz Allen Hamilton,101.89,-77,-9,-21,99,-8,-21,-5,-23,36,-13,-21
EG,Everest Group,340.73,-7,-1,-27,53,18,-7,-1,-28,-3,-39,-21
WFRD,Weatherford International,49.29,34,0,-35,0,-1,26,-6,-39,-3,-22,-23
SJM,J.M. Smucker Company (The),111.79,0,0,-3,-2,-5,-13,8,8,-21,-18,-23
RARE,Ultragenyx,37.02,37,0,-18,-36,-17,36,-16,-26,-1,-7,-24
ZTS,Zoetis,164.61,-2,17,-26,0,-11,-7,26,-29,-3,-13,-24
RGEN,Repligen,131.73,32,0,-7,-15,10,26,-15,-11,-35,-35,-25
MHK,Mohawk Industries,103.11,13,-14,-17,-9,-27,26,-11,-25,12,2,-25
VFC,VF Corporation,13.02,14,0,-11,-41,-38,27,-8,-11,5,13,-25
EPAM,EPAM Systems,176.64,9,0,-17,-25,-33,26,25,-8,-35,8,-25
KMB,Kimberly-Clark,132.69,-35,-3,0,16,-22,-40,15,-2,24,-3,-25
WBA,Walgreens Boots Alliance,11.33,11,20,0,-75,-44,19,35,-4,-33,17,-27
FRPT,Freshpet,77.44,-8,0,-15,-4,-27,-5,-1,-11,17,0,-27
CPRT,Copart,50.14,-94,-11,-4,174,65,-97,-7,-14,26,-92,-27
CROX,Crocs,102.23,0,3,-33,0,-30,11,-6,1,-3,3,-27
WTRG,Essential Utilities,37.88,-28,-4,0,0,-32,3,-15,13,3,4,-28
M,"Macy's, Inc.",12.24,14,0,-22,-13,-21,19,-6,-16,-4,-7,-28
VAC,Marriott Vacations Worldwide,66.56,8,0,-16,-15,-23,11,22,-16,-23,-6,-29
LULU,Lululemon Athletica,259.11,-14,-2,-2,-1,-19,-14,25,-11,-10,-10,-29
IPGP,IPG Photonics,69.2,70,19,-77,-42,-30,34,26,-18,-42,0,-30
GLOB,Globant,100.22,14,-16,-17,-5,-24,26,-10,-17,-5,-6,-30
KNX,Knight-Swift,44.37,0,0,-16,0,-16,-12,21,-12,-11,-14,-30
CVS,CVS Health,63.86,9,-4,1,-15,-9,6,-18,16,-26,-22,-31
IFF,International Flavors & Fragrances,78.22,15,5,-14,-29,-23,6,2,-26,9,-9,-32
HOG,Harley-Davidson,24.99,14,5,-34,-7,-22,30,-2,-29,-9,-10,-32
JAZZ,Jazz Pharmaceuticals,111.85,15,0,-6,-4,5,6,1,-7,-37,-37,-32
PARAA,Paramount Global (Class A),22.48,0,-5,30,0,25,-55,-5,-3,4,-59,-34
MTCH,Match Group,31.92,32,4,-17,-35,-16,30,12,-24,-36,-18,-34
NUE,Nucor,122.49,42,2,-46,0,-2,7,-11,-23,-6,-33,-35
PENN,Penn Entertainment,16.49,34,0,-14,-32,-12,26,1,-9,-42,-24,-36
FE,FirstEnergy,39.82,-63,-1,0,53,-11,-34,-5,1,12,-26,-37
CERT,"Certara, Inc.",11.77,28,-13,-6,0,9,-2,-15,1,-30,-46,-37
AKAM,Akamai Technologies,78.1,14,0,-17,-5,-8,7,-12,-17,-8,-30,-38
CDW,CDW,177.39,0,20,-33,2,-11,6,27,-54,-6,-27,-38
ADM,Archer Daniels Midland,47.9,3,21,-37,-9,-22,7,-6,1,-18,-16,-38
PK,Park Hotels & Resorts,10.38,7,0,-17,-5,-15,7,-9,-19,-3,-24,-39
GPN,Global Payments,78.94,14,0,-18,-37,-41,31,-6,-15,-8,2,-39
CRL,Charles River Laboratories,147.38,28,5,-45,-24,-36,33,23,-54,-6,-4,-40
COO,Cooper Companies (The),71.94,0,-7,-18,-3,-28,23,-11,-23,-1,-12,-40
REXR,Rexford Industrial,36.59,20,5,-37,-16,-28,29,20,-32,-30,-13,-41
SWK,Stanley Black & Decker,67.22,9,0,-20,-37,-48,26,-5,-26,12,7,-41
CCI,Crown Castle,98.98,-2,0,-4,-26,-32,-9,-14,11,3,-9,-41
UAA,Under Armour (Class A),6.75,14,10,-19,-42,-37,20,30,-19,-35,-4,-41
ENTG,Entegris,78.47,21,0,-35,-4,-18,28,-9,-40,-3,-24,-42
TSLA,"Tesla, Inc.",308.66,-31,2,0,8,-21,-45,31,-15,8,-21,-42
LII,Lennox International,556.12,-88,0,0,36,-52,2,-4,-14,25,9,-43
DV,DoubleVerify,14.63,35,0,-61,0,-26,-2,2,-9,-8,-17,-43
SBAC,SBA Communications,225.0,-15,0,7,-18,-26,-14,-14,8,3,-17,-43
GFS,GlobalFoundries,38.35,23,0,-73,0,-50,28,1,-8,-15,6,-44
TREX,"Trex Company, Inc.",57.09,14,0,-45,-11,-42,27,-9,-17,-4,-3,-45
CMCSA,Comcast,34.57,10,2,-26,-7,-21,7,-2,-23,-6,-24,-45
ILMN,"Illumina, Inc.",84.97,16,0,-19,-38,-41,26,26,-19,-38,-5,-46
PFE,Pfizer,23.96,14,1,-24,-21,-30,14,26,-32,-26,-18,-48
TGT,Target Corporation,97.35,14,0,-22,-9,-17,14,-11,-30,-4,-31,-48
EIX,Edison International,49.42,-24,-3,-23,-1,-51,-21,-4,-20,48,3,-48
UA,Under Armour (Class C),6.32,14,12,-19,-35,-28,14,22,-23,-35,-22,-50
AES,AES Corporation,10.87,17,0,-33,-9,-25,49,-8,-44,-22,-25,-50
NOV,NOV Inc.,12.84,21,0,-46,-10,-35,33,1,-37,-13,-16,-51
PLTK,Playtika,4.82,40,-8,-17,0,15,-3,-16,-18,-29,-66,-51
ELV,Elevance Health,389.62,12,-19,-35,0,-42,26,-34,-1,-1,-10,-52
LSTR,Landstar,140.17,19,0,-26,0,-7,-5,-2,-33,-5,-45,-52
MKTX,MarketAxess,223.17,25,4,-19,-27,-17,19,-13,1,-42,-35,-52
TDC,Teradata,22.57,29,4,-70,-15,-52,37,-7,-18,-14,-2,-54
ACI,Albertsons,21.21,-35,-1,16,0,-20,-35,-10,18,-7,-34,-54
FND,Floor & Decor,74.68,7,0,-26,-4,-23,1,-9,-20,-4,-32,-55
GMED,Globus Medical,60.36,15,-75,-6,0,-66,33,-21,-11,10,11,-55
BLDR,Builders FirstSource,112.96,25,-88,-19,63,-19,-3,-10,-23,-1,-37,-56
LINE,"Lineage, Inc.",45.32,11,-45,0,0,-34,28,-28,-22,0,-22,-56
FIVN,Five9,29.57,35,0,-70,-33,-68,33,25,-8,-38,12,-56
NWL,Newell Brands,5.61,16,1,-18,-29,-30,26,-2,-18,-34,-28,-58
CHRD,Chord Energy,97.52,20,1,-41,0,-20,7,4,-45,-4,-38,-58
RNG,RingCentral,27.41,28,1,-17,-39,-27,33,-6,-17,-43,-33,-60
DOW,Dow Inc.,29.39,14,0,-34,0,-20,26,-11,-49,-6,-40,-60
WSC,WillScot Mobile Mini,28.28,14,0,-56,-4,-46,33,-5,-33,-10,-15,-61
CGNX,Cognex Corporation,31.15,20,2,-31,-29,-38,30,24,-39,-38,-23,-61
PARA,Paramount Global (Class B),11.99,-18,21,0,-37,-34,-16,27,3,-43,-29,-63
DNB,Dun & Bradstreet,9.03,16,0,-17,0,-1,-12,3,-19,-35,-63,-64
ELS,Equity Lifestyle Properties,62.33,-3,-9,-12,0,-24,-13,-4,-23,-1,-41,-65
COLM,Columbia Sportswear,62.24,0,-63,-12,-4,-79,16,-6,-7,11,14,-65
OXY,Occidental Petroleum,43.24,35,0,-46,0,-11,7,2,-50,-14,-55,-66
LYB,LyondellBasell,58.48,9,0,-35,0,-26,25,-11,-49,-5,-40,-66
KDP,Keurig Dr Pepper,32.96,-23,-6,0,0,-29,-34,-23,9,10,-38,-67
WBD,Warner Bros. Discovery,9.53,0,0,-1,-40,-41,7,20,-11,-43,-27,-68
BAX,Baxter International,30.86,9,0,-14,-36,-41,24,-8,-5,-39,-28,-69
ASH,Ashland Global,51.84,14,-7,-32,-7,-32,26,-11,-44,-8,-37,-69
BIIB,Biogen,134.15,56,1,-75,-25,-43,8,20,-38,-16,-26,-69
CLVT,Clarivate,4.34,31,10,-68,-4,-31,33,-4,-28,-40,-39,-70
LKQ,LKQ Corporation,39.28,-24,-3,0,0,-27,-21,-3,-5,-15,-44,-71
DAR,Darling Ingredients,31.35,6,0,-17,-18,-29,14,-7,-21,-28,-42,-71
BRBR,BellRing Brands,60.12,-21,-24,-4,0,-49,-22,-16,-10,25,-23,-72
LCID,Lucid Motors,2.23,-1,-8,-23,0,-32,6,-5,-8,-33,-40,-72
BRKR,Bruker,39.22,34,0,-51,-6,-23,26,-13,-55,-7,-49,-72
INSP,Inspire Medical Systems,136.74,0,-17,-14,-4,-35,4,-9,-19,-15,-39,-74
ONTO,Onto Innovation,99.39,28,-81,-17,0,-70,30,-21,-12,-2,-5,-75
PEN,"Penumbra, Inc.",256.62,-121,-9,23,9,-98,-5,-12,37,1,21,-77
CAVA,Cava Group,78.2,-19,-9,-5,0,-33,-17,-8,-19,0,-44,-77
BG,Bunge Global,74.67,-36,0,-35,0,-71,1,-5,1,-3,-6,-77
MPW,Medical Properties Trust,4.51,0,-20,0,-34,-54,14,-18,13,-33,-24,-78
POOL,Pool Corporation,298.23,-13,-2,-14,-4,-33,-13,-5,-20,-7,-45,-78
COTY,Coty,5.01,34,0,-55,-5,-26,7,4,-57,-7,-53,-79
MAA,Mid-America Apartment Communities,151.0,-35,-6,0,0,-41,-35,-13,1,9,-38,-79
BDX,Becton Dickinson,172.49,14,-73,-19,-3,-81,24,1,-10,-13,2,-79
AAL,American Airlines Group,11.76,14,0,-12,-74,-72,14,25,-12,-37,-10,-82
CIVI,Civitas Resources,29.46,14,0,-46,-4,-36,13,-9,-46,-7,-49,-85
OGN,Organon & Co.,9.75,15,-53,-20,0,-58,7,1,-33,-2,-27,-85
PII,Polaris Inc.,41.59,34,5,-91,-15,-67,7,20,-34,-15,-22,-89
DVN,Devon Energy,32.65,21,2,-41,-3,-21,7,-9,-47,-20,-69,-90
CNC,Centene,55.72,0,-13,-35,-9,-57,7,-11,-4,-26,-34,-91
KMX,CarMax,67.19,35,-69,-10,-34,-78,2,-10,-14,9,-13,-91
INTC,Intel,20.45,7,0,-60,-18,-71,7,-9,-8,-10,-20,-91
WYNN,Wynn Resorts,84.7,-52,22,-2,-1,-33,-51,-3,1,-6,-59,-92
HR,Healthcare Realty Trust,14.52,11,-45,-5,-37,-76,12,-17,-20,7,-18,-94
FCN,FTI Consulting,160.05,-7,-6,-28,0,-41,-7,-5,-38,-3,-53,-94
SIRI,Sirius XM,22.0,14,0,-74,-29,-89,26,24,-40,-15,-5,-94
IAC,IAC Inc.,36.7,7,0,-31,-29,-53,26,-6,-26,-36,-42,-95
MGM,MGM Resorts International,32.46,14,0,-47,0,-33,7,-8,-54,-7,-62,-95
DXC,DXC Technology,15.6,28,0,-16,-71,-59,25,-10,-23,-32,-40,-99
RYN,Rayonier,23.79,9,-45,-11,-3,-50,25,-45,-23,-7,-50,-100
MTN,Vail Resorts,155.73,-37,10,-24,-21,-72,4,20,-18,-34,-28,-100
CZR,Caesars Entertainment,26.73,0,0,-17,-23,-40,7,-7,-26,-35,-61,-101
TECH,Bio-Techne,49.88,49,-84,-18,-22,-75,6,-11,-18,-4,-27,-102
MRNA,Moderna,28.14,14,0,-46,-2,-34,7,8,-46,-37,-68,-102
ANGI,Angi Inc.,16.63,34,5,-31,-49,-41,-8,15,-29,-42,-64,-105
KSS,Kohl's,8.99,9,0,-53,-29,-73,30,21,-54,-30,-33,-106
GIS,General Mills,54.79,38,-44,-32,-2,-40,33,-54,-28,-17,-66,-106
GNTX,Gentex,21.64,0,-9,-33,-6,-48,7,-9,-50,-6,-58,-106
ENOV,Enovis,32.91,10,-13,-56,-15,-74,26,-9,-16,-35,-34,-108
NSA,National Storage Affiliates,33.72,-29,-13,-6,-2,-50,-27,-14,-27,10,-58,-108
TSN,Tyson Foods,55.26,-4,-25,-2,-26,-57,-34,-25,-2,9,-52,-109
EXAS,Exact Sciences,54.62,-42,26,-19,-23,-58,-47,30,-23,-14,-54,-112
KHC,Kraft Heinz,26.46,-1,-33,-33,-2,-69,-7,-23,-5,-8,-43,-112
TRIP,Tripadvisor,14.27,7,1,-52,-50,-94,7,25,-9,-42,-19,-113
LEA,Lear Corporation,90.4,7,20,-59,-15,-47,7,-5,-55,-13,-66,-113
SN,SharkNinja,87.87,-77,1,0,0,-76,-28,-2,-9,0,-39,-115
COLD,Americold,17.57,14,-48,-32,-9,-75,26,-22,-32,-13,-41,-116
EL,Estée Lauder Companies (The),69.0,70,10,-111,-24,-55,5,23,-56,-33,-61,-116
AVTR,Avantor,13.45,14,-84,-20,0,-90,1,6,-31,-3,-27,-117
REGN,Regeneron Pharmaceuticals,517.59,-49,-7,-32,-2,-90,12,-4,-33,-2,-27,-117
BIO,Bio-Rad Laboratories,227.48,5,-13,-18,-26,-52,6,-13,-23,-35,-65,-117
SLB,Schlumberger,34.1,10,-46,-61,0,-97,6,-10,-12,-8,-24,-121
OMC,Omnicom Group,71.55,0,-124,-18,0,-142,7,-11,-23,48,21,-121
KVUE,Kenvue,21.29,-42,-4,0,0,-46,-82,-5,10,1,-76,-122
FBIN,Fortune Brands Innovations,52.04,14,-132,-17,-3,-138,29,-9,-23,18,15,-123
CPB,Campbell Soup Company,34.25,10,-45,-23,-4,-62,25,-55,-30,-3,-63,-125
APA,APA Corporation,18.62,42,2,-76,-10,-42,7,6,-80,-17,-84,-126
UPS,United Parcel Service,99.28,14,0,-97,-14,-97,6,20,-25,-32,-31,-128
MRK,Merck & Co.,79.32,28,-48,-38,-2,-60,28,-50,-42,-4,-68,-128
TAP,Molson Coors,52.1,-77,-31,-4,12,-100,-21,-5,-5,3,-28,-128
TTC,Toro Company (The),71.45,-21,0,-26,-5,-52,-19,-2,-39,-18,-78,-130
COP,ConocoPhillips,88.01,14,-46,-36,0,-68,6,-10,-52,-6,-62,-130
DOC,Healthpeak Properties,17.25,6,-46,-8,-29,-77,11,-49,-23,7,-54,-131
ALGN,Align Technology,180.94,15,5,-58,-23,-61,26,-11,-53,-36,-74,-135
QS,QuantumScape,4.35,13,0,-75,0,-62,7,-7,-39,-34,-73,-135
QDEL,QuidelOrtho,30.2,-2,0,-14,-36,-52,-16,-9,-14,-45,-84,-136
ALB,Albemarle Corporation,62.3,28,0,-119,-21,-112,26,-9,-18,-23,-24,-136
BBWI,"Bath & Body Works, Inc.",26.82,-88,-7,-16,-13,-124,5,-8,-7,-4,-14,-138
BMRN,BioMarin Pharmaceutical,56.85,-2,-45,-41,-18,-106,7,-16,-6,-20,-35,-141
CPRI,Capri Holdings,17.41,-37,0,-63,-9,-109,3,21,-27,-30,-33,-142
SEB,Seaboard Corporation,2717.0,0,0,-90,-21,-111,-5,6,-5,-27,-31,-142
IPG,Interpublic Group of Companies (The),23.08,-49,-9,-34,0,-92,7,-11,-31,-15,-50,-142
NKE,"Nike, Inc.",61.9,32,0,-68,-19,-55,-5,21,-69,-34,-87,-142
PVH,PVH Corp.,65.26,-42,-3,-23,-1,-69,-47,-3,-19,-5,-74,-143
WLK,Westlake Corporation,75.95,14,-77,-31,-2,-96,26,-26,-43,-4,-47,-143
LBTYK,Liberty Global (Series C),9.83,-2,-46,-31,-28,-107,25,1,-28,-34,-36,-143
SRPT,Sarepta Therapeutics,39.7,14,-102,-20,-5,-113,37,-24,-41,-4,-32,-145
RVTY,Revvity,92.83,14,-63,-11,-22,-82,6,-55,-16,1,-64,-146
TXG,10x Genomics,10.1,14,1,-67,0,-52,7,2,-66,-40,-97,-149
FTRE,Fortrea,5.51,34,-118,-27,0,-111,26,-11,-56,0,-41,-152
SPB,Spectrum Brands,56.11,0,-120,-19,-2,-141,-5,-10,-18,22,-11,-152
DJT,Trump Media & Technology Group,21.21,-70,-7,-47,0,-124,2,-9,-15,-7,-29,-153
CLF,Cleveland-Cliffs,7.8,42,-58,-54,-14,-84,7,-17,-54,-6,-70,-154
GO,Grocery Outlet,13.48,-7,-4,-91,0,-102,-14,-17,1,-26,-56,-158
LEG,Leggett & Platt,9.24,28,5,-123,-28,-118,26,-4,-26,-36,-40,-158
MAN,ManpowerGroup,40.76,-1,-46,-37,-26,-110,12,11,-37,-34,-48,-158
UWMC,United Wholesale Mortgage,4.24,8,-54,-20,0,-66,5,-62,-33,-2,-92,-158
NFE,New Fortress Energy,2.88,28,-76,-62,-1,-111,-2,-11,-13,-23,-49,-160
XRAY,Dentsply Sirona,16.22,7,10,-72,-40,-95,7,24,-59,-38,-66,-161
HUM,Humana,233.09,7,-27,-80,-10,-110,7,-30,-11,-18,-52,-162
HUN,Huntsman Corporation,11.63,9,-56,-36,-13,-96,7,-12,-31,-31,-67,-163
TMO,Thermo Fisher Scientific,409.84,13,-71,-13,-3,-74,5,-81,-12,-1,-89,-163
ZBH,Zimmer Biomet,92.82,9,-43,-56,-15,-105,26,-13,-55,-16,-58,-163
LBTYA,Liberty Global (Series A),9.59,-2,-46,-31,-29,-108,28,-47,-29,-8,-56,-164
SAIA,Saia,256.31,-32,-77,-17,2,-124,-22,-3,-19,-3,-47,-171
FLO,Flowers Foods,16.76,4,-45,-28,-6,-75,8,-37,-48,-21,-98,-173
CRI,Carter's,31.91,7,-89,-53,-15,-150,26,-13,-30,-7,-24,-174
CC,Chemours,11.28,20,-94,-56,-11,-141,26,-16,-18,-28,-36,-177
WU,Western Union,9.27,-2,-45,-14,-44,-105,-6,-14,-49,-3,-72,-177
WEN,Wendy's Company (The),11.46,0,-47,-28,-6,-81,-9,-53,-23,-13,-98,-179
PCG,PG&E Corporation,14.57,-84,-4,-21,2,-107,-87,-6,-20,38,-75,-182
ACHC,Acadia Healthcare,21.98,-1,-72,-39,-9,-121,-7,-9,-33,-14,-63,-184
PRGO,Perrigo,26.18,-42,0,0,-111,-153,1,22,-6,-53,-36,-189
PEP,PepsiCo,129.93,-2,-45,-33,-1,-81,-14,-54,-30,-11,-109,-190
CAG,Conagra Brands,22.39,-24,-38,-23,-5,-90,-22,-52,-5,-21,-100,-190
HAL,Halliburton,21.01,20,-97,-54,-3,-134,14,-12,-53,-7,-58,-192
REYN,Reynolds Consumer Products,21.71,-24,-86,-19,0,-129,-17,-16,-31,-1,-65,-194
ARE,Alexandria Real Estate Equities,71.74,14,-53,-28,-28,-95,27,-55,-39,-33,-100,-195
RHI,Robert Half,44.5,-43,-94,-20,-7,-164,1,16,-18,-30,-31,-195
TFX,Teleflex,123.27,14,-89,-33,-37,-145,26,-44,-29,-8,-55,-200
VSTS,Vestis,6.39,1,-89,-12,0,-100,5,-89,-18,0,-102,-202
STZ,Constellation Brands,171.08,-88,-3,-36,-1,-128,-20,-7,-52,-6,-85,-213
OLN,Olin Corporation,20.96,23,-154,-51,-7,-189,26,-11,-53,-21,-59,-248
CLX,Clorox,127.48,-24,-108,-8,-3,-143,-34,-66,-18,11,-107,-250
SAM,Boston Beer Company,218.61,-89,-9,-26,-35,-159,-13,-19,-22,-42,-96,-255
ENPH,Enphase Energy,43.24,7,-104,-37,-18,-152,-13,-45,-44,-22,-124,-276
BF-B,Brown–Forman (Class B),27.64,-87,-7,-94,-16,-204,-21,-6,-26,-26,-79,-283
BF-A,Brown–Forman (Class A),27.84,-87,-7,-93,-16,-203,-21,-7,-33,-22,-83,-286
APLS,Apellis Pharmaceuticals,19.36,42,-84,-61,-14,-117,12,-108,-59,-16,-171,-288
WOLF,Wolfspeed,1.45,0,-14,-125,-28,-167,-9,-13,-91,-35,-148,-315
