Symbol,Name,Close,1H Cloud Score,1D Cloud Score,1W Cloud Score,1M Cloud Score,Cloud Score Sum,1H TKx Score,1D TKx Score,1W TKx Score,1M TKx Score,TKx Score Sum,Total Score Sum
TJX,TJX Companies,127.38,0,40,138,196,374,-1,-3,107,191,294,668
HWM,Howmet Aerospace,175.15,217,31,138,27,413,23,31,82,52,188,601
CTAS,Cintas,226.95,105,38,9,164,316,59,33,3,185,280,596
RSG,Republic Services,253.16,0,16,114,175,305,-12,7,83,158,236,541
PGR,Progressive Corporation,280.08,0,24,95,175,294,-7,24,12,187,216,510
COST,Costco,1010.53,-7,27,107,178,305,-7,33,-8,182,200,505
AJG,Arthur J. Gallagher & Co.,328.29,-9,16,155,184,346,-12,21,18,105,132,478
ORLY,O'Reilly Auto Parts,1372.23,4,0,153,197,354,5,-15,44,87,121,475
MMC,Marsh McLennan,228.8,-7,0,115,173,281,-7,17,-1,176,185,466
ROL,"Rollins, Inc.",57.82,39,40,21,284,384,-3,33,13,33,76,460
WM,"Waste Management, Inc.",238.58,0,15,85,185,285,-12,7,17,157,169,454
CW,Curtiss-Wright,448.67,270,26,9,52,357,19,33,-13,47,86,443
PM,Philip Morris International,181.95,97,91,60,53,301,5,33,75,25,138,439
CHD,Church & Dwight,99.01,98,-42,-6,342,392,12,5,-4,23,36,428
V,Visa Inc.,366.83,37,27,127,131,322,48,31,-5,24,98,420
GE,GE Aerospace,251.98,224,29,9,25,287,54,29,20,27,130,417
WRB,W. R. Berkley Corporation,73.86,0,73,84,174,331,-12,24,14,53,79,410
BR,Broadridge Financial Solutions,244.91,37,17,104,143,301,52,31,-1,23,105,406
AXS,AXIS Capital,105.07,45,32,76,43,196,53,31,72,51,207,403
MA,Mastercard,585.44,37,26,116,153,332,12,31,-5,24,62,394
CDNS,Cadence Design Systems,296.29,0,30,7,139,176,18,33,-15,178,214,390
EBAY,eBay,77.74,102,27,67,12,208,61,31,72,14,178,386
INTU,Intuit,766.37,66,31,7,189,293,61,31,-21,18,89,382
NDAQ,"Nasdaq, Inc.",84.0,61,24,66,142,293,54,31,-9,12,88,381
JCI,Johnson Controls,102.32,217,26,65,17,325,15,31,-7,16,55,380
HON,Honeywell,226.61,128,18,6,176,328,19,27,-16,20,50,378
LIN,Linde plc,470.38,103,16,3,108,230,19,31,-9,104,145,375
CASY,Casey's,445.68,0,2,103,85,190,11,-12,107,76,182,372
HEI,HEICO (Common),301.14,49,25,15,187,276,11,23,6,55,95,371
AXON,Axon Enterprise,788.46,35,29,135,92,291,23,33,-7,28,77,368
ADP,Automatic Data Processing,325.79,18,21,75,178,292,-4,24,-5,55,70,362
ORCL,Oracle Corporation,171.2,56,17,1,196,270,54,24,-13,25,90,360
ORI,Old Republic International,37.38,-8,16,137,56,201,-4,2,107,53,158,359
CTVA,Corteva,71.2,224,31,43,0,298,26,31,-9,9,57,355
BKNG,Booking Holdings,5576.47,108,30,126,33,297,11,31,-9,24,57,354
IBM,IBM,266.82,24,23,99,52,198,23,31,46,54,154,352
NFLX,Netflix,1250.83,31,36,106,18,191,28,33,77,18,156,347
EHC,Encompass Health,121.28,39,32,133,27,231,19,49,14,27,109,340
SPOT,Spotify,713.34,32,32,102,10,176,28,33,85,18,164,340
PAYX,Paychex,159.31,18,24,74,165,281,18,24,3,12,57,338
TMUS,T-Mobile US,244.96,19,-19,84,137,221,26,-29,86,33,116,337
HEI-A,HEICO (Class A),236.39,49,26,16,180,271,7,24,7,28,66,337
FAST,Fastenal,41.33,2,40,113,104,259,14,32,6,24,76,335
VRSK,Verisk Analytics,320.51,20,27,58,112,217,19,24,49,26,118,335
SO,Southern Company,88.39,-6,0,66,188,248,-12,7,13,77,85,333
JPM,JPMorgan Chase,261.97,0,20,113,156,289,-5,31,-7,24,43,332
CME,CME Group,274.83,-14,97,44,134,261,-13,27,40,17,71,332
ICE,Intercontinental Exchange,178.56,0,24,102,159,285,-12,25,12,19,44,329
MCD,McDonald's,308.97,-8,16,42,240,290,-28,-2,12,55,37,327
WELL,Welltower,153.09,1,15,106,56,178,-12,11,123,22,144,322
RTX,RTX Corporation,139.21,37,17,67,52,173,39,23,74,12,148,321
MSFT,Microsoft,467.61,56,25,6,171,258,23,33,-16,23,63,321
YUM,Yum! Brands,142.86,-7,-10,18,257,258,-3,-6,12,55,58,316
BSX,Boston Scientific,102.82,-28,30,134,142,278,-46,31,-5,55,35,313
LYV,Live Nation Entertainment,143.97,7,19,84,145,255,17,33,-7,14,57,312
RCL,Royal Caribbean Group,271.27,56,18,111,26,211,54,31,-10,25,100,311
AAPL,Apple Inc.,200.55,19,0,-1,249,267,-3,-7,-15,69,44,311
RBLX,Roblox Corporation,94.2,133,30,43,0,206,56,31,6,9,102,308
AM,Antero Midstream,18.57,-13,24,138,21,170,-14,29,68,53,136,306
MSI,Motorola Solutions,416.2,0,-2,0,151,149,-5,-6,-17,183,155,304
ROP,Roper Technologies,569.58,0,17,19,180,216,7,23,34,24,88,304
AMGN,Amgen,287.1,56,0,-9,163,210,56,6,-4,34,92,302
CPNG,Coupang,28.54,224,24,7,0,255,19,31,-18,15,47,302
HUBB,Hubbell Incorporated,388.54,2,16,-1,180,197,14,34,-15,69,102,299
LLY,Lilly (Eli),765.97,32,-25,0,170,177,48,-17,-5,94,120,297
RBA,RB Global,105.31,0,29,94,25,148,-2,31,99,20,148,296
UNM,Unum,80.01,-7,18,175,38,224,-9,31,-2,52,72,296
RS,"Reliance, Inc.",307.44,28,28,1,113,170,26,33,-10,75,124,294
COR,Cencora,288.2,-8,95,34,69,190,-12,6,45,65,104,294
RBC,RBC Bearings,378.08,24,22,83,56,185,19,31,4,55,109,294
AVGO,Broadcom,259.95,71,21,9,114,215,28,33,-11,28,78,293
AON,AON,370.49,56,3,6,175,240,-9,13,-5,54,53,293
ALL,Allstate,206.66,0,17,87,157,261,-8,24,1,15,32,293
CVNA,Carvana,343.3,70,30,82,9,191,61,33,-7,14,101,292
AZO,AutoZone,3722.33,-1,15,84,84,182,-10,20,44,55,109,291
PWR,Quanta Services,359.59,44,25,7,97,173,26,33,-11,70,118,291
NFG,National Fuel Gas,81.64,-7,102,50,50,195,-8,33,61,8,94,289
MNST,Monster Beverage,62.99,-9,68,16,178,253,-7,31,9,2,35,288
PLTR,Palantir Technologies,119.91,-4,31,106,0,133,-6,33,109,18,154,287
STE,Steris,243.6,0,21,4,193,218,3,31,12,23,69,287
WMB,Williams Companies,60.56,61,17,102,50,230,-6,9,-1,55,57,287
GEV,GE Vernova,484.12,224,30,0,0,254,-2,33,1,0,32,286
MCK,McKesson Corporation,711.55,-8,91,32,56,171,-12,31,28,65,112,283
CF,CF Industries,92.28,238,17,5,2,262,-2,29,-12,6,21,283
DRI,Darden Restaurants,214.95,56,37,34,59,186,-2,31,38,28,95,281
RGLD,Royal Gold,183.93,28,84,51,16,179,25,5,58,14,102,281
NET,Cloudflare,176.32,139,18,29,0,186,54,28,-8,17,91,277
KLAC,KLA Corporation,792.11,14,18,4,175,211,16,33,-10,24,63,274
TT,Trane Technologies,431.21,19,26,6,162,213,19,31,-17,27,60,273
SHW,Sherwin-Williams,358.09,18,27,0,188,233,14,27,-19,17,39,272
LNG,Cheniere Energy,243.98,40,24,50,56,170,53,1,-10,54,98,268
LOPE,Grand Canyon Education,190.58,-8,29,137,33,191,-12,33,24,32,77,268
ADI,Analog Devices,218.0,20,18,1,177,216,21,24,-18,24,51,267
WMT,Walmart,97.94,0,32,117,99,248,-7,6,-8,27,18,266
NVDA,Nvidia,139.95,56,17,4,132,209,20,25,-13,24,56,265
TDG,TransDigm Group,1442.69,0,31,9,155,195,-7,31,-10,55,69,264
BRO,Brown & Brown,110.02,-8,-27,106,161,232,-12,5,15,24,32,264
KMI,Kinder Morgan,28.25,60,16,82,42,200,-4,24,-9,50,61,261
APH,Amphenol,92.53,56,31,9,63,159,54,33,-11,25,101,260
GWRE,Guidewire Software,256.17,35,31,100,19,185,33,31,-8,18,74,259
DE,Deere & Company,511.07,0,20,39,107,166,19,31,35,8,93,259
ARES,Ares Management,169.98,27,18,7,57,109,23,31,-9,104,149,258
SPGI,S&P Global,515.84,7,18,6,170,201,19,26,-8,19,56,257
MCO,Moody's Corporation,487.76,19,18,6,154,197,19,26,-8,23,60,257
ETN,Eaton Corporation,326.76,20,18,0,112,150,19,31,-15,70,105,255
RPM,RPM International,114.62,18,15,-9,178,202,18,24,-17,28,53,255
ACM,AECOM,110.64,44,24,6,63,137,31,31,-16,70,116,253
TRV,Travelers Companies (The),271.13,-8,32,81,56,161,-8,31,14,54,91,252
LMT,Lockheed Martin,477.99,39,15,-19,163,198,-1,7,-24,70,52,250
PANW,Palo Alto Networks,197.13,35,18,7,79,139,33,29,-7,55,110,249
DUK,Duke Energy,115.75,0,-3,66,181,244,-9,-13,12,14,4,248
HIG,Hartford (The),128.04,-13,32,84,55,158,-7,31,11,54,89,247
VRSN,Verisign,277.89,11,129,26,7,173,29,-3,42,5,73,246
DTE,DTE Energy,132.7,-21,0,64,187,230,-20,7,17,11,15,245
CBOE,Cboe Global Markets,222.68,-14,14,134,53,187,-12,9,12,49,58,245
AAON,AAON,94.85,-73,18,-3,243,185,13,33,-15,29,60,245
FWONK,Liberty Formula 1 (Series C),97.97,12,21,60,55,148,23,28,-8,54,97,245
ITW,Illinois Tool Works,246.03,5,2,-3,176,180,15,24,-4,27,62,242
AIZ,Assurant,201.39,52,8,2,150,212,-2,22,-10,17,27,239
HCA,HCA Healthcare,381.5,24,32,4,95,155,26,24,6,27,83,238
FWONA,Liberty Formula 1 (Series A),88.86,0,20,59,60,139,23,29,-8,54,98,237
CAH,Cardinal Health,154.04,1,40,45,36,122,-12,31,38,55,112,234
RLI,RLI Corp.,75.23,0,-2,0,174,172,-9,5,-19,85,62,234
EME,Emcor,484.16,56,18,7,56,137,19,33,-11,55,96,233
OLLI,Ollie's Bargain Outlet,114.97,12,18,105,14,149,12,-3,53,21,83,232
CNP,Centerpoint Energy,36.95,-7,100,39,43,175,23,-12,33,13,57,232
CB,Chubb Limited,291.54,-2,15,91,56,160,-12,18,12,54,72,232
PTC,PTC Inc.,167.98,0,17,-16,180,181,18,25,-17,24,50,231
ISRG,Intuitive Surgical,558.34,42,18,84,20,164,19,33,-11,24,65,229
KO,Coca-Cola Company (The),70.94,-7,0,18,180,191,3,6,13,12,34,225
AIG,American International Group,85.42,40,15,18,51,124,51,18,13,19,101,225
GOOG,Alphabet (Class C),169.89,-2,7,0,174,179,6,29,-9,19,45,224
JBL,Jabil,172.65,25,21,9,63,118,19,31,1,55,106,224
IBKR,Interactive Brokers,206.68,-2,18,79,55,150,-7,33,-8,55,73,223
MS,Morgan Stanley,130.63,20,18,66,62,166,23,29,-9,14,57,223
ATI,ATI Inc.,82.79,56,25,6,41,128,28,31,-14,50,95,223
LPLA,LPL Financial,380.27,1,19,35,97,152,-4,27,-7,55,71,223
WSO,Watsco,442.37,-8,-13,-3,194,170,12,-11,-18,69,52,222
USFD,US Foods,77.64,0,21,133,33,187,-14,31,-7,24,34,221
GOOGL,Alphabet (Class A),168.22,-2,7,0,174,179,3,29,-9,19,42,221
DTM,DT Midstream,108.17,32,24,93,0,149,27,31,-10,23,71,220
SYK,Stryker Corporation,383.01,7,18,7,157,189,16,-2,-10,27,31,220
GS,Goldman Sachs,605.96,6,18,82,56,162,16,29,-7,19,57,219
AXP,American Express,296.02,39,18,7,97,161,19,31,-11,19,58,219
MPWR,Monolithic Power Systems,680.91,20,18,-16,155,177,19,28,-30,24,41,218
AME,Ametek,176.99,-28,18,0,104,94,11,24,-11,99,123,217
ECL,Ecolab,267.01,104,16,6,20,146,33,26,-5,17,71,217
GLW,Corning Inc.,50.86,126,17,9,15,167,23,24,-10,12,49,216
SEIC,SEI Investments Company,85.18,16,24,82,33,155,16,31,-10,24,61,216
EPR,EPR Properties,56.0,54,20,47,27,148,-3,31,20,19,67,215
APP,AppLovin,414.3,56,8,95,0,159,23,24,-7,16,56,215
MSA,MSA Safety,165.3,56,20,-25,162,213,12,31,-38,-3,2,215
MKL,Markel,1935.58,47,17,58,53,175,-7,31,-8,24,40,215
T,AT&T,27.77,6,15,60,14,95,-9,31,84,13,119,214
LRCX,Lam Research,84.94,14,18,0,150,182,16,25,-7,-3,31,213
SCI,Service Corporation International,78.24,24,1,0,173,198,19,1,-17,11,14,212
ELF,e.l.f. Beauty,115.8,220,10,-40,29,219,16,24,-44,-3,-7,212
DASH,DoorDash,215.83,41,17,87,0,145,28,30,-7,16,67,212
L,Loews Corporation,88.61,0,18,102,53,173,-7,24,-1,22,38,211
TKO,TKO Group Holdings,168.91,20,28,61,38,147,23,-6,-3,48,62,209
NI,NiSource,38.97,0,15,64,43,122,-12,7,79,12,86,208
FIX,Comfort Systems USA,499.56,24,21,7,62,114,19,33,-11,53,94,208
DGX,Quest Diagnostics,173.65,7,32,58,16,113,27,-3,58,12,94,207
FTNT,Fortinet,103.51,2,17,44,111,174,16,11,-6,11,32,206
AN,AutoNation,185.84,21,20,7,59,107,18,33,-8,55,98,205
LAMR,Lamar Advertising,120.09,47,8,0,62,117,54,31,-17,19,87,204
GGG,Graco Inc.,83.97,-8,18,-3,176,183,14,-2,-18,27,21,204
GWW,W. W. Grainger,1085.61,2,18,2,92,114,15,33,-16,55,87,201
IRM,Iron Mountain,101.28,30,23,0,55,108,29,31,-21,54,93,201
FICO,Fair Isaac,1770.35,1,-11,0,164,154,40,-4,-18,29,47,201
FFIV,"F5, Inc.",294.0,26,17,84,12,139,23,31,-7,15,62,201
VIRT,Virtu Financial,40.87,0,32,66,12,110,18,-3,61,12,88,198
UTHR,United Therapeutics,319.9,84,0,0,55,139,-5,26,-19,57,59,198
NTRA,Natera,165.5,56,9,82,16,163,18,7,-7,17,35,198
GRMN,Garmin,205.48,23,0,102,17,142,23,19,-7,19,54,196
HD,Home Depot (The),369.35,0,0,-2,178,176,19,-3,-14,17,19,195
CELH,Celsius Holdings,40.09,27,57,0,63,147,33,13,8,-7,47,194
TTWO,Take-Two Interactive,231.03,6,38,35,11,90,18,32,35,18,103,193
FTI,TechnipFMC,31.78,44,18,7,25,94,53,22,-12,35,98,192
WAB,Wabtec,204.2,21,20,9,47,97,19,31,-10,54,94,191
ETR,Entergy,81.8,-8,9,63,16,80,-12,31,79,12,110,190
HOOD,Robinhood Markets,72.53,31,20,71,0,122,26,31,-7,16,66,188
VMI,Valmont Industries,322.19,24,8,52,56,140,19,28,-7,8,48,188
WWD,"Woodward, Inc.",233.28,56,27,9,33,125,19,29,-10,24,62,187
LH,Labcorp,252.18,51,24,45,13,133,19,24,-5,16,54,187
COF,Capital One,192.04,21,24,84,19,148,-1,31,-7,16,39,187
THC,Tenet Healthcare,171.84,49,27,4,55,135,30,24,-25,22,51,186
ITT,ITT Inc.,149.89,1,24,6,97,128,17,31,-14,24,58,186
ATO,Atmos Energy,152.35,-14,0,64,43,93,-14,-11,75,43,93,186
VEEV,Veeva Systems,289.91,42,21,35,6,104,51,24,-10,16,81,185
SRE,Sempra,75.94,-10,16,-5,179,180,-20,31,-19,12,4,184
BWXT,BWX Technologies,128.96,63,16,3,33,115,21,33,-15,29,68,183
FDS,FactSet,431.73,-34,19,-1,192,176,-24,24,-14,21,7,183
WFC,Wells Fargo,74.91,24,18,82,27,151,-5,28,-9,17,31,182
QGEN,Qiagen,45.57,56,15,2,0,73,53,56,-11,11,109,182
SSD,Simpson Manufacturing Company,159.46,18,2,-16,154,158,23,-6,-19,24,22,180
UNP,Union Pacific Corporation,220.66,-49,0,-4,196,143,12,18,-10,17,37,180
STAG,STAG Industrial,36.14,47,18,-10,94,149,19,24,-10,-2,31,180
VST,Vistra Corp.,170.9,65,17,9,28,119,-1,30,-11,43,61,180
SGI,Somnigroup International,64.83,2,18,31,62,113,16,31,-5,24,66,179
WCC,Wesco International,170.16,21,17,-3,56,91,16,31,-14,55,88,179
PAG,Penske Automotive Group,162.83,1,19,5,60,85,12,33,-8,55,92,177
LOW,Lowe's,227.65,6,0,-10,164,160,19,-3,-17,17,16,176
NWS,News Corp (Class B),32.17,-18,21,102,56,161,-30,33,-7,19,15,176
AWI,Armstrong World Industries,155.02,0,25,84,19,128,15,27,-12,17,47,175
EVR,Evercore,236.77,45,17,0,56,118,18,31,-16,24,57,175
AMP,Ameriprise Financial,508.36,0,17,9,62,88,-3,31,-10,69,87,175
RL,Ralph Lauren Corporation,275.01,0,20,84,32,136,-5,29,-9,24,39,175
EQIX,Equinix,909.05,56,18,7,32,113,19,31,-13,24,61,174
PG,Procter & Gamble,162.78,-8,-1,0,177,168,-21,7,-4,24,6,174
CINF,Cincinnati Financial,149.8,1,24,75,60,160,-7,24,-17,13,13,173
KD,Kyndryl,39.45,19,20,99,0,138,-1,25,-7,18,35,173
RJF,Raymond James Financial,143.41,-13,17,82,56,142,-7,31,-10,17,31,173
NOC,Northrop Grumman,488.14,43,0,0,56,99,51,5,7,10,73,172
MTSI,MACOM Technology Solutions,127.72,25,18,6,56,105,21,30,-11,27,67,172
WING,Wingstop,371.73,58,24,1,36,119,26,24,-28,29,51,170
EQH,Equitable Holdings,53.62,7,18,82,9,116,19,24,-7,17,53,169
ACGL,Arch Capital Group,94.54,42,20,0,60,122,-7,31,-26,49,47,169
ESAB,ESAB,125.7,5,20,90,0,115,17,31,-9,15,54,169
ANET,Arista Networks,95.15,20,3,0,56,79,21,26,-11,54,90,169
NOW,ServiceNow,1017.6,7,19,7,80,113,13,32,-10,20,55,168
PNR,Pentair,99.71,24,18,7,60,109,19,31,-14,22,58,167
SNPS,Synopsys,482.39,7,5,-17,178,173,18,-4,-18,-3,-7,166
BROS,Dutch Bros. Coffee,72.99,27,10,43,0,80,58,24,-5,9,86,166
ODFL,Old Dominion Freight Line,159.67,-9,0,-16,185,160,-2,-2,-21,30,5,165
SNA,Snap-on,319.01,-12,3,39,57,87,14,17,-9,55,77,164
EMR,Emerson Electric,122.51,21,18,6,62,107,19,24,-11,24,56,163
CAT,Caterpillar Inc.,348.95,3,17,0,62,82,15,24,-14,55,80,162
TSCO,Tractor Supply Company,51.46,7,0,0,83,90,16,-4,-23,83,72,162
ROK,Rockwell Automation,320.44,56,21,5,13,95,61,23,-8,-9,67,162
PSTG,Pure Storage,54.6,16,17,0,40,73,20,24,-11,55,88,161
ABT,Abbott Laboratories,133.92,4,15,46,11,76,2,33,38,12,85,161
VMC,Vulcan Materials,265.66,0,26,7,58,91,18,41,-14,25,70,161
THG,Hanover Insurance,172.3,0,16,51,22,89,-8,25,43,12,72,161
PLNT,Planet Fitness,105.13,27,14,53,11,105,23,25,-5,12,55,160
PH,Parker Hannifin,662.26,6,19,7,63,95,16,31,-10,28,65,160
BK,BNY Mellon,88.58,-14,20,84,38,128,-5,24,-5,17,31,159
TPR,"Tapestry, Inc.",79.21,0,18,70,19,107,16,24,-5,17,52,159
SLM,Sallie Mae,31.81,-42,25,80,20,83,-5,27,34,19,75,158
GILD,Gilead Sciences,110.46,7,12,41,33,93,16,13,-1,37,65,158
OHI,Omega Healthcare Investors,37.6,32,6,1,38,77,51,1,-1,29,80,157
DUOL,Duolingo,522.81,9,31,43,0,83,5,43,4,21,73,156
MDLZ,Mondelez International,66.39,-3,0,-8,180,169,-20,5,9,-7,-13,156
CSL,Carlisle Companies,378.58,-51,30,-1,176,154,11,-3,-25,18,1,155
PCAR,Paccar,92.41,-29,0,-12,157,116,-7,18,-4,32,39,155
PFGC,Performance Food Group,87.75,0,21,43,41,105,-23,31,-13,55,50,155
CACI,CACI,432.22,-63,1,-2,152,88,12,-5,4,55,66,154
KEX,Kirby Corporation,110.81,55,18,0,33,106,-3,31,-20,40,48,154
FYBR,Frontier Communications,36.3,-69,35,79,0,45,18,-5,84,12,109,154
BPOP,"Popular, Inc.",103.8,26,25,7,57,115,-2,31,-7,17,39,154
PPC,Pilgrim's Pride,47.49,-13,-2,76,19,80,-12,-23,93,16,74,154
FERG,Ferguson Enterprises,214.75,21,20,1,63,105,19,31,-25,23,48,153
CSCO,Cisco,64.65,23,18,38,12,91,23,24,-8,23,62,153
ABBV,AbbVie,187.45,42,0,7,56,105,-2,-9,-4,62,47,152
EXEL,Exelixis,42.36,-11,17,54,12,72,-19,31,45,22,79,151
K,Kellanova,82.09,-28,9,59,19,59,3,6,71,11,91,150
EQT,EQT Corporation,55.34,-3,24,31,40,92,-6,24,31,8,57,149
MRVL,Marvell Technology,65.13,12,0,-11,104,105,16,23,-11,16,44,149
DLR,Digital Realty,175.95,47,24,5,20,96,19,31,-14,17,53,149
ZS,Zscaler,300.89,35,31,7,3,76,33,33,-9,16,73,149
MLM,Martin Marietta Materials,550.08,0,27,0,58,85,11,48,-21,25,63,148
PRI,Primerica,265.05,-8,17,0,106,115,-5,20,-10,28,33,148
R,Ryder,148.22,0,3,1,54,58,17,31,-13,54,89,147
BYD,Boyd Gaming,73.29,-8,18,38,57,105,-7,31,-9,25,40,145
ADSK,Autodesk,298.2,16,21,44,12,93,17,31,-14,17,51,144
GD,General Dynamics,274.31,-7,40,-1,52,84,-8,33,-21,55,59,143
MTZ,MasTec,159.6,44,24,9,16,93,19,31,-11,11,50,143
C,Citigroup,76.65,48,18,9,16,91,19,28,-7,12,52,143
META,Meta Platforms,684.42,31,18,7,27,83,23,23,-8,21,59,142
SCCO,Southern Copper,96.12,23,17,-11,60,89,23,30,-25,25,53,142
PEG,Public Service Enterprise Group,79.82,0,-1,0,150,149,-8,4,-18,15,-7,142
VRT,Vertiv,112.22,56,17,0,6,79,19,31,-11,24,63,142
UAL,United Airlines Holdings,80.37,33,0,40,9,82,25,30,-10,14,59,141
RYAN,Ryan Specialty,69.02,-7,0,111,0,104,-12,15,11,23,37,141
TRMB,Trimble Inc.,71.15,11,18,69,2,100,17,23,-10,10,40,140
AVT,Avnet,50.51,19,18,0,43,80,19,32,-18,25,58,138
PPL,PPL Corporation,34.1,-9,-3,66,21,75,-14,-14,78,12,62,137
GEN,Gen Digital,29.14,24,21,5,14,64,53,23,-17,14,73,137
OGE,OGE Energy,43.9,-9,0,58,43,92,-12,-14,58,12,44,136
STWD,Starwood Property Trust,20.06,20,18,8,56,102,17,2,-4,19,34,136
SNX,TD Synnex,121.31,0,18,5,61,84,16,24,-7,19,52,136
TDY,Teledyne Technologies,500.04,24,17,42,12,95,15,22,-9,13,41,136
MSTR,MicroStrategy,368.7,0,32,89,17,138,-3,-3,-15,18,-3,135
NTNX,Nutanix,78.29,7,24,21,20,72,20,25,-5,22,62,134
SSNC,SS&C Technologies,80.21,2,3,80,12,97,10,19,-5,13,37,134
CBRE,CBRE Group,127.63,14,2,82,20,118,19,-6,-9,12,16,134
EXPE,Expedia Group,173.45,37,3,39,9,88,18,24,-8,12,46,134
BX,Blackstone Inc.,137.73,-2,0,-3,140,135,-2,-4,-14,19,-1,134
J,Jacobs Solutions,124.98,-34,16,-1,104,85,14,31,-14,17,48,133
MO,Altria,59.44,-9,15,60,43,109,-12,6,16,14,24,133
NEU,NewMarket,639.03,0,40,9,27,76,-12,32,12,25,57,133
DOCU,DocuSign,93.0,25,18,43,-10,76,33,24,-10,9,56,132
CCL,Carnival Corporation & plc,24.03,56,17,7,0,80,19,25,-10,17,51,131
OMF,OneMain Financial,51.9,6,18,7,58,89,-2,29,-10,24,41,130
CMI,Cummins,323.08,6,3,0,63,72,18,23,-11,28,58,130
KR,Kroger,66.22,-21,-3,69,65,110,-19,-14,40,13,20,130
CNA,CNA Financial,46.92,-11,-2,84,55,126,-10,-3,-1,18,4,130
SCHW,Charles Schwab Corporation,87.22,-5,31,67,9,102,-7,31,-8,12,28,130
TOST,"Toast, Inc.",42.82,1,19,67,0,87,5,31,-9,15,42,129
AMAT,Applied Materials,164.23,15,18,-20,147,160,16,-5,-39,-3,-31,129
HLT,Hilton Worldwide,248.46,1,18,6,62,87,-1,25,-8,24,40,127
BLK,BlackRock,985.47,24,17,7,20,68,19,31,-10,19,59,127
BRK-B,Berkshire Hathaway,488.73,-29,-3,114,60,142,-40,-15,15,24,-16,126
NEM,Newmont,54.53,28,42,9,3,82,23,4,9,8,44,126
CHE,Chemed Corporation,560.74,-27,-11,-1,183,144,-35,10,13,-6,-18,126
APG,APi Group,47.9,26,25,8,0,59,19,31,-7,24,67,126
ARMK,Aramark,39.71,0,22,5,38,65,-2,26,-17,54,61,126
GDDY,GoDaddy,180.39,-2,0,84,20,102,12,-2,-9,20,21,123
PKG,Packaging Corporation of America,194.74,20,1,-3,59,77,19,18,-16,24,45,122
HPE,Hewlett Packard Enterprise,17.76,15,14,-14,40,55,-5,31,-11,52,67,122
PR,Permian Resources,13.11,20,17,-18,24,43,26,20,-14,47,79,122
URI,United Rentals,698.94,-28,18,0,62,52,3,30,-19,55,69,121
UGI,UGI Corporation,35.35,-9,32,32,2,57,-9,31,39,3,64,121
MANH,Manhattan Associates,190.18,14,12,-19,63,70,12,31,-17,25,51,121
AZEK,Azek,53.68,27,36,11,0,74,32,-6,3,18,47,121
EXE,Expand Energy,115.57,-2,38,31,0,67,-8,23,31,8,54,121
NTAP,Netapp,104.6,21,3,-15,55,64,26,31,-20,20,57,121
PEGA,Pegasystems,101.85,14,30,9,3,56,31,31,-10,13,65,121
SKX,Skechers,62.12,14,16,-14,53,69,14,23,-10,24,51,120
HRB,H&R Block,57.76,27,0,1,50,78,-2,-11,4,50,41,119
WDC,Western Digital,55.07,56,18,2,16,92,19,29,-18,-3,27,119
AMG,Affiliated Managers Group,180.43,25,24,1,20,70,19,31,-17,15,48,118
XP,XP Inc.,19.77,58,32,2,0,92,-5,30,6,-6,25,117
AMZN,Amazon,207.85,30,8,7,19,64,21,23,-9,18,53,117
TXRH,Texas Roadhouse,191.59,-3,19,5,62,83,-2,24,-17,29,34,117
KNSL,Kinsale Capital Group,470.92,6,3,6,31,46,-7,12,-17,83,71,117
SARO,StandardAero,29.7,31,18,0,0,49,53,25,-11,0,67,116
SF,Stifel,94.81,4,8,0,57,69,16,23,-10,18,47,116
MAR,Marriott International,259.78,-3,18,6,56,77,-3,25,-9,25,38,115
LPX,Louisiana-Pacific,92.44,7,0,0,61,68,15,22,-14,24,47,115
DCI,Donaldson Company,69.83,6,18,0,63,87,-12,29,-19,28,26,113
CNM,Core & Main,59.71,21,20,9,0,50,19,31,-10,22,62,112
GTES,Gates Corporation,21.51,21,18,7,13,59,18,26,-7,16,53,112
WEC,WEC Energy Group,104.79,-8,-1,45,11,47,-9,7,58,9,65,112
MTG,MGIC Investment Corporation,26.02,-13,31,9,53,80,-7,31,-19,26,31,111
FHN,First Horizon Corporation,19.98,6,18,42,2,68,19,24,-8,8,43,111
KKR,KKR & Co. Inc.,120.65,1,7,0,101,109,-4,-3,-10,19,2,111
SNOW,Snowflake Inc.,210.04,70,21,5,0,96,-2,31,-6,-8,15,111
HLI,Houlihan Lokey,174.87,1,20,7,42,70,-2,31,-13,24,40,110
JEF,Jefferies Financial Group,51.05,7,0,-10,56,53,19,-4,-13,55,57,110
STLD,Steel Dynamics,132.15,1,30,0,53,84,-3,-5,-21,55,26,110
TOL,Toll Brothers,108.65,15,2,-13,59,63,18,24,-19,24,47,110
NSC,Norfolk Southern,246.9,55,17,0,2,74,12,31,-20,12,35,109
LECO,Lincoln Electric,198.66,6,17,-3,63,83,15,24,-10,-5,24,107
NBIX,Neurocrine Biosciences,124.64,56,9,-18,23,70,21,28,-10,-2,37,107
BJ,BJ's Wholesale Club,109.1,-34,-1,68,8,41,-19,-1,30,56,66,107
UI,Ubiquiti,402.41,6,19,42,8,75,-1,33,-9,8,31,106
ANSS,Ansys,338.29,13,18,7,9,47,18,31,-11,21,59,106
KBR,"KBR, Inc.",52.33,0,22,-20,62,64,15,-7,-21,55,42,106
VRTX,Vertex Pharmaceuticals,443.76,0,-22,0,102,80,-5,-17,13,35,26,106
MET,Metlife,78.55,6,17,0,56,79,-2,23,-10,16,27,106
CXT,Crane NXT,53.25,0,8,-15,53,46,-4,21,-11,54,60,106
RMD,Resmed,249.71,14,24,7,11,56,19,30,-10,11,50,106
CWEN-A,Clearway Energy (Class A),28.27,0,16,48,4,68,-10,27,12,8,37,105
BXP,"BXP, Inc.",71.85,47,16,0,0,63,19,31,-19,11,42,105
ROST,Ross Stores,142.24,4,27,-3,33,61,19,-3,1,27,44,105
EW,Edwards Lifesciences,77.78,48,30,2,-12,68,19,31,20,-33,37,105
CMG,Chipotle Mexican Grill,52.6,14,2,-14,78,80,18,-4,-16,27,25,105
AMD,Advanced Micro Devices,115.67,26,17,-32,108,119,23,24,-56,-5,-14,105
BAC,Bank of America,44.37,38,18,7,16,79,-2,25,-9,12,26,105
AEE,Ameren,96.03,-1,-7,46,11,49,-1,-3,51,8,55,104
ULTA,Ulta Beauty,467.04,56,28,2,2,88,-10,31,2,-7,16,104
CWEN,Clearway Energy (Class C),30.28,0,16,48,2,66,-9,27,12,8,38,104
TXN,Texas Instruments,190.48,30,18,0,20,68,21,22,-21,14,36,104
OZK,Bank OZK,44.51,0,18,7,54,79,19,-2,-9,17,25,104
XPO,"XPO, Inc.",116.76,0,0,-3,59,56,12,24,-13,25,48,104
CRWD,CrowdStrike,462.76,0,31,35,0,66,-7,33,-7,18,37,103
SLGN,Silgan Holdings,53.55,-28,24,9,78,83,-9,31,-13,11,20,103
SPR,Spirit AeroSystems,37.67,1,32,8,0,41,-3,33,20,12,62,103
TWLO,Twilio,120.87,56,10,37,-32,71,7,24,-8,9,32,103
WBS,Webster Bank,52.33,21,18,1,12,52,19,26,-10,15,50,102
INGR,Ingredion,136.74,-11,24,0,32,45,-8,29,-18,54,57,102
RGA,Reinsurance Group of America,201.38,-10,18,0,38,46,-8,30,-17,51,56,102
VICI,Vici Properties,31.44,-9,0,48,13,52,-7,-12,13,55,49,101
WTFC,Wintrust Financial,118.84,0,18,0,47,65,-2,31,-11,17,35,100
H,Hyatt Hotels,129.95,0,1,-13,53,41,-1,24,-17,53,59,100
DDS,Dillard's,393.9,-41,0,4,52,15,12,26,-7,53,84,99
DECK,Deckers Brands,108.31,0,0,-14,91,77,12,-9,-10,29,22,99
DOX,Amdocs,90.98,-7,27,7,56,83,-4,25,-9,3,15,98
LLYVA,Liberty Live (Series A),76.1,7,31,18,0,56,17,31,-6,0,42,98
FIVE,Five Below,128.06,56,20,0,-14,62,19,29,1,-13,36,98
GL,Globe Life,119.77,-8,-2,35,12,37,-8,16,46,6,60,97
EA,Electronic Arts,147.88,14,40,0,5,59,23,-10,6,19,38,97
APO,Apollo Global Management,130.3,0,0,-2,95,93,-2,-6,-13,24,3,96
HIW,Highwoods Properties,30.45,28,24,0,4,56,19,31,-22,11,39,95
LLYVK,Liberty Live (Series C),77.31,10,24,19,0,53,17,31,-6,0,42,95
ADT,ADT Inc.,8.25,-2,38,21,0,57,-5,22,15,6,38,95
DT,Dynatrace,54.93,18,16,4,0,38,23,24,-8,18,57,95
RRC,Range Resources,37.4,-43,18,24,40,39,-12,19,-5,53,55,94
HBAN,Huntington Bancshares,15.75,21,18,7,19,65,-1,29,-13,14,29,94
LOAR,Loar Holdings,89.37,34,41,0,0,75,23,-8,4,0,19,94
TW,Tradeweb,139.82,-27,17,99,0,89,-40,24,-1,21,4,93
CRH,CRH plc,92.79,0,0,1,62,63,16,-4,-7,25,30,93
FCX,Freeport-McMoRan,41.71,28,18,-27,56,75,23,24,-26,-4,17,92
REG,Regency Centers,71.22,-16,16,58,51,109,-26,-3,-5,17,-17,92
EEFT,Euronet Worldwide,109.73,20,21,5,0,46,19,23,-7,11,46,92
DOV,Dover Corporation,177.18,-49,7,0,104,62,-2,24,-9,17,30,92
ZM,Zoom Communications,81.34,7,19,39,0,65,36,-1,-10,2,27,92
NWSA,News Corp (Class A),27.86,-2,18,7,56,79,-31,31,-7,19,12,91
ALNY,Alnylam Pharmaceuticals,307.89,41,17,7,13,78,-1,25,-24,13,13,91
EVRG,Evergy,65.07,-10,-2,48,12,48,-20,-12,67,8,43,91
FOUR,Shift4,94.2,46,0,0,0,46,2,27,-7,22,44,90
COHR,Coherent Corp.,79.68,19,17,0,13,49,18,24,-14,13,41,90
BA,Boeing,209.18,42,31,4,0,77,-2,31,-7,-9,13,90
MOS,Mosaic Company (The),36.39,57,38,6,-14,87,-5,31,5,-28,3,90
AL,Air Lease Corporation,57.06,-3,24,7,20,48,3,24,-10,24,41,89
RITM,Rithm Capital,11.22,0,18,7,30,55,17,-2,-5,24,34,89
RPRX,Royalty Pharma,33.76,22,21,22,0,65,47,-3,16,-36,24,89
MSCI,MSCI,563.74,5,16,0,12,33,19,31,-13,18,55,88
WTM,White Mountains Insurance Group,1790.83,-12,0,0,57,45,-2,-1,-10,54,41,86
DBX,Dropbox,29.53,28,5,9,7,49,45,-5,-10,6,36,85
STT,State Street Corporation,96.15,-1,20,7,14,40,18,25,-10,12,45,85
IR,Ingersoll Rand,81.89,6,17,-11,21,33,19,24,-18,27,52,85
LHX,L3Harris,242.01,0,40,2,3,45,-7,33,2,12,40,85
MP,MP Materials,25.91,35,1,22,0,58,15,-26,35,2,26,84
XYL,Xylem Inc.,126.67,21,18,0,20,59,19,28,-42,20,25,84
PCTY,Paylocity,193.73,8,2,32,0,42,16,31,-9,3,41,83
WTW,Willis Towers Watson,307.74,-8,-30,84,22,68,-12,5,-5,27,15,83
LITE,Lumentum,81.67,21,16,4,1,42,19,24,-11,8,40,82
DOCS,Doximity,57.37,21,0,44,0,65,23,-9,-7,10,17,82
ECG,Everus Construction Group,60.39,21,16,0,0,37,19,33,-7,0,45,82
CR,Crane Co.,174.94,19,25,6,0,50,19,27,-18,3,31,81
LAD,Lithia Motors,317.51,23,0,-3,12,32,18,24,-12,19,49,81
DG,Dollar General,113.88,21,59,0,-15,65,21,7,12,-24,16,81
CLH,Clean Harbors,224.69,-63,25,0,56,18,-7,33,-19,55,62,80
PHM,PulteGroup,101.64,14,2,-13,63,66,18,-7,-24,27,14,80
NDSN,Nordson,213.56,42,17,-26,0,33,48,23,-19,-5,47,80
AYI,Acuity Brands,265.11,6,0,0,25,31,19,23,-11,18,49,80
SOFI,SoFi,13.68,11,10,36,0,57,23,1,-10,9,23,80
APPF,AppFolio,215.6,19,3,-8,26,40,19,4,-10,26,39,79
CUZ,Cousins Properties,28.67,44,8,1,9,62,19,1,-14,11,17,79
POST,Post Holdings,108.58,-1,-21,0,85,63,-7,-28,-5,55,15,78
KIM,Kimco Realty,20.82,-3,17,-1,53,66,-14,31,-18,12,11,77
ZI,ZoomInfo,10.34,98,2,-13,0,87,21,21,-18,-34,-10,77
MORN,"Morningstar, Inc.",306.74,1,18,-10,26,35,18,24,-16,16,42,77
NVR,"NVR, Inc.",7202.27,12,2,-13,63,64,15,-7,-22,27,13,77
DAL,Delta Air Lines,48.83,6,0,-3,17,20,19,24,-11,24,56,76
HII,Huntington Ingalls Industries,224.77,2,57,0,4,63,19,-6,6,-7,12,75
CFLT,"Confluent, Inc.",24.17,56,0,-6,0,50,19,12,-8,2,25,75
CUBE,CubeSmart,42.66,42,24,-13,20,73,-13,29,-26,12,2,75
TNL,Travel + Leisure Co.,48.62,20,8,7,14,49,-3,24,-7,12,26,75
VNO,Vornado Realty Trust,39.16,21,8,1,2,32,19,24,-13,13,43,75
WSM,"Williams-Sonoma, Inc.",156.99,-17,0,7,63,53,15,-6,-7,19,21,74
CI,Cigna,311.06,-9,-3,-1,56,43,-19,-15,10,55,31,74
HXL,Hexcel,55.86,41,0,-19,0,22,51,19,-11,-7,52,74
EXPD,Expeditors International,111.15,-49,0,-10,129,70,12,19,-27,-1,3,73
CBSH,Commerce Bancshares,62.56,-7,18,9,2,22,19,31,-10,11,51,73
FTV,Fortive,71.76,21,3,-11,31,44,19,20,-7,-3,29,73
PINC,"Premier, Inc.",23.12,18,29,7,-26,28,17,55,5,-32,45,73
SYF,Synchrony Financial,57.44,-4,18,7,19,40,-4,31,-10,16,33,73
DKS,Dick's Sporting Goods,179.0,7,-15,-3,61,50,12,-9,-11,31,23,73
UHS,Universal Health Services,189.09,-4,22,-1,20,37,14,22,-25,24,35,72
ALSN,Allison Transmission,102.53,-18,17,0,33,32,-5,24,-11,32,40,72
CMS,CMS Energy,69.34,-7,-10,66,21,70,-6,-16,12,12,2,72
MDT,Medtronic,86.99,21,0,1,0,22,44,-2,-4,11,49,71
ED,Consolidated Edison,102.26,-9,-2,18,45,52,-18,-18,12,43,19,71
ROKU,"Roku, Inc.",74.59,55,0,0,-17,38,16,23,-8,2,33,71
VZ,Verizon,43.3,-8,15,20,8,35,-10,21,13,12,36,71
ESI,Element Solutions,21.27,-8,0,-10,55,37,12,23,-19,18,34,71
ETSY,Etsy,62.71,56,8,0,-28,36,68,18,-16,-35,35,71
CG,Carlyle Group (The),45.24,1,9,0,19,29,16,20,-10,16,42,71
EWBC,East West Bancorp,91.5,1,18,0,20,39,-2,29,-13,17,31,70
LEN-B,Lennar (Class B),105.3,14,0,-18,60,56,18,-7,-25,28,14,70
MMM,3M,146.25,-49,18,64,12,45,-5,23,-5,12,25,70
MASI,Masimo,164.7,37,1,36,-4,70,-7,4,-5,8,0,70
DHI,D. R. Horton,122.74,13,0,-18,63,58,18,-9,-25,28,12,70
ABNB,Airbnb,137.3,20,3,0,0,23,26,31,-8,-3,46,69
SUI,Sun Communities,124.8,42,9,1,-22,30,51,-12,-9,9,39,69
CARR,Carrier Global,71.42,0,25,0,0,25,14,25,-19,24,44,69
CART,Maplebear Inc.,46.24,0,14,13,0,27,16,33,-7,0,42,69
FOXA,Fox Corporation (Class A),53.85,-23,17,58,0,52,-11,18,-3,12,16,68
IDXX,Idexx Laboratories,522.56,27,25,4,2,58,19,31,-34,-6,10,68
ALK,Alaska Air Group,50.71,-2,0,35,2,35,12,21,-7,7,33,68
AS,Amer Sports,37.38,16,18,0,0,34,17,23,-6,0,34,68
NEE,NextEra Energy,71.49,34,5,0,0,39,45,-3,-24,11,29,68
RNR,RenaissanceRe,242.9,-2,15,0,33,46,-9,23,-19,26,21,67
MSM,MSC Industrial Direct,80.53,-10,18,0,56,64,-2,33,-21,-7,3,67
DDOG,Datadog,121.8,31,8,-13,0,26,19,25,-16,13,41,67
EOG,EOG Resources,110.86,6,-2,-10,43,37,-3,-5,-11,49,30,67
AFRM,Affirm Holdings,55.71,30,0,2,0,32,26,1,-7,15,35,67
COIN,Coinbase,244.15,-3,17,0,0,14,19,31,-13,16,53,67
FNB,FNB Corporation,13.7,-29,18,-3,53,39,-2,31,-18,17,28,67
AGO,Assured Guaranty,84.12,-8,9,0,54,55,12,-10,-10,20,12,67
OSK,Oshkosh Corporation,109.62,21,17,1,2,41,17,22,-10,-3,26,67
XEL,Xcel Energy,68.6,-17,-2,41,10,32,-20,-2,49,7,34,66
IDA,Idacorp,115.0,-8,0,46,16,54,-19,7,16,8,12,66
UNH,UnitedHealth Group,295.89,-4,-34,-8,-2,-48,-18,-29,-21,182,114,66
UBER,Uber,84.64,-47,30,8,0,-9,12,33,6,24,75,66
CSX,CSX Corporation,31.76,24,17,-26,2,17,54,21,-22,-4,49,66
X,U.S. Steel,52.97,0,13,9,24,46,-6,9,13,4,20,66
NYT,New York Times Company,55.76,-2,29,5,14,46,-13,31,-17,19,20,66
FCNCA,First Citizens BancShares,1813.22,-7,0,-3,57,47,12,-3,-11,19,17,64
ES,Eversource Energy,65.28,42,21,5,-8,60,31,24,-25,-26,4,64
APD,Air Products,276.45,37,0,0,14,51,-5,19,-9,8,13,64
BFAM,Bright Horizons,125.94,-3,16,4,6,23,-2,25,5,13,41,64
KEYS,Keysight,159.79,0,18,6,0,24,19,24,-7,3,39,63
DLTR,Dollar Tree,96.66,7,35,0,-13,29,5,34,15,-20,34,63
AMT,American Tower,216.23,18,1,6,4,29,14,1,10,9,34,63
SOLV,Solventum,75.33,21,3,0,0,24,26,19,-6,0,39,63
USB,U.S. Bancorp,43.69,23,18,-2,2,41,-2,24,-14,13,21,62
AEP,American Electric Power,101.78,-8,-7,63,21,69,-16,-16,13,12,-7,62
ZION,Zions Bancorporation,47.68,20,0,-2,2,20,19,23,-13,13,42,62
AFL,Aflac,102.21,-8,-11,0,56,37,-5,-14,-9,53,25,62
INFA,Informatica,24.17,59,9,-32,0,36,17,31,-17,-5,26,62
MAS,Masco,63.34,1,0,-10,63,54,15,-5,-22,19,7,61
JNPR,Juniper Networks,35.79,-3,13,0,52,62,12,-4,-27,18,-1,61
CMA,Comerica,57.46,20,0,0,2,22,19,23,-14,10,38,60
CIEN,Ciena,73.01,-7,18,9,10,30,-4,31,-11,14,30,60
FITB,Fifth Third Bancorp,38.3,21,3,-2,20,42,-2,23,-17,14,18,60
FOX,Fox Corporation (Class B),49.29,-24,17,57,0,50,-11,18,-4,7,10,60
ADC,Agree Realty,73.91,-8,0,53,14,59,-9,-14,13,11,1,60
ROIV,Roivant Sciences,11.19,41,28,-2,0,67,-2,-10,-18,22,-8,59
NVT,Nvent Electric,66.32,20,18,-16,10,32,17,31,-18,-3,27,59
PRU,Prudential Financial,103.73,6,8,-3,53,64,-2,-3,-17,17,-5,59
WPC,W. P. Carey,62.09,0,15,19,0,34,-2,7,16,3,24,58
BSY,Bentley Systems,49.14,13,21,0,0,34,13,33,-18,-4,24,58
SNV,Synovus,47.61,2,18,0,19,39,-4,24,-13,12,19,58
BIRK,Birkenstock,55.28,21,20,5,0,46,26,-4,-10,0,12,58
FIS,Fidelity National Information Services,80.55,20,33,0,-35,18,19,31,-20,9,39,57
DELL,Dell Technologies,111.86,2,18,-15,30,35,12,31,-19,-2,22,57
ALGM,Allegro MicroSystems,27.95,21,17,1,0,39,19,18,-5,-14,18,57
TXT,Textron,74.5,15,18,-25,51,59,19,28,-46,-3,-2,57
ZG,Zillow (Class A),68.93,26,2,44,-39,33,19,-6,-8,18,23,56
VNOM,Viper Energy,40.19,0,0,-3,42,39,-3,-7,-18,45,17,56
SBUX,Starbucks,87.0,20,0,0,0,20,19,17,-5,5,36,56
PINS,Pinterest,33.78,23,3,0,0,26,23,19,-9,-3,30,56
AMH,American Homes 4 Rent,36.88,-9,37,0,66,94,-21,-2,-29,13,-39,55
NCLH,Norwegian Cruise Line Holdings,19.34,19,0,-10,0,9,19,19,-10,18,46,55
OC,Owens Corning,135.52,0,-5,-14,56,37,17,-9,-18,27,17,54
GLPI,Gaming and Leisure Properties,46.09,-4,-26,0,63,33,-9,-21,-4,55,21,54
TYL,Tyler Technologies,573.82,12,0,0,15,27,12,17,-18,16,27,54
LULU,Lululemon Athletica,329.6,24,4,0,0,28,23,23,-10,-10,26,54
DAY,Dayforce,59.19,22,3,-10,-10,5,47,12,-14,3,48,53
NTRS,Northern Trust,106.47,-2,18,6,9,31,-5,24,-9,11,21,52
XYZ,"Block, Inc.",63.62,70,0,-14,-34,22,19,15,-15,11,30,52
PNW,Pinnacle West Capital,89.39,-21,-3,58,16,50,-20,-14,12,24,2,52
RF,Regions Financial Corporation,21.32,0,17,-2,20,35,-2,24,-17,12,17,52
AGNC,AGNC Investment,9.04,10,3,1,14,28,12,1,-4,15,24,52
PAYC,Paycom,263.93,24,31,9,-22,42,19,31,-6,-35,9,51
LNT,Alliant Energy,60.31,-14,-1,58,12,55,-12,-2,-1,11,-4,51
BEPC,Brookfield Renewable Partners,29.58,21,19,0,0,40,-5,30,-23,8,10,50
Z,Zillow (Class C),69.82,26,0,1,0,27,19,-6,-8,18,23,50
CCK,Crown Holdings,97.71,0,28,7,3,38,12,-1,-9,10,12,50
CTSH,Cognizant,79.3,-9,18,6,12,27,-9,24,-8,16,23,50
AGCO,AGCO,100.85,0,20,0,0,20,14,25,1,-11,29,49
VNT,Vontier,35.81,5,18,-3,0,20,19,25,-13,-3,28,48
AAP,Advance Auto Parts,52.34,70,10,0,-26,54,19,17,-10,-32,-6,48
PNFP,Pinnacle Financial Partners,105.52,-13,18,0,13,18,-5,29,-10,16,30,48
ALLY,Ally Financial,35.2,37,8,-3,2,44,-2,2,-11,14,3,47
CPAY,Corpay,331.06,6,1,0,19,26,12,-6,-9,23,20,46
PNC,PNC Financial Services,174.75,6,8,0,12,26,-2,23,-14,12,19,45
TRGP,Targa Resources,164.08,11,-44,0,49,16,3,-16,-10,52,29,45
ZBRA,Zebra Technologies,291.21,18,4,-11,-5,6,16,23,-11,11,39,45
SEG,Seaport Entertainment Group,20.14,54,0,0,0,54,19,-11,-18,0,-10,44
BKR,Baker Hughes,37.15,28,-44,0,33,17,-5,17,-9,24,27,44
HAYW,Hayward Holdings,14.18,18,18,-3,0,33,16,-3,-16,14,11,44
JKHY,Jack Henry & Associates,181.0,0,15,6,2,23,12,17,-17,9,21,44
CEG,Constellation Energy,289.79,-7,18,6,0,17,-12,33,-11,17,27,44
EFX,Equifax,266.2,0,30,0,14,44,14,-3,-28,16,-1,43
MDU,MDU Resources,16.79,-9,16,0,38,45,-13,-6,-11,28,-2,43
KEY,Keycorp,15.9,6,18,0,2,26,-1,24,-17,11,17,43
WAT,Waters Corporation,346.49,-7,0,0,12,5,12,24,-10,12,38,43
SNDK,SanDisk,39.1,6,0,0,0,6,19,18,0,0,37,43
CTRA,Coterra,24.81,28,-43,1,42,28,-4,10,-2,11,15,43
MIDD,Middleby,147.14,0,0,4,0,4,15,18,-6,11,38,42
JLL,Jones Lang LaSalle,229.74,16,0,0,12,28,18,-6,-10,12,14,42
BHF,Brighthouse Financial,58.08,-13,21,8,9,25,-9,27,-7,6,17,42
MTB,M&T Bank,179.91,-13,18,0,20,25,-5,24,-14,12,17,42
MU,Micron Technology,106.28,28,17,-25,20,40,23,23,-42,-3,1,41
PODD,Insulet,317.14,-9,19,35,2,47,-37,23,4,4,-6,41
ZTS,Zoetis,168.9,60,15,-25,2,52,-4,24,-28,-3,-11,41
CHRW,C.H. Robinson,95.51,-1,16,0,0,15,19,18,-17,6,26,41
FLS,Flowserve,47.19,-14,0,-1,25,10,-5,23,-11,23,30,40
LEN,Lennar (Class A),110.04,14,0,-20,62,56,18,-8,-25,-1,-16,40
CFR,Frost Bank,126.45,-13,18,8,2,15,-2,28,-10,8,24,39
BRX,Brixmor Property Group,25.04,-8,-1,0,53,44,-7,-5,-17,24,-5,39
ACN,Accenture,315.39,1,0,-13,12,0,8,23,-9,17,39,39
INGM,Ingram Micro,19.7,4,3,0,0,7,16,24,-8,0,32,39
RKT,Rocket Companies,12.8,1,-5,-9,0,-13,11,14,8,18,51,38
MSGS,Madison Square Garden Sports,189.74,0,0,-10,19,9,23,-3,-16,25,29,38
TTEK,Tetra Tech,35.24,0,16,-19,3,0,12,31,-22,17,38,38
SNDR,Schneider National,23.93,19,0,-13,0,6,24,17,-17,8,32,38
VVV,Valvoline,36.54,21,3,-16,29,37,22,19,-38,-2,1,38
OWL,Blue Owl Capital,19.03,20,0,0,0,20,16,-6,-11,19,18,38
AMTM,Amentum,21.84,7,30,0,0,37,15,-3,-12,0,0,37
PFG,Principal Financial Group,75.94,-29,0,-3,53,21,-9,19,-10,16,16,37
RRX,Regal Rexnord,138.4,7,18,-18,1,8,14,23,-19,11,29,37
NVST,Envista,18.69,48,3,-13,0,38,18,24,-13,-30,-1,37
PSN,Parsons Corporation,68.07,16,3,-17,0,2,19,2,-20,33,34,36
ARW,Arrow Electronics,120.76,19,25,-32,2,14,19,31,-23,-6,21,35
NU,Nubank,12.1,0,29,0,0,29,16,-6,-21,17,6,35
EGP,EastGroup Properties,168.91,0,15,-1,6,20,-7,30,-5,-3,15,35
HOLX,Hologic,63.07,53,6,-25,0,34,18,13,-25,-5,1,35
PSA,Public Storage,300.6,0,19,-1,13,31,-13,31,-25,11,4,35
CFG,Citizens Financial Group,40.26,6,6,0,2,14,-5,23,-10,12,20,34
CSGP,CoStar Group,78.19,15,0,0,12,27,18,-17,13,-7,7,34
SPG,Simon Property Group,160.75,0,0,0,33,33,-7,-6,-5,19,1,34
GRAL,"Grail, Inc.",39.44,-3,0,0,0,-3,13,31,-7,0,37,34
SBAC,SBA Communications,229.64,-1,38,6,-18,25,11,-12,7,3,9,34
LAZ,Lazard,43.49,1,1,-2,18,18,-2,23,-18,11,14,32
TKR,Timken Company,70.76,14,3,-14,2,5,19,22,-11,-3,27,32
SYY,Sysco,73.77,26,5,-6,1,26,-7,18,-18,12,5,31
FRPT,Freshpet,81.03,0,0,-14,-4,-18,23,18,-10,17,48,30
SFD,Smithfield Foods,22.9,-2,13,0,0,11,-12,31,0,0,19,30
HES,Hess Corporation,133.04,31,-43,-10,53,31,-5,3,-1,1,-2,29
DIS,Walt Disney Company (The),112.51,37,18,5,-39,21,-2,22,-9,-3,8,29
CRM,Salesforce,267.1,0,0,-3,20,17,9,-5,-11,19,12,29
HUBS,HubSpot,603.77,0,0,0,9,9,16,-5,-8,17,20,29
JHG,Janus Henderson,36.01,-35,3,0,17,-15,12,24,-9,16,43,28
NLY,Annaly Capital Management,18.89,-4,0,8,8,12,12,-6,-4,14,16,28
SAIC,SAIC,102.45,-63,-4,-27,65,-29,2,-4,4,55,57,28
PCOR,Procore,68.04,7,0,-1,0,6,16,-4,-7,17,22,28
OKE,Oneok,81.18,0,-44,-3,52,5,-5,-6,-15,49,23,28
FHB,"First Hawaiian, Inc.",23.61,-10,0,0,12,2,-5,28,-10,12,25,27
MTDR,Matador Resources,44.77,21,0,-19,0,2,23,18,-12,-4,25,27
OLED,Universal Display Corporation,149.31,21,18,-27,0,12,23,25,-30,-3,15,27
ATR,AptarGroup,152.6,-20,24,0,18,22,-31,31,-18,23,5,27
AFG,American Financial Group,123.12,0,-1,-2,54,51,-4,-14,-18,12,-24,27
LFUS,Littelfuse,213.74,16,18,-15,0,19,19,23,-29,-6,7,26
MDB,MongoDB Inc.,225.49,26,1,-16,-7,4,23,23,-17,-7,22,26
MRP,Millrose Properties,27.49,-2,7,0,0,5,-7,28,0,0,21,26
DXCM,Dexcom,85.75,4,22,0,-12,14,-5,31,-7,-7,12,26
KMPR,Kemper Corporation,62.95,0,8,0,2,10,-5,19,-10,12,16,26
IT,Gartner,421.17,-49,0,-11,56,-4,-44,28,-9,55,30,26
OTIS,Otis Worldwide,95.28,0,-7,0,0,-7,14,-2,-4,24,32,25
FNF,Fidelity National Financial,53.98,-8,-20,0,56,28,-6,-15,-1,19,-3,25
TPG,TPG Inc.,48.95,11,1,-3,0,9,19,-6,-14,17,16,25
VOYA,Voya Financial,65.72,-10,18,-13,2,-3,-5,21,-18,29,27,24
NCNO,nCino,27.32,7,3,-16,0,-6,15,20,-18,13,30,24
XOM,ExxonMobil,101.88,-12,-13,-3,42,14,-5,-8,-25,48,10,24
ALAB,Astera Labs,90.63,-5,16,0,0,11,-1,25,-12,0,12,23
LW,Lamb Weston,55.24,50,6,-62,-6,-12,51,10,-16,-12,33,21
AR,Antero Resources,37.19,-49,18,31,8,8,-12,19,-2,8,13,21
TTD,Trade Desk (The),71.11,-6,1,-17,2,-20,15,24,-17,18,40,20
COKE,Coca-Cola Consolidated,106.07,-28,-25,-1,83,29,-28,-25,-6,50,-9,20
BEN,Franklin Templeton Investments,21.74,1,21,0,-7,15,7,31,-13,-20,5,20
TEAM,Atlassian,218.6,14,0,0,-4,10,16,-7,-8,9,10,20
IONS,Ionis Pharmaceuticals,35.24,31,21,-39,-9,4,33,27,-36,-8,16,20
TER,Teradyne,81.73,21,0,-19,-4,-2,18,19,-13,-3,21,19
WDAY,"Workday, Inc.",250.11,0,5,0,12,17,-2,-4,-13,20,1,18
VTR,"Ventas, Inc.",63.3,-29,-7,62,20,46,-40,-14,13,13,-28,18
A,Agilent Technologies,113.97,14,0,-13,-3,-2,12,21,-10,-3,20,18
GXO,GXO Logistics,41.94,20,18,-27,0,11,14,24,-25,-6,7,18
YETI,Yeti Holdings,31.38,21,0,-25,-4,-8,31,18,-16,-8,25,17
SMCI,Supermicro,40.77,0,0,-41,56,15,-2,17,-6,-7,2,17
PATH,UiPath,13.28,-9,8,-1,0,-2,9,33,-15,-8,19,17
MUSA,Murphy USA,419.99,-57,-20,-3,66,-14,-7,-20,-19,77,31,17
GTLB,GitLab,48.77,7,0,-11,0,-4,19,-5,-10,16,20,16
SW,Smurfit Westrock,43.09,0,0,0,0,0,10,19,-13,0,16,16
EXC,Exelon,42.85,-21,-7,45,12,29,-20,-17,16,8,-13,16
PYPL,PayPal,72.47,15,8,-3,-37,-17,16,24,-14,7,33,16
VLO,Valero Energy,126.89,-13,18,-34,42,13,-5,20,-9,-3,3,16
ALLE,Allegion,138.22,-28,30,0,19,21,-33,30,-22,20,-5,16
EXR,Extra Space Storage,149.48,0,15,-3,0,12,-13,31,-26,11,3,15
FE,FirstEnergy,40.72,-49,37,8,53,49,-20,-3,-23,12,-34,15
FSLR,First Solar,163.94,3,17,-29,60,51,12,-3,-41,-4,-36,15
BURL,Burlington Stores,243.13,0,1,0,1,2,16,-2,-16,15,13,15
MPC,Marathon Petroleum,158.18,-13,20,0,47,54,-8,24,-49,-6,-39,15
MKSI,MKS Instruments,87.12,14,3,-17,-11,-11,16,23,-11,-3,25,14
GEHC,GE HealthCare,71.55,20,0,-10,0,10,12,-6,-8,6,4,14
IRDM,Iridium Communications,26.53,25,0,-11,-17,-3,24,22,-13,-17,16,13
BAH,Booz Allen Hamilton,102.11,-63,-7,-20,99,9,-7,-3,-22,36,4,13
LDOS,Leidos,145.36,-63,30,-3,21,-15,10,-3,3,17,27,12
FAF,First American Financial Corporation,55.79,0,-23,-3,12,-14,30,-11,-9,16,26,12
INVH,Invitation Homes,32.94,-8,16,-1,5,12,-14,-10,11,12,-1,11
MTD,Mettler Toledo,1164.61,18,3,-13,0,8,14,23,-31,-3,3,11
CNXC,Concentrix,56.34,1,18,0,0,19,4,21,-2,-31,-8,11
AMED,Amedisys,93.9,-1,35,2,-38,-2,-2,-8,15,8,13,11
DLB,Dolby Laboratories,74.46,0,0,0,0,0,18,-4,-10,6,10,10
TRU,TransUnion,86.07,0,7,-1,0,6,16,-3,-21,12,4,10
BALL,Ball Corporation,53.49,19,18,-25,-9,3,12,30,-32,-3,7,10
KRC,Kilroy Realty,34.19,27,8,-10,-38,-13,19,11,-16,9,23,10
BLD,TopBuild,301.16,14,1,-19,44,40,18,-11,-36,-1,-30,10
HAS,Hasbro,65.17,-28,18,4,0,-6,2,29,-24,9,16,10
HSY,Hershey Company (The),162.79,42,-17,-35,-2,-12,57,-14,-4,-17,22,10
ACI,Albertsons,21.57,-21,35,15,0,29,-21,-8,17,-7,-19,10
PLD,Prologis,107.82,0,8,-13,0,-5,-2,29,-10,-3,14,9
MCHP,Microchip Technology,64.32,30,18,-36,0,12,23,24,-45,-5,-3,9
TFSL,Third Federal S&L,13.15,-29,31,7,3,12,2,-3,-19,17,-3,9
CPT,Camden Property Trust,115.76,0,8,6,0,14,-2,-7,-5,9,-5,9
AVY,Avery Dennison,177.8,0,17,-25,2,-6,18,31,-33,-3,13,7
CPRT,Copart,50.13,-80,-9,-3,174,82,-83,-5,-13,26,-75,7
GNRC,Generac,126.36,19,2,-10,-32,-21,18,20,-18,8,28,7
ESS,Essex Property Trust,278.2,-1,0,0,12,11,-2,-9,-5,12,-4,7
CHH,Choice Hotels,125.86,-42,0,-3,13,-32,15,19,-7,12,39,7
AWK,American Water Works,140.02,-14,0,16,0,2,-20,6,12,6,4,6
UDR,"UDR, Inc.",40.99,1,-1,0,0,0,11,-11,-5,11,6,6
INCY,Incyte,67.24,32,4,0,-29,7,-11,26,-21,5,-1,6
FANG,Diamondback Energy,137.44,22,0,-19,45,48,-4,3,-38,-3,-42,6
JNJ,Johnson & Johnson,153.64,0,0,2,5,7,-7,6,-4,4,-1,6
QCOM,Qualcomm,147.54,0,0,-15,20,5,19,26,-42,-3,0,5
KMB,Kimberly-Clark,135.27,-21,-1,0,16,-6,-26,13,-1,24,10,4
THO,Thor Industries,86.04,21,2,-16,0,7,-5,24,-19,-4,-4,3
TROW,T. Rowe Price,93.24,0,3,-13,-23,-33,16,24,-15,11,36,3
NNN,NNN Reit,41.3,0,16,-3,20,33,-14,-3,-25,12,-30,3
EMN,Eastman Chemical Company,78.33,-3,-1,-11,0,-15,12,18,-25,13,18,3
UHAL,U-Haul,62.81,0,0,-5,20,15,-7,-6,-18,18,-13,2
BC,Brunswick Corporation,55.03,21,2,-28,-5,-10,19,18,-19,-7,11,1
MEDP,Medpace,293.46,-1,0,-17,30,12,-2,2,-9,-2,-11,1
HST,Host Hotels & Resorts,15.37,0,18,-22,0,-4,-5,31,-17,-4,5,1
CL,Colgate-Palmolive,90.15,-21,-4,-1,21,-5,-20,6,-4,24,6,1
AVB,AvalonBay Communities,203.1,0,0,0,14,14,3,-11,-18,13,-13,1
CRUS,Cirrus Logic,100.07,0,18,-13,17,22,12,-1,-31,-1,-21,1
KNX,Knight-Swift,44.14,0,0,-15,0,-15,17,19,-11,-11,14,-1
LYFT,Lyft,15.53,-55,19,5,0,-31,16,29,-17,2,30,-1
OKTA,"Okta, Inc.",104.15,-49,27,14,-22,-30,9,-3,19,4,29,-1
FI,Fiserv,165.35,12,-44,-4,33,-3,12,-30,-5,25,2,-1
BBY,Best Buy,70.46,15,0,-14,-4,-3,18,-6,-25,14,1,-2
TFC,Truist Financial,39.63,1,0,-1,2,2,-1,-2,-13,12,-4,-2
ADBE,Adobe Inc.,415.2,7,16,-26,-4,-7,15,23,-30,-3,5,-2
SHC,Sotera Health,12.18,0,23,-17,0,6,19,-2,-22,-4,-9,-3
U,Unity Technologies,24.79,0,7,0,0,7,-1,31,-7,-33,-10,-3
DVA,DaVita,137.89,0,-37,0,18,-19,12,-3,-10,17,16,-3
CACC,Credit Acceptance,474.3,-4,-1,-3,0,-8,16,-3,-5,-3,5,-3
BOKF,BOK Financial Corporation,93.62,-9,0,-2,20,9,-5,-3,-16,12,-12,-3
ESTC,Elastic NV,86.24,7,0,-3,-4,0,10,-3,-8,-2,-3,-3
ON,ON Semiconductor,49.53,21,3,-27,0,-3,19,24,-33,-13,-3,-6
LNW,Light & Wonder,85.8,-28,-4,-11,55,12,-31,-6,-5,23,-19,-7
SJM,J.M. Smucker Company (The),111.02,-7,0,-2,-2,-11,12,6,7,-21,4,-7
GM,General Motors,47.24,-14,0,0,9,-5,-20,24,-18,11,-3,-8
CVX,Chevron Corporation,136.95,0,-43,-10,46,-7,-4,1,-2,4,-1,-8
FR,First Industrial Realty Trust,49.03,-14,1,-3,12,-4,-7,-5,-5,12,-5,-9
CCCS,CCC Intelligent Solutions,8.93,14,0,-18,0,-4,19,-3,-17,-4,-5,-9
CAR,Avis Budget Group,116.14,0,34,0,-18,16,-37,44,3,-35,-25,-9
LNC,Lincoln Financial,32.82,0,0,8,-4,4,-5,-6,-8,6,-13,-9
S,SentinelOne,18.11,0,0,-15,0,-15,17,-6,-18,12,5,-10
DD,DuPont,67.44,2,0,-11,17,8,12,-5,-25,-1,-19,-11
D,Dominion Energy,56.01,-7,16,4,-32,-19,-12,31,-20,8,7,-12
LVS,Las Vegas Sands,40.29,-3,18,-12,-4,-1,-7,24,-16,-12,-11,-12
AMKR,Amkor Technology,18.82,15,3,-30,0,-12,16,24,-38,-3,-1,-13
BMY,Bristol Myers Squibb,47.86,42,-43,-5,-3,-9,-7,4,-4,3,-4,-13
EIX,Edison International,53.65,-10,-1,-22,0,-33,-7,-2,-19,48,20,-13
WEX,WEX Inc.,136.44,16,0,-33,-3,-20,19,18,-24,-6,7,-13
WST,West Pharmaceutical Services,218.54,14,1,-17,-5,-7,16,1,-17,-6,-6,-13
HSIC,Schein (Henry),70.47,-35,0,-2,0,-37,9,22,-9,1,23,-14
QRVO,Qorvo,78.08,21,18,-33,-29,-23,23,26,-37,-3,9,-14
GME,GameStop,29.46,-34,21,0,-28,-41,-2,32,1,-5,26,-15
CCI,Crown Castle,100.28,0,0,-3,-26,-29,12,-12,10,3,13,-16
TSLA,"Tesla, Inc.",284.73,-17,0,0,8,-9,-31,29,-14,8,-8,-17
SMG,Scotts Miracle-Gro Company,65.03,7,14,-12,-37,-28,5,17,-22,11,11,-17
DNB,Dun & Bradstreet,9.02,2,0,-16,0,-14,48,1,-18,-35,-4,-18
SITE,SiteOne Landscape Supply,123.59,17,0,-16,-7,-6,17,-4,-19,-6,-12,-18
OVV,Ovintiv,37.06,27,0,-27,0,0,-3,3,-14,-4,-18,-18
SWKS,Skyworks Solutions,70.78,20,16,-33,-28,-25,20,26,-36,-3,7,-18
POOL,Pool Corporation,308.59,7,0,-13,-4,-10,18,-3,-19,-7,-11,-21
EG,Everest Group,343.83,0,-2,-26,53,25,-7,-9,-27,-3,-46,-21
WAL,Western Alliance Bancorporation,72.11,-13,0,-2,2,-13,-2,-5,-17,16,-8,-21
O,Realty Income,55.83,0,14,0,5,19,-14,-13,-24,11,-40,-21
GAP,Gap Inc.,21.58,-35,27,-2,16,6,-45,-1,1,17,-28,-22
FMC,FMC Corporation,41.92,44,7,-30,-22,-1,18,11,-26,-24,-21,-22
FDX,FedEx,216.67,-7,0,-16,30,7,-5,-5,-18,-2,-30,-23
LSCC,Lattice Semiconductor,46.95,0,-1,-10,-3,-14,17,-6,-7,-13,-9,-23
CNH,CNH Industrial,12.54,-64,19,9,0,-36,12,25,-4,-21,12,-24
IP,International Paper,47.1,-49,-4,0,14,-39,-5,16,-10,14,15,-24
WHR,Whirlpool Corporation,82.09,21,0,-14,-24,-17,19,17,-10,-34,-8,-25
DPZ,Domino's,459.75,-73,0,12,8,-53,-2,-3,17,16,28,-25
WY,Weyerhaeuser,26.72,15,0,-13,0,2,12,-8,-25,-6,-27,-25
EQR,Equity Residential,68.45,-15,17,0,11,13,-21,-9,-19,11,-38,-25
LBRDA,Liberty Broadband (Series A),92.16,-64,29,37,-34,-32,12,-1,-11,6,6,-26
MAT,Mattel,18.53,-35,17,0,0,-18,9,19,-8,-29,-9,-27
EXP,Eagle Materials,200.98,-84,-7,-5,55,-41,12,-4,-19,25,14,-27
PSX,Phillips 66,112.25,-13,17,-26,39,17,-9,19,-51,-3,-44,-27
LBRDK,Liberty Broadband (Series C),93.03,-64,29,37,-34,-32,12,-2,-11,6,5,-27
IEX,IDEX Corporation,180.24,-8,7,-18,0,-19,16,-2,-18,-4,-8,-27
NUE,Nucor,118.71,28,0,-45,0,-17,26,-9,-22,-6,-11,-28
MKC,McCormick & Company,72.92,25,-36,-3,-2,-16,-2,-14,-4,8,-12,-28
IVZ,Invesco,14.24,-13,0,-10,-4,-27,-2,-2,-10,11,-3,-30
GPK,Graphic Packaging,22.11,-49,-62,-9,56,-64,12,-25,-22,69,34,-30
G,Genpact,42.09,-42,-23,43,0,-22,9,-20,-5,8,-8,-30
LII,Lennox International,550.55,-74,0,0,36,-38,-2,-2,-13,25,8,-30
NXST,Nexstar Media Group,164.65,-45,17,0,2,-26,-7,17,-22,8,-4,-30
GPC,Genuine Parts Company,126.18,-2,16,-3,0,11,-7,30,-50,-15,-42,-31
DKNG,DraftKings,33.74,-28,-1,-11,0,-40,3,-4,-8,18,9,-31
AMCR,Amcor,9.03,-3,-5,-10,0,-18,16,-13,-25,9,-13,-31
WTRG,Essential Utilities,37.65,-14,-2,0,0,-16,-18,-13,12,3,-16,-32
W,Wayfair,44.93,56,18,-53,-39,-18,16,24,-17,-38,-15,-33
LUV,Southwest Airlines,32.48,0,17,6,-37,-14,-27,20,-15,2,-20,-34
VKTX,Viking Therapeutics,27.01,-3,0,-30,19,-14,10,-3,-23,-4,-20,-34
VLTO,Veralto,99.67,-28,18,0,0,-10,-26,25,-23,0,-24,-34
DV,DoubleVerify,15.03,21,0,-60,0,-39,26,-6,-8,-8,4,-35
VTRS,Viatris,8.45,-4,0,-15,-5,-24,-3,-6,-19,17,-11,-35
FRT,Federal Realty Investment Trust,94.43,0,0,-13,0,-13,-8,-7,-19,12,-22,-35
AA,Alcoa,27.87,6,0,-11,-18,-23,16,18,-17,-30,-13,-36
LSTR,Landstar,140.0,5,0,-25,0,-20,19,2,-32,-5,-16,-36
DHR,Danaher Corporation,192.11,20,-5,-19,0,-4,12,-13,-30,-2,-33,-37
KDP,Keurig Dr Pepper,32.56,-9,-4,-1,0,-14,-20,-21,8,10,-23,-37
JBHT,J. B. Hunt,139.07,0,0,-21,-3,-24,15,-2,-18,-8,-13,-37
BILL,Bill.com,45.69,16,0,-14,0,2,12,-6,-10,-35,-39,-37
ELAN,Elanco,13.42,0,21,-27,-5,-11,-2,23,-43,-4,-26,-37
LKQ,LKQ Corporation,38.97,-10,-1,0,0,-11,-7,-1,-4,-15,-27,-38
AZTA,Azenta,28.29,20,-1,-43,-29,-53,19,12,-9,-7,15,-38
BRBR,BellRing Brands,61.66,-7,-22,-3,0,-32,-8,-14,-9,25,-6,-38
HOG,Harley-Davidson,24.21,0,3,-33,-7,-37,16,19,-28,-9,-2,-39
ELS,Equity Lifestyle Properties,62.73,-7,-7,-11,0,-25,11,-2,-22,-1,-14,-39
PLTK,Playtika,4.89,26,-6,-16,0,4,16,-14,-17,-29,-44,-40
PARA,Paramount Global (Class B),11.91,-4,19,0,-37,-22,-2,25,2,-43,-18,-40
SEE,Sealed Air,31.83,-4,18,-14,-22,-22,-1,29,-17,-30,-19,-41
UHAL-B,U-Haul (Series N),56.57,1,0,-13,0,-12,-4,-5,-27,7,-29,-41
CERT,"Certara, Inc.",11.7,14,-11,-5,0,-2,12,-13,-8,-30,-39,-41
ST,Sensata Technologies,26.51,21,18,-32,-13,-6,14,22,-39,-33,-36,-42
CAVA,Cava Group,78.34,-5,-7,-4,0,-16,-3,-6,-18,0,-27,-43
PARAA,Paramount Global (Class A),22.47,-28,-3,29,0,-2,-41,-3,-2,4,-42,-44
HHH,Howard Hughes Holdings,67.35,-16,-2,-3,-4,-25,-5,-8,-18,12,-19,-44
BLDR,Builders FirstSource,113.32,11,-86,-18,63,-30,17,-8,-22,-1,-14,-44
CVS,CVS Health,63.08,0,-2,0,-15,-17,-1,-16,15,-26,-28,-45
PPG,PPG Industries,111.3,0,18,-36,-6,-24,12,-1,-27,-6,-22,-46
MHK,Mohawk Industries,100.8,0,-12,-16,-9,-37,12,-9,-24,12,-9,-46
CMCSA,Comcast,34.24,-4,0,-25,-7,-36,-1,18,-22,-6,-11,-47
WFRD,Weatherford International,46.84,20,0,-34,0,-14,12,-4,-38,-3,-33,-47
GFS,GlobalFoundries,37.51,9,0,-72,0,-63,14,23,-7,-15,15,-48
EPAM,EPAM Systems,174.57,0,0,-16,-25,-41,12,23,-7,-35,-7,-48
COO,Cooper Companies (The),71.18,0,-5,-17,-3,-25,9,-9,-22,-1,-23,-48
RARE,Ultragenyx,36.89,23,0,-17,-36,-30,22,-14,-25,-1,-18,-48
IFF,International Flavors & Fragrances,76.49,1,3,-13,-29,-38,12,-7,-25,9,-11,-49
CE,Celanese,54.55,14,3,-33,-8,-24,12,20,-51,-7,-26,-50
WH,Wyndham Hotels & Resorts,81.69,-49,-6,-1,9,-47,-4,-6,-7,13,-4,-51
M,"Macy's, Inc.",11.93,0,0,-21,-13,-34,5,-4,-15,-4,-18,-52
GLOB,Globant,99.43,0,-14,-16,-5,-35,12,-8,-16,-5,-17,-52
VFC,VF Corporation,12.59,-3,0,-10,-41,-54,13,-6,-10,5,2,-52
HRL,Hormel Foods,30.7,41,8,0,-21,28,-9,-27,-17,-28,-81,-53
MAA,Mid-America Apartment Communities,149.86,-21,-4,0,0,-25,-21,-11,-5,9,-28,-53
FND,Floor & Decor,72.49,0,-11,-25,-4,-40,16,-7,-19,-4,-14,-54
PEN,"Penumbra, Inc.",258.42,-107,-7,22,9,-83,2,-10,36,1,29,-54
WBA,Walgreens Boots Alliance,11.27,1,18,0,-75,-56,5,33,-3,-33,2,-54
F,Ford Motor Company,10.09,-13,32,-40,-15,-36,3,-2,-18,-3,-20,-56
AKAM,Akamai Technologies,76.13,0,0,-16,-5,-21,-2,-10,-16,-8,-36,-57
KVUE,Kenvue,21.66,-28,-2,33,0,3,-68,-3,9,1,-61,-58
WMS,Advanced Drainage Systems,114.94,7,2,-30,1,-20,14,-7,-44,-1,-38,-58
TTC,Toro Company (The),73.32,-7,17,-25,-5,-20,-5,23,-38,-18,-38,-58
DINO,HF Sinclair,36.33,6,20,-40,-7,-21,-4,25,-52,-6,-37,-58
COLB,Columbia Banking System,22.98,-35,0,-2,-7,-44,-5,-3,-16,8,-16,-60
RGEN,Repligen,126.77,18,-11,-6,-15,-14,12,-13,-10,-35,-46,-60
IPGP,IPG Photonics,68.47,56,17,-76,-42,-45,20,24,-17,-42,-15,-60
SWK,Stanley Black & Decker,65.48,0,0,-19,-37,-56,12,-3,-25,12,-4,-60
SON,Sonoco,45.07,-29,16,-34,-3,-50,15,19,-32,-12,-10,-60
INSP,Inspire Medical Systems,136.02,-4,-15,-13,-4,-36,15,-7,-18,-15,-25,-61
SN,SharkNinja,87.27,-63,0,0,0,-63,-14,24,-8,0,2,-61
ELV,Elevance Health,384.72,0,-17,-34,0,-51,12,-32,8,-1,-13,-64
MTCH,Match Group,31.49,18,2,-16,-35,-31,16,10,-23,-36,-33,-64
NWL,Newell Brands,5.5,2,0,-17,-29,-44,12,18,-17,-34,-21,-65
AXTA,Axalta,30.32,-84,-5,-6,20,-75,10,-8,-19,24,7,-68
SEB,Seaboard Corporation,2783.99,70,1,-89,-21,-39,-2,4,-4,-27,-29,-68
BWA,BorgWarner,32.15,-18,20,-27,0,-25,-31,27,-25,-14,-43,-68
TREX,"Trex Company, Inc.",56.59,0,0,-44,-11,-55,13,-7,-16,-4,-14,-69
PENN,Penn Entertainment,15.69,20,0,-13,-32,-25,12,-7,-8,-42,-45,-70
FCN,FTI Consulting,162.04,-8,-4,-27,0,-39,12,-3,-37,-3,-31,-70
CRL,Charles River Laboratories,141.22,14,3,-44,-24,-51,19,21,-53,-6,-19,-70
REXR,Rexford Industrial,35.53,6,3,-36,-16,-43,15,18,-31,-30,-28,-71
CHTR,Charter Communications,391.12,-70,29,8,-34,-67,12,-3,-18,4,-5,-72
NSA,National Storage Affiliates,33.46,-15,-11,-5,-2,-33,-13,-12,-26,10,-41,-74
AES,AES Corporation,10.5,3,0,-32,-9,-38,35,-6,-43,-22,-36,-74
ILMN,"Illumina, Inc.",82.33,2,0,-18,-38,-54,12,24,-18,-38,-20,-74
HPQ,HP Inc.,24.7,-49,-1,-15,0,-65,-2,-3,-19,14,-10,-75
KMX,CarMax,65.41,21,-67,-9,-34,-89,26,-8,-13,9,14,-75
LINE,"Lineage, Inc.",43.97,0,-43,0,0,-43,14,-26,-21,0,-33,-76
PB,Prosperity Bancshares,68.47,-77,0,-2,12,-67,-5,-3,-14,12,-10,-77
GMED,Globus Medical,59.55,1,-73,-5,0,-77,19,-19,-10,10,0,-77
TDC,Teradata,22.17,15,2,-69,-15,-67,23,-5,-17,-14,-13,-80
ENTG,Entegris,72.01,7,-15,-34,-4,-46,14,-7,-39,-3,-35,-81
CDW,CDW,175.81,-35,18,-32,2,-47,-1,25,-53,-6,-35,-82
VAC,Marriott Vacations Worldwide,64.97,-33,0,-15,-15,-63,-1,20,-15,-23,-19,-82
WYNN,Wynn Resorts,83.24,-38,20,-1,-1,-20,-37,-1,-18,-6,-62,-82
UAA,Under Armour (Class A),6.58,-12,8,-18,-42,-64,6,28,-18,-35,-19,-83
PFE,Pfizer,23.11,-4,0,-23,-21,-48,-2,24,-31,-26,-35,-83
FIVN,Five9,28.55,21,0,-69,-33,-81,19,23,-7,-38,-3,-84
WBD,Warner Bros. Discovery,9.66,0,0,0,-40,-40,-9,18,-10,-43,-44,-84
RIVN,Rivian,13.77,-45,20,0,0,-25,-40,-1,1,-19,-59,-84
RNG,RingCentral,26.81,14,0,-16,-39,-41,19,-4,-16,-43,-44,-85
WSC,WillScot Mobile Mini,27.45,0,0,-55,-4,-59,19,-3,-32,-10,-26,-85
CHRD,Chord Energy,91.97,6,-2,-40,0,-36,-4,2,-44,-4,-50,-86
EXAS,Exact Sciences,54.37,-28,24,-18,-23,-45,-33,28,-22,-14,-41,-86
AOS,A. O. Smith,63.79,-77,-1,-32,56,-54,12,-4,-38,-3,-33,-87
TGT,Target Corporation,93.5,-12,-2,-21,-9,-44,-3,-9,-29,-4,-45,-89
CGNX,Cognex Corporation,30.25,6,0,-30,-29,-53,16,22,-38,-38,-38,-91
ASH,Ashland Global,49.54,0,-5,-31,-7,-43,12,-9,-43,-8,-48,-91
TSN,Tyson Foods,55.23,-7,-23,-1,-26,-57,-20,-23,-1,9,-35,-92
ANGI,Angi Inc.,16.6,20,3,-30,-49,-56,21,13,-28,-42,-36,-92
KHC,Kraft Heinz,26.63,-7,-31,-32,-2,-72,12,-21,-4,-8,-21,-93
TAP,Molson Coors,51.86,-63,-29,-3,12,-83,-7,-3,-4,3,-11,-94
OXY,Occidental Petroleum,41.81,21,0,-45,0,-24,-3,-5,-49,-14,-71,-95
TECH,Bio-Techne,48.28,35,-82,-17,-22,-86,21,-9,-17,-4,-9,-95
PII,Polaris Inc.,40.81,20,3,-90,-15,-82,16,18,-33,-15,-14,-96
CLVT,Clarivate,4.34,17,8,-67,-4,-46,19,-2,-27,-40,-50,-96
BIIB,Biogen,130.37,42,0,-74,-25,-57,-5,18,-37,-16,-40,-97
ONTO,Onto Innovation,94.33,14,-79,-16,0,-81,16,-19,-11,-2,-16,-97
INTC,Intel,19.99,0,-13,-59,-18,-90,16,-7,-7,-10,-8,-98
MOH,Molina Healthcare,293.24,-64,-10,-3,0,-77,-22,-4,8,-6,-24,-101
RH,RH,175.5,-77,-5,-14,-5,-101,12,-6,-13,7,0,-101
MKTX,MarketAxess,226.15,11,2,-18,-27,-32,5,-11,-22,-42,-70,-102
TPL,Texas Pacific Land Corporation,1096.97,-70,-5,-1,56,-20,-79,-5,-10,11,-83,-103
CHDN,Churchill Downs Incorporated,96.05,13,-118,-21,0,-126,12,5,-22,28,23,-103
MGM,MGM Resorts International,31.32,-3,0,-46,0,-49,12,-6,-53,-7,-54,-103
PVH,PVH Corp.,66.32,-28,-1,-22,-1,-52,-33,-1,-18,-5,-57,-109
AVTR,Avantor,12.95,0,-82,-19,0,-101,20,4,-30,-3,-9,-110
IAC,IAC Inc.,36.29,1,0,-30,-29,-58,12,-4,-25,-36,-53,-111
DVN,Devon Energy,31.42,7,0,-40,-3,-36,-2,-7,-46,-20,-75,-111
PK,Park Hotels & Resorts,10.01,-28,0,-16,-5,-49,-35,-7,-18,-3,-63,-112
AAL,American Airlines Group,11.27,-2,0,-11,-74,-87,-2,23,-11,-37,-27,-114
JAZZ,Jazz Pharmaceuticals,108.82,1,-49,-5,-4,-57,-2,-14,-6,-37,-59,-116
BAX,Baxter International,30.15,-28,0,-13,-36,-77,10,-6,-4,-39,-39,-116
GO,Grocery Outlet,13.8,7,-2,-90,0,-85,27,-15,-18,-26,-32,-117
TRIP,Tripadvisor,14.12,-3,0,-51,-50,-104,12,23,-8,-42,-15,-119
COLM,Columbia Sportswear,61.34,-46,-61,-11,-4,-122,2,-4,-6,11,3,-119
QDEL,QuidelOrtho,29.89,-3,0,-13,-36,-52,-2,-7,-13,-45,-67,-119
CIVI,Civitas Resources,27.48,-4,-6,-45,-4,-59,-4,-7,-45,-7,-63,-122
SIRI,Sirius XM,21.58,0,0,-73,-29,-102,12,22,-39,-15,-20,-122
MTN,Vail Resorts,155.05,-23,8,-23,-21,-59,-31,18,-17,-34,-64,-123
APA,APA Corporation,17.85,28,0,-75,-10,-57,26,4,-79,-17,-66,-123
DXC,DXC Technology,15.5,14,0,-15,-71,-72,11,-8,-22,-32,-51,-123
EL,Estée Lauder Companies (The),67.45,56,8,-110,-24,-70,12,21,-55,-33,-55,-125
IQV,IQVIA,147.35,20,-79,-30,-4,-93,12,-9,-32,-4,-33,-126
RYN,Rayonier,23.42,-10,-43,-10,-3,-66,11,-43,-22,-7,-61,-127
GIS,General Mills,54.52,24,-42,-31,-2,-51,19,-52,-27,-17,-77,-128
KSS,Kohl's,8.57,0,0,-52,-29,-81,16,19,-53,-30,-48,-129
NOV,NOV Inc.,12.28,7,-44,-45,-10,-92,19,-7,-36,-13,-37,-129
ENOV,Enovis,31.6,-4,-11,-55,-15,-85,12,-7,-15,-35,-45,-130
BG,Bunge Global,73.86,-22,-1,-34,0,-57,-33,-3,-37,-3,-76,-133
MRNA,Moderna,26.11,-3,-2,-45,-2,-52,-6,6,-45,-37,-82,-134
NKE,"Nike, Inc.",62.64,18,0,-67,-19,-68,17,19,-68,-34,-66,-134
WEN,Wendy's Company (The),11.68,1,-45,-27,-6,-77,26,-51,-22,-13,-60,-137
COLD,Americold,16.83,0,-46,-31,-9,-86,12,-20,-31,-13,-52,-138
SAIA,Saia,253.5,-18,-75,-16,0,-109,-8,-1,-18,-3,-30,-139
DJT,Trump Media & Technology Group,20.12,-56,-5,-46,0,-107,-4,-7,-14,-7,-32,-139
GPN,Global Payments,76.01,0,-78,-17,-37,-132,17,-4,-14,-8,-9,-141
UA,Under Armour (Class C),6.16,-28,10,-18,-35,-71,-33,20,-22,-35,-70,-141
QS,QuantumScape,3.97,-4,-1,-74,0,-79,14,-5,-38,-34,-63,-142
SLB,Schlumberger,33.09,-4,-44,-60,-3,-111,-5,-8,-11,-8,-32,-143
REGN,Regeneron Pharmaceuticals,482.86,-35,-5,-31,-2,-73,-35,-2,-32,-2,-71,-144
FBIN,Fortune Brands Innovations,51.08,0,-130,-16,-3,-149,15,-7,-22,18,4,-145
CLF,Cleveland-Cliffs,7.11,28,-56,-53,-14,-95,23,-15,-53,-6,-51,-146
NFE,New Fortress Energy,2.97,14,-74,-61,-1,-122,19,-9,-12,-23,-25,-147
APTV,Aptiv,65.48,-14,18,0,-22,-18,-32,24,-87,-34,-129,-147
RVTY,Revvity,90.47,0,-61,-10,-22,-93,12,-53,-15,1,-55,-148
PCG,PG&E Corporation,15.92,-70,-2,-20,2,-90,-73,-4,-19,38,-58,-148
CPB,Campbell Soup Company,34.13,-5,-43,-22,-4,-74,11,-53,-29,-3,-74,-148
PEP,PepsiCo,131.09,2,-43,-32,-1,-74,17,-52,-29,-11,-75,-149
MRK,Merck & Co.,77.65,14,-46,-37,-2,-71,14,-48,-41,-4,-79,-150
CROX,Crocs,100.14,-63,1,-32,0,-94,-7,-4,-42,-3,-56,-150
COP,ConocoPhillips,85.39,-2,-44,-35,0,-81,-4,-8,-51,-6,-69,-150
OGN,Organon & Co.,9.2,1,-51,-19,0,-69,-1,-49,-32,-2,-84,-153
ADM,Archer Daniels Midland,46.89,-34,19,-36,-9,-60,-34,-4,-38,-18,-94,-154
CAG,Conagra Brands,22.26,-10,-36,-22,-5,-73,-7,-50,-4,-21,-82,-155
ACHC,Acadia Healthcare,22.64,0,-70,-38,-9,-117,12,-7,-32,-14,-41,-158
OMC,Omnicom Group,70.21,-35,-122,-17,0,-174,-1,-9,-22,48,16,-158
CNC,Centene,54.84,-70,-11,-34,-9,-124,3,-9,-3,-26,-35,-159
REYN,Reynolds Consumer Products,21.49,-10,-84,-18,0,-112,-3,-14,-30,-1,-48,-160
ALGN,Align Technology,180.26,1,3,-57,-23,-76,12,-9,-52,-36,-85,-161
CPRI,Capri Holdings,16.96,-23,0,-62,-9,-94,-30,19,-26,-30,-67,-161
HUN,Huntsman Corporation,11.29,0,-54,-35,-13,-102,12,-10,-30,-31,-59,-161
LBTYA,Liberty Global (Series A),9.71,7,-44,-30,-29,-96,14,-45,-28,-8,-67,-163
IPG,Interpublic Group of Companies (The),22.64,-35,-7,-33,0,-75,-35,-9,-30,-15,-89,-164
WU,Western Union,9.3,0,-43,-13,-44,-100,-2,-12,-48,-3,-65,-165
UWMC,United Wholesale Mortgage,4.11,-2,-52,-19,0,-73,2,-60,-32,-2,-92,-165
WLK,Westlake Corporation,71.99,0,-75,-30,-2,-107,12,-24,-42,-4,-58,-165
TMO,Thermo Fisher Scientific,398.37,-3,-69,-12,-3,-87,11,-79,-11,-1,-80,-167
SRPT,Sarepta Therapeutics,39.21,0,-100,-19,-5,-124,23,-22,-40,-4,-43,-167
XRAY,Dentsply Sirona,15.89,-2,8,-71,-40,-105,11,22,-58,-38,-63,-168
LCID,Lucid Motors,2.13,-59,-6,-22,0,-87,-40,-3,-7,-33,-83,-170
DOC,Healthpeak Properties,17.08,-2,-44,-7,-29,-82,-28,-47,-22,7,-90,-172
HR,Healthcare Realty Trust,14.19,-35,-43,-4,-37,-119,-28,-15,-19,7,-55,-174
FTRE,Fortrea,5.11,20,-116,-26,0,-122,12,-9,-55,0,-52,-174
HUM,Humana,227.15,-3,-25,-79,-10,-117,-3,-28,-10,-18,-59,-176
LYB,LyondellBasell,55.61,-33,-55,-34,-3,-125,11,-9,-48,-5,-51,-176
BDX,Becton Dickinson,171.02,-28,-71,-18,-3,-120,10,-45,-9,-13,-57,-177
STZ,Constellation Brands,170.6,-74,-1,-35,-1,-111,-4,-5,-51,-6,-66,-177
COTY,Coty,4.89,20,-90,-54,-5,-129,12,2,-56,-7,-49,-178
BRKR,Bruker,37.69,20,-83,-50,-6,-119,12,-11,-54,-7,-60,-179
TXG,10x Genomics,9.11,0,0,-66,0,-66,-2,-7,-65,-40,-114,-180
LEA,Lear Corporation,87.3,-29,0,-58,-15,-102,-8,-3,-54,-13,-78,-180
UPS,United Parcel Service,96.86,0,-53,-96,-14,-163,19,18,-24,-32,-19,-182
DAR,Darling Ingredients,30.42,-89,0,-16,-18,-123,-7,-5,-20,-28,-60,-183
LEG,Leggett & Platt,9.12,14,3,-122,-28,-133,12,-2,-25,-36,-51,-184
BIO,Bio-Rad Laboratories,218.77,-76,-11,-17,-26,-130,11,-11,-22,-35,-57,-187
GNTX,Gentex,21.32,-77,-7,-32,-6,-122,-7,-7,-49,-6,-69,-191
LBTYK,Liberty Global (Series C),10.0,5,-44,-30,-28,-97,11,-45,-27,-34,-95,-192
BBWI,"Bath & Body Works, Inc.",26.59,-74,-5,-15,-13,-107,-74,-6,-6,-4,-90,-197
FLO,Flowers Foods,16.46,-12,-43,-27,-6,-88,-7,-35,-47,-21,-110,-198
CC,Chemours,10.66,6,-92,-55,-11,-152,12,-14,-17,-28,-47,-199
VSTS,Vestis,6.18,1,-87,-11,0,-97,-2,-87,-17,0,-106,-203
BMRN,BioMarin Pharmaceutical,55.26,-35,-43,-40,-18,-136,-35,-14,-5,-20,-74,-210
MPW,Medical Properties Trust,4.43,-119,-18,-1,-34,-172,-2,-16,12,-33,-39,-211
PRGO,Perrigo,25.97,-28,0,-1,-111,-140,-34,20,-5,-53,-72,-212
RHI,Robert Half,43.57,-29,-92,-19,-7,-147,-33,14,-17,-30,-66,-213
ZBH,Zimmer Biomet,91.92,-33,-41,-55,-15,-144,12,-11,-54,-16,-69,-213
SPB,Spectrum Brands,56.0,-75,-118,-18,-2,-213,2,-8,-17,22,-1,-214
CLX,Clorox,127.29,-10,-106,-7,-3,-126,-20,-64,-17,11,-90,-216
HAL,Halliburton,19.96,6,-95,-53,-3,-145,-4,-10,-52,-7,-73,-218
ARE,Alexandria Real Estate Equities,69.56,-2,-51,-27,-28,-108,13,-53,-38,-33,-111,-219
SAM,Boston Beer Company,221.08,-75,-7,-25,-35,-142,2,-17,-21,-42,-78,-220
CZR,Caesars Entertainment,25.62,-74,-1,-16,-23,-114,-42,-5,-25,-35,-107,-221
TFX,Teleflex,122.44,0,-87,-32,-37,-156,12,-42,-28,-8,-66,-222
DOW,Dow Inc.,28.18,0,-153,-33,0,-186,12,-9,-48,-6,-51,-237
ENPH,Enphase Energy,41.28,0,-102,-36,-18,-156,26,-43,-43,-22,-82,-238
BF-B,Brown–Forman (Class B),27.25,-73,-5,-93,-16,-187,-7,-4,-25,-26,-62,-249
BF-A,Brown–Forman (Class A),27.43,-73,-5,-92,-16,-186,-7,-5,-32,-22,-66,-252
CRI,Carter's,31.35,-77,-87,-52,-15,-231,12,-11,-29,-7,-35,-266
OLN,Olin Corporation,20.01,9,-152,-50,-7,-200,12,-9,-52,-21,-70,-270
ALB,Albemarle Corporation,58.64,14,-115,-118,-21,-240,12,-7,-17,-23,-35,-275
WOLF,Wolfspeed,1.49,0,-12,-124,-28,-164,12,-11,-90,-35,-124,-288
MAN,ManpowerGroup,40.16,-52,-44,-36,-26,-158,-71,9,-36,-34,-132,-290
APLS,Apellis Pharmaceuticals,19.1,28,-82,-60,-14,-128,-2,-106,-58,-16,-182,-310
