Symbol,Name,Close,1H Cloud Score,1D Cloud Score,1W Cloud Score,1M Cloud Score,Cloud Score Sum,1H TKx Score,1D TKx Score,1W TKx Score,1M TKx Score,TKx Score Sum,Total Score Sum
TJX,TJX Companies,143.11,0,45,156,200,401,-15,7,125,195,312,713
ORI,Old Republic International,43.36,77,39,155,60,331,82,37,125,57,301,632
AAPL,Apple Inc.,256.65,107,69,6,253,435,28,37,10,73,148,583
COOP,Mr. Cooper Group,210.79,-7,100,126,60,279,11,99,124,58,292,571
ORLY,O'Reilly Auto Parts,103.29,-7,56,171,201,421,-22,1,62,91,132,553
GLW,Corning Inc.,85.37,217,101,27,19,364,42,108,16,16,182,546
WRB,W. R. Berkley Corporation,76.99,82,28,102,178,390,12,41,32,57,142,532
IBM,IBM,289.51,162,13,117,56,348,19,21,64,58,162,510
ETR,Entergy,97.46,70,12,84,139,305,78,11,97,16,202,507
L,Loews Corporation,102.37,73,102,120,57,352,71,37,18,26,152,504
CASY,Casey's,558.59,40,21,121,89,271,5,17,125,80,227,498
WELL,Welltower,174.13,0,99,124,60,283,-16,60,141,26,211,494
RTX,RTX Corporation,168.85,112,101,85,56,354,7,10,92,16,125,479
LMT,Lockheed Martin,514.21,159,28,1,167,355,80,30,3,-4,109,464
ROL,"Rollins, Inc.",58.33,49,7,39,288,383,12,1,31,37,81,464
ITT,ITT Inc.,180.87,25,108,24,101,258,41,115,18,28,202,460
GD,General Dynamics,346.61,49,124,16,56,245,57,79,18,59,213,458
EVRG,Evergy,77.51,74,83,66,16,239,80,11,85,12,188,427
GS,Goldman Sachs,796.73,0,102,100,60,262,9,113,18,23,163,425
DTE,DTE Energy,141.74,77,10,82,191,360,5,7,35,15,62,422
FIX,Comfort Systems USA,825.43,35,105,25,66,231,-10,117,18,57,182,413
PWR,Quanta Services,427.85,88,9,25,101,223,84,13,18,74,189,412
JPM,JPMorgan Chase,309.18,-25,104,131,160,370,-33,29,18,28,42,412
SO,Southern Company,95.47,13,2,84,192,291,5,3,31,81,120,411
SCCO,Southern Copper,130.0,174,24,6,65,269,82,37,18,2,139,408
GOOGL,Alphabet (Class A),250.43,5,91,16,178,290,16,65,13,23,117,407
GOOG,Alphabet (Class C),251.51,5,91,15,178,289,16,65,12,23,116,405
MPWR,Monolithic Power Systems,967.34,25,102,10,159,296,41,46,17,2,106,402
BWXT,BWX Technologies,191.39,133,100,21,37,291,47,12,18,33,110,401
RL,Ralph Lauren Corporation,321.08,35,104,102,36,277,42,33,18,28,121,398
AJG,Arthur J. Gallagher & Co.,309.16,84,7,0,188,279,12,6,-9,109,118,397
IBKR,Interactive Brokers,69.58,91,13,97,59,260,47,12,16,59,134,394
ATO,Atmos Energy,173.31,67,42,81,47,237,12,4,92,47,155,392
ULTA,Ulta Beauty,566.91,63,112,20,6,201,62,115,20,-11,186,387
PLTR,Palantir Technologies,179.6,-3,115,124,0,236,-12,13,127,22,150,386
CDNS,Cadence Design Systems,353.36,0,1,25,143,169,5,10,18,182,215,384
AMAT,Applied Materials,223.91,149,13,3,151,316,46,13,16,-7,68,384
LHX,L3Harris,303.08,76,124,20,7,227,2,117,20,16,155,382
GRMN,Garmin,257.72,49,75,120,21,265,43,36,14,23,116,381
NRG,NRG Energy,163.96,-2,17,111,96,222,-2,16,121,23,158,380
WMB,Williams Companies,63.58,98,13,120,54,285,-1,18,18,59,94,379
AFG,American Financial Group,147.7,102,43,8,58,211,94,43,11,16,164,375
CINF,Cincinnati Financial,165.15,49,45,93,64,251,52,36,18,17,123,374
MS,Morgan Stanley,158.1,-35,102,84,66,217,7,113,18,18,156,373
TRV,Travelers Companies (The),282.83,20,38,99,60,217,16,49,32,58,155,372
APH,Amphenol,123.43,7,115,27,67,216,-10,117,18,29,154,370
BSX,Boston Scientific,96.69,1,-17,152,146,282,18,-11,18,59,84,366
DTM,DT Midstream,114.48,80,20,111,0,211,91,19,18,27,155,366
EME,Emcor,670.11,35,102,25,60,222,44,21,16,59,140,362
YUM,Yum! Brands,148.76,-7,18,36,261,308,-25,18,2,59,54,362
MSI,Motorola Solutions,457.25,0,2,9,155,166,6,-8,9,187,194,360
SRE,Sempra,92.44,70,57,8,183,318,8,12,16,1,37,355
LLY,Lilly (Eli),845.63,31,7,2,174,214,33,24,-15,98,140,354
CORT,Corcept Therapeutics,89.88,98,14,72,21,205,95,12,2,40,149,354
HWM,Howmet Aerospace,190.4,-14,19,156,31,192,-18,19,100,59,160,352
DRS,Leonardo DRS,45.28,76,1,147,60,284,7,12,18,31,68,352
THG,Hanover Insurance,184.62,49,41,69,26,185,56,33,61,16,166,351
CAT,Caterpillar Inc.,495.31,30,101,16,66,213,37,26,16,59,138,351
NI,NiSource,44.17,77,9,82,47,215,12,9,97,16,134,349
AZO,AutoZone,4173.71,0,55,102,88,245,-20,1,62,59,102,347
BK,BNY Mellon,106.43,-25,104,102,42,223,-26,108,18,21,121,344
AIZ,Assurant,221.74,74,43,9,154,280,28,5,10,21,64,344
UNP,Union Pacific Corporation,237.38,92,10,1,200,303,8,10,2,21,41,344
DUK,Duke Energy,124.38,14,2,84,185,285,7,4,30,18,59,344
AU,AngloGold Ashanti,74.69,49,46,84,20,199,42,55,32,16,145,344
J,Jacobs Solutions,155.09,31,100,14,108,253,43,11,15,21,90,343
MNST,Monster Beverage,67.1,44,41,33,182,300,-5,15,26,6,42,342
WMT,Walmart,102.67,2,26,135,103,266,10,17,18,31,76,342
ANET,Arista Networks,149.51,14,87,15,60,176,9,83,14,58,164,340
AM,Antero Midstream,19.08,-13,24,156,25,192,-12,17,86,57,148,340
V,Visa Inc.,349.27,31,2,145,135,313,-2,2,-1,28,27,340
TIGO,Millicom,48.43,0,182,85,4,271,7,12,32,18,69,340
CW,Curtiss-Wright,554.54,52,110,27,56,245,7,18,18,51,94,339
AWI,Armstrong World Industries,199.97,30,109,102,23,264,42,-8,18,21,73,337
LOPE,Grand Canyon Education,216.11,0,42,155,37,234,-16,41,42,36,103,337
LDOS,Leidos,198.01,33,114,10,25,182,42,71,21,21,155,337
SCI,Service Corporation International,83.62,79,18,5,177,279,13,12,16,15,56,335
MA,Mastercard,578.82,12,0,134,157,303,-2,-15,18,28,29,332
HOOD,Robinhood Markets,144.25,42,104,89,0,235,38,21,18,20,97,332
INSM,Insmed,158.31,32,82,72,18,204,35,52,18,22,127,331
TPR,"Tapestry, Inc.",115.49,27,102,88,23,240,35,19,16,21,91,331
TDY,Teledyne Technologies,593.35,88,101,60,16,265,15,16,18,17,66,331
PNR,Pentair,112.09,24,102,17,64,207,42,39,16,26,123,330
CMI,Cummins,438.93,30,74,12,67,183,37,65,13,32,147,330
CRS,Carpenter Technology Corporation,252.14,13,0,154,37,204,6,-10,79,51,126,330
UNM,Unum,78.64,170,13,6,42,231,22,22,-2,56,98,329
HEI,HEICO (Common),322.0,13,2,33,191,239,12,-6,24,59,89,328
ALLE,Allegion,177.37,18,114,17,23,172,41,70,18,24,153,325
AAON,AAON,103.86,31,13,0,247,291,37,31,-33,-1,34,325
URI,United Rentals,986.55,30,102,15,66,213,42,-5,16,59,112,325
WPC,W. P. Carey,68.16,28,99,37,4,168,24,91,34,7,156,324
ORCL,Oracle Corporation,291.6,0,19,19,200,238,23,16,18,29,86,324
R,Ryder,194.13,38,87,18,58,201,46,3,15,58,122,323
NEM,Newmont,88.52,19,126,27,7,179,16,88,27,12,143,322
TER,Teradyne,147.81,91,73,3,4,171,44,103,11,-7,151,322
NOC,Northrop Grumman,618.71,63,69,18,60,210,70,3,25,14,112,322
AVGO,Broadcom,335.48,0,105,27,118,250,-1,22,18,32,71,321
WDC,Western Digital,125.26,42,102,20,20,184,-1,113,18,5,135,319
DCI,Donaldson Company,83.0,31,54,10,67,162,42,61,18,32,153,315
SNX,TD Synnex,157.84,0,102,23,65,190,-22,108,16,23,125,315
NSC,Norfolk Southern,299.65,108,16,19,6,149,121,10,18,16,165,314
DASH,DoorDash,281.8,42,101,105,0,248,12,16,18,20,66,314
MLI,Mueller Industries,99.66,-4,74,15,60,145,12,67,16,73,168,313
KLAC,KLA Corporation,1139.47,31,21,22,179,253,-1,15,18,28,60,313
XEL,Xcel Energy,81.0,67,58,59,14,198,6,27,67,11,111,309
OGE,OGE Energy,46.15,74,7,76,47,204,5,8,76,16,105,309
HEI-A,HEICO (Class A),255.1,8,11,34,184,237,11,2,25,32,70,307
TLN,Talen Energy,430.88,34,114,47,0,195,40,49,19,4,112,307
HCA,HCA Healthcare,433.62,77,41,11,99,228,14,9,24,31,78,306
SGI,Somnigroup International,84.5,15,102,49,66,232,36,-8,18,28,74,306
NEU,NewMarket,860.04,35,124,27,31,217,28,2,30,29,89,306
LRCX,Lam Research,149.12,42,24,17,154,237,42,16,18,-7,69,306
MTZ,MasTec,216.8,133,19,27,20,199,47,24,18,15,104,303
COR,Cencora,305.3,0,25,52,77,154,-18,34,63,70,149,303
HIG,Hartford (The),132.53,0,44,101,59,204,11,1,28,58,98,302
CHD,Church & Dwight,88.88,5,-50,-24,346,277,32,-13,-22,27,24,301
PPL,PPL Corporation,37.16,7,60,84,25,176,6,6,96,16,124,300
ACM,AECOM,129.58,-11,108,24,67,188,-18,37,18,74,111,299
ALL,Allstate,208.87,-3,13,105,161,276,-22,6,19,19,22,298
PH,Parker Hannifin,763.7,30,103,25,67,225,21,1,18,32,72,297
FFIV,"F5, Inc.",329.13,7,101,102,16,226,19,15,18,19,71,297
RJF,Raymond James Financial,167.66,-28,101,100,60,233,2,24,15,21,62,295
FWONA,Liberty Formula 1 (Series A),99.18,21,15,77,64,177,14,29,17,58,118,295
VMC,Vulcan Materials,304.58,49,54,14,62,179,4,62,18,29,113,292
IDA,Idacorp,133.56,74,71,64,20,229,6,10,34,12,62,291
ETN,Eaton Corporation,380.11,30,12,16,116,174,7,19,16,74,116,290
CIEN,Ciena,153.27,50,102,17,14,183,47,24,16,18,105,288
UI,Ubiquiti,664.75,94,31,59,12,196,-5,66,17,12,90,286
AMG,Affiliated Managers Group,244.94,6,108,19,24,157,12,79,18,19,128,285
FWONK,Liberty Formula 1 (Series C),108.34,14,15,78,59,166,14,29,18,58,119,285
IONS,Ionis Pharmaceuticals,69.04,63,105,9,2,179,70,30,18,-12,106,285
MSFT,Microsoft,528.52,19,1,24,175,219,10,10,18,27,65,284
WSO,Watsco,410.0,55,-46,-11,198,196,47,3,-36,73,87,283
WM,"Waste Management, Inc.",217.65,-3,-31,0,189,155,5,-37,-2,161,127,282
RBA,RB Global,107.49,-3,-8,112,29,130,18,-3,115,21,151,281
XYL,Xylem Inc.,149.91,43,102,16,24,185,43,11,18,24,96,281
BPOP,"Popular, Inc.",127.04,1,109,24,61,195,8,37,17,21,83,278
CACI,CACI,529.0,29,7,10,156,202,42,14,22,-3,75,277
RBC,RBC Bearings,374.45,-21,-4,101,166,242,-21,-25,22,59,35,277
AON,AON,365.71,27,0,0,179,206,26,-19,5,58,70,276
AFL,Aflac,113.07,61,38,9,60,168,11,37,2,57,107,275
EHC,Encompass Health,123.6,-27,36,151,31,191,-20,39,32,31,82,273
WTW,Willis Towers Watson,349.46,84,47,16,26,173,43,18,8,31,100,273
MMC,Marsh McLennan,201.44,38,-83,-11,177,121,12,-21,-19,180,152,273
IVZ,Invesco,24.13,49,78,15,4,146,22,74,15,15,126,272
AXON,Axon Enterprise,721.4,0,-18,153,96,231,-2,-9,18,32,39,270
TT,Trane Technologies,424.69,49,-28,24,166,211,5,5,18,31,59,270
BWA,BorgWarner,44.42,29,104,16,4,153,47,68,18,-18,115,268
ABBV,AbbVie,230.19,0,54,24,60,138,-7,61,10,66,130,268
VMI,Valmont Industries,400.13,49,7,70,60,186,47,7,15,12,81,267
DDS,Dillard's,614.64,0,84,22,56,162,-5,38,15,57,105,267
CTAS,Cintas,198.98,-2,-36,0,169,131,-21,-31,-1,189,136,267
AEP,American Electric Power,115.64,63,5,81,25,174,40,3,31,16,90,264
NVDA,Nvidia,185.53,43,13,22,136,214,-7,11,18,28,50,264
BRK-B,Berkshire Hathaway,500.12,14,28,132,64,238,8,2,-13,28,25,263
UTHR,United Therapeutics,453.47,28,38,5,59,130,28,38,5,61,132,262
C,Citigroup,98.01,-35,102,27,20,114,2,112,18,16,148,262
HPE,Hewlett Packard Enterprise,24.8,7,98,9,44,158,-2,35,15,56,104,262
JHG,Janus Henderson,45.62,17,87,14,21,139,16,71,15,20,122,261
CBOE,Cboe Global Markets,236.98,-9,-1,152,57,199,-26,5,30,53,62,261
MRVL,Marvell Technology,88.77,105,9,1,108,223,19,11,8,-1,37,260
WEC,WEC Energy Group,114.54,14,58,63,15,150,6,15,76,13,110,260
MSA,MSA Safety,175.19,33,3,2,166,204,40,4,18,-7,55,259
MEDP,Medpace,530.17,36,76,12,34,158,-2,86,12,4,100,258
WAB,Wabtec,201.29,75,1,3,51,130,46,5,18,58,127,257
ELAN,Elanco,20.67,49,105,10,0,164,47,37,17,-8,93,257
UHS,Universal Health Services,206.86,77,34,3,24,138,77,38,2,1,118,256
TTWO,Take-Two Interactive,256.98,44,25,53,15,137,12,32,53,22,119,256
MDT,Medtronic,98.45,24,69,19,3,115,31,83,11,15,140,255
PANW,Palo Alto Networks,212.58,23,22,7,83,135,19,23,18,59,119,254
EQT,EQT Corporation,57.19,70,4,49,44,167,70,6,-1,12,87,254
GE,GE Aerospace,298.29,0,113,27,29,169,-9,24,38,31,84,253
HII,Huntington Ingalls Industries,288.5,49,141,16,8,214,5,21,24,-11,39,253
AYI,Acuity Brands,351.09,-1,78,12,29,118,-9,107,14,22,134,252
PHM,PulteGroup,135.49,20,75,9,67,171,41,-5,14,31,81,252
LITE,Lumentum,160.55,0,100,22,5,127,-12,108,16,12,124,251
ADI,Analog Devices,242.43,-34,33,19,181,199,13,-7,18,28,52,251
TOL,Toll Brothers,140.76,17,86,8,63,174,42,-6,12,28,76,250
CNP,Centerpoint Energy,39.4,0,56,57,47,160,8,14,51,17,90,250
RGLD,Royal Gold,203.47,56,32,69,20,177,10,40,4,18,72,249
EXE,Expand Energy,107.74,103,4,49,0,156,66,20,-7,12,91,247
AEE,Ameren,104.9,67,10,64,15,156,6,4,69,12,91,247
FYBR,Frontier Communications,37.35,0,40,97,0,137,-12,3,102,16,109,246
F,Ford Motor Company,12.72,49,116,10,1,176,22,36,18,-7,69,245
NVT,Nvent Electric,98.01,0,102,16,14,132,-12,115,16,-7,112,244
FHN,First Horizon Corporation,23.06,7,102,60,6,175,9,31,16,12,68,243
PTC,PTC Inc.,205.0,4,0,14,184,202,15,-18,15,28,40,242
FE,FirstEnergy,46.35,67,55,14,57,193,6,9,18,16,49,242
ES,Eversource Energy,72.69,84,12,23,2,121,82,16,18,4,120,241
JNJ,Johnson & Johnson,188.16,54,68,16,9,147,69,3,13,8,93,240
STE,Steris,240.64,-28,0,21,197,190,2,-8,29,27,50,240
PSTG,Pure Storage,90.33,23,32,7,44,106,36,24,14,59,133,239
HUBB,Hubbell Incorporated,412.86,-21,-2,9,184,170,-12,-8,14,73,67,237
OLLI,Ollie's Bargain Outlet,127.02,-7,-1,122,18,132,13,-3,70,25,105,237
CRH,CRH plc,118.14,0,56,15,66,137,-7,65,12,29,99,236
NDAQ,"Nasdaq, Inc.",88.19,0,-10,84,146,220,8,-26,18,16,16,236
CAH,Cardinal Health,155.26,49,7,63,40,159,-5,21,-1,59,74,233
PGR,Progressive Corporation,240.51,-4,-82,-1,179,92,-17,-22,-11,191,141,233
KRC,Kilroy Realty,42.44,-1,92,14,0,105,5,95,14,13,127,232
FICO,Fair Isaac,1851.71,21,3,0,168,192,17,26,-36,33,40,232
KRMN,Karman Holdings,74.23,154,39,0,0,193,-2,30,10,0,38,231
KMI,Kinder Morgan,27.94,0,9,100,46,155,-12,18,16,54,76,231
SPOT,Spotify,680.57,-26,-2,120,14,106,-14,13,103,22,124,230
SYY,Sysco,80.82,-6,89,15,5,103,-6,102,15,16,127,230
FTAI,FTAI Aviation,171.54,0,48,11,49,108,27,48,14,33,122,230
MDU,MDU Resources,17.91,84,10,3,60,157,9,12,18,32,71,228
OZK,Bank OZK,51.66,1,102,25,58,186,10,-5,16,21,42,228
EXPD,Expeditors International,123.66,16,47,9,133,205,19,-5,14,-5,23,228
MCD,McDonald's,296.06,-28,-1,0,244,215,-40,-13,6,59,12,227
DHI,D. R. Horton,171.52,20,75,9,67,171,56,-8,12,-4,56,227
LIN,Linde plc,468.71,-30,0,21,112,103,2,-4,18,108,124,227
PRI,Primerica,277.32,0,24,2,110,136,12,31,16,32,91,227
CXT,Crane NXT,67.51,70,10,3,57,140,12,2,14,58,86,226
D,Dominion Energy,61.48,49,100,22,3,174,12,10,18,12,52,226
FNB,FNB Corporation,16.48,12,102,9,57,180,16,-9,17,21,45,225
LYV,Live Nation Entertainment,155.91,-28,0,102,149,223,-26,-7,17,18,2,225
MLM,Martin Marietta Materials,636.15,37,57,14,62,170,14,-7,18,29,54,224
DGX,Quest Diagnostics,178.4,-23,41,76,20,114,-21,39,76,16,110,224
DKS,Dick's Sporting Goods,229.93,28,68,5,65,166,-2,16,8,35,57,223
AMGN,Amgen,294.09,31,4,2,167,204,-2,-24,6,38,18,222
MO,Altria,65.36,0,55,78,47,180,-12,2,34,18,42,222
AN,AutoNation,219.49,30,39,24,63,156,-2,-8,17,59,66,222
TKO,TKO Group Holdings,198.15,-16,40,79,42,145,-26,33,18,52,77,222
APP,AppLovin,586.77,-7,47,113,0,153,-20,55,14,20,69,222
FSLR,First Solar,229.57,30,67,3,64,164,24,22,18,-8,56,220
MET,Metlife,82.35,76,33,3,60,172,7,5,16,20,48,220
BR,Broadridge Financial Solutions,235.21,-28,-16,122,147,225,-26,-24,18,27,-5,220
NET,Cloudflare,221.07,7,102,47,0,156,1,24,18,21,64,220
BLK,BlackRock,1179.3,7,101,25,24,157,9,12,18,23,62,219
MCO,Moody's Corporation,483.45,11,-13,2,158,158,43,-25,16,27,61,219
AIG,American International Group,83.02,49,2,36,55,142,58,2,-8,23,75,217
JCI,Johnson Controls,109.58,35,7,83,21,146,7,24,18,20,69,215
RNR,RenaissanceRe,266.65,74,13,2,37,126,35,8,16,30,89,215
ITW,Illinois Tool Works,258.76,-8,0,9,180,181,-2,-9,14,31,34,215
LNT,Alliant Energy,68.12,68,10,76,16,170,7,4,18,15,44,214
COST,Costco,910.93,-89,-13,0,182,80,-19,-24,-10,186,133,213
BKNG,Booking Holdings,5429.8,1,-6,143,37,175,12,-19,17,28,38,213
HLI,Houlihan Lokey,196.98,-38,104,25,46,137,-7,37,18,28,76,213
PFG,Principal Financial Group,84.18,31,31,5,57,124,28,26,15,20,89,213
PFGC,Performance Food Group,101.53,-74,105,61,45,137,2,-3,18,59,76,213
CME,CME Group,262.04,-12,-36,62,138,152,-25,6,58,21,60,212
SOFI,SoFi,26.36,-4,94,54,0,144,1,38,16,13,68,212
ROIV,Roivant Sciences,16.27,39,39,9,0,87,49,55,18,2,124,211
CHRW,C.H. Robinson,134.36,16,70,11,4,101,22,63,14,10,109,210
NEE,NextEra Energy,82.12,77,9,3,2,91,81,5,18,15,119,210
NFG,National Fuel Gas,88.18,-14,19,68,54,127,-21,12,79,12,82,209
CB,Chubb Limited,286.39,63,7,3,60,133,26,4,-12,58,76,209
EXC,Exelon,45.69,74,5,63,16,158,33,4,2,12,51,209
NTRS,Northern Trust,132.21,-1,102,24,13,138,-7,44,18,15,70,208
FTNT,Fortinet,86.39,29,0,0,115,144,42,17,-10,15,64,208
ADT,ADT Inc.,8.72,1,122,39,0,162,10,-7,33,10,46,208
CFG,Citizens Financial Group,54.02,12,90,16,6,124,14,37,15,16,82,206
FLEX,Flex Ltd.,57.25,0,31,26,60,117,-12,24,18,59,89,206
INTC,Intel,36.56,112,38,3,0,153,21,37,8,-14,52,205
DD,DuPont,80.83,30,73,2,21,126,38,31,15,-5,79,205
ESI,Element Solutions,27.16,21,74,2,59,156,34,2,15,-3,48,204
RGA,Reinsurance Group of America,197.51,41,20,1,42,104,41,2,2,55,100,204
INTU,Intuit,669.92,-21,-33,25,193,164,-7,7,18,22,40,204
AMD,Advanced Micro Devices,203.64,30,1,6,112,149,42,3,18,-9,54,203
DOCS,Doximity,72.73,-1,72,62,0,133,11,37,8,14,70,203
SPG,Simon Property Group,179.16,-5,71,9,37,112,-19,70,16,23,90,202
USFD,US Foods,75.52,-9,-26,151,37,153,10,-7,18,28,49,202
FAST,Fastenal,47.78,-5,0,57,108,160,12,-17,21,25,41,201
EXPE,Expedia Group,223.88,10,75,57,13,155,14,1,14,16,45,200
EBAY,eBay,91.78,1,0,85,16,102,12,-22,90,18,98,200
GGG,Graco Inc.,84.79,15,-12,2,180,185,12,-14,18,-2,14,199
STT,State Street Corporation,116.57,5,104,24,18,151,9,6,16,16,47,198
AME,Ametek,182.98,-16,0,12,108,104,-21,-6,18,103,94,198
MCK,McKesson Corporation,740.82,0,13,50,60,123,-19,30,-5,69,75,198
TXT,Textron,87.33,42,18,2,55,117,43,26,18,-7,80,197
H,Hyatt Hotels,147.57,42,7,5,57,111,21,-8,14,57,84,195
THC,Tenet Healthcare,199.79,0,39,21,59,119,-1,36,15,26,76,195
DRI,Darden Restaurants,193.3,14,-13,52,63,116,58,-8,-4,32,78,194
SHW,Sherwin-Williams,336.85,-7,-12,-1,192,172,-2,-15,18,21,22,194
SYK,Stryker Corporation,366.27,0,-17,1,161,145,15,-14,16,31,48,193
AGNC,AGNC Investment,9.88,17,87,19,18,141,23,-6,16,19,52,193
CRWD,CrowdStrike,495.83,31,13,53,0,97,42,14,18,22,96,193
CMS,CMS Energy,73.23,50,1,84,25,160,6,4,6,16,32,192
TNL,Travel + Leisure Co.,61.98,19,92,17,18,146,21,-6,15,16,46,192
EVR,Evercore,326.68,-59,101,15,60,117,-7,37,16,28,74,191
VTR,"Ventas, Inc.",69.26,0,58,80,24,162,-7,5,12,17,27,189
MU,Micron Technology,190.96,35,28,6,24,93,38,37,18,2,95,188
ROST,Ross Stores,152.29,63,45,7,37,152,-7,4,6,31,34,186
VEEV,Veeva Systems,299.72,54,7,53,10,124,17,7,18,20,62,186
ZS,Zscaler,305.16,49,7,24,7,87,47,15,17,20,99,186
MSM,MSC Industrial Direct,92.05,34,31,15,60,140,43,-5,18,-11,45,185
WCC,Wesco International,219.6,17,2,15,60,94,28,-13,16,59,90,184
ADP,Automatic Data Processing,290.49,4,-25,0,182,161,4,-38,-2,59,23,184
GM,General Motors,58.19,-8,84,15,13,104,-26,76,15,15,80,184
RRC,Range Resources,38.79,70,4,3,44,121,-9,20,-6,57,62,183
RKLB,Rocket Lab,58.47,21,22,57,0,100,31,24,18,10,83,183
EMR,Emerson Electric,134.77,21,0,24,66,111,34,-9,18,28,71,182
ATI,ATI Inc.,83.7,13,1,24,45,83,6,21,18,54,99,182
FTI,TechnipFMC,38.02,-21,102,25,29,135,-35,24,18,39,46,181
XOM,ExxonMobil,114.21,0,21,5,46,72,9,30,17,52,108,180
GWRE,Guidewire Software,232.88,0,1,118,23,142,5,-7,18,22,38,180
WWD,"Woodward, Inc.",258.32,55,5,27,37,124,47,-38,18,28,55,179
FERG,Ferguson Enterprises,234.53,17,3,19,67,106,21,7,18,27,73,179
BKR,Baker Hughes,49.07,0,56,12,37,105,9,25,12,28,74,179
LH,Labcorp,275.0,-11,52,63,17,121,-19,39,16,20,56,177
AXS,AXIS Capital,94.97,-4,-6,94,47,131,6,-15,-1,55,45,176
MSGS,Madison Square Garden Sports,231.82,63,20,5,23,111,-2,27,11,29,65,176
AL,Air Lease Corporation,63.71,0,32,25,24,81,13,35,18,28,94,175
NWS,News Corp (Class B),31.81,-28,-4,120,60,148,-21,7,18,23,27,175
NFLX,Netflix,1162.99,-35,-9,124,22,102,-32,-13,95,22,72,174
HIW,Highwoods Properties,32.1,29,28,8,8,73,37,31,18,15,101,174
STLD,Steel Dynamics,141.63,45,16,8,57,126,-1,30,18,1,48,174
BEPC,Brookfield Renewable Partners,38.07,47,11,18,0,76,47,20,18,12,97,173
STAG,STAG Industrial,36.39,28,5,2,98,133,40,-12,18,-6,40,173
CWEN-A,Clearway Energy (Class A),30.46,28,1,66,8,103,24,4,30,12,70,173
M,"Macy's, Inc.",18.31,49,68,6,0,123,19,31,7,-8,49,172
POST,Post Holdings,106.75,64,-3,-5,89,145,-1,-16,-15,59,27,172
VRT,Vertiv,162.74,35,13,17,10,75,42,12,15,28,97,172
SNA,Snap-on,340.58,-1,23,6,61,89,-4,17,11,59,83,172
TDG,TransDigm Group,1291.84,-21,-38,4,159,104,-18,9,17,59,67,171
BYD,Boyd Gaming,85.49,0,12,56,61,129,-12,6,18,29,41,170
CWEN,Clearway Energy (Class C),32.34,28,1,65,6,100,24,4,29,12,69,169
HR,Healthcare Realty Trust,17.73,-2,70,10,2,80,-8,76,10,11,89,169
AMKR,Amkor Technology,30.58,26,87,2,4,119,22,23,12,-7,50,169
CVNA,Carvana,369.85,-7,14,100,13,120,-10,22,18,18,48,168
IRM,Iron Mountain,106.38,27,16,4,59,106,29,15,18,-1,61,167
FIVE,Five Below,153.6,0,104,8,0,112,18,35,19,-17,55,167
CMA,Comerica,80.19,17,76,15,6,114,22,2,15,14,53,167
CELH,Celsius Holdings,59.07,42,7,0,67,116,49,-14,26,-11,50,166
SSD,Simpson Manufacturing Company,169.65,0,-8,2,158,152,15,-13,14,-3,13,165
INFA,Informatica,24.9,33,93,0,0,126,30,2,16,-9,39,165
NLY,Annaly Capital Management,20.44,0,84,26,12,122,16,-9,16,18,41,163
RSG,Republic Services,223.22,-23,-48,0,179,108,-25,-73,-9,162,55,163
IR,Ingersoll Rand,83.42,50,7,0,25,82,47,21,15,-2,81,163
NVR,"NVR, Inc.",8076.82,15,7,0,67,89,41,-9,11,31,74,163
EG,Everest Group,361.82,63,9,1,57,130,32,6,2,-7,33,163
FDX,FedEx,247.05,76,12,0,34,122,22,12,10,-6,38,160
CLF,Cleveland-Cliffs,12.64,63,67,0,-18,112,19,27,11,-10,47,159
ALNY,Alnylam Pharmaceuticals,451.95,-1,101,25,17,142,-9,-10,18,17,16,158
CSX,CSX Corporation,36.26,112,6,4,6,128,15,5,18,-8,30,158
ROKU,"Roku, Inc.",104.84,30,83,18,-21,110,-2,31,13,6,48,158
EWBC,East West Bancorp,107.45,7,31,17,24,79,9,31,17,21,78,157
AXP,American Express,331.98,-35,31,24,101,121,-33,31,15,23,36,157
NTAP,Netapp,120.43,0,45,6,59,110,-2,37,15,-3,47,157
CRUS,Cirrus Logic,128.1,22,39,6,21,88,21,34,18,-5,68,156
WSM,"Williams-Sonoma, Inc.",197.51,5,3,16,67,91,16,16,10,23,65,156
ABT,Abbott Laboratories,133.73,1,31,64,15,111,14,10,4,16,44,155
RYN,Rayonier,26.58,48,44,2,0,94,62,4,6,-11,61,155
ECL,Ecolab,279.75,49,2,24,24,99,15,2,18,21,56,155
KNSL,Kinsale Capital Group,475.01,21,1,2,35,59,30,-19,-3,87,95,154
VICI,Vici Properties,32.24,0,-1,66,17,82,-5,-13,31,59,72,154
PKG,Packaging Corporation of America,212.95,-7,32,3,63,91,-8,32,11,28,63,154
SEIC,SEI Investments Company,85.36,0,-22,100,37,115,12,-19,18,28,39,154
KEY,Keycorp,18.54,-5,102,16,6,119,9,-5,16,15,35,154
BOKF,BOK Financial Corporation,114.37,14,71,8,24,117,12,-3,12,16,37,154
SMCI,Supermicro,54.61,35,4,0,60,99,37,15,13,-11,54,153
EA,Electronic Arts,200.58,44,48,12,9,113,-17,10,24,23,40,153
JBL,Jabil,202.22,-16,-2,26,67,75,-12,13,18,59,78,153
PCAR,Paccar,98.51,-10,0,-30,161,121,-5,-5,5,36,31,152
AIT,Applied Industrial Technologies,259.04,-1,0,15,60,74,6,-1,14,59,78,152
W,Wayfair,84.2,-2,102,12,-43,69,-1,108,18,-42,83,152
RPM,RPM International,114.21,-7,-4,-2,182,169,-19,-12,14,-2,-19,150
COHR,Coherent Corp.,114.77,28,13,6,17,64,42,12,15,17,86,150
COIN,Coinbase,386.06,39,4,17,0,60,40,13,17,20,90,150
KR,Kroger,64.81,-6,-28,87,69,122,-16,-31,58,17,28,150
INCY,Incyte,87.24,31,88,11,1,131,7,-12,14,9,18,149
MKL,Markel,1958.52,14,-16,76,57,131,12,-38,16,28,18,149
SSB,SouthState Corporation,100.75,7,73,7,24,111,9,-5,11,21,36,147
CSL,Carlisle Companies,328.43,-8,-17,-5,180,150,-10,-13,-2,22,-3,147
BRX,Brixmor Property Group,26.89,-22,84,7,57,126,-19,-6,17,28,20,146
EPR,EPR Properties,55.2,-7,0,65,31,89,-5,21,18,23,57,146
VRTX,Vertex Pharmaceuticals,402.9,42,-2,-10,106,136,-2,-13,-14,39,10,146
HRB,H&R Block,50.91,25,-1,-9,54,69,43,-8,-14,54,75,144
DDOG,Datadog,157.36,49,7,7,0,63,47,19,15,-2,79,142
TFC,Truist Financial,45.35,-3,76,8,6,87,16,9,14,16,55,142
RCL,Royal Caribbean Group,317.28,-45,0,129,30,114,-7,-12,18,29,28,142
PEG,Public Service Enterprise Group,81.83,-8,-24,2,154,124,-19,6,11,19,17,141
ALAB,Astera Labs,220.71,7,100,5,0,112,19,-3,13,0,29,141
O,Realty Income,59.9,0,46,18,9,73,-1,36,18,15,68,141
PAG,Penske Automotive Group,171.1,0,-3,23,64,84,-7,-13,18,59,57,141
HHH,Howard Hughes Holdings,85.11,31,42,6,2,81,-1,37,7,16,59,140
GILD,Gilead Sciences,113.59,2,0,59,37,98,9,-24,16,41,42,140
ZION,Zions Bancorporation,56.87,0,84,7,6,97,14,-3,14,17,42,139
WYNN,Wynn Resorts,124.64,-14,104,16,5,111,-12,32,18,-10,28,139
SCHW,Charles Schwab Corporation,94.0,-4,0,85,13,94,5,5,18,16,44,138
MTSI,MACOM Technology Solutions,131.61,13,1,7,60,81,16,-6,16,31,57,138
PLD,Prologis,117.12,30,31,7,0,68,29,30,18,-7,70,138
BC,Brunswick Corporation,64.6,21,86,1,-9,99,43,-5,12,-11,39,138
CGNX,Cognex Corporation,46.88,14,84,9,-33,74,21,70,14,-42,63,137
VST,Vistra Corp.,200.44,0,4,27,32,63,-2,13,16,47,74,137
CEG,Constellation Energy,363.96,28,7,24,0,59,27,12,18,21,78,137
HSY,Hershey Company (The),195.23,17,68,12,0,97,25,22,12,-21,38,135
LAMR,Lamar Advertising,122.15,0,31,9,66,106,-3,-7,16,23,29,135
LPX,Louisiana-Pacific,89.17,25,-14,-5,65,71,42,-14,8,28,64,135
A,Agilent Technologies,141.66,31,28,2,1,62,37,34,9,-7,73,135
ADSK,Autodesk,323.32,7,26,7,16,56,14,26,18,21,79,135
PNW,Pinnacle West Capital,90.82,39,0,1,20,60,14,3,29,28,74,134
MPC,Marathon Petroleum,193.52,0,28,7,51,86,12,28,18,-10,48,134
KO,Coca-Cola Company (The),66.08,-6,-31,1,184,148,-1,-24,-5,16,-14,134
GTES,Gates Corporation,25.53,27,7,25,17,76,27,-8,18,20,57,133
CVS,CVS Health,76.85,28,37,18,0,83,-1,41,8,2,50,133
VNO,Vornado Realty Trust,41.24,12,24,6,6,48,28,24,16,17,85,133
REYN,Reynolds Consumer Products,24.56,42,43,0,0,85,42,6,5,-5,48,133
MP,MP Materials,74.33,2,3,40,0,45,19,10,53,6,88,133
DLR,Digital Realty,176.9,18,5,5,24,52,26,15,18,21,80,132
MMM,3M,155.94,4,5,82,16,107,-1,-8,18,16,25,132
MKSI,MKS Instruments,139.54,27,23,5,1,56,33,34,14,-7,74,130
GWW,W. W. Grainger,958.89,0,-9,-11,96,76,16,-12,-9,59,54,130
BG,Bunge Global,84.13,49,4,0,0,53,64,2,18,-7,77,130
SNOW,Snowflake Inc.,242.6,30,27,23,0,80,28,1,18,3,50,130
UBER,Uber,100.09,7,21,26,1,55,8,13,24,28,73,128
RS,"Reliance, Inc.",280.78,0,-46,-4,117,67,-4,-11,-3,79,61,128
LNC,Lincoln Financial,40.24,-1,71,26,3,99,14,-13,16,10,27,126
ARMK,Aramark,38.99,41,-28,22,42,77,18,-44,17,58,49,126
MAR,Marriott International,271.86,17,1,2,60,80,16,-14,15,29,46,126
COKE,Coca-Cola Consolidated,118.85,32,5,0,68,105,-1,-9,-24,54,20,125
TSLA,"Tesla, Inc.",453.36,7,41,6,12,66,-12,47,12,12,59,125
SEE,Sealed Air,36.23,49,32,4,-26,59,49,35,16,-34,66,125
LNG,Cheniere Energy,233.26,-25,0,68,60,103,-40,-14,18,58,22,125
TRMB,Trimble Inc.,80.82,1,0,87,6,94,9,-8,16,14,31,125
WFC,Wells Fargo,80.69,-28,18,100,31,121,-35,-1,18,21,3,124
HLT,Hilton Worldwide,260.2,0,-5,24,66,85,8,-13,16,28,39,124
FOXA,Fox Corporation (Class A),61.39,-9,38,75,3,107,-24,10,15,16,17,124
THO,Thor Industries,106.44,15,86,9,4,114,16,-12,14,-8,10,124
JEF,Jefferies Financial Group,61.18,-60,78,5,60,83,-26,-1,9,59,41,124
PG,Procter & Gamble,150.41,-9,-11,-14,181,147,-26,-5,-22,28,-25,122
NDSN,Nordson,234.1,30,32,2,3,67,43,3,18,-9,55,122
SNDK,SanDisk,121.1,42,35,0,0,77,-2,37,10,0,45,122
PSN,Parsons Corporation,88.3,42,14,2,1,59,43,11,11,-3,62,121
RVMD,Revolution Medicines,46.54,41,22,2,0,65,12,28,18,-2,56,121
AMP,Ameriprise Financial,493.95,2,-26,2,66,44,9,-22,16,73,76,120
DOC,Healthpeak Properties,19.25,76,23,1,-33,67,14,26,2,11,53,120
CPNG,Coupang,32.43,3,21,25,0,49,12,21,18,19,70,119
XPO,"XPO, Inc.",133.45,6,1,1,63,71,12,-7,14,29,48,119
CLH,Clean Harbors,232.33,0,-9,8,60,59,5,-21,17,59,60,119
SSNC,SS&C Technologies,87.31,-8,0,98,16,106,-19,-1,15,17,12,118
CSCO,Cisco,68.92,6,2,56,16,80,-12,5,18,27,38,118
DINO,HF Sinclair,52.15,-35,104,8,3,80,-5,34,18,-10,37,117
LFUS,Littelfuse,260.74,1,102,11,4,118,-2,-5,16,-10,-1,117
FOX,Fox Corporation (Class B),55.05,-9,38,74,3,106,-24,10,14,11,11,117
APTV,Aptiv,87.61,32,39,9,-26,54,47,35,18,-38,62,116
GLPI,Gaming and Leisure Properties,46.2,-2,0,0,67,65,-2,-8,1,59,50,115
NTNX,Nutanix,74.41,-11,19,6,24,38,15,18,18,26,77,115
FRHC,Freedom Holding,168.0,-14,0,62,16,64,-5,5,18,32,50,114
NBIX,Neurocrine Biosciences,139.43,-2,39,8,27,72,2,31,15,-6,42,114
K,Kellanova,82.68,42,6,2,23,73,53,-13,-15,15,40,113
EXEL,Exelixis,39.99,-3,0,72,16,85,-12,16,-2,26,28,113
ASTS,AST SpaceMobile,72.87,28,4,19,0,51,23,10,18,10,61,112
BBY,Best Buy,75.61,45,39,0,-8,76,-2,36,6,-4,36,112
TFSL,Third Federal S&L,13.65,16,35,11,7,69,16,-13,18,21,42,111
QCOM,Qualcomm,168.61,0,29,0,24,53,17,31,16,-7,57,110
DE,Deere & Company,457.19,-7,-32,57,111,129,14,-45,-1,12,-20,109
HON,Honeywell,208.99,0,-37,1,180,144,-9,-49,-1,24,-35,109
AGO,Assured Guaranty,83.68,-4,0,0,58,54,-1,15,17,24,55,109
NOW,ServiceNow,913.3,-37,-1,0,84,46,2,21,16,24,63,109
GXO,GXO Logistics,55.44,58,11,9,0,78,21,2,17,-10,30,108
PSA,Public Storage,290.82,41,7,0,3,51,58,2,-1,-2,57,108
WTFC,Wintrust Financial,132.77,0,1,17,51,69,9,-8,16,21,38,107
ECG,Everus Construction Group,81.88,-1,100,0,0,99,-19,12,15,0,8,107
COF,Capital One,213.84,-60,0,102,23,65,9,-5,18,20,42,107
MTG,MGIC Investment Corporation,27.24,-28,39,27,57,95,-33,-3,18,30,12,107
APG,APi Group,34.95,9,0,26,0,35,43,-18,18,28,71,106
ROK,Rockwell Automation,348.64,35,18,23,17,93,5,3,18,-13,13,106
TMUS,T-Mobile US,224.95,-28,-8,0,141,105,-19,-17,-1,37,0,105
TPL,Texas Pacific Land Corporation,975.78,32,0,-17,60,75,26,2,-13,15,30,105
VNOM,Viper Energy,38.91,9,1,-17,46,39,10,7,-1,49,65,104
ICE,Intercontinental Exchange,159.06,-28,-26,0,163,109,-26,-32,30,23,-5,104
BAM,Brookfield Asset Management,57.77,0,-5,73,0,68,9,-1,18,10,36,104
SHC,Sotera Health,16.23,14,41,9,0,64,42,-5,10,-8,39,103
ETSY,Etsy,69.98,133,9,5,-32,115,-2,11,18,-39,-12,103
CPRT,Copart,44.46,-7,-15,-21,178,135,-17,-14,-31,30,-32,103
PSX,Phillips 66,132.91,-10,31,3,43,67,-5,31,17,-7,36,103
RBRK,Rubrik,82.21,34,-19,0,0,15,47,-11,52,0,88,103
FITB,Fifth Third Bancorp,43.79,-44,78,7,24,65,9,-5,14,18,36,101
NTRA,Natera,170.52,1,33,9,20,63,12,-3,8,21,38,101
CI,Cigna,302.99,26,3,-1,60,88,35,-8,-11,-3,13,101
BIIB,Biogen,154.05,28,38,0,-29,37,33,45,5,-20,63,100
WTM,White Mountains Insurance Group,1863.51,14,2,1,61,78,13,-22,-28,58,21,99
NNN,NNN Reit,42.41,29,7,8,24,68,-4,1,18,16,31,99
TEM,Tempus AI,93.11,23,39,0,0,62,28,-2,11,0,37,99
MOH,Molina Healthcare,200.56,54,0,-21,-4,29,68,28,-17,-10,69,98
AA,Alcoa,33.79,30,31,0,-22,39,47,36,10,-34,59,98
JAZZ,Jazz Pharmaceuticals,137.58,33,42,2,-8,69,33,34,3,-41,29,98
LCID,Lucid Motors,24.03,136,0,-12,0,124,22,13,-25,-37,-27,97
LSCC,Lattice Semiconductor,74.47,7,44,9,0,60,7,37,10,-17,37,97
ELF,e.l.f. Beauty,138.31,7,28,1,33,69,21,-2,16,-7,28,97
SAIL,SailPoint,23.61,25,17,0,0,42,22,22,10,0,54,96
AMTM,Amentum,26.28,35,4,0,0,39,35,4,18,0,57,96
WTRG,Essential Utilities,40.07,61,2,14,0,77,5,4,2,7,18,95
SNPS,Synopsys,478.25,-14,-19,0,182,149,-15,-31,-2,-7,-55,94
DELL,Dell Technologies,145.77,35,6,4,34,79,-8,11,18,-6,15,94
QSR,Restaurant Brands International,68.86,28,3,2,42,75,22,8,-1,-10,19,94
BXP,"BXP, Inc.",74.61,0,28,6,0,34,-2,29,18,15,60,94
EGP,EastGroup Properties,171.71,49,7,2,10,68,10,5,18,-7,26,94
EQH,Equitable Holdings,50.93,-61,-5,100,13,47,9,-1,18,21,47,94
WMS,Advanced Drainage Systems,141.53,0,44,2,5,51,31,-1,18,-5,43,94
CNA,CNA Financial,46.76,14,0,1,59,74,12,-17,2,22,19,93
PODD,Insulet,311.79,0,0,52,6,58,17,-11,21,8,35,93
KEYS,Keysight,173.38,-1,24,6,2,31,14,24,16,7,61,92
ROP,Roper Technologies,507.12,3,-46,-9,184,132,3,-63,-8,28,-40,92
APA,APA Corporation,25.11,9,42,2,0,53,7,40,13,-21,39,92
RPRX,Royalty Pharma,36.12,26,0,40,0,66,-3,-7,34,2,26,92
HD,Home Depot (The),389.33,-83,0,9,182,108,-42,-5,10,21,-16,92
FANG,Diamondback Energy,149.03,11,2,0,49,62,18,7,12,-7,30,92
HAYW,Hayward Holdings,15.57,26,0,2,0,28,42,-14,16,18,62,90
WAL,Western Alliance Bancorporation,87.48,0,39,7,6,52,9,-5,14,20,38,90
INGM,Ingram Micro,21.53,35,19,0,0,54,-2,22,15,0,35,89
KIM,Kimco Realty,21.51,-3,2,2,57,58,6,-8,16,16,30,88
ENTG,Entegris,100.15,21,18,0,1,40,18,30,7,-7,48,88
WFRD,Weatherford International,65.08,-5,73,0,0,68,-12,31,8,-7,20,88
GEHC,GE HealthCare,76.4,30,5,2,0,37,41,-8,7,10,50,87
REG,Regency Centers,71.14,-2,10,2,55,65,-19,2,18,21,22,87
QS,QuantumScape,15.71,28,14,14,0,56,39,14,16,-38,31,87
LECO,Lincoln Electric,236.47,1,0,15,67,83,12,-16,16,-9,3,86
RMD,Resmed,281.52,22,0,25,15,62,14,-22,17,15,24,86
FCX,Freeport-McMoRan,40.33,0,-9,0,60,51,34,-9,18,-8,35,86
PAYX,Paychex,124.37,0,-48,-4,169,117,2,-41,-9,16,-32,85
COLB,Columbia Banking System,26.58,12,51,2,0,65,21,-13,13,-1,20,85
BAC,Bank of America,50.38,-28,35,25,20,52,-34,32,18,16,32,84
SF,Stifel,113.28,-28,1,16,61,50,3,-6,15,22,34,84
RBLX,Roblox Corporation,126.29,-16,1,61,0,46,-21,21,24,13,37,83
WST,West Pharmaceutical Services,268.07,49,22,0,-9,62,-2,23,9,-10,20,82
SPR,Spirit AeroSystems,39.38,7,-6,26,0,27,16,-15,38,16,55,82
CG,Carlyle Group (The),63.35,0,2,16,23,41,9,-3,15,20,41,82
VOYA,Voya Financial,75.42,0,43,9,6,58,12,-1,16,-3,24,82
PVH,PVH Corp.,85.14,0,38,0,3,41,3,37,7,-9,38,79
WBS,Webster Bank,61.46,7,2,16,16,41,10,-7,16,19,38,79
VLTO,Veralto,106.11,20,0,10,0,30,40,-8,17,0,49,79
ONTO,Onto Innovation,145.38,28,31,-34,0,25,22,34,3,-6,53,78
TSCO,Tractor Supply Company,54.67,-77,-8,15,87,17,-19,-19,12,87,61,78
SUI,Sun Communities,127.44,-2,26,11,-26,9,-1,39,18,13,69,78
MUSA,Murphy USA,379.69,-5,-1,-21,70,43,-4,-5,-37,81,35,78
PCOR,Procore,73.12,0,16,2,0,18,9,22,8,21,60,78
EXAS,Exact Sciences,57.64,37,22,1,-27,33,31,30,1,-18,44,77
HBAN,Huntington Bancshares,16.72,-5,0,17,23,35,9,-3,18,18,42,77
NWSA,News Corp (Class A),28.07,-28,-3,17,60,46,-26,15,18,23,30,76
DAL,Delta Air Lines,58.25,7,1,9,21,38,12,-13,10,28,37,75
EXP,Eagle Materials,236.33,17,8,-23,59,61,13,-5,8,-2,14,75
LYFT,Lyft,21.75,-11,36,9,-3,31,-7,31,18,2,44,75
FR,First Industrial Realty Trust,51.56,-1,34,2,16,51,-4,-5,16,16,23,74
DAY,Dayforce,69.02,18,35,8,-14,47,27,-7,8,-2,26,73
REXR,Rexford Industrial,41.66,6,87,1,-20,74,22,-4,14,-34,-2,72
LEN-B,Lennar (Class B),119.99,16,0,0,64,80,-2,-12,9,-3,-8,72
BRO,Brown & Brown,94.47,20,-111,-7,165,67,12,-17,-18,28,5,72
LEN,Lennar (Class A),126.38,15,0,0,66,81,-2,-12,9,-5,-10,71
MAS,Masco,68.79,-7,0,-5,67,55,-4,-12,9,23,16,71
RF,Regions Financial Corporation,25.86,-5,0,15,24,34,9,-5,16,16,36,70
SOLV,Solventum,73.76,23,0,1,0,24,39,-8,14,0,45,69
DOV,Dover Corporation,166.51,0,-27,-11,108,70,-4,-18,-1,21,-2,68
ESAB,ESAB,118.67,35,0,1,0,36,26,-13,-1,19,31,67
AMZN,Amazon,220.88,0,-2,24,23,45,-5,-10,14,22,21,66
IQV,IQVIA,205.04,32,5,2,0,39,34,-9,10,-8,27,66
OHI,Omega Healthcare Investors,40.9,-9,0,14,42,47,-18,-11,13,33,17,64
TTEK,Tetra Tech,33.9,0,-12,-37,121,72,19,-38,14,-3,-8,64
BX,Blackstone Inc.,166.87,-62,0,12,144,94,-66,-1,13,23,-31,63
BLD,TopBuild,397.51,0,0,10,48,58,12,-16,14,-5,5,63
MSTR,MicroStrategy,359.7,28,0,2,21,51,38,-47,-1,22,12,63
FNF,Fidelity National Financial,58.07,-7,0,0,60,53,-15,-1,3,23,10,63
CBRE,CBRE Group,153.53,-78,0,100,24,46,-7,-9,16,16,16,62
IPGP,IPG Photonics,88.28,17,101,9,-46,81,19,-7,14,-46,-20,61
NU,Nubank,15.38,-50,33,9,0,-8,2,28,18,21,69,61
RAL,Ralliant,43.94,26,0,0,0,26,29,6,0,0,35,61
ED,Consolidated Edison,99.31,0,-29,0,49,20,2,4,-12,47,41,61
MSCI,MSCI,564.98,2,3,2,16,23,10,-9,15,22,38,61
AVT,Avnet,52.37,0,1,9,47,57,5,-16,18,-4,3,60
VLO,Valero Energy,163.42,-26,31,8,46,59,-39,30,17,-7,1,60
LW,Lamb Weston,63.41,35,7,0,-10,32,43,-10,11,-16,28,60
RRX,Regal Rexnord,150.01,17,1,2,5,25,21,1,15,-3,34,59
TRGP,Targa Resources,162.65,-22,-3,0,53,28,-40,13,2,56,31,59
AOS,A. O. Smith,72.42,0,0,0,60,60,-7,-5,18,-7,-1,59
GPC,Genuine Parts Company,138.46,0,55,9,0,64,-3,-2,18,-19,-6,58
ALLY,Ally Financial,39.81,0,2,10,6,18,9,-3,16,18,40,58
OSK,Oshkosh Corporation,131.61,8,0,19,6,33,21,-17,16,4,24,57
DHR,Danaher Corporation,211.6,33,4,0,0,37,38,-23,11,-6,20,57
SPGI,S&P Global,478.34,-91,-13,0,174,70,-27,-25,16,23,-13,57
FHB,"First Hawaiian, Inc.",24.81,-3,0,8,16,21,9,-6,15,16,34,55
EQIX,Equinix,789.92,3,0,-16,36,23,5,15,-16,28,32,55
ARW,Arrow Electronics,122.95,21,-14,9,6,22,39,-14,18,-10,33,55
MDB,MongoDB Inc.,321.72,27,36,6,-11,58,-2,-1,10,-11,-4,54
CNC,Centene,37.65,70,0,-52,-13,5,68,32,-21,-30,49,54
BSY,Bentley Systems,56.78,21,3,16,0,40,21,-16,17,-8,14,54
TMO,Thermo Fisher Scientific,544.7,31,5,2,0,38,31,-13,3,-5,16,54
ACGL,Arch Capital Group,91.36,14,1,-16,64,63,9,-15,-1,-2,-9,54
WBD,Warner Bros. Discovery,19.09,-11,18,20,0,27,-10,18,16,2,26,53
PM,Philip Morris International,153.54,-30,-16,78,57,89,-41,-22,-2,29,-36,53
TOST,"Toast, Inc.",36.95,0,-25,85,0,60,9,-35,-1,19,-8,52
HXL,Hexcel,66.03,30,7,2,1,40,23,-12,12,-11,12,52
MTD,Mettler Toledo,1346.14,28,4,2,0,34,28,-16,12,-7,17,51
TPG,TPG Inc.,58.52,0,0,10,0,10,9,-1,12,21,41,51
DNB,Dun & Bradstreet,9.15,29,52,-28,0,53,46,-13,2,-37,-2,51
OMF,OneMain Financial,55.46,-68,-2,25,62,17,-7,-6,18,28,33,50
CFR,Frost Bank,127.99,7,0,6,6,19,14,-11,16,12,31,50
CF,CF Industries,92.05,7,1,5,6,19,13,9,-1,10,31,50
HAS,Hasbro,74.8,-2,0,22,5,25,9,-16,18,13,24,49
AFRM,Affirm Holdings,75.88,0,4,20,0,24,-2,-8,16,19,25,49
VRSN,Verisign,270.78,-36,-4,44,11,15,-33,-2,60,9,34,49
SNV,Synovus,48.49,-4,-11,7,23,15,8,-6,16,16,34,49
NOV,NOV Inc.,13.59,14,10,0,-14,10,22,24,9,-17,38,48
CFLT,"Confluent, Inc.",21.27,21,0,-11,0,10,40,22,-26,2,38,48
LII,Lennox International,553.62,24,-30,-5,40,29,36,-43,-3,29,19,48
DT,Dynatrace,49.13,23,-2,-9,0,12,-2,2,14,22,36,48
BURL,Burlington Stores,262.37,7,-1,9,5,20,13,-17,11,19,26,46
USB,U.S. Bancorp,47.72,-42,35,8,6,7,9,-3,15,17,38,45
NXST,Nexstar Media Group,201.9,0,0,16,6,22,12,-15,14,12,23,45
LNW,Light & Wonder,83.01,-8,-6,-11,59,34,-4,-14,1,27,10,44
MHK,Mohawk Industries,126.16,-3,64,0,-13,48,-4,-8,10,-3,-5,43
LBTYA,Liberty Global (Series A),11.43,-2,46,0,0,44,-3,-6,9,-1,-1,43
IPG,Interpublic Group of Companies (The),26.81,-3,54,0,0,51,2,3,6,-19,-8,43
ARES,Ares Management,150.11,-63,-9,-2,61,-13,-61,-9,18,108,56,43
BAH,Booz Allen Hamilton,103.64,28,-25,-38,103,68,41,-24,-40,-3,-26,42
DVN,Devon Energy,34.92,-23,39,0,-7,9,5,35,16,-24,32,41
QGEN,Qiagen,46.98,28,-19,19,0,28,31,-42,17,7,13,41
OLED,Universal Display Corporation,146.8,7,0,0,0,7,16,7,18,-7,34,41
MOS,Mosaic Company (The),35.33,5,3,24,-18,14,14,21,23,-32,26,40
VRSK,Verisk Analytics,245.0,-7,-50,-4,116,55,-19,-16,-10,30,-15,40
RGEN,Repligen,150.13,35,7,2,-19,25,42,10,2,-39,15,40
CMG,Chipotle Mexican Grill,41.65,20,-52,-14,82,36,16,1,-12,-2,3,39
FRT,Federal Realty Investment Trust,98.77,-4,34,1,3,34,3,-5,9,-3,4,38
CRL,Charles River Laboratories,175.12,31,4,1,-28,8,37,-11,14,-10,30,38
PLNT,Planet Fitness,97.98,-14,-25,71,15,47,-27,-17,18,16,-10,37
WAT,Waters Corporation,327.61,29,3,-13,1,20,34,-5,-28,16,17,37
PATH,UiPath,14.52,7,11,0,0,18,7,21,2,-12,18,36
BLDR,Builders FirstSource,127.09,16,0,-36,67,47,-1,-13,8,-5,-11,36
UNH,UnitedHealth Group,358.78,23,24,-26,0,21,21,36,-39,-3,15,36
TKR,Timken Company,76.76,7,0,2,6,15,21,-8,15,-7,21,36
MPW,Medical Properties Trust,5.39,33,22,5,-38,22,-1,28,-15,1,13,35
IDXX,Idexx Laboratories,627.78,0,3,22,6,31,16,-20,18,-10,4,35
CUZ,Cousins Properties,28.44,-2,5,2,13,18,-11,-6,18,15,16,34
PRU,Prudential Financial,103.21,-3,-5,-21,57,28,10,-15,12,-1,6,34
HAL,Halliburton,24.35,0,28,0,0,28,-12,26,3,-11,6,34
GAP,Gap Inc.,21.49,0,12,0,20,32,-4,-6,-10,21,1,33
LBTYK,Liberty Global (Series C),11.61,-2,46,-1,0,43,-9,-6,7,-2,-10,33
LPLA,LPL Financial,312.58,-28,-27,0,101,46,-34,-38,-1,59,-14,32
EXLS,EXL Service,42.54,-9,-4,0,67,54,-23,-12,-2,15,-22,32
PEN,"Penumbra, Inc.",255.68,18,2,0,13,33,18,-11,-14,5,-2,31
DECK,Deckers Brands,102.06,-3,-8,-32,95,52,16,-8,-28,-1,-21,31
ACHC,Acadia Healthcare,26.43,63,17,-55,-13,12,76,9,-49,-18,18,30
CTRA,Coterra,23.84,7,0,-13,46,40,5,-11,-20,15,-11,29
MCHP,Microchip Technology,66.59,17,0,2,0,19,-2,3,18,-9,10,29
FTV,Fortive,50.03,30,0,-29,0,1,42,18,-25,-7,28,29
APD,Air Products,270.93,0,-10,-3,18,5,16,-15,10,12,23,28
TECH,Bio-Techne,61.92,32,5,0,-26,11,39,-17,3,-8,17,28
VTRS,Viatris,10.14,31,4,1,0,36,-2,-15,10,-3,-10,26
CSGP,CoStar Group,81.15,-7,-9,14,16,14,12,-32,31,1,12,26
CERT,"Certara, Inc.",13.44,44,18,1,0,63,-1,12,-15,-34,-38,25
T,AT&T,25.87,-78,-4,78,18,14,-101,-7,102,17,11,25
LOW,Lowe's,241.6,-84,0,0,168,84,-85,-5,9,21,-60,24
IOT,Samsara,40.08,21,4,-18,0,7,24,-4,-25,22,17,24
CVX,Chevron Corporation,154.02,-42,0,15,50,23,-12,-4,9,8,1,24
AR,Antero Resources,33.9,0,0,-1,12,11,-13,20,-7,12,12,23
HOLX,Hologic,67.36,16,3,0,0,19,-1,2,11,-9,3,22
BA,Boeing,219.69,7,-6,16,0,17,16,-16,18,-13,5,22
ALB,Albemarle Corporation,92.03,13,18,1,-25,7,21,9,12,-27,15,22
SYF,Synchrony Financial,71.39,-66,0,25,23,-18,9,-5,16,20,40,22
CACC,Credit Acceptance,492.42,18,1,0,0,19,29,-13,-6,-7,3,22
GMED,Globus Medical,60.19,30,2,-23,0,9,41,-15,-28,14,12,21
TTD,Trade Desk (The),53.12,55,-41,-35,-3,-24,47,1,-1,-2,45,21
RLI,RLI Corp.,64.12,-5,-86,-18,178,69,11,-20,-37,-2,-48,21
EXR,Extra Space Storage,141.58,15,0,0,0,15,-1,-7,-1,15,6,21
MIDD,Middleby,139.78,21,3,-11,0,13,28,-12,-24,15,7,20
DBX,Dropbox,29.34,-36,28,7,11,10,-7,-1,8,10,10,20
APPF,AppFolio,243.53,-32,-4,13,30,7,-26,-4,13,30,13,20
IP,International Paper,45.89,-5,-25,0,18,-12,33,-17,-2,18,32,20
LAD,Lithia Motors,313.7,-11,-1,-3,16,1,-7,-6,9,23,19,20
WDAY,"Workday, Inc.",238.36,-2,14,-18,16,10,4,22,-12,-4,10,20
SWK,Stanley Black & Decker,74.37,0,68,-37,-41,-10,31,-5,7,-4,29,19
MRK,Merck & Co.,88.79,35,5,0,0,40,-1,-15,3,-8,-21,19
PNC,PNC Financial Services,195.63,-42,0,10,16,-16,9,-5,15,16,35,19
STWD,Starwood Property Trust,19.01,-93,-2,26,60,-9,-5,-9,18,23,27,18
ADM,Archer Daniels Midland,62.33,10,2,10,0,22,12,-12,18,-22,-4,18
AGCO,AGCO,109.82,9,0,15,0,24,15,-26,19,-15,-7,17
NVST,Envista,20.62,15,0,12,0,27,18,-8,14,-34,-10,17
LOAR,Loar Holdings,78.82,0,7,0,0,7,-8,29,-11,0,10,17
INGR,Ingredion,120.24,-8,-46,-6,36,-24,2,-16,-4,58,40,16
QXO,"QXO, Inc.",19.77,14,-11,0,-16,-13,25,-9,21,-8,29,16
LINE,"Lineage, Inc.",41.39,15,0,0,0,15,44,-5,-39,0,0,15
GL,Globe Life,133.99,-42,0,53,16,27,-33,-1,12,10,-12,15
QRVO,Qorvo,92.44,0,15,1,-33,-17,16,7,16,-7,32,15
AWK,American Water Works,138.97,5,-21,34,0,18,5,-21,2,10,-4,14
VKTX,Viking Therapeutics,32.27,32,-34,-48,23,-27,31,4,13,-8,40,13
MAT,Mattel,18.08,18,0,1,0,19,24,-13,15,-33,-7,12
PNFP,Pinnacle Financial Partners,93.59,-4,-11,-12,17,-10,9,-5,-3,20,21,11
BILL,Bill.com,53.36,0,27,-32,0,-5,22,27,6,-39,16,11
TXRH,Texas Roadhouse,167.18,24,-41,-6,66,43,15,-77,-3,33,-32,11
TWLO,Twilio,109.69,7,0,0,-36,-29,25,-11,13,13,40,11
OMC,Omnicom Group,78.48,-3,39,-35,3,4,2,3,5,-3,7,11
WH,Wyndham Hotels & Resorts,81.01,0,-14,-11,13,-12,18,-19,6,17,22,10
ESS,Essex Property Trust,261.34,-11,-3,-2,16,0,-17,22,-11,16,10,10
CIVI,Civitas Resources,34.3,28,40,-63,-2,3,25,-14,7,-11,7,10
CAI,Caris Life Sciences,32.82,12,0,0,0,12,13,-15,0,0,-2,10
ALSN,Allison Transmission,84.71,-2,-12,-12,37,11,-2,-8,-28,36,-2,9
OLN,Olin Corporation,25.95,30,31,-68,-11,-18,51,-5,6,-25,27,9
PCG,PG&E Corporation,16.04,34,7,-38,3,6,42,1,-37,-3,3,9
KKR,KKR & Co. Inc.,126.85,-63,-8,0,105,34,-61,-1,14,23,-25,9
AES,AES Corporation,14.28,28,4,0,-13,19,-3,5,14,-26,-10,9
FCNCA,First Citizens BancShares,1760.37,-42,-22,-4,61,-7,7,-15,-1,23,14,7
SAIC,SAIC,102.79,27,-23,-6,1,-1,35,-23,-3,-3,6,5
CR,Crane Co.,182.25,1,-17,24,0,8,1,-29,18,7,-3,5
LEA,Lear Corporation,102.92,9,0,1,-19,-9,22,-9,17,-17,13,4
PEGA,Pegasystems,55.7,-52,22,27,7,4,-54,21,16,17,0,4
FLS,Flowserve,52.49,-62,0,2,29,-31,-2,-1,11,27,35,4
PYPL,PayPal,71.29,12,0,0,-41,-29,12,10,-1,11,32,3
BEN,Franklin Templeton Investments,23.18,0,-1,16,0,15,13,-19,18,-24,-12,3
FLUT,Flutter Entertainment,246.93,-35,-6,26,23,8,-32,-17,15,29,-5,3
GTLB,GitLab,47.12,0,21,-29,0,-8,13,28,-28,-3,10,2
ZM,Zoom Communications,81.01,-36,28,8,-2,-2,-7,-3,8,6,4,2
TXN,Texas Instruments,181.75,-11,-24,1,24,-10,-4,-20,18,18,12,2
TSN,Tyson Foods,54.16,33,-1,-9,-30,-7,32,-17,-19,13,9,2
LLYVK,Liberty Live (Series C),90.03,-28,0,38,0,10,-21,-7,18,2,-8,2
ZG,Zillow (Class A),71.52,-78,-5,62,0,-21,-5,-5,11,22,23,2
ZBRA,Zebra Technologies,301.74,0,-11,0,-9,-20,14,-4,12,-1,21,1
XYZ,"Block, Inc.",77.78,20,3,2,-38,-13,20,-17,12,-1,14,1
OTIS,Otis Worldwide,90.82,0,0,-12,0,-12,-7,14,-22,28,13,1
LUV,Southwest Airlines,32.56,6,0,8,-41,-27,-4,10,15,6,27,0
ELV,Elevance Health,350.0,32,3,-52,0,-17,30,10,-18,-5,17,0
GLIBK,GCI Liberty (Series C),36.04,-1,0,0,0,-1,-1,2,0,0,1,0
BDX,Becton Dickinson,191.98,30,4,-36,-7,-9,41,-17,1,-17,8,-1
CHWY,Chewy,37.6,-13,-2,49,0,34,-21,-12,-9,7,-35,-1
GLIBA,GCI Liberty (Series A),36.23,-1,0,0,0,-1,-1,1,0,0,0,-1
ELS,Equity Lifestyle Properties,61.77,30,5,-29,0,6,33,4,-40,-5,-8,-2
LLYVA,Liberty Live (Series A),87.33,-28,0,38,0,10,-26,-6,18,2,-12,-2
U,Unity Technologies,37.53,-59,91,13,0,45,-65,-2,17,2,-48,-3
SMMT,Summit Therapeutics,22.14,9,-21,2,16,6,9,-35,-4,21,-9,-3
MANH,Manhattan Associates,200.35,-68,-10,0,67,-11,2,-4,11,-2,7,-4
OVV,Ovintiv,40.06,-42,-1,0,1,-42,7,24,15,-8,38,-4
APO,Apollo Global Management,126.71,-58,-9,-3,99,29,-60,-1,-1,28,-34,-5
RKT,Rocket Companies,16.94,-21,0,12,0,-9,-13,-3,17,3,4,-5
WING,Wingstop,243.96,-7,-23,-5,40,5,-6,-36,-1,33,-10,-5
CRM,Salesforce,245.79,3,-5,-21,24,1,10,-11,-29,23,-7,-6
CNM,Core & Main,51.61,-2,-20,4,0,-18,-19,-13,18,26,12,-6
KD,Kyndryl,30.62,4,-44,-4,0,-44,29,-9,-5,22,37,-7
EFX,Equifax,237.33,-21,-3,-12,18,-18,-24,-3,18,20,11,-7
BIO,Bio-Rad Laboratories,307.8,28,5,2,-30,5,31,-13,9,-39,-12,-7
PR,Permian Resources,12.61,-42,-6,0,28,-20,3,-5,18,-4,12,-8
ON,ON Semiconductor,50.34,0,-27,0,-3,-30,12,13,14,-17,22,-8
CCK,Crown Holdings,94.27,-7,-34,25,7,-9,-7,-25,18,14,0,-9
OXY,Occidental Petroleum,45.4,-21,2,0,0,-19,-20,34,14,-18,10,-9
GNTX,Gentex,27.31,-42,67,0,0,25,-33,-3,12,-10,-34,-9
AS,Amer Sports,34.12,-5,-12,12,0,-5,-5,-18,18,0,-5,-10
TROW,T. Rowe Price,105.67,7,1,2,-27,-17,9,-14,14,-2,7,-10
VZ,Verizon,41.44,-7,-1,0,12,4,-17,-22,8,16,-15,-11
RVTY,Revvity,93.38,33,0,-28,-26,-21,40,4,-33,-1,10,-11
CART,Maplebear Inc.,37.78,0,-18,-2,0,-20,17,-8,-1,1,9,-11
NUE,Nucor,135.58,0,0,0,0,0,-2,-14,15,-10,-11,-11
TTC,Toro Company (The),76.6,0,0,0,-2,-2,16,-12,9,-22,-9,-11
MTN,Vail Resorts,156.0,29,-1,0,-25,3,26,-17,14,-38,-15,-12
COP,ConocoPhillips,94.91,-21,0,-1,1,-21,3,7,9,-10,9,-12
LAZ,Lazard,50.52,-62,0,10,22,-30,-7,-6,15,15,17,-13
ST,Sensata Technologies,31.06,14,0,2,-17,-1,22,-13,16,-37,-12,-13
UAL,United Airlines Holdings,97.07,-68,0,9,13,-46,9,-8,12,18,31,-15
WEX,WEX Inc.,158.31,-2,-1,0,0,-3,-2,-12,12,-10,-12,-15
SARO,StandardAero,26.51,-2,-2,0,0,-4,-9,-1,-1,0,-11,-15
AUR,Aurora Innovation,5.51,0,-8,-9,0,-17,11,-1,-26,17,1,-16
COO,Cooper Companies (The),70.11,24,1,-34,-7,-16,42,2,-39,-5,0,-16
SWKS,Skyworks Solutions,76.9,-42,24,0,-32,-50,-7,34,14,-7,34,-16
CUBE,CubeSmart,39.92,-3,0,0,3,0,-3,-8,-1,-4,-16,-16
VIK,Viking Holdings,59.69,-9,0,0,0,-9,-20,-6,18,0,-8,-17
MASI,Masimo,148.04,35,-43,-7,-8,-23,13,4,-23,12,6,-17
OGN,Organon & Co.,10.85,31,22,-37,0,16,-2,24,-50,-6,-34,-18
CCL,Carnival Corporation & plc,29.09,-68,0,25,0,-43,-5,-7,16,21,25,-18
HALO,Halozyme,66.96,-59,0,15,21,-23,-19,-1,9,16,5,-18
EW,Edwards Lifesciences,76.56,1,-4,0,-16,-19,14,-15,38,-37,0,-19
HUM,Humana,295.27,14,2,0,-14,2,10,-13,4,-22,-21,-19
ILMN,"Illumina, Inc.",101.03,28,0,0,-42,-14,31,-5,10,-42,-6,-20
PFE,Pfizer,26.44,35,5,1,-25,16,-1,-20,14,-30,-37,-21
HST,Host Hotels & Resorts,16.61,-35,34,6,4,9,-35,-4,16,-8,-31,-22
OKE,Oneok,72.72,-1,-46,-21,56,-12,16,-46,-33,53,-10,-22
SAIA,Saia,309.18,7,0,-34,0,-27,14,-5,1,-7,3,-24
KEX,Kirby Corporation,83.43,0,-47,-11,37,-21,-5,-40,-2,44,-3,-24
MTB,M&T Bank,190.0,-35,0,9,24,-2,-54,-1,16,16,-23,-25
AMH,American Homes 4 Rent,32.51,-8,-48,-16,70,-2,-19,-17,-4,17,-23,-25
FOUR,Shift4,78.68,0,-44,-8,0,-52,16,-15,-1,26,26,-26
LVS,Las Vegas Sands,52.28,-14,0,14,4,4,-14,-16,15,-16,-31,-27
DIS,Walt Disney Company (The),112.77,-22,-17,23,-2,-18,-19,-13,18,5,-9,-27
S,SentinelOne,17.9,0,0,-33,0,-33,13,-1,-3,-3,6,-27
GEN,Gen Digital,27.73,-36,-16,23,18,-11,-35,-18,18,18,-17,-28
CBSH,Commerce Bancshares,59.49,0,-44,0,13,-31,8,-19,-1,15,3,-28
GEV,GE Vernova,603.24,-53,0,4,0,-49,-12,13,19,0,20,-29
MDLZ,Mondelez International,61.77,-8,-8,-1,0,-17,-13,15,-3,-11,-12,-29
CTSH,Cognizant,67.79,4,-48,-11,16,-39,14,-13,-11,20,10,-29
EL,Estée Lauder Companies (The),88.66,21,0,0,-28,-7,16,-18,16,-37,-23,-30
BHF,Brighthouse Financial,51.04,-7,0,-1,2,-6,-35,12,-11,10,-24,-30
SIRI,Sirius XM,22.75,-3,29,-1,-33,-8,-1,-10,8,-19,-22,-30
SW,Smurfit Westrock,40.3,-26,-17,-5,18,-30,-17,-11,8,19,-1,-31
ESTC,Elastic NV,83.97,-7,21,-21,-8,-15,-7,-3,-1,-6,-17,-32
WLK,Westlake Corporation,81.71,12,0,-48,0,-36,21,-11,2,-8,4,-32
ONON,On Holding AG,42.58,0,-47,-7,0,-54,9,-5,-4,22,22,-32
DUOL,Duolingo,320.23,0,-68,0,0,-68,14,5,-9,25,35,-33
YETI,Yeti Holdings,34.31,2,-1,-43,-8,-50,21,-6,12,-12,15,-35
PPC,Pilgrim's Pride,38.54,-7,-22,-1,23,-7,-7,-29,-12,20,-28,-35
SRPT,Sarepta Therapeutics,23.25,31,1,-37,-9,-14,41,4,-58,-8,-21,-35
OKTA,"Okta, Inc.",93.71,6,-2,-6,-26,-28,-7,2,-11,8,-8,-36
VFC,VF Corporation,14.5,0,31,-28,-45,-42,-2,3,5,-1,5,-37
RH,RH,200.24,-3,-7,-32,-9,-51,22,-12,6,-2,14,-37
SJM,J.M. Smucker Company (The),107.06,-8,0,-2,-6,-16,-7,5,6,-25,-21,-37
NCLH,Norwegian Cruise Line Holdings,24.09,-67,0,8,0,-59,-5,-6,11,22,22,-37
RYAN,Ryan Specialty,57.81,20,-72,-11,0,-63,12,4,-17,27,26,-37
ISRG,Intuitive Surgical,449.57,17,-48,-11,24,-18,14,-56,-6,28,-20,-38
TFX,Teleflex,127.74,24,7,-50,-41,-60,40,-8,1,-12,21,-39
ZBH,Zimmer Biomet,98.85,0,0,-5,-19,-24,18,-15,2,-20,-15,-39
PB,Prosperity Bancshares,66.08,0,-49,-11,16,-44,6,-15,-2,16,5,-39
SEB,Seaboard Corporation,3535.8,-22,0,13,-1,-10,-35,-12,16,2,-29,-39
GNRC,Generac,164.18,-12,0,11,-36,-37,-7,-22,15,12,-2,-39
Z,Zillow (Class C),74.01,-78,-5,19,0,-64,-5,-5,12,22,24,-40
CTVA,Corteva,64.29,-112,-16,61,1,-66,3,-8,18,13,26,-40
EQR,Equity Residential,62.22,-26,-3,-4,15,-18,-19,-7,-11,15,-22,-40
JHX,James Hardie Industries,20.1,31,-33,-35,-3,-40,41,-29,-8,-5,-1,-41
CCCS,CCC Intelligent Solutions,9.48,5,-11,-36,0,-42,12,-13,10,-8,1,-41
HOG,Harley-Davidson,26.54,-13,0,0,-11,-24,-12,-5,13,-13,-17,-41
AVTR,Avantor,14.1,30,4,-37,-1,-4,32,-15,-48,-7,-38,-42
REGN,Regeneron Pharmaceuticals,584.91,28,4,-49,0,-17,-2,-21,4,-6,-25,-42
MRNA,Moderna,27.52,30,-1,-63,-6,-40,34,7,-3,-41,-3,-43
HSIC,Schein (Henry),66.03,-7,-9,-13,-2,-31,-4,-10,-3,5,-12,-43
GME,GameStop,25.04,-10,7,-2,-32,-37,-12,25,-11,-9,-7,-44
CAR,Avis Budget Group,148.43,-15,-7,16,-22,-28,-19,21,20,-39,-17,-45
SNDR,Schneider National,22.05,6,-27,-13,0,-34,14,-21,-3,-2,-12,-46
KMB,Kimberly-Clark,120.54,-8,-17,-7,20,-12,-19,-24,-19,28,-34,-46
FAF,First American Financial Corporation,61.69,-84,0,10,16,-58,-5,-8,5,20,12,-46
UGI,UGI Corporation,32.37,-20,-29,50,6,7,-18,-42,-1,7,-54,-47
DOX,Amdocs,82.46,0,-40,0,0,-40,15,-27,-3,7,-8,-48
KDP,Keurig Dr Pepper,25.28,-7,-30,-7,-2,-46,-4,-24,26,-2,-4,-50
COLM,Columbia Sportswear,53.47,19,-8,-29,-8,-26,-4,-12,-24,15,-25,-51
AVB,AvalonBay Communities,187.57,-23,-1,-11,18,-17,-35,-1,-15,17,-34,-51
IT,Gartner,256.45,-9,-79,-29,0,-117,14,19,-27,59,65,-52
ADC,Agree Realty,70.21,-10,-15,0,18,-7,-18,-29,-13,15,-45,-52
CHRD,Chord Energy,99.64,-42,-6,0,0,-48,6,-15,12,-8,-5,-53
META,Meta Platforms,715.75,-67,-5,25,31,-16,-75,-3,16,25,-37,-53
RIVN,Rivian,13.48,-29,15,0,0,-14,-40,25,-1,-23,-39,-53
VNT,Vontier,40.45,-62,0,13,0,-49,-10,-3,16,-7,-4,-53
DPZ,Domino's,422.91,-14,-44,-4,12,-50,-7,-14,-3,20,-4,-54
GPN,Global Payments,87.18,16,4,-35,-41,-56,20,-13,6,-12,1,-55
AKAM,Akamai Technologies,78.44,21,7,-34,-9,-15,15,-9,-34,-12,-40,-55
CARR,Carrier Global,59.8,7,-45,-7,0,-45,4,-41,-2,28,-11,-56
EOG,EOG Resources,110.48,-43,-12,-6,47,-14,-37,-15,11,-1,-42,-56
APLS,Apellis Pharmaceuticals,24.34,23,0,-78,-18,-73,40,-13,9,-20,16,-57
LKQ,LKQ Corporation,30.71,27,-16,-13,-4,-6,-2,-9,-21,-19,-51,-57
DLB,Dolby Laboratories,72.68,1,-10,-10,0,-19,-19,-20,1,-1,-39,-58
JBHT,J. B. Hunt,141.72,15,-27,-39,0,-51,16,-20,8,-12,-8,-59
UWMC,United Wholesale Mortgage,5.6,-80,42,0,0,-38,-19,-3,6,-6,-22,-60
DVA,DaVita,128.18,-9,-30,-11,22,-28,-9,-16,-28,21,-32,-60
HUBS,HubSpot,463.52,-35,-5,-18,-2,-60,7,-2,-26,21,0,-60
EIX,Edison International,54.81,-7,2,-40,0,-45,-14,-7,8,-3,-16,-61
NYT,New York Times Company,55.58,-75,-4,10,18,-51,-33,-18,18,23,-10,-61
MKC,McCormick & Company,68.29,37,-63,-14,-4,-44,55,-62,-22,12,-17,-61
FIS,Fidelity National Information Services,67.15,25,-44,-10,-39,-68,43,-46,-5,13,5,-63
DAR,Darling Ingredients,31.16,10,-6,-14,-22,-32,21,-19,-1,-32,-31,-63
SBUX,Starbucks,82.08,-7,-24,-9,0,-40,-6,-32,6,9,-23,-63
BIRK,Birkenstock,45.47,0,-22,-7,0,-29,-5,-20,-9,0,-34,-63
DXCM,Dexcom,66.36,0,-30,-7,-16,-53,15,-13,-2,-11,-11,-64
ASH,Ashland Global,49.01,6,-12,-49,-11,-66,22,-16,7,-12,1,-65
VVV,Valvoline,34.96,-84,-8,-3,33,-62,-7,-5,15,-6,-3,-65
BMY,Bristol Myers Squibb,45.12,-2,-3,-8,-7,-20,-14,-16,-22,7,-45,-65
MGM,MGM Resorts International,33.92,-20,-5,0,0,-25,-28,-17,15,-11,-41,-66
TAP,Molson Coors,45.64,25,-19,-21,-2,-17,-3,-21,-22,-5,-51,-68
KNX,Knight-Swift,43.27,14,-30,-32,-4,-52,14,-14,-2,-15,-17,-69
POOL,Pool Corporation,306.94,-7,-9,-30,-8,-54,-4,-5,4,-11,-16,-70
CCI,Crown Castle,94.0,-7,-29,-4,-30,-70,-7,2,-3,7,-1,-71
IRDM,Iridium Communications,20.02,21,-47,-11,-21,-58,21,-13,-2,-21,-15,-73
SLM,Sallie Mae,27.11,-56,-36,0,24,-68,9,-36,-1,23,-5,-73
LBRDA,Liberty Broadband (Series A),65.0,14,-51,-11,-38,-86,6,8,-11,10,13,-73
BBWI,"Bath & Body Works, Inc.",26.43,7,-21,-33,-17,-64,16,-14,-4,-8,-10,-74
NKE,"Nike, Inc.",71.18,-1,0,0,-23,-24,-7,-20,15,-38,-50,-74
DOCU,DocuSign,72.19,-56,-5,-2,-14,-77,4,-4,-10,13,3,-74
LBRDK,Liberty Broadband (Series C),65.22,14,-51,-11,-38,-86,5,8,-11,10,12,-74
AXTA,Axalta,28.18,-2,-10,-24,0,-36,12,-12,-37,-2,-39,-75
ZTS,Zoetis,145.24,33,-20,-43,-5,-35,-4,-21,-10,-7,-42,-77
FBIN,Fortune Brands Innovations,51.73,-9,-10,-34,-7,-60,-7,-13,7,-4,-17,-77
IEX,IDEX Corporation,167.01,30,-48,-36,-4,-58,43,-19,-36,-8,-20,-78
RARE,Ultragenyx,30.19,42,0,-34,-40,-32,14,-13,-42,-5,-46,-78
WHR,Whirlpool Corporation,79.3,0,-14,-13,-28,-55,30,-11,-4,-38,-23,-78
TDC,Teradata,23.03,14,3,-87,-19,-89,14,16,-1,-18,11,-78
CE,Celanese,44.29,21,-41,-51,-12,-83,31,-11,-5,-11,4,-79
PK,Park Hotels & Resorts,10.91,-74,0,0,0,-74,-5,-4,11,-7,-5,-79
CNH,CNH Industrial,10.97,1,-37,-5,0,-41,14,-53,-3,4,-38,-79
SLGN,Silgan Holdings,42.78,30,-48,-11,0,-29,-12,-48,-5,15,-50,-79
EMN,Eastman Chemical Company,63.72,6,-11,-29,-3,-37,16,-13,-43,-4,-44,-81
KBR,"KBR, Inc.",47.45,0,-8,-38,0,-46,1,-18,-16,-3,-36,-82
ARE,Alexandria Real Estate Equities,79.97,-7,39,-45,-32,-45,-4,-1,3,-37,-39,-84
PEP,PepsiCo,139.74,-2,-1,-50,0,-53,-7,-16,7,-15,-31,-84
BFAM,Bright Horizons,102.17,-21,-20,-7,0,-48,-23,-26,-4,17,-36,-84
XP,XP Inc.,17.11,-63,-1,1,0,-63,-34,-2,24,-10,-22,-85
FCN,FTI Consulting,161.06,0,-19,-45,0,-64,1,-13,-2,-7,-21,-85
CLX,Clorox,118.66,-7,-1,-25,-7,-40,-5,-5,-35,-1,-46,-86
GFS,GlobalFoundries,35.92,7,0,-90,0,-83,11,7,-2,-19,-3,-86
SMG,Scotts Miracle-Gro Company,57.39,16,-27,-30,-41,-82,-2,-13,14,-3,-4,-86
SFD,Smithfield Foods,22.68,-56,-13,0,0,-69,-7,-22,12,0,-17,-86
VIRT,Virtu Financial,32.39,-28,-26,0,16,-38,-26,-38,-1,16,-49,-87
CZR,Caesars Entertainment,26.37,-2,-1,-34,-27,-64,9,9,-2,-39,-23,-87
CHTR,Charter Communications,282.68,14,-51,-11,-38,-86,6,7,-11,-3,-1,-87
PPG,PPG Industries,103.51,-2,-11,-54,-10,-77,-1,-17,18,-10,-10,-87
MTDR,Matador Resources,44.83,-42,-6,-37,0,-85,6,-14,11,-8,-5,-90
JLL,Jones Lang LaSalle,291.23,-66,0,12,16,-38,-75,-5,12,16,-52,-90
WY,Weyerhaeuser,24.96,19,-17,-31,0,-29,12,-21,-43,-10,-62,-91
RDDT,Reddit,203.51,-70,0,5,0,-65,-32,-4,10,0,-26,-91
RITM,Rithm Capital,10.9,-92,-8,25,34,-41,-83,-13,18,28,-50,-91
AVY,Avery Dennison,162.79,14,-30,-43,0,-59,-1,-21,-3,-7,-32,-91
CAG,Conagra Brands,18.71,28,-1,-40,-9,-22,-2,-20,-22,-25,-69,-91
OWL,Blue Owl Capital,16.52,-63,-33,-12,0,-108,3,-9,-1,23,16,-92
EEFT,Euronet Worldwide,87.89,-1,-48,-11,-5,-65,14,-48,-8,15,-27,-92
DKNG,DraftKings,34.97,-46,-5,-2,0,-53,-58,-13,10,22,-39,-92
NWL,Newell Brands,5.26,1,-8,-35,-33,-75,25,-11,6,-38,-18,-93
ODFL,Old Dominion Freight Line,142.78,15,-48,-34,0,-67,37,-22,-39,-3,-27,-94
ATR,AptarGroup,131.97,-4,-46,-11,22,-39,-9,-43,-3,-1,-56,-95
BRKR,Bruker,36.49,28,0,-68,-10,-50,32,4,-72,-11,-47,-97
TGT,Target Corporation,88.95,25,-27,-39,-13,-54,-1,-33,-1,-8,-43,-97
KMX,CarMax,46.82,0,-12,-27,-38,-77,23,-10,-31,-2,-20,-97
CPB,Campbell Soup Company,31.28,-7,0,-40,-8,-55,-7,18,-47,-7,-43,-98
GTM,ZoomInfo,10.69,-56,19,0,0,-37,-33,-4,14,-39,-62,-99
KMPR,Kemper Corporation,50.12,-27,-8,-14,-2,-51,-40,-13,-11,16,-48,-99
PRMB,Primo Brands,21.5,-13,-88,-6,24,-83,-2,-16,-18,20,-16,-99
PINS,Pinterest,32.04,-75,-11,-3,-2,-91,-5,-11,14,-7,-9,-100
CHE,Chemed Corporation,435.69,-35,-4,-19,-1,-59,-1,-13,-17,-10,-41,-100
CAVA,Cava Group,63.81,12,-38,-22,0,-48,22,-42,-36,4,-52,-100
MRP,Millrose Properties,31.87,-49,0,0,0,-49,-56,-6,11,0,-51,-100
CPAY,Corpay,288.62,-90,-46,-6,23,-119,9,-15,-3,27,18,-101
HPQ,HP Inc.,26.6,-61,0,-33,0,-94,-5,-7,7,-3,-8,-102
DOW,Dow Inc.,23.42,15,-11,-51,-3,-50,28,-5,-66,-10,-53,-103
SLB,Schlumberger,34.58,0,0,-78,0,-78,-5,-7,-1,-12,-25,-103
TREX,"Trex Company, Inc.",52.29,15,-17,-61,-15,-78,-4,-13,-1,-8,-26,-104
G,Genpact,41.11,-21,-19,-5,0,-45,-34,-15,-23,12,-60,-105
GIS,General Mills,50.17,0,0,-49,-6,-55,-2,18,-45,-21,-50,-105
CNXC,Concentrix,47.51,-49,-7,-3,0,-59,-3,-3,-6,-35,-47,-106
OC,Owens Corning,136.75,-109,-6,-32,60,-87,-12,-13,7,-2,-20,-107
UHAL,U-Haul,56.37,-7,-49,-22,0,-78,-5,-13,-35,22,-31,-109
ACN,Accenture,248.13,5,-63,-31,-2,-91,4,-17,-27,21,-19,-110
AMCR,Amcor,8.07,-3,-37,-8,-1,-49,-4,-46,-8,-4,-62,-111
UDR,"UDR, Inc.",36.02,-23,-47,-6,-2,-78,-21,-15,-13,15,-34,-112
ABNB,Airbnb,120.33,-3,-42,-11,0,-56,-33,-16,-1,-7,-57,-113
BMRN,BioMarin Pharmaceutical,55.6,28,-21,-58,-22,-73,41,-35,-23,-24,-41,-114
SON,Sonoco,42.68,-86,-10,-4,-2,-102,-4,-7,15,-16,-12,-114
NIQ,NIQ Global Intelligence,15.25,-84,0,0,0,-84,-26,-5,0,0,-31,-115
BALL,Ball Corporation,49.63,0,-36,-11,-13,-60,-4,-44,-1,-7,-56,-116
NSA,National Storage Affiliates,29.93,-3,-3,-23,-6,-35,-23,-12,-44,-3,-82,-117
HLNE,Hamilton Lane,125.02,-63,-9,-6,27,-51,-63,-24,-3,23,-67,-118
GDDY,GoDaddy,137.21,-70,-62,-11,24,-119,9,-9,-27,24,-3,-122
CHDN,Churchill Downs Incorporated,93.32,-7,-26,-39,0,-72,-2,-43,-2,-3,-50,-122
INVH,Invitation Homes,28.22,-26,-52,-16,0,-94,-19,-17,-11,16,-31,-125
BJ,BJ's Wholesale Club,90.09,-84,-69,-3,12,-144,5,-36,-10,60,19,-125
STZ,Constellation Brands,138.74,33,-30,-53,-5,-55,41,-33,-69,-10,-71,-126
ADBE,Adobe Inc.,350.05,-35,-4,-44,-8,-91,3,17,-48,-7,-35,-126
DG,Dollar General,98.11,-45,-12,0,-19,-76,-26,-27,30,-28,-51,-127
CL,Colgate-Palmolive,77.44,-31,-63,-14,25,-83,-27,-24,-22,28,-45,-128
CROX,Crocs,80.62,0,-42,-50,-3,-95,-6,-15,-12,-7,-40,-135
GPK,Graphic Packaging,19.08,-7,-27,-27,0,-61,-9,-24,-40,-2,-75,-136
PCTY,Paylocity,156.53,-68,-30,-6,-5,-109,3,-34,-5,7,-29,-138
AAL,American Airlines Group,11.84,4,-8,-29,-78,-111,21,-14,7,-41,-27,-138
PENN,Penn Entertainment,18.48,-24,0,3,-36,-57,-35,-9,8,-46,-82,-139
CLVT,Clarivate,3.8,0,-12,-85,-8,-105,11,-12,11,-44,-34,-139
CPT,Camden Property Trust,102.93,-57,-9,-3,-1,-70,-62,-10,-11,13,-70,-140
IFF,International Flavors & Fragrances,61.51,0,-48,-31,-33,-112,30,-14,-43,-3,-30,-142
LSTR,Landstar,123.92,6,-49,-42,-2,-87,16,-14,-49,-9,-56,-143
MAA,Mid-America Apartment Communities,135.98,-56,-48,-5,0,-109,-21,-11,-16,13,-35,-144
EPAM,EPAM Systems,152.52,0,-19,-34,-29,-82,15,-17,-25,-39,-66,-148
HUN,Huntsman Corporation,9.39,4,-12,-53,-17,-78,24,-12,-48,-35,-71,-149
UHAL-B,U-Haul (Series N),50.9,-5,-49,-31,0,-85,-4,-13,-45,-3,-65,-150
FI,Fiserv,125.05,-89,-61,-22,37,-135,-4,-21,-23,29,-19,-154
SN,SharkNinja,94.39,-77,-5,16,0,-66,-75,-33,15,3,-90,-156
ALGM,Allegro MicroSystems,28.22,-56,-12,19,0,-49,-58,-48,16,-18,-108,-157
WEN,Wendy's Company (The),9.34,16,-72,-45,-10,-111,28,-19,-40,-17,-48,-159
PAYC,Paycom,200.11,-35,-30,0,-26,-91,-35,-33,-2,1,-69,-160
KHC,Kraft Heinz,25.27,-7,-21,-50,-2,-80,-7,-39,-22,-12,-80,-160
SAM,Boston Beer Company,217.29,0,0,-43,-39,-82,20,-13,-39,-46,-78,-160
CDW,CDW,157.31,-42,-44,-50,0,-136,-5,-9,-1,-10,-25,-161
FRPT,Freshpet,53.28,35,-79,-32,-8,-84,-13,-36,-28,-1,-78,-162
MTCH,Match Group,33.98,-73,-1,12,-39,-101,-26,-9,13,-40,-62,-163
TRU,TransUnion,76.63,-78,-12,-3,-1,-94,-79,-5,-1,16,-69,-163
AMT,American Tower,185.45,-35,-44,-5,-2,-86,-46,-43,-3,13,-79,-165
ENPH,Enphase Energy,37.14,0,0,-54,-22,-76,-3,-1,-61,-26,-91,-167
WU,Western Union,8.07,7,-8,-30,-48,-79,-5,-13,-65,-7,-90,-169
DLTR,Dollar Tree,87.65,-84,-21,0,-17,-122,-28,-30,33,-24,-49,-171
SITE,SiteOne Landscape Supply,124.92,-132,-9,-4,-11,-156,-4,-13,11,-10,-16,-172
UA,Under Armour (Class C),4.85,30,-41,-36,-39,-86,-4,-43,-3,-39,-89,-175
ALGN,Align Technology,131.49,21,-47,-75,-27,-128,22,-21,-11,-40,-50,-178
UAA,Under Armour (Class A),5.01,31,-41,-35,-46,-91,-4,-43,-2,-39,-88,-179
WSC,WillScot Mobile Mini,21.54,6,-46,-73,-8,-121,-2,-40,-2,-14,-58,-179
DJT,Trump Media & Technology Group,17.62,16,-89,-64,0,-137,19,-20,-32,-11,-44,-181
LYB,LyondellBasell,48.67,-7,-46,-52,-7,-112,16,-11,-66,-9,-70,-182
IAC,IAC Inc.,34.21,-77,-12,-10,-33,-132,-4,-4,-5,-40,-53,-185
BROS,Dutch Bros. Coffee,49.04,-152,-16,-3,0,-171,-12,-16,-2,13,-17,-188
BAX,Baxter International,23.14,28,-63,-31,-40,-106,-1,-16,-22,-43,-82,-188
NCNO,nCino,26.07,-71,-5,-34,0,-110,-81,-10,13,-3,-81,-191
MAN,ManpowerGroup,39.29,19,-29,-54,-30,-94,16,-21,-54,-38,-97,-191
LULU,Lululemon Athletica,174.11,0,-84,-19,-5,-108,-19,-22,-28,-14,-83,-191
GLOB,Globant,60.24,21,-98,-34,-9,-120,16,-46,-34,-9,-73,-193
TYL,Tyler Technologies,496.2,-133,-31,-2,19,-147,-32,-33,-1,20,-46,-193
INSP,Inspire Medical Systems,76.39,2,-99,-31,-8,-136,14,-16,-36,-19,-57,-193
COTY,Coty,4.05,0,-34,-72,-9,-115,7,-4,-74,-11,-82,-197
TEAM,Atlassian,150.14,-93,-62,-14,-8,-177,2,-10,-26,13,-21,-198
DXC,DXC Technology,13.6,-1,-1,-33,-75,-110,-1,-12,-40,-36,-89,-199
HRL,Hormel Foods,24.3,-7,-57,-18,-25,-107,-13,-53,-5,-32,-103,-210
PRGO,Perrigo,22.06,39,-43,-10,-115,-129,-2,-16,-10,-57,-85,-214
FLO,Flowers Foods,12.78,-2,-36,-45,-10,-93,-4,-29,-65,-25,-123,-216
RNG,RingCentral,28.37,-70,0,-33,-43,-146,-33,-5,7,-47,-78,-224
JKHY,Jack Henry & Associates,147.69,-93,-47,-11,-2,-153,5,-78,-11,13,-71,-224
ALK,Alaska Air Group,48.46,-113,-8,-3,0,-124,-110,-8,6,11,-101,-225
CMCSA,Comcast,31.1,-32,-49,-43,-11,-135,-59,-13,-10,-10,-92,-227
TW,Tradeweb,103.55,-161,-43,-6,2,-208,-1,-39,-7,25,-22,-230
BF-A,Brown–Forman (Class A),27.35,21,-21,-110,-20,-130,-7,-18,-50,-26,-101,-231
BF-B,Brown–Forman (Class B),27.55,23,-24,-111,-20,-132,-11,-18,-43,-30,-102,-234
FND,Floor & Decor,71.71,-83,-8,-42,-8,-141,-85,-5,5,-8,-93,-234
UPS,United Parcel Service,86.61,23,-49,-114,-18,-158,22,-21,-42,-36,-77,-235
XRAY,Dentsply Sirona,12.52,-2,-47,-89,-44,-182,-4,-12,-3,-42,-61,-243
KVUE,Kenvue,15.67,-96,-30,-6,0,-132,-77,-40,-11,5,-123,-255
SBAC,SBA Communications,188.68,-55,-44,-7,-22,-128,-84,-44,-6,7,-127,-255
RHI,Robert Half,34.36,14,-176,-37,-11,-210,22,-13,-35,-34,-60,-270
ACI,Albertsons,16.8,-175,-59,-5,0,-239,-7,-21,-11,2,-37,-276
MORN,"Morningstar, Inc.",223.68,-113,-47,-27,0,-187,-37,-60,-5,-2,-104,-291
FDS,FactSet,274.78,-133,-55,-13,-2,-203,-27,-51,-11,-3,-92,-295
COLD,Americold,13.45,12,-130,-49,-13,-180,22,-72,-49,-17,-116,-296
BRBR,BellRing Brands,33.74,-26,-106,-21,0,-153,-25,-98,-27,-1,-151,-304
MKTX,MarketAxess,167.95,-41,-51,-36,-31,-159,-33,-66,-10,-46,-155,-314
DV,DoubleVerify,11.31,-161,-20,-77,0,-258,-28,-22,6,-12,-56,-314
SFM,Sprouts Farmers Market,101.82,-209,-50,-3,48,-214,-110,-48,-7,59,-106,-320
FMC,FMC Corporation,31.28,-87,-27,-48,-26,-188,-103,-17,-3,-28,-151,-339
CHH,Choice Hotels,103.93,-189,-43,-11,0,-243,-47,-44,-25,16,-100,-343
