Symbol,Name,Close,1H Cloud Score,1D Cloud Score,1W Cloud Score,1M Cloud Score,Cloud Score Sum,1H TKx Score,1D TKx Score,1W TKx Score,1M TKx Score,TKx Score Sum,Total Score Sum
TJX,TJX Companies,133.38,49,7,148,198,402,47,11,117,193,368,770
COOP,Mr. Cooper Group,191.77,56,64,119,58,297,5,63,117,56,241,538
ORLY,O'Reilly Auto Parts,101.91,0,18,163,199,380,-11,24,54,89,156,536
WM,"Waste Management, Inc.",232.99,0,4,95,187,286,37,11,27,159,234,520
PLTR,Palantir Technologies,186.91,49,77,116,0,242,47,79,119,20,265,507
COST,Costco,990.68,41,-21,117,180,317,33,-40,-2,184,175,492
JPM,JPMorgan Chase,292.77,5,66,123,158,352,9,77,10,26,122,474
RBC,RBC Bearings,405.15,0,68,93,164,325,1,77,14,57,149,474
CASY,Casey's,520.05,-3,44,113,87,241,-11,44,117,78,228,469
RSG,Republic Services,233.46,-2,-10,124,177,289,37,-35,-1,160,161,450
MSI,Motorola Solutions,471.31,35,19,1,153,208,26,29,1,185,241,449
WMT,Walmart,103.64,98,14,127,101,340,56,9,10,29,104,444
ORI,Old Republic International,37.9,44,1,147,58,250,42,-21,117,55,193,443
CBOE,Cboe Global Markets,248.51,56,60,144,55,315,-2,55,22,51,126,441
ICE,Intercontinental Exchange,182.79,-7,70,112,161,336,-11,71,22,21,103,439
SO,Southern Company,93.96,-11,37,76,190,292,-12,53,23,79,143,435
RBA,RB Global,116.61,30,75,104,27,236,47,24,107,19,197,433
AAPL,Apple Inc.,229.65,34,31,0,251,316,34,-5,2,71,102,418
NFG,National Fuel Gas,87.76,4,148,60,52,264,-7,79,71,10,153,417
HUBB,Hubbell Incorporated,432.19,0,62,1,182,245,7,80,6,71,164,409
WELL,Welltower,164.75,0,61,116,58,235,-16,22,133,24,163,398
CTAS,Cintas,223.31,0,7,19,167,193,-7,10,13,187,203,396
AVGO,Broadcom,312.94,33,67,19,116,235,42,79,10,30,161,396
NVDA,Nvidia,183.1,30,63,14,134,241,41,71,10,26,148,389
ORCL,Oracle Corporation,253.8,3,63,11,198,275,5,70,10,27,112,387
NDAQ,"Nasdaq, Inc.",96.14,0,70,76,144,290,-4,77,10,14,97,387
HWM,Howmet Aerospace,180.9,-4,77,148,29,250,-11,-1,92,57,137,387
MSFT,Microsoft,529.46,0,71,16,173,260,9,79,10,25,123,383
ROL,"Rollins, Inc.",57.87,-7,14,31,286,324,-8,6,23,35,56,380
MA,Mastercard,574.18,21,9,126,155,311,15,16,10,26,67,378
ARES,Ares Management,192.66,37,64,17,59,177,7,77,10,106,200,377
MS,Morgan Stanley,147.25,30,64,76,64,234,41,75,10,16,142,376
EBAY,eBay,97.07,63,73,77,14,227,26,22,82,16,146,373
BK,BNY Mellon,103.62,31,66,94,40,231,42,70,10,19,141,372
GLW,Corning Inc.,65.71,139,63,19,17,238,42,70,8,14,134,372
CDNS,Cadence Design Systems,353.61,-13,33,17,141,178,-30,32,10,180,192,370
FAST,Fastenal,48.45,30,86,49,99,264,35,30,14,26,105,369
LYV,Live Nation Entertainment,158.47,21,65,94,147,327,12,3,9,16,40,367
GOOGL,Alphabet (Class A),203.34,34,53,8,176,271,42,27,5,21,95,366
GOOG,Alphabet (Class C),204.16,34,53,7,176,270,42,27,4,21,94,364
VMI,Valmont Industries,379.19,49,54,62,58,223,44,74,7,10,135,358
GS,Goldman Sachs,743.42,30,64,92,58,244,4,75,10,21,110,354
FFIV,"F5, Inc.",326.62,63,63,94,14,234,14,77,10,17,118,352
SGI,Somnigroup International,78.18,23,64,41,64,192,47,77,10,26,160,352
J,Jacobs Solutions,149.82,41,62,6,106,215,33,77,7,19,136,351
PWR,Quanta Services,391.47,0,71,17,99,187,2,79,10,72,163,350
IBKR,Interactive Brokers,67.64,21,64,89,57,231,21,33,8,57,119,350
MCD,McDonald's,301.64,-7,0,52,242,287,-10,20,-4,57,63,350
APH,Amphenol,111.79,49,77,19,65,210,17,79,10,27,133,343
WRB,W. R. Berkley Corporation,70.0,0,-2,94,176,268,-8,3,24,55,74,342
RTX,RTX Corporation,155.54,-20,63,77,54,174,-1,69,84,14,166,340
DUK,Duke Energy,124.44,0,20,76,183,279,-9,30,22,16,59,338
ADP,Automatic Data Processing,300.2,-1,-1,85,180,263,-4,11,10,57,74,337
ATO,Atmos Energy,165.75,35,4,74,45,158,28,20,85,45,178,336
KLAC,KLA Corporation,935.95,28,64,14,177,283,25,-9,10,26,52,335
DTE,DTE Energy,139.89,0,20,74,189,283,-10,17,27,13,47,330
MO,Altria,65.99,77,17,70,45,209,68,10,26,16,120,329
TMUS,T-Mobile US,252.39,24,3,94,139,260,26,16,-8,35,69,329
LOW,Lowe's,244.89,49,16,0,166,231,47,28,1,19,95,326
AZO,AutoZone,4000.18,0,17,94,86,197,-9,24,54,57,126,323
ETR,Entergy,90.89,1,22,76,137,236,-33,17,89,14,87,323
LOPE,Grand Canyon Education,198.15,35,4,147,35,221,27,3,34,34,98,319
ETN,Eaton Corporation,363.23,-42,64,8,114,144,17,77,8,72,174,318
NRG,NRG Energy,156.69,-35,0,103,94,162,9,10,113,21,153,315
L,Loews Corporation,94.33,49,64,112,55,280,8,-8,10,24,34,314
MPWR,Monolithic Power Systems,841.04,56,64,3,157,280,16,8,10,-2,32,312
ITT,ITT Inc.,170.0,7,70,16,99,192,7,77,10,26,120,312
EHC,Encompass Health,118.63,43,0,143,29,215,42,1,24,29,96,311
HD,Home Depot (The),396.0,49,16,1,180,246,14,29,2,19,64,310
KO,Coca-Cola Company (The),70.73,35,0,28,182,245,48,-21,23,14,64,309
LPLA,LPL Financial,373.49,0,65,45,99,209,7,26,10,57,100,309
BR,Broadridge Financial Solutions,262.34,0,17,114,145,276,-15,11,10,25,31,307
ALL,Allstate,206.77,3,9,97,159,268,2,9,11,17,39,307
FIX,Comfort Systems USA,718.82,8,67,17,64,156,6,79,10,55,150,306
HEI,HEICO (Common),316.26,-41,1,25,189,174,-11,69,16,57,131,305
AM,Antero Midstream,18.26,0,9,148,23,180,-13,3,78,55,123,303
SPGI,S&P Global,559.12,7,64,16,172,259,-18,33,8,21,44,303
KR,Kroger,73.54,50,37,79,67,233,-4,9,50,15,70,303
HIG,Hartford (The),129.02,49,6,94,57,206,9,10,21,56,96,302
SCHW,Charles Schwab Corporation,98.64,17,77,77,11,182,17,77,10,14,118,300
APP,AppLovin,467.2,86,9,105,0,200,56,17,6,18,97,297
BSX,Boston Scientific,102.62,-42,0,144,144,246,-12,-5,10,57,50,296
EME,Emcor,632.59,2,64,17,58,141,9,79,8,57,153,294
AXS,AXIS Capital,96.92,30,-10,86,45,151,43,-36,82,53,142,293
OLLI,Ollie's Bargain Outlet,132.92,-9,64,115,16,186,-24,45,63,23,107,293
RPM,RPM International,121.82,20,15,0,180,215,16,24,7,30,77,292
ANET,Arista Networks,141.22,35,49,7,58,149,35,45,6,56,142,291
RJF,Raymond James Financial,168.43,7,63,92,58,220,10,35,7,19,71,291
CW,Curtiss-Wright,501.66,2,72,19,54,147,5,79,10,49,143,290
SNPS,Synopsys,626.02,3,51,7,180,241,2,43,8,-5,48,289
HCA,HCA Healthcare,390.31,64,3,3,97,167,74,3,16,29,122,289
SCI,Service Corporation International,80.79,49,3,2,175,229,55,-17,8,13,59,288
MCO,Moody's Corporation,516.11,7,64,16,156,243,-19,31,8,25,45,288
SNX,TD Synnex,150.46,21,64,15,63,163,25,70,8,21,124,287
BYD,Boyd Gaming,83.38,0,64,48,59,171,2,77,10,27,116,287
ALAB,Astera Labs,191.53,128,62,0,0,190,66,24,5,0,95,285
AMD,Advanced Micro Devices,174.92,9,63,3,110,185,25,70,10,-7,98,283
BLK,BlackRock,1160.5,31,63,17,22,133,42,77,10,21,150,283
PEG,Public Service Enterprise Group,87.82,0,43,3,152,198,15,50,3,17,85,283
WCC,Wesco International,211.28,6,63,7,58,134,4,77,8,57,146,280
SHW,Sherwin-Williams,358.1,55,7,1,190,253,14,-16,10,19,27,280
WSM,"Williams-Sonoma, Inc.",206.58,118,30,8,65,221,3,32,2,21,58,279
PPL,PPL Corporation,36.89,34,22,76,23,155,4,17,88,14,123,278
LRCX,Lam Research,105.29,31,64,9,152,256,25,-8,10,-5,22,278
LIN,Linde plc,473.14,37,7,13,110,167,2,-8,10,106,110,277
YUM,Yum! Brands,142.08,-42,-6,28,259,239,-8,-10,-2,57,37,276
GD,General Dynamics,314.01,2,86,8,54,150,17,41,10,57,125,275
CME,CME Group,275.98,-6,0,54,136,184,-4,25,50,19,90,274
NFLX,Netflix,1225.28,22,0,116,20,158,27,-18,87,20,116,274
RGLD,Royal Gold,172.33,49,1,61,18,129,59,2,68,16,145,274
NVT,Nvent Electric,91.88,105,64,8,12,189,5,77,8,-5,85,274
HEI-A,HEICO (Class A),246.77,-41,0,26,182,167,-11,70,17,30,106,273
STE,Steris,243.77,28,3,14,195,240,22,-36,22,25,33,273
ITW,Illinois Tool Works,260.62,21,35,2,178,236,4,-4,7,29,36,272
ACM,AECOM,120.81,42,70,16,65,193,7,-10,10,72,79,272
TPR,"Tapestry, Inc.",110.88,7,64,80,21,172,2,70,8,19,99,271
GE,GE Aerospace,279.51,34,75,19,27,155,21,33,30,29,113,268
PM,Philip Morris International,168.59,35,-14,70,55,146,34,-26,85,27,120,266
MSA,MSA Safety,171.93,-19,66,0,164,211,-27,77,10,-5,55,266
FERG,Ferguson Enterprises,226.37,7,66,11,65,149,4,77,10,25,116,265
JEF,Jefferies Financial Group,61.24,30,40,0,58,128,39,40,1,57,137,265
NEU,NewMarket,761.03,39,86,19,29,173,52,-9,22,27,92,265
DGX,Quest Diagnostics,178.58,28,3,68,18,117,65,1,68,14,148,265
MMC,Marsh McLennan,204.48,7,-45,-3,175,134,3,-40,-11,178,130,264
NI,NiSource,42.37,2,25,74,45,146,-2,17,89,14,118,264
ALNY,Alnylam Pharmaceuticals,429.56,75,63,17,15,170,-3,71,10,15,93,263
AXON,Axon Enterprise,768.57,-7,0,145,94,232,-16,6,10,30,30,262
AWI,Armstrong World Industries,194.16,10,71,94,21,196,5,30,10,19,64,260
PGR,Progressive Corporation,242.98,-7,-44,0,177,126,-12,-40,-3,189,134,260
BX,Blackstone Inc.,173.73,7,35,4,142,188,13,33,5,21,72,260
BWXT,BWX Technologies,179.6,110,62,13,35,220,-17,15,10,31,39,259
GRMN,Garmin,232.96,22,37,112,19,190,43,-1,6,21,69,259
SSNC,SS&C Technologies,86.08,34,40,90,14,178,-7,65,7,15,80,258
PTC,PTC Inc.,204.56,-26,63,6,182,225,-28,27,7,26,32,257
HOOD,Robinhood Markets,114.09,30,66,81,0,177,46,4,10,18,78,255
LDOS,Leidos,178.07,42,76,2,23,143,46,33,13,19,111,254
AMAT,Applied Materials,188.49,21,64,0,149,234,25,-9,8,-5,19,253
CMI,Cummins,399.06,42,36,5,65,148,42,27,6,30,105,253
MNST,Monster Beverage,64.02,28,3,26,180,237,26,-34,19,4,15,252
C,Citigroup,95.68,20,64,19,18,121,32,74,10,14,130,251
T,AT&T,28.48,26,4,70,16,116,19,6,94,15,134,250
URI,United Rentals,917.12,7,64,7,64,142,8,35,8,57,108,250
SFM,Sprouts Farmers Market,147.88,-90,-12,145,46,89,-37,-10,151,57,161,250
VMC,Vulcan Materials,291.94,52,16,6,60,134,54,24,10,27,115,249
VST,Vistra Corp.,209.56,6,63,19,30,118,1,76,8,45,130,248
COHR,Coherent Corp.,116.59,30,63,6,15,114,42,70,7,15,134,248
RCL,Royal Caribbean Group,313.19,0,64,121,28,213,2,-6,10,27,33,246
JBL,Jabil,230.3,7,67,19,65,158,21,-1,11,57,88,246
DASH,DoorDash,264.36,1,63,97,0,161,-19,76,10,18,85,246
COR,Cencora,289.15,6,-1,44,75,124,13,-15,55,68,121,245
NEM,Newmont,68.92,49,88,19,5,161,5,50,19,10,84,245
LITE,Lumentum,119.66,30,62,14,3,109,47,70,8,10,135,244
SPOT,Spotify,689.04,31,0,112,12,155,-5,-21,95,20,89,244
ADI,Analog Devices,232.0,7,0,11,179,197,26,-15,10,26,47,244
CELH,Celsius Holdings,54.73,28,103,0,65,196,26,12,18,-9,47,243
WWD,"Woodward, Inc.",252.42,0,73,19,35,127,5,75,10,26,116,243
AAON,AAON,82.95,2,0,-13,245,234,5,-2,-25,31,9,243
RL,Ralph Lauren Corporation,299.83,2,66,94,34,196,12,-1,10,26,47,243
KKR,KKR & Co. Inc.,147.28,7,53,0,103,163,7,46,6,21,80,243
AMED,Amedisys,100.94,70,81,12,-40,123,40,44,25,10,119,242
AME,Ametek,184.94,0,9,4,106,119,2,9,10,101,122,241
MTZ,MasTec,184.44,30,70,19,18,137,2,77,10,13,102,239
DELL,Dell Technologies,141.66,28,64,6,32,130,25,77,10,-4,108,238
V,Visa Inc.,336.75,-65,-8,137,133,197,12,-8,10,26,40,237
PSTG,Pure Storage,59.39,7,63,0,42,112,31,31,6,57,125,237
SF,Stifel,114.51,7,54,8,59,128,13,69,7,20,109,237
PPC,Pilgrim's Pride,49.84,53,4,86,21,164,47,11,-4,18,72,236
TT,Trane Technologies,439.08,0,4,16,164,184,15,-3,10,29,51,235
RBLX,Roblox Corporation,129.54,-4,76,53,0,125,5,77,16,11,109,234
AIZ,Assurant,209.41,49,5,1,152,207,5,1,2,19,27,234
GILD,Gilead Sciences,120.01,21,58,51,35,165,18,3,8,39,68,233
ABBV,AbbVie,198.63,56,16,16,58,146,-2,23,2,64,87,233
AON,AON,363.85,17,7,0,177,201,-5,-4,-15,56,32,233
CRH,CRH plc,112.05,37,18,7,64,126,47,27,4,27,105,231
EVRG,Evergy,72.64,0,45,58,14,117,-18,45,77,10,114,231
USFD,US Foods,79.01,-28,67,143,35,217,-20,-4,10,26,12,229
PHM,PulteGroup,123.33,49,37,0,65,151,2,41,6,29,78,229
CSCO,Cisco,71.38,34,64,48,14,160,42,-8,10,25,69,229
PH,Parker Hannifin,752.3,22,65,17,65,169,22,-3,10,30,59,228
UI,Ubiquiti,475.23,35,36,52,10,133,46,28,10,10,94,227
BLD,TopBuild,429.56,48,38,2,46,134,48,41,6,-3,92,226
LLYVA,Liberty Live (Series A),89.31,30,77,30,0,137,41,38,10,0,89,226
OGE,OGE Energy,45.17,-7,20,68,45,126,-14,30,68,14,98,224
MP,MP Materials,74.99,56,47,32,0,135,-4,44,45,4,89,224
FLEX,Flex Ltd.,51.85,7,64,18,58,147,16,-6,10,57,77,224
TRV,Travelers Companies (The),263.96,0,0,91,58,149,-18,11,24,56,73,222
CSL,Carlisle Companies,384.48,0,1,-3,178,176,18,-3,10,20,45,221
COF,Capital One,216.71,7,70,94,21,192,7,-6,10,18,29,221
R,Ryder,179.16,5,49,10,56,120,2,35,7,56,100,220
SSD,Simpson Manufacturing Company,188.32,9,16,1,156,182,4,29,6,-1,38,220
CHD,Church & Dwight,92.27,-75,-12,-16,344,241,-19,-14,-14,25,-22,219
TRMB,Trimble Inc.,83.63,-10,64,79,4,137,-8,69,8,12,81,218
BWA,BorgWarner,40.11,63,66,8,2,139,55,30,10,-16,79,218
SLM,Sallie Mae,32.57,7,0,90,22,119,47,-14,44,21,98,217
CG,Carlyle Group (The),64.77,34,55,8,21,118,7,66,7,18,98,216
PFGC,Performance Food Group,98.28,-42,67,53,43,121,2,25,10,57,94,215
SRE,Sempra,82.08,1,19,0,181,201,-12,19,8,-1,14,215
AIT,Applied Industrial Technologies,270.59,5,33,7,58,103,3,45,6,57,111,214
GGG,Graco Inc.,85.37,7,0,1,178,186,3,-14,10,29,28,214
LLYVK,Liberty Live (Series C),90.97,22,70,30,0,122,41,40,10,0,91,213
MLM,Martin Marietta Materials,615.65,49,19,6,60,134,18,24,10,27,79,213
FYBR,Frontier Communications,36.97,7,2,89,0,98,5,1,94,14,114,212
CBRE,CBRE Group,156.05,3,48,92,22,165,-19,44,8,14,47,212
RMD,Resmed,283.21,0,70,17,13,100,14,76,9,13,112,212
VRT,Vertiv,143.66,0,63,9,8,80,22,77,7,26,132,212
HPE,Hewlett Packard Enterprise,21.31,21,60,1,42,124,31,-6,7,54,86,210
CXT,Crane NXT,60.18,21,54,0,55,130,19,-1,6,56,80,210
BPOP,"Popular, Inc.",117.25,23,71,17,59,170,16,-6,10,19,39,209
TTEK,Tetra Tech,36.73,-8,62,-29,119,144,-17,77,6,-1,65,209
CAT,Caterpillar Inc.,412.69,-31,63,8,64,104,-30,70,8,57,105,209
PNR,Pentair,106.17,28,64,9,62,163,13,1,8,24,46,209
APG,APi Group,35.47,1,71,18,0,90,5,77,10,26,118,208
LECO,Lincoln Electric,242.1,0,63,7,65,135,2,70,8,-7,73,208
RITM,Rithm Capital,12.31,7,64,17,32,120,20,31,10,26,87,207
JCI,Johnson Controls,106.63,0,72,75,19,166,16,-3,10,18,41,207
CNM,Core & Main,65.48,7,66,19,0,92,4,77,10,24,115,207
AJG,Arthur J. Gallagher & Co.,290.65,0,-34,0,186,152,-11,-40,-2,107,54,206
DHI,D. R. Horton,158.28,56,37,0,65,158,4,41,4,-2,47,205
PCAR,Paccar,98.93,2,16,-22,159,155,3,27,-14,34,50,205
HLT,Hilton Worldwide,268.81,6,64,16,64,150,28,-7,8,26,55,205
WTW,Willis Towers Watson,330.09,63,9,8,24,104,63,23,-15,29,100,204
IBM,IBM,234.73,-27,-9,109,54,127,-18,-17,56,56,77,204
INCY,Incyte,81.64,105,50,3,0,158,17,14,6,7,44,202
CACI,CACI,477.22,0,47,2,154,203,-5,-12,14,-1,-4,199
AMG,Affiliated Managers Group,219.7,14,70,11,22,117,13,41,10,17,81,198
FTI,TechnipFMC,35.11,-28,64,17,27,80,2,68,10,37,117,197
VLTO,Veralto,108.79,98,64,2,0,164,-5,27,9,0,31,195
DE,Deere & Company,505.86,-1,0,49,109,157,-11,-7,45,10,37,194
INSM,Insmed,122.01,13,44,64,16,137,13,14,10,20,57,194
AYI,Acuity Brands,322.74,13,40,4,27,84,14,69,6,20,109,193
TDG,TransDigm Group,1411.22,-42,0,19,157,134,-8,-1,10,57,58,192
STT,State Street Corporation,111.27,6,66,17,16,105,-7,71,9,14,87,192
AU,AngloGold Ashanti,57.27,49,8,76,18,151,-14,17,24,14,41,192
MTG,MGIC Investment Corporation,27.52,63,1,19,55,138,14,1,10,28,53,191
VICI,Vici Properties,32.87,-23,45,58,15,95,-29,45,23,57,96,191
JLL,Jones Lang LaSalle,283.96,30,38,4,14,86,41,43,4,14,102,188
FAF,First American Financial Corporation,64.4,103,13,2,14,132,47,10,-19,18,56,188
TSCO,Tractor Supply Company,59.3,0,30,7,85,122,-19,-5,4,85,65,187
CR,Crane Co.,197.16,6,71,16,0,93,6,73,10,5,94,187
AN,AutoNation,205.37,13,1,17,61,92,40,-12,10,57,95,187
TPG,TPG Inc.,63.68,35,47,2,0,84,42,38,4,19,103,187
TKO,TKO Group Holdings,186.06,14,2,71,40,127,19,-20,10,50,59,186
HAS,Hasbro,78.26,45,64,14,3,126,43,-5,10,11,59,185
WDC,Western Digital,75.92,2,64,12,18,96,1,75,10,3,89,185
MMM,3M,157.84,34,7,74,14,129,41,-9,10,14,56,185
GNRC,Generac,198.77,70,48,3,-34,87,14,66,7,10,97,184
JNJ,Johnson & Johnson,172.77,52,30,8,7,97,48,28,5,6,87,184
DCI,Donaldson Company,73.73,30,16,2,65,113,7,23,10,30,70,183
RDDT,Reddit,224.04,70,39,0,0,109,63,8,2,0,73,182
EXPD,Expeditors International,120.7,49,9,1,131,190,4,-15,6,-3,-8,182
D,Dominion Energy,61.3,57,62,14,1,134,-3,30,10,10,47,181
CLH,Clean Harbors,245.08,7,16,1,58,82,3,29,10,57,99,181
PAG,Penske Automotive Group,180.88,42,6,15,62,125,3,-15,10,57,55,180
OMF,OneMain Financial,57.21,0,64,17,60,141,7,-4,10,26,39,180
MKL,Markel,1929.04,-56,0,68,55,67,2,77,8,26,113,180
ULTA,Ulta Beauty,515.79,5,74,12,4,95,5,77,12,-9,85,180
AMZN,Amazon,221.44,0,54,17,21,92,-8,69,7,20,88,180
ROST,Ross Stores,147.99,49,7,1,35,92,47,16,-4,29,88,180
ALLE,Allegion,166.5,5,76,9,21,111,5,32,10,22,69,180
ADM,Archer Daniels Midland,58.56,41,65,2,0,108,41,41,10,-20,72,180
CVX,Chevron Corporation,154.45,9,26,7,48,90,35,47,1,6,89,179
EA,Electronic Arts,177.91,56,10,4,7,77,63,2,16,21,102,179
DDS,Dillard's,478.73,0,46,14,54,114,4,-2,7,55,64,178
BKNG,Booking Holdings,5460.99,-3,0,136,35,168,-19,-9,10,26,8,176
CVNA,Carvana,345.07,-37,76,92,11,142,-21,29,10,16,34,176
APO,Apollo Global Management,144.61,1,46,0,97,144,7,-8,6,26,31,175
CNP,Centerpoint Energy,38.38,0,18,49,45,112,-13,17,43,15,62,174
NET,Cloudflare,202.31,-13,64,39,0,90,-19,74,10,19,84,174
HLI,Houlihan Lokey,193.39,7,66,17,44,134,6,-3,10,26,39,173
RS,"Reliance, Inc.",286.17,-1,-8,0,115,106,-13,-7,10,77,67,173
CIEN,Ciena,96.39,34,64,9,12,119,3,27,8,16,54,173
WPC,W. P. Carey,65.48,1,61,29,2,93,-5,53,26,5,79,172
EVR,Evercore,307.11,5,63,7,58,133,5,-1,8,26,38,171
CAH,Cardinal Health,146.32,-7,-1,55,38,85,-3,-16,48,57,86,171
GEV,GE Vernova,657.62,0,76,0,0,76,5,79,11,0,95,171
EMR,Emerson Electric,132.95,0,64,16,64,144,-7,-2,10,26,27,171
GM,General Motors,54.15,21,46,7,11,85,26,38,7,13,84,169
SEIC,SEI Investments Company,88.03,2,0,92,35,129,13,-9,10,26,40,169
K,Kellanova,80.19,28,4,69,21,122,24,16,-7,13,46,168
LNC,Lincoln Financial,39.69,63,33,18,1,115,4,33,8,8,53,168
VIK,Viking Holdings,59.7,7,64,0,0,71,8,79,10,0,97,168
WEC,WEC Energy Group,109.42,-7,20,55,13,81,-11,18,68,11,86,167
IDXX,Idexx Laboratories,652.24,49,71,14,4,138,16,11,10,-8,29,167
OZK,Bank OZK,49.53,1,64,17,56,138,7,-6,8,19,28,166
THC,Tenet Healthcare,170.35,28,1,14,57,100,40,-7,8,24,65,165
UNP,Union Pacific Corporation,218.65,-14,-2,-5,198,177,-19,-15,3,19,-12,165
OSK,Oshkosh Corporation,138.8,7,63,11,4,85,2,68,8,2,80,165
TOL,Toll Brothers,128.28,6,48,-23,61,92,2,41,4,26,73,165
TDY,Teledyne Technologies,552.66,1,63,52,14,130,-24,33,10,15,34,164
LHX,L3Harris,270.11,-16,86,12,5,87,-28,79,12,14,77,164
VNT,Vontier,42.03,7,64,5,0,76,13,71,8,-5,87,163
COKE,Coca-Cola Consolidated,114.92,7,0,0,86,93,37,-4,-15,52,70,163
AMTM,Amentum,25.65,33,76,0,0,109,2,41,10,0,53,162
MDT,Medtronic,92.06,26,31,11,1,69,32,45,3,13,93,162
ECL,Ecolab,276.62,44,7,16,22,89,41,2,10,19,72,161
THO,Thor Industries,101.01,34,48,0,2,84,7,70,6,-6,77,161
CINF,Cincinnati Financial,151.4,2,7,85,62,156,-18,-2,10,15,5,161
META,Meta Platforms,789.98,7,64,17,29,117,12,1,8,23,44,161
EQH,Equitable Holdings,54.84,21,1,92,11,125,26,-20,10,19,35,160
FLUT,Flutter Entertainment,288.29,-21,46,19,21,65,-19,79,8,27,95,160
AEP,American Electric Power,111.99,0,28,73,23,124,-32,30,23,14,35,159
AFL,Aflac,103.55,34,-1,0,58,91,42,-21,-8,55,68,159
STWD,Starwood Property Trust,19.9,24,0,18,58,100,39,-11,10,21,59,159
WFC,Wells Fargo,79.47,0,1,92,29,122,12,-5,10,19,36,158
MSTR,MicroStrategy,394.29,16,4,99,19,138,-2,-9,10,20,19,157
HII,Huntington Ingalls Industries,267.91,0,103,8,6,117,-1,34,16,-9,40,157
FNB,FNB Corporation,15.52,7,64,1,55,127,9,-7,9,19,30,157
LVS,Las Vegas Sands,53.9,10,64,6,2,82,12,70,7,-14,75,157
MEDP,Medpace,459.51,15,38,4,32,89,14,48,4,2,68,157
NXST,Nexstar Media Group,202.1,19,63,9,4,95,14,30,7,10,61,156
PSN,Parsons Corporation,80.02,41,49,-27,0,63,43,48,3,-1,93,156
AFG,American Financial Group,130.79,35,5,1,56,97,36,5,4,14,59,156
SEB,Seaboard Corporation,3556.78,112,38,5,-23,132,-5,50,8,-29,24,156
SOFI,SoFi,23.67,7,56,46,0,109,28,-1,8,11,46,155
AXP,American Express,303.2,7,0,17,99,123,15,-12,8,21,32,155
PKG,Packaging Corporation of America,198.93,5,32,-3,61,95,36,-5,3,26,60,155
WMB,Williams Companies,57.78,-35,-6,112,52,123,-40,4,10,57,31,154
NSC,Norfolk Southern,277.97,-8,63,11,4,70,-18,77,10,14,83,153
KMI,Kinder Morgan,26.58,-35,-5,92,44,96,-7,4,8,52,57,153
FNF,Fidelity National Financial,59.97,49,1,2,58,110,19,13,-11,21,42,152
SYK,Stryker Corporation,376.52,-57,0,17,159,119,2,-6,8,29,33,152
ABT,Abbott Laboratories,131.0,77,-2,56,13,144,-8,5,-4,14,7,151
NOC,Northrop Grumman,581.03,0,31,10,58,99,-28,51,17,12,52,151
FHN,First Horizon Corporation,21.92,3,64,52,4,123,13,-3,8,10,28,151
WSO,Watsco,422.76,-77,-8,-3,196,108,5,-6,-28,71,42,150
AEE,Ameren,101.19,0,20,56,13,89,-32,22,61,10,61,150
PG,Procter & Gamble,155.09,12,-41,-6,179,144,33,-39,-14,26,6,150
CSX,CSX Corporation,35.83,7,63,2,4,76,2,67,10,-6,73,149
AMP,Ameriprise Financial,516.84,7,0,0,64,71,12,-14,8,71,77,148
DRI,Darden Restaurants,205.17,1,-9,44,61,97,1,-28,48,30,51,148
SYY,Sysco,80.75,1,51,7,3,62,1,64,7,14,86,148
NWS,News Corp (Class B),33.28,-17,0,112,58,153,-26,-10,10,21,-5,148
CMA,Comerica,68.04,3,38,7,4,52,7,69,7,12,95,147
SPR,Spirit AeroSystems,40.53,3,78,18,0,99,6,-2,30,14,48,147
NVR,"NVR, Inc.",7981.03,7,33,-23,65,82,3,29,3,29,64,146
LEN,Lennar (Class A),124.47,51,20,-30,64,105,14,29,1,-3,41,146
SYF,Synchrony Financial,72.35,7,64,17,21,109,12,-2,8,18,36,145
EXPE,Expedia Group,203.28,23,37,49,11,120,2,3,6,14,25,145
PAYX,Paychex,134.95,-14,-10,0,167,143,-8,-3,-1,14,2,145
BAM,Brookfield Asset Management,62.66,7,24,65,0,96,4,27,10,8,49,145
PANW,Palo Alto Networks,175.42,0,-9,0,81,72,7,-2,10,57,72,144
AFRM,Affirm Holdings,76.9,49,46,12,0,107,5,7,8,17,37,144
ZBRA,Zebra Technologies,328.22,1,50,-2,-7,42,16,69,4,13,102,144
LEN-B,Lennar (Class B),118.99,50,16,-28,62,100,14,30,1,-1,44,144
DAL,Delta Air Lines,58.44,22,36,0,19,77,38,1,2,26,67,144
JHG,Janus Henderson,43.92,7,49,6,19,81,5,33,7,18,63,144
LH,Labcorp,269.32,19,14,55,15,103,13,1,8,18,40,143
CHRW,C.H. Robinson,118.8,63,32,3,4,102,2,25,6,8,41,143
AMGN,Amgen,284.94,-65,29,0,165,129,-5,-4,-14,36,13,142
WAB,Wabtec,192.92,7,0,2,49,58,31,-13,10,56,84,142
CEG,Constellation Energy,338.76,0,64,16,0,80,1,32,10,19,62,142
BRX,Brixmor Property Group,26.45,4,46,0,55,105,2,-1,10,26,37,142
DLTR,Dollar Tree,114.08,-3,81,6,-15,69,-11,80,25,-22,72,141
SNA,Snap-on,325.46,7,19,0,59,85,4,-8,3,57,56,141
XYL,Xylem Inc.,143.38,0,64,8,22,94,-19,33,10,22,46,140
VTR,"Ventas, Inc.",68.49,0,20,72,22,114,-16,22,4,15,25,139
SPG,Simon Property Group,169.26,5,33,0,35,73,4,32,8,21,65,138
INTU,Intuit,713.57,-42,0,17,191,166,-57,-1,10,20,-28,138
LNG,Cheniere Energy,229.82,-20,-3,60,58,95,-30,5,10,56,41,136
LLY,Lilly (Eli),639.54,-77,-11,-3,172,81,-31,-3,-7,96,55,136
IDA,Idacorp,125.32,1,33,56,18,108,-33,25,26,10,28,136
DTM,DT Midstream,103.37,0,0,103,0,103,-7,4,10,25,32,135
XEL,Xcel Energy,72.39,-13,20,51,12,70,-32,29,59,9,65,135
PNW,Pinnacle West Capital,92.46,0,9,68,18,95,-11,2,22,26,39,134
CART,Maplebear Inc.,50.97,23,33,23,0,79,20,27,7,0,54,133
WBA,Walgreens Boots Alliance,11.87,98,64,0,-77,85,-3,79,6,-35,47,132
CNA,CNA Financial,47.51,49,5,2,57,113,2,6,-9,20,19,132
ADT,ADT Inc.,8.51,6,84,31,0,121,-18,-5,25,8,10,131
UAL,United Airlines Holdings,98.43,22,37,1,11,71,38,1,4,16,59,130
BG,Bunge Global,82.5,70,4,0,0,74,42,9,10,-5,56,130
EXEL,Exelixis,37.94,0,-11,64,14,67,-5,-11,55,24,63,130
KDP,Keurig Dr Pepper,34.82,26,4,7,1,38,28,34,18,12,92,130
DOV,Dover Corporation,177.99,0,0,-3,106,103,6,-5,6,19,26,129
BA,Boeing,232.41,7,77,8,0,92,40,-2,10,-11,37,129
GWW,W. W. Grainger,960.57,0,-8,-3,94,83,2,-13,-1,57,45,128
MCK,McKesson Corporation,658.99,-28,-4,42,58,68,-28,-17,38,67,60,128
ESI,Element Solutions,24.78,24,36,-20,57,97,34,-9,7,-1,31,128
NTRS,Northern Trust,127.38,0,64,16,11,91,7,6,10,13,36,127
MRVL,Marvell Technology,77.8,0,38,-21,106,123,-4,10,-21,18,3,126
LFUS,Littelfuse,255.08,7,64,3,2,76,-19,69,8,-8,50,126
PLNT,Planet Fitness,106.23,6,1,63,13,83,24,-5,10,14,43,126
OHI,Omega Healthcare Investors,40.46,5,23,6,40,74,1,15,5,31,52,126
GTES,Gates Corporation,24.44,0,64,17,15,96,2,-1,10,18,29,125
THG,Hanover Insurance,169.54,-20,3,61,24,68,-20,9,53,14,56,124
INFA,Informatica,24.72,3,55,0,0,58,-12,77,8,-7,66,124
TOST,"Toast, Inc.",44.08,-36,65,77,0,106,-33,24,10,17,18,124
MUSA,Murphy USA,390.53,1,-11,-13,68,45,34,-6,-29,79,78,123
FTAI,FTAI Aviation,142.56,11,10,3,47,71,5,10,6,31,52,123
FE,FirstEnergy,43.61,2,17,6,55,80,1,18,10,14,43,123
FITB,Fifth Third Bancorp,42.24,7,40,0,22,69,39,-8,7,16,54,123
KRC,Kilroy Realty,37.88,1,54,6,0,61,-13,57,6,11,61,122
ATI,ATI Inc.,75.49,0,0,16,43,59,4,-3,10,52,63,122
LNT,Alliant Energy,64.8,-7,24,68,14,99,-24,24,10,13,23,122
ELAN,Elanco,17.43,28,67,2,0,97,28,-6,9,-6,25,122
DKS,Dick's Sporting Goods,222.14,10,30,0,63,103,4,1,-21,33,17,120
ED,Consolidated Edison,103.64,0,0,28,47,75,-12,16,-4,45,45,120
OWL,Blue Owl Capital,20.31,21,43,-4,0,60,45,-9,2,21,59,119
BEN,Franklin Templeton Investments,25.7,49,67,8,1,125,14,-8,10,-22,-6,119
RF,Regions Financial Corporation,25.31,0,63,7,22,92,3,-1,8,14,24,116
ECG,Everus Construction Group,75.82,7,62,0,0,69,3,36,7,0,46,115
NTAP,Netapp,107.78,21,7,0,57,85,32,-8,7,-1,30,115
AL,Air Lease Corporation,58.11,16,0,17,22,55,33,-10,10,26,59,114
RPRX,Royalty Pharma,35.84,-13,67,32,0,86,-7,46,26,-38,27,113
MRP,Millrose Properties,31.76,37,53,0,0,90,-11,31,3,0,23,113
RKT,Rocket Companies,18.27,56,20,4,0,80,5,17,9,1,32,112
TER,Teradyne,111.63,7,35,-29,2,15,34,65,3,-5,97,112
MSM,MSC Industrial Direct,86.36,0,64,7,58,129,-11,-8,10,-9,-18,111
CCL,Carnival Corporation & plc,29.65,3,63,17,0,83,5,-5,8,19,27,110
TLN,Talen Energy,380.53,0,76,39,0,115,-30,11,11,2,-6,109
FRHC,Freedom Holding,180.43,-15,19,54,14,72,-23,20,10,30,37,109
BRK-B,Berkshire Hathaway,470.42,6,-49,124,62,143,6,-61,-5,26,-34,109
WBS,Webster Bank,57.75,1,64,8,14,87,1,-5,8,17,21,108
BRO,Brown & Brown,94.76,0,-73,-3,163,87,24,-19,-10,26,21,108
H,Hyatt Hotels,140.67,0,1,-3,55,53,2,-8,6,55,55,108
RGA,Reinsurance Group of America,186.17,30,-8,-3,40,59,39,-42,-1,53,49,108
POST,Post Holdings,107.04,20,-28,-6,87,73,17,-32,-8,57,34,107
BJ,BJ's Wholesale Club,107.87,0,-31,78,10,57,-11,5,-2,58,50,107
VZ,Verizon,43.24,23,4,30,10,67,19,9,-2,14,40,107
PNC,PNC Financial Services,191.13,7,54,2,14,77,14,-6,7,14,29,106
WTRG,Essential Utilities,38.77,56,0,6,0,62,23,16,-1,5,43,105
APPF,AppFolio,272.48,-21,49,5,28,61,-30,41,5,28,44,105
ZG,Zillow (Class A),77.03,-17,37,54,0,74,-19,27,3,20,31,105
TSLA,"Tesla, Inc.",340.76,32,3,0,10,45,37,9,4,10,60,105
PRI,Primerica,264.35,-27,0,0,108,81,2,-16,8,30,24,105
TNL,Travel + Leisure Co.,60.51,4,54,9,16,83,1,-1,7,14,21,104
EXC,Exelon,44.61,0,9,55,14,78,-12,29,-1,10,26,104
BKR,Baker Hughes,42.5,-28,18,4,35,29,-19,63,4,26,74,103
LAZ,Lazard,53.99,7,47,2,20,76,12,-5,7,13,27,103
RLI,RLI Corp.,66.34,-14,-48,-10,176,104,-19,-41,-29,87,-2,102
MAS,Masco,71.21,7,30,-20,65,82,1,30,-32,21,20,102
CMS,CMS Energy,72.81,-14,11,76,23,96,-29,22,-1,14,6,102
STLD,Steel Dynamics,125.54,0,-8,-3,55,44,4,-14,10,57,57,101
BEPC,Brookfield Renewable Partners,33.41,-56,65,10,0,19,-14,76,10,10,82,101
NBIX,Neurocrine Biosciences,128.9,0,1,-5,25,21,2,74,7,-4,79,100
KEY,Keycorp,17.94,1,64,8,4,77,7,-6,8,13,22,99
TROW,T. Rowe Price,107.67,34,49,-23,-25,35,12,33,6,13,64,99
TTWO,Take-Two Interactive,232.69,7,0,45,13,65,-12,-19,45,20,34,99
CFG,Citizens Financial Group,48.14,3,52,8,4,67,13,-3,7,14,31,98
HAYW,Hayward Holdings,15.71,7,35,2,0,44,3,27,8,16,54,98
FCX,Freeport-McMoRan,42.14,7,0,0,58,65,40,-12,10,-6,32,97
WTM,White Mountains Insurance Group,1828.03,6,2,-4,59,63,5,-8,-20,56,33,96
WYNN,Wynn Resorts,112.53,7,66,8,3,84,12,-3,10,-8,11,95
EXP,Eagle Materials,233.72,6,15,-15,57,63,7,27,-29,27,32,95
VIRT,Virtu Financial,42.11,-37,0,76,14,53,-44,1,71,14,42,95
MDU,MDU Resources,16.58,-28,0,0,58,30,1,24,10,30,65,95
QGEN,Qiagen,48.96,0,61,12,3,76,7,-4,10,5,18,94
XPO,"XPO, Inc.",126.69,1,1,-3,61,60,4,-4,7,27,34,94
FOXA,Fox Corporation (Class A),56.14,6,0,68,1,75,12,-16,8,14,18,93
UNM,Unum,70.32,0,-10,1,40,31,7,-10,10,54,61,92
NLY,Annaly Capital Management,20.6,-11,46,18,10,63,-27,32,8,16,29,92
AIG,American International Group,78.45,2,-22,28,53,61,14,-28,23,21,30,91
ES,Eversource Energy,65.82,-21,67,15,-10,51,6,22,10,2,40,91
GL,Globe Life,139.68,0,16,45,14,75,-12,15,4,8,15,90
AMCR,Amcor,9.76,26,30,0,0,56,38,-8,6,-2,34,90
GEN,Gen Digital,31.85,21,3,15,16,55,15,-6,10,16,35,90
MET,Metlife,76.55,7,0,0,58,65,19,-21,8,18,24,89
PFG,Principal Financial Group,77.25,0,0,-3,55,52,14,-2,7,18,37,89
SN,SharkNinja,116.78,-2,40,8,0,46,2,32,7,1,42,88
F,Ford Motor Company,11.23,35,78,2,-17,98,-5,-10,10,-5,-10,88
INGR,Ingredion,126.81,0,-8,-3,34,23,17,-19,10,56,64,87
WMS,Advanced Drainage Systems,136.77,28,6,0,3,37,39,4,10,-3,50,87
QRVO,Qorvo,89.74,24,64,0,-31,57,28,-1,8,-5,30,87
IVZ,Invesco,21.03,1,40,7,2,50,-19,36,7,13,37,87
CPRT,Copart,47.19,19,-55,-13,176,127,5,-51,-23,28,-41,86
FOX,Fox Corporation (Class B),51.14,6,0,67,1,74,11,-15,7,9,12,86
FCNCA,First Citizens BancShares,1883.76,0,-4,-3,59,52,9,-4,7,21,33,85
CB,Chubb Limited,269.76,23,-29,0,58,52,21,-40,-4,56,33,85
WING,Wingstop,342.24,0,0,0,38,38,6,2,8,31,47,85
SSB,SouthState Corporation,95.48,3,35,0,22,60,7,-5,4,19,25,85
SAIC,SAIC,117.17,41,24,-37,67,95,-5,-6,2,-1,-10,85
MAR,Marriott International,265.01,0,0,0,58,58,2,-9,7,27,27,85
VRTX,Vertex Pharmaceuticals,387.95,-42,-6,-2,104,54,5,-6,-6,37,30,84
AGNC,AGNC Investment,9.45,-33,49,11,16,43,-31,47,8,17,41,84
VKTX,Viking Therapeutics,39.88,27,30,-40,21,38,21,26,5,-6,46,84
Z,Zillow (Class C),80.16,-16,37,11,0,32,-19,46,4,20,51,83
EOG,EOG Resources,118.36,0,0,-5,45,40,8,-19,3,51,43,83
VRSN,Verisign,262.95,-8,-1,36,9,36,-9,-3,52,7,47,83
BOKF,BOK Financial Corporation,104.47,7,33,0,22,62,8,-5,4,14,21,83
SLGN,Silgan Holdings,46.41,0,-10,-3,80,67,2,-10,10,13,15,82
BAC,Bank of America,47.49,7,1,17,18,43,20,-6,10,14,38,81
WTFC,Wintrust Financial,127.35,0,1,9,49,59,1,-6,8,19,22,81
ROKU,"Roku, Inc.",84.33,0,45,0,-19,26,-24,69,5,4,54,80
CSGP,CoStar Group,88.42,-18,46,6,14,48,-23,41,23,-9,32,80
SCCO,Southern Copper,98.27,34,0,0,62,96,-7,-17,10,-2,-16,80
HLNE,Hamilton Lane,158.65,38,1,0,25,64,2,-4,-3,21,16,80
PRU,Prudential Financial,105.24,21,0,-13,55,63,13,-19,4,19,17,80
LPX,Louisiana-Pacific,95.6,7,11,0,63,81,1,-4,-24,26,-1,80
GPC,Genuine Parts Company,134.75,37,17,1,0,55,7,24,10,-17,24,79
BURL,Burlington Stores,278.58,0,27,1,3,31,2,26,3,17,48,79
ZION,Zions Bancorporation,53.16,0,46,0,4,50,14,-7,7,15,29,79
UBER,Uber,91.74,27,7,18,0,52,-4,-11,16,26,27,79
MU,Micron Technology,127.76,28,3,2,22,55,38,-19,10,-5,24,79
CTVA,Corteva,71.02,2,0,53,0,55,19,-17,10,11,23,78
TKR,Timken Company,76.86,0,49,0,4,53,25,-2,7,-5,25,78
O,Realty Income,57.67,23,8,10,7,48,19,-13,10,13,29,77
AVT,Avnet,53.33,9,0,1,45,55,23,-9,10,-2,22,77
U,Unity Technologies,37.31,7,53,6,0,66,9,27,10,-35,11,77
GPK,Graphic Packaging,22.73,5,0,-19,58,44,-5,-2,-32,71,32,76
FWONK,Liberty Formula 1 (Series C),96.59,-80,0,70,57,47,-28,-9,10,56,29,76
AGCO,AGCO,110.93,-31,66,7,2,44,2,32,11,-13,32,76
KNSL,Kinsale Capital Group,436.73,-20,-11,-3,33,-1,-11,-4,7,85,77,76
DINO,HF Sinclair,44.33,7,66,0,1,74,4,-4,10,-8,2,76
W,Wayfair,74.65,7,64,4,-41,34,1,70,10,-40,41,75
PINS,Pinterest,34.78,-21,49,0,0,28,-19,65,6,-5,47,75
AWK,American Water Works,142.05,-7,8,26,1,28,-5,22,22,8,47,75
GXO,GXO Logistics,51.39,9,64,1,0,74,2,-3,9,-8,0,74
HON,Honeywell,217.01,-98,-1,0,178,79,-26,-11,10,22,-5,74
CMG,Chipotle Mexican Grill,42.8,-1,-14,-6,80,59,5,-15,-4,29,15,74
IPGP,IPG Photonics,78.32,5,63,1,-44,25,16,70,6,-44,48,73
REG,Regency Centers,71.85,-9,7,5,53,56,-22,10,10,19,17,73
EWBC,East West Bancorp,102.17,7,1,9,22,39,13,-7,9,19,34,73
NTRA,Natera,159.75,23,0,1,18,42,40,-25,-3,19,31,73
GWRE,Guidewire Software,207.76,-27,-4,110,21,100,-30,-28,10,20,-28,72
TFC,Truist Financial,44.01,3,38,1,4,46,9,-5,7,14,25,71
SJM,J.M. Smucker Company (The),111.38,26,16,2,-4,40,43,21,-10,-23,31,71
PODD,Insulet,309.34,25,1,45,4,75,16,-40,14,6,-4,71
ADC,Agree Realty,72.66,-11,-3,63,16,65,-11,9,-5,13,6,71
LMT,Lockheed Martin,431.36,2,-16,-29,165,122,-18,-27,-4,-2,-51,71
FSLR,First Solar,184.74,0,29,-39,62,52,-15,29,10,-6,18,70
UTHR,United Therapeutics,301.3,2,0,-10,57,49,-5,-5,-29,59,20,69
ACGL,Arch Capital Group,87.79,0,-21,-8,62,33,-1,-13,-1,51,36,69
NCLH,Norwegian Cruise Line Holdings,24.24,-35,35,0,0,0,-19,65,3,20,69,69
LSCC,Lattice Semiconductor,63.3,42,6,1,0,49,42,-9,2,-15,20,69
WEX,WEX Inc.,170.75,4,46,-43,1,8,1,64,4,-8,61,69
MTD,Mettler Toledo,1293.07,30,49,-23,0,56,18,-5,4,-5,12,68
PINC,"Premier, Inc.",24.02,49,4,17,-28,42,40,5,15,-34,26,68
TRGP,Targa Resources,168.0,14,1,0,51,66,-12,-20,-20,54,2,68
WAL,Western Alliance Bancorporation,82.67,7,1,0,4,12,39,-8,7,18,56,68
LNW,Light & Wonder,86.85,2,-4,-3,57,52,12,-8,-15,25,14,66
TXT,Textron,78.54,7,0,-4,53,56,9,-5,10,-5,9,65
HBAN,Huntington Bancshares,16.49,3,0,9,21,33,13,-10,10,16,29,62
DKNG,DraftKings,43.1,-21,40,0,0,19,-19,40,2,20,43,62
SFD,Smithfield Foods,24.52,0,59,0,0,59,-11,10,4,0,3,62
APD,Air Products,289.32,1,35,0,16,52,1,-4,2,10,9,61
VVV,Valvoline,38.72,35,5,0,31,71,1,-15,7,-4,-11,60
TW,Tradeweb,131.05,-42,-5,109,0,62,-34,-1,10,23,-2,60
AOS,A. O. Smith,71.35,6,30,-42,58,52,5,-4,10,-5,6,58
UHS,Universal Health Services,175.22,49,-20,-11,22,40,39,-16,-4,-1,18,58
EL,Estée Lauder Companies (The),91.71,0,54,0,-26,28,-10,67,8,-35,30,58
UGI,UGI Corporation,35.24,-25,0,42,4,21,-13,-4,49,5,37,58
ROK,Rockwell Automation,339.89,7,1,15,15,38,24,-5,10,-11,18,56
KEYS,Keysight,167.09,7,1,2,1,11,32,-1,8,5,44,55
COLB,Columbia Banking System,25.25,21,13,0,0,34,16,-10,5,10,21,55
RNR,RenaissanceRe,239.59,-30,0,-8,35,-3,12,8,8,28,56,53
ROP,Roper Technologies,519.48,-58,-8,-2,182,114,-61,-25,-1,26,-61,53
BROS,Dutch Bros. Coffee,68.82,28,0,53,0,81,1,-38,-3,11,-29,52
HR,Healthcare Realty Trust,16.55,0,32,2,-9,25,-22,38,2,9,27,52
COIN,Coinbase,322.54,0,0,9,0,9,23,-8,9,18,42,51
NUE,Nucor,141.44,7,41,0,3,51,4,-3,7,-8,0,51
MTB,M&T Bank,191.09,4,0,1,22,27,12,-10,8,14,24,51
SMMT,Summit Therapeutics,25.68,-7,0,9,14,16,-5,28,-8,19,34,50
NEE,NextEra Energy,71.85,26,6,2,0,34,-2,-6,10,13,15,49
XYZ,"Block, Inc.",74.51,-20,42,-3,-36,-17,-12,61,4,13,66,49
NVST,Envista,20.89,14,49,4,0,67,17,-9,6,-32,-18,49
SKX,Skechers,62.9,-51,62,-24,55,42,-21,-6,7,26,6,48
STAG,STAG Industrial,34.75,-16,0,0,96,80,-15,-23,10,-4,-32,48
FWONA,Liberty Formula 1 (Series A),86.31,-80,0,69,62,51,-56,-12,9,56,-3,48
AMKR,Amkor Technology,24.37,7,49,-40,2,18,32,-1,4,-5,30,48
VOYA,Voya Financial,72.93,35,5,1,4,45,2,-8,8,-1,1,46
AGO,Assured Guaranty,81.94,-19,-4,-2,56,31,-22,5,10,22,15,46
ETSY,Etsy,66.47,7,54,1,-30,32,23,18,10,-37,14,46
SHC,Sotera Health,14.85,21,3,1,0,25,21,3,2,-6,20,45
HHH,Howard Hughes Holdings,72.36,28,4,0,-6,26,38,-5,-28,14,19,45
NWSA,News Corp (Class A),28.82,-24,0,9,58,43,-19,-10,10,21,2,45
GLPI,Gaming and Leisure Properties,45.87,-23,-5,0,65,37,-29,-13,-8,57,7,44
FIVE,Five Below,137.98,7,66,0,-16,57,-9,-1,11,-15,-14,43
HOLX,Hologic,67.95,2,52,-35,0,19,16,12,3,-7,24,43
RH,RH,237.29,47,19,-24,-7,35,7,15,-23,9,8,43
LAMR,Lamar Advertising,117.37,-21,0,0,64,43,-21,-8,8,21,0,43
SBUX,Starbucks,93.38,7,3,0,1,11,40,-1,-15,7,31,42
FHB,"First Hawaiian, Inc.",24.59,3,0,0,14,17,14,-10,7,14,25,42
ALLY,Ally Financial,38.31,7,1,2,4,14,14,-10,8,16,28,42
DOX,Amdocs,86.44,-2,-2,2,58,56,-3,-26,10,5,-14,42
OC,Owens Corning,149.53,7,6,-24,58,47,1,-8,-28,29,-6,41
AUR,Aurora Innovation,6.36,30,0,-1,0,29,-5,19,-18,15,11,40
USB,U.S. Bancorp,45.76,7,1,0,4,12,18,-12,7,15,28,40
BLDR,Builders FirstSource,137.46,7,30,-28,65,74,4,-3,-32,-3,-34,40
DOCS,Doximity,61.83,21,34,0,0,55,-1,-10,-17,12,-16,39
CCK,Crown Holdings,101.59,10,0,17,5,32,-3,-12,10,12,7,39
JHX,James Hardie Industries,28.67,39,32,-27,3,47,42,-9,-39,-3,-9,38
IP,International Paper,48.36,0,1,0,16,17,4,-2,3,16,21,38
TSN,Tyson Foods,56.44,42,0,-1,-28,13,46,-21,-11,11,25,38
FDX,FedEx,230.38,7,1,-26,32,14,33,-8,2,-4,23,37
WH,Wyndham Hotels & Resorts,87.61,2,25,-3,11,35,6,-3,-17,15,1,36
EQIX,Equinix,787.24,0,-28,-8,34,-2,12,8,-8,26,38,36
RYN,Rayonier,26.24,28,6,-20,0,14,41,22,-32,-9,22,36
TFSL,Third Federal S&L,13.01,7,0,3,5,15,7,-15,10,19,21,36
ROIV,Roivant Sciences,11.57,2,1,1,0,4,5,17,10,-1,31,35
ELF,e.l.f. Beauty,116.75,6,0,0,31,37,14,-19,8,-5,-2,35
ATR,AptarGroup,139.4,-1,-8,-3,20,8,-3,-5,10,25,27,35
FLS,Flowserve,53.18,-56,35,0,27,6,2,-2,3,25,28,34
ALK,Alaska Air Group,56.23,7,30,0,2,39,2,1,-17,9,-5,34
PEP,PepsiCo,146.95,26,19,-42,0,3,38,44,-39,-13,30,33
CBSH,Commerce Bancshares,61.4,3,-6,0,11,8,13,-12,10,13,24,32
MANH,Manhattan Associates,212.94,-58,58,-29,65,36,-30,-4,3,27,-4,32
NTNX,Nutanix,69.3,-27,-2,31,22,24,-19,-8,10,24,7,31
CNH,CNH Industrial,12.51,0,0,19,0,19,15,-15,10,2,12,31
MHK,Mohawk Industries,125.78,10,26,-26,-11,-1,1,30,2,-1,32,31
EQT,EQT Corporation,51.27,-53,-8,41,42,22,-18,-25,41,10,8,30
PNFP,Pinnacle Financial Partners,92.41,14,-13,-4,15,12,12,-13,1,18,18,30
SMCI,Supermicro,46.42,-35,1,0,58,24,-54,63,5,-9,5,29
IQV,IQVIA,185.92,0,19,-40,0,-21,9,45,2,-6,50,29
FICO,Fair Isaac,1320.58,-63,-26,-6,166,71,-20,-25,-28,31,-42,29
CVS,CVS Health,65.49,26,0,10,-17,19,36,3,-1,-28,10,29
IR,Ingersoll Rand,78.43,0,-5,-21,23,-3,5,-10,7,29,31,28
CI,Cigna,280.31,7,-27,-6,58,32,21,-21,-3,-1,-4,28
KEX,Kirby Corporation,99.16,-24,-9,-3,35,-1,-21,-2,10,42,29,28
HRB,H&R Block,51.44,-8,-45,-1,52,-2,-5,-11,-6,52,30,28
SNV,Synovus,48.96,7,0,0,21,28,-15,-7,8,14,0,28
ARW,Arrow Electronics,123.35,6,0,1,4,11,25,-10,10,-8,17,28
GO,Grocery Outlet,18.51,35,5,0,0,40,-8,21,2,-28,-13,27
IONS,Ionis Pharmaceuticals,41.41,-38,67,1,0,30,-3,-1,10,-10,-4,26
SITE,SiteOne Landscape Supply,138.0,1,31,-26,-9,-3,4,30,3,-8,29,26
LII,Lennox International,590.45,-70,31,0,38,-1,1,-5,4,27,27,26
SEG,Seaport Entertainment Group,23.43,5,28,0,0,33,-3,24,-28,0,-7,26
MTSI,MACOM Technology Solutions,125.34,-28,0,0,58,30,-33,-8,8,29,-4,26
NYT,New York Times Company,58.01,0,5,2,16,23,-11,-18,10,21,2,25
SW,Smurfit Westrock,44.29,0,0,-3,16,13,20,-3,-23,17,11,24
MTCH,Match Group,36.42,0,48,4,-37,15,-14,56,5,-38,9,24
ISRG,Intuitive Surgical,478.39,0,-10,-3,22,9,9,-18,-2,26,15,24
GNTX,Gentex,27.23,7,29,-42,0,-6,7,27,4,-8,30,24
TXN,Texas Instruments,192.95,7,0,1,22,30,-19,-14,10,16,-7,23
XOM,ExxonMobil,106.12,-54,-7,-2,44,-19,1,-18,9,50,42,23
TXRH,Texas Roadhouse,176.8,-21,-3,0,64,40,-19,-39,10,31,-17,23
DG,Dollar General,115.2,55,8,2,-17,48,-4,-18,22,-26,-26,22
BMY,Bristol Myers Squibb,46.54,13,-11,-3,-5,-6,42,-5,-14,5,28,22
TEM,Tempus AI,66.36,21,1,0,0,22,21,-25,3,0,-1,21
CRUS,Cirrus Logic,108.68,15,1,-23,19,12,20,-19,10,-3,8,20
GLIBK,GCI Liberty (Series C),34.37,27,0,0,0,27,-7,0,0,0,-7,20
VTRS,Viatris,10.12,26,4,-25,0,5,20,-6,2,-1,15,20
GLIBA,GCI Liberty (Series A),34.57,23,0,0,0,23,-5,0,0,0,-5,18
SNDK,SanDisk,46.82,21,1,0,0,22,13,-20,2,0,-5,17
LAD,Lithia Motors,300.82,5,-11,-5,14,3,4,-12,1,21,14,17
CFR,Frost Bank,124.84,0,0,0,4,4,2,-8,8,10,12,16
LEA,Lear Corporation,99.99,7,1,0,-17,-9,39,-8,9,-15,25,16
TMO,Thermo Fisher Scientific,476.25,5,15,-22,0,-2,13,29,-21,-3,18,16
EFX,Equifax,241.13,-2,-8,-4,16,2,2,-16,10,18,14,16
VEEV,Veeva Systems,275.43,-57,0,45,8,-4,-7,-2,10,18,19,15
BDX,Becton Dickinson,194.95,28,4,-28,-5,-1,20,30,-19,-15,16,15
PB,Prosperity Bancshares,67.22,7,-11,-4,14,6,7,-14,2,14,9,15
VNOM,Viper Energy,38.19,3,-36,-9,44,2,2,-8,-28,47,13,15
TAP,Molson Coors,51.05,21,0,-13,0,8,29,-5,-14,-3,7,15
HUM,Humana,274.9,107,6,-89,-12,12,33,9,-20,-20,2,14
QCOM,Qualcomm,153.74,0,0,-25,22,-3,23,-9,8,-5,17,14
HXL,Hexcel,61.97,7,36,-29,1,15,3,1,4,-9,-1,14
CUZ,Cousins Properties,27.59,5,-9,0,11,7,4,-21,10,13,6,13
ASTS,AST SpaceMobile,49.73,-65,48,11,0,-6,5,-4,10,8,19,13
TRIP,Tripadvisor,17.99,21,29,0,-52,-2,28,24,7,-44,15,13
PCG,PG&E Corporation,15.48,51,0,-30,1,22,10,11,-29,-1,-9,13
NNN,NNN Reit,41.64,-23,0,8,22,7,-8,-12,10,14,4,11
MSGS,Madison Square Garden Sports,195.78,-2,-1,-4,21,14,-24,-11,3,27,-5,9
QS,QuantumScape,9.35,0,38,6,0,44,-2,-5,8,-36,-35,9
EEFT,Euronet Worldwide,94.97,0,-10,-3,-3,-16,12,-10,10,13,25,9
DXCM,Dexcom,80.21,0,0,0,-14,-14,23,-1,10,-9,23,9
MAT,Mattel,17.96,12,0,-4,0,8,39,-14,7,-31,1,9
CWEN-A,Clearway Energy (Class A),27.48,-37,-2,58,6,25,-40,-8,22,10,-16,9
DHR,Danaher Corporation,205.7,7,4,-29,0,-18,20,7,3,-4,26,8
CWEN,Clearway Energy (Class C),29.33,-37,-2,58,4,23,-40,-8,22,10,-16,7
DBX,Dropbox,27.33,1,-10,0,9,0,14,-8,-7,8,7,7
GMED,Globus Medical,61.87,24,0,-15,0,9,41,-35,-20,12,-2,7
DECK,Deckers Brands,103.73,-63,-9,-24,93,-3,2,-4,-20,31,9,6
BAH,Booz Allen Hamilton,108.91,-9,0,-30,101,62,-19,-4,-32,-1,-56,6
RBRK,Rubrik,88.28,-21,0,0,0,-21,-24,7,44,0,27,6
HPQ,HP Inc.,26.61,26,1,-25,0,2,42,-8,-29,-1,4,6
TYL,Tyler Technologies,563.85,-8,0,0,17,9,-23,1,1,18,-3,6
SARO,StandardAero,28.67,10,0,0,0,10,6,-21,10,0,-5,5
MKSI,MKS Instruments,103.48,24,4,-27,-13,-12,25,-9,6,-5,17,5
RAL,Ralliant,44.58,0,0,0,0,0,13,-9,0,0,4,4
CACC,Credit Acceptance,478.19,1,-8,-3,0,-10,31,-19,7,-5,14,4
EXE,Expand Energy,95.86,-25,-17,41,0,-1,-19,-28,41,10,4,3
BC,Brunswick Corporation,60.47,7,48,-38,-7,10,3,-6,4,-9,-8,2
ALSN,Allison Transmission,91.25,16,-23,-5,35,23,7,-41,-21,34,-21,2
MSCI,MSCI,550.16,-28,-4,0,14,-18,9,-16,7,20,20,2
CPNG,Coupang,28.13,-35,0,17,0,-18,1,-8,10,17,20,2
GAP,Gap Inc.,20.45,7,-23,-5,18,-3,4,-15,-3,19,5,2
G,Genpact,43.33,0,-2,0,3,1,13,-7,-15,10,1,2
KVUE,Kenvue,21.9,1,0,1,0,2,1,-2,-3,3,-1,1
INGM,Ingram Micro,19.12,0,0,0,0,0,-2,-6,7,0,-1,-1
SNDR,Schneider National,24.59,0,1,-5,0,-4,1,-10,2,10,3,-1
IRM,Iron Mountain,92.15,-65,-5,-3,57,-16,-26,-26,10,56,14,-2
MGM,MGM Resorts International,35.4,0,1,-3,0,-2,5,-3,7,-9,0,-2
HSIC,Schein (Henry),67.52,7,-6,-5,0,-4,17,-15,-3,3,2,-2
KIM,Kimco Realty,21.12,-60,1,0,55,-4,-19,-1,8,14,2,-2
ARMK,Aramark,39.5,-76,0,15,40,-21,-42,-6,10,56,18,-3
SUI,Sun Communities,125.93,1,0,3,-24,-20,-5,1,10,11,17,-3
GEHC,GE HealthCare,74.41,7,1,-20,0,-12,21,-3,-18,8,8,-4
PEN,"Penumbra, Inc.",248.8,3,-53,32,11,-7,4,2,-6,3,3,-4
CGNX,Cognex Corporation,42.21,6,46,0,-31,21,-24,32,6,-40,-26,-5
ONON,On Holding AG,49.84,4,-9,0,0,-5,8,-40,10,20,-2,-7
BBY,Best Buy,70.25,31,1,-24,-6,2,42,-15,-35,-2,-10,-8
AVY,Avery Dennison,174.74,9,-10,-35,1,-35,39,-15,7,-5,26,-9
ADSK,Autodesk,283.04,-28,-1,0,14,-15,-19,-4,10,19,6,-9
EIX,Edison International,55.97,14,8,-32,0,-10,8,22,-29,-1,0,-10
FBIN,Fortune Brands Innovations,57.29,7,16,-26,-5,-8,1,30,-32,-2,-3,-11
RRC,Range Resources,34.16,-56,-15,-1,42,-30,-20,-26,10,55,19,-11
HIW,Highwoods Properties,28.95,0,-7,0,6,-1,-14,-19,10,13,-10,-11
OTIS,Otis Worldwide,88.12,6,-15,-4,0,-13,1,-12,-14,26,1,-12
BFAM,Bright Horizons,118.06,-30,-6,-1,0,-37,-8,2,15,15,24,-13
NU,Nubank,12.25,-14,-2,-3,0,-19,-13,-10,10,19,6,-13
ZS,Zscaler,275.38,-28,0,17,5,-6,-19,-17,10,18,-8,-14
A,Agilent Technologies,117.31,6,0,-23,0,-17,21,-15,1,-5,2,-15
BIO,Bio-Rad Laboratories,272.6,2,30,-27,-28,-23,9,35,1,-37,8,-15
KMPR,Kemper Corporation,52.26,0,-5,-6,-1,-12,10,-24,-3,14,-3,-15
REYN,Reynolds Consumer Products,22.67,31,5,-28,0,8,-5,24,-40,-3,-24,-16
AS,Amer Sports,37.46,-2,0,4,0,2,-19,-10,10,0,-19,-17
KMB,Kimberly-Clark,133.62,0,0,2,18,20,-11,-41,-11,26,-37,-17
AMH,American Homes 4 Rent,34.25,-46,-10,-8,68,4,-35,-12,10,15,-22,-18
QXO,"QXO, Inc.",19.94,0,0,0,-14,-14,9,-20,13,-6,-4,-18
ONTO,Onto Innovation,110.3,21,1,-26,0,-4,20,-10,-21,-4,-15,-19
DPZ,Domino's,441.19,-63,-6,0,10,-59,1,-6,27,18,40,-19
HST,Host Hotels & Resorts,15.75,0,1,-32,2,-29,12,-6,8,-6,8,-21
CL,Colgate-Palmolive,84.96,0,-25,-6,23,-8,-7,-18,-14,26,-13,-21
APTV,Aptiv,71.7,7,1,1,-24,-15,30,-10,10,-36,-6,-21
HSY,Hershey Company (The),176.41,-23,30,4,-1,10,-32,15,4,-19,-32,-22
COP,ConocoPhillips,94.58,0,16,-45,0,-29,14,-2,2,-8,6,-23
MASI,Masimo,150.17,3,-5,0,-6,-8,9,-20,-15,10,-16,-24
XP,XP Inc.,17.42,7,0,0,0,7,-10,-29,16,-8,-31,-24
TTD,Trade Desk (The),53.25,-21,-3,-27,-1,-52,-19,24,1,20,26,-26
DLB,Dolby Laboratories,72.37,0,-8,-3,0,-11,2,-6,-20,8,-16,-27
AES,AES Corporation,12.9,-43,25,0,-11,-29,-5,25,6,-24,2,-27
QSR,Restaurant Brands International,64.81,-28,-4,0,40,8,-33,-5,10,-8,-36,-28
AVB,AvalonBay Communities,186.93,0,-9,-3,16,4,-13,-27,-7,15,-32,-28
DD,DuPont,71.92,-81,35,-3,19,-30,2,-6,7,-3,0,-30
EXLS,EXL Service,42.52,-44,-23,0,65,-2,-24,-1,-16,13,-28,-30
VLO,Valero Energy,133.35,-70,0,0,44,-26,2,-11,9,-5,-5,-31
LBTYK,Liberty Global (Series C),11.28,56,8,-40,-30,-6,3,45,-37,-36,-25,-31
RYAN,Ryan Specialty,59.55,0,-34,-3,0,-37,30,-40,-9,25,6,-31
CTRA,Coterra,23.98,-6,-20,-5,44,13,-19,-27,-12,13,-45,-32
AA,Alcoa,31.38,7,31,-21,-20,-3,7,-6,2,-32,-29,-32
UWMC,United Wholesale Mortgage,5.08,28,4,-29,0,3,17,-6,-42,-4,-35,-32
GRAL,"Grail, Inc.",33.61,0,-11,0,0,-11,3,-21,-3,0,-21,-32
CAR,Avis Budget Group,159.91,0,1,9,-20,-10,4,-2,13,-37,-22,-32
ACI,Albertsons,19.5,1,-21,25,0,5,-9,-17,-3,-9,-38,-33
FANG,Diamondback Energy,138.45,-33,-4,-29,47,-19,-24,11,4,-5,-14,-33
UHAL,U-Haul,58.02,0,-11,-15,0,-26,7,-6,-28,20,-7,-33
FTNT,Fortinet,78.49,-70,-8,-2,113,33,-68,-10,-2,13,-67,-34
SPB,Spectrum Brands,57.01,7,0,-28,-4,-25,-2,-4,-27,24,-9,-34
SOLV,Solventum,72.09,-11,0,0,0,-11,-11,-18,6,0,-23,-34
EQR,Equity Residential,62.67,-20,-9,-3,13,-19,-15,-10,-3,13,-15,-34
BXP,"BXP, Inc.",63.65,-25,-6,-3,-1,-35,-19,-4,10,13,0,-35
TTC,Toro Company (The),74.78,7,20,-35,-6,-14,2,-4,1,-20,-21,-35
PK,Park Hotels & Resorts,10.66,1,1,-26,-7,-31,4,-6,3,-5,-4,-35
NDSN,Nordson,215.76,7,0,-36,0,-29,1,-10,10,-7,-6,-35
CERT,"Certara, Inc.",10.76,28,-3,-15,0,10,16,-22,-7,-32,-45,-35
KBR,"KBR, Inc.",49.77,49,0,-30,0,19,-8,-37,-8,-1,-54,-35
ON,ON Semiconductor,50.0,0,0,-37,-1,-38,18,-7,6,-15,2,-36
MTDR,Matador Resources,47.45,0,0,-29,0,-29,4,-8,3,-6,-7,-36
TGT,Target Corporation,106.26,34,30,-31,-11,22,-9,-6,-39,-6,-60,-38
PEGA,Pegasystems,50.98,-27,0,19,5,-3,-57,-1,8,15,-35,-38
CPAY,Corpay,309.49,-65,-8,-3,21,-55,2,-5,-5,25,17,-38
HRL,Hormel Foods,28.76,9,-19,-10,-23,-43,39,-15,10,-30,4,-39
EPR,EPR Properties,53.32,-128,-2,57,29,-44,-14,-12,10,21,5,-39
M,"Macy's, Inc.",12.7,0,30,-31,-15,-16,10,-2,-25,-6,-23,-39
ST,Sensata Technologies,31.21,1,1,0,-15,-13,7,-6,8,-35,-26,-39
KRMN,Karman Holdings,49.05,0,1,0,0,1,-35,-7,2,0,-40,-39
SNOW,Snowflake Inc.,192.96,-56,0,15,0,-41,-19,9,10,1,1,-40
LBTYA,Liberty Global (Series A),11.14,56,8,-40,-31,-7,7,8,-38,-10,-33,-40
VRSK,Verisk Analytics,259.93,-125,-12,0,114,-23,-7,-36,-2,28,-17,-40
ESAB,ESAB,112.15,-35,-5,0,0,-40,-54,27,10,17,0,-40
NOW,ServiceNow,853.26,-72,-4,-3,82,3,-65,-9,8,22,-44,-41
CCI,Crown Castle,102.29,-68,37,7,-28,-52,-12,-2,20,5,11,-41
HOG,Harley-Davidson,25.59,0,1,-43,-9,-51,17,-1,5,-11,10,-41
VAC,Marriott Vacations Worldwide,73.64,0,0,-3,-17,-20,3,-6,7,-25,-21,-41
IRDM,Iridium Communications,24.9,3,-9,-4,-19,-29,7,-8,7,-19,-13,-42
TRU,TransUnion,87.87,-56,0,-1,3,-54,-11,-1,8,14,10,-44
JAZZ,Jazz Pharmaceuticals,113.34,5,4,-3,-6,0,16,-5,-16,-39,-44,-44
WAT,Waters Corporation,285.3,0,-22,-5,-2,-29,12,-21,-20,14,-15,-44
CLF,Cleveland-Cliffs,9.91,0,29,-63,-16,-50,12,-2,3,-8,5,-45
OMC,Omnicom Group,73.68,6,1,-27,1,-19,12,-5,-32,-1,-26,-45
FND,Floor & Decor,83.71,7,30,-35,-6,-4,4,-10,-29,-6,-41,-45
SWKS,Skyworks Solutions,71.69,20,0,-43,-30,-53,21,-16,7,-5,7,-46
UHAL-B,U-Haul (Series N),53.35,5,-11,-23,0,-29,31,-10,-37,-1,-17,-46
DVN,Devon Energy,33.31,7,1,-50,-5,-47,33,-20,9,-22,0,-47
SBAC,SBA Communications,218.11,-42,-6,16,-20,-52,-11,-6,17,5,5,-47
PFE,Pfizer,24.63,21,6,-33,-23,-29,16,-13,7,-28,-18,-47
YETI,Yeti Holdings,33.76,-29,31,-35,-6,-39,2,-4,4,-10,-8,-47
CF,CF Industries,82.9,-39,-4,0,4,-39,3,-30,10,8,-9,-48
FRT,Federal Realty Investment Trust,92.83,-11,-8,-23,0,-42,2,-9,1,-1,-7,-49
FOUR,Shift4,87.01,-65,-6,-2,0,-73,7,-6,-2,24,23,-50
RRX,Regal Rexnord,143.04,-56,0,-3,3,-56,2,-2,7,-1,6,-50
WST,West Pharmaceutical Services,239.89,-2,16,-27,-7,-20,-19,-4,1,-8,-30,-50
REXR,Rexford Industrial,37.03,4,49,-46,-18,-11,-12,-1,6,-32,-39,-50
DVA,DaVita,132.01,-65,-5,-3,20,-53,9,-6,-20,19,2,-51
POOL,Pool Corporation,312.96,0,16,-23,-6,-13,4,-4,-29,-9,-38,-51
PR,Permian Resources,13.39,-55,0,-8,26,-37,-19,-4,10,-2,-15,-52
AXTA,Axalta,29.46,7,-51,-16,22,-38,3,-15,-29,26,-15,-53
PCTY,Paylocity,170.65,-25,-3,-1,-3,-32,-26,19,-19,5,-21,-53
LYFT,Lyft,13.9,-19,-3,-4,-1,-27,-19,-16,10,-2,-27,-54
PSA,Public Storage,280.32,-7,-9,-11,1,-26,-12,-40,10,13,-29,-55
LCID,Lucid Motors,2.28,0,0,-4,0,-4,6,-5,-17,-35,-51,-55
COO,Cooper Companies (The),72.72,7,0,-27,-5,-25,15,-10,-32,-3,-30,-55
PPG,PPG Industries,108.75,0,0,-46,-8,-54,7,-10,10,-8,-1,-55
ILMN,"Illumina, Inc.",97.41,0,44,-28,-40,-24,9,-3,2,-40,-32,-56
APA,APA Corporation,20.45,28,4,-85,-12,-65,21,2,5,-19,9,-56
SAIA,Saia,301.42,0,1,-26,4,-21,1,-4,-28,-5,-36,-57
PAYC,Paycom,215.2,-14,-8,19,-24,-27,-17,12,10,-37,-32,-59
LBRDA,Liberty Broadband (Series A),59.65,0,-13,-3,-36,-52,1,-13,-3,8,-7,-59
PSX,Phillips 66,120.06,-62,0,-3,41,-24,-26,-13,9,-5,-35,-59
LBRDK,Liberty Broadband (Series C),59.94,0,-13,-3,-36,-52,1,-13,-3,8,-7,-59
OXY,Occidental Petroleum,44.14,7,1,-55,0,-47,2,-5,6,-16,-13,-60
VNO,Vornado Realty Trust,36.82,-65,-3,0,4,-64,-14,-6,8,15,3,-61
PYPL,PayPal,67.96,-6,-3,-3,-39,-51,-19,-3,3,9,-10,-61
SON,Sonoco,45.36,0,7,-44,0,-37,-13,-5,7,-14,-25,-62
ELV,Elevance Health,292.48,21,-29,-44,-2,-54,26,-21,-10,-3,-8,-62
WFRD,Weatherford International,56.78,1,35,-44,0,-8,1,-2,-48,-5,-54,-62
SWK,Stanley Black & Decker,71.41,7,30,-29,-39,-31,14,-8,-35,-2,-31,-62
KD,Kyndryl,29.61,-61,-6,-2,0,-69,-5,-17,8,20,6,-63
LUV,Southwest Airlines,30.72,0,0,-1,-39,-40,-25,-10,7,4,-24,-64
FR,First Industrial Realty Trust,48.29,-65,-2,-3,14,-56,-24,-6,8,14,-8,-64
DLR,Digital Realty,169.22,-59,0,1,22,-36,-53,-4,10,19,-28,-64
DIS,Walt Disney Company (The),113.73,-84,0,15,-1,-70,2,-9,10,3,6,-64
SMG,Scotts Miracle-Gro Company,60.8,-4,0,-22,-39,-65,4,-10,6,-1,-1,-66
EMN,Eastman Chemical Company,63.43,0,-12,-21,-1,-34,14,-10,-35,-2,-33,-67
OKE,Oneok,74.06,-56,-8,-13,54,-23,-62,-8,-25,51,-44,-67
FLO,Flowers Foods,16.45,26,0,-37,-8,-19,25,7,-57,-23,-48,-67
PLD,Prologis,104.8,-17,-1,-23,-1,-42,-19,-11,10,-5,-25,-67
CARR,Carrier Global,65.75,-77,-7,-3,0,-87,-14,-3,10,26,19,-68
IPG,Interpublic Group of Companies (The),25.25,7,16,-43,0,-20,14,-5,-40,-17,-48,-68
DDOG,Datadog,128.94,-63,0,-2,0,-65,-19,-7,7,15,-4,-69
CLX,Clorox,122.82,-14,-2,-17,-5,-38,-14,-4,-27,13,-32,-70
GPN,Global Payments,82.36,0,16,-27,-39,-50,-18,32,-24,-10,-20,-70
TWLO,Twilio,95.21,-27,-3,-2,-34,-66,-19,-3,6,11,-5,-71
ODFL,Old Dominion Freight Line,149.27,0,-10,-26,0,-36,1,-4,-31,-1,-35,-71
OGN,Organon & Co.,9.04,0,-6,-29,0,-35,16,-6,-42,-4,-36,-71
FTRE,Fortrea,7.31,7,7,-37,0,-23,3,15,-65,-2,-49,-72
LINE,"Lineage, Inc.",40.57,-21,-4,0,0,-25,-24,8,-31,0,-47,-72
KHC,Kraft Heinz,27.35,0,0,-42,0,-42,-5,-1,-14,-10,-30,-72
DNB,Dun & Bradstreet,9.1,-1,43,-26,0,16,-19,-4,-28,-37,-88,-72
ALGM,Allegro MicroSystems,31.86,0,0,11,0,11,-65,-10,8,-16,-83,-72
AR,Antero Resources,32.35,-37,-17,-1,10,-45,-20,-28,10,10,-28,-73
CHDN,Churchill Downs Incorporated,102.19,-72,33,-31,0,-70,1,-5,2,-1,-3,-73
MDLZ,Mondelez International,61.38,-70,-10,0,0,-80,3,-6,19,-9,7,-73
AAL,American Airlines Group,13.0,21,32,-21,-76,-44,40,-10,-21,-39,-30,-74
EGP,EastGroup Properties,161.71,-21,-3,-5,8,-21,-29,-29,10,-5,-53,-74
CHTR,Charter Communications,263.12,0,-13,-4,-36,-53,1,-18,-4,-1,-22,-75
KSS,Kohl's,12.84,13,30,-62,-31,-50,10,-7,4,-32,-25,-75
EW,Edwards Lifesciences,76.92,-35,13,0,-14,-36,-33,-1,30,-35,-39,-75
JBHT,J. B. Hunt,142.84,0,0,-31,0,-31,2,-10,-28,-10,-46,-77
APLS,Apellis Pharmaceuticals,23.89,63,11,-70,-16,-12,-1,22,-68,-18,-65,-77
SEE,Sealed Air,29.86,7,0,-24,-24,-41,2,-14,8,-32,-36,-77
TECH,Bio-Techne,52.83,0,1,-27,-24,-50,9,-3,-27,-6,-27,-77
VFC,VF Corporation,12.22,-4,0,-20,-43,-67,2,-1,-20,7,-12,-79
RVTY,Revvity,87.98,0,-10,-20,-24,-54,12,-15,-25,3,-25,-79
REGN,Regeneron Pharmaceuticals,556.62,-14,1,-41,0,-54,-5,26,-42,-4,-25,-79
MIDD,Middleby,130.35,-65,-5,-3,0,-73,4,-8,-16,13,-7,-80
LW,Lamb Weston,52.99,0,-5,-72,-8,-85,8,8,3,-14,5,-80
IEX,IDEX Corporation,163.27,0,-10,-28,-2,-40,4,-10,-28,-6,-40,-80
KNX,Knight-Swift,42.78,1,-10,-25,-2,-36,2,-13,-21,-13,-45,-81
DUOL,Duolingo,322.48,-10,-30,0,0,-40,-19,-44,-1,23,-41,-81
CPB,Campbell Soup Company,32.1,-3,0,-32,-6,-41,-12,15,-39,-5,-41,-82
RVMD,Revolution Medicines,35.25,-35,-8,-14,0,-57,-27,-34,10,26,-25,-82
AVTR,Avantor,12.66,6,-8,-29,0,-31,14,-21,-40,-5,-52,-83
CHE,Chemed Corporation,443.08,3,-57,-11,0,-65,44,-45,-9,-8,-18,-83
CAVA,Cava Group,84.54,-20,0,-14,0,-34,-19,-4,-28,2,-49,-83
LKQ,LKQ Corporation,30.12,0,-41,-6,-2,-49,12,-15,-14,-17,-34,-83
PII,Polaris Inc.,55.28,6,33,-100,-17,-78,7,-1,5,-17,-6,-84
BF-A,Brown–Forman (Class A),30.47,39,0,-102,-18,-81,41,22,-42,-24,-3,-84
WHR,Whirlpool Corporation,85.69,0,-9,-5,-26,-40,4,-15,3,-36,-44,-84
AMT,American Tower,204.58,-80,-6,16,0,-70,-42,-5,20,11,-16,-86
MOS,Mosaic Company (The),31.19,-63,-1,16,-16,-64,10,-17,15,-30,-22,-86
OVV,Ovintiv,39.64,-56,1,-5,0,-60,-26,-2,7,-6,-27,-87
EXR,Extra Space Storage,135.54,-63,-9,-3,0,-75,-28,-9,10,13,-14,-89
FIS,Fidelity National Information Services,71.76,-60,-6,-2,-37,-105,3,-8,9,11,15,-90
MPC,Marathon Petroleum,159.14,-70,0,0,49,-21,-62,-9,10,-8,-69,-90
ZTS,Zoetis,149.35,0,-23,-35,-3,-61,16,-38,-2,-5,-29,-90
CLVT,Clarivate,4.03,0,0,-77,-6,-83,32,-1,3,-42,-8,-91
PVH,PVH Corp.,73.88,1,0,-32,-3,-34,-19,-4,-28,-7,-58,-92
FCN,FTI Consulting,165.24,-7,20,-37,0,-24,-11,-5,-47,-5,-68,-92
PCOR,Procore,62.9,-60,-3,-3,0,-66,-26,-2,-17,19,-26,-92
CRWD,CrowdStrike,435.77,-77,-4,45,0,-36,-68,-18,10,20,-56,-92
MCHP,Microchip Technology,64.47,-63,0,0,0,-63,-19,-14,10,-7,-30,-93
CIVI,Civitas Resources,31.61,13,2,-55,-6,-46,18,-2,-55,-9,-48,-94
CCCS,CCC Intelligent Solutions,9.33,-35,1,-28,0,-62,-70,41,2,-6,-33,-95
GME,GameStop,22.92,3,-42,-10,-30,-79,1,-7,-3,-7,-16,-95
BHF,Brighthouse Financial,46.17,-28,-28,-3,0,-59,5,-46,-3,8,-36,-95
MAA,Mid-America Apartment Communities,138.35,-67,-10,-1,0,-78,-15,-6,-8,11,-18,-96
UDR,"UDR, Inc.",37.83,-70,-9,-3,-1,-83,-15,-6,-5,13,-13,-96
MDB,MongoDB Inc.,207.82,-56,0,-26,-9,-91,-19,20,2,-9,-6,-97
NKE,"Nike, Inc.",74.9,-3,32,-77,-21,-69,2,-2,7,-36,-29,-98
CTSH,Cognizant,68.76,-79,-10,-3,14,-78,-19,-18,-3,18,-22,-100
BALL,Ball Corporation,53.49,-80,0,-3,-11,-94,-5,-6,10,-5,-6,-100
WDAY,"Workday, Inc.",214.6,-60,-12,-10,14,-68,-19,-8,-4,-2,-33,-101
WBD,Warner Bros. Discovery,11.22,-56,44,12,-42,-42,-19,-3,8,-45,-59,-101
KMX,CarMax,56.68,0,-21,-19,-36,-76,6,-19,-23,11,-25,-101
TPL,Texas Pacific Land Corporation,857.29,-31,-51,-9,58,-33,-26,-51,-5,13,-69,-102
INTC,Intel,21.81,14,0,-69,-20,-75,14,-13,-17,-12,-28,-103
CPT,Camden Property Trust,104.83,-70,-9,-1,-1,-81,-24,-6,-3,11,-22,-103
MRK,Merck & Co.,80.29,0,8,-47,-4,-43,-1,-4,-51,-6,-62,-105
BIRK,Birkenstock,49.14,-58,-8,-10,0,-76,-28,-1,-1,0,-30,-106
MTN,Vail Resorts,150.74,0,-9,-33,-23,-65,2,-14,6,-36,-42,-107
TXG,10x Genomics,12.83,-2,45,-76,0,-33,-35,-2,4,-42,-75,-108
GTM,ZoomInfo,9.59,-60,0,-3,0,-63,-13,-2,6,-37,-46,-109
ZBH,Zimmer Biomet,101.81,28,4,-65,-17,-50,28,-6,-64,-18,-60,-110
BSY,Bentley Systems,52.38,-57,0,9,0,-48,-65,-2,10,-6,-63,-111
STZ,Constellation Brands,170.03,-4,0,-45,-3,-52,-12,22,-61,-8,-59,-111
ASH,Ashland Global,53.1,7,7,-41,-9,-36,2,-14,-53,-10,-75,-111
TREX,"Trex Company, Inc.",61.12,-35,25,-54,-13,-77,-30,-1,2,-6,-35,-112
CROX,Crocs,77.91,-28,-4,-42,-1,-75,-20,-8,-4,-5,-37,-112
CHH,Choice Hotels,121.65,-76,-5,-3,0,-84,-20,-6,-17,14,-29,-113
MOH,Molina Healthcare,157.28,0,-56,-13,-2,-71,-5,-21,-9,-8,-43,-114
DOCU,DocuSign,67.98,-66,-11,-3,-12,-92,-27,-5,-2,11,-23,-115
OKTA,"Okta, Inc.",89.34,-28,-45,0,-24,-97,-19,-4,-3,6,-20,-117
BBWI,"Bath & Body Works, Inc.",28.51,-21,-3,-25,-15,-64,-24,-8,-16,-6,-54,-118
WEN,Wendy's Company (The),10.1,0,-34,-37,-8,-79,33,-25,-32,-15,-39,-118
ABNB,Airbnb,121.56,-73,-4,-3,0,-80,-28,-3,-2,-5,-38,-118
EG,Everest Group,328.35,-56,-21,-36,55,-58,21,-39,-37,-5,-60,-118
CRL,Charles River Laboratories,152.71,-35,1,-54,-26,-114,1,-4,6,-8,-5,-119
RGEN,Repligen,121.41,0,-22,-16,-17,-55,7,-14,-20,-37,-64,-119
ENTG,Entegris,75.94,0,-7,-44,-6,-57,-8,-2,-49,-5,-64,-121
AZTA,Azenta,29.21,0,0,-53,-31,-84,-5,-5,-19,-9,-38,-122
CPRI,Capri Holdings,19.62,0,7,-72,-11,-76,-11,-6,3,-32,-46,-122
DJT,Trump Media & Technology Group,17.49,2,-51,-56,0,-105,22,-7,-24,-9,-18,-123
DT,Dynatrace,46.76,-59,-4,-2,0,-65,-68,-17,7,20,-58,-123
SAM,Boston Beer Company,220.9,7,0,-35,-37,-65,3,14,-31,-44,-58,-123
ELS,Equity Lifestyle Properties,60.24,-11,-34,-21,0,-66,-24,1,-32,-3,-58,-124
DOC,Healthpeak Properties,17.0,-17,-5,-17,-31,-70,-26,-5,-32,9,-54,-124
SAIL,SailPoint,18.95,-48,-4,0,0,-52,-53,-21,2,0,-72,-124
BF-B,Brown–Forman (Class B),30.51,40,0,-103,-18,-81,-3,22,-35,-28,-44,-125
LOAR,Loar Holdings,69.78,-42,-27,0,0,-69,1,-54,-3,0,-56,-125
ALB,Albemarle Corporation,77.99,18,29,-128,-23,-104,-2,2,4,-25,-21,-125
CFLT,"Confluent, Inc.",16.56,-63,-9,-3,0,-75,-27,-3,-18,-2,-50,-125
ENOV,Enovis,28.75,28,-22,-65,-17,-76,28,-15,-25,-37,-49,-125
BMRN,BioMarin Pharmaceutical,56.86,-18,0,-50,-20,-88,-27,26,-15,-22,-38,-126
RIVN,Rivian,11.96,-76,-11,-3,0,-90,-7,-5,-3,-21,-36,-126
WY,Weyerhaeuser,25.61,0,-10,-23,0,-33,-19,-31,-35,-8,-93,-126
MORN,"Morningstar, Inc.",258.27,-63,-9,-20,28,-64,-57,-22,-2,18,-63,-127
BAX,Baxter International,23.94,0,-25,-23,-38,-86,38,-24,-14,-41,-41,-127
CNXC,Concentrix,46.4,-73,-8,-3,0,-84,-13,-6,8,-33,-44,-128
UNH,UnitedHealth Group,261.69,7,-80,-18,-4,-95,17,-21,-31,-1,-36,-131
MKC,McCormick & Company,69.09,-65,-25,-6,-2,-98,-5,-24,-14,10,-33,-131
GTLB,GitLab,39.25,-60,-5,-21,0,-86,-24,-2,-20,-1,-47,-133
CUBE,CubeSmart,38.86,-65,-6,-23,0,-94,-28,-19,10,-2,-39,-133
DV,DoubleVerify,14.97,-28,1,-70,0,-97,-26,17,-18,-10,-37,-134
CHRD,Chord Energy,99.92,-56,1,-50,0,-105,-26,-2,4,-6,-30,-135
NWL,Newell Brands,4.92,-3,-8,-27,-31,-69,2,-6,-27,-36,-67,-136
ACHC,Acadia Healthcare,20.34,4,-21,-48,-11,-76,9,-12,-42,-16,-61,-137
DAY,Dayforce,51.56,-57,-8,-20,-12,-97,-19,-3,-24,5,-41,-138
CC,Chemours,12.41,0,30,-65,-13,-48,-26,-8,-27,-30,-91,-139
CRM,Salesforce,231.64,-63,-9,-13,22,-63,-68,-8,-21,21,-76,-139
EPAM,EPAM Systems,152.91,-2,-10,-26,-27,-65,-5,-16,-17,-37,-75,-140
FI,Fiserv,132.0,-70,-23,-14,35,-72,-63,-17,-15,27,-68,-140
RARE,Ultragenyx,28.06,2,-24,-27,-38,-87,1,-16,-35,-3,-53,-140
WLK,Westlake Corporation,79.17,-16,0,-40,-4,-60,-17,-6,-52,-6,-81,-141
TEAM,Atlassian,157.96,-63,-24,-6,-6,-99,-19,-16,-18,11,-42,-141
FRPT,Freshpet,62.73,-45,-41,-24,-6,-116,-40,15,-20,19,-26,-142
UA,Under Armour (Class C),4.88,-21,-3,-28,-37,-89,-19,-5,6,-37,-55,-144
ALGN,Align Technology,140.49,0,-9,-67,-25,-101,-5,-2,-3,-38,-48,-149
UAA,Under Armour (Class A),5.03,-22,-3,-28,-44,-97,-19,-5,5,-37,-56,-153
ZM,Zoom Communications,69.97,-76,-11,-3,0,-90,-19,-47,-2,4,-64,-154
ESS,Essex Property Trust,254.0,-70,-9,-3,14,-68,-91,-6,-3,14,-86,-154
FTV,Fortive,47.63,-65,-10,-21,0,-96,2,-36,-17,-8,-59,-155
VSTS,Vestis,4.37,-65,-8,-22,0,-95,-30,-3,-27,0,-60,-155
COTY,Coty,4.84,-3,-4,-64,-7,-78,2,-8,-66,-9,-81,-159
QDEL,QuidelOrtho,25.2,2,-23,-23,-38,-82,7,-15,-23,-47,-78,-160
DAR,Darling Ingredients,31.1,0,-9,-6,-20,-35,-89,-15,8,-30,-126,-161
EXAS,Exact Sciences,41.75,-38,-15,-28,-25,-106,-16,-22,-2,-16,-56,-162
RNG,RingCentral,27.8,0,0,-26,-41,-67,-10,-17,-26,-45,-98,-165
HUN,Huntsman Corporation,9.43,0,-14,-45,-15,-74,-14,-6,-40,-33,-93,-167
PATH,UiPath,10.5,-98,-11,-11,0,-120,-19,-15,-3,-10,-47,-167
TDC,Teradata,20.62,-17,-4,-79,-17,-117,-18,-17,1,-16,-50,-167
IOT,Samsara,32.66,-59,-30,-10,0,-99,-68,-3,-17,20,-68,-167
NOV,NOV Inc.,12.16,-77,-8,-55,-12,-152,2,-3,1,-15,-15,-167
CMCSA,Comcast,32.09,-91,-11,-35,-9,-146,1,-13,-2,-8,-22,-168
OLN,Olin Corporation,19.76,0,-10,-60,-9,-79,4,-10,-62,-23,-91,-170
SRPT,Sarepta Therapeutics,18.82,28,-146,-29,-7,-154,37,3,-50,-6,-16,-170
MAN,ManpowerGroup,39.75,0,-8,-46,-28,-82,2,-8,-46,-36,-88,-170
PRMB,Primo Brands,24.13,-75,-50,0,22,-103,3,-79,-10,18,-68,-171
IAC,IAC Inc.,33.94,-81,-6,-2,-31,-120,-14,-6,6,-38,-52,-172
NFE,New Fortress Energy,2.43,-21,-3,-71,-3,-98,-23,-6,-22,-25,-76,-174
CRI,Carter's,24.88,-11,-14,-62,-17,-104,-16,-6,-39,-9,-70,-174
MKTX,MarketAxess,188.22,-38,-13,-28,-29,-108,8,-28,-2,-44,-66,-174
CE,Celanese,41.22,-84,-3,-43,-10,-140,-19,-10,-1,-9,-39,-179
INSP,Inspire Medical Systems,83.92,-42,-61,-23,-6,-132,9,-15,-28,-17,-51,-183
CAG,Conagra Brands,19.51,26,-82,-32,-7,-95,44,-96,-14,-23,-89,-184
LSTR,Landstar,130.13,-70,-11,-35,-1,-117,1,-19,-42,-7,-67,-184
NSA,National Storage Affiliates,29.97,1,-57,-15,-4,-75,-15,-58,-36,-1,-110,-185
BIIB,Biogen,128.93,-13,0,-84,-27,-124,-5,7,-47,-18,-63,-187
SLB,Schlumberger,32.92,-65,-8,-70,-1,-144,1,-14,-21,-10,-44,-188
ESTC,Elastic NV,73.06,-63,-8,-13,-6,-90,-73,-4,-18,-4,-99,-189
MPW,Medical Properties Trust,3.98,-21,-64,-7,-36,-128,-17,-7,-7,-35,-66,-194
CDW,CDW,164.1,-63,-6,-42,0,-111,-68,-9,2,-8,-83,-194
CNC,Centene,26.15,1,-57,-44,-11,-111,13,-55,-13,-28,-83,-194
LEG,Leggett & Platt,8.97,0,0,-132,-30,-162,4,-6,7,-38,-33,-195
NCNO,nCino,26.4,-77,0,-26,0,-103,-91,-7,5,-1,-94,-197
HUBS,HubSpot,423.6,-66,-43,-10,-1,-120,-75,-3,-18,19,-77,-197
INVH,Invitation Homes,30.04,-92,-14,-8,0,-114,-62,-34,-3,14,-85,-199
WSC,WillScot Mobile Mini,24.71,-65,-8,-65,-6,-144,1,-2,-42,-12,-55,-199
JKHY,Jack Henry & Associates,159.78,-91,-9,-3,-1,-104,-64,-40,-3,11,-96,-200
WU,Western Union,8.32,13,-89,-23,-46,-145,14,-6,-58,-5,-55,-200
BRBR,BellRing Brands,38.75,-58,-68,-13,0,-139,-9,-60,-19,27,-61,-200
BILL,Bill.com,39.01,-78,-9,-24,0,-111,-26,-10,-20,-37,-93,-204
HAL,Halliburton,20.97,-34,-5,-63,-5,-107,-26,-1,-62,-9,-98,-205
UPS,United Parcel Service,87.39,0,-11,-106,-16,-133,14,-19,-34,-34,-73,-206
LYB,LyondellBasell,50.26,-84,-8,-44,-5,-141,2,-6,-58,-7,-69,-210
BRKR,Bruker,32.37,-58,-9,-60,-8,-135,4,-7,-64,-9,-76,-211
FDS,FactSet,370.7,-149,-17,-5,0,-171,-23,-13,-3,-1,-40,-211
PLTK,Playtika,3.81,-77,-13,-26,0,-116,-28,-15,-27,-31,-101,-217
DXC,DXC Technology,13.27,1,-24,-25,-73,-121,-15,-18,-32,-34,-99,-220
S,SentinelOne,16.32,-76,-6,-25,0,-107,-76,-8,-28,-1,-113,-220
CZR,Caesars Entertainment,24.62,-80,-9,-26,-25,-140,1,-10,-35,-37,-81,-221
TFX,Teleflex,119.62,7,-133,-42,-39,-207,21,7,-38,-10,-20,-227
FIVN,Five9,24.58,-26,-4,-79,-35,-144,-21,-8,-17,-40,-86,-230
DOW,Dow Inc.,21.69,-98,-14,-43,-1,-156,2,-14,-58,-8,-78,-234
AKAM,Akamai Technologies,71.98,-65,-9,-26,-7,-107,-83,-8,-26,-10,-127,-234
GIS,General Mills,49.16,-4,-88,-41,-4,-137,-12,-34,-37,-19,-102,-239
PENN,Penn Entertainment,17.08,-60,0,-3,-34,-97,-72,-8,-18,-44,-142,-239
IT,Gartner,229.39,-86,-41,-21,0,-148,-87,-44,-19,57,-93,-241
GFS,GlobalFoundries,32.83,-65,-6,-82,0,-153,-65,-10,-2,-17,-94,-247
ACN,Accenture,237.86,-84,-25,-23,-1,-133,-96,-23,-19,19,-119,-252
GDDY,GoDaddy,140.38,-100,-24,-3,22,-105,-103,-48,-19,22,-148,-253
COLM,Columbia Sportswear,50.6,-79,-107,-21,-6,-213,-21,-21,-16,13,-45,-258
ARE,Alexandria Real Estate Equities,73.68,-79,1,-37,-30,-145,-28,-4,-48,-35,-115,-260
GLOB,Globant,75.84,-62,-60,-26,-7,-155,-66,-8,-26,-7,-107,-262
OLED,Universal Display Corporation,140.53,-104,0,-37,0,-141,-110,-20,10,-5,-125,-266
FMC,FMC Corporation,35.14,-77,-8,-40,-24,-149,-90,-11,2,-26,-125,-274
ENPH,Enphase Energy,33.57,6,-148,-46,-20,-208,20,-13,-53,-24,-70,-278
PRGO,Perrigo,23.06,-63,-5,-2,-113,-183,-35,-4,-2,-55,-96,-279
IFF,International Flavors & Fragrances,64.53,-81,-10,-23,-31,-145,-94,-6,-35,-1,-136,-281
COLD,Americold,14.68,-28,-92,-41,-11,-172,-27,-34,-41,-15,-117,-289
ADBE,Adobe Inc.,338.44,-65,-25,-36,-6,-132,-88,-41,-40,-5,-174,-306
SIRI,Sirius XM,21.05,-79,-5,-83,-31,-198,-33,-9,-49,-17,-108,-306
LULU,Lululemon Athletica,192.9,-163,-46,-11,-3,-223,-26,-40,-20,-12,-98,-321
MRNA,Moderna,25.64,-77,-5,-55,-4,-141,-80,-6,-55,-39,-180,-321
RHI,Robert Half,34.8,-98,-138,-29,-9,-274,1,-15,-27,-32,-73,-347
XRAY,Dentsply Sirona,13.05,-76,-9,-81,-42,-208,-87,-6,-68,-40,-201,-409
WOLF,Wolfspeed,1.4,-77,-1,-134,-30,-242,-19,-17,-100,-37,-173,-415
