Symbol,Name,Close,1H Cloud Score,1D Cloud Score,1W Cloud Score,1M Cloud Score,Cloud Score Sum,1H TKx Score,1D TKx Score,1W TKx Score,1M TKx Score,TKx Score Sum,Total Score Sum
TJX,TJX Companies,142.51,43,43,155,200,441,-1,5,124,195,323,764
ORI,Old Republic International,42.87,63,37,154,60,314,68,35,124,57,284,598
ORLY,O'Reilly Auto Parts,104.97,0,54,170,201,425,-8,-6,61,91,138,563
WELL,Welltower,175.58,56,97,123,60,336,-2,58,140,26,222,558
AAPL,Apple Inc.,257.14,93,67,5,253,418,14,35,9,73,131,549
COOP,Mr. Cooper Group,210.79,-7,99,126,45,263,11,98,124,43,276,539
RTX,RTX Corporation,166.65,98,99,84,56,337,60,8,91,16,175,512
GLW,Corning Inc.,82.54,203,99,26,19,347,28,106,15,16,165,512
CASY,Casey's,561.18,26,19,120,89,254,26,15,124,80,245,499
WRB,W. R. Berkley Corporation,76.2,68,26,101,178,373,-10,39,31,57,117,490
IBM,IBM,286.73,148,11,116,56,331,5,19,63,58,145,476
ETR,Entergy,93.57,56,10,83,139,288,64,9,96,16,185,473
L,Loews Corporation,101.7,59,100,119,57,335,57,35,17,26,135,470
LOPE,Grand Canyon Education,218.29,112,40,154,37,343,-2,39,41,36,114,457
JPM,JPMorgan Chase,307.55,-11,102,130,160,381,-19,27,17,28,53,434
FIX,Comfort Systems USA,832.91,21,103,24,66,214,30,115,17,57,219,433
PLTR,Palantir Technologies,187.04,16,113,123,0,252,22,11,126,22,181,433
LMT,Lockheed Martin,499.36,145,26,0,167,338,66,28,2,-4,92,430
ITT,ITT Inc.,181.63,11,106,23,101,241,27,113,17,28,185,426
GD,General Dynamics,341.05,35,122,15,56,228,43,77,17,59,196,424
ROL,"Rollins, Inc.",58.31,35,5,38,288,366,-9,-22,30,37,36,402
EVRG,Evergy,76.09,60,81,65,16,222,66,9,84,12,171,393
DTE,DTE Energy,139.32,63,8,81,191,343,-5,5,34,15,49,392
APH,Amphenol,123.59,6,113,26,67,212,13,115,17,29,174,386
SO,Southern Company,93.89,0,0,83,192,275,-5,1,30,81,107,382
PWR,Quanta Services,420.89,74,7,24,101,206,70,11,17,74,172,378
AZO,AutoZone,4254.71,29,53,101,88,271,-6,-7,61,59,107,378
YUM,Yum! Brands,151.36,0,16,35,261,312,-11,16,1,59,65,377
GS,Goldman Sachs,779.86,-21,100,99,60,238,-12,111,17,23,139,377
MNST,Monster Beverage,67.6,30,39,33,182,284,46,13,26,6,91,375
HWM,Howmet Aerospace,191.09,0,17,155,31,203,-4,17,99,59,171,374
SCCO,Southern Copper,125.33,160,22,5,65,252,68,35,17,2,122,374
DDS,Dillard's,623.99,56,82,21,56,215,49,36,14,57,156,371
MPWR,Monolithic Power Systems,929.75,11,100,10,159,280,27,44,17,2,90,370
BWXT,BWX Technologies,185.84,119,98,20,37,274,33,10,17,33,93,367
NRG,NRG Energy,167.35,4,15,110,96,225,-16,14,120,23,141,366
BK,BNY Mellon,106.38,-11,102,101,42,234,-12,106,17,21,132,366
AM,Antero Midstream,19.24,0,22,155,25,202,6,15,85,57,163,365
WMB,Williams Companies,64.07,84,11,119,54,268,5,16,17,59,97,365
RL,Ralph Lauren Corporation,322.62,21,102,101,36,260,28,31,17,28,104,364
SNX,TD Synnex,163.97,40,100,22,65,227,-8,106,15,23,136,363
MS,Morgan Stanley,155.29,-21,100,83,66,228,-12,111,17,18,134,362
AJG,Arthur J. Gallagher & Co.,308.68,70,5,0,188,263,-6,4,-9,109,98,361
IBKR,Interactive Brokers,70.95,77,11,96,59,243,33,10,15,59,117,360
DRS,Leonardo DRS,44.64,62,0,146,60,268,33,10,17,31,91,359
ATO,Atmos Energy,168.88,53,40,81,47,221,-5,2,92,47,136,357
GOOGL,Alphabet (Class A),245.7,-25,89,15,178,257,2,63,12,23,100,357
LHX,L3Harris,295.85,62,122,19,7,210,-4,115,19,16,146,356
GOOG,Alphabet (Class C),246.44,-25,89,14,178,256,2,63,11,23,99,355
V,Visa Inc.,345.96,17,0,144,135,296,26,-13,17,28,58,354
ULTA,Ulta Beauty,557.82,49,110,19,6,184,48,113,19,-11,169,353
COR,Cencora,308.43,39,23,51,77,190,-4,32,62,70,160,350
AMAT,Applied Materials,223.6,135,11,2,151,299,32,11,15,-7,51,350
GRMN,Garmin,257.78,35,73,119,21,248,29,34,13,23,99,347
CTAS,Cintas,202.89,36,-34,2,169,173,-7,-29,20,189,173,346
CDNS,Cadence Design Systems,347.23,-38,11,24,143,140,-1,8,17,182,206,346
CW,Curtiss-Wright,536.77,38,108,26,56,228,33,16,17,51,117,345
AFG,American Financial Group,147.17,88,41,8,58,195,80,41,11,16,148,343
MA,Mastercard,577.43,0,0,133,157,290,19,-13,17,28,51,341
CINF,Cincinnati Financial,160.4,35,43,92,64,234,38,34,17,17,106,340
BSX,Boston Scientific,96.24,-14,-15,151,146,268,4,-9,17,59,71,339
TRV,Travelers Companies (The),279.98,6,36,98,60,200,2,47,31,58,138,338
DTM,DT Midstream,113.44,66,18,110,0,194,77,17,17,27,138,332
EME,Emcor,660.51,21,100,24,60,205,30,19,15,59,123,328
WDC,Western Digital,131.23,28,100,19,20,167,25,111,17,5,158,325
ANET,Arista Networks,144.46,0,85,14,60,159,14,81,13,58,166,325
KLAC,KLA Corporation,1139.26,17,19,21,179,236,28,13,17,28,86,322
AVGO,Broadcom,338.2,0,103,26,118,247,5,20,17,32,74,321
CORT,Corcept Therapeutics,85.53,84,12,71,21,188,81,10,1,40,132,320
ACM,AECOM,129.64,0,106,23,67,196,-4,35,17,74,122,318
ABBV,AbbVie,236.61,23,52,24,60,159,24,59,10,66,159,318
CRS,Carpenter Technology Corporation,246.94,21,-29,153,37,182,14,-8,78,51,135,317
THG,Hanover Insurance,182.09,35,39,68,26,168,42,31,60,16,149,317
SRE,Sempra,89.3,56,55,7,183,301,-6,10,15,-3,16,317
CAT,Caterpillar Inc.,490.73,16,99,15,66,196,23,24,15,59,121,317
MCD,McDonald's,299.93,-14,0,59,244,289,-26,-11,5,59,27,316
NI,NiSource,43.1,63,7,81,47,198,-3,7,96,16,116,314
UNP,Union Pacific Corporation,234.55,78,8,1,200,287,-6,8,2,21,25,312
LLY,Lilly (Eli),819.96,17,5,-10,174,186,19,22,-14,98,125,311
AU,AngloGold Ashanti,72.51,35,44,83,20,182,28,53,31,16,128,310
AIZ,Assurant,218.36,60,41,8,154,263,14,3,9,21,47,310
J,Jacobs Solutions,154.01,17,98,13,108,236,29,9,14,21,73,309
ALL,Allstate,210.07,0,11,104,161,276,-8,4,18,19,33,309
RBC,RBC Bearings,374.99,-7,-2,100,166,257,-7,-23,21,59,50,307
AWI,Armstrong World Industries,196.18,16,107,101,23,247,28,-6,17,21,60,307
LITE,Lumentum,169.77,16,98,21,5,140,33,106,15,12,166,306
AYI,Acuity Brands,356.01,21,76,11,29,137,26,105,13,22,166,303
CAH,Cardinal Health,158.51,35,5,62,40,142,28,19,55,59,161,303
DUK,Duke Energy,121.58,-7,0,83,185,261,-7,2,29,18,42,303
LDOS,Leidos,192.95,19,112,9,25,165,28,69,20,21,138,303
WMT,Walmart,101.7,-14,24,134,103,247,-9,15,17,31,54,301
SCI,Service Corporation International,83.18,65,16,4,177,262,-2,10,15,15,38,300
CMI,Cummins,432.58,16,72,12,67,167,23,63,13,32,131,298
HOOD,Robinhood Markets,145.72,28,102,88,0,218,24,19,17,20,80,298
TDY,Teledyne Technologies,582.42,74,99,59,16,248,1,14,17,17,49,297
UNM,Unum,78.6,156,11,5,42,214,8,20,-1,56,83,297
TPR,"Tapestry, Inc.",115.6,13,100,87,23,223,21,17,15,21,74,297
INSM,Insmed,152.84,18,80,71,18,187,21,50,17,22,110,297
PNR,Pentair,112.36,10,100,16,64,190,28,37,15,26,106,296
EHC,Encompass Health,123.55,-13,34,150,31,202,-6,37,31,31,93,295
URI,United Rentals,978.41,16,100,14,66,196,28,-3,15,59,99,295
ALLE,Allegion,177.75,4,112,16,23,155,27,68,17,24,136,291
R,Ryder,190.52,24,85,18,58,185,32,1,15,58,106,291
KMI,Kinder Morgan,28.23,49,7,99,46,201,5,16,15,54,90,291
WPC,W. P. Carey,68.43,14,97,36,4,151,10,89,33,7,139,290
RJF,Raymond James Financial,166.47,-14,99,99,60,244,-12,22,14,21,45,289
TIGO,Millicom,47.71,-28,180,84,4,240,-10,10,31,18,49,289
CHD,Church & Dwight,88.41,0,-48,-23,346,275,18,-11,-21,27,13,288
CRH,CRH plc,121.13,23,54,14,66,157,28,63,11,29,131,288
TER,Teradyne,144.51,77,71,2,4,154,30,101,10,-7,134,288
NOC,Northrop Grumman,605.12,49,67,17,60,193,56,1,24,14,95,288
ETN,Eaton Corporation,376.99,16,10,15,116,157,25,17,15,74,131,288
NEM,Newmont,86.43,5,124,26,7,162,2,86,26,12,126,288
HUBB,Hubbell Incorporated,423.6,-7,0,8,184,185,23,-6,13,73,103,288
HEI,HEICO (Common),317.86,-2,-1,32,191,220,-11,-4,23,59,67,287
MSFT,Microsoft,515.61,5,0,23,175,203,32,8,17,27,84,287
MLI,Mueller Industries,100.58,0,72,14,60,146,-16,65,15,73,137,283
UI,Ubiquiti,677.99,80,29,59,12,180,9,64,17,12,102,282
TT,Trane Technologies,423.35,35,-26,23,166,198,33,3,17,31,84,282
XEL,Xcel Energy,79.59,53,56,58,14,181,-1,25,66,11,101,282
DCI,Donaldson Company,82.75,17,52,9,67,145,28,59,17,32,136,281
NVT,Nvent Electric,99.41,16,100,15,14,145,15,113,15,-7,136,281
CBOE,Cboe Global Markets,241.49,0,0,151,57,208,-12,3,29,53,73,281
NVDA,Nvidia,188.92,29,11,21,136,197,29,9,17,28,83,280
NSC,Norfolk Southern,298.29,94,14,18,6,132,107,8,17,16,148,280
OGE,OGE Energy,45.44,60,5,75,47,187,-5,6,75,16,92,279
PGR,Progressive Corporation,243.52,23,-80,-3,179,119,-3,-20,-10,191,158,277
VTR,"Ventas, Inc.",69.61,35,56,79,24,194,52,3,11,17,83,277
HIG,Hartford (The),132.95,3,42,101,59,205,-3,-11,28,58,72,277
SGI,Somnigroup International,83.94,1,100,48,66,215,22,-6,17,28,61,276
GE,GE Aerospace,299.48,3,111,26,29,169,16,22,37,31,106,275
DASH,DoorDash,270.17,28,99,104,0,231,-7,14,17,20,44,275
AAON,AAON,98.35,17,11,-20,247,255,23,29,-32,-1,19,274
FFIV,"F5, Inc.",327.07,3,99,101,16,219,5,13,17,19,54,273
PPL,PPL Corporation,36.41,0,58,83,25,166,-8,4,95,16,107,273
TLN,Talen Energy,434.12,20,112,46,0,178,26,47,18,4,95,273
SYY,Sysco,83.29,17,87,14,5,123,19,100,14,16,149,272
LRCX,Lam Research,146.95,28,22,16,154,220,28,14,17,-7,52,272
WM,"Waste Management, Inc.",216.88,-6,-29,0,189,154,-7,-35,-1,161,118,272
MO,Altria,65.76,35,53,77,47,212,21,-13,33,18,59,271
SPG,Simon Property Group,185.12,56,69,8,37,170,-5,68,15,23,101,271
NEU,NewMarket,835.4,21,122,26,31,200,14,-1,29,29,71,271
AME,Ametek,186.12,-2,45,11,108,162,-7,-4,17,103,109,271
HCA,HCA Healthcare,426.77,63,39,10,99,211,-2,7,23,31,59,270
MTZ,MasTec,215.42,119,17,26,20,182,33,22,17,15,87,269
FE,FirstEnergy,45.46,53,53,13,57,176,52,7,17,16,92,268
HEI-A,HEICO (Class A),250.61,-2,9,33,184,224,-10,-2,24,32,44,268
HPE,Hewlett Packard Enterprise,24.48,0,96,8,44,148,15,33,14,56,118,266
MCK,McKesson Corporation,758.73,56,11,49,60,176,-5,28,-4,69,88,264
MEDP,Medpace,536.16,22,74,11,34,141,24,84,11,4,123,264
VMC,Vulcan Materials,303.4,35,52,13,62,162,-5,60,17,29,101,263
ORCL,Oracle Corporation,288.93,-42,17,18,200,193,9,14,17,29,69,262
FYBR,Frontier Communications,37.36,0,38,96,0,134,10,1,101,16,128,262
IDA,Idacorp,131.21,60,69,63,20,212,-4,8,33,12,49,261
SPOT,Spotify,707.42,-12,2,119,14,123,2,11,102,22,137,260
THC,Tenet Healthcare,203.41,63,37,21,59,180,4,34,15,26,79,259
WSO,Watsco,411.52,41,-44,-10,198,185,33,1,-35,73,72,257
PH,Parker Hannifin,758.23,16,101,24,67,208,7,-7,17,32,49,257
FLEX,Flex Ltd.,58.08,16,29,25,60,130,28,22,17,59,126,256
FWONA,Liberty Formula 1 (Series A),95.41,7,13,76,64,160,-6,27,16,58,95,255
CIEN,Ciena,152.67,36,100,16,14,166,33,22,15,18,88,254
LYV,Live Nation Entertainment,156.68,-14,0,101,149,236,-12,-5,16,18,17,253
IONS,Ionis Pharmaceuticals,68.41,49,103,8,2,162,56,28,17,-12,89,251
STE,Steris,242.4,-14,1,21,197,205,-5,-6,29,27,45,250
MMC,Marsh McLennan,199.57,24,-81,-10,177,110,-3,-19,-18,180,140,250
BR,Broadridge Financial Solutions,233.73,-14,-14,121,147,240,-12,-22,17,27,10,250
C,Citigroup,97.32,-21,100,26,20,125,-19,110,17,16,124,249
KRMN,Karman Holdings,73.43,140,37,0,0,177,33,28,9,0,70,247
XYL,Xylem Inc.,149.02,29,100,15,24,168,29,9,17,24,79,247
COST,Costco,916.78,-75,-11,0,182,96,-5,-22,-9,186,150,246
DGX,Quest Diagnostics,180.96,-9,39,75,20,125,-7,37,75,16,121,246
AXS,AXIS Capital,93.86,-12,-4,93,47,124,-10,-13,89,55,121,245
TKO,TKO Group Holdings,197.99,-2,38,78,42,156,-12,31,17,52,88,244
CACI,CACI,519.08,15,5,9,156,185,28,12,21,-3,58,243
AN,AutoNation,223.96,16,37,24,63,140,32,-6,17,59,102,242
BPOP,"Popular, Inc.",124.39,-12,107,24,61,180,-12,35,17,21,61,241
BYD,Boyd Gaming,87.01,56,10,55,61,182,7,4,17,29,57,239
WTW,Willis Towers Watson,345.78,70,45,15,26,156,29,16,7,31,83,239
IVZ,Invesco,23.62,35,76,14,4,129,8,72,14,15,109,238
SSNC,SS&C Technologies,87.49,-2,0,97,16,111,-5,101,14,17,127,238
APP,AppLovin,683.59,0,45,112,0,157,-6,53,13,20,80,237
SNA,Snap-on,349.22,37,21,5,61,124,29,15,10,59,113,237
AON,AON,360.79,13,-13,0,179,179,12,-17,4,58,57,236
AFL,Aflac,110.62,47,36,8,60,151,-9,35,1,57,84,235
CXT,Crane NXT,65.95,56,8,2,57,123,53,-13,13,58,111,234
CME,CME Group,265.33,-2,-34,61,138,163,-11,4,57,21,71,234
BWA,BorgWarner,44.41,15,102,15,4,136,33,66,17,-18,98,234
VMI,Valmont Industries,392.73,35,5,69,60,169,33,5,14,12,64,233
FWONK,Liberty Formula 1 (Series C),104.1,0,13,77,59,149,-19,27,17,58,83,232
ADI,Analog Devices,241.66,-20,31,18,181,210,-19,-5,17,28,21,231
NFG,National Fuel Gas,91.71,0,17,67,54,138,-7,10,78,12,93,231
AXON,Axon Enterprise,720.2,-48,-16,152,96,184,5,-7,17,32,47,231
BRK-B,Berkshire Hathaway,495.95,0,26,131,64,221,-6,-1,-12,28,9,230
UTHR,United Therapeutics,443.7,14,36,5,59,114,14,36,5,61,116,230
AEP,American Electric Power,113.47,49,3,80,25,157,26,1,30,16,73,230
AMGN,Amgen,297.53,17,2,1,167,187,21,-22,5,38,42,229
VICI,Vici Properties,32.76,19,5,65,17,106,45,-11,30,59,123,229
JHG,Janus Henderson,44.95,3,85,13,21,122,2,69,14,20,105,227
HII,Huntington Ingalls Industries,282.12,35,139,15,8,197,-1,19,23,-11,30,227
WEC,WEC Energy Group,112.03,0,56,62,15,133,-7,13,75,13,94,227
LIN,Linde plc,469.47,-16,0,20,112,116,-12,-2,17,108,111,227
MRVL,Marvell Technology,86.21,91,7,0,108,206,5,9,7,-1,20,226
MSA,MSA Safety,173.66,19,1,1,166,187,26,2,17,-7,38,225
JEF,Jefferies Financial Group,63.06,-46,76,4,60,94,-12,76,8,59,131,225
BLK,BlackRock,1160.53,40,99,24,24,187,-12,10,17,23,38,225
ROST,Ross Stores,156.18,49,43,7,37,136,49,2,6,31,88,224
WAB,Wabtec,197.83,61,0,2,51,114,32,3,17,58,110,224
PTC,PTC Inc.,202.96,0,0,13,184,197,1,-16,14,28,27,224
CVNA,Carvana,394.51,16,12,99,13,140,28,20,17,18,83,223
ELAN,Elanco,20.48,35,103,9,0,147,33,35,16,-8,76,223
EQT,EQT Corporation,55.76,56,2,48,44,150,56,4,1,12,73,223
PHM,PulteGroup,134.87,6,73,8,67,154,27,-3,13,31,68,222
MDT,Medtronic,95.49,10,67,18,3,98,17,81,10,15,123,221
PANW,Palo Alto Networks,209.26,9,20,6,83,118,5,21,17,59,102,220
AEE,Ameren,102.92,53,8,63,15,139,-1,2,68,12,81,220
TTWO,Take-Two Interactive,256.93,30,23,52,15,120,-4,30,52,22,100,220
TOL,Toll Brothers,139.55,3,84,7,63,157,28,-4,11,28,63,220
UHS,Universal Health Services,205.61,63,32,2,24,121,63,36,1,-3,97,218
NET,Cloudflare,224.56,4,100,46,0,150,7,22,17,21,67,217
HLI,Houlihan Lokey,201.34,-24,102,24,46,148,-12,35,17,28,68,216
JCI,Johnson Controls,108.66,21,5,82,21,129,28,22,17,20,87,216
HR,Healthcare Realty Trust,18.08,16,68,9,2,95,27,74,9,11,121,216
DKS,Dick's Sporting Goods,230.55,14,66,4,65,149,11,14,7,35,67,216
EXE,Expand Energy,107.87,89,2,48,0,139,52,18,-6,12,76,215
RGLD,Royal Gold,198.95,42,30,68,20,160,-4,38,3,18,55,215
ITW,Illinois Tool Works,260.74,0,1,9,180,190,-14,-7,14,31,24,214
RBA,RB Global,107.88,-58,-6,111,29,76,4,-1,114,21,138,214
EPR,EPR Properties,58.19,21,6,64,31,122,31,19,17,23,90,212
MSI,Motorola Solutions,448.02,-83,0,8,155,80,-58,-6,8,187,131,211
AMG,Affiliated Managers Group,236.57,-34,106,18,24,114,-16,77,17,19,97,211
FTAI,FTAI Aviation,172.15,0,46,10,49,105,13,46,13,33,105,210
F,Ford Motor Company,12.23,35,114,9,0,158,8,34,17,-7,52,210
PFGC,Performance Food Group,102.48,-60,103,60,45,148,-14,-1,17,59,61,209
ES,Eversource Energy,71.81,70,10,22,2,104,68,14,17,4,103,207
MSGS,Madison Square Garden Sports,232.65,49,18,4,23,94,49,25,10,29,113,207
JNJ,Johnson & Johnson,186.01,40,66,15,9,130,55,1,12,8,76,206
INTU,Intuit,682.01,-7,-31,24,193,179,-18,5,17,22,26,205
PSTG,Pure Storage,88.25,9,30,6,44,89,22,22,13,59,116,205
PRI,Primerica,278.32,3,22,1,110,136,-7,29,15,32,69,205
NFLX,Netflix,1162.3,-21,-7,123,22,117,-18,-11,94,22,87,204
NDAQ,"Nasdaq, Inc.",87.33,-14,-8,83,146,207,-12,-24,17,16,-3,204
FTI,TechnipFMC,38.44,-7,100,24,29,146,-21,22,17,39,57,203
LH,Labcorp,279.36,6,50,62,17,135,-5,37,15,20,67,202
NTRS,Northern Trust,133.24,3,100,23,13,139,-11,42,17,15,63,202
NWS,News Corp (Class B),32.28,-14,-2,119,60,163,-7,5,17,23,38,201
FICO,Fair Isaac,1787.02,7,1,0,168,176,3,24,-35,33,25,201
WYNN,Wynn Resorts,133.3,35,102,15,5,157,6,30,17,-10,43,200
SHW,Sherwin-Williams,343.81,0,-10,0,192,182,-7,-13,17,21,18,200
TDG,TransDigm Group,1282.95,-7,-36,4,159,120,-4,7,17,59,79,199
EXPD,Expeditors International,123.11,2,45,8,133,188,5,-3,13,-5,10,198
PAG,Penske Automotive Group,174.83,15,-1,22,64,100,33,-11,17,59,98,198
CNP,Centerpoint Energy,38.19,-20,54,56,47,137,-18,12,50,17,61,198
DHI,D. R. Horton,171.46,6,73,8,67,154,42,-6,11,-4,43,197
RSG,Republic Services,222.57,-9,-46,0,179,124,-11,-71,-8,162,72,196
MCO,Moody's Corporation,482.31,0,-11,1,158,148,29,-23,15,27,48,196
ADT,ADT Inc.,8.75,5,120,38,0,163,-5,-5,32,10,32,195
GM,General Motors,59.36,-7,82,14,13,102,-12,74,14,15,91,193
D,Dominion Energy,61.09,35,98,21,3,157,-1,8,17,12,36,193
PKG,Packaging Corporation of America,215.64,35,30,2,63,130,-5,30,10,28,63,193
ATI,ATI Inc.,82.52,22,0,23,45,90,13,19,17,54,103,193
MDU,MDU Resources,17.68,70,8,2,60,140,-7,10,17,32,52,192
MLM,Martin Marietta Materials,627.95,23,55,13,62,153,-5,-5,17,29,36,189
CSL,Carlisle Companies,331.64,0,-15,-4,180,161,18,-11,-1,22,28,189
MET,Metlife,81.33,62,31,2,60,155,-4,3,15,20,34,189
ALNY,Alnylam Pharmaceuticals,461.22,3,99,24,17,143,19,-8,17,17,45,188
FHN,First Horizon Corporation,22.47,-14,100,59,6,151,-19,29,15,12,37,188
EVR,Evercore,335.39,-45,99,14,60,128,-18,35,15,28,60,188
FSLR,First Solar,232.14,16,65,2,64,147,10,20,17,-8,39,186
LNT,Alliant Energy,66.32,54,8,75,16,153,-1,2,17,15,33,186
ADP,Automatic Data Processing,289.11,-6,-23,0,182,153,11,-36,-1,59,33,186
RRC,Range Resources,38.57,56,2,2,44,104,12,18,-5,57,82,186
STLD,Steel Dynamics,144.41,31,14,7,57,109,31,28,17,1,77,186
KR,Kroger,66.37,13,-26,86,69,142,-2,-29,57,17,43,185
JBL,Jabil,215.66,-2,1,26,67,92,5,11,18,59,93,185
TSLA,"Tesla, Inc.",435.97,33,39,5,12,89,28,45,11,12,96,185
FAST,Fastenal,48.17,0,0,56,108,164,-12,-15,20,25,18,182
POST,Post Holdings,106.88,50,-1,-5,89,133,19,-14,-15,59,49,182
AXP,American Express,330.5,-21,29,24,101,133,-19,29,15,23,48,181
PFG,Principal Financial Group,84.25,17,29,4,57,107,14,24,14,20,72,179
FTNT,Fortinet,86.3,15,0,0,115,130,28,15,-9,15,49,179
EXEL,Exelixis,41.36,24,0,71,16,111,28,14,-1,26,67,178
PM,Philip Morris International,157.91,-16,-14,77,57,104,-27,-20,92,29,74,178
ROIV,Roivant Sciences,15.98,25,37,8,0,70,35,53,17,2,107,177
CB,Chubb Limited,281.36,49,5,2,60,116,12,2,-11,58,61,177
CHRW,C.H. Robinson,134.78,2,68,10,4,84,8,61,13,10,92,176
VRTX,Vertex Pharmaceuticals,408.69,28,0,-9,106,125,36,-11,-13,39,51,176
NEE,NextEra Energy,78.17,63,7,2,2,74,67,3,17,15,102,176
EXC,Exelon,44.98,60,3,62,16,141,19,2,1,12,34,175
WFC,Wells Fargo,80.5,-14,16,99,31,132,-21,24,17,21,41,173
HD,Home Depot (The),395.01,-69,52,8,182,173,-28,-3,9,21,-1,172
STT,State Street Corporation,115.15,2,102,24,18,146,-11,4,16,16,25,171
INTC,Intel,37.3,98,36,2,0,136,7,35,7,-14,35,171
DD,DuPont,80.99,16,71,1,21,109,24,29,14,-5,62,171
PCAR,Paccar,99.09,0,1,-29,161,133,1,-3,4,36,38,171
AMD,Advanced Micro Devices,169.73,16,0,5,112,133,28,1,17,-9,37,170
DRI,Darden Restaurants,193.4,0,-11,51,63,103,44,-6,-3,32,67,170
FNB,FNB Corporation,16.07,-28,100,8,57,137,2,-7,16,21,32,169
ESI,Element Solutions,26.5,7,72,1,59,139,20,-1,14,-3,30,169
FOXA,Fox Corporation (Class A),62.06,26,36,75,3,140,-10,8,15,16,29,169
ROKU,"Roku, Inc.",103.82,16,81,17,-21,93,28,29,12,6,75,168
OZK,Bank OZK,50.84,-28,100,24,58,154,-19,-3,15,21,14,168
OLLI,Ollie's Bargain Outlet,129.22,-36,0,122,18,104,-32,-1,70,25,62,166
FOX,Fox Corporation (Class B),55.89,29,36,74,3,142,-10,8,14,11,23,165
H,Hyatt Hotels,145.43,28,5,4,57,94,7,-6,13,57,71,165
AIG,American International Group,79.65,35,-6,35,55,119,44,-14,-7,23,46,165
RPM,RPM International,116.23,-10,-2,-2,182,168,-5,-10,14,-2,-3,165
PEG,Public Service Enterprise Group,81.57,0,-22,2,154,134,-5,4,11,19,29,163
AGNC,AGNC Investment,10.02,3,85,18,18,124,9,-4,15,19,39,163
TXT,Textron,86.37,28,16,1,55,100,29,24,17,-7,63,163
CMS,CMS Energy,71.86,36,0,83,25,144,-4,2,5,16,19,163
GGG,Graco Inc.,84.87,1,-10,1,180,172,-12,-12,17,-2,-9,163
TNL,Travel + Leisure Co.,61.51,5,90,16,18,129,7,-4,14,16,33,162
CSCO,Cisco,68.31,21,0,55,16,92,23,3,17,27,70,162
KO,Coca-Cola Company (The),66.11,0,-29,0,184,155,18,-22,-5,16,7,162
BKNG,Booking Holdings,5430.36,-22,-4,143,37,154,-21,-17,17,28,7,161
GLPI,Gaming and Leisure Properties,46.57,0,6,0,67,73,34,-6,1,59,88,161
CRWD,CrowdStrike,496.86,17,11,52,0,80,28,12,17,22,79,159
FIVE,Five Below,156.79,12,102,7,0,121,4,33,18,-17,38,159
HON,Honeywell,210.97,4,-35,1,180,150,15,-47,17,24,9,159
MMM,3M,158.81,14,3,81,16,114,18,-6,17,16,45,159
MSM,MSC Industrial Direct,91.99,20,29,14,60,123,29,-3,17,-11,32,155
MU,Micron Technology,183.74,21,26,5,24,76,24,35,17,2,78,154
ZS,Zscaler,307.78,35,5,24,7,71,33,13,17,20,83,154
WCC,Wesco International,213.77,3,0,14,60,77,14,-11,15,59,77,154
RS,"Reliance, Inc.",285.73,1,-44,0,117,74,11,-9,-2,79,79,153
CFG,Citizens Financial Group,52.99,-2,88,15,6,107,-19,35,14,16,46,153
INCY,Incyte,86.3,17,86,10,1,114,26,-10,13,9,38,152
VEEV,Veeva Systems,300.79,40,5,52,10,107,3,5,17,20,45,152
LNG,Cheniere Energy,231.79,-11,-2,67,60,114,-26,-12,17,58,37,151
GPC,Genuine Parts Company,140.38,7,53,8,0,68,24,60,17,-19,82,150
RNR,RenaissanceRe,255.74,60,11,1,37,109,21,6,15,-1,41,150
WWD,"Woodward, Inc.",254.39,41,3,26,37,107,33,-36,17,28,42,149
RKLB,Rocket Lab,52.47,7,20,56,0,83,17,22,17,10,66,149
RGA,Reinsurance Group of America,193.9,27,18,-10,42,77,27,-12,1,55,71,148
DOCS,Doximity,72.01,-21,70,61,0,110,-18,35,7,14,38,148
EA,Electronic Arts,200.95,30,46,11,9,96,-3,8,23,23,51,147
HHH,Howard Hughes Holdings,84.29,17,40,5,2,64,26,35,6,16,83,147
ECG,Everus Construction Group,81.65,30,98,0,0,128,-5,10,14,0,19,147
AL,Air Lease Corporation,63.62,-9,30,24,24,69,-1,33,17,28,77,146
OHI,Omega Healthcare Investors,41.62,0,59,13,42,114,-4,-9,12,33,32,146
GL,Globe Life,139.44,-28,52,52,16,92,-19,51,11,10,53,145
FERG,Ferguson Enterprises,231.58,3,1,18,67,89,7,5,17,27,56,145
RCL,Royal Caribbean Group,320.16,-31,0,128,30,127,-19,-10,17,29,17,144
W,Wayfair,86.34,2,100,11,-43,70,-7,106,17,-42,74,144
PG,Procter & Gamble,152.06,-7,-9,-13,181,152,-12,-3,-21,28,-8,144
STAG,STAG Industrial,35.92,14,3,1,98,116,26,-10,17,-6,27,143
LAMR,Lamar Advertising,122.04,-9,29,8,66,94,15,-5,15,23,48,142
LVS,Las Vegas Sands,55.05,35,100,13,4,152,6,-14,14,-16,-10,142
EXPE,Expedia Group,217.79,-7,73,56,13,135,-19,-3,13,16,7,142
EMR,Emerson Electric,133.06,7,-13,23,66,83,20,-7,17,28,58,141
TMUS,T-Mobile US,230.13,-14,-6,0,141,121,-5,-15,2,37,19,140
CWEN-A,Clearway Energy (Class A),28.34,14,0,65,8,87,10,2,29,12,53,140
HIW,Highwoods Properties,32.2,15,26,7,8,56,23,29,17,15,84,140
BKR,Baker Hughes,48.39,-2,54,11,37,100,-22,23,11,28,40,140
BEPC,Brookfield Renewable Partners,35.73,33,9,17,0,59,33,18,17,12,80,139
COKE,Coca-Cola Consolidated,119.33,18,3,0,68,89,26,-7,-23,54,50,139
KRC,Kilroy Realty,42.15,-39,90,13,0,64,-45,93,13,13,74,138
EBAY,eBay,88.4,-16,0,84,16,84,-33,-20,89,18,54,138
VST,Vistra Corp.,202.63,0,2,26,32,60,5,11,15,47,78,138
CWEN,Clearway Energy (Class C),30.05,14,0,65,6,85,10,2,29,12,53,138
VRT,Vertiv,161.69,21,11,16,10,58,28,10,14,28,80,138
M,"Macy's, Inc.",18.19,35,66,5,0,106,5,29,6,-8,32,138
BOKF,BOK Financial Corporation,111.55,-1,69,7,24,99,-24,35,11,16,38,137
CELH,Celsius Holdings,58.9,28,5,0,67,100,35,-12,25,-11,37,137
LLYVK,Liberty Live (Series C),91.79,-14,106,37,0,129,-7,-5,17,2,7,136
ICE,Intercontinental Exchange,160.94,-14,-24,0,163,125,-12,-30,29,23,10,135
AMKR,Amkor Technology,29.65,12,85,1,4,102,8,21,11,-7,33,135
NVR,"NVR, Inc.",8078.69,1,5,0,67,73,27,-7,10,31,61,134
SOFI,SoFi,25.99,-31,92,53,0,114,-45,36,15,13,19,133
O,Realty Income,60.08,3,44,17,9,73,-6,34,17,15,60,133
IRM,Iron Mountain,103.3,13,14,3,59,89,15,13,17,-1,44,133
MTG,MGIC Investment Corporation,27.74,-14,37,26,57,106,-19,-1,17,30,27,133
SNDK,SanDisk,124.15,28,33,0,0,61,27,35,9,0,71,132
CMA,Comerica,70.13,3,74,14,6,97,8,-2,14,14,34,131
IR,Ingersoll Rand,84.18,36,5,0,25,66,33,19,14,-2,64,130
FNF,Fidelity National Financial,59.63,0,37,2,60,99,-1,5,2,23,29,128
FDX,FedEx,242.43,62,10,0,34,106,8,10,9,-6,21,127
USFD,US Foods,75.55,-63,-24,150,37,100,-13,-5,17,28,27,127
CLF,Cleveland-Cliffs,12.69,49,65,0,-18,96,5,25,10,-10,30,126
SYK,Stryker Corporation,366.5,-57,-15,0,161,89,1,-12,15,31,35,124
CVS,CVS Health,77.46,14,35,17,0,66,10,39,7,2,58,124
CSX,CSX Corporation,35.58,98,4,3,6,111,1,3,17,-8,13,124
RBLX,Roblox Corporation,133.57,-2,18,60,0,76,-7,19,23,13,48,124
SNPS,Synopsys,471.08,0,-17,-4,182,161,-1,-29,-1,-7,-38,123
NNN,NNN Reit,42.91,15,5,7,24,51,44,-6,17,16,71,122
CRUS,Cirrus Logic,126.72,8,37,5,21,71,7,32,17,-5,51,122
SNOW,Snowflake Inc.,240.62,16,25,22,0,63,14,25,17,3,59,122
HRB,H&R Block,51.14,11,0,-8,54,57,29,-6,-13,54,64,121
RYN,Rayonier,26.91,34,42,1,0,77,48,2,5,-11,44,121
SMCI,Supermicro,52.51,21,2,0,60,83,23,13,12,-11,37,120
MUSA,Murphy USA,394.98,6,2,-20,70,58,19,-3,-36,81,61,119
INFA,Informatica,24.89,19,91,0,0,110,16,-13,15,-9,9,119
ALAB,Astera Labs,209.64,0,98,4,0,102,5,-1,12,0,16,118
CPRT,Copart,44.57,-12,-13,-20,178,133,-3,-12,-30,30,-15,118
LFUS,Littelfuse,259.12,0,100,10,4,114,2,-3,15,-10,4,118
FRHC,Freedom Holding,172.69,0,0,61,16,77,-12,3,17,32,40,117
BC,Brunswick Corporation,65.08,7,84,0,0,91,29,-3,11,-11,26,117
TFC,Truist Financial,45.37,-11,74,8,6,77,2,7,14,16,39,116
COIN,Coinbase,371.97,25,2,16,0,43,26,11,16,20,73,116
XOM,ExxonMobil,111.31,-21,19,0,46,44,-24,28,16,52,72,116
COHR,Coherent Corp.,112.82,14,11,5,17,47,28,10,14,17,69,116
HALO,Halozyme,71.71,-45,47,14,21,37,-5,58,8,16,77,114
ABT,Abbott Laboratories,132.99,-15,29,63,15,92,-5,8,3,16,22,114
AGO,Assured Guaranty,84.55,2,1,0,58,61,-3,13,17,24,51,112
SCHW,Charles Schwab Corporation,92.7,-9,0,84,13,88,-12,3,17,16,24,112
NTAP,Netapp,119.99,-49,43,5,59,58,7,35,14,-3,53,111
LPX,Louisiana-Pacific,89.93,11,-12,-4,65,60,28,-12,7,28,51,111
WFRD,Weatherford International,66.28,0,71,0,0,71,11,29,7,-7,40,111
ROK,Rockwell Automation,348.5,21,16,22,17,76,29,1,17,-13,34,110
MTSI,MACOM Technology Solutions,128.05,0,0,6,60,66,2,-4,15,31,44,110
BBY,Best Buy,76.61,31,37,0,-8,60,14,34,5,-4,49,109
DELL,Dell Technologies,147.37,21,4,3,34,62,26,9,17,-6,46,108
GWRE,Guidewire Software,230.99,-63,0,117,23,77,-3,-5,17,22,31,108
DDOG,Datadog,151.54,35,5,6,0,46,33,17,14,-2,62,108
BX,Blackstone Inc.,166.57,-48,0,11,144,107,-52,18,12,23,1,108
NTNX,Nutanix,76.91,2,17,5,24,48,1,16,17,26,60,108
TSCO,Tractor Supply Company,56.22,-63,-6,14,87,32,-5,-17,11,87,76,108
VIK,Viking Holdings,61.03,0,100,0,0,100,-6,-4,17,0,7,107
KEY,Keycorp,18.45,-21,100,15,6,100,-20,-3,15,15,7,107
ELF,e.l.f. Beauty,135.87,0,26,1,33,60,7,31,15,-7,46,106
BAC,Bank of America,50.46,-14,33,24,20,63,-20,30,17,16,43,106
WST,West Pharmaceutical Services,273.16,35,20,0,-9,46,40,21,8,-10,59,105
TEM,Tempus AI,89.3,9,37,0,0,46,14,35,10,0,59,105
RKT,Rocket Companies,18.38,-7,56,11,0,60,27,-1,16,3,45,105
DINO,HF Sinclair,51.83,-21,102,7,3,91,-26,32,17,-10,13,104
ECL,Ecolab,274.01,35,0,23,24,82,1,-17,17,21,22,104
WSM,"Williams-Sonoma, Inc.",195.84,-27,1,15,67,56,2,14,9,23,48,104
PLD,Prologis,116.14,16,29,6,0,51,15,28,17,-7,53,104
CEG,Constellation Energy,357.51,14,5,23,0,42,13,10,17,21,61,103
LSCC,Lattice Semiconductor,72.88,4,42,8,0,54,22,35,9,-17,49,103
LEN-B,Lennar (Class B),122.85,2,2,0,64,68,40,-10,8,-3,35,103
VNO,Vornado Realty Trust,41.07,2,22,5,6,35,14,22,15,17,68,103
CGNX,Cognex Corporation,45.63,0,82,8,-33,57,7,68,13,-42,46,103
GTES,Gates Corporation,25.75,13,5,24,17,59,13,-6,17,20,44,103
AOS,A. O. Smith,73.54,3,5,0,60,68,28,-3,17,-7,35,103
NWSA,News Corp (Class A),28.56,-14,-1,16,60,61,-12,13,17,23,41,102
MAS,Masco,71.01,0,0,0,67,67,14,-10,8,23,35,102
ARMK,Aramark,38.53,27,-26,22,42,65,4,-42,17,58,37,102
HSY,Hershey Company (The),189.04,3,66,11,0,80,11,20,11,-21,21,101
LEN,Lennar (Class A),128.33,1,5,-4,66,68,40,-10,8,-5,33,101
FR,First Industrial Realty Trust,51.5,0,32,1,16,49,24,-3,15,16,52,101
A,Agilent Technologies,138.71,17,26,1,1,45,23,32,8,-7,56,101
INGM,Ingram Micro,22.19,21,17,0,0,38,28,20,14,0,62,100
NOW,ServiceNow,910.14,-23,0,-1,84,60,-18,19,15,24,40,100
BXP,"BXP, Inc.",75.6,0,26,5,1,32,9,27,17,15,68,100
VRSN,Verisign,275.43,-22,-2,43,11,30,-19,21,59,9,70,100
GILD,Gilead Sciences,110.56,-16,-3,58,37,76,-12,-22,15,41,22,98
RPRX,Royalty Pharma,36.5,12,1,39,0,52,16,-5,33,2,46,98
DLR,Digital Realty,173.77,4,3,4,24,35,12,13,17,21,63,98
MKSI,MKS Instruments,136.55,13,21,4,1,39,19,32,13,-7,57,96
MPC,Marathon Petroleum,192.34,0,26,6,51,83,-21,26,17,-10,12,95
THO,Thor Industries,105.68,1,84,8,4,97,2,-10,13,-8,-3,94
DOV,Dover Corporation,166.74,-2,-25,-10,108,71,5,-16,13,21,23,94
MAR,Marriott International,266.36,3,-3,1,60,61,2,-12,14,29,33,94
KNSL,Kinsale Capital Group,442.38,7,-29,-4,35,9,16,-17,-2,87,84,93
COF,Capital One,213.81,-46,0,101,23,78,-19,-3,17,20,15,93
EGP,EastGroup Properties,170.18,35,5,1,10,51,28,3,17,-7,41,92
MDB,MongoDB Inc.,326.14,13,34,5,-11,41,27,26,9,-11,51,92
BRX,Brixmor Property Group,26.86,-8,0,7,57,56,-5,-4,17,28,36,92
SEE,Sealed Air,36.11,35,30,3,-26,42,35,33,15,-34,49,91
ETSY,Etsy,72.53,119,7,4,-32,98,6,9,17,-39,-7,91
QCOM,Qualcomm,168.85,-1,27,0,24,50,3,29,15,-7,40,90
REG,Regency Centers,71.88,4,8,1,55,68,-5,-11,17,21,22,90
CPNG,Coupang,32.58,0,19,24,0,43,-8,19,17,19,47,90
WMS,Advanced Drainage Systems,142.51,3,42,1,5,51,17,9,17,-5,38,89
TRMB,Trimble Inc.,80.2,-14,0,86,6,78,-12,-6,15,14,11,89
EWBC,East West Bancorp,105.23,-28,29,16,24,41,-19,29,16,21,47,88
NDSN,Nordson,232.07,16,30,1,3,50,29,1,17,-9,38,88
SPGI,S&P Global,476.62,-77,-11,0,174,86,-13,-23,15,23,2,88
U,Unity Technologies,39.11,-45,89,13,0,57,-51,63,17,2,31,88
RVMD,Revolution Medicines,45.68,27,20,0,0,47,-1,26,17,-2,40,87
VRSK,Verisk Analytics,247.43,20,-48,-3,116,85,-5,-14,-9,30,2,87
PSN,Parsons Corporation,87.36,28,12,1,1,42,29,9,10,-3,45,87
TRGP,Targa Resources,162.61,-8,-1,0,53,44,-26,11,1,56,42,86
EG,Everest Group,351.1,49,7,-43,57,70,18,4,1,-7,16,86
RF,Regions Financial Corporation,26.19,-53,99,14,24,84,-26,-3,15,16,2,86
EQH,Equitable Holdings,50.35,-47,-3,99,13,62,-47,32,17,21,23,85
K,Kellanova,82.65,28,4,1,23,56,39,-11,-14,15,29,85
ROP,Roper Technologies,497.49,-1,-44,-9,184,130,-5,-61,-8,28,-46,84
PSX,Phillips 66,134.94,-6,29,2,43,68,-23,29,16,-7,15,83
APG,APi Group,34.44,0,0,25,0,25,29,-16,17,28,58,83
DOC,Healthpeak Properties,19.17,62,21,0,-33,50,-3,24,1,11,33,83
APTV,Aptiv,87.37,18,37,8,-26,37,33,33,17,-38,45,82
MP,MP Materials,70.97,-29,1,39,0,11,5,8,52,6,71,82
VLO,Valero Energy,164.64,-12,29,7,46,70,-25,28,16,-7,12,82
SF,Stifel,112.09,-14,0,15,61,62,-12,-4,14,22,20,82
LPLA,LPL Financial,312.66,-14,-25,0,101,62,-20,-36,17,59,20,82
UBER,Uber,96.58,-9,19,25,1,36,-16,11,23,28,46,82
TFSL,Third Federal S&L,13.3,2,33,10,7,52,2,-11,17,21,29,81
VNOM,Viper Energy,38.07,-6,0,-16,46,24,2,5,1,49,57,81
AMZN,Amazon,222.41,0,0,24,23,47,5,-8,14,22,33,80
BG,Bunge Global,83.03,35,2,0,0,37,50,-17,17,-7,43,80
FITB,Fifth Third Bancorp,44.22,-30,76,7,24,77,-26,-3,14,18,3,80
QSR,Restaurant Brands International,67.68,14,1,1,42,58,8,6,17,-10,21,79
WBD,Warner Bros. Discovery,19.25,0,16,19,0,35,10,16,15,2,43,78
LYFT,Lyft,22.62,3,34,8,-3,42,-12,29,17,2,36,78
RBRK,Rubrik,83.95,20,-17,0,0,3,33,-9,51,0,75,78
ASTS,AST SpaceMobile,66.11,14,2,18,0,34,9,8,17,10,44,78
AIT,Applied Industrial Technologies,258.97,-32,0,14,60,42,-46,9,13,59,35,77
PNW,Pinnacle West Capital,87.9,25,-25,1,20,21,-2,1,29,28,56,77
PLNT,Planet Fitness,102.7,10,-23,70,15,72,-13,-15,17,16,5,77
ZION,Zions Bancorporation,56.4,-28,82,7,6,67,-21,-1,14,17,9,76
AMP,Ameriprise Financial,490.78,-15,-24,1,66,28,-20,-20,15,73,48,76
MHK,Mohawk Industries,129.32,0,62,0,-13,49,27,-6,9,-3,27,76
ARES,Ares Management,150.59,-49,-7,-1,61,4,-47,-7,17,108,71,75
FCX,Freeport-McMoRan,38.84,0,-7,0,60,53,20,-7,17,-8,22,75
OTIS,Otis Worldwide,92.24,31,0,-11,0,20,35,12,-21,28,54,74
VNT,Vontier,41.82,-48,100,12,0,64,2,-1,15,-7,9,73
SUI,Sun Communities,128.7,1,24,10,-26,9,-3,37,17,13,64,73
SHC,Sotera Health,15.87,0,39,8,0,47,28,-3,9,-8,26,73
NLY,Annaly Capital Management,20.7,-74,82,25,12,45,2,-7,15,18,28,73
DE,Deere & Company,461.9,-47,-30,56,111,90,-40,-43,52,12,-19,71
CI,Cigna,297.03,12,1,-4,60,69,21,-6,-10,-3,2,71
SARO,StandardAero,27.34,16,0,0,0,16,27,10,17,0,54,70
SEIC,SEI Investments Company,84.88,-55,-20,99,37,61,-19,-17,17,28,9,70
MOH,Molina Healthcare,194.22,40,0,-20,-4,16,54,26,-16,-10,54,70
LCID,Lucid Motors,24.1,122,0,-11,0,111,8,11,-24,-37,-42,69
PNC,PNC Financial Services,198.16,-28,90,9,16,87,-46,-3,14,16,-19,68
CHWY,Chewy,39.26,35,3,48,0,86,-7,-10,-8,7,-18,68
MKL,Markel,1920.97,0,-14,75,57,118,-57,-36,15,28,-50,68
ADSK,Autodesk,320.94,-21,24,6,16,25,-19,24,17,21,43,68
AVT,Avnet,51.98,-1,0,8,47,54,15,-14,17,-4,14,68
TPL,Texas Pacific Land Corporation,968.26,18,0,-16,60,62,12,-10,-12,15,5,67
CBRE,CBRE Group,155.63,-64,0,99,24,59,-16,-7,15,16,8,67
KEYS,Keysight,175.17,0,22,5,2,29,-6,22,15,7,38,67
CUZ,Cousins Properties,28.85,1,3,1,13,18,21,-4,17,15,49,67
BIIB,Biogen,155.32,14,36,0,-29,21,19,43,4,-20,46,67
PSA,Public Storage,289.17,27,5,-18,3,17,44,-10,17,-2,49,66
KIM,Kimco Realty,21.35,-12,0,1,57,46,-5,-6,15,16,20,66
REYN,Reynolds Consumer Products,24.59,28,41,-35,0,34,28,4,4,-5,31,65
LNC,Lincoln Financial,40.35,-1,69,25,3,96,-45,-11,15,10,-31,65
AA,Alcoa,34.83,16,29,0,-22,23,33,34,9,-34,42,65
WTRG,Essential Utilities,38.57,47,0,13,0,60,-5,2,1,7,5,65
LOAR,Loar Holdings,80.0,9,5,0,0,14,33,27,-10,0,50,64
SEB,Seaboard Corporation,3633.4,-8,74,12,0,78,-21,-10,15,2,-14,64
JAZZ,Jazz Pharmaceuticals,137.18,19,40,1,-8,52,19,32,2,-41,12,64
SPR,Spirit AeroSystems,39.12,0,-4,25,0,21,2,-13,37,16,42,63
AMTM,Amentum,25.15,21,2,0,0,23,21,2,17,0,40,63
SAIL,SailPoint,23.35,11,15,0,0,26,8,20,9,0,37,63
HAYW,Hayward Holdings,15.44,12,0,1,0,13,28,-12,15,18,49,62
WING,Wingstop,265.31,10,-21,-4,40,25,22,-34,15,33,36,61
MTB,M&T Bank,195.62,-21,29,8,24,40,-40,29,15,16,20,60
EXLS,EXL Service,43.43,0,-2,0,67,65,-9,-10,-1,15,-5,60
WTFC,Wintrust Financial,130.81,-54,37,16,51,50,-20,-6,15,21,10,60
LOW,Lowe's,247.35,-70,0,7,168,105,-71,-3,8,21,-45,60
GXO,GXO Logistics,53.81,44,9,8,0,61,7,-15,16,-10,-2,59
NU,Nubank,15.2,-36,31,8,0,3,-8,26,17,21,56,59
SSB,SouthState Corporation,97.94,-53,71,7,24,49,-19,-3,11,21,10,59
CNA,CNA Financial,46.15,0,-2,0,59,57,-7,-15,1,22,1,58
GEHC,GE HealthCare,76.85,16,3,1,0,20,27,-6,6,10,37,57
APA,APA Corporation,23.86,-6,40,0,-14,20,7,38,12,-21,36,56
COLB,Columbia Banking System,25.92,-1,49,1,0,49,7,-11,12,-1,7,56
T,AT&T,27.01,-64,-2,77,18,29,-87,-5,101,17,26,55
TTEK,Tetra Tech,33.68,0,-10,-36,121,75,5,-36,13,-3,-21,54
ENTG,Entegris,96.76,7,16,0,0,23,4,28,6,-7,31,54
CNM,Core & Main,53.14,42,-18,3,0,27,-5,-11,17,26,27,54
RMD,Resmed,276.8,8,0,24,15,47,-5,-20,16,15,6,53
QS,QuantumScape,14.3,14,12,13,0,39,25,12,15,-38,14,53
APO,Apollo Global Management,127.13,-44,-7,-2,99,46,-46,11,13,28,6,52
GWW,W. W. Grainger,953.76,-70,-7,-10,96,9,2,-10,-8,59,43,52
CVX,Chevron Corporation,153.4,-28,0,14,50,36,1,-2,8,8,15,51
DNB,Dun & Bradstreet,9.15,29,52,-28,0,53,46,-13,2,-37,-2,51
VLTO,Veralto,106.48,6,0,9,0,15,26,-6,16,0,36,51
APPF,AppFolio,252.9,-18,-2,12,30,22,-12,-2,12,30,28,50
EXR,Extra Space Storage,141.54,1,0,-10,0,-9,32,-5,17,15,59,50
DBX,Dropbox,29.85,-22,26,6,11,21,-19,31,7,10,29,50
KKR,KKR & Co. Inc.,124.65,-49,-6,-1,105,49,-47,11,13,23,0,49
CCK,Crown Holdings,96.94,35,-32,24,7,34,7,-23,17,14,15,49
HAL,Halliburton,24.4,0,26,0,0,26,7,24,2,-11,22,48
ED,Consolidated Edison,97.64,-5,-27,-1,49,16,-6,2,-11,47,32,48
SSD,Simpson Manufacturing Company,169.24,-105,-6,1,158,48,1,-11,13,-3,0,48
VZ,Verizon,43.4,-2,0,37,12,47,-3,-20,7,16,0,47
XPO,"XPO, Inc.",126.82,-48,-2,1,63,14,-5,-5,14,29,33,47
ONTO,Onto Innovation,139.89,14,29,-33,0,10,8,32,2,-6,36,46
AR,Antero Resources,33.49,0,0,-1,12,11,12,18,-7,12,35,46
BRO,Brown & Brown,93.43,6,-109,-6,165,56,-7,-15,-17,28,-11,45
REXR,Rexford Industrial,41.34,-7,85,1,-20,59,8,-2,13,-34,-15,44
BLDR,Builders FirstSource,127.73,2,0,-35,67,34,19,-11,7,-5,10,44
DAY,Dayforce,69.0,4,33,7,-14,30,13,-5,7,-2,13,43
LAD,Lithia Motors,320.83,-7,2,-2,16,9,7,-4,8,23,34,43
BLD,TopBuild,392.65,-2,0,9,48,55,-7,-14,13,-5,-13,42
SOLV,Solventum,74.62,9,1,0,0,10,25,-6,13,0,32,42
UGI,UGI Corporation,32.41,-6,-27,49,6,22,-4,-40,56,7,19,41
LECO,Lincoln Electric,231.48,-14,0,14,67,67,-19,-14,15,-9,-27,40
GLIBA,GCI Liberty (Series A),37.29,24,0,0,0,24,25,-11,0,0,14,38
EXP,Eagle Materials,233.73,3,6,-22,59,46,-10,-3,7,-2,-8,38
CERT,"Certara, Inc.",13.64,30,16,0,0,46,29,10,-14,-34,-9,37
MPW,Medical Properties Trust,5.51,19,20,4,-38,5,19,26,-14,1,32,37
IQV,IQVIA,204.49,18,3,1,0,22,20,-7,9,-8,14,36
OSK,Oshkosh Corporation,129.56,0,0,18,6,24,7,-15,15,4,11,35
EXAS,Exact Sciences,56.22,23,20,0,-27,16,17,28,-9,-18,18,34
DT,Dynatrace,49.88,9,0,-9,0,0,8,-10,14,22,34,34
PODD,Insulet,312.27,-48,0,52,6,10,3,-9,21,8,23,33
VTRS,Viatris,10.11,17,2,0,0,19,21,-13,9,-3,14,33
GME,GameStop,27.23,28,5,0,-32,1,27,23,-10,-9,31,32
GLIBK,GCI Liberty (Series C),36.9,28,0,0,0,28,19,-15,0,0,4,32
ESS,Essex Property Trust,263.69,-7,-1,0,16,8,-3,20,-10,16,23,31
LW,Lamb Weston,62.13,21,5,0,-10,16,29,-8,10,-16,15,31
IPGP,IPG Photonics,81.3,3,99,8,-46,64,5,-5,13,-46,-33,31
RAL,Ralliant,44.22,12,0,0,0,12,15,4,0,0,19,31
HAS,Hasbro,75.16,0,0,21,5,26,-12,-14,17,13,4,30
ARW,Arrow Electronics,122.45,7,-12,8,6,9,25,-12,17,-10,20,29
ALSN,Allison Transmission,86.53,0,-10,-12,37,15,11,-6,-28,36,13,28
PCOR,Procore,71.75,-21,14,0,0,-7,-14,20,7,21,34,27
LII,Lennox International,546.59,10,-28,-4,40,18,22,-41,-2,29,8,26
CNC,Centene,36.82,56,0,-51,-13,-8,54,30,-20,-30,34,26
PEGA,Pegasystems,57.54,-38,20,26,7,15,-40,19,15,17,11,26
BSY,Bentley Systems,55.96,7,1,16,0,24,7,-14,17,-8,2,26
NBIX,Neurocrine Biosciences,136.72,-42,37,7,27,29,-40,29,14,-6,-3,26
LLYVA,Liberty Live (Series A),89.2,-14,0,37,0,23,-12,-4,17,2,3,26
PATH,UiPath,12.74,21,9,0,0,30,-12,19,1,-12,-4,26
CLH,Clean Harbors,227.34,-47,-7,8,60,14,-46,-19,17,59,11,25
EFX,Equifax,232.34,-7,-1,-11,18,-1,-10,-1,17,20,26,25
SMMT,Summit Therapeutics,20.88,55,-19,2,16,54,-13,-33,-4,21,-29,25
BAM,Brookfield Asset Management,56.79,-34,-3,72,0,35,-45,8,17,10,-10,25
CF,CF Industries,89.84,0,0,4,6,10,-19,7,17,10,15,25
HOG,Harley-Davidson,28.23,-5,37,0,-11,21,7,-3,12,-13,3,24
FRT,Federal Realty Investment Trust,99.02,-7,32,0,3,28,-6,-3,8,-3,-4,24
ACGL,Arch Capital Group,89.09,-7,-1,-15,64,41,-3,-13,1,-2,-17,24
DVN,Devon Energy,34.33,-9,37,-1,-7,20,-21,33,16,-24,4,24
VIRT,Virtu Financial,34.24,-14,-24,0,16,-22,-12,-36,78,16,46,24
TMO,Thermo Fisher Scientific,526.42,17,3,0,0,20,17,-11,2,-5,3,23
HBAN,Huntington Bancshares,17.03,-54,29,16,23,14,-26,-1,17,18,8,22
HXL,Hexcel,63.99,16,5,1,1,23,9,-10,11,-11,-1,22
IP,International Paper,46.66,5,-23,0,18,0,19,-15,-1,18,21,21
FANG,Diamondback Energy,143.19,-5,0,-36,49,8,4,5,11,-7,13,21
MTD,Mettler Toledo,1302.79,14,2,1,0,17,14,-14,11,-7,4,21
OMF,OneMain Financial,56.38,-54,0,24,62,32,-53,-4,17,28,-12,20
CFLT,"Confluent, Inc.",20.53,7,0,-10,0,-3,26,20,-25,2,23,20
BAH,Booz Allen Hamilton,103.14,14,-23,-37,103,57,27,-22,-39,-3,-37,20
MSCI,MSCI,560.73,-14,1,1,16,4,-14,-7,14,22,15,19
IDXX,Idexx Laboratories,633.83,0,1,21,6,28,2,-18,17,-10,-9,19
LBTYA,Liberty Global (Series A),11.73,7,44,1,-33,19,8,-4,8,-12,0,19
MSTR,MicroStrategy,352.47,14,-35,1,21,1,24,-45,17,22,18,19
APD,Air Products,270.57,0,-8,-2,18,8,2,-13,9,12,10,18
MRP,Millrose Properties,33.03,-35,89,0,0,54,-42,-4,10,0,-36,18
GNTX,Gentex,27.83,-28,65,0,0,37,-19,-1,11,-10,-19,18
ESAB,ESAB,112.47,21,-41,0,0,-20,12,-11,17,19,37,17
QGEN,Qiagen,46.25,14,-17,19,0,16,17,-40,17,7,1,17
TKR,Timken Company,75.97,0,0,1,6,7,7,-6,14,-7,8,15
PVH,PVH Corp.,82.67,-22,36,0,3,17,-34,35,6,-9,-2,15
CSGP,CoStar Group,83.88,-2,-7,13,16,20,-7,-30,30,1,-6,14
STWD,Starwood Property Trust,19.45,-79,0,25,60,6,-26,-7,17,23,7,13
JLL,Jones Lang LaSalle,293.4,-52,74,11,16,49,-61,-3,11,16,-37,12
WAT,Waters Corporation,322.09,15,1,-12,1,5,20,-3,-27,16,6,11
FLUT,Flutter Entertainment,249.51,-21,-4,0,23,-2,-18,-15,15,29,11,9
FCNCA,First Citizens BancShares,1741.8,-28,-20,-3,61,10,-26,-13,14,23,-2,8
BILL,Bill.com,54.43,15,25,-31,0,9,8,25,5,-39,-1,8
VOYA,Voya Financial,74.73,-48,41,8,6,7,-46,35,15,-3,1,8
CG,Carlyle Group (The),61.7,-49,0,15,23,-11,-14,-1,14,20,19,8
CRL,Charles River Laboratories,175.36,17,2,0,-28,-9,23,-9,13,-10,17,8
AES,AES Corporation,14.3,14,2,0,-13,3,14,3,13,-26,4,7
AS,Amer Sports,35.18,0,-10,11,0,1,5,-16,17,0,6,7
UNH,UnitedHealth Group,353.68,9,22,-25,0,6,7,34,-38,-3,0,6
RGEN,Repligen,145.35,21,5,1,-19,8,28,8,1,-39,-2,6
OMC,Omnicom Group,76.86,4,37,-34,3,10,-7,1,4,-3,-5,5
SWK,Stanley Black & Decker,74.03,0,66,-36,-41,-11,17,-3,6,-4,16,5
HST,Host Hotels & Resorts,17.1,-21,32,5,4,20,-21,-2,15,-8,-16,4
PRU,Prudential Financial,101.94,-8,-3,-20,57,26,-19,-13,11,-1,-22,4
DVA,DaVita,132.1,21,-28,-10,22,5,18,-14,-27,21,-2,3
RLI,RLI Corp.,63.47,-11,-84,-17,178,66,-7,-18,-36,-2,-63,3
AFRM,Affirm Holdings,77.42,-52,2,19,0,-31,6,-6,15,19,34,3
DIS,Walt Disney Company (The),112.17,-8,-15,22,-2,-3,-5,-11,17,5,6,3
BA,Boeing,217.43,-1,-4,15,0,10,2,-14,17,-13,-8,2
GEN,Gen Digital,28.08,-22,-14,22,18,4,-21,-16,17,18,-2,2
ZM,Zoom Communications,82.23,-22,26,7,-2,9,-19,-1,7,6,-7,2
SW,Smurfit Westrock,41.88,-12,-15,-4,18,-13,-3,-9,7,19,14,1
FTV,Fortive,49.77,16,0,-28,0,-12,28,16,-24,-7,13,1
MCHP,Microchip Technology,66.11,3,-19,0,0,-16,7,1,17,-9,16,0
NUE,Nucor,139.02,2,0,0,0,2,6,-12,14,-10,-2,0
ESTC,Elastic NV,87.55,7,19,-20,-8,-2,7,-1,2,-6,2,0
EW,Edwards Lifesciences,76.66,35,-2,0,-16,17,-5,-13,37,-37,-18,-1
GEV,GE Vernova,606.23,-39,0,3,0,-36,5,11,18,0,34,-2
CR,Crane Co.,180.03,-1,-15,23,0,7,-6,-27,17,7,-9,-2
ACHC,Acadia Healthcare,26.64,49,15,-55,-13,-4,62,7,-49,-18,2,-2
HLT,Hilton Worldwide,258.9,-99,-3,23,66,-13,-21,-11,15,28,11,-2
IOT,Samsara,39.15,7,2,-17,0,-8,10,-2,-24,22,6,-2
LUV,Southwest Airlines,32.32,-2,-3,8,-41,-38,7,8,15,6,36,-2
PPC,Pilgrim's Pride,40.91,0,-20,0,23,3,12,-27,-11,20,-6,-3
GAP,Gap Inc.,21.74,-48,10,0,20,-18,8,-4,-10,21,15,-3
ALB,Albemarle Corporation,87.6,7,16,0,-25,-2,7,7,11,-27,-2,-4
AMH,American Homes 4 Rent,32.67,-8,-46,-15,70,1,-5,-15,-3,17,-6,-5
TXN,Texas Instruments,182.3,-6,-22,1,24,-3,-19,-18,17,18,-2,-5
BMY,Bristol Myers Squibb,45.74,15,-1,-7,-7,0,23,-14,-21,7,-5,-5
EQR,Equity Residential,63.49,-12,-1,-3,15,-1,-5,-5,-10,15,-5,-6
WDAY,"Workday, Inc.",232.22,-8,12,-17,16,3,-14,20,-11,-4,-9,-6
MIDD,Middleby,138.05,7,1,-10,0,-2,14,-10,-23,15,-4,-6
RRX,Regal Rexnord,143.7,3,-19,1,5,-10,7,-15,14,-3,3,-7
USB,U.S. Bancorp,47.92,-28,33,7,6,18,-55,-1,14,17,-25,-7
GMED,Globus Medical,58.08,16,0,-22,-2,-8,27,-13,-27,14,1,-7
DHR,Danaher Corporation,210.3,19,2,-36,0,-15,24,-21,10,-6,7,-8
FLS,Flowserve,52.91,-48,0,1,29,-18,-47,20,10,27,10,-8
PEN,"Penumbra, Inc.",253.67,4,0,0,0,4,4,-9,-13,5,-13,-9
QXO,"QXO, Inc.",19.92,0,-9,0,-16,-25,11,-7,20,-8,16,-9
LBTYK,Liberty Global (Series C),11.86,7,44,0,-32,19,7,-4,6,-38,-29,-10
NVST,Envista,20.57,1,0,11,0,12,4,-6,13,-34,-23,-11
QRVO,Qorvo,91.5,-6,13,0,-33,-26,2,5,15,-7,15,-11
OGN,Organon & Co.,10.93,17,20,-36,0,1,21,22,-49,-6,-12,-11
CACC,Credit Acceptance,479.54,4,-6,-2,0,-4,15,-11,-5,-7,-8,-12
CTRA,Coterra,23.16,-7,-1,-12,46,26,-26,-9,-19,15,-39,-13
TXRH,Texas Roadhouse,165.03,10,-39,-6,66,31,1,-75,-3,33,-44,-13
GNRC,Generac,170.05,0,0,10,-36,-26,7,-20,14,12,13,-13
CFR,Frost Bank,125.77,-13,-3,5,6,-5,-26,-9,15,12,-8,-13
PFE,Pfizer,27.09,21,3,1,-25,0,21,-18,14,-30,-13,-13
WAL,Western Alliance Bancorporation,85.49,-42,37,7,6,8,-53,-3,14,20,-22,-14
DAL,Delta Air Lines,57.08,-50,0,8,21,-21,-19,-11,9,28,7,-14
KEX,Kirby Corporation,83.7,-8,-45,-10,37,-26,7,-38,-1,44,12,-14
SBUX,Starbucks,86.73,7,-22,-8,0,-23,24,-30,5,9,8,-15
VKTX,Viking Therapeutics,27.88,18,-32,-47,23,-38,17,2,12,-8,23,-15
NTRA,Natera,160.15,-50,31,8,20,9,-52,-1,7,21,-25,-16
BHF,Brighthouse Financial,51.87,-7,0,-1,2,-6,-21,10,-10,10,-11,-17
MDLZ,Mondelez International,61.78,-26,-6,0,0,-32,15,13,-2,-11,15,-17
CAR,Avis Budget Group,159.59,-1,-5,16,-22,-12,-5,19,20,-39,-5,-17
AVB,AvalonBay Communities,190.04,-9,-1,-10,18,-2,-21,2,-14,17,-16,-18
KMB,Kimberly-Clark,122.64,0,-15,-6,20,-1,-5,-22,-18,28,-17,-18
CIVI,Civitas Resources,33.7,14,38,-62,-2,-12,11,-12,6,-11,-6,-18
SAIC,SAIC,100.64,13,-21,-5,0,-13,21,-21,-2,-3,-5,-18
IPG,Interpublic Group of Companies (The),26.26,0,52,-50,0,2,-7,1,5,-19,-20,-18
SJM,J.M. Smucker Company (The),107.8,0,0,-1,-6,-7,5,3,5,-25,-12,-19
TOST,"Toast, Inc.",36.12,-62,-23,84,0,-1,-21,-33,17,19,-18,-19
VFC,VF Corporation,15.38,10,29,-27,-45,-33,10,1,4,-1,14,-19
SLM,Sallie Mae,27.22,-42,-34,0,24,-52,-7,-34,51,23,33,-19
KD,Kyndryl,30.52,0,-42,-3,0,-45,15,-7,-4,22,26,-19
LEA,Lear Corporation,102.51,0,0,0,-19,-19,8,-7,16,-17,0,-19
PR,Permian Resources,12.38,-28,-4,-1,28,-5,-24,-3,17,-4,-14,-19
OLN,Olin Corporation,25.2,16,29,-67,-11,-33,37,-3,5,-25,14,-19
EIX,Edison International,54.48,-7,0,-39,0,-46,27,-5,7,-3,26,-20
OLED,Universal Display Corporation,147.31,7,0,-44,0,-37,2,5,17,-7,17,-20
TSN,Tyson Foods,54.42,19,0,-8,-30,-19,18,-15,-18,13,-2,-21
NXST,Nexstar Media Group,198.52,-50,0,16,6,-28,-7,-13,14,12,6,-22
CAI,Caris Life Sciences,29.67,-7,0,0,0,-7,-2,-13,0,0,-15,-22
META,Meta Platforms,727.06,-53,-3,24,31,-1,-61,-1,15,25,-22,-23
EOG,EOG Resources,110.4,-29,-10,-5,47,3,-23,-13,10,-1,-27,-24
TTC,Toro Company (The),76.49,0,0,0,-2,-2,2,-10,8,-22,-22,-24
EQIX,Equinix,772.67,-27,-2,-15,36,-8,-42,13,-15,28,-16,-24
SYF,Synchrony Financial,70.27,-52,0,24,23,-5,-52,-3,15,20,-20,-25
OVV,Ovintiv,39.55,-28,-1,0,0,-29,-24,22,14,-8,4,-25
RIVN,Rivian,13.53,-15,13,0,0,-2,-26,23,2,-23,-24,-26
COP,ConocoPhillips,93.39,-7,0,-1,1,-7,-23,5,9,-10,-19,-26
XP,XP Inc.,17.57,-49,0,6,0,-43,-20,23,23,-10,16,-27
TTD,Trade Desk (The),50.89,41,-39,-34,-3,-35,33,-31,8,-2,8,-27
MRK,Merck & Co.,89.5,21,3,-54,0,-30,21,-13,2,-8,2,-28
PCG,PG&E Corporation,15.64,20,5,-37,3,-9,28,-8,-36,-3,-19,-28
LNW,Light & Wonder,85.16,-70,-4,-10,59,-25,4,-12,-22,27,-3,-28
XYZ,"Block, Inc.",76.8,6,1,1,-38,-30,6,-15,11,-1,1,-29
CUBE,CubeSmart,40.24,0,0,-30,3,-27,-9,-6,17,-4,-2,-29
CBSH,Commerce Bancshares,58.86,-7,-42,-1,13,-37,-7,-17,17,15,8,-29
ADC,Agree Realty,70.66,-7,-13,0,18,-2,-4,-27,-12,15,-28,-30
NYT,New York Times Company,55.59,-61,-2,9,18,-36,-19,-16,17,23,5,-31
WTM,White Mountains Insurance Group,1663.65,-41,-17,-6,61,-3,-39,-20,-27,58,-28,-31
ELS,Equity Lifestyle Properties,61.12,16,3,-28,0,-9,19,2,-39,-5,-23,-32
UWMC,United Wholesale Mortgage,6.07,-66,40,0,0,-26,-5,-1,5,-6,-7,-33
NKE,"Nike, Inc.",74.56,14,0,1,-23,-8,17,-18,14,-38,-25,-33
MOS,Mosaic Company (The),34.78,-17,1,23,-18,-11,-31,19,22,-32,-22,-33
OKTA,"Okta, Inc.",94.92,8,0,0,-26,-18,4,-17,-10,8,-15,-33
AWK,American Water Works,135.55,-2,-19,0,0,-21,-5,-19,1,10,-13,-34
FHB,"First Hawaiian, Inc.",24.46,-53,-2,7,16,-32,-28,-4,14,16,-2,-34
ELV,Elevance Health,340.32,18,1,-51,-4,-36,16,8,-17,-5,2,-34
TECH,Bio-Techne,62.11,18,3,-34,-26,-39,25,-15,2,-8,4,-35
BIRK,Birkenstock,46.26,3,-20,-6,0,-23,14,-18,-8,0,-12,-35
BURL,Burlington Stores,255.79,-28,0,8,5,-15,-34,-15,10,19,-20,-35
MGM,MGM Resorts International,34.75,-6,-3,0,0,-9,-14,-15,14,-11,-26,-35
POOL,Pool Corporation,311.99,0,-7,-30,-8,-45,19,-3,4,-11,9,-36
BALL,Ball Corporation,50.49,20,-34,-10,-13,-37,33,-42,17,-7,1,-36
REGN,Regeneron Pharmaceuticals,600.0,14,2,-48,0,-32,18,-19,3,-6,-4,-36
SIRI,Sirius XM,22.61,-1,27,-4,-33,-11,-5,-8,7,-19,-25,-36
PB,Prosperity Bancshares,65.57,-7,-47,-11,16,-49,11,-13,-2,16,12,-37
PNFP,Pinnacle Financial Partners,92.27,-30,-9,-11,17,-33,-19,-3,-2,20,-4,-37
CMG,Chipotle Mexican Grill,40.28,6,-50,-13,82,25,2,-51,-11,-2,-62,-37
VVV,Valvoline,36.06,-70,-6,-2,33,-45,2,-3,14,-6,7,-38
SWKS,Skyworks Solutions,77.36,-28,22,0,-32,-38,-40,32,14,-7,-1,-39
TPG,TPG Inc.,56.39,-44,0,9,0,-35,-47,11,11,21,-4,-39
COLM,Columbia Sportswear,53.69,5,-6,-28,-8,-37,16,-10,-23,15,-2,-39
DPZ,Domino's,431.41,0,-42,-3,12,-33,-12,-12,-2,20,-6,-39
OKE,Oneok,72.47,-11,-44,-20,56,-19,2,-44,-32,53,-21,-40
FAF,First American Financial Corporation,63.76,-70,49,9,16,4,-63,-6,4,20,-45,-41
ST,Sensata Technologies,30.68,0,0,1,-17,-16,8,-11,15,-37,-25,-41
HUBS,HubSpot,445.15,-21,-3,-17,-2,-43,-14,19,-25,21,1,-42
CARR,Carrier Global,58.89,-6,-43,-6,0,-55,25,-39,-1,28,13,-42
SNV,Synovus,48.15,-63,-9,6,23,-43,-27,-4,15,16,0,-43
PK,Park Hotels & Resorts,11.09,-60,37,0,0,-23,-21,-2,10,-7,-20,-43
LKQ,LKQ Corporation,31.32,13,-14,-13,-4,-18,21,-7,-21,-19,-26,-44
LAZ,Lazard,52.27,-48,0,9,22,-17,-52,-4,14,15,-27,-44
WBS,Webster Bank,58.98,-46,0,15,16,-15,-58,-5,15,19,-29,-44
RH,RH,203.51,-1,-5,-31,-9,-46,8,-10,5,-2,1,-45
TAP,Molson Coors,46.18,11,-17,-20,-2,-28,28,-19,-21,-5,-17,-45
TWLO,Twilio,105.39,2,-39,0,-36,-73,11,-9,13,13,28,-45
MANH,Manhattan Associates,201.3,-54,-8,-36,67,-31,-21,-2,10,-2,-15,-46
HOLX,Hologic,67.9,2,1,-42,0,-39,-5,-3,10,-9,-7,-46
YETI,Yeti Holdings,35.03,1,1,-42,-8,-48,7,-4,11,-12,2,-46
CCL,Carnival Corporation & plc,28.84,-54,0,24,0,-30,-47,-5,15,21,-16,-46
MAT,Mattel,17.23,4,-19,-11,0,-26,10,-11,14,-33,-20,-46
ATR,AptarGroup,133.06,2,-44,-10,22,-30,27,-41,-2,-1,-17,-47
SLGN,Silgan Holdings,42.62,16,-46,-10,0,-40,28,-46,-4,15,-7,-47
MASI,Masimo,146.09,21,-41,-6,-8,-34,-5,2,-22,12,-13,-47
NOV,NOV Inc.,13.23,0,8,-62,-14,-68,8,22,8,-17,21,-47
DLB,Dolby Laboratories,71.52,-6,-8,-10,0,-24,-5,-18,1,-1,-23,-47
DECK,Deckers Brands,103.83,-74,-6,-31,95,-16,2,-6,-27,-1,-32,-48
OXY,Occidental Petroleum,44.23,-7,-1,-62,0,-70,-6,32,13,-18,21,-49
Z,Zillow (Class C),74.85,-64,-3,0,0,-67,-12,-3,11,22,18,-49
HPQ,HP Inc.,26.47,-47,37,-32,0,-42,-6,-5,6,-3,-8,-50
BFAM,Bright Horizons,106.69,-7,-18,-6,0,-31,-9,-24,-3,17,-19,-50
CTVA,Corteva,63.49,-98,-14,60,1,-51,-23,-6,17,13,1,-50
ZG,Zillow (Class A),72.46,-64,-3,0,0,-67,-12,-3,10,22,17,-50
LINE,"Lineage, Inc.",40.03,1,-40,0,0,-39,30,-3,-38,0,-11,-50
ZBH,Zimmer Biomet,99.2,0,0,-4,-19,-23,4,-13,1,-20,-28,-51
ZTS,Zoetis,147.07,19,-18,-42,-5,-46,29,-19,-9,-7,-6,-52
PEP,PepsiCo,142.32,4,0,-49,0,-45,15,-14,6,-15,-8,-53
BDX,Becton Dickinson,191.62,16,2,-35,-7,-24,27,-15,-26,-17,-31,-55
CRM,Salesforce,238.83,-21,-3,-20,24,-20,-21,-9,-28,23,-35,-55
TGT,Target Corporation,89.5,11,-25,-38,-13,-65,43,-31,5,-8,9,-56
EL,Estée Lauder Companies (The),88.77,7,0,0,-28,-21,2,-16,15,-37,-36,-57
UAL,United Airlines Holdings,94.82,-54,0,8,13,-33,-47,-6,11,18,-24,-57
DOX,Amdocs,82.11,0,-38,0,0,-38,1,-25,-2,7,-19,-57
HUM,Humana,256.82,0,0,-3,-14,-17,-11,-11,3,-22,-41,-58
DUOL,Duolingo,313.09,0,-66,0,0,-66,-12,3,-8,25,8,-58
CROX,Crocs,86.19,32,-40,-49,-3,-60,32,-13,-11,-7,1,-59
DKNG,DraftKings,34.89,-32,-3,-1,0,-36,-44,-11,9,22,-24,-60
AGCO,AGCO,107.43,-50,-4,14,0,-40,1,-24,18,-15,-20,-60
ADM,Archer Daniels Midland,59.1,-22,0,9,0,-13,-32,-10,17,-22,-47,-60
RITM,Rithm Capital,11.17,-78,-6,24,34,-26,-69,-11,17,28,-35,-61
NCLH,Norwegian Cruise Line Holdings,24.58,-53,1,7,0,-45,-44,-4,10,22,-16,-61
JHX,James Hardie Industries,19.72,17,-31,-34,-3,-51,27,-27,-7,-5,-12,-63
PPG,PPG Industries,104.51,0,-9,-53,-10,-72,17,-15,17,-10,9,-63
SAIA,Saia,293.75,-5,-7,-33,0,-45,-6,-3,-2,-7,-18,-63
RDDT,Reddit,200.92,-56,0,4,0,-52,-18,-2,9,0,-11,-63
AMCR,Amcor,8.23,8,-35,-8,0,-35,27,-44,-8,-4,-29,-64
SRPT,Sarepta Therapeutics,22.35,17,0,-36,-9,-28,27,2,-57,-8,-36,-64
WLK,Westlake Corporation,79.88,0,-6,-47,-2,-55,7,-9,1,-8,-9,-64
KMPR,Kemper Corporation,50.38,-13,-6,-13,-2,-34,-26,-11,-10,16,-31,-65
CCI,Crown Castle,95.48,35,-27,-3,-30,-25,-7,-38,-2,7,-40,-65
ISRG,Intuitive Surgical,443.01,3,-46,-10,24,-29,-5,-54,-5,28,-36,-65
ALLY,Ally Financial,38.85,-52,0,9,6,-37,-61,-1,15,18,-29,-66
DAR,Darling Ingredients,31.48,0,-4,-13,-22,-39,7,-17,15,-32,-27,-66
SFD,Smithfield Foods,23.18,-42,-11,0,0,-53,-5,-20,11,0,-14,-67
AVTR,Avantor,13.77,16,2,-36,-1,-19,18,-13,-47,-7,-49,-68
MRNA,Moderna,28.37,16,0,-62,-6,-52,20,5,-2,-41,-18,-70
OC,Owens Corning,140.86,-95,-4,-31,60,-70,7,-11,6,-2,0,-70
PYPL,PayPal,68.93,3,-35,-10,-41,-83,-16,8,10,11,13,-70
RYAN,Ryan Specialty,55.86,6,-70,-10,0,-74,-10,2,-16,27,3,-71
G,Genpact,41.4,-7,-17,-4,0,-28,-20,-13,-22,12,-43,-71
GTM,ZoomInfo,10.46,-42,17,0,0,-25,-19,-2,13,-39,-47,-72
BIO,Bio-Rad Laboratories,295.5,14,3,-34,-30,-47,17,-11,8,-39,-25,-72
GIS,General Mills,50.32,13,0,-48,-6,-41,16,16,-44,-21,-33,-74
PENN,Penn Entertainment,19.15,-10,36,2,-36,-8,-21,-7,7,-46,-67,-75
HSIC,Schein (Henry),66.03,-45,-7,-12,-2,-66,-5,-8,-2,5,-10,-76
UDR,"UDR, Inc.",36.38,-9,-45,-5,-2,-61,-7,-13,-12,15,-17,-78
CNXC,Concentrix,47.86,-35,-5,-2,0,-42,4,-1,-5,-35,-37,-79
ASH,Ashland Global,48.53,0,-10,-48,-11,-69,8,-14,6,-12,-12,-81
AKAM,Akamai Technologies,78.03,7,5,-33,-9,-30,1,-7,-33,-12,-51,-81
ILMN,"Illumina, Inc.",99.27,14,0,-35,-42,-63,17,-3,9,-42,-19,-82
AVY,Avery Dennison,162.72,0,-28,-42,0,-70,16,-19,-2,-7,-12,-82
IT,Gartner,257.24,-13,-77,-28,0,-118,-15,17,-26,59,35,-83
PAYX,Paychex,123.42,-161,-46,-3,169,-41,-11,-39,-8,16,-42,-83
GPN,Global Payments,86.42,2,2,-34,-41,-71,6,-11,5,-12,-12,-83
APLS,Apellis Pharmaceuticals,23.13,9,0,-77,-18,-86,26,-11,8,-20,3,-83
SMG,Scotts Miracle-Gro Company,58.45,2,-25,-29,-41,-93,11,-11,13,-3,10,-83
MKC,McCormick & Company,68.11,23,-61,-13,-4,-55,41,-60,-21,12,-28,-83
CAG,Conagra Brands,19.18,14,0,-39,-9,-34,15,-18,-21,-25,-49,-83
HLNE,Hamilton Lane,126.53,-49,-7,-5,27,-34,-49,-22,-2,23,-50,-84
GTLB,GitLab,46.49,-52,19,-28,0,-61,-19,26,-27,-3,-23,-84
S,SentinelOne,17.77,-47,0,-32,0,-79,-21,21,-2,-3,-5,-84
NIQ,NIQ Global Intelligence,15.51,-70,0,0,0,-70,-12,-3,0,0,-15,-85
JBHT,J. B. Hunt,134.19,1,-25,-38,-2,-64,2,-18,7,-12,-21,-85
TREX,"Trex Company, Inc.",52.49,1,-15,-61,-15,-90,25,-11,-1,-8,5,-85
FIS,Fidelity National Information Services,66.45,11,-42,-9,-39,-79,29,-44,-4,13,-6,-85
RVTY,Revvity,91.47,19,-46,-27,-26,-80,26,2,-32,-1,-5,-85
ARE,Alexandria Real Estate Equities,83.68,-42,37,-44,-32,-81,5,26,2,-37,-4,-85
WHR,Whirlpool Corporation,79.56,0,-12,-12,-28,-52,16,-9,-3,-38,-34,-86
UHAL,U-Haul,57.47,0,-47,-22,0,-69,6,-11,-35,22,-18,-87
OWL,Blue Owl Capital,16.05,-49,-31,-11,0,-91,-21,-7,9,23,4,-87
CART,Maplebear Inc.,39.32,-83,-16,-1,0,-100,3,-6,14,1,12,-88
AXTA,Axalta,28.18,-2,-8,-23,0,-33,-7,-10,-36,-2,-55,-88
SON,Sonoco,43.09,-72,-8,-3,-2,-85,2,-5,14,-16,-5,-90
FOUR,Shift4,78.76,-63,-42,-7,0,-112,2,-13,7,26,22,-90
CLX,Clorox,122.24,0,-2,-24,-7,-33,-19,-3,-34,-1,-57,-90
INVH,Invitation Homes,28.7,-12,-50,-15,0,-77,-5,-15,-10,16,-14,-91
COO,Cooper Companies (The),69.14,10,-25,-34,-7,-56,28,-20,-39,-5,-36,-92
EMN,Eastman Chemical Company,64.38,2,-9,-28,-3,-38,2,-11,-42,-4,-55,-93
CL,Colgate-Palmolive,78.31,-17,-61,-13,25,-66,-13,-22,-21,28,-28,-94
ACN,Accenture,244.34,28,-61,-30,-2,-65,-9,-15,-26,21,-29,-94
SLB,Schlumberger,34.12,-7,0,-77,0,-84,5,-5,1,-12,-11,-95
PINS,Pinterest,31.89,-61,-9,-2,-2,-74,-19,-9,13,-7,-22,-96
NSA,National Storage Affiliates,30.04,-2,-1,-22,-6,-31,-9,-10,-43,-3,-65,-96
DG,Dollar General,101.41,-31,-10,0,-19,-60,-12,-25,29,-28,-36,-96
GPK,Graphic Packaging,19.43,0,-25,-26,0,-51,17,-22,-39,-2,-46,-97
IRDM,Iridium Communications,18.65,7,-45,-11,-21,-70,7,-11,-2,-21,-27,-97
MTN,Vail Resorts,155.37,15,-20,-40,-25,-70,12,-15,13,-38,-28,-98
CHE,Chemed Corporation,441.87,-21,-2,-18,-1,-42,-20,-11,-16,-10,-57,-99
KNX,Knight-Swift,39.89,0,-28,-32,-4,-64,-6,-12,-2,-15,-35,-99
DOCU,DocuSign,68.09,-42,-3,-1,-14,-60,-42,-2,-9,13,-40,-100
IEX,IDEX Corporation,165.28,16,-46,-35,-4,-69,29,-17,-35,-8,-31,-100
FCN,FTI Consulting,159.51,-2,-17,-44,0,-63,-19,-11,-1,-7,-38,-101
WH,Wyndham Hotels & Resorts,81.18,-101,-12,-10,13,-110,4,-17,5,17,9,-101
LBRDA,Liberty Broadband (Series A),61.77,0,-49,-10,-38,-97,-10,6,-10,10,-4,-101
AUR,Aurora Innovation,5.34,-42,-6,-8,0,-56,-44,7,-25,17,-45,-101
LBRDK,Liberty Broadband (Series C),62.08,0,-49,-10,-38,-97,-10,6,-10,10,-4,-101
CE,Celanese,45.32,7,-39,-50,-12,-94,17,-9,-4,-11,-7,-101
KDP,Keurig Dr Pepper,25.74,-63,-28,-6,-2,-99,-4,-22,25,-2,-3,-102
MTDR,Matador Resources,43.35,-28,-4,-36,0,-68,-26,-12,10,-8,-36,-104
CZR,Caesars Entertainment,26.93,2,0,-33,-27,-58,-13,7,-1,-39,-46,-104
KBR,"KBR, Inc.",47.12,-42,-6,-37,0,-85,14,-16,-15,-3,-20,-105
CPT,Camden Property Trust,104.42,-43,-7,-2,0,-52,-48,-8,-10,13,-53,-105
RARE,Ultragenyx,30.91,28,0,-34,-40,-46,-2,-11,-42,-5,-60,-106
LULU,Lululemon Athletica,178.27,63,-82,-18,-5,-42,-5,-20,-27,-14,-66,-108
CPAY,Corpay,287.08,-76,-44,-5,23,-102,-19,-13,-2,27,-7,-109
ON,ON Semiconductor,48.74,-23,-25,-44,-3,-95,-21,11,13,-17,-14,-109
MAA,Mid-America Apartment Communities,136.32,-42,-46,-4,0,-92,-7,-9,-15,13,-18,-110
INGR,Ingredion,119.61,-133,-44,-5,36,-146,-7,-14,-3,58,34,-112
TFX,Teleflex,125.51,10,5,-49,-41,-75,26,-6,-45,-12,-37,-112
ONON,On Holding AG,42.36,-36,-45,-6,0,-87,-42,-3,-3,22,-26,-113
TRU,TransUnion,73.5,-64,-10,-2,-1,-77,-65,-3,15,16,-37,-114
GFS,GlobalFoundries,35.75,0,0,-89,0,-89,-11,5,-1,-19,-26,-115
ODFL,Old Dominion Freight Line,140.55,1,-46,-33,0,-78,23,-20,-38,-3,-38,-116
CPB,Campbell Soup Company,31.6,-42,0,-39,-8,-89,10,16,-46,-7,-27,-116
CHTR,Charter Communications,269.67,0,-49,-11,-38,-98,-10,5,-11,-3,-19,-117
BBWI,"Bath & Body Works, Inc.",25.64,-28,-19,-32,-17,-96,2,-12,-3,-8,-21,-117
WY,Weyerhaeuser,24.95,5,-15,-30,0,-40,-7,-19,-42,-10,-78,-118
CHDN,Churchill Downs Incorporated,95.99,0,-24,-38,0,-62,-12,-41,-1,-3,-57,-119
CTSH,Cognizant,67.0,-66,-46,-10,16,-106,-12,-11,-10,20,-13,-119
CAVA,Cava Group,63.26,0,-36,-21,0,-57,8,-40,-35,4,-63,-120
CHRD,Chord Energy,97.53,-28,-4,-57,0,-89,-24,-13,11,-8,-34,-123
BJ,BJ's Wholesale Club,91.03,-70,-67,-2,12,-127,-14,-34,-9,60,3,-124
KHC,Kraft Heinz,26.07,0,-19,-49,-2,-70,15,-37,-21,-12,-55,-125
DOW,Dow Inc.,23.69,1,-9,-50,-3,-61,14,-3,-65,-10,-64,-125
EEFT,Euronet Worldwide,88.05,-8,-46,-10,-5,-69,-19,-46,-7,15,-57,-126
PRMB,Primo Brands,22.05,-21,-86,-5,24,-88,-27,-14,-17,20,-38,-126
SN,SharkNinja,101.17,-63,-3,15,0,-51,-61,-31,14,3,-75,-126
ALGM,Allegro MicroSystems,28.39,-42,-10,18,0,-34,-44,-46,15,-18,-93,-127
UHAL-B,U-Haul (Series N),51.82,4,-47,-30,0,-73,4,-11,-44,-3,-54,-127
PAYC,Paycom,201.37,-21,-28,0,-26,-75,-21,-31,-1,1,-52,-127
ENPH,Enphase Energy,37.72,0,0,-53,-22,-75,8,26,-60,-26,-52,-127
ABNB,Airbnb,121.49,-45,-40,-10,0,-95,-19,-14,7,-7,-33,-128
FRPT,Freshpet,53.3,21,-77,-31,-8,-95,28,-34,-27,-1,-34,-129
ADBE,Adobe Inc.,351.55,-21,-2,-43,-8,-74,-18,15,-47,-7,-57,-131
AMT,American Tower,191.14,-21,-42,-4,-2,-69,-32,-41,-2,13,-62,-131
ZBRA,Zebra Technologies,295.82,-51,-9,-9,-9,-78,-61,-2,11,-1,-53,-131
TROW,T. Rowe Price,101.71,-53,0,1,-27,-79,-53,-12,13,-2,-54,-133
MTCH,Match Group,34.75,-59,0,11,-39,-87,-12,-7,12,-40,-47,-134
BMRN,BioMarin Pharmaceutical,55.57,14,-19,-57,-22,-84,27,-33,-22,-24,-52,-136
WEX,WEX Inc.,158.94,-80,0,-50,0,-130,2,-10,11,-10,-7,-137
DLTR,Dollar Tree,90.23,-70,-19,0,-17,-106,-14,-28,32,-24,-34,-140
FBIN,Fortune Brands Innovations,53.23,-97,-8,-33,-7,-145,11,-11,6,-4,2,-143
CCCS,CCC Intelligent Solutions,9.22,-75,-9,-35,0,-119,-14,-11,9,-8,-24,-143
CDW,CDW,159.37,-28,-42,-49,0,-119,-19,-7,9,-10,-27,-146
BROS,Dutch Bros. Coffee,52.35,-138,-14,-2,0,-154,2,-14,7,13,8,-146
STZ,Constellation Brands,140.54,19,-28,-52,-5,-66,27,-31,-68,-10,-82,-148
FI,Fiserv,125.75,-75,-59,-21,37,-118,-19,-19,-22,29,-31,-149
UA,Under Armour (Class C),4.93,16,-39,-35,-39,-97,29,-41,-2,-39,-53,-150
IFF,International Flavors & Fragrances,61.51,0,-46,-30,-33,-109,16,-12,-42,-3,-41,-150
WU,Western Union,8.06,0,-6,-30,-48,-84,16,-11,-65,-7,-67,-151
CLVT,Clarivate,3.78,0,-10,-84,-8,-102,-5,-10,10,-44,-49,-151
TYL,Tyler Technologies,498.05,-119,-29,-1,19,-130,-18,-31,8,20,-21,-151
EPAM,EPAM Systems,152.77,0,-17,-33,-29,-79,1,-15,-24,-39,-77,-156
UAA,Under Armour (Class A),5.1,17,-39,-35,-46,-103,29,-41,-2,-39,-53,-156
CNH,CNH Industrial,10.83,-48,-35,-4,0,-87,-21,-51,-2,4,-70,-157
GDDY,GoDaddy,134.0,-56,-60,-10,24,-102,-48,-7,-26,24,-57,-159
NCNO,nCino,25.88,-57,-3,-33,0,-93,-67,-8,12,-3,-66,-159
HUN,Huntsman Corporation,9.29,0,-10,-52,-17,-79,10,-10,-47,-35,-82,-161
DXCM,Dexcom,66.44,-90,-28,-6,-16,-140,1,-11,-1,-11,-22,-162
LSTR,Landstar,121.26,-3,-47,-42,-2,-94,2,-12,-49,-9,-68,-162
PCTY,Paylocity,155.0,-54,-28,-5,-5,-92,-42,-32,-4,7,-71,-163
WSC,WillScot Mobile Mini,21.46,0,-44,-72,-8,-124,14,-38,-1,-14,-39,-163
SAM,Boston Beer Company,223.22,4,2,-42,-39,-75,6,-11,-38,-46,-89,-164
TDC,Teradata,21.96,-20,1,-86,-19,-124,-39,14,2,-18,-41,-165
HRL,Hormel Foods,24.66,0,-55,-17,-25,-97,18,-51,-4,-32,-69,-166
BRKR,Bruker,34.85,14,-45,-67,-10,-108,18,2,-71,-11,-62,-170
BAX,Baxter International,23.23,14,-61,-30,-40,-117,20,-14,-21,-43,-58,-175
IAC,IAC Inc.,34.38,-63,-10,-9,-33,-115,-18,-2,-4,-40,-64,-179
WEN,Wendy's Company (The),9.4,2,-70,-44,-10,-122,14,-17,-39,-17,-59,-181
KMX,CarMax,46.06,-79,-10,-26,-38,-153,9,-8,-30,-2,-31,-184
FLO,Flowers Foods,13.0,1,-34,-44,-10,-87,17,-27,-64,-25,-99,-186
ALK,Alaska Air Group,48.98,-99,-6,-2,1,-106,-96,-6,5,11,-86,-192
DXC,DXC Technology,13.59,-1,-1,-32,-75,-109,2,-10,-39,-36,-83,-192
PRGO,Perrigo,22.14,25,-41,-9,-115,-140,27,-14,-9,-57,-53,-193
CMCSA,Comcast,30.39,-18,-47,-42,-11,-118,-45,-11,-9,-10,-75,-193
RNG,RingCentral,27.89,-56,0,-33,-43,-132,-19,-3,7,-47,-62,-194
TEAM,Atlassian,151.03,-79,-60,-13,-8,-160,-19,-8,-25,13,-39,-199
ALGN,Align Technology,128.7,7,-45,-74,-27,-139,8,-19,-10,-40,-61,-200
FND,Floor & Decor,73.68,-69,-6,-42,-8,-125,-71,-3,5,-8,-77,-202
DJT,Trump Media & Technology Group,17.21,2,-87,-63,0,-148,5,-18,-31,-11,-55,-203
BEN,Franklin Templeton Investments,22.91,-140,-6,15,0,-131,-53,-17,17,-24,-77,-208
XRAY,Dentsply Sirona,12.95,1,-45,-88,-44,-176,19,-10,-2,-42,-35,-211
MAN,ManpowerGroup,38.64,5,-27,-53,-30,-105,2,-19,-53,-38,-108,-213
GLOB,Globant,59.48,7,-96,-33,-9,-131,2,-44,-33,-9,-84,-215
COTY,Coty,3.94,-7,-32,-71,-9,-119,-12,-2,-73,-11,-98,-217
BF-B,Brown–Forman (Class B),27.67,9,-22,-110,-20,-143,14,-16,-42,-30,-74,-217
NWL,Newell Brands,5.21,-114,-6,-34,-33,-187,11,-9,5,-38,-31,-218
BF-A,Brown–Forman (Class A),27.55,7,-19,-109,-20,-141,14,-16,-49,-26,-77,-218
SBAC,SBA Communications,191.73,-41,-42,-6,-22,-111,-70,-42,-5,7,-110,-221
KVUE,Kenvue,15.73,-82,-28,-5,0,-115,-63,-38,-10,5,-106,-221
SITE,SiteOne Landscape Supply,128.63,-118,-7,-3,-11,-139,-75,-11,10,-10,-86,-225
JKHY,Jack Henry & Associates,146.28,-79,-45,-10,-2,-136,-18,-76,-10,13,-91,-227
TW,Tradeweb,107.98,-147,-41,-5,2,-191,-23,-37,-6,25,-41,-232
SNDR,Schneider National,21.08,-81,-25,-12,-2,-120,-97,-19,-2,-2,-120,-240
UPS,United Parcel Service,85.6,9,-47,-113,-18,-169,8,-19,-41,-36,-88,-257
MORN,"Morningstar, Inc.",226.19,-99,-45,-27,0,-171,-23,-58,-5,-2,-88,-259
FDS,FactSet,281.88,-119,-53,-12,-2,-186,-13,-49,-10,-3,-75,-261
ACI,Albertsons,17.36,-161,-57,-4,0,-222,-14,-19,-10,2,-41,-263
BRBR,BellRing Brands,35.87,-12,-104,-20,0,-136,-11,-96,-26,-1,-134,-270
LYB,LyondellBasell,49.33,-97,-44,-51,-7,-199,2,-9,-65,-9,-81,-280
MKTX,MarketAxess,169.54,-27,-49,-35,-31,-142,-19,-64,-9,-46,-138,-280
DV,DoubleVerify,11.33,-147,-18,-77,0,-242,-14,-20,6,-12,-40,-282
AAL,American Airlines Group,11.43,-132,-6,-28,-78,-244,7,-12,6,-41,-40,-284
SFM,Sprouts Farmers Market,105.3,-195,-48,-2,48,-197,-96,-46,-6,59,-89,-286
RHI,Robert Half,34.24,0,-174,-36,-11,-221,8,-11,-34,-34,-71,-292
INSP,Inspire Medical Systems,74.15,-68,-97,-30,-8,-203,-22,-14,-35,-19,-90,-293
FMC,FMC Corporation,31.44,-73,-25,-47,-26,-171,-89,-15,-2,-28,-134,-305
CHH,Choice Hotels,106.51,-175,-41,-10,0,-226,-33,-42,-24,16,-83,-309
COLD,Americold,12.41,0,-128,-48,-13,-189,8,-70,-48,-17,-127,-316
