Symbol,Name,Close,1H Cloud Score,1D Cloud Score,1W Cloud Score,1M Cloud Score,Cloud Score Sum,1H TKx Score,1D TKx Score,1W TKx Score,1M TKx Score,TKx Score Sum,Total Score Sum
TJX,TJX Companies,129.2,7,1,146,198,352,5,5,115,193,318,670
ORLY,O'Reilly Auto Parts,101.36,77,12,161,199,449,5,18,52,89,164,613
MSI,Motorola Solutions,439.86,86,13,0,153,252,90,23,-25,185,273,525
COOP,Mr. Cooper Group,179.27,14,58,117,58,247,12,57,115,56,240,487
CASY,Casey's,523.06,0,38,111,87,236,5,38,115,78,236,472
COST,Costco,955.55,14,-15,115,180,294,12,-34,8,184,170,464
SO,Southern Company,96.01,13,31,74,190,308,9,47,21,79,156,464
HWM,Howmet Aerospace,181.05,-6,71,146,29,240,5,71,90,57,223,463
ICE,Intercontinental Exchange,188.48,10,64,110,161,345,5,65,20,21,111,456
CDNS,Cadence Design Systems,364.86,67,27,15,141,250,-10,26,8,180,204,454
RSG,Republic Services,231.66,-28,-4,122,177,267,-37,-29,91,160,185,452
NRG,NRG Energy,173.96,68,12,101,94,275,29,4,111,21,165,440
WM,"Waste Management, Inc.",230.62,-9,0,93,187,271,-20,5,25,159,169,440
WELL,Welltower,168.71,35,55,114,58,262,5,16,131,24,176,438
NDAQ,"Nasdaq, Inc.",96.92,56,64,74,144,338,5,71,8,14,98,436
PEG,Public Service Enterprise Group,90.17,91,37,2,152,282,89,44,2,17,152,434
HEI-A,HEICO (Class A),263.9,45,66,24,182,317,5,64,15,30,114,431
HEI,HEICO (Common),337.72,12,65,23,189,289,5,63,14,57,139,428
PLTR,Palantir Technologies,160.74,7,71,114,0,192,5,73,117,20,215,407
MCD,McDonald's,304.36,38,2,50,242,332,6,14,-2,57,75,407
JPM,JPMorgan Chase,294.23,-14,60,121,158,325,-26,71,8,26,79,404
CBOE,Cboe Global Markets,250.97,14,54,142,55,265,16,49,20,51,136,401
ETR,Entergy,91.63,35,16,74,137,262,27,11,87,14,139,401
MSFT,Microsoft,535.47,55,65,14,173,307,-12,73,8,25,94,401
BSX,Boston Scientific,106.79,2,13,142,144,301,5,26,8,57,96,397
CTAS,Cintas,225.09,7,1,17,167,192,2,4,11,187,204,396
ANET,Arista Networks,120.34,195,43,5,58,301,-11,39,4,56,88,389
DUK,Duke Energy,124.18,28,14,74,183,299,28,24,20,16,88,387
NFG,National Fuel Gas,87.3,-1,142,58,52,251,-19,73,69,10,133,384
LHX,L3Harris,278.06,163,80,10,5,258,28,73,10,14,125,383
SPGI,S&P Global,562.89,59,58,14,172,303,13,27,6,21,67,370
YUM,Yum! Brands,147.09,4,2,26,259,291,4,-4,20,57,77,368
OLLI,Ollie's Bargain Outlet,139.98,52,58,113,16,239,5,39,61,23,128,367
ROL,"Rollins, Inc.",58.46,12,8,29,286,335,5,-30,21,35,31,366
WRB,W. R. Berkley Corporation,70.48,35,0,92,176,303,7,-23,22,55,61,364
HUBB,Hubbell Incorporated,429.08,-14,56,3,182,227,-12,74,4,71,137,364
RBC,RBC Bearings,405.97,9,62,91,58,220,4,71,12,57,144,364
ITT,ITT Inc.,167.05,68,64,14,99,245,12,71,8,26,117,362
ORCL,Oracle Corporation,252.6,7,57,9,198,271,-11,64,8,27,88,359
RTX,RTX Corporation,157.39,7,57,75,54,193,5,63,82,14,164,357
LYV,Live Nation Entertainment,151.32,0,59,92,147,298,1,33,7,16,57,355
RBA,RB Global,109.88,7,69,102,27,205,5,18,105,19,147,352
TDG,TransDigm Group,1609.53,7,71,17,157,252,5,28,8,57,98,350
DTE,DTE Energy,140.8,12,14,72,189,287,14,11,25,13,63,350
AWI,Armstrong World Industries,189.58,59,65,92,21,237,62,24,8,19,113,350
WMT,Walmart,99.59,56,8,125,101,290,14,3,8,29,54,344
PGR,Progressive Corporation,241.56,-42,-38,103,177,200,-11,-34,-1,189,143,343
FIX,Comfort Systems USA,699.14,55,61,15,64,195,5,73,8,55,141,336
AZO,AutoZone,3966.83,14,11,92,86,203,6,18,52,57,133,336
ORI,Old Republic International,36.35,2,-15,145,58,190,-12,-15,115,55,143,333
AM,Antero Midstream,18.66,21,3,146,23,193,24,-16,76,55,139,332
PTC,PTC Inc.,216.19,22,57,4,182,265,13,21,5,26,65,330
CME,CME Group,287.25,28,8,52,136,224,19,19,48,19,105,329
ARES,Ares Management,188.55,7,58,15,59,139,5,71,8,106,190,329
EME,Emcor,629.17,69,58,15,58,200,-12,73,6,57,124,324
ANSS,Ansys,384.54,94,46,13,10,163,106,25,6,22,159,322
ALL,Allstate,203.03,21,3,95,159,278,13,3,9,17,42,320
MA,Mastercard,569.83,4,3,124,155,286,-11,10,8,26,33,319
DASH,DoorDash,258.05,59,57,95,0,211,7,70,8,18,103,314
FAST,Fastenal,45.37,-20,80,121,106,287,-39,24,14,26,25,312
SRE,Sempra,83.01,94,13,0,181,288,5,13,6,-1,23,311
NI,NiSource,43.35,35,19,72,45,171,27,11,87,14,139,310
BR,Broadridge Financial Solutions,248.53,0,11,112,145,268,4,5,8,25,42,310
ADP,Automatic Data Processing,301.59,-13,-2,83,180,248,-9,5,8,57,61,309
GS,Goldman Sachs,726.01,0,58,90,58,206,2,69,8,21,100,306
EBAY,eBay,92.85,21,67,75,14,177,14,16,80,16,126,303
USFD,US Foods,83.36,8,61,141,35,245,1,20,8,26,55,300
ETN,Eaton Corporation,383.72,0,58,6,114,178,-28,71,6,72,121,299
AXON,Axon Enterprise,744.32,37,0,143,94,274,1,-16,8,30,23,297
NVDA,Nvidia,179.97,7,57,12,134,210,-12,65,8,26,87,297
INTU,Intuit,785.37,0,71,15,191,277,-15,5,8,20,18,295
AVGO,Broadcom,297.74,1,61,17,116,195,-12,73,8,30,99,294
SNPS,Synopsys,636.11,35,45,5,180,265,-10,37,6,-5,28,293
ATO,Atmos Energy,159.46,7,1,72,45,125,26,14,83,45,168,293
EVRG,Evergy,73.12,34,39,56,14,143,26,39,75,10,150,293
MCO,Moody's Corporation,519.74,7,58,14,156,235,1,25,6,25,57,292
TLN,Talen Energy,390.69,84,70,37,0,191,84,5,9,2,100,291
IBKR,Interactive Brokers,64.91,0,58,87,57,202,-2,27,6,57,88,290
MSA,MSA Safety,176.81,0,60,0,164,224,-11,71,8,-5,63,287
NET,Cloudflare,208.69,49,58,37,0,144,48,68,8,19,143,287
CW,Curtiss-Wright,496.45,13,66,17,54,150,5,73,8,49,135,285
PWR,Quanta Services,393.64,-14,65,15,99,165,-33,73,8,72,120,285
WMB,Williams Companies,60.24,35,3,110,52,200,35,-16,8,57,84,284
VST,Vistra Corp.,214.07,28,57,17,30,132,30,70,6,45,151,283
KLAC,KLA Corporation,915.88,0,58,12,177,247,5,-3,8,26,36,283
RMD,Resmed,291.49,14,64,15,13,106,86,70,7,13,176,282
TT,Trane Technologies,433.95,-28,66,14,164,216,3,26,8,29,66,282
AAPL,Apple Inc.,203.34,-31,25,-1,251,244,-37,25,-23,71,36,280
CBRE,CBRE Group,155.98,77,42,90,22,231,-10,38,6,14,48,279
BK,BNY Mellon,101.41,7,60,92,40,199,-14,64,8,19,77,276
OGE,OGE Energy,45.9,18,14,66,45,143,28,24,66,14,132,275
CHD,Church & Dwight,91.53,-33,-6,-14,344,291,-22,-8,-12,25,-17,274
APH,Amphenol,108.6,7,71,17,65,160,5,73,8,27,113,273
FFIV,"F5, Inc.",320.99,21,57,92,14,184,-12,71,8,17,84,268
KMI,Kinder Morgan,28.27,35,5,90,44,174,51,-16,6,52,93,267
WDC,Western Digital,77.29,65,58,10,18,151,35,69,8,3,115,266
CAT,Caterpillar Inc.,433.82,7,57,6,64,134,4,64,6,57,131,265
L,Loews Corporation,92.86,7,58,110,55,230,5,-2,8,24,35,265
JCI,Johnson Controls,106.47,0,66,73,19,158,10,71,8,18,107,265
ALLE,Allegion,166.67,91,70,7,21,189,19,26,8,22,75,264
GOOGL,Alphabet (Class A),195.04,4,47,6,176,233,-15,21,3,21,30,263
KR,Kroger,71.6,8,31,77,67,183,14,3,48,15,80,263
GLW,Corning Inc.,63.48,97,57,17,17,188,-9,64,6,14,75,263
GOOG,Alphabet (Class C),195.75,4,47,5,176,232,-14,21,2,21,30,262
NOC,Northrop Grumman,590.01,70,25,8,58,161,28,45,15,12,100,261
MS,Morgan Stanley,141.38,-14,58,74,64,182,-14,69,8,16,79,261
LPLA,LPL Financial,374.59,-14,59,43,99,187,-12,20,8,57,73,260
VMI,Valmont Industries,365.52,7,48,60,58,173,2,68,5,10,85,258
AME,Ametek,184.46,21,3,2,106,132,14,3,8,101,126,258
TPR,"Tapestry, Inc.",111.9,7,58,78,21,164,5,64,6,19,94,258
TMUS,T-Mobile US,241.0,0,0,92,139,231,-14,10,-6,35,25,256
FE,FirstEnergy,43.83,126,11,4,55,196,26,12,8,14,60,256
SGI,Somnigroup International,74.11,-18,58,39,64,143,5,71,8,26,110,253
RL,Ralph Lauren Corporation,304.45,6,60,92,34,192,5,21,8,26,60,252
AAON,AAON,82.05,4,0,-11,245,238,-2,7,-23,31,13,251
JBL,Jabil,222.23,-11,61,17,65,132,-19,71,9,57,118,250
V,Visa Inc.,342.04,-23,-2,135,133,243,-26,-2,8,26,6,249
VICI,Vici Properties,33.93,9,39,56,15,119,12,39,21,57,129,248
FLEX,Flex Ltd.,50.93,-21,58,16,58,111,1,70,8,57,136,247
MPWR,Monolithic Power Systems,831.73,14,58,1,157,230,8,2,8,-2,16,246
RPM,RPM International,118.59,0,9,-1,180,188,4,18,5,30,57,245
HOOD,Robinhood Markets,106.41,4,60,79,0,143,4,71,8,18,101,244
RJF,Raymond James Financial,166.42,0,57,90,58,205,-14,29,5,19,39,244
GD,General Dynamics,312.79,0,80,6,54,140,3,35,8,57,103,243
LNG,Cheniere Energy,242.15,22,3,58,58,141,49,-11,8,56,102,243
COR,Cencora,293.55,7,1,42,71,121,8,-9,53,67,119,240
TSCO,Tractor Supply Company,59.52,0,24,5,85,114,5,34,2,85,126,240
PAYX,Paychex,139.44,-15,-4,82,167,230,-21,6,11,14,10,240
BYD,Boyd Gaming,83.43,-14,58,46,59,149,-15,71,8,27,91,240
TRV,Travelers Companies (The),263.0,7,0,89,58,154,3,5,22,56,86,240
VIRT,Virtu Financial,43.38,2,72,74,14,162,-2,-3,69,14,78,240
NWS,News Corp (Class B),33.59,-23,61,110,58,206,5,-4,8,21,30,236
HIG,Hartford (The),126.21,7,0,92,57,156,1,4,19,56,80,236
RCL,Royal Caribbean Group,315.65,-35,58,119,28,170,-40,71,8,27,66,236
LLY,Lilly (Eli),768.77,-35,-5,-1,172,131,6,8,-5,96,105,236
RBLX,Roblox Corporation,130.68,28,70,51,0,149,-11,71,14,11,85,234
SCHW,Charles Schwab Corporation,97.15,-1,71,75,11,156,-16,71,8,14,77,233
CVNA,Carvana,361.08,21,70,90,11,192,-6,23,8,16,41,233
INFA,Informatica,24.7,98,49,-40,0,107,56,71,6,-7,126,233
ALNY,Alnylam Pharmaceuticals,419.59,33,57,15,15,120,24,65,8,15,112,232
AEP,American Electric Power,114.98,29,22,71,23,145,27,24,21,14,86,231
CNP,Centerpoint Energy,39.28,34,12,47,45,138,25,11,41,15,92,230
SSD,Simpson Manufacturing Company,180.65,48,10,0,156,214,-10,23,4,-1,16,230
LOPE,Grand Canyon Education,170.46,14,-21,145,35,173,28,-38,32,34,56,229
AMD,Advanced Micro Devices,176.77,7,57,1,110,175,-12,64,8,-7,53,228
FYBR,Frontier Communications,36.57,0,19,87,0,106,-6,22,92,14,122,228
WWD,"Woodward, Inc.",259.6,0,67,17,35,119,5,69,8,26,108,227
SPOT,Spotify,659.01,0,0,110,12,122,7,-15,93,20,105,227
PFGC,Performance Food Group,99.86,0,61,51,43,155,-12,19,8,57,72,227
SHW,Sherwin-Williams,347.86,13,1,0,190,204,5,-10,8,19,22,226
PPL,PPL Corporation,36.18,0,16,74,23,113,1,11,86,14,112,225
MO,Altria,61.92,31,11,68,45,155,26,4,24,16,70,225
LECO,Lincoln Electric,243.82,21,57,5,65,148,14,64,6,-7,77,225
BPOP,"Popular, Inc.",115.03,-18,65,15,59,121,5,71,8,19,103,224
KO,Coca-Cola Company (The),68.95,0,-10,26,182,198,6,-15,21,14,26,224
NVT,Nvent Electric,90.35,63,58,6,12,139,13,71,6,-5,85,224
STE,Steris,228.57,1,-3,12,195,205,4,-30,20,25,19,224
FERG,Ferguson Enterprises,225.25,0,60,9,65,134,-14,71,8,25,90,224
BWXT,BWX Technologies,154.65,68,56,11,35,170,5,9,8,31,53,223
UNM,Unum,69.99,-28,-4,183,40,191,-26,-4,8,54,32,223
HD,Home Depot (The),380.93,7,10,0,180,197,5,23,-22,19,25,222
J,Jacobs Solutions,139.9,-14,56,4,106,152,-26,71,5,19,69,221
TRMB,Trimble Inc.,84.28,0,58,77,4,139,1,63,6,12,82,221
ROP,Roper Technologies,546.29,-16,-2,27,182,191,-19,-19,42,26,30,221
GEV,GE Vernova,662.59,63,70,0,0,133,5,73,9,0,87,220
AJG,Arthur J. Gallagher & Co.,284.6,-39,-28,0,186,119,2,-34,26,107,101,220
LIN,Linde plc,467.19,-21,1,11,110,101,5,-2,8,106,117,218
AMGN,Amgen,301.95,-23,23,5,165,170,2,21,-12,36,47,217
AEE,Ameren,103.29,21,14,55,13,103,27,16,60,10,113,216
ARMK,Aramark,43.17,-34,62,13,40,81,5,66,8,56,135,216
FRHC,Freedom Holding,187.92,41,13,52,14,120,44,14,8,30,96,216
WCC,Wesco International,209.08,-16,57,5,58,104,-23,71,6,57,111,215
XEL,Xcel Energy,74.24,21,14,49,12,96,27,23,57,9,116,212
AON,AON,360.48,-23,1,0,177,155,1,13,-13,56,57,212
WEC,WEC Energy Group,111.28,15,14,53,13,95,26,12,66,11,115,210
GE,GE Aerospace,276.22,8,69,17,27,121,5,27,28,29,89,210
PH,Parker Hannifin,718.64,-14,59,15,65,125,-25,71,8,30,84,209
UGI,UGI Corporation,36.88,7,72,40,4,123,21,13,47,5,86,209
SSNC,SS&C Technologies,85.36,0,34,88,14,136,-7,59,5,15,72,208
VNT,Vontier,41.2,87,58,3,0,148,-7,65,6,-5,59,207
WSM,"Williams-Sonoma, Inc.",199.25,76,24,6,65,171,4,26,-15,21,36,207
COF,Capital One,210.8,-55,64,92,21,122,-14,71,8,18,83,205
EVR,Evercore,300.17,-1,57,5,58,119,-18,71,6,26,85,204
PM,Philip Morris International,162.99,0,-8,68,55,115,-2,-20,83,27,88,203
SCI,Service Corporation International,78.45,7,0,0,175,182,13,-11,6,13,21,203
LRCX,Lam Research,98.4,-21,58,7,152,196,5,-2,8,-5,6,202
GILD,Gilead Sciences,114.5,1,52,49,35,137,1,19,6,39,65,202
DE,Deere & Company,510.57,0,0,47,109,156,-7,-1,43,10,45,201
AXS,AXIS Capital,94.1,-28,-4,84,45,97,1,-30,80,53,104,201
EHC,Encompass Health,109.5,1,0,141,29,171,-7,-15,22,29,29,200
IDA,Idacorp,126.37,20,27,54,18,119,26,19,24,10,79,198
APP,AppLovin,394.75,44,3,103,0,150,14,11,4,18,47,197
CMS,CMS Energy,74.68,19,5,74,23,121,26,16,20,14,76,197
CAH,Cardinal Health,158.62,6,0,53,38,97,6,-10,46,57,99,196
URI,United Rentals,868.79,0,58,5,64,127,-23,29,6,57,69,196
CWEN-A,Clearway Energy (Class A),30.81,21,56,56,6,139,28,-2,20,10,56,195
MCK,McKesson Corporation,710.94,1,0,40,58,99,4,-11,36,67,96,195
SYK,Stryker Corporation,381.52,-15,0,15,159,159,-23,24,6,29,36,195
ITW,Illinois Tool Works,253.64,-28,29,0,178,179,-39,21,5,29,16,195
EMR,Emerson Electric,142.66,-14,58,14,64,122,-26,64,8,26,72,194
CWEN,Clearway Energy (Class C),32.71,21,56,56,4,137,28,-2,20,10,56,193
DGX,Quest Diagnostics,172.49,0,0,66,18,84,23,6,66,14,109,193
APG,APi Group,35.62,12,65,16,0,93,-6,71,8,26,99,192
SNX,TD Synnex,142.13,-15,58,13,63,119,-19,64,6,21,72,191
HLI,Houlihan Lokey,192.75,2,60,15,44,121,5,29,8,26,68,189
NEM,Newmont,65.43,7,82,17,5,111,7,44,17,10,78,189
T,AT&T,27.67,0,2,68,16,86,11,-15,92,15,103,189
EXC,Exelon,45.16,34,3,53,14,104,28,23,24,10,85,189
MKL,Markel,1947.38,-14,1,66,55,108,-23,71,6,26,80,188
GRMN,Garmin,225.43,-23,31,110,19,137,1,24,4,21,50,187
ALAB,Astera Labs,137.95,86,56,0,0,142,24,18,3,0,45,187
VTR,"Ventas, Inc.",68.29,21,14,70,22,127,27,16,2,15,60,187
LOW,Lowe's,233.87,7,10,-18,166,165,5,22,-25,19,21,186
FTI,TechnipFMC,35.71,0,58,15,27,100,-21,62,8,37,86,186
OMF,OneMain Financial,55.84,-23,58,15,60,110,-28,69,8,26,75,185
TOST,"Toast, Inc.",49.3,6,59,75,0,140,2,18,8,17,45,185
ABBV,AbbVie,197.18,14,10,15,58,97,6,17,1,64,88,185
SF,Stifel,112.27,-2,48,6,59,111,-14,63,5,20,74,185
WSO,Watsco,425.5,-35,-2,-1,196,158,-39,19,-26,71,25,183
NEU,NewMarket,707.38,0,80,17,29,126,11,-3,20,27,55,181
WPC,W. P. Carey,66.08,15,55,27,2,99,6,47,24,5,82,181
APPF,AppFolio,320.66,21,43,3,28,95,20,35,3,28,86,181
HCA,HCA Healthcare,363.1,22,0,1,97,120,32,-14,14,29,61,181
PNW,Pinnacle West Capital,92.23,7,3,66,18,94,18,22,20,26,86,180
MNST,Monster Beverage,60.34,0,-3,24,180,201,-16,-28,17,4,-23,178
RPRX,Royalty Pharma,37.85,56,61,30,0,147,5,40,24,-38,31,178
CLH,Clean Harbors,236.48,2,10,0,58,70,19,23,8,57,107,177
XYL,Xylem Inc.,143.97,21,58,6,22,107,13,27,8,22,70,177
ED,Consolidated Edison,105.37,22,1,26,47,96,28,10,-2,45,81,177
DDS,Dillard's,468.42,-19,40,12,54,87,4,26,5,55,90,177
BX,Blackstone Inc.,170.49,-17,29,2,142,156,-31,27,3,21,20,176
IBM,IBM,252.01,-58,-3,107,54,100,-23,-11,54,56,76,176
CSGP,CoStar Group,96.82,69,40,4,14,127,1,35,21,-9,48,175
MP,MP Materials,65.41,14,41,30,0,85,5,38,43,4,90,175
BJ,BJ's Wholesale Club,107.75,24,-25,76,10,85,35,-41,38,58,90,175
KKR,KKR & Co. Inc.,145.17,-18,47,0,103,132,-23,40,4,21,42,174
FLUT,Flutter Entertainment,303.92,2,40,17,21,80,-12,73,6,27,94,174
MTSI,MACOM Technology Solutions,140.05,5,58,14,58,135,5,-2,6,29,38,173
CSL,Carlisle Companies,358.15,-21,-3,-1,178,153,-30,22,8,20,20,173
WFC,Wells Fargo,77.59,-21,58,90,29,156,-38,28,8,19,17,173
MTZ,MasTec,177.94,-6,64,17,18,93,-12,71,8,13,80,173
TDY,Teledyne Technologies,552.2,0,57,50,14,121,1,27,8,15,51,172
VRTX,Vertex Pharmaceuticals,470.6,4,1,5,104,114,3,22,-4,37,58,172
ADI,Analog Devices,222.29,-21,0,9,179,167,-21,-9,8,26,4,171
GNRC,Generac,196.44,28,42,1,-34,37,58,60,5,10,133,170
SEIC,SEI Investments Company,88.32,-23,64,90,35,166,-29,-3,8,26,2,168
DTM,DT Midstream,105.83,21,0,101,0,122,29,-16,8,25,46,168
AMG,Affiliated Managers Group,214.41,7,64,9,22,102,5,35,8,17,65,167
R,Ryder,175.58,-5,43,9,56,103,-27,29,6,56,64,167
SKX,Skechers,63.08,-9,56,-22,55,80,-8,63,5,26,86,166
CEG,Constellation Energy,354.99,36,58,14,0,108,5,26,8,19,58,166
ACM,AECOM,112.18,-20,64,14,65,123,-33,-4,8,72,43,166
THG,Hanover Insurance,171.39,21,1,59,24,105,-8,3,51,14,60,165
LNT,Alliant Energy,66.34,16,18,66,14,114,12,18,8,13,51,165
SYY,Sysco,79.46,9,45,5,3,62,26,58,5,14,103,165
HAS,Hasbro,76.88,3,58,12,3,76,1,69,8,11,89,165
SEB,Seaboard Corporation,3380.0,70,32,3,-23,82,61,44,6,-29,82,164
CACI,CACI,466.53,-42,41,0,154,153,5,-6,12,-1,10,163
LITE,Lumentum,111.2,7,56,12,3,78,5,64,6,10,85,163
AMAT,Applied Materials,182.83,-21,58,-1,149,185,-21,-3,6,-5,-23,162
OSK,Oshkosh Corporation,137.02,9,57,9,4,79,13,62,6,2,83,162
PHM,PulteGroup,119.41,7,31,-21,65,82,12,35,4,29,80,162
GL,Globe Life,139.34,87,10,43,14,154,-11,9,2,8,8,162
CR,Crane Co.,195.17,0,65,14,0,79,2,67,8,5,82,161
WTFC,Wintrust Financial,124.78,-23,58,7,49,91,-26,71,6,19,70,161
GTES,Gates Corporation,24.64,-5,58,15,15,83,-14,66,8,18,78,161
VRT,Vertiv,140.17,0,57,7,8,72,-14,71,5,26,88,160
TTEK,Tetra Tech,36.56,-20,56,-27,119,128,-42,71,4,-1,32,160
BLK,BlackRock,1115.71,0,57,15,22,94,-34,71,8,21,66,160
PSTG,Pure Storage,56.27,-14,57,-1,42,84,-12,25,4,57,74,158
META,Meta Platforms,776.5,21,58,15,29,123,14,-9,6,23,34,157
DRI,Darden Restaurants,204.87,0,-3,42,61,100,3,-22,46,30,57,157
DELL,Dell Technologies,130.24,0,58,4,32,94,-12,71,8,-4,63,157
HPE,Hewlett Packard Enterprise,20.02,-15,54,0,42,81,-12,28,5,54,75,156
AZEK,Azek,54.32,17,52,15,0,84,33,14,7,18,72,156
MDU,MDU Resources,17.54,7,13,0,58,78,22,18,8,30,78,156
TOL,Toll Brothers,125.09,5,42,-21,61,87,6,35,2,26,69,156
MDLZ,Mondelez International,63.53,-28,-4,0,182,150,-47,45,17,-9,6,156
HII,Huntington Ingalls Industries,265.66,21,97,6,6,130,-8,28,14,-9,25,155
AU,AngloGold Ashanti,53.16,7,2,74,18,101,7,11,22,14,54,155
COHR,Coherent Corp.,106.79,7,57,4,15,83,-12,64,5,15,72,155
LFUS,Littelfuse,253.01,40,58,1,2,101,-7,63,6,-8,54,155
SLM,Sallie Mae,31.85,-16,0,88,22,94,5,-8,42,21,60,154
PNR,Pentair,102.21,0,58,7,62,127,3,-6,6,24,27,154
NWSA,News Corp (Class A),29.5,0,58,7,58,123,5,-4,8,21,30,153
UNP,Union Pacific Corporation,222.03,-21,0,-4,198,173,-33,-9,2,19,-21,152
CNM,Core & Main,63.85,0,60,17,0,77,-28,71,8,24,75,152
DHI,D. R. Horton,153.32,14,31,-26,65,84,33,35,2,-2,68,152
CCL,Carnival Corporation & plc,29.74,0,57,15,0,72,-12,65,6,19,78,150
STT,State Street Corporation,109.71,-13,60,15,16,78,-15,65,7,14,71,149
DLTR,Dollar Tree,115.76,4,75,4,-15,68,5,74,23,-22,80,148
VIK,Viking Holdings,58.86,7,58,0,0,65,1,73,8,0,82,147
QGEN,Qiagen,50.23,0,55,10,3,68,-31,96,8,5,78,146
CINF,Cincinnati Financial,149.74,-16,1,83,62,130,-25,18,8,15,16,146
SYF,Synchrony Financial,69.27,-18,58,15,21,76,-26,71,6,18,69,145
ULTA,Ulta Beauty,514.99,2,68,10,4,84,-11,71,10,-9,61,145
WBA,Walgreens Boots Alliance,11.66,56,58,0,-77,37,66,73,4,-35,108,145
MLM,Martin Marietta Materials,602.49,7,13,4,60,84,7,18,8,27,60,144
VLTO,Veralto,106.93,56,58,0,0,114,2,21,7,0,30,144
CXT,Crane NXT,57.33,-14,48,-3,55,86,-18,16,4,56,58,144
CSCO,Cisco,68.49,7,58,46,14,125,-12,-2,8,25,19,144
CELH,Celsius Holdings,45.17,-14,97,0,65,148,-17,6,16,-9,-4,144
IONS,Ionis Pharmaceuticals,43.45,28,61,2,0,91,-12,67,8,-10,53,144
ATI,ATI Inc.,75.62,-21,0,14,43,36,-24,71,8,52,107,143
AMED,Amedisys,98.5,28,75,10,-40,73,-1,38,23,10,70,143
FOXA,Fox Corporation (Class A),57.06,7,57,66,1,131,1,-10,6,14,11,142
PPC,Pilgrim's Pride,49.04,11,0,84,21,116,5,5,-2,18,26,142
GWRE,Guidewire Software,226.26,2,0,108,21,131,5,-22,8,20,11,142
AYI,Acuity Brands,310.49,3,34,2,27,66,-12,63,4,20,75,141
HAYW,Hayward Holdings,15.46,67,29,0,0,96,1,21,6,16,44,140
EXPD,Expeditors International,116.89,7,3,0,130,140,12,-9,0,-3,0,140
PCAR,Paccar,96.34,-14,10,-20,159,135,-38,21,-12,34,5,140
CMI,Cummins,361.69,0,30,3,65,98,-14,21,4,30,41,139
D,Dominion Energy,61.12,15,56,12,1,84,12,24,8,10,54,138
BKNG,Booking Holdings,5479.05,-50,1,134,35,120,-14,-3,8,26,17,137
RGLD,Royal Gold,156.5,7,-21,59,18,63,17,-26,66,16,73,136
CRH,CRH plc,98.23,0,12,5,64,81,5,21,2,27,55,136
NVR,"NVR, Inc.",7866.66,5,27,-21,65,76,6,23,1,29,59,135
AIZ,Assurant,188.89,7,-23,-4,152,132,13,-25,-4,19,3,135
ZG,Zillow (Class A),80.4,7,31,52,0,90,3,21,1,20,45,135
OHI,Omega Healthcare Investors,39.8,17,17,4,40,78,14,9,3,31,57,135
FWONA,Liberty Formula 1 (Series A),88.89,-38,0,67,62,91,-14,-6,7,56,43,134
FOX,Fox Corporation (Class B),52.03,4,57,65,1,127,1,-9,5,9,6,133
PLNT,Planet Fitness,110.32,-38,54,61,13,90,-44,65,8,14,43,133
PAG,Penske Automotive Group,168.41,-3,0,13,62,72,5,-9,8,57,61,133
HLT,Hilton Worldwide,262.34,-20,58,14,64,116,-14,-1,6,26,17,133
EXPE,Expedia Group,185.0,0,31,47,11,89,5,21,4,14,44,133
AMZN,Amazon,211.72,-14,48,15,21,70,-26,63,5,20,62,132
BEPC,Brookfield Renewable Partners,34.4,-14,59,8,0,53,-9,70,8,10,79,132
KNSL,Kinsale Capital Group,445.8,-40,-5,-1,33,-13,2,52,5,85,144,131
SMCI,Supermicro,58.22,0,34,0,58,92,-12,57,3,-9,39,131
LDOS,Leidos,161.27,-23,70,0,23,70,4,27,11,19,61,131
NFLX,Netflix,1170.97,-84,0,114,20,50,-12,-12,85,20,81,131
RF,Regions Financial Corporation,25.19,-14,57,5,22,70,-24,64,6,14,60,130
ROK,Rockwell Automation,350.17,-20,61,13,15,69,1,63,8,-11,61,130
TW,Tradeweb,141.1,0,1,107,0,108,-14,4,8,23,21,129
MTG,MGIC Investment Corporation,26.72,21,0,17,55,93,13,-13,8,28,36,129
TXT,Textron,77.81,-54,58,-2,53,55,2,68,8,-5,73,128
LLYVA,Liberty Live (Series A),83.4,2,71,28,0,101,-14,32,8,0,26,127
C,Citigroup,92.08,-14,58,17,18,79,-43,68,8,14,47,126
FTNT,Fortinet,98.53,-28,-2,52,113,135,-26,-4,8,13,-9,126
BLD,TopBuild,387.64,6,32,0,46,84,6,35,4,-3,42,126
JEF,Jefferies Financial Group,56.58,-5,34,-18,58,69,-14,34,-21,57,56,125
RITM,Rithm Capital,12.21,-16,58,15,32,89,-23,25,8,26,36,125
ZBRA,Zebra Technologies,342.32,8,44,0,-7,45,1,63,2,13,79,124
LLYVK,Liberty Live (Series C),86.13,6,64,28,0,98,-16,34,8,0,26,124
NLY,Annaly Capital Management,20.91,7,40,16,10,73,3,26,6,16,51,124
GLPI,Gaming and Leisure Properties,47.1,7,0,0,65,72,7,-7,-6,57,51,123
AGCO,AGCO,114.33,21,60,5,2,88,13,26,9,-13,35,123
GGG,Graco Inc.,83.08,-56,0,-2,178,120,-27,-8,8,29,2,122
ADT,ADT Inc.,8.44,-42,78,29,0,65,4,22,23,8,57,122
VMC,Vulcan Materials,281.81,10,0,4,60,74,12,0,8,27,47,121
INCY,Incyte,78.09,63,44,1,0,108,2,8,4,-1,13,121
MANH,Manhattan Associates,218.59,-16,52,-27,65,74,-15,34,1,27,47,121
CSX,CSX Corporation,35.45,2,57,0,4,63,-6,61,8,-6,57,120
LNC,Lincoln Financial,37.91,21,27,16,1,65,13,27,6,8,54,119
CG,Carlyle Group (The),60.43,-17,49,6,21,59,-23,60,5,18,60,119
NCLH,Norwegian Cruise Line Holdings,25.34,21,29,1,0,51,-12,59,1,20,68,119
BRX,Brixmor Property Group,25.91,-2,40,0,55,93,-14,5,8,26,25,118
BWA,BorgWarner,38.26,21,60,6,2,89,13,24,8,-16,29,118
SOFI,SoFi,21.83,-9,50,44,0,85,-26,41,6,11,32,117
K,Kellanova,80.08,5,1,67,21,94,5,10,-5,13,23,117
FTAI,FTAI Aviation,141.57,28,4,1,47,80,-3,4,4,31,36,116
GWW,W. W. Grainger,938.84,-14,-2,-1,94,77,-19,-7,8,57,39,116
DCI,Donaldson Company,71.67,0,10,-1,65,74,-14,17,8,30,41,115
CIEN,Ciena,92.68,7,58,7,12,84,-12,21,6,16,31,115
LMT,Lockheed Martin,423.7,0,-10,-27,165,128,12,-21,-2,-2,-13,115
NSC,Norfolk Southern,278.09,-14,57,9,4,56,-35,71,8,14,58,114
Z,Zillow (Class C),83.65,7,31,9,0,47,5,40,2,20,67,114
AGNC,AGNC Investment,9.62,0,43,9,16,68,-18,41,6,17,46,114
UI,Ubiquiti,438.62,-20,30,50,10,70,4,22,8,10,44,114
KIM,Kimco Realty,21.05,-18,1,-1,55,37,-15,71,6,14,76,113
TNL,Travel + Leisure Co.,59.42,-18,48,7,16,53,-23,64,5,14,60,113
TKO,TKO Group Holdings,165.71,-14,0,69,40,95,-26,-14,8,50,18,113
EXEL,Exelixis,36.82,-36,-5,62,14,35,5,-5,53,24,77,112
TTWO,Take-Two Interactive,225.88,0,0,43,13,56,5,-13,43,20,55,111
KEX,Kirby Corporation,98.93,-21,-3,-1,35,10,-21,71,8,42,100,110
ADC,Agree Realty,75.09,12,1,61,16,90,6,3,-3,13,19,109
NXST,Nexstar Media Group,188.58,0,57,7,4,68,1,24,5,10,40,108
NBIX,Neurocrine Biosciences,128.09,-20,49,-3,25,51,-12,68,5,-4,57,108
WTW,Willis Towers Watson,320.69,21,3,6,24,54,21,17,-13,29,54,108
LH,Labcorp,263.82,1,8,53,15,77,5,2,6,18,31,108
PEGA,Pegasystems,58.49,0,70,17,5,92,-15,9,6,15,15,107
ACGL,Arch Capital Group,88.53,7,-15,-6,62,48,7,-7,8,51,59,107
MRVL,Marvell Technology,76.53,-2,32,-19,106,117,-14,4,-19,18,-11,106
BKR,Baker Hughes,43.76,0,12,2,35,49,-28,57,2,26,57,106
VEEV,Veeva Systems,285.15,-15,61,43,8,97,-26,8,8,18,8,105
BSY,Bentley Systems,57.9,-15,61,7,0,53,-23,73,8,-6,52,105
LVS,Las Vegas Sands,52.4,1,58,4,2,65,-15,64,5,-14,40,105
JHG,Janus Henderson,43.19,0,43,4,19,66,-12,27,5,18,38,104
CMA,Comerica,67.39,0,32,5,4,41,-20,63,5,12,60,101
SFD,Smithfield Foods,25.22,35,53,0,0,88,7,4,2,0,13,101
VZ,Verizon,42.95,19,10,28,10,67,-4,3,21,14,34,101
FHN,First Horizon Corporation,21.67,-23,58,50,4,89,-33,29,6,10,12,101
FWONK,Liberty Formula 1 (Series C),99.39,-38,0,68,57,87,-47,-3,8,56,14,101
AMTM,Amentum,24.48,-18,70,0,0,52,4,35,8,0,47,99
MAS,Masco,69.45,12,24,-18,65,83,1,24,-30,21,16,99
PINS,Pinterest,39.07,7,43,3,0,53,-12,59,4,-5,46,99
IDXX,Idexx Laboratories,682.75,7,65,12,4,88,5,5,8,-8,10,98
AWK,American Water Works,147.01,14,2,24,1,41,12,16,20,8,56,97
HON,Honeywell,220.77,-56,0,0,178,122,-50,-5,8,22,-25,97
ABT,Abbott Laboratories,129.96,35,-3,54,13,99,5,-19,-2,14,-2,97
THC,Tenet Healthcare,161.04,0,0,12,57,69,-2,-1,6,24,27,96
CHRW,C.H. Robinson,115.03,21,26,1,4,52,13,19,4,8,44,96
CFG,Citizens Financial Group,47.6,-20,46,6,4,36,-23,63,5,14,59,95
GM,General Motors,52.78,0,40,5,11,56,-11,32,5,13,39,95
FSLR,First Solar,183.43,14,23,-37,62,62,8,23,8,-6,33,95
PRI,Primerica,265.38,-15,1,0,108,94,-26,-10,6,30,0,94
PANW,Palo Alto Networks,171.0,-31,-3,0,81,47,-26,7,8,57,46,93
FAF,First American Financial Corporation,62.0,61,7,0,14,82,5,4,-17,18,10,92
AMP,Ameriprise Financial,506.28,-18,0,0,64,46,-24,-8,6,71,45,91
DKS,Dick's Sporting Goods,209.47,-14,24,0,63,73,-26,30,-19,33,18,91
FNB,FNB Corporation,15.02,-25,58,0,55,88,-23,-1,7,19,2,90
MEDP,Medpace,432.32,0,32,2,32,66,-22,42,2,2,24,90
H,Hyatt Hotels,138.32,-37,41,-1,55,58,-26,-2,4,55,31,89
SPR,Spirit AeroSystems,39.01,-34,72,16,0,54,-26,19,28,14,35,89
FNF,Fidelity National Financial,57.97,7,0,0,58,65,5,7,-9,21,24,89
FOUR,Shift4,102.23,-23,38,6,0,21,-26,67,2,24,67,88
NTRS,Northern Trust,127.62,0,58,14,11,83,-14,-2,8,13,5,88
JLL,Jones Lang LaSalle,270.42,0,32,2,14,48,-14,37,2,14,39,87
EQT,EQT Corporation,51.89,-11,-2,39,42,68,-11,-19,39,10,19,87
COKE,Coca-Cola Consolidated,112.0,-23,0,0,86,63,-38,22,-13,52,23,86
AFRM,Affirm Holdings,74.81,7,40,10,0,57,5,1,6,17,29,86
OZK,Bank OZK,47.98,-49,58,15,56,80,-53,34,6,19,6,86
WBS,Webster Bank,56.64,-34,58,6,14,44,-48,66,6,17,41,85
RS,"Reliance, Inc.",284.67,-56,-2,-1,115,56,-56,-1,8,77,28,84
TER,Teradyne,105.72,28,29,-27,2,32,-3,59,1,-5,52,84
MTD,Mettler Toledo,1231.77,0,43,-21,0,22,2,63,2,-5,62,84
JNJ,Johnson & Johnson,171.1,10,24,6,7,47,6,22,3,6,37,84
MMC,Marsh McLennan,199.04,-74,-39,-1,175,61,-113,-34,-9,178,22,83
ES,Eversource Energy,66.44,7,61,13,-10,71,-14,16,8,2,12,83
AXP,American Express,298.58,-28,1,15,99,87,-26,-6,6,21,-5,82
DINO,HF Sinclair,43.78,-20,60,0,0,40,-23,65,8,-8,42,82
EQH,Equitable Holdings,50.99,-34,0,90,11,67,1,-14,8,19,14,81
APO,Apollo Global Management,142.17,-42,40,-1,97,94,-41,-2,4,26,-13,81
ELAN,Elanco,14.06,-39,61,0,-7,15,2,63,7,-6,66,81
SPG,Simon Property Group,165.0,-16,27,0,35,46,-19,26,6,21,34,80
LAMR,Lamar Advertising,123.7,-39,48,5,64,78,-23,-2,6,21,2,80
CART,Maplebear Inc.,48.75,2,27,21,0,50,4,21,5,0,30,80
ECG,Everus Construction Group,71.97,0,56,0,0,56,-12,30,5,0,23,79
TPG,TPG Inc.,57.15,0,41,0,0,41,-15,32,2,19,38,79
CVX,Chevron Corporation,150.99,-11,20,5,48,62,-20,41,-10,6,17,79
KEY,Keycorp,17.85,-23,58,6,4,45,-49,64,6,13,34,79
SMMT,Summit Therapeutics,29.36,7,11,7,14,39,5,22,-6,19,40,79
LPX,Louisiana-Pacific,91.88,13,5,-3,63,78,5,-9,-22,26,0,78
KD,Kyndryl,36.7,-19,0,107,0,88,-26,-11,6,20,-11,77
KRC,Kilroy Realty,37.56,-23,48,4,0,29,-19,51,4,11,47,76
WING,Wingstop,348.52,28,0,1,38,67,-3,-25,6,31,9,76
ROKU,"Roku, Inc.",85.85,-14,39,8,-19,14,-9,63,3,4,61,75
REG,Regency Centers,72.18,1,1,3,53,58,-14,4,8,19,17,75
RLI,RLI Corp.,66.79,-80,-42,-8,176,46,3,-35,-27,87,28,74
ROST,Ross Stores,141.97,7,1,-11,35,32,5,10,-2,29,42,74
DKNG,DraftKings,45.07,7,34,7,0,48,-12,34,-16,20,26,74
AMH,American Homes 4 Rent,35.48,-4,-4,-6,68,54,2,-6,8,15,19,73
MSM,MSC Industrial Direct,85.48,-20,58,5,58,101,-26,-2,8,-9,-29,72
IVZ,Invesco,21.0,0,34,5,2,41,-17,30,5,13,31,72
ASTS,AST SpaceMobile,51.38,-23,42,9,0,28,-14,42,8,8,44,72
MSTR,MicroStrategy,389.18,-63,1,97,19,54,-8,-3,8,20,17,71
AVT,Avnet,52.54,-21,58,0,45,82,-15,-3,8,-2,-12,70
BAH,Booz Allen Hamilton,111.46,0,0,-28,101,73,8,20,-30,-1,-3,70
VRSN,Verisign,268.29,-34,0,34,9,9,-33,37,50,7,61,70
RDDT,Reddit,201.9,28,33,0,0,61,21,2,-16,0,7,68
THO,Thor Industries,93.32,0,42,-24,2,20,-14,64,4,-6,48,68
AGO,Assured Guaranty,84.3,2,-2,-1,56,55,5,-16,1,22,12,67
FICO,Fair Isaac,1360.85,-21,-20,-4,166,121,-40,-19,-26,31,-54,67
BURL,Burlington Stores,280.67,0,21,0,3,24,5,20,1,17,43,67
WYNN,Wynn Resorts,107.05,-6,60,6,3,63,-23,26,8,-8,3,66
WTM,White Mountains Insurance Group,1777.36,-15,0,-2,59,42,-12,-2,-18,56,24,66
HBAN,Huntington Bancshares,16.27,-23,58,7,21,63,-19,-4,8,16,1,64
BEN,Franklin Templeton Investments,25.12,7,61,6,1,75,5,-2,8,-22,-11,64
UTHR,United Therapeutics,292.82,-30,-6,-8,57,13,6,13,-27,59,51,64
BLDR,Builders FirstSource,128.2,-6,24,-26,65,57,9,30,-30,-3,6,63
BRO,Brown & Brown,92.72,-39,-67,-1,163,56,2,-13,-8,26,7,63
FLS,Flowserve,53.78,-14,29,0,27,42,-26,21,1,25,21,63
W,Wayfair,73.54,7,58,2,-41,26,5,64,8,-40,37,63
FIVE,Five Below,136.35,-18,60,0,-16,26,-26,69,9,-15,37,63
TRU,TransUnion,93.61,-14,47,0,3,36,-19,26,6,14,27,63
BAC,Bank of America,45.84,-14,58,15,18,77,-43,5,8,14,-16,61
XPO,"XPO, Inc.",119.51,-23,0,-1,61,37,-40,32,5,27,24,61
RRX,Regal Rexnord,147.46,-14,58,-1,3,46,-23,34,5,-1,15,61
GXO,GXO Logistics,48.47,-28,58,-1,0,29,-33,64,7,-8,30,59
FCNCA,First Citizens BancShares,1883.83,-45,40,-1,59,53,-46,26,5,21,6,59
PARA,Paramount Global (Class B),12.3,-9,59,6,-39,17,11,65,10,-45,41,58
LEN,Lennar (Class A),118.78,9,14,-28,64,59,12,23,-33,-3,-1,58
IRM,Iron Mountain,94.77,-23,0,-1,57,33,-19,-20,8,56,25,58
ESAB,ESAB,131.15,-5,23,6,0,24,-12,21,8,17,34,58
MPC,Marathon Petroleum,168.02,-28,60,0,49,81,-20,-3,8,-8,-23,58
PKG,Packaging Corporation of America,193.1,-31,26,-1,61,55,-45,21,1,26,3,58
RKT,Rocket Companies,16.88,14,14,2,0,30,12,11,7,-2,28,58
ECL,Ecolab,264.2,2,1,14,22,39,-4,-5,8,19,18,57
CGNX,Cognex Corporation,41.45,21,40,0,-31,30,37,26,4,-40,27,57
AMT,American Tower,212.97,-38,0,14,1,-23,10,41,18,11,80,57
NNN,NNN Reit,43.06,5,2,6,22,35,6,-6,8,14,22,57
LEN-B,Lennar (Class B),113.11,8,10,-26,62,54,12,24,-33,-1,2,56
NTNX,Nutanix,73.77,-14,0,29,22,37,-12,-2,8,24,18,55
MMM,3M,147.9,-26,1,72,14,61,-25,-3,8,14,-6,55
CAR,Avis Budget Group,160.44,-28,74,7,-20,33,-37,84,11,-37,21,54
TKR,Timken Company,73.94,-28,43,-1,4,18,-26,62,5,-5,36,54
BRK-B,Berkshire Hathaway,459.27,-23,-43,122,62,118,-32,-55,-3,26,-64,54
PNC,PNC Financial Services,189.13,-41,48,0,14,21,-49,63,5,14,33,54
NOW,ServiceNow,922.97,-30,0,-1,82,51,-23,-3,6,22,2,53
AN,AutoNation,189.18,-42,0,15,61,34,-40,-6,8,57,19,53
AS,Amer Sports,38.71,4,58,2,0,64,-15,-4,8,0,-11,53
PG,Procter & Gamble,150.84,-27,-35,-4,179,113,-41,-33,-12,26,-60,53
STWD,Starwood Property Trust,19.5,-27,1,16,58,48,-19,-5,8,21,5,53
EL,Estée Lauder Companies (The),92.49,7,48,0,-26,29,-9,61,6,-35,23,52
EOG,EOG Resources,117.21,-13,0,-3,45,29,-16,-13,1,51,23,52
AIG,American International Group,78.29,-32,-16,26,53,31,1,-22,21,21,21,52
RNR,RenaissanceRe,239.99,-2,0,-6,35,27,-12,2,6,28,24,51
RRC,Range Resources,34.9,-14,-9,0,42,19,-11,-20,8,55,32,51
LII,Lennox International,600.43,-28,25,0,38,35,-38,24,2,27,15,50
U,Unity Technologies,34.0,0,47,4,0,51,5,21,8,-35,-1,50
NUE,Nucor,137.02,-14,35,0,3,24,-7,36,5,-8,26,50
EXE,Expand Energy,101.24,-2,-11,39,0,26,-5,-22,39,10,22,48
SSB,SouthState Corporation,93.59,-25,29,0,22,26,-23,24,2,19,22,48
PFG,Principal Financial Group,75.86,-28,0,-1,55,26,-26,24,5,18,21,47
DOV,Dover Corporation,176.02,-55,0,-1,106,50,-47,21,4,19,-3,47
NYT,New York Times Company,53.77,7,0,0,16,23,7,-12,8,21,24,47
HOLX,Hologic,67.92,21,46,-33,0,34,13,6,1,-7,13,47
EA,Electronic Arts,159.8,14,4,2,7,27,21,-15,14,-1,19,46
INGR,Ingredion,126.59,-22,-2,-1,34,9,-14,-13,8,56,37,46
TROW,T. Rowe Price,105.91,0,43,-21,-25,-3,5,27,4,13,49,46
KRMN,Karman Holdings,51.36,0,41,0,0,41,5,-1,0,0,4,45
TTD,Trade Desk (The),89.77,7,41,-25,4,27,5,18,-25,20,18,45
POST,Post Holdings,105.22,-23,-22,-4,87,38,-19,-26,-6,57,6,44
EXP,Eagle Materials,222.91,-9,9,-13,57,44,-21,21,-27,27,0,44
WTRG,Essential Utilities,38.33,14,0,4,0,18,12,10,-1,5,26,44
SLGN,Silgan Holdings,45.83,-28,-4,-1,80,47,-20,-4,8,13,-3,44
OVV,Ovintiv,39.36,-14,40,-3,0,23,-21,43,5,-6,21,44
LNW,Light & Wonder,94.38,-25,28,-1,57,59,-25,-2,-13,25,-15,44
ADM,Archer Daniels Midland,54.44,-15,59,0,-11,33,-13,35,8,-20,10,43
BA,Boeing,222.33,-27,71,6,0,50,-26,22,8,-11,-7,43
RBRK,Rubrik,92.51,7,1,0,0,8,-10,1,42,0,33,41
MSCI,MSCI,571.93,10,1,0,14,25,1,-10,5,20,16,41
PSN,Parsons Corporation,74.62,-20,43,-25,0,-2,1,42,1,-1,43,41
QRVO,Qorvo,85.19,-56,58,0,-31,-29,1,66,7,-5,69,40
MDT,Medtronic,89.62,-16,24,9,0,17,-30,39,1,13,23,40
IPGP,IPG Photonics,77.59,0,57,-1,-44,12,4,64,4,-44,28,40
VRSK,Verisk Analytics,267.95,-83,-6,0,114,25,-40,-30,57,28,15,40
USB,U.S. Bancorp,44.42,-20,58,-1,4,41,-15,-6,5,15,-1,40
CPRT,Copart,45.74,-18,-49,-11,176,98,-21,-45,-21,28,-59,39
ROIV,Roivant Sciences,11.52,2,19,-1,0,20,1,11,8,-1,19,39
APD,Air Products,287.48,-24,29,0,16,21,-34,59,-17,10,18,39
DLR,Digital Realty,172.92,-17,1,3,22,9,-11,13,8,19,29,38
SNA,Snap-on,318.91,-24,13,0,59,48,-66,-2,1,57,-10,38
SBAC,SBA Communications,230.68,0,0,14,-20,-6,14,10,15,5,44,38
HXL,Hexcel,60.89,-21,30,-27,0,-18,3,59,2,-9,55,37
TRGP,Targa Resources,164.81,-14,-2,0,51,35,-20,-14,-18,54,2,37
O,Realty Income,57.46,3,2,8,7,20,2,-7,8,13,16,36
KDP,Keurig Dr Pepper,33.27,-12,0,5,1,-6,-14,28,16,12,42,36
UAL,United Airlines Holdings,87.01,-20,31,0,11,22,-26,21,2,16,13,35
SITE,SiteOne Landscape Supply,137.51,28,25,-24,-9,20,-2,24,1,-8,15,35
TXRH,Texas Roadhouse,184.82,-14,0,0,64,50,-21,-33,8,31,-15,35
BALL,Ball Corporation,57.64,-38,58,-1,-11,8,-47,70,8,-5,26,34
ADSK,Autodesk,302.42,0,1,3,14,18,-15,4,8,19,16,34
TYL,Tyler Technologies,602.93,21,3,0,17,41,13,-12,-26,18,-7,34
OKE,Oneok,79.9,-14,-2,-11,54,27,-20,-2,-23,51,6,33
HST,Host Hotels & Resorts,15.68,-35,58,-30,2,-5,-33,71,6,-6,38,33
DECK,Deckers Brands,105.18,-21,-3,-22,93,47,-33,5,-18,31,-15,32
EWBC,East West Bancorp,100.04,-57,58,7,22,30,-23,-1,7,19,2,32
GPK,Graphic Packaging,21.95,-23,0,-17,58,18,-44,16,-30,71,13,31
MUSA,Murphy USA,366.78,-44,-5,-11,68,8,-52,22,-27,79,22,30
LAZ,Lazard,51.21,-31,41,0,20,30,-47,29,5,13,0,30
CCI,Crown Castle,107.17,-26,31,5,-28,-18,-5,30,18,5,48,30
EXLS,EXL Service,42.55,-2,-17,0,65,46,-19,4,-14,13,-16,30
FITB,Fifth Third Bancorp,41.44,-23,34,0,22,33,-23,-2,5,16,-4,29
VKTX,Viking Therapeutics,34.02,4,24,-38,21,11,1,20,3,-6,18,29
BFAM,Bright Horizons,124.0,14,2,1,1,18,20,-37,13,15,11,29
NVST,Envista,20.48,3,43,2,0,48,11,-3,4,-32,-20,28
HRB,H&R Block,54.99,-33,-39,0,52,-20,4,-5,-4,52,47,27
HLNE,Hamilton Lane,150.8,-18,0,-1,25,6,-19,20,-1,21,21,27
SN,SharkNinja,116.27,-14,34,6,0,26,-32,26,5,1,0,26
TWLO,Twilio,125.31,-14,50,45,-34,47,-44,8,4,11,-21,26
WEX,WEX Inc.,168.7,0,40,-41,1,0,-27,58,2,-8,25,25
XYZ,"Block, Inc.",76.11,-14,36,-1,-36,-15,-31,55,2,13,39,24
DDOG,Datadog,139.14,-21,48,0,0,27,-23,-1,5,15,-4,23
TFSL,Third Federal S&L,12.8,0,0,1,5,6,-2,-9,8,19,16,22
STLD,Steel Dynamics,121.36,-56,-2,-1,55,-4,-31,-8,8,57,26,22
COIN,Coinbase,318.22,-56,57,7,0,8,-9,-2,7,18,14,22
SUI,Sun Communities,125.86,21,3,1,-24,1,13,-12,8,11,20,21
HR,Healthcare Realty Trust,16.97,14,26,0,-39,1,6,32,-27,9,20,21
DPZ,Domino's,467.94,-21,0,4,10,-7,-33,17,25,18,27,20
MTB,M&T Bank,188.29,-53,58,0,22,27,-23,-4,6,14,-7,20
HSY,Hershey Company (The),190.41,0,24,2,0,26,2,9,2,-19,-6,20
KMB,Kimberly-Clark,133.19,14,0,0,18,32,6,-35,-9,26,-12,20
AFG,American Financial Group,123.63,-56,0,-1,56,-1,-26,30,2,14,20,19
CF,CF Industries,93.68,7,0,13,4,24,3,-24,8,8,-5,19
KVUE,Kenvue,22.19,0,0,3,0,3,2,11,-1,3,15,18
BOKF,BOK Financial Corporation,100.06,-21,27,0,22,28,-49,23,2,14,-10,18
TFC,Truist Financial,43.44,-34,32,0,4,2,-44,40,5,14,15,17
UBER,Uber,88.44,-41,1,16,0,-24,5,-5,14,26,40,16
DUOL,Duolingo,352.46,1,-24,51,0,28,-10,-38,12,23,-13,15
GTM,ZoomInfo,10.68,-18,31,-1,0,12,-26,62,4,-37,3,15
AMKR,Amkor Technology,22.36,-9,43,-38,0,-4,-17,39,2,-5,19,15
PODD,Insulet,287.68,-2,0,43,4,45,-15,-34,12,6,-31,14
AFL,Aflac,98.56,-39,-6,0,58,13,-34,-15,-6,55,0,13
ST,Sensata Technologies,30.15,-28,58,-1,-15,14,-34,62,6,-35,-1,13
MGM,MGM Resorts International,35.54,-21,38,-1,0,16,-32,32,5,-9,-4,12
DOCS,Doximity,58.29,-30,28,52,0,50,-32,-4,-15,12,-39,11
SEG,Seaport Entertainment Group,22.48,0,22,0,0,22,-3,18,-26,0,-11,11
MET,Metlife,74.83,-28,-2,-1,58,27,-26,-15,6,18,-17,10
FR,First Industrial Realty Trust,48.16,-23,0,-1,14,-10,-16,16,6,14,20,10
MCHP,Microchip Technology,66.58,-21,58,0,0,37,-20,-8,8,-7,-27,10
BROS,Dutch Bros. Coffee,58.5,-1,-8,51,0,42,-12,-32,-1,11,-34,8
MTCH,Match Group,33.89,0,42,2,-37,7,-14,50,3,-38,1,8
SW,Smurfit Westrock,44.08,-21,24,-1,16,18,-28,21,-21,17,-11,7
FANG,Diamondback Energy,147.83,0,1,-27,47,21,-16,5,2,-5,-14,7
MSGS,Madison Square Garden Sports,202.04,-72,32,-2,21,-21,4,-5,1,27,27,6
AES,AES Corporation,13.43,-1,19,-1,-11,6,1,19,4,-24,0,6
IP,International Paper,46.07,-21,-2,0,16,-7,-26,21,1,16,12,5
ALK,Alaska Air Group,52.58,-14,24,-1,2,11,-22,21,-15,9,-7,4
MRP,Millrose Properties,30.3,-19,47,0,0,28,-52,25,1,0,-26,2
ATR,AptarGroup,139.04,-30,-2,-1,20,-13,-40,22,8,25,15,2
WAB,Wabtec,187.0,-56,0,0,49,-7,-48,-7,8,56,9,2
SCCO,Southern Copper,93.03,-41,-1,-3,63,18,-11,-11,8,-2,-16,2
DVA,DaVita,139.55,-23,0,-1,20,-4,-21,26,-18,19,6,2
EW,Edwards Lifesciences,80.09,3,7,2,-14,-2,-14,23,28,-35,2,0
SNOW,Snowflake Inc.,208.56,-14,0,13,0,-1,-11,3,8,1,1,0
CRL,Charles River Laboratories,167.89,0,43,-52,-26,-35,-22,61,4,-8,35,0
WH,Wyndham Hotels & Resorts,84.51,-21,19,-1,11,8,-30,21,-15,15,-9,-1
NTAP,Netapp,103.24,-34,1,-2,57,22,-25,-2,5,-1,-23,-1
CNH,CNH Industrial,12.55,-15,0,17,0,2,-5,-9,8,2,-4,-2
CRUS,Cirrus Logic,105.61,6,1,-21,19,5,1,-13,8,-3,-7,-2
PR,Permian Resources,13.69,-13,0,-6,26,7,-17,2,8,-2,-9,-2
SARO,StandardAero,28.39,0,0,0,0,0,5,-15,8,0,-2,-2
CRWD,CrowdStrike,454.87,-35,0,43,0,8,-26,-12,8,20,-10,-2
PRU,Prudential Financial,101.74,-14,0,-11,55,30,-41,-13,2,19,-33,-3
LYFT,Lyft,14.08,-1,0,-2,-1,-4,5,-10,8,-2,1,-3
CNA,CNA Financial,45.66,7,-42,0,57,22,5,-43,-7,20,-25,-3
GPC,Genuine Parts Company,131.21,0,11,0,0,11,-23,18,8,-17,-14,-3
GEN,Gen Digital,28.98,-25,0,13,16,4,-42,11,8,16,-7,-3
OWL,Blue Owl Capital,19.34,-41,37,-2,0,-6,3,-3,-19,21,2,-4
PSX,Phillips 66,121.47,-20,1,-1,41,21,-20,-7,7,-5,-25,-4
ELF,e.l.f. Beauty,116.3,-11,50,-48,31,22,-14,-13,6,-5,-26,-4
EQIX,Equinix,778.38,-14,-22,-6,34,-8,-19,2,-6,26,3,-5
CHRD,Chord Energy,105.41,-14,39,-48,0,-23,-20,42,2,-6,18,-5
DNB,Dun & Bradstreet,9.1,-1,37,-24,0,12,5,41,-26,-37,-17,-5
CTRA,Coterra,23.95,0,-14,-3,44,27,-14,-21,-10,13,-32,-5
CB,Chubb Limited,267.73,-63,-23,-1,58,-29,4,-34,-2,56,24,-5
SAIC,SAIC,113.2,-34,18,-35,67,16,-42,23,-1,-1,-21,-5
XP,XP Inc.,16.69,0,-6,0,0,-6,18,-23,14,-8,1,-5
ZS,Zscaler,285.88,-15,0,15,5,5,-26,-11,8,18,-11,-6
CHH,Choice Hotels,127.07,-34,24,-1,15,4,-31,21,-15,14,-11,-7
AOS,A. O. Smith,70.33,-30,24,-40,58,12,-44,22,8,-5,-19,-7
BC,Brunswick Corporation,58.77,-34,42,-36,-7,-35,-23,58,2,-9,28,-7
DG,Dollar General,110.98,13,2,0,-17,-2,12,-12,20,-26,-6,-8
RH,RH,217.04,5,13,-22,-7,-11,5,9,-21,9,2,-9
DIS,Walt Disney Company (The),119.39,-42,58,13,0,29,-47,-3,8,3,-39,-10
CARR,Carrier Global,66.55,-35,-1,-1,0,-37,-33,26,8,26,27,-10
VNO,Vornado Realty Trust,38.65,-23,0,0,4,-19,-23,11,6,15,9,-10
KEYS,Keysight,161.7,-15,0,0,0,-15,-16,9,6,5,4,-11
ALSN,Allison Transmission,88.0,0,-17,-3,35,15,-6,-35,-19,34,-26,-11
BG,Bunge Global,80.6,28,0,-42,0,-14,-3,3,8,-5,3,-11
VLO,Valero Energy,135.07,-28,1,0,44,17,-26,-5,7,-5,-29,-12
FBIN,Fortune Brands Innovations,56.33,7,10,-24,-5,-12,8,24,-30,-2,0,-12
KMPR,Kemper Corporation,60.97,0,0,-4,4,0,-7,-18,-1,14,-12,-12
ZION,Zions Bancorporation,52.77,-50,40,0,4,-6,-26,-1,5,15,-7,-13
ESI,Element Solutions,23.35,-58,30,-18,57,11,-25,-3,5,-1,-24,-13
RGA,Reinsurance Group of America,177.1,-34,-2,-1,40,3,-33,-36,-1,53,-17,-14
IR,Ingersoll Rand,78.61,-18,0,-19,23,-14,-30,-4,5,29,0,-14
UHS,Universal Health Services,164.69,7,-14,-9,22,6,-7,-10,-2,-1,-20,-14
F,Ford Motor Company,10.94,-35,72,0,-17,20,-33,-4,8,-5,-34,-14
MASI,Masimo,161.34,2,0,0,-6,-4,5,-14,-13,10,-12,-16
ESS,Essex Property Trust,254.48,-28,-3,-1,14,-18,-49,38,-1,14,2,-16
NEE,NextEra Energy,70.54,-62,0,0,0,-62,9,16,8,13,46,-16
STAG,STAG Industrial,34.87,-51,0,-1,96,44,-48,-17,8,-4,-61,-17
PCOR,Procore,62.98,-18,-2,-1,0,-21,-26,26,-15,19,4,-17
AR,Antero Resources,33.03,-4,-11,0,10,-5,-8,-22,8,10,-12,-17
CFLT,"Confluent, Inc.",17.12,-21,-3,-1,0,-25,-26,52,-16,-2,8,-17
WBD,Warner Bros. Discovery,12.8,-14,38,10,-42,-8,-29,58,6,-45,-10,-18
AL,Air Lease Corporation,55.12,-41,0,15,22,-4,-44,-4,8,26,-14,-18
EFX,Equifax,243.2,-28,-2,-2,16,-16,-19,-10,8,18,-3,-19
TSLA,"Tesla, Inc.",309.3,-20,0,-1,10,-11,-23,3,2,10,-8,-19
EIX,Edison International,55.3,11,2,-30,0,-17,10,16,-27,-1,-2,-19
SJM,J.M. Smucker Company (The),109.98,0,10,-10,-4,-4,1,15,-8,-23,-15,-19
DD,DuPont,70.89,-39,29,-1,19,8,-54,24,5,-3,-28,-20
CPAY,Corpay,324.34,-23,-2,-1,21,-5,-47,9,-3,25,-16,-21
MHK,Mohawk Industries,119.24,0,20,-24,-11,-15,2,24,-32,-1,-7,-22
REXR,Rexford Industrial,36.16,-16,43,-44,-18,-35,-17,58,4,-32,13,-22
MORN,"Morningstar, Inc.",270.41,-21,-3,-18,28,-14,-15,-16,5,18,-8,-22
CPNG,Coupang,29.63,-57,64,15,0,22,-68,-2,8,17,-45,-23
UDR,"UDR, Inc.",37.95,-28,-3,-1,-1,-33,-12,10,-3,13,8,-25
FIS,Fidelity National Information Services,78.94,-18,0,0,0,-18,-23,-2,7,11,-7,-25
VNOM,Viper Energy,37.52,-18,-30,-7,44,-11,-33,-2,-26,47,-14,-25
OC,Owens Corning,137.45,-23,0,-22,58,13,-40,-2,-26,29,-39,-26
EXR,Extra Space Storage,138.05,-21,-3,-1,0,-25,-19,-3,8,13,-1,-26
SNDK,SanDisk,42.51,0,0,0,0,0,-12,-14,0,0,-26,-26
CCCS,CCC Intelligent Solutions,9.64,-9,32,-26,0,-3,-28,35,-25,-6,-24,-27
DAL,Delta Air Lines,52.53,-49,30,-1,19,-1,-54,21,-19,26,-26,-27
SOLV,Solventum,73.22,-23,0,0,0,-23,4,-12,4,0,-4,-27
CVS,CVS Health,61.45,26,-14,8,-17,3,-11,-15,23,-28,-31,-28
MU,Micron Technology,107.77,-21,0,0,22,1,-19,-13,8,-5,-29,-28
CAVA,Cava Group,87.87,0,1,-12,0,-11,-14,21,-26,2,-17,-28
MAA,Mid-America Apartment Communities,140.01,-25,-4,0,0,-29,-20,16,-6,11,1,-28
PCG,PG&E Corporation,15.06,9,0,-28,1,-18,12,5,-27,-1,-11,-29
DT,Dynatrace,51.62,-17,0,0,0,-17,-26,-11,5,20,-12,-29
JAZZ,Jazz Pharmaceuticals,116.14,0,11,-1,-6,4,5,15,-14,-39,-33,-29
WAL,Western Alliance Bancorporation,77.4,-42,31,0,4,-7,-44,-2,5,18,-23,-30
BXP,"BXP, Inc.",65.73,-28,0,-1,0,-29,-35,11,8,13,-3,-32
CPT,Camden Property Trust,105.75,-28,-3,0,0,-31,-20,9,-1,11,-1,-32
TMO,Thermo Fisher Scientific,466.95,0,9,-20,0,-11,-22,23,-19,-3,-21,-32
GNTX,Gentex,26.15,0,23,-40,-8,-25,-23,21,2,-8,-8,-33
NTRA,Natera,136.49,-21,-13,0,18,-16,-16,-19,-1,19,-17,-33
EGP,EastGroup Properties,163.66,-4,0,-3,8,1,-14,-23,8,-5,-34,-33
BIRK,Birkenstock,50.26,-16,-2,-8,0,-26,-21,5,8,0,-8,-34
ALGM,Allegro MicroSystems,31.49,-63,57,9,0,3,-23,-4,6,-16,-37,-34
DXCM,Dexcom,76.26,-21,-1,-1,-14,-37,-18,21,8,-9,2,-35
DLB,Dolby Laboratories,72.38,-18,-2,-1,0,-21,-26,21,-18,8,-15,-36
DBX,Dropbox,26.66,-16,-4,-1,9,-12,-26,-2,-5,8,-25,-37
CTVA,Corteva,71.92,-42,0,51,0,9,-54,-11,8,11,-46,-37
UWMC,United Wholesale Mortgage,4.26,0,0,-27,0,-27,10,23,-40,-4,-11,-38
CRM,Salesforce,252.4,-21,-3,-11,22,-13,-26,-2,-19,21,-26,-39
ALLY,Ally Financial,37.44,-86,48,0,4,-34,-23,-4,6,16,-5,-39
ETSY,Etsy,57.32,-21,48,0,-30,-3,-19,12,8,-37,-36,-39
INGM,Ingram Micro,19.52,-27,0,0,0,-27,-44,27,5,0,-12,-39
FI,Fiserv,136.08,-28,-17,-12,35,-22,-21,-11,-13,27,-18,-40
COLB,Columbia Banking System,23.89,-23,7,-1,-9,-26,-23,-4,3,10,-14,-40
FND,Floor & Decor,81.49,6,24,-33,-6,-9,5,-4,-27,-6,-32,-41
AMCR,Amcor,9.41,-23,24,-1,0,0,-42,-2,4,-2,-42,-42
YETI,Yeti Holdings,37.03,-16,25,-33,-6,-30,-28,24,2,-10,-12,-42
MKSI,MKS Instruments,93.99,-21,43,-25,-13,-16,-23,-3,4,-5,-27,-43
HHH,Howard Hughes Holdings,68.6,-18,1,-11,-6,-34,-15,18,-26,14,-9,-43
PARAA,Paramount Global (Class A),18.65,-21,-3,-1,0,-25,-21,-3,-1,6,-19,-44
IAC,IAC Inc.,39.51,-39,27,0,-31,-43,4,29,4,-38,-1,-44
HSIC,Schein (Henry),70.15,-38,0,-3,0,-41,4,-9,-1,3,-3,-44
QCOM,Qualcomm,147.52,-21,0,-23,22,-22,-21,-3,6,-5,-23,-45
G,Genpact,42.56,-25,0,0,3,-22,-19,-1,-13,10,-23,-45
AUR,Aurora Innovation,5.97,-20,0,-1,0,-21,-37,13,-16,15,-25,-46
ISRG,Intuitive Surgical,483.36,-64,-4,-1,22,-47,-19,-12,6,26,1,-46
ABNB,Airbnb,130.99,-31,0,-1,0,-32,-31,16,5,-5,-15,-47
ARW,Arrow Electronics,116.11,-21,0,-1,0,-22,-21,-4,8,-8,-25,-47
DHR,Danaher Corporation,197.51,0,2,-27,0,-25,-21,1,1,-4,-23,-48
PCTY,Paylocity,183.77,-15,0,0,-3,-18,-31,13,-17,5,-30,-48
BIO,Bio-Rad Laboratories,277.03,13,24,-25,-28,-16,5,29,-30,-37,-33,-49
LINE,"Lineage, Inc.",43.17,0,-8,0,0,-8,-14,2,-29,0,-41,-49
GEHC,GE HealthCare,70.64,-28,0,-18,0,-46,-28,32,-16,8,-4,-50
MDB,MongoDB Inc.,226.41,-14,29,-24,-9,-18,-12,14,-25,-9,-32,-50
WDAY,"Workday, Inc.",225.13,-18,-6,-8,14,-18,-28,-2,-2,-2,-34,-52
QS,QuantumScape,8.28,-42,32,4,0,-6,-49,32,6,-36,-47,-53
VAC,Marriott Vacations Worldwide,74.4,-34,33,-1,-17,-19,-43,29,5,-25,-34,-53
DOX,Amdocs,85.7,-53,-3,0,58,2,-49,-20,8,5,-56,-54
FRPT,Freshpet,69.93,-3,-35,-22,-6,-66,1,9,-18,19,11,-55
CFR,Frost Bank,125.5,-50,0,0,4,-46,-23,-2,6,10,-9,-55
CI,Cigna,266.59,-55,-21,-4,58,-22,-16,-15,-1,-1,-33,-55
FCX,Freeport-McMoRan,40.44,-51,0,-1,58,6,-57,-6,8,-6,-61,-55
REYN,Reynolds Consumer Products,21.95,-2,0,-26,0,-28,-6,18,-38,-3,-29,-57
EQR,Equity Residential,62.58,-28,-3,-1,13,-19,-47,-4,-1,13,-39,-58
CHDN,Churchill Downs Incorporated,104.55,-30,27,-29,0,-32,-40,45,-30,-1,-26,-58
RAL,Ralliant,42.92,-30,0,0,0,-30,-25,-3,0,0,-28,-58
TPL,Texas Pacific Land Corporation,950.21,-14,-45,-7,58,-8,-15,-45,-3,13,-50,-58
SNDR,Schneider National,24.39,-34,38,-3,0,1,-40,-4,-25,10,-59,-58
REGN,Regeneron Pharmaceuticals,571.77,7,2,-39,0,-30,-5,20,-40,-4,-29,-59
ACI,Albertsons,19.26,-49,-15,23,0,-41,2,-11,-1,-9,-19,-60
PLD,Prologis,105.21,-23,0,-21,0,-44,-14,-5,8,-5,-16,-60
TXN,Texas Instruments,182.73,-76,0,-1,22,-55,-21,-8,8,16,-5,-60
RVMD,Revolution Medicines,37.17,-17,-2,-12,0,-31,-35,-28,8,26,-29,-60
TXG,10x Genomics,13.69,0,39,-74,0,-35,-26,40,2,-42,-26,-61
MIDD,Middleby,141.78,-23,0,-1,0,-24,-34,-2,-14,13,-37,-61
ONON,On Holding AG,47.61,-28,-3,0,0,-31,-24,-34,8,20,-30,-61
TSN,Tyson Foods,53.79,0,-21,-4,-28,-53,4,-15,-9,11,-9,-62
HIW,Highwoods Properties,28.46,-56,-1,0,6,-51,-19,-13,8,13,-11,-62
CBSH,Commerce Bancshares,60.81,-63,0,0,11,-52,-26,-6,8,13,-11,-63
WFRD,Weatherford International,55.85,-14,29,-42,0,-27,-23,38,-46,-5,-36,-63
SNV,Synovus,46.94,-49,0,0,21,-28,-54,-1,6,14,-35,-63
PEN,"Penumbra, Inc.",240.24,-2,-47,30,11,-8,-4,-50,-4,3,-55,-63
TECH,Bio-Techne,54.89,0,10,-25,-24,-39,-28,34,-25,-6,-25,-64
DOCU,DocuSign,75.39,-24,-5,-1,-12,-42,-47,8,6,11,-22,-64
PSA,Public Storage,280.73,-21,-3,-9,1,-32,-19,-34,8,13,-32,-64
NCNO,nCino,27.94,-35,43,-24,0,-16,-49,-1,3,-1,-48,-64
PK,Park Hotels & Resorts,10.41,-34,24,-24,-7,-41,-44,24,1,-5,-24,-65
FRT,Federal Realty Investment Trust,91.5,-23,-2,-21,0,-46,-16,-3,-1,-1,-21,-67
CTSH,Cognizant,71.27,-37,-4,-1,14,-28,-44,-12,-1,18,-39,-67
PINC,"Premier, Inc.",21.69,7,0,15,-28,-6,-7,-33,13,-34,-61,-67
EEFT,Euronet Worldwide,94.39,-32,-4,-1,-3,-40,-44,-4,8,13,-27,-67
IQV,IQVIA,182.76,0,13,-38,-1,-26,-35,39,-40,-6,-42,-68
LEA,Lear Corporation,92.91,-49,58,-2,-17,-10,-49,-2,7,-15,-59,-69
CUBE,CubeSmart,39.73,-23,0,-21,1,-43,-19,-13,8,-2,-26,-69
FHB,"First Hawaiian, Inc.",23.95,-50,1,0,14,-35,-50,-4,5,14,-35,-70
MOS,Mosaic Company (The),35.53,-21,0,14,-16,-23,-19,-11,13,-30,-47,-70
PVH,PVH Corp.,74.47,-21,0,-30,-3,-54,1,16,-26,-7,-16,-70
GTLB,GitLab,44.16,-18,0,-19,0,-37,-26,12,-18,-1,-33,-70
LBTYK,Liberty Global (Series C),11.09,14,2,-38,-30,-52,14,39,-35,-36,-18,-70
BMRN,BioMarin Pharmaceutical,60.35,7,1,-48,-20,-60,5,20,-13,-22,-10,-70
PB,Prosperity Bancshares,66.19,-63,-5,-2,14,-56,1,-8,-22,14,-15,-71
SBUX,Starbucks,89.78,-38,0,-1,0,-39,-35,9,-13,7,-32,-71
M,"Macy's, Inc.",11.89,-18,24,-29,-15,-38,-25,21,-23,-6,-33,-71
ESTC,Elastic NV,80.53,-21,-2,-11,-6,-40,-31,20,-16,-4,-31,-71
ILMN,"Illumina, Inc.",98.44,-14,38,-26,-40,-42,-27,64,-26,-40,-29,-71
ZTS,Zoetis,152.04,5,-17,-33,-3,-48,5,-32,7,-5,-25,-73
CLF,Cleveland-Cliffs,9.7,-14,23,-61,-16,-68,-34,36,1,-8,-5,-73
HUM,Humana,247.2,65,0,-87,-12,-34,-4,3,-18,-20,-39,-73
EPR,EPR Properties,54.87,-86,0,55,29,-2,-95,-6,8,21,-72,-74
DAY,Dayforce,55.16,-15,-2,-18,-12,-47,-15,5,-22,5,-27,-74
PNFP,Pinnacle Financial Partners,87.4,-66,-7,-2,15,-60,-23,-7,-2,18,-14,-74
VFC,VF Corporation,12.58,-2,0,-18,-43,-63,-19,18,-18,7,-12,-75
SHC,Sotera Health,11.29,-21,-3,-25,0,-49,-26,8,-2,-6,-26,-75
PYPL,PayPal,68.02,-35,0,-1,-39,-75,-33,23,1,9,0,-75
PEP,PepsiCo,139.57,-20,13,-40,0,-47,-17,38,-37,-13,-29,-76
MTDR,Matador Resources,47.67,-20,0,-27,0,-47,-22,-2,1,-6,-29,-76
AVB,AvalonBay Communities,182.66,-28,-3,-1,16,-16,-50,-21,-5,15,-61,-77
LBTYA,Liberty Global (Series A),10.89,14,2,-38,-31,-53,19,2,-36,-10,-25,-78
KBR,"KBR, Inc.",48.06,7,-31,-28,0,-52,12,-31,-6,-1,-26,-78
WAT,Waters Corporation,285.57,-16,-16,-3,-2,-37,-22,-15,-18,14,-41,-78
OKTA,"Okta, Inc.",97.66,-15,-39,3,-24,-75,-14,5,-1,6,-4,-79
HUBS,HubSpot,502.18,-24,-37,-8,11,-58,-33,8,-16,19,-22,-80
HOG,Harley-Davidson,23.77,-2,0,-41,-9,-52,-16,-5,3,-11,-29,-81
VTRS,Viatris,8.94,-23,2,-23,-7,-51,-38,36,-27,-1,-30,-81
AA,Alcoa,29.13,-20,25,-19,-20,-34,-48,58,-25,-32,-47,-81
WMS,Advanced Drainage Systems,113.06,-15,0,-38,3,-50,-27,-9,8,-3,-31,-81
PAYC,Paycom,229.36,-15,-2,17,-24,-24,-35,6,8,-37,-58,-82
VOYA,Voya Financial,67.85,-42,0,-1,4,-39,-46,-2,6,-1,-43,-82
LOAR,Loar Holdings,72.72,0,-21,0,0,-21,-12,-48,-1,0,-61,-82
IT,Gartner,336.98,-44,-35,-19,58,-40,-45,-38,-17,57,-43,-83
SPB,Spectrum Brands,52.95,-33,-5,-26,-4,-68,-34,20,-25,24,-15,-83
CNXC,Concentrix,45.99,-31,-2,-1,0,-34,-44,22,6,-33,-49,-83
VVV,Valvoline,35.39,-56,0,-24,31,-49,-26,-9,5,-4,-34,-83
AZTA,Azenta,32.41,-20,23,-51,-31,-79,-30,52,-17,-9,-4,-83
CL,Colgate-Palmolive,83.36,-42,-19,-4,23,-42,-44,-12,-12,26,-42,-84
NDSN,Nordson,212.56,-18,1,-34,0,-51,-31,-4,8,-7,-34,-85
JHX,James Hardie Industries,26.33,-21,26,-25,3,-17,-25,-3,-37,-3,-68,-85
VSTS,Vestis,5.95,-23,-2,-20,0,-45,-30,15,-25,0,-40,-85
CACC,Credit Acceptance,447.87,-24,-2,-1,-1,-28,-44,-13,5,-5,-57,-85
FDX,FedEx,217.38,-28,-2,-24,32,-22,-31,-2,-26,-4,-63,-85
FTRE,Fortrea,6.44,0,1,-35,0,-34,4,9,-63,-2,-52,-86
AAP,Advance Auto Parts,53.53,-51,50,0,-28,-29,-47,16,8,-34,-57,-86
KHC,Kraft Heinz,26.81,-21,0,-40,-1,-62,-19,17,-12,-10,-24,-86
TEM,Tempus AI,57.57,-35,0,0,0,-35,-33,-19,1,0,-51,-86
SAIA,Saia,300.0,-23,1,-24,4,-42,-40,26,-26,-5,-45,-87
BMY,Bristol Myers Squibb,45.38,-36,-5,-1,-5,-47,-43,9,-12,5,-41,-88
GAP,Gap Inc.,19.51,-42,-17,-3,18,-44,-53,-9,-1,19,-44,-88
ONTO,Onto Innovation,97.16,-18,0,-24,0,-42,-20,-4,-19,-4,-47,-89
BDX,Becton Dickinson,178.9,-17,0,-26,-5,-48,-34,24,-17,-15,-42,-90
ELS,Equity Lifestyle Properties,61.44,7,-28,-19,0,-40,25,-42,-30,-3,-50,-90
ON,ON Semiconductor,47.93,-21,0,-35,-1,-57,-21,-1,4,-15,-33,-90
IRDM,Iridium Communications,24.66,-56,-3,-2,-19,-80,5,-2,5,-19,-11,-91
OGN,Organon & Co.,9.67,-3,0,-27,0,-30,-19,2,-40,-4,-61,-91
MKC,McCormick & Company,70.17,-23,-19,-4,-2,-48,-23,-18,-12,10,-43,-91
QXO,"QXO, Inc.",19.64,-35,0,0,-14,-49,-33,-14,11,-6,-42,-91
RYN,Rayonier,23.66,-23,0,-18,-5,-46,-23,16,-30,-9,-46,-92
GRAL,"Grail, Inc.",33.23,-35,-5,0,0,-40,-37,-15,-1,0,-53,-93
RIVN,Rivian,12.41,-34,-5,-1,0,-40,-37,5,-1,-21,-54,-94
SMG,Scotts Miracle-Gro Company,62.5,-35,0,-20,-39,-94,1,-4,4,-1,0,-94
JKHY,Jack Henry & Associates,170.43,-49,-3,-1,4,-49,-22,-34,-1,11,-46,-95
UHAL,U-Haul,56.77,-37,-5,-13,0,-55,-45,10,-26,20,-41,-96
POOL,Pool Corporation,309.9,-23,10,-21,-6,-40,-44,24,-27,-9,-56,-96
TEAM,Atlassian,185.71,-21,-18,-4,-6,-49,-33,-10,-16,11,-48,-97
OXY,Occidental Petroleum,42.87,-15,0,-53,0,-68,-21,4,4,-16,-29,-97
CCK,Crown Holdings,98.45,-55,0,15,5,-35,-77,-6,8,12,-63,-98
DV,DoubleVerify,15.45,-21,31,-68,0,-58,-26,11,-16,-10,-41,-99
CLX,Clorox,124.21,-37,-4,-15,-5,-61,-42,16,-25,13,-38,-99
INVH,Invitation Homes,30.19,-50,-8,-6,0,-64,-20,-28,-1,14,-35,-99
TGT,Target Corporation,99.77,-34,24,-29,-11,-50,-44,38,-37,-6,-49,-99
DOC,Healthpeak Properties,16.91,-49,-3,-15,-31,-98,-18,38,-30,9,-1,-99
CMG,Chipotle Mexican Grill,42.88,-112,-8,-4,80,-44,-74,-9,-2,29,-56,-100
LSCC,Lattice Semiconductor,48.75,-21,0,-18,-5,-44,-23,-3,-15,-15,-56,-100
CDW,CDW,172.16,-21,0,-40,0,-61,-26,-3,-3,-8,-40,-101
HPQ,HP Inc.,24.98,-20,-3,-23,0,-46,-26,-2,-27,-1,-56,-102
TREX,"Trex Company, Inc.",64.41,-18,19,-52,-13,-64,-31,23,-24,-6,-38,-102
MRK,Merck & Co.,79.88,-21,2,-45,-4,-68,-17,38,-49,-6,-34,-102
OTIS,Otis Worldwide,85.4,-63,-9,-2,0,-74,-37,-6,-12,26,-29,-103
FCN,FTI Consulting,166.28,-21,14,-35,0,-42,-33,21,-45,-5,-62,-104
UA,Under Armour (Class C),6.41,-34,1,-26,-37,-96,2,23,4,-37,-8,-104
APLS,Apellis Pharmaceuticals,24.26,21,5,-68,-16,-58,21,16,-66,-18,-47,-105
RARE,Ultragenyx,28.44,12,-18,-25,-38,-69,8,-10,-33,-3,-38,-107
LW,Lamb Weston,54.67,0,9,-70,-8,-69,-27,2,1,-14,-38,-107
OMC,Omnicom Group,72.05,-31,0,-25,0,-56,-44,24,-30,-1,-51,-107
WST,West Pharmaceutical Services,238.31,-21,10,-25,-7,-43,-34,3,-25,-8,-64,-107
SON,Sonoco,44.76,-30,1,-42,-5,-76,-44,21,5,-14,-32,-108
TRIP,Tripadvisor,16.4,-31,23,0,-52,-60,-28,18,5,-44,-49,-109
A,Agilent Technologies,114.88,-17,0,-21,-2,-40,-38,-9,-18,-5,-70,-110
PII,Polaris Inc.,50.44,-13,27,-98,-17,-101,-19,24,3,-17,-9,-110
ZM,Zoom Communications,72.08,-34,-5,-1,0,-40,-44,-41,8,4,-73,-113
DVN,Devon Energy,31.93,-14,0,-48,-5,-67,-17,-14,7,-22,-46,-113
SWK,Stanley Black & Decker,67.92,-35,24,-27,-39,-77,1,-2,-33,-2,-36,-113
UAA,Under Armour (Class A),6.74,-34,1,-26,-44,-103,1,23,3,-37,-10,-113
RYAN,Ryan Specialty,57.87,-36,-28,-1,0,-65,-34,-34,-7,25,-50,-115
FTV,Fortive,47.26,-23,-4,-19,0,-46,-19,-30,-15,-5,-69,-115
GPN,Global Payments,78.91,-23,10,-25,-39,-77,-33,26,-22,-10,-39,-116
ENTG,Entegris,73.68,-28,-1,-42,-6,-77,-21,34,-47,-5,-39,-116
PENN,Penn Entertainment,17.66,-18,29,-1,-34,-24,-30,-2,-16,-44,-92,-116
NKE,"Nike, Inc.",74.83,-16,26,-75,-21,-86,-25,26,5,-36,-30,-116
EXAS,Exact Sciences,46.83,-20,-9,-26,-25,-80,-11,-16,6,-16,-37,-117
MAT,Mattel,17.01,-56,-3,-2,0,-61,-23,-8,5,-31,-57,-118
CMCSA,Comcast,32.56,-49,-5,-33,-9,-96,-12,-7,5,-8,-22,-118
S,SentinelOne,18.44,-34,1,-23,0,-56,-34,-2,-26,-1,-63,-119
MKTX,MarketAxess,209.26,0,-7,-26,-29,-62,1,-22,8,-44,-57,-119
TTC,Toro Company (The),74.46,-16,14,-33,-7,-42,-35,21,-46,-20,-80,-122
ELV,Elevance Health,274.9,-16,-23,-42,-2,-83,-14,-15,-8,-3,-40,-123
EG,Everest Group,326.08,-14,-39,-34,55,-32,-12,-39,-35,-5,-91,-123
SAM,Boston Beer Company,218.43,7,0,-33,-37,-63,4,8,-29,-44,-61,-124
IEX,IDEX Corporation,158.22,-28,-4,-26,-2,-60,-28,-4,-26,-6,-64,-124
COP,ConocoPhillips,92.89,-14,10,-43,0,-47,-20,9,-59,-8,-78,-125
CROX,Crocs,100.31,-31,-5,-40,0,-76,-40,-2,-2,-5,-49,-125
ODFL,Old Dominion Freight Line,144.35,-35,-4,-24,0,-63,-40,7,-29,-1,-63,-126
LCID,Lucid Motors,2.42,-38,0,-2,0,-40,-52,15,-15,-35,-87,-127
AVY,Avery Dennison,167.41,-38,-4,-33,0,-75,-44,-9,5,-5,-53,-128
COO,Cooper Companies (The),71.45,-23,-4,-25,-5,-57,-34,-4,-30,-3,-71,-128
WLK,Westlake Corporation,76.22,-28,0,-38,-4,-70,-27,24,-50,-6,-59,-129
AVTR,Avantor,11.32,-14,-2,-27,0,-43,-30,-15,-38,-5,-88,-131
ASH,Ashland Global,50.78,-2,1,-39,-9,-49,-14,-8,-51,-10,-83,-132
AKAM,Akamai Technologies,75.49,-23,-3,-24,-7,-57,-41,-2,-24,-10,-77,-134
APTV,Aptiv,64.85,-35,0,0,-24,-59,-44,-4,8,-36,-76,-135
IPG,Interpublic Group of Companies (The),24.55,-31,10,-41,0,-62,-44,26,-38,-17,-73,-135
WY,Weyerhaeuser,25.27,-23,-4,-21,0,-48,-23,-25,-33,-8,-89,-137
STZ,Constellation Brands,170.29,-22,0,-43,-3,-68,-19,16,-59,-8,-70,-138
NU,Nubank,12.04,-80,0,-1,0,-81,-80,-4,8,19,-57,-138
BHF,Brighthouse Financial,46.94,-42,-22,-1,0,-65,-41,-40,-1,8,-74,-139
RVTY,Revvity,88.34,-30,-4,-18,-24,-76,-34,-9,-23,3,-63,-139
RGEN,Repligen,116.43,-9,-16,-14,-17,-56,-21,-8,-18,-37,-84,-140
KSS,Kohl's,11.39,-44,24,-60,-31,-111,1,-1,2,-32,-30,-141
GO,Grocery Outlet,13.43,-39,0,-98,0,-137,12,15,-4,-28,-5,-142
CHE,Chemed Corporation,423.33,-28,-51,-9,-2,-90,2,-39,-7,-8,-52,-142
INSP,Inspire Medical Systems,130.4,7,-55,-21,-6,-75,-15,-9,-26,-17,-67,-142
HAL,Halliburton,21.67,0,8,-61,-5,-58,-21,6,-60,-9,-84,-142
LUV,Southwest Airlines,29.76,-56,0,0,-39,-95,-53,-4,6,4,-47,-142
PPG,PPG Industries,105.01,-39,-2,-44,-8,-93,-45,-4,8,-8,-49,-142
GFS,GlobalFoundries,36.17,-23,0,-80,0,-103,-23,-4,4,-17,-40,-143
FLO,Flowers Foods,16.09,0,-4,-35,-8,-47,-19,1,-55,-23,-96,-143
ALGN,Align Technology,137.79,-21,-3,-65,-25,-114,-23,32,-1,-38,-30,-144
WHR,Whirlpool Corporation,83.12,-35,-3,-3,-26,-67,-33,-9,1,-36,-77,-144
LBRDK,Liberty Broadband (Series C),59.51,-50,-7,-1,-36,-94,-51,-7,-1,8,-51,-145
LBRDA,Liberty Broadband (Series A),59.13,-50,-7,-1,-36,-94,-51,-7,-1,8,-51,-145
FDS,FactSet,396.16,-107,-11,-3,0,-121,-40,-7,-1,23,-25,-146
APA,APA Corporation,18.26,-14,0,-83,-12,-109,-21,-1,3,-19,-38,-147
LYB,LyondellBasell,50.91,-42,-2,-42,-5,-91,-28,34,-56,-7,-57,-148
PATH,UiPath,11.35,-56,-5,-9,0,-70,-58,-9,-1,-10,-78,-148
CPB,Campbell Soup Company,32.3,0,-83,-30,-6,-119,2,9,-37,-5,-31,-150
WSC,WillScot Mobile Mini,25.1,-23,-2,-63,-6,-94,-26,21,-40,-12,-57,-151
LAD,Lithia Motors,284.4,-102,-5,-3,14,-96,-50,-6,-20,21,-55,-151
BRBR,BellRing Brands,53.71,-16,-62,-11,0,-89,-19,-54,-17,27,-63,-152
CIVI,Civitas Resources,28.68,-14,-2,-53,-6,-75,-21,5,-53,-9,-78,-153
BILL,Bill.com,42.41,-36,-3,-22,0,-61,-33,-4,-18,-37,-92,-153
ACN,Accenture,258.69,-42,-19,-21,-1,-83,-54,-18,-17,19,-70,-153
GDDY,GoDaddy,158.14,-58,-18,-1,22,-55,-61,-42,-17,22,-98,-153
BBY,Best Buy,66.21,-35,0,-22,-6,-63,-46,-9,-33,-2,-90,-153
CE,Celanese,48.07,-42,-1,-41,-10,-94,-51,-4,4,-9,-60,-154
ALB,Albemarle Corporation,68.56,-41,23,-126,-23,-167,2,34,2,-25,13,-154
CHTR,Charter Communications,261.75,-50,-7,-2,-36,-95,-51,-12,-2,6,-59,-154
TAP,Molson Coors,48.63,-28,-69,-11,0,-108,-44,12,-12,-3,-47,-155
CPRI,Capri Holdings,18.3,-34,1,-70,-11,-114,-31,21,1,-32,-41,-155
SWKS,Skyworks Solutions,67.94,-56,0,-41,-30,-127,-19,-10,5,-5,-29,-156
AXTA,Axalta,28.09,-55,-45,-14,22,-92,-54,-9,-27,26,-64,-156
NWL,Newell Brands,4.97,-24,-2,-25,-31,-82,-41,28,-25,-36,-74,-156
BIIB,Biogen,132.28,9,2,-82,-27,-98,3,1,-45,-18,-59,-157
UHAL-B,U-Haul (Series N),50.56,-39,-5,-21,0,-65,-54,-4,-35,-1,-94,-159
SLB,Schlumberger,32.86,-23,-2,-68,-1,-94,-28,-8,-19,-10,-65,-159
EMN,Eastman Chemical Company,60.83,-42,-6,-19,-1,-68,-54,-4,-33,-2,-93,-161
JBHT,J. B. Hunt,142.06,-39,1,-29,0,-67,-54,-4,-26,-10,-94,-161
GLOB,Globant,82.01,-20,-54,-24,-7,-105,-24,-2,-24,-7,-57,-162
LSTR,Landstar,128.34,-28,-5,-33,-1,-67,-35,-13,-40,-7,-95,-162
DAR,Darling Ingredients,31.6,-56,-3,-4,-20,-83,-47,-9,6,-30,-80,-163
BBWI,"Bath & Body Works, Inc.",28.8,-51,0,-23,-15,-89,-53,-2,-14,-6,-75,-164
KNX,Knight-Swift,42.04,-49,-4,-23,-2,-78,-47,-7,-19,-13,-86,-164
CUZ,Cousins Properties,26.61,-159,-3,0,11,-151,-19,-15,8,13,-13,-164
CERT,"Certara, Inc.",9.94,-29,-36,-13,0,-78,-35,-16,-5,-32,-88,-166
PFE,Pfizer,23.54,-42,0,-31,-23,-96,-44,-7,5,-28,-74,-170
IFF,International Flavors & Fragrances,70.17,-39,-4,-21,-31,-95,-52,10,-33,-1,-76,-171
EPAM,EPAM Systems,153.2,-24,-4,-24,-27,-79,-33,-10,-15,-37,-95,-174
ANGI,Angi Inc.,16.29,-34,4,-38,-51,-119,-37,21,4,-44,-56,-175
PLTK,Playtika,4.47,-35,-7,-24,0,-66,-44,-9,-25,-31,-109,-175
OLED,Universal Display Corporation,143.27,-62,0,-35,0,-97,-68,-14,8,-5,-79,-176
ACHC,Acadia Healthcare,21.39,-20,-15,-46,-11,-92,-23,-6,-40,-16,-85,-177
MRNA,Moderna,27.62,-35,21,-53,-4,-71,-38,23,-53,-39,-107,-178
NOV,NOV Inc.,12.22,-35,-2,-53,-12,-102,-33,15,-44,-15,-77,-179
PRMB,Primo Brands,26.91,-33,-44,0,22,-55,-61,-73,-8,18,-124,-179
CLVT,Clarivate,3.69,-31,-2,-75,-6,-114,-33,6,1,-42,-68,-182
BRKR,Bruker,34.72,-16,-3,-58,-8,-85,-25,-1,-62,-9,-97,-182
SEE,Sealed Air,28.98,-54,0,-22,-24,-100,-49,-8,6,-32,-83,-183
GME,GameStop,22.63,-48,-36,-8,-30,-122,-54,-1,-1,-7,-63,-185
ARE,Alexandria Real Estate Equities,77.13,-37,10,-35,-30,-92,-44,32,-46,-35,-93,-185
CC,Chemours,12.22,-31,24,-63,-13,-83,-46,-2,-25,-30,-103,-186
LKQ,LKQ Corporation,29.51,-56,-35,-4,-2,-97,-54,-9,-12,-17,-92,-189
MTN,Vail Resorts,148.43,-39,-3,-31,-23,-96,-53,-8,4,-36,-93,-189
COTY,Coty,4.76,-21,-3,-62,-7,-93,-23,-2,-64,-9,-98,-191
CZR,Caesars Entertainment,25.37,-38,-3,-24,-25,-90,-30,-4,-33,-37,-104,-194
PRGO,Perrigo,26.97,-21,1,0,-113,-133,-33,24,2,-55,-62,-195
TDC,Teradata,20.37,-23,-3,-77,-17,-120,-25,-11,-25,-16,-77,-197
KMX,CarMax,54.67,-57,-15,-17,-36,-125,-50,-13,-21,11,-73,-198
AAL,American Airlines Group,11.27,-56,26,-19,-76,-125,-12,-4,-19,-39,-74,-199
BAX,Baxter International,22.44,-23,-19,-21,-38,-101,-31,-18,-12,-41,-102,-203
DOW,Dow Inc.,21.6,-56,-8,-41,-1,-106,-28,-8,-56,-8,-100,-206
ZBH,Zimmer Biomet,92.4,-31,0,-63,-17,-111,-39,24,-62,-18,-95,-206
ADBE,Adobe Inc.,338.91,-23,-19,-34,-6,-82,-46,-35,-38,-5,-124,-206
GMED,Globus Medical,53.65,-22,-113,-13,-2,-150,-23,-29,-18,12,-58,-208
ENOV,Enovis,26.61,-23,-16,-63,-17,-119,-23,-9,-23,-37,-92,-211
CRI,Carter's,24.76,-49,-8,-60,-17,-134,-49,18,-37,-9,-77,-211
NFE,New Fortress Energy,3.0,-49,0,-69,-3,-121,-69,23,-20,-25,-91,-212
OLN,Olin Corporation,18.57,-28,-4,-58,-9,-99,-26,-4,-60,-23,-113,-212
FMC,FMC Corporation,37.71,-35,-2,-38,-24,-99,-48,-5,-34,-26,-113,-212
NSA,National Storage Affiliates,29.45,-56,-51,-13,-4,-124,-19,-52,-34,12,-93,-217
MAN,ManpowerGroup,38.67,-32,-2,-44,-28,-106,-30,-2,-44,-36,-112,-218
BF-B,Brown–Forman (Class B),29.65,-21,0,-101,-18,-140,-37,16,-33,-28,-82,-222
FIVN,Five9,25.07,-21,-2,-77,-35,-135,-31,-2,-15,-40,-88,-223
QDEL,QuidelOrtho,24.11,-36,-17,-21,-38,-112,-34,-9,-21,-47,-111,-223
WEN,Wendy's Company (The),9.82,-39,-28,-35,-8,-110,-54,-19,-30,-15,-118,-228
COLM,Columbia Sportswear,51.07,-37,-101,-19,-6,-163,-49,-15,-14,13,-65,-228
HUN,Huntsman Corporation,9.36,-56,-8,-43,-15,-122,-54,18,-38,-33,-107,-229
MPW,Medical Properties Trust,4.04,-41,-58,-5,-36,-140,-48,-1,-5,-35,-89,-229
RNG,RingCentral,23.78,-35,-2,-24,-41,-102,-48,-11,-24,-45,-128,-230
BF-A,Brown–Forman (Class A),29.29,-23,0,-100,-18,-141,-41,16,-40,-24,-89,-230
HRL,Hormel Foods,28.22,-112,-13,-8,-23,-156,-47,-9,8,-30,-78,-234
CNC,Centene,26.21,-56,-51,-42,-11,-160,12,-49,-11,-28,-76,-236
LEG,Leggett & Platt,8.44,-32,0,-130,-30,-192,-46,34,5,-38,-45,-237
DJT,Trump Media & Technology Group,16.9,-46,-45,-54,0,-145,-60,-1,-22,-9,-92,-237
INTC,Intel,19.48,-56,-3,-67,-20,-146,-63,-7,-15,-12,-97,-243
UNH,UnitedHealth Group,241.06,-56,-74,-16,-4,-150,-48,-15,-29,-1,-93,-243
SIRI,Sirius XM,21.64,-37,0,-81,-31,-149,-44,-3,-47,-17,-111,-260
CAG,Conagra Brands,18.69,-28,-76,-30,-7,-141,2,-90,-12,-23,-123,-264
SRPT,Sarepta Therapeutics,17.11,7,-140,-27,-7,-167,-10,-34,-48,-6,-98,-265
COLD,Americold,15.76,-28,-86,-39,-11,-164,-23,-28,-39,-15,-105,-269
MOH,Molina Healthcare,158.15,-157,-50,-11,-2,-220,-23,-15,-7,-8,-53,-273
UPS,United Parcel Service,85.03,-35,-5,-104,-16,-160,-35,-13,-32,-34,-114,-274
GIS,General Mills,49.04,-33,-82,-39,-4,-158,-43,-28,-35,-19,-125,-283
WU,Western Union,8.03,-34,-83,-21,-46,-184,-41,3,-56,-5,-99,-283
TFX,Teleflex,116.05,4,-127,-40,-39,-202,-40,1,-36,-10,-85,-287
XRAY,Dentsply Sirona,14.32,-34,-3,-79,-42,-158,-45,21,-66,-40,-130,-288
DXC,DXC Technology,13.34,-49,-18,-23,-73,-163,-49,-12,-30,-34,-125,-288
LULU,Lululemon Athletica,196.44,-121,-40,-9,-3,-173,-75,-34,-18,-12,-139,-312
RHI,Robert Half,35.26,-56,-132,-27,-9,-224,-54,-9,-25,-32,-120,-344
WOLF,Wolfspeed,1.52,-35,0,-132,-30,-197,-2,-11,-98,-37,-148,-345
ENPH,Enphase Energy,31.68,-63,-142,-44,-20,-269,-56,-7,-51,-24,-138,-407
