Symbol,Name,Close,1H Cloud Score,1D Cloud Score,1W Cloud Score,1M Cloud Score,Cloud Score Sum,1H TKx Score,1D TKx Score,1W TKx Score,1M TKx Score,TKx Score Sum,Total Score Sum
TJX,TJX Companies,133.04,77,11,148,198,434,5,15,117,193,330,764
ORLY,O'Reilly Auto Parts,101.38,-6,22,163,199,378,-19,28,54,89,152,530
COOP,Mr. Cooper Group,185.49,-2,68,119,58,243,-9,67,117,56,231,474
RBC,RBC Bearings,398.94,-5,72,93,164,324,-12,81,14,57,140,464
ORI,Old Republic International,38.05,72,5,147,58,282,-3,3,117,55,172,454
PGR,Progressive Corporation,247.13,28,-48,105,177,262,-5,3,-3,189,184,446
FAST,Fastenal,49.12,58,90,123,106,377,-3,34,10,26,67,444
MA,Mastercard,583.95,49,13,126,155,343,43,20,10,26,99,442
SO,Southern Company,92.83,-21,41,76,190,286,-7,57,23,79,152,438
EBAY,eBay,99.02,91,77,77,14,259,54,26,82,16,178,437
LYV,Live Nation Entertainment,162.07,49,69,94,147,359,40,7,9,16,72,431
GOOG,Alphabet (Class C),204.29,62,57,7,176,302,70,31,4,21,126,428
CDNS,Cadence Design Systems,356.25,0,37,17,141,195,3,36,10,180,229,424
AAPL,Apple Inc.,230.88,62,35,0,251,348,-7,3,2,71,69,417
SGI,Somnigroup International,80.66,51,68,41,64,224,75,81,10,26,192,416
MCD,McDonald's,308.7,19,4,52,242,317,19,24,-4,57,96,413
NFG,National Fuel Gas,85.43,-7,152,60,52,257,-10,83,71,10,154,411
RSG,Republic Services,232.42,-5,-14,124,177,282,9,-39,-1,160,129,411
HUBB,Hubbell Incorporated,432.37,8,66,1,182,257,-9,84,6,71,152,409
WM,"Waste Management, Inc.",224.17,-28,-4,95,187,250,-27,-3,27,159,156,406
PLTR,Palantir Technologies,174.02,0,81,116,0,197,-19,83,119,20,203,400
CASY,Casey's,506.17,-31,48,113,87,217,-12,-3,117,78,180,397
WELL,Welltower,162.43,-28,65,116,58,211,2,26,133,24,185,396
CBOE,Cboe Global Markets,246.16,-6,64,144,55,257,6,59,22,51,138,395
TMUS,T-Mobile US,255.25,52,7,94,139,292,54,20,-8,35,101,393
JPM,JPMorgan Chase,291.49,6,70,123,158,357,-5,-4,10,26,27,384
MSI,Motorola Solutions,461.18,1,23,1,153,178,-14,33,1,185,205,383
YUM,Yum! Brands,149.39,26,3,28,259,316,25,-14,-2,57,66,382
RTX,RTX Corporation,155.5,0,67,77,54,198,6,73,84,14,177,375
GOOGL,Alphabet (Class A),203.43,62,57,8,176,303,14,31,5,21,71,374
EHC,Encompass Health,120.21,71,2,143,29,245,70,5,24,29,128,373
WRB,W. R. Berkley Corporation,70.49,28,-6,94,176,292,-5,7,24,55,81,373
CTAS,Cintas,214.28,-17,-2,19,167,167,-12,14,13,187,202,369
RBA,RB Global,115.29,3,79,104,27,213,-12,28,107,19,142,355
AZO,AutoZone,4043.16,7,21,94,86,208,7,28,54,57,146,354
HCA,HCA Healthcare,393.6,92,7,3,97,199,102,7,16,29,154,353
LIN,Linde plc,478.52,65,11,13,110,199,30,3,10,106,149,348
NDAQ,"Nasdaq, Inc.",94.35,-20,74,76,144,274,-32,81,10,14,73,347
ROL,"Rollins, Inc.",57.12,-21,18,31,286,314,-36,10,23,35,32,346
L,Loews Corporation,94.59,77,68,112,55,312,-4,3,10,24,33,345
BSX,Boston Scientific,103.05,0,0,144,144,288,-5,-9,10,57,53,341
VMI,Valmont Industries,375.83,77,58,62,58,255,-12,78,7,10,83,338
ETR,Entergy,87.85,-14,26,76,137,225,-11,21,89,14,113,338
ORCL,Oracle Corporation,249.04,-27,67,11,198,249,-25,74,10,27,86,335
LOPE,Grand Canyon Education,199.24,63,8,147,35,253,5,7,34,34,80,333
BR,Broadridge Financial Solutions,260.17,0,21,114,145,280,1,15,10,25,51,331
NVDA,Nvidia,181.98,2,67,14,134,217,2,75,10,26,113,330
ADP,Automatic Data Processing,302.55,0,-5,85,180,260,6,-4,10,57,69,329
FERG,Ferguson Enterprises,231.13,35,70,11,65,181,32,81,10,25,148,329
DGX,Quest Diagnostics,178.96,56,7,68,18,149,93,5,68,14,180,329
DUK,Duke Energy,121.42,-14,24,76,183,269,-13,34,22,16,59,328
COST,Costco,979.03,0,-25,0,180,155,-14,4,-2,184,172,327
NFLX,Netflix,1245.27,50,0,116,20,186,55,-22,87,20,140,326
DTE,DTE Energy,137.44,-11,24,74,189,276,-12,21,27,13,49,325
HIG,Hartford (The),129.77,77,10,94,57,238,-4,14,21,56,87,325
MPWR,Monolithic Power Systems,850.3,84,68,3,157,312,-9,12,10,-2,11,323
GS,Goldman Sachs,730.86,0,68,92,58,218,-5,79,10,21,105,323
ARES,Ares Management,189.36,0,68,17,59,144,-19,81,10,106,178,322
SPOT,Spotify,728.41,59,0,112,12,183,21,3,95,20,139,322
ALNY,Alnylam Pharmaceuticals,456.87,103,67,17,15,202,18,75,10,15,118,320
ICE,Intercontinental Exchange,177.96,-35,0,112,161,238,-39,75,22,21,79,317
PTC,PTC Inc.,208.19,0,67,6,182,255,-3,31,7,26,61,316
MNST,Monster Beverage,64.11,56,7,26,180,269,21,3,19,4,47,316
T,AT&T,28.92,54,8,70,16,148,47,10,94,15,166,314
AVGO,Broadcom,305.84,0,71,19,116,206,-16,83,10,30,107,313
CHD,Church & Dwight,92.83,10,-16,-16,344,322,-3,-18,-14,25,-10,312
SHW,Sherwin-Williams,358.84,83,11,1,190,285,-5,3,10,19,27,312
LOW,Lowe's,250.89,77,20,0,166,263,-5,32,1,19,47,310
RPM,RPM International,123.19,48,19,0,180,247,-4,28,7,30,61,308
CELH,Celsius Holdings,61.2,56,107,0,65,228,54,16,18,-9,79,307
MO,Altria,65.98,105,21,70,45,241,10,14,26,16,66,307
SPGI,S&P Global,551.17,-6,68,16,172,250,-12,37,8,21,54,304
ALL,Allstate,207.08,0,13,97,159,269,-6,13,11,17,35,304
MS,Morgan Stanley,144.79,0,68,76,64,208,-10,79,10,16,95,303
OLLI,Ollie's Bargain Outlet,133.85,-37,68,115,16,162,5,49,63,23,140,302
ABBV,AbbVie,206.51,84,20,17,58,179,28,27,3,64,122,301
WCC,Wesco International,209.86,34,67,7,58,166,-11,81,8,57,135,301
V,Visa Inc.,342.7,21,-12,137,133,279,-2,-12,10,26,22,301
SNPS,Synopsys,625.42,5,55,7,180,247,4,47,8,-5,54,301
MCO,Moody's Corporation,509.29,-4,68,16,156,236,-7,35,8,25,61,297
SSNC,SS&C Technologies,86.93,62,44,90,14,210,-4,69,7,15,87,297
APH,Amphenol,111.07,7,81,19,65,172,3,83,10,27,123,295
PHM,PulteGroup,128.26,77,41,1,65,184,30,45,6,29,110,294
BK,BNY Mellon,101.74,-9,70,94,40,195,-6,74,10,19,97,292
IBKR,Interactive Brokers,63.65,-27,68,89,57,187,1,37,8,57,103,290
LLYVA,Liberty Live (Series A),90.33,58,81,30,0,169,69,42,10,0,121,290
ITT,ITT Inc.,166.37,-4,74,16,99,185,-14,81,10,26,103,288
AM,Antero Midstream,17.55,-13,0,148,23,158,-13,7,78,55,127,285
BWA,BorgWarner,41.68,91,70,8,2,171,83,34,10,-16,111,282
AWI,Armstrong World Industries,193.69,38,75,94,21,228,-10,34,10,19,53,281
MMC,Marsh McLennan,207.63,35,-49,-3,175,158,-2,-44,-11,178,121,279
STE,Steris,244.61,56,7,14,195,272,-2,-40,22,25,5,277
LLYVK,Liberty Live (Series C),92.94,50,74,30,0,154,69,44,10,0,123,277
FYBR,Frontier Communications,37.12,35,6,89,0,130,33,5,94,14,146,276
FIX,Comfort Systems USA,695.75,-6,71,17,64,146,-19,83,10,55,129,275
ATO,Atmos Energy,164.04,0,8,74,45,127,-7,24,85,45,147,274
J,Jacobs Solutions,146.79,0,66,6,106,178,-13,81,7,19,94,272
URI,United Rentals,914.15,35,68,7,64,174,-7,39,8,57,97,271
MSFT,Microsoft,517.14,-9,75,16,173,255,-19,-1,10,25,15,270
DHI,D. R. Horton,165.17,84,41,1,65,191,32,45,4,-2,79,270
SCI,Service Corporation International,80.76,77,0,2,175,254,-12,4,8,13,13,267
CBRE,CBRE Group,157.76,31,52,92,22,197,-1,48,8,14,69,266
INCY,Incyte,84.93,133,54,3,0,190,45,18,6,7,76,266
EME,Emcor,613.35,-28,68,17,58,115,2,83,8,57,150,265
AJG,Arthur J. Gallagher & Co.,294.64,27,-38,0,186,175,28,-44,-2,107,89,264
LLY,Lilly (Eli),698.11,0,-15,-3,172,154,28,-7,-7,96,110,264
RJF,Raymond James Financial,164.38,-20,67,92,58,197,2,39,7,19,67,264
RCL,Royal Caribbean Group,326.8,12,68,121,28,229,7,-10,10,27,34,263
AXON,Axon Enterprise,791.42,-35,1,145,94,205,7,10,10,30,57,262
AIZ,Assurant,209.12,77,9,1,152,239,-5,5,2,19,21,260
NEU,NewMarket,771.71,67,90,19,29,205,1,4,22,27,54,259
PAYX,Paychex,137.57,0,-14,84,167,237,16,-7,-1,14,22,259
FFIV,"F5, Inc.",316.28,-6,67,94,14,169,-19,81,10,17,89,258
INSM,Insmed,127.39,41,48,64,16,169,41,18,10,20,89,258
SF,Stifel,113.74,35,58,8,59,160,-5,73,7,20,95,255
IBM,IBM,239.42,-2,-13,109,54,148,16,-21,56,56,107,255
HAS,Hasbro,81.51,73,68,14,3,158,71,4,10,11,96,254
AAON,AAON,81.84,30,0,-13,245,262,-9,-6,-25,31,-9,253
WMT,Walmart,100.68,-17,18,127,101,229,-28,13,10,29,24,253
JLL,Jones Lang LaSalle,293.03,58,42,4,14,118,69,47,4,14,134,252
COR,Cencora,290.29,34,0,44,75,153,-5,-19,55,68,99,252
NI,NiSource,41.72,-14,29,74,45,134,-7,21,89,14,117,251
PFGC,Performance Food Group,98.76,-2,71,53,43,165,-10,29,10,57,86,251
GD,General Dynamics,313.59,-2,90,8,54,150,-12,45,10,57,100,250
HWM,Howmet Aerospace,172.97,-32,0,148,29,145,-39,-5,92,57,105,250
RGLD,Royal Gold,171.59,77,0,61,18,156,4,6,68,16,94,250
HALO,Halozyme,68.97,133,15,7,19,174,35,26,1,14,76,250
ITW,Illinois Tool Works,259.27,0,39,2,178,219,-10,3,7,29,29,248
NRG,NRG Energy,150.47,-63,0,103,94,134,-19,-1,113,21,114,248
R,Ryder,178.99,33,53,11,56,153,-8,39,8,56,95,248
AMD,Advanced Micro Devices,176.11,0,67,3,110,180,-9,74,10,-7,68,248
AMGN,Amgen,292.6,14,33,1,165,213,21,-8,-14,36,35,248
DASH,DoorDash,253.23,-28,67,97,0,136,2,80,10,18,110,246
SCHW,Charles Schwab Corporation,96.17,-9,81,77,11,160,-19,81,10,14,86,246
C,Citigroup,94.21,48,68,19,18,153,-9,78,10,14,93,246
HD,Home Depot (The),394.52,0,20,1,180,201,-9,33,2,19,45,246
RDDT,Reddit,241.56,98,43,0,0,141,91,12,2,0,105,246
CME,CME Group,270.36,-35,-2,54,136,153,-6,29,50,19,92,245
TSCO,Tractor Supply Company,61.09,15,34,7,85,141,12,2,4,85,103,244
SSD,Simpson Manufacturing Company,188.05,37,20,1,156,214,-8,33,6,-1,30,244
DRS,Leonardo DRS,42.73,7,0,139,58,204,7,-6,10,29,40,244
DDS,Dillard's,523.64,27,50,14,54,145,32,4,7,55,98,243
TRV,Travelers Companies (The),264.91,0,4,91,58,153,-5,15,24,56,90,243
GRMN,Garmin,232.53,50,41,112,19,222,-8,2,6,21,21,243
PWR,Quanta Services,383.31,-28,75,17,99,163,2,-4,10,72,80,243
GGG,Graco Inc.,84.89,35,0,0,178,213,-12,2,10,29,29,242
CRS,Carpenter Technology Corporation,246.55,-28,0,146,35,153,-19,-13,71,49,88,241
PPL,PPL Corporation,36.24,-2,26,76,23,123,-6,21,88,14,117,240
CMI,Cummins,401.86,70,40,5,65,180,-7,31,6,30,60,240
AXS,AXIS Capital,94.99,-4,-14,86,45,113,-12,3,82,53,126,239
SFM,Sprouts Farmers Market,144.57,-118,-16,145,46,57,-12,-14,151,57,182,239
ACM,AECOM,120.23,13,74,16,65,168,-13,3,10,71,71,239
EVRG,Evergy,71.4,-9,49,58,14,112,-10,49,77,10,126,238
SNX,TD Synnex,147.52,0,68,15,63,146,-11,74,8,21,92,238
COF,Capital One,216.21,35,74,94,21,224,-6,-10,10,18,12,236
PEG,Public Service Enterprise Group,84.12,-21,47,0,152,178,-19,54,4,17,56,234
GM,General Motors,56.25,49,50,7,11,117,54,42,7,13,116,233
ADI,Analog Devices,231.51,35,0,11,179,225,-9,-19,10,26,8,233
TPR,"Tapestry, Inc.",99.87,-21,68,80,21,148,-17,74,8,19,84,232
LDOS,Leidos,178.12,70,80,2,23,175,-12,37,13,19,57,232
FLUT,Flutter Entertainment,293.91,0,50,19,21,90,24,83,8,27,142,232
VIK,Viking Holdings,60.25,35,68,0,0,103,36,83,10,0,129,232
OGE,OGE Energy,44.58,-14,24,68,45,123,-7,34,68,14,109,232
ANET,Arista Networks,137.99,0,53,7,58,118,2,49,6,56,113,231
BPOP,"Popular, Inc.",118.19,51,75,17,59,202,-5,3,10,19,27,229
SYK,Stryker Corporation,381.8,7,0,17,159,183,19,-10,8,29,46,229
BX,Blackstone Inc.,169.24,-7,39,4,142,178,-12,37,5,21,51,229
AON,AON,365.55,0,11,2,177,190,-6,2,-15,56,37,227
AMED,Amedisys,100.99,84,84,12,-40,140,5,47,25,10,87,227
LRCX,Lam Research,98.86,-6,68,9,152,223,-6,4,10,-5,3,226
ECL,Ecolab,280.08,72,11,16,22,121,69,6,10,19,104,225
AME,Ametek,182.58,-11,13,4,106,112,-11,13,10,101,113,225
FTI,TechnipFMC,35.03,-1,68,17,27,111,-7,72,10,37,112,223
VMC,Vulcan Materials,289.87,80,20,6,60,166,-8,28,10,27,57,223
LHX,L3Harris,271.93,0,90,12,5,107,6,83,12,14,115,222
CVNA,Carvana,359.42,6,80,92,11,189,11,-4,10,16,33,222
PNR,Pentair,105.58,56,68,9,62,195,-10,5,8,24,27,222
FWONA,Liberty Formula 1 (Series A),89.98,14,0,69,62,145,27,-16,9,56,76,221
FWONK,Liberty Formula 1 (Series C),100.79,14,0,70,57,141,27,-13,10,56,80,221
RMD,Resmed,286.18,28,74,17,13,132,-13,80,9,13,89,221
PAG,Penske Automotive Group,180.52,70,10,15,62,157,-9,4,10,57,62,219
HPE,Hewlett Packard Enterprise,21.62,49,64,1,42,156,1,1,7,54,63,219
EXPD,Expeditors International,120.01,77,13,1,131,222,-10,4,6,-3,-3,219
SRE,Sempra,80.98,-9,23,0,181,195,-7,23,8,-1,23,218
NEM,Newmont,69.0,13,92,19,5,129,5,54,19,10,88,217
RL,Ralph Lauren Corporation,289.73,0,70,94,34,198,-13,-5,10,26,18,216
CSL,Carlisle Companies,378.06,28,-2,-3,178,201,-8,-7,10,20,15,216
VST,Vistra Corp.,198.91,-14,67,19,30,102,-19,80,8,45,114,216
GLW,Corning Inc.,65.52,13,67,19,17,116,3,74,8,14,99,215
KO,Coca-Cola Company (The),69.14,-6,-4,28,182,200,-26,4,23,14,15,215
NWS,News Corp (Class B),34.23,6,4,112,58,180,-1,3,10,21,33,213
KLAC,KLA Corporation,883.51,-13,1,14,177,179,-6,3,10,26,33,212
AMG,Affiliated Managers Group,219.41,42,74,11,22,149,-9,45,10,17,63,212
TRMB,Trimble Inc.,82.8,-21,68,79,4,130,-12,73,8,12,81,211
CRH,CRH plc,111.58,65,22,7,64,158,-9,31,4,27,53,211
CACI,CACI,486.6,0,51,2,154,207,-12,3,14,-1,4,211
LEN,Lennar (Class A),131.37,79,24,-30,64,137,42,33,1,-3,73,210
NOC,Northrop Grumman,585.07,7,35,10,58,110,15,55,17,12,99,209
BLD,TopBuild,427.51,76,42,2,46,166,-5,45,6,-3,43,209
DAL,Delta Air Lines,61.12,50,40,1,19,110,66,5,2,26,99,209
BLK,BlackRock,1135.61,0,67,17,22,106,-9,81,10,21,103,209
TDG,TransDigm Group,1391.14,-14,-4,19,157,158,-12,-5,10,57,50,208
LEN-B,Lennar (Class B),125.99,78,20,-28,62,132,42,34,1,-1,76,208
CHRW,C.H. Robinson,122.99,91,36,3,4,134,30,29,6,8,73,207
BYD,Boyd Gaming,83.08,7,68,48,59,182,-8,-4,10,27,25,207
ALLE,Allegion,167.14,33,80,9,21,143,-5,36,10,22,63,206
CXT,Crane NXT,60.21,49,58,0,55,162,-13,-5,6,56,44,206
AGNC,AGNC Investment,9.59,23,53,11,16,103,27,51,8,17,103,206
OMF,OneMain Financial,58.21,26,68,17,60,171,-5,3,10,26,34,205
AYI,Acuity Brands,319.3,41,44,4,27,116,-12,73,6,20,87,203
SPR,Spirit AeroSystems,40.62,31,82,18,0,131,34,-6,30,14,72,203
WMB,Williams Companies,56.52,-11,-10,112,52,143,-5,-2,10,57,60,203
SPG,Simon Property Group,172.63,33,37,1,35,106,32,36,8,21,97,203
BKNG,Booking Holdings,5530.56,6,0,136,35,177,3,-13,10,26,26,203
WSO,Watsco,419.27,0,-12,-3,196,181,-11,-10,-28,71,22,203
ULTA,Ulta Beauty,516.73,33,78,12,4,127,-9,81,12,-9,75,202
DCI,Donaldson Company,74.06,58,20,2,65,145,-10,27,10,30,57,202
HOOD,Robinhood Markets,115.03,5,70,81,0,156,9,8,10,18,45,201
CAH,Cardinal Health,149.74,9,-5,55,38,97,19,-20,48,57,104,201
MCK,McKesson Corporation,671.03,0,-8,42,58,92,24,-21,38,67,108,200
RITM,Rithm Capital,12.24,0,68,17,32,117,12,35,10,26,83,200
KR,Kroger,69.78,-28,2,79,67,120,2,13,50,15,80,200
PCAR,Paccar,98.37,0,20,-22,159,157,-9,31,-14,34,42,199
HEI,HEICO (Common),307.99,-69,0,25,189,145,-19,-1,16,57,53,198
LNC,Lincoln Financial,40.18,91,37,18,1,147,-3,37,8,8,50,197
HLT,Hilton Worldwide,269.29,34,68,16,64,182,-8,-11,8,26,15,197
KRC,Kilroy Realty,38.16,29,58,6,0,93,26,61,6,11,104,197
STT,State Street Corporation,111.01,0,70,17,16,103,-4,75,9,14,94,197
EVR,Evercore,305.64,34,67,7,58,166,-8,3,8,26,29,195
UAL,United Airlines Holdings,102.36,50,41,1,11,103,66,5,4,16,91,194
JNJ,Johnson & Johnson,176.25,80,34,8,7,129,22,32,5,6,65,194
TOL,Toll Brothers,131.25,34,52,-23,61,124,-5,45,4,26,70,194
ZG,Zillow (Class A),80.79,21,41,54,0,116,24,31,3,20,78,194
GNRC,Generac,197.96,98,52,3,-34,119,-12,70,7,10,75,194
ADM,Archer Daniels Midland,59.41,69,69,2,0,140,18,45,10,-20,53,193
DELL,Dell Technologies,138.14,1,68,6,32,107,-1,81,10,-4,86,193
CNM,Core & Main,64.82,2,70,19,0,91,-13,81,10,24,102,193
LECO,Lincoln Electric,238.03,-11,67,7,65,128,-11,74,8,-7,64,192
CW,Curtiss-Wright,492.87,0,76,19,54,149,-15,-1,10,49,43,192
ELAN,Elanco,17.69,56,71,2,0,129,56,3,9,-6,62,191
WBA,Walgreens Boots Alliance,11.99,126,68,0,-77,117,19,83,6,-35,73,190
OSK,Oshkosh Corporation,140.22,35,67,11,4,117,-9,72,8,2,73,190
THO,Thor Industries,106.16,62,52,1,2,117,-1,74,6,-6,73,190
OHI,Omega Healthcare Investors,40.76,33,27,6,40,106,29,19,5,31,84,190
AIT,Applied Industrial Technologies,262.55,-13,37,7,58,89,-12,49,6,57,100,189
MDT,Medtronic,92.83,54,35,11,1,101,22,49,3,13,87,188
TKO,TKO Group Holdings,185.51,42,6,71,40,159,-7,-24,10,50,29,188
GE,GE Aerospace,268.45,-14,79,19,27,111,-19,37,30,29,77,188
FTAI,FTAI Aviation,142.34,39,14,3,47,103,33,14,6,31,84,187
ADT,ADT Inc.,8.65,34,88,31,0,153,-2,3,25,8,34,187
BRK-B,Berkshire Hathaway,478.64,34,-53,124,62,167,-3,2,-5,26,20,187
DRI,Darden Restaurants,205.33,20,-13,44,61,112,29,-32,48,30,75,187
NSC,Norfolk Southern,279.78,0,67,11,4,82,-2,81,10,14,103,185
AN,AutoNation,207.04,41,5,17,61,124,-7,1,10,57,61,185
GILD,Gilead Sciences,118.0,0,62,51,35,148,-21,7,8,39,33,181
VNT,Vontier,42.48,35,68,5,0,108,-5,75,8,-5,73,181
NET,Cloudflare,202.28,-41,68,39,0,66,7,78,10,19,114,180
OZK,Bank OZK,49.56,29,68,17,56,170,-7,-10,8,19,10,180
ROP,Roper Technologies,532.23,2,-12,-2,182,170,14,-29,-1,26,10,180
AEP,American Electric Power,110.69,-14,32,73,23,114,-6,34,23,14,65,179
INTU,Intuit,717.14,-70,0,17,191,138,15,-5,10,20,40,178
CINF,Cincinnati Financial,149.72,-2,11,85,62,156,-5,2,10,15,22,178
TT,Trane Technologies,428.96,-15,0,16,164,165,-19,-7,10,29,13,178
MSA,MSA Safety,170.42,-47,70,0,164,187,-13,-1,10,-5,-9,178
CVX,Chevron Corporation,155.35,37,30,7,48,122,-2,51,1,6,56,178
CSX,CSX Corporation,35.97,35,67,2,4,108,-6,71,10,-6,69,177
EXPE,Expedia Group,206.63,51,41,49,11,152,-2,7,6,14,25,177
ETN,Eaton Corporation,353.54,-70,68,8,114,120,-19,-4,8,72,57,177
NVR,"NVR, Inc.",8142.29,35,37,-23,65,114,-2,33,3,29,63,177
WDC,Western Digital,76.29,4,68,12,18,102,-18,79,10,3,74,176
JBL,Jabil,215.78,-26,71,19,65,129,-19,-2,11,57,47,176
NXST,Nexstar Media Group,206.52,47,67,9,4,127,-2,34,7,10,49,176
AFL,Aflac,105.77,62,4,1,58,125,-1,3,-8,55,49,174
JEF,Jefferies Financial Group,60.03,0,44,-20,58,82,-10,44,1,57,92,174
SEIC,SEI Investments Company,88.61,30,0,92,35,157,-6,-13,10,26,17,174
CG,Carlyle Group (The),63.45,0,59,8,21,88,-9,70,7,18,86,174
FNB,FNB Corporation,15.82,35,68,1,55,159,-3,-11,9,19,14,173
HON,Honeywell,216.38,-7,-3,0,178,168,-12,-15,10,22,5,173
PM,Philip Morris International,166.6,-20,-18,70,55,87,3,-30,85,27,85,172
LNG,Cheniere Energy,230.02,-11,-7,60,58,100,-3,9,10,56,72,172
AMZN,Amazon,231.42,27,58,17,21,123,26,-4,7,20,49,172
VRT,Vertiv,135.68,-28,67,9,8,56,1,81,7,26,115,171
CLH,Clean Harbors,242.43,0,20,1,58,79,-8,33,10,57,92,171
WPC,W. P. Carey,64.66,-6,65,29,2,90,-7,57,26,5,81,171
Z,Zillow (Class C),84.48,21,41,11,0,73,24,50,4,20,98,171
VZ,Verizon,44.38,51,8,30,10,99,47,13,-2,14,72,171
PH,Parker Hannifin,736.54,0,69,17,65,151,-13,-7,10,30,20,171
MP,MP Materials,72.11,-2,51,32,0,81,-7,48,45,4,90,171
THC,Tenet Healthcare,171.31,56,5,14,57,132,5,2,8,24,39,171
CMA,Comerica,67.67,31,42,7,4,84,-6,73,7,12,86,170
AEE,Ameren,99.96,-14,24,57,13,80,-8,26,62,10,90,170
MEDP,Medpace,462.72,43,42,4,32,121,-10,52,4,2,48,169
SOFI,SoFi,24.22,35,60,46,0,141,5,4,8,11,28,169
BRX,Brixmor Property Group,26.4,18,50,0,55,123,7,3,10,26,46,169
MAS,Masco,73.07,35,34,-20,65,114,-2,34,1,21,54,168
HUM,Humana,287.24,135,10,0,-12,133,61,13,-20,-20,34,167
IDA,Idacorp,124.58,-2,37,56,18,109,-9,29,26,10,56,165
SYF,Synchrony Financial,71.79,35,68,17,21,141,-5,3,8,18,24,165
LH,Labcorp,270.49,47,18,55,15,135,-2,5,8,18,29,164
APP,AppLovin,438.4,0,13,105,0,118,1,21,6,18,46,164
F,Ford Motor Company,11.44,63,82,2,-17,130,26,2,10,-5,33,163
RS,"Reliance, Inc.",283.21,-7,-12,0,115,96,-9,-11,10,77,67,163
PSTG,Pure Storage,58.49,0,67,0,42,109,-14,3,6,57,52,161
FHN,First Horizon Corporation,22.01,31,68,52,4,155,-5,-7,8,10,6,161
FLEX,Flex Ltd.,49.74,-21,68,18,58,123,-19,-10,10,57,38,161
AXP,American Express,307.13,35,0,17,99,151,-5,-16,8,21,8,159
DKS,Dick's Sporting Goods,223.24,38,34,0,63,135,7,5,-21,33,24,159
CNP,Centerpoint Energy,37.72,-26,22,49,45,90,-11,21,43,15,68,158
KKR,KKR & Co. Inc.,141.16,-12,57,0,103,148,-13,-4,6,21,10,158
DOCS,Doximity,65.91,49,38,54,0,141,18,3,-17,12,16,157
BKR,Baker Hughes,42.87,0,22,4,35,61,-1,67,4,26,96,157
LITE,Lumentum,119.0,0,66,14,3,83,-19,74,8,10,73,156
BRO,Brown & Brown,94.96,28,-77,-3,163,111,52,-23,-10,26,45,156
DKNG,DraftKings,45.69,14,44,9,0,67,22,44,2,20,88,155
FSLR,First Solar,219.32,12,33,0,62,107,11,33,10,-6,48,155
TDY,Teledyne Technologies,536.59,-21,67,52,14,112,-19,37,10,15,43,155
WSM,"Williams-Sonoma, Inc.",201.68,0,34,8,65,107,-12,36,2,21,47,154
ACGL,Arch Capital Group,90.34,26,0,-8,62,80,20,4,-1,51,74,154
HLI,Houlihan Lokey,191.14,-6,70,17,44,125,-11,3,10,26,28,153
LPLA,LPL Financial,354.78,-28,0,45,99,116,-26,-4,10,57,37,153
EXEL,Exelixis,37.76,28,-15,64,14,91,-3,-15,55,24,61,152
VTR,"Ventas, Inc.",67.25,-13,24,72,22,105,2,26,4,15,47,152
O,Realty Income,57.87,51,12,10,7,80,47,2,10,13,72,152
XEL,Xcel Energy,72.22,-41,24,51,12,46,4,33,59,9,105,151
SKX,Skechers,63.01,6,66,-24,55,103,25,-10,7,26,48,151
MRP,Millrose Properties,31.8,65,57,0,0,122,-9,35,3,0,29,151
AFG,American Financial Group,130.45,63,9,1,56,129,-5,9,4,14,22,151
CPRT,Copart,47.35,47,-59,-13,176,151,-8,2,-23,28,-1,150
NVT,Nvent Electric,89.41,-4,68,8,12,84,-19,81,8,-5,65,149
VKTX,Viking Therapeutics,42.15,55,34,-40,21,70,49,30,5,-6,78,148
SLM,Sallie Mae,30.62,-14,-2,90,22,96,-13,-2,44,21,50,146
UNP,Union Pacific Corporation,220.05,-42,-3,-6,198,147,-5,-19,4,19,-1,146
TLN,Talen Energy,376.84,0,80,39,0,119,-1,15,11,2,27,146
THG,Hanover Insurance,169.73,-7,7,61,24,85,-5,-1,53,14,61,146
MLM,Martin Marietta Materials,602.84,0,23,6,60,89,-9,28,10,27,56,145
PANW,Palo Alto Networks,176.37,14,-13,0,81,82,2,-6,10,57,63,145
RF,Regions Financial Corporation,25.69,28,67,7,22,124,-5,4,8,14,21,145
MKL,Markel,1924.2,-1,0,68,55,122,-7,-4,8,26,23,145
HEI-A,HEICO (Class A),240.11,-69,0,26,182,139,-39,-2,17,30,6,145
CR,Crane Co.,193.07,-19,75,16,0,72,-19,77,10,5,73,145
COHR,Coherent Corp.,90.49,-21,67,6,15,67,-19,74,7,15,77,144
PG,Procter & Gamble,155.76,40,-45,-6,179,168,7,-43,-14,26,-24,144
GPC,Genuine Parts Company,137.18,65,21,1,0,87,35,28,10,-17,56,143
KDP,Keurig Dr Pepper,34.63,54,8,7,1,70,5,38,18,12,73,143
MSM,MSC Industrial Direct,87.01,28,68,7,58,161,-8,-12,10,-9,-19,142
U,Unity Technologies,38.33,35,57,6,0,98,37,31,10,-35,43,141
INFA,Informatica,24.73,5,59,0,0,64,-5,81,8,-7,77,141
XYL,Xylem Inc.,140.84,-13,68,8,22,85,-13,37,10,22,56,141
UTHR,United Therapeutics,314.29,30,4,-10,57,81,26,4,-29,59,60,141
W,Wayfair,79.03,35,68,4,-41,66,29,74,10,-40,73,139
DE,Deere & Company,491.1,-21,-3,49,109,134,-39,-11,45,10,5,139
APG,APi Group,35.54,11,75,18,0,104,2,-4,10,26,34,138
VVV,Valvoline,39.64,63,9,0,31,103,29,3,7,-4,35,138
META,Meta Platforms,767.31,-7,68,17,29,107,-5,5,8,23,31,138
CAT,Caterpillar Inc.,412.35,-59,67,8,64,80,-6,-1,8,57,58,138
PSN,Parsons Corporation,79.5,69,53,-27,0,95,-12,52,3,-1,42,137
LMT,Lockheed Martin,440.63,30,-20,-29,165,146,28,-31,-4,-2,-9,137
MTZ,MasTec,178.42,-2,74,19,18,109,2,3,10,13,28,137
WWD,"Woodward, Inc.",246.98,-28,77,19,35,103,1,-4,10,26,33,136
GWRE,Guidewire Software,215.12,0,-8,110,21,123,15,-32,10,20,13,136
LVS,Las Vegas Sands,52.8,-2,68,6,2,74,-5,74,7,-14,62,136
LFUS,Littelfuse,252.47,0,68,3,2,73,-10,73,8,-8,63,136
MTD,Mettler Toledo,1311.64,58,53,-23,0,88,46,3,4,-5,48,136
NLY,Annaly Capital Management,20.66,0,50,18,10,78,-3,36,8,16,57,135
STWD,Starwood Property Trust,19.85,52,0,18,58,128,-10,-15,10,21,6,134
ESI,Element Solutions,25.01,52,40,-20,57,129,-5,4,7,-1,5,134
WEC,WEC Energy Group,106.42,-21,24,55,13,71,-39,22,68,11,62,133
RGA,Reinsurance Group of America,188.03,58,-12,-3,40,83,-5,3,-1,53,50,133
IVZ,Invesco,21.0,29,44,7,2,82,-9,40,7,13,51,133
SNA,Snap-on,323.05,0,23,0,59,82,-12,2,3,57,50,132
DINO,HF Sinclair,44.66,35,70,0,1,106,32,-8,10,-8,26,132
PINC,"Premier, Inc.",24.45,77,8,17,-28,74,68,9,15,-34,58,132
TNL,Travel + Leisure Co.,59.98,32,58,9,16,115,-8,3,7,14,16,131
UHS,Universal Health Services,177.5,77,-24,-11,22,64,67,4,-4,-1,66,130
WBS,Webster Bank,58.22,29,68,8,14,119,-5,-9,8,17,11,130
POST,Post Holdings,107.84,48,-32,-6,87,97,19,-36,-8,57,32,129
BWXT,BWX Technologies,170.9,0,66,13,35,114,-45,19,10,31,15,129
LNT,Alliant Energy,64.43,-20,28,68,14,90,-12,28,10,13,39,129
SYY,Sysco,79.24,-14,55,7,3,51,-12,68,7,14,77,128
GEV,GE Vernova,625.03,-28,80,0,0,52,-19,83,11,0,75,127
PODD,Insulet,323.07,53,5,45,4,107,44,-44,14,6,20,127
PNW,Pinnacle West Capital,90.33,-13,13,68,18,86,-13,6,22,26,41,127
TTWO,Take-Two Interactive,232.46,35,0,45,13,93,-9,-23,45,20,33,126
NTRS,Northern Trust,127.06,3,68,16,11,98,-5,10,10,13,28,126
LAMR,Lamar Advertising,121.38,20,0,1,64,85,24,-12,8,21,41,126
LAZ,Lazard,53.58,35,51,2,20,108,-5,3,7,13,18,126
FICO,Fair Isaac,1351.07,0,-30,-6,166,130,22,-29,-28,31,-4,126
JHG,Janus Henderson,42.84,-6,53,6,19,72,-9,37,7,18,53,125
DTM,DT Midstream,101.91,-11,-1,103,0,91,-9,8,10,25,34,125
AFRM,Affirm Holdings,78.23,18,50,12,0,80,9,11,8,17,45,125
NTAP,Netapp,108.9,49,11,0,57,117,-2,3,7,-1,7,124
CCL,Carnival Corporation & plc,29.95,31,67,17,0,115,-9,-9,8,19,9,124
HAYW,Hayward Holdings,15.76,35,39,2,0,76,-8,31,8,16,47,123
WFC,Wells Fargo,77.49,-10,0,92,29,111,-8,-9,10,19,12,123
MANH,Manhattan Associates,216.86,11,62,-29,65,109,-8,-8,3,27,14,123
RLI,RLI Corp.,66.8,0,-52,-10,176,114,-5,-45,-29,87,8,122
H,Hyatt Hotels,140.61,28,0,-3,55,80,-7,-12,6,55,42,122
QGEN,Qiagen,48.63,0,65,12,3,80,35,-8,10,5,42,122
AMTM,Amentum,25.11,0,80,0,0,80,-14,45,10,0,41,121
BA,Boeing,232.43,35,81,8,0,124,-3,1,10,-11,-3,121
GWW,W. W. Grainger,978.11,7,-12,-3,94,86,-5,-17,-1,57,34,120
FITB,Fifth Third Bancorp,42.76,35,44,0,22,101,-5,1,7,16,19,120
KNSL,Kinsale Capital Group,445.99,25,-15,-3,33,40,-4,-8,7,85,80,120
UI,Ubiquiti,405.65,-21,40,52,10,81,-14,32,10,10,38,119
CMS,CMS Energy,72.05,-21,15,76,23,93,-13,26,-1,14,26,119
PLNT,Planet Fitness,106.87,14,2,63,13,92,12,-9,10,14,27,119
GLPI,Gaming and Leisure Properties,46.55,7,-9,0,65,63,24,-17,-8,57,56,119
SAIC,SAIC,117.21,69,28,-37,67,127,-12,3,2,-1,-8,119
COKE,Coca-Cola Consolidated,115.59,7,0,0,86,93,-4,-8,-15,52,25,118
AU,AngloGold Ashanti,53.7,-5,12,76,18,101,-42,21,24,14,17,118
K,Kellanova,80.03,0,0,69,21,90,2,20,-7,13,28,118
GTES,Gates Corporation,24.46,7,68,17,15,107,-12,-5,10,18,11,118
CFG,Citizens Financial Group,48.57,31,56,8,4,99,-5,3,7,14,19,118
APPF,AppFolio,268.85,-49,53,5,28,37,2,45,5,28,80,117
MTG,MGIC Investment Corporation,27.25,0,5,19,55,79,-5,5,10,28,38,117
KEY,Keycorp,18.17,29,68,8,4,109,-4,-10,8,13,7,116
MRVL,Marvell Technology,76.72,-13,42,-21,106,114,-9,14,-21,18,2,116
LPX,Louisiana-Pacific,97.11,35,15,0,63,113,-4,5,-24,26,3,116
EXP,Eagle Materials,230.12,34,19,-15,57,95,-8,31,-29,27,21,116
KMI,Kinder Morgan,26.23,-63,-9,92,44,64,-7,-2,8,52,51,115
PNC,PNC Financial Services,191.98,35,58,2,14,109,-5,-10,7,14,6,115
STLD,Steel Dynamics,125.84,28,-12,0,55,71,-5,-18,10,57,44,115
LNW,Light & Wonder,88.19,30,-8,-3,57,76,40,-12,-15,25,38,114
BAM,Brookfield Asset Management,61.21,-14,28,65,0,79,-15,31,10,8,34,113
XPO,"XPO, Inc.",127.92,29,5,-3,61,92,-5,-8,7,27,21,113
PRI,Primerica,262.48,0,-4,0,108,104,-9,-20,8,30,9,113
BOKF,BOK Financial Corporation,105.53,35,37,0,22,94,-2,3,4,14,19,113
D,Dominion Energy,60.38,-6,66,14,1,75,-16,34,10,10,38,113
XYZ,"Block, Inc.",76.76,0,46,-3,-36,7,23,65,4,13,105,112
PRU,Prudential Financial,106.61,49,0,-13,55,91,-5,3,4,19,21,112
HII,Huntington Ingalls Industries,267.63,0,107,8,6,121,-12,-4,16,-9,-9,112
IONS,Ionis Pharmaceuticals,43.42,20,71,1,0,92,25,-5,10,-10,20,112
VRTX,Vertex Pharmaceuticals,389.88,0,-10,-2,104,92,-1,-10,-6,37,20,112
CHWY,Chewy,40.96,43,-27,41,0,57,49,1,-1,5,54,111
CMG,Chipotle Mexican Grill,43.38,16,-18,-6,80,72,33,-19,-4,29,39,111
AL,Air Lease Corporation,58.1,44,0,17,22,83,-9,1,10,26,28,111
NWSA,News Corp (Class A),29.52,24,4,9,58,95,-1,-14,10,21,16,111
FE,FirstEnergy,42.83,-6,21,6,55,76,-12,22,10,14,34,110
AWK,American Water Works,142.66,-3,12,26,1,36,18,26,22,8,74,110
SHC,Sotera Health,15.8,49,7,1,0,57,49,7,2,-6,52,109
TEM,Tempus AI,78.43,49,5,0,0,54,49,3,3,0,55,109
TPG,TPG Inc.,62.44,0,51,2,0,53,-9,42,4,19,56,109
CVS,CVS Health,70.16,54,3,10,0,67,64,7,-1,-28,42,109
AMAT,Applied Materials,163.52,-14,-2,-1,149,132,-14,-13,8,-5,-24,108
VRSN,Verisign,267.65,0,-5,36,9,40,15,-7,52,7,67,107
FOXA,Fox Corporation (Class A),57.56,34,4,68,1,107,-2,-20,8,14,0,107
AMP,Ameriprise Financial,505.57,-10,0,0,64,54,-8,-18,8,71,53,107
EOG,EOG Resources,117.46,0,0,-5,45,40,36,-23,3,51,67,107
DOV,Dover Corporation,177.16,0,-2,-3,106,101,-11,-9,6,19,5,106
TER,Teradyne,110.41,35,39,-29,2,47,-9,69,3,-5,58,105
NOW,ServiceNow,892.22,2,-8,-3,82,73,15,-13,8,22,32,105
CIEN,Ciena,91.91,-21,68,9,12,68,-19,31,8,16,36,104
BURL,Burlington Stores,277.7,28,31,1,3,63,-9,30,3,17,41,104
FTNT,Fortinet,80.76,0,-12,-2,113,99,7,-14,-2,13,4,103
VRSK,Verisk Analytics,265.67,0,-16,0,114,98,19,-40,-2,28,5,103
DLTR,Dollar Tree,112.07,-21,85,6,-15,55,-39,84,25,-22,48,103
CI,Cigna,298.43,35,-31,-6,58,56,49,2,-3,-1,47,103
BMY,Bristol Myers Squibb,48.19,41,4,0,-5,40,70,2,-14,5,63,103
USFD,US Foods,77.02,-56,0,143,35,122,-48,-8,10,26,-20,102
MMM,3M,152.81,0,1,74,14,89,-13,2,10,14,13,102
CEG,Constellation Energy,322.59,-28,68,16,0,56,-19,36,10,19,46,102
FOX,Fox Corporation (Class B),52.75,34,4,67,1,106,-2,-19,7,9,-5,101
SSB,SouthState Corporation,95.98,31,39,0,22,92,-5,-9,4,19,9,101
NTRA,Natera,161.16,51,0,1,18,70,12,3,-3,19,31,101
RBLX,Roblox Corporation,119.97,-32,80,53,0,101,-26,-2,16,11,-1,100
BEPC,Brookfield Renewable Partners,33.73,0,69,10,0,79,5,-4,10,10,21,100
WEX,WEX Inc.,172.51,32,50,-43,1,40,-5,68,4,-8,59,99
MAR,Marriott International,266.23,28,0,0,58,86,-8,-13,7,27,13,99
EXC,Exelon,43.99,-16,13,55,14,66,-9,33,-1,10,33,99
MDU,MDU Resources,16.22,-15,-2,0,58,41,-10,28,10,30,58,99
TFC,Truist Financial,44.35,31,42,1,4,78,-3,3,7,14,21,99
ARMK,Aramark,39.34,-1,0,15,40,54,-12,-10,10,56,44,98
EQH,Equitable Holdings,53.0,0,0,92,11,103,-10,-24,10,19,-5,98
WTFC,Wintrust Financial,128.58,17,5,9,49,80,1,-10,8,19,18,98
ALK,Alaska Air Group,57.4,35,34,0,2,71,30,5,-17,9,27,98
GXO,GXO Logistics,53.02,37,68,1,0,106,-3,-7,9,-8,-9,97
IDXX,Idexx Laboratories,637.58,0,75,14,4,93,-13,15,10,-8,4,97
RPRX,Royalty Pharma,35.89,-41,71,32,0,62,-3,50,26,-38,35,97
PEP,PepsiCo,149.59,54,23,-42,0,35,66,48,-39,-13,62,97
VLTO,Veralto,106.69,-1,68,2,0,69,-13,31,9,0,27,96
AIG,American International Group,80.4,30,-26,28,53,85,-1,-32,23,21,11,96
JCI,Johnson Controls,105.74,-2,1,75,19,93,-19,-7,10,18,2,95
VEEV,Veeva Systems,282.13,8,1,45,8,62,11,-6,10,18,33,95
SNV,Synovus,49.71,35,0,0,21,56,28,-11,8,14,39,95
GEN,Gen Digital,31.37,49,7,15,16,87,-9,-10,10,16,7,94
ABT,Abbott Laboratories,130.28,-3,-6,56,13,60,14,9,-4,14,33,93
LII,Lennox International,600.21,7,35,0,38,80,-9,-9,4,27,13,93
TXN,Texas Instruments,194.36,35,0,1,22,58,27,-18,10,16,35,93
ECG,Everus Construction Group,76.26,-2,66,0,0,64,-18,40,7,0,29,93
IQV,IQVIA,192.55,28,23,-40,0,11,37,49,2,-6,82,93
EMR,Emerson Electric,131.77,-9,0,16,64,71,-9,-6,10,26,21,92
CORT,Corcept Therapeutics,71.7,0,0,64,19,83,-21,3,-11,38,9,92
CTVA,Corteva,72.27,30,0,53,0,83,9,-21,10,11,9,92
CSGP,CoStar Group,88.14,-46,50,6,14,24,9,45,23,-9,68,92
SFD,Smithfield Foods,25.5,11,63,0,0,74,-1,14,4,0,17,91
FRHC,Freedom Holding,172.56,-43,23,54,14,48,-21,24,10,30,43,91
SN,SharkNinja,119.43,0,44,8,0,52,-5,36,7,1,39,91
CWEN,Clearway Energy (Class C),29.9,0,-6,58,4,56,14,-12,22,10,34,90
SEG,Seaport Entertainment Group,26.15,33,32,0,0,65,25,28,-28,0,25,90
ALAB,Astera Labs,186.45,5,66,0,0,71,-14,28,5,0,19,90
PFG,Principal Financial Group,77.68,24,0,-3,55,76,-5,-6,7,18,14,90
VTRS,Viatris,10.62,54,8,-25,0,37,48,3,2,-1,52,89
QRVO,Qorvo,89.25,52,68,0,-31,89,-7,3,9,-5,0,89
MET,Metlife,77.74,35,0,0,58,93,-5,-25,8,18,-4,89
ROKU,"Roku, Inc.",92.33,16,49,10,-19,56,28,-4,5,4,33,89
VICI,Vici Properties,32.21,-51,0,58,15,22,-13,-1,23,57,66,88
WING,Wingstop,339.96,6,0,0,38,44,7,-2,8,31,44,88
PPC,Pilgrim's Pride,47.89,-21,0,86,21,86,-28,15,-4,18,1,87
NYT,New York Times Company,59.28,27,9,2,16,54,-2,4,10,21,33,87
WTRG,Essential Utilities,38.67,0,6,6,0,12,51,20,-1,5,75,87
ATI,ATI Inc.,72.53,-14,0,16,43,45,-15,-7,10,52,40,85
MUSA,Murphy USA,390.53,14,-15,-13,68,54,-9,-10,-29,79,31,85
AGCO,AGCO,113.11,2,70,7,2,81,9,-3,11,-13,4,85
CB,Chubb Limited,272.81,51,-33,2,58,78,-2,-44,-4,56,6,84
EQT,EQT Corporation,50.5,-7,-12,41,42,64,-2,-29,41,10,20,84
CNA,CNA Financial,47.19,0,9,2,57,68,-5,10,-9,20,16,84
FNF,Fidelity National Financial,58.69,0,5,2,58,65,-8,17,-11,21,19,84
CWEN-A,Clearway Energy (Class A),27.81,0,-6,58,6,58,5,-12,22,10,25,83
DECK,Deckers Brands,105.54,7,0,-24,93,76,3,-8,-20,31,6,82
VOYA,Voya Financial,73.94,63,9,1,4,77,-5,3,8,-1,5,82
TMO,Thermo Fisher Scientific,490.61,34,19,-22,0,31,41,33,-21,-3,50,81
UBER,Uber,93.96,20,2,18,0,40,14,-15,16,26,41,81
NUE,Nucor,144.6,35,45,0,3,83,-5,4,7,-8,-2,81
MSTR,MicroStrategy,363.45,-21,-3,99,19,94,-30,-13,10,20,-13,81
BJ,BJ's Wholesale Club,104.98,-28,-35,78,10,25,2,-2,-2,58,56,81
BAC,Bank of America,47.92,35,1,17,18,71,-5,-10,10,14,9,80
FLS,Flowserve,53.22,2,39,0,27,68,-10,-6,3,25,12,80
COLB,Columbia Banking System,25.78,49,17,0,0,66,-5,3,5,10,13,79
BDX,Becton Dickinson,195.05,56,8,-28,-5,31,48,34,-19,-15,48,79
VLO,Valero Energy,136.83,15,0,0,44,59,30,-15,9,-5,19,78
AMH,American Homes 4 Rent,34.41,0,-14,-8,68,46,23,-16,10,15,32,78
EWBC,East West Bancorp,102.11,35,1,9,22,67,-6,-11,9,19,11,78
ROST,Ross Stores,146.03,0,11,0,35,46,-13,20,-4,29,32,78
NBIX,Neurocrine Biosciences,133.18,23,5,-5,25,48,30,-4,7,-4,29,77
UGI,UGI Corporation,34.58,-7,0,42,4,39,-8,-8,49,5,38,77
TAP,Molson Coors,51.12,49,0,-13,0,36,57,1,-14,-3,41,77
WMS,Advanced Drainage Systems,141.04,56,10,0,3,69,-7,8,10,-3,8,77
WTW,Willis Towers Watson,329.62,0,13,8,24,45,-10,27,-15,29,31,76
OC,Owens Corning,149.84,35,10,-24,58,79,-7,3,-28,29,-3,76
CRUS,Cirrus Logic,113.09,43,5,-23,19,44,48,-23,10,-3,32,76
ZION,Zions Bancorporation,53.28,18,50,0,4,72,-7,-11,7,15,4,76
JHX,James Hardie Industries,28.9,67,36,-27,3,79,-5,3,1,-3,-4,75
DD,DuPont,73.17,28,39,-3,19,83,-2,-10,7,-3,-8,75
MTSI,MACOM Technology Solutions,124.59,0,0,0,58,58,-9,-12,8,29,16,74
SEB,Seaboard Corporation,3568.18,16,42,5,-23,40,1,54,8,-29,34,74
PINS,Pinterest,36.08,0,53,0,0,53,24,-4,6,-5,21,74
AOS,A. O. Smith,72.16,34,34,-42,58,84,-8,-8,10,-5,-11,73
MTCH,Match Group,37.82,28,52,4,-37,47,-1,60,5,-38,26,73
PEN,"Penumbra, Inc.",255.26,31,0,32,11,74,-4,6,-6,3,-1,73
FCNCA,First Citizens BancShares,1932.06,6,-2,-3,59,60,-8,-8,7,21,12,72
DHR,Danaher Corporation,209.1,35,8,-29,0,14,48,11,3,-4,58,72
LEA,Lear Corporation,102.55,35,5,0,-17,23,67,-12,9,-15,49,72
APD,Air Products,288.1,18,39,0,16,73,-6,-8,2,10,-2,71
TXT,Textron,79.07,35,0,-4,53,84,-9,-9,10,-5,-13,71
TFSL,Third Federal S&L,13.11,35,1,3,5,44,-5,3,10,19,27,71
PSX,Phillips 66,122.83,16,0,0,41,57,27,-17,9,-5,14,71
QCOM,Qualcomm,158.89,28,4,-25,22,29,51,-13,8,-5,41,70
AVT,Avnet,53.47,37,0,1,45,83,-9,-13,10,-2,-14,69
ADC,Agree Realty,72.02,-39,-1,63,16,39,9,13,-5,13,30,69
ES,Eversource Energy,64.54,-7,71,15,-10,69,-12,-1,10,2,-1,68
ED,Consolidated Edison,99.75,-28,0,28,47,47,-40,20,-4,45,21,68
CPNG,Coupang,28.99,7,0,17,0,24,29,-12,10,17,44,68
HBAN,Huntington Bancshares,16.68,31,0,9,21,61,-5,-14,10,16,7,68
PEGA,Pegasystems,53.23,0,2,19,5,26,23,-5,8,15,41,67
WYNN,Wynn Resorts,108.15,0,70,8,3,81,-9,-7,10,-8,-14,67
WAL,Western Alliance Bancorporation,82.87,35,5,0,4,44,-5,3,7,18,23,67
TKR,Timken Company,76.68,28,53,-3,4,82,-12,-6,7,-5,-16,66
BLDR,Builders FirstSource,136.55,35,34,-28,65,106,-9,4,-32,-3,-40,66
WAB,Wabtec,189.79,-9,-4,0,49,36,-19,-17,10,56,30,66
KIM,Kimco Realty,21.11,1,5,0,55,61,-12,-5,8,14,5,66
FIVE,Five Below,141.88,8,70,0,-16,62,5,1,11,-15,2,64
ROIV,Roivant Sciences,11.8,30,5,1,0,36,-2,21,10,-1,28,64
STAG,STAG Industrial,34.34,-3,0,0,96,93,-8,-27,10,-4,-29,64
APO,Apollo Global Management,139.49,-28,0,-1,97,68,-25,-12,6,26,-5,63
FR,First Industrial Realty Trust,48.52,15,-1,-3,14,25,26,-10,8,14,38,63
LBTYA,Liberty Global (Series A),11.59,84,12,-40,-31,25,35,12,1,-10,38,63
RH,RH,229.14,75,23,-24,-7,67,-9,19,-23,9,-4,63
IRM,Iron Mountain,90.77,-5,-9,-3,57,40,-13,-30,10,56,23,63
WTM,White Mountains Insurance Group,1763.0,-5,-2,-4,59,48,-10,-12,-20,56,14,62
XOM,ExxonMobil,106.69,0,-11,-2,44,31,-6,-22,9,50,31,62
LSCC,Lattice Semiconductor,63.24,70,10,1,0,81,-9,3,2,-15,-19,62
PKG,Packaging Corporation of America,194.14,-4,0,-3,61,54,-13,-9,3,26,7,61
EL,Estée Lauder Companies (The),90.74,-2,58,0,-26,30,-13,71,8,-35,31,61
CSCO,Cisco,66.95,-15,0,48,14,47,-24,3,10,25,14,61
GPK,Graphic Packaging,22.34,0,0,-19,58,39,-13,-6,-32,71,20,59
USB,U.S. Bancorp,46.12,35,1,0,4,40,-5,2,7,15,19,59
BEN,Franklin Templeton Investments,25.06,0,71,8,1,80,-12,3,10,-22,-21,59
MHK,Mohawk Industries,127.14,38,30,-26,-11,31,-8,34,2,-1,27,58
SLGN,Silgan Holdings,45.76,-2,-14,-3,80,61,-13,-14,10,13,-4,57
EA,Electronic Arts,169.15,0,14,4,7,25,-11,6,16,21,32,57
MTB,M&T Bank,190.72,32,0,1,22,55,-6,-14,8,14,2,57
NCLH,Norwegian Cruise Line Holdings,24.58,7,39,0,0,46,-10,-3,3,20,10,56
NEE,NextEra Energy,75.72,16,10,2,1,29,13,-10,10,13,26,55
MPC,Marathon Petroleum,162.7,0,0,0,49,49,17,-13,10,-8,6,55
SCCO,Southern Copper,95.86,0,0,0,62,62,-19,3,10,-2,-8,54
UNM,Unum,68.59,-11,-14,0,40,15,-11,-14,10,54,39,54
ROK,Rockwell Automation,342.84,35,5,15,15,70,-7,-9,10,-11,-17,53
SMCI,Supermicro,45.87,0,0,0,58,58,3,-4,5,-9,-5,53
KRMN,Karman Holdings,51.79,28,5,0,0,33,28,-11,2,0,19,52
APLS,Apellis Pharmaceuticals,27.33,91,15,-70,-16,20,23,26,1,-18,32,52
TROW,T. Rowe Price,106.63,0,53,-23,-25,5,-9,37,6,13,47,52
AES,AES Corporation,13.36,11,29,0,-11,29,11,29,6,-24,22,51
RKT,Rocket Companies,17.83,0,24,4,0,28,-8,21,9,1,23,51
TTEK,Tetra Tech,35.61,-21,0,-29,119,69,-19,-4,6,-1,-18,51
TW,Tradeweb,128.76,-70,-9,109,0,30,-7,-5,10,23,21,51
CGNX,Cognex Corporation,43.03,34,50,1,-31,54,-5,36,6,-40,-3,51
ETSY,Etsy,64.96,35,58,1,-30,64,-8,22,10,-37,-13,51
DIS,Walt Disney Company (The),116.57,7,0,15,-1,21,30,-13,10,3,30,51
HHH,Howard Hughes Holdings,73.27,56,8,0,0,64,-2,3,-28,14,-13,51
WH,Wyndham Hotels & Resorts,87.69,30,29,-3,11,67,-8,-7,-17,15,-17,50
APTV,Aptiv,75.67,35,5,1,-24,17,58,1,10,-36,33,50
SITE,SiteOne Landscape Supply,140.46,29,35,-26,-9,29,-8,34,3,-8,21,50
BFAM,Bright Horizons,119.21,0,-1,3,1,3,19,-2,15,15,47,50
ALLY,Ally Financial,38.42,35,0,2,4,41,-2,-14,8,16,8,49
BIO,Bio-Rad Laboratories,284.43,30,34,-27,-28,9,37,39,1,-37,40,49
GNTX,Gentex,27.18,35,33,-42,0,26,-5,31,4,-8,22,48
ELF,e.l.f. Beauty,123.82,34,1,0,31,66,1,-23,8,-5,-19,47
FHB,"First Hawaiian, Inc.",24.55,31,0,0,14,45,-5,-14,7,14,2,47
DXCM,Dexcom,80.81,14,0,0,-14,0,51,-5,10,-9,47,47
LYFT,Lyft,16.03,28,2,1,-1,30,28,-20,10,-2,16,46
ADSK,Autodesk,289.49,0,-5,0,14,9,15,-8,10,19,36,45
SNOW,Snowflake Inc.,198.17,0,0,15,0,15,23,-4,10,1,30,45
NKE,"Nike, Inc.",77.43,28,36,0,-21,43,30,1,7,-36,2,45
AS,Amer Sports,37.53,-1,0,4,0,3,28,3,10,0,41,44
ZBRA,Zebra Technologies,317.52,-3,54,-2,-7,42,-12,-4,4,13,1,43
INGR,Ingredion,125.25,-6,-12,-3,34,13,-13,-23,10,56,30,43
AMKR,Amkor Technology,24.05,35,53,-40,2,50,-9,2,4,-5,-8,42
INTC,Intel,23.64,42,4,0,-20,26,42,3,-17,-12,16,42
GL,Globe Life,135.97,-28,20,45,14,51,-40,19,4,8,-9,42
OWL,Blue Owl Capital,19.18,-9,47,-4,0,34,-19,3,2,21,7,41
BXP,"BXP, Inc.",65.16,15,-10,-3,0,2,23,-8,10,13,38,40
VNOM,Viper Energy,37.26,-7,-2,-9,44,26,-9,3,-28,47,13,39
FCX,Freeport-McMoRan,41.75,0,0,0,58,58,-7,-16,10,-6,-19,39
MSCI,MSCI,555.81,0,-2,0,14,12,-4,4,7,20,27,39
PII,Polaris Inc.,56.42,34,37,0,-17,54,-7,4,5,-17,-15,39
AXTA,Axalta,30.51,35,0,-16,22,41,-1,2,-29,26,-2,39
ASTS,AST SpaceMobile,48.15,-9,52,11,0,54,-26,-8,10,8,-16,38
FAF,First American Financial Corporation,63.93,0,17,2,14,33,-8,14,-19,18,5,38
HXL,Hexcel,61.56,35,40,-29,1,47,-9,5,4,-9,-9,38
HSY,Hershey Company (The),178.46,-3,34,4,0,35,-2,19,4,-19,2,37
NU,Nubank,13.34,14,1,1,0,16,6,-14,10,19,21,37
FOUR,Shift4,90.1,0,-10,0,0,-10,35,-10,-2,24,47,37
HLNE,Hamilton Lane,155.26,0,0,0,25,25,-10,3,-3,21,11,36
BAH,Booz Allen Hamilton,109.06,0,0,-30,101,71,5,-8,-32,-1,-36,35
DOX,Amdocs,87.01,-2,-6,2,58,52,-2,-30,10,5,-17,35
MSGS,Madison Square Garden Sports,197.02,2,-5,-4,21,14,6,-15,3,27,21,35
ZS,Zscaler,277.01,0,0,17,5,22,5,-21,10,18,12,34
VIRT,Virtu Financial,41.46,-65,0,76,14,25,-72,-4,71,14,9,34
CBSH,Commerce Bancshares,61.59,31,-10,0,11,32,-5,-16,10,13,2,34
XP,XP Inc.,17.52,35,-4,0,0,31,28,-33,16,-8,3,34
DVA,DaVita,133.32,0,-9,-3,20,8,37,-10,-20,19,26,34
DPZ,Domino's,444.61,0,-10,0,10,0,-1,-10,27,18,34,34
RNR,RenaissanceRe,239.65,-13,-2,-8,35,12,-12,-2,8,28,22,34
QSR,Restaurant Brands International,65.85,0,-8,0,40,32,9,-9,10,-8,2,34
DVN,Devon Energy,33.54,35,5,-50,-5,-15,61,1,9,-22,49,34
PNFP,Pinnacle Financial Partners,93.13,42,-17,-4,15,36,-5,-17,1,18,-3,33
ESS,Essex Property Trust,256.54,11,-13,-3,14,9,23,-10,-3,14,24,33
EFX,Equifax,245.62,28,-12,-4,16,28,-3,-20,10,18,5,33
LBTYK,Liberty Global (Series C),11.7,84,12,-40,-30,26,31,49,-37,-36,7,33
CPAY,Corpay,316.74,17,-12,-3,21,23,-3,-9,-5,25,8,31
CUZ,Cousins Properties,27.51,33,-3,0,11,41,-9,-25,10,13,-11,30
AMT,American Tower,203.14,-8,-10,16,0,-2,10,-9,20,11,32,30
AGO,Assured Guaranty,80.43,-47,-8,-2,56,-1,-11,9,10,22,30,29
EXLS,EXL Service,43.17,7,-27,0,65,45,-8,-5,-16,13,-16,29
SMMT,Summit Therapeutics,26.28,-1,2,9,14,24,-5,-1,-8,19,5,29
PFE,Pfizer,25.06,49,10,-33,-23,3,44,2,7,-28,25,28
MU,Micron Technology,123.53,7,7,2,22,38,-18,3,10,-5,-10,28
MCHP,Microchip Technology,65.56,15,0,0,0,15,27,-18,10,-7,12,27
CHDN,Churchill Downs Incorporated,103.01,0,37,-31,0,6,29,-9,2,-1,21,27
ISRG,Intuitive Surgical,481.06,13,-14,-3,22,18,7,-22,-2,26,9,27
REXR,Rexford Industrial,37.68,32,53,-46,-18,21,28,4,6,-32,6,27
HR,Healthcare Realty Trust,16.4,-6,36,2,-9,23,-50,42,2,9,3,26
RYN,Rayonier,26.16,56,10,-20,0,46,-6,26,-32,-9,-21,25
BC,Brunswick Corporation,63.1,35,52,-38,-7,42,-2,-10,4,-9,-17,25
LAD,Lithia Motors,304.54,33,-15,-5,14,27,-8,-16,1,21,-2,25
FI,Fiserv,137.07,13,-27,-14,35,7,27,-21,-15,27,18,25
HOLX,Hologic,67.25,-3,56,-35,0,18,-5,16,3,-7,7,25
OKE,Oneok,73.03,-11,-12,-13,54,18,-7,-12,-25,51,7,25
TSLA,"Tesla, Inc.",335.15,0,7,0,10,17,-19,13,4,10,8,25
CERT,"Certara, Inc.",11.18,56,-7,-15,0,34,25,3,-7,-32,-11,23
NVST,Envista,20.76,1,53,4,0,58,-13,4,6,-32,-35,23
EW,Edwards Lifesciences,78.3,4,17,4,-14,11,22,-5,30,-35,12,23
DT,Dynatrace,48.85,0,-8,-2,0,-10,27,-21,7,20,33,23
PB,Prosperity Bancshares,67.34,35,-15,-4,14,30,-6,-18,2,14,-8,22
DBX,Dropbox,27.9,29,0,0,9,38,-5,-12,-7,8,-16,22
HOG,Harley-Davidson,27.68,28,5,-43,-9,-19,45,2,5,-11,41,22
KMB,Kimberly-Clark,131.33,-7,-1,2,18,12,-10,4,-11,26,9,21
FBIN,Fortune Brands Innovations,58.89,35,20,-26,-5,24,-3,34,-32,-2,-3,21
GMED,Globus Medical,60.24,52,0,-15,0,37,-12,3,-20,12,-17,20
PCOR,Procore,66.1,7,-7,-3,0,-3,26,-6,-17,19,22,19
IR,Ingersoll Rand,78.89,7,-3,-21,23,6,-9,-14,7,29,13,19
ARW,Arrow Electronics,123.5,34,0,1,4,39,-9,-14,10,-8,-21,18
AUR,Aurora Innovation,6.44,6,0,-1,0,5,-7,23,-18,15,13,18
FRT,Federal Realty Investment Trust,93.73,27,-3,-23,0,1,30,-13,1,-1,17,18
RRX,Regal Rexnord,146.73,27,0,-3,3,27,-9,-6,7,-1,-9,18
HIW,Highwoods Properties,28.86,20,-1,0,6,25,-7,-23,10,13,-7,18
BSY,Bentley Systems,53.67,0,1,9,0,10,9,-6,10,-6,7,17
PR,Permian Resources,13.31,0,0,-8,26,18,-1,-8,10,-2,-1,17
CTSH,Cognizant,70.09,5,-14,-3,14,2,22,-22,-3,18,15,17
GLIBA,GCI Liberty (Series A),35.99,7,0,0,0,7,7,2,0,0,9,16
EQR,Equity Residential,63.21,0,-13,-3,13,-3,23,-14,-3,13,19,16
GLIBK,GCI Liberty (Series C),36.0,8,0,0,0,8,5,2,0,0,7,15
EQIX,Equinix,769.31,-3,-32,-8,34,-9,6,-1,-8,26,23,14
REG,Regency Centers,70.32,-37,-1,5,53,20,-50,14,10,19,-7,13
PCTY,Paylocity,178.19,0,-7,-1,-3,-11,15,23,-19,5,24,13
MASI,Masimo,153.95,20,-9,0,-6,5,37,-24,-15,10,8,13
EIX,Edison International,55.63,42,12,-32,0,22,-5,26,-29,-1,-9,13
GAP,Gap Inc.,20.92,35,-27,-5,18,21,-5,-19,-3,19,-8,13
JAZZ,Jazz Pharmaceuticals,117.68,33,8,-3,-6,32,44,-9,-16,-39,-20,12
CCK,Crown Holdings,98.85,-3,0,17,5,19,-13,-16,10,12,-7,12
CART,Maplebear Inc.,45.92,-28,0,0,0,-28,2,31,7,0,40,12
BG,Bunge Global,80.56,-3,0,0,0,-3,-3,13,10,-5,15,12
IP,International Paper,46.87,-2,-2,0,16,12,-13,-6,3,16,0,12
SNDR,Schneider National,24.39,27,0,-5,0,22,-9,-14,2,10,-11,11
IPGP,IPG Photonics,78.78,33,67,1,-44,57,-7,-1,6,-44,-46,11
KD,Kyndryl,30.36,0,-10,-2,0,-12,16,-21,8,20,23,11
LUV,Southwest Airlines,31.32,26,-2,1,-39,-14,27,-14,8,4,25,11
TRU,TransUnion,88.3,0,0,-1,3,2,-8,-5,8,14,9,11
OMC,Omnicom Group,76.15,34,5,-27,1,13,40,-9,-32,-1,-2,11
CFR,Frost Bank,126.2,7,-2,0,4,9,-5,-12,8,10,1,10
CLF,Cleveland-Cliffs,10.58,27,33,-63,-16,-19,40,-6,3,-8,29,10
MGM,MGM Resorts International,36.18,18,5,-3,0,20,-2,-7,7,-9,-11,9
CRM,Salesforce,243.99,6,-13,-13,22,2,19,-12,-21,21,7,9
CARR,Carrier Global,66.51,6,-11,-3,0,-8,-12,-7,10,26,17,9
WDAY,"Workday, Inc.",231.92,13,-16,-10,14,1,26,-12,-4,-2,8,9
NCNO,nCino,28.05,13,0,-26,0,-13,28,-11,5,-1,21,8
ABNB,Airbnb,125.48,6,-8,-3,0,-5,27,-7,-2,-5,13,8
CPT,Camden Property Trust,105.77,0,-13,0,0,-13,23,-10,-3,11,21,8
TRGP,Targa Resources,161.05,-11,-3,0,51,37,-40,-24,-20,54,-30,7
SWKS,Skyworks Solutions,74.27,48,0,-43,-30,-25,49,-20,7,-5,31,6
GTM,ZoomInfo,10.56,16,4,-3,0,17,26,-6,6,-37,-11,6
RVMD,Revolution Medicines,36.45,7,-12,-14,0,-19,27,-38,10,26,25,6
SJM,J.M. Smucker Company (The),111.5,8,20,2,-4,26,-13,25,-10,-23,-21,5
COIN,Coinbase,320.73,0,0,9,0,9,-19,-12,9,18,-4,5
PYPL,PayPal,69.52,18,-3,-3,-39,-27,27,-7,3,9,32,5
KEYS,Keysight,164.37,0,1,0,0,1,-13,3,8,5,3,4
HRB,H&R Block,50.45,-36,-49,-1,52,-34,7,-15,-6,52,38,4
UDR,"UDR, Inc.",38.11,0,-13,-3,-1,-17,22,-10,-5,13,20,3
DOCU,DocuSign,71.67,7,-15,-3,-12,-23,26,-9,-2,11,26,3
SUI,Sun Communities,125.37,-1,0,3,-24,-22,-2,5,10,11,24,2
SAIL,SailPoint,20.33,6,-8,0,0,-2,27,-25,2,0,4,2
QXO,"QXO, Inc.",20.62,28,0,0,-14,14,4,-24,13,-6,-13,1
TTC,Toro Company (The),76.7,35,24,-35,-6,18,-2,4,1,-20,-17,1
SBAC,SBA Communications,215.09,-7,-10,16,-20,-21,10,-10,17,5,22,1
ALSN,Allison Transmission,88.41,0,-27,-5,35,3,-16,1,-21,34,-2,1
G,Genpact,44.07,20,-3,0,3,20,-3,-11,-15,10,-19,1
CCCS,CCC Intelligent Solutions,9.72,6,5,-28,0,-17,24,-3,2,-6,17,0
FANG,Diamondback Energy,139.52,-3,-8,-29,47,7,-2,-4,4,-5,-7,0
VNO,Vornado Realty Trust,36.8,0,-7,0,4,-3,-10,-10,8,15,3,0
KEX,Kirby Corporation,96.49,-52,-13,-3,35,-33,-14,-6,10,42,32,-1
AAL,American Airlines Group,13.18,49,36,-21,-76,-12,68,3,-21,-39,11,-1
HPQ,HP Inc.,26.81,54,5,-25,0,34,-8,3,-29,-1,-35,-1
TYL,Tyler Technologies,567.8,-36,0,0,17,-19,-6,5,1,18,18,-1
EEFT,Euronet Worldwide,95.81,12,-14,-3,-3,-8,-2,-14,10,13,7,-1
INGM,Ingram Micro,19.37,13,-2,0,0,11,-10,-10,7,0,-13,-2
MAA,Mid-America Apartment Communities,140.03,0,-14,0,0,-14,19,-10,-8,11,12,-2
BBY,Best Buy,71.8,59,5,-24,-6,34,-2,2,-35,-2,-37,-3
CFLT,"Confluent, Inc.",17.86,14,-13,-3,0,-2,26,-7,-18,-2,-1,-3
OTIS,Otis Worldwide,87.61,34,-19,-4,0,11,-11,-16,-14,26,-15,-4
MDLZ,Mondelez International,61.85,0,-14,0,0,-14,10,-10,19,-9,10,-4
SEE,Sealed Air,31.14,35,0,-24,-24,-13,30,1,8,-32,7,-6
EXR,Extra Space Storage,136.79,0,-13,-3,0,-16,-1,-13,10,13,9,-7
TWLO,Twilio,105.05,0,-7,0,-34,-41,24,-7,6,11,34,-7
WST,West Pharmaceutical Services,243.19,23,20,-27,-7,9,-1,-8,1,-8,-16,-7
PVH,PVH Corp.,76.21,29,4,-32,-3,-2,27,3,-28,-7,-5,-7
FDX,FedEx,227.74,2,0,-26,32,8,-2,-12,2,-4,-16,-8
SNDK,SanDisk,45.48,0,1,0,0,1,-14,3,2,0,-9,-8
AVB,AvalonBay Communities,188.36,15,-13,-3,16,15,-1,-31,-7,15,-24,-9
UWMC,United Wholesale Mortgage,5.38,56,8,-29,0,35,-2,4,-42,-4,-44,-9
PLD,Prologis,105.45,0,-1,-23,0,-24,24,-15,10,-5,14,-10
BROS,Dutch Bros. Coffee,65.44,0,-3,0,0,-3,-19,3,-3,11,-8,-11
MAT,Mattel,17.94,40,-1,-4,0,35,-4,-18,7,-31,-46,-11
BIRK,Birkenstock,50.52,10,-12,-10,0,-12,7,-5,-1,0,1,-11
QS,QuantumScape,8.78,-7,42,6,0,41,-16,-9,8,-36,-53,-12
IPG,Interpublic Group of Companies (The),26.06,35,20,-43,0,12,42,-9,-40,-17,-24,-12
ON,ON Semiconductor,50.52,0,0,-37,-1,-38,46,-11,6,-15,26,-12
GTLB,GitLab,45.36,13,0,-21,0,-8,23,-6,-20,-1,-4,-12
PK,Park Hotels & Resorts,11.02,29,5,-26,-7,1,-2,-10,3,-5,-14,-13
YETI,Yeti Holdings,34.45,14,35,-35,-6,8,-8,-8,4,-10,-22,-14
A,Agilent Technologies,118.17,34,0,-23,0,11,-2,-19,1,-5,-25,-14
TXRH,Texas Roadhouse,173.95,-49,-7,0,64,8,-21,-43,10,31,-23,-15
MDB,MongoDB Inc.,227.07,7,2,-26,-9,-26,22,-4,2,-9,11,-15
M,"Macy's, Inc.",13.27,28,34,-31,-15,16,5,-6,-25,-6,-32,-16
DLB,Dolby Laboratories,73.82,15,-12,-3,0,0,6,-10,-20,8,-16,-16
GPN,Global Payments,86.36,28,20,-27,-39,-18,-1,36,-24,-10,1,-17
CACC,Credit Acceptance,474.56,28,-12,-3,0,13,-9,-23,7,-5,-30,-17
POOL,Pool Corporation,316.07,28,20,-23,-6,19,-5,4,-29,-9,-39,-20
PAYC,Paycom,225.34,0,-12,19,-24,-17,7,16,10,-37,-4,-21
ATR,AptarGroup,137.88,-21,-12,-3,20,-16,-31,-9,10,25,-5,-21
OVV,Ovintiv,39.13,-10,0,-5,0,-15,-2,-6,7,-6,-7,-22
MOS,Mosaic Company (The),32.3,0,-5,16,-16,-5,19,-21,15,-30,-17,-22
RIVN,Rivian,12.42,6,-15,-3,0,-12,23,-9,-3,-21,-10,-22
TOST,"Toast, Inc.",42.51,-64,0,77,0,13,-61,-1,10,17,-35,-22
ST,Sensata Technologies,32.37,29,5,0,-15,19,-5,-10,8,-35,-42,-23
HST,Host Hotels & Resorts,15.85,20,0,-32,2,-10,-5,-10,8,-6,-13,-23
CF,CF Industries,84.43,0,-8,0,4,-4,-3,-34,10,8,-19,-23
MORN,"Morningstar, Inc.",258.42,0,-13,-20,28,-5,-8,-26,-2,18,-18,-23
DAY,Dayforce,66.62,7,1,-20,-12,-24,27,-7,-24,5,1,-23
SON,Sonoco,45.47,27,11,-44,0,-6,-1,-9,7,-14,-17,-23
CUBE,CubeSmart,39.01,0,-10,-23,0,-33,24,-23,10,-2,9,-24
ONTO,Onto Innovation,108.71,49,1,-26,0,24,-9,-14,-21,-4,-48,-24
PSA,Public Storage,280.63,-2,-13,-11,1,-25,22,-44,10,13,1,-24
CNH,CNH Industrial,12.2,-21,-3,19,0,-5,-13,-19,10,2,-20,-25
CTRA,Coterra,23.23,-8,-24,-5,44,7,-2,-31,-12,13,-32,-25
CPB,Campbell Soup Company,32.35,12,0,-32,-6,-26,25,19,-39,-5,0,-26
PATH,UiPath,11.15,7,-15,-11,0,-19,25,-19,-3,-10,-7,-26
SBUX,Starbucks,92.54,0,0,-1,1,0,-14,-5,-15,7,-27,-27
RRC,Range Resources,33.12,-84,-19,-1,42,-62,-1,-30,10,55,34,-28
WBD,Warner Bros. Discovery,11.81,0,48,12,-42,18,-2,-7,8,-45,-46,-28
RBRK,Rubrik,85.7,-49,0,0,0,-49,-19,-4,44,0,21,-28
TTD,Trade Desk (The),54.95,-49,-7,-27,-1,-84,6,28,1,20,55,-29
ESTC,Elastic NV,78.49,7,-12,-13,-6,-24,25,-8,-18,-4,-5,-29
ZM,Zoom Communications,73.63,12,-15,-3,0,-6,26,-51,-2,4,-23,-29
SW,Smurfit Westrock,42.92,-14,-2,-3,16,-3,-13,-7,-23,17,-26,-29
DV,DoubleVerify,16.18,14,5,-70,0,-51,28,21,-18,-10,21,-30
IRDM,Iridium Communications,24.64,31,-13,-4,-19,-5,-1,-12,7,-19,-25,-30
KBR,"KBR, Inc.",49.79,7,0,-30,0,-23,-2,4,-8,-1,-7,-30
DG,Dollar General,112.26,-1,0,0,-17,-18,-13,4,22,-26,-13,-31
MIDD,Middleby,130.75,0,-9,-3,0,-12,-4,-12,-16,13,-19,-31
TREX,"Trex Company, Inc.",62.89,20,29,-54,-13,-18,-5,-5,2,-6,-14,-32
CHH,Choice Hotels,122.02,0,-9,-3,0,-12,-7,-10,-17,14,-20,-32
ALGM,Allegro MicroSystems,30.83,-8,0,11,0,3,-13,-14,8,-16,-35,-32
GDDY,GoDaddy,144.06,0,-28,-3,22,-9,25,-52,-19,22,-24,-33
NTNX,Nutanix,69.43,-55,-6,31,22,-8,-47,-12,10,24,-25,-33
VFC,VF Corporation,13.14,18,0,-20,-43,-45,30,-5,-20,7,12,-33
HSIC,Schein (Henry),67.21,0,-3,-5,-1,-9,-5,-19,-3,3,-24,-33
REGN,Regeneron Pharmaceuticals,573.93,21,5,-41,0,-15,25,2,-42,-4,-19,-34
SWK,Stanley Black & Decker,74.52,35,34,-29,-39,1,-1,3,-35,-2,-35,-34
MRK,Merck & Co.,84.21,28,12,-47,0,-7,28,2,-51,-6,-27,-34
VAC,Marriott Vacations Worldwide,75.07,15,0,-3,-17,-5,-2,-10,7,-25,-30,-35
IOT,Samsara,33.9,0,-34,-10,0,-44,12,-7,-17,20,8,-36
BALL,Ball Corporation,52.85,-3,-2,-3,-11,-19,-13,-10,10,-5,-18,-37
CLVT,Clarivate,4.36,28,1,-77,-6,-54,60,-5,3,-42,16,-38
KMPR,Kemper Corporation,52.86,0,-9,-6,-1,-16,-5,-28,-3,14,-22,-38
PPG,PPG Industries,110.96,28,0,-46,-8,-26,-1,-14,10,-8,-13,-39
CMCSA,Comcast,33.42,18,-15,-35,-9,-41,29,-17,-2,-8,2,-39
RVTY,Revvity,89.67,20,-14,-20,-24,-38,40,-19,-25,3,-1,-39
COP,ConocoPhillips,93.99,0,20,-45,0,-25,-2,-6,2,-8,-14,-39
TSN,Tyson Foods,56.06,0,0,-1,-28,-29,-13,3,-11,11,-10,-39
WAT,Waters Corporation,288.95,27,-26,-5,-2,-6,-3,-25,-20,14,-34,-40
CL,Colgate-Palmolive,84.26,-2,-29,-6,23,-14,-16,-22,-14,26,-26,-40
EGP,EastGroup Properties,161.11,-2,-7,-5,8,-6,-7,-33,10,-5,-35,-41
UHAL,U-Haul,57.92,15,-15,-15,0,-15,-9,-10,-28,20,-27,-42
ACI,Albertsons,19.24,0,-25,0,0,-25,16,-21,-3,-9,-17,-42
KVUE,Kenvue,21.1,-21,0,0,0,-21,-15,-6,-3,3,-21,-42
WY,Weyerhaeuser,25.68,28,-2,-23,0,3,-5,3,-35,-8,-45,-42
REYN,Reynolds Consumer Products,22.54,0,9,-28,0,-19,-9,28,-40,-3,-24,-43
APA,APA Corporation,20.42,56,8,-85,-12,-33,-2,6,5,-19,-10,-43
NDSN,Nordson,214.03,0,0,-36,0,-36,-12,2,10,-7,-7,-43
LW,Lamb Weston,54.3,12,4,-72,-8,-64,36,-4,3,-14,21,-43
CAR,Avis Budget Group,158.77,7,0,9,-20,-4,-10,-6,13,-37,-40,-44
SOLV,Solventum,70.76,-14,-2,0,0,-16,-12,-22,6,0,-28,-44
RAL,Ralliant,43.24,-15,0,0,0,-15,-17,-13,0,0,-30,-45
CROX,Crocs,82.86,0,-8,-42,-1,-51,27,-12,-4,-5,6,-45
CNXC,Concentrix,48.2,6,-12,-3,0,-9,-2,-10,8,-33,-37,-46
LBRDK,Liberty Broadband (Series C),61.39,13,-17,-3,-36,-43,9,-17,-3,8,-3,-46
LBRDA,Liberty Broadband (Series A),60.99,13,-17,-3,-36,-43,9,-17,-3,8,-3,-46
TRIP,Tripadvisor,16.71,-7,33,0,-52,-26,-12,28,7,-44,-21,-47
DUOL,Duolingo,369.17,0,-34,0,0,-34,13,-48,-1,23,-13,-47
TGT,Target Corporation,104.96,0,34,-31,-11,-8,3,3,-39,-6,-39,-47
FND,Floor & Decor,81.37,0,34,-35,-6,-7,-9,3,-29,-6,-41,-48
HUBS,HubSpot,448.65,0,-47,-10,-1,-58,16,-7,-18,19,10,-48
MTN,Vail Resorts,154.37,26,0,-33,-23,-30,30,-18,6,-36,-18,-48
GEHC,GE HealthCare,73.16,0,0,-20,0,-20,-12,-7,-18,8,-29,-49
S,SentinelOne,16.99,0,-10,-25,0,-35,27,-12,-28,-1,-14,-49
DOC,Healthpeak Properties,17.06,15,-9,-17,-31,-42,24,-9,-32,9,-8,-50
COO,Cooper Companies (The),73.49,35,0,-27,-5,3,-5,-14,-32,-3,-54,-51
OGN,Organon & Co.,9.28,0,-10,-29,0,-39,44,-10,-42,-4,-12,-51
SPB,Spectrum Brands,55.81,0,0,-28,-4,-32,-9,-8,-27,24,-20,-52
TEAM,Atlassian,169.18,0,-28,-6,-6,-40,15,-20,-18,11,-12,-52
ILMN,"Illumina, Inc.",100.5,15,48,-28,-40,-5,-2,-7,2,-40,-47,-52
VSTS,Vestis,4.9,0,-12,-22,0,-34,16,-7,-27,0,-18,-52
AMCR,Amcor,8.48,-21,-3,-1,0,-25,-13,-12,-1,-2,-28,-53
ACN,Accenture,249.11,6,-29,-23,-1,-47,21,-27,-19,19,-6,-53
MKSI,MKS Instruments,101.1,0,8,-27,-13,-32,-9,-13,6,-5,-21,-53
KMX,CarMax,58.42,28,-25,-19,-36,-52,34,-23,-23,11,-1,-53
TPL,Texas Pacific Land Corporation,892.69,0,-55,-9,58,-6,-1,-55,-5,13,-48,-54
CHRD,Chord Energy,101.76,0,5,-50,0,-45,-1,-6,4,-6,-9,-54
FIS,Fidelity National Information Services,69.75,-4,-10,-2,-37,-53,-9,-12,9,11,-1,-54
ZTS,Zoetis,152.5,16,-27,-35,-3,-49,44,-42,-2,-5,-5,-54
ELV,Elevance Health,309.24,49,-33,-44,-2,-30,14,-25,-10,-3,-24,-54
OKTA,"Okta, Inc.",91.37,0,-49,0,-24,-73,23,-8,-3,6,18,-55
UNH,UnitedHealth Group,308.5,35,-84,-18,-4,-71,45,2,-31,-1,15,-56
OLED,Universal Display Corporation,141.88,6,0,-37,0,-31,-6,-24,10,-5,-25,-56
CRL,Charles River Laboratories,156.99,0,5,-54,-26,-75,29,-8,6,-8,19,-56
PENN,Penn Entertainment,18.67,23,4,-3,-34,-10,28,-12,-18,-44,-46,-56
ODFL,Old Dominion Freight Line,150.4,24,-14,-26,0,-16,-1,-8,-31,-1,-41,-57
INVH,Invitation Homes,29.97,-2,-18,-8,0,-28,-2,-38,-3,14,-29,-57
TXG,10x Genomics,13.46,16,49,-76,0,-11,-3,-6,4,-42,-47,-58
SMG,Scotts Miracle-Gro Company,62.82,20,0,-22,-39,-41,-9,-14,6,-1,-18,-59
NNN,NNN Reit,40.68,-51,-3,0,22,-32,-36,-16,10,14,-28,-60
BBWI,"Bath & Body Works, Inc.",30.17,7,0,-25,-15,-33,7,-12,-16,-6,-27,-60
MTDR,Matador Resources,46.87,-7,0,-29,0,-36,-9,-12,3,-6,-24,-60
PCG,PG&E Corporation,15.1,0,0,-30,1,-29,-16,15,-29,-1,-31,-60
TECH,Bio-Techne,53.3,28,5,-27,-24,-18,-3,-7,-27,-6,-43,-61
EXE,Expand Energy,93.0,-53,-21,41,0,-33,-47,-32,41,10,-28,-61
MOH,Molina Healthcare,169.27,28,-60,-13,-2,-47,27,-25,-9,-8,-15,-62
CHTR,Charter Communications,266.87,13,-17,-4,-36,-44,9,-22,-4,-1,-18,-62
AVY,Avery Dennison,172.26,0,-2,-35,0,-37,-8,-19,7,-5,-25,-62
NOV,NOV Inc.,12.35,7,-12,-55,-12,-72,30,-7,1,-15,9,-63
KNX,Knight-Swift,42.28,27,-3,-25,-2,-3,-9,-17,-21,-13,-60,-63
ESAB,ESAB,110.26,-63,-9,-2,0,-74,-12,-4,10,17,11,-63
ENTG,Entegris,78.42,19,0,-44,-6,-31,27,-6,-49,-5,-33,-64
JBHT,J. B. Hunt,142.49,26,0,-31,0,-5,-7,-14,-28,-10,-59,-64
WFRD,Weatherford International,56.63,7,39,-44,0,2,-10,-6,-48,-5,-69,-67
SAIA,Saia,295.54,0,5,-26,4,-17,-9,-8,-28,-5,-50,-67
JKHY,Jack Henry & Associates,160.74,-3,-13,-3,0,-19,-12,-44,-3,11,-48,-67
FCN,FTI Consulting,167.89,9,24,-37,0,-4,-3,-9,-47,-5,-64,-68
ASH,Ashland Global,53.53,35,11,-41,-9,-4,-3,2,-53,-10,-64,-68
EXAS,Exact Sciences,45.06,19,-19,-28,-25,-53,27,-26,-2,-16,-17,-70
DNB,Dun & Bradstreet,9.1,-29,47,-26,0,-8,11,-8,-28,-37,-62,-70
WHR,Whirlpool Corporation,88.1,28,-13,-5,-26,-16,-2,-19,3,-36,-54,-70
SARO,StandardAero,26.58,-26,-4,0,0,-30,-25,-25,10,0,-40,-70
ALB,Albemarle Corporation,83.12,46,33,-128,-23,-72,16,6,4,-25,1,-71
RARE,Ultragenyx,29.7,30,-28,-27,-38,-63,29,1,-35,-3,-8,-71
EMN,Eastman Chemical Company,65.75,19,-16,-21,-1,-19,-2,-14,-35,-2,-53,-72
ONON,On Holding AG,45.24,-21,-13,-2,0,-36,-23,-44,10,20,-37,-73
CE,Celanese,43.12,0,-7,-43,-10,-60,10,-14,-1,-9,-14,-74
OXY,Occidental Petroleum,44.21,1,0,-55,0,-54,-2,-9,6,-16,-21,-75
DJT,Trump Media & Technology Group,18.42,30,-55,-56,0,-81,50,-11,-24,-9,6,-75
FMC,FMC Corporation,37.96,13,-12,-40,-24,-63,27,-15,2,-26,-12,-75
CIVI,Civitas Resources,33.51,41,6,-55,-6,-14,-2,4,-55,-9,-62,-76
KHC,Kraft Heinz,27.27,-3,4,-42,0,-41,-7,-5,-14,-10,-36,-77
DDOG,Datadog,129.04,-91,0,-2,0,-93,5,-11,7,15,16,-77
IT,Gartner,238.84,0,-45,-21,0,-66,-2,-48,-19,57,-12,-78
AKAM,Akamai Technologies,75.29,15,-13,-26,-7,-31,1,-12,-26,-10,-47,-78
WLK,Westlake Corporation,83.28,28,4,-40,0,-8,-2,-10,-52,-6,-70,-78
CDW,CDW,165.75,0,-10,-42,0,-52,-8,-13,2,-8,-27,-79
AA,Alcoa,29.63,-3,0,-21,-20,-44,-7,2,2,-32,-35,-79
AVTR,Avantor,12.78,34,-12,-29,0,-7,-2,-25,-40,-5,-72,-79
CRWD,CrowdStrike,426.53,-105,-8,45,0,-68,-19,-22,10,20,-11,-79
LKQ,LKQ Corporation,30.83,28,-45,-6,-2,-25,-5,-19,-14,-17,-55,-80
IEX,IDEX Corporation,163.79,20,-14,-28,-2,-24,-8,-14,-28,-6,-56,-80
RNG,RingCentral,30.25,28,4,-26,-41,-35,25,1,-26,-45,-45,-80
RYAN,Ryan Specialty,59.0,0,-38,-3,0,-41,-12,-44,-9,25,-40,-81
MKC,McCormick & Company,68.36,-7,-29,-6,-2,-44,-6,-28,-14,10,-38,-82
GME,GameStop,23.12,18,-46,-10,-30,-68,7,-11,-3,-7,-14,-82
NWL,Newell Brands,5.86,17,1,-27,-31,-40,30,-10,-27,-36,-43,-83
RGEN,Repligen,124.05,28,-2,-16,-17,-7,-2,-18,-20,-37,-77,-84
LCID,Lucid Motors,2.18,-8,0,-4,0,-12,-12,-9,-17,-35,-73,-85
LOAR,Loar Holdings,70.15,3,-31,0,0,-28,4,-58,-3,0,-57,-85
TFX,Teleflex,119.96,35,-1,-42,-39,-47,-2,11,-38,-10,-39,-86
IAC,IAC Inc.,35.23,0,-10,-2,-31,-43,-1,-10,6,-38,-43,-86
BILL,Bill.com,41.64,6,-13,-24,0,-31,16,-14,-20,-37,-55,-86
PRMB,Primo Brands,25.05,2,-54,0,22,-30,18,-83,-10,18,-57,-87
DAR,Darling Ingredients,31.03,2,-13,-6,-20,-37,-9,-19,8,-30,-50,-87
FRPT,Freshpet,61.96,-5,-45,-24,-6,-80,-5,-2,-20,19,-8,-88
ACHC,Acadia Healthcare,21.12,32,-25,-48,-11,-52,37,-16,-42,-16,-37,-89
EG,Everest Group,331.96,6,-25,-36,55,0,-4,-43,-37,-5,-89,-89
LINE,"Lineage, Inc.",39.38,-49,-8,0,0,-57,-13,12,-31,0,-32,-89
BHF,Brighthouse Financial,45.55,0,-32,-3,0,-35,-10,-50,-3,8,-55,-90
ZBH,Zimmer Biomet,102.56,56,8,-65,-17,-18,7,3,-64,-18,-72,-90
CCI,Crown Castle,100.54,-96,-1,7,-28,-118,8,-6,20,5,27,-91
LYB,LyondellBasell,52.94,14,-12,-44,-5,-47,30,-10,-58,-7,-45,-92
FTV,Fortive,47.77,14,-14,-21,0,-21,-7,-40,-17,-8,-72,-93
ELS,Equity Lifestyle Properties,59.5,0,-38,-21,0,-59,-5,5,-32,-3,-35,-94
CLX,Clorox,119.48,-42,-3,-17,-5,-67,-5,-8,-27,13,-27,-94
DOW,Dow Inc.,23.24,20,-18,-43,-1,-42,30,-18,-58,-8,-54,-96
UHAL-B,U-Haul (Series N),53.15,3,-15,-23,0,-35,-9,-14,-37,-1,-61,-96
LULU,Lululemon Athletica,203.62,14,-50,-11,-3,-50,27,-44,-20,-12,-49,-99
CAVA,Cava Group,69.79,-48,-4,-14,0,-66,-2,-8,-28,2,-36,-102
EPR,EPR Properties,52.73,-156,-6,57,29,-76,-42,-16,10,21,-27,-103
BIIB,Biogen,135.83,28,4,-84,-27,-79,28,11,-47,-18,-26,-105
HUN,Huntsman Corporation,10.03,27,-18,-45,-15,-51,28,-10,-40,-33,-55,-106
WEN,Wendy's Company (The),10.7,28,-38,-37,-8,-55,25,-29,-32,-15,-51,-106
COTY,Coty,4.97,20,1,-64,-7,-50,30,-12,-66,-9,-57,-107
OLN,Olin Corporation,21.27,28,0,-60,-9,-41,32,-14,-62,-23,-67,-108
AZTA,Azenta,30.43,17,0,-53,-31,-67,-8,-9,-19,-9,-45,-112
CZR,Caesars Entertainment,25.67,9,-13,-26,-25,-55,29,-14,-35,-37,-57,-112
STZ,Constellation Brands,166.24,-15,-1,-45,-3,-64,-5,26,-61,-8,-48,-112
CHE,Chemed Corporation,444.49,31,-61,-11,0,-41,-6,-49,-9,-8,-72,-113
SRPT,Sarepta Therapeutics,20.99,56,-150,-29,-7,-130,65,7,-50,-6,16,-114
EPAM,EPAM Systems,164.81,7,-14,-26,-27,-60,19,-20,-17,-37,-55,-115
IFF,International Flavors & Fragrances,65.29,0,-14,-23,-31,-68,-2,-10,-35,-1,-48,-116
LSTR,Landstar,128.8,15,-15,-35,-1,-36,-9,-23,-42,-7,-81,-117
HAL,Halliburton,21.35,1,0,-63,-5,-67,26,-5,-62,-9,-50,-117
ARE,Alexandria Real Estate Equities,77.26,12,5,-37,-30,-50,23,-8,-48,-35,-68,-118
HRL,Hormel Foods,28.27,-7,-23,-10,-23,-63,-16,-19,10,-30,-55,-118
BMRN,BioMarin Pharmaceutical,57.45,-6,0,-50,-20,-76,-5,-1,-15,-22,-43,-119
ADBE,Adobe Inc.,357.32,14,-29,-36,-6,-57,26,-45,-40,-5,-64,-121
SLB,Schlumberger,33.3,6,-12,-70,-1,-77,5,-18,-21,-10,-44,-121
INSP,Inspire Medical Systems,88.35,0,-65,-23,-6,-94,37,-19,-28,-17,-27,-121
MAN,ManpowerGroup,41.22,18,-3,-46,-28,-59,30,-12,-46,-36,-64,-123
TDC,Teradata,21.25,18,-8,-79,-17,-86,-2,-21,1,-16,-38,-124
GFS,GlobalFoundries,33.74,0,-10,-82,0,-92,1,-14,-2,-17,-32,-124
COLM,Columbia Sportswear,53.81,14,-111,-21,-6,-124,27,-25,-16,13,-1,-125
BRKR,Bruker,34.25,6,-13,-60,-8,-75,32,-11,-64,-9,-52,-127
DLR,Digital Realty,164.89,-87,-2,0,22,-67,-81,-8,10,19,-60,-127
MRNA,Moderna,28.09,12,-9,-55,-4,-56,27,-10,-55,-39,-77,-133
AR,Antero Resources,30.17,-65,-21,-1,10,-77,-48,-32,10,10,-60,-137
NSA,National Storage Affiliates,30.12,16,-61,-15,-4,-64,25,-62,-36,-1,-74,-138
SIRI,Sirius XM,22.84,27,0,-83,-31,-87,28,-13,-49,-17,-51,-138
SAM,Boston Beer Company,216.11,-1,0,-35,-37,-73,-9,18,-31,-44,-66,-139
ALGN,Align Technology,145.02,14,-13,-67,-25,-91,-2,-6,-3,-38,-49,-140
FLO,Flowers Foods,15.75,-13,-2,-37,-8,-60,-13,11,-57,-23,-82,-142
CNC,Centene,28.99,29,-61,-44,-11,-87,41,-59,-13,-28,-59,-146
BF-A,Brown–Forman (Class A),30.68,7,0,-102,-18,-113,5,26,-42,-24,-35,-148
QDEL,QuidelOrtho,25.82,30,-27,-23,-38,-58,-2,-19,-23,-47,-91,-149
UA,Under Armour (Class C),5.06,-49,-7,-28,-37,-121,9,-9,6,-37,-31,-152
BF-B,Brown–Forman (Class B),30.5,0,0,-103,-18,-121,5,26,-35,-28,-32,-153
WSC,WillScot Mobile Mini,24.16,-3,-12,-65,-6,-86,-13,-6,-42,-12,-73,-159
UAA,Under Armour (Class A),5.18,-50,-7,-28,-44,-129,9,-9,5,-37,-32,-161
MPW,Medical Properties Trust,4.14,4,-68,-7,-36,-107,-5,-11,-7,-35,-58,-165
GLOB,Globant,68.31,-14,-64,-26,-7,-111,-12,-12,-26,-7,-57,-168
MKTX,MarketAxess,186.54,-3,-17,-28,-29,-77,-16,-32,-2,-44,-94,-171
BRBR,BellRing Brands,38.47,-16,-72,-13,0,-101,-16,-64,-19,27,-72,-173
CAG,Conagra Brands,18.98,-1,-86,-32,-7,-126,-13,3,-14,-23,-47,-173
BAX,Baxter International,23.61,0,-29,-23,-38,-90,-5,-28,-14,-41,-88,-178
DXC,DXC Technology,13.91,29,-28,-25,-73,-97,-2,-22,-32,-34,-90,-187
WU,Western Union,8.47,41,-93,-23,-46,-121,3,-10,-58,-5,-70,-191
PRGO,Perrigo,23.02,0,-9,-2,-113,-124,-9,-8,-2,-55,-74,-198
XRAY,Dentsply Sirona,13.87,14,-13,-81,-42,-122,27,-10,-68,-40,-91,-213
PLTK,Playtika,3.74,-105,-17,-26,0,-148,5,-19,-27,-31,-72,-220
UPS,United Parcel Service,86.51,0,-15,-106,-16,-137,-5,-23,-34,-34,-96,-233
FDS,FactSet,371.05,-177,-21,-5,0,-203,-10,-17,-3,-1,-31,-234
GIS,General Mills,49.34,-3,-92,-41,-4,-140,-2,-38,-37,-19,-96,-236
NFE,New Fortress Energy,2.27,-49,-7,-71,-3,-130,-51,-10,-22,-25,-108,-238
RHI,Robert Half,35.8,16,-142,-29,-9,-164,-2,-19,-27,-32,-80,-244
COLD,Americold,14.28,-7,-96,-41,-11,-155,-6,-38,-41,-15,-100,-255
ENPH,Enphase Energy,35.77,13,-152,-46,-20,-205,9,-17,-53,-24,-85,-290
WOLF,Wolfspeed,1.34,-105,-5,-134,-30,-274,11,-21,-100,-37,-147,-421
