Symbol,Name,Close,1H Cloud Score,1D Cloud Score,1W Cloud Score,1M Cloud Score,Cloud Score Sum,1H TKx Score,1D TKx Score,1W TKx Score,1M TKx Score,TKx Score Sum,Total Score Sum
TJX,TJX Companies,139.23,19,24,151,199,393,44,28,120,194,386,779
ORLY,O'Reilly Auto Parts,104.84,49,35,166,200,450,14,41,57,90,202,652
COOP,Mr. Cooper Group,213.18,14,81,122,59,276,19,80,120,57,276,552
MSI,Motorola Solutions,479.07,42,36,4,154,236,45,46,4,186,281,517
SGI,Somnigroup International,87.09,142,81,44,65,332,19,94,13,27,153,485
ORI,Old Republic International,40.44,38,18,150,59,265,28,16,120,56,220,485
AZO,AutoZone,4215.58,98,34,97,87,316,12,41,57,58,168,484
WELL,Welltower,167.81,0,78,119,59,256,-10,39,136,25,190,446
MCD,McDonald's,314.47,27,17,55,243,342,-2,37,1,58,94,436
FAST,Fastenal,47.99,-7,103,126,107,329,12,47,18,24,101,430
JPM,JPMorgan Chase,294.45,-5,83,126,159,363,14,8,13,27,62,425
WM,"Waste Management, Inc.",220.1,-7,-10,98,188,269,-19,-16,30,160,155,424
GOOGL,Alphabet (Class A),235.07,70,70,11,177,328,17,44,8,22,91,419
GOOG,Alphabet (Class C),235.17,70,70,10,177,327,17,44,7,22,90,417
BSX,Boston Scientific,107.22,17,13,147,145,322,19,5,13,58,95,417
CDNS,Cadence Design Systems,350.99,2,50,20,142,214,9,-6,13,181,197,411
CASY,Casey's,506.0,2,0,116,88,206,21,-16,120,79,204,410
AM,Antero Midstream,18.26,21,3,151,24,199,73,-1,81,56,209,408
RBA,RB Global,115.05,0,92,107,28,227,-2,41,110,20,169,396
MA,Mastercard,584.13,-7,26,129,156,304,15,33,13,27,88,392
RTX,RTX Corporation,157.54,-7,80,80,55,208,-7,86,87,15,181,389
WRB,W. R. Berkley Corporation,71.98,2,7,97,177,283,-2,20,27,56,101,384
BPOP,"Popular, Inc.",125.22,142,88,20,60,310,19,16,13,20,68,378
GS,Goldman Sachs,738.52,2,81,95,59,237,10,92,13,22,137,374
ROL,"Rollins, Inc.",56.52,0,0,34,287,321,-6,-3,26,36,53,374
COST,Costco,963.59,0,0,0,181,181,15,-3,-5,185,192,373
RSG,Republic Services,229.73,-7,-27,127,178,271,-4,-52,-4,161,101,372
RL,Ralph Lauren Corporation,312.02,46,83,97,35,261,56,12,13,27,108,369
MS,Morgan Stanley,148.12,0,81,79,65,225,19,92,13,17,141,366
HUBB,Hubbell Incorporated,436.15,0,79,4,183,266,9,10,9,72,100,366
PTC,PTC Inc.,213.73,2,80,9,183,274,8,44,10,27,89,363
AAPL,Apple Inc.,239.67,23,48,1,252,324,14,16,5,-1,34,358
THC,Tenet Healthcare,196.19,147,18,17,58,240,63,15,11,25,114,354
ITT,ITT Inc.,170.73,2,87,19,100,208,9,94,13,27,143,351
BK,BNY Mellon,103.71,0,83,97,41,221,9,87,13,20,129,350
FIX,Comfort Systems USA,706.61,2,84,20,65,171,14,96,13,56,179,350
HWM,Howmet Aerospace,178.19,14,0,151,30,195,14,-18,95,58,149,344
APH,Amphenol,110.45,4,94,22,66,186,19,96,13,28,156,342
INSM,Insmed,145.1,132,61,67,17,277,-3,31,13,21,62,339
CHD,Church & Dwight,95.85,14,-29,-19,345,311,14,5,-17,26,28,339
HALO,Halozyme,74.93,224,28,10,20,282,-2,39,4,15,56,338
NRG,NRG Energy,147.75,2,-4,106,95,199,14,-14,116,22,138,337
PLTR,Palantir Technologies,153.09,-7,94,119,0,206,-9,-9,122,21,125,331
VMI,Valmont Industries,377.48,9,71,65,59,204,15,91,10,11,127,331
V,Visa Inc.,343.15,-6,-1,140,134,267,13,10,13,27,63,330
LYV,Live Nation Entertainment,163.35,-18,82,97,148,309,-28,20,12,17,21,330
ANET,Arista Networks,142.91,42,66,10,59,177,21,62,9,57,149,326
FERG,Ferguson Enterprises,238.36,13,83,14,66,176,14,94,13,26,147,323
TIGO,Millicom,47.16,-1,161,80,3,243,-10,46,27,17,80,323
WMT,Walmart,100.51,16,5,130,102,253,36,-9,13,30,70,323
L,Loews Corporation,96.61,2,81,115,56,254,14,16,13,25,68,322
ALL,Allstate,201.49,-6,26,100,160,280,11,-1,14,18,42,322
TRV,Travelers Companies (The),275.25,21,17,94,59,191,19,28,27,57,131,322
GLW,Corning Inc.,71.18,70,80,22,18,190,19,87,11,15,132,322
HD,Home Depot (The),419.14,14,33,4,181,232,19,46,5,20,90,322
NEM,Newmont,76.19,82,105,22,6,215,5,67,22,11,105,320
WCC,Wesco International,219.19,0,80,10,59,149,7,94,11,58,170,319
PFGC,Performance Food Group,105.42,28,84,56,44,212,25,10,13,58,106,318
ATO,Atmos Energy,166.53,0,21,77,46,144,3,37,88,46,174,318
LOPE,Grand Canyon Education,204.23,20,21,150,36,227,-2,20,37,35,90,317
EHC,Encompass Health,125.6,28,15,146,30,219,20,18,27,30,95,314
TOL,Toll Brothers,147.4,72,65,3,62,202,19,58,7,27,111,313
ETR,Entergy,87.72,-41,39,79,138,215,-5,-4,92,15,98,313
WDC,Western Digital,92.06,70,81,15,19,185,19,92,13,4,128,313
URI,United Rentals,975.69,15,81,10,65,171,19,52,11,58,140,311
LOW,Lowe's,270.08,20,33,3,167,223,19,45,4,20,88,311
SPG,Simon Property Group,182.24,124,50,4,36,214,15,49,11,22,97,311
PHM,PulteGroup,140.56,70,54,4,66,194,19,58,9,30,116,310
DDS,Dillard's,577.28,71,63,17,55,206,19,17,10,56,102,308
KRC,Kilroy Realty,42.71,120,71,9,0,200,12,74,9,12,107,307
HEI,HEICO (Common),321.62,4,2,28,190,224,19,-14,19,58,82,306
AWI,Armstrong World Industries,198.43,9,88,97,22,216,9,47,13,20,89,305
SNX,TD Synnex,149.44,5,81,18,64,168,16,87,11,22,136,304
TMUS,T-Mobile US,252.69,-2,20,97,140,255,-9,33,-11,36,49,304
RBC,RBC Bearings,387.51,-35,0,96,165,226,7,-4,17,58,78,304
AMG,Affiliated Managers Group,230.27,70,87,14,23,194,20,58,13,18,109,303
EVRG,Evergy,71.6,0,62,61,15,138,12,62,80,11,165,303
STE,Steris,245.33,0,20,17,196,233,5,13,25,26,69,302
ITW,Illinois Tool Works,266.28,2,52,5,179,238,7,16,10,30,63,301
PODD,Insulet,348.2,144,18,48,5,215,49,13,17,7,86,301
AME,Ametek,187.46,12,26,7,107,152,8,26,13,102,149,301
FYBR,Frontier Communications,37.26,49,19,92,0,160,10,18,97,15,140,300
AVGO,Broadcom,334.91,15,84,22,117,238,17,1,13,31,62,300
AFG,American Financial Group,138.66,154,22,4,57,237,19,22,7,15,63,300
EBAY,eBay,92.66,0,90,80,15,185,12,-1,85,17,113,298
NFLX,Netflix,1244.17,15,0,119,21,155,19,12,90,21,142,297
RCL,Royal Caribbean Group,352.44,0,81,124,29,234,12,9,13,28,62,296
MEDP,Medpace,487.0,64,55,7,33,159,62,65,7,3,137,296
MPWR,Monolithic Power Systems,866.15,6,81,6,158,251,9,25,13,-3,44,295
YUM,Yum! Brands,144.63,-49,-3,31,260,239,3,-1,-5,58,55,294
ACM,AECOM,126.62,10,87,19,66,182,10,16,13,72,111,293
HEI-A,HEICO (Class A),252.35,3,3,29,183,218,19,4,20,31,74,292
LITE,Lumentum,149.46,63,79,17,4,163,19,87,11,11,128,291
CRS,Carpenter Technology Corporation,247.65,7,-10,149,36,182,10,-26,74,50,108,290
SPOT,Spotify,707.64,6,2,115,13,136,19,16,98,21,154,290
PGR,Progressive Corporation,243.86,-7,-61,0,178,110,-3,-1,-6,190,180,290
HR,Healthcare Realty Trust,18.06,77,49,5,1,132,87,55,5,10,157,289
DHI,D. R. Horton,181.81,70,54,4,66,194,33,58,7,-3,95,289
AXS,AXIS Capital,97.45,-6,0,89,46,129,5,16,85,54,160,289
ABBV,AbbVie,212.54,32,33,20,59,144,33,40,6,65,144,288
SHW,Sherwin-Williams,372.54,7,24,4,191,226,12,16,13,20,61,287
CBRE,CBRE Group,164.4,6,65,95,23,189,9,61,11,15,96,285
PANW,Palo Alto Networks,194.39,105,1,2,82,190,19,2,13,58,92,282
SSNC,SS&C Technologies,88.79,0,57,93,15,165,8,82,10,16,116,281
RPM,RPM International,126.62,7,32,3,181,223,8,41,10,-1,58,281
NDAQ,"Nasdaq, Inc.",93.47,-28,87,79,145,283,-26,-5,13,15,-3,280
FTI,TechnipFMC,38.91,73,81,20,28,202,24,3,13,38,78,280
MLI,Mueller Industries,97.56,13,53,10,59,135,16,46,11,72,145,280
APP,AppLovin,490.36,64,26,108,0,198,19,34,9,19,81,279
J,Jacobs Solutions,145.44,-42,79,9,107,153,1,94,10,20,125,278
HIG,Hartford (The),131.63,-6,23,97,58,172,-3,27,24,57,105,277
T,AT&T,29.6,17,21,73,17,128,12,23,97,16,148,276
RJF,Raymond James Financial,165.52,0,80,95,59,234,8,3,10,20,41,275
GD,General Dynamics,322.86,0,103,11,55,169,-26,58,13,58,103,272
BR,Broadridge Financial Solutions,251.04,-63,34,117,146,234,2,-3,13,26,38,272
R,Ryder,187.22,2,66,14,57,139,12,52,11,57,132,271
MNST,Monster Beverage,62.47,0,20,29,181,230,-4,16,22,5,39,269
FITB,Fifth Third Bancorp,45.62,126,57,3,23,209,19,14,10,17,60,269
GE,GE Aerospace,279.44,41,92,22,28,183,19,3,33,30,85,268
DUK,Duke Energy,120.59,-42,37,79,184,258,-35,-1,25,17,6,264
CNM,Core & Main,66.96,9,83,22,0,114,18,94,13,25,150,264
TPR,"Tapestry, Inc.",104.21,35,81,83,22,221,19,-8,11,20,42,263
COR,Cencora,292.46,-1,4,47,76,126,-4,13,58,69,136,262
SF,Stifel,112.57,-7,71,11,60,135,9,86,10,21,126,261
HCA,HCA Healthcare,420.92,28,20,6,98,152,40,20,19,30,109,261
AU,AngloGold Ashanti,59.76,56,25,79,19,179,5,34,27,15,81,260
THG,Hanover Insurance,177.62,28,20,64,25,137,40,12,56,15,123,260
NVR,"NVR, Inc.",8509.73,30,50,1,66,147,30,46,6,30,112,259
SSD,Simpson Manufacturing Company,195.9,7,33,4,157,201,5,46,9,-2,58,259
SNPS,Synopsys,597.97,-1,68,10,181,258,5,-10,11,-6,0,258
BOKF,BOK Financial Corporation,112.83,126,50,3,23,202,17,16,7,15,55,257
ADI,Analog Devices,246.97,-5,12,14,180,201,4,12,13,27,56,257
LECO,Lincoln Electric,244.31,2,80,10,66,158,8,87,11,-8,98,256
TTWO,Take-Two Interactive,239.75,43,4,48,14,109,65,11,48,21,145,254
AON,AON,370.36,0,24,0,178,202,-2,15,-18,57,52,254
DTE,DTE Energy,136.6,-63,2,77,190,206,7,-3,30,14,48,254
C,Citigroup,95.42,2,81,22,19,124,11,91,13,15,130,254
COF,Capital One,221.61,0,87,97,22,206,7,7,13,19,46,252
RITM,Rithm Capital,12.62,14,81,20,33,148,16,48,13,27,104,252
IBM,IBM,248.65,15,-26,112,55,156,14,-34,59,57,96,252
BYD,Boyd Gaming,86.45,2,81,51,60,194,8,9,13,28,58,252
SYY,Sysco,82.5,34,68,10,4,116,30,81,10,15,136,252
DRI,Darden Restaurants,210.06,15,0,47,62,124,35,10,51,31,127,251
ORCL,Oracle Corporation,232.85,2,0,14,199,215,7,-12,13,28,36,251
BXP,"BXP, Inc.",76.88,106,7,1,1,115,114,8,13,-1,134,249
SO,Southern Company,91.78,-59,0,79,191,211,-63,-6,26,80,37,248
GRMN,Garmin,237.37,0,54,115,20,189,12,15,9,22,58,247
BRK-B,Berkshire Hathaway,499.82,2,7,127,63,199,12,15,-8,27,46,245
TKO,TKO Group Holdings,194.04,25,19,74,41,159,9,12,13,51,85,244
EME,Emcor,624.46,2,81,20,59,162,19,-7,11,58,81,243
KLAC,KLA Corporation,905.76,7,0,17,178,202,8,-7,13,27,41,243
JEF,Jefferies Financial Group,63.5,0,57,0,59,116,8,57,4,58,127,243
WPC,W. P. Carey,68.14,10,78,32,3,123,14,70,29,6,119,242
AYI,Acuity Brands,338.2,14,57,7,28,106,20,86,9,21,136,242
CVNA,Carvana,368.89,1,93,95,12,201,9,1,13,17,40,241
AL,Air Lease Corporation,63.68,135,11,20,23,189,-3,14,13,27,51,240
CAT,Caterpillar Inc.,423.21,0,80,11,65,156,9,5,11,58,83,239
OMF,OneMain Financial,61.48,2,81,20,61,164,19,16,13,27,75,239
PG,Procter & Gamble,160.04,14,0,-9,180,185,29,13,-17,27,52,237
SYK,Stryker Corporation,392.31,2,0,20,160,182,9,4,11,30,54,236
FTAI,FTAI Aviation,154.0,77,27,6,48,158,9,27,9,32,77,235
STT,State Street Corporation,112.95,-7,83,20,17,113,7,88,12,15,122,235
PH,Parker Hannifin,758.7,2,82,20,66,170,7,13,13,31,64,234
AJG,Arthur J. Gallagher & Co.,299.06,-7,-51,0,187,129,-7,9,-5,108,105,234
UI,Ubiquiti,576.71,70,10,55,11,146,19,45,13,11,88,234
CINF,Cincinnati Financial,153.4,0,24,88,63,175,14,15,13,16,58,233
PPL,PPL Corporation,35.96,-59,39,79,24,83,9,34,91,15,149,232
FICO,Fair Isaac,1533.67,73,-43,-9,167,188,38,5,-31,32,44,232
INTU,Intuit,673.03,2,-12,20,192,202,13,-18,13,21,29,231
ALNY,Alnylam Pharmaceuticals,451.99,0,80,20,16,116,-2,88,13,16,115,231
OLLI,Ollie's Bargain Outlet,133.4,2,2,118,17,139,12,-10,66,24,92,231
PNR,Pentair,110.67,10,81,12,63,166,11,18,11,25,65,231
MSFT,Microsoft,495.02,-7,0,19,174,186,19,-14,13,26,44,230
FFIV,"F5, Inc.",316.17,2,80,97,15,194,9,-4,13,18,36,230
GILD,Gilead Sciences,115.05,0,75,54,36,165,17,-3,11,40,65,230
CSL,Carlisle Companies,396.18,8,0,0,179,187,5,3,13,21,42,229
BX,Blackstone Inc.,170.0,2,52,7,143,204,7,-12,8,22,25,229
DGX,Quest Diagnostics,183.45,7,20,71,19,117,8,18,71,15,112,229
HLT,Hilton Worldwide,272.29,-5,81,19,65,160,19,11,11,27,68,228
LLY,Lilly (Eli),726.97,0,-28,-6,173,139,-1,3,-10,97,89,228
CG,Carlyle Group (The),63.73,0,72,11,22,105,10,83,10,19,122,227
ALLE,Allegion,171.86,7,93,12,22,134,8,49,13,23,93,227
RBLX,Roblox Corporation,127.68,63,93,56,0,212,-2,-15,19,12,14,226
AGNC,AGNC Investment,10.38,19,66,14,17,116,17,64,11,18,110,226
OHI,Omega Healthcare Investors,43.12,35,40,9,41,125,28,32,8,32,100,225
NLY,Annaly Capital Management,22.08,23,63,21,11,118,30,49,11,17,107,225
LIN,Linde plc,469.41,-34,24,16,111,117,-29,16,13,107,107,224
CME,CME Group,262.03,-13,-15,57,137,166,-5,-10,53,20,58,224
MMC,Marsh McLennan,203.75,-58,-62,-6,176,50,-6,13,-14,179,172,222
CXT,Crane NXT,61.08,0,71,1,56,128,16,12,9,57,94,222
CMI,Cummins,399.91,3,53,8,66,130,7,44,9,31,91,221
DINO,HF Sinclair,51.1,126,83,3,2,214,-12,13,13,-9,5,219
AAON,AAON,81.23,-30,0,-16,246,200,5,10,-28,32,19,219
NVT,Nvent Electric,92.82,4,81,11,13,109,10,94,11,-6,109,218
GGG,Graco Inc.,85.83,0,0,3,179,182,9,15,13,-1,36,218
AN,AutoNation,226.63,14,18,20,62,114,19,14,13,58,104,218
CVS,CVS Health,73.78,145,16,13,0,174,49,20,3,-29,43,217
MO,Altria,66.54,-5,34,73,46,148,-5,27,29,17,68,216
SEB,Seaboard Corporation,3929.0,77,55,8,2,142,-5,67,11,1,74,216
OZK,Bank OZK,52.36,2,81,20,57,160,16,9,11,20,56,216
KIM,Kimco Realty,22.77,92,18,2,56,168,12,10,11,15,48,216
CW,Curtiss-Wright,481.69,2,89,22,55,168,-7,-8,13,50,48,216
FIVE,Five Below,153.49,99,83,3,0,185,19,14,14,-16,31,216
CLH,Clean Harbors,236.26,-7,33,4,59,89,10,46,13,58,127,216
ULTA,Ulta Beauty,514.94,5,91,15,5,116,-2,94,15,-10,97,213
IDA,Idacorp,125.37,0,50,59,19,128,2,42,29,11,84,212
EVR,Evercore,318.92,2,80,10,59,151,7,16,11,27,61,212
HLI,Houlihan Lokey,197.11,0,83,20,45,148,6,16,13,27,62,210
RGLD,Royal Gold,184.77,77,11,64,19,171,5,19,-2,17,39,210
CELH,Celsius Holdings,58.38,-9,120,0,66,177,-7,29,21,-10,33,210
CBOE,Cboe Global Markets,232.64,-56,0,147,56,147,-7,-7,25,52,63,210
MLM,Martin Marietta Materials,623.06,12,36,9,61,118,9,41,13,28,91,209
NEU,NewMarket,813.91,0,103,22,30,155,-16,17,25,28,54,209
AXON,Axon Enterprise,727.87,-35,-4,148,95,204,-29,-11,13,31,4,208
DCI,Donaldson Company,81.01,8,33,5,66,112,12,40,13,31,96,208
AIZ,Assurant,211.17,-8,22,4,153,171,-6,18,5,20,37,208
HPE,Hewlett Packard Enterprise,23.53,6,77,4,43,130,-2,14,10,55,77,207
CIEN,Ciena,116.7,56,81,12,13,162,14,3,11,17,45,207
CRH,CRH plc,112.35,2,35,10,65,112,15,44,7,28,94,206
MCK,McKesson Corporation,687.19,-2,-10,45,59,92,-4,9,41,68,114,206
IBKR,Interactive Brokers,60.16,-7,0,97,58,148,-4,-8,11,58,57,205
BKR,Baker Hughes,45.58,76,35,7,36,154,12,4,7,27,50,204
USFD,US Foods,77.91,1,-5,146,36,178,7,-21,13,27,26,204
LRCX,Lam Research,102.96,3,3,12,153,171,9,17,13,-6,33,204
TSCO,Tractor Supply Company,60.52,-22,47,10,86,121,-26,15,7,86,82,203
PAG,Penske Automotive Group,187.52,2,23,18,63,106,9,17,13,58,97,203
UNP,Union Pacific Corporation,220.05,-7,-9,-9,199,174,3,-1,7,20,29,203
BRX,Brixmor Property Group,28.21,11,63,3,56,133,14,16,13,27,70,203
MAS,Masco,76.1,7,47,0,66,120,10,47,4,22,83,203
VMC,Vulcan Materials,294.81,10,33,9,61,113,7,41,13,28,89,202
LLYVA,Liberty Live (Series A),93.94,1,94,33,0,128,5,55,13,1,74,202
RS,"Reliance, Inc.",299.0,8,-25,3,116,102,7,2,13,78,100,202
ARES,Ares Management,177.46,0,0,20,60,80,10,-8,13,107,122,202
DASH,DoorDash,246.89,3,80,100,0,183,-2,-12,13,19,18,201
FOXA,Fox Corporation (Class A),61.51,36,17,71,2,126,35,13,11,15,74,200
UAL,United Airlines Holdings,106.6,70,54,4,12,140,18,18,7,17,60,200
FWONA,Liberty Formula 1 (Series A),90.54,0,-6,72,63,129,-6,8,12,57,71,200
KO,Coca-Cola Company (The),67.97,-13,-10,31,183,191,-4,-3,-1,15,7,198
MCO,Moody's Corporation,499.29,-63,81,19,157,194,-29,-4,11,26,4,198
ADT,ADT Inc.,8.7,0,101,34,0,135,10,16,28,9,63,198
FNB,FNB Corporation,16.48,0,81,4,56,141,14,11,12,20,57,198
TDY,Teledyne Technologies,549.02,15,80,55,15,165,16,-12,13,16,33,198
TLN,Talen Energy,389.44,2,93,42,0,137,16,28,14,3,61,198
CAH,Cardinal Health,149.54,0,-11,58,39,86,4,-1,51,58,112,198
FLEX,Flex Ltd.,55.67,15,10,21,59,105,19,3,13,58,93,198
ETN,Eaton Corporation,349.15,2,-4,11,115,124,7,-17,11,73,74,198
FWONK,Liberty Formula 1 (Series C),100.75,0,0,73,58,131,-12,8,13,57,66,197
VIK,Viking Holdings,62.84,0,81,0,0,81,7,96,13,0,116,197
SRE,Sempra,81.07,-14,36,3,182,207,-18,-1,11,-2,-10,197
LLYVK,Liberty Live (Series C),96.68,0,87,33,0,120,6,57,13,1,77,197
WEC,WEC Energy Group,107.78,1,37,58,14,110,12,-9,71,12,86,196
BLD,TopBuild,434.69,12,55,5,47,119,14,58,9,-4,77,196
BKNG,Booking Holdings,5507.1,-33,-1,139,36,141,5,10,13,27,55,196
NTAP,Netapp,118.79,70,24,1,58,153,19,16,10,-2,43,196
CTAS,Cintas,204.56,-108,-15,22,168,67,-65,-10,16,188,129,196
AEE,Ameren,100.64,0,37,60,14,111,12,-3,65,11,85,196
ICE,Intercontinental Exchange,174.33,-57,-5,115,162,215,-56,-11,25,22,-20,195
WSO,Watsco,409.32,2,-25,-6,197,168,9,-23,-31,72,27,195
CNP,Centerpoint Energy,37.79,0,35,52,46,133,4,-5,46,16,61,194
EXPD,Expeditors International,120.9,2,26,4,132,164,8,17,9,-4,30,194
VNT,Vontier,43.44,2,81,8,0,91,9,88,11,-6,102,193
PSTG,Pure Storage,79.22,62,11,2,43,118,5,3,9,58,75,193
PRI,Primerica,273.38,15,3,0,109,127,14,10,11,31,66,193
NXST,Nexstar Media Group,208.28,12,80,12,5,109,16,47,10,11,84,193
LDOS,Leidos,178.99,-21,93,5,24,101,5,50,16,20,91,192
JHG,Janus Henderson,44.28,2,66,9,20,97,16,50,10,19,95,192
VRSN,Verisign,280.04,49,-18,39,10,80,46,2,55,8,111,191
FOX,Fox Corporation (Class B),55.97,34,17,70,2,123,35,13,10,10,68,191
AIT,Applied Industrial Technologies,265.72,2,50,10,59,121,9,-7,9,58,69,190
WMB,Williams Companies,57.2,-7,-23,115,53,138,-5,-15,13,58,51,189
MTG,MGIC Investment Corporation,28.4,17,18,22,56,113,16,18,13,29,76,189
LHX,L3Harris,272.5,-21,103,15,6,103,-40,96,15,15,86,189
LNG,Cheniere Energy,235.67,-8,11,63,59,125,-28,22,13,57,64,189
META,Meta Platforms,752.29,11,81,20,30,142,14,-4,11,24,45,187
VICI,Vici Properties,33.6,0,12,61,16,89,10,4,26,58,98,187
THO,Thor Industries,112.34,13,65,4,3,85,13,87,9,-7,102,187
LFUS,Littelfuse,263.0,2,81,6,3,92,7,86,11,-9,95,187
GWRE,Guidewire Software,260.76,11,1,113,22,147,5,1,13,21,40,187
COKE,Coca-Cola Consolidated,120.81,14,10,0,86,110,37,5,-19,53,76,186
LEN,Lennar (Class A),141.9,19,37,0,65,121,19,46,4,-4,65,186
DRS,Leonardo DRS,41.13,-12,-13,142,59,176,-14,-19,13,30,10,186
KR,Kroger,67.75,-9,-7,82,68,134,-7,-10,53,16,52,186
SYF,Synchrony Financial,75.67,2,81,20,22,125,14,16,11,19,60,185
NFG,National Fuel Gas,86.57,-19,0,63,53,97,4,-1,74,11,88,185
LEN-B,Lennar (Class B),136.09,21,33,0,63,117,19,47,4,-2,68,185
EQH,Equitable Holdings,53.37,14,2,95,12,123,16,13,13,20,62,185
WSM,"Williams-Sonoma, Inc.",202.3,14,47,11,66,138,18,1,5,22,46,184
NI,NiSource,40.33,-26,0,77,46,97,-18,-2,92,15,87,184
CB,Chubb Limited,277.38,22,0,5,59,86,35,13,-7,57,98,184
TER,Teradyne,120.22,70,52,-32,3,93,7,82,6,-6,89,182
BWXT,BWX Technologies,163.7,2,79,16,36,133,9,-5,13,32,49,182
JLL,Jones Lang LaSalle,311.55,10,55,7,15,87,12,60,7,15,94,181
NET,Cloudflare,214.42,13,81,42,0,136,9,3,13,20,45,181
FHN,First Horizon Corporation,22.25,-3,81,55,5,138,10,10,11,11,42,180
DKS,Dick's Sporting Goods,221.34,2,47,0,64,113,12,18,3,34,67,180
AXP,American Express,326.22,0,10,20,100,130,7,10,11,22,50,180
SEIC,SEI Investments Company,87.17,-7,-1,95,36,123,8,8,13,27,56,179
UTHR,United Therapeutics,400.52,28,17,1,58,104,-3,17,1,60,75,179
XEL,Xcel Energy,72.68,0,37,54,13,104,-5,6,62,10,73,177
VLO,Valero Energy,156.77,106,10,3,45,164,-2,9,12,-6,13,177
SNDK,SanDisk,68.59,71,14,0,0,85,70,16,5,0,91,176
ROST,Ross Stores,150.98,28,24,3,36,91,19,33,2,30,84,175
XYL,Xylem Inc.,140.52,-33,81,11,23,82,7,50,13,23,93,175
GTES,Gates Corporation,25.92,3,81,20,16,120,12,10,13,19,54,174
EXPE,Expedia Group,214.97,2,54,52,12,120,10,20,9,15,54,174
BWA,BorgWarner,44.02,14,83,11,3,111,19,47,13,-17,62,173
GM,General Motors,58.27,2,63,10,12,87,7,55,10,14,86,173
SOFI,SoFi,25.62,2,73,49,0,124,9,17,11,12,49,173
W,Wayfair,89.64,28,81,7,-42,74,39,87,13,-41,98,172
OSK,Oshkosh Corporation,139.5,-33,80,14,5,66,7,85,11,3,106,172
PWR,Quanta Services,372.44,-10,-1,20,100,109,-7,-17,13,73,62,171
NWS,News Corp (Class B),33.42,-42,0,115,59,132,7,-3,13,22,39,171
MDT,Medtronic,92.88,15,48,14,2,79,9,62,6,14,91,170
CMA,Comerica,68.86,-4,55,10,5,66,-6,86,10,13,103,169
ROIV,Roivant Sciences,12.91,51,18,4,0,73,48,34,13,1,96,169
ADP,Automatic Data Processing,296.05,-58,-4,0,181,119,-5,-17,13,58,49,168
FCX,Freeport-McMoRan,46.34,70,4,1,59,134,19,9,13,-7,34,168
SKX,Skechers,63.2,52,7,-27,56,88,36,6,10,27,79,167
HOG,Harley-Davidson,30.2,119,18,0,-10,127,29,15,8,-12,40,167
ZG,Zillow (Class A),84.81,7,54,57,0,118,12,10,6,21,49,167
WBS,Webster Bank,62.0,2,81,11,15,109,18,10,11,18,57,166
JBL,Jabil,210.15,7,0,22,66,95,14,-15,14,58,71,166
SLM,Sallie Mae,31.1,0,-15,93,23,101,10,-15,47,22,64,165
SPR,Spirit AeroSystems,40.85,0,95,21,0,116,-12,13,33,15,49,165
ZM,Zoom Communications,83.66,103,7,3,-1,112,36,9,3,5,53,165
TT,Trane Technologies,413.9,-44,-7,19,165,133,8,-20,13,30,31,164
GLPI,Gaming and Leisure Properties,48.42,14,10,3,66,93,14,10,-11,58,71,164
IVZ,Invesco,22.0,2,57,10,3,72,14,53,10,14,91,163
RF,Regions Financial Corporation,27.03,0,80,10,23,113,7,17,11,15,50,163
HOOD,Robinhood Markets,101.25,-48,83,84,0,119,15,-4,13,19,43,162
PM,Philip Morris International,161.6,-58,-10,73,56,61,-15,-1,88,28,100,161
LMT,Lockheed Martin,463.91,12,7,-32,166,153,9,9,-7,-3,8,161
LH,Labcorp,278.59,3,31,58,16,108,5,18,11,19,53,161
DOCS,Doximity,69.35,8,51,57,0,116,13,16,3,13,45,161
FRT,Federal Realty Investment Trust,102.65,118,13,0,2,133,12,13,4,-2,27,160
WAL,Western Alliance Bancorporation,90.67,70,18,3,5,96,19,16,10,19,64,160
TNL,Travel + Leisure Co.,62.7,2,71,12,17,102,16,16,10,15,57,159
MSA,MSA Safety,170.38,-7,0,0,165,158,8,-14,13,-6,1,159
LPLA,LPL Financial,333.19,-7,-6,48,100,135,-30,-17,13,58,24,159
HST,Host Hotels & Resorts,17.44,111,13,1,3,128,16,10,11,-7,30,158
DECK,Deckers Brands,120.41,73,7,-27,94,147,-2,4,-23,32,11,158
STWD,Starwood Property Trust,20.59,15,3,21,59,98,14,11,13,22,60,158
NOC,Northrop Grumman,580.59,-44,48,13,59,76,-19,68,20,13,82,158
LPX,Louisiana-Pacific,98.96,8,28,0,64,100,10,18,3,27,58,158
JNJ,Johnson & Johnson,178.38,1,47,11,8,67,30,45,8,7,90,157
IONS,Ionis Pharmaceuticals,61.23,28,84,4,1,117,28,9,13,-11,39,156
GAP,Gap Inc.,23.81,83,0,0,19,102,26,13,-6,20,53,155
IDXX,Idexx Laboratories,642.96,6,88,17,5,116,7,28,13,-9,39,155
CVX,Chevron Corporation,153.66,-7,43,10,49,95,-15,64,4,7,60,155
EXEL,Exelixis,37.9,1,-28,67,15,55,14,3,58,25,100,155
KMI,Kinder Morgan,26.6,-7,-22,95,45,111,-5,-15,11,53,44,155
RMD,Resmed,277.18,0,87,20,14,121,9,-1,12,14,34,155
ALAB,Astera Labs,190.98,13,79,0,0,92,12,41,8,0,61,153
AFL,Aflac,106.92,0,17,4,59,80,12,16,-11,56,73,153
GL,Globe Life,139.81,-6,33,48,15,90,15,32,7,9,63,153
CCL,Carnival Corporation & plc,31.58,0,80,20,2,102,9,10,11,20,50,152
VTR,"Ventas, Inc.",67.92,0,37,75,23,135,-5,-1,7,16,17,152
APPF,AppFolio,285.05,13,66,8,29,116,11,-12,8,29,36,152
STAG,STAG Industrial,36.96,8,10,3,97,118,12,13,13,-5,33,151
DE,Deere & Company,473.07,-36,-11,52,110,115,1,-24,48,11,36,151
SPGI,S&P Global,538.0,-90,81,19,173,183,-62,-4,11,22,-33,150
PEN,"Penumbra, Inc.",281.48,70,6,35,12,123,12,19,-9,4,26,149
CPRT,Copart,48.57,0,0,-16,177,161,-30,15,-26,29,-12,149
ESI,Element Solutions,26.22,7,53,1,58,119,5,17,10,-2,30,149
NTRS,Northern Trust,127.22,-7,81,19,12,105,-7,23,13,14,43,148
SNA,Snap-on,328.88,2,2,1,60,65,9,10,6,58,83,148
WTW,Willis Towers Watson,329.38,0,26,11,25,62,12,40,3,30,85,147
VRTX,Vertex Pharmaceuticals,396.09,26,-23,-5,105,103,38,-23,-9,38,44,147
ALK,Alaska Air Group,63.15,70,47,1,3,121,-3,18,1,10,26,147
ADM,Archer Daniels Midland,62.95,2,82,5,0,89,7,58,13,-21,57,146
WTFC,Wintrust Financial,139.55,15,18,12,50,95,10,10,11,20,51,146
INCY,Incyte,86.65,28,67,6,1,102,-5,31,9,8,43,145
MMM,3M,155.37,0,2,77,15,94,7,15,13,15,50,144
LAMR,Lamar Advertising,128.07,12,10,4,65,91,10,10,11,22,53,144
FNF,Fidelity National Financial,60.57,10,18,5,59,92,14,30,-14,22,52,144
VIRT,Virtu Financial,38.9,-13,-5,79,15,76,-4,-17,74,15,68,144
INFA,Informatica,24.77,-14,72,0,0,58,-12,94,11,-8,85,143
DTM,DT Midstream,105.27,5,2,106,0,113,-2,-7,13,26,30,143
FSLR,First Solar,205.13,7,46,0,63,116,19,1,13,-7,26,142
NSC,Norfolk Southern,277.59,0,80,14,5,99,16,-1,13,15,43,142
HAS,Hasbro,79.75,-7,81,17,4,95,5,17,13,12,47,142
H,Hyatt Hotels,144.94,2,3,-6,56,55,15,6,9,56,86,141
LNC,Lincoln Financial,42.1,0,50,21,2,73,-2,50,11,9,68,141
REG,Regency Centers,73.67,17,13,8,54,92,14,2,13,20,49,141
CUZ,Cousins Properties,29.47,70,6,2,12,90,14,10,13,14,51,141
MPC,Marathon Petroleum,180.27,83,7,2,50,142,-12,7,13,-9,-1,141
ABT,Abbott Laboratories,132.95,16,10,59,14,99,12,22,-7,15,42,141
LVS,Las Vegas Sands,53.71,-13,81,9,3,80,-23,87,10,-15,59,139
SCCO,Southern Copper,103.0,27,3,1,63,94,19,16,13,-3,45,139
AFRM,Affirm Holdings,87.33,0,63,15,0,78,8,24,11,18,61,139
LAZ,Lazard,56.41,2,64,5,21,92,7,16,10,14,47,139
GWW,W. W. Grainger,993.52,-7,-25,-6,95,57,19,9,-4,58,82,139
FE,FirstEnergy,43.48,-28,34,9,56,71,4,35,13,15,67,138
HAYW,Hayward Holdings,16.27,2,52,5,0,59,7,44,11,17,79,138
SSB,SouthState Corporation,103.01,15,52,3,23,93,8,10,7,20,45,138
TDG,TransDigm Group,1271.07,-39,-17,22,158,124,-40,-18,13,58,13,137
APG,APi Group,34.98,-28,88,21,0,81,3,13,13,27,56,137
PKG,Packaging Corporation of America,220.29,13,11,1,62,87,5,11,6,27,49,136
JCI,Johnson Controls,106.24,-7,0,78,20,91,9,3,13,19,44,135
PNC,PNC Financial Services,204.41,0,71,5,15,91,7,12,10,15,44,135
KEY,Keycorp,18.94,0,81,11,5,97,3,10,11,14,38,135
CFG,Citizens Financial Group,51.72,0,69,11,5,85,8,16,10,15,49,134
BURL,Burlington Stores,291.18,0,44,4,4,52,14,43,6,18,81,133
FLS,Flowserve,55.21,9,52,1,28,90,10,1,6,26,43,133
EXP,Eagle Materials,242.32,7,32,-18,58,79,8,44,3,-1,54,133
HIW,Highwoods Properties,31.83,70,7,3,7,87,7,10,13,14,44,131
PCAR,Paccar,99.05,-28,2,-25,160,109,5,-1,-17,35,22,131
U,Unity Technologies,43.88,9,70,9,0,88,19,44,13,-36,40,128
WFC,Wells Fargo,78.97,-7,0,95,30,118,-28,5,13,20,10,128
NCLH,Norwegian Cruise Line Holdings,25.67,26,52,3,0,81,19,1,6,21,47,128
F,Ford Motor Company,11.74,0,95,5,0,100,5,15,13,-6,27,127
UNM,Unum,73.75,23,-27,1,41,38,19,1,13,55,88,126
MRP,Millrose Properties,34.2,0,70,0,0,70,2,48,6,0,56,126
Z,Zillow (Class C),87.9,7,54,14,0,75,12,10,7,21,50,125
HHH,Howard Hughes Holdings,78.91,70,21,1,0,92,15,16,2,-1,32,124
ELF,e.l.f. Beauty,133.91,49,7,0,32,88,19,12,11,-6,36,124
RKT,Rocket Companies,20.25,14,37,7,0,58,17,34,12,2,65,123
SCHW,Charles Schwab Corporation,92.05,-7,-1,80,12,84,19,-8,13,15,39,123
KNSL,Kinsale Capital Group,456.23,-7,-10,0,34,17,7,3,10,86,106,123
FRHC,Freedom Holding,169.65,-7,36,57,15,101,-12,-11,13,31,21,122
MET,Metlife,79.52,-5,12,0,59,66,14,12,11,19,56,122
EWBC,East West Bancorp,107.61,15,10,12,23,60,19,10,12,20,61,121
TPG,TPG Inc.,58.55,-36,64,5,0,33,6,55,7,20,88,121
WAB,Wabtec,193.25,0,-17,3,50,36,9,5,13,57,84,120
MSM,MSC Industrial Direct,92.27,13,10,10,59,92,13,12,13,-10,28,120
BLDR,Builders FirstSource,149.21,11,47,-31,66,93,10,17,3,-4,26,119
AMAT,Applied Materials,162.8,2,-15,-4,150,133,7,-26,11,-6,-14,119
MHK,Mohawk Industries,139.29,14,43,1,0,58,10,47,5,-2,60,118
NVDA,Nvidia,167.04,-35,0,17,135,117,-33,-7,13,27,0,117
AMZN,Amazon,232.32,14,3,20,22,59,14,13,10,21,58,117
HPQ,HP Inc.,29.35,70,18,-28,2,62,38,16,2,-2,54,116
PFG,Principal Financial Group,79.97,2,10,0,56,68,14,5,10,19,48,116
DAL,Delta Air Lines,61.19,0,53,4,20,77,-12,18,5,27,38,115
ELAN,Elanco,18.43,2,84,5,0,91,3,16,12,-7,24,115
NWSA,News Corp (Class A),29.44,0,0,12,59,71,10,-1,13,22,44,115
XPO,"XPO, Inc.",130.83,0,0,1,62,63,5,9,10,28,52,115
TFC,Truist Financial,46.55,2,55,4,5,66,8,16,10,15,49,115
ZION,Zions Bancorporation,56.5,0,63,3,5,71,8,9,10,16,43,114
POST,Post Holdings,108.29,-14,0,-1,88,73,-19,12,-11,58,40,113
EMR,Emerson Electric,132.56,2,0,19,65,86,6,-19,13,27,27,113
VNO,Vornado Realty Trust,41.28,38,3,1,5,47,35,3,11,16,65,112
MAR,Marriott International,264.73,-6,-1,0,59,52,13,9,10,28,60,112
AWK,American Water Works,143.58,0,2,29,2,33,6,39,25,9,79,112
ADSK,Autodesk,326.24,42,5,2,15,64,8,5,13,20,46,110
SITE,SiteOne Landscape Supply,153.0,14,48,1,-10,53,13,47,6,-9,57,110
MKL,Markel,1912.82,-31,-1,71,56,95,-6,-17,11,27,15,110
RDDT,Reddit,239.97,14,56,0,0,70,10,25,5,0,40,110
HSY,Hershey Company (The),185.54,35,47,7,0,89,32,1,7,-20,20,109
AMP,Ameriprise Financial,489.46,-7,-5,0,65,53,-26,-1,11,72,56,109
CORT,Corcept Therapeutics,69.36,-9,-2,67,20,76,-9,16,-14,39,32,108
SN,SharkNinja,117.18,16,57,11,0,84,21,-12,10,2,21,105
HON,Honeywell,214.24,-28,-16,3,179,138,-41,-28,13,23,-33,105
GXO,GXO Logistics,52.63,0,81,4,0,85,3,13,12,-9,19,104
TRMB,Trimble Inc.,80.77,0,0,82,5,87,6,-13,11,13,17,104
O,Realty Income,59.29,2,25,13,8,48,12,15,13,14,54,102
CNA,CNA Financial,48.0,-9,22,5,58,76,-6,23,-12,21,26,102
OGE,OGE Energy,44.15,-42,-1,71,46,74,-54,-4,71,15,28,102
PVH,PVH Corp.,87.75,72,17,-35,2,56,35,16,2,-8,45,101
MTCH,Match Group,38.18,13,65,7,-38,47,12,73,8,-39,54,101
GNTX,Gentex,28.49,7,46,0,0,53,5,44,7,-9,47,100
HII,Huntington Ingalls Industries,271.0,0,120,11,7,138,-30,-17,19,-10,-38,100
EXLS,EXL Service,45.0,11,1,0,66,78,5,1,2,14,22,100
DKNG,DraftKings,46.57,-7,57,12,0,62,2,10,5,21,38,100
WYNN,Wynn Resorts,120.93,0,83,11,4,98,-14,11,13,-9,1,99
LNT,Alliant Energy,64.61,-41,41,71,15,86,-55,41,13,14,13,99
BA,Boeing,229.64,-7,94,11,0,98,-15,14,13,-12,0,98
RGA,Reinsurance Group of America,193.24,0,-1,-6,41,34,-3,16,-4,54,63,97
MTSI,MACOM Technology Solutions,129.79,2,-1,2,59,62,19,-25,11,30,35,97
DOV,Dover Corporation,177.81,-35,-6,-6,107,60,7,1,9,20,37,97
ROKU,"Roku, Inc.",95.2,0,62,13,-20,55,19,10,8,5,42,97
EQT,EQT Corporation,51.6,-7,-25,44,43,55,-12,-1,44,11,42,97
FCNCA,First Citizens BancShares,1924.1,-7,-1,-1,60,51,9,5,10,22,46,97
FAF,First American Financial Corporation,67.06,10,30,5,15,60,13,27,-22,19,37,97
TROW,T. Rowe Price,108.16,2,66,1,-26,43,-5,50,9,-1,53,96
QRVO,Qorvo,92.85,9,81,0,-32,58,16,16,12,-6,38,96
STLD,Steel Dynamics,134.67,7,1,3,56,67,7,9,13,-1,28,95
XOM,ExxonMobil,109.25,-7,0,0,45,38,-15,9,12,51,57,95
DD,DuPont,77.82,5,52,-6,20,71,7,10,10,-4,23,94
AOS,A. O. Smith,73.7,8,3,0,59,70,12,5,13,-6,24,94
VZ,Verizon,44.38,0,21,33,11,65,12,-1,3,15,29,94
CHRW,C.H. Robinson,126.16,0,49,6,5,60,-26,42,9,9,34,94
EOG,EOG Resources,117.93,-7,0,-1,46,38,-13,10,6,52,55,93
HBAN,Huntington Bancshares,17.64,0,10,12,22,44,8,10,13,17,48,92
TSLA,"Tesla, Inc.",350.8,7,20,1,11,39,9,26,7,11,53,92
SCI,Service Corporation International,77.81,-63,-1,0,176,112,-63,17,11,14,-21,91
BEN,Franklin Templeton Investments,24.96,-7,84,11,2,90,-5,16,13,-23,1,91
MP,MP Materials,63.05,-28,64,35,0,71,-28,-6,48,5,19,90
OC,Owens Corning,155.56,7,23,-27,59,62,9,16,2,-1,26,88
USB,U.S. Bancorp,48.82,14,14,3,5,36,11,15,10,16,52,88
SNV,Synovus,51.47,17,-7,2,22,34,23,5,11,15,54,88
ROP,Roper Technologies,518.52,-56,-25,-5,183,97,9,-42,-4,27,-10,87
GPC,Genuine Parts Company,139.45,2,34,4,0,40,11,41,13,-18,47,87
MTB,M&T Bank,199.66,1,10,4,23,38,13,10,11,15,49,87
JAZZ,Jazz Pharmaceuticals,129.53,124,21,0,-7,138,-5,13,-19,-40,-51,87
PINS,Pinterest,37.94,56,6,2,0,64,19,1,9,-6,23,87
TXT,Textron,81.48,8,0,0,54,62,12,5,13,-6,24,86
VOYA,Voya Financial,76.5,14,22,4,5,45,16,16,11,-2,41,86
ALLY,Ally Financial,41.38,12,10,5,5,32,14,11,11,17,53,85
CI,Cigna,305.37,14,0,0,59,73,5,15,-6,-2,12,85
BAC,Bank of America,49.76,0,14,20,19,53,-7,11,13,15,32,85
NUE,Nucor,147.3,0,58,0,4,62,5,17,10,-9,23,85
HXL,Hexcel,64.9,13,53,0,2,68,2,18,7,-10,17,85
PAYX,Paychex,135.41,-28,-27,0,168,113,-20,-20,-4,15,-29,84
VVV,Valvoline,39.05,0,22,0,32,54,9,16,10,-5,30,84
SAIL,SailPoint,22.0,69,1,0,0,70,7,1,5,0,13,83
RPRX,Royalty Pharma,36.07,0,0,35,0,35,28,-10,29,1,48,83
ADC,Agree Realty,73.04,0,1,66,17,84,1,-8,-8,14,-1,83
NNN,NNN Reit,43.33,8,3,3,23,37,14,4,13,15,46,83
INGR,Ingredion,128.41,0,-25,-1,35,9,2,1,13,57,73,82
MU,Micron Technology,131.39,14,7,1,23,45,14,16,13,-6,37,82
AMKR,Amkor Technology,24.65,3,66,0,3,72,7,2,7,-6,10,82
AGO,Assured Guaranty,82.19,15,-21,-5,57,46,12,-13,13,23,35,81
ALSN,Allison Transmission,90.02,9,0,-8,36,37,19,14,-24,35,44,81
D,Dominion Energy,58.18,-58,79,17,0,38,-28,47,13,11,43,81
CHWY,Chewy,42.34,8,1,44,0,53,12,14,-4,6,28,81
AIG,American International Group,79.23,-34,-1,31,54,50,-1,12,-3,22,30,80
NBIX,Neurocrine Biosciences,144.19,12,18,3,26,59,6,10,10,-5,21,80
CGNX,Cognex Corporation,44.94,9,63,4,-32,44,19,49,9,-41,36,80
AEP,American Electric Power,108.1,-43,45,76,24,102,-61,-2,26,15,-22,80
NYT,New York Times Company,58.97,-28,22,5,17,16,11,17,13,22,63,79
ECL,Ecolab,273.59,-45,24,19,23,21,6,19,13,20,58,79
LAD,Lithia Motors,341.01,12,8,1,15,36,7,10,4,22,43,79
AVT,Avnet,53.76,0,0,4,46,50,6,13,13,-3,29,79
CMS,CMS Energy,71.55,-60,28,79,24,71,-3,-6,1,15,7,78
M,"Macy's, Inc.",17.35,22,47,1,-16,54,19,10,2,-7,24,78
DOCU,DocuSign,79.83,70,0,0,-13,57,12,2,-5,12,21,78
FHB,"First Hawaiian, Inc.",25.74,0,10,3,15,28,14,10,10,15,49,77
DBX,Dropbox,29.88,21,7,2,10,40,13,12,3,9,37,77
PSN,Parsons Corporation,75.68,-16,66,-30,0,20,-12,65,6,-2,57,77
DPZ,Domino's,463.81,35,-23,1,11,24,2,2,30,19,53,77
NU,Nubank,14.73,2,12,4,0,18,19,7,13,20,59,77
NVST,Envista,21.33,5,66,7,0,78,5,17,9,-33,-2,76
COLB,Columbia Banking System,26.89,2,30,1,0,33,7,16,8,11,42,75
FTNT,Fortinet,78.85,4,-25,-5,114,88,5,-27,-5,14,-13,75
PNW,Pinnacle West Capital,89.0,-63,-6,71,19,21,6,-4,25,27,54,75
A,Agilent Technologies,128.77,42,7,-26,0,23,40,13,4,-6,51,74
WMS,Advanced Drainage Systems,148.42,7,23,1,4,35,9,21,13,-4,39,74
RRC,Range Resources,34.71,53,-32,0,43,64,-2,-43,-1,56,10,74
MTZ,MasTec,178.0,-7,0,22,19,34,9,3,13,14,39,73
ATI,ATI Inc.,77.6,2,-12,19,44,53,-26,-20,13,53,20,73
DIS,Walt Disney Company (The),117.94,14,0,18,0,32,19,5,13,4,41,73
VRSK,Verisk Analytics,270.08,1,-29,0,115,87,15,-53,-5,29,-14,73
NOW,ServiceNow,914.06,3,-21,-6,83,59,5,-26,11,23,13,72
CACI,CACI,474.4,-43,1,5,155,118,-59,-2,17,-2,-46,72
SJM,J.M. Smucker Company (The),112.52,23,33,5,0,61,35,-1,1,-24,11,72
FR,First Industrial Realty Trust,52.24,2,13,0,15,30,7,9,11,15,42,72
MSTR,MicroStrategy,336.01,-26,-16,102,20,80,-17,-26,13,21,-9,71
NTRA,Natera,168.09,6,12,4,19,41,-11,16,3,20,28,69
AMGN,Amgen,283.55,-63,-2,-1,166,100,-66,-3,1,37,-31,69
AMD,Advanced Micro Devices,151.12,-35,0,1,111,77,-6,-7,13,-8,-8,69
ARMK,Aramark,38.79,-44,-7,18,41,8,13,-23,13,57,60,68
CRUS,Cirrus Logic,115.66,2,18,1,20,41,5,13,13,-4,27,68
REXR,Rexford Industrial,42.89,13,66,0,-19,60,14,17,9,-33,7,67
PRU,Prudential Financial,105.7,-7,13,-16,56,46,-22,16,7,20,21,67
FBIN,Fortune Brands Innovations,60.82,7,33,-29,0,11,9,47,2,-3,55,66
RKLB,Rocket Lab,45.84,0,1,52,0,53,-12,3,13,9,13,66
HUM,Humana,307.63,40,23,1,-13,51,32,26,-23,-21,14,65
RNR,RenaissanceRe,240.55,-7,0,-11,36,18,-5,12,11,29,47,65
MTD,Mettler Toledo,1305.1,2,66,-26,0,42,5,16,7,-6,22,64
NTNX,Nutanix,69.95,16,-19,1,23,21,30,-25,13,25,43,64
IRM,Iron Mountain,92.16,0,-22,-6,58,30,7,-43,13,57,34,64
UWMC,United Wholesale Mortgage,6.32,15,21,0,0,36,14,17,1,-5,27,63
RVMD,Revolution Medicines,40.51,52,1,-17,0,36,7,7,13,-1,26,62
MDB,MongoDB Inc.,324.73,49,15,1,-10,55,5,7,5,-10,7,62
MUSA,Murphy USA,387.35,5,-28,-16,69,30,7,-23,-32,80,32,62
DOX,Amdocs,86.0,0,-19,1,59,41,7,-6,13,6,20,61
SW,Smurfit Westrock,46.92,7,10,0,17,34,3,2,3,18,26,60
BLK,BlackRock,1099.16,-43,80,20,23,80,-54,-1,13,22,-20,60
EA,Electronic Arts,168.65,-21,27,7,8,21,-21,19,19,22,39,60
RYN,Rayonier,26.75,2,23,0,0,25,5,39,1,-10,35,60
ACGL,Arch Capital Group,91.29,-3,3,-11,63,52,-5,17,-4,-1,7,59
CSCO,Cisco,66.88,-8,0,51,15,58,-28,-10,13,26,1,59
VST,Vistra Corp.,188.02,-35,0,22,31,18,-4,-12,11,46,41,59
BC,Brunswick Corporation,66.6,12,65,-41,0,36,16,10,7,-10,23,59
COHR,Coherent Corp.,97.83,14,0,1,16,31,10,-8,10,16,28,59
LII,Lennox International,578.05,3,-9,0,39,33,12,-22,7,28,25,58
LYFT,Lyft,16.67,23,15,4,-2,40,-2,10,13,-3,18,58
UHS,Universal Health Services,190.16,14,13,-14,23,36,14,17,-7,-2,22,58
TEM,Tempus AI,79.63,11,18,0,0,29,7,16,6,0,29,58
RBRK,Rubrik,90.95,2,0,0,0,2,5,3,47,0,55,57
SUI,Sun Communities,129.8,14,5,6,-25,0,14,18,13,12,57,57
MRVL,Marvell Technology,63.33,-35,-5,-24,107,43,5,-13,3,19,14,57
PEGA,Pegasystems,55.54,13,1,22,6,42,5,-18,11,16,14,56
RH,RH,251.09,12,36,-27,-8,13,11,32,1,-1,43,56
CACC,Credit Acceptance,523.04,27,3,2,2,34,19,10,-1,-6,22,56
KEYS,Keysight,167.87,13,3,1,1,18,18,3,11,6,38,56
WDAY,"Workday, Inc.",231.12,45,-2,-13,15,45,19,1,-7,-3,10,55
PNFP,Pinnacle Financial Partners,97.38,25,-30,-7,16,4,21,5,4,19,49,53
RLI,RLI Corp.,67.07,-28,-65,-13,177,71,7,7,-32,-1,-19,52
DNB,Dun & Bradstreet,9.15,29,52,-28,0,53,46,-13,2,-37,-2,51
ACHC,Acadia Healthcare,23.72,123,1,-51,-12,61,40,11,-45,-17,-11,50
ED,Consolidated Edison,98.02,-63,-8,31,48,8,13,-11,-7,46,41,49
ECG,Everus Construction Group,74.19,-7,79,0,0,72,-26,-8,10,0,-24,48
TTC,Toro Company (The),81.61,6,37,0,0,43,5,17,4,-21,5,48
WTM,White Mountains Insurance Group,1798.55,-14,2,-2,60,46,-31,-1,-23,57,2,48
KRMN,Karman Holdings,62.47,7,18,0,0,25,9,9,5,0,23,48
BAM,Brookfield Asset Management,58.26,-35,0,68,0,33,3,-11,13,9,14,47
BG,Bunge Global,84.33,0,12,0,0,12,2,26,13,-6,35,47
VLTO,Veralto,105.72,-58,81,5,0,28,8,-1,12,0,19,47
KMPR,Kemper Corporation,53.98,18,-22,-9,0,-13,43,7,-6,15,59,46
TOST,"Toast, Inc.",41.19,-21,-4,80,0,55,-26,-14,13,18,-9,46
APO,Apollo Global Management,131.58,-21,-13,-4,98,60,-25,-25,9,27,-14,46
CLF,Cleveland-Cliffs,11.39,7,46,0,-17,36,7,6,6,-9,10,46
VEEV,Veeva Systems,273.02,-42,0,48,9,15,5,-6,13,19,31,46
DELL,Dell Technologies,124.83,0,0,0,33,33,10,-5,13,-5,13,46
PSX,Phillips 66,131.56,0,10,0,42,52,-22,10,12,-6,-6,46
RIVN,Rivian,14.2,70,0,2,0,72,-2,4,-6,-22,-26,46
KKR,KKR & Co. Inc.,135.58,-43,0,0,104,61,-30,-17,9,22,-16,45
EQR,Equity Residential,66.81,11,0,0,14,25,8,4,-6,14,20,45
PLNT,Planet Fitness,104.54,-63,-4,66,14,13,4,-1,13,15,31,44
UGI,UGI Corporation,34.58,-42,-8,45,5,0,7,-21,52,6,44,44
FLUT,Flutter Entertainment,295.34,-18,0,22,22,26,-28,7,11,28,18,44
CTVA,Corteva,72.29,-21,0,56,0,35,-28,12,13,12,9,44
NDSN,Nordson,224.99,2,11,0,2,15,8,15,13,-8,28,43
LNW,Light & Wonder,89.15,-28,-4,-6,58,20,3,11,-18,26,22,42
WBA,Walgreens Boots Alliance,11.99,-1,76,0,-77,-2,-20,91,8,-35,44,42
PR,Permian Resources,13.88,0,2,0,27,29,-3,6,13,-3,13,42
CWEN-A,Clearway Energy (Class A),27.15,-28,-11,61,7,29,2,-25,25,11,13,42
PLD,Prologis,113.65,9,10,2,0,21,4,9,13,-6,20,41
EXC,Exelon,43.44,-57,26,58,15,42,-5,-3,-4,11,-1,41
DOC,Healthpeak Properties,18.41,106,2,-20,-32,56,5,5,-35,10,-15,41
CPNG,Coupang,28.91,5,-4,20,0,21,14,-25,13,18,20,41
MDU,MDU Resources,16.17,-42,-9,0,59,8,1,-13,13,31,32,40
CART,Maplebear Inc.,45.3,7,-10,1,0,-2,42,-11,10,0,41,39
WTRG,Essential Utilities,39.35,-27,19,9,0,1,2,33,-4,6,37,38
PCOR,Procore,70.14,12,-5,0,0,7,7,1,3,20,31,38
K,Kellanova,79.86,7,2,0,22,31,9,-6,-10,14,7,38
VNOM,Viper Energy,37.29,-7,-1,-12,45,25,-21,16,-31,48,12,37
SMMT,Summit Therapeutics,25.99,0,0,12,15,27,3,-14,1,20,10,37
BRO,Brown & Brown,94.77,-28,-90,-2,164,44,-24,3,-13,27,-7,37
ARW,Arrow Electronics,127.54,2,0,4,5,11,9,12,13,-9,25,36
BROS,Dutch Bros. Coffee,65.98,-5,0,3,0,-2,7,16,3,12,38,36
PK,Park Hotels & Resorts,11.99,21,18,-29,0,10,16,10,6,-6,26,36
CSGP,CoStar Group,89.48,0,0,9,15,24,7,-11,26,-10,12,36
KMB,Kimberly-Clark,129.87,0,0,0,19,19,7,-3,-14,27,17,36
PSA,Public Storage,297.89,9,1,-14,2,-2,12,13,13,-1,37,35
G,Genpact,44.89,0,11,0,4,15,16,11,-18,11,20,35
TFSL,Third Federal S&L,13.61,-15,14,6,6,11,-26,16,13,20,23,34
LSCC,Lattice Semiconductor,66.14,2,23,4,0,29,-1,16,5,-16,4,33
CFR,Frost Bank,128.2,-7,-1,1,5,-2,8,5,11,11,35,33
TMO,Thermo Fisher Scientific,492.59,2,32,-25,0,9,5,46,-24,-4,23,32
EGP,EastGroup Properties,168.17,0,2,0,9,11,4,10,13,-6,21,32
MSCI,MSCI,555.23,-34,-1,0,15,-20,3,17,10,21,51,31
XP,XP Inc.,18.92,7,1,2,0,10,7,4,19,-9,21,31
EXR,Extra Space Storage,147.3,21,-26,-6,0,-11,13,1,13,14,41,30
WWD,"Woodward, Inc.",242.81,-35,0,22,36,23,-16,-17,13,27,7,30
WEX,WEX Inc.,171.2,2,63,-46,2,21,5,5,7,-9,8,29
CWEN,Clearway Energy (Class C),28.68,-39,-11,61,5,16,2,-25,25,11,13,29
TRU,TransUnion,90.03,7,-6,0,4,5,16,-18,11,15,24,29
TKR,Timken Company,77.79,2,2,0,5,9,5,10,10,-6,19,28
HOLX,Hologic,66.77,-3,69,-38,0,28,5,-3,6,-8,0,28
VTRS,Viatris,10.51,0,21,0,0,21,-12,16,5,-2,7,28
SNOW,Snowflake Inc.,225.57,0,6,18,0,24,-17,6,13,2,4,28
BBY,Best Buy,76.15,15,18,-27,-7,-1,16,15,1,-3,29,28
LEA,Lear Corporation,111.0,14,18,0,-18,14,7,10,12,-16,13,27
VRT,Vertiv,123.99,-28,-1,12,9,-8,9,-12,10,27,34,26
CTRA,Coterra,23.96,0,-1,-8,45,36,-12,3,-15,14,-10,26
TYL,Tyler Technologies,559.67,2,-10,0,18,10,5,-12,4,19,16,26
OLN,Olin Corporation,25.32,70,10,-63,-10,7,32,10,1,-24,19,26
EFX,Equifax,249.72,3,-25,-7,17,-12,7,-1,13,19,38,26
QCOM,Qualcomm,159.83,2,8,-28,23,5,5,10,11,-6,20,25
HRB,H&R Block,51.14,1,-62,-4,53,-12,21,-28,-9,53,37,25
MANH,Manhattan Associates,215.47,1,0,-32,66,35,5,-21,6,-1,-11,24
IPGP,IPG Photonics,84.26,2,80,4,-45,41,9,10,9,-45,-17,24
TTEK,Tetra Tech,36.09,-21,-3,-32,120,64,-30,-17,9,-2,-40,24
GEN,Gen Digital,29.5,-57,0,18,17,-22,3,12,13,17,45,23
REYN,Reynolds Consumer Products,23.8,15,22,-31,0,6,21,41,-43,-4,15,21
ROK,Rockwell Automation,339.72,-35,0,18,16,-1,7,13,13,-12,21,20
APTV,Aptiv,80.48,14,18,4,-25,11,19,14,13,-37,9,20
INGM,Ingram Micro,20.02,7,-9,0,0,-2,10,1,10,0,21,19
TRGP,Targa Resources,162.4,-7,-1,0,52,44,-21,-37,-23,55,-26,18
QGEN,Qiagen,47.56,0,0,15,0,15,5,-21,13,6,3,18
APD,Air Products,289.83,-28,0,0,17,-11,3,10,5,11,29,18
EPR,EPR Properties,53.26,-26,-19,60,30,45,-34,-29,13,22,-28,17
AGCO,AGCO,111.04,0,3,10,0,13,9,-5,14,-14,4,17
IP,International Paper,48.69,0,-4,0,17,13,-20,1,6,17,4,17
OVV,Ovintiv,41.09,0,10,0,3,13,-3,3,10,-7,3,16
COIN,Coinbase,299.13,-8,-9,12,0,-5,13,-25,12,19,19,14
AMH,American Homes 4 Rent,34.85,-26,-27,-11,69,5,-24,4,13,16,9,14
CUBE,CubeSmart,41.74,10,0,-26,2,-14,12,6,13,-3,28,14
LBTYK,Liberty Global (Series C),12.08,24,25,-43,-31,-25,12,62,2,-37,39,14
INTC,Intel,24.49,2,17,0,-21,-2,9,16,3,-13,15,13
DVA,DaVita,137.8,0,-9,-6,21,6,5,5,-23,20,7,13
MKSI,MKS Instruments,104.45,2,2,0,-14,-10,7,13,9,-6,23,13
ATR,AptarGroup,138.56,-1,-25,-6,21,-11,7,-22,13,26,24,13
EW,Edwards Lifesciences,80.92,-4,30,7,-15,18,-12,9,33,-36,-6,12
CEG,Constellation Energy,301.71,-35,-4,19,0,-20,11,-12,13,20,32,12
BIO,Bio-Rad Laboratories,295.44,0,47,-30,-29,-12,5,52,4,-38,23,11
CHE,Chemed Corporation,466.06,33,0,-14,0,19,1,12,-12,-9,-8,11
CSX,CSX Corporation,32.53,0,-4,-2,5,-1,9,-4,13,-7,11,10
PEG,Public Service Enterprise Group,81.14,-112,-3,0,153,38,-42,-11,7,18,-28,10
WING,Wingstop,309.85,-25,-2,0,39,12,-30,-15,11,32,-2,10
GEHC,GE HealthCare,75.74,7,1,-23,0,-15,11,2,2,9,24,9
MCHP,Microchip Technology,65.92,0,0,0,0,0,5,-1,13,-8,9,9
GPN,Global Payments,87.79,1,33,-30,-40,-36,5,49,1,-11,44,8
SHC,Sotera Health,15.62,-20,20,4,0,4,-14,20,5,-7,4,8
ESAB,ESAB,117.83,7,-22,0,0,-15,9,-17,13,18,23,8
LBTYA,Liberty Global (Series A),11.88,23,25,-43,-32,-27,16,25,4,-11,34,7
PEP,PepsiCo,146.4,-14,36,-45,0,-23,-19,61,2,-14,30,7
QXO,"QXO, Inc.",22.05,7,1,0,-15,-7,3,2,16,-7,14,7
IOT,Samsara,42.06,13,0,-13,0,0,5,1,-20,21,7,7
EL,Estée Lauder Companies (The),89.2,0,71,0,-27,44,-14,2,11,-36,-37,7
KD,Kyndryl,32.77,13,-23,0,0,-10,18,-34,11,21,16,6
ESS,Essex Property Trust,268.1,2,-26,0,15,-9,5,1,-6,15,15,6
SWK,Stanley Black & Decker,78.42,7,47,-32,-40,-18,9,16,2,-3,24,6
BILL,Bill.com,51.56,49,6,-27,0,28,9,6,1,-38,-22,6
RAL,Ralliant,43.28,14,0,0,0,14,18,-26,0,0,-8,6
CPAY,Corpay,316.74,-28,-25,-1,22,-32,5,5,1,26,37,5
ZS,Zscaler,274.2,-17,-4,20,6,5,2,-34,13,19,0,5
AVB,AvalonBay Communities,195.41,2,-26,-6,17,-13,7,5,-10,16,18,5
S,SentinelOne,18.73,49,-23,-28,0,-2,3,2,2,-2,5,3
MSGS,Madison Square Garden Sports,196.16,-11,-9,-7,22,-5,-3,6,6,-1,8,3
UBER,Uber,91.0,-35,0,21,0,-14,-42,13,19,27,17,3
BDX,Becton Dickinson,192.33,0,21,-31,-6,-16,9,47,-22,-16,18,2
APA,APA Corporation,22.75,0,21,0,-13,8,-13,19,8,-20,-6,2
CTSH,Cognizant,71.82,0,-27,-6,15,-18,5,2,-6,19,20,2
CARR,Carrier Global,65.52,1,-24,-2,0,-25,7,-20,13,27,27,2
HSIC,Schein (Henry),69.43,2,-9,-8,0,-15,5,5,2,4,16,1
CRWD,CrowdStrike,417.58,-28,-21,48,0,-1,3,-35,13,21,2,1
QSR,Restaurant Brands International,63.09,0,-21,-3,41,17,1,-22,13,-9,-17,0
AXTA,Axalta,31.8,7,2,-19,23,13,5,15,-32,-1,-13,0
MAT,Mattel,18.82,10,1,-7,0,4,12,6,10,-32,-4,0
WFRD,Weatherford International,62.53,0,52,-47,0,5,-12,10,3,-6,-5,0
SMCI,Supermicro,40.42,-35,-5,-3,59,16,3,-17,8,-10,-16,0
BEPC,Brookfield Renewable Partners,33.2,-28,0,13,0,-15,7,-17,13,11,14,-1
DLB,Dolby Laboratories,72.63,0,-9,-6,0,-15,16,12,-23,9,14,-1
CPT,Camden Property Trust,111.37,7,-26,0,0,-19,7,5,-6,12,18,-1
XYZ,"Block, Inc.",74.95,-20,59,-1,-37,1,-26,3,7,14,-2,-1
IPG,Interpublic Group of Companies (The),27.15,7,33,-46,0,-6,8,13,1,-18,4,-2
SIRI,Sirius XM,24.07,10,8,0,-32,-14,14,12,3,-18,11,-3
GLIBA,GCI Liberty (Series A),36.72,-13,0,0,0,-13,-5,15,0,0,10,-3
ZBRA,Zebra Technologies,313.8,0,0,-5,-8,-13,5,-17,7,14,9,-4
TXN,Texas Instruments,187.9,-28,-3,0,23,-8,-35,9,13,17,4,-4
RRX,Regal Rexnord,145.58,-28,0,-2,4,-26,5,9,10,-2,22,-4
DXCM,Dexcom,80.54,17,-9,-2,-15,-9,19,-18,13,-10,4,-5
TXRH,Texas Roadhouse,168.58,-42,-20,-2,65,1,5,-56,13,32,-6,-5
DLR,Digital Realty,163.25,-28,-15,0,23,-20,3,-21,13,20,15,-5
EQIX,Equinix,773.71,-28,-6,-11,35,-10,3,-14,-11,27,5,-5
ES,Eversource Energy,63.53,-27,-1,18,-11,-21,2,-3,13,3,15,-6
SNDR,Schneider National,24.55,-5,-6,-8,0,-19,5,4,5,-1,13,-6
SFD,Smithfield Foods,23.81,-34,76,0,0,42,-54,-1,7,0,-48,-6
MIDD,Middleby,144.42,14,-22,-6,0,-14,10,2,-19,14,7,-7
CR,Crane Co.,184.15,-42,-2,19,0,-25,7,-8,13,6,18,-7
EXAS,Exact Sciences,53.78,34,1,-31,-26,-22,28,9,-5,-17,15,-7
IQV,IQVIA,187.75,-1,36,-43,0,-8,4,-2,5,-7,0,-8
WST,West Pharmaceutical Services,250.73,16,1,-30,-8,-21,16,2,4,-9,13,-8
DDOG,Datadog,136.07,1,0,2,0,3,4,-24,10,-1,-11,-8
EIX,Edison International,54.47,-13,25,-35,0,-23,-25,39,3,-2,15,-8
SFM,Sprouts Farmers Market,138.88,-62,-29,0,47,-44,7,-27,-2,58,36,-8
FND,Floor & Decor,87.5,7,2,-38,0,-29,10,16,1,-7,20,-9
LOAR,Loar Holdings,76.47,16,-44,0,0,-28,16,8,-6,0,18,-10
MAA,Mid-America Apartment Communities,145.41,7,-27,0,0,-20,7,1,-11,12,9,-11
DVN,Devon Energy,34.78,-6,18,-1,-6,5,-19,14,12,-23,-16,-11
OGN,Organon & Co.,10.38,30,1,-32,0,-1,37,3,-45,-5,-10,-11
DAY,Dayforce,69.04,0,14,3,-13,4,-27,10,3,-1,-15,-11
CLX,Clorox,127.08,21,1,-20,-6,-4,29,-21,-30,14,-8,-12
FANG,Diamondback Energy,138.68,-8,-2,-32,48,6,-21,2,7,-6,-18,-12
CL,Colgate-Palmolive,85.15,0,-42,-9,24,-27,7,-3,-17,27,14,-13
NCNO,nCino,30.38,-6,7,-29,0,-28,1,7,8,-2,14,-14
GLIBK,GCI Liberty (Series C),36.35,-27,0,0,0,-27,-2,15,0,0,13,-14
SAIA,Saia,312.8,7,0,-29,5,-17,5,3,1,-6,3,-14
UNH,UnitedHealth Group,315.39,19,3,-21,-5,-4,11,15,-34,-2,-10,-14
PPC,Pilgrim's Pride,44.29,-112,-1,89,22,-2,-17,-8,-7,19,-13,-15
YETI,Yeti Holdings,36.32,13,2,-38,-7,-30,14,4,7,-11,14,-16
BSY,Bentley Systems,53.76,-17,0,12,0,-5,1,-19,13,-7,-12,-17
HLNE,Hamilton Lane,146.12,-28,-3,-1,26,-6,-31,-3,1,22,-11,-17
OMC,Omnicom Group,79.46,8,18,-30,2,-2,9,13,-35,-2,-15,-17
NSA,National Storage Affiliates,33.3,21,0,-18,-5,-2,14,12,-39,-2,-15,-17
FDX,FedEx,227.65,-28,-4,-29,33,-28,3,8,5,-5,11,-17
SEE,Sealed Air,32.75,13,11,-27,-25,-28,19,14,11,-33,11,-17
GEV,GE Vernova,582.06,-28,0,0,0,-28,3,-7,14,0,10,-18
CRM,Salesforce,250.76,0,-26,-16,23,-19,2,1,-24,22,1,-18
CNXC,Concentrix,53.79,35,-25,0,0,10,5,1,-1,-34,-29,-19
SAIC,SAIC,104.93,-42,-2,-1,68,23,-43,-2,5,-2,-42,-19
PFE,Pfizer,24.89,0,23,-2,-24,-3,-12,15,10,-29,-16,-19
IR,Ingersoll Rand,80.97,7,-16,-24,24,-9,7,-27,10,-1,-11,-20
BJ,BJ's Wholesale Club,97.0,-7,-48,0,11,-44,-15,-15,-5,59,24,-20
BIRK,Birkenstock,50.13,-28,-1,-2,0,-31,3,10,-4,0,9,-22
OKE,Oneok,72.64,-16,-25,-16,55,-2,-20,-25,-28,52,-21,-23
AMTM,Amentum,24.25,-14,0,0,0,-14,-15,-7,13,0,-9,-23
SARO,StandardAero,26.56,0,-17,0,0,-17,19,-38,13,0,-6,-23
DT,Dynatrace,50.0,0,-21,-5,0,-26,5,-34,10,21,2,-24
ASTS,AST SpaceMobile,42.44,-20,0,14,0,-6,-19,-21,13,9,-18,-24
SOLV,Solventum,72.73,1,-4,0,0,-3,5,-35,9,0,-21,-24
GNRC,Generac,181.31,-84,65,6,-35,-48,3,-1,10,11,23,-25
OTIS,Otis Worldwide,87.0,0,-32,-7,0,-39,5,-1,-17,27,14,-25
AR,Antero Resources,32.63,41,-34,-4,11,14,-2,-45,-3,11,-39,-25
BFAM,Bright Horizons,116.82,-56,0,-2,0,-58,3,-5,18,16,32,-26
FCN,FTI Consulting,168.73,1,0,-40,0,-39,7,9,3,-6,13,-26
APLS,Apellis Pharmaceuticals,28.13,3,28,-73,-17,-59,8,39,4,-19,32,-27
AES,AES Corporation,12.93,-16,42,0,-12,14,-23,-2,9,-25,-41,-27
MDLZ,Mondelez International,61.77,0,-27,-1,0,-28,12,-23,22,-10,1,-27
WAT,Waters Corporation,306.29,12,-39,-8,0,-35,5,10,-23,15,7,-28
WH,Wyndham Hotels & Resorts,86.35,-42,0,-6,12,-36,-12,3,1,16,8,-28
BBWI,"Bath & Body Works, Inc.",29.44,-2,0,-28,-16,-46,17,6,2,-7,18,-28
PB,Prosperity Bancshares,68.02,-7,-28,-7,15,-27,-28,6,5,15,-2,-29
FI,Fiserv,135.03,-28,-40,-17,36,-49,7,3,-18,28,20,-29
EG,Everest Group,340.05,-6,0,-39,56,11,-5,10,-40,-6,-41,-30
ONON,On Holding AG,45.52,2,-26,-2,0,-26,19,-57,13,21,-4,-30
CBSH,Commerce Bancshares,60.58,-21,-23,0,12,-32,-33,8,13,14,2,-30
GMED,Globus Medical,60.61,-28,5,-18,0,-41,5,16,-23,13,11,-30
BMY,Bristol Myers Squibb,47.13,-14,0,-3,-6,-23,-12,15,-17,6,-8,-31
AUR,Aurora Innovation,5.73,0,-7,-4,0,-11,-11,-5,-21,16,-21,-32
TWLO,Twilio,108.71,13,-20,0,-35,-42,9,-20,9,12,10,-32
ST,Sensata Technologies,32.02,-28,18,0,-16,-26,7,12,11,-36,-6,-32
MGM,MGM Resorts International,36.69,-14,0,0,0,-14,-28,9,10,-10,-19,-33
ESTC,Elastic NV,86.72,2,0,-16,-7,-21,7,6,-21,-5,-13,-34
KDP,Keurig Dr Pepper,28.63,-63,-9,-2,0,-74,8,-3,21,13,39,-35
TPL,Texas Pacific Land Corporation,889.79,-6,-68,-12,59,-27,-18,4,-8,14,-8,-35
PENN,Penn Entertainment,20.47,7,17,2,-35,-9,5,10,3,-45,-27,-36
NWL,Newell Brands,6.39,26,10,-30,-32,-26,18,8,1,-37,-10,-36
ELS,Equity Lifestyle Properties,61.72,10,1,-24,0,-13,14,1,-35,-4,-24,-37
UDR,"UDR, Inc.",39.08,0,-26,-1,0,-27,7,-23,-8,14,-10,-37
PAYC,Paycom,224.09,0,-9,22,-25,-12,12,-12,13,-38,-25,-37
AS,Amer Sports,36.57,-26,0,7,0,-19,-35,4,13,0,-18,-37
TW,Tradeweb,119.09,-14,-22,-1,1,-36,-6,-18,-2,24,-2,-38
JBHT,J. B. Hunt,143.71,-4,-6,-34,0,-44,5,9,3,-11,6,-38
AA,Alcoa,31.82,2,10,-24,-21,-33,7,15,5,-33,-6,-39
TSN,Tyson Foods,56.2,-42,11,-4,-29,-64,11,16,-14,12,25,-39
CCCS,CCC Intelligent Solutions,9.82,-16,1,-31,0,-46,3,6,5,-7,7,-39
CPB,Campbell Soup Company,34.05,21,3,-35,-7,-18,30,-6,-42,-6,-24,-42
PCTY,Paylocity,174.26,-27,-9,-1,-4,-41,5,-13,1,6,-1,-42
ISRG,Intuitive Surgical,466.95,-28,-27,-6,23,-38,5,-35,-1,27,-4,-42
SMG,Scotts Miracle-Gro Company,63.04,9,-6,-25,-40,-62,12,1,9,-2,20,-42
SBUX,Starbucks,85.43,-21,-3,-4,0,-28,-13,-11,1,8,-15,-43
EXE,Expand Energy,95.48,-6,-34,44,0,4,-12,-45,-2,11,-48,-44
SON,Sonoco,46.21,-28,0,-1,0,-29,-20,10,10,-15,-15,-44
FOUR,Shift4,87.59,-28,-23,-3,0,-54,3,-23,3,25,8,-46
WHR,Whirlpool Corporation,94.44,7,1,-8,-27,-27,5,7,6,-37,-19,-46
ASH,Ashland Global,54.91,-27,24,-44,-10,-57,4,15,2,-11,10,-47
CFLT,"Confluent, Inc.",19.33,2,-26,-6,0,-30,2,1,-21,1,-17,-47
WY,Weyerhaeuser,26.14,2,1,-26,0,-23,7,16,-38,-9,-24,-47
KNX,Knight-Swift,43.11,-6,-9,-28,-3,-46,5,5,3,-14,-1,-47
SWKS,Skyworks Solutions,75.19,1,3,-46,-31,-73,8,13,10,-6,25,-48
MTDR,Matador Resources,48.21,-4,0,-32,0,-36,-13,2,6,-7,-12,-48
CIVI,Civitas Resources,34.36,-4,19,-58,-1,-44,-13,17,2,-10,-4,-48
RARE,Ultragenyx,31.81,50,0,-30,-39,-19,-2,14,-38,-4,-30,-49
PCG,PG&E Corporation,15.07,0,0,-33,2,-31,-12,28,-32,-2,-18,-49
VKTX,Viking Therapeutics,26.97,0,-13,-43,22,-34,-12,-5,8,-7,-16,-50
CMCSA,Comcast,33.92,2,-28,-38,-10,-74,31,7,-5,-9,24,-50
ALGM,Allegro MicroSystems,30.58,-33,-4,14,0,-23,5,-27,11,-17,-28,-51
IRDM,Iridium Communications,25.12,7,-26,-7,-20,-46,1,3,10,-20,-6,-52
JHX,James Hardie Industries,20.22,2,-12,-30,-2,-42,5,-8,-3,-4,-10,-52
BAH,Booz Allen Hamilton,102.47,-21,-4,-33,102,44,-57,-3,-35,-2,-97,-53
MPW,Medical Properties Trust,4.62,25,1,-10,-37,-21,7,7,-10,-36,-32,-53
GTM,ZoomInfo,10.22,-27,-2,-6,0,-35,2,8,9,-38,-19,-54
UHAL,U-Haul,59.51,9,-28,-18,0,-37,16,-23,-31,21,-17,-54
OLED,Universal Display Corporation,145.43,14,-13,-40,0,-39,14,-37,13,-6,-16,-55
MASI,Masimo,147.26,7,-22,-2,-7,-24,13,-37,-18,11,-31,-55
TREX,"Trex Company, Inc.",64.58,7,1,-57,-14,-63,9,1,5,-7,8,-55
LUV,Southwest Airlines,31.39,-14,-15,4,-40,-65,-12,5,11,5,9,-56
KEX,Kirby Corporation,89.06,-42,-26,-6,36,-38,-55,-19,13,43,-18,-56
LW,Lamb Weston,58.02,7,17,-75,-9,-60,7,5,6,-15,3,-57
VFC,VF Corporation,15.01,1,10,-23,-44,-56,5,8,-23,8,-2,-58
INVH,Invitation Homes,30.25,-27,-31,-11,0,-69,1,1,-6,15,11,-58
DHR,Danaher Corporation,200.15,-50,21,-32,0,-61,4,-2,6,-5,3,-58
POOL,Pool Corporation,333.66,7,1,-26,-7,-25,11,-4,-32,-10,-35,-60
WLK,Westlake Corporation,89.44,12,17,-43,0,-14,5,10,-55,-7,-47,-61
NOV,NOV Inc.,13.33,13,0,-58,-13,-58,5,3,4,-16,-4,-62
CAR,Avis Budget Group,156.36,2,-2,12,-21,-9,-12,-19,16,-38,-53,-62
AKAM,Akamai Technologies,78.52,2,0,-29,-8,-35,5,8,-29,-11,-27,-62
OXY,Occidental Petroleum,45.91,-6,11,-58,0,-53,-15,13,9,-17,-10,-63
AVTR,Avantor,13.31,1,1,-32,0,-30,5,11,-43,-6,-33,-63
WBD,Warner Bros. Discovery,12.11,4,0,15,-43,-24,15,-20,11,-46,-40,-64
MORN,"Morningstar, Inc.",257.16,-28,-26,-23,29,-48,5,-39,-1,19,-16,-64
COO,Cooper Companies (The),68.08,0,-6,-30,-6,-42,17,-1,-35,-4,-23,-65
ONTO,Onto Innovation,104.13,-35,10,-29,0,-54,5,13,-24,-5,-11,-65
ZBH,Zimmer Biomet,105.73,-5,21,0,-18,-2,7,16,-67,-19,-63,-65
ZTS,Zoetis,153.29,-28,0,-38,-4,-70,3,12,-5,-6,4,-66
ETSY,Etsy,54.07,0,-7,0,-31,-38,5,-8,13,-38,-28,-66
PYPL,PayPal,68.25,-6,-16,-6,-40,-68,5,-20,6,10,1,-67
NKE,"Nike, Inc.",73.89,-33,49,-1,-22,-7,-44,10,10,-37,-61,-68
CHRD,Chord Energy,103.38,-7,0,-53,0,-60,-13,4,7,-7,-9,-69
CCK,Crown Holdings,94.24,-45,-13,20,6,-32,-59,-4,13,13,-37,-69
COP,ConocoPhillips,92.91,-10,0,-48,0,-58,-19,11,5,-9,-12,-70
HUBS,HubSpot,487.47,7,-60,-13,12,-54,5,-20,-21,20,-16,-70
RNG,RingCentral,31.95,7,17,-29,-42,-47,5,14,3,-46,-24,-71
CE,Celanese,48.76,7,-20,-46,-11,-70,5,1,3,-10,-1,-71
CRL,Charles River Laboratories,163.94,7,0,-57,-27,-77,5,1,9,-9,6,-71
TFX,Teleflex,130.72,13,12,-45,-40,-60,16,24,-41,-11,-12,-72
ELV,Elevance Health,313.59,-2,0,-47,-3,-52,-14,10,-13,-4,-21,-73
ENTG,Entegris,81.99,-28,0,-47,-7,-82,4,9,2,-6,9,-73
OWL,Blue Owl Capital,17.78,-41,-12,-7,0,-60,-33,-8,5,22,-14,-74
IAC,IAC Inc.,37.17,9,-23,-5,-32,-51,5,2,9,-39,-23,-74
CF,CF Industries,84.45,-21,-21,0,5,-37,-12,-47,13,9,-37,-74
ABNB,Airbnb,123.78,-21,-21,-6,0,-48,-26,2,3,-6,-27,-75
TAP,Molson Coors,50.4,0,0,-16,0,-16,-55,14,-17,-4,-62,-78
TECH,Bio-Techne,54.4,0,0,-30,-25,-55,4,9,-30,-7,-24,-79
GTLB,GitLab,45.73,-14,-2,-24,0,-40,-22,7,-23,-2,-40,-80
CNH,CNH Industrial,11.46,-57,-16,0,0,-73,7,-32,13,3,-9,-82
KHC,Kraft Heinz,27.28,1,0,-45,0,-44,8,-18,-17,-11,-38,-82
CHDN,Churchill Downs Incorporated,102.38,-28,-5,-34,0,-67,4,-22,5,-2,-15,-82
MRK,Merck & Co.,84.7,0,25,-50,0,-25,-11,15,-54,-7,-57,-82
MKC,McCormick & Company,70.94,7,-42,-9,-3,-47,11,-41,-17,11,-36,-83
PATH,UiPath,11.5,3,-28,-14,0,-39,5,-32,-6,-11,-44,-83
SRPT,Sarepta Therapeutics,18.7,0,0,-32,-8,-40,-3,20,-53,-7,-43,-83
CDW,CDW,169.73,5,-23,-45,0,-63,9,-26,5,-9,-21,-84
COLM,Columbia Sportswear,56.49,35,-124,-24,-7,-120,35,6,-19,14,36,-84
AAL,American Airlines Group,13.09,0,49,-24,-77,-52,-11,16,2,-40,-33,-85
PPG,PPG Industries,109.99,-42,-7,-49,-9,-107,5,13,13,-9,22,-85
EMN,Eastman Chemical Company,69.06,0,-29,-24,-2,-55,5,5,-38,-3,-31,-86
ACI,Albertsons,19.05,-28,-38,0,0,-66,-19,4,-6,1,-20,-86
AVY,Avery Dennison,168.0,-55,-9,-38,0,-102,1,10,10,-6,15,-87
SLGN,Silgan Holdings,45.19,-28,-27,-6,0,-61,-26,-27,13,14,-26,-87
RGEN,Repligen,124.56,6,1,-19,-18,-30,5,-1,-23,-38,-57,-87
WU,Western Union,8.85,35,0,-26,-47,-38,7,10,-61,-6,-50,-88
IEX,IDEX Corporation,164.93,1,-27,-31,-3,-60,8,1,-31,-7,-29,-89
KBR,"KBR, Inc.",49.65,-27,0,-33,0,-60,-33,17,-11,-2,-29,-89
LKQ,LKQ Corporation,32.39,2,-58,-9,-3,-68,7,6,-17,-18,-22,-90
CERT,"Certara, Inc.",10.52,-43,-6,-18,0,-67,4,16,-10,-33,-23,-90
NEE,NextEra Energy,70.89,-49,0,0,0,-49,-68,-1,13,14,-42,-91
DLTR,Dollar Tree,101.12,-38,0,0,-16,-54,-33,-9,28,-23,-37,-91
DG,Dollar General,109.31,-77,1,0,-18,-94,9,-6,25,-27,1,-93
SLB,Schlumberger,35.83,0,2,-73,0,-71,4,9,-24,-11,-22,-93
ODFL,Old Dominion Freight Line,150.71,-5,-27,-29,0,-61,5,-1,-34,-2,-32,-93
EEFT,Euronet Worldwide,91.16,-45,-27,-6,-4,-82,4,-27,-3,14,-12,-94
SAM,Boston Beer Company,226.96,13,3,-38,-38,-60,12,31,-34,-45,-36,-96
TEAM,Atlassian,172.38,0,-41,-9,-7,-57,3,-33,-21,12,-39,-96
QS,QuantumScape,7.86,-35,-10,9,0,-36,-14,-22,11,-37,-62,-98
TTD,Trade Desk (The),52.06,-14,-20,-30,-2,-66,-23,-12,4,-1,-32,-98
BHF,Brighthouse Financial,43.35,-28,-45,-6,0,-79,-22,-1,-6,9,-20,-99
LINE,"Lineage, Inc.",40.55,-9,-21,0,0,-30,-23,-13,-34,0,-70,-100
BIIB,Biogen,140.67,22,17,-87,-28,-76,20,24,-50,-19,-25,-101
CHH,Choice Hotels,116.82,-42,-22,-6,0,-70,-4,-23,-20,15,-32,-102
FIS,Fidelity National Information Services,68.73,-43,-23,-5,-38,-109,7,-25,12,12,6,-103
JKHY,Jack Henry & Associates,162.28,-28,-26,-6,0,-60,7,-57,-6,12,-44,-104
CAVA,Cava Group,66.63,-28,-17,-17,0,-62,7,-21,-31,3,-42,-104
UHAL-B,U-Haul (Series N),53.6,3,-28,-26,0,-51,16,-27,-40,-2,-53,-104
CLVT,Clarivate,4.4,2,1,-80,-7,-84,7,10,6,-43,-20,-104
KVUE,Kenvue,18.66,-58,-9,-1,0,-68,-15,-19,-6,4,-36,-104
ARE,Alexandria Real Estate Equities,84.7,19,18,-40,-31,-34,10,7,-51,-36,-70,-104
AMCR,Amcor,8.3,-28,-16,-4,0,-48,-26,-25,-4,-3,-58,-106
ON,ON Semiconductor,49.1,-32,-6,-40,-2,-80,5,-24,9,-16,-26,-106
FDS,FactSet,371.14,-38,-34,-8,0,-80,10,-30,-6,-2,-28,-108
BALL,Ball Corporation,50.94,-63,-15,-6,-12,-96,3,-23,13,-6,-13,-109
CMG,Chipotle Mexican Grill,41.06,-55,-31,-9,81,-14,-55,-32,-7,-1,-95,-109
MOS,Mosaic Company (The),32.44,-21,-18,19,-17,-37,-26,-34,18,-31,-73,-110
ALB,Albemarle Corporation,81.5,-6,46,-131,-24,-115,5,19,7,-26,5,-110
MTN,Vail Resorts,157.98,-5,-1,-36,-24,-66,-25,9,9,-37,-44,-110
CROX,Crocs,86.45,-1,-21,-45,-2,-69,-4,-25,-7,-6,-42,-111
GDDY,GoDaddy,145.26,-28,-41,-6,23,-52,5,-65,-22,23,-59,-111
KMX,CarMax,60.7,0,-38,-22,-37,-97,5,7,-26,-1,-15,-112
CZR,Caesars Entertainment,26.36,0,-26,-29,-26,-81,5,1,1,-38,-31,-112
LSTR,Landstar,132.05,0,-28,-38,-1,-67,5,3,-45,-8,-45,-112
LBRDK,Liberty Broadband (Series C),59.97,-44,-30,-6,-37,-117,1,-1,-6,9,3,-114
LULU,Lululemon Athletica,167.77,-7,-63,-14,-4,-88,10,-1,-23,-13,-27,-115
UAA,Under Armour (Class A),5.13,13,-20,-31,-45,-83,19,-22,8,-38,-33,-116
AMT,American Tower,198.32,-49,-23,0,-1,-73,-59,-22,23,12,-46,-119
DAR,Darling Ingredients,32.06,-24,-8,-9,-21,-62,-43,5,11,-31,-58,-120
HUN,Huntsman Corporation,11.23,8,1,-48,-16,-55,5,6,-43,-34,-66,-121
GME,GameStop,22.6,0,-59,-13,-31,-103,-9,4,-6,-8,-19,-122
FTV,Fortive,47.86,0,-27,-24,0,-51,7,-53,-20,-6,-72,-123
ILMN,"Illumina, Inc.",98.8,0,0,-31,-41,-72,5,-20,5,-41,-51,-123
DV,DoubleVerify,15.0,-14,0,-73,0,-87,-26,-1,2,-11,-36,-123
FMC,FMC Corporation,37.77,-28,-6,-43,-25,-102,2,-2,5,-27,-22,-124
HAL,Halliburton,22.1,0,7,-66,-1,-60,5,5,-65,-10,-65,-125
BRBR,BellRing Brands,39.45,-3,-85,-16,0,-104,47,-77,-22,28,-24,-128
ACN,Accenture,254.87,-21,-42,-26,-1,-90,4,-40,-22,20,-38,-128
PRMB,Primo Brands,25.25,1,-67,-1,23,-44,6,-96,-13,19,-84,-128
UA,Under Armour (Class C),4.97,0,-20,-31,-38,-89,11,-22,9,-38,-40,-129
OKTA,"Okta, Inc.",91.48,-28,-62,-1,-25,-116,5,-21,-6,7,-15,-131
LCID,Lucid Motors,18.39,-35,-13,-7,0,-55,2,-22,-20,-36,-76,-131
ENPH,Enphase Energy,39.67,6,0,-49,-21,-64,5,7,-56,-25,-69,-133
MOH,Molina Healthcare,174.65,-14,-73,-16,-3,-106,-14,7,-12,-9,-28,-134
EPAM,EPAM Systems,169.43,-10,-2,-29,-28,-69,-20,13,-20,-38,-65,-134
REGN,Regeneron Pharmaceuticals,573.01,-41,18,-44,0,-67,-33,15,-45,-5,-68,-135
IT,Gartner,245.96,-14,-58,-24,0,-96,-17,-61,-22,58,-42,-138
DOW,Dow Inc.,24.5,0,-31,-46,-2,-79,5,6,-61,-9,-59,-138
CCI,Crown Castle,96.15,-56,-8,0,-29,-93,-56,-19,23,6,-46,-139
COTY,Coty,4.37,11,-13,-67,-8,-77,41,-25,-69,-10,-63,-140
DXC,DXC Technology,14.79,13,0,-28,-74,-89,5,10,-35,-35,-55,-144
CAG,Conagra Brands,19.29,6,-99,-35,-8,-136,16,16,-17,-24,-9,-145
TGT,Target Corporation,93.19,-84,-6,-34,-12,-136,2,-12,1,-7,-16,-152
WSC,WillScot Mobile Mini,23.7,-28,-25,-68,-7,-128,5,-19,1,-13,-26,-154
BMRN,BioMarin Pharmaceutical,57.77,-14,1,-53,-21,-87,-12,-14,-18,-23,-67,-154
BAX,Baxter International,24.42,4,-42,-26,-39,-103,5,1,-17,-42,-53,-156
HRL,Hormel Foods,25.66,-42,-36,-13,-24,-115,6,-32,13,-31,-44,-159
ADBE,Adobe Inc.,348.93,-28,-42,-39,-7,-116,5,1,-43,-6,-43,-159
TDC,Teradata,21.01,1,-21,-82,-18,-120,5,-34,4,-17,-42,-162
ALGN,Align Technology,139.12,0,-26,-70,-26,-122,3,1,-6,-39,-41,-163
LYB,LyondellBasell,55.07,-28,-25,-47,-6,-106,5,6,-61,-8,-58,-164
WEN,Wendy's Company (The),10.32,-28,-51,-40,-9,-128,3,5,-35,-16,-43,-171
LBRDA,Liberty Broadband (Series A),59.73,-44,-30,-6,-37,-117,-56,-1,-6,9,-54,-171
FRPT,Freshpet,55.28,-63,-58,-27,-7,-155,2,-15,-23,20,-16,-171
XRAY,Dentsply Sirona,14.62,8,-26,-84,-43,-145,10,1,2,-41,-28,-173
IFF,International Flavors & Fragrances,66.02,-28,-27,-26,-32,-113,3,-23,-38,-2,-60,-173
RVTY,Revvity,86.58,-48,-27,-23,-25,-123,4,-32,-28,4,-52,-175
CNC,Centene,28.97,-2,-74,-47,-12,-135,-6,11,-16,-29,-40,-175
SBAC,SBA Communications,197.69,-56,-23,-2,-21,-102,-56,-23,-1,6,-74,-176
GFS,GlobalFoundries,33.28,-33,-23,-85,0,-141,5,-27,3,-18,-37,-178
GPK,Graphic Packaging,21.54,-56,-6,-22,0,-84,-59,-3,-35,-1,-98,-182
DUOL,Duolingo,271.18,-68,-47,-1,0,-116,-31,-61,-4,24,-72,-188
MRNA,Moderna,25.13,0,-22,-58,-5,-85,7,-23,-58,-40,-114,-199
MAN,ManpowerGroup,41.27,-43,-8,-49,-29,-129,5,9,-49,-37,-72,-201
CHTR,Charter Communications,261.49,-44,-30,-7,-37,-118,-56,-35,-7,-2,-100,-218
GIS,General Mills,50.58,16,-105,-44,-5,-138,28,-51,-40,-20,-83,-221
RHI,Robert Half,37.06,2,-155,-32,-10,-195,29,5,-30,-33,-29,-224
RYAN,Ryan Specialty,54.39,-67,-51,-6,0,-124,-63,-57,-12,26,-106,-230
BF-A,Brown–Forman (Class A),29.15,-42,0,-105,-19,-166,-33,39,-45,-25,-64,-230
MKTX,MarketAxess,187.46,1,-30,-31,-30,-90,-47,-45,-5,-45,-142,-232
INSP,Inspire Medical Systems,86.41,-21,-78,-26,-7,-132,-19,-32,-31,-18,-100,-232
DJT,Trump Media & Technology Group,16.68,-30,-68,-59,0,-157,-47,6,-27,-10,-78,-235
BF-B,Brown–Forman (Class B),28.91,-56,-3,-106,-19,-184,-33,39,-38,-29,-61,-245
UPS,United Parcel Service,85.04,-42,-28,-109,-17,-196,2,2,-37,-35,-68,-264
BRKR,Bruker,30.83,-44,-26,-63,-9,-142,-28,-24,-67,-10,-129,-271
STZ,Constellation Brands,148.46,-106,-9,-48,-4,-167,-20,-12,-64,-9,-105,-272
GLOB,Globant,63.14,-66,-77,-29,-8,-180,-33,-25,-29,-8,-95,-275
FLO,Flowers Foods,14.81,-104,-15,-40,-9,-168,-26,-8,-60,-24,-118,-286
PRGO,Perrigo,22.66,-27,-22,-5,-114,-168,-54,-21,-5,-56,-136,-304
COLD,Americold,13.98,-41,-109,-44,-12,-206,2,-51,-44,-16,-109,-315
