Symbol,Name,Close,1H Cloud Score,1D Cloud Score,1W Cloud Score,1M Cloud Score,Cloud Score Sum,1H TKx Score,1D TKx Score,1W TKx Score,1M TKx Score,TKx Score Sum,Total Score Sum
TJX,TJX Companies,140.38,-18,49,156,200,387,-14,11,125,195,317,704
WRB,W. R. Berkley Corporation,77.65,110,32,102,178,422,40,45,32,57,174,596
COOP,Mr. Cooper Group,210.79,-7,100,126,60,279,11,99,124,58,292,571
SO,Southern Company,98.28,41,6,84,192,323,33,7,31,81,152,475
ORI,Old Republic International,43.19,0,43,155,60,258,-19,41,125,57,204,462
CASY,Casey's,556.6,0,25,121,89,235,1,21,125,80,227,462
ATO,Atmos Energy,176.52,95,46,82,47,270,40,8,93,47,188,458
ORLY,O'Reilly Auto Parts,102.15,-35,0,171,201,337,-50,5,62,91,108,445
MMC,Marsh McLennan,207.01,66,1,-11,177,233,40,4,-19,180,205,438
PLTR,Palantir Technologies,175.35,-2,119,124,0,241,27,17,127,22,193,434
AAPL,Apple Inc.,245.28,-14,73,6,253,318,-14,41,10,73,110,428
MPWR,Monolithic Power Systems,903.37,-2,106,11,159,274,69,50,18,2,139,413
FIX,Comfort Systems USA,816.09,0,109,25,66,200,17,121,18,57,213,413
MNST,Monster Beverage,69.64,72,45,34,182,333,26,19,27,6,78,411
DUK,Duke Energy,127.01,42,6,84,185,317,35,8,30,18,91,408
APH,Amphenol,121.69,-4,119,27,67,209,23,121,18,29,191,400
INSM,Insmed,162.22,60,86,72,18,236,63,56,18,22,159,395
GS,Goldman Sachs,764.4,-17,106,100,60,249,-19,117,18,23,139,388
MS,Morgan Stanley,151.87,-6,106,84,66,250,-19,117,18,18,134,384
NRG,NRG Energy,160.41,-6,21,111,96,222,-4,20,121,23,160,382
COR,Cencora,318.05,16,29,52,77,174,24,38,63,70,195,369
ANET,Arista Networks,154.12,21,91,15,60,187,21,87,14,58,180,367
GLW,Corning Inc.,82.98,0,105,27,19,151,70,112,16,16,214,365
JPM,JPMorgan Chase,301.01,-53,108,131,160,346,-61,33,18,28,18,364
EME,Emcor,663.73,0,106,25,60,191,72,25,16,59,172,363
L,Loews Corporation,100.88,-1,106,120,57,282,-5,41,18,26,80,362
FFIV,"F5, Inc.",331.83,35,105,102,16,258,47,19,18,19,103,361
ROL,"Rollins, Inc.",57.01,-13,0,39,288,314,-26,5,31,37,47,361
LLY,Lilly (Eli),833.68,0,11,2,174,187,61,28,-15,98,172,359
GOOG,Alphabet (Class C),237.54,-14,95,15,178,274,-19,69,12,23,85,359
IDA,Idacorp,134.18,102,75,64,20,261,34,14,34,12,94,355
AM,Antero Midstream,18.41,-14,28,156,25,195,-5,21,86,57,159,354
MSI,Motorola Solutions,456.29,13,0,9,155,177,-8,-12,9,187,176,353
WMT,Walmart,101.83,0,30,135,103,268,38,-2,18,31,85,353
BSX,Boston Scientific,95.41,0,-21,152,146,277,13,-15,18,59,75,352
ETR,Entergy,95.25,0,16,84,139,239,-17,15,97,16,111,350
IONS,Ionis Pharmaceuticals,69.97,91,109,9,2,211,98,34,18,-12,138,349
GD,General Dynamics,333.0,-2,128,16,56,198,-9,83,18,59,151,349
COST,Costco,929.93,14,-17,0,182,179,19,-28,-10,186,167,346
RTX,RTX Corporation,157.69,-10,105,85,56,236,-12,14,92,16,110,346
WELL,Welltower,165.91,-25,0,124,60,159,-44,64,141,26,187,346
BK,BNY Mellon,104.53,-53,108,102,42,199,-6,112,18,21,145,344
HWM,Howmet Aerospace,184.06,-42,23,156,31,168,-8,23,100,59,174,342
ORCL,Oracle Corporation,292.97,14,23,19,200,256,17,20,18,29,84,340
CDNS,Cadence Design Systems,327.07,-15,-1,25,143,152,-11,-4,18,182,185,337
XEL,Xcel Energy,80.96,95,62,59,14,230,-3,31,67,11,106,336
DTE,DTE Energy,140.5,0,14,82,191,287,-12,11,35,15,49,336
ACM,AECOM,128.77,-1,112,24,67,202,-5,41,18,74,128,330
CBOE,Cboe Global Markets,245.15,7,1,152,57,217,20,9,30,53,112,329
RBC,RBC Bearings,373.02,-5,-8,101,166,254,23,-29,22,59,75,329
SNX,TD Synnex,151.66,-7,106,23,65,187,-14,112,16,23,137,324
CW,Curtiss-Wright,539.22,0,114,27,56,197,35,22,18,51,126,323
RL,Ralph Lauren Corporation,309.55,-2,108,102,36,244,-5,37,18,28,78,322
PPL,PPL Corporation,37.23,35,64,84,25,208,-9,10,96,16,113,321
CME,CME Group,271.43,9,0,62,138,209,16,10,58,21,105,314
CRS,Carpenter Technology Corporation,241.2,-2,-1,154,37,188,-7,3,79,51,126,314
AVGO,Broadcom,324.47,-6,109,27,118,248,17,-2,18,32,65,313
IBM,IBM,277.8,-6,17,117,56,184,-18,25,64,58,129,313
CAT,Caterpillar Inc.,491.33,0,105,16,66,187,17,30,16,59,122,309
ALL,Allstate,205.67,-14,17,105,161,269,-9,10,19,19,39,308
FE,FirstEnergy,46.92,95,59,14,57,225,34,13,18,16,81,306
LHX,L3Harris,292.41,-3,128,20,7,152,-5,121,20,16,152,304
PSTG,Pure Storage,89.38,51,36,7,44,138,64,28,14,59,165,303
V,Visa Inc.,343.82,-2,0,145,135,278,-9,6,-1,28,24,302
TIGO,Millicom,47.62,-6,186,85,4,269,-20,3,32,18,33,302
NFLX,Netflix,1220.08,23,0,124,22,169,28,-17,95,22,128,297
ABBV,AbbVie,230.54,-2,58,25,60,141,12,65,11,66,154,295
MA,Mastercard,557.46,-12,-1,134,157,278,-12,-19,18,28,15,293
CIEN,Ciena,155.95,78,106,17,14,215,16,28,16,18,78,293
GRMN,Garmin,248.03,0,79,120,21,220,-5,40,14,23,72,292
MDU,MDU Resources,18.75,112,14,3,60,189,37,16,18,32,103,292
GOOGL,Alphabet (Class A),236.57,-14,95,16,178,275,-19,-1,13,23,16,291
KRMN,Karman Holdings,74.64,182,43,0,0,225,21,34,10,0,65,290
LOPE,Grand Canyon Education,208.05,-28,46,155,37,210,-44,45,42,36,79,289
NOC,Northrop Grumman,623.43,91,73,18,60,242,-2,7,25,14,44,286
EVRG,Evergy,77.48,7,87,66,16,176,-5,15,85,12,107,283
DGX,Quest Diagnostics,184.17,0,45,76,20,141,7,43,76,16,142,283
AYI,Acuity Brands,347.78,-4,82,12,29,119,16,111,14,22,163,282
WEC,WEC Energy Group,115.13,42,62,63,15,182,-9,19,76,13,99,281
IBKR,Interactive Brokers,69.02,0,17,97,59,173,17,16,16,59,108,281
NDAQ,"Nasdaq, Inc.",88.89,23,-14,84,146,239,36,-30,18,16,40,279
TRV,Travelers Companies (The),270.04,-13,0,99,60,146,-12,53,32,58,131,277
HEI,HEICO (Common),306.85,-12,-2,33,191,210,-7,-10,24,59,66,276
SRE,Sempra,90.19,0,61,8,183,252,-10,16,16,1,23,275
NEM,Newmont,85.13,-6,130,27,7,158,-14,92,27,12,117,275
HOOD,Robinhood Markets,138.94,0,108,89,0,197,15,25,18,20,78,275
NEE,NextEra Energy,83.37,105,13,3,2,123,109,9,18,15,151,274
EXC,Exelon,47.07,102,9,63,16,190,61,8,2,12,83,273
ETN,Eaton Corporation,369.24,-2,16,16,116,146,12,23,16,74,125,271
MLI,Mueller Industries,97.01,-14,78,15,60,139,-28,71,16,73,132,271
J,Jacobs Solutions,151.24,-1,104,14,108,225,-5,15,15,21,46,271
FHN,First Horizon Corporation,22.25,-2,106,60,6,170,37,35,16,12,100,270
WM,"Waste Management, Inc.",219.25,4,-35,0,189,158,-6,-41,-2,161,112,270
NVT,Nvent Electric,95.99,-6,106,16,14,130,12,119,16,-7,140,270
CINF,Cincinnati Financial,158.97,-1,49,93,64,205,-13,40,18,17,62,267
MCO,Moody's Corporation,484.05,39,-17,2,158,182,71,-29,16,27,85,267
MLM,Martin Marietta Materials,632.15,65,61,14,62,202,14,3,18,29,64,266
ULTA,Ulta Beauty,549.07,-1,116,20,6,141,-4,119,20,-11,124,265
DRS,Leonardo DRS,43.2,-2,0,147,60,205,-5,16,18,31,60,265
AJG,Arthur J. Gallagher & Co.,301.71,-14,0,0,188,174,-21,10,-10,109,88,262
PGR,Progressive Corporation,239.99,-11,-86,-1,179,81,-4,4,-11,191,180,261
AXON,Axon Enterprise,702.88,-2,-22,153,96,225,-3,-13,18,32,34,259
HPE,Hewlett Packard Enterprise,24.41,-2,102,9,44,153,-5,39,15,56,105,258
LDOS,Leidos,188.03,-2,118,10,25,151,-10,75,21,21,107,258
DASH,DoorDash,265.8,-4,105,105,0,206,-7,20,18,20,51,257
AWI,Armstrong World Industries,193.75,-4,113,102,23,234,-19,3,18,21,23,257
BR,Broadridge Financial Solutions,232.89,-2,-20,122,147,247,-7,-28,18,27,10,257
NVDA,Nvidia,183.14,0,17,22,136,175,21,15,18,28,82,257
AU,AngloGold Ashanti,71.93,0,50,84,20,154,-5,59,32,16,102,256
AEP,American Electric Power,117.05,91,9,81,25,206,-4,7,31,16,50,256
TPR,"Tapestry, Inc.",108.25,-7,106,88,23,210,-14,23,16,21,46,256
GE,GE Aerospace,291.55,-5,117,27,29,168,-9,28,38,31,88,256
MO,Altria,66.53,7,59,78,47,191,7,6,34,18,65,256
AAON,AAON,99.47,0,17,0,247,264,-10,35,-33,-1,-9,255
MCK,McKesson Corporation,763.13,12,17,50,60,139,17,34,-5,69,115,254
CRH,CRH plc,116.05,-2,60,15,66,139,5,69,12,29,115,254
URI,United Rentals,950.0,-2,106,15,66,185,-9,3,16,59,69,254
HEI-A,HEICO (Class A),242.53,-13,-2,34,184,203,-5,-3,25,32,49,252
CNP,Centerpoint Energy,39.37,6,60,57,47,170,-4,18,51,17,82,252
LITE,Lumentum,149.55,-12,104,22,5,119,-7,112,16,12,133,252
AIZ,Assurant,217.43,-1,47,9,154,209,2,9,10,21,42,251
SGI,Somnigroup International,83.7,0,106,49,66,221,-5,-12,18,28,29,250
VMC,Vulcan Materials,301.45,-1,58,14,62,133,2,66,18,29,115,248
CMI,Cummins,413.16,-6,78,13,67,152,-19,69,14,32,96,248
RKLB,Rocket Lab,64.2,49,26,57,0,132,59,28,18,10,115,247
NI,NiSource,42.88,-2,13,82,47,140,-19,13,97,16,107,247
WMB,Williams Companies,62.61,-14,17,120,54,177,-29,22,18,59,70,247
CHD,Church & Dwight,87.68,0,-54,-24,346,268,-12,-17,-22,27,-24,244
FLEX,Flex Ltd.,56.58,-3,35,26,60,118,21,28,18,59,126,244
CELH,Celsius Holdings,60.69,70,11,1,67,149,77,3,26,-11,95,244
PWR,Quanta Services,417.62,0,13,25,101,139,-5,17,18,74,104,243
ITT,ITT Inc.,171.07,-14,112,24,101,223,-27,-1,18,28,18,241
FWONK,Liberty Formula 1 (Series C),103.2,-7,19,78,59,149,-17,33,18,58,92,241
PNR,Pentair,107.18,-6,106,17,64,181,-26,43,16,26,59,240
CAH,Cardinal Health,156.87,22,11,63,40,136,21,25,-1,59,104,240
ALLE,Allegion,173.32,-6,118,17,23,152,-28,74,18,24,88,240
KLAC,KLA Corporation,981.93,-23,25,22,179,203,-29,19,18,28,36,239
FWONA,Liberty Formula 1 (Series A),93.65,-13,19,77,64,147,-17,33,17,58,91,238
MSFT,Microsoft,511.36,-5,-1,24,175,193,-14,14,18,27,45,238
FYBR,Frontier Communications,37.33,-23,44,97,0,118,-6,7,102,16,119,237
THG,Hanover Insurance,177.39,-6,45,69,26,134,-12,37,61,16,102,236
CTAS,Cintas,187.82,-30,-40,-1,169,98,-49,-2,-1,189,137,235
WDC,Western Digital,115.42,-23,106,20,20,123,-29,117,18,5,111,234
LNT,Alliant Energy,67.75,96,14,76,16,202,-9,8,18,15,32,234
MCD,McDonald's,297.02,-56,-5,0,244,183,2,-17,6,59,50,233
NEU,NewMarket,783.94,-12,128,27,31,174,-6,6,30,29,59,233
WPC,W. P. Carey,66.86,-21,103,37,4,123,-27,95,34,7,109,232
AZO,AutoZone,4075.41,-28,0,102,88,162,-48,-3,62,59,70,232
YUM,Yum! Brands,141.61,-35,-2,0,261,224,-53,-1,2,59,7,231
TLN,Talen Energy,413.15,-5,118,47,0,160,-5,53,19,4,71,231
HUBB,Hubbell Incorporated,408.52,-49,-1,9,184,143,12,-12,14,73,87,230
DDS,Dillard's,578.78,-20,88,22,56,146,-33,42,15,57,81,227
BWXT,BWX Technologies,189.96,0,104,21,37,162,-2,16,18,33,65,227
CMS,CMS Energy,74.11,78,5,84,25,192,5,8,6,16,35,227
JNJ,Johnson & Johnson,190.7,82,72,16,9,179,19,7,13,8,47,226
UI,Ubiquiti,655.31,-2,35,60,12,105,21,70,18,12,121,226
EHC,Encompass Health,122.14,-55,40,151,31,167,-5,-1,32,31,57,224
CLF,Cleveland-Cliffs,13.18,91,71,0,-18,144,47,31,11,-10,79,223
LMT,Lockheed Martin,505.01,0,32,0,167,199,-9,34,3,-4,24,223
LYV,Live Nation Entertainment,153.01,-56,-3,102,149,192,5,-11,17,18,29,221
HIG,Hartford (The),129.02,-14,0,102,59,147,-12,-1,29,58,74,221
DCI,Donaldson Company,79.88,-6,58,10,67,129,-23,65,18,32,92,221
LIN,Linde plc,453.89,-16,-2,21,112,115,-12,-8,18,108,106,221
OGE,OGE Energy,45.79,0,11,76,47,134,-17,12,76,16,87,221
PANW,Palo Alto Networks,208.55,0,26,7,83,116,-1,27,18,59,103,219
AMGN,Amgen,290.1,0,8,-1,167,174,-2,2,6,38,44,218
BRO,Brown & Brown,95.94,48,0,-7,165,206,-3,4,-18,28,11,217
APP,AppLovin,570.11,-35,51,113,0,129,-7,59,14,20,86,215
SCI,Service Corporation International,80.82,-15,22,5,177,189,-23,16,16,15,24,213
TT,Trane Technologies,414.14,-2,-32,24,166,156,-2,9,18,31,56,212
AN,AutoNation,213.08,-6,43,25,63,125,6,3,18,59,86,211
TDY,Teledyne Technologies,567.3,-7,105,60,16,174,-19,20,18,17,36,210
KR,Kroger,67.78,26,-32,87,69,150,20,-35,58,17,60,210
SOFI,SoFi,26.18,-2,98,54,0,150,29,1,16,13,59,209
DDOG,Datadog,158.79,77,11,7,0,95,75,23,15,1,114,209
SPGI,S&P Global,486.05,14,-17,1,174,172,26,-29,16,23,36,208
AMAT,Applied Materials,209.88,-1,17,3,151,170,10,17,16,-7,36,206
AON,AON,359.99,-1,-2,0,179,176,-11,-23,5,58,29,205
HII,Huntington Ingalls Industries,282.99,0,145,16,8,169,-3,25,24,-11,35,204
UTHR,United Therapeutics,440.04,0,42,6,59,107,-13,42,6,61,96,203
STE,Steris,235.71,-56,-1,22,197,162,-5,-12,30,27,40,202
CACI,CACI,510.24,0,11,10,156,177,-13,18,22,-3,24,201
RBA,RB Global,103.99,-31,-12,112,29,98,-26,-7,115,21,103,201
OLLI,Ollie's Bargain Outlet,124.57,-35,-5,123,18,101,11,-7,71,25,100,201
CEG,Constellation Energy,368.6,56,11,24,0,91,55,16,18,21,110,201
UNP,Union Pacific Corporation,225.42,-14,0,-1,200,185,-23,14,3,21,15,200
LRCX,Lam Research,131.34,-6,28,17,154,193,-25,20,18,-7,6,199
AXS,AXIS Capital,96.21,28,-2,94,47,167,-3,-19,-1,55,32,199
LH,Labcorp,277.93,-24,56,63,17,112,7,43,16,20,86,198
GWRE,Guidewire Software,239.19,12,3,118,23,156,13,-11,18,22,42,198
HCA,HCA Healthcare,415.06,-10,45,11,99,145,-16,13,24,31,52,197
RSG,Republic Services,225.28,0,-52,0,179,127,-6,-77,-9,162,70,197
IVZ,Invesco,22.49,-6,82,15,4,95,-6,78,15,15,102,197
GILD,Gilead Sciences,117.21,30,4,59,37,130,37,-28,16,41,66,196
MEDP,Medpace,501.02,-7,80,12,34,119,-30,90,12,4,76,195
AME,Ametek,179.33,-44,-1,12,108,75,9,-10,18,103,120,195
NET,Cloudflare,213.66,-3,106,47,0,150,7,-1,18,21,45,195
PTC,PTC Inc.,196.9,-6,0,14,184,192,-19,-22,15,28,2,194
AMD,Advanced Micro Devices,214.61,58,5,6,112,181,-3,7,18,-9,13,194
SNOW,Snowflake Inc.,242.17,58,31,23,0,112,56,5,18,3,82,194
TTWO,Take-Two Interactive,252.02,-2,29,53,15,95,-12,36,53,22,99,194
AFL,Aflac,110.94,-2,42,9,60,109,-16,41,2,57,84,193
VRTX,Vertex Pharmaceuticals,407.91,70,0,-10,106,166,-3,4,-14,39,26,192
TKO,TKO Group Holdings,187.04,-23,44,79,42,142,-18,-2,18,52,50,192
K,Kellanova,82.86,70,10,2,23,105,81,4,-15,15,85,190
MDT,Medtronic,95.46,-2,73,19,3,93,-16,87,11,15,97,190
MRVL,Marvell Technology,85.36,-1,13,0,108,120,47,15,8,-1,69,189
COKE,Coca-Cola Consolidated,124.48,60,9,0,68,137,19,2,-24,54,51,188
BLK,BlackRock,1132.39,-6,105,25,24,148,-19,16,18,23,38,186
FTAI,FTAI Aviation,163.1,-6,52,11,49,106,-19,52,14,33,80,186
ECG,Everus Construction Group,82.86,20,104,0,0,124,27,16,15,0,58,182
SPOT,Spotify,685.57,-54,-6,120,14,74,-14,-3,103,22,108,182
VRT,Vertiv,169.19,63,17,17,10,107,15,16,15,28,74,181
AMG,Affiliated Managers Group,230.49,-6,112,19,24,149,-6,-3,18,19,28,177
USFD,US Foods,75.16,-11,-30,151,37,147,-5,-11,18,28,30,177
ASTS,AST SpaceMobile,82.02,56,8,19,0,83,51,14,18,10,93,176
ARMK,Aramark,39.31,69,-32,23,42,102,-5,3,18,58,74,176
KMI,Kinder Morgan,27.1,-23,0,100,46,123,-40,22,16,54,52,175
THC,Tenet Healthcare,189.71,-13,43,22,59,111,-18,40,16,26,64,175
VMI,Valmont Industries,390.37,0,11,70,60,141,-5,11,15,12,33,174
NFG,National Fuel Gas,84.75,-42,-1,68,54,79,-12,16,79,12,95,174
XYL,Xylem Inc.,144.34,-6,106,16,24,140,-26,15,18,24,31,171
FSLR,First Solar,225.76,-2,71,3,64,136,-2,26,18,-8,34,170
PNW,Pinnacle West Capital,92.4,67,4,2,20,93,42,7,-1,28,76,169
LNG,Cheniere Energy,227.35,-10,-2,68,60,116,-5,-18,18,58,53,169
RVMD,Revolution Medicines,48.23,69,26,2,0,97,21,32,18,1,72,169
BKNG,Booking Holdings,5163.79,-28,-10,144,37,143,2,-23,18,28,25,168
AEE,Ameren,103.67,0,14,65,15,94,-16,8,70,12,74,168
TER,Teradyne,132.05,-6,77,3,4,78,-22,107,11,-7,89,167
KNSL,Kinsale Capital Group,469.51,49,0,2,35,86,-6,3,-3,87,81,167
CRWD,CrowdStrike,493.79,21,17,53,0,91,17,18,18,22,75,166
EBAY,eBay,88.55,-4,0,85,16,97,-14,-26,90,18,68,165
SYK,Stryker Corporation,364.66,0,-21,1,161,141,-5,-18,16,31,24,165
TEM,Tempus AI,96.4,51,43,0,0,94,56,4,11,0,71,165
DTM,DT Midstream,109.5,-13,24,111,0,122,-26,23,18,27,42,164
FICO,Fair Isaac,1664.92,-20,7,-1,168,154,-20,30,-36,33,7,161
PEG,Public Service Enterprise Group,80.65,-5,-28,0,154,121,-1,10,12,19,40,161
ALNY,Alnylam Pharmaceuticals,460.52,5,105,25,17,152,-12,-14,18,17,9,161
AGNC,AGNC Investment,9.93,0,91,19,18,128,-5,2,16,19,32,160
FERG,Ferguson Enterprises,231.51,0,7,19,67,93,11,11,18,27,67,160
BEPC,Brookfield Renewable Partners,37.62,75,15,18,0,108,-5,24,18,12,49,157
RGLD,Royal Gold,194.47,-13,36,69,20,112,-21,44,4,18,45,157
TMUS,T-Mobile US,228.96,0,-12,0,141,129,12,-21,-1,37,27,156
XPO,"XPO, Inc.",129.4,0,5,2,63,70,40,2,15,29,86,156
ATI,ATI Inc.,80.04,-4,0,24,45,65,-7,25,18,54,90,155
WTM,White Mountains Insurance Group,1896.78,42,6,1,61,110,41,-26,-28,58,45,155
SPG,Simon Property Group,175.29,-33,75,9,37,88,-47,74,16,23,66,154
ITW,Illinois Tool Works,244.93,-36,-3,10,180,151,-30,-13,15,31,3,154
SCCO,Southern Copper,125.09,-1,28,6,65,98,-5,41,18,2,56,154
AFG,American Financial Group,137.48,-14,47,9,58,100,-22,47,12,16,53,153
VST,Vistra Corp.,196.96,-1,0,27,32,58,15,17,16,47,95,153
D,Dominion Energy,60.97,-2,104,22,3,127,-19,14,18,12,25,152
ED,Consolidated Edison,102.39,27,1,1,49,78,30,8,-12,47,73,151
CSCO,Cisco,67.96,-2,-1,56,16,69,25,9,18,27,79,148
VTR,"Ventas, Inc.",67.72,-21,62,80,24,145,-35,9,12,17,3,148
MSA,MSA Safety,170.57,-13,-2,2,166,153,-24,8,18,-7,-5,148
CXT,Crane NXT,65.64,0,14,3,57,74,-5,6,14,58,73,147
PODD,Insulet,314.49,28,0,53,6,87,45,-15,22,8,60,147
BWA,BorgWarner,41.21,-28,108,16,4,100,-25,72,18,-18,47,147
ROIV,Roivant Sciences,16.03,0,43,9,0,52,16,59,18,2,95,147
ADI,Analog Devices,225.27,-62,-1,19,181,137,-26,-11,18,28,9,146
KO,Coca-Cola Company (The),67.06,7,-35,2,184,158,6,-28,-6,16,-12,146
DOCS,Doximity,65.61,-7,76,62,0,131,-7,-1,8,14,14,145
ELAN,Elanco,19.77,-5,109,10,0,114,-19,41,17,-8,31,145
WCC,Wesco International,208.2,-4,0,15,60,71,-4,3,16,59,74,145
NLY,Annaly Capital Management,20.52,-2,88,26,12,124,-1,-13,16,18,20,144
CWEN-A,Clearway Energy (Class A),29.33,0,5,66,8,79,14,8,30,12,64,143
ADP,Automatic Data Processing,285.69,-13,-29,0,182,140,-13,-42,-2,59,2,142
EXAS,Exact Sciences,58.34,65,26,1,-27,65,59,34,1,-18,76,141
SCHW,Charles Schwab Corporation,91.98,-7,-1,85,13,90,7,9,18,16,50,140
PM,Philip Morris International,160.48,7,-20,78,57,122,17,-26,-2,29,18,140
WSO,Watsco,366.91,-17,-50,-11,198,120,-26,7,-36,73,18,138
PFG,Principal Financial Group,79.42,-6,35,5,57,91,-19,30,15,20,46,137
JCI,Johnson Controls,105.55,-6,-1,83,21,97,-26,28,18,20,40,137
CHRW,C.H. Robinson,125.26,-15,74,11,4,74,-28,67,14,10,63,137
ZS,Zscaler,309.9,21,11,25,7,64,16,19,18,20,73,137
H,Hyatt Hotels,142.7,-6,11,5,57,67,-5,3,14,57,69,136
INTU,Intuit,642.01,-49,-37,25,193,132,-35,-1,18,22,4,136
STLD,Steel Dynamics,141.2,-1,20,8,57,84,-2,34,18,1,51,135
EXPE,Expedia Group,210.42,-27,79,57,13,122,-22,5,14,16,13,135
FAST,Fastenal,45.79,-33,0,57,108,132,-23,-21,21,25,2,134
CVS,CVS Health,77.9,7,41,18,1,67,12,45,8,2,67,134
POST,Post Holdings,108.07,3,0,-6,89,86,3,1,-16,59,47,133
MP,MP Materials,78.36,7,7,40,0,54,6,14,53,6,79,133
LW,Lamb Weston,63.73,63,11,0,-10,64,71,3,11,-16,69,133
DELL,Dell Technologies,150.51,63,10,4,34,111,-5,15,18,-6,22,133
ALAB,Astera Labs,205.88,-1,104,5,0,108,17,-7,13,0,23,131
SHW,Sherwin-Williams,332.87,-35,-16,-1,192,140,-30,-19,18,21,-10,130
CWEN,Clearway Energy (Class C),31.16,0,5,66,6,77,2,8,30,12,52,129
SSD,Simpson Manufacturing Company,166.28,-6,-12,0,158,140,-6,-17,14,-3,-12,128
TDG,TransDigm Group,1278.42,-49,-42,5,159,73,-16,13,-1,59,55,128
ABT,Abbott Laboratories,132.57,0,35,64,15,114,-3,-4,4,16,13,127
MET,Metlife,79.76,-6,37,3,60,94,-12,9,16,20,33,127
BAM,Brookfield Asset Management,55.06,-6,-1,73,0,66,37,-5,18,10,60,126
CMA,Comerica,75.87,0,80,15,6,101,-10,6,15,14,25,126
WTRG,Essential Utilities,40.71,89,6,14,1,110,-1,8,2,7,16,126
SNA,Snap-on,327.41,-29,27,6,61,65,-32,21,11,59,59,124
INFA,Informatica,24.9,0,97,0,0,97,13,6,16,-9,26,123
FRHC,Freedom Holding,163.02,-6,-1,62,16,71,-1,2,18,32,51,122
WTW,Willis Towers Watson,336.92,-14,51,16,26,79,-19,22,8,31,42,121
R,Ryder,176.34,-15,0,19,58,62,-22,7,16,58,59,121
RJF,Raymond James Financial,160.3,-56,0,100,60,104,-19,-1,15,21,16,120
HLT,Hilton Worldwide,259.54,0,-9,24,66,81,12,-17,16,28,39,120
PSA,Public Storage,294.49,69,11,0,3,83,14,6,18,-2,36,119
CLH,Clean Harbors,234.13,3,-2,9,60,70,-4,-25,18,59,48,118
MTZ,MasTec,195.44,-7,23,27,20,63,-7,28,18,15,54,117
MU,Micron Technology,181.44,0,32,6,24,62,-6,41,18,2,55,117
AWK,American Water Works,142.99,33,0,34,1,68,33,4,2,10,49,117
CB,Chubb Limited,283.08,0,11,3,60,74,-11,8,-12,58,43,117
NOW,ServiceNow,888.43,-6,-1,-2,84,75,5,-4,16,24,41,116
BLD,TopBuild,423.21,25,3,10,48,86,40,-20,14,-5,29,115
BOKF,BOK Financial Corporation,108.46,-5,75,8,24,102,-9,-7,12,16,12,114
GWW,W. W. Grainger,947.51,-4,-13,-11,96,68,12,-16,-9,59,46,114
DINO,HF Sinclair,50.59,-10,108,8,3,109,-2,-2,18,-10,4,113
JBL,Jabil,193.99,-44,-6,27,67,44,-5,-4,19,59,69,113
RBLX,Roblox Corporation,126.79,-1,0,61,0,60,17,-1,24,13,53,113
JHG,Janus Henderson,41.83,-14,0,14,21,21,-19,75,15,20,91,112
CFLT,"Confluent, Inc.",22.76,49,3,-11,0,41,68,26,-26,2,70,111
PG,Procter & Gamble,149.68,-24,-15,-14,181,128,-14,-9,-22,28,-17,111
AIG,American International Group,81.31,0,6,36,55,97,-7,6,-8,23,14,111
RRC,Range Resources,36.37,-7,0,3,44,40,-5,24,-6,57,70,110
FTNT,Fortinet,83.05,-6,0,-1,115,108,-25,21,-10,15,1,109
NTAP,Netapp,113.97,-7,49,6,59,107,-7,-3,15,-3,2,109
CSL,Carlisle Companies,323.98,-36,-21,-5,180,118,-12,-17,-2,22,-9,109
VKTX,Viking Therapeutics,33.56,60,2,-48,23,37,59,8,13,-8,72,109
COF,Capital One,202.5,-17,-3,102,23,105,-26,-9,18,20,3,108
STAG,STAG Industrial,35.5,-1,0,2,98,99,12,-16,18,-6,8,107
UNM,Unum,75.85,-14,17,6,42,51,-24,26,-2,56,56,107
RGA,Reinsurance Group of America,192.03,-6,24,0,42,60,-16,6,2,55,47,107
NTRA,Natera,169.27,21,37,9,20,87,-3,-7,8,21,19,106
BYD,Boyd Gaming,81.53,-28,0,56,61,89,-40,10,18,29,17,106
WAB,Wabtec,191.07,-6,-1,3,51,47,-26,9,18,58,59,106
EQIX,Equinix,800.6,22,0,-16,36,42,33,19,-16,28,64,106
XOM,ExxonMobil,110.75,-8,0,5,46,43,-5,-1,17,52,63,106
VEEV,Veeva Systems,286.59,-6,11,53,10,68,-12,11,18,20,37,105
PRI,Primerica,266.32,-26,-1,2,110,85,-25,-3,16,32,20,105
GGG,Graco Inc.,80.24,-28,-16,-1,180,135,-28,-18,18,-2,-30,105
NU,Nubank,14.93,-9,37,9,0,37,-3,32,18,21,68,105
SNDK,SanDisk,116.92,0,39,0,0,39,14,41,10,0,65,104
META,Meta Platforms,705.43,-1,-9,25,31,46,24,-7,16,25,58,104
COHR,Coherent Corp.,111.14,-1,17,6,17,39,17,16,15,17,65,104
EQH,Equitable Holdings,48.34,-16,-9,100,13,88,-19,-5,18,21,15,103
AMKR,Amkor Technology,28.26,-5,91,0,4,90,-19,27,12,-7,13,103
ROP,Roper Technologies,509.0,31,-50,-10,184,155,-4,-67,-9,28,-52,103
BRX,Brixmor Property Group,26.52,-12,0,8,57,53,13,-10,18,28,49,102
LPLA,LPL Financial,315.24,-2,-31,0,101,68,17,-42,-1,59,33,101
RS,"Reliance, Inc.",272.02,-18,-50,-4,117,45,-5,-15,-3,79,56,101
PATH,UiPath,17.06,35,15,1,0,51,35,25,2,-12,50,101
TSLA,"Tesla, Inc.",413.3,-23,45,6,12,40,-14,51,12,12,61,101
CVNA,Carvana,329.24,-35,-1,100,13,77,-38,26,18,18,24,101
MKL,Markel,1919.05,-2,-20,76,57,111,-12,-42,16,28,-10,101
SEIC,SEI Investments Company,81.24,-14,-26,100,37,97,-19,-23,18,28,4,101
RPRX,Royalty Pharma,36.02,9,-1,40,0,48,14,2,34,2,52,100
PH,Parker Hannifin,716.66,-14,0,25,67,78,-26,-2,18,32,22,100
BKR,Baker Hughes,45.05,-28,60,12,37,81,-21,-1,12,28,18,99
RNR,RenaissanceRe,260.44,0,17,2,37,56,-15,12,16,30,43,99
IRM,Iron Mountain,101.85,-4,20,4,59,79,-16,19,18,-1,20,99
INCY,Incyte,83.8,-9,92,11,0,94,-21,3,14,9,5,99
EMR,Emerson Electric,126.0,-6,-4,24,66,80,-27,-1,18,28,18,98
PAYX,Paychex,125.56,27,-52,-4,169,140,-5,-45,-9,16,-43,97
LSCC,Lattice Semiconductor,69.22,-6,48,9,0,51,12,41,10,-17,46,97
SNPS,Synopsys,438.89,-7,-23,-5,182,147,-6,-35,-2,-7,-50,97
C,Citigroup,93.93,-63,106,27,20,90,-26,-1,18,16,7,97
AL,Air Lease Corporation,63.51,-11,36,25,24,74,-21,-4,18,28,21,95
EPR,EPR Properties,53.85,-35,-1,65,31,60,-33,25,18,23,33,93
WFC,Wells Fargo,77.65,-56,-1,100,31,74,-15,-5,18,21,19,93
AMZN,Amazon,216.18,-4,-1,25,23,43,26,-14,15,22,49,92
VICI,Vici Properties,30.95,-26,-5,66,17,52,-33,-17,31,59,40,92
ROST,Ross Stores,147.68,-13,49,8,37,81,-35,8,7,31,11,92
UBER,Uber,93.4,-11,25,26,1,41,-18,17,24,28,51,92
INTC,Intel,36.33,0,42,3,0,45,12,41,8,-14,47,92
WYNN,Wynn Resorts,119.94,-42,108,16,5,87,-40,36,18,-10,4,91
BPOP,"Popular, Inc.",117.5,-14,0,25,61,72,-19,-1,18,21,19,91
MTSI,MACOM Technology Solutions,122.25,-6,-1,7,60,60,-6,-10,16,31,31,91
OZK,Bank OZK,48.82,-6,-1,25,58,76,-14,-9,16,21,14,90
ACGL,Arch Capital Group,92.47,42,5,-16,64,95,-9,4,2,-2,-5,90
PCAR,Paccar,93.0,-38,-3,-30,161,90,-33,-9,5,36,-1,89
DKS,Dick's Sporting Goods,211.58,-14,0,5,65,56,-30,20,8,35,33,89
SYY,Sysco,78.45,-34,0,15,5,-14,-34,106,15,16,103,89
EQT,EQT Corporation,53.12,-9,0,49,44,84,-16,10,-1,12,5,89
EA,Electronic Arts,200.02,0,52,12,9,73,-45,14,24,23,16,89
AIT,Applied Industrial Technologies,245.89,-29,-2,15,60,44,-24,-5,14,59,44,88
BRK-B,Berkshire Hathaway,489.33,-13,32,0,64,83,-16,6,-13,28,5,88
COIN,Coinbase,357.06,0,0,17,0,17,17,17,17,20,71,88
HSY,Hershey Company (The),192.13,0,72,12,0,84,-14,26,12,-21,3,87
KRC,Kilroy Realty,39.56,-27,96,14,0,83,-19,-4,14,13,4,87
AA,Alcoa,35.03,58,35,1,-22,72,-1,40,10,-34,15,87
SMCI,Supermicro,52.85,0,8,0,60,68,-3,19,13,-11,18,86
EXPD,Expeditors International,113.1,-20,-2,-1,133,110,-24,-9,14,-5,-24,86
MMM,3M,148.8,-14,-1,82,16,83,-29,-2,18,16,3,86
RPM,RPM International,111.23,-35,-8,-3,182,136,-47,-16,15,-2,-50,86
T,AT&T,25.87,-106,-8,78,18,-18,-5,-11,102,17,103,85
PAG,Penske Automotive Group,165.65,-20,-7,23,64,60,-35,-17,18,59,25,85
ECL,Ecolab,272.17,-2,0,24,24,46,-6,6,18,21,39,85
CPNG,Coupang,31.25,-6,25,25,0,44,-21,25,18,19,41,85
WWD,"Woodward, Inc.",247.16,-6,-1,27,37,57,-22,3,18,28,27,84
TRGP,Targa Resources,152.34,-14,-2,-1,53,36,-5,-2,-1,56,48,84
NTRS,Northern Trust,124.7,-16,0,24,13,21,-19,48,18,15,62,83
CORT,Corcept Therapeutics,73.96,-7,18,0,21,32,-7,16,2,40,51,83
CRUS,Cirrus Logic,115.67,-14,43,6,21,56,-24,38,18,-5,27,83
SSNC,SS&C Technologies,82.27,-36,-2,98,16,76,-20,-5,15,17,7,83
AMP,Ameriprise Financial,479.71,-6,-30,2,66,32,-14,-26,16,73,49,81
UHS,Universal Health Services,196.03,-7,38,0,24,55,-19,42,2,1,26,81
RCL,Royal Caribbean Group,304.72,-73,-3,129,30,83,-35,-16,18,29,-4,79
SF,Stifel,107.07,-16,0,16,61,61,-10,-10,15,22,17,78
TRMB,Trimble Inc.,75.61,-14,-2,87,6,77,-19,-12,16,14,-1,76
STT,State Street Corporation,111.31,-5,0,25,18,38,-5,10,17,16,38,76
HIW,Highwoods Properties,30.28,-16,32,8,8,32,-25,35,18,15,43,75
ES,Eversource Energy,72.36,0,16,23,2,41,-8,20,18,4,34,75
WFRD,Weatherford International,61.44,-33,77,0,0,44,-5,35,8,-7,31,75
FCX,Freeport-McMoRan,40.88,21,-1,1,60,81,-4,-13,18,-8,-7,74
MPC,Marathon Petroleum,180.88,-28,32,7,51,62,-28,32,18,-10,12,74
MAR,Marriott International,260.19,-6,-2,2,60,54,-6,-18,15,29,20,74
APLS,Apellis Pharmaceuticals,25.13,51,0,0,-18,33,68,-17,9,-20,40,73
HHH,Howard Hughes Holdings,78.3,-14,46,6,0,38,-29,41,7,16,35,73
AXP,American Express,316.37,-63,35,25,101,98,-61,-3,16,23,-25,73
NBIX,Neurocrine Biosciences,136.7,-7,43,8,27,71,-6,-4,15,-6,-1,70
TXT,Textron,81.53,-9,0,2,55,48,-19,30,18,-7,22,70
NDSN,Nordson,228.18,-1,36,2,3,40,12,7,18,-9,28,68
APG,APi Group,34.05,-3,-1,26,0,22,-4,3,18,28,45,67
MSGS,Madison Square Garden Sports,215.43,-27,24,5,23,25,-30,31,11,29,41,66
A,Agilent Technologies,136.63,0,32,2,0,34,-8,38,9,-7,32,66
ELF,e.l.f. Beauty,129.68,-5,32,0,33,60,-6,2,16,-7,5,65
SYF,Synchrony Financial,68.02,-6,-1,25,23,41,-6,-9,16,20,21,62
ELS,Equity Lifestyle Properties,63.24,58,9,-29,0,38,61,8,-40,-5,24,62
DAL,Delta Air Lines,57.48,14,0,9,21,44,-4,-17,10,28,17,61
EXEL,Exelixis,38.13,-31,0,72,16,57,-40,20,-2,26,4,61
CPRT,Copart,43.86,-14,-19,-21,178,124,-45,-18,-31,30,-64,60
DLR,Digital Realty,168.49,-7,0,5,24,22,-20,19,18,21,38,60
PKG,Packaging Corporation of America,206.76,-35,0,3,63,31,-6,-4,11,28,29,60
M,"Macy's, Inc.",16.51,-14,72,6,-17,47,-21,35,7,-8,13,60
TTEK,Tetra Tech,33.96,28,-16,-37,121,96,-6,-42,14,-3,-37,59
WTFC,Wintrust Financial,125.52,-12,-1,17,51,55,-21,-12,16,21,4,59
RMD,Resmed,272.0,-5,0,25,15,35,-11,3,17,15,24,59
FNB,FNB Corporation,15.27,-14,0,9,57,52,-19,-13,17,21,6,58
WSM,"Williams-Sonoma, Inc.",182.65,-27,-1,16,67,55,-27,-3,10,23,3,58
O,Realty Income,58.25,-24,50,18,9,53,-29,-1,18,15,3,56
PHM,PulteGroup,119.99,-28,0,9,67,48,-28,-9,14,31,8,56
TSCO,Tractor Supply Company,54.25,-105,-12,15,87,-15,-5,-23,12,87,71,56
LPX,Louisiana-Pacific,88.84,0,-18,-5,65,42,-5,-18,8,28,13,55
HON,Honeywell,200.92,-14,-41,-4,180,121,-37,-53,-1,24,-67,54
CFG,Citizens Financial Group,49.25,-17,0,16,6,5,-23,41,15,16,49,54
LECO,Lincoln Electric,227.68,-10,0,15,67,72,-5,-20,16,-9,-18,54
EG,Everest Group,346.68,-9,13,-1,57,60,-12,10,2,-7,-7,53
CHWY,Chewy,39.03,5,2,49,0,56,15,-16,-9,7,-3,53
ZM,Zoom Communications,80.27,-7,32,8,-2,31,14,-7,8,6,21,52
EXE,Expand Energy,101.77,-12,0,49,0,37,-14,24,-7,12,15,52
GTES,Gates Corporation,24.43,-5,0,25,17,37,-26,3,18,20,15,52
CNA,CNA Financial,46.63,1,0,0,59,60,-11,-21,2,22,-8,52
INGM,Ingram Micro,20.93,-6,23,0,0,17,-6,26,15,0,35,52
ESI,Element Solutions,23.93,-9,0,2,59,52,-19,6,15,-3,-1,51
DNB,Dun & Bradstreet,9.15,29,52,-28,0,53,46,-13,2,-37,-2,51
WAT,Waters Corporation,331.01,57,3,-13,1,48,13,2,-28,16,3,51
PLD,Prologis,111.22,-14,35,7,0,28,-23,34,18,-7,22,50
CI,Cigna,300.85,0,7,-1,60,66,-5,3,-11,-3,-16,50
NSC,Norfolk Southern,288.43,-15,20,19,6,30,-28,14,18,16,20,50
MKSI,MKS Instruments,121.32,-6,27,5,0,26,-22,38,14,-7,23,49
GLPI,Gaming and Leisure Properties,44.6,-30,-4,0,67,33,-30,-12,-1,59,16,49
TWLO,Twilio,107.16,35,-1,0,-36,-2,53,-15,-1,13,50,48
HR,Healthcare Realty Trust,17.89,-21,74,10,2,65,-36,-2,10,11,-17,48
LAMR,Lamar Advertising,117.18,-24,-2,9,66,49,-31,-11,16,23,-3,46
GEV,GE Vernova,604.55,0,0,4,0,4,21,2,19,0,42,46
PFGC,Performance Food Group,99.95,-102,0,61,45,4,-28,-7,18,59,42,46
SPR,Spirit AeroSystems,38.03,-9,-2,26,0,15,-8,-19,38,16,27,42
TXRH,Texas Roadhouse,163.29,-2,-45,-7,66,12,-1,2,-4,33,30,42
EWBC,East West Bancorp,99.2,-14,-1,17,24,26,-19,-3,17,21,16,42
CBRE,CBRE Group,150.37,-106,0,100,24,18,4,-13,16,16,23,41
FR,First Industrial Realty Trust,50.25,-6,38,2,16,50,-32,-9,16,16,-9,41
PCOR,Procore,69.61,-6,20,0,0,14,-1,-1,8,21,27,41
LOAR,Loar Holdings,79.16,3,3,0,0,6,12,33,-11,0,34,40
DD,DuPont,73.7,-6,0,2,21,17,-22,35,15,-5,23,40
ICE,Intercontinental Exchange,157.47,-56,-30,0,163,77,-54,-36,30,23,-37,40
TOL,Toll Brothers,127.26,-28,0,0,63,35,-26,-10,12,28,4,39
JAZZ,Jazz Pharmaceuticals,135.42,0,46,2,-8,40,-1,38,3,-41,-1,39
PSN,Parsons Corporation,85.91,0,18,2,1,21,-5,15,11,-3,18,39
APA,APA Corporation,21.93,-14,46,0,-14,18,-15,44,13,-21,21,39
NVR,"NVR, Inc.",7459.81,-28,-2,-1,67,36,-26,-13,11,31,3,39
HRB,H&R Block,50.81,-16,-5,-9,54,24,-28,3,-14,54,15,39
CCL,Carnival Corporation & plc,27.69,-6,0,25,0,19,-6,-11,16,21,20,39
VLO,Valero Energy,158.03,-54,35,8,46,35,-6,-1,17,-7,3,38
MDB,MongoDB Inc.,314.59,-6,40,6,-11,29,15,-5,10,-11,9,38
FTI,TechnipFMC,35.79,-49,-1,25,29,4,-21,-3,18,39,33,37
FOXA,Fox Corporation (Class A),57.26,-37,0,76,3,42,-52,14,16,16,-6,36
AGO,Assured Guaranty,80.51,-32,-2,-1,58,23,-29,19,-1,24,13,36
FCNCA,First Citizens BancShares,1702.45,-6,-26,-4,61,25,7,-19,-1,23,10,35
UAL,United Airlines Holdings,96.67,0,0,9,13,22,-5,-12,12,18,13,35
CSX,CSX Corporation,35.49,0,10,4,6,20,-5,9,18,-8,14,34
EXP,Eagle Materials,228.06,-6,0,-23,59,30,-6,3,8,-2,3,33
QSR,Restaurant Brands International,66.84,0,7,2,42,51,-19,12,-1,-10,-18,33
EGP,EastGroup Properties,166.15,-6,11,2,10,17,-5,9,18,-7,15,32
WDAY,"Workday, Inc.",233.29,-6,18,-18,16,10,12,26,-12,-4,22,32
CTVA,Corteva,61.83,-16,-20,61,1,26,-13,-12,18,13,6,32
RBRK,Rubrik,82.39,2,-23,0,0,-21,16,-15,52,0,53,32
HOLX,Hologic,67.71,1,7,0,0,8,14,6,11,-9,22,30
U,Unity Technologies,36.09,-7,0,14,0,7,9,-6,18,2,23,30
HD,Home Depot (The),375.75,-111,-2,9,182,78,-70,-9,10,21,-48,30
IPGP,IPG Photonics,80.65,-5,105,9,-46,63,-5,3,14,-46,-34,29
SSB,SouthState Corporation,93.84,-9,-1,8,24,22,-17,-9,12,21,7,29
SAIL,SailPoint,21.74,-7,21,0,0,14,-22,26,10,0,14,28
FOX,Fox Corporation (Class B),51.38,-37,-1,75,3,40,-52,14,15,11,-12,28
CG,Carlyle Group (The),56.13,-19,0,16,23,20,-21,-7,15,20,7,27
GL,Globe Life,136.0,-70,0,53,16,-1,11,-5,12,10,28,27
FIVE,Five Below,138.5,-15,0,8,-1,-8,-6,39,19,-17,35,27
LYFT,Lyft,19.26,-39,40,9,-3,7,-35,35,18,2,20,27
AFRM,Affirm Holdings,71.14,-7,-4,20,0,9,-5,-12,16,19,18,27
MSCI,MSCI,547.24,-6,-1,0,16,9,-8,-13,15,22,16,25
ADT,ADT Inc.,8.37,-18,-1,39,0,20,-28,-11,33,10,4,24
REG,Regency Centers,70.36,-30,-1,2,55,26,-47,6,18,21,-2,24
PEN,"Penumbra, Inc.",260.63,21,0,0,13,34,14,-15,-14,5,-10,24
TPG,TPG Inc.,54.91,-7,-1,10,0,2,-6,-5,12,21,22,24
DUOL,Duolingo,325.08,28,-72,0,0,-44,42,9,-9,25,67,23
LEN,Lennar (Class A),118.77,-28,-2,-5,66,31,3,-16,9,-5,-9,22
WBS,Webster Bank,55.75,-15,-1,16,16,16,-18,-11,16,19,6,22
DRI,Darden Restaurants,181.16,-17,-17,0,63,29,-23,-12,-4,32,-7,22
DE,Deere & Company,446.4,-6,-36,0,111,69,-9,-49,-1,12,-47,22
SHC,Sotera Health,15.35,-7,45,9,0,47,-19,-9,10,-8,-26,21
KIM,Kimco Realty,20.77,-31,-3,2,57,25,-25,-12,16,16,-5,20
ALLY,Ally Financial,36.96,-10,-1,10,6,5,-12,-7,16,18,15,20
QGEN,Qiagen,46.83,1,-23,20,0,-2,-5,1,18,7,21,19
VNOM,Viper Energy,36.6,-28,-2,-17,46,-1,-26,-2,-1,49,20,19
MSM,MSC Industrial Direct,85.68,-26,-1,15,60,48,-28,-9,18,-11,-30,18
BEN,Franklin Templeton Investments,22.65,-5,-5,16,0,6,41,-23,18,-24,12,18
F,Ford Motor Company,11.43,-20,0,10,-1,-11,-22,40,18,-7,29,18
AR,Antero Resources,31.6,-14,-1,-2,12,-5,-5,24,-8,12,23,18
TFSL,Third Federal S&L,12.97,-6,-1,11,7,11,-16,-17,18,21,6,17
EXR,Extra Space Storage,142.03,0,0,0,0,0,14,-11,-1,15,17,17
QS,QuantumScape,14.72,0,18,14,0,32,-12,18,16,-38,-16,16
FDX,FedEx,224.61,-14,-1,-1,34,18,-22,16,10,-6,-2,16
ROKU,"Roku, Inc.",92.03,-16,0,18,-21,-19,-19,35,13,6,35,16
GLIBK,GCI Liberty (Series C),36.32,-1,0,0,0,-1,11,6,0,0,17,16
ESAB,ESAB,115.99,0,-1,0,0,-1,-5,3,-1,19,16,15
TPL,Texas Pacific Land Corporation,888.63,-14,-2,-17,60,27,-21,6,-13,15,-13,14
GNRC,Generac,170.16,19,0,11,-36,-6,19,-26,15,12,20,14
MUSA,Murphy USA,378.07,-33,-5,-21,70,11,-32,-9,-37,81,3,14
BIIB,Biogen,146.61,-7,42,0,-29,6,-26,49,5,-20,8,14
HLI,Houlihan Lokey,187.95,-66,0,25,46,5,-35,-3,18,28,8,13
BXP,"BXP, Inc.",69.49,-26,32,6,0,12,-30,-2,18,15,1,13
TNL,Travel + Leisure Co.,58.11,-17,0,17,18,18,-26,-10,15,16,-5,13
RDDT,Reddit,198.44,-6,0,5,0,-1,11,-8,10,0,13,12
OSK,Oshkosh Corporation,124.16,-6,-1,19,6,18,-5,-21,16,4,-6,12
HAS,Hasbro,70.94,-14,-2,22,5,11,-10,-20,18,13,1,12
TRU,TransUnion,77.67,0,-16,-3,0,-19,25,-9,-1,16,31,12
NNN,NNN Reit,41.67,-24,-3,8,24,5,-32,5,18,16,7,12
NXST,Nexstar Media Group,192.45,-6,-1,17,6,16,-13,-19,15,12,-5,11
IQV,IQVIA,198.13,0,9,2,0,11,-5,3,10,-8,0,11
BURL,Burlington Stores,254.56,-6,-2,9,5,6,-5,-21,11,19,4,10
ROK,Rockwell Automation,333.94,-14,0,23,17,26,-28,7,18,-13,-16,10
PR,Permian Resources,12.2,-6,-10,-2,28,10,-5,-9,18,-4,0,10
IR,Ingersoll Rand,76.09,-24,-2,-1,25,-2,-26,25,15,-2,12,10
CF,CF Industries,87.32,-11,0,5,6,0,-12,13,-1,10,10,10
LFUS,Littelfuse,249.84,-6,0,11,0,5,7,-9,16,-10,4,9
MAS,Masco,65.08,-35,-2,-5,67,25,-32,-16,9,23,-16,9
SMMT,Summit Therapeutics,21.35,0,-25,3,16,-6,-5,3,-5,21,14,8
ADSK,Autodesk,303.4,-28,0,7,16,-5,-22,-4,18,21,13,8
ENTG,Entegris,83.66,-15,22,-1,-8,-2,-24,34,7,-7,10,8
MTG,MGIC Investment Corporation,26.73,-56,0,27,57,28,-61,-7,18,30,-20,8
HBAN,Huntington Bancshares,15.58,-33,-3,17,23,4,-26,-7,18,18,3,7
DHI,D. R. Horton,151.55,-28,0,0,67,39,-28,-12,12,-4,-32,7
JHX,James Hardie Industries,21.3,59,-1,-35,-3,20,-3,3,-8,-5,-13,7
BLDR,Builders FirstSource,122.5,-1,-1,-36,67,29,-9,-17,8,-5,-23,6
KKR,KKR & Co. Inc.,117.83,-91,-12,-1,105,1,-27,-5,14,23,5,6
EOG,EOG Resources,108.4,-6,-16,-6,47,19,-4,-19,11,-1,-13,6
NTNX,Nutanix,68.34,-39,0,6,24,-9,-26,-3,18,26,15,6
MANH,Manhattan Associates,197.32,-6,-14,-37,67,10,-5,-8,11,-2,-4,6
VOYA,Voya Financial,72.6,-6,0,9,6,9,-12,-5,16,-3,-4,5
WBD,Warner Bros. Discovery,17.1,-39,22,20,0,3,-38,22,16,2,2,5
SEE,Sealed Air,33.77,-6,36,4,-26,8,-25,39,16,-34,-4,4
EFX,Equifax,230.37,-14,-7,-12,18,-15,-12,-7,18,20,19,4
DOV,Dover Corporation,161.51,-28,-31,-11,108,38,-32,-22,-1,21,-34,4
OHI,Omega Healthcare Investors,39.83,-37,0,14,42,19,-46,-15,13,33,-15,4
APTV,Aptiv,80.7,-18,43,9,-26,8,-24,39,18,-38,-5,3
ELV,Elevance Health,353.32,60,7,-52,0,15,-3,14,-18,-5,-12,3
WST,West Pharmaceutical Services,261.77,-10,26,-1,-9,6,-30,27,9,-10,-4,2
RF,Regions Financial Corporation,24.16,-33,-1,15,24,5,-26,-9,16,16,-3,2
NWSA,News Corp (Class A),25.77,-56,-7,-1,60,-4,-54,19,18,23,6,2
ONTO,Onto Innovation,121.39,-9,35,-34,0,-8,-26,38,3,-6,9,1
HAYW,Hayward Holdings,14.84,-5,-1,2,0,-4,-11,-18,16,18,5,1
AVT,Avnet,49.54,-28,-2,9,47,26,-19,-20,18,-4,-25,1
GLIBA,GCI Liberty (Series A),35.97,-3,0,0,0,-3,-1,5,0,0,4,1
CFR,Frost Bank,122.72,-5,-4,6,6,3,-16,-15,16,12,-3,0
MSTR,MicroStrategy,304.6,-14,-4,-1,21,2,-26,3,-1,22,-2,0
FNF,Fidelity National Financial,54.98,-35,-2,-1,60,22,-43,-5,3,23,-22,0
SUI,Sun Communities,123.37,-30,0,11,-26,-45,-29,43,18,13,45,0
ZION,Zions Bancorporation,52.39,-16,-1,8,6,-3,-23,-7,15,17,2,-1
SW,Smurfit Westrock,40.46,-4,-21,-5,18,-12,-1,-15,8,19,11,-1
BAC,Bank of America,48.65,-56,39,25,20,28,-62,-1,18,16,-29,-1
PEGA,Pegasystems,53.73,-80,-1,27,7,-47,14,-1,16,17,46,-1
INGR,Ingredion,119.74,-11,-50,-6,36,-31,-5,-20,-4,58,29,-2
AOS,A. O. Smith,67.74,-28,-1,0,60,31,-35,-9,18,-7,-33,-2
REYN,Reynolds Consumer Products,23.36,-6,47,-36,0,5,-17,10,5,-5,-7,-2
CVX,Chevron Corporation,148.93,-70,-1,15,50,-6,-5,-8,9,8,4,-2
FANG,Diamondback Energy,139.84,-11,-1,-37,49,0,-19,11,12,-7,-3,-3
MTD,Mettler Toledo,1275.72,0,8,2,0,10,-19,1,12,-7,-13,-3
TMO,Thermo Fisher Scientific,524.96,0,9,2,0,11,-13,1,3,-5,-14,-3
GXO,GXO Logistics,51.33,-6,0,9,0,3,-19,6,17,-10,-6,-3
RLI,RLI Corp.,63.27,-6,-90,-18,178,64,-5,-24,-37,-2,-68,-4
OMC,Omnicom Group,76.49,-12,43,-35,0,-4,-9,7,5,-3,0,-4
FHB,"First Hawaiian, Inc.",23.51,-17,-3,0,16,-4,-21,-10,15,16,0,-4
VNO,Vornado Realty Trust,37.98,-23,0,6,6,-11,-24,-2,16,17,7,-4
AMTM,Amentum,23.38,-11,-2,0,0,-13,-19,8,18,0,7,-6
LNC,Lincoln Financial,38.05,-19,0,26,3,10,-25,-17,16,10,-16,-6
QCOM,Qualcomm,153.52,-19,0,0,24,5,-19,-1,16,-7,-11,-6
CTRA,Coterra,22.77,-6,-2,-13,46,25,-11,-15,-20,15,-31,-6
UNH,UnitedHealth Group,354.41,-2,28,-26,0,0,-5,40,-39,-3,-7,-7
EVR,Evercore,302.43,-87,0,15,60,-12,-35,-4,16,28,5,-7
LLYVA,Liberty Live (Series A),86.08,-56,0,38,0,-18,1,-10,18,2,11,-7
ALB,Albemarle Corporation,89.85,0,22,0,-25,-3,-2,13,12,-27,-4,-7
LLYVK,Liberty Live (Series C),88.64,-56,0,38,0,-18,1,-11,18,2,10,-8
SNDR,Schneider National,22.2,24,-31,-13,0,-20,42,-25,-3,-2,12,-8
IDXX,Idexx Laboratories,616.15,-6,0,22,6,22,-14,-24,18,-10,-30,-8
LEN-B,Lennar (Class B),111.43,-28,-3,-1,64,32,-30,-16,9,-3,-40,-8
DOC,Healthpeak Properties,18.02,-17,27,-1,-33,-24,-28,30,2,11,15,-9
MCHP,Microchip Technology,60.39,-13,-2,0,0,-15,-10,7,18,-9,6,-9
PEP,PepsiCo,150.09,13,1,0,0,14,5,-20,7,-15,-23,-9
CMG,Chipotle Mexican Grill,39.81,-6,-56,-14,82,6,-7,5,-12,-2,-16,-10
BG,Bunge Global,80.74,-10,0,0,0,-10,-17,6,18,-7,0,-10
BX,Blackstone Inc.,153.77,-90,-1,0,144,53,-94,-5,13,23,-63,-10
TFC,Truist Financial,42.33,-26,-1,9,6,-12,-26,-4,15,16,1,-11
PRU,Prudential Financial,99.1,-14,-9,-21,57,13,-16,-19,12,-1,-24,-11
BBY,Best Buy,70.42,-14,0,-1,-8,-23,-30,40,6,-4,12,-11
ADC,Agree Realty,72.14,7,-19,1,18,7,12,-33,-13,15,-19,-12
RRX,Regal Rexnord,134.65,-7,-4,0,0,-11,-19,5,15,-3,-2,-13
DAY,Dayforce,68.1,-19,39,8,-14,14,-22,-11,8,-2,-27,-13
MRP,Millrose Properties,31.24,-7,0,0,0,-7,-7,-10,11,0,-6,-13
ADM,Archer Daniels Midland,61.06,0,6,10,0,16,-9,-16,18,-22,-29,-13
DHR,Danaher Corporation,202.45,0,8,-1,0,7,-28,3,11,-6,-20,-13
OMF,OneMain Financial,52.13,-96,-6,25,62,-15,-35,-10,18,28,1,-14
WAL,Western Alliance Bancorporation,74.94,-24,-2,0,6,-20,-21,-9,15,20,5,-15
VRSN,Verisign,260.85,-64,-8,44,11,-17,-61,-6,60,9,2,-15
KNX,Knight-Swift,42.37,42,-1,-33,-4,4,-3,2,-3,-15,-19,-15
SARO,StandardAero,26.46,-6,-2,0,0,-8,-1,-5,-1,0,-7,-15
HUM,Humana,280.02,42,0,0,-14,28,-8,-17,4,-22,-43,-15
FLUT,Flutter Entertainment,242.11,-63,-10,0,23,-50,11,-21,16,29,35,-15
ETSY,Etsy,68.72,-2,13,5,-32,-16,7,15,18,-39,1,-15
AES,AES Corporation,14.07,-3,8,0,-13,-8,-5,9,14,-26,-8,-16
KEY,Keycorp,17.19,-33,-1,16,6,-12,-26,-9,16,15,-4,-16
CART,Maplebear Inc.,38.31,0,-22,-2,0,-24,19,-12,-1,1,7,-17
PSX,Phillips 66,126.78,-38,0,3,43,8,-33,-2,17,-7,-25,-17
HXL,Hexcel,62.04,-6,0,2,0,-4,-17,3,12,-11,-13,-17
BA,Boeing,210.84,-9,-2,16,0,5,-8,-20,18,-13,-23,-18
VLTO,Veralto,101.87,-25,-2,10,0,-17,-7,-12,17,0,-2,-19
LNW,Light & Wonder,79.34,-36,-10,-11,59,2,-32,-18,1,27,-22,-20
IP,International Paper,45.69,0,-29,0,18,-11,-4,-21,-2,18,-9,-20
OVV,Ovintiv,36.92,-14,-5,-1,0,-20,-5,-2,15,-8,0,-20
CTSH,Cognizant,65.8,-7,-52,-11,16,-54,42,-17,-11,20,34,-20
AMH,American Homes 4 Rent,32.54,-12,-52,-16,70,-10,-3,-21,-4,17,-11,-21
IPG,Interpublic Group of Companies (The),26.12,-13,58,-51,0,-6,-9,7,6,-19,-15,-21
CRM,Salesforce,241.74,-1,-9,-21,24,-7,7,-15,-29,23,-14,-21
GEHC,GE HealthCare,71.01,-7,-1,-1,0,-9,-28,-1,7,10,-12,-21
NWS,News Corp (Class B),29.28,-56,-8,-1,60,-5,-49,11,-1,23,-16,-21
CCI,Crown Castle,97.63,17,-33,0,-30,-46,15,6,-3,7,25,-21
ALK,Alaska Air Group,47.22,-6,-12,-3,0,-21,-5,-12,6,11,0,-21
ARES,Ares Management,140.96,-91,-13,-2,61,-45,-89,-13,18,108,24,-21
PYPL,PayPal,69.85,-2,0,-11,-41,-54,-4,14,11,11,32,-22
TYL,Tyler Technologies,504.36,0,-35,-2,19,-18,14,-37,-1,20,-4,-22
JEF,Jefferies Financial Group,50.88,-88,-3,-1,60,-32,-54,-5,9,59,9,-23
VRSK,Verisk Analytics,243.09,-35,-54,-4,116,23,-47,-20,-10,30,-47,-24
NUE,Nucor,133.66,-6,-1,0,0,-7,-5,-18,15,-10,-18,-25
PCG,PG&E Corporation,15.87,0,11,-38,3,-24,-5,5,1,-3,-2,-26
RKT,Rocket Companies,16.4,-49,-4,12,0,-41,2,-7,17,3,15,-26
MASI,Masimo,144.71,-2,-1,-7,-8,-18,-5,8,-23,12,-8,-26
LUV,Southwest Airlines,31.3,-13,-1,9,-41,-46,-5,2,16,6,19,-27
IOT,Samsara,36.87,-5,8,-18,0,-15,-2,-8,-25,22,-13,-28
LVS,Las Vegas Sands,49.6,-14,0,14,4,4,-11,-20,15,-16,-32,-28
KDP,Keurig Dr Pepper,25.81,7,-34,-7,-2,-36,12,-28,26,-2,8,-28
TROW,T. Rowe Price,101.42,-4,-1,2,-27,-30,7,-18,14,-2,1,-29
WMS,Advanced Drainage Systems,134.01,-14,0,0,5,-9,-28,-5,18,-5,-20,-29
MPW,Medical Properties Trust,5.16,-11,26,5,-38,-18,-29,32,-15,1,-11,-29
VIRT,Virtu Financial,33.21,0,-30,0,16,-14,12,-42,-1,16,-15,-29
SOLV,Solventum,70.52,-15,-4,0,0,-19,-27,3,14,0,-10,-29
KEYS,Keysight,159.64,-29,-1,6,0,-24,-28,-1,16,7,-6,-30
COLB,Columbia Banking System,24.9,-6,0,2,0,-4,-21,-17,13,-1,-26,-30
CR,Crane Co.,175.14,-6,-21,24,0,-3,-19,-33,18,7,-27,-30
MOS,Mosaic Company (The),30.35,-14,-1,24,-18,-9,-12,-1,23,-32,-22,-31
OKE,Oneok,69.09,-29,-50,-21,56,-44,-5,-2,-33,53,13,-31
XYZ,"Block, Inc.",74.67,-2,0,2,-38,-38,-6,2,12,-1,7,-31
EXLS,EXL Service,41.25,-37,-8,0,67,22,-51,-16,-2,15,-54,-32
RAL,Ralliant,41.4,-14,0,0,0,-14,-28,10,0,0,-18,-32
ESTC,Elastic NV,86.54,3,1,-21,-8,-25,7,-7,-1,-6,-7,-32
MOH,Molina Healthcare,193.93,-2,0,-21,-4,-27,-10,32,-17,-10,-5,-32
GM,General Motors,55.35,-36,0,15,13,-8,-54,-1,15,15,-25,-33
AGCO,AGCO,103.79,-6,-3,15,0,6,-14,-30,19,-15,-40,-34
RGEN,Repligen,145.23,0,11,2,-19,-6,-5,14,2,-39,-28,-34
CNM,Core & Main,49.25,-30,-24,-1,0,-55,-6,-17,18,26,21,-34
AS,Amer Sports,30.94,-14,-16,12,0,-18,-12,-22,18,0,-16,-34
LII,Lennox International,524.76,-6,-34,-5,40,-5,-9,-47,-3,29,-30,-35
CUZ,Cousins Properties,26.61,-30,-3,0,13,-20,-39,-10,18,15,-16,-36
VIK,Viking Holdings,58.22,-37,0,0,0,-37,-7,-10,18,0,1,-36
WING,Wingstop,241.26,-35,-27,-5,40,-27,-1,-40,-1,33,-9,-36
DVN,Devon Energy,32.51,-14,-1,-1,-7,-23,-5,-2,17,-24,-14,-37
OTIS,Otis Worldwide,89.47,-14,0,-12,0,-26,-35,18,-22,28,-11,-37
CAI,Caris Life Sciences,30.5,-6,-3,0,0,-9,-9,-19,0,0,-28,-37
BILL,Bill.com,49.36,-20,31,-32,0,-21,-14,31,6,-39,-16,-37
DT,Dynatrace,47.95,-18,-6,-10,0,-34,-30,6,-1,22,-3,-37
CRL,Charles River Laboratories,167.05,0,8,0,-28,-20,-25,3,14,-10,-18,-38
S,SentinelOne,17.26,-7,-1,-33,0,-41,14,-5,-3,-3,3,-38
RYN,Rayonier,25.43,-12,0,-1,0,-13,-28,8,6,-11,-25,-38
BSY,Bentley Systems,49.35,-23,-4,17,0,-10,-19,-20,18,-8,-29,-39
THO,Thor Industries,99.19,-16,0,9,4,-3,-26,-16,14,-8,-36,-39
JLL,Jones Lang LaSalle,283.32,-94,0,12,16,-66,7,-9,12,16,26,-40
HAL,Halliburton,21.99,-21,32,-1,-1,9,-40,-1,3,-11,-49,-40
LOW,Lowe's,232.18,-112,-3,-1,168,52,-113,-9,9,21,-92,-40
CACC,Credit Acceptance,476.49,0,-1,-3,0,-4,-6,-17,-6,-7,-36,-40
PVH,PVH Corp.,76.49,-14,0,-1,-1,-16,-19,-3,7,-9,-24,-40
CPAY,Corpay,280.12,-6,-50,-6,23,-39,-6,-19,-3,27,-1,-40
TXN,Texas Instruments,171.57,-39,-28,-1,24,-44,-10,-24,18,18,2,-42
DOCU,DocuSign,68.39,-7,-9,-2,-14,-32,-6,-8,-10,13,-11,-43
QXO,"QXO, Inc.",18.59,-7,-15,0,-16,-38,-5,-13,21,-8,-5,-43
FITB,Fifth Third Bancorp,41.46,-72,-1,8,24,-41,-26,-9,15,18,-2,-43
GAP,Gap Inc.,19.7,-28,-3,-1,20,-12,-32,-10,-11,21,-32,-44
LAD,Lithia Motors,298.17,-39,-5,-3,16,-31,-35,-10,9,23,-13,-44
TKR,Timken Company,70.79,-14,-2,0,0,-16,-24,-12,15,-7,-28,-44
HUBS,HubSpot,439.61,-7,-9,-18,-2,-36,2,-6,-26,21,-9,-45
SNV,Synovus,44.94,-32,-15,0,23,-24,-26,-10,-1,16,-21,-45
ESS,Essex Property Trust,255.85,-39,-7,-2,16,-32,-45,26,-11,16,-14,-46
STWD,Starwood Property Trust,18.42,-121,-6,26,60,-41,-33,-13,18,23,-5,-46
DBX,Dropbox,28.14,-64,0,0,11,-53,-6,-5,8,10,7,-46
CERT,"Certara, Inc.",11.86,-6,22,-1,0,15,-29,16,-15,-34,-62,-47
KVUE,Kenvue,16.65,14,-34,-6,0,-26,28,-44,-11,5,-22,-48
SAIA,Saia,294.2,-2,-1,-34,0,-37,-6,1,1,-7,-11,-48
AUR,Aurora Innovation,5.17,-7,-12,-9,0,-28,-6,-5,-26,17,-20,-48
VTRS,Viatris,9.73,-6,0,0,-1,-7,-30,-19,10,-3,-42,-49
DECK,Deckers Brands,95.09,-31,-12,-32,95,20,-28,-12,-28,-1,-69,-49
PNC,PNC Financial Services,183.96,-70,-2,10,16,-46,-26,-9,15,16,-4,-50
JBHT,J. B. Hunt,137.12,0,-2,-39,-2,-43,-5,2,8,-12,-7,-50
DG,Dollar General,99.21,0,-16,0,-19,-35,12,-31,30,-28,-17,-52
HPQ,HP Inc.,25.56,-7,-1,-33,0,-41,-5,-11,7,-3,-12,-53
BC,Brunswick Corporation,58.75,-16,-1,0,-9,-26,-27,-1,12,-11,-27,-53
EL,Estée Lauder Companies (The),87.65,-2,0,0,-28,-30,-5,3,16,-37,-23,-53
ONON,On Holding AG,41.87,-2,-51,-7,0,-60,-5,-9,-4,22,4,-56
PPC,Pilgrim's Pride,38.8,-35,-26,-1,23,-39,7,-33,-12,20,-18,-57
TTC,Toro Company (The),72.73,-14,-2,-1,-2,-19,-9,-16,9,-22,-38,-57
ALSN,Allison Transmission,79.45,-30,-16,-13,37,-22,-30,-12,-29,36,-35,-57
PINS,Pinterest,30.39,-7,-15,-3,-2,-27,-22,-15,14,-7,-30,-57
GPC,Genuine Parts Company,130.38,-28,0,9,0,-19,-31,-6,18,-19,-38,-57
USB,U.S. Bancorp,45.29,-70,-1,8,6,-57,-26,-7,15,17,-1,-58
APD,Air Products,257.05,-21,-14,-3,0,-38,-23,-19,10,12,-20,-58
PNFP,Pinnacle Financial Partners,86.36,-32,-15,-12,17,-42,-24,-9,-3,20,-16,-58
DLTR,Dollar Tree,87.61,-1,-25,0,-17,-43,9,-34,33,-24,-16,-59
GMED,Globus Medical,56.58,-6,-1,-23,-2,-32,-16,3,-28,14,-27,-59
FRT,Federal Realty Investment Trust,95.58,-32,0,0,3,-29,-28,-9,9,-3,-31,-60
TW,Tradeweb,107.09,3,-47,-6,2,-48,13,-43,-7,25,-12,-60
FLS,Flowserve,49.1,-90,-2,-1,29,-64,-30,-5,11,27,3,-61
DIS,Walt Disney Company (The),109.2,-50,-21,23,-2,-50,-17,-17,18,5,-11,-61
DKNG,DraftKings,32.68,-74,-9,-2,0,-85,8,-17,10,22,23,-62
GTLB,GitLab,44.62,-6,0,-29,0,-35,5,-1,-28,-3,-27,-62
NVST,Envista,19.05,-14,-1,12,0,-3,-28,-12,14,-34,-60,-63
FOUR,Shift4,77.34,-4,-48,-8,0,-60,-10,-19,-1,26,-4,-64
ST,Sensata Technologies,29.03,-5,-1,0,-17,-23,-5,-17,16,-37,-43,-66
TOST,"Toast, Inc.",34.99,-7,-29,0,0,-36,-9,-39,-1,19,-30,-66
BIO,Bio-Rad Laboratories,293.81,0,9,0,-30,-21,-18,3,9,-39,-45,-66
LINE,"Lineage, Inc.",39.51,-6,-2,0,0,-8,-22,3,-39,0,-58,-66
LBTYA,Liberty Global (Series A),10.56,-30,-1,-1,-1,-33,-31,-10,9,-1,-33,-66
MDLZ,Mondelez International,61.45,-21,-12,-1,0,-34,-17,-2,-3,-11,-33,-67
CGNX,Cognex Corporation,40.79,-7,0,9,-33,-31,-7,-1,14,-42,-36,-67
APO,Apollo Global Management,118.22,-86,-13,-3,99,-3,-88,-5,-1,28,-66,-69
COP,ConocoPhillips,87.66,-49,-3,-2,0,-54,-14,-2,10,-10,-16,-70
APPF,AppFolio,224.88,-60,-8,0,30,-38,-54,-8,-1,30,-33,-71
BMY,Bristol Myers Squibb,43.97,-30,-7,-8,-7,-52,-7,3,-22,7,-19,-71
ZBRA,Zebra Technologies,275.88,-14,-15,-10,-9,-48,-26,-8,12,-1,-23,-71
ARW,Arrow Electronics,113.5,-25,-18,9,0,-34,-27,-18,18,-10,-37,-71
FTV,Fortive,47.81,-6,-1,-29,0,-36,-26,22,-25,-7,-36,-72
WH,Wyndham Hotels & Resorts,75.8,-28,-18,-11,13,-44,-22,-23,-1,17,-29,-73
LBRDK,Liberty Broadband (Series C),59.86,-14,-2,-11,-38,-65,-19,12,-11,10,-8,-73
BDX,Becton Dickinson,186.59,-3,0,-36,-7,-46,-14,3,1,-17,-27,-73
CCK,Crown Holdings,90.74,-35,-38,25,7,-41,-35,-29,18,14,-32,-73
OWL,Blue Owl Capital,15.43,-14,-37,-12,0,-63,-19,-13,-1,23,-10,-73
MTDR,Matador Resources,42.13,-7,-10,-37,0,-54,-5,-18,11,-8,-20,-74
MAT,Mattel,17.1,-5,-1,-12,0,-18,-21,-17,15,-33,-56,-74
CNXC,Concentrix,44.78,-6,-11,-3,0,-20,-7,-7,-6,-35,-55,-75
MIDD,Middleby,129.14,-18,-2,-11,0,-31,-19,-16,-24,15,-44,-75
LBTYK,Liberty Global (Series C),10.63,-30,-1,-1,-1,-33,-37,-10,7,-2,-42,-75
OLN,Olin Corporation,22.27,-6,35,-68,-11,-50,-6,-1,6,-25,-26,-76
VZ,Verizon,39.86,-35,-5,-1,12,-29,-45,-26,8,16,-47,-76
CUBE,CubeSmart,39.33,-31,-2,-31,0,-64,-6,-1,-1,-4,-12,-76
OLED,Universal Display Corporation,137.67,-26,-1,-45,-1,-73,-26,11,18,-7,-4,-77
MRK,Merck & Co.,86.03,0,9,-55,0,-46,-29,3,3,-8,-31,-77
LAZ,Lazard,47.85,-90,-4,10,22,-62,-35,-10,15,15,-15,-77
OKTA,"Okta, Inc.",89.35,-7,-6,-6,-26,-45,-35,6,-11,8,-32,-77
QRVO,Qorvo,83.21,-27,-1,0,-33,-61,-26,-1,17,-7,-17,-78
HALO,Halozyme,64.09,-87,0,15,21,-51,-47,-5,9,16,-27,-78
CSGP,CoStar Group,75.56,-35,-13,-1,0,-49,-26,-36,31,1,-30,-79
TECH,Bio-Techne,58.66,0,9,-35,-26,-52,-25,3,3,-8,-27,-79
KMB,Kimberly-Clark,119.55,-36,-21,-7,20,-44,-17,-28,-19,28,-36,-80
PFE,Pfizer,24.79,-14,0,0,-25,-39,-29,3,15,-30,-41,-80
REXR,Rexford Industrial,39.35,-14,0,0,-20,-34,-19,-8,14,-34,-47,-81
ACHC,Acadia Healthcare,24.25,-10,21,-56,-13,-58,-19,13,1,-18,-23,-81
MHK,Mohawk Industries,117.55,-31,0,-1,-13,-45,-32,-12,10,-3,-37,-82
EW,Edwards Lifesciences,73.97,-21,-8,0,-16,-45,-19,-19,38,-37,-37,-82
PRMB,Primo Brands,21.52,-2,-92,-6,24,-76,12,-20,-18,20,-6,-82
NYT,New York Times Company,54.66,-103,-8,10,18,-83,-19,-22,18,23,0,-83
KD,Kyndryl,27.69,-16,-48,-4,0,-68,-19,-13,-5,22,-15,-83
WLK,Westlake Corporation,75.65,-6,-1,-48,-2,-57,-6,-15,2,-8,-27,-84
RYAN,Ryan Specialty,55.22,-3,-76,-11,0,-90,-14,8,-17,27,4,-86
SAIC,SAIC,96.53,-8,-27,-6,0,-41,-12,-27,-3,-3,-45,-86
SJM,J.M. Smucker Company (The),104.76,-21,0,-2,-6,-29,-35,-3,6,-25,-57,-86
RARE,Ultragenyx,31.48,21,0,-35,-40,-54,13,2,-43,-5,-33,-87
NOV,NOV Inc.,12.32,-14,-1,-63,-14,-92,-15,28,9,-17,5,-87
MTB,M&T Bank,180.77,-63,-3,9,24,-33,-82,-5,16,16,-55,-88
JKHY,Jack Henry & Associates,151.54,23,-51,-11,-2,-41,33,-82,-11,13,-47,-88
LEA,Lear Corporation,96.78,-28,-2,0,-19,-49,-26,-13,17,-17,-39,-88
TTD,Trade Desk (The),52.36,0,-45,-35,-3,-83,-9,5,-1,-2,-7,-90
FIS,Fidelity National Information Services,66.87,0,-48,-10,-39,-97,-3,2,-5,13,7,-90
OGN,Organon & Co.,9.6,-21,26,-37,0,-32,-30,28,-50,-6,-58,-90
CCCS,CCC Intelligent Solutions,9.12,-4,-15,-36,0,-55,-21,-17,10,-8,-36,-91
GEN,Gen Digital,26.53,-64,-20,23,18,-43,-63,-22,18,18,-49,-92
ISRG,Intuitive Surgical,429.54,-9,-52,-11,24,-48,-6,-60,-6,28,-44,-92
CBSH,Commerce Bancshares,56.63,-26,-48,-2,13,-63,-21,-23,-1,15,-30,-93
NSA,National Storage Affiliates,30.16,1,0,-23,-6,-28,-2,-16,-44,-3,-65,-93
TAP,Molson Coors,45.97,0,-23,-21,-2,-46,5,-25,-22,-5,-47,-93
COO,Cooper Companies (The),68.38,-6,-1,-35,-7,-49,-5,6,-40,-5,-44,-93
REGN,Regeneron Pharmaceuticals,564.59,-16,0,-49,0,-65,-30,3,4,-6,-29,-94
ASH,Ashland Global,47.53,-5,-16,-49,-11,-81,12,-20,7,-12,-13,-94
CNC,Centene,35.76,-4,0,-52,-13,-69,-10,36,-21,-30,-25,-94
DXCM,Dexcom,65.12,-6,-34,-7,-16,-63,-2,-17,-2,-11,-32,-95
FCN,FTI Consulting,161.7,3,-23,-45,0,-65,-5,-17,-2,-7,-31,-96
NCLH,Norwegian Cruise Line Holdings,22.43,-95,0,8,0,-87,-33,-10,11,22,-10,-97
ON,ON Semiconductor,45.7,-7,-31,-45,-3,-86,-6,-4,14,-17,-13,-99
OXY,Occidental Petroleum,42.17,-49,-2,-63,0,-114,-19,38,14,-18,15,-99
FI,Fiserv,122.64,-17,-65,-22,37,-67,-14,-25,-23,29,-33,-100
BHF,Brighthouse Financial,47.28,-35,0,-1,0,-36,-63,-1,-11,10,-65,-101
SEB,Seaboard Corporation,3382.07,-50,-2,13,-1,-40,-63,-16,16,2,-61,-101
GDDY,GoDaddy,130.7,-16,-66,-11,24,-69,-17,-13,-27,24,-33,-102
HOG,Harley-Davidson,26.06,-41,-1,0,-11,-53,-40,-9,13,-13,-49,-102
RVTY,Revvity,88.3,-2,0,-28,-26,-56,-21,8,-33,-1,-47,-103
GME,GameStop,23.29,-38,0,-2,-32,-72,-40,29,-11,-9,-31,-103
ACI,Albertsons,17.12,0,-63,-5,0,-68,-2,-25,-11,2,-36,-104
EQR,Equity Residential,61.67,-54,-7,-4,15,-50,-47,-11,-11,15,-54,-104
DOX,Amdocs,80.77,-14,-44,-1,0,-59,-19,-31,-3,7,-46,-105
PB,Prosperity Bancshares,62.99,-26,-53,-12,16,-75,-24,-19,-3,16,-30,-105
ATR,AptarGroup,130.93,-12,-50,-11,22,-51,-4,-47,-3,-1,-55,-106
ZBH,Zimmer Biomet,94.71,-17,-3,-5,-19,-44,-26,-19,2,-20,-63,-107
HSIC,Schein (Henry),63.17,-35,-13,-13,-2,-63,-32,-14,-3,5,-44,-107
CLX,Clorox,120.14,-35,-5,-25,-7,-72,9,-9,-35,-1,-36,-108
ACN,Accenture,240.96,-1,-67,-31,-2,-101,-3,2,-27,21,-7,-108
AVTR,Avantor,13.4,0,8,-37,-1,-30,-26,1,-48,-7,-80,-110
CIVI,Civitas Resources,29.48,-14,-1,-63,-2,-80,-28,2,7,-11,-30,-110
LCID,Lucid Motors,20.99,-27,0,-12,0,-39,-26,17,-25,-37,-71,-110
UGI,UGI Corporation,31.78,-48,-33,50,6,-25,-46,-46,-1,7,-86,-111
GPN,Global Payments,82.85,-7,0,-35,-41,-83,-5,-17,6,-12,-28,-111
SIRI,Sirius XM,20.95,-21,-2,-1,-33,-57,-29,-14,8,-19,-54,-111
SRPT,Sarepta Therapeutics,22.09,0,5,-37,-9,-41,-12,8,-58,-8,-70,-111
PAYC,Paycom,199.95,-10,-34,0,-26,-70,-5,-37,-2,1,-43,-113
DAR,Darling Ingredients,30.08,-6,-10,-14,-22,-52,-5,-23,-1,-32,-61,-113
MRNA,Moderna,26.84,0,-1,-63,-6,-70,-10,11,-3,-41,-43,-113
SLGN,Silgan Holdings,42.12,-4,-52,-11,0,-67,-4,-52,-5,15,-46,-113
CARR,Carrier Global,56.66,-14,-49,-7,0,-70,-25,-45,-2,28,-44,-114
VNT,Vontier,38.39,-90,-1,13,0,-78,-38,-7,16,-7,-36,-114
AVB,AvalonBay Communities,184.57,-51,-5,-11,18,-49,-63,-5,-15,17,-66,-115
WEX,WEX Inc.,150.25,-14,-5,-51,-1,-71,-30,-16,12,-10,-44,-115
YETI,Yeti Holdings,32.1,-23,-5,-43,-8,-79,-26,-10,12,-12,-36,-115
UWMC,United Wholesale Mortgage,5.35,-108,46,0,0,-62,-47,-7,6,-6,-54,-116
W,Wayfair,74.25,-30,0,12,-43,-61,-29,-2,18,-42,-55,-116
FAF,First American Financial Corporation,59.36,-112,-1,0,16,-97,-33,-12,5,20,-20,-117
PLNT,Planet Fitness,93.63,-42,-29,0,15,-56,-55,-21,-1,16,-61,-117
COTY,Coty,4.2,23,-1,-72,-9,-59,35,-8,-74,-11,-58,-117
HST,Host Hotels & Resorts,15.8,-63,-1,6,4,-54,-63,-8,16,-8,-63,-117
DPZ,Domino's,406.41,-42,-48,-4,12,-82,-35,-18,-3,20,-36,-118
SMG,Scotts Miracle-Gro Company,55.48,-6,-31,-30,-41,-108,-5,-17,14,-3,-11,-119
IT,Gartner,239.44,-37,-83,-29,0,-149,-25,23,-27,59,30,-119
TSN,Tyson Foods,52.1,-21,-5,-9,-30,-65,-28,-21,-19,13,-55,-120
COLM,Columbia Sportswear,48.96,-14,-12,-29,-8,-63,-32,-16,-24,15,-57,-120
BBWI,"Bath & Body Works, Inc.",25.03,-7,-25,-33,-17,-82,-9,-18,-4,-8,-39,-121
Z,Zillow (Class C),69.68,-106,-9,0,0,-115,-33,-9,12,22,-8,-123
RH,RH,173.36,-31,-11,-32,-9,-83,-28,-16,6,-2,-40,-123
ZG,Zillow (Class A),66.92,-106,-9,0,0,-115,-33,-9,11,22,-9,-124
EIX,Edison International,52.13,-35,-1,-40,0,-76,-42,-11,8,-3,-48,-124
LBRDA,Liberty Broadband (Series A),59.44,-14,-55,-11,-38,-118,-17,12,-11,10,-6,-124
DVA,DaVita,123.98,-37,-34,-11,22,-60,-37,-20,-28,21,-64,-124
BIRK,Birkenstock,42.26,-28,-26,-7,0,-61,-33,-24,-9,0,-66,-127
CAR,Avis Budget Group,147.03,-43,-11,17,-22,-59,-47,-3,21,-39,-68,-127
DLB,Dolby Laboratories,68.16,-28,-14,-11,-1,-54,-47,-24,-1,-1,-73,-127
MORN,"Morningstar, Inc.",225.39,0,-51,-28,0,-79,23,-64,-6,-2,-49,-128
FDS,FactSet,283.22,1,-59,-13,-2,-73,14,-55,-11,-3,-55,-128
TFX,Teleflex,119.42,-7,0,-50,-41,-98,-22,3,1,-12,-30,-128
VFC,VF Corporation,13.31,-28,0,-28,-45,-101,-30,-3,5,-1,-29,-130
MGM,MGM Resorts International,31.27,-48,-9,-1,0,-58,-56,-21,15,-11,-73,-131
KEX,Kirby Corporation,79.95,-28,-51,-11,37,-53,-33,-44,-2,-1,-80,-133
SWKS,Skyworks Solutions,69.14,-70,-1,0,-32,-103,-35,-4,15,-7,-31,-134
POOL,Pool Corporation,289.94,-35,-13,-31,-8,-87,-32,-9,5,-11,-47,-134
GFS,GlobalFoundries,32.95,-7,-1,-90,0,-98,-26,11,-2,-19,-36,-134
BAH,Booz Allen Hamilton,97.18,-13,-29,-38,0,-80,-14,2,-40,-3,-55,-135
SBUX,Starbucks,78.48,-35,-28,-9,-1,-73,-34,-36,-1,9,-62,-135
ADBE,Adobe Inc.,337.53,-7,-8,-44,-8,-67,-12,-1,-48,-7,-68,-135
TREX,"Trex Company, Inc.",50.3,-6,-21,-62,-15,-104,-5,-17,-2,-8,-32,-136
GNTX,Gentex,25.62,-70,0,0,-1,-71,-61,-7,12,-10,-66,-137
GTM,ZoomInfo,9.96,-84,-1,-1,0,-86,-19,-8,14,-39,-52,-138
GIS,General Mills,49.36,-21,-2,-49,-6,-78,-16,22,-45,-21,-60,-138
TDC,Teradata,20.42,-14,-1,-87,-19,-121,-19,20,-1,-18,-18,-139
NKE,"Nike, Inc.",65.22,-29,-4,-1,-23,-57,-35,-24,15,-38,-82,-139
NCNO,nCino,25.03,-99,-9,-34,0,-142,7,-14,13,-3,3,-139
DV,DoubleVerify,11.07,-6,-24,-78,0,-108,8,-26,-1,-12,-31,-139
SWK,Stanley Black & Decker,64.41,-27,-2,-37,-41,-107,-26,-9,7,-4,-32,-139
MTN,Vail Resorts,148.73,-1,-5,-41,-25,-72,-22,-21,14,-38,-67,-139
IRDM,Iridium Communications,18.39,-5,-51,-12,-21,-89,-9,-17,-3,-21,-50,-139
CNH,CNH Industrial,10.1,-16,-41,-5,-1,-63,-21,-57,-3,4,-77,-140
KBR,"KBR, Inc.",43.25,-28,-12,-38,0,-78,-21,-22,-16,-3,-62,-140
FBIN,Fortune Brands Innovations,48.2,-37,-14,-34,-7,-92,-35,-17,7,-4,-49,-141
CHTR,Charter Communications,259.47,-14,-55,-12,-38,-119,-19,11,-12,-3,-23,-142
PK,Park Hotels & Resorts,10.48,-102,-1,-1,-1,-105,-33,-8,11,-7,-37,-142
BRKR,Bruker,35.29,0,0,-68,-10,-78,10,8,-72,-11,-65,-143
AKAM,Akamai Technologies,73.2,-16,-2,-34,-9,-61,-23,-13,-34,-12,-82,-143
TGT,Target Corporation,85.53,-7,-31,-39,-13,-90,-7,-37,-1,-8,-53,-143
SLM,Sallie Mae,25.67,-84,-40,0,24,-100,-26,-40,-1,23,-44,-144
CAVA,Cava Group,62.15,0,-42,-22,0,-64,-2,-46,-36,4,-80,-144
LSTR,Landstar,124.16,34,-53,-43,-2,-64,-5,-18,-50,-9,-82,-146
AVY,Avery Dennison,158.68,-6,-34,-43,0,-83,-29,-25,-3,-7,-64,-147
BFAM,Bright Horizons,97.55,-49,-24,-7,0,-80,-51,-30,-4,17,-68,-148
LKQ,LKQ Corporation,28.67,-27,-20,-14,-4,-65,-30,-13,-22,-19,-84,-149
AXTA,Axalta,26.38,-30,-14,-24,0,-68,-26,-16,-37,-2,-81,-149
CL,Colgate-Palmolive,77.97,-59,-67,-14,25,-115,-12,-28,-22,28,-34,-149
SFD,Smithfield Foods,21.16,-84,-17,0,0,-101,-35,-26,12,0,-49,-150
XP,XP Inc.,15.81,-91,-5,0,0,-96,-62,-6,24,-10,-54,-150
RIVN,Rivian,12.78,-57,-2,0,0,-59,-68,-2,-1,-23,-94,-153
CROX,Crocs,76.69,-28,-46,-50,-3,-127,-6,-1,-12,-7,-26,-153
RITM,Rithm Capital,10.64,-120,-12,25,34,-73,-111,-17,18,28,-82,-155
ZTS,Zoetis,141.06,-10,-24,-43,-5,-82,-32,-25,-10,-7,-74,-156
SLB,Schlumberger,31.74,-26,-4,-78,-1,-109,-24,-11,-1,-12,-48,-157
ILMN,"Illumina, Inc.",93.84,-9,-4,-36,-42,-91,-27,-9,10,-42,-68,-159
VVV,Valvoline,33.28,-112,-12,-3,0,-127,-35,-9,15,-6,-35,-162
IEX,IDEX Corporation,161.14,-6,-52,-36,-4,-98,-23,3,-36,-8,-64,-162
WSC,WillScot Mobile Mini,21.61,34,-50,-73,-8,-97,-5,-44,-2,-14,-65,-162
KMPR,Kemper Corporation,48.01,-55,-12,-14,-2,-83,-68,-17,-11,16,-80,-163
EMN,Eastman Chemical Company,58.17,-26,-15,-29,-3,-73,-26,-17,-43,-4,-90,-163
CHE,Chemed Corporation,429.93,-63,-8,-19,-1,-91,-29,-17,-17,-10,-73,-164
CZR,Caesars Entertainment,21.87,-30,-5,-34,-27,-96,-28,-1,-2,-39,-70,-166
CAG,Conagra Brands,18.58,-11,-5,-40,-9,-65,-30,-24,-22,-25,-101,-166
ODFL,Old Dominion Freight Line,134.31,-6,-52,-34,0,-92,-7,-26,-39,-3,-75,-167
EEFT,Euronet Worldwide,83.12,-29,-52,-11,-5,-97,-25,-52,-8,15,-70,-167
G,Genpact,39.37,-49,-23,-5,0,-77,-62,-19,-23,12,-92,-169
WHR,Whirlpool Corporation,71.54,-26,-18,-13,-28,-85,-27,-15,-4,-38,-84,-169
PPG,PPG Industries,98.48,-30,-15,-54,-10,-109,-29,-21,-1,-10,-61,-170
OC,Owens Corning,126.47,-137,-10,-32,60,-119,-40,-17,7,-2,-52,-171
CHRD,Chord Energy,90.59,-70,-10,-58,0,-138,-20,-19,12,-8,-35,-173
UHAL,U-Haul,54.31,-35,-53,-23,0,-111,-33,-17,-36,22,-64,-175
NIQ,NIQ Global Intelligence,14.09,-112,0,0,0,-112,-54,-9,0,0,-63,-175
NWL,Newell Brands,4.85,-22,-12,-35,-33,-102,-26,-15,6,-38,-73,-175
UDR,"UDR, Inc.",35.72,-51,-51,-6,-2,-110,-49,-19,-13,15,-66,-176
AAL,American Airlines Group,11.52,0,-12,-29,-78,-119,-5,-18,7,-41,-57,-176
ABNB,Airbnb,118.19,-31,-46,-11,0,-88,-61,-20,-1,-7,-89,-177
AMCR,Amcor,7.95,-31,-41,-9,-1,-82,-32,-50,-9,-4,-95,-177
KMX,CarMax,43.18,-23,-16,-27,-38,-104,-26,-14,-31,-2,-73,-177
MAA,Mid-America Apartment Communities,134.56,-84,-52,-5,-1,-142,-17,-15,-16,13,-35,-177
SON,Sonoco,39.62,-114,-14,-4,-2,-134,-32,-11,15,-16,-44,-178
MKC,McCormick & Company,66.66,-19,-67,-14,-4,-104,2,-66,-22,12,-74,-178
SAM,Boston Beer Company,215.89,-5,0,-43,-39,-87,10,-17,-39,-46,-92,-179
CPB,Campbell Soup Company,30.39,-35,-3,-40,-8,-86,-35,-4,-47,-7,-93,-179
CE,Celanese,39.3,-15,-45,-51,-12,-123,-26,-15,-5,-11,-57,-180
BALL,Ball Corporation,47.08,-28,-40,-11,-13,-92,-32,-48,-1,-7,-88,-180
UHAL-B,U-Haul (Series N),49.3,-33,-53,-31,0,-117,2,-17,-45,-3,-63,-180
HLNE,Hamilton Lane,118.21,-91,-13,-6,27,-83,-91,-28,-3,23,-99,-182
ENPH,Enphase Energy,34.27,-10,-1,-54,-22,-87,-3,-5,-61,-26,-95,-182
LULU,Lululemon Athletica,167.49,-27,-88,-19,-5,-139,-5,1,-28,-14,-46,-185
WY,Weyerhaeuser,23.93,-27,-21,-31,-1,-80,-27,-25,-43,-10,-105,-185
CHDN,Churchill Downs Incorporated,90.03,-35,-30,-39,0,-104,-30,-47,-2,-3,-82,-186
ARE,Alexandria Real Estate Equities,73.92,-35,-3,-45,-32,-115,-32,-5,3,-37,-71,-186
WU,Western Union,7.95,-7,-3,-31,-48,-89,-7,-17,-66,-7,-97,-186
INVH,Invitation Homes,27.94,-54,-56,-16,0,-126,-47,-21,-11,16,-63,-189
BJ,BJ's Wholesale Club,90.13,-112,-73,-3,12,-176,-27,-40,-10,60,-17,-193
PCTY,Paylocity,150.5,-96,-34,-6,-5,-141,-22,-38,-5,7,-58,-199
CLVT,Clarivate,3.6,-19,-16,-85,-8,-128,-23,-16,11,-44,-72,-200
BROS,Dutch Bros. Coffee,48.86,-180,-20,-3,0,-203,12,-20,-2,13,3,-200
GPK,Graphic Packaging,17.49,-35,-31,-27,-1,-94,-37,-28,-40,-2,-107,-201
CPT,Camden Property Trust,101.66,-85,-13,-3,-1,-102,-90,-14,-11,13,-102,-204
STZ,Constellation Brands,141.33,0,-34,-53,-5,-92,2,-37,-69,-10,-114,-206
PENN,Penn Entertainment,16.25,-52,-4,-1,-36,-93,-63,-13,8,-46,-114,-207
DOW,Dow Inc.,20.67,-28,-15,-51,-3,-97,-28,-9,-66,-10,-113,-210
MKTX,MarketAxess,177.49,8,-55,-36,-31,-114,23,-70,-10,-46,-103,-217
IFF,International Flavors & Fragrances,59.54,-15,-52,-31,-33,-131,-22,-18,-43,-3,-86,-217
BMRN,BioMarin Pharmaceutical,52.32,-10,-25,-58,-22,-115,-19,-39,-23,-24,-105,-220
INSP,Inspire Medical Systems,75.18,0,-103,-31,-8,-142,-4,-20,-36,-19,-79,-221
ALGM,Allegro MicroSystems,25.91,-84,-16,19,0,-81,-86,-52,16,-18,-140,-221
HUN,Huntsman Corporation,8.11,-17,-16,-53,-17,-103,-22,-16,-48,-35,-121,-224
EPAM,EPAM Systems,142.42,-27,-23,-34,-29,-113,-26,-21,-25,-39,-111,-224
KHC,Kraft Heinz,25.15,-35,-25,-50,-2,-112,-35,-43,-22,-12,-112,-224
CDW,CDW,145.04,-70,-48,-50,0,-168,-33,-13,-1,-10,-57,-225
CMCSA,Comcast,29.46,-60,-53,-43,-11,-167,-23,-17,-10,-10,-60,-227
SFM,Sprouts Farmers Market,102.72,-237,-54,-3,48,-246,18,-52,-7,59,18,-228
AMT,American Tower,186.63,-63,-48,-5,-2,-118,-74,-47,-3,13,-111,-229
FRPT,Freshpet,48.35,-21,-83,-32,-8,-144,-21,-40,-28,-1,-90,-234
SITE,SiteOne Landscape Supply,116.99,-160,-13,-4,-11,-188,-32,-17,11,-10,-48,-236
SN,SharkNinja,88.37,-105,-9,-1,0,-115,-103,-37,15,3,-122,-237
MTCH,Match Group,31.44,-101,-5,0,-39,-145,-54,-13,13,-40,-94,-239
ALGN,Align Technology,125.77,-6,-51,-75,-27,-159,-5,-25,-11,-40,-81,-240
MAN,ManpowerGroup,38.03,-6,-33,-54,-30,-123,-5,-25,-54,-38,-122,-245
LYB,LyondellBasell,44.9,-18,-50,-52,-7,-127,-28,-15,-66,-9,-118,-245
COLD,Americold,13.44,40,-134,-49,-13,-156,50,-76,-49,-17,-92,-248
IAC,IAC Inc.,32.15,-105,-16,-10,-33,-164,-32,-8,-5,-40,-85,-249
UA,Under Armour (Class C),4.59,-14,-45,-36,-39,-134,-32,-47,-3,-39,-121,-255
TEAM,Atlassian,144.56,-121,-66,-14,-8,-209,-22,-14,-26,13,-49,-258
DJT,Trump Media & Technology Group,15.97,-11,-93,-64,0,-168,-24,-24,-32,-11,-91,-259
BF-B,Brown–Forman (Class B),26.71,-17,-28,-111,-20,-176,-9,-1,-43,-30,-83,-259
WEN,Wendy's Company (The),8.72,-24,-76,-45,-10,-155,-27,-23,-40,-17,-107,-262
UAA,Under Armour (Class A),4.76,-14,-45,-36,-46,-141,-32,-47,-3,-39,-121,-262
DXC,DXC Technology,12.9,-29,-5,-33,-75,-142,-29,-16,-40,-36,-121,-263
BAX,Baxter International,21.93,-12,-67,-31,-40,-150,-29,-20,-22,-43,-114,-264
GLOB,Globant,57.36,-7,-102,-34,-9,-152,-24,-50,-34,-9,-117,-269
FLO,Flowers Foods,12.6,-24,-40,-45,-10,-119,-32,-33,-65,-25,-155,-274
HRL,Hormel Foods,23.73,-35,-61,-18,-25,-139,-41,-57,-5,-32,-135,-274
UPS,United Parcel Service,82.87,-6,-53,-114,-18,-191,-19,4,-42,-36,-93,-284
RNG,RingCentral,26.37,-98,-1,-34,-43,-176,-61,-9,8,-47,-109,-285
PRGO,Perrigo,21.25,-9,-47,-10,-115,-181,-30,-20,-10,-57,-117,-298
FND,Floor & Decor,66.83,-111,-12,-43,-8,-174,-113,-9,6,-8,-124,-298
BRBR,BellRing Brands,34.13,-54,-110,-21,0,-185,14,-102,-27,-1,-116,-301
BF-A,Brown–Forman (Class A),26.51,-17,-25,-110,-20,-172,-35,-22,-50,-26,-133,-305
XRAY,Dentsply Sirona,11.83,-30,-51,-89,-44,-214,-32,-16,-3,-42,-93,-307
SBAC,SBA Communications,189.15,-83,-48,-7,-22,-160,-112,-48,-6,-1,-167,-327
RHI,Robert Half,31.36,-26,-180,-37,-11,-254,-28,-17,-35,-34,-114,-368
FMC,FMC Corporation,29.08,-115,-31,-48,-26,-220,-131,-21,-3,-28,-183,-403
CHH,Choice Hotels,98.75,-217,-47,-11,0,-275,-75,-48,-25,16,-132,-407
