Symbol,Name,Close,1H Cloud Score,1D Cloud Score,1W Cloud Score,1M Cloud Score,Cloud Score Sum,1H TKx Score,1D TKx Score,1W TKx Score,1M TKx Score,TKx Score Sum,Total Score Sum
TJX,TJX Companies,124.63,0,0,141,196,337,11,-15,110,191,297,634
RSG,Republic Services,250.62,5,28,117,175,325,6,-1,86,158,249,574
COST,Costco,1001.88,5,39,110,178,332,6,-6,3,182,185,517
AJG,Arthur J. Gallagher & Co.,325.86,13,0,158,184,355,25,-6,21,105,145,500
ORLY,O'Reilly Auto Parts,89.17,-1,-9,156,197,343,16,-4,47,87,146,489
WM,"Waste Management, Inc.",234.29,-25,27,88,185,275,6,19,20,157,202,477
PGR,Progressive Corporation,266.04,0,-10,98,175,263,14,-6,15,187,210,473
JPM,JPMorgan Chase,281.24,43,32,116,156,347,40,43,3,24,110,457
IBM,IBM,293.85,108,35,102,52,297,12,43,49,54,158,455
HEI,HEICO (Common),317.62,57,37,18,187,299,54,35,9,55,153,452
NFG,National Fuel Gas,85.45,55,114,53,50,272,59,45,64,8,176,448
WRB,W. R. Berkley Corporation,73.28,21,85,87,174,367,14,-5,17,53,79,446
MSFT,Microsoft,490.12,140,37,9,171,357,5,45,3,23,76,433
RBLX,Roblox Corporation,104.76,217,42,46,0,305,59,43,9,9,120,425
ROL,"Rollins, Inc.",57.5,6,52,24,284,366,12,-2,16,33,59,425
HWM,Howmet Aerospace,176.59,21,43,141,27,232,12,43,85,52,192,424
HEI-A,HEICO (Class A),249.26,56,38,19,180,293,54,36,10,28,128,421
CTAS,Cintas,223.15,0,50,12,163,225,4,-2,6,185,193,418
CASY,Casey's,510.92,11,10,106,85,212,6,10,110,76,202,414
WELL,Welltower,154.27,14,27,109,56,206,26,23,126,22,197,403
SO,Southern Company,90.89,14,3,69,188,274,15,19,16,77,127,401
PM,Philip Morris International,184.52,14,103,63,53,233,14,45,78,25,162,395
NFLX,Netflix,1279.2,22,48,109,18,197,54,45,80,18,197,394
ORI,Old Republic International,37.95,19,4,140,56,219,14,-5,110,53,172,391
ICE,Intercontinental Exchange,180.79,5,36,105,159,305,4,37,15,19,75,380
AXON,Axon Enterprise,794.22,5,41,138,92,276,14,45,3,28,90,366
SPOT,Spotify,750.34,48,44,105,10,207,5,45,88,18,156,363
PWR,Quanta Services,372.26,44,37,10,97,188,54,45,3,70,172,360
GS,Goldman Sachs,662.06,90,30,85,56,261,35,41,3,19,98,359
NRG,NRG Energy,153.66,2,43,96,92,233,2,-4,106,19,123,356
ADP,Automatic Data Processing,311.19,0,33,78,178,289,11,-3,3,55,66,355
BSX,Boston Scientific,104.12,10,7,137,142,296,8,-12,3,55,54,350
MNST,Monster Beverage,63.54,6,80,19,178,283,2,43,12,2,59,342
MMC,Marsh McLennan,219.64,0,-11,0,173,162,13,-6,-4,176,179,341
NDAQ,"Nasdaq, Inc.",88.09,11,36,69,142,258,24,43,3,12,82,340
AM,Antero Midstream,18.5,6,36,141,21,204,16,-5,71,53,135,339
PLTR,Palantir Technologies,143.19,7,43,109,0,159,2,45,112,18,177,336
CBOE,Cboe Global Markets,229.31,32,26,137,53,248,23,-1,15,49,86,334
BRO,Brown & Brown,110.95,35,-39,109,161,266,51,-6,-3,24,66,332
OLLI,Ollie's Bargain Outlet,129.55,42,30,108,14,194,47,11,56,21,135,329
CHD,Church & Dwight,96.03,-49,0,-9,342,284,10,17,-7,23,43,327
UNM,Unum,79.41,10,30,178,38,256,22,-6,3,52,71,327
WMT,Walmart,98.0,13,44,120,99,276,25,-4,3,27,51,327
MSI,Motorola Solutions,418.39,6,1,0,151,158,8,-5,-20,183,166,324
COR,Cencora,294.13,0,107,37,69,213,-10,7,48,65,110,323
YUM,Yum! Brands,142.76,5,-22,21,257,261,9,-18,15,55,61,322
MCK,McKesson Corporation,721.11,0,103,35,56,194,-12,43,31,65,127,321
FWONK,Liberty Formula 1 (Series C),104.9,33,33,63,55,184,40,40,3,54,137,321
CAH,Cardinal Health,164.21,56,52,48,36,192,-11,43,41,55,128,320
HUBB,Hubbell Incorporated,403.14,11,28,0,180,219,2,46,-18,69,99,318
LOPE,Grand Canyon Education,189.18,14,41,140,33,228,40,-10,27,32,89,317
LYV,Live Nation Entertainment,147.77,34,31,87,145,297,-2,5,2,14,19,316
DUK,Duke Energy,116.96,13,0,69,181,263,15,7,15,14,51,314
FWONA,Liberty Formula 1 (Series A),94.74,28,32,62,60,182,34,41,2,54,131,313
BR,Broadridge Financial Solutions,241.77,4,29,107,143,283,6,-2,3,23,30,313
INTU,Intuit,758.62,-1,43,10,189,241,7,43,3,18,71,312
RBC,RBC Bearings,388.19,10,34,86,56,186,19,43,7,55,124,310
ORCL,Oracle Corporation,215.21,11,29,4,196,240,2,36,3,25,66,306
MU,Micron Technology,127.87,112,29,2,20,163,107,35,3,-3,142,305
AXS,AXIS Capital,102.95,0,44,79,43,166,14,-2,75,51,138,304
MTSI,MACOM Technology Solutions,139.87,109,30,9,56,204,28,42,1,27,98,302
WMB,Williams Companies,61.12,21,29,105,50,205,17,21,3,55,96,301
VIRT,Virtu Financial,42.94,43,44,69,12,168,51,4,64,12,131,299
MKL,Markel,1991.45,42,29,61,53,185,44,43,1,24,112,297
AAPL,Apple Inc.,200.29,0,0,-3,249,246,19,-19,-18,69,51,297
MA,Mastercard,557.63,-49,1,119,153,224,2,43,3,24,72,296
TDG,TransDigm Group,1474.58,20,43,12,155,230,12,-4,3,55,66,296
RS,"Reliance, Inc.",308.75,9,40,4,113,166,7,45,3,75,130,296
CDNS,Cadence Design Systems,296.79,-31,42,10,139,160,-45,-2,3,178,134,294
VRSK,Verisk Analytics,309.85,0,39,61,112,212,6,-2,52,26,82,294
JBL,Jabil,211.92,42,33,12,63,150,41,43,4,55,143,293
ADI,Analog Devices,235.0,11,30,4,177,222,7,36,3,24,70,292
DTE,DTE Energy,133.26,0,2,67,187,256,14,-11,20,11,34,290
RCL,Royal Caribbean Group,280.4,11,30,114,26,181,34,43,3,25,105,286
V,Visa Inc.,351.67,-49,2,130,131,214,2,43,3,24,72,286
KLAC,KLA Corporation,889.53,0,30,7,175,212,2,45,3,24,74,286
TKO,TKO Group Holdings,176.85,42,40,64,38,184,40,7,3,48,98,282
AZO,AutoZone,3578.72,-3,-1,87,84,167,22,-11,47,55,113,280
NI,NiSource,40.52,14,27,67,43,151,16,19,82,12,129,280
PAG,Penske Automotive Group,177.59,42,31,8,60,141,34,45,3,55,137,278
CME,CME Group,271.4,15,4,47,134,200,23,-7,43,17,76,276
BYD,Boyd Gaming,78.0,42,30,41,57,170,34,43,3,25,105,275
NWS,News Corp (Class B),33.6,28,33,105,56,222,40,-10,3,19,52,274
MS,Morgan Stanley,135.91,28,30,69,62,189,27,41,3,14,85,274
EMR,Emerson Electric,130.75,105,30,9,62,206,2,36,3,24,65,271
STE,Steris,239.6,0,33,7,193,233,2,-2,15,23,38,271
HOOD,Robinhood Markets,81.99,43,32,74,0,149,59,43,3,16,121,270
ROP,Roper Technologies,571.02,3,3,22,180,208,13,-12,37,24,62,270
T,AT&T,28.28,9,27,63,14,113,14,43,87,13,157,270
ETN,Eaton Corporation,343.3,10,30,1,112,153,2,43,1,70,116,269
EHC,Encompass Health,120.94,10,44,136,27,217,9,-3,17,27,50,267
RBA,RB Global,105.64,-20,41,97,25,143,2,-2,102,20,122,265
PANW,Palo Alto Networks,201.62,42,30,10,79,161,5,41,3,55,104,265
RJF,Raymond James Financial,150.88,42,29,85,56,212,47,1,-13,17,52,264
AN,AutoNation,201.08,22,32,10,59,123,34,45,3,55,137,260
VST,Vistra Corp.,186.15,48,29,12,28,117,56,42,1,43,142,259
RTX,RTX Corporation,141.82,-6,29,70,52,145,-10,35,77,12,114,259
HIG,Hartford (The),126.6,0,44,87,55,186,14,-10,14,54,72,258
DRI,Darden Restaurants,220.65,-1,49,37,59,144,1,43,41,28,113,257
LIN,Linde plc,463.26,-41,28,6,108,101,5,43,3,104,155,256
VRSN,Verisign,284.91,15,141,29,7,192,5,9,45,5,64,256
AVGO,Broadcom,263.65,11,33,12,114,170,10,45,3,28,86,256
EXE,Expand Energy,122.5,43,50,34,0,127,49,35,34,8,126,253
L,Loews Corporation,89.98,17,30,105,53,205,21,2,3,22,48,253
ARES,Ares Management,169.82,4,30,10,57,101,2,43,3,104,152,253
EME,Emcor,500.65,43,30,10,56,139,12,45,1,55,113,252
TT,Trane Technologies,429.15,9,38,9,162,218,8,-4,3,27,34,252
TPR,"Tapestry, Inc.",87.25,42,30,73,19,164,34,36,1,17,88,252
RRC,Range Resources,41.93,70,30,27,40,167,-5,31,3,53,82,249
MDLZ,Mondelez International,68.41,21,3,2,180,206,21,17,12,-7,43,249
COF,Capital One,206.34,11,36,87,19,153,32,43,3,16,94,247
ATO,Atmos Energy,156.48,15,2,67,43,127,21,-23,78,43,119,246
ALL,Allstate,196.07,-29,0,90,157,218,14,-6,4,15,27,245
USFD,US Foods,76.71,5,33,136,33,207,14,-3,3,24,38,245
NVDA,Nvidia,147.83,11,29,7,132,179,2,37,3,24,66,245
HON,Honeywell,224.57,0,30,9,176,215,8,-1,3,20,30,245
SPGI,S&P Global,523.11,11,30,9,170,220,15,-11,1,19,24,244
DASH,DoorDash,236.18,44,29,90,0,163,19,42,3,16,80,243
LLY,Lilly (Eli),778.78,-23,-5,0,170,142,-5,9,3,94,101,243
AON,AON,360.69,5,0,1,175,181,21,-6,-8,54,61,242
MPWR,Monolithic Power Systems,717.24,7,30,-19,155,173,2,40,3,24,69,242
DE,Deere & Company,514.08,-13,32,42,107,168,-15,43,38,8,74,242
GGG,Graco Inc.,85.54,9,30,1,176,216,9,-14,3,27,25,241
MCD,McDonald's,291.49,-92,-11,45,240,182,2,-14,15,55,58,240
FDS,FactSet,437.69,14,0,-4,192,202,26,-12,2,21,37,239
BKNG,Booking Holdings,5482.21,5,42,129,33,209,5,-2,3,24,30,239
AME,Ametek,179.24,3,30,1,104,138,2,-5,3,99,99,237
TRV,Travelers Companies (The),266.23,0,44,84,56,184,-12,-6,17,54,53,237
SYK,Stryker Corporation,386.53,6,30,10,157,203,15,-10,1,27,33,236
LRCX,Lam Research,95.65,7,30,2,150,189,8,37,3,-3,45,234
KMI,Kinder Morgan,28.56,21,28,85,42,176,17,1,-12,50,56,232
WCC,Wesco International,185.12,28,29,0,56,113,20,43,1,55,119,232
LMT,Lockheed Martin,460.22,-7,8,-22,163,142,-2,19,3,70,90,232
ACM,AECOM,112.3,0,36,9,63,108,7,43,3,70,123,231
APH,Amphenol,95.79,15,43,12,63,133,24,45,3,25,97,230
ITT,ITT Inc.,155.03,10,36,9,97,152,8,43,3,24,78,230
EPR,EPR Properties,58.13,28,32,50,27,137,26,43,3,19,91,228
DTM,DT Midstream,107.41,8,36,96,0,140,18,43,3,23,87,227
MCO,Moody's Corporation,489.09,6,30,9,154,199,7,-3,1,23,28,227
OMF,OneMain Financial,55.18,28,30,10,58,126,33,41,3,24,101,227
CB,Chubb Limited,286.78,0,0,94,56,150,13,-6,15,54,76,226
PEG,Public Service Enterprise Group,83.12,29,9,0,150,188,26,16,-20,15,37,225
MO,Altria,59.91,16,27,63,43,149,25,18,19,14,76,225
PAYX,Paychex,152.23,-71,36,77,165,207,2,-3,6,12,17,224
CSCO,Cisco,67.89,37,30,41,12,120,41,36,3,23,103,223
RLI,RLI Corp.,73.15,0,-14,-4,173,155,12,-7,-22,85,68,223
BK,BNY Mellon,91.22,8,32,87,38,165,2,36,3,17,58,223
AAON,AAON,73.3,-5,-10,-6,243,222,2,-12,-18,29,1,223
EBAY,eBay,74.34,-19,39,70,12,102,-12,43,75,14,120,222
CACI,CACI,452.58,0,13,0,152,165,-9,4,7,55,57,222
MSA,MSA Safety,168.8,10,32,-28,162,176,2,43,3,-3,45,221
CW,Curtiss-Wright,475.93,11,38,12,52,113,12,45,3,47,107,220
AXP,American Express,308.38,11,30,10,97,148,8,43,1,19,71,219
EVR,Evercore,265.81,27,29,0,56,112,38,43,1,24,106,218
FIX,Comfort Systems USA,513.71,10,33,10,62,115,2,45,3,53,103,218
SCI,Service Corporation International,79.61,9,13,0,173,195,19,13,-20,11,23,218
SHW,Sherwin-Williams,345.71,0,0,0,188,188,15,-5,3,17,30,218
SRE,Sempra,76.08,13,6,-8,179,190,22,-7,1,12,28,218
CAT,Caterpillar Inc.,373.05,11,29,1,62,103,23,36,1,55,115,218
EQH,Equitable Holdings,54.02,10,30,85,9,134,26,36,3,17,82,216
SGI,Somnigroup International,67.22,11,30,34,62,137,9,43,3,24,79,216
UNP,Union Pacific Corporation,227.95,9,1,-6,196,200,11,-1,-12,17,15,215
APG,APi Group,50.72,42,37,11,0,90,54,43,3,24,124,214
AMD,Advanced Micro Devices,138.49,42,29,-35,108,144,35,36,3,-5,69,213
FYBR,Frontier Communications,36.35,14,1,82,0,97,34,-17,87,12,116,213
KR,Kroger,73.39,21,3,72,65,161,21,-26,43,13,51,212
FTNT,Fortinet,104.42,10,29,47,111,197,5,-4,3,11,15,212
UGI,UGI Corporation,36.49,15,44,35,2,96,26,43,42,3,114,210
OGE,OGE Energy,44.73,14,2,61,43,120,19,-2,61,12,90,210
BEN,Franklin Templeton Investments,23.23,85,33,1,0,119,65,43,3,-20,91,210
IBKR,Interactive Brokers,51.61,0,30,82,55,167,-12,-3,3,55,43,210
NEU,NewMarket,685.93,14,52,12,27,105,20,44,15,25,104,209
TTWO,Take-Two Interactive,242.97,42,50,38,11,141,5,7,38,18,68,209
FFIV,"F5, Inc.",295.9,11,29,87,12,139,7,43,3,15,68,207
ALNY,Alnylam Pharmaceuticals,324.59,55,29,10,13,107,47,37,3,13,100,207
WFC,Wells Fargo,78.11,21,30,85,27,163,28,-5,3,17,43,206
ARMK,Aramark,40.83,11,34,8,38,91,19,38,3,54,114,205
HCA,HCA Healthcare,379.03,30,44,7,95,176,-2,-6,9,27,28,204
PPL,PPL Corporation,34.21,14,-7,69,21,97,16,-2,81,12,107,204
IRM,Iron Mountain,105.25,11,35,0,55,101,2,43,3,54,102,203
ETR,Entergy,82.96,8,2,66,20,96,14,-2,82,12,106,202
NTRA,Natera,171.88,44,21,85,16,166,-4,19,3,17,35,201
EQT,EQT Corporation,60.34,49,36,34,40,159,-1,1,34,8,42,201
MP,MP Materials,34.92,119,13,25,0,157,-7,10,38,2,43,200
WAB,Wabtec,205.85,7,32,12,47,98,2,43,3,54,102,200
FAST,Fastenal,41.51,-32,52,42,104,166,-43,44,9,24,34,200
MTG,MGIC Investment Corporation,28.1,31,43,12,53,139,23,9,3,26,61,200
WWD,"Woodward, Inc.",242.67,42,39,12,33,126,5,41,3,24,73,199
ABT,Abbott Laboratories,138.07,5,27,49,11,92,9,45,41,12,107,199
LNG,Cheniere Energy,239.94,6,36,53,56,151,-10,1,3,54,48,199
PLNT,Planet Fitness,107.99,28,26,56,11,121,25,37,3,12,77,198
DGX,Quest Diagnostics,179.9,0,44,61,16,121,-7,10,61,12,76,197
TSCO,Tractor Supply Company,53.51,28,2,0,83,113,21,6,-26,83,84,197
STAG,STAG Industrial,36.81,9,30,2,94,135,24,36,3,-2,61,196
BPOP,"Popular, Inc.",108.06,14,37,10,57,118,15,43,3,17,78,196
SLM,Sallie Mae,32.13,7,37,83,20,147,2,-9,37,19,49,196
PTC,PTC Inc.,169.94,1,29,-19,180,191,2,-2,-20,24,4,195
WSO,Watsco,431.22,0,-25,-6,194,163,6,-23,-21,69,31,194
SEIC,SEI Investments Company,86.16,9,36,85,33,163,7,-3,3,24,31,194
TMUS,T-Mobile US,229.79,0,-31,87,137,193,10,-41,-1,33,1,194
CSL,Carlisle Companies,372.15,6,0,-4,176,178,9,-15,3,18,15,193
CINF,Cincinnati Financial,146.73,0,36,78,60,174,8,-5,3,13,19,193
AIG,American International Group,85.47,10,27,21,51,109,19,30,16,19,84,193
ITW,Illinois Tool Works,245.75,3,1,-6,176,174,5,-7,-7,27,18,192
LPLA,LPL Financial,354.12,-13,31,38,97,153,-17,-2,3,55,39,192
FICO,Fair Isaac,1924.88,21,0,0,164,185,15,-16,-21,29,7,192
EVRG,Evergy,68.79,13,11,51,12,87,16,11,70,8,105,192
PG,Procter & Gamble,160.34,0,-7,0,177,170,10,-5,-7,24,22,192
MTZ,MasTec,169.51,44,36,12,16,108,26,43,3,11,83,191
SCHW,Charles Schwab Corporation,89.33,9,43,70,9,131,2,43,3,12,60,191
VICI,Vici Properties,32.83,14,11,51,13,89,19,11,16,55,101,190
RL,Ralph Lauren Corporation,273.64,11,32,87,32,162,5,-5,3,24,27,189
PFGC,Performance Food Group,86.77,0,33,46,41,120,12,-1,3,55,69,189
KO,Coca-Cola Company (The),70.19,-46,0,21,180,155,6,-1,16,12,33,188
JCI,Johnson Controls,103.6,0,38,68,17,123,2,43,3,16,64,187
CTRA,Coterra,26.8,112,8,4,42,166,-7,22,-5,11,21,187
AIZ,Assurant,198.06,-6,3,0,150,147,2,34,-13,17,40,187
AMP,Ameriprise Financial,521.44,11,29,2,62,104,12,1,1,69,83,187
PH,Parker Hannifin,675.28,7,31,10,63,111,2,43,3,28,76,187
BRK-B,Berkshire Hathaway,493.54,7,-15,117,60,169,2,-27,18,24,17,186
URI,United Rentals,740.76,11,30,0,62,103,26,1,1,55,83,186
ATI,ATI Inc.,84.14,0,37,9,41,87,2,43,3,50,98,185
BJ,BJ's Wholesale Club,114.12,15,2,71,8,96,13,-13,33,56,89,185
SF,Stifel,100.66,28,20,0,57,105,40,35,-13,18,80,185
AWI,Armstrong World Industries,158.4,11,37,87,19,154,20,-10,3,17,30,184
J,Jacobs Solutions,129.53,7,28,0,104,139,2,43,-17,17,45,184
FERG,Ferguson Enterprises,219.25,10,32,4,63,109,6,43,3,23,75,184
CVNA,Carvana,322.81,10,42,85,9,146,23,-3,3,14,37,183
REG,Regency Centers,71.65,14,28,61,51,154,24,-15,3,17,29,183
NWSA,News Corp (Class A),29.26,28,30,2,56,116,40,3,3,19,65,181
GD,General Dynamics,281.12,0,52,0,52,104,12,7,3,55,77,181
LAMR,Lamar Advertising,121.63,9,20,0,62,91,26,43,1,19,89,180
NTRS,Northern Trust,118.18,42,30,9,9,90,40,36,3,11,90,180
SYF,Synchrony Financial,64.75,28,30,10,19,87,33,43,1,16,93,180
DLTR,Dollar Tree,98.72,91,47,0,-13,125,11,46,18,-20,55,180
KNSL,Kinsale Capital Group,478.31,21,15,9,31,76,16,24,-20,83,103,179
GRMN,Garmin,205.08,5,3,105,17,130,8,31,-10,19,48,178
WDC,Western Digital,62.08,42,30,5,16,93,40,41,3,1,85,178
EXEL,Exelixis,45.68,14,29,57,12,112,2,-6,48,22,66,178
BSY,Bentley Systems,52.57,48,33,2,0,83,51,45,3,-4,95,178
GWRE,Guidewire Software,237.46,-21,43,103,19,144,-31,43,3,18,33,177
CBRE,CBRE Group,139.2,14,14,85,20,133,21,10,1,12,44,177
HD,Home Depot (The),360.38,5,1,-5,178,179,13,-15,-17,17,-2,177
RPM,RPM International,110.24,0,1,-12,178,167,2,-1,-20,28,9,176
AMAT,Applied Materials,180.19,7,30,-23,147,161,7,10,1,-3,15,176
C,Citigroup,81.14,28,30,12,16,86,34,40,3,12,89,175
PPC,Pilgrim's Pride,46.62,7,-14,79,19,91,7,-35,96,16,84,175
SNX,TD Synnex,136.88,11,30,8,61,110,8,36,1,19,64,174
THG,Hanover Insurance,168.87,0,28,54,22,104,13,-2,46,12,69,173
VMI,Valmont Industries,325.58,2,20,55,56,133,2,40,-10,8,40,173
KIM,Kimco Realty,21.25,11,29,0,53,93,24,43,1,12,80,173
SNDK,SanDisk,47.35,90,6,0,0,96,47,30,0,0,77,173
WTFC,Wintrust Financial,122.86,11,30,2,47,90,22,43,1,17,83,173
BALL,Ball Corporation,56.98,103,30,-28,-9,96,34,42,3,-3,76,172
BAC,Bank of America,46.67,28,30,10,16,84,36,37,3,12,88,172
CELH,Celsius Holdings,45.39,7,69,0,63,139,2,25,11,-7,31,170
CLH,Clean Harbors,232.63,11,37,0,56,104,19,-11,3,55,66,170
TRMB,Trimble Inc.,73.72,11,30,72,2,115,8,35,1,10,54,169
LITE,Lumentum,91.82,43,28,7,1,79,59,36,-14,8,89,168
PCAR,Paccar,94.0,4,0,-15,157,146,2,-6,-7,32,21,167
KEX,Kirby Corporation,113.5,11,30,0,33,74,7,43,3,40,93,167
STT,State Street Corporation,103.13,27,32,10,14,83,33,37,2,12,84,167
RGLD,Royal Gold,178.13,0,8,54,16,78,-4,17,61,14,88,166
GLPI,Gaming and Leisure Properties,47.33,9,2,2,63,76,24,10,-1,55,88,164
DELL,Dell Technologies,120.6,38,30,-18,30,80,40,43,3,-2,84,164
NET,Cloudflare,186.56,36,30,32,0,98,5,40,3,17,65,163
MRVL,Marvell Technology,75.19,42,4,-14,104,136,-12,35,-14,16,25,161
KD,Kyndryl,40.88,6,32,102,0,140,5,-3,1,18,21,161
HLT,Hilton Worldwide,255.92,10,30,9,62,111,31,-7,1,24,49,160
COIN,Coinbase,344.5,29,29,2,0,60,39,43,2,16,100,160
EWBC,East West Bancorp,99.0,26,30,2,20,78,22,41,2,17,82,160
CCK,Crown Holdings,104.4,42,40,10,3,95,39,12,3,10,64,159
JNPR,Juniper Networks,36.55,21,25,0,52,98,40,2,1,18,61,159
ODFL,Old Dominion Freight Line,161.93,0,-4,-19,185,162,5,-14,-24,30,-3,159
BWXT,BWX Technologies,142.31,3,28,6,33,70,12,45,3,29,89,159
PRI,Primerica,268.56,11,2,0,106,119,22,-11,1,28,40,159
THC,Tenet Healthcare,171.52,37,39,7,55,138,2,-4,1,22,21,159
AFL,Aflac,104.18,28,-1,1,56,84,47,-26,-1,53,73,157
NEM,Newmont,58.1,56,54,12,3,125,-4,16,12,8,32,157
LH,Labcorp,262.54,5,36,48,13,102,2,36,1,16,55,157
SCCO,Southern Copper,96.91,6,29,-14,60,81,5,42,3,25,75,156
CTVA,Corteva,73.31,0,43,46,0,89,12,43,3,9,67,156
GOOG,Alphabet (Class C),167.71,-22,19,0,174,171,-22,-1,-12,19,-16,155
GOOGL,Alphabet (Class A),166.76,-22,19,0,174,171,-22,-1,-12,19,-16,155
BRX,Brixmor Property Group,26.07,27,12,0,53,92,27,9,3,24,63,155
CRWD,CrowdStrike,485.39,3,43,38,0,84,5,45,3,18,71,155
NSC,Norfolk Southern,257.44,28,29,4,2,63,34,43,3,12,92,155
WEC,WEC Energy Group,105.35,9,2,48,11,70,16,-2,61,9,84,154
WING,Wingstop,364.08,0,36,4,36,76,12,36,1,29,78,154
RMD,Resmed,255.92,21,36,10,11,78,21,42,2,11,76,154
SNPS,Synopsys,478.99,-34,17,-20,178,141,5,9,1,-3,12,153
TXN,Texas Instruments,205.84,15,30,2,20,67,34,34,3,14,85,152
TW,Tradeweb,141.45,23,8,102,0,133,6,-12,3,21,18,151
GE,GE Aerospace,248.83,10,41,12,25,88,14,-1,23,27,63,151
HLI,Houlihan Lokey,179.81,14,32,10,42,98,24,1,3,24,52,150
ADC,Agree Realty,74.94,30,4,56,14,104,6,12,16,11,45,149
MET,Metlife,79.66,10,29,2,56,97,34,1,1,16,52,149
OZK,Bank OZK,46.41,11,30,10,54,105,19,6,1,17,43,148
SLGN,Silgan Holdings,54.65,9,36,12,78,135,10,-11,3,11,13,148
SSNC,SS&C Technologies,81.41,9,6,83,12,110,2,31,-8,13,38,148
KKR,KKR & Co. Inc.,127.74,7,19,0,101,127,2,12,-13,19,20,147
DINO,HF Sinclair,41.07,90,32,0,0,122,-9,37,3,-6,25,147
AR,Antero Resources,42.34,63,30,34,8,135,-6,7,3,8,12,147
PNR,Pentair,101.22,10,30,2,60,102,20,1,1,22,44,146
CNA,CNA Financial,46.08,2,-14,87,55,130,14,-15,-2,18,15,145
CMG,Chipotle Mexican Grill,54.66,21,14,-17,78,96,34,7,-19,27,49,145
EQIX,Equinix,906.4,6,30,1,32,69,6,43,3,24,76,145
CWEN-A,Clearway Energy (Class A),30.24,9,28,51,4,92,-10,39,15,8,52,144
STWD,Starwood Property Trust,20.27,9,30,11,56,106,2,14,3,19,38,144
RF,Regions Financial Corporation,22.9,22,29,0,20,71,24,36,1,12,73,144
AMGN,Amgen,277.48,-28,0,-1,163,134,-35,18,-7,34,10,144
AEP,American Electric Power,103.27,14,0,66,21,101,16,-1,16,12,43,144
CI,Cigna,316.87,15,-15,2,56,58,19,-1,13,55,86,144
FOXA,Fox Corporation (Class A),55.9,27,29,61,0,117,24,-4,-6,12,26,143
LOW,Lowe's,220.0,5,-7,-13,164,149,12,-15,-20,17,-6,143
CNM,Core & Main,59.4,10,32,12,0,54,21,43,3,22,89,143
SKX,Skechers,62.75,14,28,-17,53,78,18,35,-13,24,64,142
AEE,Ameren,96.37,9,0,49,11,69,16,-5,54,8,73,142
HBAN,Huntington Bancshares,16.25,9,30,2,19,60,24,41,3,14,82,142
MMM,3M,149.89,10,30,67,12,119,14,-7,3,12,22,141
SOFI,SoFi,15.85,28,22,39,0,89,29,13,1,9,52,141
MTB,M&T Bank,190.12,21,30,0,20,71,21,36,1,12,70,141
DLR,Digital Realty,177.65,11,36,8,20,75,2,43,3,17,65,140
SSD,Simpson Manufacturing Company,159.35,8,2,-19,154,145,11,-18,-22,24,-5,140
BLK,BlackRock,1004.77,8,29,10,20,67,7,43,3,19,72,139
CWEN,Clearway Energy (Class C),32.04,7,28,51,2,88,-11,39,15,8,51,139
SNV,Synovus,50.34,17,30,0,19,66,24,36,1,12,73,139
META,Meta Platforms,712.16,10,30,10,27,77,5,35,1,21,62,139
ZS,Zscaler,308.48,14,43,10,3,70,5,45,3,16,69,139
LLYVA,Liberty Live (Series A),78.05,34,43,21,0,98,34,4,3,0,41,139
DKNG,DraftKings,42.81,84,6,2,0,92,34,6,-11,18,47,139
LLYVK,Liberty Live (Series C),79.51,37,36,22,0,95,34,6,3,0,43,138
ADSK,Autodesk,304.2,20,33,47,12,112,5,1,3,17,26,138
VEEV,Veeva Systems,281.59,0,33,38,6,77,6,36,3,16,61,138
FNB,FNB Corporation,14.39,10,30,-6,53,87,21,10,2,17,50,137
INGR,Ingredion,137.54,-5,36,5,32,68,12,-1,3,54,68,136
VRTX,Vertex Pharmaceuticals,450.28,3,-34,1,102,72,4,9,16,35,64,136
FOX,Fox Corporation (Class B),51.32,27,29,60,0,116,24,-5,-7,7,19,135
AGO,Assured Guaranty,86.93,29,4,2,54,89,21,2,3,20,46,135
GEV,GE Vernova,511.06,42,42,0,0,84,2,45,4,0,51,135
WPC,W. P. Carey,64.4,18,27,22,1,68,26,19,19,3,67,135
CAR,Avis Budget Group,171.82,42,46,2,-18,72,35,56,6,-35,62,134
VRT,Vertiv,122.3,42,29,2,6,79,2,43,-14,24,55,134
CPNG,Coupang,28.94,7,36,10,0,53,19,43,3,15,80,133
MSM,MSC Industrial Direct,82.24,2,30,0,56,88,2,45,3,-7,43,131
POST,Post Holdings,110.73,-6,-1,0,85,78,-11,10,-1,55,53,131
H,Hyatt Hotels,135.97,7,13,-16,53,57,5,36,-20,53,74,131
ECL,Ecolab,266.83,5,28,9,20,62,10,38,3,17,68,130
ANET,Arista Networks,94.96,3,15,0,56,74,5,11,-14,54,56,130
BX,Blackstone Inc.,144.03,7,1,-6,140,142,2,-16,-17,19,-12,130
KEY,Keycorp,16.75,21,30,0,2,53,28,36,1,11,76,129
CPRT,Copart,48.63,0,-21,-6,174,147,-12,-17,-16,26,-19,128
GWW,W. W. Grainger,1040.98,-49,30,0,92,73,2,-5,3,55,55,128
LECO,Lincoln Electric,206.26,10,29,0,63,102,8,36,-13,-5,26,128
TOST,"Toast, Inc.",44.67,9,31,70,0,110,5,-5,3,15,18,128
MLM,Martin Marietta Materials,552.49,9,39,-3,58,103,7,-10,3,25,25,128
CNP,Centerpoint Energy,36.56,6,0,42,43,91,12,-24,36,13,37,128
ACGL,Arch Capital Group,90.97,0,0,0,60,60,21,-6,3,49,67,127
GLW,Corning Inc.,51.42,14,29,12,15,70,8,36,1,12,57,127
DOX,Amdocs,92.62,-23,39,10,56,82,2,37,3,3,45,127
IDA,Idacorp,115.56,12,2,49,16,79,22,-2,19,8,47,126
ROIV,Roivant Sciences,11.52,28,40,0,0,68,24,9,3,22,58,126
AVT,Avnet,52.32,11,30,0,43,84,7,7,3,25,42,126
R,Ryder,156.79,11,15,3,54,83,2,1,-15,54,42,125
FTI,TechnipFMC,34.01,0,30,10,25,65,-12,34,3,35,60,125
DOV,Dover Corporation,180.01,6,19,0,104,129,2,-12,-12,17,-5,124
ISRG,Intuitive Surgical,522.85,0,0,87,20,107,2,-11,1,24,16,123
GTES,Gates Corporation,22.85,11,30,10,13,64,2,38,3,16,59,123
WBS,Webster Bank,53.69,8,30,0,12,50,19,38,1,15,73,123
TXRH,Texas Roadhouse,188.78,0,31,2,62,95,1,-5,3,29,28,123
PR,Permian Resources,14.01,-7,29,-1,24,45,-5,32,3,47,77,122
FHN,First Horizon Corporation,20.38,11,30,45,2,88,24,1,1,8,34,122
QGEN,Qiagen,47.22,5,27,5,1,38,2,68,3,11,84,122
XYL,Xylem Inc.,127.18,5,30,1,20,56,2,40,3,20,65,121
MSTR,MicroStrategy,376.75,0,1,92,17,110,5,-15,3,18,11,121
NNN,NNN Reit,43.0,18,28,1,20,67,26,12,3,12,53,120
RGA,Reinsurance Group of America,197.53,0,30,0,38,68,8,-8,1,51,52,120
DCI,Donaldson Company,69.36,0,30,0,63,93,2,-6,3,28,27,120
DDS,Dillard's,407.88,2,12,7,52,73,6,-2,-10,53,47,120
HAS,Hasbro,72.58,15,30,7,1,53,14,41,3,9,67,120
PSTG,Pure Storage,54.71,8,29,0,40,77,7,-5,-14,55,43,120
MCHP,Microchip Technology,70.42,21,30,0,1,52,33,36,3,-5,67,119
CIEN,Ciena,79.4,13,30,2,10,55,51,-5,1,14,61,116
ADT,ADT Inc.,8.39,9,50,24,0,83,14,-5,18,6,33,116
ALLE,Allegion,143.57,15,42,2,19,78,24,-12,3,20,35,113
EA,Electronic Arts,157.97,53,6,1,5,65,14,5,9,19,47,112
LHX,L3Harris,246.82,-7,52,5,3,53,-5,45,5,12,57,110
CCL,Carnival Corporation & plc,25.69,11,29,10,0,50,5,37,1,17,60,110
XEL,Xcel Energy,68.25,9,-14,44,10,49,16,-14,52,7,61,110
AMH,American Homes 4 Rent,36.69,14,2,1,66,83,25,-14,3,13,27,110
MAR,Marriott International,268.79,10,30,2,56,98,5,-7,-12,25,11,109
EGP,EastGroup Properties,173.72,11,27,2,6,46,21,42,3,-3,63,109
NTAP,Netapp,106.15,11,15,-18,55,63,5,43,-23,20,45,108
SNOW,Snowflake Inc.,223.14,24,33,8,0,65,5,43,3,-8,43,108
CR,Crane Co.,184.16,9,37,9,0,55,8,39,3,3,53,108
PNW,Pinnacle West Capital,90.16,9,-7,61,16,79,15,-26,15,24,28,107
CFG,Citizens Financial Group,42.93,24,18,1,2,45,28,35,-13,12,62,107
PNC,PNC Financial Services,181.98,21,20,0,12,53,24,35,-17,12,54,107
TXT,Textron,78.76,7,30,-28,51,60,7,40,3,-3,47,107
JEF,Jefferies Financial Group,55.35,10,6,-13,56,59,2,6,-16,55,47,106
OHI,Omega Healthcare Investors,37.11,14,5,0,38,57,27,-3,-4,29,49,106
TDY,Teledyne Technologies,494.54,0,29,45,12,86,6,-2,3,13,20,106
APO,Apollo Global Management,139.9,7,12,0,95,114,2,-18,-16,24,-8,106
ARW,Arrow Electronics,126.6,17,37,1,2,57,8,43,3,-6,48,105
FCNCA,First Citizens BancShares,1908.48,20,12,0,57,89,26,-15,-14,19,16,105
AYI,Acuity Brands,284.43,28,6,0,25,59,7,35,-14,18,46,105
IDXX,Idexx Laboratories,530.56,5,37,7,2,51,13,43,3,-6,53,104
ALGM,Allegro MicroSystems,32.55,42,29,4,0,75,11,30,1,-14,28,103
FCX,Freeport-McMoRan,42.01,6,30,-30,56,62,5,36,3,-4,40,102
BEPC,Brookfield Renewable Partners,32.68,7,31,3,0,41,8,42,3,8,61,102
FITB,Fifth Third Bancorp,40.59,21,6,0,20,47,26,35,-20,14,55,102
LNT,Alliant Energy,61.16,13,0,61,12,86,15,-14,3,11,15,101
AMT,American Tower,223.93,21,8,9,4,42,24,13,13,9,59,101
CRUS,Cirrus Logic,106.72,28,30,-16,17,59,34,6,3,-1,42,101
DT,Dynatrace,55.75,37,28,7,0,72,-14,36,-11,18,29,101
CHE,Chemed Corporation,557.32,4,-23,-4,183,160,-41,-11,-2,-6,-60,100
XOM,ExxonMobil,108.38,-5,9,0,42,46,-5,8,2,48,53,99
RKT,Rocket Companies,14.95,28,4,0,0,32,21,26,2,18,67,99
MPC,Marathon Petroleum,165.31,-3,32,0,47,76,-10,36,3,-6,23,99
CUBE,CubeSmart,43.12,0,36,-16,20,40,3,41,3,12,59,99
AFG,American Financial Group,126.22,12,2,0,54,68,14,2,3,12,31,99
LAD,Lithia Motors,338.92,21,11,0,12,44,14,36,-15,19,54,98
O,Realty Income,57.97,14,26,3,5,48,23,12,3,11,49,97
XPO,"XPO, Inc.",125.95,11,12,0,59,82,2,4,-16,25,15,97
NYT,New York Times Company,54.76,6,41,8,14,69,10,-5,3,19,27,96
EXPE,Expedia Group,169.21,0,3,42,9,54,5,36,-11,12,42,96
PODD,Insulet,310.54,6,31,38,2,77,13,-6,7,4,18,95
NVT,Nvent Electric,72.34,11,30,1,10,52,2,43,1,-3,43,95
AMG,Affiliated Managers Group,186.86,7,36,4,20,67,2,7,3,15,27,94
MANH,Manhattan Associates,194.68,10,24,-22,63,75,8,6,-20,25,19,94
ROK,Rockwell Automation,326.1,9,33,8,13,63,2,35,3,-9,31,94
PRU,Prudential Financial,106.32,10,20,-6,53,77,8,12,-20,17,17,94
CXT,Crane NXT,54.21,-13,20,-18,53,42,-22,33,-14,54,51,93
VLO,Valero Energy,135.84,0,30,0,42,72,-10,32,2,-3,21,93
AL,Air Lease Corporation,57.08,0,36,10,20,66,2,-2,3,24,27,93
ATR,AptarGroup,153.98,11,36,0,18,65,12,-10,3,23,28,93
EOG,EOG Resources,120.78,0,9,0,43,52,-4,10,-14,49,41,93
CEG,Constellation Energy,320.53,27,30,9,0,66,12,-6,3,17,26,92
EXPD,Expeditors International,114.17,0,2,-13,129,118,2,3,-30,-1,-26,92
LDOS,Leidos,152.22,15,42,-6,21,72,12,-15,6,17,20,92
RITM,Rithm Capital,11.32,7,30,10,30,77,2,-14,3,24,15,92
TOL,Toll Brothers,113.36,11,14,-16,59,68,14,7,-22,24,23,91
HPE,Hewlett Packard Enterprise,18.16,7,26,-17,40,56,2,-5,-14,52,35,91
MUSA,Murphy USA,415.44,14,-32,-6,66,42,25,-32,-22,77,48,90
USB,U.S. Bancorp,44.53,7,30,0,2,39,19,36,-17,13,51,90
WTM,White Mountains Insurance Group,1775.57,0,0,0,57,57,5,-13,-13,54,33,90
UBER,Uber,91.62,7,42,11,0,60,7,-12,9,24,28,88
VMC,Vulcan Materials,264.36,6,2,0,58,66,6,-12,3,25,22,88
GILD,Gilead Sciences,107.18,-35,24,44,33,66,-41,25,1,37,22,88
AWK,American Water Works,142.18,14,0,19,4,37,22,7,15,6,50,87
IR,Ingersoll Rand,83.7,7,29,-14,21,43,2,36,-21,27,44,87
CG,Carlyle Group (The),49.14,9,21,1,19,50,2,32,-13,16,37,87
ESI,Element Solutions,22.29,11,2,-13,55,55,33,2,-22,18,31,86
TNL,Travel + Leisure Co.,50.36,9,20,2,14,45,2,36,-10,12,40,85
GL,Globe Life,122.96,11,2,38,12,63,24,-6,-2,6,22,85
EXR,Extra Space Storage,148.54,0,27,-6,0,21,6,43,3,11,63,84
BROS,Dutch Bros. Coffee,70.42,5,22,46,0,73,5,-4,1,9,11,84
AS,Amer Sports,37.68,6,30,0,0,36,10,35,3,0,48,84
NOC,Northrop Grumman,483.7,-7,0,0,56,49,-2,17,10,10,35,84
APPF,AppFolio,232.77,11,15,0,26,52,12,7,-13,26,32,84
PNFP,Pinnacle Financial Partners,108.5,11,30,0,13,54,24,-11,1,16,30,84
MASI,Masimo,170.3,10,3,39,-4,48,19,16,-8,8,35,83
DG,Dollar General,113.32,6,71,0,-15,62,11,19,15,-24,21,83
PSX,Phillips 66,119.45,-3,29,-1,39,64,-11,31,2,-3,19,83
RNR,RenaissanceRe,244.32,0,27,-1,33,59,2,-6,1,26,23,82
CMI,Cummins,323.83,6,2,0,63,71,2,-5,-14,28,11,82
VTR,"Ventas, Inc.",63.37,3,-19,65,20,69,10,-26,16,13,13,82
DDOG,Datadog,130.8,40,20,-16,0,44,7,37,-19,13,38,82
RPRX,Royalty Pharma,36.13,16,33,25,0,74,12,12,19,-36,7,81
PEGA,Pegasystems,51.61,7,42,12,3,64,5,-2,1,13,17,81
HIW,Highwoods Properties,31.34,-5,36,4,4,39,-15,43,3,11,42,81
FOUR,Shift4,97.09,11,10,1,0,22,7,39,-10,22,58,80
CMS,CMS Energy,69.71,0,-22,69,21,68,13,-28,15,12,12,80
PHM,PulteGroup,105.48,10,3,-16,63,60,13,7,-27,27,20,80
SFD,Smithfield Foods,23.59,4,25,0,0,29,7,43,0,0,50,79
ZION,Zions Bancorporation,50.09,11,12,0,2,25,22,35,-16,13,54,79
FE,FirstEnergy,40.5,9,0,1,53,63,16,-15,3,12,16,79
MRP,Millrose Properties,28.64,30,19,0,0,49,33,-3,0,0,30,79
DHI,D. R. Horton,129.6,13,3,-21,63,58,14,7,-28,28,21,79
ULTA,Ulta Beauty,464.24,-2,40,5,2,45,-7,43,5,-7,34,79
ESS,Essex Property Trust,286.03,8,12,0,12,32,21,10,3,12,46,78
FHB,"First Hawaiian, Inc.",24.46,9,2,0,12,23,16,40,-13,12,55,78
FIS,Fidelity National Information Services,82.15,8,45,0,-35,18,5,43,2,9,59,77
VNT,Vontier,36.85,9,30,0,0,39,2,37,1,-3,37,76
COHR,Coherent Corp.,80.97,0,29,0,13,42,2,36,-17,13,34,76
AFRM,Affirm Holdings,65.68,11,12,5,0,28,28,13,-10,15,46,74
IONS,Ionis Pharmaceuticals,39.64,28,33,-42,-9,10,30,39,3,-8,64,74
GXO,GXO Logistics,48.0,21,30,-30,0,21,21,36,2,-6,53,74
NBIX,Neurocrine Biosciences,128.22,28,21,-21,23,51,-2,40,-13,-2,23,74
DOCS,Doximity,58.64,10,0,47,0,57,5,11,-10,10,16,73
VOYA,Voya Financial,69.02,10,30,-16,2,26,13,4,1,29,47,73
LII,Lennox International,569.43,15,1,0,36,52,26,-14,-16,25,21,73
WYNN,Wynn Resorts,90.98,42,32,1,0,75,14,-13,3,-6,-2,73
CARR,Carrier Global,72.48,8,37,1,0,46,12,-12,3,24,27,73
LBRDA,Liberty Broadband (Series A),95.08,10,41,40,-34,57,19,-13,3,6,15,72
LFUS,Littelfuse,223.7,11,30,-18,0,23,19,35,1,-6,49,72
TRGP,Targa Resources,167.79,-12,0,0,49,37,-11,7,-13,52,35,72
COKE,Coca-Cola Consolidated,109.35,5,-37,0,83,51,16,-37,-8,50,21,72
BWA,BorgWarner,33.42,5,32,0,0,37,5,39,3,-14,33,70
PFG,Principal Financial Group,77.94,10,1,-6,53,58,21,-12,-13,16,12,70
LBRDK,Liberty Broadband (Series C),96.02,9,41,40,-34,56,19,-14,3,6,14,70
PARAA,Paramount Global (Class A),22.84,14,6,32,0,52,10,3,1,4,18,70
AZEK,Azek,51.82,-32,48,14,0,30,5,10,6,18,39,69
KMPR,Kemper Corporation,65.13,28,20,0,2,50,19,1,-13,12,19,69
OSK,Oshkosh Corporation,110.54,0,29,4,2,35,2,34,1,-3,34,69
UI,Ubiquiti,398.24,2,2,45,8,57,8,-8,3,8,11,68
NVR,"NVR, Inc.",7280.57,9,2,-16,63,58,12,-5,-25,27,9,67
MDU,MDU Resources,16.5,9,0,0,38,47,8,-18,3,27,20,67
AGNC,AGNC Investment,9.31,3,15,4,14,36,2,13,1,15,31,67
SYY,Sysco,75.88,14,17,1,1,33,13,30,-21,12,34,67
SUI,Sun Communities,128.1,18,21,2,-22,19,25,11,3,9,48,67
UTHR,United Therapeutics,289.96,0,-10,-3,55,42,-5,-5,-22,57,25,67
TWLO,Twilio,121.61,9,22,40,-32,39,33,-4,-11,9,27,66
SAIC,SAIC,104.95,0,-16,-30,65,19,1,-16,7,55,47,66
SPG,Simon Property Group,160.09,7,1,0,33,41,2,3,1,19,25,66
CRH,CRH plc,91.57,2,0,0,62,64,2,-16,-10,25,1,65
EFX,Equifax,261.82,0,42,0,14,56,5,-15,3,16,9,65
ED,Consolidated Edison,100.18,-39,-14,21,45,13,-5,-2,15,43,51,64
NCLH,Norwegian Cruise Line Holdings,19.39,7,1,-13,0,-5,33,31,-13,18,69,64
NTNX,Nutanix,74.24,0,1,24,20,45,5,-11,3,22,19,64
F,Ford Motor Company,10.73,15,44,0,-15,44,14,6,3,-3,20,64
EXC,Exelon,43.1,9,-19,48,12,50,15,-29,19,8,13,63
CFR,Frost Bank,126.5,8,30,1,2,41,19,-6,1,8,22,63
WHR,Whirlpool Corporation,95.13,105,7,-17,-24,71,10,29,-13,-34,-8,63
NOW,ServiceNow,996.0,-65,31,1,80,47,2,-7,1,20,16,63
CMA,Comerica,58.22,9,4,0,2,15,19,35,-17,10,47,62
FR,First Industrial Realty Trust,50.51,11,4,0,12,27,19,3,1,12,35,62
SMCI,Supermicro,42.83,0,6,-1,56,61,-12,29,-9,-7,1,62
CUZ,Cousins Properties,30.24,0,20,4,9,33,2,13,3,11,29,62
HR,Healthcare Realty Trust,15.51,81,0,0,-37,44,28,4,-22,7,17,61
HRB,H&R Block,54.92,-7,-11,0,50,32,-5,-23,7,50,29,61
TFC,Truist Financial,41.47,21,4,0,2,27,24,12,-16,12,32,59
AMED,Amedisys,97.69,3,47,5,-38,17,6,10,18,8,42,59
PKG,Packaging Corporation of America,189.42,0,1,-6,59,54,2,-2,-19,24,5,59
LEN-B,Lennar (Class B),106.38,6,0,-21,60,45,8,7,-28,27,14,59
ABBV,AbbVie,185.53,-34,0,9,56,31,-37,9,-6,62,28,59
MSGS,Madison Square Garden Sports,207.72,22,4,0,19,45,22,-15,-19,25,13,58
BFAM,Bright Horizons,123.54,0,28,7,6,41,5,-9,8,13,17,58
JLL,Jones Lang LaSalle,251.01,14,4,0,12,30,19,9,-13,12,27,57
RYAN,Ryan Specialty,69.17,14,0,2,0,16,26,-6,-2,23,41,57
LPX,Louisiana-Pacific,88.16,0,0,-3,61,58,2,-10,-17,24,-1,57
AMTM,Amentum,22.31,-1,42,0,0,41,5,7,3,0,15,56
INVH,Invitation Homes,33.82,14,5,2,5,26,2,2,14,12,30,56
VZ,Verizon,42.64,0,-6,23,8,25,9,-6,16,12,31,56
PSA,Public Storage,295.6,0,31,-4,13,40,7,-6,3,11,15,55
QCOM,Qualcomm,155.7,0,15,-18,20,17,2,38,1,-3,38,55
VVV,Valvoline,37.42,35,15,-19,29,60,7,31,-41,-2,-5,55
CF,CF Industries,94.66,-11,29,8,2,28,-23,41,3,6,27,55
ANSS,Ansys,338.37,-33,30,10,9,16,5,9,3,21,38,54
APP,AppLovin,349.75,-68,20,98,0,50,2,-4,-10,16,4,54
HES,Hess Corporation,138.63,-6,0,0,53,47,-5,15,-4,1,7,54
FIVE,Five Below,124.33,-1,32,0,-14,17,5,41,4,-13,37,54
ALLY,Ally Financial,37.97,10,20,1,2,33,7,14,-14,14,21,54
TYL,Tyler Technologies,588.63,5,2,0,15,22,7,29,-21,16,31,53
NXST,Nexstar Media Group,176.23,21,29,2,2,54,21,-5,-25,8,-1,53
NLY,Annaly Capital Management,19.36,7,12,11,8,38,2,-2,1,14,15,53
GEN,Gen Digital,29.38,-23,33,8,14,32,-31,35,3,14,21,53
DKS,Dick's Sporting Goods,178.27,0,-27,-6,61,28,5,2,-14,31,24,52
HII,Huntington Ingalls Industries,231.65,0,69,0,4,73,-5,-18,9,-7,-21,52
TTEK,Tetra Tech,35.74,1,28,-22,3,10,7,43,-25,17,42,52
STLD,Steel Dynamics,128.21,-23,0,-2,53,28,-30,-5,3,55,23,51
AMZN,Amazon,212.77,-21,20,10,19,28,-18,35,-12,18,23,51
LAZ,Lazard,46.74,14,13,0,18,45,14,1,-21,11,5,50
FAF,First American Financial Corporation,60.62,15,0,0,12,27,15,4,-12,16,23,50
MEDP,Medpace,315.38,17,4,-20,30,31,19,14,-12,-2,19,50
CSGP,CoStar Group,81.01,3,12,0,12,27,6,7,16,-7,22,49
LNW,Light & Wonder,85.8,0,-4,-14,55,37,2,-5,-8,23,12,49
HST,Host Hotels & Resorts,15.67,0,30,-25,2,7,2,43,1,-4,42,49
PARA,Paramount Global (Class B),12.2,26,31,0,-37,20,30,37,5,-43,29,49
SBAC,SBA Communications,236.62,25,3,9,-18,19,14,2,10,3,29,48
DIS,Walt Disney Company (The),118.68,6,30,8,-39,5,5,34,3,1,43,48
ACI,Albertsons,21.69,21,3,18,0,42,13,-20,20,-7,6,48
TSLA,"Tesla, Inc.",340.48,14,12,0,8,34,21,2,-17,8,14,48
BLDR,Builders FirstSource,118.83,15,0,-21,63,57,14,2,-25,-1,-10,47
UNH,UnitedHealth Group,305.65,-20,-46,-11,-2,-79,-37,4,-24,182,125,46
CVX,Chevron Corporation,143.6,-6,0,-1,46,39,-5,13,-5,4,7,46
LYFT,Lyft,15.85,7,31,1,0,39,7,-6,3,2,6,45
SARO,StandardAero,30.13,-27,30,0,0,3,2,37,3,0,42,45
APD,Air Products,281.0,1,1,0,14,16,2,31,-12,8,29,45
MORN,"Morningstar, Inc.",309.92,5,30,-13,26,48,2,-2,-19,16,-3,45
AVB,AvalonBay Communities,206.09,-1,11,0,14,24,-5,10,2,13,20,44
SN,SharkNinja,94.43,28,6,0,0,34,33,-12,-11,0,10,44
EXP,Eagle Materials,206.01,10,-19,-8,55,38,19,-16,-22,25,6,44
KEYS,Keysight,164.66,7,30,9,0,46,5,-12,1,3,-3,43
GRAL,"Grail, Inc.",43.99,0,10,0,0,10,-12,43,1,0,32,42
INFA,Informatica,24.2,15,21,-35,0,1,2,43,1,-5,41,42
CSX,CSX Corporation,32.49,0,29,-29,2,2,8,33,3,-4,40,42
ZBRA,Zebra Technologies,298.94,11,16,-14,-5,8,2,35,-14,11,34,42
PINS,Pinterest,35.74,7,15,0,0,22,2,31,-12,-3,18,40
XP,XP Inc.,19.41,-28,44,5,0,21,-26,42,9,-6,19,40
MSCI,MSCI,575.57,7,28,0,12,47,3,-12,-16,18,-7,40
ELF,e.l.f. Beauty,121.86,-7,22,-43,29,1,5,36,1,-3,39,40
VNO,Vornado Realty Trust,38.46,-14,20,0,2,8,-18,36,1,13,32,40
ST,Sensata Technologies,29.02,22,30,-35,-13,4,34,34,1,-33,36,40
SPR,Spirit AeroSystems,36.99,-56,44,11,0,-1,7,-1,23,12,41,40
OLED,Universal Display Corporation,155.61,0,30,-30,0,0,2,37,3,-3,39,39
DPZ,Domino's,460.41,6,0,0,8,14,5,-16,20,16,25,39
WSM,"Williams-Sonoma, Inc.",157.85,1,-3,0,63,61,-13,-18,-10,19,-22,39
DAR,Darling Ingredients,38.62,76,7,0,-18,65,-5,6,1,-28,-26,39
ECG,Everus Construction Group,61.98,11,28,0,0,39,8,2,-10,0,0,39
JKHY,Jack Henry & Associates,181.05,11,27,9,2,49,6,-6,-20,9,-11,38
BKR,Baker Hughes,37.94,-13,0,0,33,20,-23,29,-12,24,18,38
CCI,Crown Castle,103.18,21,3,1,-26,-1,21,2,13,3,39,38
FNF,Fidelity National Financial,56.02,11,-32,0,56,35,14,-27,-4,19,2,37
ZG,Zillow (Class A),68.62,0,3,47,-39,11,7,12,-11,18,26,37
NU,Nubank,13.43,9,1,1,0,11,5,1,3,17,26,37
W,Wayfair,50.72,42,30,0,-39,33,2,36,3,-38,3,36
SNA,Snap-on,308.45,-49,-7,0,57,1,2,-10,-12,55,35,36
JHG,Janus Henderson,37.58,8,15,0,17,40,2,-11,-12,16,-5,35
OC,Owens Corning,138.0,2,1,-17,56,42,8,-21,-21,27,-7,35
MAS,Masco,63.78,3,0,-13,63,53,5,-17,-25,19,-18,35
D,Dominion Energy,55.98,11,28,7,-32,14,14,-5,3,8,20,34
VLTO,Veralto,100.3,7,30,0,0,37,2,-7,2,0,-3,34
BXP,"BXP, Inc.",70.34,-20,28,-1,0,7,-31,43,3,11,26,33
BLD,TopBuild,326.51,21,4,-22,44,47,19,7,-39,-1,-14,33
Z,Zillow (Class C),70.18,0,3,4,0,7,7,12,-11,18,26,33
TRU,TransUnion,89.84,9,19,0,1,29,5,-15,1,12,3,32
GAP,Gap Inc.,21.55,0,-2,-5,16,9,15,-13,4,17,23,32
ROKU,"Roku, Inc.",83.7,7,11,3,-17,4,2,35,-11,2,28,32
LEN,Lennar (Class A),111.72,6,0,-23,62,45,9,7,-28,-1,-13,32
LVS,Las Vegas Sands,42.62,11,30,-15,-4,22,5,36,-19,-12,10,32
SOLV,Solventum,74.93,4,3,0,0,7,2,31,-9,0,24,31
DBX,Dropbox,28.83,7,8,12,7,34,6,-17,1,6,-4,30
ELAN,Elanco,13.52,-35,33,0,-5,-7,2,35,2,-4,35,28
KBR,"KBR, Inc.",47.81,-24,-3,-23,62,12,-36,-3,-1,55,15,27
PYPL,PayPal,73.58,7,20,-3,-37,-13,14,36,-17,7,40,27
OTIS,Otis Worldwide,97.41,7,0,1,0,8,5,-3,-7,24,19,27
TFSL,Third Federal S&L,12.95,0,4,1,3,8,14,-15,3,17,19,27
MKC,McCormick & Company,74.71,3,-1,0,-2,0,15,10,-7,8,26,26
PLD,Prologis,108.14,6,20,-16,0,10,12,4,3,-3,16,26
TPG,TPG Inc.,52.11,8,13,-6,0,15,7,4,-17,17,11,26
TKR,Timken Company,73.68,7,15,-17,2,7,2,34,-14,-3,19,26
IVZ,Invesco,15.29,11,6,-13,0,4,21,2,-13,11,21,25
GDDY,GoDaddy,179.49,6,0,0,20,26,5,-14,-12,20,-1,25
UHS,Universal Health Services,175.18,0,-7,-4,20,9,2,-11,1,24,16,25
DAL,Delta Air Lines,49.56,7,2,-6,17,20,2,-7,-14,24,5,25
GNRC,Generac,136.07,14,14,-13,-32,-17,21,32,-21,8,40,23
ALAB,Astera Labs,87.28,-15,28,0,0,13,-12,37,-15,0,10,23
OWL,Blue Owl Capital,19.09,6,9,0,0,15,2,1,-14,19,8,23
FLS,Flowserve,47.8,0,1,-4,25,22,2,-11,-14,23,0,22
DXCM,Dexcom,87.57,5,34,0,-12,27,2,-3,3,-7,-5,22
LUV,Southwest Airlines,31.85,0,29,8,-37,0,5,32,-17,2,22,22
GM,General Motors,48.98,5,12,0,9,26,2,4,-21,11,-4,22
HSIC,Schein (Henry),72.68,11,6,0,0,17,21,-6,-12,1,4,21
TER,Teradyne,90.4,23,1,-22,-4,-2,11,31,-16,-3,23,21
ILMN,"Illumina, Inc.",91.51,86,10,-21,-38,37,7,36,-21,-38,-16,21
FSLR,First Solar,151.15,0,-3,-32,60,25,2,-5,3,-4,-4,21
QRVO,Qorvo,81.54,9,30,-36,-29,-26,11,38,1,-3,47,21
PEN,"Penumbra, Inc.",255.66,-15,-19,25,9,0,2,-22,39,1,20,20
OKE,Oneok,80.56,-33,-2,-6,52,11,-5,-18,-18,49,8,19
FDX,FedEx,229.31,11,2,-19,30,24,15,3,-21,-2,-5,19
AOS,A. O. Smith,64.94,6,0,-35,56,27,7,-16,3,-3,-9,18
CNH,CNH Industrial,12.87,2,31,12,0,45,2,-11,3,-21,-27,18
LSCC,Lattice Semiconductor,51.17,28,1,-13,-3,13,26,2,-10,-13,5,18
CBSH,Commerce Bancshares,61.5,0,0,0,2,2,14,-12,3,11,16,18
WTW,Willis Towers Watson,302.37,2,-42,1,22,-17,21,-6,-8,27,34,17
CART,Maplebear Inc.,44.95,7,6,16,0,29,2,-4,-10,0,-12,17
BOKF,BOK Financial Corporation,95.62,8,0,-5,20,23,15,-15,-19,12,-7,16
UDR,"UDR, Inc.",40.98,-1,-1,0,0,-2,-5,9,3,11,18,16
MKSI,MKS Instruments,97.82,7,15,-20,-11,-9,7,35,-14,-3,25,16
CRM,Salesforce,271.24,7,0,-6,20,21,7,-17,-14,19,-5,16
FI,Fiserv,172.65,14,-56,-7,33,-16,14,1,-8,25,32,16
GPC,Genuine Parts Company,121.17,0,28,-6,0,22,10,-5,3,-15,-7,15
PB,Prosperity Bancshares,69.32,7,0,-5,12,14,21,-15,-17,12,1,15
APTV,Aptiv,68.44,0,30,0,-22,8,2,36,3,-34,7,15
RRX,Regal Rexnord,145.14,7,30,-21,1,17,2,6,-22,11,-3,14
THO,Thor Industries,87.67,7,14,-19,0,2,2,36,-22,-4,12,14
WAT,Waters Corporation,346.81,4,0,0,12,16,10,-11,-13,12,-2,14
DECK,Deckers Brands,102.22,-49,-9,-17,91,16,2,-21,-13,29,-3,13
SEB,Seaboard Corporation,2895.44,28,4,0,-21,11,20,16,-7,-27,2,13
CACC,Credit Acceptance,509.45,8,6,0,1,15,2,7,-8,-3,-2,13
ES,Eversource Energy,63.83,-41,33,8,-8,-8,8,36,3,-26,21,13
UAL,United Airlines Holdings,79.0,0,3,0,9,12,2,-2,-13,14,1,13
SNDR,Schneider National,24.25,0,10,-16,0,-6,2,29,-20,8,19,13
DNB,Dun & Bradstreet,9.08,31,9,-19,0,21,34,13,-21,-35,-9,12
IP,International Paper,46.64,0,0,0,14,14,2,-5,-13,14,-2,12
SBUX,Starbucks,91.51,-6,0,3,1,-2,-12,29,-8,5,14,12
K,Kellanova,78.55,-112,-10,62,19,-41,-25,-7,74,11,53,12
WAL,Western Alliance Bancorporation,75.91,9,3,0,2,14,19,-17,-20,16,-2,12
CFLT,"Confluent, Inc.",23.99,0,0,-9,0,-9,5,24,-11,2,20,11
AAP,Advance Auto Parts,48.26,-7,22,0,-26,-11,22,29,3,-32,22,11
SMG,Scotts Miracle-Gro Company,63.9,2,26,-15,-37,-24,19,29,-25,11,34,10
WTRG,Essential Utilities,37.86,9,-9,1,0,1,16,-25,15,3,9,10
WMS,Advanced Drainage Systems,118.11,10,14,-33,1,-8,9,6,3,-1,17,9
RIVN,Rivian,13.81,0,32,0,0,32,5,-13,4,-19,-23,9
MOS,Mosaic Company (The),35.54,0,50,9,-14,45,-13,-3,8,-28,-36,9
PATH,UiPath,12.5,0,20,-4,0,16,5,-8,3,-8,-8,8
GPK,Graphic Packaging,21.58,0,-74,-12,56,-30,5,-11,-25,69,38,8
MIDD,Middleby,143.18,0,1,7,0,8,2,-5,-9,11,-1,7
EIX,Edison International,51.41,7,-13,-25,0,-31,26,-14,-22,48,38,7
A,Agilent Technologies,117.65,0,4,-16,0,-12,2,33,-13,-3,19,7
CHH,Choice Hotels,126.11,0,0,-6,13,7,2,-5,-10,12,-1,6
LNC,Lincoln Financial,33.16,7,1,11,-4,15,2,-18,1,6,-9,6
DAY,Dayforce,57.75,-1,15,-13,-10,-9,5,24,-17,3,15,6
PPG,PPG Industries,113.87,10,30,-39,-6,-5,21,-7,3,-6,11,6
FTV,Fortive,70.67,0,1,-14,31,18,2,-2,-10,-3,-13,5
VNOM,Viper Energy,38.57,-23,-2,-2,42,15,-40,6,-21,45,-10,5
KDP,Keurig Dr Pepper,33.55,11,-16,1,0,-4,-10,-2,11,10,9,5
CPAY,Corpay,329.71,-37,1,0,19,-17,2,-4,1,23,22,5
PCOR,Procore,68.31,7,1,0,0,8,5,-16,-10,17,-4,4
NVST,Envista,18.93,8,15,-16,0,7,7,36,-16,-30,-3,4
CVS,CVS Health,67.59,7,3,3,-15,-2,5,9,18,-26,6,4
CHDN,Churchill Downs Incorporated,100.1,3,0,-24,0,-21,5,17,-25,28,25,4
FRT,Federal Realty Investment Trust,96.26,0,12,-16,2,-2,5,11,-22,12,6,4
INGM,Ingram Micro,20.11,7,15,0,0,22,5,-12,-11,0,-18,4
HAYW,Hayward Holdings,13.94,3,1,-6,0,-2,5,-15,1,14,5,3
IRDM,Iridium Communications,28.94,11,12,-14,-17,-8,10,34,-16,-17,11,3
BHF,Brighthouse Financial,53.87,-2,0,11,9,18,-12,-12,3,6,-15,3
NDSN,Nordson,213.48,-32,29,-29,0,-32,2,35,3,-5,35,3
BAH,Booz Allen Hamilton,100.09,-22,-19,-23,99,35,-29,-15,-25,36,-33,2
MAT,Mattel,19.45,9,29,7,0,45,2,-5,-11,-29,-43,2
MTD,Mettler Toledo,1185.79,2,15,-16,0,1,2,35,-34,-3,0,1
EEFT,Euronet Worldwide,102.0,-49,0,0,-1,-50,2,35,3,11,51,1
TTD,Trade Desk (The),71.84,7,13,-20,2,2,7,-6,-20,18,-1,1
EG,Everest Group,340.84,10,-11,-29,53,23,21,-11,-30,-3,-23,0
CHTR,Charter Communications,403.19,9,3,11,-34,-11,19,-15,3,4,11,0
ADM,Archer Daniels Midland,52.96,0,31,-1,-9,21,-14,7,3,-18,-22,-1
VTRS,Viatris,8.94,6,4,-18,-5,-13,9,8,-22,17,12,-1
AGCO,AGCO,102.11,2,32,0,0,34,-17,-11,4,-11,-35,-1
EW,Edwards Lifesciences,75.84,6,4,0,-12,-2,15,-5,23,-33,0,-2
OKTA,"Okta, Inc.",98.53,-1,-11,17,-22,-17,2,-15,22,4,13,-4
HRL,Hormel Foods,30.39,0,20,-3,-21,-4,16,9,3,-28,0,-4
VAC,Marriott Vacations Worldwide,72.0,29,5,-18,-15,1,34,1,-18,-23,-6,-5
XYZ,"Block, Inc.",65.33,7,8,-17,-34,-36,10,27,-18,11,30,-6
NCNO,nCino,26.71,-28,15,-19,0,-32,2,32,-21,13,26,-6
HXL,Hexcel,54.75,-1,2,-22,0,-21,5,31,-14,-7,15,-6
CCCS,CCC Intelligent Solutions,9.33,35,4,-21,0,18,-9,7,-20,-4,-26,-8
NEE,NextEra Energy,71.4,-19,17,0,0,-2,-33,12,3,11,-7,-9
MDT,Medtronic,86.06,-27,0,4,-4,-27,2,11,-7,11,17,-10
ALK,Alaska Air Group,49.55,0,0,-3,0,-3,5,-9,-10,7,-7,-10
HUBS,HubSpot,557.73,0,-9,-3,9,-3,4,-17,-11,17,-7,-10
LOAR,Loar Holdings,83.64,0,0,0,0,0,2,-20,7,0,-11,-11
ELS,Equity Lifestyle Properties,63.53,17,0,-14,0,3,26,-14,-25,-1,-14,-11
BBWI,"Bath & Body Works, Inc.",28.71,34,-17,-18,-13,-14,34,-18,-9,-4,3,-11
WEX,WEX Inc.,144.54,7,12,-36,-3,-20,11,30,-27,-6,8,-12
U,Unity Technologies,24.04,0,19,0,0,19,2,-3,3,-33,-31,-12
GEHC,GE HealthCare,71.96,-1,0,-13,0,-14,2,4,-11,6,1,-13
HSY,Hershey Company (The),172.0,21,0,-38,-2,-19,19,11,-7,-17,6,-13
BA,Boeing,200.86,-56,43,1,0,-12,7,-2,3,-9,-1,-13
JNJ,Johnson & Johnson,152.19,-35,0,1,0,-34,5,18,-7,4,20,-14
CL,Colgate-Palmolive,88.17,-41,-7,-4,21,-31,2,-2,-7,24,17,-14
TROW,T. Rowe Price,95.1,9,15,-16,-23,-15,19,-11,-18,11,1,-14
SW,Smurfit Westrock,43.53,7,1,0,0,8,2,-8,-16,0,-22,-14
EQR,Equity Residential,67.53,-13,0,0,11,-2,-5,-21,3,11,-12,-14
ON,ON Semiconductor,54.19,7,15,-30,0,-8,7,36,-36,-13,-6,-14
INCY,Incyte,69.01,-23,16,0,-29,-36,2,38,-24,5,21,-15
DOCU,DocuSign,75.67,0,-10,-4,-10,-24,2,-4,1,9,8,-16
DD,DuPont,68.22,0,1,-14,17,4,2,6,-28,-1,-21,-17
CHRW,C.H. Robinson,94.27,0,0,0,0,0,2,-5,-20,6,-17,-17
AXTA,Axalta,30.0,0,-17,-9,20,-6,7,-20,-22,24,-11,-17
BC,Brunswick Corporation,56.45,0,14,-31,-5,-22,2,30,-22,-7,3,-19
MTDR,Matador Resources,48.53,-5,10,-22,0,-17,-13,30,-15,-4,-2,-19
NUE,Nucor,128.2,37,7,-48,1,-3,7,8,-25,-6,-16,-19
WEN,Wendy's Company (The),12.39,21,0,-30,-6,-15,31,2,-25,-13,-5,-20
AVY,Avery Dennison,179.21,9,29,-28,2,12,12,-5,-36,-3,-32,-20
AVTR,Avantor,13.45,1,0,-22,0,-21,21,16,-33,-3,1,-20
COLB,Columbia Banking System,23.07,0,0,-3,-7,-10,15,-15,-19,8,-11,-21
SWKS,Skyworks Solutions,73.44,7,28,-36,-28,-29,11,38,-39,-3,7,-22
PCTY,Paylocity,182.62,0,-8,0,-1,-9,6,-10,-12,3,-13,-22
WST,West Pharmaceutical Services,222.75,0,13,-20,-5,-12,2,13,-20,-6,-11,-23
KRC,Kilroy Realty,34.77,-8,20,-13,-38,-39,2,23,-19,9,15,-24
PENN,Penn Entertainment,17.5,30,1,-16,-32,-17,34,11,-11,-42,-8,-25
CNXC,Concentrix,54.1,-31,1,0,0,-30,2,33,1,-31,5,-25
ROST,Ross Stores,128.32,-66,-7,-6,33,-46,5,-15,4,27,21,-25
GTM,ZoomInfo,10.05,7,3,-16,0,-6,2,34,-21,-35,-20,-26
RVTY,Revvity,96.42,10,0,-13,-22,-25,10,6,-18,1,-1,-26
ZM,Zoom Communications,76.44,-3,0,0,0,-3,-15,-13,3,2,-23,-26
WY,Weyerhaeuser,26.67,0,0,-16,0,-16,10,12,-28,-6,-12,-28
DVA,DaVita,140.99,7,-49,0,18,-24,7,-15,-13,17,-4,-28
ALSN,Allison Transmission,93.42,-77,0,0,33,-44,5,-7,-14,32,16,-28
WBA,Walgreens Boots Alliance,11.35,0,30,0,-75,-45,4,45,1,-33,17,-28
FBIN,Fortune Brands Innovations,52.41,6,0,-19,-3,-16,13,-19,-25,18,-13,-29
ESAB,ESAB,118.39,-38,0,1,0,-37,2,-12,3,15,8,-29
AKAM,Akamai Technologies,80.11,9,2,-19,-5,-13,5,5,-19,-8,-17,-30
ESTC,Elastic NV,83.92,7,-4,-6,-4,-7,5,-15,-11,-2,-23,-30
JBHT,J. B. Hunt,143.43,8,1,-24,0,-15,10,2,-21,-8,-17,-32
GTLB,GitLab,42.84,0,-9,-14,0,-23,5,-17,-13,16,-9,-32
SJM,J.M. Smucker Company (The),97.2,0,-10,-5,-2,-17,19,-10,-3,-21,-15,-32
TEAM,Atlassian,200.68,0,-9,-3,-4,-16,5,-19,-11,9,-16,-32
FND,Floor & Decor,76.66,10,-5,-28,-4,-27,19,2,-22,-4,-5,-32
AMCR,Amcor,9.2,1,0,-13,0,-12,2,-3,-28,9,-20,-32
MAA,Mid-America Apartment Communities,149.15,-1,-16,0,0,-17,-5,-23,3,9,-16,-33
FANG,Diamondback Energy,139.31,-14,12,-22,45,21,-26,15,-41,-3,-55,-34
WBD,Warner Bros. Discovery,10.88,11,10,5,-40,-14,5,30,-13,-43,-21,-35
CTSH,Cognizant,77.6,-33,2,9,12,-10,-25,-6,-11,16,-26,-36
PCG,PG&E Corporation,14.18,0,-14,-23,0,-37,1,-16,-22,38,1,-36
DUOL,Duolingo,422.53,-79,0,46,0,-33,-21,-10,7,21,-3,-36
ABNB,Airbnb,132.15,-35,15,-3,0,-23,2,-2,-11,-3,-14,-37
AMKR,Amkor Technology,20.96,7,15,-33,0,-11,7,11,-41,-3,-26,-37
KNX,Knight-Swift,44.3,0,2,-18,0,-16,10,-8,-14,-11,-23,-39
EL,Estée Lauder Companies (The),77.03,42,20,-113,-24,-75,34,33,1,-33,35,-40
BG,Bunge Global,83.61,0,8,-37,0,-29,-15,4,3,-3,-11,-40
SITE,SiteOne Landscape Supply,121.78,0,2,-19,-7,-24,5,7,-22,-6,-16,-40
TPL,Texas Pacific Land Corporation,1058.05,-42,-17,-2,56,-5,-33,-17,3,11,-36,-41
ACN,Accenture,300.72,-41,-3,-16,12,-48,5,-5,-12,17,5,-43
TSN,Tyson Foods,55.52,7,-35,-4,-26,-58,13,-4,-4,9,14,-44
MTCH,Match Group,31.56,7,14,-19,-35,-33,29,22,-26,-36,-11,-44
PSN,Parsons Corporation,68.19,-24,15,-20,0,-29,-39,14,-23,33,-15,-44
LEA,Lear Corporation,92.44,0,30,-61,-15,-46,2,10,2,-13,1,-45
SEG,Seaport Entertainment Group,19.02,-37,-1,0,0,-38,2,12,-21,0,-7,-45
AA,Alcoa,28.79,0,2,-14,-18,-30,5,30,-20,-30,-15,-45
OGN,Organon & Co.,9.96,0,0,-22,0,-22,2,11,-35,-2,-24,-46
HPQ,HP Inc.,24.54,0,-7,-18,0,-25,2,-15,-22,14,-21,-46
CPT,Camden Property Trust,115.52,-39,20,0,0,-19,-49,10,3,9,-27,-46
SHC,Sotera Health,11.23,0,-7,-20,0,-27,-4,-14,3,-4,-19,-46
S,SentinelOne,17.8,0,-7,-18,0,-25,5,-18,-21,12,-22,-47
BILL,Bill.com,45.25,11,1,-17,0,-5,23,-18,-13,-35,-43,-48
HOLX,Hologic,64.82,2,18,-28,0,-8,-32,25,-28,-5,-40,-48
MDB,MongoDB Inc.,209.32,0,1,-19,-7,-25,5,-2,-20,-7,-24,-49
MTN,Vail Resorts,157.92,38,20,-26,-21,11,2,-10,-20,-34,-62,-51
POOL,Pool Corporation,300.76,6,-9,-16,-4,-23,15,-15,-22,-7,-29,-52
CMCSA,Comcast,35.22,3,2,-28,-7,-30,2,7,-25,-6,-22,-52
CE,Celanese,56.02,0,15,-36,-8,-29,5,32,-54,-7,-24,-53
OVV,Ovintiv,38.67,-10,12,-30,0,-28,-19,15,-17,-4,-25,-53
YETI,Yeti Holdings,30.91,0,0,-28,-4,-32,7,-1,-19,-8,-21,-53
IQV,IQVIA,158.54,6,0,-33,-4,-31,5,11,-35,-4,-23,-54
PK,Park Hotels & Resorts,10.38,7,1,-19,-5,-16,5,-19,-21,-3,-38,-54
FMC,FMC Corporation,42.62,0,19,-33,-22,-36,12,23,-29,-24,-18,-54
TGT,Target Corporation,97.53,0,0,-24,-9,-33,5,10,-32,-4,-21,-54
PFE,Pfizer,24.31,3,11,-26,-21,-33,2,36,-34,-26,-22,-55
REXR,Rexford Industrial,37.16,10,15,-39,-16,-30,8,30,-34,-30,-26,-56
VKTX,Viking Therapeutics,26.93,0,1,-33,19,-13,1,-15,-26,-4,-44,-57
BBY,Best Buy,68.86,-35,1,-17,-4,-55,2,9,-28,14,-3,-58
CDW,CDW,179.83,7,30,-35,2,4,8,-9,-56,-6,-63,-59
MOH,Molina Healthcare,294.51,2,-22,-6,0,-26,-9,-16,-2,-6,-33,-59
MRK,Merck & Co.,80.35,2,0,-40,-2,-40,17,10,-44,-4,-21,-61
CAVA,Cava Group,74.25,-2,-19,-7,0,-28,5,-18,-21,0,-34,-62
HHH,Howard Hughes Holdings,68.41,-14,-3,-6,-4,-27,-29,3,-21,12,-35,-62
DV,DoubleVerify,14.84,0,3,-63,0,-60,5,12,-11,-8,-2,-62
KVUE,Kenvue,21.19,-34,-14,0,0,-48,-13,-15,12,1,-15,-63
DHR,Danaher Corporation,197.5,-31,12,-22,0,-41,2,11,-33,-2,-22,-63
UA,Under Armour (Class C),6.51,18,22,-21,-35,-16,13,-1,-25,-35,-48,-64
IT,Gartner,400.3,-133,-7,-14,56,-98,1,-10,-12,55,34,-64
DLB,Dolby Laboratories,74.16,-35,-5,-3,0,-43,2,-16,-13,6,-21,-64
GME,GameStop,23.3,0,-8,-3,-28,-39,-14,-10,4,-5,-25,-64
LSTR,Landstar,139.23,0,0,-28,0,-28,5,-2,-35,-5,-37,-65
G,Genpact,42.2,-28,-35,1,0,-62,2,-6,-8,8,-4,-66
AZTA,Azenta,30.13,1,0,-46,-29,-74,2,24,-12,-7,7,-67
BIO,Bio-Rad Laboratories,237.77,28,-23,-20,-26,-41,32,1,-25,-35,-27,-68
CZR,Caesars Entertainment,29.62,23,3,-19,-23,-16,28,-17,-28,-35,-52,-68
GFS,GlobalFoundries,39.08,7,8,-75,0,-60,11,6,-10,-15,-8,-68
ETSY,Etsy,53.39,-49,20,-1,-28,-58,-9,30,3,-35,-11,-69
RH,RH,184.02,-23,-4,-17,-5,-49,-14,3,-16,7,-20,-69
IPG,Interpublic Group of Companies (The),24.72,15,0,-36,0,-21,21,-21,-33,-15,-48,-69
ENTG,Entegris,81.71,7,0,-37,-4,-34,2,6,-42,-3,-37,-71
UHAL,U-Haul,61.33,-48,-5,-8,20,-41,-12,-18,-21,18,-33,-74
MHK,Mohawk Industries,103.91,6,-24,-19,-9,-46,5,-21,-27,12,-31,-77
KMB,Kimberly-Clark,129.92,-105,-7,0,16,-96,6,-7,-4,24,19,-77
UAA,Under Armour (Class A),6.91,10,20,-21,-42,-33,13,-1,-21,-35,-44,-77
CRL,Charles River Laboratories,148.47,0,15,-47,-24,-56,8,33,-56,-6,-21,-77
BIRK,Birkenstock,50.41,-57,0,-3,0,-60,-14,-7,3,0,-18,-78
COO,Cooper Companies (The),70.93,3,-17,-20,-3,-37,5,-21,-25,-1,-42,-79
INTC,Intel,22.56,7,1,-62,-18,-72,7,6,-10,-10,-7,-79
LBTYA,Liberty Global (Series A),9.98,11,0,-33,-29,-51,10,1,-31,-8,-28,-79
DVN,Devon Energy,32.34,-11,12,-43,-3,-45,-25,9,2,-20,-34,-79
DOC,Healthpeak Properties,17.48,9,-56,-10,-29,-86,15,10,-25,7,7,-79
SWK,Stanley Black & Decker,66.35,0,0,-22,-37,-59,2,-7,-28,12,-21,-80
BURL,Burlington Stores,228.01,-56,-5,-3,0,-64,2,-14,-19,15,-16,-80
PVH,PVH Corp.,64.0,-4,-13,-25,-1,-43,1,-13,-21,-5,-38,-81
WH,Wyndham Hotels & Resorts,79.65,-55,-18,-4,9,-68,2,-18,-10,13,-13,-81
LINE,"Lineage, Inc.",46.33,11,-55,0,0,-44,23,-38,-24,0,-39,-83
MKTX,MarketAxess,222.8,-19,14,-21,-27,-53,2,6,3,-42,-31,-84
CROX,Crocs,99.09,-32,-4,-35,0,-71,1,-16,3,-3,-15,-86
SEE,Sealed Air,31.23,-49,30,-17,-22,-58,2,-1,1,-30,-28,-86
BMY,Bristol Myers Squibb,47.01,-41,-55,-2,-3,-101,2,16,-7,3,14,-87
ASH,Ashland Global,50.68,0,0,-34,-7,-41,9,-1,-46,-8,-46,-87
MGM,MGM Resorts International,34.2,9,10,-49,0,-30,1,4,-56,-7,-58,-88
EPAM,EPAM Systems,172.68,0,1,-19,-25,-43,7,-7,-10,-35,-45,-88
LBTYK,Liberty Global (Series C),10.26,11,0,-33,-28,-50,14,11,-30,-34,-39,-89
PLTK,Playtika,4.77,0,0,-19,0,-19,5,-26,-20,-29,-70,-89
TTC,Toro Company (The),70.66,7,0,-28,-5,-26,8,-12,-41,-18,-63,-89
BAX,Baxter International,30.61,0,0,-16,-36,-52,2,6,-7,-39,-38,-90
PINC,"Premier, Inc.",21.74,-67,41,10,-26,-42,-19,-5,8,-32,-48,-90
CGNX,Cognex Corporation,30.72,0,12,-33,-29,-50,5,34,-41,-38,-40,-90
BRBR,BellRing Brands,59.78,-19,-34,-6,0,-59,-19,-26,-12,25,-32,-91
REGN,Regeneron Pharmaceuticals,521.99,5,-17,-34,-2,-48,7,-14,-35,-2,-44,-92
WDAY,"Workday, Inc.",239.21,-45,-2,-3,12,-38,-59,-16,1,20,-54,-92
UWMC,United Wholesale Mortgage,4.26,6,-64,-22,0,-80,14,9,-35,-2,-14,-94
RYN,Rayonier,22.87,0,-55,-13,-3,-71,9,-1,-25,-7,-24,-95
TECH,Bio-Techne,49.99,-32,-5,-20,-22,-79,2,6,-20,-4,-16,-95
GMED,Globus Medical,58.67,0,-85,-8,-1,-94,2,-1,-13,10,-2,-96
GPN,Global Payments,78.99,7,-8,-20,-37,-58,2,-16,-17,-8,-39,-97
INSP,Inspire Medical Systems,132.63,2,-27,-16,-4,-45,2,-19,-21,-15,-53,-98
TREX,"Trex Company, Inc.",55.85,0,-7,-47,-11,-65,9,-19,-19,-4,-33,-98
EXAS,Exact Sciences,51.17,-56,36,-21,-23,-64,-14,-7,1,-14,-34,-98
LKQ,LKQ Corporation,37.67,-56,-7,-3,0,-66,2,-13,-7,-15,-33,-99
EMN,Eastman Chemical Company,76.44,-56,-7,-14,0,-77,2,-9,-28,13,-22,-99
CHRD,Chord Energy,98.47,-9,11,-43,0,-41,-21,14,-47,-4,-58,-99
SIRI,Sirius XM,22.41,7,2,-76,-29,-96,19,34,-42,-15,-4,-100
FCN,FTI Consulting,162.45,3,-16,-30,0,-43,1,-15,-40,-3,-57,-100
RNG,RingCentral,27.42,7,11,-19,-39,-40,2,-1,-19,-43,-61,-101
COLM,Columbia Sportswear,60.91,0,-73,-14,-4,-91,2,-16,-9,11,-12,-103
IPGP,IPG Photonics,68.54,7,29,-79,-42,-85,8,36,-20,-42,-18,-103
IEX,IDEX Corporation,174.88,-46,0,-21,0,-67,2,-14,-21,-4,-37,-104
ARE,Alexandria Real Estate Equities,75.36,9,0,-30,-28,-49,13,4,-41,-33,-57,-106
OXY,Occidental Petroleum,42.48,-10,10,-48,0,-48,-5,12,-52,-14,-59,-107
BRKR,Bruker,39.66,2,0,-53,-6,-57,8,6,-57,-7,-50,-107
RARE,Ultragenyx,37.15,-34,10,-20,-36,-80,-7,9,-28,-1,-27,-107
LW,Lamb Weston,53.78,-35,0,-65,-6,-106,7,22,-19,-12,-2,-108
IFF,International Flavors & Fragrances,74.73,-46,1,-16,-29,-90,2,-1,-28,9,-18,-108
MPW,Medical Properties Trust,4.49,0,-30,0,-34,-64,2,-28,15,-33,-44,-108
RGEN,Repligen,123.22,-35,-10,-9,-15,-69,2,6,-13,-35,-40,-109
IAC,IAC Inc.,37.1,7,6,-33,-29,-49,2,1,-28,-36,-61,-110
SLB,Schlumberger,33.49,-11,-2,-63,0,-76,-20,6,-14,-8,-36,-112
JAZZ,Jazz Pharmaceuticals,108.08,-47,-9,-8,-4,-68,2,-1,-9,-37,-45,-113
KMX,CarMax,69.22,9,-79,-12,-34,-116,2,7,-16,9,2,-114
WSC,WillScot Mobile Mini,27.92,5,1,-58,-4,-56,2,-15,-35,-10,-58,-114
GO,Grocery Outlet,13.73,14,-6,-93,0,-85,21,-27,3,-26,-29,-114
LCID,Lucid Motors,2.16,-1,-18,-25,0,-44,-12,-15,-10,-33,-70,-114
WFRD,Weatherford International,48.37,-14,1,-37,0,-50,-30,10,-41,-3,-64,-114
NOV,NOV Inc.,13.07,-6,10,-48,-10,-54,-20,11,-39,-13,-61,-115
BDX,Becton Dickinson,171.59,0,-83,-21,-3,-107,5,11,-12,-13,-9,-116
STZ,Constellation Brands,164.52,0,-13,-38,-1,-52,12,-17,-54,-6,-65,-117
GNTX,Gentex,21.79,0,-5,-35,-6,-46,5,-19,-52,-6,-72,-118
FRPT,Freshpet,72.15,-78,-7,-17,-4,-106,-6,-11,-13,17,-13,-119
PEP,PepsiCo,131.05,2,-55,-35,-1,-89,2,10,-32,-11,-31,-120
ADBE,Adobe Inc.,382.02,-49,0,-29,-4,-82,5,-7,-33,-3,-38,-120
CERT,"Certara, Inc.",10.69,-56,-8,-8,0,-72,2,-25,3,-30,-50,-122
OMC,Omnicom Group,72.45,9,-134,-20,0,-145,21,-21,-25,48,23,-122
UHAL-B,U-Haul (Series N),54.45,-49,-7,-16,0,-72,-11,-17,-30,7,-51,-123
CIVI,Civitas Resources,29.68,-9,5,-48,-4,-56,-23,10,-48,-7,-68,-124
ZTS,Zoetis,158.43,-49,0,-28,-1,-78,-41,-4,2,-3,-46,-124
COLD,Americold,17.39,4,-58,-34,-9,-97,15,4,-34,-13,-28,-125
SAIA,Saia,275.0,11,-87,-19,2,-93,5,-13,-21,-3,-32,-125
CC,Chemours,11.15,0,0,-58,-11,-69,-16,7,-20,-28,-57,-126
KHC,Kraft Heinz,26.04,0,-43,-35,-2,-80,2,-33,-7,-8,-46,-126
COP,ConocoPhillips,89.39,-8,0,-38,0,-46,-30,8,-54,-6,-82,-128
MRNA,Moderna,26.8,0,0,-48,-2,-50,8,-1,-48,-37,-78,-128
LULU,Lululemon Athletica,232.86,-84,-12,-4,-1,-101,2,-6,-13,-10,-27,-128
ALGN,Align Technology,186.64,6,15,-60,-23,-62,21,4,-55,-36,-66,-128
VSTS,Vestis,6.07,0,-99,-14,0,-113,2,-1,-20,0,-19,-132
HOG,Harley-Davidson,23.57,-41,0,-36,-7,-84,2,-12,-31,-9,-50,-134
SON,Sonoco,44.25,-46,1,-37,-3,-85,2,-6,-35,-12,-51,-136
AAL,American Airlines Group,11.37,7,1,-14,-74,-80,2,-8,-14,-37,-57,-137
TXG,10x Genomics,10.89,10,11,-69,0,-48,7,12,-68,-40,-89,-137
PRGO,Perrigo,26.75,0,1,0,-111,-110,2,32,-8,-53,-27,-137
OLN,Olin Corporation,20.36,0,-8,-53,-7,-68,2,4,-55,-21,-70,-138
VFC,VF Corporation,11.69,-53,-7,-13,-41,-114,2,-18,-13,5,-24,-138
UPS,United Parcel Service,100.63,0,0,-99,-14,-113,2,30,-27,-32,-27,-140
ANGI,Angi Inc.,15.55,0,15,-33,-49,-67,5,-5,-31,-42,-73,-140
GLOB,Globant,91.17,-49,-26,-19,-5,-99,2,-20,-19,-5,-42,-141
APLS,Apellis Pharmaceuticals,18.6,0,0,-63,-14,-77,2,9,-61,-16,-66,-143
LYB,LyondellBasell,58.38,-18,0,-37,-3,-58,-40,6,-51,-5,-90,-148
HAL,Halliburton,20.78,-13,0,-56,-3,-72,-24,10,-55,-7,-76,-148
PII,Polaris Inc.,40.55,-27,2,-93,-15,-133,5,30,-36,-15,-16,-149
NKE,"Nike, Inc.",61.4,0,0,-70,-19,-89,9,31,-71,-34,-65,-154
FTRE,Fortrea,5.32,-23,-7,-29,0,-59,-41,4,-58,0,-95,-154
M,"Macy's, Inc.",10.81,-49,-4,-24,-13,-90,-28,-16,-18,-4,-66,-156
CNC,Centene,54.04,-21,-23,-37,-9,-90,-14,-21,-6,-26,-67,-157
NWL,Newell Brands,5.22,-27,-2,-20,-29,-78,-26,-2,-20,-34,-82,-160
REYN,Reynolds Consumer Products,21.57,2,-96,-21,0,-115,15,-26,-33,-1,-45,-160
DOW,Dow Inc.,27.53,-27,-4,-36,0,-67,-44,6,-51,-6,-95,-162
TRIP,Tripadvisor,13.43,-4,0,-54,-50,-108,5,-9,-11,-42,-57,-165
GIS,General Mills,53.37,-46,-54,-34,-2,-136,7,10,-30,-17,-30,-166
ENOV,Enovis,31.98,0,-23,-58,-15,-96,2,-19,-18,-35,-70,-166
ONTO,Onto Innovation,96.77,-25,-91,-19,0,-135,-22,6,-14,-2,-32,-167
HUM,Humana,238.72,5,-37,-82,-10,-124,-11,-1,-13,-18,-43,-167
KSS,Kohl's,8.22,-32,0,-55,-29,-116,2,31,-56,-30,-53,-169
SPB,Spectrum Brands,52.36,-1,-130,-21,-2,-154,2,-20,-20,22,-16,-170
CLF,Cleveland-Cliffs,7.18,-20,-9,-56,-14,-99,-19,8,-56,-6,-73,-172
DXC,DXC Technology,15.16,-27,-4,-18,-71,-120,2,2,-25,-32,-53,-173
NSA,National Storage Affiliates,32.67,-49,-23,-8,-2,-82,-52,-24,-29,10,-95,-177
TDC,Teradata,21.82,-23,0,-72,-15,-110,-17,-17,-20,-14,-68,-178
CPRI,Capri Holdings,16.92,-41,0,-65,-9,-115,2,-7,-29,-30,-64,-179
BF-B,Brown–Forman (Class B),26.33,0,-17,-96,-16,-129,15,-16,-28,-26,-55,-184
COTY,Coty,4.71,-35,-4,-57,-5,-101,-31,14,-59,-7,-83,-184
BF-A,Brown–Forman (Class A),26.87,0,-17,-95,-16,-128,15,-17,-35,-22,-59,-187
AES,AES Corporation,10.46,-34,-5,-35,-9,-83,-35,-2,-46,-22,-105,-188
QDEL,QuidelOrtho,28.66,-56,-6,-16,-36,-114,2,-19,-16,-45,-78,-192
FLO,Flowers Foods,16.16,0,-55,-30,-6,-91,16,-47,-50,-21,-102,-193
APA,APA Corporation,18.18,-14,12,-78,-10,-90,-20,16,-82,-17,-103,-193
PAYC,Paycom,235.13,-71,1,12,-22,-80,-77,-4,3,-35,-113,-193
ELV,Elevance Health,376.42,-42,-29,-37,0,-108,-38,-44,-3,-1,-86,-194
TMO,Thermo Fisher Scientific,404.56,0,-81,-15,-3,-99,11,-91,-14,-1,-95,-194
LEG,Leggett & Platt,9.35,0,15,-125,-28,-138,2,6,-28,-36,-56,-194
CLVT,Clarivate,4.1,-37,1,-70,-4,-110,-23,7,-30,-40,-86,-196
QS,QuantumScape,4.32,-6,4,-77,0,-79,-49,4,-41,-34,-120,-199
WLK,Westlake Corporation,75.89,0,-87,-33,-2,-122,7,-36,-45,-4,-78,-200
FIVN,Five9,27.0,-49,0,-72,-33,-154,2,-1,-10,-38,-47,-201
ALB,Albemarle Corporation,60.16,-27,0,-121,-21,-169,2,6,-20,-23,-35,-204
ACHC,Acadia Healthcare,21.53,0,-82,-41,-9,-132,-12,-19,-35,-14,-80,-212
XRAY,Dentsply Sirona,15.64,0,3,-74,-40,-111,2,-6,-61,-38,-103,-214
ZBH,Zimmer Biomet,92.32,0,-53,-58,-15,-126,7,-23,-57,-16,-89,-215
BMRN,BioMarin Pharmaceutical,54.66,-45,-55,-43,-18,-161,-14,-26,-8,-20,-68,-229
BIIB,Biogen,126.36,-48,0,-77,-25,-150,-57,30,-40,-16,-83,-233
MAN,ManpowerGroup,39.91,-41,-56,-39,-26,-162,1,-6,-39,-34,-78,-240
CPB,Campbell Soup Company,32.15,-66,-55,-25,-4,-150,7,-65,-32,-3,-93,-243
HUN,Huntsman Corporation,10.64,-47,-66,-38,-13,-164,5,-22,-33,-31,-81,-245
DJT,Trump Media & Technology Group,18.24,-140,-17,-49,0,-206,1,-19,-17,-7,-42,-248
WU,Western Union,8.56,-59,-55,-16,-44,-174,2,-24,-51,-3,-76,-250
CRI,Carter's,31.15,-32,-99,-55,-15,-201,2,-23,-32,-7,-60,-261
TFX,Teleflex,120.11,0,-99,-35,-37,-171,2,-54,-31,-8,-91,-262
TAP,Molson Coors,48.24,-147,-41,-6,12,-182,-59,-15,-7,-1,-82,-264
SRPT,Sarepta Therapeutics,18.93,-59,-112,-22,-5,-198,-16,-6,-43,-4,-69,-267
NFE,New Fortress Energy,2.34,-47,-86,-64,-1,-198,-12,-21,-15,-23,-71,-269
CAG,Conagra Brands,21.46,-94,-48,-25,-5,-172,-19,-62,-7,-21,-109,-281
ENPH,Enphase Energy,38.38,0,-114,-39,-18,-171,-8,-55,-46,-22,-131,-302
CLX,Clorox,122.03,-94,-118,-10,-3,-225,6,-76,-20,11,-79,-304
RHI,Robert Half,41.32,-63,-104,-22,-7,-196,-59,-9,-20,-30,-118,-314
SAM,Boston Beer Company,196.77,-159,-19,-28,-35,-241,-83,-29,-24,-42,-178,-419
WOLF,Wolfspeed,0.62,-61,-24,-127,-28,-240,-60,-23,-93,-35,-211,-451
