Symbol,Name,Close,1H Cloud Score,1D Cloud Score,1W Cloud Score,1M Cloud Score,Cloud Score Sum,1H TKx Score,1D TKx Score,1W TKx Score,1M TKx Score,TKx Score Sum,Total Score Sum
TJX,TJX Companies,139.75,-24,36,154,199,365,-15,40,123,194,342,707
JPM,JPMorgan Chase,312.75,64,95,129,159,447,67,20,16,27,130,577
GS,Goldman Sachs,806.66,86,93,98,59,336,77,104,16,22,219,555
ORLY,O'Reilly Auto Parts,103.73,-35,47,169,200,381,-40,53,60,90,163,544
COOP,Mr. Cooper Group,213.88,-5,93,125,59,272,-20,92,123,57,252,524
GLW,Corning Inc.,81.02,154,92,25,18,289,103,99,14,15,231,520
FIX,Comfort Systems USA,804.44,75,96,23,65,259,79,108,16,56,259,518
AAPL,Apple Inc.,254.53,44,60,4,252,360,49,28,8,72,157,517
GOOGL,Alphabet (Class A),251.68,154,82,14,177,427,-4,56,11,22,85,512
WDC,Western Digital,110.26,154,93,18,19,284,103,104,16,4,227,511
GOOG,Alphabet (Class C),252.33,154,82,13,177,426,-4,56,10,22,84,510
WELL,Welltower,172.56,7,90,122,59,278,16,51,139,25,231,509
MS,Morgan Stanley,160.76,79,93,82,65,319,28,104,16,17,165,484
ORI,Old Republic International,41.08,14,30,153,59,256,19,28,123,56,226,482
PLTR,Palantir Technologies,182.56,77,106,122,0,305,22,4,125,21,172,477
HWM,Howmet Aerospace,193.52,98,10,154,30,292,19,10,98,58,185,477
APP,AppLovin,651.07,148,38,111,0,297,103,46,12,19,180,477
BK,BNY Mellon,108.67,63,95,100,41,299,31,99,16,20,166,465
WRB,W. R. Berkley Corporation,74.15,19,19,100,177,315,27,32,30,56,145,460
APH,Amphenol,125.48,88,106,25,66,285,21,108,16,28,173,458
LOPE,Grand Canyon Education,212.64,63,33,153,36,285,61,32,40,35,168,453
IBM,IBM,272.24,99,4,115,55,273,41,12,62,57,172,445
KLAC,KLA Corporation,1071.44,91,12,20,178,301,92,6,16,27,141,442
CASY,Casey's,550.98,0,12,119,88,219,4,8,123,79,214,433
FTAI,FTAI Aviation,181.48,161,39,9,48,257,93,39,12,32,176,433
C,Citigroup,103.04,81,93,25,19,218,77,103,16,15,211,429
CDNS,Cadence Design Systems,366.3,32,4,23,142,201,25,1,16,181,223,424
AMG,Affiliated Managers Group,241.77,154,99,17,23,293,27,70,16,18,131,424
MSI,Motorola Solutions,470.53,-34,48,7,154,175,-9,58,7,186,242,417
KRC,Kilroy Realty,44.35,204,83,12,0,299,5,86,12,12,115,414
FAST,Fastenal,47.99,7,115,129,107,358,12,-8,22,27,53,411
CIEN,Ciena,139.51,140,93,15,13,261,98,15,14,17,144,405
TLN,Talen Energy,423.51,86,105,45,0,236,100,40,17,3,160,396
RTX,RTX Corporation,160.54,49,92,83,55,279,11,1,90,15,117,396
MCD,McDonald's,302.94,0,29,58,243,330,5,-4,4,58,63,393
CAT,Caterpillar Inc.,471.36,63,92,14,65,234,70,17,14,58,159,393
SO,Southern Company,93.71,14,0,82,191,287,11,-18,29,80,102,389
MPWR,Monolithic Power Systems,914.44,35,93,9,158,295,40,37,16,1,94,389
AM,Antero Midstream,19.14,17,15,154,24,210,28,8,84,56,176,386
NRG,NRG Energy,167.43,14,8,109,95,226,12,7,119,22,160,386
HUBB,Hubbell Incorporated,435.21,-5,91,7,183,276,4,22,12,72,110,386
MLI,Mueller Industries,101.67,70,65,13,59,207,31,58,14,72,175,382
LYV,Live Nation Entertainment,164.2,-27,94,100,148,315,1,32,15,17,65,380
TIGO,Millicom,50.29,25,173,83,3,284,46,3,30,17,96,380
LRCX,Lam Research,131.92,87,15,15,153,270,93,7,16,-6,110,380
CMI,Cummins,424.17,70,65,11,66,212,67,56,12,31,166,378
YUM,Yum! Brands,149.44,3,9,34,260,306,9,9,-8,58,68,374
TPR,"Tapestry, Inc.",116.12,68,93,86,22,269,61,10,14,20,105,374
GE,GE Aerospace,305.63,70,104,25,28,227,66,15,36,30,147,374
PANW,Palo Alto Networks,203.28,189,13,5,82,289,-4,14,16,58,84,373
JEF,Jefferies Financial Group,68.13,76,69,3,59,207,31,69,7,58,165,372
SNDK,SanDisk,106.42,155,26,0,0,181,154,28,8,0,190,371
RJF,Raymond James Financial,175.9,41,92,98,59,290,31,15,13,20,79,369
ACM,AECOM,129.93,63,99,22,66,250,-2,28,16,73,115,365
AXON,Axon Enterprise,777.53,57,-9,151,95,294,21,2,16,31,70,364
ITT,ITT Inc.,177.37,0,99,22,100,221,-12,106,16,27,137,358
ETR,Entergy,90.85,7,3,82,138,230,15,2,95,15,127,357
TRV,Travelers Companies (The),276.34,19,29,97,59,204,25,40,30,57,152,356
WM,"Waste Management, Inc.",218.23,2,-22,1,188,169,21,-28,33,160,186,355
RSG,Republic Services,227.54,0,-39,130,178,269,-6,-64,-7,161,84,353
ABBV,AbbVie,222.64,63,45,22,59,189,35,52,8,65,160,349
AMAT,Applied Materials,200.89,86,4,1,150,241,91,4,14,-6,103,344
HLI,Houlihan Lokey,209.13,76,95,23,45,239,31,28,16,27,102,341
MA,Mastercard,569.56,-7,38,132,156,319,-16,-6,16,27,21,340
J,Jacobs Solutions,147.74,63,91,12,107,273,31,2,13,20,66,339
RBC,RBC Bearings,383.64,13,-8,99,165,269,5,-16,20,58,67,336
LDOS,Leidos,187.14,70,105,8,24,207,28,62,19,20,129,336
CTAS,Cintas,200.59,-1,-27,0,168,140,11,-22,19,188,196,336
ALL,Allstate,207.74,19,4,103,160,286,28,-13,17,18,50,336
DTE,DTE Energy,137.96,14,1,80,190,285,18,-15,33,14,50,335
SNX,TD Synnex,151.86,2,93,21,64,180,20,99,14,22,155,335
STE,Steris,249.28,1,32,20,196,249,5,25,28,26,84,333
TTWO,Take-Two Interactive,251.28,127,16,51,14,208,30,23,51,21,125,333
SF,Stifel,114.38,16,83,14,60,173,28,98,13,21,160,333
AJG,Arthur J. Gallagher & Co.,304.4,21,0,0,187,208,29,-6,-8,108,123,331
SGI,Somnigroup International,84.43,-14,93,47,65,191,-12,106,16,27,137,328
GD,General Dynamics,323.2,-6,115,14,55,178,4,70,16,58,148,326
DUK,Duke Energy,123.11,10,1,82,184,277,15,-13,28,17,47,324
PSTG,Pure Storage,88.3,146,23,5,43,217,21,15,12,58,106,323
WMB,Williams Companies,61.4,35,4,118,53,210,29,9,16,58,112,322
AME,Ametek,186.69,-10,38,10,107,145,20,38,16,102,176,321
URI,United Rentals,955.28,7,93,13,65,178,7,64,14,58,143,321
NVT,Nvent Electric,97.69,88,93,14,13,208,-2,106,14,-6,112,320
EHC,Encompass Health,126.78,14,27,149,30,220,9,30,30,30,99,319
AZO,AutoZone,4128.0,-39,46,100,87,194,-47,53,60,58,124,318
AAON,AAON,94.27,28,4,-19,246,259,36,22,-31,32,59,318
EVR,Evercore,354.57,85,92,13,59,249,-2,28,14,27,67,316
V,Visa Inc.,338.85,-4,-1,143,134,272,5,-6,16,27,42,314
ADI,Analog Devices,246.78,19,24,17,180,240,6,24,16,27,73,313
LHX,L3Harris,286.19,13,115,18,6,152,17,108,18,15,158,310
SSNC,SS&C Technologies,88.8,0,69,96,15,180,7,94,13,16,130,310
RBA,RB Global,112.74,-9,0,110,28,129,-6,53,113,20,180,309
ATO,Atmos Energy,166.34,4,33,80,46,163,14,-7,91,46,144,307
ORCL,Oracle Corporation,314.05,14,10,17,199,240,16,7,16,28,67,307
BPOP,"Popular, Inc.",126.52,28,100,23,60,211,32,28,16,20,96,307
COR,Cencora,302.42,7,16,50,76,149,2,25,61,69,157,306
ROL,"Rollins, Inc.",55.4,-46,-7,37,287,271,-15,-15,29,36,35,306
NEM,Newmont,84.68,21,117,25,6,169,19,79,25,11,134,303
DGX,Quest Diagnostics,187.0,28,32,74,19,153,29,30,74,15,148,301
SOFI,SoFi,29.08,86,85,52,0,223,21,29,14,12,76,299
AWI,Armstrong World Industries,194.81,-14,100,100,22,208,-4,59,16,20,91,299
KKR,KKR & Co. Inc.,147.26,70,4,3,104,181,79,4,12,22,117,298
UNP,Union Pacific Corporation,227.99,29,1,-11,199,218,58,1,-1,20,78,296
RL,Ralph Lauren Corporation,310.79,2,95,100,35,232,-5,24,16,27,62,294
HOOD,Robinhood Markets,126.17,30,95,87,0,212,33,12,16,19,80,292
SPOT,Spotify,718.38,30,7,118,13,168,-2,4,101,21,124,292
TSLA,"Tesla, Inc.",425.83,91,32,4,11,138,93,38,10,11,152,290
ANET,Arista Networks,144.09,0,78,13,59,150,-4,74,12,57,139,289
HEI,HEICO (Common),320.01,-17,0,31,190,204,-2,6,22,58,84,288
CW,Curtiss-Wright,518.17,12,101,25,55,193,20,9,16,50,95,288
EME,Emcor,644.69,15,93,23,59,190,14,12,14,58,98,288
MU,Micron Technology,166.46,98,19,4,23,144,98,28,16,1,143,287
HIG,Hartford (The),131.81,7,35,100,58,200,7,-4,27,57,87,287
BWXT,BWX Technologies,178.0,70,91,19,36,216,17,3,16,32,68,284
R,Ryder,186.47,-5,78,16,57,146,4,64,13,57,138,284
CBOE,Cboe Global Markets,240.21,5,0,150,56,211,12,-19,28,52,73,284
NWS,News Corp (Class B),33.75,35,0,118,59,212,49,-15,16,22,72,284
PH,Parker Hannifin,761.02,8,94,23,66,191,20,25,16,31,92,283
APO,Apollo Global Management,144.94,64,0,0,98,162,78,4,12,27,121,283
IBKR,Interactive Brokers,65.49,28,4,95,58,185,21,3,16,58,98,283
EVRG,Evergy,73.29,11,74,64,15,164,17,2,83,11,113,277
HD,Home Depot (The),410.94,-20,45,7,181,213,-22,58,8,20,64,277
NU,Nubank,16.15,86,24,7,0,117,103,19,16,20,158,275
PPL,PPL Corporation,36.3,6,51,82,24,163,15,-12,94,15,112,275
WMT,Walmart,102.51,-8,17,133,102,244,-24,8,16,30,30,274
AXP,American Express,341.5,38,22,23,100,183,32,22,14,22,90,273
COST,Costco,943.95,-26,-4,0,181,151,-40,-15,-8,185,122,273
GRMN,Garmin,237.48,1,66,118,20,205,7,27,12,22,68,273
ITW,Illinois Tool Works,261.25,-27,64,8,179,224,-22,28,13,30,49,273
CBRE,CBRE Group,163.09,-15,77,98,23,183,-13,73,14,15,89,272
BRK-B,Berkshire Hathaway,494.11,9,19,130,63,221,7,27,-11,27,50,271
PFGC,Performance Food Group,104.53,-11,96,59,44,188,-14,22,16,58,82,270
UNM,Unum,76.7,107,4,4,41,156,29,13,16,55,113,269
GL,Globe Life,146.53,63,45,51,15,174,31,44,10,9,94,268
AU,AngloGold Ashanti,69.42,21,37,82,19,159,18,46,30,15,109,268
FWONA,Liberty Formula 1 (Series A),93.69,38,6,75,63,182,-6,20,15,57,86,268
SRE,Sempra,86.04,7,48,6,182,243,9,3,14,-2,24,267
DOCS,Doximity,73.91,92,63,60,0,215,5,28,6,13,52,267
COF,Capital One,223.09,-3,99,100,22,218,-6,19,16,19,48,266
DASH,DoorDash,265.85,30,92,103,0,225,-2,7,16,19,40,265
FWONK,Liberty Formula 1 (Series C),103.02,37,6,76,58,177,-6,20,16,57,87,264
INSM,Insmed,145.35,17,73,70,17,177,6,43,16,21,86,263
WFC,Wells Fargo,84.37,40,9,98,30,177,32,17,16,20,85,262
PWR,Quanta Services,389.53,25,0,23,100,148,21,4,16,73,114,262
HEI-A,HEICO (Class A),252.61,-21,2,32,183,196,5,7,23,31,66,262
INTU,Intuit,699.1,28,-24,23,192,219,35,-30,16,21,42,261
LOW,Lowe's,259.82,-21,45,6,167,197,-22,57,7,20,62,259
TPG,TPG Inc.,64.37,64,76,8,0,148,76,4,10,20,110,258
BX,Blackstone Inc.,184.91,0,64,10,143,217,-3,11,11,22,41,258
NI,NiSource,41.56,14,0,80,46,140,19,-14,95,15,115,255
MP,MP Materials,74.73,35,76,38,0,149,49,1,51,5,106,255
NFLX,Netflix,1218.5,0,0,122,21,143,1,-4,93,21,111,254
KEYS,Keysight,177.91,97,15,4,1,117,102,15,14,6,137,254
VMC,Vulcan Materials,297.69,12,45,12,61,130,26,53,16,28,123,253
XYL,Xylem Inc.,143.11,51,93,14,23,181,31,2,16,23,72,253
SCCO,Southern Copper,110.31,111,15,4,63,193,19,28,16,-3,60,253
CRH,CRH plc,114.1,14,47,13,65,139,19,56,10,28,113,252
AVGO,Broadcom,338.96,-14,96,25,117,224,-33,13,16,31,27,251
AIZ,Assurant,212.5,11,34,7,153,205,23,-5,8,20,46,251
FYBR,Frontier Communications,37.27,-23,31,95,0,103,2,30,100,15,147,250
TDY,Teledyne Technologies,567.87,25,92,58,15,190,21,7,16,16,60,250
SCI,Service Corporation International,81.37,16,9,3,176,204,13,3,14,14,44,248
MNST,Monster Beverage,64.5,-13,32,32,181,232,-22,6,25,5,14,246
CNP,Centerpoint Energy,38.67,10,47,55,46,158,18,5,49,16,88,246
DRS,Leonardo DRS,43.11,13,-25,145,59,192,5,3,16,30,54,246
CRS,Carpenter Technology Corporation,239.02,-21,-22,152,36,145,-26,-1,77,50,100,245
VMI,Valmont Industries,376.49,0,83,68,59,210,4,7,13,11,35,245
MLM,Martin Marietta Materials,615.26,-2,48,12,61,119,29,53,16,28,126,245
UTHR,United Therapeutics,433.9,33,29,4,58,124,28,29,4,60,121,245
FFIV,"F5, Inc.",324.73,-1,92,100,15,206,-2,6,16,18,38,244
LLY,Lilly (Eli),747.21,-7,7,-9,173,164,-19,15,-13,97,80,244
CG,Carlyle Group (The),67.19,0,84,14,22,120,-4,95,13,19,123,243
DDS,Dillard's,608.61,7,75,20,55,157,-12,29,13,56,86,243
EQH,Equitable Holdings,54.04,31,14,98,12,155,27,25,16,20,88,243
CINF,Cincinnati Financial,154.49,0,36,91,63,190,-6,27,16,16,53,243
AYI,Acuity Brands,338.45,0,69,10,28,107,5,98,12,21,136,243
FLEX,Flex Ltd.,59.34,26,22,24,59,131,21,15,16,58,110,241
WEC,WEC Energy Group,111.76,7,49,61,14,131,17,6,74,12,109,240
OMF,OneMain Financial,60.42,-5,93,23,61,172,-4,28,16,27,67,239
MTZ,MasTec,206.27,70,10,25,19,124,70,15,16,14,115,239
ALLE,Allegion,177.49,1,105,15,22,143,-5,61,16,23,95,238
ADP,Automatic Data Processing,288.98,-1,-16,0,181,164,29,-29,16,58,74,238
NVDA,Nvidia,178.45,12,4,20,135,171,21,2,16,27,66,237
IRM,Iron Mountain,104.11,78,7,2,58,145,13,6,16,57,92,237
MDT,Medtronic,94.97,63,60,17,2,142,-2,74,9,14,95,237
MSFT,Microsoft,509.62,0,0,22,174,196,-4,1,16,26,39,235
NFG,National Fuel Gas,89.48,8,10,66,53,137,7,3,77,11,98,235
UI,Ubiquiti,655.93,31,22,58,11,122,28,57,16,11,112,234
SYY,Sysco,82.23,25,80,13,4,122,-10,93,13,15,111,233
TER,Teradyne,134.69,28,64,1,3,96,40,94,9,-6,137,233
XEL,Xcel Energy,73.04,4,49,57,13,123,17,18,65,10,110,233
CAH,Cardinal Health,154.6,7,1,61,39,108,1,12,54,58,125,233
HPE,Hewlett Packard Enterprise,24.7,0,89,7,43,139,-2,26,13,55,92,231
FSLR,First Solar,215.81,46,58,1,63,168,40,13,16,-7,62,230
FHN,First Horizon Corporation,22.62,31,93,58,5,187,-4,22,14,11,43,230
ETN,Eaton Corporation,368.47,1,3,14,115,133,-2,10,14,73,95,228
CACI,CACI,492.64,0,11,8,155,174,31,5,20,-2,54,228
TKO,TKO Group Holdings,202.29,-15,31,77,41,134,3,24,16,51,94,228
WPC,W. P. Carey,67.7,-22,90,35,3,106,1,82,32,6,121,227
NET,Cloudflare,223.26,17,93,45,0,155,21,15,16,20,72,227
AFG,American Financial Group,143.56,39,34,7,57,137,31,34,10,15,90,227
NWSA,News Corp (Class A),30.58,49,7,15,59,130,52,6,16,22,96,226
LITE,Lumentum,164.05,0,91,20,4,115,-13,99,14,11,111,226
ULTA,Ulta Beauty,524.33,0,103,18,5,126,-14,106,18,-10,100,226
NTRS,Northern Trust,130.52,1,93,22,12,128,31,35,16,14,96,224
LH,Labcorp,280.03,16,43,61,16,136,25,30,14,19,88,224
JBL,Jabil,234.57,29,4,25,66,124,21,4,17,58,100,224
T,AT&T,28.8,-15,33,76,17,111,-38,35,100,16,113,224
PRI,Primerica,285.24,7,15,1,109,132,25,22,14,31,92,224
CFG,Citizens Financial Group,53.11,35,81,14,5,135,32,28,13,15,88,223
TDG,TransDigm Group,1300.03,9,-29,3,158,141,9,-1,16,58,82,223
AMGN,Amgen,286.99,21,-14,-4,166,169,27,-15,4,37,53,222
CME,CME Group,261.94,3,-27,60,137,173,-5,-22,56,20,49,222
VIK,Viking Holdings,61.24,-6,93,0,0,87,10,108,16,0,134,221
IVZ,Invesco,22.42,16,69,13,3,101,28,65,13,14,120,221
PNC,PNC Financial Services,203.97,31,83,8,15,137,32,24,13,15,84,221
PNR,Pentair,110.09,-5,93,15,63,166,-14,30,14,25,55,221
BSX,Boston Scientific,97.68,-70,-8,150,145,217,-68,-2,16,58,4,221
HCA,HCA Healthcare,409.41,14,32,9,98,153,19,-4,22,30,67,220
BAC,Bank of America,51.71,64,26,23,19,132,33,23,16,15,87,219
AXS,AXIS Capital,95.13,-46,-2,92,46,90,-7,-6,88,54,129,219
ADT,ADT Inc.,8.59,-7,113,37,0,143,7,28,31,9,75,218
MCK,McKesson Corporation,741.32,7,4,48,59,118,14,21,-3,68,100,218
DTM,DT Midstream,110.45,17,11,109,0,137,28,10,16,26,80,217
FTI,TechnipFMC,39.83,0,93,23,28,144,4,15,16,38,73,217
OGE,OGE Energy,44.79,11,0,74,46,131,12,-16,74,15,85,216
AN,AutoNation,220.53,-3,30,23,62,112,4,26,16,58,104,216
IDA,Idacorp,127.64,11,62,62,19,154,18,1,32,11,62,216
PTC,PTC Inc.,203.94,-7,0,12,183,188,-4,-9,13,27,27,215
OZK,Bank OZK,51.59,-3,93,23,57,170,-10,21,14,20,45,215
OLLI,Ollie's Bargain Outlet,131.54,-7,0,121,17,131,-14,5,69,24,84,215
ARES,Ares Management,181.08,0,0,23,60,83,7,1,16,107,131,214
DCI,Donaldson Company,80.99,0,45,8,66,119,-4,52,16,31,95,214
AMKR,Amkor Technology,29.58,87,78,0,3,168,28,14,10,-6,46,214
RCL,Royal Caribbean Group,330.6,0,5,127,29,161,12,-3,16,28,53,214
SPG,Simon Property Group,184.12,7,62,7,36,112,5,61,14,22,102,214
HII,Huntington Ingalls Industries,275.85,16,132,14,7,169,21,12,22,-10,45,214
BKNG,Booking Holdings,5517.58,1,0,142,36,179,2,-10,16,27,35,214
NEU,NewMarket,819.32,-25,115,25,30,145,-17,29,28,28,68,213
THC,Tenet Healthcare,193.07,14,30,20,58,122,23,27,14,25,89,211
VNT,Vontier,42.92,0,93,11,0,104,-3,100,14,-6,105,209
FOX,Fox Corporation (Class B),55.41,28,29,73,2,132,52,1,13,10,76,208
JHG,Janus Henderson,44.52,-3,78,12,20,107,7,62,13,19,101,208
KMI,Kinder Morgan,27.48,0,0,98,45,143,-13,9,14,53,63,206
PEGA,Pegasystems,60.39,97,13,25,6,141,23,12,14,16,65,206
PM,Philip Morris International,163.8,-28,-7,76,56,97,3,-13,91,28,109,206
CHD,Church & Dwight,87.21,-56,-41,-22,345,226,-22,-4,-20,26,-20,206
CVNA,Carvana,378.31,0,5,98,12,115,44,13,16,17,90,205
ECG,Everus Construction Group,81.35,64,91,0,0,155,33,3,13,0,49,204
TT,Trane Technologies,405.33,0,-19,22,165,168,21,-32,16,30,35,203
CRUS,Cirrus Logic,127.49,56,30,4,20,110,56,25,16,-4,93,203
LFUS,Littelfuse,262.31,-3,93,9,3,102,-3,98,14,-9,100,202
GM,General Motors,58.59,0,75,13,12,100,7,67,13,14,101,201
LNG,Cheniere Energy,234.82,-1,1,66,59,125,7,-5,16,57,75,200
TOL,Toll Brothers,136.64,-30,77,6,62,115,-22,70,10,27,85,200
WCC,Wesco International,210.15,-30,92,13,59,134,-2,-4,14,58,66,200
STT,State Street Corporation,112.56,12,95,23,17,147,27,-5,15,15,52,199
PHM,PulteGroup,130.04,-30,66,7,66,109,-22,70,12,30,90,199
FNB,FNB Corporation,16.11,-4,93,7,56,152,-12,23,15,20,46,198
QCOM,Qualcomm,169.58,64,20,0,23,107,60,22,14,-6,90,197
FOXA,Fox Corporation (Class A),61.61,35,29,74,2,140,27,1,14,15,57,197
BR,Broadridge Financial Solutions,238.82,-47,-7,120,146,212,-43,-15,16,26,-16,196
LLYVK,Liberty Live (Series C),97.44,-27,99,36,0,108,1,69,16,1,87,195
BKR,Baker Hughes,48.93,28,47,10,36,121,21,16,10,27,74,195
ICE,Intercontinental Exchange,168.05,-49,-17,118,162,214,-46,-23,28,22,-19,195
PGR,Progressive Corporation,238.6,-35,-73,-2,178,68,-42,-13,-9,190,126,194
BAM,Brookfield Asset Management,61.22,40,2,71,0,113,55,1,16,9,81,194
EXPE,Expedia Group,221.27,0,66,55,12,133,2,32,12,15,61,194
SYF,Synchrony Financial,74.75,-3,93,23,22,135,-3,28,14,19,58,193
MSA,MSA Safety,172.08,13,0,0,165,178,31,-26,16,-6,15,193
MRVL,Marvell Technology,74.63,42,0,-27,107,122,44,2,6,19,71,193
ABT,Abbott Laboratories,135.89,43,22,62,14,141,33,1,2,15,51,192
CMA,Comerica,68.78,-6,67,13,5,79,-12,98,13,13,112,191
MMC,Marsh McLennan,197.47,-50,-74,-9,176,43,-2,-12,-17,179,148,191
MEDP,Medpace,495.75,0,67,10,33,110,-9,77,10,3,81,191
USFD,US Foods,77.56,-14,-17,149,36,154,-14,6,16,27,35,189
GTES,Gates Corporation,25.39,-5,93,23,16,127,4,22,16,19,61,188
EBAY,eBay,91.07,2,0,83,15,100,-5,-13,88,17,87,187
CORT,Corcept Therapeutics,83.32,35,5,70,20,130,32,3,-17,39,57,187
LPLA,LPL Financial,340.48,0,-18,51,100,133,8,-29,16,58,53,186
SNA,Snap-on,340.28,13,14,4,60,91,20,8,9,58,95,186
LYFT,Lyft,22.06,107,27,7,-2,139,8,22,16,1,47,186
GGG,Graco Inc.,84.93,-5,-3,1,179,172,4,-5,16,-1,14,186
WSM,"Williams-Sonoma, Inc.",200.65,6,59,14,66,145,3,7,8,22,40,185
VTR,"Ventas, Inc.",68.56,2,49,78,23,152,3,4,10,16,33,185
HALO,Halozyme,77.55,23,40,13,20,96,16,51,7,15,89,185
LAZ,Lazard,56.08,28,76,8,21,133,-3,28,13,14,52,185
BYD,Boyd Gaming,85.1,7,3,54,60,124,22,-6,16,28,60,184
DKS,Dick's Sporting Goods,228.7,7,59,3,64,133,4,7,6,34,51,184
THG,Hanover Insurance,175.36,-44,32,67,25,80,5,24,59,15,103,183
MPC,Marathon Petroleum,190.89,42,19,5,50,116,40,19,16,-9,66,182
SNPS,Synopsys,489.99,0,-10,-3,181,168,28,-22,14,-6,14,182
RGLD,Royal Gold,191.91,7,23,67,19,116,15,31,2,17,65,181
SYK,Stryker Corporation,373.52,-8,-8,0,160,144,-2,-5,14,30,37,181
AON,AON,352.95,-46,-6,0,178,126,1,-10,3,57,51,177
BLK,BlackRock,1132.15,1,92,23,23,139,-3,3,16,22,38,177
CCL,Carnival Corporation & plc,30.72,-5,92,23,2,112,6,22,14,20,62,174
GWRE,Guidewire Software,241.87,-14,13,116,22,137,-13,13,16,21,37,174
JLL,Jones Lang LaSalle,313.12,-3,67,10,15,89,-12,72,10,15,85,174
FIVE,Five Below,154.88,37,95,6,0,138,8,26,17,-16,35,173
JCI,Johnson Controls,108.28,1,10,81,20,112,11,15,16,19,61,173
MMM,3M,156.34,0,14,80,15,109,5,27,16,15,63,172
LLYVA,Liberty Live (Series A),94.52,-27,106,36,0,115,-27,67,16,1,57,172
RF,Regions Financial Corporation,26.73,-4,92,13,23,124,-10,29,14,15,48,172
EXPD,Expeditors International,121.19,-21,38,7,132,156,-22,29,12,-4,15,171
KRMN,Karman Holdings,68.66,91,30,0,0,121,21,21,8,0,50,171
KO,Coca-Cola Company (The),66.73,0,-22,34,183,195,-20,-15,-4,15,-24,171
DE,Deere & Company,471.73,0,-23,55,110,142,2,-36,51,11,28,170
MTG,MGIC Investment Corporation,28.27,-2,30,25,56,109,-14,30,16,29,61,170
EXEL,Exelixis,39.78,0,0,70,15,85,-9,7,61,25,84,169
WYNN,Wynn Resorts,127.5,28,95,14,4,141,-2,23,16,-9,28,169
ONTO,Onto Innovation,136.71,68,22,-32,0,58,89,25,1,-5,110,168
F,Ford Motor Company,11.74,9,107,8,0,124,7,27,16,-6,44,168
WBS,Webster Bank,60.72,0,93,14,15,122,-9,22,14,18,45,167
FERG,Ferguson Enterprises,233.5,26,6,17,66,115,14,-4,16,26,52,167
WTW,Willis Towers Watson,340.9,21,38,14,25,98,23,9,6,30,68,166
DELL,Dell Technologies,134.36,49,2,2,33,86,67,2,16,-5,80,166
D,Dominion Energy,61.12,7,91,20,2,120,17,1,16,11,45,165
MET,Metlife,80.32,13,24,0,59,96,12,24,14,19,69,165
MO,Altria,64.87,-49,46,76,46,119,2,-6,32,17,45,164
AIT,Applied Industrial Technologies,264.72,12,0,13,59,84,8,2,12,58,80,164
NSC,Norfolk Southern,292.04,45,7,17,5,74,58,1,16,15,90,164
PEG,Public Service Enterprise Group,82.23,4,-15,0,153,142,16,-23,9,18,20,162
U,Unity Technologies,44.53,-3,82,12,0,91,-2,56,16,1,71,162
WSO,Watsco,395.79,1,-37,-9,197,152,5,-35,-34,72,8,160
BRX,Brixmor Property Group,27.53,-27,75,6,56,110,-22,28,16,27,49,159
PFG,Principal Financial Group,82.4,10,22,3,56,91,19,17,13,19,68,159
TSCO,Tractor Supply Company,58.55,-14,0,13,86,85,-12,-10,10,86,74,159
WBD,Warner Bros. Discovery,19.57,88,9,18,0,115,19,9,14,1,43,158
BWA,BorgWarner,43.74,0,95,14,3,112,-12,59,16,-17,46,158
CRWD,CrowdStrike,484.22,63,4,51,0,118,-2,5,16,21,40,158
VLO,Valero Energy,170.42,42,22,6,45,115,13,21,15,-6,43,158
FNF,Fidelity National Financial,59.26,-4,30,1,59,86,7,42,1,22,72,158
AEE,Ameren,100.91,4,1,62,14,81,12,-15,67,11,75,156
AGO,Assured Guaranty,83.68,26,0,0,57,83,28,6,16,23,73,156
XOM,ExxonMobil,113.99,7,12,3,45,67,1,21,15,51,88,155
KEY,Keycorp,18.75,-3,93,14,5,109,-4,22,14,14,46,155
DINO,HF Sinclair,52.81,13,95,6,2,116,7,25,16,-9,39,155
MTB,M&T Bank,200.63,19,22,7,23,71,32,22,14,15,83,154
IDXX,Idexx Laboratories,648.57,38,100,20,5,163,-5,-11,16,-9,-9,154
TRMB,Trimble Inc.,82.04,11,0,85,5,101,21,5,14,13,53,154
FTNT,Fortinet,85.28,36,-37,0,114,113,27,8,-8,14,41,154
SEIC,SEI Investments Company,86.18,-6,-13,98,36,115,5,-10,16,27,38,153
TMUS,T-Mobile US,239.68,0,0,0,140,140,-17,-8,1,36,12,152
AFRM,Affirm Holdings,82.72,-3,75,18,0,90,-6,36,14,18,62,152
MDU,MDU Resources,17.2,21,1,1,59,82,19,3,16,31,69,151
FLS,Flowserve,56.4,0,64,4,28,96,7,13,9,26,55,151
PG,Procter & Gamble,152.53,-26,-2,-12,180,140,-21,25,-20,27,11,151
CSL,Carlisle Companies,335.58,-56,-8,-3,179,112,5,-4,16,21,38,150
PKG,Packaging Corporation of America,213.8,1,23,0,62,86,5,23,9,27,64,150
CB,Chubb Limited,275.9,0,0,0,59,59,19,25,-10,57,91,150
AFL,Aflac,108.28,0,29,7,59,95,-16,28,-14,56,54,149
MRP,Millrose Properties,34.61,-6,82,0,0,76,4,60,9,0,73,149
NBIX,Neurocrine Biosciences,146.39,28,30,6,26,90,29,22,13,-5,59,149
FICO,Fair Isaac,1534.77,-26,0,-12,167,129,4,17,-34,32,19,148
WAB,Wabtec,194.52,12,-1,1,50,62,21,-9,16,57,85,147
ESI,Element Solutions,25.83,-5,65,0,58,118,-12,29,13,-2,28,146
NDAQ,"Nasdaq, Inc.",88.43,-46,-1,82,145,180,-48,-17,16,15,-34,146
EPR,EPR Properties,57.18,0,1,63,30,94,1,12,16,22,51,145
SCHW,Charles Schwab Corporation,93.92,14,0,83,12,109,23,-20,16,15,34,143
WTFC,Wintrust Financial,132.91,-5,30,15,50,90,-3,22,14,20,53,143
TFC,Truist Financial,45.69,8,67,7,5,87,32,-4,13,15,56,143
BOKF,BOK Financial Corporation,110.73,0,62,6,23,91,-2,28,10,15,51,142
CELH,Celsius Holdings,51.01,-45,132,0,66,153,-21,-5,24,-10,-12,141
HUBS,HubSpot,513.14,91,0,-16,12,87,46,12,-24,20,54,141
FE,FirstEnergy,43.78,4,46,12,56,118,3,-11,16,15,23,141
ROKU,"Roku, Inc.",99.07,38,74,16,-20,108,-5,22,11,5,33,141
ATI,ATI Inc.,78.09,0,-1,22,44,65,-5,12,16,53,76,141
XPO,"XPO, Inc.",133.37,1,12,2,62,77,2,21,13,28,64,141
UAL,United Airlines Holdings,104.14,-5,66,7,12,80,4,30,10,17,61,141
HR,Healthcare Realty Trust,17.84,-6,61,8,1,64,-9,67,8,10,76,140
CHRW,C.H. Robinson,134.23,0,61,9,5,75,-10,54,12,9,65,140
FITB,Fifth Third Bancorp,45.16,-5,69,6,23,93,-10,26,13,17,46,139
VRT,Vertiv,142.59,70,4,15,9,98,-2,3,13,27,41,139
CVX,Chevron Corporation,157.44,0,55,13,49,117,5,3,7,7,22,139
ALAB,Astera Labs,230.12,-4,91,3,0,90,-16,53,11,0,48,138
CVS,CVS Health,76.51,23,28,16,0,67,32,32,6,1,71,138
CLH,Clean Harbors,236.12,3,0,7,59,69,7,-12,16,58,69,138
AEP,American Electric Power,108.12,0,0,79,24,103,5,-14,29,15,35,138
AMD,Advanced Micro Devices,160.92,14,0,4,111,129,19,-19,16,-8,8,137
ELAN,Elanco,18.54,-1,96,8,0,103,-2,28,15,-7,34,137
IONS,Ionis Pharmaceuticals,62.56,0,96,7,1,104,7,21,16,-11,33,137
NOC,Northrop Grumman,577.1,-29,60,16,59,106,7,-12,23,13,31,137
AGNC,AGNC Investment,9.82,-23,78,17,17,89,-61,76,14,18,47,136
AMP,Ameriprise Financial,493.94,2,-17,0,65,50,13,-13,14,72,86,136
SPGI,S&P Global,496.76,-28,-4,0,173,141,-28,-16,14,22,-8,133
WFRD,Weatherford International,67.39,42,64,0,0,106,5,22,6,-6,27,133
GME,GameStop,26.79,84,2,0,-31,55,79,16,-9,-8,78,133
MKSI,MKS Instruments,128.53,86,14,3,1,104,-2,25,12,-6,29,133
CXT,Crane NXT,64.78,7,1,1,56,65,4,-6,12,57,67,132
LSCC,Lattice Semiconductor,74.39,35,35,7,1,78,33,28,8,-16,53,131
AL,Air Lease Corporation,63.52,-4,23,23,23,65,-3,26,16,27,66,131
CGNX,Cognex Corporation,46.42,28,75,7,-32,78,21,61,12,-41,53,131
PODD,Insulet,327.97,0,30,51,5,86,19,-2,20,7,44,130
ALNY,Alnylam Pharmaceuticals,454.29,-46,92,23,16,85,14,-1,16,16,45,130
PCAR,Paccar,97.76,-21,1,-28,160,112,-26,5,3,35,17,129
EMR,Emerson Electric,131.49,-3,-6,22,65,78,-1,9,16,27,51,129
UBER,Uber,97.79,21,12,24,0,57,19,4,22,27,72,129
VST,Vistra Corp.,204.29,0,10,25,31,66,-1,4,14,46,63,129
LNT,Alliant Energy,64.84,5,1,74,15,95,16,-12,16,14,34,129
GILD,Gilead Sciences,114.41,3,1,57,36,97,-7,-15,14,40,32,129
RKLB,Rocket Lab,52.9,5,13,55,0,73,16,15,16,9,56,129
SSB,SouthState Corporation,100.3,-4,64,6,23,89,-12,22,10,20,40,129
MKL,Markel,1940.5,1,-7,74,56,124,-8,-29,14,27,4,128
MCO,Moody's Corporation,476.83,-27,-4,0,157,126,-22,-16,14,26,2,128
NTAP,Netapp,123.42,0,36,4,58,98,-9,28,13,-2,30,128
NVR,"NVR, Inc.",7976.13,-48,62,-2,66,78,-48,58,9,30,49,127
LNC,Lincoln Financial,40.54,0,62,24,2,88,19,-4,14,9,38,126
DAL,Delta Air Lines,58.76,-1,65,7,20,91,4,-4,8,27,35,126
DD,DuPont,77.48,0,64,-9,20,75,19,22,13,-4,50,125
EA,Electronic Arts,174.07,10,39,10,8,67,12,1,22,22,57,124
NXST,Nexstar Media Group,201.88,-1,92,15,5,111,-5,-6,13,11,13,124
ZION,Zions Bancorporation,57.28,-3,75,6,5,83,-10,21,13,16,40,123
ASTS,AST SpaceMobile,54.79,25,1,17,0,43,52,1,16,9,78,121
SMCI,Supermicro,46.98,72,-17,0,59,114,-1,6,11,-10,6,120
RRC,Range Resources,35.74,7,0,0,43,50,7,11,-4,56,70,120
NOW,ServiceNow,926.65,-5,0,0,83,78,-7,12,14,23,42,120
TNL,Travel + Leisure Co.,61.01,-56,83,15,17,59,4,28,13,15,60,119
DHI,D. R. Horton,166.31,-49,66,7,66,90,-49,70,10,-3,28,118
APPF,AppFolio,280.41,10,0,11,29,50,22,6,11,29,68,118
CMS,CMS Energy,71.5,3,0,82,24,109,7,-18,4,15,8,117
NLY,Annaly Capital Management,20.96,-25,75,24,11,85,-61,61,14,17,31,116
H,Hyatt Hotels,138.56,-14,-2,-1,56,39,-10,18,12,56,76,115
RPM,RPM International,119.57,-30,0,-1,181,150,-44,-3,13,-1,-35,115
FRHC,Freedom Holding,171.4,12,0,60,15,87,4,-23,16,31,28,115
HON,Honeywell,209.2,-34,-28,-2,179,115,1,-40,16,23,0,115
NCLH,Norwegian Cruise Line Holdings,25.57,-4,64,6,0,66,5,13,9,21,48,114
FCX,Freeport-McMoRan,45.38,1,16,4,59,80,4,21,16,-7,34,114
SHW,Sherwin-Williams,344.47,-56,-3,0,191,132,-48,-6,16,20,-18,114
WAL,Western Alliance Bancorporation,89.61,16,30,6,5,57,-4,28,13,19,56,113
W,Wayfair,83.02,-12,93,10,-42,49,-11,99,16,-41,63,112
VRSN,Verisign,286.56,0,1,42,10,53,-22,14,58,8,58,111
CSX,CSX Corporation,34.08,49,0,2,5,56,60,-16,16,-7,53,109
COHR,Coherent Corp.,109.33,31,4,4,16,55,22,3,13,16,54,109
RBLX,Roblox Corporation,132.2,-3,11,59,0,67,-4,12,22,12,42,109
STWD,Starwood Property Trust,20.06,-30,15,24,59,68,-21,23,16,22,40,108
VEEV,Veeva Systems,278.78,12,-4,51,9,68,23,-18,16,19,40,108
PLNT,Planet Fitness,99.38,-1,-16,69,14,66,19,-8,16,15,42,108
FLUT,Flutter Entertainment,284.21,6,0,25,22,53,21,-8,14,28,55,108
EXE,Expand Energy,100.73,40,0,47,0,87,3,11,-5,11,20,107
ADSK,Autodesk,324.83,6,17,5,15,43,11,17,16,20,64,107
QS,QuantumScape,13.52,53,5,12,0,70,54,5,14,-37,36,106
EXP,Eagle Materials,228.47,-15,44,-21,58,66,-22,56,6,-1,39,105
MUSA,Murphy USA,392.45,0,1,-19,69,51,2,6,-35,80,53,104
TRGP,Targa Resources,170.16,13,1,0,52,66,5,4,-26,55,38,104
SAIL,SailPoint,22.34,51,8,0,0,59,23,13,8,0,44,103
EWBC,East West Bancorp,106.29,-5,22,15,23,55,-10,22,15,20,47,102
MSM,MSC Industrial Direct,90.87,-6,22,13,59,88,-16,24,16,-10,14,102
CEG,Constellation Energy,336.64,17,2,22,0,41,21,3,16,20,60,101
PVH,PVH Corp.,87.77,13,29,0,2,44,32,28,5,-8,57,101
HBAN,Huntington Bancshares,17.34,-5,22,15,22,54,-9,22,16,17,46,100
PSX,Phillips 66,132.32,0,22,0,42,64,5,22,15,-6,36,100
GWW,W. W. Grainger,975.95,-21,0,-9,95,65,-13,-3,-7,58,35,100
LAMR,Lamar Advertising,124.34,-30,22,7,65,64,-22,22,14,22,36,100
NTRA,Natera,172.85,-1,24,7,19,49,-3,28,6,20,51,100
KR,Kroger,65.37,-42,-19,85,68,92,-42,-22,56,16,8,100
POST,Post Holdings,104.49,1,-12,-4,88,73,-10,-7,-14,58,27,100
STLD,Steel Dynamics,136.66,0,7,6,56,69,-6,21,16,-1,30,99
GNTX,Gentex,28.41,-2,58,0,0,56,-14,56,10,-9,43,99
INCY,Incyte,84.53,-1,79,9,0,87,-5,-3,12,8,12,99
ROP,Roper Technologies,503.82,-7,-37,-8,183,131,1,-54,-7,27,-33,98
EXLS,EXL Service,43.16,0,-1,0,66,65,17,-3,5,14,33,98
SNOW,Snowflake Inc.,223.6,2,18,21,0,41,21,18,16,2,57,98
COKE,Coca-Cola Consolidated,114.74,-39,-1,0,87,47,2,17,-21,53,51,98
O,Realty Income,59.57,-23,37,16,8,38,2,27,16,14,59,97
ZS,Zscaler,289.29,28,0,23,6,57,-1,6,16,19,40,97
LVS,Las Vegas Sands,53.08,0,93,12,3,108,-2,-7,13,-15,-11,97
ENTG,Entegris,95.78,60,9,-50,0,19,57,21,5,-6,77,96
REG,Regency Centers,71.49,1,1,0,54,56,7,-4,16,20,39,95
EXC,Exelon,44.23,11,1,61,15,88,18,-15,-7,11,7,95
TXT,Textron,83.02,0,9,0,54,63,4,17,16,-6,31,94
UHS,Universal Health Services,194.75,14,25,0,23,62,14,29,-10,-2,31,93
RDDT,Reddit,237.39,-7,68,3,0,64,-16,37,8,0,29,93
ADM,Archer Daniels Midland,60.67,-5,94,8,0,97,3,-3,16,-21,-5,92
AVT,Avnet,53.01,0,10,7,46,63,22,-7,16,-3,28,91
FAF,First American Financial Corporation,65.34,-21,42,8,15,44,-14,39,3,19,47,91
ES,Eversource Energy,69.41,21,3,21,0,45,19,7,16,3,45,90
RNR,RenaissanceRe,244.79,11,4,-14,36,37,22,-12,14,29,53,90
WTM,White Mountains Insurance Group,1767.7,9,-10,-5,60,54,18,-13,-26,57,36,90
RPRX,Royalty Pharma,36.24,9,0,38,0,47,6,3,32,1,42,89
MTSI,MACOM Technology Solutions,128.85,-26,-4,5,59,34,1,9,14,30,54,88
USB,U.S. Bancorp,49.36,1,26,6,5,38,-6,27,13,16,50,88
VOYA,Voya Financial,76.16,-3,34,7,5,43,5,28,14,-2,45,88
RGA,Reinsurance Group of America,187.9,0,11,-9,41,43,3,-5,-7,54,45,88
CHWY,Chewy,38.26,0,0,47,0,47,44,-3,-7,6,40,87
JNJ,Johnson & Johnson,176.58,-16,59,14,8,65,6,-2,11,7,22,87
FR,First Industrial Realty Trust,51.84,-7,25,0,15,33,4,21,14,15,54,87
DRI,Darden Restaurants,186.63,-30,-4,50,62,78,-42,22,-2,31,9,87
ARMK,Aramark,37.98,0,-19,21,41,43,5,-35,16,57,43,86
RKT,Rocket Companies,19.62,-17,49,10,0,42,-20,46,15,2,43,85
LAD,Lithia Motors,334.21,-2,20,0,15,33,1,22,7,22,52,85
EQIX,Equinix,803.09,15,0,-14,35,36,29,6,-14,27,48,84
HIW,Highwoods Properties,31.73,-5,19,6,7,27,4,22,16,14,56,83
MSTR,MicroStrategy,327.78,-2,-28,105,20,95,-12,-38,16,21,-13,82
HSY,Hershey Company (The),190.75,1,59,10,0,70,9,13,10,-20,12,82
META,Meta Platforms,755.23,-4,0,23,30,49,-12,6,14,24,32,81
ROIV,Roivant Sciences,14.74,0,30,7,0,37,-19,46,16,1,44,81
MAR,Marriott International,261.95,-6,-2,0,59,51,-6,-5,13,28,30,81
CSCO,Cisco,67.53,2,-1,54,15,70,-9,-22,16,26,11,81
DOCU,DocuSign,84.82,64,6,0,-13,57,5,14,-8,12,23,80
FHB,"First Hawaiian, Inc.",25.09,-4,22,6,15,39,-10,22,13,15,40,79
SWKS,Skyworks Solutions,81.27,29,15,0,-31,13,34,25,13,-6,66,79
TFSL,Third Federal S&L,13.39,0,26,9,6,41,6,-4,16,20,38,79
WWD,"Woodward, Inc.",239.14,-5,-1,25,36,55,9,-29,16,27,23,78
DLR,Digital Realty,174.16,2,3,3,23,31,5,6,16,20,47,78
APTV,Aptiv,85.46,28,30,7,-25,40,31,26,16,-37,36,76
ZG,Zillow (Class A),76.46,-15,0,60,0,45,-21,22,9,21,31,76
CLF,Cleveland-Cliffs,11.51,0,58,0,-17,41,16,18,9,-9,34,75
SHC,Sotera Health,16.0,-2,32,7,0,37,5,32,8,-7,38,75
INTC,Intel,29.35,49,29,0,-21,57,-3,28,6,-13,18,75
VNO,Vornado Realty Trust,41.7,0,15,4,5,24,5,15,14,16,50,74
RS,"Reliance, Inc.",283.11,-56,-37,-2,116,21,-22,-2,-1,78,53,74
ALLY,Ally Financial,42.69,-3,22,8,5,32,-12,23,14,17,42,74
IR,Ingersoll Rand,81.32,25,0,-27,24,22,27,12,13,-1,51,73
RMD,Resmed,275.61,11,0,23,14,48,9,-13,15,14,25,73
NVST,Envista,20.84,-4,78,10,0,84,5,5,12,-33,-11,73
PAG,Penske Automotive Group,174.76,-60,0,21,63,24,-22,-4,16,58,48,72
GPC,Genuine Parts Company,138.67,-27,46,7,0,26,-5,53,16,-18,46,72
EQT,EQT Corporation,50.95,7,-37,47,43,60,7,-6,-1,11,11,71
MAS,Masco,71.59,-30,59,-3,66,92,-48,-3,7,22,-22,70
HLT,Hilton Worldwide,263.69,-50,0,22,65,37,-4,-4,14,27,33,70
HHH,Howard Hughes Holdings,80.57,-2,33,4,0,35,-14,28,5,15,34,69
WMS,Advanced Drainage Systems,144.31,7,35,2,4,48,7,2,16,-4,21,69
EOG,EOG Resources,116.04,-27,-3,-4,46,12,1,-6,9,52,56,68
NYT,New York Times Company,57.97,-12,34,8,17,47,-8,-9,16,22,21,68
INGM,Ingram Micro,21.05,10,10,0,0,20,21,13,13,0,47,67
COLB,Columbia Banking System,26.4,7,42,2,0,51,-2,-4,11,11,16,67
INFA,Informatica,24.81,-2,84,0,0,82,-15,-6,14,-8,-15,67
CWEN-A,Clearway Energy (Class A),26.94,0,-23,64,7,48,16,-37,28,11,18,66
AOS,A. O. Smith,72.17,-14,15,0,59,60,-22,17,16,-6,5,65
SSD,Simpson Manufacturing Company,179.39,-56,0,7,157,108,-50,-4,12,-2,-44,64
SPR,Spirit AeroSystems,38.89,0,-9,24,0,15,4,-6,36,15,49,64
CWEN,Clearway Energy (Class C),28.3,0,-23,64,5,46,16,-37,28,11,18,64
RIVN,Rivian,15.51,28,6,2,0,36,42,16,-9,-22,27,63
BRO,Brown & Brown,92.18,-2,-102,-5,164,55,5,-8,-16,27,8,63
SUI,Sun Communities,128.98,-2,17,9,-25,-1,5,30,16,12,63,62
TEM,Tempus AI,84.08,-1,30,0,0,29,-5,28,9,0,32,61
DBX,Dropbox,30.75,-15,19,5,10,19,2,24,6,9,41,60
HXL,Hexcel,61.88,-6,65,-3,0,56,7,-3,10,-10,4,60
NDSN,Nordson,224.94,-5,23,0,2,20,4,27,16,-8,39,59
CPNG,Coupang,32.24,-3,12,23,0,32,-19,12,16,18,27,59
BXP,"BXP, Inc.",76.2,0,19,4,1,24,-15,20,16,14,35,59
MSCI,MSCI,569.51,-27,3,0,15,-9,5,29,13,21,68,59
PNW,Pinnacle West Capital,87.1,2,-18,1,19,4,16,-16,28,27,55,59
RBRK,Rubrik,81.46,0,-10,0,0,-10,21,-2,50,0,69,59
PCOR,Procore,73.99,7,7,0,0,14,5,13,6,20,44,58
DECK,Deckers Brands,112.0,-25,19,-30,94,58,-22,16,-26,32,0,58
NTNX,Nutanix,76.09,-14,10,4,23,23,-15,9,16,25,35,58
KNSL,Kinsale Capital Group,427.86,-13,-22,-3,34,-4,-15,-10,-1,86,60,56
BEPC,Brookfield Renewable Partners,34.15,-2,2,16,0,16,2,11,16,11,40,56
IT,Gartner,258.08,55,-70,-27,0,-42,55,10,-25,58,98,56
ED,Consolidated Edison,98.54,6,-20,1,48,35,7,-23,-10,46,20,55
LUV,Southwest Airlines,33.34,35,1,6,-40,2,33,1,13,5,52,54
TROW,T. Rowe Price,104.7,-4,78,4,-26,52,-4,-5,12,-1,2,54
PRU,Prudential Financial,103.14,-5,0,-19,56,32,-4,-6,10,20,20,52
CPRT,Copart,45.29,-48,-6,-19,177,104,-47,-5,-29,29,-52,52
M,"Macy's, Inc.",17.12,-4,59,4,-16,43,-12,22,5,-7,8,51
GEV,GE Vernova,633.6,14,3,2,0,19,11,4,17,0,32,51
DNB,Dun & Bradstreet,9.15,29,52,-28,0,53,46,-13,2,-37,-2,51
PSN,Parsons Corporation,80.15,35,5,0,0,40,2,2,9,-2,11,51
REXR,Rexford Industrial,42.23,-21,78,0,-19,38,4,29,12,-33,12,50
TOST,"Toast, Inc.",37.96,-13,-16,83,0,54,-12,-26,16,18,-4,50
DDOG,Datadog,137.46,0,3,5,0,8,20,10,13,-1,42,50
TPL,Texas Pacific Land Corporation,932.41,2,0,-15,59,46,4,-3,-11,14,4,50
UWMC,United Wholesale Mortgage,6.4,-17,33,0,0,16,2,33,4,-5,34,50
NEE,NextEra Energy,72.32,14,0,1,0,15,18,-13,16,14,35,50
ELF,e.l.f. Beauty,136.01,-14,19,0,32,37,-19,24,14,-6,13,50
GEN,Gen Digital,28.96,0,-7,21,17,31,-6,-9,16,17,18,49
CNM,Core & Main,51.25,0,-11,2,0,-9,21,-4,16,25,58,49
IPGP,IPG Photonics,81.81,1,92,7,-45,55,5,22,12,-45,-6,49
JAZZ,Jazz Pharmaceuticals,129.39,32,33,0,-7,58,5,25,1,-40,-9,49
ALSN,Allison Transmission,87.38,-5,-3,-11,36,17,-3,26,-27,35,31,48
AMZN,Amazon,220.74,-15,-1,23,22,29,-14,-1,13,21,19,48
APA,APA Corporation,24.0,0,33,0,-13,20,5,31,11,-20,27,47
MSGS,Madison Square Garden Sports,215.85,0,11,3,22,36,-15,18,9,-1,11,47
PATH,UiPath,12.52,35,2,-17,0,20,35,12,-9,-11,27,47
PR,Permian Resources,13.6,7,1,0,27,35,5,-7,16,-3,11,46
DKNG,DraftKings,43.28,0,0,0,0,0,21,-4,8,21,46,46
RITM,Rithm Capital,11.76,-29,0,23,33,27,-20,-4,16,27,19,46
CUZ,Cousins Properties,28.62,-21,18,0,12,9,-16,22,16,14,36,45
GLPI,Gaming and Leisure Properties,46.38,-46,1,0,66,21,-42,22,-14,58,24,45
COIN,Coinbase,320.14,-2,-2,15,0,11,-4,4,15,19,34,45
WDAY,"Workday, Inc.",240.37,35,5,-16,15,39,5,13,-10,-3,5,44
VZ,Verizon,43.38,-23,33,36,11,57,-21,-13,6,15,-13,44
RRX,Regal Rexnord,144.31,13,-12,0,4,5,35,-8,13,-2,38,43
VNOM,Viper Energy,38.49,0,0,-15,45,30,7,-8,-34,48,13,43
RVMD,Revolution Medicines,44.18,0,13,-2,0,11,-2,19,16,-1,32,43
SNV,Synovus,49.77,-14,-2,5,22,11,-14,17,14,15,32,43
AIG,American International Group,76.68,-5,-3,0,54,46,-12,-7,-6,22,-3,43
CTVA,Corteva,69.48,-49,-7,59,0,3,-12,24,16,12,40,43
HPQ,HP Inc.,28.53,0,30,-31,2,1,7,31,5,-2,41,42
OVV,Ovintiv,41.83,7,6,0,3,16,5,15,13,-7,26,42
TXN,Texas Instruments,182.04,7,-15,-3,23,12,6,-11,16,17,28,40
LNW,Light & Wonder,87.28,-21,7,-9,58,35,5,-5,-21,26,5,40
ALGM,Allegro MicroSystems,31.39,33,-3,17,0,47,34,-39,14,-17,-8,39
SEB,Seaboard Corporation,3670.0,-29,67,11,0,49,-22,-3,14,1,-10,39
AUR,Aurora Innovation,6.14,49,1,-7,0,43,21,-17,-24,16,-4,39
EQR,Equity Residential,65.66,0,1,-2,14,13,5,16,-9,14,26,39
APG,APi Group,34.41,-7,0,24,0,17,-12,-9,16,27,22,39
KEX,Kirby Corporation,86.42,7,-38,-9,36,-4,14,-31,16,43,42,38
PLD,Prologis,114.44,0,22,5,0,27,-20,21,16,-6,11,38
DVN,Devon Energy,34.47,-3,30,-4,-6,17,2,26,15,-23,20,37
BHF,Brighthouse Financial,53.52,19,3,0,1,23,11,3,-9,9,14,37
ROK,Rockwell Automation,342.73,-5,9,21,16,41,-5,-4,16,-12,-5,36
ESS,Essex Property Trust,267.92,1,0,0,15,16,1,13,-9,15,20,36
HLNE,Hamilton Lane,149.95,0,0,-4,26,22,2,-15,4,22,13,35
SLM,Sallie Mae,27.97,-3,-27,0,23,-7,-3,-27,50,22,42,35
Z,Zillow (Class C),79.24,-15,0,17,0,2,-21,22,10,21,32,34
EFX,Equifax,257.57,-6,9,-10,17,10,-20,9,16,19,24,34
MDLZ,Mondelez International,63.82,42,-39,2,0,5,33,6,-1,-10,28,33
MANH,Manhattan Associates,213.71,-5,-1,-35,66,25,-6,5,9,-1,7,32
AVB,AvalonBay Communities,194.41,0,0,-9,17,8,4,17,-13,16,24,32
XP,XP Inc.,19.5,0,10,5,0,15,-12,16,22,-9,17,32
OHI,Omega Healthcare Investors,41.66,-46,52,12,41,59,-69,-2,11,32,-28,31
EGP,EastGroup Properties,168.22,4,2,0,9,15,5,1,16,-6,16,31
FDX,FedEx,233.79,13,3,-32,33,17,7,3,8,-5,13,30
XYZ,"Block, Inc.",76.65,35,6,2,-37,6,7,-8,10,14,23,29
TTEK,Tetra Tech,34.27,-13,-3,-35,120,69,-22,-29,12,-2,-41,28
FRT,Federal Realty Investment Trust,100.06,-30,25,-3,2,-6,4,25,7,-2,34,28
QRVO,Qorvo,93.85,16,6,0,-32,-10,33,-4,14,-6,37,27
LCID,Lucid Motors,22.24,73,-25,-10,0,38,44,4,-23,-36,-11,27
ZM,Zoom Communications,82.58,-10,19,6,-1,14,-19,21,6,5,13,27
KIM,Kimco Realty,21.91,-69,30,5,56,22,-47,22,14,15,4,26
ROST,Ross Stores,145.68,-56,36,6,36,22,-28,-4,5,30,3,25
MHK,Mohawk Industries,127.82,-35,55,-1,-12,7,-47,59,8,-2,18,25
VICI,Vici Properties,31.93,-84,0,64,16,-4,-54,-4,29,58,29,25
TDC,Teradata,22.33,73,5,-85,-18,-25,59,7,1,-17,50,25
HST,Host Hotels & Resorts,17.43,-15,25,4,3,17,-22,22,14,-7,7,24
VVV,Valvoline,37.4,-21,0,-1,32,10,-22,28,13,-5,14,24
CRM,Salesforce,244.55,0,-1,-19,23,3,28,-2,-27,22,21,24
TKR,Timken Company,76.74,-5,9,-1,5,8,-14,22,13,-6,15,23
CF,CF Industries,87.14,11,-33,3,5,-14,15,-4,16,9,36,22
MDB,MongoDB Inc.,319.11,-30,27,4,-10,-9,14,19,8,-10,31,22
PNFP,Pinnacle Financial Partners,95.03,-5,-2,-10,16,-1,-13,17,-1,19,22,21
RAL,Ralliant,44.07,28,0,0,0,28,31,-38,0,0,-7,21
AWK,American Water Works,137.18,2,-12,32,0,22,4,-12,-2,9,-1,21
DOX,Amdocs,83.27,-7,-31,0,59,21,-4,-18,16,6,0,21
GAP,Gap Inc.,22.86,-42,3,0,19,-20,5,25,-9,20,41,21
THO,Thor Industries,102.33,-70,77,7,3,17,1,-3,12,-7,3,20
HOG,Harley-Davidson,28.82,-30,30,0,-10,-10,4,27,11,-12,30,20
CPT,Camden Property Trust,108.02,0,0,0,0,0,18,-1,-9,12,20,20
MTD,Mettler Toledo,1258.13,-12,78,-29,0,37,-16,-7,10,-6,-19,18
GLIBA,GCI Liberty (Series A),35.82,0,0,0,0,0,21,-4,0,0,17,17
ETSY,Etsy,62.64,70,0,3,-31,42,-5,2,16,-38,-25,17
BSY,Bentley Systems,52.53,-5,-1,15,0,9,5,-7,16,-7,7,16
ECL,Ecolab,265.82,-56,-4,22,23,-15,5,-10,16,20,31,16
ON,ON Semiconductor,50.41,38,-18,-43,-2,-25,40,4,12,-16,40,15
FCNCA,First Citizens BancShares,1851.95,-47,-13,-2,60,-2,-12,-6,13,22,17,15
FANG,Diamondback Energy,142.18,13,-14,-35,48,12,5,-7,10,-6,2,14
BLD,TopBuild,397.93,-21,0,8,47,34,-22,-7,12,-4,-21,13
VRTX,Vertex Pharmaceuticals,379.68,-33,-35,-8,105,29,-39,-4,-12,38,-17,12
TRU,TransUnion,88.25,-15,-3,-1,4,-15,-16,12,14,15,25,10
GPN,Global Payments,86.12,18,45,-33,-40,-10,31,-4,4,-11,20,10
CFLT,"Confluent, Inc.",19.88,0,0,-9,0,-9,28,13,-24,1,18,9
CFR,Frost Bank,125.5,-5,-2,0,5,-2,-12,-2,14,11,11,9
APD,Air Products,276.66,-8,-1,-1,17,7,-11,-6,8,11,2,9
LOAR,Loar Holdings,78.61,0,4,0,0,4,-7,20,-9,0,4,8
CERT,"Certara, Inc.",11.6,58,9,-21,0,46,5,3,-13,-33,-38,8
GTM,ZoomInfo,11.92,0,10,0,0,10,4,20,12,-38,-2,8
S,SentinelOne,18.45,0,0,-31,0,-31,27,14,-1,-2,38,7
BA,Boeing,216.32,0,-8,14,0,6,4,-7,16,-12,1,7
SOLV,Solventum,73.37,0,0,0,0,0,-17,12,12,0,7,7
GXO,GXO Logistics,50.42,-4,2,7,0,5,4,-8,15,-9,2,7
MTCH,Match Group,36.95,-10,77,10,-38,39,-6,1,11,-39,-33,6
NNN,NNN Reit,42.11,-29,1,6,23,1,-42,16,16,15,5,6
HSIC,Schein (Henry),69.22,7,0,-11,0,-4,7,-1,-1,4,9,5
SMMT,Summit Therapeutics,19.12,6,-12,0,15,9,5,-26,-3,20,-4,5
BC,Brunswick Corporation,62.54,-21,77,-44,-8,4,-22,22,10,-10,0,4
AGCO,AGCO,109.64,-1,0,13,0,12,5,-17,17,-14,-9,3
UGI,UGI Corporation,32.97,-44,-20,48,5,-11,-14,-33,55,6,14,3
CI,Cigna,289.98,-49,0,-3,59,7,-21,27,-9,-2,-5,2
DAY,Dayforce,68.83,-27,26,6,-13,-8,-18,22,6,-1,9,1
CR,Crane Co.,181.86,-3,-8,22,0,11,-12,-20,16,6,-10,1
IP,International Paper,46.37,-4,-16,0,17,-3,-14,-8,9,17,4,1
SBUX,Starbucks,85.69,13,-15,-7,0,-9,21,-23,4,8,10,1
ESAB,ESAB,109.39,-4,-34,-3,0,-41,12,-4,16,18,42,1
SJM,J.M. Smucker Company (The),108.01,6,0,-1,-5,0,24,-4,4,-24,0,0
AES,AES Corporation,13.14,16,2,0,-12,6,21,-14,12,-25,-6,0
CAR,Avis Budget Group,159.35,11,-14,15,-21,-9,15,12,19,-38,8,-1
DVA,DaVita,132.85,2,-21,-9,21,-7,19,-7,-26,20,6,-1
HAS,Hasbro,74.82,-56,0,20,4,-32,8,-7,16,12,29,-3
PK,Park Hotels & Resorts,11.65,-11,30,-32,0,-13,-15,22,9,-6,10,-3
OMC,Omnicom Group,76.29,-5,30,-33,2,-6,4,-3,3,-2,2,-4
DOV,Dover Corporation,169.08,-56,-18,-9,107,24,-51,-9,12,20,-28,-4
SARO,StandardAero,26.92,-2,-29,0,0,-31,7,3,16,0,26,-5
SFD,Smithfield Foods,24.13,0,-4,0,0,-4,2,-13,10,0,-1,-5
GLIBK,GCI Liberty (Series C),35.52,-3,0,0,0,-3,5,-8,0,0,-3,-6
AR,Antero Resources,33.35,7,-46,-2,11,-30,8,11,-6,11,24,-6
BILL,Bill.com,53.5,16,18,-30,0,4,6,18,4,-38,-10,-6
MOS,Mosaic Company (The),33.97,0,1,22,-17,6,-14,12,21,-31,-12,-6
EG,Everest Group,337.92,0,0,-42,56,14,6,22,-43,-6,-21,-7
QSR,Restaurant Brands International,64.15,6,-33,-6,41,8,12,-34,16,-9,-15,-7
A,Agilent Technologies,125.94,-4,19,-29,0,-14,-19,25,7,-6,7,-7
PENN,Penn Entertainment,19.75,5,29,1,-35,0,10,22,6,-45,-7,-7
ZBRA,Zebra Technologies,314.06,-2,-2,-8,-8,-20,-12,1,10,14,13,-7
LEN-B,Lennar (Class B),117.21,-49,0,-2,63,12,-22,-3,7,-2,-20,-8
KD,Kyndryl,31.56,-6,-35,0,0,-41,5,10,-3,21,33,-8
STAG,STAG Industrial,35.22,-73,0,0,97,24,-40,-3,16,-5,-32,-8
QGEN,Qiagen,45.62,-2,-10,18,0,6,-3,-33,16,6,-14,-8
BBY,Best Buy,73.02,-30,30,-30,-7,-37,1,27,4,-3,29,-8
EIX,Edison International,55.33,0,37,-38,0,-1,-14,2,6,-2,-8,-9
ESTC,Elastic NV,86.8,-5,12,-19,-7,-19,-4,18,1,-5,10,-9
REYN,Reynolds Consumer Products,22.97,-1,34,-34,0,-1,-2,-5,3,-4,-8,-9
LEN,Lennar (Class A),123.24,-50,0,-3,65,12,-22,-3,7,-4,-22,-10
VLTO,Veralto,105.4,-22,0,8,0,-14,-18,6,15,0,3,-11
GNRC,Generac,166.72,-7,0,9,-35,-33,11,-13,13,11,22,-11
TMO,Thermo Fisher Scientific,470.23,-11,44,-28,0,5,-10,-4,1,-4,-17,-12
CMG,Chipotle Mexican Grill,39.67,9,-43,-12,81,35,7,-44,-10,-1,-48,-13
SEE,Sealed Air,33.51,-4,23,0,-25,-6,-14,26,14,-33,-7,-13
UNH,UnitedHealth Group,347.83,7,15,-24,-5,-7,5,27,-37,-2,-7,-14
VTRS,Viatris,9.59,-6,0,-3,-1,-10,-4,-6,8,-2,-4,-14
ACGL,Arch Capital Group,88.47,-45,-2,-14,63,2,-2,-6,-7,-1,-16,-14
OWL,Blue Owl Capital,18.62,0,-24,-10,0,-34,-11,1,8,22,20,-14
AS,Amer Sports,34.3,-14,-3,10,0,-7,-14,-9,16,0,-7,-14
TTC,Toro Company (The),77.12,-21,49,-2,-1,25,-22,-3,7,-21,-39,-14
LPX,Louisiana-Pacific,86.08,-51,-5,-3,64,5,-48,-5,6,27,-20,-15
ARW,Arrow Electronics,121.03,-35,-5,7,5,-28,10,-5,16,-9,12,-16
CSGP,CoStar Group,85.31,-18,0,12,15,9,-22,-23,29,-10,-26,-17
ELV,Elevance Health,323.66,24,0,-50,-3,-29,30,1,-16,-4,11,-18
DT,Dynatrace,47.78,-7,-33,-8,0,-48,-1,-3,13,21,30,-18
WAT,Waters Corporation,299.23,-2,-1,-11,0,-14,-16,22,-26,15,-5,-19
OXY,Occidental Petroleum,46.42,-3,23,-61,0,-41,2,25,12,-17,22,-19
LBTYK,Liberty Global (Series C),11.69,-6,37,-46,-31,-46,-16,74,5,-37,26,-20
IOT,Samsara,38.41,-4,0,-16,0,-20,-12,13,-23,21,-1,-21
SN,SharkNinja,109.66,-14,0,14,0,0,-12,-24,13,2,-21,-21
MOH,Molina Healthcare,182.58,0,0,-19,-3,-22,5,19,-15,-9,0,-22
CBSH,Commerce Bancshares,58.65,-5,-35,-2,12,-30,-12,-10,16,14,8,-22
CTRA,Coterra,23.46,-22,-3,-11,45,9,-26,-2,-18,14,-32,-23
CNXC,Concentrix,55.08,0,6,0,0,6,-9,13,1,-34,-29,-23
GTLB,GitLab,48.86,-3,12,-27,0,-18,4,19,-26,-2,-5,-23
SWK,Stanley Black & Decker,75.28,-15,59,-35,-40,-31,-22,28,5,-3,8,-23
HAL,Halliburton,24.3,11,19,-69,0,-39,7,17,1,-10,15,-24
OTIS,Otis Worldwide,89.11,-5,-3,-10,0,-18,-18,5,-20,27,-6,-24
CIVI,Civitas Resources,33.24,7,31,-61,-1,-24,7,-5,5,-10,-3,-27
VKTX,Viking Therapeutics,24.97,14,-25,-46,22,-35,21,-17,11,-7,8,-27
CACC,Credit Acceptance,490.64,-5,7,-1,0,1,-14,-4,-4,-6,-28,-27
QXO,"QXO, Inc.",19.83,-22,-2,0,-15,-39,-14,14,19,-7,12,-27
ABNB,Airbnb,123.5,24,-33,-9,0,-18,-3,-7,6,-6,-10,-28
ISRG,Intuitive Surgical,447.74,0,-39,-9,23,-25,21,-47,-4,27,-3,-28
FOUR,Shift4,83.78,-14,-35,-6,0,-55,2,-6,6,25,27,-28
MAA,Mid-America Apartment Communities,141.11,0,-39,-3,0,-42,18,-2,-14,12,14,-28
NUE,Nucor,135.24,-30,0,0,0,-30,3,-5,13,-9,2,-28
HRB,H&R Block,49.8,-28,-74,-7,53,-56,-21,6,-12,53,26,-30
DIS,Walt Disney Company (The),112.26,-30,-8,21,-1,-18,-28,-4,16,4,-12,-30
PAYX,Paychex,129.29,-112,-39,-2,168,15,-21,-32,-7,15,-45,-30
LBTYA,Liberty Global (Series A),11.54,-6,37,-46,-32,-47,-16,37,7,-11,17,-30
PINS,Pinterest,35.29,-12,-2,0,-1,-15,-19,-2,12,-6,-15,-30
BG,Bunge Global,78.46,-30,-2,0,0,-32,1,-10,16,-6,1,-31
NCNO,nCino,29.32,-8,19,-32,0,-21,-18,-1,11,-2,-10,-31
PEN,"Penumbra, Inc.",254.24,-54,18,0,12,-24,3,-2,-12,4,-7,-31
DLB,Dolby Laboratories,72.15,0,-1,-9,0,-10,7,-11,-26,9,-21,-31
GDDY,GoDaddy,143.03,-7,-53,-9,23,-46,8,9,-25,23,15,-31
CNA,CNA Financial,45.66,-93,0,0,58,-35,6,-8,-15,21,4,-31
GEHC,GE HealthCare,74.61,-25,13,-26,0,-38,-22,14,5,9,6,-32
VFC,VF Corporation,14.82,0,22,-26,-44,-48,-15,20,3,8,16,-32
ONON,On Holding AG,45.86,28,-38,-5,0,-15,33,-69,-2,21,-17,-32
HOLX,Hologic,67.64,16,2,-41,0,-23,4,-15,9,-8,-10,-33
DOC,Healthpeak Properties,18.9,13,14,-23,-32,-28,5,17,-38,10,-6,-34
OLED,Universal Display Corporation,147.04,15,0,-43,0,-28,33,-49,16,-6,-6,-34
OKE,Oneok,72.59,-2,-37,-19,55,-3,-16,-37,-31,52,-32,-35
MGM,MGM Resorts International,34.78,-14,-2,-3,0,-19,-12,-8,13,-10,-17,-36
MCHP,Microchip Technology,64.71,-4,-12,0,0,-16,-16,-13,16,-8,-21,-37
OSK,Oshkosh Corporation,131.55,-52,0,17,5,-30,-16,-8,14,3,-7,-37
CCK,Crown Holdings,94.78,-15,-25,23,6,-11,-40,-16,16,13,-27,-38
RGEN,Repligen,124.01,29,2,-22,-18,-9,34,1,-26,-38,-29,-38
CTSH,Cognizant,67.67,-17,-39,-9,15,-50,5,-4,-9,19,11,-39
BIRK,Birkenstock,46.1,0,-13,-5,0,-18,-4,-11,-7,0,-22,-40
BIO,Bio-Rad Laboratories,283.05,0,59,-33,-29,-3,-3,-4,7,-38,-38,-41
MTDR,Matador Resources,46.81,-3,-5,-35,0,-43,5,-5,9,-7,2,-41
LEA,Lear Corporation,103.08,-60,30,0,-18,-48,-14,22,15,-16,7,-41
TECH,Bio-Techne,52.93,10,0,-33,-25,-48,20,-8,1,-7,6,-42
CPAY,Corpay,298.05,-27,-37,-4,22,-46,-21,-6,4,26,3,-43
REGN,Regeneron Pharmaceuticals,567.96,-4,30,-47,0,-21,-7,-12,2,-5,-22,-43
WTRG,Essential Utilities,37.52,0,-6,12,0,6,-40,-9,-7,6,-50,-44
EXR,Extra Space Storage,138.58,-30,-2,-9,0,-41,-47,13,16,14,-4,-45
PB,Prosperity Bancshares,65.09,-6,-40,-10,15,-41,-12,-6,-1,15,-4,-45
CUBE,CubeSmart,40.1,-27,0,-29,2,-54,-22,18,16,-3,9,-45
KDP,Keurig Dr Pepper,26.5,-14,-21,-5,-1,-41,-14,-15,24,-1,-6,-47
IPG,Interpublic Group of Companies (The),26.09,-30,45,-49,0,-34,4,-3,4,-18,-13,-47
FTV,Fortive,48.45,0,-3,-27,0,-30,5,9,-23,-9,-18,-48
SW,Smurfit Westrock,43.8,-77,-8,-3,17,-71,1,-2,6,18,23,-48
IQV,IQVIA,186.45,-3,9,-46,0,-40,-14,5,8,-7,-8,-48
ARE,Alexandria Real Estate Equities,87.0,7,30,-43,-31,-37,4,19,1,-36,-12,-49
K,Kellanova,77.06,-33,-5,0,22,-16,-32,-4,-13,14,-35,-51
PCTY,Paylocity,165.65,-5,-21,-4,-4,-34,5,-25,-3,6,-17,-51
ALK,Alaska Air Group,54.13,-50,0,-1,3,-48,-47,30,4,10,-3,-51
FND,Floor & Decor,81.99,-20,14,-41,-7,-54,-22,28,4,-7,3,-51
EXAS,Exact Sciences,52.41,-21,13,-34,-26,-68,20,21,-8,-17,16,-52
RLI,RLI Corp.,64.75,-72,-77,-16,177,12,-17,-11,-35,-1,-64,-52
VRSK,Verisk Analytics,242.26,-70,-41,-2,115,2,-68,-7,-8,29,-54,-52
EL,Estée Lauder Companies (The),87.7,0,0,0,-27,-27,5,-9,14,-36,-26,-53
COP,ConocoPhillips,93.48,0,1,-51,0,-50,5,-7,8,-9,-3,-53
TWLO,Twilio,103.47,-2,-32,0,-35,-69,-9,-2,12,12,13,-56
OGN,Organon & Co.,10.53,-1,13,-35,0,-23,5,15,-48,-5,-33,-56
ADBE,Adobe Inc.,361.96,35,0,-42,-7,-14,2,8,-46,-6,-42,-56
WST,West Pharmaceutical Services,250.86,-20,13,-33,-8,-48,-22,14,7,-9,-10,-58
SON,Sonoco,45.66,-23,-1,-2,0,-26,-38,7,13,-15,-33,-59
CPB,Campbell Soup Company,33.77,7,15,-38,-7,-23,5,9,-45,-6,-37,-60
AA,Alcoa,31.52,-7,22,-27,-21,-33,-29,27,8,-33,-27,-60
CHE,Chemed Corporation,453.47,0,0,-17,0,-17,-15,-4,-15,-9,-43,-60
NOV,NOV Inc.,13.08,2,1,-61,-13,-71,5,15,7,-16,11,-60
PFE,Pfizer,24.14,0,-3,-5,-24,-32,-3,-11,13,-29,-30,-62
PEP,PepsiCo,141.92,0,0,-48,0,-48,2,-7,5,-14,-14,-62
OC,Owens Corning,144.68,-46,0,-30,59,-17,-46,-4,5,-1,-46,-63
CHRD,Chord Energy,102.02,-5,0,-56,0,-61,1,-6,10,-7,-2,-63
MPW,Medical Properties Trust,4.95,0,13,3,-37,-21,-12,19,-13,-36,-42,-63
YETI,Yeti Holdings,34.71,-20,6,-41,-7,-62,-19,16,10,-11,-4,-66
OKTA,"Okta, Inc.",92.21,28,-74,-4,-25,-75,21,-10,-9,7,9,-66
CART,Maplebear Inc.,42.45,-34,-9,0,0,-43,-40,4,13,0,-23,-66
UHAL,U-Haul,57.72,6,-40,-21,0,-55,5,-4,-34,21,-12,-67
PAYC,Paycom,219.65,1,-21,25,-25,-20,-2,-24,16,-38,-48,-68
SAIA,Saia,302.34,-14,0,-32,0,-46,-22,7,-1,-6,-22,-68
INGR,Ingredion,122.08,-84,-37,-4,35,-90,-26,-7,-2,57,22,-68
BBWI,"Bath & Body Works, Inc.",26.57,0,-12,-31,-16,-59,5,-5,-2,-7,-9,-68
KMB,Kimberly-Clark,123.9,-56,-8,-5,19,-50,-15,-15,-17,27,-20,-70
BDX,Becton Dickinson,186.49,-15,33,-34,-6,-22,1,-8,-25,-16,-48,-70
ST,Sensata Technologies,30.71,-6,0,0,-16,-22,-22,-4,14,-36,-48,-70
BLDR,Builders FirstSource,121.21,-49,-2,-34,66,-19,-49,-4,6,-4,-51,-70
DG,Dollar General,103.68,-21,-3,0,-18,-42,-12,-18,28,-27,-29,-71
BJ,BJ's Wholesale Club,96.05,-21,-60,0,11,-70,-26,-27,-8,59,-2,-72
CCI,Crown Castle,94.36,0,-20,-2,-29,-51,5,-31,-1,6,-21,-72
TTD,Trade Desk (The),46.86,0,-32,-33,-2,-67,12,-24,7,-1,-6,-73
SIRI,Sirius XM,23.06,-57,20,-3,-32,-72,12,-1,6,-18,-1,-73
RH,RH,218.45,-14,0,-30,-8,-52,-22,-3,4,-1,-22,-74
PYPL,PayPal,67.31,-3,-28,-9,-40,-80,-14,1,9,10,6,-74
DLTR,Dollar Tree,94.67,-21,-12,0,-16,-49,-12,-21,31,-23,-25,-74
SAIC,SAIC,98.6,-32,-14,-4,0,-50,-8,-14,-1,-2,-25,-75
CNC,Centene,32.76,7,0,-50,-12,-55,5,23,-19,-29,-20,-75
ZBH,Zimmer Biomet,100.29,-3,33,-3,-18,9,11,-6,-70,-19,-84,-75
CNH,CNH Industrial,10.95,0,-28,-3,0,-31,-3,-44,-1,3,-45,-76
MIDD,Middleby,134.05,-61,0,-9,0,-70,5,-3,-22,14,-6,-76
CHDN,Churchill Downs Incorporated,96.76,0,-17,-37,0,-54,5,-34,8,-2,-23,-77
DUOL,Duolingo,299.37,14,-59,0,0,-45,23,-73,-7,24,-33,-78
DHR,Danaher Corporation,189.7,-9,-11,-35,-1,-56,-12,-14,9,-5,-22,-78
RYN,Rayonier,25.86,-50,35,-3,0,-18,-47,-7,4,-10,-60,-78
AKAM,Akamai Technologies,75.26,-12,0,-32,-8,-52,-4,20,-32,-11,-27,-79
POOL,Pool Corporation,313.07,-20,0,-29,-7,-56,-22,6,3,-10,-23,-79
TYL,Tyler Technologies,528.39,-70,-22,-1,18,-75,-6,-24,7,19,-4,-79
COO,Cooper Companies (The),67.47,13,-18,-33,-6,-44,20,-13,-38,-4,-35,-79
HAYW,Hayward Holdings,14.87,-56,0,0,0,-56,-50,-5,14,17,-24,-80
CAVA,Cava Group,65.14,12,-29,-20,0,-37,21,-33,-34,3,-43,-80
RNG,RingCentral,30.56,-7,29,-32,-42,-52,-16,26,6,-46,-30,-82
AMT,American Tower,194.23,0,-35,-3,-1,-39,-21,-34,-1,12,-44,-83
CCCS,CCC Intelligent Solutions,9.37,-26,-2,-34,0,-62,-18,-4,8,-7,-21,-83
FI,Fiserv,129.85,-26,-52,-20,36,-62,-17,-12,-21,28,-22,-84
SRPT,Sarepta Therapeutics,17.93,14,0,-35,-8,-29,19,-12,-56,-7,-56,-85
CLX,Clorox,120.39,-22,-3,-23,-6,-54,-21,9,-33,14,-31,-85
ADC,Agree Realty,71.43,-40,-6,0,17,-29,-40,-20,-11,14,-57,-86
CZR,Caesars Entertainment,26.38,6,0,-32,-26,-52,3,-4,4,-38,-35,-87
JHX,James Hardie Industries,19.32,-6,-24,-33,-2,-65,7,-20,-6,-4,-23,-88
LII,Lennox International,530.61,-56,-21,-3,39,-41,-53,-34,10,28,-49,-90
WH,Wyndham Hotels & Resorts,82.6,-52,-5,-9,12,-54,-46,-10,4,16,-36,-90
KHC,Kraft Heinz,26.56,7,-12,-48,-1,-54,23,-30,-20,-11,-38,-92
GIS,General Mills,50.56,9,0,-47,-5,-43,1,9,-43,-20,-53,-96
LBRDK,Liberty Broadband (Series C),61.3,0,-42,-9,-37,-88,5,-13,-9,9,-8,-96
BAH,Booz Allen Hamilton,98.3,-46,-16,-36,102,4,-45,-15,-38,-2,-100,-96
TXRH,Texas Roadhouse,159.68,-47,-32,-5,65,-19,-39,-68,-2,32,-77,-96
KBR,"KBR, Inc.",47.83,-21,-1,-36,0,-58,-14,-9,-14,-2,-39,-97
DAR,Darling Ingredients,31.54,-14,-4,-12,-21,-51,-19,-10,14,-31,-46,-97
AMTM,Amentum,22.57,-98,-5,0,0,-103,8,-19,16,0,5,-98
BEN,Franklin Templeton Investments,24.04,-91,0,14,0,-77,-4,-10,16,-23,-21,-98
IAC,IAC Inc.,34.8,-14,-3,-8,-32,-57,-14,14,-3,-39,-42,-99
PCG,PG&E Corporation,14.73,-30,0,-36,2,-64,2,-1,-35,-2,-36,-100
PSA,Public Storage,282.33,-51,0,-17,2,-66,-47,-3,16,-1,-35,-101
CDW,CDW,164.58,-28,-35,-48,0,-111,2,9,8,-9,10,-101
LULU,Lululemon Athletica,173.33,14,-75,-17,-4,-82,32,-13,-26,-13,-20,-102
RYAN,Ryan Specialty,54.49,19,-63,-9,0,-53,7,-69,-15,26,-51,-104
INVH,Invitation Homes,29.67,-50,-43,-14,0,-107,5,-8,-9,15,3,-104
TSN,Tyson Foods,53.85,-56,-4,-7,-29,-96,4,-8,-17,12,-9,-105
ILMN,"Illumina, Inc.",99.36,-1,0,-34,-41,-76,-4,5,8,-41,-32,-108
KVUE,Kenvue,17.24,-33,-21,-4,0,-58,-14,-31,-9,4,-50,-108
FCN,FTI Consulting,157.98,-30,-10,-43,0,-83,-21,-4,6,-6,-25,-108
ATR,AptarGroup,132.0,-70,-37,-9,21,-95,-22,-34,16,26,-14,-109
SITE,SiteOne Landscape Supply,133.94,-69,0,-2,-10,-81,-26,-4,9,-9,-30,-111
BIIB,Biogen,139.25,-21,29,-90,-28,-110,-21,36,3,-19,-1,-111
ACN,Accenture,235.43,-9,-54,-29,-1,-93,-5,-8,-25,20,-18,-111
CRL,Charles River Laboratories,150.25,-6,-8,-60,-27,-101,-12,-2,12,-9,-11,-112
LW,Lamb Weston,54.31,-21,29,-78,-9,-79,-26,-1,9,-15,-33,-112
MRNA,Moderna,25.78,28,-34,-61,-5,-72,35,-35,-1,-40,-41,-113
KMPR,Kemper Corporation,51.49,-54,-34,-12,-1,-101,-14,-4,-9,15,-12,-113
ACHC,Acadia Healthcare,22.01,-2,8,-54,-12,-60,13,-2,-48,-17,-54,-114
SNDR,Schneider National,21.98,-32,-18,-11,0,-61,-48,-12,8,-1,-53,-114
PPG,PPG Industries,106.23,-8,-2,-52,-9,-71,-42,-8,16,-9,-43,-114
IRDM,Iridium Communications,17.74,-8,-38,-10,-20,-76,-13,-4,-1,-20,-38,-114
LINE,"Lineage, Inc.",38.98,-25,-33,0,0,-58,-25,6,-37,0,-56,-114
EW,Edwards Lifesciences,74.57,-88,-8,0,-15,-111,2,-6,36,-36,-4,-115
SBAC,SBA Communications,198.79,0,-35,-5,-21,-61,-21,-35,-4,6,-54,-115
MAT,Mattel,17.06,-70,-12,-10,0,-92,-1,-4,13,-32,-24,-116
AMCR,Amcor,8.09,-12,-28,-7,-1,-48,-21,-37,-7,-3,-68,-116
AVY,Avery Dennison,163.32,-30,-21,-41,0,-92,-22,-12,13,-6,-27,-119
DXCM,Dexcom,68.22,-41,-21,-5,-15,-82,-40,-4,16,-10,-38,-120
PPC,Pilgrim's Pride,40.65,-77,-13,0,22,-68,-41,-20,-10,19,-52,-120
OLN,Olin Corporation,22.69,-24,22,-66,-10,-78,-44,22,4,-24,-42,-120
GFS,GlobalFoundries,33.07,13,-35,-88,0,-110,40,-39,6,-18,-11,-121
MASI,Masimo,140.36,-21,-34,-5,-7,-67,5,-49,-21,11,-54,-121
CARR,Carrier Global,59.72,-66,-36,-5,0,-107,-26,-32,16,27,-15,-122
CROX,Crocs,78.11,-4,-33,-48,-2,-87,-14,-6,-10,-6,-36,-123
AVTR,Avantor,12.24,-15,-1,-35,0,-51,-14,-6,-46,-6,-72,-123
JBHT,J. B. Hunt,131.96,-30,-18,-37,-1,-86,-22,-11,6,-11,-38,-124
VIRT,Virtu Financial,35.01,-97,-17,0,15,-99,-88,-29,77,15,-25,-124
ALB,Albemarle Corporation,80.13,49,9,-134,-24,-100,-2,-8,10,-26,-26,-126
KNX,Knight-Swift,39.45,-30,-21,-31,-3,-85,-22,-5,-1,-14,-42,-127
ENPH,Enphase Energy,37.35,-3,0,-52,-21,-76,12,19,-59,-25,-53,-129
CHTR,Charter Communications,267.12,13,-42,-10,-37,-76,5,-47,-10,-2,-54,-130
WEX,WEX Inc.,159.03,-31,0,-49,0,-80,-48,-3,10,-9,-50,-130
BURL,Burlington Stores,260.15,-79,0,7,4,-68,-82,-8,9,18,-63,-131
EMN,Eastman Chemical Company,64.25,-30,-2,-27,-2,-61,-22,-4,-41,-3,-70,-131
MRK,Merck & Co.,79.96,-54,0,-53,-1,-108,-12,-6,1,-7,-24,-132
DPZ,Domino's,423.89,-70,-35,-2,11,-96,-49,-5,-1,19,-36,-132
ELS,Equity Lifestyle Properties,60.32,-29,-4,-27,0,-60,-40,8,-38,-4,-74,-134
BROS,Dutch Bros. Coffee,55.35,-89,-7,-1,0,-97,-48,-7,6,12,-37,-134
BRKR,Bruker,33.31,49,-38,-66,-9,-64,5,3,-70,-10,-72,-136
SLB,Schlumberger,34.5,-48,0,-76,0,-124,4,21,-27,-11,-13,-137
FBIN,Fortune Brands Innovations,54.13,-48,-1,-32,-6,-87,-48,-4,5,-3,-50,-137
LKQ,LKQ Corporation,30.38,-48,-7,-12,-3,-70,-48,18,-20,-18,-68,-138
AXTA,Axalta,29.21,-52,-1,-22,23,-52,-47,-3,-35,-1,-86,-138
BMY,Bristol Myers Squibb,44.9,-54,-3,-6,-6,-69,-51,-7,-20,6,-72,-141
MTN,Vail Resorts,147.0,-15,-13,-39,-24,-91,-18,-8,12,-37,-51,-142
BALL,Ball Corporation,48.52,-30,-27,-9,-12,-78,-41,-35,16,-6,-66,-144
UHAL-B,U-Haul (Series N),51.37,-30,-40,-29,0,-99,4,-4,-43,-2,-45,-144
EPAM,EPAM Systems,154.04,-5,-10,-32,-28,-75,-3,-8,-23,-38,-72,-147
TFX,Teleflex,122.07,-46,24,-48,-40,-110,-21,36,-44,-11,-40,-150
UDR,"UDR, Inc.",37.48,-56,-38,-4,-1,-99,-48,-6,-11,14,-51,-150
GMED,Globus Medical,56.77,-112,-4,-21,-1,-138,5,-6,-26,13,-14,-152
CE,Celanese,42.62,-25,-32,-49,-11,-117,-22,-2,-3,-10,-37,-154
EEFT,Euronet Worldwide,87.38,-33,-39,-9,-4,-85,-40,-39,-6,14,-71,-156
DOW,Dow Inc.,22.86,-27,-2,-49,-2,-80,-22,18,-64,-9,-77,-157
AMH,American Homes 4 Rent,33.52,-110,-39,-14,69,-94,-70,-8,-2,16,-64,-158
SMG,Scotts Miracle-Gro Company,57.71,-30,-18,-28,-40,-116,-48,-4,12,-2,-42,-158
FIS,Fidelity National Information Services,63.38,-30,-35,-8,-38,-111,-21,-37,-3,12,-49,-160
CAG,Conagra Brands,18.2,-30,-7,-38,-8,-83,-22,-11,-20,-24,-77,-160
DJT,Trump Media & Technology Group,17.48,16,-80,-62,0,-126,16,-11,-30,-10,-35,-161
IEX,IDEX Corporation,159.4,-22,-39,-34,-3,-98,-14,-10,-34,-7,-65,-163
RVTY,Revvity,85.72,0,-39,-26,-25,-90,-3,-44,-31,4,-74,-164
AAL,American Airlines Group,12.2,-83,61,-27,-77,-126,1,-5,5,-40,-39,-165
KMX,CarMax,57.61,-30,-3,-25,-37,-95,-39,-1,-29,-1,-70,-165
WLK,Westlake Corporation,79.7,-30,0,-46,-1,-77,-22,-2,-58,-7,-89,-166
CL,Colgate-Palmolive,80.16,-70,-54,-12,24,-112,-47,-15,-20,27,-55,-167
JKHY,Jack Henry & Associates,149.97,-30,-38,-9,-1,-78,-25,-69,-9,12,-91,-169
RARE,Ultragenyx,28.36,-55,0,-33,-39,-127,5,-4,-41,-4,-44,-171
TW,Tradeweb,111.57,-98,-34,-4,1,-135,-26,-30,-5,24,-37,-172
SAM,Boston Beer Company,216.04,-9,15,-41,-38,-73,-13,-4,-37,-45,-99,-172
SFM,Sprouts Farmers Market,119.37,-146,-41,-1,47,-141,-47,-39,-5,58,-33,-174
BFAM,Bright Horizons,108.45,-140,-11,-5,0,-156,-15,-17,-2,16,-18,-174
TEAM,Atlassian,165.66,-30,-53,-12,-7,-102,-61,-1,-24,12,-74,-176
NKE,"Nike, Inc.",70.94,-117,0,-4,-22,-143,2,-11,13,-37,-33,-176
ASH,Ashland Global,49.38,-56,-3,-47,-10,-116,-48,-7,5,-11,-61,-177
FMC,FMC Corporation,34.63,-24,-18,-46,-25,-113,-40,-8,8,-27,-67,-180
CMCSA,Comcast,31.63,-72,-40,-41,-10,-163,2,-4,-8,-9,-19,-182
WING,Wingstop,254.06,-109,-14,-3,39,-87,-114,-27,14,32,-95,-182
BMRN,BioMarin Pharmaceutical,53.39,-11,-12,-56,-21,-100,-12,-26,-21,-23,-82,-182
WHR,Whirlpool Corporation,79.94,-51,-5,-11,-27,-94,-48,-2,-2,-37,-89,-183
MORN,"Morningstar, Inc.",235.88,-50,-38,-26,29,-85,-44,-51,-4,-1,-100,-185
NWL,Newell Brands,5.39,-65,0,-33,-32,-130,-22,-2,4,-37,-57,-187
APLS,Apellis Pharmaceuticals,23.18,-83,0,-76,-17,-176,5,-4,7,-19,-11,-187
DXC,DXC Technology,13.68,-5,0,-31,-74,-110,-2,-3,-38,-35,-78,-188
FRPT,Freshpet,49.23,-30,-70,-30,-7,-137,-22,-27,-26,20,-55,-192
NSA,National Storage Affiliates,29.82,-72,0,-21,-5,-98,-49,-3,-42,-2,-96,-194
G,Genpact,41.06,-84,-10,-3,0,-97,-82,-6,-21,11,-98,-195
HRL,Hormel Foods,24.44,-17,-48,-16,-24,-105,-14,-44,-3,-31,-92,-197
BRBR,BellRing Brands,36.62,-1,-97,-19,0,-117,5,-89,-25,28,-81,-198
ODFL,Old Dominion Freight Line,139.32,-56,-39,-32,0,-127,-22,-13,-37,-2,-74,-201
LSTR,Landstar,120.75,-32,-40,-41,-1,-114,-26,-5,-48,-8,-87,-201
COLM,Columbia Sportswear,52.66,-72,-2,-27,-7,-108,-82,-3,-22,14,-93,-201
UAA,Under Armour (Class A),4.78,-5,-32,-34,-45,-116,-15,-34,-1,-38,-88,-204
WSC,WillScot Mobile Mini,21.94,-27,-37,-71,-7,-142,-22,-31,4,-13,-62,-204
TREX,"Trex Company, Inc.",52.27,-72,-8,-60,-14,-154,-49,-4,8,-7,-52,-206
WY,Weyerhaeuser,24.4,-56,-8,-29,0,-93,-52,-12,-41,-9,-114,-207
ACI,Albertsons,17.58,-112,-50,-3,0,-165,-22,-12,-9,1,-42,-207
GLOB,Globant,56.72,-1,-89,-32,-8,-130,-4,-37,-32,-8,-81,-211
UA,Under Armour (Class C),4.7,-18,-32,-34,-38,-122,-18,-34,-1,-38,-91,-213
INSP,Inspire Medical Systems,77.13,-19,-90,-29,-7,-145,-17,-7,-34,-18,-76,-221
ZTS,Zoetis,142.55,-112,-11,-41,-4,-168,-28,-12,-8,-6,-54,-222
PRMB,Primo Brands,22.34,-84,-79,-4,23,-144,-76,-7,-16,19,-80,-224
DV,DoubleVerify,12.01,-98,-11,-76,0,-185,-21,-13,5,-11,-40,-225
MAN,ManpowerGroup,37.34,-30,-20,-52,-29,-131,4,-12,-52,-37,-97,-228
TAP,Molson Coors,44.06,-84,-10,-19,-1,-114,-80,-12,-20,-4,-116,-230
MKC,McCormick & Company,64.29,-57,-54,-12,-3,-126,-48,-53,-20,11,-110,-236
LYB,LyondellBasell,50.36,-48,-37,-50,-6,-141,-22,-2,-64,-8,-96,-237
CHH,Choice Hotels,108.41,-126,-34,-9,0,-169,-26,-35,-23,15,-69,-238
WU,Western Union,8.13,-70,0,-29,-47,-146,-21,-4,-64,-6,-95,-241
IFF,International Flavors & Fragrances,62.38,-56,-39,-29,-32,-156,-45,-5,-41,-2,-93,-249
CLVT,Clarivate,3.95,-51,-3,-83,-7,-144,-68,-3,9,-43,-105,-249
FDS,FactSet,288.36,-70,-46,-11,-1,-128,-69,-42,-9,-2,-122,-250
UPS,United Parcel Service,84.41,0,-40,-112,-17,-169,5,-12,-40,-35,-82,-251
BF-A,Brown–Forman (Class A),26.72,-15,-12,-108,-19,-154,-21,-9,-48,-25,-103,-257
ALGN,Align Technology,128.99,-58,-38,-73,-26,-195,-2,-12,-9,-39,-62,-257
COTY,Coty,3.99,-15,-25,-70,-8,-118,-21,-37,-72,-10,-140,-258
BF-B,Brown–Forman (Class B),27.03,-14,-15,-109,-19,-157,-22,-9,-41,-29,-101,-258
MKTX,MarketAxess,179.24,-30,-42,-34,-30,-136,-23,-57,-8,-45,-133,-269
GPK,Graphic Packaging,19.08,-140,-18,-25,0,-183,-47,-15,-38,-1,-101,-284
TGT,Target Corporation,87.06,-168,-18,-37,-12,-235,-22,-24,4,-7,-49,-284
HUN,Huntsman Corporation,9.4,-56,-3,-51,-16,-126,-82,-3,-46,-34,-165,-291
BAX,Baxter International,22.85,-41,-54,-29,-39,-163,-61,-7,-20,-42,-130,-293
SLGN,Silgan Holdings,42.01,-112,-39,-9,0,-160,-110,-39,-3,14,-138,-298
XRAY,Dentsply Sirona,12.95,-71,-38,-87,-43,-239,-22,-3,-1,-41,-67,-306
FLO,Flowers Foods,13.07,-72,-27,-43,-9,-151,-68,-20,-63,-24,-175,-326
RHI,Robert Half,33.78,-30,-167,-35,-10,-242,-22,-4,-33,-33,-92,-334
PRGO,Perrigo,21.1,-111,-34,-8,-114,-267,-14,-7,-8,-56,-85,-352
COLD,Americold,12.65,-30,-121,-47,-12,-210,-26,-63,-47,-16,-152,-362
WEN,Wendy's Company (The),9.08,-112,-63,-43,-9,-227,-77,-10,-38,-16,-141,-368
STZ,Constellation Brands,131.75,-190,-21,-51,-4,-266,-104,-24,-67,-9,-204,-470
