Symbol,Name,Close,1H Cloud Score,1D Cloud Score,1W Cloud Score,1M Cloud Score,Cloud Score Sum,1H TKx Score,1D TKx Score,1W TKx Score,1M TKx Score,TKx Score Sum,Total Score Sum
RSG,Republic Services,248.16,-9,26,116,175,308,-23,17,85,158,237,545
TJX,TJX Companies,123.49,-63,0,140,196,273,-18,-13,109,191,269,542
AJG,Arthur J. Gallagher & Co.,320.16,0,-9,157,184,332,11,-4,20,105,132,464
WM,"Waste Management, Inc.",231.92,-11,25,87,185,286,-23,17,19,157,170,456
ORLY,O'Reilly Auto Parts,89.71,-34,-7,155,197,311,2,-2,46,87,133,444
CTVA,Corteva,73.7,294,41,45,0,380,-2,41,2,9,50,430
JPM,JPMorgan Chase,274.99,29,30,115,156,330,26,41,2,24,93,423
MSFT,Microsoft,477.23,126,35,8,171,340,13,43,2,23,81,421
IBM,IBM,280.97,94,33,101,52,280,-3,41,48,54,140,420
HEI,HEICO (Common),315.52,43,35,17,187,282,40,33,8,55,136,418
NFG,National Fuel Gas,85.67,41,112,52,50,255,45,43,63,8,159,414
CTAS,Cintas,218.66,-27,48,11,163,195,-18,43,5,185,215,410
ORCL,Oracle Corporation,205.12,126,27,3,196,352,-9,34,2,25,52,404
ROL,"Rollins, Inc.",56.48,-25,50,23,284,332,-23,43,15,33,68,400
WRB,W. R. Berkley Corporation,73.71,7,83,86,174,350,-17,-3,16,53,49,399
RBLX,Roblox Corporation,102.12,203,40,45,0,288,45,41,8,9,103,391
HEI-A,HEICO (Class A),248.89,42,36,18,180,276,40,34,9,28,111,387
CASY,Casey's,500.19,0,8,105,85,198,-5,8,109,76,188,386
HWM,Howmet Aerospace,173.3,7,41,140,27,215,-9,41,84,52,168,383
COR,Cencora,293.71,41,105,36,69,251,14,5,47,65,131,382
CF,CF Industries,100.35,308,27,7,2,344,-9,39,2,6,38,382
PGR,Progressive Corporation,261.92,-68,-8,97,175,196,-17,-4,14,187,180,376
RTX,RTX Corporation,146.67,107,27,69,52,255,-5,33,76,12,116,371
FTI,TechnipFMC,35.15,114,28,9,25,176,123,32,2,35,192,368
WELL,Welltower,151.28,-1,25,108,56,188,12,21,125,22,180,368
SO,Southern Company,89.3,0,1,68,188,257,1,17,15,77,110,367
NFLX,Netflix,1231.18,8,46,108,18,180,40,43,79,18,180,360
ICE,Intercontinental Exchange,178.43,0,34,104,159,297,-7,35,14,19,61,358
BSX,Boston Scientific,101.31,0,5,136,142,283,26,-10,2,55,73,356
CAH,Cardinal Health,163.39,42,50,47,36,175,42,41,40,55,178,353
COST,Costco,980.28,-77,37,109,178,247,-77,-4,2,182,103,350
ORI,Old Republic International,37.32,5,2,139,56,202,-17,-3,109,53,142,344
PM,Philip Morris International,183.22,0,101,62,53,216,-19,43,77,25,126,342
MCK,McKesson Corporation,720.9,0,101,34,56,191,12,41,30,65,148,339
HUBB,Hubbell Incorporated,395.78,16,26,0,180,222,20,44,-17,69,116,338
NRG,NRG Energy,151.95,-2,41,95,92,226,-14,-2,105,19,108,334
SPOT,Spotify,707.43,34,42,104,10,190,-8,43,87,18,140,330
PWR,Quanta Services,360.78,30,35,9,97,171,40,43,2,70,155,326
GS,Goldman Sachs,640.71,76,28,84,56,244,21,39,2,19,81,325
AXON,Axon Enterprise,777.21,1,39,137,92,269,-17,43,2,28,56,325
CDNS,Cadence Design Systems,295.4,-17,40,9,139,171,-31,5,2,178,154,325
CBOE,Cboe Global Markets,226.15,18,24,136,53,231,9,19,14,49,91,322
LYV,Live Nation Entertainment,148.88,20,29,86,145,280,20,3,1,14,38,318
NVDA,Nvidia,143.78,28,27,6,132,193,63,35,2,24,124,317
AM,Antero Midstream,18.38,0,34,140,21,195,2,-3,70,53,122,317
MNST,Monster Beverage,63.12,-2,78,18,178,272,-17,41,11,2,37,309
NDAQ,"Nasdaq, Inc.",86.12,0,34,68,142,244,10,41,2,12,65,309
BRO,Brown & Brown,108.66,21,-37,108,161,253,37,-4,-2,24,55,308
AXS,AXIS Capital,102.6,-4,42,78,43,159,-17,41,74,51,149,308
PLTR,Palantir Technologies,137.3,0,41,108,0,149,-14,43,111,18,158,307
DRI,Darden Restaurants,225.44,28,47,36,59,170,26,41,40,28,135,305
UNM,Unum,79.27,0,28,177,38,243,8,-4,2,52,58,301
WMT,Walmart,96.11,0,42,119,99,260,11,-2,2,27,38,298
FAST,Fastenal,40.95,-18,50,115,104,251,-29,42,8,24,45,296
RRC,Range Resources,43.22,56,28,26,40,150,62,29,2,53,146,296
OLLI,Ollie's Bargain Outlet,121.81,28,28,107,14,177,33,9,55,21,118,295
BR,Broadridge Financial Solutions,236.44,-45,27,106,143,231,-4,41,2,23,62,293
DE,Deere & Company,521.22,28,30,41,107,206,-1,41,37,8,85,291
CHD,Church & Dwight,96.42,-35,0,-8,342,299,-40,15,-6,23,-8,291
INTU,Intuit,761.19,0,41,9,189,239,-11,41,2,18,50,289
AAPL,Apple Inc.,200.94,1,0,-2,249,248,5,-17,-17,69,40,288
LOPE,Grand Canyon Education,188.63,0,39,139,33,211,26,-8,26,32,76,287
FWONK,Liberty Formula 1 (Series C),103.49,19,31,62,55,167,26,38,2,54,120,287
FWONA,Liberty Formula 1 (Series A),93.19,14,30,61,60,165,20,39,1,54,114,279
EMR,Emerson Electric,128.33,91,28,8,62,189,28,34,2,24,88,277
MU,Micron Technology,123.61,98,27,1,20,146,93,33,2,-3,125,271
AZO,AutoZone,3648.73,0,0,86,84,170,8,-9,46,55,100,270
KLAC,KLA Corporation,850.0,0,28,6,175,209,-9,43,2,24,60,269
CACI,CACI,453.56,43,11,0,152,206,-2,2,6,55,61,267
WMB,Williams Companies,60.48,7,27,104,50,188,3,19,2,55,79,267
MA,Mastercard,532.7,-35,0,118,153,236,-36,41,2,24,31,267
ADI,Analog Devices,228.31,0,28,3,177,208,-3,34,2,24,57,265
VIRT,Virtu Financial,42.52,29,42,68,12,151,37,2,63,12,114,265
RS,"Reliance, Inc.",307.17,-6,38,3,113,148,-3,43,2,75,117,265
RCL,Royal Caribbean Group,272.48,9,28,113,26,176,20,41,2,25,88,264
BWXT,BWX Technologies,142.32,133,26,5,33,197,-7,43,2,29,67,264
LH,Labcorp,261.84,121,34,47,13,215,5,34,-7,16,48,263
STE,Steris,235.65,-27,31,6,193,203,-21,41,14,23,57,260
ETN,Eaton Corporation,331.28,28,28,0,112,168,-2,41,-17,70,92,260
JBL,Jabil,206.15,28,31,11,63,133,27,41,3,55,126,259
V,Visa Inc.,338.4,-35,0,129,131,225,-35,41,2,24,32,257
TRV,Travelers Companies (The),265.05,0,42,83,56,181,10,-4,16,54,76,257
RBC,RBC Bearings,372.34,-24,32,85,56,149,5,41,6,55,107,256
ALL,Allstate,195.35,-15,27,89,157,258,-16,-4,3,15,-2,256
MTSI,MACOM Technology Solutions,136.99,95,28,8,56,187,14,40,-13,27,68,255
LPLA,LPL Financial,379.83,1,29,37,97,164,-3,37,2,55,91,255
MKL,Markel,1959.59,28,27,60,53,168,30,41,-10,24,85,253
RBA,RB Global,104.83,-6,39,96,25,154,-26,2,101,20,97,251
BK,BNY Mellon,91.63,16,30,86,38,170,26,34,2,17,79,249
TDG,TransDigm Group,1441.38,6,41,11,155,213,-19,-2,2,55,36,249
TKO,TKO Group Holdings,174.99,28,38,63,38,167,26,5,2,48,81,248
NI,NiSource,39.53,0,25,66,43,134,2,17,81,12,112,246
CME,CME Group,274.13,1,2,46,134,183,9,-5,42,17,63,246
EBAY,eBay,77.62,-5,37,69,12,113,3,41,74,14,132,245
DUK,Duke Energy,115.39,-25,-13,68,181,211,1,5,14,14,34,245
EME,Emcor,484.73,29,28,9,56,122,37,43,-13,55,122,244
PAG,Penske Automotive Group,173.66,28,29,7,60,124,20,43,2,55,120,244
NWS,News Corp (Class B),32.6,14,31,104,56,205,26,-8,2,19,39,244
LLY,Lilly (Eli),762.72,-9,-3,-1,170,157,-18,7,2,94,85,242
BYD,Boyd Gaming,76.43,28,28,40,57,153,20,41,2,25,88,241
MMC,Marsh McLennan,216.26,-69,-9,0,173,95,-23,-4,-3,176,146,241
MS,Morgan Stanley,132.66,14,28,68,62,172,13,39,2,14,68,240
EOG,EOG Resources,124.74,75,7,1,43,126,69,8,-13,49,113,239
PANW,Palo Alto Networks,199.24,28,28,9,79,144,-3,39,2,55,93,237
XOM,ExxonMobil,114.71,70,7,1,42,120,62,6,1,48,117,237
IBKR,Interactive Brokers,51.37,0,28,81,55,164,28,-1,-10,55,72,236
HOOD,Robinhood Markets,78.52,29,30,73,0,132,45,41,2,16,104,236
YUM,Yum! Brands,139.01,-28,-20,20,257,229,-47,-16,14,55,6,235
MSA,MSA Safety,164.95,8,30,-27,162,173,20,41,2,-3,60,233
VRSK,Verisk Analytics,305.99,-63,37,60,112,146,-26,34,51,26,85,231
EHC,Encompass Health,119.17,-8,42,135,27,196,-7,-1,16,27,35,231
MCD,McDonald's,287.33,-78,-9,44,240,197,-25,-12,14,55,32,229
SCHW,Charles Schwab Corporation,89.2,28,41,69,9,147,26,41,2,12,81,228
AN,AutoNation,196.4,8,30,9,59,106,20,43,2,55,120,226
HIG,Hartford (The),126.1,0,42,86,55,183,-16,-8,13,54,43,226
VRSN,Verisign,280.73,1,139,28,7,175,-7,7,44,5,49,224
ARES,Ares Management,165.75,-25,28,9,57,69,7,41,2,104,154,223
RJF,Raymond James Financial,148.96,28,27,84,56,195,33,-10,-12,17,28,223
COF,Capital One,198.4,7,34,86,19,146,18,41,2,16,77,223
MP,MP Materials,37.71,105,11,24,0,140,36,8,37,2,83,223
GOOGL,Alphabet (Class A),166.69,-8,17,0,174,183,-8,39,-11,19,39,222
GOOG,Alphabet (Class C),167.72,-8,17,0,174,183,-8,39,-11,19,39,222
LMT,Lockheed Martin,470.5,0,6,-21,163,148,-16,17,2,70,73,221
AON,AON,354.64,0,-4,0,175,171,7,-4,-7,54,50,221
PR,Permian Resources,14.73,90,27,2,24,143,-1,30,2,47,78,221
DTE,DTE Energy,132.36,-27,0,66,187,226,-26,-9,19,11,-5,221
ADP,Automatic Data Processing,305.28,-62,31,77,178,224,-60,-1,2,55,-4,220
PSX,Phillips 66,124.76,63,27,0,39,129,63,29,1,-3,90,219
EXE,Expand Energy,122.06,29,48,33,0,110,35,33,33,8,109,219
PAYX,Paychex,149.09,-57,34,76,165,218,-16,-1,5,12,0,218
SGI,Somnigroup International,65.31,8,28,33,62,131,20,41,2,24,87,218
LIN,Linde plc,455.87,-27,26,5,108,112,-41,41,2,104,106,218
GGG,Graco Inc.,83.97,-12,28,-2,176,190,10,-12,2,27,27,217
VLO,Valero Energy,141.16,56,28,0,42,126,62,30,1,-3,90,216
EQT,EQT Corporation,60.45,35,34,33,40,142,37,-5,33,8,73,215
AVGO,Broadcom,250.0,-9,31,11,114,147,-5,43,2,28,68,215
L,Loews Corporation,89.15,3,28,104,53,188,7,-4,2,22,27,215
MDLZ,Mondelez International,68.33,7,1,1,180,189,7,15,11,-7,26,215
WWD,"Woodward, Inc.",237.91,28,37,11,33,109,40,39,2,24,105,214
USFD,US Foods,76.4,0,31,135,33,199,-10,-1,2,24,15,214
AME,Ametek,176.69,-21,28,0,104,111,5,-3,2,99,103,214
EPR,EPR Properties,58.29,14,30,49,27,120,12,41,22,19,94,214
MPWR,Monolithic Power Systems,685.9,-13,28,-18,155,152,-4,38,2,24,60,212
ATO,Atmos Energy,153.53,1,-4,66,43,106,7,-21,77,43,106,212
VST,Vistra Corp.,185.12,34,27,11,28,100,42,40,-13,43,112,212
TPR,"Tapestry, Inc.",84.33,28,28,72,19,147,20,34,-7,17,64,211
NTRA,Natera,171.86,30,19,84,16,149,25,17,2,17,61,210
BKNG,Booking Holdings,5292.73,-49,40,128,33,152,-9,41,2,24,58,210
DASH,DoorDash,220.46,30,27,89,0,146,5,40,2,16,63,209
CELH,Celsius Holdings,43.36,28,67,0,63,158,25,23,10,-7,51,209
CTRA,Coterra,26.97,98,6,3,42,149,33,20,-4,11,60,209
HCA,HCA Healthcare,377.5,16,42,6,95,159,18,-4,8,27,49,208
AXP,American Express,298.41,8,28,9,97,142,19,41,-13,19,66,208
DINO,HF Sinclair,41.85,76,30,0,0,106,70,35,2,-6,101,207
LRCX,Lam Research,90.48,0,28,1,150,179,-6,35,2,-3,28,207
MSI,Motorola Solutions,406.14,-63,-12,0,151,76,-30,-3,-19,183,131,207
FDS,FactSet,422.75,0,-7,-3,192,182,12,-10,1,21,24,206
TT,Trane Technologies,419.62,-12,36,8,162,194,-15,-2,2,27,12,206
T,AT&T,27.78,-2,25,62,14,99,-33,41,86,13,107,206
TTWO,Take-Two Interactive,238.34,28,48,37,11,124,20,5,37,18,80,204
HON,Honeywell,221.8,-45,28,8,176,167,-23,37,2,20,36,203
SPGI,S&P Global,503.86,-5,28,8,170,201,1,-9,-10,19,1,202
DTM,DT Midstream,106.3,3,34,95,0,132,4,41,2,23,70,202
CWEN-A,Clearway Energy (Class A),29.89,54,26,50,4,134,9,37,14,8,68,202
AR,Antero Resources,43.78,49,28,33,8,118,67,5,2,8,82,200
GWRE,Guidewire Software,237.75,-7,41,102,19,155,-17,41,2,18,44,199
KMI,Kinder Morgan,28.02,7,26,84,42,159,3,-2,-11,50,40,199
CWEN,Clearway Energy (Class C),31.69,52,26,50,2,130,9,37,14,8,68,198
DGX,Quest Diagnostics,179.43,0,42,60,16,118,-1,8,60,12,79,197
LNG,Cheniere Energy,234.97,-2,34,52,56,140,2,-1,2,54,57,197
APH,Amphenol,93.81,1,41,11,63,116,10,43,2,25,80,196
PTC,PTC Inc.,166.97,-18,27,-18,180,171,-15,35,-19,24,25,196
ACM,AECOM,109.61,-10,34,8,63,95,-14,41,2,70,99,194
FIX,Comfort Systems USA,500.06,1,31,9,62,103,-7,43,2,53,91,194
SLM,Sallie Mae,31.57,-2,35,82,20,135,10,-7,36,19,58,193
PEG,Public Service Enterprise Group,82.07,15,7,0,150,172,12,14,-20,15,21,193
OMF,OneMain Financial,54.13,14,28,9,58,109,19,39,2,24,84,193
HES,Hess Corporation,144.4,101,3,2,53,159,21,13,-3,1,32,191
MO,Altria,59.72,2,25,62,43,132,11,16,18,14,59,191
CSCO,Cisco,66.33,23,28,40,12,103,27,34,2,23,86,189
EQH,Equitable Holdings,53.32,0,28,84,9,121,12,34,2,17,65,186
ROP,Roper Technologies,561.45,-32,1,21,180,170,-35,-10,36,24,15,185
OGE,OGE Energy,43.95,-5,0,60,43,98,5,10,60,12,87,185
FYBR,Frontier Communications,36.18,0,0,81,0,81,20,-15,86,12,103,184
WCC,Wesco International,178.1,14,27,0,56,97,6,41,-16,55,86,183
NEM,Newmont,58.24,42,52,11,3,108,42,14,11,8,75,183
KR,Kroger,71.96,7,1,71,65,144,7,-24,42,13,38,182
MRVL,Marvell Technology,73.51,28,2,-13,104,121,25,33,-13,16,61,182
AMD,Advanced Micro Devices,128.25,28,27,-34,108,129,21,34,2,-5,52,181
APG,APi Group,51.23,28,35,10,0,73,40,41,2,24,107,180
ITT,ITT Inc.,150.77,-9,34,8,97,130,-19,41,2,24,48,178
UGI,UGI Corporation,36.29,1,42,34,2,79,12,41,41,3,97,176
BEN,Franklin Templeton Investments,22.77,71,31,0,0,102,51,41,2,-20,74,176
WFC,Wells Fargo,75.4,7,28,84,27,146,14,-3,2,17,30,176
IRM,Iron Mountain,101.34,-5,33,0,55,83,-4,41,2,54,93,176
MPC,Marathon Petroleum,169.11,70,30,0,47,147,-1,34,2,-6,29,176
NEU,NewMarket,649.81,0,50,11,27,88,6,42,14,25,87,175
ARMK,Aramark,40.1,0,32,7,38,77,5,36,2,54,97,174
CW,Curtiss-Wright,466.61,0,36,11,52,99,-17,43,2,47,75,174
ALNY,Alnylam Pharmaceuticals,309.69,41,27,9,13,90,33,35,2,13,83,173
NVT,Nvent Electric,70.26,29,28,0,10,67,87,41,-20,-3,105,172
AMGN,Amgen,289.38,-14,0,0,163,149,-21,16,-6,34,23,172
KO,Coca-Cola Company (The),68.85,-32,-3,20,180,165,-36,16,15,12,7,172
CAT,Caterpillar Inc.,360.58,1,27,0,62,90,9,34,-16,55,82,172
FTNT,Fortinet,99.85,-14,27,46,111,170,-11,-2,2,11,0,170
AIZ,Assurant,196.27,-5,1,0,150,146,-15,32,-12,17,22,168
EVR,Evercore,245.71,13,27,0,56,96,24,41,-18,24,71,167
SCI,Service Corporation International,78.57,-25,11,0,173,159,5,11,-19,11,8,167
STAG,STAG Industrial,36.36,-1,28,1,94,122,10,34,2,-2,44,166
MTG,MGIC Investment Corporation,27.03,17,41,11,53,122,9,7,2,26,44,166
TSCO,Tractor Supply Company,52.55,14,0,0,83,97,7,4,-25,83,69,166
TW,Tradeweb,139.35,9,6,101,0,116,37,-10,2,21,50,166
JCI,Johnson Controls,102.22,-7,36,67,17,113,-7,41,2,16,52,165
J,Jacobs Solutions,127.34,0,26,0,104,130,-7,41,-16,17,35,165
PLNT,Planet Fitness,107.24,14,24,55,11,104,11,35,2,12,60,164
NET,Cloudflare,179.32,22,28,31,0,81,25,38,2,17,82,163
ETR,Entergy,80.96,-27,-3,65,21,56,-27,41,81,12,107,163
AIG,American International Group,85.14,0,25,20,51,96,5,28,15,19,67,163
RL,Ralph Lauren Corporation,264.17,-7,30,86,32,141,-3,-3,2,24,20,161
EVRG,Evergy,67.18,0,9,50,12,71,2,9,69,8,88,159
SEIC,SEI Investments Company,83.2,-9,34,84,33,142,-8,-1,2,24,17,159
SYK,Stryker Corporation,375.57,-44,28,9,157,150,1,-8,-12,27,8,158
FERG,Ferguson Enterprises,214.87,1,30,3,63,97,-5,41,2,23,61,158
CVNA,Carvana,320.0,1,40,84,9,134,9,-1,2,14,24,158
POST,Post Holdings,112.48,0,0,0,85,85,7,8,2,55,72,157
MTZ,MasTec,163.65,30,34,11,16,91,12,41,2,11,66,157
GEV,GE Vernova,486.84,28,40,0,0,68,42,43,3,0,88,156
VICI,Vici Properties,32.28,0,9,50,13,72,5,9,15,55,84,156
ATI,ATI Inc.,82.45,-9,35,8,41,75,-12,41,2,50,81,156
TMUS,T-Mobile US,221.48,-60,-29,86,137,134,-61,-39,88,33,21,155
VRT,Vertiv,118.56,28,27,1,6,62,40,41,-13,24,92,154
GE,GE Aerospace,239.28,0,39,11,25,75,-9,39,22,27,79,154
SF,Stifel,97.46,14,18,0,57,89,26,33,-12,18,65,154
SHW,Sherwin-Williams,333.49,-44,-5,-2,188,137,1,-3,2,17,17,154
REG,Regency Centers,71.16,0,26,60,51,137,10,-13,2,17,16,153
PPL,PPL Corporation,33.76,-27,-5,68,21,57,2,2,80,12,96,153
MTDR,Matador Resources,51.4,91,8,-21,1,79,63,28,-14,-4,73,152
FFIV,"F5, Inc.",287.26,-20,27,86,12,105,-12,41,2,15,46,151
PPC,Pilgrim's Pride,45.43,-3,-12,78,19,82,-9,-33,95,16,69,151
PFGC,Performance Food Group,85.93,-48,31,45,41,69,-17,41,2,55,81,150
CVX,Chevron Corporation,149.48,70,1,1,46,118,21,11,-4,4,32,150
DLTR,Dollar Tree,98.74,77,45,0,-13,109,-2,44,17,-20,39,148
VMI,Valmont Industries,318.53,-9,18,54,56,119,-9,38,-9,8,28,147
KNSL,Kinsale Capital Group,475.68,7,13,8,31,59,2,22,-19,83,88,147
NWSA,News Corp (Class A),28.35,14,28,1,56,99,26,1,2,19,48,147
FICO,Fair Isaac,1805.03,7,-21,0,164,150,1,-14,-20,29,-4,146
NTRS,Northern Trust,111.89,28,28,8,9,73,26,34,2,11,73,146
GD,General Dynamics,278.67,0,50,0,52,102,-19,5,2,55,43,145
BSY,Bentley Systems,50.75,34,31,1,0,66,37,43,2,-4,78,144
WDC,Western Digital,59.28,28,28,4,16,76,26,39,2,1,68,144
RGLD,Royal Gold,179.36,-5,6,53,16,70,-16,15,60,14,73,143
CLH,Clean Harbors,226.15,-2,35,0,56,89,5,-9,2,55,53,142
DLR,Digital Realty,175.45,0,34,7,20,61,21,41,2,17,81,142
KEX,Kirby Corporation,112.21,1,28,0,33,62,-3,41,2,40,80,142
C,Citigroup,78.46,14,28,11,16,69,20,38,2,12,72,141
SNDK,SanDisk,46.58,76,4,0,0,80,33,28,0,0,61,141
UNP,Union Pacific Corporation,222.48,-21,0,-6,196,169,-43,9,-12,17,-29,140
BALL,Ball Corporation,56.23,89,28,-27,-9,81,20,40,2,-3,59,140
AMP,Ameriprise Financial,510.39,0,27,1,62,90,-4,-3,-12,69,50,140
BPOP,"Popular, Inc.",104.55,-23,35,9,57,78,1,41,2,17,61,139
CRWD,CrowdStrike,476.22,0,41,37,0,78,-2,43,2,18,61,139
ULTA,Ulta Beauty,473.91,23,38,4,2,67,33,41,4,-7,71,138
ABT,Abbott Laboratories,133.05,-18,25,48,11,66,-23,43,40,12,72,138
BAC,Bank of America,45.52,14,28,9,16,67,22,35,2,12,71,138
BJ,BJ's Wholesale Club,110.3,1,0,70,8,79,-19,-11,32,56,58,137
KKR,KKR & Co. Inc.,122.62,-5,17,0,101,113,7,10,-12,19,24,137
SNX,TD Synnex,124.39,0,28,7,61,96,-4,34,-9,19,40,136
LITE,Lumentum,89.75,29,26,6,1,62,45,34,-13,8,74,136
CINF,Cincinnati Financial,145.43,-56,34,77,60,115,8,-3,2,13,20,135
TXRH,Texas Roadhouse,192.99,17,29,1,62,109,-2,-3,2,29,26,135
ADC,Agree Realty,74.64,16,2,55,14,87,12,10,15,11,48,135
SYF,Synchrony Financial,62.34,14,28,9,19,70,19,41,-12,16,64,134
STT,State Street Corporation,99.68,13,30,9,14,66,19,35,1,12,67,133
LAMR,Lamar Advertising,120.01,0,18,0,62,80,12,41,-19,19,53,133
THC,Tenet Healthcare,167.86,23,37,6,55,121,18,-2,-27,22,11,132
CBRE,CBRE Group,133.9,0,12,84,20,116,7,8,-11,12,16,132
GTES,Gates Corporation,21.98,8,28,9,13,58,20,36,2,16,74,132
DELL,Dell Technologies,119.39,24,28,-17,30,65,26,41,2,-2,67,132
URI,United Rentals,705.36,0,28,-2,62,88,12,-3,-21,55,43,131
X,U.S. Steel,54.84,15,23,11,19,68,13,19,15,15,62,130
WTFC,Wintrust Financial,120.38,0,28,1,47,76,8,41,-13,17,53,129
CB,Chubb Limited,283.77,-63,0,93,56,86,-21,-4,14,54,43,129
ADM,Archer Daniels Midland,53.33,58,29,0,-9,78,62,5,2,-18,51,129
RPM,RPM International,106.84,-35,-2,-11,178,130,-45,34,-19,28,-2,128
EWBC,East West Bancorp,95.1,12,28,1,20,61,8,39,1,17,65,126
KD,Kyndryl,38.53,-7,30,101,0,124,-6,-1,-9,18,2,126
STWD,Starwood Property Trust,20.05,-6,28,10,56,88,5,12,2,19,38,126
COIN,Coinbase,308.53,15,27,1,0,43,25,41,1,16,83,126
CCK,Crown Holdings,103.62,28,38,9,3,78,25,10,2,10,47,125
DOX,Amdocs,91.24,-9,37,9,56,93,-9,35,2,3,31,124
HLT,Hilton Worldwide,248.88,0,28,8,62,98,17,-5,-10,24,26,124
BRX,Brixmor Property Group,26.01,13,10,0,53,76,13,7,2,24,46,122
NSC,Norfolk Southern,253.14,14,27,3,2,46,20,41,2,12,75,121
SCCO,Southern Copper,93.46,-9,27,-13,60,65,-11,40,2,25,56,121
CI,Cigna,314.34,1,-13,1,56,45,5,3,12,55,75,120
AAON,AAON,72.14,-58,-8,-5,243,172,-54,-10,-17,29,-52,120
RMD,Resmed,253.53,7,34,9,11,61,7,40,1,11,59,120
AWI,Armstrong World Industries,152.24,-37,35,86,19,103,6,-8,2,17,17,120
AMG,Affiliated Managers Group,184.48,14,34,3,20,71,26,5,2,15,48,119
R,Ryder,150.13,0,13,3,54,70,19,-9,-15,54,49,119
FHN,First Horizon Corporation,19.93,3,28,44,2,77,10,34,-10,8,42,119
TXN,Texas Instruments,198.25,1,28,1,20,50,20,32,2,14,68,118
BRK-B,Berkshire Hathaway,484.74,-45,-13,116,60,118,-17,-25,17,24,-1,117
DT,Dynatrace,54.42,23,26,6,0,55,20,34,-10,18,62,117
PRI,Primerica,261.21,0,-5,0,106,101,8,-9,-12,28,15,116
MSM,MSC Industrial Direct,81.09,-4,28,0,56,80,-3,43,2,-7,35,115
CMG,Chipotle Mexican Grill,52.79,7,12,-16,78,81,20,5,-18,27,34,115
MSTR,MicroStrategy,369.77,-21,42,91,17,129,-21,-13,2,18,-14,115
FOXA,Fox Corporation (Class A),55.23,13,27,60,0,100,10,-2,-5,12,15,115
WSO,Watsco,421.83,-35,-23,-5,194,131,-44,-21,-20,69,-16,115
TRMB,Trimble Inc.,71.81,-9,28,71,2,92,-9,33,-12,10,22,114
HII,Huntington Ingalls Industries,234.41,44,67,0,4,115,14,-16,8,-7,-1,114
WAB,Wabtec,199.93,-21,30,11,47,67,-50,41,2,54,47,114
KIM,Kimco Realty,20.89,-5,27,-5,53,70,10,41,-20,12,43,113
CNM,Core & Main,57.03,0,30,11,0,41,7,41,2,22,72,113
AFL,Aflac,103.3,14,-21,0,56,49,33,-24,2,53,64,113
HBAN,Huntington Bancshares,15.82,0,28,1,19,48,10,39,2,14,65,113
WEC,WEC Energy Group,104.17,-30,-4,47,11,24,2,17,60,9,88,112
ZS,Zscaler,302.96,0,41,9,3,53,-2,43,2,16,59,112
SKX,Skechers,62.48,0,26,-16,53,63,4,33,-12,24,49,112
THG,Hanover Insurance,168.1,-56,26,53,22,45,-26,35,45,12,66,111
H,Hyatt Hotels,131.67,-4,11,-15,53,45,-3,34,-19,53,65,110
CXT,Crane NXT,54.56,-8,18,-17,53,46,-8,31,-13,54,64,110
ADSK,Autodesk,297.2,6,31,46,12,95,-2,-3,2,17,14,109
AMED,Amedisys,97.51,56,45,4,-38,67,9,8,17,8,42,109
GRAL,"Grail, Inc.",45.63,52,8,0,0,60,17,41,-9,0,49,109
UTHR,United Therapeutics,290.7,0,-8,-2,55,45,31,-3,-21,57,64,109
FNB,FNB Corporation,13.9,0,28,-5,53,76,7,8,1,17,33,109
SSNC,SS&C Technologies,79.41,-21,4,82,12,77,-3,29,-7,13,32,109
TOST,"Toast, Inc.",42.37,0,29,69,0,98,-3,-3,2,15,11,109
AMAT,Applied Materials,169.58,0,28,-22,147,153,-9,8,-41,-3,-45,108
ITW,Illinois Tool Works,240.56,-35,0,-5,176,136,-44,-5,-6,27,-28,108
GILD,Gilead Sciences,107.99,-21,22,43,33,77,-27,23,-3,37,30,107
DKNG,DraftKings,40.52,70,4,1,0,75,20,4,-10,18,32,107
SMCI,Supermicro,45.35,14,4,0,56,74,21,27,-8,-7,33,107
CPNG,Coupang,28.55,1,34,9,0,44,5,41,2,15,63,107
FOX,Fox Corporation (Class B),50.74,13,27,59,0,99,10,-3,-6,7,8,107
GLPI,Gaming and Leisure Properties,46.68,-33,0,1,63,31,10,8,2,55,75,106
OZK,Bank OZK,45.29,0,28,9,54,91,5,4,-11,17,15,106
MET,Metlife,79.2,7,27,1,56,91,20,-9,-12,16,15,106
CPRT,Copart,47.96,-42,-19,-5,174,108,2,-15,-15,26,-2,106
LLYVA,Liberty Live (Series A),78.52,20,41,20,0,81,20,2,2,0,24,105
COHR,Coherent Corp.,81.21,14,27,0,13,54,20,34,-16,13,51,105
CCL,Carnival Corporation & plc,23.76,9,27,9,0,45,20,35,-12,17,60,105
MAR,Marriott International,260.13,0,28,1,56,85,10,-5,-11,25,19,104
LLYVK,Liberty Live (Series C),79.85,23,34,21,0,78,20,4,2,0,26,104
ACGL,Arch Capital Group,90.16,-10,0,0,60,50,7,-4,2,49,54,104
DDS,Dillard's,404.49,0,10,6,52,68,-11,2,-9,53,35,103
SNPS,Synopsys,470.53,-20,15,-19,178,154,-36,7,-20,-3,-52,102
AYI,Acuity Brands,272.73,14,4,0,25,43,20,33,-13,18,58,101
APO,Apollo Global Management,134.52,0,10,-2,95,103,5,-16,-15,24,-2,101
CAR,Avis Budget Group,134.47,28,44,1,-18,55,21,54,5,-35,45,100
WPC,W. P. Carey,63.4,4,25,21,0,50,12,17,18,3,50,100
RLI,RLI Corp.,72.18,-63,-12,-2,174,97,-27,-5,-21,56,3,100
BLK,BlackRock,974.63,-24,27,9,20,32,5,41,2,19,67,99
MCO,Moody's Corporation,469.82,-42,28,8,154,148,-61,-1,-10,23,-49,99
AEP,American Electric Power,101.75,-5,-17,65,21,64,2,5,15,12,34,98
LHX,L3Harris,249.78,0,50,4,3,57,-19,43,4,12,40,97
SPR,Spirit AeroSystems,37.15,-42,42,10,0,10,9,43,22,12,86,96
META,Meta Platforms,682.29,-6,28,9,27,58,-6,33,-10,21,38,96
BHF,Brighthouse Financial,58.81,15,31,10,9,65,33,-10,2,6,31,96
EXEL,Exelixis,40.39,-52,27,56,12,43,-12,-4,47,22,53,96
SOFI,SoFi,15.19,14,20,38,0,72,15,11,-12,9,23,95
SNOW,Snowflake Inc.,211.98,10,31,7,0,48,12,41,2,-8,47,95
GRMN,Garmin,200.02,-31,1,104,17,91,-36,29,-9,19,3,94
ISRG,Intuitive Surgical,509.18,-5,0,86,20,101,-9,-9,-13,24,-7,94
HIW,Highwoods Properties,31.55,0,34,3,4,41,-1,41,2,11,53,94
ROIV,Roivant Sciences,11.44,14,38,0,0,52,10,7,2,22,41,93
PRU,Prudential Financial,104.35,0,18,-5,53,66,19,10,-19,17,27,93
DDOG,Datadog,127.51,26,18,-15,0,29,34,35,-18,13,64,93
CHE,Chemed Corporation,548.41,-23,-21,-3,183,136,-27,-9,-1,-6,-43,93
MTB,M&T Bank,185.06,7,28,0,20,55,7,34,-16,12,37,92
RF,Regions Financial Corporation,22.19,8,27,0,20,55,10,34,-19,12,37,92
ROK,Rockwell Automation,321.21,-5,31,7,13,46,20,33,2,-9,46,92
PH,Parker Hannifin,652.61,-35,29,9,63,66,-45,41,2,28,26,92
TDY,Teledyne Technologies,486.57,-36,27,44,12,47,-3,32,2,13,44,91
SNV,Synovus,48.76,3,28,0,19,50,10,34,-15,12,41,91
QGEN,Qiagen,46.77,0,25,4,1,30,-18,66,2,11,61,91
VRTX,Vertex Pharmaceuticals,441.0,-8,-32,-1,102,61,-27,7,15,35,30,91
ODFL,Old Dominion Freight Line,156.38,-30,-2,-18,185,135,-40,-12,-23,30,-45,90
JEF,Jefferies Financial Group,52.87,0,4,-12,56,48,-2,4,-15,55,42,90
AVT,Avnet,51.04,-9,28,0,43,62,-4,5,2,25,28,90
LECO,Lincoln Electric,201.34,0,27,0,63,90,-17,34,-12,-5,0,90
SRE,Sempra,74.03,-80,4,-7,179,96,8,-5,-21,12,-6,90
PCAR,Paccar,91.0,-33,-1,-14,157,109,-42,-4,-6,32,-20,89
SLGN,Silgan Holdings,53.93,-12,34,11,78,111,-27,-9,2,11,-23,88
WSM,"Williams-Sonoma, Inc.",159.6,13,-1,0,63,75,19,-16,-9,19,13,88
NTAP,Netapp,102.67,0,13,-17,55,51,-2,41,-22,20,37,88
INGR,Ingredion,137.37,-16,34,4,32,54,-26,2,2,54,32,86
DOCS,Doximity,57.37,10,0,46,0,56,20,9,-9,10,30,86
NNN,NNN Reit,42.5,4,26,0,20,50,12,10,2,12,36,86
NBIX,Neurocrine Biosciences,126.54,14,19,-20,23,36,26,38,-12,-2,50,86
ABBV,AbbVie,185.22,-20,0,9,56,45,-23,7,-6,62,40,85
GWW,W. W. Grainger,1037.04,-35,28,0,92,85,-54,-3,2,55,0,85
PEGA,Pegasystems,99.27,-7,40,11,3,47,-5,41,-12,13,37,84
GLW,Corning Inc.,50.41,0,27,11,15,53,-3,34,-12,12,31,84
CUZ,Cousins Properties,30.49,16,18,3,9,46,14,11,2,11,38,84
AEE,Ameren,94.69,-32,-5,49,11,23,2,-3,54,8,61,84
TNL,Travel + Leisure Co.,48.95,0,18,1,14,33,13,34,-9,12,50,83
ALLE,Allegion,137.63,1,40,1,19,61,10,-10,2,20,22,83
JNPR,Juniper Networks,36.03,7,23,0,52,82,26,-14,-29,18,1,83
EGP,EastGroup Properties,171.7,4,25,1,6,36,7,40,2,-3,46,82
DOV,Dover Corporation,174.81,-20,17,0,104,101,-15,-10,-11,17,-19,82
AGO,Assured Guaranty,86.29,15,2,1,54,72,7,-20,2,20,9,81
PSTG,Pure Storage,51.56,-35,27,-2,40,30,12,-3,-13,55,51,81
STLD,Steel Dynamics,125.9,-9,0,-1,53,43,-16,-3,2,55,38,81
HPE,Hewlett Packard Enterprise,17.97,0,24,-16,40,48,-3,-3,-13,52,33,81
CG,Carlyle Group (The),46.85,0,19,0,19,38,8,30,-12,16,42,80
FCNCA,First Citizens BancShares,1872.91,6,10,0,57,73,12,-13,-13,19,5,78
MORN,"Morningstar, Inc.",300.68,-9,28,-12,26,33,12,34,-18,16,44,77
HLI,Houlihan Lokey,172.87,-35,30,9,42,46,10,-5,2,24,31,77
KEY,Keycorp,16.15,7,28,0,2,37,14,34,-19,11,40,77
EA,Electronic Arts,150.62,39,4,0,5,48,-1,3,8,19,29,77
IDA,Idacorp,113.44,-33,-5,48,16,26,8,17,18,8,51,77
UNH,UnitedHealth Group,302.02,-6,-44,-10,-2,-62,-23,2,-23,182,138,76
PNC,PNC Financial Services,177.4,7,18,0,12,37,10,33,-16,12,39,76
CFG,Citizens Financial Group,41.72,10,16,0,2,28,14,33,-12,12,47,75
TRGP,Targa Resources,170.7,0,0,0,49,49,-19,5,-12,52,26,75
AMZN,Amazon,209.6,-7,18,9,19,39,-4,33,-11,18,36,75
GEN,Gen Digital,29.03,-9,31,7,14,43,-17,33,2,14,32,75
NOC,Northrop Grumman,498.01,0,1,2,56,59,-19,15,9,10,15,74
CIEN,Ciena,74.56,0,28,1,10,39,37,-3,-13,14,35,74
HAS,Hasbro,68.64,1,28,6,1,36,-13,39,2,9,37,73
OHI,Omega Healthcare Investors,36.95,-6,3,0,38,35,13,-1,-3,29,38,73
ARW,Arrow Electronics,123.71,3,35,0,2,40,-4,41,2,-6,33,73
WHR,Whirlpool Corporation,93.03,91,5,-16,-24,56,35,27,-12,-34,16,72
VEEV,Veeva Systems,280.07,-21,31,37,6,53,-33,34,2,16,19,72
XYL,Xylem Inc.,124.45,-20,28,-2,20,26,-14,38,2,20,46,72
AMH,American Homes 4 Rent,36.47,-9,0,0,66,57,11,-12,2,13,14,71
EXPD,Expeditors International,113.63,0,0,-12,129,117,-17,1,-29,-1,-46,71
XPO,"XPO, Inc.",119.88,0,10,-1,59,68,-9,2,-15,25,3,71
FCX,Freeport-McMoRan,40.22,-7,28,-29,56,48,-9,34,2,-4,23,71
CRUS,Cirrus Logic,104.36,14,28,-15,17,44,20,4,2,-1,25,69
ANET,Arista Networks,86.25,-20,13,-1,56,48,-29,9,-13,54,21,69
FITB,Fifth Third Bancorp,39.35,7,4,-2,20,29,12,33,-19,14,40,69
BX,Blackstone Inc.,137.71,-25,0,-5,104,74,5,-14,-16,19,-6,68
AMT,American Tower,217.53,7,6,8,4,25,10,11,12,9,42,67
ALAB,Astera Labs,93.07,-1,26,0,0,25,21,35,-14,0,42,67
OVV,Ovintiv,41.51,97,10,-29,1,79,-5,13,-16,-4,-12,67
CSL,Carlisle Companies,354.87,-50,-2,-3,176,121,-61,-13,2,18,-54,67
BKR,Baker Hughes,39.0,0,0,0,33,33,-9,27,-11,24,31,64
LAD,Lithia Motors,331.93,7,9,0,12,28,-3,34,-14,19,36,64
ED,Consolidated Edison,100.93,-25,-12,20,45,28,-25,4,14,43,36,64
KBR,"KBR, Inc.",48.95,-10,-1,-22,62,29,-22,-1,2,55,34,63
ALGM,Allegro MicroSystems,30.95,28,27,3,0,58,-2,28,-7,-14,5,63
TXT,Textron,77.0,0,28,-27,51,52,-26,38,2,-3,11,63
PNR,Pentair,97.22,-37,28,1,60,52,6,-1,-16,22,11,63
IDXX,Idexx Laboratories,523.92,0,35,6,2,43,-17,41,2,-6,20,63
O,Realty Income,57.2,0,24,2,5,31,9,10,2,11,32,63
APPF,AppFolio,223.43,0,13,0,26,39,5,5,-12,26,24,63
BEPC,Brookfield Renewable Partners,31.42,0,29,2,0,31,-18,40,2,8,32,63
XP,XP Inc.,19.52,-14,42,4,0,32,-12,40,8,-6,30,62
CEG,Constellation Energy,305.04,13,28,8,0,49,-3,-4,2,17,12,61
LDOS,Leidos,148.45,1,40,-5,21,57,-5,-13,5,17,4,61
PNW,Pinnacle West Capital,88.56,-25,-5,60,16,46,1,-24,14,24,15,61
GL,Globe Life,120.55,1,0,37,12,50,10,-4,-1,6,11,61
SAIC,SAIC,103.64,-4,-14,-29,65,18,-4,-14,6,55,43,61
ECL,Ecolab,261.22,-21,26,8,20,33,-27,36,2,17,28,61
RITM,Rithm Capital,11.21,-20,28,9,30,47,-2,-12,2,24,12,59
FIS,Fidelity National Information Services,80.14,0,43,0,-35,8,-2,41,1,9,49,57
BXP,"BXP, Inc.",71.47,-6,26,0,0,20,-17,41,2,11,37,57
AVB,AvalonBay Communities,206.98,4,9,0,14,27,7,8,1,13,29,56
FOUR,Shift4,92.25,0,8,0,0,8,-2,37,-9,22,48,56
MMM,3M,144.02,-24,28,66,12,82,-35,-5,2,12,-26,56
MASI,Masimo,165.3,0,1,38,-4,35,5,14,-7,8,20,55
UBER,Uber,83.71,-12,40,10,0,38,-5,-10,8,24,17,55
RKT,Rocket Companies,14.41,14,2,-11,0,5,7,24,1,18,50,55
XEL,Xcel Energy,66.65,-35,-12,43,10,6,2,-12,51,7,48,54
ALLY,Ally Financial,36.94,8,18,-2,2,26,14,12,-13,14,27,53
AFRM,Affirm Holdings,62.08,8,10,4,0,22,14,11,-9,15,31,53
PODD,Insulet,303.3,-5,29,37,2,63,-16,-4,6,4,-10,53
ZBRA,Zebra Technologies,294.19,5,14,-13,-5,1,20,33,-13,11,51,52
VVV,Valvoline,36.99,21,13,-18,29,45,20,29,-40,-2,7,52
MRP,Millrose Properties,28.43,16,17,0,0,33,19,-1,0,0,18,51
MANH,Manhattan Associates,186.41,-13,22,-21,63,51,-10,4,-19,25,0,51
ESS,Essex Property Trust,284.31,0,10,0,12,22,7,8,2,12,29,51
VNO,Vornado Realty Trust,40.32,0,18,3,2,23,-4,34,-15,13,28,51
AWK,American Water Works,141.24,0,-5,18,4,17,8,5,14,6,33,50
BROS,Dutch Bros. Coffee,67.59,-7,20,45,0,58,-8,-2,-7,9,-8,50
PFG,Principal Financial Group,76.59,1,0,-5,53,49,7,-10,-12,16,1,50
LNW,Light & Wonder,85.3,0,-2,-13,55,40,-3,-3,-7,23,10,50
JHG,Janus Henderson,36.73,4,13,0,17,34,20,-9,-11,16,16,50
NOW,ServiceNow,970.97,-51,29,0,80,58,-12,-5,-12,20,-9,49
ESI,Element Solutions,21.48,0,0,-12,55,43,19,-10,-21,18,6,49
WBS,Webster Bank,52.02,-35,28,0,12,5,5,36,-12,15,44,49
LNT,Alliant Energy,60.54,-25,0,60,12,47,1,-12,2,11,2,49
ZION,Zions Bancorporation,48.58,0,10,-2,2,10,8,33,-15,13,39,49
MCHP,Microchip Technology,68.96,7,28,-38,1,-2,19,34,2,-5,50,48
AL,Air Lease Corporation,56.48,-32,34,9,20,31,-45,34,2,24,15,46
PNFP,Pinnacle Financial Partners,104.98,0,28,0,13,41,10,-9,-12,16,5,46
NU,Nubank,12.14,-1,39,0,0,38,4,-16,2,17,7,45
ROKU,"Roku, Inc.",81.0,28,9,2,-17,22,-3,33,-10,2,22,44
DG,Dollar General,111.53,-7,69,0,-15,47,-10,17,14,-24,-3,44
SFD,Smithfield Foods,23.35,-2,23,0,0,21,-19,41,0,0,22,43
HST,Host Hotels & Resorts,15.68,0,28,-24,2,6,19,41,-19,-4,37,43
NTNX,Nutanix,72.76,-63,34,23,20,14,14,-9,2,22,29,43
RNR,RenaissanceRe,244.77,0,25,0,33,58,-16,-4,-21,26,-15,43
TWLO,Twilio,116.54,0,20,39,-32,27,19,-2,-10,9,16,43
LII,Lennox International,550.15,1,-5,0,36,32,12,-12,-15,25,10,42
PARAA,Paramount Global (Class A),22.93,5,4,31,0,40,1,1,-4,4,2,42
GXO,GXO Logistics,47.97,7,28,-29,0,6,7,34,1,-6,36,42
NCLH,Norwegian Cruise Line Holdings,18.86,0,0,-12,0,-12,19,29,-12,18,54,42
K,Kellanova,78.64,-98,-8,61,19,-26,-11,-5,73,11,68,42
IONS,Ionis Pharmaceuticals,37.42,14,31,-41,-9,-5,16,37,2,-8,47,42
MOS,Mosaic Company (The),36.34,23,48,8,-14,65,-3,-1,7,-28,-25,40
NYT,New York Times Company,54.48,-21,39,7,14,39,-17,-3,2,19,1,40
VNOM,Viper Energy,40.71,-9,5,-1,42,37,-26,4,-20,45,3,40
SSD,Simpson Manufacturing Company,153.76,-44,0,-18,154,92,-40,-16,-21,24,-53,39
DAR,Darling Ingredients,38.61,62,5,0,-18,49,35,4,-22,-28,-11,38
PEN,"Penumbra, Inc.",256.93,-1,-17,24,9,15,4,-20,38,1,23,38
NLY,Annaly Capital Management,19.13,-2,10,10,8,26,1,2,-6,14,11,37
WYNN,Wynn Resorts,88.49,28,30,-3,-1,54,-2,-11,2,-6,-17,37
AZEK,Azek,51.17,-18,46,13,0,41,-36,8,5,18,-5,36
BAH,Booz Allen Hamilton,99.96,-8,-17,-22,99,52,-15,-13,-24,36,-16,36
MLM,Martin Marietta Materials,538.42,-31,37,-2,58,62,-45,-8,2,25,-26,36
AFG,American Financial Group,123.88,0,0,-4,54,50,-4,-24,2,12,-14,36
WING,Wingstop,350.06,-30,34,3,36,43,-40,34,-30,29,-7,36
KMPR,Kemper Corporation,63.23,14,18,0,2,34,5,-4,-12,12,1,35
W,Wayfair,49.49,28,28,0,-39,17,20,34,2,-38,18,35
CMA,Comerica,56.5,0,2,-2,2,2,5,33,-16,10,32,34
WTM,White Mountains Insurance Group,1747.61,-34,-8,0,57,15,-12,-11,-12,54,19,34
OSK,Oshkosh Corporation,109.08,0,27,3,2,32,-15,32,-12,-3,2,34
SARO,StandardAero,29.21,-13,28,0,0,15,-18,35,2,0,19,34
RPRX,Royalty Pharma,34.87,2,31,24,0,57,-16,10,18,-36,-24,33
SUI,Sun Communities,126.11,4,19,1,-22,2,11,9,2,9,31,33
CNA,CNA Financial,45.27,-81,-12,86,55,48,-19,-13,-1,18,-15,33
CNH,CNH Industrial,12.81,1,29,11,0,41,20,-9,2,-21,-8,33
DUOL,Duolingo,471.57,-65,41,45,0,21,-7,-8,6,21,12,33
SBUX,Starbucks,93.09,0,0,2,1,3,5,27,-7,5,30,33
HR,Healthcare Realty Trust,15.18,67,0,0,-37,30,14,2,-21,7,2,32
EQIX,Equinix,882.78,-38,28,0,32,22,-57,41,2,24,10,32
JKHY,Jack Henry & Associates,178.29,-3,25,8,2,32,14,-4,-19,9,0,32
CR,Crane Co.,178.64,-18,35,8,0,25,-35,37,2,3,7,32
CUBE,CubeSmart,42.37,-23,34,-15,20,16,-38,39,2,12,15,31
USB,U.S. Bancorp,43.29,-35,28,-2,2,-7,5,34,-16,13,36,29
COKE,Coca-Cola Consolidated,107.14,-30,-35,0,84,19,2,-35,-8,50,9,28
TFC,Truist Financial,40.26,7,2,0,2,11,10,10,-15,12,17,28
HD,Home Depot (The),349.71,-63,-3,-4,178,108,-68,-13,-16,17,-80,28
VTR,"Ventas, Inc.",62.45,-24,-17,64,20,43,-19,-24,15,13,-15,28
KDP,Keurig Dr Pepper,33.57,14,-14,0,0,0,6,1,10,10,27,27
JLL,Jones Lang LaSalle,238.48,0,2,0,12,14,5,7,-12,12,12,26
AGCO,AGCO,102.26,16,30,0,0,46,-3,-9,3,-11,-20,26
ADT,ADT Inc.,8.16,-24,48,23,0,47,-42,-3,17,6,-22,25
CMS,CMS Energy,69.06,-25,-20,68,21,44,-19,-26,14,12,-19,25
NXST,Nexstar Media Group,171.85,7,27,1,2,37,7,-3,-24,8,-12,25
BA,Boeing,198.72,-42,41,0,0,-1,-9,41,2,-9,25,24
FE,FirstEnergy,39.91,-28,-4,0,53,21,2,-13,2,12,3,24
PINS,Pinterest,34.2,-2,13,0,0,11,-3,29,-11,-3,12,23
INVH,Invitation Homes,33.72,0,3,1,5,9,9,-20,13,12,14,23
DCI,Donaldson Company,68.15,-48,28,-2,63,41,-45,-4,2,28,-19,22
ANSS,Ansys,334.8,-19,28,9,9,27,-35,7,2,21,-5,22
ILMN,"Illumina, Inc.",90.49,72,8,-20,-38,22,24,34,-20,-38,0,22
RYAN,Ryan Specialty,67.27,0,-9,1,0,-8,12,-4,-1,23,30,22
AS,Amer Sports,36.43,-23,28,0,0,5,-18,33,2,0,17,22
ZM,Zoom Communications,77.98,0,29,1,0,30,-1,-11,2,2,-8,22
EXC,Exelon,42.59,-21,-17,47,12,21,1,-27,18,8,0,21
MUSA,Murphy USA,406.2,-47,-30,-5,66,-16,11,-30,-21,77,37,21
FIVE,Five Below,123.41,-18,30,0,-14,-2,-6,39,3,-13,23,21
OKE,Oneok,82.36,-19,0,-5,52,28,-24,-16,-17,49,-8,20
AMTM,Amentum,21.83,-11,40,0,0,29,-16,5,2,0,-9,20
MEDP,Medpace,309.54,3,2,-19,30,16,5,12,-11,-2,4,20
AGNC,AGNC Investment,9.25,0,13,3,14,30,-30,11,-6,15,-10,20
MSGS,Madison Square Garden Sports,203.09,8,2,-12,19,17,8,-13,-18,25,2,19
PG,Procter & Gamble,159.04,-78,-5,0,177,94,-91,-3,-6,24,-76,18
PARA,Paramount Global (Class B),12.36,12,29,1,-37,5,16,35,4,-43,12,17
CACC,Credit Acceptance,501.83,3,4,0,0,7,15,5,-7,-3,10,17
ATR,AptarGroup,150.31,-24,34,0,18,28,-28,-8,2,23,-11,17
SN,SharkNinja,90.81,14,4,0,0,18,19,-10,-10,0,-1,17
LVS,Las Vegas Sands,41.68,5,28,-14,-4,15,-3,34,-18,-12,1,16
FHB,"First Hawaiian, Inc.",23.34,-34,0,-2,12,-24,2,38,-12,12,40,16
HRB,H&R Block,54.88,-63,-9,0,50,-22,2,-21,6,50,37,15
UHS,Universal Health Services,171.69,0,-5,-3,20,12,15,-9,-27,24,3,15
DIS,Walt Disney Company (The),117.63,0,28,7,-39,-4,-17,32,2,1,18,14
TPG,TPG Inc.,50.57,0,11,-5,0,6,5,2,-16,17,8,14
NEE,NextEra Energy,71.55,-5,15,0,0,10,-19,10,2,11,4,14
PCOR,Procore,66.59,1,1,-3,0,-1,20,-14,-9,17,14,13
LEN-B,Lennar (Class B),101.37,-19,-3,-20,60,18,-12,5,-27,28,-6,12
TYL,Tyler Technologies,570.14,-12,0,0,15,3,-15,27,-20,16,8,11
LOW,Lowe's,212.73,-54,-5,-12,164,93,-67,-13,-19,17,-82,11
TSLA,"Tesla, Inc.",322.17,0,10,0,8,18,7,-7,-16,8,-8,10
LBRDK,Liberty Broadband (Series C),92.24,-35,39,39,-34,9,5,-12,2,6,1,10
TTEK,Tetra Tech,35.19,-11,26,-21,3,-3,-21,41,-24,17,13,10
LBRDA,Liberty Broadband (Series A),91.5,-36,39,39,-34,8,5,-11,2,6,2,10
FR,First Industrial Realty Trust,49.13,-11,2,-5,12,-2,5,1,-7,12,11,9
CNP,Centerpoint Energy,35.67,-77,-4,41,43,3,-20,-22,35,13,6,9
OKTA,"Okta, Inc.",99.41,0,-9,16,-22,-15,12,-13,21,4,24,9
CMI,Cummins,314.25,-21,0,0,63,42,-45,-3,-13,28,-33,9
SNA,Snap-on,305.9,-35,-5,-1,57,16,-43,-8,-11,55,-7,9
ACI,Albertsons,21.68,7,1,17,0,25,-11,-18,19,-7,-17,8
EQR,Equity Residential,68.98,-6,27,0,11,32,-18,-19,2,11,-24,8
VOYA,Voya Financial,66.77,-3,28,-15,2,12,-15,2,-20,29,-4,8
LNC,Lincoln Financial,33.0,0,0,10,-4,6,21,-16,-10,6,1,7
CSX,CSX Corporation,32.06,-10,27,-28,2,-9,-13,31,2,-4,16,7
LFUS,Littelfuse,219.27,-6,28,-17,0,5,5,33,-31,-6,1,6
ECG,Everus Construction Group,59.23,-8,26,0,0,18,-3,-1,-9,0,-13,5
EXPE,Expedia Group,164.88,-35,1,41,9,16,-47,34,-10,12,-11,5
BG,Bunge Global,85.4,35,6,-36,0,5,-1,2,2,-3,0,5
KEYS,Keysight,159.38,-11,28,8,0,25,-4,-10,-9,3,-20,5
WTW,Willis Towers Watson,299.07,0,-40,0,22,-18,7,-4,-7,27,23,5
HSIC,Schein (Henry),71.99,7,4,0,0,11,7,-4,-11,1,-7,4
CHDN,Churchill Downs Incorporated,97.89,-6,0,-23,0,-29,14,15,-24,28,33,4
TOL,Toll Brothers,108.33,-20,12,-15,59,36,-40,5,-21,24,-32,4
BLD,TopBuild,316.06,7,2,-21,44,32,5,5,-38,-1,-29,3
CCCS,CCC Intelligent Solutions,9.36,21,2,-20,0,3,18,5,-19,-4,0,3
APP,AppLovin,324.71,-54,18,97,0,61,-63,-2,-9,16,-58,3
VNT,Vontier,35.73,-21,28,-5,0,2,-16,35,-15,-3,1,3
DPZ,Domino's,447.28,-14,-2,-1,8,-9,-9,-14,19,16,12,3
EXR,Extra Space Storage,146.11,-35,25,-5,0,-15,-37,41,2,11,17,2
CARR,Carrier Global,70.45,-21,35,0,0,14,-29,-10,2,24,-13,1
OWL,Blue Owl Capital,18.7,-21,7,-2,0,-16,1,10,-13,19,17,1
UDR,"UDR, Inc.",41.04,-24,-1,0,0,-25,6,7,2,11,26,1
IR,Ingersoll Rand,80.42,-35,27,-13,21,0,-40,34,-20,27,1,1
CSGP,CoStar Group,79.64,-5,10,0,12,17,-30,5,15,-7,-17,0
DBX,Dropbox,28.7,0,6,11,7,24,-4,-15,-12,6,-25,-1
CHRD,Chord Energy,104.15,76,9,-42,1,44,-7,12,-46,-4,-45,-1
PKG,Packaging Corporation of America,186.91,-44,0,-5,59,10,-45,28,-18,24,-11,-1
FDX,FedEx,225.99,7,0,-18,30,19,1,1,-20,-2,-20,-1
EFX,Equifax,255.55,-21,40,-1,14,32,-39,-13,2,16,-34,-2
SPG,Simon Property Group,157.26,-48,-1,0,33,-16,1,1,-7,19,14,-2
INFA,Informatica,24.14,1,19,-34,0,-14,-5,41,-19,-5,12,-2
FRT,Federal Realty Investment Trust,95.43,-6,10,-15,2,-9,7,9,-21,12,7,-2
RGA,Reinsurance Group of America,195.8,-46,28,0,38,20,-50,-6,-19,51,-24,-4
NVR,"NVR, Inc.",7149.75,-21,0,-15,63,27,-31,-3,-24,27,-31,-4
NDSN,Nordson,209.56,-18,27,-28,0,-19,-16,33,2,-5,14,-5
PHM,PulteGroup,101.47,-20,1,-15,63,29,-40,5,-26,27,-34,-5
APD,Air Products,270.67,-21,0,0,14,-7,-25,29,-11,8,1,-6
LAZ,Lazard,43.67,-1,11,-2,18,26,-18,-5,-20,11,-32,-6
UAL,United Airlines Holdings,74.28,-45,1,0,9,-35,-13,40,-12,14,29,-6
CL,Colgate-Palmolive,87.79,-27,-5,-3,21,-14,-27,16,-6,24,7,-7
SYY,Sysco,74.69,0,15,0,1,16,-43,28,-20,12,-23,-7
NVST,Envista,18.89,1,13,-15,0,-1,5,34,-15,-30,-6,-7
GNRC,Generac,127.36,0,12,-12,-32,-32,7,30,-20,8,25,-7
OXY,Occidental Petroleum,45.65,91,8,-47,0,52,-5,10,-51,-14,-60,-8
WBD,Warner Bros. Discovery,10.5,28,8,4,-40,0,19,28,-12,-43,-8,-8
GDDY,GoDaddy,174.87,-18,0,0,20,2,-7,-12,-11,20,-10,-8
FANG,Diamondback Energy,148.85,0,10,-21,45,34,-12,13,-40,-3,-42,-8
TER,Teradyne,86.32,9,0,-21,-4,-16,-3,29,-15,-3,8,-8
EIX,Edison International,49.62,0,-11,-24,-1,-36,12,-12,-21,48,27,-9
CTSH,Cognizant,75.47,-19,-1,8,12,0,-11,-4,-10,16,-9,-9
RRX,Regal Rexnord,139.69,-9,28,-20,1,0,-3,4,-21,11,-9,-9
DHI,D. R. Horton,124.21,-19,1,-20,63,25,-40,5,-27,28,-34,-9
TPL,Texas Pacific Land Corporation,1083.97,-28,-15,-1,56,12,-19,-15,2,11,-21,-9
BIRK,Birkenstock,52.12,-43,30,-2,0,-15,9,-5,2,0,6,-9
EXP,Eagle Materials,196.96,-35,-17,-7,55,-4,5,-14,-21,25,-5,-9
IRDM,Iridium Communications,28.42,0,10,-13,-17,-20,10,32,-15,-17,10,-10
VMC,Vulcan Materials,255.93,-35,0,-1,58,22,-49,-10,2,25,-32,-10
IVZ,Invesco,14.81,7,4,-12,-4,-5,7,-12,-12,11,-6,-11
ELAN,Elanco,13.48,-21,31,-29,-5,-24,-17,33,1,-4,13,-11
MKSI,MKS Instruments,90.75,-6,13,-19,-11,-23,-6,33,-13,-3,11,-12
OTIS,Otis Worldwide,94.1,-6,-3,-1,0,-10,-19,-1,-6,24,-2,-12
CFLT,"Confluent, Inc.",23.29,-13,0,-8,0,-21,-5,22,-10,2,9,-12
CRH,CRH plc,88.13,-27,-3,0,62,32,-47,-14,-9,25,-45,-13
NCNO,nCino,26.44,-14,13,-18,0,-19,-18,30,-20,13,5,-14
WAL,Western Alliance Bancorporation,73.42,0,1,-4,2,-1,5,-15,-19,16,-13,-14
DECK,Deckers Brands,101.65,-35,-7,-16,91,33,-45,-19,-12,29,-47,-14
NUE,Nucor,124.29,23,5,-47,0,-19,28,6,-24,-6,4,-15
CFR,Frost Bank,124.49,-42,28,0,2,-12,5,-4,-12,8,-3,-15
INGM,Ingram Micro,19.06,-6,13,0,0,7,-2,-10,-10,0,-22,-15
FNF,Fidelity National Financial,54.51,-5,-30,0,56,21,-27,-25,-3,19,-36,-15
THO,Thor Industries,85.33,-4,12,-18,0,-10,-15,34,-21,-4,-6,-16
MSCI,MSCI,544.96,-45,26,0,12,-7,-2,-10,-15,18,-9,-16
FAF,First American Financial Corporation,58.9,1,-33,-5,12,-25,1,2,-11,16,8,-17
SOLV,Solventum,73.58,-21,1,0,0,-20,-18,29,-8,0,3,-17
APTV,Aptiv,67.03,-13,28,0,-22,-7,-12,34,2,-34,-10,-17
BWA,BorgWarner,32.78,-7,30,-29,0,-6,-36,37,2,-14,-11,-17
LYFT,Lyft,14.54,-42,29,-2,0,-15,-2,-4,2,2,-2,-17
SNDR,Schneider National,23.71,-13,8,-15,0,-20,-14,27,-19,8,2,-18
SEB,Seaboard Corporation,2821.74,14,2,0,-21,-5,6,14,-6,-27,-13,-18
ESTC,Elastic NV,82.0,0,-2,-5,-4,-11,18,-13,-10,-2,-7,-18
CCI,Crown Castle,100.19,7,1,0,-26,-18,7,-22,12,3,0,-18
PSN,Parsons Corporation,67.06,-10,13,-19,0,-16,-25,12,-22,33,-2,-18
DNB,Dun & Bradstreet,9.07,17,7,-18,0,6,20,11,-20,-35,-24,-18
LEN,Lennar (Class A),106.41,-20,-3,-22,62,17,-12,5,-27,-1,-35,-18
EG,Everest Group,337.21,0,-9,-28,53,16,7,-9,-29,-3,-34,-18
INCY,Incyte,68.46,-9,14,0,-29,-24,-12,36,-23,5,6,-18
GAP,Gap Inc.,21.35,-41,0,-4,16,-29,1,-11,3,17,10,-19
OLED,Universal Display Corporation,151.31,-17,28,-29,0,-18,-35,35,2,-3,-1,-19
ES,Eversource Energy,62.52,-27,31,7,-8,3,-32,34,2,-26,-22,-19
MDT,Medtronic,86.34,-13,0,3,-4,-14,-19,9,-6,11,-5,-19
QRVO,Qorvo,79.93,-10,28,-36,-29,-47,-7,36,1,-3,27,-20
FTV,Fortive,69.61,-24,0,-13,31,-6,-4,1,-9,-3,-15,-21
MAT,Mattel,19.06,0,27,6,0,33,-13,-3,-10,-29,-55,-22
SBAC,SBA Communications,229.3,11,1,8,-18,2,-14,-22,9,3,-24,-22
CPT,Camden Property Trust,115.58,-25,18,0,0,-7,-35,8,2,9,-16,-23
XYZ,"Block, Inc.",63.6,0,6,-16,-34,-44,2,25,-17,11,21,-23
QCOM,Qualcomm,151.29,-10,13,-17,20,6,-18,36,-44,-3,-29,-23
LSCC,Lattice Semiconductor,50.45,14,2,-12,-3,1,12,-16,-9,-13,-26,-25
CVS,CVS Health,66.57,0,1,2,-15,-12,-12,7,17,-26,-14,-26
F,Ford Motor Company,10.6,1,42,-42,-15,-14,-15,4,2,-3,-12,-26
WMS,Advanced Drainage Systems,114.33,-10,12,-32,1,-29,-4,4,2,-1,1,-28
EEFT,Euronet Worldwide,100.0,-35,0,-1,-1,-37,-39,33,2,11,7,-30
GEHC,GE HealthCare,71.27,-17,0,-12,0,-29,1,2,-10,6,-1,-30
A,Agilent Technologies,115.56,-13,2,-15,-3,-29,-17,31,-12,-3,-1,-30
DKS,Dick's Sporting Goods,173.52,-23,-25,-5,61,8,-37,-19,-13,31,-38,-30
UI,Ubiquiti,370.29,-38,0,44,8,14,-48,-6,2,8,-44,-30
AVTR,Avantor,13.58,5,0,-21,0,-16,7,14,-32,-3,-14,-30
RIVN,Rivian,13.56,-38,30,0,0,-8,5,-11,3,-19,-22,-30
CRM,Salesforce,260.6,-20,-5,-5,20,-10,-12,-15,-13,19,-21,-31
KVUE,Kenvue,21.4,-20,-12,0,0,-32,2,-13,11,1,1,-31
CPAY,Corpay,316.28,-23,-2,0,19,-6,-35,-2,-11,23,-25,-31
ON,ON Semiconductor,52.84,7,13,-29,0,-9,-9,34,-35,-13,-23,-32
SW,Smurfit Westrock,42.36,-1,-1,0,0,-2,-9,-6,-15,0,-30,-32
HHH,Howard Hughes Holdings,69.26,0,-1,-5,-4,-10,-15,1,-20,12,-22,-32
VZ,Verizon,41.72,-42,-4,22,8,-16,-39,-4,15,12,-16,-32
RH,RH,188.8,-9,-2,-16,-5,-32,6,1,-15,7,-1,-33
JNJ,Johnson & Johnson,149.76,-21,-2,-1,0,-24,-23,16,-6,4,-9,-33
ST,Sensata Technologies,28.27,8,28,-34,-13,-11,20,32,-41,-33,-22,-33
ABNB,Airbnb,131.72,-21,13,-2,0,-10,-51,41,-10,-3,-23,-33
BBWI,"Bath & Body Works, Inc.",28.25,20,-15,-17,-13,-25,20,-16,-8,-4,-8,-33
DAL,Delta Air Lines,47.2,-42,0,-5,17,-30,-9,-5,-13,24,-3,-33
CNXC,Concentrix,50.13,-17,-1,0,0,-18,-13,31,-4,-31,-17,-35
TROW,T. Rowe Price,93.22,0,13,-15,-23,-25,5,-9,-17,11,-10,-35
ZG,Zillow (Class A),66.62,-21,1,46,-39,-13,-40,10,-10,18,-22,-35
WAT,Waters Corporation,342.65,-21,0,0,12,-9,-17,-9,-12,12,-26,-35
AAP,Advance Auto Parts,49.44,-35,20,0,-26,-41,8,27,2,-32,5,-36
KRC,Kilroy Realty,35.08,0,18,-12,-38,-32,-16,21,-18,9,-4,-36
MDU,MDU Resources,16.0,-42,-4,0,38,-8,-42,-16,2,27,-29,-37
TKR,Timken Company,70.58,-13,13,-16,2,-14,-39,32,-13,-3,-23,-37
UHAL,U-Haul,61.57,-34,-3,-7,20,-24,5,-16,-20,18,-13,-37
MOH,Molina Healthcare,293.9,1,-20,-5,0,-24,7,-14,-1,-6,-14,-38
ELF,e.l.f. Beauty,119.89,-7,20,-42,29,0,-23,34,-46,-3,-38,-38
HOLX,Hologic,64.51,0,16,-27,0,-11,-18,23,-27,-5,-27,-38
Z,Zillow (Class C),68.27,-20,1,3,0,-16,-40,10,-10,18,-22,-38
HXL,Hexcel,54.37,-18,0,-21,0,-39,-9,29,-13,-7,0,-39
BOKF,BOK Financial Corporation,92.67,-32,-5,-4,20,-21,1,-13,-18,12,-18,-39
GM,General Motors,48.18,-17,10,0,9,2,-34,2,-20,11,-41,-39
GPK,Graphic Packaging,21.14,-45,-72,-11,56,-72,-3,-9,-24,69,33,-39
VAC,Marriott Vacations Worldwide,68.37,15,3,-17,-15,-14,20,-5,-17,-23,-25,-39
WTRG,Essential Utilities,37.33,-28,-7,0,-1,-36,2,-23,14,3,-4,-40
SMG,Scotts Miracle-Gro Company,61.86,-32,24,-14,-37,-59,5,27,-24,11,19,-40
PB,Prosperity Bancshares,67.8,-35,-3,-4,12,-30,7,-13,-16,12,-10,-40
SJM,J.M. Smucker Company (The),96.95,0,-8,-4,-2,-14,5,-8,-2,-21,-26,-40
RVTY,Revvity,94.97,0,0,-12,-22,-34,5,4,-17,1,-7,-41
HSY,Hershey Company (The),171.51,7,0,-37,-2,-32,5,9,-6,-17,-9,-41
MIDD,Middleby,141.49,-44,0,6,0,-38,-4,-3,-8,11,-4,-42
WEX,WEX Inc.,140.74,1,10,-35,-3,-27,-11,28,-26,-6,-15,-42
OC,Owens Corning,131.84,-23,-7,-16,56,10,-40,-19,-20,27,-52,-42
MAS,Masco,61.19,-31,-3,-12,63,17,-40,-15,-24,19,-60,-43
LPX,Louisiana-Pacific,86.61,-37,-3,-2,61,19,-63,-8,-16,24,-63,-44
PSA,Public Storage,290.08,-47,29,-3,13,-8,-45,-4,2,11,-36,-44
ETSY,Etsy,56.19,-35,18,0,-28,-45,5,28,2,-35,0,-45
BFAM,Bright Horizons,122.38,-73,26,6,6,-35,-23,-7,7,13,-10,-45
ALSN,Allison Transmission,90.74,-63,-1,0,33,-31,-29,-5,-13,32,-15,-46
TRU,TransUnion,85.16,-35,17,-3,0,-21,-2,-13,-23,12,-26,-47
VTRS,Viatris,8.86,0,2,-17,-5,-20,-30,6,-21,17,-28,-48
AKAM,Akamai Technologies,78.41,1,0,-18,-5,-22,-3,3,-18,-8,-26,-48
PYPL,PayPal,70.04,-21,18,-2,-37,-42,-32,34,-16,7,-7,-49
IP,International Paper,45.84,-45,0,0,14,-31,-18,-3,-12,14,-19,-50
WBA,Walgreens Boots Alliance,11.31,-3,28,0,-75,-50,-5,43,-5,-33,0,-50
PATH,UiPath,12.19,-45,18,-3,0,-30,-9,-6,2,-8,-21,-51
MGM,MGM Resorts International,33.76,28,8,-48,0,-12,20,2,-55,-7,-40,-52
PVH,PVH Corp.,64.54,0,-11,-24,-1,-36,20,-11,-20,-5,-16,-52
MDB,MongoDB Inc.,201.5,-35,0,-18,-7,-60,1,33,-19,-7,8,-52
ELS,Equity Lifestyle Properties,62.79,3,-17,-13,0,-27,12,-12,-24,-1,-25,-52
D,Dominion Energy,54.22,-34,26,6,-32,-34,-25,-3,2,8,-18,-52
HRL,Hormel Foods,30.41,-30,18,-2,-21,-35,2,7,2,-28,-17,-52
DVA,DaVita,136.95,-12,-47,0,18,-41,-4,-13,-12,17,-12,-53
PPG,PPG Industries,108.66,-35,28,-38,-6,-51,7,-5,2,-6,-2,-53
AXTA,Axalta,29.08,-45,-15,-8,20,-48,9,-18,-21,24,-6,-54
PENN,Penn Entertainment,17.05,16,0,-15,-32,-31,20,9,-10,-42,-23,-54
CHTR,Charter Communications,386.39,-31,1,10,-34,-54,5,-13,2,4,-2,-56
BRBR,BellRing Brands,58.78,-5,-32,-5,0,-42,-5,-24,-11,25,-15,-57
DVN,Devon Energy,34.29,0,10,-42,-3,-35,-11,7,1,-20,-23,-58
DXCM,Dexcom,80.0,-56,32,-2,-12,-38,-15,-1,2,-7,-21,-59
MKC,McCormick & Company,73.06,-21,-46,-1,-2,-70,1,8,-6,8,11,-59
SWKS,Skyworks Solutions,72.13,-13,26,-35,-28,-50,-4,36,-38,-3,-9,-59
AMKR,Amkor Technology,20.17,0,13,-32,0,-19,-6,9,-40,-3,-40,-59
DLB,Dolby Laboratories,72.28,-21,-3,-2,0,-26,-14,-14,-12,6,-34,-60
CART,Maplebear Inc.,43.74,-57,4,15,0,-38,-12,-2,-9,0,-23,-61
G,Genpact,40.64,-14,-33,0,0,-47,-12,-4,-7,8,-15,-62
PLD,Prologis,105.67,-27,18,-15,0,-24,-40,2,2,-3,-39,-63
REXR,Rexford Industrial,36.58,0,13,-38,-16,-41,12,28,-33,-30,-23,-64
PINC,"Premier, Inc.",22.07,-53,39,9,-26,-31,-5,-3,7,-32,-33,-64
CHH,Choice Hotels,122.92,-32,-2,-5,13,-26,-39,-3,-9,12,-39,-65
GTM,ZoomInfo,9.8,-20,1,-15,0,-34,-9,32,-20,-35,-32,-66
MTN,Vail Resorts,156.68,24,18,-25,-21,-4,-1,-8,-19,-34,-62,-66
MTD,Mettler Toledo,1153.98,-21,13,-15,0,-23,-40,33,-33,-3,-43,-66
SEG,Seaport Entertainment Group,19.49,-23,0,0,0,-23,-34,10,-20,0,-44,-67
ROST,Ross Stores,127.67,-52,-5,-5,33,-29,-56,-13,3,27,-39,-68
ESAB,ESAB,115.59,-24,-1,0,0,-25,-50,-10,2,15,-43,-68
FND,Floor & Decor,75.66,3,-3,-27,-4,-31,5,-17,-21,-4,-37,-68
LOAR,Loar Holdings,81.19,-56,0,0,0,-56,-1,-18,6,0,-13,-69
BC,Brunswick Corporation,55.42,-10,12,-30,-5,-33,-37,28,-21,-7,-37,-70
DAY,Dayforce,56.53,-35,13,-12,-10,-44,-35,22,-16,3,-26,-70
LUV,Southwest Airlines,31.36,-41,27,8,-37,-43,-42,30,-17,2,-27,-70
AOS,A. O. Smith,62.73,-31,-6,-34,56,-15,-40,-14,2,-3,-55,-70
AMCR,Amcor,8.97,-18,-5,-12,0,-35,-17,-1,-27,9,-36,-71
HPQ,HP Inc.,24.12,-48,-5,-17,0,-70,19,-13,-21,14,-1,-71
WH,Wyndham Hotels & Resorts,79.34,-41,-16,-3,9,-51,-9,-16,-9,13,-21,-72
VLTO,Veralto,96.73,-48,28,0,0,-20,-48,-5,1,0,-52,-72
CROX,Crocs,98.54,-18,-2,-34,0,-54,-3,-14,2,-3,-18,-72
INTC,Intel,21.07,0,0,-61,-18,-79,20,4,-9,-10,5,-74
LCID,Lucid Motors,2.19,1,-16,-24,0,-39,20,-13,-9,-33,-35,-74
WDAY,"Workday, Inc.",238.15,-31,0,-2,12,-21,-45,-14,-15,20,-54,-75
BILL,Bill.com,43.71,0,-5,-16,0,-21,9,-16,-12,-35,-54,-75
TXG,10x Genomics,10.81,70,9,-68,0,11,11,10,-67,-40,-86,-75
COLB,Columbia Banking System,22.44,-41,-3,-2,-7,-53,1,-13,-18,8,-22,-75
LEA,Lear Corporation,91.05,-21,28,-60,-15,-68,-4,8,1,-13,-8,-76
AA,Alcoa,27.85,-13,0,-13,-18,-44,-11,28,-19,-30,-32,-76
INSP,Inspire Medical Systems,130.91,0,-25,-15,-4,-44,18,-17,-20,-15,-34,-78
FLS,Flowserve,45.99,-84,-1,-3,25,-63,-17,-9,-13,23,-16,-79
FSLR,First Solar,145.02,-21,-1,-31,0,-53,-21,-3,2,-4,-26,-79
GME,GameStop,23.46,-50,-6,-2,-28,-86,17,-8,3,-5,7,-79
COO,Cooper Companies (The),69.49,-4,-15,-19,-3,-41,5,-19,-24,-1,-39,-80
ACN,Accenture,285.49,-27,-1,-15,0,-43,-40,-3,-11,17,-37,-80
TTD,Trade Desk (The),68.26,-76,11,-19,2,-82,7,-4,-19,18,2,-80
EW,Edwards Lifesciences,73.83,-57,2,0,-12,-67,1,-3,22,-33,-13,-80
PK,Park Hotels & Resorts,10.18,-13,-2,-18,-5,-38,-3,-17,-20,-3,-43,-81
DD,DuPont,66.21,-21,0,-13,17,-17,-40,4,-27,-1,-64,-81
GTLB,GitLab,40.76,-49,-7,-13,0,-69,-2,-15,-12,16,-13,-82
WFRD,Weatherford International,51.01,0,5,-36,0,-31,-16,8,-40,-3,-51,-82
TFSL,Third Federal S&L,12.68,-44,2,0,3,-39,-49,-13,2,17,-43,-82
WST,West Pharmaceutical Services,215.99,-11,11,-19,-5,-24,-44,11,-19,-6,-58,-82
DHR,Danaher Corporation,196.39,-17,10,-21,0,-28,-30,9,-32,-2,-55,-83
CBSH,Commerce Bancshares,60.74,-48,0,0,9,-39,-47,-10,2,11,-44,-83
RARE,Ultragenyx,37.13,-20,8,-19,-36,-67,5,7,-27,-1,-16,-83
SHC,Sotera Health,11.41,-48,-5,-19,0,-72,1,-12,2,-4,-13,-85
SLB,Schlumberger,35.83,0,0,-62,0,-62,-6,4,-13,-8,-23,-85
UHAL-B,U-Haul (Series N),54.67,-35,-5,-15,0,-55,6,-15,-29,7,-31,-86
S,SentinelOne,17.38,-39,-5,-17,0,-61,-2,-16,-20,12,-26,-87
MAA,Mid-America Apartment Communities,148.52,-27,-14,0,0,-41,-37,-21,2,9,-47,-88
TTC,Toro Company (The),69.48,0,-2,-27,-5,-34,14,-10,-40,-18,-54,-88
IQV,IQVIA,154.73,-5,0,-32,-4,-41,-18,9,-34,-4,-47,-88
KMB,Kimberly-Clark,128.29,-91,-5,0,16,-80,-26,-5,-3,24,-10,-90
FRPT,Freshpet,74.17,-64,-5,-16,-4,-89,3,-9,-12,17,-1,-90
BBY,Best Buy,67.54,-21,-1,-16,-4,-42,-42,7,-27,14,-48,-90
GPC,Genuine Parts Company,119.77,-52,26,-5,0,-31,-43,-3,2,-15,-59,-90
IT,Gartner,392.77,-119,-5,-13,56,-81,-46,-8,-11,55,-10,-91
TEAM,Atlassian,189.45,-47,-7,-2,-4,-60,-14,-17,-10,9,-32,-92
EXAS,Exact Sciences,52.99,-42,34,-20,-23,-51,2,-5,-24,-14,-41,-92
UAA,Under Armour (Class A),7.03,5,18,-20,-42,-39,-37,38,-20,-35,-54,-93
U,Unity Technologies,23.08,-48,17,0,0,-31,-30,-1,2,-33,-62,-93
CZR,Caesars Entertainment,28.15,9,1,-18,-23,-31,14,-15,-27,-35,-63,-94
ZTS,Zoetis,157.06,-35,0,-27,-1,-63,-27,-2,1,-3,-31,-94
WY,Weyerhaeuser,26.18,-21,0,-15,0,-36,-37,10,-27,-6,-60,-96
UA,Under Armour (Class C),6.59,4,20,-20,-35,-31,-37,30,-24,-35,-66,-97
NOV,NOV Inc.,13.52,0,8,-47,-10,-49,-6,9,-38,-13,-48,-97
SEE,Sealed Air,30.32,-35,28,-16,-22,-45,-43,39,-19,-30,-53,-98
HUM,Humana,239.58,22,-35,-81,-10,-104,33,3,-12,-18,6,-98
COP,ConocoPhillips,94.7,0,7,-37,1,-29,-16,6,-53,-6,-69,-98
PFE,Pfizer,23.97,-12,9,-25,-21,-49,-25,34,-33,-26,-50,-99
DOCU,DocuSign,75.15,-70,-8,-3,-10,-91,-4,-2,-12,9,-9,-100
ENTG,Entegris,75.43,-6,0,-36,-4,-46,-14,4,-41,-3,-54,-100
JBHT,J. B. Hunt,139.57,-18,0,-23,-3,-44,-16,-12,-20,-8,-56,-100
HAYW,Hayward Holdings,13.4,-37,0,-5,0,-42,-42,-13,-18,14,-59,-101
AZTA,Azenta,29.66,-1,0,-45,-29,-75,-30,22,-11,-7,-26,-101
MKTX,MarketAxess,219.85,-5,12,-20,-27,-40,-26,4,2,-42,-62,-102
LINE,"Lineage, Inc.",44.75,0,-53,0,0,-53,9,-36,-23,0,-50,-103
BMY,Bristol Myers Squibb,46.86,-27,-53,-1,-3,-84,-30,14,-6,3,-19,-103
CIVI,Civitas Resources,32.41,0,3,-47,-4,-48,-9,8,-47,-7,-55,-103
RNG,RingCentral,26.7,0,9,-18,-39,-48,20,-14,-18,-43,-55,-103
FI,Fiserv,163.18,-15,-54,-6,33,-42,-41,-40,-7,25,-63,-105
FCN,FTI Consulting,158.86,-7,-14,-29,0,-50,-1,-13,-39,-3,-56,-106
MTCH,Match Group,30.6,-39,12,-18,-35,-80,15,20,-25,-36,-26,-106
CHRW,C.H. Robinson,92.66,-47,0,0,0,-47,-45,-3,-19,6,-61,-108
CMCSA,Comcast,34.52,-20,0,-27,-7,-54,-30,5,-24,-6,-55,-109
YETI,Yeti Holdings,29.41,-35,-2,-27,-4,-68,-44,28,-18,-8,-42,-110
IPG,Interpublic Group of Companies (The),23.41,1,-17,-35,0,-51,7,-19,-32,-15,-59,-110
ALK,Alaska Air Group,46.96,-48,-3,-2,-1,-54,-48,-7,-9,7,-57,-111
POOL,Pool Corporation,288.58,-45,-7,-15,-4,-71,1,-13,-21,-7,-40,-111
SITE,SiteOne Landscape Supply,116.58,-23,-1,-18,-7,-49,-40,5,-21,-6,-62,-111
BURL,Burlington Stores,225.48,-42,-3,-2,0,-47,-50,-12,-18,15,-65,-112
BIO,Bio-Rad Laboratories,234.01,14,-21,-19,-26,-52,18,-21,-24,-35,-62,-114
LSTR,Landstar,136.93,-32,-2,-27,0,-61,-16,1,-34,-5,-54,-115
TECH,Bio-Techne,49.87,-18,-3,-19,-22,-62,-35,4,-19,-4,-54,-116
REGN,Regeneron Pharmaceuticals,509.72,0,-15,-33,-2,-50,-19,-12,-34,-2,-67,-117
CNC,Centene,54.4,-7,-21,-36,-9,-73,5,-19,-5,-26,-45,-118
AVY,Avery Dennison,175.5,-33,27,-27,0,-33,-45,-3,-35,-3,-86,-119
LYB,LyondellBasell,58.35,-4,0,-36,-3,-43,-26,4,-50,-5,-77,-120
FMC,FMC Corporation,41.06,-12,17,-32,-22,-49,-40,21,-28,-24,-71,-120
CE,Celanese,53.51,-21,13,-35,-8,-51,-39,30,-53,-7,-69,-120
LKQ,LKQ Corporation,37.12,-42,-5,-2,0,-49,-40,-11,-6,-15,-72,-121
HAL,Halliburton,22.28,0,0,-55,-3,-58,-10,8,-54,-7,-63,-121
EMN,Eastman Chemical Company,74.24,-42,-5,-13,0,-60,-40,-7,-27,13,-61,-121
HUBS,HubSpot,534.98,-56,-7,-2,9,-56,-58,-15,-10,17,-66,-122
NWL,Newell Brands,5.41,-13,0,-19,-29,-61,-12,4,-19,-34,-61,-122
M,"Macy's, Inc.",11.05,-35,-2,-23,-13,-73,-14,-14,-17,-4,-49,-122
TSN,Tyson Foods,54.41,-33,-33,-3,-26,-95,-31,-2,-3,9,-27,-122
TGT,Target Corporation,95.54,-21,0,-23,-9,-53,-42,8,-31,-4,-69,-122
FTRE,Fortrea,5.32,-9,-5,-28,0,-42,-27,2,-57,0,-82,-124
VKTX,Viking Therapeutics,25.98,-34,0,-32,19,-47,-35,-13,-25,-4,-77,-124
IFF,International Flavors & Fragrances,73.7,-32,-1,-15,-29,-77,-40,10,-27,9,-48,-125
GPN,Global Payments,76.6,-35,-6,-19,-37,-97,10,-14,-16,-8,-28,-125
OGN,Organon & Co.,9.76,0,-61,-21,0,-82,-17,9,-34,-2,-44,-126
DOC,Healthpeak Properties,17.11,-27,-54,-9,-29,-119,1,8,-24,7,-8,-127
LW,Lamb Weston,53.53,-21,0,-64,-6,-91,-26,20,-18,-12,-36,-127
EL,Estée Lauder Companies (The),75.19,28,18,-112,-24,-90,20,31,-57,-33,-39,-129
IEX,IDEX Corporation,173.2,-32,-2,-20,0,-54,-39,-12,-20,-4,-75,-129
JAZZ,Jazz Pharmaceuticals,107.61,-33,-7,-7,-4,-51,-44,9,-8,-37,-80,-131
DOW,Dow Inc.,27.76,-13,-2,-35,0,-50,-30,4,-50,-6,-82,-132
DV,DoubleVerify,14.35,-23,1,-62,0,-84,-40,10,-10,-8,-48,-132
CRL,Charles River Laboratories,147.43,-10,13,-46,-24,-67,-36,31,-55,-6,-66,-133
CAVA,Cava Group,74.62,-75,-17,-6,0,-98,1,-16,-20,0,-35,-133
VFC,VF Corporation,11.72,-39,-5,-12,-41,-97,-14,-16,-12,5,-37,-134
IAC,IAC Inc.,37.12,3,4,-32,-29,-54,-3,-14,-27,-36,-80,-134
RGEN,Repligen,118.81,-21,-8,-8,-15,-52,-39,4,-12,-35,-82,-134
BLDR,Builders FirstSource,114.8,1,-96,-20,63,-52,-40,-18,-24,-1,-83,-135
ONTO,Onto Innovation,95.9,-11,-89,-18,0,-118,-8,4,-13,-2,-19,-137
BRKR,Bruker,38.11,-21,-5,-52,-6,-84,5,4,-56,-7,-54,-138
GO,Grocery Outlet,13.43,-1,-4,-92,0,-97,7,-25,2,-26,-42,-139
MRK,Merck & Co.,79.11,-9,-56,-39,-2,-106,3,8,-43,-4,-36,-142
CLF,Cleveland-Cliffs,6.98,-6,-7,-55,-14,-82,-5,6,-55,-6,-60,-142
NSA,National Storage Affiliates,32.4,-35,-21,-7,-2,-65,-38,-22,-28,10,-78,-143
MHK,Mohawk Industries,99.5,-21,-22,-18,-9,-70,-40,-19,-26,12,-73,-143
KNX,Knight-Swift,42.59,-48,-2,-17,-1,-68,-46,-6,-13,-11,-76,-144
SWK,Stanley Black & Decker,64.55,-27,0,-21,-37,-85,-39,-5,-27,12,-59,-144
SIRI,Sirius XM,21.74,-21,0,-75,-29,-125,5,32,-41,-15,-19,-144
CERT,"Certara, Inc.",10.52,-42,-6,-7,0,-55,-40,-23,2,-30,-91,-146
MPW,Medical Properties Trust,4.43,-27,-28,0,-34,-89,-12,-26,14,-33,-57,-146
TDC,Teradata,21.36,-9,-1,-71,-15,-96,-3,-15,-19,-14,-51,-147
PCTY,Paylocity,176.8,-63,-6,0,-1,-70,-63,-8,-11,3,-79,-149
SAIA,Saia,256.52,-4,-85,-18,2,-105,-10,-11,-20,-3,-44,-149
LBTYA,Liberty Global (Series A),9.8,4,-54,-32,-29,-111,-9,8,-30,-8,-39,-150
IPGP,IPG Photonics,66.04,-23,27,-78,-42,-116,-7,34,-19,-42,-34,-150
ALGN,Align Technology,181.87,0,13,-59,-23,-69,7,2,-54,-36,-81,-150
GFS,GlobalFoundries,37.46,-23,6,-74,0,-91,-40,4,-9,-15,-60,-151
CLVT,Clarivate,4.21,-23,18,-69,-4,-78,-9,5,-29,-40,-73,-151
AES,AES Corporation,10.41,-20,-3,-34,-9,-66,-21,2,-45,-22,-86,-152
BAX,Baxter International,30.0,-21,-3,-15,-36,-75,-36,4,-6,-39,-77,-152
KHC,Kraft Heinz,25.8,-34,-41,-34,-2,-111,4,-31,-6,-8,-41,-152
COLM,Columbia Sportswear,60.36,-35,-71,-13,-4,-123,-18,-14,-8,11,-29,-152
COTY,Coty,4.78,-21,-2,-56,-5,-84,-17,12,-58,-7,-70,-154
KMX,CarMax,68.6,7,-77,-11,-34,-115,-40,5,-15,9,-41,-156
FIVN,Five9,26.84,-35,0,-71,-33,-139,-3,33,-9,-38,-17,-156
HOG,Harley-Davidson,23.36,-27,0,-35,-7,-69,-40,-10,-30,-9,-89,-158
GMED,Globus Medical,57.86,-30,-83,-7,-1,-121,-39,4,-12,10,-37,-158
ASH,Ashland Global,48.79,-31,-5,-33,-7,-76,-37,8,-45,-8,-82,-158
CGNX,Cognex Corporation,29.61,-24,10,-32,-29,-75,-38,32,-40,-38,-84,-159
ELV,Elevance Health,374.32,-28,-27,-36,0,-91,-24,-42,-2,-1,-69,-160
PCG,PG&E Corporation,13.88,-140,-12,-22,0,-174,9,-14,-21,38,12,-162
SON,Sonoco,43.05,-32,0,-36,-3,-71,-42,-4,-34,-12,-92,-163
CDW,CDW,170.69,-45,28,-34,0,-51,-45,-7,-55,-6,-113,-164
WEN,Wendy's Company (The),12.02,7,-55,-29,-6,-83,17,-61,-24,-13,-81,-164
GLOB,Globant,87.62,-35,-24,-18,-5,-82,-42,-18,-18,-5,-83,-165
KSS,Kohl's,8.23,-18,0,-54,-29,-101,-8,29,-55,-30,-64,-165
ADBE,Adobe Inc.,376.92,-35,0,-28,-4,-67,-58,-5,-32,-3,-98,-165
PEP,PepsiCo,129.07,-19,-53,-34,-1,-107,-25,8,-31,-11,-59,-166
PAYC,Paycom,232.01,-57,0,11,-22,-68,-63,-2,2,-35,-98,-166
BDX,Becton Dickinson,168.5,-21,-81,-20,-3,-125,-26,9,-11,-13,-41,-166
CPRI,Capri Holdings,16.82,-27,0,-64,-9,-100,-4,-5,-28,-30,-67,-167
APA,APA Corporation,19.97,0,10,-77,-10,-77,-6,14,-81,-17,-90,-167
TREX,"Trex Company, Inc.",53.76,-27,-5,-46,-11,-89,-40,-17,-18,-4,-79,-168
EPAM,EPAM Systems,163.07,-35,-2,-18,-25,-80,-40,-5,-9,-35,-89,-169
GNTX,Gentex,21.23,-21,-3,-34,-6,-64,-31,-17,-51,-6,-105,-169
COLD,Americold,16.8,-31,-56,-33,-9,-129,1,2,-33,-13,-43,-172
UPS,United Parcel Service,99.28,-13,0,-98,-14,-125,-17,28,-26,-32,-47,-172
UWMC,United Wholesale Mortgage,4.04,-26,-62,-21,0,-109,-35,7,-34,-2,-64,-173
OMC,Omnicom Group,70.26,-37,-132,-19,0,-188,7,-19,-24,48,12,-176
LBTYK,Liberty Global (Series C),10.13,1,-54,-32,-28,-113,-10,9,-29,-34,-64,-177
VSTS,Vestis,5.72,-48,-97,-13,0,-158,-2,1,-19,0,-20,-178
DXC,DXC Technology,14.21,-13,-2,-17,-71,-103,-18,-2,-24,-32,-76,-179
LULU,Lululemon Athletica,227.43,-70,-10,-3,-1,-84,-70,-4,-12,-10,-96,-180
PII,Polaris Inc.,39.27,-13,0,-92,-15,-120,-39,28,-35,-15,-61,-181
PLTK,Playtika,4.52,-39,-16,-18,0,-73,-40,-24,-19,-29,-112,-185
GIS,General Mills,52.99,-32,-52,-33,-2,-119,-30,8,-29,-17,-68,-187
ACHC,Acadia Healthcare,21.56,0,-80,-40,-9,-129,7,-17,-34,-14,-58,-187
QS,QuantumScape,4.3,-7,2,-76,0,-81,-35,2,-40,-34,-107,-188
BMRN,BioMarin Pharmaceutical,54.94,-31,-53,-42,-18,-144,5,-24,-7,-20,-46,-190
AAL,American Airlines Group,10.62,-47,-1,-13,-74,-135,-3,-6,-13,-37,-59,-194
PRGO,Perrigo,26.5,-25,0,0,-111,-136,-30,30,-7,-53,-60,-196
WSC,WillScot Mobile Mini,26.21,-35,-2,-57,-4,-98,-44,-13,-34,-10,-101,-199
OLN,Olin Corporation,19.33,-24,-6,-52,-7,-89,-37,2,-54,-21,-110,-199
MRNA,Moderna,25.91,-37,-4,-47,-2,-90,-42,16,-47,-37,-110,-200
BIIB,Biogen,127.05,-34,0,-76,-25,-135,-43,28,-39,-16,-70,-205
REYN,Reynolds Consumer Products,21.42,-37,-94,-20,0,-151,1,-24,-32,-1,-56,-207
QDEL,QuidelOrtho,28.01,-42,-4,-15,-36,-97,-38,-17,-15,-45,-115,-212
SPB,Spectrum Brands,52.07,-54,-128,-20,-2,-204,5,-18,-19,22,-10,-214
ENOV,Enovis,30.1,-18,-21,-57,-15,-111,-38,-17,-17,-35,-107,-218
CC,Chemours,10.74,-7,-102,-57,-11,-177,-2,5,-19,-28,-44,-221
ANGI,Angi Inc.,15.03,-41,13,-32,-49,-109,-40,-3,-30,-42,-115,-224
ARE,Alexandria Real Estate Equities,71.38,-2,-61,-29,-28,-120,-36,2,-40,-33,-107,-227
ALB,Albemarle Corporation,56.67,-13,-1,-120,-21,-155,-37,4,-19,-23,-75,-230
NKE,"Nike, Inc.",59.79,-27,0,-69,-19,-115,-40,29,-70,-34,-115,-230
SRPT,Sarepta Therapeutics,20.11,-45,-110,-21,-5,-181,-2,-4,-42,-4,-52,-233
NFE,New Fortress Energy,2.21,-33,-84,-63,-1,-181,2,-19,-14,-23,-54,-235
TAP,Molson Coors,48.03,-133,-39,-5,0,-177,-45,-13,-6,-1,-65,-242
CAG,Conagra Brands,21.49,-80,-46,-24,-5,-155,-5,-60,-6,-21,-92,-247
LEG,Leggett & Platt,9.19,-17,13,-124,-28,-156,-32,4,-27,-36,-91,-247
MAN,ManpowerGroup,38.5,-27,-54,-38,-26,-145,-27,-4,-38,-34,-103,-248
FLO,Flowers Foods,15.87,-48,-53,-29,-6,-136,2,-45,-49,-21,-113,-249
WLK,Westlake Corporation,72.01,-18,-85,-32,-2,-137,-31,-34,-44,-4,-113,-250
FBIN,Fortune Brands Innovations,50.15,-30,-140,-18,-3,-191,-40,-17,-24,18,-63,-254
TRIP,Tripadvisor,12.96,-45,-2,-53,-50,-150,-45,-7,-10,-42,-104,-254
TMO,Thermo Fisher Scientific,396.32,-23,-79,-14,-3,-119,-35,-89,-13,-1,-138,-257
HUN,Huntsman Corporation,10.28,-33,-64,-37,-13,-147,-37,-20,-32,-31,-120,-267
DJT,Trump Media & Technology Group,17.84,-126,-15,-48,0,-189,-44,-17,-16,-7,-84,-273
RHI,Robert Half,40.31,-49,-102,-21,-7,-179,-45,-7,-19,-30,-101,-280
ZBH,Zimmer Biomet,91.23,-30,-51,-57,-15,-153,-37,-21,-56,-16,-130,-283
CRI,Carter's,30.78,-18,-97,-54,-15,-184,-42,-21,-31,-7,-101,-285
CPB,Campbell Soup Company,31.82,-52,-53,-24,-4,-133,-56,-63,-31,-3,-153,-286
XRAY,Dentsply Sirona,15.38,-36,1,-73,-40,-148,-42,-4,-60,-38,-144,-292
WU,Western Union,8.48,-45,-53,-15,-44,-157,-62,-22,-50,-3,-137,-294
APLS,Apellis Pharmaceuticals,17.67,-28,-92,-62,-14,-196,-45,7,-60,-16,-114,-310
STZ,Constellation Brands,162.35,-144,-11,-37,-1,-193,-49,-15,-53,-6,-123,-316
ENPH,Enphase Energy,35.83,-21,-112,-38,-18,-189,-21,-53,-45,-22,-141,-330
TFX,Teleflex,118.19,-32,-97,-34,-37,-200,-45,-52,-30,-8,-135,-335
BF-B,Brown–Forman (Class B),25.69,-143,-15,-95,-16,-269,1,-14,-27,-26,-66,-335
CLX,Clorox,120.8,-80,-116,-9,-3,-208,-48,-74,-19,11,-130,-338
BF-A,Brown–Forman (Class A),26.37,-143,-15,-94,-16,-268,1,-15,-34,-22,-70,-338
SAM,Boston Beer Company,198.05,-145,-17,-27,-35,-224,-69,-27,-23,-42,-161,-385
WOLF,Wolfspeed,0.9,-47,-22,-126,-28,-223,-46,-21,-92,-35,-194,-417
