Symbol,Name,Close,1H Cloud Score,1D Cloud Score,1W Cloud Score,1M Cloud Score,Cloud Score Sum,1H TKx Score,1D TKx Score,1W TKx Score,1M TKx Score,TKx Score Sum,Total Score Sum
TJX,TJX Companies,123.01,-49,0,140,196,287,-4,-11,109,191,285,572
RSG,Republic Services,248.98,0,24,116,175,315,-9,15,85,158,249,564
ORCL,Oracle Corporation,208.17,112,25,3,196,336,110,32,2,25,169,505
IBM,IBM,283.02,80,31,101,52,264,79,39,48,54,220,484
WM,"Waste Management, Inc.",234.28,0,23,87,185,295,-9,15,19,157,182,477
CASY,Casey's,508.04,42,6,105,85,238,39,6,109,76,230,468
AJG,Arthur J. Gallagher & Co.,316.05,-1,-7,157,184,333,-3,-2,20,105,120,453
CTVA,Corteva,74.21,280,39,45,0,364,26,39,2,9,76,440
ORLY,O'Reilly Auto Parts,88.79,-20,-5,155,197,327,-31,6,46,87,108,435
CTAS,Cintas,221.25,-13,46,11,163,207,-4,41,5,185,227,434
ROL,"Rollins, Inc.",56.4,-11,48,23,284,344,-9,41,15,33,80,424
KLAC,KLA Corporation,893.0,70,26,6,175,277,72,41,2,24,139,416
PLTR,Palantir Technologies,138.23,46,39,108,0,193,46,41,111,18,216,409
PGR,Progressive Corporation,265.71,-54,-6,97,175,212,-3,-2,14,187,196,408
NRG,NRG Energy,152.08,0,39,95,92,226,16,41,105,19,181,407
WRB,W. R. Berkley Corporation,72.89,0,81,86,174,341,-3,-1,16,53,65,406
ICE,Intercontinental Exchange,180.99,16,32,104,159,311,28,33,14,19,94,405
CF,CF Industries,102.44,294,25,7,2,328,26,37,2,6,71,399
HWM,Howmet Aerospace,172.06,14,39,140,27,220,-1,39,84,52,174,394
JPM,JPMorgan Chase,269.5,15,28,115,156,314,12,39,2,24,77,391
MSFT,Microsoft,478.04,112,33,8,171,324,-1,41,2,23,65,389
HEI,HEICO (Common),307.16,29,33,17,187,266,26,31,8,55,120,386
PM,Philip Morris International,183.5,34,99,62,53,248,-5,41,77,25,138,386
RTX,RTX Corporation,148.48,93,25,69,52,239,26,31,76,12,145,384
NFG,National Fuel Gas,84.58,27,110,52,50,239,31,41,63,8,143,382
COST,Costco,977.75,-63,35,109,178,259,-63,-2,2,182,119,378
RBLX,Roblox Corporation,101.12,189,38,45,0,272,31,39,8,9,87,359
HEI-A,HEICO (Class A),238.94,28,34,18,180,260,26,32,9,28,95,355
ORI,Old Republic International,36.86,0,0,139,56,195,-3,-1,109,53,158,353
SPOT,Spotify,721.46,20,40,104,10,174,31,41,87,18,177,351
COR,Cencora,293.28,27,103,36,69,235,-1,3,47,65,114,349
CDNS,Cadence Design Systems,299.08,-3,38,9,139,183,-17,3,2,178,166,349
WELL,Welltower,151.82,0,23,108,56,187,-4,19,125,22,162,349
MCK,McKesson Corporation,724.11,30,99,34,56,219,-5,39,30,65,129,348
SO,Southern Company,88.4,-7,-1,68,188,248,-9,15,15,77,98,346
BSX,Boston Scientific,101.72,0,3,136,142,281,12,-8,2,55,61,342
DGX,Quest Diagnostics,178.95,63,40,60,16,179,83,6,60,12,161,340
FTI,TechnipFMC,35.3,100,26,9,25,160,109,30,2,35,176,336
AXON,Axon Enterprise,777.83,1,37,137,92,267,-3,41,2,28,68,335
NFLX,Netflix,1221.09,0,44,108,18,170,26,41,79,18,164,334
MA,Mastercard,569.68,-21,34,118,153,284,-22,39,2,24,43,327
ADP,Automatic Data Processing,307.47,-48,29,77,178,236,1,32,2,55,90,326
CAH,Cardinal Health,164.88,28,48,47,36,159,28,39,40,55,162,321
FAST,Fastenal,41.54,-4,48,115,104,263,-15,40,8,24,57,320
V,Visa Inc.,357.84,-21,35,129,131,274,-21,39,2,24,44,318
MNST,Monster Beverage,62.76,-4,76,18,178,268,-3,39,11,2,49,317
AXS,AXIS Capital,102.14,-7,40,78,43,154,-3,39,74,51,161,315
LH,Labcorp,259.34,107,32,47,13,199,75,32,-7,16,116,315
TDG,TransDigm Group,1424.49,9,39,11,155,214,-5,39,2,55,91,305
BR,Broadridge Financial Solutions,238.67,-31,25,106,143,243,-2,39,2,23,62,305
HUBB,Hubbell Incorporated,391.22,2,24,-2,180,204,6,42,-17,69,100,304
INTU,Intuit,764.74,1,39,9,189,238,6,39,2,18,65,303
NDAQ,"Nasdaq, Inc.",85.94,0,32,68,142,242,5,39,2,12,58,300
EHC,Encompass Health,119.11,-7,40,135,27,195,4,57,16,27,104,299
PWR,Quanta Services,358.64,16,33,9,97,155,26,41,2,70,139,294
GS,Goldman Sachs,624.46,62,26,84,56,228,7,37,2,19,65,293
LRCX,Lam Research,92.67,70,26,1,150,247,12,33,2,-3,44,291
CBOE,Cboe Global Markets,225.4,4,22,136,53,215,-5,17,14,49,75,290
PR,Permian Resources,14.67,76,25,2,24,127,82,28,2,47,159,286
NVDA,Nvidia,144.04,14,25,6,132,177,49,33,2,24,108,285
STE,Steris,237.11,-13,29,6,193,215,-7,39,14,23,69,284
ACM,AECOM,112.17,40,32,8,63,143,31,39,2,69,141,284
BRO,Brown & Brown,108.1,7,-35,108,161,241,23,-2,-2,24,43,284
ALL,Allstate,198.21,-1,25,89,157,270,-2,-2,3,15,14,284
DE,Deere & Company,522.94,14,28,41,107,190,6,39,37,8,90,280
PAYX,Paychex,152.46,-43,32,76,165,230,-2,32,5,12,47,277
IBKR,Interactive Brokers,208.17,14,26,81,55,176,14,41,-10,55,100,276
LYV,Live Nation Entertainment,145.6,6,27,86,145,264,6,1,-9,14,12,276
MMC,Marsh McLennan,216.03,-55,-7,0,173,111,-9,-2,-3,176,162,273
DRI,Darden Restaurants,224.69,14,45,36,59,154,12,39,40,28,119,273
ADI,Analog Devices,227.41,0,26,3,177,206,6,32,2,24,64,270
ETN,Eaton Corporation,330.39,14,26,0,112,152,26,39,-17,70,118,270
RS,"Reliance, Inc.",309.75,6,36,3,113,158,-8,41,2,75,110,268
YUM,Yum! Brands,139.97,-14,-18,20,257,245,-33,-14,14,55,22,267
TT,Trane Technologies,421.86,-4,34,8,162,200,-1,39,2,27,67,267
CHD,Church & Dwight,96.16,-21,-50,-8,342,263,-26,13,-6,23,4,267
LLY,Lilly (Eli),791.32,0,-1,0,170,169,-4,5,2,94,97,266
LOPE,Grand Canyon Education,185.6,-8,37,139,33,201,12,-6,26,32,64,265
RRC,Range Resources,42.26,42,26,26,40,134,48,27,2,53,130,264
LPLA,LPL Financial,377.84,-1,27,37,97,160,12,35,2,55,104,264
OLLI,Ollie's Bargain Outlet,116.13,14,26,107,14,161,19,7,55,21,102,263
VRSN,Verisign,283.94,14,137,28,7,186,23,5,44,5,77,263
MCD,McDonald's,292.32,-64,-7,44,240,213,-11,-10,14,55,48,261
AM,Antero Midstream,18.08,-49,32,140,21,144,-5,-1,70,53,117,261
RBA,RB Global,104.94,-4,37,96,25,154,-12,-2,101,20,107,261
ELF,e.l.f. Beauty,125.53,276,18,-42,29,281,-9,32,-46,-3,-26,255
FWONK,Liberty Formula 1 (Series C),99.16,5,29,62,55,151,12,36,2,54,104,255
VRSK,Verisk Analytics,307.23,-49,35,60,112,158,-12,32,51,26,97,255
BWXT,BWX Technologies,141.09,119,24,5,33,181,-1,41,2,29,71,252
DTE,DTE Energy,131.97,-13,0,66,187,240,-12,-7,19,11,11,251
DUK,Duke Energy,114.8,-11,-11,68,181,227,-11,3,14,14,20,247
FWONA,Liberty Formula 1 (Series A),88.81,0,28,61,60,149,6,37,1,54,98,247
PANW,Palo Alto Networks,202.01,14,26,9,79,128,25,37,2,55,119,247
EBAY,eBay,77.39,0,35,69,12,116,4,39,74,14,131,247
EMR,Emerson Electric,127.39,77,26,8,62,173,14,32,2,24,72,245
TRV,Travelers Companies (The),264.34,0,40,83,56,179,-2,-2,16,54,66,245
CACI,CACI,458.82,29,9,0,152,190,5,-13,6,55,53,243
GOOG,Alphabet (Class C),177.21,0,15,0,174,189,8,37,-11,19,53,242
LIN,Linde plc,460.94,-13,24,5,108,124,-27,39,2,104,118,242
GOOGL,Alphabet (Class A),175.93,0,15,0,174,189,7,37,-11,19,52,241
LMT,Lockheed Martin,479.22,9,4,-21,163,155,-2,15,2,70,85,240
ROP,Roper Technologies,562.58,-18,25,21,180,208,-21,-8,36,24,31,239
MSI,Motorola Solutions,406.33,-49,-10,0,151,92,-16,-1,-19,183,147,239
MU,Micron Technology,120.35,84,25,1,20,130,79,31,2,-3,109,239
UNM,Unum,77.84,-49,26,177,38,192,-6,-2,2,52,46,238
WMB,Williams Companies,58.47,-14,25,104,50,165,-5,17,2,55,69,234
HIG,Hartford (The),125.52,-11,40,86,55,170,-2,-6,13,54,59,229
NI,NiSource,39.28,-7,23,66,43,125,-5,15,81,12,103,228
HON,Honeywell,221.79,-31,26,8,176,179,-9,35,2,20,48,227
JBL,Jabil,196.91,14,29,11,63,117,13,39,3,55,110,227
MPWR,Monolithic Power Systems,690.37,-4,26,-18,155,159,5,36,2,24,67,226
CME,CME Group,269.76,0,0,46,134,180,-11,-3,42,17,45,225
RBC,RBC Bearings,366.96,-10,30,85,56,161,-36,39,6,55,64,225
CW,Curtiss-Wright,471.17,40,34,11,52,137,-3,41,2,47,87,224
USFD,US Foods,75.62,-44,29,135,33,153,6,39,2,24,71,224
FTNT,Fortinet,102.89,2,25,46,111,184,6,19,2,11,38,222
VIRT,Virtu Financial,41.93,15,40,68,12,135,23,-11,63,12,87,222
MKL,Markel,1942.47,14,25,60,53,152,16,39,-10,24,69,221
IRM,Iron Mountain,102.76,15,31,0,55,101,25,39,2,54,120,221
MTSI,MACOM Technology Solutions,130.82,81,26,8,56,171,-3,38,-13,27,49,220
PTC,PTC Inc.,167.52,-4,25,-18,180,183,-1,33,-19,24,37,220
ARES,Ares Management,165.19,-11,26,9,57,81,-7,39,2,104,138,219
ATI,ATI Inc.,84.7,27,33,8,41,109,19,39,2,50,110,219
BK,BNY Mellon,89.76,2,28,86,38,154,12,32,2,17,63,217
TKO,TKO Group Holdings,167.93,14,36,63,38,151,12,3,2,48,65,216
DASH,DoorDash,219.42,16,25,89,0,130,30,38,2,16,86,216
GWRE,Guidewire Software,248.19,0,39,102,19,160,-3,39,2,18,56,216
RCL,Royal Caribbean Group,262.26,-21,26,113,26,144,6,39,2,25,72,216
AVGO,Broadcom,249.34,-1,29,11,114,153,-9,41,2,28,62,215
T,AT&T,27.65,-4,23,62,14,95,-19,39,86,13,119,214
KMI,Kinder Morgan,27.48,-4,24,84,42,146,-3,32,-11,50,68,214
BKR,Baker Hughes,39.6,84,1,2,33,120,56,25,-11,24,94,214
NWS,News Corp (Class B),31.85,-3,29,104,56,186,12,-6,2,19,27,213
PAG,Penske Automotive Group,169.29,14,27,7,60,108,6,41,2,55,104,212
EME,Emcor,481.69,15,26,9,56,106,23,41,-13,55,106,212
GGG,Graco Inc.,83.59,-7,26,-2,176,193,-2,-10,2,27,17,210
BYD,Boyd Gaming,75.25,14,26,40,57,137,6,39,2,25,72,209
FIX,Comfort Systems USA,494.88,15,29,9,62,115,-2,41,2,53,94,209
MPC,Marathon Petroleum,170.12,56,28,0,47,131,49,32,2,-6,77,208
CRWD,CrowdStrike,492.04,35,39,37,0,111,35,41,2,18,96,207
MSA,MSA Safety,164.17,-1,28,-27,162,162,6,39,2,-3,44,206
EOG,EOG Resources,124.37,61,5,0,43,109,55,6,-13,49,97,206
XOM,ExxonMobil,114.01,56,5,1,42,104,48,4,1,48,101,205
HOOD,Robinhood Markets,74.94,15,28,73,0,116,31,39,2,16,88,204
MS,Morgan Stanley,130.07,-4,26,68,62,152,-1,37,2,14,52,204
L,Loews Corporation,88.25,-1,26,104,53,182,-3,-2,2,22,19,201
AME,Ametek,175.55,-7,26,0,104,123,-22,-1,2,99,78,201
AN,AutoNation,190.37,0,28,9,59,96,6,41,2,55,104,200
LNG,Cheniere Energy,235.93,0,32,52,56,140,-5,9,2,54,60,200
KO,Coca-Cola Company (The),69.62,-18,-1,20,180,181,-22,14,15,12,19,200
AIZ,Assurant,198.27,0,16,0,150,166,-1,30,-12,17,34,200
AAPL,Apple Inc.,195.64,-34,-5,-2,249,208,-46,-15,-17,69,-9,199
AMGN,Amgen,290.01,0,0,0,163,163,-7,14,-6,34,35,198
AMAT,Applied Materials,174.1,71,26,-22,147,222,14,6,-41,-3,-24,198
SCHW,Charles Schwab Corporation,88.96,14,39,69,9,131,12,39,2,12,65,196
JCI,Johnson Controls,103.82,14,34,67,17,132,7,39,2,16,64,196
RJF,Raymond James Financial,147.49,14,25,84,56,179,19,-8,-12,17,16,195
COF,Capital One,193.88,-6,32,86,19,131,4,39,2,16,61,192
ITT,ITT Inc.,149.82,-6,32,8,97,131,-5,39,2,24,60,191
MP,MP Materials,35.49,91,9,24,0,124,22,6,37,2,67,191
J,Jacobs Solutions,128.44,14,24,0,104,142,6,39,-16,17,46,188
PSX,Phillips 66,124.55,49,25,0,39,113,49,27,1,-3,74,187
EQT,EQT Corporation,58.84,21,32,33,40,126,23,-3,33,8,61,187
BKNG,Booking Holdings,5300.46,-35,38,128,33,164,-42,39,2,24,23,187
EXE,Expand Energy,119.56,15,46,33,0,94,21,31,33,8,93,187
WMT,Walmart,94.24,-51,40,119,99,207,-63,14,2,27,-20,187
TMUS,T-Mobile US,221.31,-46,-27,86,137,150,-47,-37,88,33,37,187
ETR,Entergy,80.97,-13,-1,65,16,67,-13,39,81,12,119,186
SGI,Somnigroup International,64.1,-6,26,33,62,115,6,39,2,24,71,186
ATO,Atmos Energy,152.31,-10,-2,66,43,97,-12,-19,77,43,89,186
POST,Post Holdings,112.5,47,0,0,85,132,-10,6,2,55,53,185
SEIC,SEI Investments Company,83.56,-43,32,84,33,106,14,39,2,24,79,185
SLM,Sallie Mae,31.23,-7,33,82,20,128,6,-5,36,19,56,184
GD,General Dynamics,281.24,29,48,0,52,129,-5,3,2,55,55,184
VLO,Valero Energy,141.77,42,26,0,42,110,48,28,1,-3,74,184
PPC,Pilgrim's Pride,45.9,0,-10,78,19,87,16,-31,95,16,96,183
WWD,"Woodward, Inc.",236.57,14,35,11,33,93,26,37,2,24,89,182
VST,Vistra Corp.,177.67,20,25,11,28,84,28,38,-13,43,96,180
HCA,HCA Healthcare,372.41,2,40,6,95,143,4,-2,8,27,37,180
KR,Kroger,65.94,0,-11,71,65,125,21,-22,42,13,54,179
TPR,"Tapestry, Inc.",82.74,14,26,72,19,131,6,32,-7,17,48,179
AZO,AutoZone,3601.44,-54,-3,86,84,113,-29,-7,46,55,65,178
NTRA,Natera,167.56,16,17,84,16,133,11,15,2,17,45,178
CTRA,Coterra,26.68,84,4,3,42,133,19,18,-4,11,44,177
MDLZ,Mondelez International,66.34,-7,-1,0,180,172,-12,13,11,-7,5,177
KD,Kyndryl,40.36,0,28,101,0,129,6,33,-9,18,48,177
CELH,Celsius Holdings,44.14,14,65,0,63,142,11,21,10,-7,35,177
DINO,HF Sinclair,41.67,62,28,0,0,90,56,33,2,-6,85,175
PFGC,Performance Food Group,85.76,-34,29,45,41,81,-3,39,2,55,93,174
GEN,Gen Digital,29.76,80,29,7,14,130,-3,31,2,14,44,174
DTM,DT Midstream,104.12,-10,32,95,0,117,-7,39,2,23,57,174
FYBR,Frontier Communications,36.21,0,2,81,0,83,6,-13,86,12,91,174
FFIV,"F5, Inc.",288.57,-6,25,86,12,117,1,39,2,15,57,174
CWEN-A,Clearway Energy (Class A),29.79,40,24,50,4,118,-2,35,14,8,55,173
VMI,Valmont Industries,322.06,-1,16,54,56,125,12,36,-9,8,47,172
TTWO,Take-Two Interactive,237.45,14,46,37,11,108,6,3,37,18,64,172
AIG,American International Group,84.22,-7,23,20,51,87,23,26,15,19,83,170
CWEN,Clearway Energy (Class C),31.63,38,24,50,2,114,-2,35,14,8,55,169
APH,Amphenol,92.76,0,39,11,63,113,-13,41,2,25,55,168
UNP,Union Pacific Corporation,220.52,-7,0,-5,196,184,-29,7,-11,17,-16,168
FERG,Ferguson Enterprises,211.61,0,28,3,63,94,10,39,2,23,74,168
AR,Antero Resources,42.51,35,26,33,8,102,53,3,2,8,66,168
EQH,Equitable Holdings,51.84,-9,26,84,9,110,3,32,2,17,54,164
AON,AON,350.8,-49,-2,0,175,124,-7,-2,-7,54,38,162
ABT,Abbott Laboratories,132.25,-4,23,48,11,78,-9,41,40,12,84,162
OGE,OGE Energy,43.89,-10,0,60,43,93,-11,8,60,12,69,162
EPR,EPR Properties,56.65,0,28,49,27,104,-22,39,22,19,58,162
AXP,American Express,292.74,-21,26,9,97,111,5,39,-13,19,50,161
RLI,RLI Corp.,72.12,-49,-10,-2,174,113,-13,-3,-21,85,48,161
PEG,Public Service Enterprise Group,81.04,1,5,0,150,156,-4,12,-19,15,4,160
MCO,Moody's Corporation,471.24,-28,26,8,154,160,-47,34,-10,23,0,160
HES,Hess Corporation,144.31,87,1,2,53,143,7,11,-3,1,16,159
RGLD,Royal Gold,179.66,0,4,53,16,73,-2,13,60,14,85,158
MO,Altria,58.99,-4,23,62,43,124,-12,14,18,14,34,158
CSCO,Cisco,65.34,9,26,40,12,87,13,32,2,23,70,157
OMF,OneMain Financial,52.54,-4,26,9,58,89,5,37,2,24,68,157
CB,Chubb Limited,283.79,-49,-2,93,56,98,-7,-2,14,54,59,157
CAT,Caterpillar Inc.,357.61,0,25,0,62,87,-1,32,-16,55,70,157
DLTR,Dollar Tree,98.41,63,43,0,-13,93,24,42,17,-20,63,156
RPM,RPM International,107.37,-21,0,-11,178,146,-31,32,-19,28,10,156
TRGP,Targa Resources,169.63,67,0,0,49,116,-5,3,-12,52,38,154
ARMK,Aramark,39.43,-7,30,7,38,68,-5,34,2,54,85,153
STLD,Steel Dynamics,133.16,6,38,2,53,99,-2,-1,2,55,54,153
FICO,Fair Isaac,1776.42,-1,-19,0,164,144,12,-12,-20,29,9,153
BJ,BJ's Wholesale Club,109.5,0,0,70,8,78,-5,-9,32,56,74,152
AAON,AAON,72.81,-44,-6,-5,243,188,-40,-8,-17,29,-36,152
NEM,Newmont,58.53,28,50,11,3,92,28,12,11,8,59,151
KEX,Kirby Corporation,113.22,5,26,0,33,64,6,39,2,40,87,151
UGI,UGI Corporation,36.22,4,40,34,2,80,-13,39,41,3,70,150
MRVL,Marvell Technology,69.99,14,0,-13,104,105,11,31,-13,16,45,150
BEPC,Brookfield Renewable Partners,31.85,77,27,2,0,106,-4,38,2,8,44,150
AMD,Advanced Micro Devices,127.08,14,25,-34,108,113,7,32,2,-5,36,149
SCI,Service Corporation International,77.91,-11,9,0,173,171,-23,9,-19,11,-22,149
BRK-B,Berkshire Hathaway,483.52,-31,-11,116,60,134,-3,-23,17,24,15,149
SCCO,Southern Copper,95.34,0,25,-13,60,72,12,38,2,25,77,149
APG,APi Group,48.88,14,33,10,0,57,26,39,2,24,91,148
CXT,Crane NXT,56.67,14,16,-17,53,66,12,29,-13,54,82,148
EVRG,Evergy,66.75,0,7,50,12,69,-5,7,69,8,79,148
WSO,Watsco,424.1,-21,-21,-5,194,147,-30,-19,-20,69,0,147
TW,Tradeweb,139.84,2,4,101,0,107,23,-8,2,21,38,145
SHW,Sherwin-Williams,330.97,-30,-3,-2,188,153,-26,-1,2,17,-8,145
BEN,Franklin Templeton Investments,22.35,57,29,0,0,86,37,39,2,-20,58,144
SYK,Stryker Corporation,373.44,-30,26,9,157,162,-28,-6,-12,27,-19,143
MSTR,MicroStrategy,375.24,-7,40,91,17,141,-7,-11,2,18,2,143
AMP,Ameriprise Financial,506.74,-7,25,1,62,81,6,-1,-12,69,62,143
DOX,Amdocs,92.81,0,35,9,56,100,5,33,2,3,43,143
SNX,TD Synnex,125.83,0,26,7,61,94,6,32,-9,19,48,142
ALNY,Alnylam Pharmaceuticals,308.84,27,25,9,13,74,19,33,2,13,67,141
LHX,L3Harris,250.86,33,48,4,3,88,-5,41,4,12,52,140
TSCO,Tractor Supply Company,51.0,0,0,0,83,83,-4,2,-25,83,56,139
WAB,Wabtec,200.79,-7,28,11,47,79,-36,39,2,54,59,138
ITW,Illinois Tool Works,241.12,-21,0,-5,176,150,-30,-3,-6,27,-12,138
NEU,NewMarket,634.55,-10,48,11,27,76,-18,40,14,25,61,137
DDS,Dillard's,411.55,14,8,6,52,80,14,-1,-9,53,57,137
THC,Tenet Healthcare,167.46,9,35,6,55,105,4,32,-27,22,31,136
EVR,Evercore,244.24,0,25,0,56,81,10,39,-18,24,55,136
MTG,MGIC Investment Corporation,26.42,3,39,11,53,106,-3,5,2,26,30,136
THG,Hanover Insurance,167.22,-42,24,53,22,57,-12,33,45,12,78,135
CLH,Clean Harbors,225.56,1,33,0,56,90,-5,-7,2,55,45,135
TRMB,Trimble Inc.,71.77,-3,26,71,2,96,8,31,-12,10,37,133
CVNA,Carvana,294.17,-28,38,84,9,103,-28,41,2,14,29,132
KNSL,Kinsale Capital Group,464.5,0,11,8,31,50,-2,20,-19,83,82,132
MSM,MSC Industrial Direct,81.51,0,26,0,56,82,14,41,2,-7,50,132
PPL,PPL Corporation,33.43,-13,-3,68,21,73,-11,-22,80,12,59,132
SPGI,S&P Global,501.23,-28,26,8,170,176,-47,-7,-10,19,-45,131
WCC,Wesco International,171.39,-3,25,-1,56,77,-24,39,-16,55,54,131
GILD,Gilead Sciences,108.0,-7,20,43,33,89,-13,21,-3,37,42,131
NET,Cloudflare,181.23,8,26,31,0,65,11,36,2,17,66,131
VICI,Vici Properties,32.3,0,7,50,13,70,-17,7,15,55,60,130
EXEL,Exelixis,41.35,-38,25,56,12,55,8,-2,47,22,75,130
TXRH,Texas Roadhouse,194.55,3,27,1,62,93,6,-1,2,29,36,129
CINF,Cincinnati Financial,145.26,-42,32,77,60,127,-13,-1,2,13,1,128
H,Hyatt Hotels,133.95,2,9,-15,53,49,12,32,-19,53,78,127
SNPS,Synopsys,475.22,-6,13,-19,178,166,-22,5,-20,-3,-40,126
FANG,Diamondback Energy,152.95,78,8,-21,45,110,48,11,-40,-3,16,126
MTZ,MasTec,162.66,16,32,11,16,75,-2,39,2,11,50,125
CHE,Chemed Corporation,549.65,-9,-19,-3,183,152,-13,-7,-1,-6,-27,125
FOXA,Fox Corporation (Class A),54.08,-7,25,60,0,78,14,26,-5,12,47,125
ADSK,Autodesk,296.9,14,29,46,12,101,6,-1,2,17,24,125
PLNT,Planet Fitness,102.67,-7,22,55,11,81,-4,33,2,12,43,124
GEV,GE Vernova,488.8,14,38,0,0,52,28,41,3,0,72,124
DLR,Digital Realty,176.03,0,32,7,20,59,7,39,2,17,65,124
SF,Stifel,95.97,0,16,0,57,73,12,31,-12,18,49,122
VRT,Vertiv,116.6,14,25,1,6,46,26,39,-13,24,76,122
NVT,Nvent Electric,69.83,15,26,-18,10,33,73,39,-20,-3,89,122
ZS,Zscaler,307.2,15,39,9,3,66,-3,41,2,16,56,122
ODFL,Old Dominion Freight Line,156.58,-16,0,-18,185,151,-26,-10,-23,30,-29,122
RL,Ralph Lauren Corporation,265.41,-56,28,86,32,90,6,-1,2,24,31,121
MTDR,Matador Resources,51.27,77,6,-21,1,63,49,26,-14,-4,57,120
CVX,Chevron Corporation,148.86,56,1,1,46,104,7,9,-4,4,16,120
BPOP,"Popular, Inc.",103.17,-9,33,9,57,90,-28,39,2,17,30,120
PCAR,Paccar,91.11,-19,0,-14,157,124,-28,-2,-6,32,-4,120
NOC,Northrop Grumman,503.82,29,6,2,56,93,-5,13,9,10,27,120
GRMN,Garmin,197.82,-17,0,104,17,104,-22,27,-9,19,15,119
RPRX,Royalty Pharma,34.54,78,29,24,0,131,-2,8,18,-36,-12,119
X,U.S. Steel,54.85,14,21,11,24,70,12,17,15,4,48,118
SSNC,SS&C Technologies,79.82,-7,2,82,12,89,-4,27,-7,13,29,118
PH,Parker Hannifin,652.21,-21,27,9,63,78,-31,39,2,28,38,116
NTRS,Northern Trust,109.65,14,26,8,9,57,12,32,2,11,57,114
GWW,W. W. Grainger,1045.85,-21,26,0,92,97,-40,-1,2,55,16,113
BSY,Bentley Systems,50.4,20,29,1,0,50,23,41,2,-4,62,112
WEC,WEC Energy Group,104.09,-16,-2,47,11,40,-12,15,60,9,72,112
WDC,Western Digital,58.57,14,26,4,16,60,12,37,2,1,52,112
STAG,STAG Industrial,36.11,-10,26,0,94,110,-31,32,2,-2,1,111
ABBV,AbbVie,185.47,-6,-1,8,56,57,-9,5,-5,62,53,110
META,Meta Platforms,697.24,0,26,9,27,62,6,31,-10,21,48,110
REG,Regency Centers,70.13,-31,24,60,51,104,-2,-11,2,17,6,110
DOV,Dover Corporation,176.07,-6,15,0,104,113,-1,-8,-11,17,-3,110
SNDK,SanDisk,44.11,62,2,0,0,64,19,26,0,0,45,109
C,Citigroup,77.36,0,26,11,16,53,6,36,2,12,56,109
CBRE,CBRE Group,132.26,0,10,84,20,114,-13,6,-11,12,-6,108
BALL,Ball Corporation,55.3,75,26,-27,-9,65,6,38,2,-3,43,108
SLGN,Silgan Holdings,53.7,-7,32,11,78,114,-13,-7,2,11,-7,107
VRTX,Vertex Pharmaceuticals,442.02,-7,-30,-1,102,64,-13,5,15,35,42,106
ULTA,Ulta Beauty,472.12,9,36,4,2,51,19,39,4,-7,55,106
GTES,Gates Corporation,21.72,0,26,9,13,48,6,34,2,16,58,106
CPNG,Coupang,28.24,-3,32,9,0,38,12,39,2,15,68,106
NWSA,News Corp (Class A),27.76,-4,26,1,56,79,12,-6,2,19,27,106
CI,Cigna,312.51,-5,-11,0,56,40,-2,1,12,55,66,106
XYL,Xylem Inc.,125.38,-6,26,-2,20,38,9,36,2,20,67,105
INGR,Ingredion,137.46,-2,32,4,32,66,-12,-5,2,54,39,105
R,Ryder,150.61,0,11,2,54,67,5,-7,-14,54,38,105
AVT,Avnet,51.12,0,26,0,43,69,6,3,2,25,36,105
LITE,Lumentum,86.39,15,24,6,1,46,31,32,-13,8,58,104
KBR,"KBR, Inc.",52.97,0,30,-22,62,70,-8,-15,2,55,34,104
FDS,FactSet,424.02,-90,-5,-3,192,94,-4,-8,1,21,10,104
KKR,KKR & Co. Inc.,121.06,-7,15,0,101,109,-21,8,-12,19,-6,103
AWI,Armstrong World Industries,150.44,-23,33,86,19,115,-26,-6,2,17,-13,102
SYF,Synchrony Financial,60.29,0,26,9,19,54,5,39,-12,16,48,102
OVV,Ovintiv,41.66,83,8,-29,1,63,48,11,-16,-4,39,102
CPRT,Copart,48.0,-28,-17,-5,174,124,-21,-13,-15,26,-23,101
QGEN,Qiagen,46.55,0,23,4,1,28,-4,64,2,11,73,101
LECO,Lincoln Electric,200.16,0,25,0,63,88,-3,32,-12,-5,12,100
RMD,Resmed,250.1,0,32,9,11,52,-2,38,1,11,48,100
BAC,Bank of America,44.22,-6,26,9,16,45,8,33,2,12,55,100
DELL,Dell Technologies,115.92,10,26,-17,30,49,12,39,2,-2,51,100
CSL,Carlisle Companies,356.03,-36,0,-3,176,137,-47,-11,2,18,-38,99
TXN,Texas Instruments,197.7,0,26,1,20,47,6,30,2,14,52,99
JEF,Jefferies Financial Group,52.69,0,2,-12,56,46,11,2,-15,55,53,99
PEGA,Pegasystems,100.62,0,38,11,3,52,6,39,-12,13,46,98
ADM,Archer Daniels Midland,53.98,44,27,0,-9,62,48,3,2,-18,35,97
FCX,Freeport-McMoRan,41.38,2,26,-29,56,55,12,32,2,-4,42,97
LDOS,Leidos,149.38,27,38,-5,21,81,5,-11,5,17,16,97
STT,State Street Corporation,96.51,-5,28,9,14,46,5,33,1,12,51,97
NTAP,Netapp,103.21,0,11,-17,55,49,10,39,-22,20,47,96
VEEV,Veeva Systems,281.74,-7,29,37,6,65,-19,32,2,16,31,96
AMZN,Amazon,214.81,2,16,9,19,46,11,31,-11,18,49,95
KIM,Kimco Realty,20.75,-11,25,-1,53,66,-2,39,-20,12,29,95
UNH,UnitedHealth Group,308.85,35,-42,-10,-2,-19,-9,-37,-23,182,113,94
STWD,Starwood Property Trust,19.85,-6,26,10,56,86,-23,10,2,19,8,94
ANET,Arista Networks,89.67,-6,11,0,56,61,-15,7,-13,54,33,94
MOS,Mosaic Company (The),36.14,9,46,8,-14,49,26,39,7,-28,44,93
URI,United Rentals,695.21,-4,26,-2,62,82,-22,-1,-21,55,11,93
CCK,Crown Holdings,101.05,14,36,9,3,62,11,8,2,10,31,93
ED,Consolidated Edison,101.32,-11,-10,20,45,44,-11,2,14,43,48,92
ARW,Arrow Electronics,124.14,14,33,0,2,49,7,39,2,-6,42,91
AMED,Amedisys,97.51,42,43,4,-38,51,9,6,17,8,40,91
NOW,ServiceNow,1004.53,-37,27,9,80,79,7,-3,-12,20,12,91
FOX,Fox Corporation (Class B),49.62,-7,25,59,0,77,14,-1,-6,7,14,91
TOST,"Toast, Inc.",42.47,-27,27,69,0,69,5,-1,2,15,21,90
ACGL,Arch Capital Group,90.15,-12,0,0,60,48,-7,-2,2,49,42,90
HIW,Highwoods Properties,31.44,0,32,3,4,39,-2,39,2,11,50,89
GLW,Corning Inc.,50.48,0,25,11,15,51,6,32,-12,12,38,89
AEP,American Electric Power,101.63,-2,-15,65,21,69,-10,3,15,12,20,89
BX,Blackstone Inc.,135.65,-11,0,-5,140,124,-26,-12,-16,19,-35,89
AFL,Aflac,102.08,0,-19,0,56,37,19,-22,2,53,52,89
HLT,Hilton Worldwide,246.97,-21,26,8,62,75,3,-3,-10,24,14,89
O,Realty Income,57.51,48,22,2,5,77,-10,8,2,11,11,88
SKX,Skechers,62.46,0,24,-16,53,61,-16,31,-12,24,27,88
AMG,Affiliated Managers Group,182.31,0,32,3,20,55,12,3,2,15,32,87
DG,Dollar General,113.33,14,67,0,-15,66,16,15,14,-24,21,87
HAS,Hasbro,67.49,0,26,6,1,33,6,37,2,9,54,87
CMG,Chipotle Mexican Grill,51.38,-4,10,-16,78,68,6,3,-18,27,18,86
AEE,Ameren,94.37,-18,-3,48,11,38,-12,-1,53,8,48,86
XP,XP Inc.,19.91,0,40,4,0,44,2,38,8,-6,42,86
NSC,Norfolk Southern,250.3,-3,25,3,2,27,6,39,2,12,59,86
ECL,Ecolab,261.19,-7,24,8,20,45,-13,34,2,17,40,85
DT,Dynatrace,55.9,9,24,6,0,39,6,32,-10,18,46,85
HII,Huntington Ingalls Industries,234.34,30,65,0,4,99,-2,-14,8,-7,-15,84
MMM,3M,142.17,-10,26,66,12,94,-21,-3,2,12,-10,84
HPE,Hewlett Packard Enterprise,17.9,-6,22,-16,40,40,6,-1,-13,52,44,84
ADC,Agree Realty,74.64,2,0,55,14,71,-21,8,15,11,13,84
EA,Electronic Arts,150.33,25,2,0,5,32,24,1,8,19,52,84
ESAB,ESAB,119.5,-10,28,92,0,110,-36,-8,2,15,-27,83
PNR,Pentair,96.23,-23,26,0,60,63,-25,39,-16,22,20,83
EXPD,Expeditors International,113.82,0,0,-12,129,117,-3,-1,-29,-1,-34,83
CVS,CVS Health,67.08,51,0,2,-15,38,48,5,17,-26,44,82
BLK,BlackRock,969.05,-10,25,9,20,44,-22,39,2,19,38,82
WFC,Wells Fargo,72.52,-40,26,84,27,97,-34,-1,2,17,-16,81
GE,GE Aerospace,235.67,-34,37,11,25,39,-44,37,22,27,42,81
ZI,ZoomInfo,10.34,98,1,-15,0,84,21,29,-20,-34,-4,80
SRE,Sempra,74.07,-66,2,-7,179,108,-17,-3,-21,12,-29,79
COIN,Coinbase,253.86,1,25,0,0,26,11,39,-15,16,51,77
GRAL,"Grail, Inc.",42.01,38,6,0,0,44,3,39,-9,0,33,77
MANH,Manhattan Associates,191.52,0,20,-21,63,62,6,2,-19,25,14,76
SAIC,SAIC,105.4,7,-12,-29,65,31,-4,-12,6,55,45,76
JNPR,Juniper Networks,35.92,14,21,0,52,87,12,-12,-29,18,-11,76
TXT,Textron,76.87,2,26,-27,51,52,-12,36,2,-3,23,75
ISRG,Intuitive Surgical,511.88,-49,2,86,20,59,12,-7,-13,24,16,75
ROK,Rockwell Automation,320.43,-4,29,7,13,45,6,31,2,-9,30,75
BXP,"BXP, Inc.",71.73,0,24,0,0,24,-3,39,2,11,49,73
COHR,Coherent Corp.,79.76,-1,25,0,13,37,6,32,-16,13,35,72
LAMR,Lamar Advertising,119.52,-21,16,0,62,57,-24,39,-19,19,15,72
LLYVK,Liberty Live (Series C),77.63,9,32,21,0,62,6,2,2,0,10,72
PODD,Insulet,304.39,0,27,37,2,66,-2,-2,6,4,6,72
CCL,Carnival Corporation & plc,23.26,-7,25,9,0,27,6,33,-12,17,44,71
UBER,Uber,84.74,-4,38,10,0,44,2,-8,8,24,26,70
AL,Air Lease Corporation,56.26,-18,32,9,20,43,-31,32,2,24,27,70
IDXX,Idexx Laboratories,520.38,-3,33,6,2,38,-3,39,2,-6,32,70
CEG,Constellation Energy,305.68,0,26,8,0,34,19,-2,2,17,36,70
BROS,Dutch Bros. Coffee,68.92,-38,18,45,0,25,11,32,-7,9,45,70
SSD,Simpson Manufacturing Company,151.73,-30,0,-18,154,106,-26,-14,-21,24,-37,69
AYI,Acuity Brands,270.97,0,2,0,25,27,6,31,-13,18,42,69
SPR,Spirit AeroSystems,37.1,-28,40,10,0,22,-28,41,22,12,47,69
PRU,Prudential Financial,103.39,-6,16,-5,53,58,5,8,-19,17,11,69
TDY,Teledyne Technologies,490.71,-22,25,44,12,59,-35,30,2,13,10,69
BHF,Brighthouse Financial,58.06,1,29,10,9,49,19,-8,2,6,19,68
CAR,Avis Budget Group,127.77,14,42,1,-18,39,7,52,5,-35,29,68
APO,Apollo Global Management,132.39,-7,8,-2,95,94,-21,-14,-15,24,-26,68
WTFC,Wintrust Financial,117.27,-21,26,0,47,52,-28,39,-13,17,15,67
VNOM,Viper Energy,41.73,7,3,0,42,52,-12,2,-20,45,15,67
PNW,Pinnacle West Capital,88.82,-11,-3,60,16,62,-11,-22,14,24,5,67
XPO,"XPO, Inc.",119.83,0,8,-1,59,66,-1,-8,-15,25,1,67
LLYVA,Liberty Live (Series A),76.6,6,39,20,0,65,6,-7,2,0,1,66
EQIX,Equinix,886.53,-24,26,9,32,43,-43,39,2,24,22,65
MLM,Martin Marietta Materials,541.38,-17,35,-2,58,74,-31,-6,2,25,-10,64
BRX,Brixmor Property Group,25.45,-2,8,0,53,59,-26,5,2,24,5,64
EWBC,East West Bancorp,91.69,-9,26,0,20,37,-28,37,1,17,27,64
MET,Metlife,77.84,-21,25,0,56,60,6,-7,-12,16,3,63
APP,AppLovin,360.45,-40,16,97,0,73,-49,32,-9,16,-10,63
SOFI,SoFi,14.41,0,18,38,0,56,1,9,-12,9,7,63
BAH,Booz Allen Hamilton,102.25,0,-15,-22,99,62,-1,-11,-24,36,0,62
IDA,Idacorp,113.25,-19,-3,48,16,42,-21,15,18,8,20,62
DOCS,Doximity,58.5,2,0,46,0,48,6,7,-9,10,14,62
RITM,Rithm Capital,11.1,-6,26,9,30,59,-13,-10,2,24,3,62
DKNG,DraftKings,38.13,56,2,-13,0,45,6,2,-10,18,16,61
NYT,New York Times Company,53.8,-7,37,0,14,44,-3,-1,2,19,17,61
FIS,Fidelity National Information Services,80.44,0,41,0,-35,6,6,39,1,9,55,61
WSM,"Williams-Sonoma, Inc.",156.93,-3,0,0,63,60,5,-14,-9,19,1,61
DDOG,Datadog,124.84,12,16,-15,0,13,20,33,-18,13,48,61
AMT,American Tower,215.19,28,4,8,4,44,-13,9,12,9,17,61
DVN,Devon Energy,34.69,63,8,-42,-3,26,49,5,1,-20,35,61
VTR,"Ventas, Inc.",62.76,-10,-15,64,20,59,-5,-22,15,13,1,60
AZEK,Azek,52.18,-4,44,13,0,53,-22,6,5,18,7,60
WING,Wingstop,346.42,-16,32,3,36,55,-26,32,-30,29,5,60
HD,Home Depot (The),348.73,-49,-1,-4,178,124,-54,-11,-16,17,-64,60
WTM,White Mountains Insurance Group,1750.91,-23,-6,0,57,28,-1,-9,-12,54,32,60
CIEN,Ciena,73.44,0,26,1,10,37,23,-1,-13,14,23,60
SNOW,Snowflake Inc.,209.48,0,29,7,0,36,-9,39,2,-8,24,60
LAD,Lithia Motors,326.77,0,7,0,12,19,3,32,-14,19,40,59
PRI,Primerica,257.47,-49,-3,0,106,54,-4,-7,-12,28,5,59
MRP,Millrose Properties,27.78,2,15,0,0,17,5,36,0,0,41,58
WPC,W. P. Carey,62.98,0,23,21,0,44,-22,15,18,3,14,58
AGO,Assured Guaranty,84.21,1,0,0,54,55,-2,-18,2,20,2,57
LNT,Alliant Energy,60.09,-11,-2,60,12,59,-5,-10,2,11,-2,57
UTHR,United Therapeutics,286.88,-42,-6,-2,55,5,17,-1,-21,57,52,57
CMS,CMS Energy,69.11,-11,-18,68,21,60,-5,-24,14,12,-3,57
SARO,StandardAero,30.2,-1,26,0,0,25,-4,33,2,0,31,56
IRDM,Iridium Communications,28.59,0,8,-13,-17,-22,80,30,-15,-17,78,56
RNR,RenaissanceRe,243.6,0,23,-1,33,55,-2,-2,-21,26,1,56
CR,Crane Co.,178.85,-4,33,8,0,37,-21,35,2,3,19,56
VMC,Vulcan Materials,258.93,-21,34,0,58,71,-35,-8,2,25,-16,55
CUBE,CubeSmart,42.98,-9,32,-15,20,28,-24,37,2,12,27,55
ALGM,Allegro MicroSystems,30.71,14,25,3,0,42,7,26,-7,-14,12,54
SFD,Smithfield Foods,23.38,-1,21,0,0,20,-5,39,0,0,34,54
ADT,ADT Inc.,8.14,-10,46,23,0,59,-28,-1,17,6,-6,53
PSTG,Pure Storage,52.37,-21,25,0,40,44,-32,-1,-13,55,9,53
CNM,Core & Main,55.6,-12,28,11,0,27,-38,39,2,22,25,52
NBIX,Neurocrine Biosciences,124.88,-2,17,-20,23,18,12,36,-12,-2,34,52
ECG,Everus Construction Group,59.75,0,24,0,0,24,-4,41,-9,0,28,52
VNO,Vornado Realty Trust,40.47,0,16,3,2,21,1,32,-15,13,31,52
GLPI,Gaming and Leisure Properties,46.08,-19,-34,0,63,10,-21,6,2,55,42,52
CUZ,Cousins Properties,30.2,2,16,3,9,30,-1,9,2,11,21,51
FNB,FNB Corporation,13.64,-21,26,-5,53,53,-26,6,1,17,-2,51
CTSH,Cognizant,79.69,-5,26,8,12,41,6,-2,-10,16,10,51
HBAN,Huntington Bancshares,15.47,-21,26,0,19,24,-26,37,2,14,27,51
DCI,Donaldson Company,68.33,-34,26,-2,63,53,-31,-2,2,28,-3,50
DUOL,Duolingo,475.96,-51,39,45,0,33,-4,-6,6,21,17,50
OZK,Bank OZK,44.43,-10,26,0,54,70,-28,2,-11,17,-20,50
ALAB,Astera Labs,92.93,-1,24,0,0,23,7,33,-14,0,26,49
CG,Carlyle Group (The),46.12,-4,17,0,19,32,-15,28,-12,16,17,49
PG,Procter & Gamble,158.52,-64,-3,-1,177,109,-77,-1,-6,24,-60,49
MAR,Marriott International,256.26,-21,26,0,56,61,-25,-3,-11,25,-14,47
BA,Boeing,200.25,-28,39,0,0,11,3,39,2,-9,35,46
AS,Amer Sports,36.06,-9,26,0,0,17,-4,31,2,0,29,46
ANSS,Ansys,336.78,-5,26,9,9,39,-21,5,2,21,7,46
ATR,AptarGroup,149.39,-10,32,0,18,40,-14,-6,2,23,5,45
NNN,NNN Reit,42.39,0,24,0,20,44,-21,8,2,12,1,45
LEN-B,Lennar (Class B),100.81,-5,-1,-20,60,34,7,3,-27,28,11,45
OSK,Oshkosh Corporation,109.82,0,25,3,2,30,-1,30,-12,-3,14,44
LOW,Lowe's,211.89,-40,-3,-12,164,109,-53,-11,-19,17,-66,43
HLI,Houlihan Lokey,171.83,-21,28,9,42,58,-38,-3,2,24,-15,43
NOV,NOV Inc.,13.8,63,6,-47,-10,12,75,7,-38,-13,31,43
FIVE,Five Below,123.75,-4,28,0,-14,10,6,37,3,-13,33,43
KMPR,Kemper Corporation,62.81,0,16,0,2,18,26,-2,-12,12,24,42
GL,Globe Life,119.38,-7,0,37,12,42,-3,-2,-1,6,0,42
SNA,Snap-on,307.26,-21,-3,-1,57,32,-29,-6,-11,55,9,41
CNP,Centerpoint Energy,35.76,-63,-2,41,43,19,-6,-20,35,13,22,41
TYL,Tyler Technologies,580.84,0,6,0,15,21,-1,25,-20,16,20,41
AMTM,Amentum,22.32,0,38,0,0,38,-2,3,2,0,3,41
FHN,First Horizon Corporation,19.25,-29,26,44,2,43,-32,32,-10,8,-2,41
WHR,Whirlpool Corporation,91.3,77,3,-16,-24,40,21,25,-12,-34,0,40
CFG,Citizens Financial Group,40.43,-6,14,0,2,10,-1,31,-12,12,30,40
DPZ,Domino's,458.98,2,0,0,8,10,7,-12,19,16,30,40
AVB,AvalonBay Communities,206.29,0,7,0,14,21,-2,6,1,13,18,39
CMI,Cummins,314.73,-7,0,0,63,56,-31,-1,-13,28,-17,39
LNW,Light & Wonder,86.27,-23,0,-13,55,19,5,-1,-7,23,20,39
OHI,Omega Healthcare Investors,36.9,-13,1,0,38,26,-22,9,-3,29,13,39
NU,Nubank,12.08,-7,37,-2,0,28,5,-14,2,17,10,38
APPF,AppFolio,220.91,0,11,0,26,37,-16,3,-12,26,1,38
PEN,"Penumbra, Inc.",255.94,0,-15,24,9,18,-1,-18,38,1,20,38
EGP,EastGroup Properties,170.55,-6,23,1,6,24,-24,38,2,-3,13,37
CHRD,Chord Energy,106.78,62,7,-42,1,28,49,10,-46,-4,9,37
CRUS,Cirrus Logic,103.31,0,26,-15,17,28,6,2,2,-1,9,37
ACI,Albertsons,21.14,-2,-1,17,0,14,26,-16,19,-7,22,36
ROKU,"Roku, Inc.",80.63,14,7,2,-17,6,6,31,-10,2,29,35
AFG,American Financial Group,123.5,0,0,-4,54,50,-7,-22,2,12,-15,35
FOUR,Shift4,91.94,-24,6,0,0,-18,5,35,-9,22,53,35
CSX,CSX Corporation,32.12,0,25,-28,2,-1,9,29,2,-4,36,35
PINS,Pinterest,34.53,0,11,0,0,11,10,27,-11,-3,23,34
XEL,Xcel Energy,65.63,-21,-10,43,10,22,-36,-10,51,7,12,34
ROIV,Roivant Sciences,11.1,-14,36,-4,0,18,-14,5,2,22,15,33
RF,Regions Financial Corporation,21.53,-9,25,-2,20,34,-26,32,-19,12,-1,33
AWK,American Water Works,140.9,2,-3,18,4,21,-11,3,14,6,12,33
PFG,Principal Financial Group,75.77,-8,0,-5,53,40,-4,-8,-12,16,-8,32
WYNN,Wynn Resorts,87.31,14,28,-3,-1,38,7,-9,2,-6,-6,32
SMCI,Supermicro,43.11,0,2,-43,56,15,7,25,-8,-7,17,32
HSY,Hershey Company (The),168.89,98,0,-37,-2,59,-12,7,-6,-17,-28,31
TTEK,Tetra Tech,35.67,0,24,-21,3,6,-7,39,-24,17,25,31
ESI,Element Solutions,21.43,-7,0,-12,55,36,5,-8,-21,18,-6,30
EXPE,Expedia Group,161.95,-21,0,41,9,29,-33,32,-10,12,1,30
TWLO,Twilio,116.25,-31,18,39,-32,-6,5,32,-10,9,36,30
AGNC,AGNC Investment,9.18,0,11,3,14,28,-16,9,-6,15,2,30
CARR,Carrier Global,69.77,-7,33,0,0,26,-15,-8,2,24,3,29
WBS,Webster Bank,50.76,-21,26,0,12,17,-26,34,-12,15,11,28
OXY,Occidental Petroleum,45.98,77,6,-47,0,36,49,8,-51,-14,-8,28
FE,FirstEnergy,39.71,-14,-2,0,53,37,-12,-11,2,12,-9,28
ESS,Essex Property Trust,283.4,0,8,0,12,20,-12,6,2,12,8,28
TOL,Toll Brothers,104.83,-6,10,-15,59,48,-26,3,-21,24,-20,28
NEE,NextEra Energy,71.87,-1,13,0,0,12,-5,8,2,11,16,28
VNT,Vontier,35.54,-7,26,-5,0,14,-2,33,-15,-3,13,27
AGCO,AGCO,102.06,2,28,0,0,30,12,-7,3,-11,-3,27
EXC,Exelon,42.38,-7,-15,47,12,37,-11,-25,18,8,-10,27
SNV,Synovus,47.4,-21,26,0,19,24,-26,32,-15,12,3,27
FCNCA,First Citizens BancShares,1810.9,-8,8,-5,57,52,-20,-11,-13,19,-25,27
MTB,M&T Bank,178.27,-21,26,0,20,25,-26,32,-16,12,2,27
UI,Ubiquiti,379.44,-24,27,44,8,55,-34,-4,2,8,-28,27
DIS,Walt Disney Company (The),118.12,2,26,7,-39,-4,-3,30,2,1,30,26
EFX,Equifax,255.99,-7,38,-1,14,44,-25,-11,2,16,-18,26
EEFT,Euronet Worldwide,102.6,-21,29,0,-1,7,-25,31,2,11,19,26
ZBRA,Zebra Technologies,289.3,-3,12,-13,-5,-9,6,31,-13,11,35,26
EXR,Extra Space Storage,147.85,-21,23,-5,0,-3,-23,39,2,11,29,26
JHG,Janus Henderson,36.31,-6,11,0,17,22,6,-7,-11,16,4,26
PKG,Packaging Corporation of America,186.29,-30,0,-5,59,24,-31,26,-18,24,1,25
NVR,"NVR, Inc.",6989.91,-7,-1,-15,63,40,-17,-1,-24,27,-15,25
WBA,Walgreens Boots Alliance,11.39,53,26,0,-75,4,18,41,-5,-33,21,25
IR,Ingersoll Rand,80.63,-21,25,-13,21,12,-26,32,-20,27,13,25
AMKR,Amkor Technology,20.3,71,11,-32,0,50,11,7,-40,-3,-25,25
K,Kellanova,80.25,-84,-6,61,19,-10,-47,-3,73,11,34,24
RGA,Reinsurance Group of America,195.11,-32,26,0,38,32,-36,-4,-19,51,-8,24
KEYS,Keysight,160.46,-2,26,8,0,32,6,-8,-9,3,-8,24
UAL,United Airlines Holdings,73.66,-31,0,0,9,-22,5,38,-12,14,45,23
TPL,Texas Pacific Land Corporation,1087.02,-14,-13,-1,56,28,-5,-13,2,11,-5,23
MCHP,Microchip Technology,67.7,0,26,-38,1,-11,5,32,2,-5,34,23
GDDY,GoDaddy,178.04,-4,0,0,20,16,8,-10,-11,20,7,23
CNXC,Concentrix,55.63,-3,26,0,0,23,6,29,-4,-31,0,23
CL,Colgate-Palmolive,88.63,-13,-3,-3,21,2,-13,14,-6,24,19,21
APD,Air Products,277.05,-7,0,0,14,7,-11,27,-11,8,13,20
HRB,H&R Block,55.11,-49,-7,0,50,-6,-11,-19,6,50,26,20
JKHY,Jack Henry & Associates,180.3,0,23,8,2,33,-1,-2,-19,9,-13,20
VVV,Valvoline,36.74,7,11,-18,29,29,6,27,-40,-2,-9,20
EQR,Equity Residential,68.72,-9,25,0,11,27,-4,-17,2,11,-8,19
G,Genpact,43.18,0,-31,45,0,14,6,-2,-7,8,5,19
SLB,Schlumberger,36.08,52,0,-62,0,-10,48,2,-13,-8,29,19
NDSN,Nordson,214.17,-4,25,-28,0,-7,-2,31,2,-5,26,19
PHM,PulteGroup,98.71,-6,-1,-15,63,41,-26,3,-26,27,-22,19
RKT,Rocket Companies,13.19,-1,0,-11,0,-12,-7,22,-2,18,31,19
CRH,CRH plc,89.85,-13,-1,0,62,48,-33,-12,-9,25,-29,19
DECK,Deckers Brands,102.59,-21,-5,-16,91,49,-31,-17,-12,29,-31,18
LVS,Las Vegas Sands,41.74,1,26,-14,-4,9,7,32,-18,-12,9,18
CNH,CNH Industrial,12.75,0,27,11,0,38,6,-7,2,-21,-20,18
TNL,Travel + Leisure Co.,48.78,-21,16,1,14,10,-28,32,-9,12,7,17
SBUX,Starbucks,91.59,0,0,2,1,3,-10,25,-7,5,13,16
DBX,Dropbox,28.95,3,4,11,7,25,10,-13,-12,6,-9,16
COKE,Coca-Cola Consolidated,105.67,-16,-33,-1,83,33,-26,-33,-8,50,-17,16
CSGP,CoStar Group,79.89,0,8,0,12,20,-16,3,15,-7,-5,15
DHI,D. R. Horton,119.93,-5,-1,-20,63,37,-26,3,-27,28,-22,15
LEN,Lennar (Class A),104.61,-6,-1,-22,62,33,7,3,-27,-1,-18,15
PNC,PNC Financial Services,173.22,-10,16,0,12,18,-30,31,-16,12,-3,15
KEY,Keycorp,15.71,-10,26,0,2,18,-28,32,-19,11,-4,14
CIVI,Civitas Resources,33.04,56,1,-47,-4,6,55,6,-47,-7,7,13
INFA,Informatica,24.16,6,17,-34,0,-11,9,39,-19,-5,24,13
JLL,Jones Lang LaSalle,233.52,0,0,0,12,12,-4,5,-12,12,1,13
ELAN,Elanco,13.6,-7,29,-29,-5,-12,-3,31,1,-4,25,13
CART,Maplebear Inc.,43.57,-43,2,15,0,-26,5,41,-9,0,37,11
SNDR,Schneider National,23.87,-3,6,-15,0,-12,9,25,-19,8,23,11
HAL,Halliburton,23.01,62,3,-55,0,10,56,6,-54,-7,1,11
VOYA,Voya Financial,66.55,-7,26,-15,2,6,-1,-4,-20,29,4,10
NCNO,nCino,27.1,0,11,-18,0,-7,-4,28,-20,13,17,10
ALSN,Allison Transmission,93.41,-49,25,0,33,9,-15,-3,-13,32,1,10
IONS,Ionis Pharmaceuticals,36.15,0,29,-41,-9,-21,2,35,2,-8,31,10
CPT,Camden Property Trust,115.91,-11,16,8,0,13,-21,6,2,9,-4,9
ALLE,Allegion,136.21,-31,38,0,19,26,-32,-8,2,20,-18,8
SOLV,Solventum,72.76,-7,0,0,0,-7,-4,27,-8,0,15,8
DXCM,Dexcom,81.8,-42,30,-2,-12,-26,-1,39,2,-7,33,7
PARAA,Paramount Global (Class A),22.77,2,2,31,0,35,-15,-13,-4,4,-28,7
DAR,Darling Ingredients,38.63,48,3,0,-18,33,21,2,-22,-28,-27,6
MDT,Medtronic,86.2,0,0,3,-4,-1,-5,7,-6,11,7,6
CPAY,Corpay,327.54,-9,2,0,19,12,-21,2,-11,23,-7,5
OLED,Universal Display Corporation,152.31,-3,26,-29,0,-6,-21,33,2,-3,11,5
INCY,Incyte,68.8,0,12,0,-29,-17,6,34,-23,5,22,5
ES,Eversource Energy,63.2,-13,29,7,-8,15,-18,32,2,-26,-10,5
APTV,Aptiv,67.6,-4,26,0,-22,0,5,32,2,-34,5,5
RYAN,Ryan Specialty,65.85,-1,-7,0,0,-8,-7,-2,-1,23,13,5
RRX,Regal Rexnord,139.05,0,26,-20,1,7,6,2,-21,11,-2,5
CRM,Salesforce,262.67,-6,-3,-5,20,6,6,-13,-13,19,-1,5
HST,Host Hotels & Resorts,15.59,-21,26,-24,2,-17,5,39,-19,-4,21,4
AFRM,Affirm Holdings,59.87,0,8,4,0,12,-23,9,-9,15,-8,4
WFRD,Weatherford International,51.75,76,3,-36,0,43,-2,6,-40,-3,-39,4
INVH,Invitation Homes,33.52,3,1,0,5,9,-12,-18,13,12,-5,4
W,Wayfair,48.3,14,26,0,-39,1,6,32,2,-38,2,3
SBAC,SBA Communications,228.52,1,0,8,-18,-9,20,-20,9,3,12,3
USB,U.S. Bancorp,42.69,-21,26,-2,2,5,-31,32,-16,13,-2,3
SYY,Sysco,74.25,0,13,0,1,14,-29,26,-20,12,-11,3
MKSI,MKS Instruments,92.01,0,11,-19,-11,-19,7,31,-13,-3,22,3
NLY,Annaly Capital Management,19.03,-1,8,10,8,25,-16,-14,-6,14,-22,3
PSN,Parsons Corporation,68.17,0,11,-19,0,-8,-11,10,-22,33,10,2
ZION,Zions Bancorporation,47.28,-9,8,-2,2,-1,-26,31,-15,13,3,2
LAZ,Lazard,42.95,-7,9,-2,18,18,-4,-3,-20,11,-16,2
OTIS,Otis Worldwide,95.34,0,-1,0,0,-1,-5,-10,-6,24,3,2
DKS,Dick's Sporting Goods,174.85,-9,-23,-5,61,24,-23,-17,-13,31,-22,2
MUSA,Murphy USA,399.92,-33,-28,-5,66,0,-26,-28,-21,77,2,2
NCLH,Norwegian Cruise Line Holdings,18.12,-21,0,-12,-3,-36,5,27,-12,18,38,2
MSGS,Madison Square Garden Sports,186.64,-7,-1,-12,19,-1,6,-11,-18,25,2,1
VZ,Verizon,41.85,-28,-2,22,8,0,-25,-2,15,12,0,0
FNF,Fidelity National Financial,53.93,-7,-28,-1,56,20,-13,-23,-3,19,-20,0
JNJ,Johnson & Johnson,152.35,-7,0,4,0,-3,-9,14,-6,4,3,0
DAL,Delta Air Lines,47.3,-28,0,-5,17,-16,8,-3,-13,24,16,0
FHB,"First Hawaiian, Inc.",23.03,-20,0,-2,12,-10,-26,36,-12,12,10,0
TSLA,"Tesla, Inc.",316.28,0,8,0,8,16,-3,-5,-16,8,-16,0
PCOR,Procore,66.7,0,0,-3,0,-3,6,-12,-9,17,2,-1
FTV,Fortive,69.57,-10,0,-13,31,8,6,-3,-9,-3,-9,-1
THO,Thor Industries,85.34,0,10,-18,0,-8,-1,32,-21,-4,6,-2
LBRDK,Liberty Broadband (Series C),88.92,-21,37,39,-34,21,-21,-10,2,6,-23,-2
OKE,Oneok,81.35,-5,-52,-5,52,-10,-10,-14,-17,49,8,-2
GAP,Gap Inc.,20.99,-27,0,-4,16,-15,1,-9,3,17,12,-3
QCOM,Qualcomm,154.47,0,11,-17,20,14,-4,34,-44,-3,-17,-3
ALLY,Ally Financial,36.13,-6,16,-2,2,10,-24,10,-13,14,-13,-3
CACC,Credit Acceptance,500.88,0,2,0,0,2,1,3,-7,-3,-6,-4
LBRDA,Liberty Broadband (Series A),88.32,-22,37,39,-34,20,-23,-9,2,6,-24,-4
BG,Bunge Global,85.68,21,4,-36,0,-11,19,-11,2,-3,7,-4
BIRK,Birkenstock,51.74,-29,28,-2,0,-3,-1,-3,2,0,-2,-5
SPG,Simon Property Group,157.1,-34,0,0,33,-1,-2,-14,-7,19,-4,-5
FITB,Fifth Third Bancorp,38.11,-21,2,-2,20,-1,-30,31,-19,14,-4,-5
WAT,Waters Corporation,341.08,-7,0,0,12,5,-3,-7,-12,12,-10,-5
MDU,MDU Resources,16.18,-28,-2,0,38,8,-28,-14,2,27,-13,-5
MASI,Masimo,159.44,-21,0,38,-4,13,-31,12,-7,8,-18,-5
BWA,BorgWarner,32.83,-7,28,-29,0,-8,-22,35,2,-14,1,-7
ZTS,Zoetis,161.41,-21,23,-27,0,-25,-13,32,1,-3,17,-8
ABNB,Airbnb,133.38,-7,11,-2,0,2,-37,39,-10,-3,-11,-9
NTNX,Nutanix,73.63,-49,32,23,20,26,-52,-7,2,22,-35,-9
OC,Owens Corning,132.65,-9,-5,-16,56,26,-26,-17,-20,27,-36,-10
A,Agilent Technologies,116.04,-3,0,-15,-3,-21,-3,29,-12,-3,11,-10
ZG,Zillow (Class A),66.39,-7,0,46,-39,0,-26,8,-10,18,-10,-10
ILMN,"Illumina, Inc.",89.44,58,6,-20,-38,6,10,32,-20,-38,-16,-10
TER,Teradyne,86.43,0,0,-21,-4,-25,6,27,-15,-3,15,-10
MORN,"Morningstar, Inc.",300.68,-41,26,-12,26,-1,-40,32,-18,16,-10,-11
MAS,Masco,61.11,-17,-1,-12,63,33,-26,-13,-24,19,-44,-11
MAT,Mattel,18.85,-3,25,6,0,28,1,-1,-10,-29,-39,-11
LNC,Lincoln Financial,32.85,-7,0,10,-4,-1,7,-14,-10,6,-11,-12
LPX,Louisiana-Pacific,85.98,-23,-1,-2,61,35,-49,-6,-16,24,-47,-12
WMS,Advanced Drainage Systems,113.56,0,10,-32,1,-21,5,2,2,-1,8,-13
ON,ON Semiconductor,52.95,14,11,-29,0,-4,7,32,-35,-13,-9,-13
UDR,"UDR, Inc.",40.97,-10,-1,0,0,-11,-22,5,2,11,-4,-15
OWL,Blue Owl Capital,18.58,-7,5,-2,0,-4,-25,8,-13,19,-11,-15
PSA,Public Storage,293.66,-33,27,-3,13,4,-31,-2,2,11,-20,-16
NVST,Envista,18.43,-4,11,-15,0,-8,5,32,-15,-30,-8,-16
WEX,WEX Inc.,142.34,14,8,-35,-3,-16,6,26,-26,-6,0,-16
GPK,Graphic Packaging,21.23,-31,-70,-11,56,-56,1,-7,-24,69,39,-17
SW,Smurfit Westrock,42.79,-4,0,0,0,-4,6,-4,-15,0,-13,-17
GM,General Motors,48.28,-3,8,0,9,14,-20,-2,-20,11,-31,-17
BFAM,Bright Horizons,121.96,-59,24,6,6,-23,-9,-5,7,13,6,-17
F,Ford Motor Company,10.43,0,40,-42,-15,-17,-1,2,2,-3,0,-17
LFUS,Littelfuse,216.0,0,26,-17,0,9,-21,31,-31,-6,-27,-18
TKR,Timken Company,70.44,-4,11,-16,2,-7,-25,30,-13,-3,-11,-18
NXST,Nexstar Media Group,165.74,-8,25,0,2,19,-21,-1,-24,8,-38,-19
CNA,CNA Financial,45.03,-67,-10,0,55,-22,-5,-11,-1,18,1,-21
Z,Zillow (Class C),67.64,-6,0,0,-5,-11,-26,8,-10,18,-10,-21
DLB,Dolby Laboratories,74.04,-7,-1,-2,0,-10,6,-12,-12,6,-12,-22
PNFP,Pinnacle Financial Partners,102.74,-28,26,0,13,11,-31,-7,-12,16,-34,-23
IP,International Paper,45.92,-31,-3,0,14,-20,-4,-1,-12,14,-3,-23
BRBR,BellRing Brands,62.7,14,-30,-5,0,-21,6,-22,-11,25,-2,-23
HSIC,Schein (Henry),70.16,-7,2,-4,0,-9,-2,-2,-11,1,-14,-23
FSLR,First Solar,143.88,-7,25,-31,0,-13,-7,-1,2,-4,-10,-23
AMH,American Homes 4 Rent,36.45,-65,1,0,66,2,-31,-10,2,13,-26,-24
SUI,Sun Communities,123.99,-13,17,0,-22,-18,-24,7,2,9,-6,-24
KDP,Keurig Dr Pepper,32.88,0,-12,0,0,-12,-4,-29,10,10,-13,-25
PYPL,PayPal,70.66,-7,16,-2,-37,-30,-18,32,-16,7,5,-25
LII,Lennox International,537.48,-31,-3,-2,36,0,-26,-10,-15,25,-26,-26
GXO,GXO Logistics,42.76,0,26,-29,0,-3,-22,32,-27,-6,-23,-26
INGM,Ingram Micro,19.33,-25,11,0,0,-14,6,-8,-10,0,-12,-26
EXP,Eagle Materials,193.54,-21,-15,-7,55,12,-30,-12,-21,25,-38,-26
KRC,Kilroy Realty,35.02,0,16,-12,-38,-34,-2,19,-18,9,8,-26
XYZ,"Block, Inc.",63.32,-4,4,-16,-34,-50,6,23,-17,11,23,-27
U,Unity Technologies,23.52,-34,15,0,0,-19,-16,39,2,-33,-8,-27
HOLX,Hologic,64.15,0,14,-27,0,-13,-4,21,-27,-5,-15,-28
ZM,Zoom Communications,77.88,-56,27,1,0,-28,5,-9,2,2,0,-28
FDX,FedEx,222.52,-2,0,-18,30,10,-3,-13,-20,-2,-38,-28
AKAM,Akamai Technologies,78.69,14,0,-18,-5,-9,6,1,-18,-8,-19,-28
LYFT,Lyft,14.94,-28,27,0,0,-1,-29,-2,2,2,-27,-28
TPG,TPG Inc.,48.85,-6,9,-5,0,-2,-13,-14,-16,17,-26,-28
CCCS,CCC Intelligent Solutions,9.1,7,0,-20,0,-13,4,3,-19,-4,-16,-29
CMA,Comerica,55.01,-28,0,-2,2,-28,-26,31,-16,10,-1,-29
KVUE,Kenvue,21.44,-6,-10,0,0,-16,-15,-11,11,1,-14,-30
CHDN,Churchill Downs Incorporated,98.3,0,0,-23,0,-23,-24,13,-24,28,-7,-30
D,Dominion Energy,53.79,-20,24,0,-32,-28,-11,-1,2,8,-2,-30
EG,Everest Group,333.04,-7,-7,-28,53,11,-3,-7,-29,-3,-42,-31
DVA,DaVita,136.5,-3,-45,0,18,-30,4,-11,-12,17,-2,-32
COP,ConocoPhillips,95.5,56,5,-37,1,25,-2,4,-53,-6,-57,-32
APA,APA Corporation,20.79,84,8,-77,-10,5,49,12,-81,-17,-37,-32
CHH,Choice Hotels,124.48,-18,0,-5,13,-10,-25,-1,-9,12,-23,-33
CBSH,Commerce Bancshares,60.24,-34,26,0,2,-6,-33,-8,2,11,-28,-34
HHH,Howard Hughes Holdings,69.27,0,0,-5,-4,-9,-1,-16,-20,12,-25,-34
CFLT,"Confluent, Inc.",23.97,0,0,-8,0,-8,-38,20,-10,2,-26,-34
MEDP,Medpace,297.97,-17,0,-19,30,-6,-25,10,-11,-2,-28,-34
WTRG,Essential Utilities,37.06,-14,-5,0,-1,-20,-12,-21,14,3,-16,-36
ROST,Ross Stores,129.06,-38,-3,-5,33,-13,-42,-11,3,27,-23,-36
CFR,Frost Bank,122.76,-28,26,0,2,0,-31,-2,-12,8,-37,-37
ACN,Accenture,312.09,-13,0,-15,12,-16,-26,-1,-11,17,-21,-37
AOS,A. O. Smith,63.22,-17,-4,-34,56,1,-26,-12,2,-3,-39,-38
SN,SharkNinja,85.66,-27,2,0,0,-25,5,-8,-10,0,-13,-38
FR,First Industrial Realty Trust,48.76,-11,0,-5,12,-4,-26,-13,-7,12,-34,-38
PLD,Prologis,105.09,-13,16,-15,0,-12,-26,-1,2,-3,-28,-40
BLD,TopBuild,293.99,-3,-1,-21,44,19,-23,3,-38,-1,-59,-40
WBD,Warner Bros. Discovery,10.58,14,6,4,-40,-16,5,26,-12,-43,-24,-40
PARA,Paramount Global (Class B),11.98,-26,27,0,-37,-36,2,33,4,-43,-4,-40
SEG,Seaport Entertainment Group,19.53,-9,0,0,0,-9,-20,8,-20,0,-32,-41
VTRS,Viatris,8.76,-3,0,-17,-5,-25,-16,4,-21,17,-16,-41
MSCI,MSCI,548.76,-31,24,0,12,5,-41,-8,-15,18,-46,-41
MTD,Mettler Toledo,1150.57,-7,11,-15,0,-11,-26,31,-33,-3,-31,-42
UHS,Universal Health Services,171.77,-49,-3,-3,20,-35,1,-7,-27,24,-9,-44
VLTO,Veralto,97.43,-34,26,0,0,-8,-34,-3,1,0,-36,-44
CROX,Crocs,100.98,-4,0,-34,0,-38,6,-12,2,-3,-7,-45
FAF,First American Financial Corporation,57.67,0,-31,-5,12,-24,-7,-19,-11,16,-21,-45
HAYW,Hayward Holdings,13.52,-23,26,-5,0,-2,-28,-11,-18,14,-43,-45
SWKS,Skyworks Solutions,71.51,-4,24,-35,-28,-43,5,34,-38,-3,-2,-45
WDAY,"Workday, Inc.",242.67,-17,0,-2,12,-7,-31,-12,-15,20,-38,-45
AA,Alcoa,28.72,0,2,-13,-18,-29,7,26,-19,-30,-16,-45
DAY,Dayforce,56.87,-21,11,-12,-10,-32,-21,20,-16,3,-14,-46
TFC,Truist Financial,39.0,-21,0,-2,2,-21,-30,8,-15,12,-25,-46
LUV,Southwest Airlines,31.42,-27,25,7,-37,-32,-28,28,-16,2,-14,-46
RIVN,Rivian,13.39,-24,28,0,0,4,-26,-9,3,-19,-51,-47
AVTR,Avantor,13.15,-3,-1,-21,0,-25,1,12,-32,-3,-22,-47
NUE,Nucor,122.3,9,3,-47,0,-35,14,4,-24,-6,-12,-47
FCN,FTI Consulting,161.27,23,-12,-29,0,-18,23,-11,-39,-3,-30,-48
FLS,Flowserve,46.41,-70,0,-3,25,-48,-3,-7,-13,23,0,-48
GNRC,Generac,124.03,-4,10,-12,-32,-38,-26,28,-20,8,-10,-48
HXL,Hexcel,55.1,-4,1,-21,0,-24,-31,27,-13,-7,-24,-48
CCI,Crown Castle,98.78,-10,0,-5,-26,-41,-3,-20,12,3,-8,-49
BOKF,BOK Financial Corporation,91.92,-18,-3,-4,20,-5,-28,-11,-18,12,-45,-50
DNB,Dun & Bradstreet,9.07,3,5,-18,0,-10,6,9,-20,-35,-40,-50
BC,Brunswick Corporation,55.0,0,10,-30,-5,-25,-23,26,-21,-7,-25,-50
LYB,LyondellBasell,59.59,51,0,-36,0,15,-12,2,-50,-5,-65,-50
UHAL,U-Haul,61.21,-20,-1,-7,20,-8,-27,-14,-20,18,-43,-51
FRT,Federal Realty Investment Trust,95.21,-19,8,-15,2,-24,-26,7,-21,12,-28,-52
IVZ,Invesco,14.53,-6,2,-12,-4,-20,-22,-10,-12,11,-33,-53
MIDD,Middleby,140.94,-30,0,6,0,-24,-31,-1,-8,11,-29,-53
TFSL,Third Federal S&L,12.57,-30,0,0,3,-27,-35,-11,2,17,-27,-54
GEHC,GE HealthCare,71.14,-3,0,-12,0,-15,-21,-14,-10,6,-39,-54
TEAM,Atlassian,198.2,-33,-5,-2,-4,-44,5,-15,-10,9,-11,-55
PB,Prosperity Bancshares,67.24,-21,-1,-4,12,-14,-26,-11,-16,12,-41,-55
RH,RH,182.61,0,0,-16,-5,-21,-12,-14,-15,7,-34,-55
WAL,Western Alliance Bancorporation,70.78,-11,0,-4,2,-13,-26,-13,-19,16,-42,-55
DD,DuPont,67.15,-7,0,-13,17,-3,-26,2,-27,-1,-52,-55
MAA,Mid-America Apartment Communities,148.97,-13,-12,0,0,-25,-23,-19,2,9,-31,-56
TRU,TransUnion,84.9,-21,15,-3,0,-9,-26,-11,-23,12,-48,-57
BBWI,"Bath & Body Works, Inc.",27.14,6,-13,-17,-13,-37,6,-14,-8,-4,-20,-57
PAYC,Paycom,241.74,-43,39,11,-22,-15,-49,39,2,-35,-43,-58
MKC,McCormick & Company,72.97,-7,-44,-1,-2,-54,-12,6,-6,8,-4,-58
KMB,Kimberly-Clark,128.88,-77,-3,0,16,-64,-12,-3,-3,24,6,-58
IT,Gartner,404.66,-105,-3,-13,56,-65,-32,-6,-11,55,6,-59
ST,Sensata Technologies,27.81,0,26,-34,-13,-21,6,30,-41,-33,-38,-59
DHR,Danaher Corporation,195.69,-3,8,-21,0,-16,-16,7,-32,-2,-43,-59
PATH,UiPath,12.41,-31,16,-3,0,-18,-32,-4,2,-8,-42,-60
AAP,Advance Auto Parts,48.27,-21,18,0,-26,-29,-26,25,2,-32,-31,-60
AMCR,Amcor,9.08,-4,-3,-12,0,-19,-3,-21,-27,9,-42,-61
ESTC,Elastic NV,84.07,-33,0,-5,-4,-42,4,-11,-10,-2,-19,-61
LOAR,Loar Holdings,80.98,-42,0,0,0,-42,-9,-16,6,0,-19,-61
GPC,Genuine Parts Company,119.33,-38,24,-5,0,-19,-29,-1,2,-15,-43,-62
WST,West Pharmaceutical Services,218.06,-2,9,-19,-5,-17,-30,9,-19,-6,-46,-63
BBY,Best Buy,69.38,-7,0,-16,-4,-27,-28,5,-27,14,-36,-63
PK,Park Hotels & Resorts,10.19,-9,0,-18,-5,-32,5,-15,-20,-3,-33,-65
LEA,Lear Corporation,90.64,-7,26,-60,-15,-56,-4,6,1,-13,-10,-66
HPQ,HP Inc.,24.3,-34,-3,-17,0,-54,5,-11,-21,14,-13,-67
VAC,Marriott Vacations Worldwide,68.0,1,1,-17,-15,-30,6,-3,-17,-23,-37,-67
WTW,Willis Towers Watson,297.88,-64,-38,0,22,-80,-7,-2,-7,27,11,-69
QRVO,Qorvo,80.15,0,26,-35,-29,-38,-23,34,-39,-3,-31,-69
MOH,Molina Healthcare,292.25,-14,-18,-5,0,-37,-13,-12,-1,-6,-32,-69
CHTR,Charter Communications,373.55,-17,0,10,-34,-41,-23,-11,2,4,-28,-69
JBHT,J. B. Hunt,139.1,-4,0,-23,-3,-30,-2,-10,-20,-8,-40,-70
WH,Wyndham Hotels & Resorts,80.31,-27,-14,-3,9,-35,-25,-14,-9,13,-35,-70
HRL,Hormel Foods,30.06,-16,16,-2,-21,-23,-27,5,2,-28,-48,-71
IQV,IQVIA,154.1,0,0,-32,-4,-36,-4,7,-34,-4,-35,-71
WY,Weyerhaeuser,25.87,-7,-1,-15,0,-23,-23,8,-27,-6,-48,-71
SMG,Scotts Miracle-Gro Company,60.58,-18,22,-14,-37,-47,-37,25,-24,11,-25,-72
HR,Healthcare Realty Trust,14.92,53,-51,0,-37,-35,-1,-23,-21,7,-38,-73
MTN,Vail Resorts,155.26,10,16,-25,-21,-20,6,-6,-19,-34,-53,-73
FI,Fiserv,163.47,-1,-52,-6,33,-26,-27,-38,-7,25,-47,-73
PPG,PPG Industries,107.55,-21,26,-38,-6,-39,-28,-3,2,-6,-35,-74
LSCC,Lattice Semiconductor,48.88,0,0,-12,-3,-15,-23,-14,-9,-13,-59,-74
SEE,Sealed Air,30.86,-21,26,-16,-22,-33,-29,37,-19,-30,-41,-74
GME,GameStop,22.99,-36,-4,-2,-28,-70,3,-6,3,-5,-5,-75
ENTG,Entegris,76.55,0,0,-36,-4,-40,7,2,-41,-3,-35,-75
BMY,Bristol Myers Squibb,47.22,-13,-51,-1,-3,-68,-16,12,-6,3,-7,-75
AXTA,Axalta,28.9,-31,-13,-8,20,-32,-31,-16,-21,24,-44,-76
PFE,Pfizer,23.99,0,7,-25,-21,-39,-11,32,-33,-26,-38,-77
CHRW,C.H. Robinson,93.6,-33,0,0,0,-33,-31,-1,-19,6,-45,-78
ALK,Alaska Air Group,46.67,-34,-1,-2,-1,-38,-34,-5,-9,7,-41,-79
ETSY,Etsy,54.53,-21,16,-1,-28,-34,-38,26,2,-35,-45,-79
MDB,MongoDB Inc.,205.72,-21,0,-18,-7,-46,-39,31,-19,-7,-34,-80
BURL,Burlington Stores,228.19,-28,-1,-2,0,-31,-36,-10,-18,15,-49,-80
YETI,Yeti Holdings,29.5,-21,0,-27,-4,-52,-30,26,-18,-8,-30,-82
IEX,IDEX Corporation,175.98,-18,15,-20,0,-23,-25,-10,-20,-4,-59,-82
PINC,"Premier, Inc.",22.25,-39,37,9,-26,-19,-38,-1,7,-32,-64,-83
CMCSA,Comcast,34.53,-6,0,-27,-7,-40,-16,3,-24,-6,-43,-83
PENN,Penn Entertainment,16.45,2,0,-15,-32,-45,6,7,-10,-42,-39,-84
COLB,Columbia Banking System,21.97,-27,-1,-2,-7,-37,-26,-11,-18,8,-47,-84
SITE,SiteOne Landscape Supply,116.61,-9,0,-18,-7,-34,-26,3,-21,-6,-50,-84
TSN,Tyson Foods,54.74,-19,-31,-3,-26,-79,-17,5,-3,9,-6,-85
MKTX,MarketAxess,223.47,0,10,-20,-27,-37,-12,2,2,-42,-50,-87
IFF,International Flavors & Fragrances,75.03,-18,11,-15,-29,-51,-26,8,-27,9,-36,-87
TROW,T. Rowe Price,91.58,-21,11,-15,-23,-48,-26,-7,-17,11,-39,-87
TECH,Bio-Techne,49.5,-4,-1,-19,-22,-46,-21,2,-19,-4,-42,-88
AZTA,Azenta,29.29,0,0,-45,-29,-74,-16,20,-11,-7,-14,-88
LSTR,Landstar,136.85,-18,0,-27,0,-45,-2,-2,-34,-5,-43,-88
EMN,Eastman Chemical Company,75.15,-28,-3,-13,0,-44,-26,-5,-27,13,-45,-89
LCID,Lucid Motors,2.15,-4,-14,-24,0,-42,6,-11,-9,-33,-47,-89
LKQ,LKQ Corporation,37.15,-28,-3,-2,0,-33,-26,-9,-6,-15,-56,-89
M,"Macy's, Inc.",11.33,-21,0,-23,-13,-57,1,-12,-17,-4,-32,-89
HUBS,HubSpot,554.82,-42,-5,-2,9,-40,-44,-13,-10,17,-50,-90
AVY,Avery Dennison,173.95,-19,25,-27,0,-21,-31,-1,-35,-3,-70,-91
FND,Floor & Decor,72.95,-4,-1,-27,-4,-36,-17,-15,-21,-4,-57,-93
NWL,Newell Brands,5.43,0,0,-19,-29,-48,6,2,-19,-34,-45,-93
INTC,Intel,20.79,-3,0,-61,-18,-82,6,2,-9,-10,-11,-93
VKTX,Viking Therapeutics,26.42,-20,0,-32,19,-33,-21,-11,-25,-4,-61,-94
SJM,J.M. Smucker Company (The),94.52,-42,-6,-4,-2,-54,-11,-6,-2,-21,-40,-94
RARE,Ultragenyx,36.67,-6,6,-19,-36,-55,-16,5,-27,-1,-39,-94
CE,Celanese,54.5,-7,11,-35,-8,-39,-25,28,-53,-7,-57,-96
TGT,Target Corporation,95.05,-7,0,-23,-9,-39,-28,6,-31,-4,-57,-96
SAIA,Saia,262.25,15,-83,-18,2,-84,19,-9,-20,-3,-13,-97
DOCU,DocuSign,74.81,-56,-6,-3,-10,-75,-52,32,-12,9,-23,-98
VFC,VF Corporation,11.85,-25,-3,-12,-41,-81,4,-14,-12,5,-17,-98
MGM,MGM Resorts International,33.56,14,6,-48,0,-28,6,-14,-55,-7,-70,-98
TTD,Trade Desk (The),67.65,-62,9,-19,2,-70,-25,-2,-19,18,-28,-98
REGN,Regeneron Pharmaceuticals,508.88,0,-13,-33,-2,-48,-5,-10,-34,-2,-51,-99
TXG,10x Genomics,10.56,56,7,-68,0,-5,5,8,-67,-40,-94,-99
OKTA,"Okta, Inc.",98.64,-49,-7,16,-22,-62,-52,-11,21,4,-38,-100
GTLB,GitLab,41.84,-35,-5,-13,0,-53,-39,-13,-12,16,-48,-101
LW,Lamb Weston,53.95,-7,0,-64,-6,-77,-12,18,-18,-12,-24,-101
FMC,FMC Corporation,41.83,-3,15,-32,-22,-42,-26,19,-28,-24,-59,-101
EIX,Edison International,49.18,-66,-9,-24,-1,-100,-20,-10,-21,48,-3,-103
SHC,Sotera Health,10.94,-34,-3,-19,0,-56,-35,-10,2,-4,-47,-103
JAZZ,Jazz Pharmaceuticals,107.02,-19,-5,-7,-4,-35,-30,7,-8,-37,-68,-103
UHAL-B,U-Haul (Series N),53.96,-21,-3,-15,0,-39,-30,-13,-29,7,-65,-104
REXR,Rexford Industrial,36.33,-1,11,-38,-16,-44,-23,26,-33,-30,-60,-104
UAA,Under Armour (Class A),6.34,-16,16,-20,-42,-62,-23,36,-20,-35,-42,-104
DOW,Dow Inc.,29.43,0,0,-35,0,-35,-16,2,-50,-6,-70,-105
S,SentinelOne,17.78,-25,-3,-17,0,-45,-39,-14,-20,12,-61,-106
EXAS,Exact Sciences,52.51,-28,32,-20,-23,-39,-26,-3,-24,-14,-67,-106
RGEN,Repligen,120.87,-7,-6,-8,-15,-36,-25,2,-12,-35,-70,-106
UA,Under Armour (Class C),6.03,-16,18,-20,-35,-53,-23,28,-24,-35,-54,-107
DV,DoubleVerify,14.35,-9,0,-62,0,-71,-26,8,-10,-8,-36,-107
ELS,Equity Lifestyle Properties,62.53,-20,-15,-13,0,-48,-24,-10,-24,-1,-59,-107
SON,Sonoco,43.78,-18,24,-36,-3,-33,-28,-2,-34,-12,-76,-109
CNC,Centene,54.91,-2,-19,-36,-9,-66,4,-17,-5,-26,-44,-110
MTCH,Match Group,30.27,-25,10,-18,-35,-68,1,18,-25,-36,-42,-110
ONTO,Onto Innovation,97.33,0,-87,-18,0,-105,7,2,-13,-2,-6,-111
COO,Cooper Companies (The),68.73,-3,-13,-19,-3,-38,-31,-17,-24,-1,-73,-111
MHK,Mohawk Industries,98.42,-7,-20,-18,-9,-54,-26,-17,-26,12,-57,-111
NSA,National Storage Affiliates,32.91,-21,-19,-7,-2,-49,-24,-20,-28,10,-62,-111
KNX,Knight-Swift,42.74,-34,0,-17,-1,-52,-32,-4,-13,-11,-60,-112
RVTY,Revvity,94.2,0,-69,-12,-22,-103,5,2,-17,1,-9,-112
OGN,Organon & Co.,9.85,0,-59,-21,0,-80,-3,7,-34,-2,-32,-112
MPW,Medical Properties Trust,4.43,-13,-26,-2,-34,-75,5,-24,14,-33,-38,-113
CRL,Charles River Laboratories,145.11,0,11,-46,-24,-59,-22,29,-55,-6,-54,-113
CERT,"Certara, Inc.",10.56,-28,-4,-7,0,-39,-26,-21,2,-30,-75,-114
SWK,Stanley Black & Decker,64.14,-13,0,-21,-37,-71,-25,-3,-27,12,-43,-114
GPN,Global Payments,75.97,-21,-4,-19,-37,-81,1,-12,-16,-8,-35,-116
CLF,Cleveland-Cliffs,7.67,6,-5,-55,-14,-68,9,4,-55,-6,-48,-116
PCTY,Paylocity,176.87,-49,-4,0,-1,-54,-49,-6,-11,3,-63,-117
FTRE,Fortrea,5.46,0,-3,-28,0,-31,-13,-17,-57,0,-87,-118
POOL,Pool Corporation,285.63,-31,-5,-15,-4,-55,-26,-11,-21,-7,-65,-120
COLM,Columbia Sportswear,60.05,-21,-69,-13,-4,-107,-4,-12,-8,11,-13,-120
RNG,RingCentral,26.93,-3,7,-18,-39,-53,6,-12,-18,-43,-67,-120
FRPT,Freshpet,71.99,-50,-3,-16,-4,-73,-47,-7,-12,17,-49,-122
IAC,IAC Inc.,37.2,1,2,-32,-29,-58,11,-12,-27,-36,-64,-122
EW,Edwards Lifesciences,73.28,-43,0,-1,-12,-56,-56,-1,22,-33,-68,-124
BAX,Baxter International,29.92,-7,-1,-15,-36,-59,-22,2,-6,-39,-65,-124
BLDR,Builders FirstSource,108.0,-6,-94,-20,63,-57,-26,-16,-24,-1,-67,-124
HUM,Humana,241.52,8,-33,-81,-10,-116,19,1,-12,-18,-10,-126
COTY,Coty,4.95,-7,0,-56,-5,-68,-3,10,-58,-7,-58,-126
TDC,Teradata,22.14,-2,2,-71,-15,-86,6,-13,-19,-14,-40,-126
GFS,GlobalFoundries,36.59,-9,4,-74,0,-79,-26,2,-9,-15,-48,-127
IPGP,IPG Photonics,66.81,-9,25,-78,-42,-104,6,32,-19,-42,-23,-127
ELV,Elevance Health,374.95,-14,-25,-36,0,-75,-10,-40,-2,-1,-53,-128
INSP,Inspire Medical Systems,127.1,-40,-23,-15,-4,-82,4,-15,-20,-15,-46,-128
HOG,Harley-Davidson,23.44,-13,0,-35,-7,-55,-26,-8,-30,-9,-73,-128
RYN,Rayonier,22.5,-16,-51,-12,-3,-82,-22,6,-24,-7,-47,-129
GMED,Globus Medical,58.14,-16,-81,-7,-1,-105,-25,2,-12,10,-25,-130
ASH,Ashland Global,49.11,-17,-3,-33,-7,-60,-23,6,-45,-8,-70,-130
GLOB,Globant,92.63,-21,-22,-18,-5,-66,-28,-16,-18,-5,-67,-133
LBTYA,Liberty Global (Series A),9.79,-1,-52,-32,-29,-114,12,6,-30,-8,-20,-134
IPG,Interpublic Group of Companies (The),23.0,-4,-15,-35,0,-54,-16,-17,-32,-15,-80,-134
CGNX,Cognex Corporation,29.9,-10,8,-32,-29,-63,-24,30,-40,-38,-72,-135
ADBE,Adobe Inc.,382.61,-21,0,-28,-4,-53,-44,-3,-32,-3,-82,-135
TREX,"Trex Company, Inc.",53.47,-13,-3,-46,-11,-73,-26,-15,-18,-4,-63,-136
CDW,CDW,170.8,-31,26,-34,0,-39,-31,-5,-55,-6,-97,-136
DOC,Healthpeak Properties,17.01,-13,-52,-9,-29,-103,-22,6,-24,7,-33,-136
EPAM,EPAM Systems,168.59,-21,0,-18,-25,-64,-26,-3,-9,-35,-73,-137
GNTX,Gentex,21.45,-7,-1,-34,-6,-48,-17,-15,-51,-6,-89,-137
FIVN,Five9,27.54,-21,0,-71,-33,-125,4,31,-9,-38,-12,-137
BIO,Bio-Rad Laboratories,228.59,0,-19,-19,-26,-64,4,-19,-24,-35,-74,-138
AES,AES Corporation,10.52,-6,-1,-34,-9,-50,-7,-14,-45,-22,-88,-138
BDX,Becton Dickinson,169.96,-7,-79,-20,-3,-109,-12,7,-11,-13,-29,-138
PEP,PepsiCo,129.3,-5,-51,-34,-1,-91,-11,6,-31,-11,-47,-138
KSS,Kohl's,8.46,-4,0,-54,-29,-87,6,27,-55,-30,-52,-139
UWMC,United Wholesale Mortgage,3.93,-12,-60,-21,0,-93,-21,5,-34,-2,-52,-145
PVH,PVH Corp.,64.12,-84,-9,-24,-1,-118,6,-9,-20,-5,-28,-146
DXC,DXC Technology,15.55,0,0,-17,-71,-88,-4,2,-24,-32,-58,-146
BILL,Bill.com,41.83,-31,-3,-16,0,-50,-35,-14,-12,-35,-96,-146
LULU,Lululemon Athletica,235.14,-56,-8,-3,-1,-68,-56,-2,-12,-10,-80,-148
SEB,Seaboard Corporation,2701.0,-3,0,-91,-21,-115,-12,12,-6,-27,-33,-148
PII,Polaris Inc.,40.05,-4,11,-92,-15,-100,-25,26,-35,-15,-49,-149
MRK,Merck & Co.,78.3,-2,-54,-39,-2,-97,-12,6,-43,-4,-53,-150
UPS,United Parcel Service,99.66,-3,0,-98,-14,-115,-3,26,-26,-32,-35,-150
PLTK,Playtika,4.57,-25,-14,-18,0,-57,-26,-22,-19,-29,-96,-153
CZR,Caesars Entertainment,26.45,-17,0,-18,-23,-58,-21,-13,-27,-35,-96,-154
LINE,"Lineage, Inc.",44.08,-17,-51,0,0,-68,-29,-34,-23,0,-86,-154
BRKR,Bruker,37.61,-7,-3,-52,-6,-68,-26,2,-56,-7,-87,-155
KHC,Kraft Heinz,25.73,-20,-39,-34,-2,-95,-17,-29,-6,-8,-60,-155
KMX,CarMax,64.44,-7,-75,-11,-34,-127,-26,3,-15,9,-29,-156
CLVT,Clarivate,4.25,-9,16,-69,-4,-66,-25,3,-29,-40,-91,-157
GIS,General Mills,53.06,-18,-50,-33,-2,-103,-16,6,-29,-17,-56,-159
EL,Estée Lauder Companies (The),74.81,14,16,-112,-24,-106,6,29,-57,-33,-55,-161
GO,Grocery Outlet,12.9,-13,-2,-92,0,-107,-8,-23,2,-26,-55,-162
SIRI,Sirius XM,21.45,-7,0,-75,-29,-111,-26,30,-41,-15,-52,-163
LBTYK,Liberty Global (Series C),10.06,0,-52,-32,-28,-112,3,7,-29,-34,-53,-165
WSC,WillScot Mobile Mini,26.1,-21,0,-57,-4,-82,-30,-11,-34,-10,-85,-167
AAL,American Airlines Group,10.57,-33,0,-13,-74,-120,5,-4,-13,-37,-49,-169
CPRI,Capri Holdings,16.83,-13,0,-64,-9,-86,-24,-3,-28,-30,-85,-171
PRGO,Perrigo,26.27,-11,0,-1,-111,-123,-16,28,-7,-53,-48,-171
MRNA,Moderna,25.57,-23,-2,-47,-2,-74,-28,14,-47,-37,-98,-172
CAVA,Cava Group,74.7,-61,-15,-6,0,-82,-59,-14,-20,0,-93,-175
BIIB,Biogen,126.54,-20,0,-76,-25,-121,-29,26,-39,-16,-58,-179
QDEL,QuidelOrtho,28.02,-28,-2,-15,-36,-81,-24,-15,-15,-45,-99,-180
ENOV,Enovis,30.88,-4,-19,-57,-15,-95,-24,-15,-17,-35,-91,-186
TTC,Toro Company (The),68.99,-63,0,-27,-5,-95,-26,-8,-40,-18,-92,-187
WEN,Wendy's Company (The),11.26,-6,-53,-29,-6,-94,3,-59,-24,-13,-93,-187
QS,QuantumScape,4.23,-4,0,-76,0,-80,-21,-13,-40,-34,-108,-188
OLN,Olin Corporation,19.73,-10,-4,-52,-7,-73,-23,-17,-54,-21,-115,-188
OMC,Omnicom Group,69.2,-23,-130,-19,0,-172,-24,-17,-24,48,-17,-189
ALGN,Align Technology,175.21,-7,11,-59,-23,-78,-26,-1,-54,-36,-117,-195
ANGI,Angi Inc.,15.21,-27,11,-32,-49,-97,-26,-1,-30,-42,-99,-196
VSTS,Vestis,5.78,-34,-95,-13,0,-142,-32,-3,-19,0,-54,-196
TAP,Molson Coors,49.33,-119,-37,-5,12,-149,-31,-11,-6,-1,-49,-198
BMRN,BioMarin Pharmaceutical,55.0,-17,-51,-42,-18,-128,-22,-22,-7,-20,-71,-199
NKE,"Nike, Inc.",59.99,-13,0,-69,-19,-101,-26,27,-70,-34,-103,-204
ALB,Albemarle Corporation,59.69,-4,0,-120,-21,-145,-23,2,-19,-23,-63,-208
COLD,Americold,16.81,-17,-54,-33,-9,-113,-23,-28,-33,-13,-97,-210
MAN,ManpowerGroup,39.92,-13,-52,-38,-26,-129,-13,-2,-38,-34,-87,-216
WLK,Westlake Corporation,73.26,-4,-83,-32,-2,-121,-17,-32,-44,-4,-97,-218
REYN,Reynolds Consumer Products,21.12,-23,-92,-20,0,-135,-31,-22,-32,-1,-86,-221
TRIP,Tripadvisor,13.2,-31,0,-53,-50,-134,-31,-5,-10,-42,-88,-222
FBIN,Fortune Brands Innovations,49.27,-16,-138,-18,-3,-175,-26,-15,-24,18,-47,-222
LEG,Leggett & Platt,9.07,-3,11,-124,-28,-144,-18,2,-27,-36,-79,-223
TMO,Thermo Fisher Scientific,390.58,-9,-77,-14,-3,-103,-21,-87,-13,-1,-122,-225
CC,Chemours,10.74,0,-100,-57,-11,-168,-21,3,-19,-28,-65,-233
HUN,Huntsman Corporation,10.56,-19,-62,-37,-13,-131,-23,-18,-32,-31,-104,-235
ACHC,Acadia Healthcare,20.85,-28,-78,-40,-9,-155,-18,-15,-34,-14,-81,-236
SPB,Spectrum Brands,52.08,-40,-126,-20,-2,-188,-38,-16,-19,22,-51,-239
NFE,New Fortress Energy,2.22,-19,-82,-63,-1,-165,-21,-17,-14,-23,-75,-240
DJT,Trump Media & Technology Group,18.51,-112,-13,-48,0,-173,-30,-15,-16,-7,-68,-241
RHI,Robert Half,42.22,-35,-100,-21,-7,-163,-31,-5,-19,-30,-85,-248
ZBH,Zimmer Biomet,90.2,-16,-49,-57,-15,-137,-23,-19,-56,-16,-114,-251
CAG,Conagra Brands,21.54,-66,-44,-24,-5,-139,-28,-58,-6,-21,-113,-252
CRI,Carter's,30.65,-4,-95,-54,-15,-168,-28,-19,-31,-7,-85,-253
SRPT,Sarepta Therapeutics,21.51,-31,-108,-21,-5,-165,-40,-2,-42,-4,-88,-253
CPB,Campbell Soup Company,31.81,-38,-51,-24,-4,-117,-42,-61,-31,-3,-137,-254
WU,Western Union,8.43,-31,-51,-15,-44,-141,-48,-20,-50,-3,-121,-262
XRAY,Dentsply Sirona,15.36,-22,0,-73,-40,-135,-28,-2,-60,-38,-128,-263
FLO,Flowers Foods,15.86,-34,-51,-29,-6,-120,-31,-43,-49,-21,-144,-264
ARE,Alexandria Real Estate Equities,71.2,-3,-59,-29,-28,-119,-22,-61,-40,-33,-156,-275
APLS,Apellis Pharmaceuticals,17.76,-14,-90,-62,-14,-180,-31,5,-60,-16,-102,-282
PCG,PG&E Corporation,13.55,-126,-10,-22,0,-158,-129,-12,-21,38,-124,-282
STZ,Constellation Brands,160.54,-130,-9,-37,-1,-177,-35,-13,-53,-6,-107,-284
ENPH,Enphase Energy,34.92,-7,-110,-38,-18,-173,-7,-51,-45,-22,-125,-298
TFX,Teleflex,117.57,-18,-95,-34,-37,-184,-31,-50,-30,-8,-119,-303
CLX,Clorox,122.09,-66,-114,-9,-3,-192,-34,-72,-19,11,-114,-306
BF-B,Brown–Forman (Class B),25.81,-129,-13,-95,-16,-253,-28,-12,-27,-26,-93,-346
BF-A,Brown–Forman (Class A),26.29,-129,-13,-94,-16,-252,-28,-13,-34,-22,-97,-349
SAM,Boston Beer Company,205.5,-131,-15,-27,-35,-208,-55,-25,-23,-42,-145,-353
WOLF,Wolfspeed,1.25,-33,-20,-126,-28,-207,-32,-19,-92,-35,-178,-385
