Symbol,Name,Close,1H Cloud Score,1D Cloud Score,1W Cloud Score,1M Cloud Score,Cloud Score Sum,1H TKx Score,1D TKx Score,1W TKx Score,1M TKx Score,TKx Score Sum,Total Score Sum
TJX,TJX Companies,132.1,21,3,147,198,369,19,7,116,193,335,704
ORLY,O'Reilly Auto Parts,104.46,91,14,162,199,466,19,20,53,89,181,647
RSG,Republic Services,235.51,0,-6,123,177,294,9,-31,92,160,230,524
COOP,Mr. Cooper Group,190.68,28,60,118,58,264,26,59,116,56,257,521
RBC,RBC Bearings,404.02,23,64,92,164,343,18,73,13,57,161,504
ICE,Intercontinental Exchange,187.99,24,66,111,161,362,19,67,21,21,128,490
WELL,Welltower,169.02,49,57,115,58,279,19,18,132,24,193,472
HWM,Howmet Aerospace,182.03,0,73,147,29,249,-2,73,91,57,219,468
WM,"Waste Management, Inc.",231.63,-23,0,94,187,258,9,7,26,159,201,459
SO,Southern Company,94.7,7,33,75,190,305,-5,49,22,79,145,450
CASY,Casey's,521.49,-13,40,112,87,226,-12,40,116,78,222,448
COST,Costco,968.64,13,-17,116,180,292,5,-36,-1,184,152,444
PLTR,Palantir Technologies,179.6,21,73,115,0,209,19,75,118,20,232,441
ROL,"Rollins, Inc.",58.32,26,10,30,286,352,19,2,22,35,78,430
JPM,JPMorgan Chase,291.38,-28,62,122,158,314,3,73,9,26,111,425
LHX,L3Harris,276.86,177,82,11,5,275,42,75,11,14,142,417
NFG,National Fuel Gas,87.0,0,144,59,52,255,7,75,70,10,162,417
CTAS,Cintas,224.3,6,3,18,167,194,16,6,12,187,221,415
PGR,Progressive Corporation,247.51,6,-40,104,177,247,14,-36,-2,189,165,412
NDAQ,"Nasdaq, Inc.",96.6,6,66,75,144,291,19,73,9,14,115,406
SPGI,S&P Global,562.21,73,60,15,172,320,27,29,7,21,84,404
CBOE,Cboe Global Markets,248.1,28,56,143,55,282,-2,51,21,51,121,403
ORCL,Oracle Corporation,256.41,21,59,10,198,288,13,66,9,27,115,403
CDNS,Cadence Design Systems,360.31,2,29,16,141,188,-2,28,9,180,215,403
OLLI,Ollie's Bargain Outlet,140.79,66,60,114,16,256,19,41,62,23,145,401
HEI,HEICO (Common),316.54,-13,67,24,189,267,-5,65,15,57,132,399
WRB,W. R. Berkley Corporation,70.53,49,0,93,176,318,21,-25,23,55,74,392
ETR,Entergy,90.31,49,18,75,137,279,-5,13,88,14,110,389
ORI,Old Republic International,37.32,16,0,146,58,220,14,-17,116,55,168,388
AWI,Armstrong World Industries,190.86,73,67,93,21,254,76,26,9,19,130,384
DUK,Duke Energy,125.17,42,16,75,183,316,-1,26,21,16,62,378
WMT,Walmart,103.36,70,10,126,101,307,28,5,9,29,71,378
FAST,Fastenal,46.79,2,82,121,106,311,7,26,9,23,65,376
AZO,AutoZone,4075.2,28,13,93,86,220,20,20,53,57,150,370
HEI-A,HEICO (Class A),248.26,-13,68,25,182,262,-7,66,16,30,105,367
RBA,RB Global,108.68,2,71,103,27,203,19,20,106,19,164,367
PTC,PTC Inc.,215.73,36,59,5,182,282,27,23,6,26,82,364
ITT,ITT Inc.,165.26,82,66,15,99,262,-9,73,9,26,99,361
MCD,McDonald's,307.63,7,1,51,242,301,-10,16,-3,57,60,361
DTE,DTE Energy,139.12,26,16,73,189,304,-1,13,26,13,51,355
ALL,Allstate,209.0,35,5,96,159,295,27,5,10,17,59,354
MSI,Motorola Solutions,442.22,7,15,0,153,175,-7,25,-26,185,177,352
ARES,Ares Management,189.29,9,60,16,59,144,19,73,9,106,207,351
MSFT,Microsoft,524.84,-8,67,15,173,247,-5,75,9,25,104,351
RTX,RTX Corporation,155.81,0,59,76,54,189,-2,65,83,14,160,349
DASH,DoorDash,258.09,73,59,96,0,228,21,72,9,18,120,348
AXON,Axon Enterprise,864.0,51,2,144,94,291,15,2,9,30,56,347
MA,Mastercard,569.08,6,5,125,155,291,8,12,9,26,55,346
BR,Broadridge Financial Solutions,266.92,14,13,113,145,285,18,7,9,25,59,344
LYV,Live Nation Entertainment,149.27,2,61,93,147,303,15,-1,8,16,38,341
HUBB,Hubbell Incorporated,423.49,-28,58,0,182,212,-26,76,5,71,126,338
EBAY,eBay,92.54,35,69,76,14,194,28,18,81,16,143,337
AAPL,Apple Inc.,213.25,6,27,0,251,284,6,-1,-24,71,52,336
BSX,Boston Scientific,102.95,-14,0,143,144,273,-6,-1,9,57,59,332
AVGO,Broadcom,301.67,5,63,18,116,202,14,75,9,30,128,330
GS,Goldman Sachs,724.48,2,60,91,58,211,16,71,9,21,117,328
EVRG,Evergy,73.26,48,41,57,14,160,40,41,76,10,167,327
CME,CME Group,281.23,42,10,53,136,241,-3,21,49,19,86,327
AM,Antero Midstream,18.68,35,5,147,23,210,2,-18,77,55,116,326
NVDA,Nvidia,179.41,2,59,13,134,208,13,67,9,26,115,323
NRG,NRG Energy,148.54,-7,0,102,94,189,-5,6,112,21,134,323
ANSS,Ansys,384.54,94,46,13,10,163,106,25,6,22,159,322
NET,Cloudflare,215.48,63,60,38,0,161,62,70,9,19,160,321
MSA,MSA Safety,178.0,2,62,1,164,229,14,73,9,-5,91,320
CW,Curtiss-Wright,509.43,27,68,18,54,167,19,75,9,49,152,319
YUM,Yum! Brands,141.28,-14,-2,27,259,270,-6,-6,-1,57,44,314
FFIV,"F5, Inc.",321.34,35,59,93,14,201,13,73,9,17,112,313
MCO,Moody's Corporation,517.47,6,60,15,156,237,15,27,7,25,74,311
MS,Morgan Stanley,141.3,2,60,75,64,201,13,71,9,16,109,310
APH,Amphenol,109.45,21,73,18,65,177,19,75,9,27,130,307
BK,BNY Mellon,102.3,3,62,93,40,198,14,66,9,19,108,306
GLW,Corning Inc.,64.0,111,59,18,17,205,14,66,7,14,101,306
USFD,US Foods,84.76,4,63,142,35,244,3,22,9,26,60,304
GOOGL,Alphabet (Class A),196.09,6,49,7,176,238,14,23,4,21,62,300
GOOG,Alphabet (Class C),196.93,6,49,6,176,237,14,23,3,21,61,298
SGI,Somnigroup International,73.62,6,60,40,64,170,19,73,9,26,127,297
KR,Kroger,73.73,22,33,78,67,200,28,5,49,15,97,297
L,Loews Corporation,94.15,21,60,111,55,247,19,-4,9,24,48,295
NOC,Northrop Grumman,589.13,84,27,9,58,178,42,47,16,12,117,295
TPR,"Tapestry, Inc.",112.14,21,60,79,21,181,19,66,7,19,111,292
VMI,Valmont Industries,368.26,21,50,61,58,190,16,70,6,10,102,292
AME,Ametek,185.47,35,5,3,106,149,28,5,9,101,143,292
IBKR,Interactive Brokers,63.81,-5,60,88,57,200,-5,29,7,57,88,288
J,Jacobs Solutions,146.96,13,58,5,106,182,5,73,6,19,103,285
ITW,Illinois Tool Works,257.58,3,31,1,178,213,14,23,6,29,72,285
ADP,Automatic Data Processing,301.3,-27,-4,84,180,233,-23,7,9,57,50,283
RJF,Raymond James Financial,166.72,2,59,91,58,210,13,31,6,19,69,279
NWS,News Corp (Class B),33.89,3,63,111,58,235,19,-6,9,21,43,278
FIX,Comfort Systems USA,690.44,0,63,16,64,143,-4,75,9,55,135,278
ETN,Eaton Corporation,358.33,-14,60,7,114,167,-42,73,7,72,110,277
MMC,Marsh McLennan,204.01,0,-41,-2,175,132,13,-36,-10,178,145,277
KLAC,KLA Corporation,888.28,0,60,13,177,250,-5,-5,9,26,25,275
SNPS,Synopsys,625.8,2,47,6,180,235,-2,39,7,-5,39,274
TRV,Travelers Companies (The),267.6,21,1,90,58,170,17,7,23,56,103,273
INTU,Intuit,779.6,-14,73,16,191,266,-29,7,9,20,7,273
GD,General Dynamics,315.1,9,82,7,54,152,17,37,9,57,120,272
EME,Emcor,622.22,0,60,16,58,134,-2,75,7,57,137,271
SSD,Simpson Manufacturing Company,182.04,62,12,0,156,230,11,25,5,-1,40,270
HIG,Hartford (The),128.83,21,2,93,57,173,15,6,20,56,97,270
SCHW,Charles Schwab Corporation,96.73,-1,73,76,11,159,14,73,9,14,110,269
RPM,RPM International,119.74,5,11,-2,180,194,18,20,6,30,74,268
RL,Ralph Lauren Corporation,303.06,2,62,93,34,191,19,23,9,26,77,268
LPLA,LPL Financial,378.83,-28,61,44,99,176,3,22,9,57,91,267
ALNY,Alnylam Pharmaceuticals,428.03,47,59,16,15,137,38,67,9,15,129,266
INFA,Informatica,24.72,112,51,-41,0,122,70,73,7,-7,143,265
ATO,Atmos Energy,157.12,7,0,73,45,125,-5,16,84,45,140,265
LIN,Linde plc,471.52,9,3,12,110,134,19,-4,9,106,130,264
AAON,AAON,81.52,0,0,-12,245,233,14,9,-24,31,30,263
PWR,Quanta Services,387.57,-28,67,16,99,154,-47,75,9,72,109,263
OGE,OGE Energy,45.62,32,16,67,45,160,-5,26,67,14,102,262
MO,Altria,63.14,45,13,69,45,172,40,6,25,16,87,259
LECO,Lincoln Electric,242.05,35,59,6,65,165,28,66,7,-7,94,259
NVT,Nvent Electric,90.22,77,60,7,12,156,27,73,7,-5,102,258
FERG,Ferguson Enterprises,222.82,-1,62,10,65,136,14,73,9,25,121,257
BWXT,BWX Technologies,179.59,82,58,12,35,187,19,11,9,31,70,257
MPWR,Monolithic Power Systems,805.73,28,60,2,157,247,-1,4,9,-2,10,257
WSM,"Williams-Sonoma, Inc.",202.41,90,26,7,65,188,18,28,1,21,68,256
JBL,Jabil,220.77,-25,63,18,65,121,-5,73,10,57,135,256
SHW,Sherwin-Williams,350.81,27,3,0,190,220,19,-12,9,19,35,255
CAT,Caterpillar Inc.,427.9,-3,59,7,64,127,-2,66,7,57,128,255
AON,AON,363.54,0,3,1,177,181,15,15,-14,56,72,253
HD,Home Depot (The),386.77,21,12,0,180,213,19,25,-23,19,40,253
BYD,Boyd Gaming,83.3,-28,60,47,59,138,3,73,9,27,112,250
FRHC,Freedom Holding,189.85,55,15,53,14,137,58,16,9,30,113,250
FE,FirstEnergy,43.42,140,13,5,55,213,-1,14,9,14,36,249
PEG,Public Service Enterprise Group,85.91,-6,39,3,152,188,-5,46,3,17,61,249
ACM,AECOM,118.78,14,66,15,65,160,14,-6,9,71,88,248
NI,NiSource,41.86,-1,21,73,45,138,-6,13,88,14,109,247
PPL,PPL Corporation,36.15,0,18,75,23,116,15,13,87,14,129,245
SPOT,Spotify,667.06,3,0,111,12,126,21,-17,94,20,118,244
KO,Coca-Cola Company (The),69.52,7,-12,27,182,204,20,-17,22,14,39,243
AXS,AXIS Capital,95.25,2,-6,85,45,126,15,-32,81,53,117,243
TRMB,Trimble Inc.,84.14,2,60,78,4,144,15,65,7,12,99,243
TDG,TransDigm Group,1402.38,-14,-1,18,157,160,-14,30,9,57,82,242
TMUS,T-Mobile US,239.28,-2,0,93,139,230,-28,12,-7,35,12,242
SSNC,SS&C Technologies,86.18,6,36,89,14,145,14,61,6,15,96,241
CHD,Church & Dwight,92.51,-47,-8,-15,344,274,-36,-10,-13,25,-34,240
EVR,Evercore,300.31,0,59,6,58,123,10,73,7,26,116,239
TTEK,Tetra Tech,37.26,2,58,-28,119,151,9,73,5,-1,86,237
SEIC,SEI Investments Company,88.19,0,66,91,35,192,14,-5,9,26,44,236
JCI,Johnson Controls,104.68,-14,68,74,19,147,-11,73,9,18,89,236
CBRE,CBRE Group,155.82,6,44,91,22,163,12,40,7,14,73,236
UNM,Unum,70.49,-42,-6,184,40,176,3,-6,9,54,60,236
GRMN,Garmin,229.73,5,33,111,19,168,15,26,5,21,67,235
EHC,Encompass Health,116.4,15,0,142,29,186,14,-17,23,29,49,235
VICI,Vici Properties,33.0,0,41,57,15,113,-1,41,22,57,119,232
SCI,Service Corporation International,79.14,21,1,0,175,197,27,-13,7,13,34,231
WCC,Wesco International,206.41,-30,59,6,58,93,-2,73,7,57,135,228
GE,GE Aerospace,272.32,6,71,18,27,122,19,29,29,29,106,228
VST,Vistra Corp.,200.82,0,59,18,30,107,-5,72,7,45,119,226
RBLX,Roblox Corporation,134.18,0,72,52,0,124,3,73,15,11,102,226
ANET,Arista Networks,138.82,7,45,6,58,116,7,41,5,56,109,225
TSCO,Tractor Supply Company,60.24,2,26,6,85,119,19,-1,3,85,106,225
APP,AppLovin,391.1,58,5,104,0,167,28,13,-1,18,58,225
TLN,Talen Energy,378.48,98,72,38,0,208,-2,7,10,2,17,225
CACI,CACI,476.45,2,43,1,154,200,19,-8,13,-1,23,223
NEM,Newmont,67.93,21,84,18,5,128,21,46,18,10,95,223
URI,United Rentals,861.46,0,60,6,64,130,-2,31,7,57,93,223
AMD,Advanced Micro Devices,163.1,-7,59,0,110,162,-7,66,9,-7,61,223
VTR,"Ventas, Inc.",68.52,35,16,71,22,144,41,18,3,15,77,221
CNP,Centerpoint Energy,38.78,48,14,48,45,155,-4,13,42,15,66,221
AEP,American Electric Power,113.47,43,24,72,23,162,-4,26,22,14,58,220
T,AT&T,27.5,0,0,69,16,85,25,2,93,15,135,220
UNP,Union Pacific Corporation,225.47,3,1,-5,198,197,12,-11,3,19,23,220
ALAB,Astera Labs,174.46,100,58,0,0,158,38,20,4,0,62,220
LRCX,Lam Research,95.92,3,60,8,152,223,-4,-4,9,-5,-4,219
V,Visa Inc.,339.8,-37,-4,136,133,228,-40,-4,9,26,-9,219
COF,Capital One,212.88,0,66,93,21,180,13,-2,9,18,38,218
LNG,Cheniere Energy,235.77,36,0,59,58,153,-2,1,9,56,64,217
GGG,Graco Inc.,83.39,0,0,-3,178,175,14,-10,9,29,42,217
FTI,TechnipFMC,35.56,0,60,16,27,103,4,64,9,37,114,217
BLK,BlackRock,1120.54,3,59,16,22,100,14,73,9,21,117,217
COR,Cencora,283.65,-7,-1,43,75,110,-4,-11,54,68,107,217
LOW,Lowe's,238.33,21,12,-19,166,180,19,24,-26,19,36,216
PM,Philip Morris International,166.99,7,-10,69,55,121,6,-22,84,27,95,216
R,Ryder,178.55,2,45,10,56,113,8,31,7,56,102,215
WPC,W. P. Carey,64.82,29,57,28,2,116,20,49,25,5,99,215
CINF,Cincinnati Financial,154.02,7,3,84,62,156,14,20,9,15,58,214
PAYX,Paychex,139.05,-29,-6,83,167,215,-35,8,12,14,-1,214
RMD,Resmed,280.46,28,66,16,13,123,-2,72,8,13,91,214
HLI,Houlihan Lokey,191.98,6,62,16,44,128,19,31,9,26,85,213
MCK,McKesson Corporation,702.79,5,0,41,58,104,18,-13,37,67,109,213
MTZ,MasTec,183.1,2,66,18,18,104,13,73,9,13,108,212
LLY,Lilly (Eli),747.04,-49,-7,-2,172,114,-3,10,-6,96,97,211
DHI,D. R. Horton,154.11,28,33,0,65,126,47,37,3,-2,85,211
XYL,Xylem Inc.,143.62,35,60,7,22,124,27,29,9,22,87,211
CLH,Clean Harbors,242.46,16,12,1,58,87,33,25,9,57,124,211
SRE,Sempra,81.15,0,15,0,181,196,-6,15,7,-1,15,211
CSGP,CoStar Group,96.29,83,42,5,14,144,15,37,22,-9,65,209
HCA,HCA Healthcare,366.13,36,0,2,97,135,46,-16,15,29,74,209
MP,MP Materials,67.46,28,43,31,0,102,19,40,44,4,107,209
NEU,NewMarket,721.96,12,82,18,29,141,25,-5,21,27,68,209
SF,Stifel,111.89,-8,50,7,59,108,9,65,6,20,100,208
WWD,"Woodward, Inc.",251.23,-13,69,18,35,109,-7,71,9,26,99,208
OMF,OneMain Financial,56.42,-37,60,16,60,99,2,71,9,26,108,207
SYF,Synchrony Financial,69.46,0,60,16,21,97,12,73,7,18,110,207
PFGC,Performance Food Group,98.23,-14,63,52,43,144,-26,21,9,57,61,205
MKL,Markel,1957.03,-28,1,67,55,95,2,73,7,26,108,203
AEE,Ameren,101.61,35,16,55,13,119,-4,18,60,10,84,203
NFLX,Netflix,1178.76,2,0,115,20,137,-26,-14,86,20,66,203
DE,Deere & Company,509.71,-10,0,48,109,147,4,-3,44,10,55,202
DGX,Quest Diagnostics,173.01,0,0,67,18,85,37,-2,67,14,116,201
FLUT,Flutter Entertainment,306.94,3,42,18,21,84,8,75,7,27,117,201
XEL,Xcel Energy,73.3,35,16,50,12,113,-4,25,58,9,88,201
BX,Blackstone Inc.,169.38,-31,31,3,142,145,2,29,4,21,56,201
LNT,Alliant Energy,65.78,30,20,67,14,131,26,20,9,13,68,199
WEC,WEC Energy Group,109.74,29,16,54,13,112,-5,14,67,11,87,199
CSL,Carlisle Companies,355.06,-35,-5,-2,178,136,9,24,9,20,62,198
ABBV,AbbVie,196.22,28,12,16,58,114,-1,19,2,64,84,198
THG,Hanover Insurance,173.53,35,3,60,24,122,5,5,52,14,76,198
SEB,Seaboard Corporation,3495.0,84,34,4,-23,99,75,46,7,-29,99,198
CNM,Core & Main,63.54,0,62,18,0,80,12,73,9,24,118,198
EXC,Exelon,45.07,48,5,54,14,121,42,25,-1,10,76,197
OSK,Oshkosh Corporation,136.95,23,59,10,4,96,27,64,7,2,100,196
KKR,KKR & Co. Inc.,144.56,-32,49,0,103,120,8,42,5,21,76,196
CVNA,Carvana,354.71,-9,72,91,11,165,-20,25,9,16,30,195
AIZ,Assurant,210.13,21,1,1,152,175,27,-27,1,19,20,195
FYBR,Frontier Communications,36.69,1,21,88,0,110,-20,-2,93,14,85,195
STE,Steris,221.37,-12,-5,13,195,191,-11,-32,21,25,3,194
PCAR,Paccar,97.36,-4,12,-21,159,146,4,23,-13,34,48,194
PHM,PulteGroup,120.24,21,33,-22,65,97,26,37,5,29,97,194
TDY,Teledyne Technologies,548.96,2,59,51,14,126,15,29,9,15,68,194
AMGN,Amgen,284.78,-37,25,0,165,153,-6,23,-13,36,40,193
C,Citigroup,92.23,0,60,18,18,96,4,70,9,14,97,193
RPRX,Royalty Pharma,37.08,70,63,31,0,164,-2,42,25,-38,27,191
ROP,Roper Technologies,542.0,-30,-4,28,182,176,-33,-21,43,26,15,191
TT,Trane Technologies,427.03,-42,0,15,164,137,-12,28,9,29,54,191
MDU,MDU Resources,17.49,21,15,1,58,95,36,20,9,30,95,190
WMB,Williams Companies,58.65,-7,-2,111,52,154,-12,-18,9,57,36,190
CMS,CMS Energy,74.11,33,7,75,23,138,-1,18,21,14,52,190
AU,AngloGold Ashanti,58.28,21,4,75,18,118,21,13,23,14,71,189
AJG,Arthur J. Gallagher & Co.,286.27,-53,-30,0,186,103,16,-36,-1,107,86,189
PNW,Pinnacle West Capital,92.59,21,5,67,18,111,32,-2,21,26,77,188
CAH,Cardinal Health,156.6,6,0,54,38,98,-2,-12,47,57,90,188
HOOD,Robinhood Markets,105.64,2,62,80,0,144,18,-1,9,18,44,188
NSC,Norfolk Southern,283.13,7,59,10,4,80,12,73,9,14,108,188
TOL,Toll Brothers,125.9,19,44,-22,61,102,20,37,3,26,86,188
RCL,Royal Caribbean Group,313.95,-49,60,120,28,159,-5,-2,9,27,29,188
LDOS,Leidos,174.47,14,72,1,23,110,18,29,12,19,78,188
BPOP,"Popular, Inc.",114.31,0,67,16,59,142,19,-2,9,19,45,187
IDA,Idacorp,125.37,34,29,55,18,136,-5,21,25,10,51,187
META,Meta Platforms,771.99,35,60,16,29,140,28,-11,7,23,47,187
CMI,Cummins,381.69,14,32,4,65,115,14,23,5,30,72,187
IBM,IBM,252.26,-72,-5,108,54,85,4,-13,55,56,102,187
PH,Parker Hannifin,697.18,-28,61,16,65,114,-39,73,9,30,73,187
UGI,UGI Corporation,36.19,0,74,41,4,119,-1,15,48,5,67,186
GILD,Gilead Sciences,110.29,-8,54,50,35,131,-12,21,7,39,55,186
STT,State Street Corporation,110.8,0,62,16,16,94,3,67,8,14,92,186
SLM,Sallie Mae,31.83,0,0,89,22,111,19,-10,43,21,73,184
RITM,Rithm Capital,12.14,0,60,16,32,108,13,27,9,26,75,183
VMC,Vulcan Materials,281.65,24,12,5,60,101,26,20,9,27,82,183
DLTR,Dollar Tree,116.33,18,77,5,-15,85,19,76,24,-22,97,182
CG,Carlyle Group (The),62.91,6,51,7,21,85,11,62,6,18,97,182
APO,Apollo Global Management,145.91,2,42,0,97,141,14,-4,5,26,41,182
AMG,Affiliated Managers Group,213.88,2,66,10,22,100,19,37,9,17,82,182
COHR,Coherent Corp.,107.16,2,59,5,15,81,13,66,6,15,100,181
APPF,AppFolio,312.37,35,45,4,28,112,-2,37,4,28,67,179
MLM,Martin Marietta Materials,598.15,21,15,5,60,101,21,20,9,27,77,178
SYK,Stryker Corporation,374.71,-29,0,16,159,146,-2,-2,7,29,32,178
VLTO,Veralto,107.47,70,60,1,0,131,16,23,8,0,47,178
WBA,Walgreens Boots Alliance,11.83,70,60,0,-77,53,80,75,5,-35,125,178
LITE,Lumentum,110.0,2,58,13,3,76,19,66,7,10,102,178
AMED,Amedisys,99.28,42,77,11,-40,90,13,40,24,10,87,177
CR,Crane Co.,194.42,-5,67,15,0,77,16,69,9,5,99,176
WFC,Wells Fargo,77.62,-35,60,91,29,145,3,-1,9,19,30,175
EXPD,Expeditors International,118.68,21,5,0,131,157,26,-11,5,-3,17,174
HAYW,Hayward Holdings,15.56,81,31,1,0,113,15,23,7,16,61,174
MNST,Monster Beverage,59.5,-14,-5,25,180,186,-4,-30,18,4,-12,174
EMR,Emerson Electric,133.93,-28,60,15,64,111,-40,66,9,26,61,172
D,Dominion Energy,60.98,29,58,13,1,101,26,26,9,10,71,172
PPC,Pilgrim's Pride,49.32,25,0,85,21,131,19,7,-3,18,41,172
NWSA,News Corp (Class A),29.42,2,60,8,58,128,19,-6,9,21,43,171
CSCO,Cisco,69.22,6,60,47,14,127,14,-4,9,25,44,171
PNR,Pentair,102.54,0,60,8,62,130,17,-8,7,24,40,170
TOST,"Toast, Inc.",45.96,-8,61,76,0,129,-5,20,9,17,41,170
ULTA,Ulta Beauty,516.3,2,70,11,4,87,8,73,11,-9,83,170
DRI,Darden Restaurants,205.18,0,-5,43,61,99,17,-24,47,30,70,169
QGEN,Qiagen,47.5,-7,57,11,3,64,-7,98,9,5,105,169
ZG,Zillow (Class A),81.51,21,33,53,0,107,17,23,2,20,62,169
SNX,TD Synnex,142.11,-29,60,14,63,108,-33,66,7,21,61,169
OHI,Omega Healthcare Investors,40.34,31,19,5,40,95,28,11,4,31,74,169
NVR,"NVR, Inc.",7864.02,19,29,-22,65,91,20,25,2,29,76,167
PAG,Penske Automotive Group,178.37,14,2,14,62,92,19,-11,9,57,74,166
AYI,Acuity Brands,307.85,0,36,3,27,66,9,65,5,20,99,165
SYY,Sysco,81.47,23,47,6,3,79,6,60,6,14,86,165
RLI,RLI Corp.,68.03,3,-44,-9,176,126,17,-37,-28,87,39,165
PSTG,Pure Storage,57.44,-28,59,0,42,73,3,27,5,57,92,165
CRH,CRH plc,97.44,9,14,6,64,93,19,23,3,27,72,165
AMAT,Applied Materials,178.13,-35,60,-2,149,172,-5,-5,7,-5,-8,164
LOPE,Grand Canyon Education,172.63,7,-23,146,35,165,5,-40,-1,34,-2,163
APG,APi Group,34.71,-9,67,17,0,75,-20,73,9,26,88,163
WDC,Western Digital,73.77,0,60,11,18,89,-9,71,9,3,74,163
MTSI,MACOM Technology Solutions,139.08,2,60,15,58,135,-5,-4,7,29,27,162
FLEX,Flex Ltd.,49.85,-35,60,17,58,100,-2,-2,9,57,62,162
RGLD,Royal Gold,161.33,21,-23,60,18,76,31,-28,67,16,86,162
ED,Consolidated Edison,104.16,36,0,27,47,110,-3,12,-3,45,51,161
ADT,ADT Inc.,8.58,2,80,30,0,112,18,-1,24,8,49,161
UI,Ubiquiti,460.61,7,32,51,10,100,18,24,9,10,61,161
LLYVA,Liberty Live (Series A),82.68,2,73,29,0,104,13,34,9,0,56,160
BLD,TopBuild,404.32,20,34,1,46,101,20,37,5,-3,59,160
LAMR,Lamar Advertising,124.55,2,50,6,64,122,14,-4,7,21,38,160
JEF,Jefferies Financial Group,57.77,2,36,-19,58,77,11,36,-22,57,82,159
CSX,CSX Corporation,36.0,16,59,1,4,80,12,63,9,-6,78,158
DDS,Dillard's,469.44,-33,42,13,54,76,-7,28,6,55,82,158
MTG,MGIC Investment Corporation,27.03,35,0,18,55,108,27,-15,9,28,49,157
KMI,Kinder Morgan,26.75,-7,-1,91,44,127,-11,-18,7,52,30,157
GEV,GE Vernova,664.41,5,72,0,0,77,-5,75,10,0,80,157
COKE,Coca-Cola Consolidated,113.51,0,0,0,85,85,9,24,-14,52,71,156
AZEK,Azek,54.32,17,52,15,0,84,33,14,7,18,72,156
BRX,Brixmor Property Group,26.51,7,42,0,55,104,10,7,9,26,52,156
ALLE,Allegion,164.38,0,72,8,21,101,-5,28,9,22,54,155
LLYVK,Liberty Live (Series C),85.18,2,66,29,0,97,13,36,9,0,58,155
INCY,Incyte,77.66,77,46,2,0,125,16,10,5,-1,30,155
EXPE,Expedia Group,185.18,2,33,48,11,94,19,23,5,14,61,155
PRI,Primerica,267.16,7,1,0,108,116,14,-12,7,30,39,155
LNC,Lincoln Financial,39.42,35,29,17,1,82,27,29,7,8,71,153
AMZN,Amazon,222.33,-28,50,16,21,59,3,65,6,20,94,153
BWA,BorgWarner,38.05,35,62,7,2,106,27,26,9,-16,46,152
VRT,Vertiv,139.77,0,59,8,8,75,-28,73,6,26,77,152
RF,Regions Financial Corporation,24.93,-28,59,6,22,59,6,66,7,14,93,152
DCI,Donaldson Company,72.12,2,12,1,65,80,14,19,9,30,72,152
AN,AutoNation,195.37,0,2,16,61,79,12,-8,9,57,70,149
Z,Zillow (Class C),85.17,21,33,10,0,64,19,42,3,20,84,148
DKS,Dick's Sporting Goods,216.9,2,26,0,63,91,12,32,-20,33,57,148
BJ,BJ's Wholesale Club,108.64,38,-27,77,10,98,-9,1,-1,58,49,147
KRC,Kilroy Realty,38.16,9,50,5,0,64,14,53,5,11,83,147
CIEN,Ciena,94.33,6,60,8,12,86,12,23,7,16,58,144
BKNG,Booking Holdings,5536.3,-64,1,135,35,107,7,-5,9,26,37,144
DTM,DT Midstream,104.29,35,0,102,0,137,-9,-18,9,25,7,144
ADI,Analog Devices,220.7,-35,0,10,179,154,-35,-11,9,26,-11,143
ABT,Abbott Laboratories,130.93,49,-5,55,13,112,19,1,-3,14,31,143
VIRT,Virtu Financial,42.42,-9,0,75,14,80,-16,-5,70,14,63,143
SPG,Simon Property Group,167.59,11,29,1,35,76,11,28,7,21,67,143
DELL,Dell Technologies,128.12,-7,60,5,32,90,-26,73,9,-4,52,142
BKR,Baker Hughes,43.43,0,14,3,35,52,2,59,3,26,90,142
HON,Honeywell,219.27,-70,0,1,178,109,8,-7,9,22,32,141
AMTM,Amentum,25.75,5,72,0,0,77,18,37,9,0,64,141
HII,Huntington Ingalls Industries,267.49,-9,99,7,6,103,2,30,15,-9,38,141
WTW,Willis Towers Watson,325.69,35,5,7,24,71,35,19,-14,29,69,140
GTES,Gates Corporation,24.14,-19,60,16,15,72,-28,68,9,18,67,139
NLY,Annaly Capital Management,20.58,2,42,17,10,71,17,28,7,16,68,139
SNA,Snap-on,323.2,0,15,0,59,74,9,-4,2,57,64,138
CMA,Comerica,66.51,-2,34,6,4,42,13,65,6,12,96,138
JHG,Janus Henderson,43.12,2,45,5,19,71,13,29,6,18,66,137
FWONK,Liberty Formula 1 (Series C),99.57,-52,0,69,57,74,3,-5,9,56,63,137
TNL,Travel + Leisure Co.,59.51,-32,50,8,16,42,9,66,6,14,95,137
GWRE,Guidewire Software,225.56,2,0,109,21,132,-2,-24,9,20,3,135
VIK,Viking Holdings,57.45,-7,60,0,0,53,-2,75,9,0,82,135
PLNT,Planet Fitness,106.11,-13,56,62,13,118,-5,-1,9,14,17,135
SFD,Smithfield Foods,25.33,49,55,0,0,104,21,6,3,0,30,134
FHN,First Horizon Corporation,21.41,-37,60,51,4,78,7,31,7,10,55,133
IDXX,Idexx Laboratories,624.08,21,67,13,4,105,19,7,9,-8,27,132
ACGL,Arch Capital Group,89.75,21,-17,-7,62,59,21,-9,9,51,72,131
KNSL,Kinsale Capital Group,444.54,-54,-7,-2,33,-30,16,54,6,85,161,131
GNRC,Generac,194.03,42,44,2,-34,54,-1,62,6,10,77,131
APD,Air Products,289.02,0,31,0,16,47,12,61,1,10,84,131
LVS,Las Vegas Sands,52.72,2,60,5,2,69,4,66,6,-14,62,131
VNT,Vontier,40.54,0,60,4,0,64,-2,67,7,-5,67,131
CHRW,C.H. Robinson,117.71,35,28,2,4,69,27,21,5,8,61,130
MEDP,Medpace,430.27,0,34,3,32,69,12,44,3,2,61,130
HPE,Hewlett Packard Enterprise,20.15,-29,56,0,42,69,3,-2,6,54,61,130
LMT,Lockheed Martin,434.75,7,-12,-28,165,132,26,-23,-3,-2,-2,130
RS,"Reliance, Inc.",286.29,-70,-4,0,115,41,6,-3,9,77,89,130
WSO,Watsco,417.96,-49,-4,-2,196,141,-53,-2,-27,71,-11,130
AGNC,AGNC Investment,9.43,-5,45,10,16,66,-3,43,7,17,64,130
TTWO,Take-Two Interactive,227.2,3,0,44,13,60,19,-15,44,20,68,128
FSLR,First Solar,185.02,28,25,-38,62,77,22,25,9,-6,50,127
HAS,Hasbro,77.04,17,60,13,3,93,15,-1,9,11,34,127
KIM,Kimco Realty,21.33,-32,3,0,55,26,7,73,7,14,101,127
MMM,3M,150.83,6,3,73,14,96,13,-5,9,14,31,127
PINS,Pinterest,39.1,3,45,4,0,52,13,61,5,-5,74,126
CEG,Constellation Energy,338.27,0,60,15,0,75,-5,28,9,19,51,126
KEX,Kirby Corporation,100.82,-35,-5,-2,35,-7,9,73,9,42,133,126
LFUS,Littelfuse,249.26,0,60,2,2,64,-2,65,7,-8,62,126
AGO,Assured Guaranty,86.13,16,2,0,56,74,19,1,9,22,51,125
TW,Tradeweb,137.25,-14,-1,108,0,93,-6,6,9,23,32,125
FAF,First American Financial Corporation,62.64,75,9,1,14,99,19,6,-18,18,25,124
MANH,Manhattan Associates,215.99,-30,54,-28,65,61,-2,36,2,27,63,124
JLL,Jones Lang LaSalle,275.5,2,34,3,14,53,13,39,3,14,69,122
REG,Regency Centers,73.19,15,3,4,53,75,13,6,9,19,47,122
LH,Labcorp,260.95,0,10,54,15,79,19,-1,7,18,43,122
CELH,Celsius Holdings,42.86,-28,99,0,65,136,-31,8,17,-9,-15,121
CXT,Crane NXT,56.31,-28,50,-4,55,73,-32,18,5,56,47,120
TPG,TPG Inc.,60.2,7,43,0,0,50,14,34,3,19,70,120
GWW,W. W. Grainger,960.17,-28,-4,-2,94,60,3,-9,9,57,60,120
AFRM,Affirm Holdings,77.3,21,42,11,0,74,19,3,7,17,46,120
CFG,Citizens Financial Group,46.95,-34,48,7,4,25,10,65,6,14,95,120
FNF,Fidelity National Financial,58.17,21,0,1,58,80,19,9,-10,21,39,119
ATI,ATI Inc.,74.49,-35,0,15,43,23,-38,73,9,52,96,119
PG,Procter & Gamble,152.88,-1,-37,-5,179,136,5,-35,-13,26,-17,119
JNJ,Johnson & Johnson,170.62,24,26,7,7,64,20,24,4,6,54,118
LPX,Louisiana-Pacific,93.24,27,7,-4,63,93,19,2,-23,26,24,117
SPR,Spirit AeroSystems,39.59,-48,74,17,0,43,10,21,29,14,74,117
RDDT,Reddit,212.91,42,35,0,0,77,35,4,1,0,40,117
ADC,Agree Realty,73.69,26,0,62,16,104,-1,5,-4,13,13,117
NCLH,Norwegian Cruise Line Holdings,24.81,-7,31,2,0,26,8,61,2,20,91,117
CVX,Chevron Corporation,152.79,-4,22,6,48,72,7,43,-11,6,45,117
ROST,Ross Stores,146.55,21,3,0,35,59,19,12,-3,29,57,116
VEEV,Veeva Systems,282.56,-29,63,44,8,86,-7,10,9,18,30,116
NBIX,Neurocrine Biosciences,128.35,-34,51,-4,25,38,6,70,6,-4,78,116
SMCI,Supermicro,46.81,-7,36,0,58,87,-26,59,4,-9,28,115
BA,Boeing,225.09,0,73,7,0,80,12,24,9,-11,34,114
IONS,Ionis Pharmaceuticals,40.68,-10,63,0,0,53,-7,69,9,-10,61,114
DAL,Delta Air Lines,54.13,2,32,0,19,53,10,23,1,26,60,113
CNA,CNA Financial,47.61,21,1,1,57,80,19,2,-8,20,33,113
NXST,Nexstar Media Group,187.31,1,59,8,4,72,-1,26,6,10,41,113
HR,Healthcare Realty Trust,16.87,28,28,1,-9,48,20,34,1,9,64,112
UTHR,United Therapeutics,302.65,14,0,-9,57,62,20,-1,-28,59,50,112
SMMT,Summit Therapeutics,28.54,21,13,8,14,56,19,24,-7,19,55,111
ECG,Everus Construction Group,72.95,2,58,0,0,60,13,32,6,0,51,111
GM,General Motors,52.48,0,42,6,11,59,-2,34,6,13,51,110
GL,Globe Life,141.25,6,12,44,14,76,12,11,3,8,34,110
THC,Tenet Healthcare,159.2,0,0,13,57,70,12,-3,7,24,40,110
BEPC,Brookfield Renewable Partners,34.02,-28,61,9,0,42,-23,72,9,10,68,110
EQH,Equitable Holdings,51.11,0,0,91,11,102,-5,-16,9,19,7,109
IVZ,Invesco,21.1,2,36,6,2,46,11,32,6,13,62,108
DINO,HF Sinclair,43.37,-34,62,0,0,28,12,67,9,-8,80,108
HLT,Hilton Worldwide,260.81,-34,60,15,64,105,-28,-3,7,26,2,107
WTFC,Wintrust Financial,125.01,-37,60,8,49,80,3,-2,7,19,27,107
AXP,American Express,295.25,-42,0,16,99,73,13,-8,7,21,33,106
THO,Thor Industries,95.22,6,44,-25,2,27,14,66,5,-6,79,106
FWONA,Liberty Formula 1 (Series A),89.06,-52,0,68,62,78,-28,-8,8,56,28,106
VRSN,Verisign,273.23,-48,0,35,9,-4,12,39,51,7,109,105
FNB,FNB Corporation,14.89,-39,60,0,55,76,4,-3,8,19,28,104
K,Kellanova,79.85,0,0,68,21,89,-4,12,-6,13,15,104
VRTX,Vertex Pharmaceuticals,385.71,-14,-2,-1,104,87,-14,-2,-5,37,16,103
AMP,Ameriprise Financial,508.42,-32,0,0,64,32,3,-10,7,71,71,103
GLPI,Gaming and Leisure Properties,45.8,-1,-1,0,65,63,-1,-9,-7,57,40,103
ADM,Archer Daniels Midland,57.18,13,61,1,-11,64,13,37,9,-20,39,103
MAS,Masco,69.34,0,26,-19,65,72,15,26,-31,21,31,103
AFL,Aflac,102.3,6,-8,0,58,56,14,-17,-7,55,45,101
CPRT,Copart,47.1,14,-51,-12,176,127,14,-47,-22,28,-27,100
PEGA,Pegasystems,57.62,0,72,18,5,95,-29,11,7,15,4,99
OZK,Bank OZK,47.99,-63,60,16,56,69,6,-2,7,19,30,99
AIG,American International Group,79.06,2,-18,27,53,64,15,-24,22,21,34,98
MRP,Millrose Properties,31.62,9,49,0,0,58,11,27,2,0,40,98
TWLO,Twilio,130.31,2,52,46,-34,66,6,10,5,11,32,98
MSGS,Madison Square Garden Sports,203.51,6,34,-3,21,58,18,-7,2,27,40,98
CART,Maplebear Inc.,47.71,0,29,22,0,51,18,23,6,0,47,98
DKNG,DraftKings,45.38,7,36,8,0,51,8,36,-17,20,47,98
UAL,United Airlines Holdings,88.9,2,33,0,11,46,10,23,3,16,52,98
FTAI,FTAI Aviation,137.76,2,6,2,47,57,-2,6,5,31,40,97
W,Wayfair,76.67,21,60,3,-41,43,19,66,9,-40,54,97
EXEL,Exelixis,37.72,-50,-7,63,14,20,6,-7,54,24,77,97
STAG,STAG Industrial,34.7,0,0,0,96,96,14,-19,9,-4,0,96
BLDR,Builders FirstSource,130.76,11,26,-27,65,75,23,32,-31,-3,21,96
FTNT,Fortinet,96.58,-42,-4,53,113,120,-40,-6,9,13,-24,96
SOFI,SoFi,21.45,-23,52,45,0,74,-40,43,7,11,21,95
RKT,Rocket Companies,18.13,28,16,3,0,47,26,13,8,1,48,95
FIVE,Five Below,135.54,-32,62,0,-16,14,14,71,10,-15,80,94
XPO,"XPO, Inc.",122.95,-37,1,-2,61,23,4,34,6,27,71,94
BURL,Burlington Stores,282.91,7,23,1,3,34,19,22,2,17,60,94
BEN,Franklin Templeton Investments,25.2,21,63,7,1,92,19,-4,9,-22,2,94
NTNX,Nutanix,75.68,2,1,30,22,55,9,-4,9,24,38,93
LAZ,Lazard,51.69,0,43,1,20,64,11,-1,6,13,29,93
PNC,PNC Financial Services,188.61,-1,50,1,14,64,11,-2,6,14,29,93
HLNE,Hamilton Lane,156.44,10,2,0,25,37,14,22,-2,21,55,92
PSN,Parsons Corporation,75.92,13,45,-26,0,32,15,44,2,-1,60,92
MSM,MSC Industrial Direct,85.61,-34,60,6,58,90,6,-4,9,-9,2,92
ZBRA,Zebra Technologies,308.34,-14,46,-1,-7,24,-14,65,3,13,67,91
ECL,Ecolab,268.74,16,3,15,22,56,13,-7,9,19,34,90
AFG,American Financial Group,127.65,7,1,0,56,64,8,1,3,14,26,90
BAC,Bank of America,45.43,-28,60,16,18,66,3,-2,9,14,24,90
CGNX,Cognex Corporation,40.89,35,42,0,-31,46,51,28,5,-40,44,90
LEN,Lennar (Class A),119.37,23,16,-29,64,74,26,25,-34,-3,14,88
ES,Eversource Energy,65.44,-4,63,14,-10,63,-5,18,9,2,24,87
AS,Amer Sports,38.96,6,60,3,0,69,14,-6,9,0,17,86
LEN-B,Lennar (Class B),113.66,22,12,-27,62,69,26,26,-34,-1,17,86
BAH,Booz Allen Hamilton,111.85,0,0,-29,101,72,22,22,-31,-1,12,84
ASTS,AST SpaceMobile,51.75,-37,44,10,0,17,6,44,9,8,67,84
CCL,Carnival Corporation & plc,29.25,-14,59,16,0,61,-2,-1,7,19,23,84
TKO,TKO Group Holdings,155.38,-28,-1,70,40,81,-40,-16,9,50,3,84
BSY,Bentley Systems,55.21,-29,63,8,0,42,-37,75,9,-6,41,83
FLS,Flowserve,53.77,-28,31,0,27,30,3,23,2,25,53,83
AGCO,AGCO,113.16,-3,62,6,2,67,-10,28,10,-13,15,82
GXO,GXO Logistics,50.49,1,60,0,0,61,-47,66,8,-8,19,80
MRVL,Marvell Technology,75.33,-16,34,-20,106,104,-28,6,-20,18,-24,80
HOLX,Hologic,66.88,35,48,-34,0,49,27,8,2,-7,30,79
ROKU,"Roku, Inc.",84.9,-28,41,9,-19,3,3,65,4,4,76,79
MET,Metlife,76.01,1,0,0,58,59,11,-17,7,18,19,78
AWK,American Water Works,141.94,7,4,25,1,37,-6,18,21,8,41,78
AOS,A. O. Smith,70.57,0,26,-41,58,43,7,24,9,-5,35,78
HXL,Hexcel,60.9,2,32,-28,0,6,17,61,3,-9,72,78
PKG,Packaging Corporation of America,192.21,-45,28,-2,61,42,8,-1,2,26,35,77
EXP,Eagle Materials,220.73,-8,11,-14,57,46,9,23,-28,27,31,77
SAIC,SAIC,114.88,13,20,-36,67,64,14,-2,1,-1,12,76
NYT,New York Times Company,61.97,21,1,1,16,39,21,-14,9,21,37,76
EA,Electronic Arts,163.03,28,6,3,7,44,35,-17,15,-1,32,76
TTD,Trade Desk (The),89.62,21,43,-26,4,42,19,20,-26,20,33,75
SKX,Skechers,63.09,-23,58,-23,55,67,-22,-2,6,26,8,75
F,Ford Motor Company,11.22,7,74,0,-17,64,13,-6,9,-5,11,75
BOKF,BOK Financial Corporation,101.12,0,29,0,22,51,7,-1,3,14,23,74
HBAN,Huntington Bancshares,16.05,-37,60,8,21,52,3,-6,9,16,22,74
NTRS,Northern Trust,125.64,-8,60,15,11,78,-28,2,9,13,-4,74
TKR,Timken Company,73.59,-42,45,-2,4,5,3,64,6,-5,68,73
UBER,Uber,89.28,0,3,17,0,20,19,-7,15,26,53,73
OWL,Blue Owl Capital,19.54,2,39,-3,0,38,17,-5,1,21,34,72
BRK-B,Berkshire Hathaway,468.91,-37,-45,123,62,103,4,-57,-4,26,-31,72
TER,Teradyne,104.87,2,31,-28,2,7,6,61,2,-5,64,71
TROW,T. Rowe Price,105.39,6,45,-22,-25,4,19,29,5,13,66,70
SCCO,Southern Copper,95.07,6,0,-4,62,64,12,-13,9,-2,6,70
CWEN-A,Clearway Energy (Class A),28.33,-9,0,57,6,54,-12,-4,21,10,15,69
TXT,Textron,77.47,0,0,-3,53,50,16,-1,9,-5,19,69
ESI,Element Solutions,23.19,-7,32,-19,57,63,6,-5,6,-1,6,69
STWD,Starwood Property Trust,19.42,-41,0,17,58,34,11,-7,9,21,34,68
WEX,WEX Inc.,172.05,2,42,-42,1,3,10,60,3,-8,65,68
CB,Chubb Limited,269.57,0,-25,0,58,33,18,-36,-3,56,35,68
WAL,Western Alliance Bancorporation,77.76,0,33,0,4,37,11,-4,6,18,31,68
HRB,H&R Block,54.95,0,-41,-1,52,10,18,-7,-5,52,58,68
IRM,Iron Mountain,90.09,-37,-1,-2,57,17,7,-22,9,56,50,67
CWEN,Clearway Energy (Class C),30.24,-9,0,57,4,52,-12,-4,21,10,15,67
MDT,Medtronic,89.35,-30,27,10,0,7,4,41,2,13,60,67
PRU,Prudential Financial,104.11,7,0,-12,55,50,9,-15,3,19,16,66
PANW,Palo Alto Networks,172.89,-45,-5,0,81,31,-40,9,9,57,35,66
MSTR,MicroStrategy,383.33,-77,0,98,19,40,2,-5,9,20,26,66
PFG,Principal Financial Group,76.81,-42,0,-2,55,11,4,26,6,18,54,65
BG,Bunge Global,81.0,42,0,0,0,42,14,5,9,-5,23,65
WTM,White Mountains Insurance Group,1781.54,-2,0,-3,59,54,-22,-4,-19,56,11,65
KDP,Keurig Dr Pepper,33.41,0,0,6,1,7,-2,30,17,12,57,64
ROIV,Roivant Sciences,11.65,6,21,1,0,28,15,13,9,-1,36,64
RGA,Reinsurance Group of America,183.67,2,-4,-2,40,36,11,-38,1,53,27,63
U,Unity Technologies,31.92,-7,49,5,0,47,19,23,9,-35,16,63
TYL,Tyler Technologies,611.76,35,5,1,17,58,27,-14,-27,18,4,62
ADSK,Autodesk,305.22,2,1,4,14,21,6,6,9,19,40,61
H,Hyatt Hotels,136.02,-51,43,-2,55,45,-40,-4,5,55,16,61
OVV,Ovintiv,39.54,-28,42,-4,0,10,4,45,6,-6,49,59
WBS,Webster Bank,56.14,-48,60,7,14,33,3,-1,7,17,26,59
DECK,Deckers Brands,105.65,-35,-5,-23,93,30,9,7,-19,31,28,58
FOXA,Fox Corporation (Class A),54.2,-14,0,67,1,54,-5,-12,7,14,4,58
ALK,Alaska Air Group,54.0,3,26,-2,2,29,13,23,-16,9,29,58
EQT,EQT Corporation,51.48,-25,-4,40,42,53,-25,-21,40,10,4,57
EXE,Expand Energy,101.65,0,-13,40,0,27,2,-24,40,10,28,55
ELAN,Elanco,13.98,0,63,0,-7,56,-1,-2,8,-6,-1,55
ARMK,Aramark,39.35,-48,0,14,40,6,-14,-2,9,56,49,55
SLGN,Silgan Holdings,46.38,-42,-6,-2,80,30,9,-6,9,13,25,55
EOG,EOG Resources,116.41,-27,0,-4,45,14,3,-15,2,51,41,55
SNDR,Schneider National,24.83,0,40,-4,1,37,12,-6,1,10,17,54
OC,Owens Corning,147.75,7,2,-23,58,44,11,-4,-27,29,9,53
XYZ,"Block, Inc.",76.12,-28,38,-2,-36,-28,7,57,3,13,80,52
FOX,Fox Corporation (Class B),49.49,-14,0,66,1,53,-5,-11,6,9,-1,52
KEY,Keycorp,17.48,-37,60,7,4,34,-1,-2,7,13,17,51
NUE,Nucor,138.55,-28,37,0,3,12,3,38,6,-8,39,51
SUI,Sun Communities,125.3,35,5,2,-24,18,27,-14,9,11,33,51
SNV,Synovus,47.78,0,0,0,21,21,11,-3,7,14,29,50
EL,Estée Lauder Companies (The),90.15,-7,50,0,-26,17,-2,63,7,-35,33,50
FITB,Fifth Third Bancorp,41.24,-37,36,0,22,21,11,-4,6,16,29,50
ZS,Zscaler,289.29,2,0,16,5,23,12,-13,9,18,26,49
O,Realty Income,56.96,0,4,9,7,20,16,-9,9,13,29,49
TXN,Texas Instruments,185.95,0,0,0,22,22,11,-10,9,16,26,48
GPC,Genuine Parts Company,133.46,9,13,0,0,22,14,20,9,-17,26,48
MAR,Marriott International,262.78,-41,0,0,58,17,3,-5,6,27,31,48
ROK,Rockwell Automation,328.74,-34,63,14,15,58,-7,-1,9,-11,-10,48
WTRG,Essential Utilities,37.91,28,0,5,0,33,-1,12,-2,5,14,47
SN,SharkNinja,114.24,-28,36,7,0,15,-3,28,6,1,32,47
KMB,Kimberly-Clark,136.69,28,1,1,18,48,20,-37,-10,26,-1,47
USB,U.S. Bancorp,44.46,-34,60,0,4,30,4,-8,6,15,17,47
RBRK,Rubrik,91.79,2,1,0,0,3,-2,3,43,0,44,47
EWBC,East West Bancorp,98.49,-71,60,8,22,19,4,-3,8,19,28,47
RRC,Range Resources,35.05,-28,-11,0,42,3,2,-22,9,55,44,47
VZ,Verizon,42.35,-2,0,29,10,37,-9,5,-1,14,9,46
AMH,American Homes 4 Rent,34.84,-18,-6,-7,68,37,-7,-8,9,15,9,46
MUSA,Murphy USA,367.58,-58,-7,-12,68,-9,6,-2,-28,79,55,46
WYNN,Wynn Resorts,107.14,-20,62,7,3,52,-37,28,9,-8,-8,44
SSB,SouthState Corporation,93.09,-39,31,0,22,14,8,-1,3,19,29,43
MTCH,Match Group,37.25,7,44,3,-37,17,7,52,4,-38,25,42
BXP,"BXP, Inc.",66.01,0,-2,-2,0,-4,11,13,9,13,46,42
TSLA,"Tesla, Inc.",319.96,4,0,0,10,14,9,5,3,10,27,41
VNOM,Viper Energy,38.32,7,-32,-8,44,11,14,-4,-27,47,30,41
MHK,Mohawk Industries,121.17,12,22,-25,-11,-2,16,26,1,-1,42,40
TRU,TransUnion,90.92,-28,49,0,3,24,-33,28,7,14,16,40
LEA,Lear Corporation,95.2,0,60,-3,-17,40,11,-4,8,-15,0,40
TRGP,Targa Resources,163.13,-28,-4,0,51,19,2,-16,-19,54,21,40
RNR,RenaissanceRe,241.76,-2,0,-7,35,26,-26,4,7,28,13,39
MTD,Mettler Toledo,1221.84,2,45,-22,0,25,16,-1,3,-5,13,38
WAB,Wabtec,188.36,-70,0,0,49,-21,3,-9,9,56,59,38
STLD,Steel Dynamics,122.22,-70,-4,-2,55,-21,3,-10,9,57,59,38
RRX,Regal Rexnord,145.65,-28,60,-2,3,33,-37,36,6,-1,4,37
EXLS,EXL Service,42.76,-16,-19,0,65,30,2,6,-15,13,6,36
NNN,NNN Reit,41.34,-5,0,7,22,24,-3,-8,9,14,12,36
CCK,Crown Holdings,99.52,0,0,16,5,21,1,-8,9,12,14,35
BRO,Brown & Brown,91.81,-53,-69,-2,163,39,-7,-15,-9,26,-5,34
FICO,Fair Isaac,1393.47,-35,-22,-5,166,104,-54,-21,-27,31,-71,33
AMCR,Amcor,9.4,0,26,-2,0,24,10,-4,5,-2,9,33
WING,Wingstop,335.97,0,0,0,38,38,-17,-27,7,31,-6,32
CAR,Avis Budget Group,156.51,-42,76,8,-20,22,-51,86,12,-37,10,32
CPNG,Coupang,28.1,-7,0,16,0,9,-1,-4,9,17,21,30
AUR,Aurora Innovation,6.05,2,0,0,0,2,14,15,-17,15,27,29
QRVO,Qorvo,84.2,-70,60,-1,-31,-42,-1,68,7,-5,69,27
KRMN,Karman Holdings,48.56,-7,43,0,0,36,-7,-3,1,0,-9,27
XP,XP Inc.,17.15,13,0,0,0,13,32,-25,15,-8,14,27
AMKR,Amkor Technology,22.2,-23,45,-39,0,-17,4,41,3,-5,43,26
REXR,Rexford Industrial,36.74,0,45,-45,-18,-18,11,60,5,-32,44,26
BROS,Dutch Bros. Coffee,57.76,-1,-10,52,0,41,9,-34,-2,11,-16,25
SITE,SiteOne Landscape Supply,136.11,1,27,-25,-9,-6,10,26,2,-8,30,24
XOM,ExxonMobil,106.55,-26,-3,-1,44,14,-34,-14,8,50,10,24
NOW,ServiceNow,912.35,-44,0,-2,82,36,-37,-5,7,22,-13,23
MSCI,MSCI,548.16,0,0,0,14,14,-5,-12,6,20,9,23
FANG,Diamondback Energy,144.4,-5,0,-28,47,14,4,7,3,-5,9,23
SEG,Seaport Entertainment Group,22.88,2,24,0,0,26,4,20,-27,0,-3,23
VOYA,Voya Financial,73.18,7,1,1,4,13,7,-4,7,-1,9,22
IPGP,IPG Photonics,72.22,-13,59,-2,-44,0,-5,66,5,-44,22,22
RH,RH,212.83,19,15,-23,-7,4,19,11,-22,9,17,21
WH,Wyndham Hotels & Resorts,85.5,-35,21,-2,11,-5,4,23,-16,15,26,21
COLB,Columbia Banking System,23.86,0,9,0,-9,0,13,-6,4,10,21,21
IP,International Paper,46.33,-35,-4,0,16,-23,3,23,2,16,44,21
DG,Dollar General,113.25,27,4,0,-17,14,26,-14,21,-26,7,21
MU,Micron Technology,108.8,0,0,0,22,22,10,-15,9,-5,-1,21
PNFP,Pinnacle Financial Partners,89.67,0,-9,-3,15,3,11,-9,-3,18,17,20
TFC,Truist Financial,43.03,-48,34,0,4,-10,11,-1,6,14,30,20
NEE,NextEra Energy,70.58,-1,2,0,0,1,-1,-2,9,13,19,20
VVV,Valvoline,37.89,7,1,-25,31,14,14,-11,6,-4,5,19
VKTX,Viking Therapeutics,31.89,-7,26,-39,21,1,-2,22,4,-6,18,19
FBIN,Fortune Brands Innovations,56.56,21,12,-25,-5,3,22,26,-31,-2,15,18
YETI,Yeti Holdings,36.42,-1,27,-34,-6,-14,13,26,3,-10,32,18
AL,Air Lease Corporation,54.76,-55,0,16,22,-17,5,-6,9,26,34,17
GAP,Gap Inc.,20.06,2,-19,-4,18,-3,13,-11,-2,19,19,16
GPK,Graphic Packaging,21.91,-37,0,-18,0,-55,11,18,-31,71,69,14
NTAP,Netapp,103.34,-48,3,-3,57,9,4,-4,6,-1,5,14
HSY,Hershey Company (The),188.56,-6,26,3,0,23,-4,11,3,-19,-9,14
ESAB,ESAB,109.31,-7,-1,-1,0,-9,-26,23,9,17,23,14
INGR,Ingredion,125.18,-36,-4,-2,34,-8,-28,-15,9,56,22,14
NTRA,Natera,138.18,2,-15,0,18,5,12,-21,-2,19,8,13
PCTY,Paylocity,186.65,6,0,0,-3,3,7,15,-18,5,9,12
DNB,Dun & Bradstreet,9.11,0,39,-25,0,14,19,43,-27,-37,-2,12
UHS,Universal Health Services,163.54,21,-16,-10,22,17,11,-12,-3,-1,-5,12
AAP,Advance Auto Parts,60.42,0,52,1,-28,25,12,-1,9,-34,-14,11
EIX,Edison International,54.91,25,4,-31,0,-2,24,18,-28,-1,13,11
CTRA,Coterra,24.24,3,-16,-4,44,27,5,-23,-11,13,-16,11
POST,Post Holdings,102.5,-37,-24,-5,87,21,-33,-28,-7,57,-11,10
LYFT,Lyft,14.03,0,-1,-3,-1,-5,19,-12,9,-2,14,9
DLR,Digital Realty,169.36,-31,0,0,22,-9,-25,15,9,19,18,9
SJM,J.M. Smucker Company (The),109.05,0,12,0,-4,8,15,17,-9,-23,0,8
CHRD,Chord Energy,104.99,-28,41,-49,0,-36,3,44,3,-6,44,8
CCI,Crown Castle,105.31,-40,33,6,-28,-29,-19,32,19,5,37,8
DUOL,Duolingo,344.25,-9,-26,52,0,17,-5,-40,13,23,-9,8
TXRH,Texas Roadhouse,184.28,-28,0,1,64,37,-35,-35,9,31,-30,7
LAD,Lithia Motors,296.99,0,-7,-4,14,3,11,-8,-21,21,3,6
VLO,Valero Energy,133.5,-42,0,0,44,2,8,-7,8,-5,4,6
FDX,FedEx,226.47,0,1,-25,32,8,5,-4,1,-4,-2,6
EW,Edwards Lifesciences,78.62,-7,9,3,-14,-9,-5,25,29,-35,14,5
PR,Permian Resources,13.57,-27,0,-7,26,-8,2,4,9,-2,13,5
WBD,Warner Bros. Discovery,12.81,-28,40,11,-42,-19,2,60,7,-45,24,5
AVT,Avnet,49.42,-35,0,-1,45,9,-7,-5,9,-2,-5,4
BC,Brunswick Corporation,58.52,0,44,-37,-7,0,12,-2,3,-9,4,4
PSX,Phillips 66,119.84,-34,0,-2,41,5,4,-9,8,-5,-2,3
EQIX,Equinix,772.35,-28,-24,-7,34,-25,5,4,-7,26,28,3
TFSL,Third Federal S&L,12.73,-6,0,2,5,1,-16,-11,9,19,1,2
OTIS,Otis Worldwide,86.97,0,-11,-3,0,-14,11,-8,-13,26,16,2
CTVA,Corteva,71.17,-56,0,52,0,-4,-1,-13,9,11,6,2
PINC,"Premier, Inc.",22.13,21,0,16,-28,9,12,1,14,-34,-7,2
SNOW,Snowflake Inc.,210.51,-28,0,14,0,-14,1,5,9,1,16,2
FR,First Industrial Realty Trust,48.14,-37,0,-2,14,-25,8,-2,7,14,27,2
IR,Ingersoll Rand,76.48,-32,-1,-20,23,-30,3,-6,6,29,32,2
GNTX,Gentex,26.62,0,25,-41,-8,-24,8,23,3,-8,26,2
CPAY,Corpay,314.34,-37,-4,-2,21,-22,-2,-1,1,25,23,1
LII,Lennox International,594.92,-42,27,0,38,23,-52,-1,3,27,-23,0
NVST,Envista,19.71,-7,45,0,0,38,-6,-5,5,-32,-38,0
OKE,Oneok,75.24,-28,-4,-12,54,10,-34,-4,-24,51,-11,-1
PCG,PG&E Corporation,15.14,23,0,-29,1,-5,26,7,-28,-1,4,-1
CFLT,"Confluent, Inc.",17.24,-35,-5,-2,0,-42,6,54,-17,-2,41,-1
KEYS,Keysight,160.69,-29,0,1,0,-28,4,11,7,5,27,-1
LINE,"Lineage, Inc.",44.7,11,0,0,0,11,13,4,-30,0,-13,-2
FCX,Freeport-McMoRan,39.86,-65,0,-2,58,-9,12,-8,9,-6,7,-2
ZION,Zions Bancorporation,51.5,-64,42,0,4,-18,-2,-3,6,15,16,-2
DOV,Dover Corporation,174.31,-69,0,-2,106,35,-61,-1,5,19,-38,-3
DDOG,Datadog,137.04,-35,50,0,0,15,-37,-3,6,15,-19,-4
KVUE,Kenvue,21.43,-14,-2,4,0,-12,-6,13,-2,3,8,-4
CF,CF Industries,90.05,-11,0,14,4,7,-3,-26,9,8,-12,-5
PCOR,Procore,63.7,-32,-4,-2,0,-38,2,28,-16,19,33,-5
LSCC,Lattice Semiconductor,57.57,14,2,0,0,16,14,-5,-16,-15,-22,-6
CLX,Clorox,125.48,0,0,-16,-5,-21,9,18,-26,13,14,-7
RVMD,Revolution Medicines,36.69,-7,-4,-13,0,-24,12,-30,9,26,17,-7
FCNCA,First Citizens BancShares,1847.65,-59,0,-2,59,-2,-60,28,6,21,-5,-7
ALSN,Allison Transmission,88.27,0,-19,-4,35,12,3,-37,-20,34,-20,-8
DD,DuPont,70.79,-53,31,-2,19,-5,-5,-2,6,-3,-4,-9
CCCS,CCC Intelligent Solutions,9.7,-7,34,-27,0,0,-42,37,1,-6,-10,-10
SOLV,Solventum,72.58,0,0,0,0,0,-1,-14,5,0,-10,-10
SARO,StandardAero,28.12,0,0,0,0,0,-2,-17,9,0,-10,-10
VNO,Vornado Realty Trust,37.77,-37,0,0,4,-33,2,-2,7,15,22,-11
CAVA,Cava Group,86.19,-8,0,-13,0,-21,11,23,-27,2,9,-12
MGM,MGM Resorts International,35.09,-35,40,-2,0,3,-46,34,6,-9,-15,-12
GO,Grocery Outlet,18.58,7,1,0,0,8,-11,17,1,-28,-21,-13
BMY,Bristol Myers Squibb,44.82,-5,-7,-2,-5,-19,14,-1,-13,5,5,-14
ACI,Albertsons,19.59,0,-17,24,0,7,3,-13,-2,-9,-21,-14
LNW,Light & Wonder,90.93,-39,1,-2,57,17,-39,-4,-14,25,-32,-15
MASI,Masimo,144.64,-7,-1,0,-6,-14,19,-16,-14,10,-1,-15
SNDK,SanDisk,42.13,-13,0,0,0,-13,13,-16,1,0,-2,-15
FND,Floor & Decor,79.77,20,26,-34,-6,6,19,-6,-28,-6,-21,-15
EXR,Extra Space Storage,138.04,-35,-5,-2,0,-42,9,-5,9,13,26,-16
SBAC,SBA Communications,219.76,-14,-2,15,-20,-21,-14,-2,16,5,5,-16
PODD,Insulet,277.32,-16,-2,44,4,30,-29,-36,13,6,-46,-16
JHX,James Hardie Industries,27.72,11,28,-26,3,16,14,-5,-38,-3,-32,-16
TSN,Tyson Foods,56.07,14,0,-5,-28,-19,18,-17,-10,11,2,-17
CRL,Charles River Laboratories,150.33,-7,45,-53,-26,-41,-36,63,5,-8,24,-17
BIRK,Birkenstock,49.34,-30,-4,-9,0,-43,10,7,9,0,26,-17
PSA,Public Storage,281.58,-1,-5,-10,1,-15,11,-36,9,13,-3,-18
AES,AES Corporation,12.84,-15,21,-2,-11,-7,-14,21,5,-24,-12,-19
TMO,Thermo Fisher Scientific,448.24,-4,11,-21,-1,-15,-6,25,-20,-3,-4,-19
MDB,MongoDB Inc.,235.9,-28,31,-25,-9,-31,4,16,1,-9,12,-19
WFRD,Weatherford International,55.3,-5,31,-43,0,-17,9,40,-47,-5,-3,-20
ALLY,Ally Financial,37.22,-100,50,0,4,-46,9,-6,7,16,26,-20
MTB,M&T Bank,185.47,-67,0,0,22,-45,9,-6,7,14,24,-21
EQR,Equity Residential,63.38,-42,-5,-2,13,-36,10,-6,-2,13,15,-21
FRT,Federal Realty Investment Trust,93.29,2,-4,-22,0,-24,11,-5,-2,-1,3,-21
BFAM,Bright Horizons,119.21,-2,-2,2,1,-1,-11,-39,14,15,-21,-22
HHH,Howard Hughes Holdings,69.19,0,0,-12,-6,-18,10,-1,-27,14,-4,-22
TAP,Molson Coors,50.22,5,0,-12,0,-7,1,-1,-13,-3,-16,-23
AMT,American Tower,208.93,-52,-2,15,1,-38,-14,-1,19,11,15,-23
EFX,Equifax,240.57,-42,-4,-3,16,-33,-6,-12,9,18,9,-24
CRUS,Cirrus Logic,97.22,-7,0,-22,19,-10,-5,-15,9,-3,-14,-24
ABNB,Airbnb,130.69,-45,0,-2,0,-47,3,18,6,-5,22,-25
DOCS,Doximity,58.1,-44,30,0,0,-14,-2,-6,-16,12,-12,-26
MAT,Mattel,17.3,0,0,-3,0,-3,11,-10,6,-31,-24,-27
PEP,PepsiCo,140.8,0,15,-41,0,-26,10,40,-38,-13,-1,-27
COP,ConocoPhillips,93.09,-5,12,-44,0,-37,4,11,1,-8,8,-29
DVA,DaVita,127.86,-37,-1,-2,20,-20,-7,-2,-19,19,-9,-29
WMS,Advanced Drainage Systems,113.81,-1,2,-39,3,-35,11,-11,9,-3,6,-29
ILMN,"Illumina, Inc.",94.43,-28,40,-27,-40,-55,-1,66,1,-40,26,-29
KMPR,Kemper Corporation,48.42,-7,-1,-5,-1,-14,-7,-20,-2,14,-15,-29
DOX,Amdocs,84.6,-67,-5,0,58,-14,-7,-22,9,5,-15,-29
CRWD,CrowdStrike,451.71,-49,0,44,0,-5,-40,-14,9,20,-25,-30
CNH,CNH Industrial,12.41,-29,0,18,0,-11,-19,-11,9,2,-19,-30
RYN,Rayonier,23.83,0,2,-19,-5,-22,13,18,-31,-9,-9,-31
TPL,Texas Pacific Land Corporation,952.71,-3,-47,-8,58,0,7,-47,-4,13,-31,-31
MPC,Marathon Petroleum,162.48,-42,0,0,49,7,-34,-5,9,-8,-38,-31
FHB,"First Hawaiian, Inc.",23.84,-64,0,0,14,-50,4,-6,6,14,18,-32
DPZ,Domino's,443.39,-35,-2,0,10,-27,-47,-2,26,18,-5,-32
PVH,PVH Corp.,74.71,2,0,-31,-3,-32,15,18,-27,-7,-1,-33
DHR,Danaher Corporation,195.18,-5,0,-28,-1,-34,-1,3,2,-4,0,-34
TREX,"Trex Company, Inc.",61.13,-7,21,-53,-13,-52,-2,25,1,-6,18,-34
DV,DoubleVerify,15.87,5,33,-69,0,-31,9,13,-17,-10,-5,-36
CVS,CVS Health,63.53,1,-16,9,-17,-23,8,-17,24,-28,-13,-36
EGP,EastGroup Properties,161.93,-18,-1,-4,8,-15,-1,-25,9,-5,-22,-37
CROX,Crocs,105.23,3,1,-41,0,-37,12,-4,-3,-5,0,-37
GEHC,GE HealthCare,69.96,-42,0,-19,0,-61,-2,34,-17,8,23,-38
SBUX,Starbucks,89.0,-52,0,-2,0,-54,12,11,-14,7,16,-38
CARR,Carrier Global,66.11,-49,-3,-2,0,-54,-47,28,9,26,16,-38
AR,Antero Resources,33.01,-9,-13,0,10,-12,-22,-24,9,10,-27,-39
AA,Alcoa,29.55,-1,27,-20,-20,-14,8,-2,1,-32,-25,-39
AVB,AvalonBay Communities,186.48,-42,-5,-2,16,-33,8,-23,-6,15,-6,-39
BMRN,BioMarin Pharmaceutical,60.64,21,3,-49,-20,-45,19,22,-14,-22,5,-40
WDAY,"Workday, Inc.",229.08,-32,-8,-9,14,-35,4,-4,-3,-2,-5,-40
UDR,"UDR, Inc.",38.31,-42,-5,-2,0,-49,2,-2,-4,13,9,-40
LBTYK,Liberty Global (Series C),11.22,28,4,-39,-30,-37,28,41,-36,-36,-3,-40
AXTA,Axalta,28.45,0,-47,-15,22,-40,12,-11,-28,26,-1,-41
DIS,Walt Disney Company (The),115.18,-56,0,14,-1,-43,-5,-5,9,3,2,-41
GTM,ZoomInfo,10.19,-32,1,-2,0,-33,-40,64,5,-37,-8,-41
DLB,Dolby Laboratories,72.33,-32,-4,-2,0,-38,9,-2,-19,8,-4,-42
GEN,Gen Digital,28.69,-39,0,14,16,-9,-56,-2,9,16,-33,-42
CPB,Campbell Soup Company,32.69,11,0,-31,-6,-26,16,11,-38,-5,-16,-42
REYN,Reynolds Consumer Products,22.47,3,1,-27,0,-23,3,20,-39,-3,-19,-42
PARA,Paramount Global (Class B),11.08,-23,-1,0,-39,-63,-12,67,11,-45,21,-42
CBSH,Commerce Bancshares,60.25,-77,-2,0,11,-68,11,-8,9,13,25,-43
SON,Sonoco,45.39,0,3,-43,-5,-45,10,-1,6,-14,1,-44
MAA,Mid-America Apartment Communities,140.61,-39,-6,0,0,-45,-1,-2,-7,11,1,-44
IQV,IQVIA,177.49,-7,15,-39,-1,-32,-49,41,1,-6,-13,-45
PYPL,PayPal,69.42,-49,0,-2,-39,-90,9,25,2,9,45,-45
TGT,Target Corporation,105.41,6,26,-30,-11,-9,10,-2,-38,-6,-36,-45
TXG,10x Genomics,12.66,-7,41,-75,0,-41,-7,42,3,-42,-4,-45
SW,Smurfit Westrock,42.63,-35,-1,-2,16,-22,-42,23,-22,17,-24,-46
DOCU,DocuSign,75.13,-38,-7,-2,-12,-59,4,-1,-1,11,13,-46
RAL,Ralliant,43.51,-44,0,0,0,-44,3,-5,0,0,-2,-46
GPN,Global Payments,85.56,5,12,-26,-39,-48,7,28,-23,-10,2,-46
ARW,Arrow Electronics,116.19,-35,0,-2,0,-37,-5,-6,9,-8,-10,-47
OMC,Omnicom Group,72.96,0,0,-26,0,-26,11,-1,-31,-1,-22,-48
HUM,Humana,256.6,79,2,-88,-12,-19,5,5,-19,-20,-29,-48
HPQ,HP Inc.,25.04,0,-5,-24,0,-29,14,-4,-28,-1,-19,-48
GTLB,GitLab,43.8,-32,-1,-20,0,-53,11,14,-19,-1,5,-48
LBTYA,Liberty Global (Series A),11.02,28,4,-39,-31,-38,33,4,-37,-10,-10,-48
MCHP,Microchip Technology,66.15,-35,0,0,0,-35,-5,-10,9,-7,-13,-48
OKTA,"Okta, Inc.",97.78,0,-41,4,-24,-61,1,7,-2,6,12,-49
CFR,Frost Bank,123.68,-64,0,0,4,-60,-2,-4,7,10,11,-49
BHF,Brighthouse Financial,47.46,0,-24,-2,0,-26,12,-42,-2,8,-24,-50
CMG,Chipotle Mexican Grill,42.67,-126,-10,-5,80,-61,-4,-11,-3,29,11,-50
VRSK,Verisk Analytics,264.98,-97,-8,0,114,9,-54,-32,-1,28,-59,-50
UWMC,United Wholesale Mortgage,4.23,0,0,-28,0,-28,24,-2,-41,-4,-23,-51
CI,Cigna,270.05,-69,-23,-5,58,-39,8,-17,-2,-1,-12,-51
ATR,AptarGroup,138.5,-44,-4,-2,20,-30,-54,-1,9,25,-21,-51
PK,Park Hotels & Resorts,10.36,-48,26,-25,-7,-54,8,-2,2,-5,3,-51
SAIA,Saia,294.62,-37,0,-25,4,-58,11,28,-27,-5,7,-51
QS,QuantumScape,8.27,-56,34,5,0,-17,-5,-1,7,-36,-35,-52
POOL,Pool Corporation,309.57,-37,12,-22,-6,-53,11,26,-28,-9,0,-53
TTC,Toro Company (The),74.36,1,16,-34,-6,-23,14,23,-47,-20,-30,-53
PLD,Prologis,105.75,-37,0,-22,0,-59,8,-7,9,-5,5,-54
MIDD,Middleby,118.3,-37,-1,-2,-1,-41,-7,-4,-15,13,-13,-54
CACC,Credit Acceptance,465.18,-38,-4,-2,0,-44,3,-15,6,-5,-11,-55
IRDM,Iridium Communications,24.07,-10,-5,-3,-19,-37,-1,-4,6,-19,-18,-55
M,"Macy's, Inc.",12.11,-32,26,-30,-15,-51,3,23,-24,-6,-4,-55
TEM,Tempus AI,55.52,-49,-1,0,0,-50,14,-21,2,0,-5,-55
SPB,Spectrum Brands,52.93,-47,-7,-27,-4,-85,9,22,-26,24,29,-56
KBR,"KBR, Inc.",49.63,21,-33,-29,0,-41,26,-33,-7,-1,-15,-56
NKE,"Nike, Inc.",75.5,0,28,-76,-21,-69,14,28,6,-36,12,-57
HIW,Highwoods Properties,29.04,-70,-3,0,6,-67,3,-15,9,13,10,-57
VFC,VF Corporation,12.26,-16,0,-19,-43,-78,13,20,-19,7,21,-57
NDSN,Nordson,211.14,-32,3,-35,0,-64,10,-6,9,-7,6,-58
DT,Dynatrace,50.51,-31,0,0,0,-31,-40,-13,6,20,-27,-58
CL,Colgate-Palmolive,84.6,-56,-21,-5,23,-59,2,-14,-13,26,1,-58
MRK,Merck & Co.,79.44,-8,4,-46,-4,-54,11,40,-50,-6,-5,-59
BBY,Best Buy,67.44,3,0,-23,-6,-26,14,-11,-34,-2,-33,-59
JBHT,J. B. Hunt,143.42,0,3,-30,0,-27,11,-6,-27,-10,-32,-59
FOUR,Shift4,82.2,-37,-2,-1,0,-40,-40,-2,-1,24,-19,-59
PB,Prosperity Bancshares,66.04,-77,-7,-3,14,-73,9,-10,1,14,14,-59
CUBE,CubeSmart,39.5,-37,-2,-22,0,-61,9,-15,9,-2,1,-60
MORN,"Morningstar, Inc.",259.88,-35,-5,-19,28,-31,-29,-18,-1,18,-30,-61
REGN,Regeneron Pharmaceuticals,555.15,-2,4,-40,0,-38,-1,22,-41,-4,-24,-62
ETSY,Etsy,56.18,-35,50,0,-30,-15,-33,14,9,-37,-47,-62
KNX,Knight-Swift,42.52,0,-6,-24,-2,-32,12,-9,-20,-13,-30,-62
KD,Kyndryl,29.67,-33,-2,-1,0,-36,-40,-13,7,20,-26,-62
COIN,Coinbase,303.6,-70,0,8,0,-62,-23,-4,8,18,-1,-63
DXCM,Dexcom,76.41,-35,-3,-2,-14,-54,-32,23,9,-9,-9,-63
FCN,FTI Consulting,168.04,0,16,-36,0,-20,9,-1,-46,-5,-43,-63
FTRE,Fortrea,6.59,6,3,-36,0,-27,18,11,-64,-2,-37,-64
HRL,Hormel Foods,28.25,0,-15,-9,-23,-47,11,-11,9,-30,-21,-68
SEE,Sealed Air,29.28,0,0,-23,-24,-47,14,-10,7,-32,-21,-68
BIO,Bio-Rad Laboratories,264.36,-1,26,-26,-28,-29,-2,31,-31,-37,-39,-68
ELS,Equity Lifestyle Properties,61.35,21,-30,-20,0,-29,39,-44,-31,-3,-39,-68
PFE,Pfizer,23.95,0,2,-32,-23,-53,14,-9,6,-28,-17,-70
NU,Nubank,12.23,-94,-1,-2,0,-97,4,-6,9,19,26,-71
VTRS,Viatris,8.73,-37,0,-24,-7,-68,-1,-2,1,-1,-3,-71
DBX,Dropbox,26.52,-30,-6,-2,9,-29,-40,-4,-6,8,-42,-71
VSTS,Vestis,5.64,-37,-4,-21,0,-62,-2,17,-26,0,-11,-73
MOS,Mosaic Company (The),30.93,-35,-1,15,-16,-37,-7,-13,14,-30,-36,-73
CRM,Salesforce,249.09,-35,-5,-12,22,-30,-40,-4,-20,21,-43,-73
HOG,Harley-Davidson,24.22,-16,2,-42,-9,-65,5,-7,4,-11,-9,-74
FI,Fiserv,134.11,-42,-19,-13,35,-39,-35,-13,-14,27,-35,-74
CPT,Camden Property Trust,106.46,-42,-5,0,0,-47,-34,-2,-2,11,-27,-74
APLS,Apellis Pharmaceuticals,23.72,35,7,-69,-16,-43,35,18,-67,-18,-32,-75
QCOM,Qualcomm,145.84,-35,-1,-24,22,-38,-35,-5,7,-5,-38,-76
IPG,Interpublic Group of Companies (The),24.93,0,12,-42,0,-30,11,-1,-39,-17,-46,-76
HSIC,Schein (Henry),66.31,-52,-2,-4,-1,-59,-7,-11,-2,3,-17,-76
GRAL,"Grail, Inc.",33.11,-49,-7,0,0,-56,-2,-17,-2,0,-21,-77
ST,Sensata Technologies,29.37,-42,60,-2,-15,1,-48,-2,7,-35,-78,-77
GME,GameStop,22.82,0,-38,-9,-30,-77,11,-3,-2,-7,-1,-78
QXO,"QXO, Inc.",19.15,-49,0,0,-14,-63,-5,-16,12,-6,-15,-78
UHAL,U-Haul,56.62,-51,-7,-14,0,-72,3,-2,-27,20,-6,-78
KHC,Kraft Heinz,27.26,-35,0,-41,0,-76,2,19,-13,-10,-2,-78
UA,Under Armour (Class C),6.38,0,3,-27,-37,-61,16,-1,5,-37,-17,-78
PARAA,Paramount Global (Class A),16.95,-35,-5,-2,0,-42,-35,-5,-2,6,-36,-78
G,Genpact,42.2,-39,-2,-1,3,-39,-33,-3,-14,10,-40,-79
BDX,Becton Dickinson,172.2,-31,0,-27,-5,-63,-10,26,-18,-15,-17,-80
TEAM,Atlassian,185.51,-35,-20,-5,-6,-66,3,-12,-17,11,-15,-81
KSS,Kohl's,11.75,0,26,-61,-31,-66,15,-3,3,-32,-17,-83
ELF,e.l.f. Beauty,110.5,-25,0,-49,31,-43,-28,-15,7,-5,-41,-84
WLK,Westlake Corporation,81.13,0,0,-39,0,-39,14,-2,-51,-6,-45,-84
FRPT,Freshpet,63.63,-17,-37,-23,-6,-83,-12,11,-19,19,-1,-84
A,Agilent Technologies,113.23,-31,0,-22,-2,-55,5,-11,-19,-5,-30,-85
CHH,Choice Hotels,124.65,-48,-1,-2,15,-36,-45,-2,-16,14,-49,-85
WY,Weyerhaeuser,25.57,0,-6,-22,0,-28,12,-27,-34,-8,-57,-85
JAZZ,Jazz Pharmaceuticals,106.0,-14,-1,-2,-6,-23,-7,-1,-15,-39,-62,-85
ISRG,Intuitive Surgical,474.06,-78,-6,-2,22,-64,-33,-14,-1,26,-22,-86
STZ,Constellation Brands,169.2,-1,0,-44,-3,-48,12,18,-60,-8,-38,-86
UAA,Under Armour (Class A),6.73,0,3,-27,-44,-68,15,-1,4,-37,-19,-87
ESS,Essex Property Trust,254.55,-42,-5,-2,14,-35,-63,-2,-2,14,-53,-88
AVY,Avery Dennison,167.62,-52,-6,-34,0,-92,11,-11,6,-5,1,-91
OXY,Occidental Petroleum,42.57,-29,0,-54,0,-83,3,-1,5,-16,-9,-92
ONON,On Holding AG,46.83,-42,-5,0,0,-47,-38,-36,9,20,-45,-92
CPRI,Capri Holdings,20.84,7,3,-71,-11,-72,11,-2,2,-32,-21,-93
PII,Polaris Inc.,52.7,-27,29,-99,-17,-114,8,26,4,-17,21,-93
ZM,Zoom Communications,73.15,-48,-7,-2,0,-57,3,-43,-1,4,-37,-94
FIS,Fidelity National Information Services,69.9,-32,-2,-1,-37,-72,-37,-4,8,11,-22,-94
PEN,"Penumbra, Inc.",239.94,-16,-49,31,11,-23,-18,-52,-5,3,-72,-95
ODFL,Old Dominion Freight Line,149.86,-49,-6,-25,0,-80,7,9,-30,-1,-15,-95
INGM,Ingram Micro,18.84,-41,0,0,0,-41,-58,-2,6,0,-54,-95
ANGI,Angi Inc.,18.28,7,1,-39,-51,-82,3,23,5,-44,-13,-95
ONTO,Onto Innovation,89.99,-32,-2,-25,0,-59,-7,-6,-20,-4,-37,-96
SAM,Boston Beer Company,218.31,21,0,-34,-37,-50,18,10,-30,-44,-46,-96
CLF,Cleveland-Cliffs,9.36,-28,25,-62,-16,-81,-48,38,2,-8,-16,-97
TECH,Bio-Techne,49.87,-10,-1,-26,-24,-61,-42,36,-26,-6,-38,-99
RYAN,Ryan Specialty,57.39,-50,-30,-2,0,-82,2,-36,-8,25,-17,-99
EEFT,Euronet Worldwide,92.36,-46,-6,-2,-3,-57,-58,-6,9,13,-42,-99
CHDN,Churchill Downs Incorporated,102.31,-44,29,-30,0,-45,-54,-1,1,-1,-55,-100
LUV,Southwest Airlines,29.68,-70,0,0,-39,-109,3,-6,7,4,8,-101
ESTC,Elastic NV,80.64,-35,-4,-12,-6,-57,-45,22,-17,-4,-44,-101
CTSH,Cognizant,70.9,-51,-6,-2,14,-45,-58,-14,-2,18,-56,-101
MDLZ,Mondelez International,62.08,-42,-6,0,0,-48,-61,-2,18,-9,-54,-102
EPR,EPR Properties,53.48,-100,0,56,29,-15,-109,-8,9,21,-87,-102
EXAS,Exact Sciences,47.18,-10,-11,-27,-25,-73,-3,-18,7,-16,-30,-103
APTV,Aptiv,65.13,-49,0,0,-24,-73,2,-6,9,-36,-31,-104
DAY,Dayforce,53.39,-29,-4,-19,-12,-64,-29,7,-23,5,-40,-104
PPG,PPG Industries,105.76,-53,-4,-45,-8,-110,11,-6,9,-8,6,-104
FTV,Fortive,47.6,-37,-6,-20,0,-63,10,-32,-16,-5,-43,-106
CHE,Chemed Corporation,428.73,0,-53,-10,-2,-65,16,-41,-8,-8,-41,-106
MTDR,Matador Resources,46.67,-34,0,-28,0,-62,-36,-4,2,-6,-44,-106
DVN,Devon Energy,32.44,-28,0,-49,-5,-82,5,-16,8,-22,-25,-107
PAYC,Paycom,223.15,-29,-4,18,-24,-39,-49,8,9,-37,-69,-108
PATH,UiPath,11.22,-70,-7,-10,0,-87,2,-11,-2,-10,-21,-108
RARE,Ultragenyx,28.06,2,-20,-26,-38,-82,22,-12,-34,-3,-27,-109
HUBS,HubSpot,490.52,-38,-39,-9,11,-75,-47,10,-17,19,-35,-110
VAC,Marriott Vacations Worldwide,72.21,-48,35,-2,-17,-32,-57,-2,6,-25,-78,-110
IEX,IDEX Corporation,159.62,-42,-6,-27,-2,-77,4,-6,-27,-6,-35,-112
NFE,New Fortress Energy,2.96,-5,0,-70,-3,-78,14,-2,-21,-25,-34,-112
LBRDK,Liberty Broadband (Series C),59.58,-64,-9,-2,-36,-111,2,-9,-2,8,-1,-112
LBRDA,Liberty Broadband (Series A),59.3,-64,-9,-2,-36,-111,2,-9,-2,8,-1,-112
WAT,Waters Corporation,277.73,-30,-18,-4,-2,-54,-36,-17,-19,14,-58,-112
LOAR,Loar Holdings,70.65,-14,-23,0,0,-37,-26,-50,-2,0,-78,-115
WHR,Whirlpool Corporation,82.96,-49,-5,-4,-26,-84,14,-11,2,-36,-31,-115
SWK,Stanley Black & Decker,68.27,-49,26,-28,-39,-90,15,-4,-34,-2,-25,-115
ZTS,Zoetis,146.9,-14,-19,-34,-3,-70,-5,-34,-1,-5,-45,-115
LCID,Lucid Motors,2.18,-52,-1,-3,0,-56,-7,-1,-16,-35,-59,-115
FLO,Flowers Foods,15.97,-1,-6,-36,-8,-51,12,3,-56,-23,-64,-115
SMG,Scotts Miracle-Gro Company,60.54,-49,0,-21,-39,-109,-5,-6,5,-1,-7,-116
SHC,Sotera Health,11.05,-35,-5,-26,0,-66,-40,-1,-3,-6,-50,-116
MKSI,MKS Instruments,89.37,-35,0,-26,-13,-74,-37,-5,5,-5,-42,-116
CE,Celanese,47.8,-56,-1,-42,-10,-109,3,-6,5,-9,-7,-116
INTC,Intel,20.42,0,-5,-68,-20,-93,14,-9,-16,-12,-23,-116
ALGM,Allegro MicroSystems,30.81,-77,0,10,0,-67,-37,-6,7,-16,-52,-119
BBWI,"Bath & Body Works, Inc.",29.11,-65,0,-24,-15,-104,9,-4,-15,-6,-16,-120
ON,ON Semiconductor,46.98,-35,0,-36,-1,-72,-35,-3,5,-15,-48,-120
AAL,American Airlines Group,11.74,0,28,-20,-76,-68,12,-6,-20,-39,-53,-121
UHAL-B,U-Haul (Series N),51.57,-53,-7,-22,0,-82,3,-6,-36,-1,-40,-122
AVTR,Avantor,11.18,-28,-4,-28,0,-60,-1,-17,-39,-5,-62,-122
BALL,Ball Corporation,52.48,-52,0,-2,-11,-65,-61,-2,9,-5,-59,-124
EMN,Eastman Chemical Company,60.92,-56,-8,-20,-1,-85,3,-6,-34,-2,-39,-124
CRI,Carter's,25.34,0,-10,-61,-17,-88,13,-2,-38,-9,-36,-124
DOC,Healthpeak Properties,16.85,-63,-1,-16,-31,-111,10,-1,-31,9,-13,-124
MKC,McCormick & Company,69.46,-37,-21,-5,-2,-65,-37,-20,-13,10,-60,-125
RVTY,Revvity,85.91,-44,-6,-19,-24,-93,-1,-11,-24,3,-33,-126
HST,Host Hotels & Resorts,15.28,-49,0,-31,2,-78,-47,-2,7,-6,-48,-126
OGN,Organon & Co.,8.71,-17,-2,-28,0,-47,-33,-2,-41,-4,-80,-127
EG,Everest Group,328.49,-28,-17,-35,55,-25,-26,-35,-36,-5,-102,-127
ASH,Ashland Global,51.62,-16,3,-40,-9,-62,7,-10,-52,-10,-65,-127
CDW,CDW,165.39,-35,-2,-41,0,-78,-40,-5,1,-8,-52,-130
RIVN,Rivian,11.64,-48,-7,-2,0,-57,-51,-1,-2,-21,-75,-132
HAL,Halliburton,21.23,-6,-1,-62,-5,-74,4,8,-61,-9,-58,-132
TRIP,Tripadvisor,16.49,-45,25,0,-52,-72,-42,20,6,-44,-60,-132
INVH,Invitation Homes,30.25,-64,-10,-7,0,-81,-34,-30,-2,14,-52,-133
JKHY,Jack Henry & Associates,166.69,-63,-5,-2,0,-70,-36,-36,-2,11,-63,-133
WST,West Pharmaceutical Services,237.29,-35,12,-26,-7,-56,-48,5,-26,-8,-77,-133
IAC,IAC Inc.,34.72,-53,-2,-1,-31,-87,-14,-2,5,-38,-49,-136
WEN,Wendy's Company (The),10.05,0,-30,-36,-8,-74,5,-21,-31,-15,-62,-136
CNXC,Concentrix,46.73,-45,-4,-2,0,-51,-58,-2,7,-33,-86,-137
NCNO,nCino,26.93,-49,0,-25,0,-74,-63,-3,4,-1,-63,-137
TDC,Teradata,21.84,5,1,-78,-17,-89,7,-13,-26,-16,-48,-137
BILL,Bill.com,42.21,-50,-5,-23,0,-78,3,-6,-19,-37,-59,-137
ALGN,Align Technology,136.93,-35,-5,-66,-25,-131,-1,34,-2,-38,-7,-138
BF-B,Brown–Forman (Class B),30.54,12,0,-102,-18,-108,14,18,-34,-28,-30,-138
PLTK,Playtika,4.35,-49,-9,-25,0,-83,13,-11,-26,-31,-55,-138
COTY,Coty,4.9,0,0,-63,-7,-70,7,-4,-65,-9,-71,-141
ARE,Alexandria Real Estate Equities,73.83,-51,12,-36,-30,-105,11,34,-47,-35,-37,-142
BF-A,Brown–Forman (Class A),30.04,11,0,-101,-18,-108,13,18,-41,-24,-34,-142
CC,Chemours,12.01,-45,26,-64,-13,-96,13,-4,-26,-30,-47,-143
LSTR,Landstar,131.78,-42,-7,-34,-1,-84,4,-15,-41,-7,-59,-143
WSC,WillScot Mobile Mini,24.51,-37,-4,-64,-6,-111,-2,23,-41,-12,-32,-143
LW,Lamb Weston,51.45,-14,-1,-71,-8,-94,-41,4,2,-14,-49,-143
SLB,Schlumberger,32.86,-37,-4,-69,-1,-111,7,-10,-20,-10,-33,-144
LKQ,LKQ Corporation,29.93,-70,-37,-5,-2,-114,11,-11,-13,-17,-30,-144
ENTG,Entegris,72.22,-42,-3,-43,-6,-94,-35,36,-48,-5,-52,-146
PENN,Penn Entertainment,17.0,-32,31,-2,-34,-37,-44,-4,-17,-44,-109,-146
MKTX,MarketAxess,186.53,-10,-9,-27,-29,-75,-3,-24,-1,-44,-72,-147
ALB,Albemarle Corporation,67.3,-55,25,-127,-23,-180,16,36,3,-25,30,-150
CMCSA,Comcast,32.17,-63,-7,-34,-9,-113,-26,-9,6,-8,-37,-150
MTN,Vail Resorts,149.02,-53,-5,-32,-23,-113,3,-10,5,-36,-38,-151
CERT,"Certara, Inc.",9.51,-43,-38,-14,0,-95,-1,-18,-6,-32,-57,-152
ACHC,Acadia Healthcare,18.0,-11,-17,-47,-11,-86,-2,-8,-41,-16,-67,-153
S,SentinelOne,17.3,-48,-2,-24,0,-74,-48,-4,-27,-1,-80,-154
QDEL,QuidelOrtho,23.44,-6,-19,-22,-38,-85,11,-11,-22,-47,-69,-154
BIIB,Biogen,129.34,-5,4,-83,-27,-111,17,3,-46,-18,-44,-155
NSA,National Storage Affiliates,30.2,0,-53,-14,-4,-71,5,-54,-35,-1,-85,-156
ELV,Elevance Health,276.32,-30,-25,-43,-2,-100,-28,-17,-9,-3,-57,-157
CLVT,Clarivate,3.79,-45,-4,-76,-6,-131,4,8,2,-42,-28,-159
CUZ,Cousins Properties,26.96,-173,-5,0,11,-167,2,-17,9,13,7,-160
NWL,Newell Brands,4.95,-38,-4,-26,-31,-99,3,-2,-26,-36,-61,-160
KMX,CarMax,56.23,-71,-17,-18,-36,-142,6,-15,-22,11,-20,-162
COO,Cooper Companies (The),68.11,-37,-6,-26,-5,-74,-48,-6,-31,-3,-88,-162
GMED,Globus Medical,52.83,-7,-115,-14,-2,-138,13,-31,-19,12,-25,-163
AKAM,Akamai Technologies,74.47,-37,-5,-25,-7,-74,-55,-4,-25,-10,-94,-168
RGEN,Repligen,112.07,-23,-18,-15,-17,-73,-35,-10,-19,-37,-101,-174
IT,Gartner,243.71,-58,-37,-20,0,-115,-59,-40,-18,57,-60,-175
APA,APA Corporation,18.04,-28,0,-84,-12,-124,-35,-3,4,-19,-53,-177
FDS,FactSet,392.07,-121,-13,-4,0,-138,-54,-9,-2,23,-42,-180
GFS,GlobalFoundries,33.37,-37,-2,-81,0,-120,-37,-6,-1,-17,-61,-181
BAX,Baxter International,22.5,-37,-21,-22,-38,-118,10,-20,-13,-41,-64,-182
CIVI,Civitas Resources,27.88,-28,-4,-54,-6,-92,-35,7,-54,-9,-91,-183
INSP,Inspire Medical Systems,78.49,-14,-57,-22,-6,-99,-29,-11,-27,-17,-84,-183
DXC,DXC Technology,13.24,0,-20,-24,-73,-117,12,-14,-31,-34,-67,-184
ACN,Accenture,247.54,-56,-21,-22,-1,-100,-68,-19,-18,19,-86,-186
SWKS,Skyworks Solutions,67.51,-70,0,-42,-30,-142,-33,-12,6,-5,-44,-186
BRBR,BellRing Brands,38.92,-30,-64,-12,0,-106,-33,-56,-18,27,-80,-186
GDDY,GoDaddy,154.77,-72,-20,-2,22,-72,-75,-44,-18,22,-115,-187
PRGO,Perrigo,23.61,-35,-1,-1,-113,-150,-7,26,-1,-55,-37,-187
CHTR,Charter Communications,262.03,-64,-9,-3,-36,-112,-65,-14,-3,6,-76,-188
AZTA,Azenta,28.38,-34,0,-52,-31,-117,-44,-1,-18,-9,-72,-189
MPW,Medical Properties Trust,4.16,-55,-60,-6,-36,-157,7,-3,-6,-35,-37,-194
DAR,Darling Ingredients,29.86,-70,-5,-5,-20,-100,-61,-11,7,-30,-95,-195
GLOB,Globant,78.75,-34,-56,-25,-7,-122,-38,-4,-25,-7,-74,-196
COLM,Columbia Sportswear,51.8,-51,-103,-20,-6,-180,3,-17,-15,13,-16,-196
FIVN,Five9,25.93,-35,0,-78,-35,-148,7,-4,-16,-40,-53,-201
RNG,RingCentral,30.0,7,1,-25,-41,-58,-62,-13,-25,-45,-145,-203
OLN,Olin Corporation,18.43,-42,-6,-59,-9,-116,-1,-6,-61,-23,-91,-207
UNH,UnitedHealth Group,245.63,-70,-76,-17,-4,-167,8,-17,-30,-1,-40,-207
OLED,Universal Display Corporation,138.92,-76,0,-36,-1,-113,-82,-16,9,-5,-94,-207
EPAM,EPAM Systems,151.46,-38,-6,-25,-27,-96,-47,-12,-16,-37,-112,-208
NOV,NOV Inc.,11.97,-49,-4,-54,-12,-119,-47,17,-45,-15,-90,-209
ENOV,Enovis,25.73,-37,-18,-64,-17,-136,-1,-11,-24,-37,-73,-209
FMC,FMC Corporation,36.69,-49,-4,-39,-24,-116,-62,-7,1,-26,-94,-210
ZBH,Zimmer Biomet,91.16,-45,-1,-64,-17,-127,-1,-2,-63,-18,-84,-211
HUN,Huntsman Corporation,9.25,-70,-10,-44,-15,-139,2,-2,-39,-33,-72,-211
GIS,General Mills,49.3,-1,-84,-40,-4,-129,2,-30,-36,-19,-83,-212
PRMB,Primo Brands,26.43,-47,-46,0,22,-71,-75,-75,-9,18,-141,-212
IFF,International Flavors & Fragrances,66.16,-53,-6,-22,-31,-112,-66,-2,-34,-1,-103,-215
COLD,Americold,16.19,0,-88,-40,-11,-139,9,-30,-40,-15,-76,-215
BRKR,Bruker,30.66,-30,-5,-59,-8,-102,-39,-3,-63,-9,-114,-216
LYB,LyondellBasell,49.55,-56,-4,-43,-5,-108,-42,-2,-57,-7,-108,-216
CZR,Caesars Entertainment,24.87,-52,-5,-25,-25,-107,-44,-6,-34,-37,-121,-228
CAG,Conagra Brands,18.95,0,-78,-31,-7,-116,16,-92,-13,-23,-112,-228
LEG,Leggett & Platt,8.73,-46,0,-131,-30,-207,2,-2,6,-38,-32,-239
SIRI,Sirius XM,20.98,-51,-1,-82,-31,-165,-5,-5,-48,-17,-75,-240
DOW,Dow Inc.,21.3,-70,-10,-42,-1,-123,-42,-10,-57,-8,-117,-240
ADBE,Adobe Inc.,345.62,-37,-21,-35,-6,-99,-60,-37,-39,-5,-141,-240
UPS,United Parcel Service,86.26,-49,-7,-105,-16,-177,10,-15,-33,-34,-72,-249
MAN,ManpowerGroup,38.41,-46,-4,-45,-28,-123,-44,-4,-45,-36,-129,-252
LULU,Lululemon Athletica,196.52,-135,-42,-10,-3,-190,3,-36,-19,-12,-64,-254
MRNA,Moderna,26.71,-49,-1,-54,-4,-108,-52,-2,-54,-39,-147,-255
WU,Western Union,8.05,-48,-85,-22,-46,-201,8,-2,-57,-5,-56,-257
SRPT,Sarepta Therapeutics,16.24,0,-142,-28,-7,-177,9,-36,-49,-6,-82,-259
DJT,Trump Media & Technology Group,16.23,-60,-47,-55,0,-162,-74,-3,-23,-9,-109,-271
CNC,Centene,25.19,-70,-53,-43,-11,-177,-9,-51,-12,-28,-100,-277
MOH,Molina Healthcare,152.23,-171,-52,-12,-2,-237,-37,-17,-8,-8,-70,-307
TFX,Teleflex,112.07,-9,-129,-41,-39,-218,-54,3,-37,-10,-98,-316
XRAY,Dentsply Sirona,13.66,-48,-5,-80,-42,-175,-59,-2,-67,-40,-168,-343
WOLF,Wolfspeed,1.43,-49,0,-133,-30,-212,-3,-13,-99,-37,-152,-364
RHI,Robert Half,34.66,-70,-134,-28,-9,-241,-68,-11,-26,-32,-137,-378
ENPH,Enphase Energy,30.11,-77,-144,-45,-20,-286,-70,-9,-52,-24,-155,-441
