Symbol,Name,Close,1H Cloud Score,1D Cloud Score,1W Cloud Score,1M Cloud Score,Cloud Score Sum,1H TKx Score,1D TKx Score,1W TKx Score,1M TKx Score,TKx Score Sum,Total Score Sum
TJX,TJX Companies,128.79,14,2,147,198,361,12,6,116,193,327,688
ORLY,O'Reilly Auto Parts,102.24,84,13,162,199,458,12,19,53,89,173,631
COOP,Mr. Cooper Group,189.45,21,59,118,58,256,19,58,116,56,249,505
RSG,Republic Services,232.09,-35,-5,123,177,260,2,-30,92,160,224,484
ICE,Intercontinental Exchange,187.41,17,65,111,161,354,12,66,21,21,120,474
CASY,Casey's,515.07,-6,39,112,87,232,-5,39,116,78,228,460
HWM,Howmet Aerospace,179.3,-13,72,147,29,235,3,72,91,57,223,458
NRG,NRG Energy,171.88,75,13,102,94,284,36,5,112,21,174,458
WM,"Waste Management, Inc.",229.8,-16,-1,94,187,264,2,6,26,159,193,457
SO,Southern Company,94.36,-6,32,75,190,291,16,48,22,79,165,456
WELL,Welltower,169.6,42,56,115,58,271,12,17,132,24,185,456
NDAQ,"Nasdaq, Inc.",96.33,63,65,75,144,347,12,72,9,14,107,454
MSI,Motorola Solutions,434.06,0,14,0,153,167,97,24,-26,185,280,447
JPM,JPMorgan Chase,291.35,-21,61,122,158,320,1,72,9,26,108,428
PLTR,Palantir Technologies,173.3,14,72,115,0,201,12,74,118,20,224,425
HEI,HEICO (Common),313.01,-6,66,24,189,273,12,64,15,57,148,421
CBOE,Cboe Global Markets,248.64,21,55,143,55,274,23,50,21,51,145,419
ETR,Entergy,90.37,42,17,75,137,271,34,12,88,14,148,419
ROL,"Rollins, Inc.",58.12,19,9,30,286,344,12,1,22,35,70,414
DUK,Duke Energy,124.09,35,15,75,183,308,35,25,21,16,97,405
CDNS,Cadence Design Systems,360.34,0,28,16,141,185,1,27,9,180,217,402
LHX,L3Harris,278.17,170,81,11,5,267,35,74,11,14,134,401
CTAS,Cintas,222.86,0,2,18,167,187,9,5,12,187,213,400
BSX,Boston Scientific,104.83,-7,14,143,144,294,12,27,9,57,105,399
PGR,Progressive Corporation,242.91,-2,-39,104,177,240,7,-35,-2,189,159,399
NFG,National Fuel Gas,86.71,-8,143,59,52,246,-3,74,70,10,151,397
HEI-A,HEICO (Class A),246.06,-6,67,25,182,268,12,65,16,30,123,391
SPGI,S&P Global,562.99,66,59,15,172,312,20,28,7,21,76,388
ORCL,Oracle Corporation,255.68,14,58,10,198,280,6,65,9,27,107,387
OLLI,Ollie's Bargain Outlet,138.43,59,59,114,16,248,12,40,62,23,137,385
RBC,RBC Bearings,403.55,16,63,92,58,229,11,72,13,57,153,382
WRB,W. R. Berkley Corporation,70.06,42,-1,93,176,310,14,-24,23,55,68,378
RBA,RB Global,109.61,14,70,103,27,214,12,19,106,19,156,370
AWI,Armstrong World Industries,190.6,66,66,93,21,246,69,25,9,19,122,368
DTE,DTE Energy,139.56,19,15,73,189,296,21,12,26,13,72,368
MSFT,Microsoft,527.72,-1,66,15,173,253,2,74,9,25,110,363
WMT,Walmart,99.29,63,9,126,101,299,21,4,9,29,63,362
RTX,RTX Corporation,156.32,0,58,76,54,188,12,64,83,14,173,361
ORI,Old Republic International,36.58,9,-16,146,58,197,7,-16,116,55,162,359
ITT,ITT Inc.,166.14,75,65,15,99,254,-2,72,9,26,105,359
LYV,Live Nation Entertainment,150.45,-7,60,93,147,293,8,34,8,16,66,359
MCD,McDonald's,298.77,-1,0,51,242,292,-3,15,-3,57,66,358
HUBB,Hubbell Incorporated,427.78,-21,57,4,182,222,-19,75,5,71,132,354
AZO,AutoZone,4014.59,21,12,93,86,212,13,19,53,57,142,354
PEG,Public Service Enterprise Group,88.14,0,38,2,152,192,96,45,2,17,160,352
PTC,PTC Inc.,214.79,29,58,5,182,274,20,22,6,26,74,348
CME,CME Group,284.61,35,9,53,136,233,26,20,49,19,114,347
YUM,Yum! Brands,139.59,-7,-1,27,259,278,11,-5,-1,57,62,340
ALL,Allstate,205.57,28,4,96,159,287,20,4,10,17,51,338
ARES,Ares Management,187.98,2,59,16,59,136,12,72,9,106,199,335
DASH,DoorDash,255.28,66,58,96,0,220,14,71,9,18,112,332
AXON,Axon Enterprise,866.99,44,1,144,94,283,8,1,9,30,48,331
MA,Mastercard,566.02,-2,4,125,155,282,1,11,9,26,47,329
NI,NiSource,42.88,42,20,73,45,180,34,12,88,14,148,328
BR,Broadridge Financial Solutions,265.27,7,12,113,145,277,11,6,9,25,51,328
ANSS,Ansys,384.54,94,46,13,10,163,106,25,6,22,159,322
EBAY,eBay,91.26,28,68,76,14,186,21,17,81,16,135,321
GS,Goldman Sachs,721.16,0,59,91,58,208,9,70,9,21,109,317
COST,Costco,943.74,6,-16,0,180,170,-2,-35,-1,184,146,316
AVGO,Broadcom,292.89,0,62,18,116,196,7,74,9,30,120,316
MSA,MSA Safety,179.89,7,61,1,164,233,7,72,9,-5,83,316
AM,Antero Midstream,18.5,28,4,147,23,202,-2,-17,77,55,113,315
NVDA,Nvidia,178.26,0,58,13,134,205,6,66,9,26,107,312
EVRG,Evergy,73.07,41,40,57,14,152,33,40,76,10,159,311
MCO,Moody's Corporation,515.84,14,59,15,156,244,8,26,7,25,66,310
TLN,Talen Energy,384.41,91,71,38,0,200,91,6,10,2,109,309
NET,Cloudflare,207.86,56,59,38,0,153,55,69,9,19,152,305
CW,Curtiss-Wright,511.69,20,67,18,54,159,12,74,9,49,144,303
VST,Vistra Corp.,209.52,35,58,18,30,141,37,71,7,45,160,301
RMD,Resmed,284.99,21,65,16,13,115,93,71,8,13,185,300
ADP,Automatic Data Processing,300.45,-20,-3,84,180,241,-16,6,9,57,56,297
FFIV,"F5, Inc.",318.78,28,58,93,14,193,6,72,9,17,104,297
ATO,Atmos Energy,156.67,0,0,73,45,118,33,15,84,45,177,295
IBKR,Interactive Brokers,63.7,0,59,93,57,209,-6,28,7,57,86,295
BK,BNY Mellon,100.65,0,61,93,40,194,7,65,9,19,100,294
OGE,OGE Energy,45.41,25,15,67,45,152,35,25,67,14,141,293
FIX,Comfort Systems USA,690.82,0,62,16,64,142,12,74,9,55,150,292
APH,Amphenol,108.02,14,72,18,65,169,12,74,9,27,122,291
GLW,Corning Inc.,63.18,104,58,18,17,197,7,65,7,14,93,290
ETN,Eaton Corporation,356.45,-7,59,7,114,173,-35,72,7,72,116,289
SGI,Somnigroup International,74.56,5,59,40,64,168,12,72,9,26,119,287
GOOGL,Alphabet (Class A),194.67,1,48,7,176,232,7,22,4,21,54,286
INTU,Intuit,769.27,-7,72,16,191,272,-22,6,9,20,13,285
KLAC,KLA Corporation,883.03,-7,59,13,177,242,12,-4,9,26,43,285
GOOG,Alphabet (Class C),195.32,1,48,6,176,231,7,22,3,21,53,284
CAT,Caterpillar Inc.,433.96,14,58,7,64,143,11,65,7,57,140,283
ALLE,Allegion,165.2,98,71,8,21,198,26,27,9,22,84,282
KR,Kroger,71.77,15,32,78,67,192,21,4,49,15,89,281
USFD,US Foods,82.42,-7,62,142,35,232,-7,21,9,26,49,281
L,Loews Corporation,93.26,14,59,111,55,239,12,-3,9,24,42,281
NOC,Northrop Grumman,589.97,77,26,9,58,170,35,46,16,12,109,279
MS,Morgan Stanley,140.47,-21,59,75,64,177,6,70,9,16,101,278
SNPS,Synopsys,628.46,0,46,6,180,232,5,38,7,-5,45,277
TPR,"Tapestry, Inc.",111.54,14,59,79,21,173,12,65,7,19,103,276
VMI,Valmont Industries,366.94,14,49,61,58,182,9,69,6,10,94,276
AME,Ametek,184.94,28,4,3,106,141,21,4,9,101,135,276
PWR,Quanta Services,389.13,-21,66,16,99,160,-40,74,9,72,115,275
FE,FirstEnergy,43.51,133,12,5,55,205,33,13,9,14,69,274
EME,Emcor,625.03,0,59,16,58,133,2,74,7,57,140,273
JBL,Jabil,219.6,-18,62,18,65,127,7,72,10,57,146,273
ITW,Illinois Tool Works,256.04,0,30,1,178,209,7,22,6,29,64,273
TT,Trane Technologies,428.75,-35,67,15,164,211,-5,27,9,29,60,271
RJF,Raymond James Financial,166.63,0,58,91,58,207,6,30,6,19,61,268
NWS,News Corp (Class B),33.55,-1,62,111,58,230,12,-5,9,21,37,267
AAPL,Apple Inc.,202.93,-38,26,-2,251,237,-44,26,-24,71,29,266
AAON,AAON,83.38,11,0,-12,245,244,7,8,-24,31,22,266
VICI,Vici Properties,33.52,16,40,57,15,128,19,40,22,57,138,266
MPWR,Monolithic Power Systems,802.78,21,59,2,157,239,15,3,9,-2,25,264
LNG,Cheniere Energy,239.63,29,4,59,58,150,56,-12,9,56,109,259
RL,Ralph Lauren Corporation,299.28,0,61,93,34,188,12,22,9,26,69,257
TRV,Travelers Companies (The),265.31,14,0,90,58,162,10,6,23,56,95,257
GD,General Dynamics,313.66,2,81,7,54,144,10,36,9,57,112,256
TDG,TransDigm Group,1417.22,-7,0,18,157,168,-7,29,9,57,88,256
RPM,RPM International,119.98,2,10,-2,180,190,11,19,6,30,66,256
CHD,Church & Dwight,91.15,-40,-7,-15,344,282,-29,-9,-13,25,-26,256
HIG,Hartford (The),127.56,14,1,93,57,165,8,5,20,56,89,254
SSD,Simpson Manufacturing Company,182.51,55,11,0,156,222,4,24,5,-1,32,254
COR,Cencora,292.18,14,0,43,71,128,15,-10,54,67,126,254
SCHW,Charles Schwab Corporation,96.46,-8,72,76,11,151,7,72,9,14,102,253
HOOD,Robinhood Markets,105.43,1,61,80,0,142,11,72,9,18,110,252
TSCO,Tractor Supply Company,59.77,0,25,6,85,116,12,35,3,85,135,251
LPLA,LPL Financial,374.09,-21,60,44,99,182,-19,21,9,57,68,250
LIN,Linde plc,469.83,2,2,12,110,126,12,-3,9,106,124,250
FERG,Ferguson Enterprises,226.05,1,61,10,65,137,7,72,9,25,113,250
ALNY,Alnylam Pharmaceuticals,418.84,40,58,16,15,129,31,66,9,15,121,250
INFA,Informatica,24.7,105,50,-41,0,114,63,72,7,-7,135,249
AEP,American Electric Power,113.24,36,23,72,23,154,34,25,22,14,95,249
JCI,Johnson Controls,104.85,-7,67,74,19,153,-4,72,9,18,95,248
CNP,Centerpoint Energy,38.9,41,13,48,45,147,32,12,42,15,101,248
TMUS,T-Mobile US,238.84,-6,0,93,139,226,-21,11,-7,35,18,244
AON,AON,361.59,0,2,1,177,180,8,14,-14,56,64,244
LECO,Lincoln Electric,245.58,28,58,6,65,157,21,65,7,-7,86,243
MO,Altria,62.51,38,12,69,45,164,33,5,25,16,79,243
AMD,Advanced Micro Devices,174.38,0,58,2,110,170,6,65,9,-7,73,243
NVT,Nvent Electric,89.69,70,59,7,12,148,20,72,7,-5,94,242
BWXT,BWX Technologies,181.98,75,57,12,35,179,12,10,9,31,62,241
SHW,Sherwin-Williams,352.04,20,2,0,190,212,12,-11,9,19,29,241
WCC,Wesco International,206.81,-23,58,6,58,99,5,72,7,57,141,240
WDC,Western Digital,75.81,72,59,11,18,160,-2,70,9,3,80,240
WSM,"Williams-Sonoma, Inc.",202.55,83,25,7,65,180,11,27,1,21,60,240
J,Jacobs Solutions,145.22,6,57,5,106,174,-33,72,6,19,64,238
HD,Home Depot (The),385.29,14,11,0,180,205,12,24,-23,19,32,237
V,Visa Inc.,337.3,-30,-3,136,133,236,-33,-3,9,26,-1,235
ACM,AECOM,119.0,7,65,15,65,152,7,-5,9,72,83,235
LRCX,Lam Research,96.66,2,59,8,152,221,12,-3,9,-5,13,234
FRHC,Freedom Holding,188.7,48,14,53,14,129,51,15,9,30,105,234
LLY,Lilly (Eli),765.71,-42,-6,-2,172,122,13,9,-6,96,112,234
VNT,Vontier,41.2,94,59,4,0,157,7,66,7,-5,75,232
AEE,Ameren,102.0,28,15,55,13,111,34,17,60,10,121,232
VIRT,Virtu Financial,42.88,-2,73,75,14,160,-9,-4,70,14,71,231
KO,Coca-Cola Company (The),69.04,0,-11,27,182,198,13,-16,22,14,33,231
SRE,Sempra,82.38,4,14,0,181,199,12,14,7,-1,32,231
SPOT,Spotify,647.08,-3,-1,111,12,119,14,-16,94,20,112,231
XEL,Xcel Energy,73.72,28,15,50,12,105,34,24,58,9,125,230
SSNC,SS&C Technologies,85.93,4,35,89,14,142,7,60,6,15,88,230
BYD,Boyd Gaming,83.25,-21,59,47,59,144,-22,72,9,27,86,230
URI,United Rentals,867.28,0,59,6,64,129,7,30,7,57,101,230
PPL,PPL Corporation,35.78,-7,17,75,23,108,8,12,87,14,121,229
PAYX,Paychex,139.2,-22,-5,83,167,223,-28,7,12,14,5,228
WEC,WEC Energy Group,110.0,22,15,54,13,104,33,13,67,11,124,228
CBRE,CBRE Group,156.42,5,43,91,22,161,5,39,7,14,65,226
TRMB,Trimble Inc.,82.76,-7,59,78,4,134,8,64,7,12,91,225
T,AT&T,27.77,7,3,69,16,95,18,1,93,15,127,222
EVR,Evercore,299.3,-8,58,6,58,114,3,72,7,26,108,222
EHC,Encompass Health,113.83,8,0,142,29,179,7,-16,23,29,43,222
WWD,"Woodward, Inc.",253.13,-6,68,18,35,115,2,70,9,26,107,222
PLNT,Planet Fitness,109.36,-6,55,62,13,124,7,66,9,14,96,220
AMGN,Amgen,300.29,-30,24,6,165,165,9,22,-13,36,54,219
PFGC,Performance Food Group,98.16,-7,62,52,43,150,-19,20,9,57,67,217
SCI,Service Corporation International,78.76,14,0,0,175,189,20,-12,7,13,28,217
IDA,Idacorp,125.3,27,28,55,18,128,33,20,25,10,88,216
GE,GE Aerospace,272.1,2,70,18,27,117,12,28,29,29,98,215
CACI,CACI,471.54,2,42,0,154,198,12,-7,13,-1,17,215
CMS,CMS Energy,74.18,26,6,75,23,130,33,17,21,14,85,215
FAST,Fastenal,45.44,-27,81,48,96,198,-46,25,13,23,15,213
UGI,UGI Corporation,36.35,0,73,41,4,118,28,14,48,5,95,213
CAH,Cardinal Health,158.21,13,0,54,38,105,13,-11,47,57,106,211
STE,Steris,223.91,-5,-4,13,195,199,-4,-31,21,25,11,210
APP,AppLovin,377.92,51,4,104,0,159,21,12,-1,18,50,209
UNM,Unum,70.02,-35,-5,184,40,184,-33,-5,9,54,25,209
NEM,Newmont,67.22,14,83,18,5,120,14,45,18,10,87,207
CVNA,Carvana,350.83,-2,71,91,11,171,-13,24,9,16,36,207
WMB,Williams Companies,59.0,0,-1,111,52,162,-5,-17,9,57,44,206
SF,Stifel,112.21,-1,49,7,59,114,2,64,6,20,92,206
BLK,BlackRock,1109.44,0,58,16,22,96,7,72,9,21,109,205
VTR,"Ventas, Inc.",68.73,28,15,71,22,136,34,17,3,15,69,205
ALAB,Astera Labs,135.57,93,57,0,0,150,31,19,4,0,54,204
R,Ryder,177.38,0,44,9,56,109,1,30,6,56,93,202
RBLX,Roblox Corporation,127.07,-2,71,52,0,121,-18,72,15,11,80,201
ABBV,AbbVie,198.51,21,11,15,58,105,13,18,1,64,96,201
AXS,AXIS Capital,94.31,-35,-5,85,45,90,8,-31,81,53,111,201
LOW,Lowe's,237.49,14,11,-19,166,172,12,23,-26,19,28,200
SEIC,SEI Investments Company,87.8,-30,65,91,35,161,7,-4,9,26,38,199
FYBR,Frontier Communications,36.59,-2,20,88,0,106,-13,-1,93,14,93,199
WPC,W. P. Carey,66.11,22,56,28,2,108,13,48,25,5,91,199
PH,Parker Hannifin,713.96,-21,60,16,65,120,-32,72,9,30,79,199
TTEK,Tetra Tech,37.35,-27,57,-28,119,121,2,72,5,-1,78,199
APPF,AppFolio,313.76,28,44,4,28,104,27,36,4,28,95,199
HLI,Houlihan Lokey,192.4,0,61,16,44,121,12,30,9,26,77,198
CSL,Carlisle Companies,361.29,-28,-4,-2,178,144,2,23,9,20,54,198
GILD,Gilead Sciences,112.49,-1,53,50,35,137,-5,20,7,39,61,198
PM,Philip Morris International,164.11,0,-9,69,55,115,-9,-21,84,27,81,196
HCA,HCA Healthcare,363.69,29,0,2,97,128,39,-15,15,29,68,196
RPRX,Royalty Pharma,37.9,63,62,31,0,156,12,41,25,-38,40,196
DGX,Quest Diagnostics,173.35,1,0,67,18,86,30,-1,67,14,110,196
MCK,McKesson Corporation,709.11,-6,0,41,58,93,11,-12,37,67,103,196
MTZ,MasTec,177.8,-6,65,18,18,95,6,72,9,13,100,195
CLH,Clean Harbors,241.97,9,11,1,58,79,26,24,9,57,116,195
NEU,NewMarket,708.38,5,81,18,29,133,18,-4,21,27,62,195
XYL,Xylem Inc.,143.61,28,59,7,22,116,20,28,9,22,79,195
DHI,D. R. Horton,154.9,21,32,0,65,118,40,36,3,-2,77,195
KKR,KKR & Co. Inc.,142.59,-25,48,0,103,126,1,41,5,21,68,194
CSGP,CoStar Group,96.56,76,41,5,14,136,8,36,22,-9,57,193
MP,MP Materials,68.38,21,42,31,0,94,12,39,44,4,99,193
DE,Deere & Company,508.71,-3,0,48,109,154,-14,-2,44,10,38,192
MNST,Monster Beverage,59.04,-7,-4,25,180,194,4,-29,18,4,-3,191
MMC,Marsh McLennan,200.5,-81,-40,-2,175,52,6,-35,-10,178,139,191
ANET,Arista Networks,118.21,0,44,6,58,108,-18,40,5,56,83,191
ED,Consolidated Edison,104.25,29,0,27,47,103,35,11,-3,45,88,191
AJG,Arthur J. Gallagher & Co.,285.81,-46,-29,0,186,111,9,-35,-1,107,80,191
GRMN,Garmin,228.35,-30,32,111,19,132,8,25,5,21,59,191
TOST,"Toast, Inc.",47.65,-1,60,76,0,135,9,19,9,17,54,189
FLUT,Flutter Entertainment,304.5,0,41,18,21,80,1,74,7,27,109,189
CNM,Core & Main,64.05,-1,61,18,0,78,5,72,9,24,110,188
GNRC,Generac,197.35,35,43,2,-34,46,65,61,6,10,142,188
QGEN,Qiagen,49.94,0,56,11,3,70,4,97,9,5,115,185
CEG,Constellation Energy,343.41,43,59,15,0,117,12,27,9,19,67,184
EMR,Emerson Electric,140.55,-21,59,15,64,117,-33,65,9,26,67,184
FTI,TechnipFMC,35.47,0,59,16,27,102,-28,63,9,37,81,183
HAS,Hasbro,76.95,10,59,13,3,85,8,70,9,11,98,183
TDY,Teledyne Technologies,552.18,0,58,51,14,123,8,28,9,15,60,183
LNT,Alliant Energy,66.07,23,19,67,14,123,19,19,9,13,60,183
UNP,Union Pacific Corporation,222.97,-28,0,-4,198,166,5,-10,2,19,16,182
KMI,Kinder Morgan,28.03,3,6,91,44,144,-4,-17,7,52,38,182
SEB,Seaboard Corporation,3472.67,77,33,4,-23,91,68,45,7,-29,91,182
SNX,TD Synnex,141.36,-22,59,14,63,114,-26,65,7,21,67,181
EXC,Exelon,44.7,41,4,54,14,113,35,24,-1,10,68,181
DDS,Dillard's,463.06,-26,41,13,54,82,11,27,6,55,99,181
OSK,Oshkosh Corporation,139.55,16,58,10,4,88,20,63,7,2,92,180
BPOP,"Popular, Inc.",115.35,0,66,16,59,141,12,-1,9,19,39,180
AMAT,Applied Materials,179.09,-28,59,-2,149,178,3,-4,7,-5,1,179
FLEX,Flex Ltd.,50.51,-28,59,17,58,106,8,-1,9,57,73,179
ROP,Roper Technologies,537.93,-23,-3,-1,182,155,-26,-20,43,26,23,178
PHM,PulteGroup,121.04,14,32,-22,65,89,19,36,5,29,89,178
MKL,Markel,1938.87,-21,0,67,55,101,-30,72,7,26,75,176
ADT,ADT Inc.,8.41,0,79,30,0,109,11,23,24,8,66,175
CINF,Cincinnati Financial,150.53,-23,2,84,62,125,7,19,9,15,50,175
APG,APi Group,34.63,-2,66,17,0,81,-13,72,9,26,94,175
OMF,OneMain Financial,56.22,-30,59,16,60,105,-35,70,9,26,70,175
PNW,Pinnacle West Capital,92.43,14,4,67,18,103,25,-1,21,26,71,174
MDU,MDU Resources,17.7,14,14,1,58,87,29,19,9,30,87,174
RITM,Rithm Capital,12.27,-1,59,16,32,106,6,26,9,26,67,173
AU,AngloGold Ashanti,56.49,14,3,75,18,110,14,12,23,14,63,173
META,Meta Platforms,763.37,28,59,16,29,132,21,-10,7,23,41,173
SYF,Synchrony Financial,69.99,-25,59,16,21,71,5,72,7,18,102,173
CR,Crane Co.,195.46,0,66,15,0,81,9,68,9,5,91,172
TOL,Toll Brothers,127.15,12,43,-22,61,94,13,36,3,26,78,172
LDOS,Leidos,172.86,7,71,1,23,102,11,28,12,19,70,172
APO,Apollo Global Management,145.55,-1,41,0,97,137,7,-3,5,26,35,172
AMG,Affiliated Managers Group,212.66,0,65,10,22,97,12,36,9,17,74,171
CMI,Cummins,373.35,7,31,4,65,107,7,22,5,30,64,171
COHR,Coherent Corp.,105.61,0,58,5,15,78,6,65,6,15,92,170
MTSI,MACOM Technology Solutions,137.26,-7,59,15,58,125,12,-3,7,29,45,170
PNR,Pentair,104.24,7,59,8,62,136,10,-7,7,24,34,170
THG,Hanover Insurance,171.23,28,2,60,24,114,-15,4,52,14,55,169
VMC,Vulcan Materials,283.08,17,11,5,60,93,19,19,9,27,74,167
LITE,Lumentum,108.16,0,57,13,3,73,12,65,7,10,94,167
DLTR,Dollar Tree,115.68,11,76,5,-15,77,12,75,24,-22,89,166
BX,Blackstone Inc.,167.66,-24,30,3,142,151,-38,28,4,21,15,166
WFC,Wells Fargo,77.97,-28,59,91,29,151,-45,29,9,19,12,163
VLTO,Veralto,106.56,63,59,1,0,123,9,22,8,0,39,162
WBA,Walgreens Boots Alliance,11.69,63,59,0,-77,45,73,74,5,-35,117,162
MLM,Martin Marietta Materials,607.5,14,14,5,60,93,14,19,9,27,69,162
IBM,IBM,250.76,-65,-4,108,54,93,-30,-12,55,56,69,162
DRI,Darden Restaurants,204.26,-3,-4,43,61,97,10,-23,47,30,64,161
AMED,Amedisys,99.29,35,76,11,-40,82,6,39,24,10,79,161
CCL,Carnival Corporation & plc,29.27,-7,58,16,0,67,2,66,7,19,94,161
ULTA,Ulta Beauty,510.17,0,69,11,4,84,1,72,11,-9,75,159
ADI,Analog Devices,220.64,-28,0,10,179,161,-28,-10,9,26,-3,158
HAYW,Hayward Holdings,15.59,74,30,1,0,105,8,22,7,16,53,158
SYK,Stryker Corporation,380.95,-22,0,16,159,153,-30,-1,7,29,5,158
PPC,Pilgrim's Pride,48.95,18,0,85,21,124,12,6,-3,18,33,157
VRT,Vertiv,138.79,0,58,8,8,74,-21,72,6,26,83,157
RLI,RLI Corp.,67.18,0,-43,-9,176,124,10,-36,-28,87,33,157
GEV,GE Vernova,649.71,0,71,0,0,71,2,74,10,0,86,157
AYI,Acuity Brands,311.44,0,35,3,27,65,2,64,5,20,91,156
D,Dominion Energy,61.04,22,57,13,1,93,19,25,9,10,63,156
AZEK,Azek,54.32,17,52,15,0,84,33,14,7,18,72,156
LAMR,Lamar Advertising,125.6,4,49,6,64,123,7,-3,7,21,32,155
SLM,Sallie Mae,31.8,-23,0,89,22,88,12,-9,43,21,67,155
EXPD,Expeditors International,116.29,14,4,-5,131,144,19,-10,5,-3,11,155
NWSA,News Corp (Class A),29.25,-7,59,8,58,118,12,-5,9,21,37,155
DELL,Dell Technologies,130.47,0,59,5,32,96,-19,72,9,-4,58,154
OHI,Omega Healthcare Investors,40.01,24,18,5,40,87,21,10,4,31,66,153
RCL,Royal Caribbean Group,311.26,-42,59,120,28,165,-47,-1,9,27,-12,153
ZG,Zillow (Class A),79.25,14,32,53,0,99,10,22,2,20,54,153
PAG,Penske Automotive Group,176.92,7,1,14,62,84,12,-10,9,57,68,152
CSCO,Cisco,67.53,-6,59,47,14,114,7,-3,9,25,38,152
NSC,Norfolk Southern,279.86,-21,58,10,4,51,5,72,9,14,100,151
GTES,Gates Corporation,24.22,-12,59,16,15,78,-21,67,9,18,73,151
NVR,"NVR, Inc.",7928.99,12,28,-22,65,83,13,24,2,29,68,151
LLYVA,Liberty Live (Series A),83.27,2,72,29,0,103,6,33,9,0,48,151
VIK,Viking Holdings,58.19,0,59,0,0,59,8,74,9,0,91,150
RGLD,Royal Gold,160.18,14,-22,60,18,70,24,-27,67,16,80,150
LOPE,Grand Canyon Education,167.63,-1,-22,146,35,158,-2,-39,-1,34,-8,150
CRH,CRH plc,97.95,2,13,6,64,85,12,22,3,27,64,149
COF,Capital One,212.03,-62,65,93,21,117,6,-1,9,18,32,149
GGG,Graco Inc.,83.88,-63,0,-3,178,112,7,-9,9,29,36,148
JEF,Jefferies Financial Group,57.69,0,35,-19,58,74,4,35,-22,57,74,148
SYY,Sysco,79.23,16,46,6,3,71,-3,59,6,14,76,147
PCAR,Paccar,98.18,0,11,-21,159,149,-45,22,-13,34,-2,147
PSTG,Pure Storage,55.97,-21,58,-2,42,77,-19,26,5,57,69,146
WSO,Watsco,427.81,-42,-3,-2,196,149,-46,-1,-27,71,-3,146
DCI,Donaldson Company,72.42,5,11,1,65,82,7,18,9,30,64,146
AGNC,AGNC Investment,9.6,2,44,10,16,72,7,42,7,17,73,145
DTM,DT Midstream,103.32,28,0,102,0,130,-2,-17,9,25,15,145
AIZ,Assurant,189.08,14,-24,-5,152,137,20,-26,-5,19,8,145
MTG,MGIC Investment Corporation,26.93,28,0,18,55,101,20,-14,9,28,43,144
EXPE,Expedia Group,181.8,0,32,48,11,91,12,22,5,14,53,144
LLYVK,Liberty Live (Series C),85.79,0,65,29,0,94,6,35,9,0,50,144
BLD,TopBuild,408.21,13,33,1,46,93,13,36,5,-3,51,144
CG,Carlyle Group (The),60.07,-24,50,7,21,54,4,61,6,18,89,143
CSX,CSX Corporation,35.65,9,58,1,4,72,5,62,9,-6,70,142
HON,Honeywell,221.08,-63,0,1,178,116,1,-6,9,22,26,142
CWEN-A,Clearway Energy (Class A),29.82,-2,57,57,6,118,-5,-3,21,10,23,141
GWRE,Guidewire Software,223.02,-7,0,109,21,123,12,-23,9,20,18,141
TW,Tradeweb,140.55,-7,0,108,0,101,2,5,9,23,39,140
BRX,Brixmor Property Group,26.38,0,41,0,55,96,3,6,9,26,44,140
PRI,Primerica,264.12,-1,0,0,108,107,7,-11,7,30,33,140
INCY,Incyte,77.75,70,45,2,0,117,9,9,5,-1,22,139
CWEN,Clearway Energy (Class C),31.6,-2,57,57,4,116,-5,-3,21,10,23,139
STT,State Street Corporation,110.03,-20,61,16,16,73,-22,66,8,14,66,139
LNC,Lincoln Financial,38.77,28,28,17,1,74,20,28,7,8,63,137
BWA,BorgWarner,37.86,28,61,7,2,98,20,25,9,-16,38,136
TNL,Travel + Leisure Co.,59.32,-25,49,8,16,48,2,65,6,14,87,135
VEEV,Veeva Systems,281.46,-22,62,44,8,92,6,9,9,18,42,134
NLY,Annaly Capital Management,20.79,5,41,17,10,73,10,27,7,16,60,133
CELH,Celsius Holdings,42.72,-21,98,0,65,142,-24,7,17,-9,-9,133
ATI,ATI Inc.,74.43,-28,0,15,43,30,-31,72,9,52,102,132
CXT,Crane NXT,57.32,-21,49,-4,55,79,-25,17,5,56,53,132
FTAI,FTAI Aviation,139.04,35,5,2,47,89,2,5,5,31,43,132
Z,Zillow (Class C),82.46,14,32,10,0,56,12,41,3,20,76,132
IONS,Ionis Pharmaceuticals,43.04,-3,62,3,0,62,2,68,9,-10,69,131
KRC,Kilroy Realty,37.81,2,49,5,0,56,7,52,5,11,75,131
CMA,Comerica,67.59,0,33,6,4,43,6,64,6,12,88,131
KNSL,Kinsale Capital Group,444.4,-47,-6,-2,33,-22,9,53,6,85,153,131
AMTM,Amentum,25.32,4,71,0,0,75,11,36,9,0,56,131
TXT,Textron,78.22,-61,59,-3,53,48,9,69,9,-5,82,130
HII,Huntington Ingalls Industries,271.19,-2,98,7,6,109,-15,29,15,-9,20,129
CIEN,Ciena,91.49,0,59,8,12,79,5,22,7,16,50,129
ROK,Rockwell Automation,346.01,-27,62,14,15,64,2,64,9,-11,64,128
SPG,Simon Property Group,169.26,4,28,1,35,68,4,27,7,21,59,127
GLPI,Gaming and Leisure Properties,46.53,6,0,0,65,71,14,-8,-7,57,56,127
SMCI,Supermicro,57.31,0,35,0,58,93,-19,58,4,-9,34,127
JHG,Janus Henderson,42.99,0,44,5,19,68,6,28,6,18,58,126
KEX,Kirby Corporation,102.19,-28,-4,-2,35,1,2,72,9,42,125,126
WTW,Willis Towers Watson,324.59,28,4,7,24,63,28,18,-14,29,61,124
BKNG,Booking Holdings,5457.86,-57,0,135,35,113,-21,-4,9,26,10,123
LH,Labcorp,263.44,5,9,54,15,83,12,3,7,18,40,123
ADC,Agree Realty,74.27,19,0,62,16,97,13,4,-4,13,26,123
BEPC,Brookfield Renewable Partners,34.31,-21,60,9,0,48,-16,71,9,10,74,122
MEDP,Medpace,436.57,0,33,3,32,68,5,43,3,2,53,121
FWONA,Liberty Formula 1 (Series A),87.97,-45,0,68,62,85,-21,-7,8,56,36,121
HLT,Hilton Worldwide,260.11,-27,59,15,64,111,-21,-2,7,26,10,121
RF,Regions Financial Corporation,25.17,-21,58,6,22,65,-31,65,7,14,55,120
VRTX,Vertex Pharmaceuticals,374.91,-7,-1,-1,104,95,-7,-1,-5,37,24,119
NXST,Nexstar Media Group,187.24,0,58,8,4,70,8,25,6,10,49,119
ACGL,Arch Capital Group,88.65,14,-16,-7,62,53,14,-8,9,51,66,119
TTWO,Take-Two Interactive,225.82,0,0,44,13,57,12,-14,44,20,62,119
NFLX,Netflix,1147.87,-91,0,115,20,44,-19,-13,86,20,74,118
SFD,Smithfield Foods,25.2,42,54,0,0,96,14,5,3,0,22,118
CFG,Citizens Financial Group,47.31,-27,47,7,4,31,3,64,6,14,87,118
AGCO,AGCO,113.63,28,61,6,2,97,-3,27,10,-13,21,118
LMT,Lockheed Martin,428.23,0,-11,-28,165,126,19,-22,-3,-2,-8,118
COKE,Coca-Cola Consolidated,112.14,-30,0,0,85,55,2,23,-14,52,63,118
UI,Ubiquiti,436.18,-27,31,51,10,65,11,23,9,10,53,118
IDXX,Idexx Laboratories,641.93,14,66,13,4,97,12,6,9,-8,19,116
K,Kellanova,79.77,-3,0,68,21,86,12,11,-6,13,30,116
DKS,Dick's Sporting Goods,212.24,-21,25,0,63,67,5,31,-20,33,49,116
C,Citigroup,91.51,-21,59,18,18,74,-50,69,9,14,42,116
MMM,3M,150.19,2,2,73,14,91,6,-4,9,14,25,116
HPE,Hewlett Packard Enterprise,19.88,-22,55,0,42,75,-19,-1,6,54,40,115
SPR,Spirit AeroSystems,39.32,-41,73,17,0,49,3,20,29,14,66,115
NCLH,Norwegian Cruise Line Holdings,25.0,0,30,2,0,32,1,60,2,20,83,115
CHRW,C.H. Robinson,116.28,28,27,2,4,61,20,20,5,8,53,114
UTHR,United Therapeutics,304.81,7,1,-9,57,56,13,14,-28,59,58,114
PINS,Pinterest,38.89,0,44,4,0,48,6,60,5,-5,66,114
MAS,Masco,69.96,19,25,-19,65,90,8,25,-31,21,23,113
FTNT,Fortinet,96.2,-35,-3,53,113,128,-33,-5,9,13,-16,112
LFUS,Littelfuse,251.67,0,59,2,2,63,-14,64,7,-8,49,112
JLL,Jones Lang LaSalle,272.95,0,33,3,14,50,6,38,3,14,61,111
CPNG,Coupang,29.93,0,65,16,0,81,7,-3,9,17,30,111
FSLR,First Solar,186.84,21,24,-38,62,69,15,24,9,-6,42,111
ABT,Abbott Laboratories,130.73,42,-4,55,13,106,12,-20,-3,14,3,109
MANH,Manhattan Associates,215.93,-23,53,-28,65,67,-22,35,2,27,42,109
FAF,First American Financial Corporation,62.62,68,8,1,14,91,12,5,-18,18,17,108
AXP,American Express,296.77,-35,0,16,99,80,6,-7,7,21,27,107
SOFI,SoFi,21.55,-16,51,45,0,80,-33,42,7,11,27,107
REG,Regency Centers,73.82,8,2,4,53,67,6,5,9,19,39,106
AMZN,Amazon,213.81,-21,49,0,21,49,-33,64,6,20,57,106
DINO,HF Sinclair,43.76,-27,61,0,0,34,5,66,9,-8,72,106
LPX,Louisiana-Pacific,94.92,20,6,0,63,89,12,1,-23,26,16,105
BJ,BJ's Wholesale Club,106.56,31,-26,77,10,92,-2,-42,-1,58,13,105
PEGA,Pegasystems,57.09,0,71,18,5,94,-22,10,7,15,10,104
AFRM,Affirm Holdings,74.86,14,41,11,0,66,12,2,7,17,38,104
FNF,Fidelity National Financial,58.09,14,0,1,58,73,12,8,-10,21,31,104
TPG,TPG Inc.,57.29,0,42,0,0,42,7,33,3,19,62,104
THC,Tenet Healthcare,160.2,0,0,13,57,70,5,-2,7,24,34,104
VRSN,Verisign,268.16,-41,0,35,9,3,5,38,51,7,101,104
BKR,Baker Hughes,43.82,0,13,3,35,51,-35,58,3,26,52,103
ZBRA,Zebra Technologies,302.59,-7,45,-1,-7,30,-7,64,3,13,73,103
KIM,Kimco Realty,21.27,-25,2,0,55,32,-22,72,7,14,71,103
JNJ,Johnson & Johnson,170.74,17,25,7,7,56,13,23,4,6,46,102
RDDT,Reddit,199.07,35,34,0,0,69,28,3,1,0,32,101
LVS,Las Vegas Sands,52.19,0,59,5,2,66,-22,65,6,-14,35,101
TKO,TKO Group Holdings,163.49,-21,0,70,40,89,-33,-15,9,50,11,100
ECG,Everus Construction Group,72.94,0,57,0,0,57,6,31,6,0,43,100
GWW,W. W. Grainger,935.31,-21,-3,-2,94,68,-26,-8,9,57,32,100
SNA,Snap-on,322.09,-31,14,0,59,42,2,-3,2,57,58,100
PKG,Packaging Corporation of America,193.45,-38,27,-2,61,48,1,22,2,26,51,99
ES,Eversource Energy,65.9,-2,62,14,-10,64,7,17,9,2,35,99
TER,Teradyne,106.96,35,30,-28,2,39,2,60,2,-5,59,98
IVZ,Invesco,21.17,0,35,6,2,43,4,31,6,13,54,97
CNA,CNA Financial,46.6,14,0,1,57,72,12,1,-8,20,25,97
NBIX,Neurocrine Biosciences,128.34,-27,50,-4,25,44,-19,69,6,-4,52,96
SMMT,Summit Therapeutics,29.1,14,12,8,14,48,12,23,-7,19,47,95
GL,Globe Life,139.51,0,11,44,14,69,5,10,3,8,26,95
BSY,Bentley Systems,57.03,-22,62,8,0,48,-30,74,9,-6,47,95
AWK,American Water Works,141.48,0,3,25,1,29,19,17,21,8,65,94
AN,AutoNation,195.51,-49,1,16,61,29,5,-7,9,57,64,93
EXEL,Exelixis,37.45,-43,-6,63,14,28,-7,-6,54,24,65,93
MTD,Mettler Toledo,1246.07,0,44,-22,0,22,9,64,3,-5,71,93
FIVE,Five Below,135.79,-25,61,0,-16,20,7,70,10,-15,72,92
MRVL,Marvell Technology,76.65,-9,33,-20,106,110,-21,5,-20,18,-18,92
GM,General Motors,52.58,0,41,6,11,58,-18,33,6,13,34,92
AGO,Assured Guaranty,85.82,9,1,0,56,66,12,-17,9,22,26,92
AIG,American International Group,78.45,0,-17,27,53,63,8,-23,22,21,28,91
FHN,First Horizon Corporation,21.68,-30,59,51,4,84,-40,30,7,10,7,91
APD,Air Products,292.58,-31,30,0,16,15,5,60,1,10,76,91
THO,Thor Industries,94.13,0,43,-25,2,20,7,65,5,-6,71,91
SKX,Skechers,63.05,-16,57,-23,55,73,-15,-1,6,26,16,89
CART,Maplebear Inc.,47.92,0,28,22,0,50,11,22,6,0,39,89
ROST,Ross Stores,141.79,14,2,-12,35,39,12,11,-3,29,49,88
CPRT,Copart,46.54,7,-50,-12,176,121,7,-46,-22,28,-33,88
FWONK,Liberty Formula 1 (Series C),98.31,-45,0,69,57,81,-54,-4,9,56,7,88
ADM,Archer Daniels Midland,57.58,6,60,1,-11,56,6,36,9,-20,31,87
NTRS,Northern Trust,125.84,-1,59,15,11,84,-21,1,9,13,2,86
CVX,Chevron Corporation,152.88,0,21,6,48,75,-27,42,-11,6,10,85
MSGS,Madison Square Garden Sports,202.38,-2,33,-3,21,49,11,-6,2,27,34,83
MRP,Millrose Properties,31.27,2,48,0,0,50,4,26,2,0,32,82
EQH,Equitable Holdings,50.91,-41,0,91,11,61,8,-15,9,19,21,82
AVT,Avnet,51.91,-28,59,0,45,76,2,-4,9,-2,5,81
W,Wayfair,73.71,14,59,3,-41,35,12,65,9,-40,46,81
BEN,Franklin Templeton Investments,25.27,14,62,7,1,84,12,-3,9,-22,-4,80
BLDR,Builders FirstSource,132.96,4,25,-27,65,67,16,31,-31,-3,13,80
PANW,Palo Alto Networks,169.08,-38,-4,0,81,39,-33,8,9,57,41,80
RKT,Rocket Companies,18.03,21,15,3,0,39,19,12,8,1,40,79
DKNG,DraftKings,44.95,-3,35,8,0,40,1,35,-17,20,39,79
FOXA,Fox Corporation (Class A),54.88,-7,0,67,1,61,8,-11,7,14,18,79
BURL,Burlington Stores,279.54,0,22,1,3,26,12,21,2,17,52,78
LAZ,Lazard,51.87,-38,42,1,20,25,4,30,6,13,53,78
WTFC,Wintrust Financial,125.84,-30,59,8,49,86,-33,-1,7,19,-8,78
AMP,Ameriprise Financial,504.8,-25,0,0,64,39,-31,-9,7,71,38,77
FNB,FNB Corporation,15.09,-32,59,0,55,82,-30,-2,8,19,-5,77
ECL,Ecolab,266.45,9,2,15,22,48,6,-6,9,19,28,76
HLNE,Hamilton Lane,156.61,3,1,0,25,29,7,21,-2,21,47,76
BAH,Booz Allen Hamilton,111.45,0,0,-29,101,72,15,21,-31,-1,4,76
PSN,Parsons Corporation,77.03,6,44,-26,0,24,8,43,2,-1,52,76
ESI,Element Solutions,23.58,0,31,-19,57,69,5,-4,6,-1,6,75
WBS,Webster Bank,56.67,-41,59,7,14,39,-55,67,7,17,36,75
EXP,Eagle Materials,225.24,-1,10,-14,57,52,2,22,-28,27,23,75
H,Hyatt Hotels,136.69,-44,42,-2,55,51,-33,-3,5,55,24,75
CGNX,Cognex Corporation,41.87,28,41,0,-31,38,44,27,5,-40,36,74
FOX,Fox Corporation (Class B),50.07,-7,0,66,1,60,8,-10,6,9,13,73
EQT,EQT Corporation,51.71,-18,-3,40,42,61,-18,-20,40,10,12,73
LEN,Lennar (Class A),120.1,16,15,-29,64,66,19,24,-34,-3,6,72
AS,Amer Sports,37.93,-2,59,3,0,60,7,-5,9,0,11,71
GPK,Graphic Packaging,22.25,-30,0,-18,58,10,4,17,-31,71,61,71
BA,Boeing,224.73,-34,72,7,0,45,5,23,9,-11,26,71
STWD,Starwood Property Trust,19.58,-34,2,17,58,43,4,-6,9,21,28,71
AMH,American Homes 4 Rent,35.27,-11,-5,-7,68,45,9,-7,9,15,26,71
RS,"Reliance, Inc.",287.78,-63,-3,0,115,49,-63,-2,9,77,21,70
ARMK,Aramark,39.56,-41,0,14,40,13,-7,-1,9,56,57,70
LEN-B,Lennar (Class B),115.26,15,11,-27,62,61,19,25,-34,-1,9,70
SSB,SouthState Corporation,94.12,-32,30,0,22,20,1,25,3,19,48,68
UBER,Uber,89.46,0,2,17,0,19,12,-6,15,26,47,66
HR,Healthcare Realty Trust,16.95,21,27,1,-39,10,13,33,1,9,56,66
ROKU,"Roku, Inc.",83.65,-21,40,9,-19,9,-16,64,4,4,56,65
VZ,Verizon,42.67,0,11,29,10,50,-2,4,-1,14,15,65
HXL,Hexcel,60.87,-3,31,-28,0,0,10,60,3,-9,64,64
KDP,Keurig Dr Pepper,33.33,-6,0,6,1,1,4,29,17,12,62,63
CB,Chubb Limited,267.63,0,-24,0,58,34,11,-35,-3,56,29,63
NTNX,Nutanix,73.3,-21,0,30,22,31,2,-3,9,24,32,63
HOLX,Hologic,67.85,28,47,-34,0,41,20,7,2,-7,22,63
NYT,New York Times Company,53.63,14,0,1,16,31,14,-13,9,21,31,62
EA,Electronic Arts,161.01,21,5,3,7,36,28,-16,15,-1,26,62
SAIC,SAIC,115.12,6,19,-36,67,56,7,-1,1,-1,6,62
ASTS,AST SpaceMobile,52.6,-30,43,10,0,23,-21,43,9,8,39,62
KEY,Keycorp,17.8,-30,59,7,4,40,2,-1,7,13,21,61
NNN,NNN Reit,41.98,0,3,7,22,32,13,-7,9,14,29,61
TFC,Truist Financial,43.44,-41,33,0,4,-4,4,41,6,14,65,61
F,Ford Motor Company,11.07,0,73,0,-17,56,6,-5,9,-5,5,61
U,Unity Technologies,33.95,0,48,5,0,53,12,22,9,-35,8,61
SN,SharkNinja,115.45,-21,35,7,0,21,6,27,6,1,40,61
UAL,United Airlines Holdings,87.67,-27,32,0,11,16,3,22,3,16,44,60
MSM,MSC Industrial Direct,86.09,-27,59,6,58,96,-33,-3,9,-9,-36,60
ESAB,ESAB,131.99,0,24,7,0,31,-19,22,9,17,29,60
BRO,Brown & Brown,91.67,-46,-68,-2,163,47,9,-14,-9,26,12,59
WTRG,Essential Utilities,37.92,21,0,5,0,26,19,11,-2,5,33,59
TTD,Trade Desk (The),87.71,14,42,-26,4,34,12,19,-26,20,25,59
DECK,Deckers Brands,105.91,-28,-4,-23,93,38,2,6,-19,31,20,58
ROIV,Roivant Sciences,11.63,9,20,1,0,30,8,12,9,-1,28,58
WTM,White Mountains Insurance Group,1779.92,-18,0,-3,59,38,-15,-3,-19,56,19,57
SLGN,Silgan Holdings,46.46,-35,-5,-2,80,38,2,-5,9,13,19,57
MSTR,MicroStrategy,375.32,-70,0,98,19,47,-15,-4,9,20,10,57
WEX,WEX Inc.,170.46,0,41,-42,1,0,3,59,3,-8,57,57
TROW,T. Rowe Price,105.64,2,44,-22,-25,-1,12,28,5,13,58,57
SCCO,Southern Copper,94.55,0,-2,-4,62,56,5,-12,9,-2,0,56
WYNN,Wynn Resorts,107.71,-13,61,7,3,58,-30,27,9,-8,-2,56
MSCI,MSCI,557.66,17,0,0,14,31,8,-11,6,20,23,54
EWBC,East West Bancorp,99.24,-64,59,8,22,25,4,-2,8,19,29,54
KRMN,Karman Holdings,50.41,0,42,0,0,42,12,-2,1,0,11,53
HBAN,Huntington Bancshares,16.19,-30,59,8,21,58,-26,-5,9,16,-6,52
TRU,TransUnion,91.05,-21,48,0,3,30,-26,27,7,14,22,52
FLS,Flowserve,54.21,-21,30,0,27,36,-33,22,2,25,16,52
PRU,Prudential Financial,103.21,-1,0,-12,55,42,2,-14,3,19,10,52
BG,Bunge Global,82.41,35,1,0,0,36,7,4,9,-5,15,51
FITB,Fifth Third Bancorp,41.33,-30,35,0,22,27,4,-3,6,16,23,50
SITE,SiteOne Landscape Supply,138.67,35,26,-25,-9,27,3,25,2,-8,22,49
RRX,Regal Rexnord,145.28,-21,59,-2,3,39,-30,35,6,-1,10,49
FICO,Fair Isaac,1342.5,-28,-21,-5,166,112,-47,-20,-27,31,-63,49
XPO,"XPO, Inc.",120.44,-30,0,-2,61,29,-47,33,6,27,19,48
TYL,Tyler Technologies,609.02,28,4,1,17,50,20,-13,-27,18,-2,48
GXO,GXO Logistics,49.01,-35,59,-2,0,22,-40,65,8,-8,25,47
RBRK,Rubrik,87.56,-4,0,0,0,-4,6,2,43,0,51,47
RNR,RenaissanceRe,240.14,-1,0,-7,35,27,-19,3,7,28,19,46
VKTX,Viking Therapeutics,34.01,11,25,-39,21,18,8,21,4,-6,27,45
MPC,Marathon Petroleum,168.73,-35,61,0,49,75,-27,-4,9,-8,-30,45
IRM,Iron Mountain,95.59,-30,0,0,57,27,-26,-21,9,56,18,45
DAL,Delta Air Lines,52.88,-56,31,-2,19,-8,3,22,1,26,52,44
AFL,Aflac,98.97,-46,-7,0,58,5,7,-16,-7,55,39,44
BAC,Bank of America,45.56,-21,59,16,18,72,-50,-1,9,14,-28,44
CAR,Avis Budget Group,159.07,-35,75,8,-20,28,-44,85,12,-37,16,44
IPGP,IPG Photonics,74.68,-6,58,-2,-44,6,11,65,5,-44,37,43
EXE,Expand Energy,101.03,0,-12,40,0,28,-12,-23,40,10,15,43
QRVO,Qorvo,84.96,-63,59,0,-31,-35,8,67,7,-5,77,42
O,Realty Income,57.23,0,3,9,7,19,9,-8,9,13,23,42
TKR,Timken Company,74.65,-35,44,-2,4,11,-33,63,6,-5,31,42
ADSK,Autodesk,299.05,-7,0,4,14,11,-3,5,9,19,30,41
EL,Estée Lauder Companies (The),90.91,0,49,0,-26,23,-16,62,7,-35,18,41
WING,Wingstop,338.42,0,0,0,38,38,-10,-26,7,31,2,40
XOM,ExxonMobil,107.19,-19,-2,-1,44,22,-27,-13,8,50,18,40
OZK,Bank OZK,48.67,-56,59,16,56,75,-60,-1,7,19,-35,40
PNC,PNC Financial Services,188.98,-48,49,1,14,16,4,-1,6,14,23,39
MTB,M&T Bank,188.01,-60,59,0,22,21,2,-5,7,14,18,39
LII,Lennox International,602.84,-35,26,0,38,29,-45,25,3,27,10,39
NUE,Nucor,139.45,-21,36,0,3,18,-14,37,6,-8,21,39
NOW,ServiceNow,904.89,-37,0,-2,82,43,-30,-4,7,22,-5,38
BRK-B,Berkshire Hathaway,464.32,-30,-44,123,62,111,-39,-56,-4,26,-73,38
DIS,Walt Disney Company (The),118.41,-49,59,14,0,24,6,-4,9,3,14,38
EOG,EOG Resources,117.81,-20,0,-4,45,21,-23,-14,2,51,16,37
SUI,Sun Communities,126.83,28,4,2,-24,10,20,-13,9,11,27,37
RRC,Range Resources,35.25,-21,-10,0,42,11,-18,-21,9,55,25,36
PG,Procter & Gamble,150.53,-34,-36,-5,179,104,-48,-34,-13,26,-69,35
NVST,Envista,20.07,1,44,3,0,48,18,-4,5,-32,-13,35
AMT,American Tower,210.12,-45,-1,15,1,-30,-7,42,19,11,65,35
PFG,Principal Financial Group,76.09,-35,0,-2,55,18,-33,25,6,18,16,34
DOV,Dover Corporation,177.15,-62,0,-2,106,42,-54,22,5,19,-8,34
KMB,Kimberly-Clark,134.24,21,0,1,18,40,13,-36,-10,26,-7,33
OVV,Ovintiv,40.12,-21,41,-4,0,16,-28,44,6,-6,16,32
GPC,Genuine Parts Company,132.56,2,12,0,0,14,7,19,9,-17,18,32
STAG,STAG Industrial,35.16,-58,0,0,96,38,7,-18,9,-4,-6,32
MDT,Medtronic,89.69,-23,26,10,0,13,-37,40,2,13,18,31
HSY,Hershey Company (The),188.91,0,25,3,0,28,9,10,3,-19,3,31
MET,Metlife,74.9,-35,-3,-2,58,18,4,-16,7,18,13,31
INGR,Ingredion,126.26,-29,-3,-2,34,0,-21,-14,9,56,30,30
AOS,A. O. Smith,70.3,-37,25,-41,58,5,-3,23,9,-5,24,29
DUOL,Duolingo,340.1,-2,-25,52,0,25,7,-39,13,23,4,29
USB,U.S. Bancorp,44.58,-27,59,0,4,36,-22,-7,6,15,-8,28
DLR,Digital Realty,172.15,-24,2,4,22,4,-18,14,9,19,24,28
NEE,NextEra Energy,71.18,0,1,0,0,1,6,-1,9,13,27,28
CPAY,Corpay,318.67,-30,-3,-2,21,-14,5,10,1,25,41,27
POST,Post Holdings,103.1,-30,-23,-5,87,29,-26,-27,-7,57,-3,26
ALK,Alaska Air Group,53.19,-21,25,-2,2,4,6,22,-16,9,21,25
MCHP,Microchip Technology,67.14,-28,59,0,0,31,1,-9,9,-7,-6,25
MHK,Mohawk Industries,120.54,5,21,-25,-11,-10,9,25,1,-1,34,24
HRB,H&R Block,54.64,-40,-40,-1,52,-29,11,-6,-5,52,52,23
TXRH,Texas Roadhouse,182.13,-21,0,1,64,44,-28,-34,9,31,-22,22
TRGP,Targa Resources,163.63,-21,-3,0,51,27,-27,-15,-19,54,-7,20
TFSL,Third Federal S&L,12.86,4,0,2,5,11,-9,-10,9,19,9,20
AAP,Advance Auto Parts,57.09,0,51,0,-28,23,5,17,9,-34,-3,20
CCI,Crown Castle,104.96,-33,32,6,-28,-23,-12,31,19,5,43,20
ZS,Zscaler,281.97,-22,0,16,5,-1,5,-12,9,18,20,19
ELAN,Elanco,14.2,-46,62,0,-7,9,9,-1,8,-6,10,19
AUR,Aurora Innovation,6.16,0,0,0,0,0,7,14,-17,15,19,19
KVUE,Kenvue,21.65,-7,-1,4,0,-4,9,12,-2,3,22,18
CTVA,Corteva,72.27,-49,0,52,0,3,7,-12,9,11,15,18
EW,Edwards Lifesciences,79.23,0,8,3,-14,-3,3,24,29,-35,21,18
CF,CF Industries,92.69,-4,0,14,4,14,10,-25,9,8,2,16
TWLO,Twilio,124.65,-21,51,46,-34,42,-51,9,5,11,-26,16
RGA,Reinsurance Group of America,183.08,-41,-3,-2,40,-6,4,-37,1,53,21,15
EXLS,EXL Service,42.46,-9,-18,0,65,38,-26,5,-15,13,-23,15
COLB,Columbia Banking System,24.18,1,8,0,-9,0,6,-5,4,10,15,15
OWL,Blue Owl Capital,19.33,-48,38,-3,0,-13,10,-4,1,21,28,15
OKE,Oneok,75.72,-21,-3,-12,54,18,-27,-3,-24,51,-3,15
MAR,Marriott International,259.73,-34,0,0,58,24,-39,-4,6,27,-10,14
BROS,Dutch Bros. Coffee,57.45,-8,-9,52,0,35,2,-33,-2,11,-22,13
WAL,Western Alliance Bancorporation,78.8,-49,32,0,4,-13,4,-3,6,18,25,12
LYFT,Lyft,14.51,5,0,0,-1,4,12,-11,9,-2,8,12
CRUS,Cirrus Logic,105.27,13,2,-22,19,12,8,-14,9,-3,0,12
XYZ,"Block, Inc.",75.32,-21,37,-2,-36,-22,-38,56,3,13,34,12
NTRA,Natera,140.08,5,-14,0,18,9,5,-20,-2,19,2,11
DD,DuPont,72.58,-46,30,-2,19,1,7,-1,6,-3,9,10
OC,Owens Corning,140.85,-30,1,-23,58,6,4,-3,-27,29,3,9
VLO,Valero Energy,136.85,-35,2,0,44,11,1,-6,8,-5,-2,9
DDOG,Datadog,132.98,-28,49,-1,0,20,-30,-2,6,15,-11,9
AFG,American Financial Group,124.27,-63,0,-2,56,-9,1,-1,3,14,17,8
SEG,Seaport Entertainment Group,22.82,3,23,0,0,26,-10,19,-27,0,-18,8
KMPR,Kemper Corporation,61.51,6,0,-5,4,5,6,-19,1,14,2,7
BOKF,BOK Financial Corporation,101.59,-28,28,0,22,22,-56,24,3,14,-15,7
DG,Dollar General,110.87,20,3,0,-17,6,19,-13,21,-26,1,7
XP,XP Inc.,16.76,6,-7,0,0,-1,25,-24,15,-8,8,7
SNDR,Schneider National,24.74,-41,39,-4,1,-5,5,-5,1,10,11,6
FCNCA,First Citizens BancShares,1862.48,-52,0,-2,59,5,-53,27,6,21,1,6
CCCS,CCC Intelligent Solutions,9.96,4,33,-27,0,10,-35,36,1,-6,-4,6
BFAM,Bright Horizons,117.54,21,-1,-1,0,19,-4,-38,14,15,-13,6
STLD,Steel Dynamics,123.54,-63,-3,-2,55,-13,-38,-9,9,57,19,6
VVV,Valvoline,36.26,0,0,-25,31,6,7,-10,6,-4,-1,5
SARO,StandardAero,28.22,0,0,0,0,0,12,-16,9,0,5,5
MTCH,Match Group,33.72,0,43,3,-37,9,-21,51,4,-38,-4,5
RH,RH,218.0,12,14,-23,-7,-4,12,10,-22,9,9,5
VNOM,Viper Energy,37.46,-25,-31,-8,44,-20,7,-3,-27,47,24,4
FR,First Industrial Realty Trust,48.73,-30,0,-2,14,-18,1,-1,7,14,21,3
AMKR,Amkor Technology,22.19,-16,44,-39,0,-11,-24,40,3,-5,14,3
FBIN,Fortune Brands Innovations,56.81,14,11,-25,-5,-5,15,25,-31,-2,7,2
LAD,Lithia Motors,297.98,0,-6,-4,14,4,4,-7,-21,21,-3,1
GNTX,Gentex,26.75,0,24,-41,0,-17,1,22,3,-8,18,1
SBAC,SBA Communications,219.22,-7,-1,15,-20,-13,-7,-1,16,5,13,0
MGM,MGM Resorts International,34.98,-28,39,-2,0,9,-39,33,6,-9,-9,0
BXP,"BXP, Inc.",66.07,-35,-1,-2,0,-38,4,12,9,13,38,0
RVMD,Revolution Medicines,38.4,5,-3,-13,0,-11,5,-29,9,26,11,0
QS,QuantumScape,8.7,-49,33,5,0,-11,7,33,7,-36,11,0
PODD,Insulet,280.88,-9,-1,44,4,38,-22,-35,13,6,-38,0
TSLA,"Tesla, Inc.",308.68,-27,0,-2,10,-19,2,4,3,10,19,0
UHS,Universal Health Services,164.67,14,-15,-10,22,11,4,-11,-3,-1,-11,0
LNW,Light & Wonder,88.42,-32,0,-2,57,23,-32,-3,-14,25,-24,-1
SJM,J.M. Smucker Company (The),109.62,0,11,0,-4,7,8,16,-9,-23,-8,-1
FCX,Freeport-McMoRan,40.01,-58,0,-2,58,-2,5,-7,9,-6,1,-1
MASI,Masimo,164.32,9,1,1,-6,5,12,-15,-14,10,-7,-2
AMCR,Amcor,9.36,-30,25,-2,0,-7,3,-3,5,-2,3,-4
EFX,Equifax,240.17,-35,-3,-3,16,-25,5,-11,9,18,21,-4
BMY,Bristol Myers Squibb,45.83,0,-6,-2,-5,-13,7,10,-13,5,9,-4
DNB,Dun & Bradstreet,9.11,-8,38,-25,0,5,12,42,-27,-37,-10,-5
CRL,Charles River Laboratories,167.33,0,44,-53,-26,-35,-29,62,5,-8,30,-5
EIX,Edison International,55.27,18,3,-31,0,-10,17,17,-28,-1,5,-5
REXR,Rexford Industrial,36.95,-23,44,-45,-18,-42,4,59,5,-32,36,-6
SW,Smurfit Westrock,44.15,-28,25,-2,16,11,-35,22,-22,17,-18,-7
AES,AES Corporation,12.74,-8,20,-2,-11,-1,-7,20,5,-24,-6,-7
FANG,Diamondback Energy,145.72,-7,0,-28,47,12,-23,6,3,-5,-19,-7
IP,International Paper,46.11,-28,-3,0,16,-15,-33,22,2,16,7,-8
MUSA,Murphy USA,361.84,-51,-6,-12,68,-1,-59,-1,-28,79,-9,-10
SNOW,Snowflake Inc.,205.81,-21,0,14,0,-7,-18,4,9,1,-4,-11
CAVA,Cava Group,87.61,-1,2,-13,0,-12,4,22,-27,2,1,-11
DVA,DaVita,140.68,-30,0,-2,20,-12,1,-1,-19,19,0,-12
DOX,Amdocs,84.78,-60,-4,0,58,-6,1,-21,9,5,-6,-12
SNV,Synovus,47.96,-56,0,0,21,-35,4,-2,7,14,23,-12
ATR,AptarGroup,140.21,-37,-3,-2,20,-22,-47,23,9,25,10,-12
WAB,Wabtec,188.99,-63,0,0,49,-14,-55,-8,9,56,2,-12
MU,Micron Technology,109.09,-28,0,0,22,-6,3,-14,9,-5,-7,-13
YETI,Yeti Holdings,37.02,-23,26,-34,-6,-37,6,25,3,-10,24,-13
SNDK,SanDisk,41.93,-6,0,0,0,-6,6,-15,1,0,-8,-14
CTRA,Coterra,24.32,2,-15,-4,44,27,-21,-22,-11,13,-41,-14
EXR,Extra Space Storage,138.47,-28,-4,-2,0,-34,2,-4,9,13,20,-14
CHRD,Chord Energy,106.46,-21,40,-49,2,-28,-27,43,3,-6,13,-15
NTAP,Netapp,102.0,-41,2,-3,57,15,-32,-3,6,-1,-30,-15
CRWD,CrowdStrike,441.76,-42,0,44,0,2,-33,-13,9,20,-17,-15
WH,Wyndham Hotels & Resorts,85.01,-28,20,-2,11,1,-37,22,-16,15,-16,-15
PR,Permian Resources,13.7,-20,0,-7,26,-1,-24,3,9,-2,-14,-15
CNH,CNH Industrial,12.6,-22,0,18,0,-4,-12,-10,9,2,-11,-15
PSX,Phillips 66,122.09,-27,2,0,41,16,-27,-8,8,-5,-32,-16
PCG,PG&E Corporation,15.2,16,0,-29,1,-12,19,6,-28,-1,-4,-16
DPZ,Domino's,446.81,-28,-1,0,10,-19,-40,-1,26,18,3,-16
BIRK,Birkenstock,49.71,-23,-3,-9,0,-35,3,6,9,0,18,-17
LINE,"Lineage, Inc.",44.5,4,0,0,0,4,6,3,-30,0,-21,-17
EQR,Equity Residential,63.42,-35,-4,-2,13,-28,3,-5,-2,13,9,-19
ALLY,Ally Financial,37.23,-93,49,0,4,-40,2,-5,7,16,20,-20
LSCC,Lattice Semiconductor,56.18,7,1,0,0,8,7,-4,-16,-15,-28,-20
EQIX,Equinix,779.28,-21,-23,-7,34,-17,-26,3,-7,26,-4,-21
ABNB,Airbnb,129.95,-38,0,-2,0,-40,1,17,6,-5,19,-21
KEYS,Keysight,161.32,-22,0,1,0,-21,-23,10,7,5,-1,-22
DHR,Danaher Corporation,199.06,0,3,-28,0,-25,3,2,2,-4,3,-22
LEA,Lear Corporation,94.63,-56,59,-3,-17,-17,4,-3,8,-15,-6,-23
EGP,EastGroup Properties,164.17,-11,0,-4,8,-7,4,-24,9,-5,-16,-23
TREX,"Trex Company, Inc.",65.76,0,20,-53,-13,-46,4,24,1,-6,23,-23
AR,Antero Resources,33.31,-2,-12,0,10,-4,-15,-23,9,10,-19,-23
CARR,Carrier Global,66.39,-42,-2,-2,0,-46,-40,27,9,26,22,-24
WFRD,Weatherford International,57.59,0,30,-43,0,-13,2,39,-47,-5,-11,-24
ZION,Zions Bancorporation,52.47,-57,41,0,4,-12,-33,-2,6,15,-14,-26
GEN,Gen Digital,28.58,-32,0,14,16,-2,-49,-1,9,16,-25,-27
SOLV,Solventum,72.44,-30,0,0,0,-30,11,-13,5,0,3,-27
WBD,Warner Bros. Discovery,12.73,-21,39,11,-42,-13,-36,59,7,-45,-15,-28
PARA,Paramount Global (Class B),11.77,-16,0,0,-39,-55,-5,66,11,-45,27,-28
GTM,ZoomInfo,9.8,-25,0,-2,0,-27,-33,63,5,-37,-2,-29
IR,Ingersoll Rand,77.67,-25,0,-20,23,-22,-37,-5,6,29,-7,-29
ALSN,Allison Transmission,86.42,-7,-18,-4,35,6,-13,-36,-20,34,-35,-29
JAZZ,Jazz Pharmaceuticals,113.15,-7,12,-2,-6,-3,12,16,-15,-39,-26,-29
GEHC,GE HealthCare,70.71,-35,0,-19,0,-54,1,33,-17,8,25,-29
FND,Floor & Decor,82.58,13,25,-34,-6,-2,12,-5,-28,-6,-27,-29
ARW,Arrow Electronics,117.66,-28,0,-2,4,-26,1,-5,9,-8,-3,-29
JHX,James Hardie Industries,27.42,4,27,-26,3,8,7,-4,-38,-3,-38,-30
TXG,10x Genomics,13.32,0,40,-75,0,-35,2,41,3,-42,4,-31
AL,Air Lease Corporation,54.91,-48,0,16,22,-10,-51,-5,9,26,-21,-31
IQV,IQVIA,183.92,0,14,-39,0,-25,-42,40,1,-6,-7,-32
MIDD,Middleby,144.82,-30,1,-2,0,-31,4,-3,-15,13,-1,-32
PCOR,Procore,64.12,-25,-3,-2,0,-30,-33,27,-16,19,-3,-33
CFLT,"Confluent, Inc.",17.13,-28,-4,-2,0,-34,-33,53,-17,-2,1,-33
IRDM,Iridium Communications,24.88,-3,-4,-3,-19,-29,12,-3,6,-19,-4,-33
HHH,Howard Hughes Holdings,69.22,-25,0,-12,-6,-43,3,19,-27,14,9,-34
VRSK,Verisk Analytics,264.72,-90,-7,0,114,17,-47,-31,-1,28,-51,-34
WMS,Advanced Drainage Systems,117.16,0,1,-39,3,-35,4,-10,9,-3,0,-35
CMG,Chipotle Mexican Grill,42.62,-119,-9,-5,80,-53,2,-10,-3,29,18,-35
BIO,Bio-Rad Laboratories,271.73,20,25,-26,-28,-9,12,30,-31,-37,-26,-35
VNO,Vornado Realty Trust,37.09,-30,-1,0,4,-27,-30,-1,7,15,-9,-36
MDB,MongoDB Inc.,228.28,-21,30,-25,-9,-25,-19,15,1,-9,-12,-37
AVB,AvalonBay Communities,186.32,-35,-4,-2,16,-25,1,-22,-6,15,-12,-37
SBUX,Starbucks,90.2,-45,0,-2,0,-47,5,10,-14,7,8,-39
TMO,Thermo Fisher Scientific,466.1,0,10,-21,0,-11,-29,24,-20,-3,-28,-39
GAP,Gap Inc.,19.5,-49,-18,-4,18,-53,6,-10,-2,19,13,-40
DLB,Dolby Laboratories,72.62,-25,-3,-2,0,-30,2,-1,-19,8,-10,-40
RYN,Rayonier,23.89,0,1,-19,-5,-23,6,17,-31,-9,-17,-40
CHDN,Churchill Downs Incorporated,103.45,-37,28,-30,0,-39,-47,46,1,-1,-1,-40
REGN,Regeneron Pharmaceuticals,569.9,14,3,-40,0,-23,7,21,-41,-4,-17,-40
CBSH,Commerce Bancshares,60.79,-70,-1,0,11,-60,4,-7,9,13,19,-41
TXN,Texas Instruments,185.39,-83,0,0,22,-61,4,-9,9,16,20,-41
CVS,CVS Health,63.42,0,-15,9,-17,-23,1,-16,24,-28,-19,-42
DT,Dynatrace,50.54,-24,0,0,0,-24,-33,-12,6,20,-19,-43
FOUR,Shift4,86.43,-30,-1,-1,0,-32,-33,-1,-1,24,-11,-43
BC,Brunswick Corporation,59.32,-41,43,-37,-7,-42,5,-1,3,-9,-2,-44
MORN,"Morningstar, Inc.",261.9,-28,-4,-19,28,-23,-22,-17,-1,18,-22,-45
PYPL,PayPal,67.82,-42,0,-2,-39,-83,2,24,2,9,37,-46
KD,Kyndryl,28.98,-26,-1,-1,0,-28,-33,-12,7,20,-18,-46
ALGM,Allegro MicroSystems,31.23,-70,58,10,0,-2,-30,-5,7,-16,-44,-46
PINC,"Premier, Inc.",21.72,14,0,16,-28,2,5,-34,14,-34,-49,-47
COIN,Coinbase,297.99,-63,0,8,0,-55,-16,-3,8,18,7,-48
GTLB,GitLab,44.02,-25,0,-20,0,-45,4,13,-19,-1,-3,-48
HSIC,Schein (Henry),64.86,-45,-1,-4,-1,-51,11,-10,-2,3,2,-49
DXCM,Dexcom,75.49,-28,-2,-2,-14,-46,-25,22,9,-9,-3,-49
CI,Cigna,270.78,-62,-22,-5,58,-31,1,-16,-2,-1,-18,-49
SAIA,Saia,298.89,-30,2,-25,4,-49,4,27,-27,-5,-1,-50
PSA,Public Storage,281.78,-28,-4,-10,1,-41,4,-35,9,13,-9,-50
ETSY,Etsy,55.93,-28,49,-1,-30,-10,-26,13,9,-37,-41,-51
PK,Park Hotels & Resorts,10.45,-41,25,-25,-7,-48,1,-1,2,-5,-3,-51
MOS,Mosaic Company (The),35.64,-28,0,15,-16,-29,5,-12,14,-30,-23,-52
PLD,Prologis,107.03,-30,1,-22,0,-51,1,-6,9,-5,-1,-52
UDR,"UDR, Inc.",38.54,-35,-4,-2,0,-41,-19,-1,-4,13,-11,-52
HST,Host Hotels & Resorts,15.39,-42,59,-31,2,-12,-40,-1,7,-6,-40,-52
TSN,Tyson Foods,54.81,7,-22,-5,-28,-48,11,-16,-10,11,-4,-52
VTRS,Viatris,8.98,-30,3,-24,-7,-58,6,-1,1,-1,5,-53
TEM,Tempus AI,57.74,-42,0,0,0,-42,7,-20,2,0,-11,-53
POOL,Pool Corporation,311.91,-30,11,-22,-6,-47,4,25,-28,-9,-8,-55
TPL,Texas Pacific Land Corporation,960.65,0,-46,-8,58,4,-22,-46,-4,13,-59,-55
DBX,Dropbox,26.12,-23,-5,-2,9,-21,-33,-3,-6,8,-34,-55
SPB,Spectrum Brands,54.22,-40,-6,-27,-4,-77,2,21,-26,24,21,-56
DOCS,Doximity,57.93,-37,29,0,0,-8,-39,-5,-16,12,-48,-56
BMRN,BioMarin Pharmaceutical,61.93,14,2,-49,-20,-53,12,21,-14,-22,-3,-56
LBTYK,Liberty Global (Series C),11.2,21,3,-39,-30,-45,21,40,-36,-36,-11,-56
UWMC,United Wholesale Mortgage,4.36,0,1,-28,0,-27,17,-1,-41,-4,-29,-56
CRM,Salesforce,247.46,-28,-4,-12,22,-22,-33,-3,-20,21,-35,-57
CPB,Campbell Soup Company,32.65,4,0,-31,-6,-33,9,10,-38,-5,-24,-57
CUBE,CubeSmart,39.64,-30,-1,-22,1,-52,2,-14,9,-2,-5,-57
PB,Prosperity Bancshares,66.31,-70,-6,-3,14,-65,2,-9,1,14,8,-57
ILMN,"Illumina, Inc.",97.73,-21,39,-27,-40,-49,-34,65,1,-40,-8,-57
NDSN,Nordson,213.95,-25,2,-35,0,-58,3,-5,9,-7,0,-58
FRT,Federal Realty Investment Trust,93.39,-30,-3,-22,0,-55,4,-4,-2,-1,-3,-58
CPT,Camden Property Trust,107.68,-35,-4,0,0,-39,-27,-1,-2,11,-19,-58
VFC,VF Corporation,12.03,-9,0,-19,-43,-71,6,19,-19,7,13,-58
FI,Fiserv,134.26,-35,-18,-13,35,-31,-28,-12,-14,27,-27,-58
PNFP,Pinnacle Financial Partners,89.55,-73,-8,-3,15,-69,4,-8,-3,18,11,-58
CLX,Clorox,125.36,-44,0,-16,-5,-65,2,17,-26,13,6,-59
QCOM,Qualcomm,146.72,-28,0,-24,22,-30,-28,-4,7,-5,-30,-60
VSTS,Vestis,5.98,-30,-3,-21,0,-54,4,16,-26,0,-6,-60
TTC,Toro Company (The),74.55,4,15,-34,-7,-22,7,22,-47,-20,-38,-60
MRK,Merck & Co.,80.82,-1,3,-46,-4,-48,4,39,-50,-6,-13,-61
MAA,Mid-America Apartment Communities,141.72,-32,-5,0,0,-37,-27,-1,-7,11,-24,-61
ST,Sensata Technologies,29.85,-35,59,0,-15,9,-41,-1,7,-35,-70,-61
PARAA,Paramount Global (Class A),17.87,-28,-4,-2,0,-34,-28,-4,-2,6,-28,-62
GRAL,"Grail, Inc.",33.78,-42,-6,0,0,-48,4,-16,-2,0,-14,-62
PCTY,Paylocity,181.75,-22,-1,0,-3,-26,-38,14,-18,5,-37,-63
G,Genpact,42.35,-32,-1,-1,3,-31,-26,-2,-14,10,-32,-63
PEP,PepsiCo,139.48,-27,14,-41,0,-54,3,39,-38,-13,-9,-63
LBTYA,Liberty Global (Series A),11.01,21,3,-39,-31,-46,26,3,-37,-10,-18,-64
QXO,"QXO, Inc.",19.44,-42,0,0,-14,-56,1,-15,12,-6,-8,-64
SON,Sonoco,44.87,-37,2,-43,-5,-83,3,22,6,-14,17,-66
BDX,Becton Dickinson,176.9,-24,0,-27,-5,-56,-3,25,-18,-15,-11,-67
OMC,Omnicom Group,72.59,-38,0,-26,0,-64,4,25,-31,-1,-3,-67
BBY,Best Buy,66.99,0,0,-23,-6,-29,7,-10,-34,-2,-39,-68
KBR,"KBR, Inc.",49.65,14,-32,-29,0,-47,19,-32,-7,-1,-21,-68
CFR,Frost Bank,125.57,-57,0,0,4,-53,-30,-3,7,10,-16,-69
CHH,Choice Hotels,125.2,-41,0,-2,15,-28,-38,-1,-16,14,-41,-69
ELF,e.l.f. Beauty,109.84,-18,0,-49,31,-36,-21,-14,7,-5,-33,-69
FRPT,Freshpet,67.39,-10,-36,-23,-6,-75,-5,10,-19,19,5,-70
ISRG,Intuitive Surgical,476.97,-71,-5,-2,22,-56,-26,-13,-1,26,-14,-70
WDAY,"Workday, Inc.",224.92,-25,-7,-9,14,-27,-35,-3,-3,-2,-43,-70
PVH,PVH Corp.,74.4,-28,0,-31,-3,-62,8,17,-27,-7,-9,-71
REYN,Reynolds Consumer Products,22.18,-9,0,-27,0,-36,-13,19,-39,-3,-36,-72
AA,Alcoa,29.63,-27,26,-20,-20,-41,1,-1,1,-32,-31,-72
ESS,Essex Property Trust,257.37,-35,-4,-2,14,-27,-56,-1,-2,14,-45,-72
FDX,FedEx,222.4,-35,0,-25,32,-28,-38,-3,1,-4,-44,-72
RAL,Ralliant,43.67,-37,0,0,0,-37,-32,-4,0,0,-36,-73
OTIS,Otis Worldwide,86.25,-70,-10,-3,0,-83,4,-7,-13,26,10,-73
HUM,Humana,254.47,72,1,-88,-12,-27,-11,4,-19,-20,-46,-73
PFE,Pfizer,24.74,3,1,-32,-23,-51,7,-8,6,-28,-23,-74
TECH,Bio-Techne,54.66,-3,11,-26,-24,-42,-35,35,-26,-6,-32,-74
FTRE,Fortrea,6.57,5,2,-36,0,-29,11,10,-64,-2,-45,-74
ONON,On Holding AG,47.14,-35,-4,0,0,-39,-31,-35,9,20,-37,-76
FCN,FTI Consulting,168.45,-28,15,-36,0,-49,2,22,-46,-5,-27,-76
HIW,Highwoods Properties,28.57,-63,-2,0,6,-59,-26,-14,9,13,-18,-77
SEE,Sealed Air,29.97,-3,0,-23,-24,-50,7,-9,7,-32,-27,-77
DV,DoubleVerify,15.48,-28,32,-69,0,-65,2,12,-17,-10,-13,-78
FIS,Fidelity National Information Services,72.22,-25,-1,-1,-37,-64,-30,-3,8,11,-14,-78
ACI,Albertsons,19.28,-56,-16,24,0,-48,-7,-12,-2,-9,-30,-78
NCNO,nCino,27.33,-42,44,-25,0,-23,-56,-2,4,-1,-55,-78
COP,ConocoPhillips,93.22,-21,11,-44,0,-54,-27,10,1,-8,-24,-78
ONTO,Onto Innovation,94.79,-25,-1,-25,0,-51,2,-5,-20,-4,-27,-78
A,Agilent Technologies,114.91,-24,0,-22,-2,-48,3,-10,-19,-5,-31,-79
PEN,"Penumbra, Inc.",239.99,-9,-48,31,11,-15,-11,-51,-5,3,-64,-79
LCID,Lucid Motors,2.43,-45,0,-3,0,-48,4,16,-16,-35,-31,-79
HPQ,HP Inc.,25.05,-27,-4,-24,0,-55,7,-3,-28,-1,-25,-80
ELS,Equity Lifestyle Properties,62.04,14,-29,-20,0,-35,32,-43,-31,-3,-45,-80
INGM,Ingram Micro,19.22,-34,0,0,0,-34,-51,-1,6,0,-46,-80
FHB,"First Hawaiian, Inc.",24.03,-57,2,0,14,-41,-57,-5,6,14,-42,-83
EEFT,Euronet Worldwide,92.0,-39,-5,-2,-3,-49,-51,-5,9,13,-34,-83
DOC,Healthpeak Properties,17.18,-56,0,-16,-31,-103,3,39,-31,9,20,-83
GME,GameStop,22.8,0,-37,-9,-30,-76,4,-2,-2,-7,-7,-83
CLF,Cleveland-Cliffs,9.64,-21,24,-62,-16,-75,-41,37,2,-8,-10,-85
CROX,Crocs,102.0,-38,0,-41,0,-79,5,-3,-3,-5,-6,-85
M,"Macy's, Inc.",12.0,-25,25,-30,-15,-45,-32,22,-24,-6,-40,-85
CTSH,Cognizant,69.9,-44,-5,-2,14,-37,-51,-13,-2,18,-48,-85
MDLZ,Mondelez International,62.31,-35,-5,0,0,-40,-54,-1,18,-9,-46,-86
DOCU,DocuSign,73.83,-31,-6,-2,-12,-51,-54,9,-1,11,-35,-86
ESTC,Elastic NV,80.13,-28,-3,-12,-6,-49,-38,21,-17,-4,-38,-87
EPR,EPR Properties,54.91,-93,0,56,29,-8,-102,-7,9,21,-79,-87
WLK,Westlake Corporation,83.01,1,0,-39,0,-38,7,-1,-51,-6,-51,-89
ZTS,Zoetis,145.35,-7,-18,-34,-3,-62,12,-33,-1,-5,-27,-89
NKE,"Nike, Inc.",74.39,-23,27,-76,-21,-93,7,27,6,-36,4,-89
AVY,Avery Dennison,168.13,-45,-5,-34,0,-84,4,-10,6,-5,-5,-89
DAY,Dayforce,53.06,-22,-3,-19,-12,-56,-22,6,-23,5,-34,-90
SHC,Sotera Health,11.18,-28,-4,-26,0,-58,-33,9,-3,-6,-33,-91
MTDR,Matador Resources,47.81,-27,0,-28,0,-55,-29,-3,2,-6,-36,-91
APLS,Apellis Pharmaceuticals,24.2,28,6,-69,-16,-51,28,17,-67,-18,-40,-91
WY,Weyerhaeuser,25.79,-3,-5,-22,0,-30,5,-26,-34,-8,-63,-93
OKTA,"Okta, Inc.",95.98,-22,-40,4,-24,-82,-21,6,-2,6,-11,-93
IPG,Interpublic Group of Companies (The),24.77,-38,11,-42,0,-69,4,27,-39,-17,-25,-94
PAYC,Paycom,223.28,-22,-3,18,-24,-31,-42,7,9,-37,-63,-94
STZ,Constellation Brands,170.66,-1,0,-44,-3,-48,5,17,-60,-8,-46,-94
PII,Polaris Inc.,52.92,-20,28,-99,-17,-108,1,25,4,-17,13,-95
SMG,Scotts Miracle-Gro Company,61.37,-42,0,-21,-39,-102,8,-5,5,-1,7,-95
HOG,Harley-Davidson,24.24,-9,1,-42,-9,-59,-23,-6,4,-11,-36,-95
HUBS,HubSpot,492.18,-31,-38,-9,11,-67,-40,9,-17,19,-29,-96
VAC,Marriott Vacations Worldwide,73.08,-41,34,-2,-17,-26,-50,-1,6,-25,-70,-96
WAT,Waters Corporation,281.18,-23,-17,-4,-2,-46,-29,-16,-19,14,-50,-96
VOYA,Voya Financial,67.84,-49,0,-2,4,-47,-53,-3,7,-1,-50,-97
RARE,Ultragenyx,28.91,19,-19,-26,-38,-64,15,-11,-34,-3,-33,-97
LOAR,Loar Holdings,70.99,-7,-22,0,0,-29,-19,-49,-2,0,-70,-99
TGT,Target Corporation,102.43,-41,25,-30,-11,-57,3,-1,-38,-6,-42,-99
MAT,Mattel,17.0,-63,-4,-3,0,-70,4,-9,6,-31,-30,-100
MKSI,MKS Instruments,92.02,-28,0,-26,-13,-67,-30,-4,5,-5,-34,-101
KHC,Kraft Heinz,27.03,-28,0,-41,-1,-70,-26,18,-13,-10,-31,-101
CACC,Credit Acceptance,450.93,-31,-3,-2,-1,-37,-51,-14,6,-5,-64,-101
PPG,PPG Industries,106.01,-46,-3,-45,-8,-102,4,-5,9,-8,0,-102
UA,Under Armour (Class C),6.32,-41,2,-27,-37,-103,9,24,5,-37,1,-102
CL,Colgate-Palmolive,83.06,-49,-20,-5,23,-51,-51,-13,-13,26,-51,-102
FTV,Fortive,48.41,-30,-5,-20,0,-55,3,-31,-16,-5,-49,-104
BHF,Brighthouse Financial,46.77,-49,-23,-2,0,-74,5,-41,-2,8,-30,-104
ON,ON Semiconductor,47.23,-28,0,-36,-1,-65,-28,-2,5,-15,-40,-105
AXTA,Axalta,28.68,-62,-46,-15,22,-101,5,-10,-28,26,-7,-108
MKC,McCormick & Company,69.75,-30,-20,-5,-2,-57,-30,-19,-13,10,-52,-109
EXAS,Exact Sciences,47.34,-3,-10,-27,-25,-65,-18,-17,7,-16,-44,-109
BALL,Ball Corporation,54.28,-45,0,-2,-11,-58,-54,-1,9,-5,-51,-109
RIVN,Rivian,12.18,-41,-6,-2,0,-49,-44,6,-2,-21,-61,-110
OXY,Occidental Petroleum,43.08,-22,0,-54,0,-76,-28,5,5,-16,-34,-110
EG,Everest Group,327.92,-21,-16,-35,55,-17,-19,-34,-36,-5,-94,-111
CCK,Crown Holdings,98.1,-62,0,16,5,-41,-84,-7,9,12,-70,-111
UAA,Under Armour (Class A),6.72,-41,2,-27,-44,-110,8,24,4,-37,-1,-111
SAM,Boston Beer Company,217.36,14,0,-34,-37,-57,11,9,-30,-44,-54,-111
OGN,Organon & Co.,8.38,-10,-1,-28,0,-39,-26,-1,-41,-4,-72,-111
RVTY,Revvity,88.68,-37,-5,-19,-24,-85,4,-10,-24,3,-27,-112
JBHT,J. B. Hunt,143.24,-46,2,-30,0,-74,4,-5,-27,-10,-38,-112
WHR,Whirlpool Corporation,84.58,-42,-4,-4,-26,-76,7,-10,2,-36,-37,-113
CDW,CDW,165.11,-28,-1,-41,0,-70,-33,-4,1,-8,-44,-114
TEAM,Atlassian,185.54,-28,-19,-5,-6,-58,-40,-11,-17,11,-57,-115
SWK,Stanley Black & Decker,69.38,-42,25,-28,-39,-84,8,-3,-34,-2,-31,-115
INVH,Invitation Homes,30.45,-57,-9,-7,0,-73,-27,-29,-2,14,-44,-117
MKTX,MarketAxess,208.05,-3,-8,-27,-29,-67,8,-23,9,-44,-50,-117
JKHY,Jack Henry & Associates,165.93,-56,-4,-2,0,-62,-29,-35,-2,11,-55,-117
FLO,Flowers Foods,16.1,2,-5,-36,-8,-47,5,2,-56,-23,-72,-119
BBWI,"Bath & Body Works, Inc.",28.93,-58,0,-24,-15,-97,2,-3,-15,-6,-22,-119
IAC,IAC Inc.,34.4,-46,-1,-1,-31,-79,-7,-1,5,-38,-41,-120
TRIP,Tripadvisor,16.24,-38,24,0,-52,-66,-35,19,6,-44,-54,-120
CNXC,Concentrix,47.36,-38,-3,-2,0,-43,-51,-1,7,-33,-78,-121
WST,West Pharmaceutical Services,238.86,-28,11,-26,-7,-50,-41,4,-26,-8,-71,-121
AZTA,Azenta,26.86,-27,-1,-52,-31,-111,-37,53,-18,-9,-11,-122
KNX,Knight-Swift,42.4,-56,-5,-24,-2,-87,5,-8,-20,-13,-36,-123
UHAL,U-Haul,57.43,-44,-6,-14,0,-64,-52,-1,-27,20,-60,-124
ALGN,Align Technology,139.58,-28,-4,-66,-25,-123,3,33,-2,-38,-4,-127
DVN,Devon Energy,32.31,-21,0,-49,-5,-75,-24,-15,8,-22,-53,-128
AAL,American Airlines Group,11.65,0,27,-20,-76,-69,5,-5,-20,-39,-59,-128
LW,Lamb Weston,53.14,-7,0,-71,-8,-86,-34,3,2,-14,-43,-129
GPN,Global Payments,78.45,-30,11,-26,-39,-84,-40,27,-23,-10,-46,-130
ENTG,Entegris,73.34,-35,-2,-43,-6,-86,-28,35,-48,-5,-46,-132
PENN,Penn Entertainment,17.38,-25,30,-2,-34,-31,-37,-3,-17,-44,-101,-132
CRI,Carter's,25.28,-3,-9,-61,-17,-90,6,-1,-38,-9,-42,-132
RYAN,Ryan Specialty,57.77,-43,-29,-2,0,-74,-41,-35,-8,25,-59,-133
CMCSA,Comcast,32.5,-56,-6,-34,-9,-105,-19,-8,6,-8,-29,-134
PLTK,Playtika,4.41,-42,-8,-25,0,-75,6,-10,-26,-31,-61,-136
ACHC,Acadia Healthcare,21.79,-4,-16,-47,-11,-78,5,-7,-41,-16,-59,-137
CERT,"Certara, Inc.",9.86,-36,-37,-14,0,-87,5,-17,-6,-32,-50,-137
S,SentinelOne,17.23,-41,-1,-24,0,-66,-41,-3,-27,-1,-72,-138
ZM,Zoom Communications,71.7,-41,-6,-2,0,-49,-51,-42,-1,4,-90,-139
KSS,Kohl's,11.5,-51,25,-61,-31,-118,8,-2,3,-32,-23,-141
ELV,Elevance Health,276.45,-23,-24,-43,-2,-92,-21,-16,-9,-3,-49,-141
ODFL,Old Dominion Freight Line,147.2,-42,-5,-25,0,-72,-47,8,-30,-1,-70,-142
IEX,IDEX Corporation,161.84,-35,-5,-27,-2,-69,-35,-5,-27,-6,-73,-142
LKQ,LKQ Corporation,29.95,-63,-36,-5,-2,-106,4,-10,-13,-17,-36,-142
CC,Chemours,12.65,-38,25,-64,-13,-90,6,-3,-26,-30,-53,-143
BIIB,Biogen,132.95,16,3,-83,-27,-91,10,2,-46,-18,-52,-143
ARE,Alexandria Real Estate Equities,78.14,-44,11,-36,-30,-99,4,33,-47,-35,-45,-144
COO,Cooper Companies (The),69.56,-30,-5,-26,-5,-66,-41,-5,-31,-3,-80,-146
CHE,Chemed Corporation,428.1,-35,-52,-10,-2,-99,9,-40,-8,-8,-47,-146
CPRI,Capri Holdings,18.22,-41,2,-71,-11,-121,4,-1,2,-32,-27,-148
ASH,Ashland Global,52.11,-9,2,-40,-9,-56,-21,-9,-52,-10,-92,-148
HAL,Halliburton,21.68,0,9,-62,-5,-58,-28,7,-61,-9,-91,-149
APTV,Aptiv,64.8,-42,0,0,-24,-66,-51,-5,9,-36,-83,-149
AVTR,Avantor,11.65,-21,-3,-28,0,-52,-37,-16,-39,-5,-97,-149
AKAM,Akamai Technologies,73.66,-30,-4,-25,-7,-66,-48,-3,-25,-10,-86,-152
ALB,Albemarle Corporation,68.25,-48,24,-127,-23,-174,9,35,3,-25,22,-152
NU,Nubank,12.15,-87,0,-2,0,-89,-87,-5,9,19,-64,-153
BF-B,Brown–Forman (Class B),30.35,5,0,-102,-18,-115,7,17,-34,-28,-38,-153
LUV,Southwest Airlines,29.93,-63,0,0,-39,-102,-60,-5,6,4,-55,-157
BF-A,Brown–Forman (Class A),29.93,4,0,-101,-18,-115,6,17,-41,-24,-42,-157
RGEN,Repligen,115.86,-16,-17,-15,-17,-65,-28,-9,-19,-37,-93,-158
IT,Gartner,244.04,-51,-36,-20,0,-107,-52,-39,-18,57,-52,-159
GMED,Globus Medical,53.62,0,-114,-14,-2,-130,6,-30,-19,12,-31,-161
APA,APA Corporation,18.59,-21,0,-84,-12,-117,-28,-2,4,-19,-45,-162
PRGO,Perrigo,26.61,-28,0,0,-113,-141,3,25,5,-55,-22,-163
LBRDA,Liberty Broadband (Series A),59.88,-57,-8,-2,-36,-103,-58,-8,-2,8,-60,-163
LBRDK,Liberty Broadband (Series C),60.26,-57,-8,-2,-36,-103,-58,-8,-2,8,-60,-163
FDS,FactSet,387.37,-114,-12,-4,0,-130,-47,-8,-2,23,-34,-164
GFS,GlobalFoundries,32.81,-30,-1,-81,0,-112,-30,-5,-1,-17,-53,-165
PATH,UiPath,11.22,-63,-6,-10,0,-79,-65,-10,-2,-10,-87,-166
GO,Grocery Outlet,13.01,-46,-1,-99,0,-146,-4,16,-5,-28,-21,-167
WSC,WillScot Mobile Mini,25.36,-30,-3,-64,-6,-103,-33,22,-41,-12,-64,-167
INSP,Inspire Medical Systems,87.96,-7,-56,-22,-6,-91,-22,-10,-27,-17,-76,-167
CE,Celanese,49.33,-49,0,-42,-10,-101,-58,-5,5,-9,-67,-168
CIVI,Civitas Resources,28.52,-21,-3,-54,-6,-84,-28,6,-54,-9,-85,-169
NFE,New Fortress Energy,3.28,-56,0,-70,-3,-129,7,-1,-21,-25,-40,-169
BRBR,BellRing Brands,36.2,-23,-63,-12,0,-98,-26,-55,-18,27,-72,-170
ACN,Accenture,247.02,-49,-20,-22,-1,-92,-61,-18,-18,19,-78,-170
SWKS,Skyworks Solutions,67.67,-63,0,-42,-30,-135,-26,-11,6,-5,-36,-171
GDDY,GoDaddy,153.42,-65,-19,-2,22,-64,-68,-43,-18,22,-107,-171
BILL,Bill.com,41.76,-43,-4,-23,0,-70,-40,-5,-19,-37,-101,-171
TAP,Molson Coors,49.24,-35,-70,-12,0,-117,-51,13,-13,-3,-54,-171
CHTR,Charter Communications,265.99,-57,-8,-3,-36,-104,-58,-13,-3,6,-68,-172
SLB,Schlumberger,33.5,-30,-3,-69,0,-102,-35,-9,-20,-10,-74,-176
UHAL-B,U-Haul (Series N),51.05,-46,-6,-22,0,-74,-61,-5,-36,-1,-103,-177
EMN,Eastman Chemical Company,61.4,-49,-7,-20,-1,-77,-61,-5,-34,-2,-102,-179
CUZ,Cousins Properties,26.69,-166,-4,0,11,-159,-26,-16,9,13,-20,-179
DAR,Darling Ingredients,31.71,-63,-4,-5,-20,-92,-54,-10,7,-30,-87,-179
GLOB,Globant,79.63,-27,-55,-25,-7,-114,-31,-3,-25,-7,-66,-180
LSTR,Landstar,130.51,-35,-6,-34,-1,-76,-42,-14,-41,-7,-104,-180
BAX,Baxter International,22.85,-30,-20,-22,-38,-110,3,-19,-13,-41,-70,-180
INTC,Intel,20.19,-63,-4,-68,-20,-155,7,-8,-16,-12,-29,-184
OLED,Universal Display Corporation,139.91,-69,0,-36,0,-105,-75,-15,9,-5,-86,-191
ANGI,Angi Inc.,15.66,-41,0,-39,-51,-131,-44,22,5,-44,-61,-192
HRL,Hormel Foods,28.3,-119,-14,-9,-23,-165,4,-10,9,-30,-27,-192
EPAM,EPAM Systems,149.2,-31,-5,-25,-27,-88,-40,-11,-16,-37,-104,-192
OLN,Olin Corporation,19.01,-35,-5,-59,-9,-108,4,-5,-61,-23,-85,-193
FMC,FMC Corporation,37.84,-42,-3,-39,-24,-108,-55,-6,1,-26,-86,-194
ENOV,Enovis,26.43,-30,-17,-64,-17,-128,4,-10,-24,-37,-67,-195
NOV,NOV Inc.,12.23,-42,-3,-54,-12,-111,-40,16,-45,-15,-84,-195
PRMB,Primo Brands,26.65,-40,-45,0,22,-63,-68,-74,-9,18,-133,-196
QDEL,QuidelOrtho,23.7,-43,-18,-22,-38,-121,4,-10,-22,-47,-75,-196
ZBH,Zimmer Biomet,92.05,-38,0,-64,-17,-119,5,-1,-63,-18,-77,-196
CLVT,Clarivate,3.69,-38,-3,-76,-6,-123,-40,7,2,-42,-73,-196
IFF,International Flavors & Fragrances,70.55,-46,-5,-22,-31,-104,-59,-1,-34,-1,-95,-199
LYB,LyondellBasell,51.97,-49,-3,-43,-5,-100,-35,-1,-57,-7,-100,-200
BRKR,Bruker,32.06,-23,-4,-59,-8,-94,-32,-2,-63,-9,-106,-200
NWL,Newell Brands,5.11,-31,-3,-26,-31,-91,-48,-1,-26,-36,-111,-202
UNH,UnitedHealth Group,250.98,-63,-75,-17,-4,-159,1,-16,-30,-1,-46,-205
MTN,Vail Resorts,149.08,-46,-4,-32,-23,-105,-60,-9,5,-36,-100,-205
COTY,Coty,4.78,-28,-4,-63,-7,-102,-30,-3,-65,-9,-107,-209
CZR,Caesars Entertainment,25.17,-45,-4,-25,-25,-99,-37,-5,-34,-37,-113,-212
TDC,Teradata,20.23,-30,-4,-78,-17,-129,-32,-12,-26,-16,-86,-215
KMX,CarMax,56.1,-64,-16,-18,-36,-134,-57,-14,-22,11,-82,-216
MRNA,Moderna,27.47,-42,22,-54,-4,-78,-45,-1,-54,-39,-139,-217
SIRI,Sirius XM,21.73,-44,0,-82,-31,-157,6,-4,-48,-17,-63,-220
COLD,Americold,16.46,0,-87,-40,-11,-138,2,-29,-40,-15,-82,-220
ADBE,Adobe Inc.,338.65,-30,-20,-35,-6,-91,-53,-36,-39,-5,-133,-224
DOW,Dow Inc.,22.39,-63,-9,-42,-1,-115,-35,-9,-57,-8,-109,-224
CAG,Conagra Brands,18.82,0,-77,-31,-7,-115,9,-91,-13,-23,-118,-233
MAN,ManpowerGroup,39.27,-39,-3,-45,-28,-115,-37,-3,-45,-36,-121,-236
FIVN,Five9,25.86,-28,0,-78,-35,-141,-38,-3,-16,-40,-97,-238
DXC,DXC Technology,13.24,-56,-19,-24,-73,-172,5,-13,-31,-34,-73,-245
WEN,Wendy's Company (The),9.96,-46,-29,-36,-8,-119,-61,-20,-31,-15,-127,-246
COLM,Columbia Sportswear,52.3,-44,-102,-20,-6,-172,-56,-16,-15,13,-74,-246
MPW,Medical Properties Trust,4.18,-48,-59,-6,-36,-149,-55,-2,-6,-35,-98,-247
UPS,United Parcel Service,86.79,-42,-6,-105,-16,-169,3,-14,-33,-34,-78,-247
NSA,National Storage Affiliates,30.3,-63,-52,-14,-4,-133,-26,-53,-35,-1,-115,-248
RNG,RingCentral,23.62,-42,-3,-25,-41,-111,-55,-12,-25,-45,-137,-248
SRPT,Sarepta Therapeutics,16.75,14,-141,-28,-7,-162,2,-35,-49,-6,-88,-250
DJT,Trump Media & Technology Group,16.38,-53,-46,-55,0,-154,-67,-2,-23,-9,-101,-255
WU,Western Union,8.03,-41,-84,-22,-46,-193,1,-1,-57,-5,-62,-255
XRAY,Dentsply Sirona,14.04,-41,-4,-80,-42,-167,-52,-1,1,-40,-92,-259
CNC,Centene,25.9,-63,-52,-43,-11,-169,-2,-50,-12,-28,-92,-261
HUN,Huntsman Corporation,9.52,-63,-9,-44,-15,-131,-61,-1,-39,-33,-134,-265
LEG,Leggett & Platt,8.69,-39,0,-131,-30,-200,-53,-1,6,-38,-86,-286
MOH,Molina Healthcare,155.24,-164,-51,-12,-2,-229,-30,-16,-8,-8,-62,-291
GIS,General Mills,49.19,-40,-83,-40,-4,-167,-50,-29,-36,-19,-134,-301
TFX,Teleflex,114.85,-2,-128,-41,-39,-210,-47,2,-37,-10,-92,-302
LULU,Lululemon Athletica,195.0,-128,-41,-10,-3,-182,-82,-35,-19,-12,-148,-330
WOLF,Wolfspeed,1.51,-42,0,-133,-30,-205,7,-12,-99,-37,-141,-346
RHI,Robert Half,35.22,-63,-133,-28,-9,-233,-61,-10,-26,-32,-129,-362
ENPH,Enphase Energy,31.92,-70,-143,-45,-20,-278,-63,-8,-52,-24,-147,-425
