Symbol,Name,Close,1H Cloud Score,1D Cloud Score,1W Cloud Score,1M Cloud Score,Cloud Score Sum,1H TKx Score,1D TKx Score,1W TKx Score,1M TKx Score,TKx Score Sum,Total Score Sum
TJX,TJX Companies,139.95,33,26,152,199,410,-10,30,121,194,335,745
ORLY,O'Reilly Auto Parts,106.93,63,37,167,200,467,28,43,58,90,219,686
COOP,Mr. Cooper Group,214.99,28,83,123,59,293,33,82,121,57,293,586
AZO,AutoZone,4288.97,112,36,98,87,333,26,43,58,58,185,518
WELL,Welltower,168.81,14,80,120,59,273,12,41,137,25,215,488
MSI,Motorola Solutions,478.06,56,38,5,154,253,-6,48,5,186,233,486
GOOGL,Alphabet (Class A),239.64,84,72,12,177,345,31,46,9,22,108,453
BSX,Boston Scientific,108.11,31,15,148,145,339,33,7,14,58,112,451
GOOG,Alphabet (Class C),239.98,84,72,11,177,344,31,46,8,22,107,451
CDNS,Cadence Design Systems,361.88,16,52,21,142,231,23,-8,14,181,210,441
CASY,Casey's,541.9,16,2,117,88,223,35,-18,121,79,217,440
AM,Antero Midstream,18.25,35,5,152,24,216,87,-3,82,56,222,438
RBA,RB Global,116.31,10,94,108,28,240,4,43,111,20,178,418
ORI,Old Republic International,40.13,0,20,151,59,230,-13,18,121,56,182,412
LYV,Live Nation Entertainment,170.25,14,84,98,148,344,14,22,13,17,66,410
JPM,JPMorgan Chase,297.78,-2,85,127,159,369,-12,10,14,27,39,408
WRB,W. R. Berkley Corporation,72.29,13,9,98,177,297,4,22,28,56,110,407
ROL,"Rollins, Inc.",57.33,3,2,35,287,327,22,-5,27,36,80,407
COST,Costco,979.37,14,0,1,181,196,29,-5,-6,185,203,399
MCD,McDonald's,312.47,-2,19,56,243,316,-16,39,2,58,83,399
WM,"Waste Management, Inc.",219.16,-21,-12,99,188,254,-33,-18,31,160,140,394
GS,Goldman Sachs,763.85,16,83,96,59,254,7,94,14,22,137,391
INSM,Insmed,147.2,146,63,68,17,294,12,33,14,21,80,374
HALO,Halozyme,76.08,238,30,11,20,299,12,41,5,15,73,372
HWM,Howmet Aerospace,179.02,28,0,152,30,210,28,-20,96,58,162,372
ITT,ITT Inc.,171.89,3,89,20,100,212,23,96,14,27,160,372
MS,Morgan Stanley,152.19,9,83,80,65,237,6,94,14,17,131,368
RTX,RTX Corporation,151.74,-21,82,81,55,197,-21,88,88,15,170,367
PLTR,Palantir Technologies,162.33,7,96,120,0,223,10,-11,123,21,143,366
YUM,Yum! Brands,145.74,4,0,32,260,296,17,-3,-6,58,66,362
HUBB,Hubbell Incorporated,437.12,1,81,5,183,270,-6,12,10,72,88,358
MA,Mastercard,584.0,-21,28,130,156,293,-12,35,14,27,64,357
NDAQ,"Nasdaq, Inc.",94.88,10,89,80,145,324,11,-7,14,15,33,357
GLW,Corning Inc.,72.39,84,82,23,18,207,33,89,12,15,149,356
HD,Home Depot (The),415.38,28,35,5,181,249,33,48,6,20,107,356
NEM,Newmont,75.92,96,107,23,6,232,19,69,23,11,122,354
FIX,Comfort Systems USA,709.53,5,86,21,65,177,9,98,14,56,177,354
WMT,Walmart,102.31,30,7,131,102,270,50,-11,14,30,83,353
BK,BNY Mellon,104.76,0,85,98,41,224,6,89,14,20,129,353
BR,Broadridge Financial Solutions,252.38,0,36,118,146,300,16,-5,14,26,51,351
APH,Amphenol,116.79,18,96,23,66,203,7,98,14,28,147,350
WDC,Western Digital,94.55,84,83,16,19,202,33,94,14,4,145,347
LOPE,Grand Canyon Education,205.23,34,23,151,36,244,7,22,38,35,102,346
LOW,Lowe's,269.13,34,35,4,167,240,33,47,5,20,105,345
PTC,PTC Inc.,204.04,-7,82,10,183,268,-8,46,11,27,76,344
DDS,Dillard's,567.96,85,65,18,55,223,33,19,11,56,119,342
KRC,Kilroy Realty,42.01,134,73,10,0,217,26,76,10,12,124,341
RSG,Republic Services,229.07,-21,-29,128,178,256,-18,-54,-5,161,84,340
NRG,NRG Energy,152.32,10,-6,107,95,206,11,-16,117,22,134,340
STE,Steris,248.53,13,22,18,196,249,19,15,26,26,86,335
PODD,Insulet,352.87,158,20,49,5,232,63,15,18,7,103,335
FYBR,Frontier Communications,37.33,63,21,93,0,177,24,20,98,15,157,334
AVGO,Broadcom,336.66,29,86,23,117,255,31,3,14,31,79,334
CHD,Church & Dwight,94.93,28,-31,-20,345,322,-5,7,-18,26,10,332
MEDP,Medpace,485.62,78,57,8,33,176,76,67,8,3,154,330
NFLX,Netflix,1263.26,29,1,120,21,171,33,14,91,21,159,330
SNX,TD Synnex,149.25,17,83,19,64,183,23,89,12,22,146,329
MPWR,Monolithic Power Systems,857.88,20,83,7,158,268,23,27,14,-3,61,329
LITE,Lumentum,151.73,77,81,18,4,180,33,89,12,11,145,325
SPOT,Spotify,719.16,20,4,116,13,153,33,18,99,21,171,324
FAST,Fastenal,47.9,-21,105,53,107,244,-13,49,17,27,80,324
SGI,Somnigroup International,84.32,0,83,45,65,193,-7,96,14,27,130,323
DHI,D. R. Horton,177.88,84,56,5,66,211,47,60,8,-3,112,323
HR,Healthcare Realty Trust,18.7,91,51,6,1,149,101,57,6,10,174,323
ANET,Arista Networks,141.91,56,68,11,59,194,-4,64,10,57,127,321
CBRE,CBRE Group,162.03,20,67,96,23,206,23,63,12,15,113,319
SPGI,S&P Global,547.67,3,83,20,173,279,11,-6,12,22,39,318
AAPL,Apple Inc.,234.35,0,50,2,252,304,-9,18,6,-1,14,318
IBM,IBM,259.08,29,-28,113,55,169,28,2,60,57,147,316
PANW,Palo Alto Networks,197.57,119,3,3,82,207,33,4,14,58,109,316
CRS,Carpenter Technology Corporation,244.74,21,-12,150,36,195,24,-28,75,50,121,316
RPM,RPM International,125.6,21,34,4,181,240,22,43,11,-1,75,315
FTI,TechnipFMC,39.66,87,83,21,28,219,38,5,14,38,95,314
APP,AppLovin,558.15,78,28,109,0,215,33,36,10,19,98,313
AME,Ametek,187.48,26,28,8,107,169,-1,28,14,102,143,312
TOL,Toll Brothers,144.85,86,67,4,62,219,-2,60,8,27,93,312
EHC,Encompass Health,125.28,42,17,147,30,236,-4,20,28,30,74,310
PHM,PulteGroup,136.67,84,56,5,66,211,-3,60,10,30,97,308
MCO,Moody's Corporation,507.98,3,83,20,157,263,11,-6,12,26,43,306
THC,Tenet Healthcare,196.48,161,20,18,58,257,-6,17,12,25,48,305
FICO,Fair Isaac,1546.81,87,0,-10,167,244,52,7,-32,32,59,303
TIGO,Millicom,47.85,-15,163,81,3,232,-24,48,28,17,69,301
ATO,Atmos Energy,164.09,-14,23,78,46,133,-6,39,89,46,168,301
L,Loews Corporation,95.92,-5,83,116,56,250,-12,18,14,25,45,295
AU,AngloGold Ashanti,61.92,70,27,80,19,196,19,36,28,15,98,294
DTE,DTE Energy,135.12,-2,0,78,190,266,-12,-5,31,14,28,294
WCC,Wesco International,212.62,-14,82,11,59,138,-12,96,12,58,154,292
AMG,Affiliated Managers Group,231.97,84,89,15,23,211,-12,60,14,18,80,291
V,Visa Inc.,343.95,-20,-3,141,134,252,-14,12,14,27,39,291
HEI,HEICO (Common),316.39,-1,0,29,190,218,-7,2,20,58,73,291
ITW,Illinois Tool Works,262.16,-2,54,6,179,237,-6,18,11,30,53,290
COR,Cencora,298.58,9,6,48,76,139,8,15,59,69,151,290
SSNC,SS&C Technologies,88.75,12,59,94,15,180,-2,84,11,16,109,289
AFG,American Financial Group,138.37,168,24,5,57,254,-12,24,8,15,35,289
SNPS,Synopsys,603.21,14,70,11,181,276,19,-12,12,-6,13,289
TTWO,Take-Two Interactive,247.9,57,6,49,14,126,79,13,49,21,162,288
FERG,Ferguson Enterprises,228.23,-7,85,15,66,159,-7,96,14,26,129,288
ETR,Entergy,87.0,-55,41,80,138,204,-19,-6,93,15,83,287
ALL,Allstate,200.1,-20,28,101,160,269,-12,-3,15,18,18,287
EBAY,eBay,92.45,0,92,81,15,188,-4,-3,86,17,96,284
DRI,Darden Restaurants,211.85,29,0,48,62,139,49,12,52,31,144,283
ADI,Analog Devices,248.16,0,14,15,180,209,18,14,14,27,73,282
TMUS,T-Mobile US,242.68,-16,22,98,140,244,-23,35,-12,36,36,280
GRMN,Garmin,238.49,13,56,116,20,205,26,17,10,22,75,280
ORCL,Oracle Corporation,241.62,16,0,15,199,230,21,-14,14,28,49,279
AWI,Armstrong World Industries,194.2,-7,90,98,22,203,-7,49,14,20,76,279
TKO,TKO Group Holdings,196.46,39,21,75,41,176,23,14,14,51,102,278
URI,United Rentals,944.81,-1,83,11,65,158,-7,54,12,58,117,275
ACM,AECOM,124.27,-2,89,20,66,173,-2,18,14,72,102,275
BX,Blackstone Inc.,173.2,16,54,8,143,221,21,1,9,22,53,274
TRV,Travelers Companies (The),273.56,-2,19,95,59,171,-12,30,28,57,103,274
KLAC,KLA Corporation,917.88,21,2,18,178,219,22,-9,14,27,54,273
MNST,Monster Beverage,63.35,8,22,30,181,241,5,-1,23,5,32,273
RCL,Royal Caribbean Group,345.36,-5,83,125,29,232,-12,11,14,28,41,273
RBC,RBC Bearings,375.02,-49,-1,97,165,212,-9,-6,18,58,61,273
CBOE,Cboe Global Markets,232.3,-2,-1,148,56,201,1,-9,26,52,70,271
PGR,Progressive Corporation,243.19,-7,-63,0,178,108,-17,-3,-7,190,163,271
PFGC,Performance Food Group,104.38,3,86,57,44,190,-5,12,14,58,79,269
FTAI,FTAI Aviation,165.38,91,29,7,48,175,23,29,10,32,94,269
UI,Ubiquiti,598.94,84,12,56,11,163,33,47,14,11,105,268
J,Jacobs Solutions,143.72,-56,81,10,107,142,-3,96,11,20,124,266
T,AT&T,29.42,7,23,74,17,121,5,25,98,16,144,265
C,Citigroup,97.32,11,83,23,19,136,7,93,14,15,129,265
HEI-A,HEICO (Class A),249.86,-1,0,30,183,212,-7,6,21,31,51,263
CVNA,Carvana,374.59,15,95,96,12,218,11,3,14,17,45,263
AXS,AXIS Capital,97.0,-20,0,90,46,116,-12,18,86,54,146,262
SHW,Sherwin-Williams,361.38,-6,26,5,191,216,-6,18,14,20,46,262
AL,Air Lease Corporation,63.59,149,13,21,23,206,-1,16,14,27,56,262
RL,Ralph Lauren Corporation,309.57,0,85,98,35,218,-12,14,14,27,43,261
GILD,Gilead Sciences,115.76,14,77,55,36,182,31,-5,12,40,78,260
ALNY,Alnylam Pharmaceuticals,482.13,7,82,21,16,126,14,90,14,16,134,260
AGNC,AGNC Investment,10.34,33,68,15,17,133,31,66,12,18,127,260
FFIV,"F5, Inc.",325.49,16,82,98,15,211,23,-6,14,18,49,260
OHI,Omega Healthcare Investors,42.83,49,42,10,41,142,42,34,9,32,117,259
NLY,Annaly Capital Management,22.26,37,65,22,11,135,44,51,12,17,124,259
AJG,Arthur J. Gallagher & Co.,298.5,-21,0,0,187,166,-21,11,-6,108,92,258
GD,General Dynamics,321.34,-7,105,12,55,165,-40,60,14,58,92,257
AON,AON,366.49,-7,26,0,178,197,-16,17,1,57,59,256
HIG,Hartford (The),130.84,-20,25,98,58,161,-17,29,25,57,94,255
RJF,Raymond James Financial,165.62,-5,82,96,59,232,-13,5,11,20,23,255
SYK,Stryker Corporation,392.76,16,1,21,160,198,8,6,12,30,56,254
LIN,Linde plc,473.45,-48,26,17,111,106,8,18,14,107,147,253
JEF,Jefferies Financial Group,64.3,6,59,0,59,124,6,59,5,58,128,252
SSD,Simpson Manufacturing Company,190.22,0,35,5,157,197,-2,48,10,-2,54,251
WPC,W. P. Carey,67.75,24,80,33,3,140,3,72,30,6,111,251
RITM,Rithm Capital,12.52,28,83,21,33,165,-5,50,14,27,86,251
DGX,Quest Diagnostics,182.68,8,22,72,19,121,22,20,72,15,129,250
MLI,Mueller Industries,95.4,-2,55,11,59,123,-6,48,12,72,126,249
R,Ryder,185.7,-2,68,15,57,138,-12,54,12,57,111,249
HOOD,Robinhood Markets,118.49,14,85,85,0,184,28,2,14,19,63,247
NEU,NewMarket,824.97,3,105,23,30,161,13,19,26,28,86,247
EME,Emcor,623.03,16,83,21,59,179,-5,2,12,58,67,246
EVR,Evercore,324.01,15,82,11,59,167,20,18,12,27,77,244
BYD,Boyd Gaming,85.37,-2,83,52,60,193,-4,11,14,28,49,242
RGLD,Royal Gold,184.85,91,13,65,19,188,19,21,-3,17,54,242
NVR,"NVR, Inc.",8278.88,44,52,0,66,162,-6,48,7,30,79,241
ALLE,Allegion,169.97,1,95,13,22,131,22,51,14,23,110,241
FWONA,Liberty Formula 1 (Series A),91.58,14,0,73,63,150,11,10,13,57,91,241
CIEN,Ciena,122.19,70,83,13,13,179,28,5,12,17,62,241
VMI,Valmont Industries,371.85,23,73,66,59,221,-2,-1,11,11,19,240
LLY,Lilly (Eli),750.59,10,-30,-7,173,146,3,5,-11,97,94,240
COF,Capital One,222.38,0,89,98,22,209,-12,9,14,19,30,239
BKNG,Booking Holdings,5572.81,0,1,140,36,177,9,12,14,27,62,239
LECO,Lincoln Electric,238.88,-7,82,11,66,152,-6,89,12,-8,87,239
DUK,Duke Energy,120.37,-56,39,80,184,247,-49,-3,26,17,-9,238
CW,Curtiss-Wright,481.91,3,91,23,55,172,12,-10,14,50,66,238
PNR,Pentair,109.12,24,83,13,63,183,-2,20,12,25,55,238
NI,NiSource,40.49,0,0,78,46,124,9,-4,93,15,113,237
ICE,Intercontinental Exchange,173.45,-71,-7,116,162,200,2,-13,26,22,37,237
VMC,Vulcan Materials,292.4,24,35,10,61,130,21,43,14,28,106,236
HLI,Houlihan Lokey,196.59,6,85,21,45,157,20,18,14,27,79,236
HCA,HCA Healthcare,413.54,42,22,7,98,169,-6,22,20,30,66,235
PM,Philip Morris International,164.74,0,-12,74,56,118,3,-3,89,28,117,235
HPE,Hewlett Packard Enterprise,23.89,20,79,5,43,147,6,16,11,55,88,235
LLYVA,Liberty Live (Series A),97.33,14,96,34,0,144,19,57,14,1,91,235
DASH,DoorDash,256.56,17,82,101,0,200,14,-14,14,19,33,233
SF,Stifel,112.58,-21,73,12,60,124,-12,88,11,21,108,232
AXON,Axon Enterprise,731.66,-49,-6,149,95,189,11,-13,14,31,43,232
FLEX,Flex Ltd.,56.2,29,12,22,59,122,33,5,14,58,110,232
TLN,Talen Energy,389.25,16,95,43,0,154,30,30,15,3,78,232
LLYVK,Liberty Live (Series C),100.18,14,89,34,0,137,20,59,14,1,94,231
NTAP,Netapp,123.13,84,26,2,58,170,33,18,11,-2,60,230
VIK,Viking Holdings,63.66,14,83,0,0,97,21,98,14,0,133,230
LHX,L3Harris,270.71,-35,105,16,6,92,9,98,16,15,138,230
CAT,Caterpillar Inc.,418.01,-6,82,12,65,153,-1,7,12,58,76,229
RS,"Reliance, Inc.",293.05,22,-27,0,116,111,21,4,14,78,117,228
THG,Hanover Insurance,179.3,42,22,65,25,154,-12,14,57,15,74,228
PH,Parker Hannifin,755.67,0,84,21,66,171,-3,15,14,31,57,228
FWONK,Liberty Formula 1 (Series C),101.52,3,0,74,58,135,11,10,14,57,92,227
PSTG,Pure Storage,79.18,76,13,3,43,135,19,5,10,58,92,227
STT,State Street Corporation,112.29,-4,85,21,17,119,-11,90,13,15,107,226
PRI,Primerica,271.73,29,5,0,109,143,28,12,12,31,83,226
NVT,Nvent Electric,91.42,18,83,12,13,126,-2,96,12,-6,100,226
INTU,Intuit,670.89,11,-14,21,192,210,-2,-20,14,21,13,223
HLT,Hilton Worldwide,274.97,-2,83,20,65,166,5,13,12,27,57,223
CAH,Cardinal Health,150.89,8,-13,59,39,93,18,2,52,58,130,223
NWS,News Corp (Class B),32.4,-5,-1,116,59,169,21,-5,14,22,52,221
VRSN,Verisign,285.71,63,-20,40,10,93,60,4,56,8,128,221
GWRE,Guidewire Software,255.96,25,3,114,22,164,19,3,14,21,57,221
SO,Southern Company,91.22,-73,0,80,191,198,-77,-8,27,80,22,220
EVRG,Evergy,71.11,-2,64,62,15,139,-10,-2,81,11,80,219
COKE,Coca-Cola Consolidated,122.62,28,12,0,87,127,51,7,-19,53,92,219
CRH,CRH plc,110.71,-5,37,11,65,108,29,46,8,28,111,219
MLM,Martin Marietta Materials,614.09,1,38,10,61,110,23,43,14,28,108,218
BRK-B,Berkshire Hathaway,492.8,-5,9,128,63,195,-12,17,-9,27,23,218
PG,Procter & Gamble,159.47,28,0,-10,180,198,-4,15,-18,27,20,218
LRCX,Lam Research,105.56,17,5,13,153,188,24,-2,14,-6,30,218
AN,AutoNation,224.98,28,20,21,62,131,-1,16,14,58,87,218
META,Meta Platforms,765.87,25,83,21,30,159,28,-6,12,24,58,217
ABBV,AbbVie,210.41,0,35,21,59,115,-12,42,7,65,102,217
CXT,Crane NXT,60.72,0,73,2,56,131,4,14,10,57,85,216
JLL,Jones Lang LaSalle,306.98,24,57,8,15,104,26,62,8,15,111,215
NET,Cloudflare,218.56,27,83,43,0,153,23,5,14,20,62,215
DKS,Dick's Sporting Goods,220.27,16,49,1,64,130,26,20,4,34,84,214
PAG,Penske Automotive Group,185.83,16,25,19,63,123,-1,19,14,58,90,213
CSL,Carlisle Companies,382.08,0,-1,0,179,178,-5,5,14,21,35,213
CINF,Cincinnati Financial,153.74,0,26,89,63,178,-12,17,14,16,35,213
UTHR,United Therapeutics,403.85,42,19,2,58,121,11,19,2,60,92,213
LDOS,Leidos,178.97,0,95,6,24,125,-2,52,17,20,87,212
WSM,"Williams-Sonoma, Inc.",202.16,27,49,12,66,154,31,-1,6,22,58,212
CNP,Centerpoint Energy,37.55,2,37,53,46,138,17,-7,47,16,73,211
BKR,Baker Hughes,45.44,90,37,8,36,171,-2,6,8,27,39,210
BPOP,"Popular, Inc.",124.14,-2,90,21,60,169,-12,18,14,20,40,209
CG,Carlyle Group (The),63.62,-2,74,12,22,106,-12,85,11,19,103,209
SNDK,SanDisk,70.5,85,16,0,0,101,84,18,6,0,108,209
LFUS,Littelfuse,260.97,3,83,7,3,96,21,88,12,-9,112,208
VLO,Valero Energy,161.84,120,12,4,45,181,9,11,13,-6,27,208
GE,GE Aerospace,276.22,0,94,23,28,145,-6,5,34,30,63,208
TPR,"Tapestry, Inc.",105.17,6,83,84,22,195,-10,-10,12,20,12,207
BWA,BorgWarner,43.7,28,85,12,3,128,33,49,14,-17,79,207
OMF,OneMain Financial,60.83,-5,83,21,61,160,-12,18,14,27,47,207
SOFI,SoFi,25.97,16,75,50,0,141,23,19,12,12,66,207
W,Wayfair,86.23,42,83,8,-42,91,53,89,14,-41,115,206
AYI,Acuity Brands,328.29,-2,59,8,28,93,-6,88,10,21,113,206
SCI,Service Corporation International,79.46,0,1,0,176,177,5,-2,12,14,29,206
GGG,Graco Inc.,84.8,-2,-1,4,179,180,-6,17,14,-1,24,204
OLLI,Ollie's Bargain Outlet,127.89,-7,0,119,17,129,-5,-12,67,24,74,203
ROIV,Roivant Sciences,13.48,65,20,5,0,90,62,36,14,1,113,203
CMI,Cummins,394.77,-7,55,9,66,123,-7,46,10,31,80,203
ZG,Zillow (Class A),83.85,21,56,58,0,135,26,12,7,21,66,201
WMB,Williams Companies,57.57,0,-25,116,53,144,2,-17,14,58,57,201
HOG,Harley-Davidson,30.99,133,20,0,-10,143,43,17,9,-12,57,200
ULTA,Ulta Beauty,513.84,0,93,16,5,114,-16,96,16,-10,86,200
SKX,Skechers,63.25,66,9,-28,56,103,50,8,11,27,96,199
ZM,Zoom Communications,85.62,117,9,4,-1,129,50,11,4,5,70,199
U,Unity Technologies,45.51,23,72,10,0,105,33,46,14,1,94,199
IVZ,Invesco,22.22,16,59,11,3,89,28,55,11,14,108,197
DE,Deere & Company,475.48,-2,-13,53,110,148,15,-26,49,11,49,197
TDG,TransDigm Group,1312.09,0,-19,1,158,140,5,-20,14,58,57,197
DOCS,Doximity,69.5,22,53,58,0,133,27,18,4,13,62,195
DCI,Donaldson Company,80.25,4,35,6,66,111,-3,42,14,31,84,195
CME,CME Group,261.56,-27,-17,58,137,151,-19,-12,54,20,43,194
MO,Altria,66.21,-19,36,74,46,137,-19,29,30,17,57,194
PWR,Quanta Services,373.64,-7,0,21,100,114,11,-19,14,73,79,193
EXPE,Expedia Group,217.7,16,56,53,12,137,9,22,10,15,56,193
JHG,Janus Henderson,44.33,16,68,10,20,114,-3,52,11,19,79,193
STWD,Starwood Property Trust,20.62,29,5,22,59,115,28,13,14,22,77,192
WEC,WEC Energy Group,107.56,5,39,59,14,117,2,-11,72,12,75,192
USFD,US Foods,78.05,2,-7,147,36,178,-4,-23,14,27,14,192
AAON,AAON,78.16,-44,-1,-17,246,184,-7,12,-29,32,8,192
OSK,Oshkosh Corporation,135.93,-7,82,15,5,95,-7,87,12,3,95,190
IONS,Ionis Pharmaceuticals,64.42,42,86,5,1,134,42,11,14,-11,56,190
CACI,CACI,479.79,2,1,6,155,164,13,-4,18,-2,25,189
MAS,Masco,73.46,0,49,-1,66,114,-2,49,5,22,74,188
MCK,McKesson Corporation,705.56,9,-12,46,59,102,8,11,-1,68,86,188
MTG,MGIC Investment Corporation,28.25,31,20,23,56,130,-5,20,14,29,58,188
CELH,Celsius Holdings,56.03,-23,122,0,66,165,-21,31,22,-10,22,187
ALAB,Astera Labs,214.45,27,81,1,0,109,26,43,9,0,78,187
OZK,Bank OZK,51.98,-6,83,21,57,155,-12,11,12,20,31,186
AIZ,Assurant,211.09,-22,24,5,153,160,-20,20,6,20,26,186
GAP,Gap Inc.,24.08,97,1,1,19,118,40,15,-7,20,68,186
ETN,Eaton Corporation,348.2,0,-6,12,115,121,-2,-19,12,73,64,185
TT,Trane Technologies,409.28,-7,-9,20,165,169,-6,-22,14,30,16,185
LH,Labcorp,278.13,6,33,59,16,114,19,20,12,19,70,184
SPR,Spirit AeroSystems,40.88,-7,97,22,0,112,8,15,34,15,72,184
MSFT,Microsoft,498.45,-21,-2,20,174,171,-12,-16,14,26,12,183
VNT,Vontier,42.59,0,83,9,0,92,-5,90,12,-6,91,183
LEN-B,Lennar (Class B),131.21,35,35,0,63,133,-2,49,5,-2,50,183
SYY,Sysco,80.84,0,70,11,4,85,-12,83,11,15,97,182
LEN,Lennar (Class A),137.47,33,39,-1,65,136,-3,48,5,-4,46,182
CPRT,Copart,48.06,-6,0,-17,177,154,9,17,-27,29,28,182
APPF,AppFolio,279.58,27,68,9,29,133,25,-14,9,29,49,182
PEN,"Penumbra, Inc.",287.18,84,8,36,12,140,26,21,-10,4,41,181
TSCO,Tractor Supply Company,59.08,-36,49,11,86,110,-40,17,8,86,71,181
EXEL,Exelixis,38.29,10,-30,68,15,63,28,5,59,25,117,180
ESI,Element Solutions,25.74,21,55,-1,58,133,19,19,11,-2,47,180
EXPD,Expeditors International,120.98,1,28,5,132,166,-12,19,10,-4,13,179
DRS,Leonardo DRS,40.32,-26,-15,143,59,161,-28,2,14,30,18,179
MPC,Marathon Petroleum,183.2,97,9,3,50,159,5,9,14,-9,19,178
WSO,Watsco,401.7,0,-27,-7,197,163,-1,-25,-32,72,14,177
FOXA,Fox Corporation (Class A),58.62,-7,19,72,2,86,49,15,12,15,91,177
VTR,"Ventas, Inc.",68.26,6,39,76,23,144,12,-3,8,16,33,177
RBLX,Roblox Corporation,131.78,77,1,57,0,135,7,2,20,12,41,176
MMC,Marsh McLennan,201.88,-72,-64,-7,176,33,-20,-2,-15,179,142,175
BRX,Brixmor Property Group,27.85,0,65,4,56,125,-10,18,14,27,49,174
FNB,FNB Corporation,16.35,-5,83,5,56,139,-12,13,13,20,34,173
IBKR,Interactive Brokers,62.22,-21,1,93,58,131,-18,-10,12,58,42,173
ADT,ADT Inc.,8.6,-10,103,35,0,128,-12,18,29,9,44,172
KR,Kroger,67.66,-7,-9,83,68,135,-21,-12,54,16,37,172
SCCO,Southern Copper,99.9,41,5,0,63,109,33,18,14,-3,62,171
SRE,Sempra,80.3,-28,38,4,182,196,-32,-3,12,-2,-25,171
RMD,Resmed,279.22,0,89,21,14,124,23,-3,13,14,47,171
SPG,Simon Property Group,179.38,0,52,5,36,93,-7,51,12,22,78,171
TDY,Teledyne Technologies,544.54,6,82,56,15,159,-5,-14,14,16,11,170
FOX,Fox Corporation (Class B),52.98,-7,19,71,2,85,49,15,11,10,85,170
BLD,TopBuild,420.62,0,57,6,47,110,-6,60,10,-4,60,170
FHN,First Horizon Corporation,22.81,3,83,56,5,147,-12,12,12,11,23,170
UNP,Union Pacific Corporation,216.01,-21,-11,-10,199,157,-13,-3,8,20,12,169
BWXT,BWX Technologies,162.22,0,81,17,36,134,-4,-7,14,32,35,169
DTM,DT Midstream,105.03,19,1,107,0,127,11,-9,14,26,42,169
WTW,Willis Towers Watson,329.56,0,28,12,25,65,26,42,4,30,102,167
LNG,Cheniere Energy,234.39,-22,13,64,59,114,-42,24,14,57,53,167
FLS,Flowserve,55.21,23,54,2,28,107,24,3,7,26,60,167
AXP,American Express,324.21,0,12,21,100,133,-12,12,12,22,34,167
ARES,Ares Management,175.04,-14,0,21,60,67,-12,-10,14,107,99,166
SYF,Synchrony Financial,76.09,3,83,21,22,129,-12,18,12,19,37,166
CTAS,Cintas,202.07,-122,-17,23,168,52,-79,-12,17,188,114,166
KO,Coca-Cola Company (The),67.9,-27,-12,32,183,176,-18,-5,-2,15,-10,166
LMT,Lockheed Martin,457.02,26,9,-33,166,168,-2,11,-8,-3,-2,166
NTRS,Northern Trust,128.89,-5,83,20,12,110,2,25,14,14,55,165
NXST,Nexstar Media Group,202.65,-1,82,13,5,99,-5,49,11,11,66,165
KMI,Kinder Morgan,26.64,-1,-24,96,45,116,1,-17,12,53,49,165
HIW,Highwoods Properties,31.81,84,9,4,7,104,21,12,14,14,61,165
PPL,PPL Corporation,35.74,-73,41,80,24,72,-12,-2,92,15,93,165
MDT,Medtronic,94.07,8,50,15,2,75,5,64,7,14,90,165
JBL,Jabil,209.18,21,0,23,66,110,-2,-17,15,58,54,164
THO,Thor Industries,109.5,0,67,5,3,75,-4,89,10,-7,88,163
AIT,Applied Industrial Technologies,261.6,-7,52,11,59,115,-12,-9,10,58,47,162
BLK,BlackRock,1106.34,-5,82,21,23,121,7,-3,14,22,40,161
FRT,Federal Realty Investment Trust,100.32,132,15,-1,2,148,-5,15,5,-2,13,161
IDA,Idacorp,124.62,-1,52,60,19,130,-9,-2,30,11,30,160
Z,Zillow (Class C),87.19,21,56,15,0,92,26,12,8,21,67,159
HHH,Howard Hughes Holdings,78.14,84,23,2,0,109,29,18,3,-1,49,158
IDXX,Idexx Laboratories,655.17,20,90,18,5,133,21,-1,14,-9,25,158
GL,Globe Life,140.45,3,35,49,15,102,4,34,8,9,55,157
ELF,e.l.f. Beauty,138.97,63,9,0,32,104,33,14,12,-6,53,157
RKT,Rocket Companies,20.46,28,39,8,0,75,31,36,13,2,82,157
UNM,Unum,73.26,37,-29,2,41,51,33,3,14,55,105,156
VICI,Vici Properties,33.1,-14,14,62,16,78,-13,6,27,58,78,156
EWBC,East West Bancorp,108.15,29,12,13,23,77,33,12,13,20,78,155
GTES,Gates Corporation,25.17,-3,83,21,16,117,-7,12,14,19,38,155
FAF,First American Financial Corporation,66.76,24,32,6,15,77,27,29,1,19,76,153
FNF,Fidelity National Financial,59.97,24,20,6,59,109,5,32,-15,22,44,153
NFG,National Fuel Gas,86.0,-33,0,64,53,84,-14,-3,75,11,69,153
HST,Host Hotels & Resorts,17.44,125,15,2,3,145,-10,12,12,-7,7,152
AMZN,Amazon,238.23,28,5,21,22,76,28,15,11,21,75,151
VRSK,Verisk Analytics,268.66,13,-31,0,115,97,29,1,-6,29,53,150
ELAN,Elanco,18.77,16,86,6,0,108,17,18,13,-7,41,149
GM,General Motors,58.02,-7,65,11,12,81,-14,57,11,14,68,149
INFA,Informatica,24.78,-28,74,0,0,46,3,96,12,-8,103,149
HPQ,HP Inc.,29.04,84,20,-29,2,77,52,18,3,-2,71,148
EQH,Equitable Holdings,52.69,-1,4,96,12,111,-12,15,14,20,37,148
NVDA,Nvidia,170.76,-49,1,18,135,105,11,-9,14,27,43,148
SEIC,SEI Investments Company,86.64,-21,-3,96,36,108,-12,10,14,27,39,147
CMA,Comerica,69.06,-18,57,11,5,55,-20,88,11,13,92,147
RF,Regions Financial Corporation,26.83,-5,82,11,23,111,-12,19,12,15,34,145
LAMR,Lamar Advertising,127.97,13,12,5,65,95,4,12,12,22,50,145
ADSK,Autodesk,325.2,56,7,3,15,81,22,7,14,20,63,144
WTFC,Wintrust Financial,137.96,29,20,13,50,112,-12,12,12,20,32,144
KEY,Keycorp,19.09,0,83,12,5,100,5,12,12,14,43,143
H,Hyatt Hotels,144.26,0,5,1,56,62,7,8,10,56,81,143
AMAT,Applied Materials,163.56,16,-17,-5,150,144,21,-28,12,-6,-1,143
NWSA,News Corp (Class A),29.43,13,0,13,59,85,24,-3,14,22,57,142
CCL,Carnival Corporation & plc,31.56,0,82,21,2,105,-7,12,12,20,37,142
LPX,Louisiana-Pacific,95.67,0,30,-1,64,93,-3,20,4,27,48,141
MUSA,Murphy USA,391.49,19,0,-17,69,71,21,2,-33,80,70,141
ADP,Automatic Data Processing,297.35,-71,-6,0,181,104,-18,-19,14,58,35,139
ADM,Archer Daniels Midland,62.19,0,84,6,0,90,-4,60,14,-21,49,139
MSA,MSA Safety,168.79,-7,0,0,165,158,-12,-16,14,-6,-20,138
CLH,Clean Harbors,236.43,-21,35,5,59,78,-12,-2,14,58,58,136
GLPI,Gaming and Leisure Properties,48.09,5,12,4,66,87,-10,12,-12,58,48,135
MTCH,Match Group,38.21,27,67,8,-38,64,26,75,9,-39,71,135
WBS,Webster Bank,61.18,-5,83,12,15,105,-12,12,12,18,30,135
JCI,Johnson Controls,106.28,0,0,79,20,99,-2,5,14,19,36,135
MRP,Millrose Properties,35.0,1,72,0,0,73,4,50,7,0,61,134
SNA,Snap-on,322.73,-1,4,0,60,63,-6,12,7,58,71,134
AEE,Ameren,99.18,-2,0,60,14,72,-9,-5,65,11,62,134
GNTX,Gentex,28.21,21,48,0,0,69,19,46,8,-9,64,133
NOW,ServiceNow,933.79,17,-23,0,83,77,19,2,12,23,56,133
CVX,Chevron Corporation,154.82,-21,45,11,49,84,-29,66,5,7,49,133
EPR,EPR Properties,55.29,4,-21,61,30,74,1,2,34,22,59,133
SEB,Seaboard Corporation,3925.16,0,57,9,2,68,-19,69,12,1,63,131
AFL,Aflac,106.28,-2,19,5,59,81,-12,18,-12,56,50,131
LAZ,Lazard,55.21,-2,66,6,21,91,-4,18,11,14,39,130
TNL,Travel + Leisure Co.,62.21,-5,73,13,17,98,-12,18,11,15,32,130
CB,Chubb Limited,277.01,0,0,6,59,65,1,15,-8,57,65,130
FSLR,First Solar,203.28,21,48,0,63,132,-12,3,14,-7,-2,130
LPLA,LPL Financial,339.79,-21,-8,49,100,120,-44,-19,14,58,9,129
INCY,Incyte,85.61,-1,69,7,1,76,2,33,10,8,53,129
O,Realty Income,59.51,8,27,14,8,57,26,17,14,14,71,128
AFRM,Affirm Holdings,88.41,1,65,16,0,82,-11,26,12,18,45,127
SLM,Sallie Mae,29.82,-14,-17,94,23,86,-12,-17,48,22,41,127
LNC,Lincoln Financial,41.57,-6,52,22,2,70,-16,52,12,9,57,127
KKR,KKR & Co. Inc.,137.38,0,0,1,104,105,9,-19,10,22,22,127
TSLA,"Tesla, Inc.",347.04,21,22,2,11,56,23,28,8,11,70,126
MHK,Mohawk Industries,135.46,28,45,2,0,75,-2,49,6,-2,51,126
TER,Teradyne,115.02,-6,54,0,3,51,-10,84,7,-6,75,126
MSM,MSC Industrial Direct,91.87,27,12,11,59,109,-2,14,14,-10,16,125
WYNN,Wynn Resorts,121.51,0,85,12,4,101,5,13,14,-9,23,124
MMM,3M,153.06,-7,4,78,15,90,-12,17,14,15,34,124
PCAR,Paccar,97.52,-42,4,-26,160,96,-5,-3,1,35,28,124
HAYW,Hayward Holdings,15.64,-6,54,6,0,54,-6,46,12,17,69,123
DINO,HF Sinclair,52.43,7,85,4,2,98,5,15,14,-9,25,123
STAG,STAG Industrial,36.13,-3,12,4,97,110,-12,15,14,-5,12,122
ROST,Ross Stores,149.03,0,26,4,36,66,-12,35,3,30,56,122
CORT,Corcept Therapeutics,71.78,5,0,68,20,93,5,-1,-15,39,28,121
WFC,Wells Fargo,80.73,-5,1,96,30,122,-42,7,14,20,-1,121
CFG,Citizens Financial Group,51.71,1,71,12,5,89,-12,18,11,15,32,121
CNM,Core & Main,49.7,-7,-1,0,0,-8,-7,96,14,25,128,120
DD,DuPont,76.72,13,54,-7,20,80,21,12,11,-4,40,120
EXP,Eagle Materials,228.53,0,34,-19,58,73,-3,46,4,-1,46,119
GWW,W. W. Grainger,994.85,-21,0,-7,95,67,-12,11,-5,58,52,119
JNJ,Johnson & Johnson,176.98,-6,49,12,8,63,-7,47,9,7,56,119
TRMB,Trimble Inc.,80.06,0,0,83,5,88,20,-15,12,13,30,118
FITB,Fifth Third Bancorp,45.42,0,59,4,23,86,-12,16,11,17,32,118
RDDT,Reddit,240.26,28,58,1,0,87,-2,27,6,0,31,118
HAS,Hasbro,78.62,-21,83,18,4,84,-12,19,14,12,33,117
LVS,Las Vegas Sands,54.0,-27,83,10,3,69,-37,89,11,-15,48,117
NNN,NNN Reit,42.67,22,5,4,23,54,28,6,14,15,63,117
MU,Micron Technology,135.24,28,9,2,23,62,28,18,14,-6,54,116
PNC,PNC Financial Services,200.42,-6,73,6,15,88,-12,14,11,15,28,116
VST,Vistra Corp.,193.78,7,0,23,31,61,11,-14,12,46,55,116
AMKR,Amkor Technology,24.87,17,68,0,3,88,21,4,8,-6,27,115
PPC,Pilgrim's Pride,43.65,-7,-3,90,22,102,11,-10,-8,19,12,114
FE,FirstEnergy,43.36,-2,36,10,56,100,-14,-1,14,15,14,114
VIRT,Virtu Financial,38.03,-27,-7,80,15,61,-18,-19,75,15,53,114
NBIX,Neurocrine Biosciences,144.18,26,20,4,26,76,20,12,11,-5,38,114
LAD,Lithia Motors,344.76,26,10,2,15,53,21,12,5,22,60,113
XPO,"XPO, Inc.",130.56,0,2,0,62,64,-1,11,11,28,49,113
BA,Boeing,229.53,-21,96,12,0,87,8,16,14,-12,26,113
M,"Macy's, Inc.",17.24,36,49,2,-16,71,33,12,3,-7,41,112
PKG,Packaging Corporation of America,214.15,-5,13,0,62,70,-5,13,7,27,42,112
DBX,Dropbox,31.21,35,9,3,10,57,28,14,4,9,55,112
NU,Nubank,15.45,16,14,5,0,35,33,9,14,20,76,111
DOV,Dover Corporation,174.65,-7,-8,-7,107,85,-7,3,10,20,26,111
NTNX,Nutanix,75.72,30,0,2,23,55,44,-27,14,25,56,111
ROP,Roper Technologies,519.49,-6,-27,-6,183,144,-12,-44,-5,27,-34,110
ABT,Abbott Laboratories,131.96,-1,12,60,14,85,-6,24,-8,15,25,110
ATI,ATI Inc.,74.86,-6,-14,20,44,44,-4,2,14,53,65,109
MP,MP Materials,63.15,-42,66,36,0,60,2,-8,49,5,48,108
F,Ford Motor Company,11.49,-7,97,6,-1,95,-12,17,14,-6,13,108
ALSN,Allison Transmission,88.54,23,-1,-9,36,49,33,16,-25,35,59,108
UAL,United Airlines Holdings,105.65,-5,56,5,12,68,-5,20,8,17,40,108
PEGA,Pegasystems,57.01,27,3,23,6,59,19,2,12,16,49,108
BOKF,BOK Financial Corporation,110.63,0,52,4,23,79,-12,18,8,15,29,108
SSB,SouthState Corporation,101.03,-4,54,4,23,77,-10,12,8,20,30,107
REG,Regency Centers,72.37,1,15,9,54,79,-10,4,14,20,28,107
EMR,Emerson Electric,132.07,4,0,20,65,89,-2,-21,14,27,18,107
DOCU,DocuSign,79.78,84,0,0,-13,71,26,4,-6,12,36,107
KIM,Kimco Realty,22.35,-2,20,3,56,77,-9,12,12,15,30,107
MDB,MongoDB Inc.,331.11,63,17,2,0,82,19,9,6,-10,24,106
VVV,Valvoline,39.76,3,24,0,32,59,23,18,11,-5,47,106
XEL,Xcel Energy,72.02,-14,39,55,13,93,-69,8,63,10,12,105
TPG,TPG Inc.,58.96,0,66,6,0,72,6,-1,8,20,33,105
EXLS,EXL Service,44.12,25,-2,0,66,89,-4,3,3,14,16,105
XOM,ExxonMobil,110.67,-21,2,0,45,26,4,11,13,51,79,105
CPNG,Coupang,32.33,19,2,21,0,42,28,2,14,18,62,104
MAR,Marriott International,263.96,-2,-1,0,59,56,-2,11,11,28,48,104
BURL,Burlington Stores,281.48,-9,46,5,4,46,-12,45,7,18,58,104
VEEV,Veeva Systems,282.68,2,0,49,9,60,19,-8,14,19,44,104
BAC,Bank of America,50.28,4,16,21,19,60,1,13,14,15,43,103
CRUS,Cirrus Logic,116.39,16,20,2,20,58,19,15,14,-4,44,102
HSY,Hershey Company (The),187.76,49,49,8,0,106,5,3,8,-20,-4,102
NOC,Northrop Grumman,571.46,-58,50,14,59,65,5,-2,21,13,37,102
MRVL,Marvell Technology,66.83,0,-7,-25,107,75,19,-15,4,19,27,102
BLDR,Builders FirstSource,140.46,3,49,-32,66,86,-4,19,4,-4,15,101
DAL,Delta Air Lines,60.66,-6,55,5,20,74,-26,20,6,27,27,101
PFG,Principal Financial Group,80.05,7,12,0,56,75,-12,7,11,19,25,100
APO,Apollo Global Management,134.42,4,-15,-5,98,82,8,-27,10,27,18,100
REXR,Rexford Industrial,42.75,27,68,0,-19,76,28,19,10,-33,24,100
NTRA,Natera,176.44,12,14,5,19,50,7,18,4,20,49,99
KNSL,Kinsale Capital Group,441.41,-12,-12,-1,34,9,-13,5,11,86,89,98
MSCI,MSCI,568.82,12,2,0,15,29,17,19,11,21,68,97
FTNT,Fortinet,79.84,18,-27,-6,114,99,19,-29,-6,14,-2,97
UBER,Uber,95.44,2,2,22,0,26,9,15,20,27,71,97
TXT,Textron,80.53,1,0,0,54,55,26,7,14,-6,41,96
UWMC,United Wholesale Mortgage,6.41,29,23,0,0,52,28,19,2,-5,44,96
RKLB,Rocket Lab,47.0,2,3,53,0,58,9,5,14,9,37,95
ZION,Zions Bancorporation,56.89,-5,65,4,5,69,-12,11,11,16,26,95
HII,Huntington Ingalls Industries,267.02,-14,122,12,7,127,-44,2,20,-10,-32,95
GXO,GXO Logistics,50.88,-7,83,5,0,81,-5,15,13,-9,14,95
XYL,Xylem Inc.,137.55,-47,83,12,23,71,-12,-2,14,23,23,94
VLTO,Veralto,105.03,-2,83,6,0,87,-3,-3,13,0,7,94
RVMD,Revolution Medicines,40.95,66,3,-18,0,51,21,9,14,-1,43,94
TFC,Truist Financial,45.27,-6,57,5,5,61,-12,18,11,15,32,93
ADC,Agree Realty,72.3,0,-1,67,17,83,15,-10,-9,14,10,93
GEN,Gen Digital,29.48,-5,0,19,17,31,17,14,14,17,62,93
EQT,EQT Corporation,50.25,-21,-27,45,43,40,-5,2,45,11,53,93
PLNT,Planet Fitness,102.55,-7,-6,67,14,68,-2,-3,14,15,24,92
NVST,Envista,20.81,0,68,8,0,76,19,19,10,-33,15,91
TEM,Tempus AI,81.01,25,20,0,0,45,21,18,7,0,46,91
ROKU,"Roku, Inc.",96.99,0,64,14,-20,58,7,12,9,5,33,91
SUI,Sun Communities,130.23,28,7,7,-25,17,28,20,14,12,74,91
VNO,Vornado Realty Trust,39.88,52,5,0,5,62,-4,5,12,16,29,91
KEYS,Keysight,169.17,27,5,2,1,35,32,5,12,6,55,90
RBRK,Rubrik,98.58,16,2,0,0,18,19,5,48,0,72,90
FIVE,Five Below,142.96,-7,85,4,0,82,-8,16,15,-16,7,89
PSX,Phillips 66,132.28,7,12,0,42,61,9,12,13,-6,28,89
ALLY,Ally Financial,41.41,26,12,6,5,49,-2,13,12,17,40,89
LYFT,Lyft,18.4,37,17,5,-2,57,9,12,14,-3,32,89
EXR,Extra Space Storage,144.84,35,2,-7,0,30,27,3,14,14,58,88
QRVO,Qorvo,92.11,8,83,0,-32,59,5,18,12,-6,29,88
MET,Metlife,79.28,-19,14,0,59,54,-12,14,12,19,33,87
TRU,TransUnion,93.71,21,2,1,4,28,30,2,12,15,59,87
COHR,Coherent Corp.,99.21,28,0,2,16,46,24,-10,11,16,41,87
NYT,New York Times Company,58.23,-7,24,6,17,40,-9,19,14,22,46,86
MTSI,MACOM Technology Solutions,129.74,16,-3,3,59,75,-5,-27,12,30,10,85
USB,U.S. Bancorp,49.36,9,16,4,5,34,7,17,11,16,51,85
NCLH,Norwegian Cruise Line Holdings,25.37,7,54,4,0,65,-12,3,7,21,19,84
TROW,T. Rowe Price,107.17,-2,68,2,-26,42,-19,52,10,-1,42,84
WAB,Wabtec,190.13,-14,-19,0,50,17,-12,7,14,57,66,83
STLD,Steel Dynamics,130.29,0,0,4,56,60,-1,11,14,-1,23,83
POST,Post Holdings,105.87,-28,-2,-2,88,56,-33,14,-12,58,27,83
LNW,Light & Wonder,87.97,0,-6,-7,58,45,17,13,-19,26,37,82
IRM,Iron Mountain,96.65,8,-24,-7,58,35,21,-45,14,57,47,82
KRMN,Karman Holdings,62.53,21,20,0,0,41,23,11,6,0,40,81
SITE,SiteOne Landscape Supply,142.46,-2,50,0,-10,38,-4,49,7,-9,43,81
MTD,Mettler Toledo,1286.28,0,68,-27,0,41,19,18,8,-6,39,80
MKL,Markel,1929.45,-45,-3,72,56,80,-20,-19,12,27,0,80
RLI,RLI Corp.,67.07,-2,-67,-14,177,94,21,-1,-33,-1,-14,80
APG,APi Group,34.79,-7,0,22,0,15,9,15,14,27,65,80
AOS,A. O. Smith,72.0,3,5,-1,59,66,-2,7,14,-6,13,79
CGNX,Cognex Corporation,44.37,23,65,5,-32,61,-2,51,10,-41,18,79
CHWY,Chewy,42.1,22,0,45,0,67,-5,16,-5,6,12,79
CNA,CNA Financial,47.27,-23,24,6,58,65,-20,25,-13,21,13,78
DKNG,DraftKings,45.91,-21,59,13,0,51,-12,12,6,21,27,78
VOYA,Voya Financial,75.51,28,24,5,5,62,-12,18,12,-2,16,78
HBAN,Huntington Bancshares,17.63,0,12,13,22,47,-12,12,14,17,31,78
AMP,Ameriprise Financial,493.5,-21,-7,0,65,37,-40,-3,12,72,41,78
SCHW,Charles Schwab Corporation,93.67,-21,0,81,12,72,-13,-10,14,15,6,78
WMS,Advanced Drainage Systems,138.18,-7,25,0,4,22,23,23,14,-4,56,78
MSTR,MicroStrategy,328.45,-40,-18,103,20,65,5,-28,14,21,12,77
EFX,Equifax,252.15,17,0,-8,17,26,21,-3,14,19,51,77
PCOR,Procore,70.03,26,1,0,0,27,21,3,4,20,48,75
EQR,Equity Residential,66.63,25,1,0,14,40,22,6,-7,14,35,75
GNRC,Generac,181.83,0,67,7,-35,39,17,-3,11,11,36,75
AVT,Avnet,53.12,0,0,5,46,51,-3,15,14,-3,23,74
DOX,Amdocs,85.75,3,-21,0,59,41,21,-8,14,6,33,74
CI,Cigna,302.18,7,2,-1,59,67,-2,17,-7,-2,6,73
CHRW,C.H. Robinson,126.03,-13,51,7,5,50,-40,44,10,9,23,73
UGI,UGI Corporation,34.22,0,-10,46,5,41,-5,-23,53,6,31,72
OGE,OGE Energy,43.79,-56,-3,72,46,59,-68,-6,72,15,13,72
DOC,Healthpeak Properties,18.06,120,4,-21,-32,71,19,7,-36,10,0,71
INGR,Ingredion,127.07,-14,-27,-2,35,-8,5,3,14,57,79,71
HON,Honeywell,214.22,-42,-18,0,179,119,-55,-30,14,23,-48,71
RGA,Reinsurance Group of America,190.84,-14,1,-7,41,21,-17,18,-5,54,50,71
CTVA,Corteva,72.47,-35,0,57,0,22,8,14,14,12,48,70
FCX,Freeport-McMoRan,43.87,-6,6,0,59,59,-7,11,14,-7,11,70
VZ,Verizon,43.56,-2,23,34,11,66,-12,-3,4,15,4,70
SNV,Synovus,51.48,31,-9,3,22,47,-12,7,12,15,22,69
EOG,EOG Resources,118.26,-20,0,-2,46,24,-26,12,7,52,45,69
ALK,Alaska Air Group,62.3,0,49,2,3,54,-17,20,2,10,15,69
BEN,Franklin Templeton Investments,24.57,-21,86,12,2,79,-19,18,14,-23,-10,69
OC,Owens Corning,149.13,-2,25,-28,59,54,-6,18,3,-1,14,68
EA,Electronic Arts,166.04,-35,29,8,8,10,-5,21,20,22,58,68
MTB,M&T Bank,199.8,1,12,5,23,41,-12,12,12,15,27,68
DECK,Deckers Brands,115.42,-6,9,-28,94,69,-16,6,-24,32,-2,67
FRHC,Freedom Holding,166.62,-13,0,58,15,60,-26,-13,14,31,6,66
GPC,Genuine Parts Company,138.95,-2,36,5,0,39,-12,43,14,-18,27,66
BG,Bunge Global,84.14,0,14,0,0,14,16,28,14,-6,52,66
VRTX,Vertex Pharmaceuticals,396.45,0,-25,-6,105,74,-12,-25,-10,38,-9,65
SNOW,Snowflake Inc.,225.54,0,8,19,0,27,14,8,14,2,38,65
CART,Maplebear Inc.,45.47,21,-12,2,0,11,56,-13,11,0,54,65
NUE,Nucor,141.04,-12,60,0,4,52,-10,19,11,-9,11,63
WAL,Western Alliance Bancorporation,88.4,-2,20,4,5,27,-12,18,11,19,36,63
LOAR,Loar Holdings,78.58,30,0,0,0,30,30,10,-7,0,33,63
RPRX,Royalty Pharma,36.51,3,1,36,0,40,4,-12,30,1,23,63
SHC,Sotera Health,15.81,0,22,5,0,27,14,22,6,-7,35,62
FCNCA,First Citizens BancShares,1945.95,-21,-3,-2,60,34,-12,7,11,22,28,62
XP,XP Inc.,18.2,21,0,3,0,24,21,6,20,-9,38,62
HXL,Hexcel,62.86,-7,55,0,0,48,-5,20,8,-10,13,61
LEA,Lear Corporation,111.04,28,20,0,-18,30,21,12,13,-16,30,60
BBY,Best Buy,77.03,29,20,-28,-7,14,30,17,2,-3,46,60
MKSI,MKS Instruments,108.31,16,4,0,0,20,21,15,10,-6,40,60
AVB,AvalonBay Communities,195.24,16,1,-7,17,27,21,7,-11,16,33,60
BC,Brunswick Corporation,65.32,26,67,-42,0,51,-2,12,8,-10,8,59
INGM,Ingram Micro,20.45,21,0,0,0,21,24,3,11,0,38,59
OLN,Olin Corporation,25.36,84,12,-64,-10,22,46,12,2,-24,36,58
TOST,"Toast, Inc.",40.91,-35,-6,81,0,40,2,-16,14,18,18,58
MSGS,Madison Square Garden Sports,206.41,14,1,-8,22,29,14,8,7,-1,28,57
FHB,"First Hawaiian, Inc.",25.69,0,12,4,15,31,-12,12,11,15,26,57
CLF,Cleveland-Cliffs,10.81,21,48,-1,-17,51,-1,8,7,-9,5,56
RYN,Rayonier,26.19,0,25,-1,0,24,-1,41,2,-10,32,56
EXAS,Exact Sciences,55.39,48,3,0,-26,25,42,11,-6,-17,30,55
APTV,Aptiv,82.15,28,20,5,-25,28,33,16,14,-37,26,54
UHS,Universal Health Services,186.43,28,15,-15,23,51,-7,19,-8,-2,2,53
ECL,Ecolab,270.66,-59,26,20,23,10,-12,21,14,20,43,53
WEX,WEX Inc.,172.77,16,65,-47,2,36,19,-1,8,-9,17,53
COLB,Columbia Banking System,25.96,-6,32,0,0,26,-12,18,9,11,26,52
AIG,American International Group,78.47,-48,-3,32,54,35,-15,14,-4,22,17,52
FR,First Industrial Realty Trust,51.21,-4,15,0,15,26,-12,11,12,15,26,52
D,Dominion Energy,58.83,-72,81,18,0,27,1,-2,14,11,24,51
DNB,Dun & Bradstreet,9.15,29,52,-28,0,53,46,-13,2,-37,-2,51
BEPC,Brookfield Renewable Partners,33.92,4,0,14,0,18,7,1,14,11,33,51
PAYX,Paychex,134.4,-42,-29,0,168,97,-34,-22,-5,15,-46,51
VTRS,Viatris,10.44,-1,23,0,0,22,7,18,6,-2,29,51
LSCC,Lattice Semiconductor,66.15,1,25,5,0,31,11,18,6,-16,19,50
MANH,Manhattan Associates,215.66,15,0,-33,66,48,19,-23,7,-1,2,50
ROK,Rockwell Automation,342.95,0,0,19,16,35,-2,15,14,-12,15,50
AGO,Assured Guaranty,82.05,8,-23,-6,57,36,-9,-15,14,23,13,49
KMB,Kimberly-Clark,130.97,4,0,-3,19,20,21,-5,-15,27,28,48
MTZ,MasTec,174.98,-21,0,23,19,21,-6,5,14,14,27,48
HLNE,Hamilton Lane,148.0,0,-5,-2,26,19,10,-5,2,22,29,48
RRC,Range Resources,34.3,0,-34,-1,43,8,-16,1,-2,56,39,47
FBIN,Fortune Brands Innovations,58.75,0,35,-30,-6,-1,-1,49,3,-3,48,47
HRB,H&R Block,51.42,15,-64,-5,53,-1,35,-30,-10,53,48,47
ZS,Zscaler,282.48,13,-6,21,6,34,16,-36,14,19,13,47
A,Agilent Technologies,126.3,56,9,-27,0,38,-6,15,5,-6,8,46
CUZ,Cousins Properties,28.64,-2,8,0,12,18,-12,12,14,14,28,46
DPZ,Domino's,458.97,0,-25,0,11,-14,5,4,31,19,59,45
SOLV,Solventum,72.91,15,-1,0,0,14,19,2,10,0,31,45
SN,SharkNinja,115.29,-14,59,12,0,57,-12,-14,11,2,-13,44
SEE,Sealed Air,33.35,27,13,0,-25,15,33,16,12,-33,28,43
PRU,Prudential Financial,105.55,-21,15,-17,56,33,-36,18,8,20,10,43
PINS,Pinterest,36.47,0,0,3,-1,2,33,3,10,-6,40,42
PNW,Pinnacle West Capital,87.38,-77,-8,72,19,6,-12,-6,26,27,35,41
GEHC,GE HealthCare,78.69,21,3,-24,0,0,25,4,3,9,41,41
CRWD,CrowdStrike,423.51,0,-23,49,0,26,17,-37,14,21,15,41
AWK,American Water Works,140.08,-14,-2,30,0,14,-6,-2,26,9,27,41
AMD,Advanced Micro Devices,155.83,-49,0,2,111,64,-20,-9,14,-8,-23,41
WH,Wyndham Hotels & Resorts,87.32,1,2,-7,12,8,9,5,2,16,32,40
TYL,Tyler Technologies,557.93,5,-12,0,18,11,19,-14,5,19,29,40
QXO,"QXO, Inc.",21.48,21,3,0,-15,9,17,4,17,-7,31,40
BILL,Bill.com,50.93,63,8,-28,0,43,23,8,2,-38,-5,38
SMCI,Supermicro,42.96,2,-7,-4,59,50,8,-19,9,-10,-12,38
SWK,Stanley Black & Decker,76.76,21,49,-33,-40,-3,23,18,3,-3,41,38
WAT,Waters Corporation,300.69,26,-1,-9,0,16,19,12,-24,15,22,38
AMGN,Amgen,280.02,-77,-4,-2,166,83,-80,-5,2,37,-46,37
LII,Lennox International,558.15,0,-11,-1,39,27,-2,-24,8,28,10,37
SJM,J.M. Smucker Company (The),110.84,37,35,6,-5,73,-11,-3,2,-24,-36,37
QCOM,Qualcomm,158.67,16,10,-29,23,20,-2,12,12,-6,16,36
IOT,Samsara,38.58,27,0,-14,0,13,19,3,-21,21,22,35
PNFP,Pinnacle Financial Partners,97.62,39,-32,-8,16,15,-12,7,5,19,19,34
RH,RH,232.96,1,38,-28,-8,3,-5,34,2,-1,30,33
QGEN,Qiagen,47.04,0,0,16,0,16,19,-23,14,6,16,32
LNT,Alliant Energy,63.98,-55,43,72,15,75,-69,-2,14,14,-43,32
DIS,Walt Disney Company (The),117.37,-1,0,19,0,18,-12,7,14,4,13,31
CSCO,Cisco,67.34,-22,0,52,15,45,-42,-12,14,26,-14,31
TTC,Toro Company (The),78.77,-7,39,-1,-1,30,-2,19,5,-21,1,31
SIRI,Sirius XM,24.27,24,10,0,-32,2,28,14,4,-18,28,30
INTC,Intel,24.44,0,19,0,-21,-2,23,18,4,-13,32,30
SW,Smurfit Westrock,45.36,-7,0,-1,17,9,-5,4,4,18,21,30
PLD,Prologis,111.95,0,12,-1,0,11,-1,11,14,-6,18,29
SAIL,SailPoint,20.66,-1,-1,0,0,-2,21,3,6,0,30,28
ACGL,Arch Capital Group,89.59,-17,0,-12,63,34,-19,19,-5,-1,-6,28
BXP,"BXP, Inc.",72.39,0,9,2,0,11,-7,10,14,-1,16,27
EQIX,Equinix,779.53,3,0,-12,35,26,2,-16,-12,27,1,27
ARMK,Aramark,38.43,-58,-9,19,41,-7,-12,-25,14,57,34,27
WWD,"Woodward, Inc.",237.29,-49,0,23,36,10,-6,-19,14,27,16,26
AMH,American Homes 4 Rent,34.63,-40,-29,-12,69,-12,2,6,14,16,38,26
CPT,Camden Property Trust,111.64,13,0,0,0,13,1,7,-7,12,13,26
TMO,Thermo Fisher Scientific,483.71,0,34,-26,0,8,-1,48,-25,-4,18,26
OVV,Ovintiv,41.45,-1,12,0,3,14,2,5,11,-7,11,25
ARW,Arrow Electronics,126.25,0,2,5,5,12,-6,14,14,-9,13,25
GEV,GE Vernova,605.71,0,2,0,0,2,17,-9,15,0,23,25
ESS,Essex Property Trust,268.88,8,-28,0,15,-5,19,3,-7,15,30,25
HOLX,Hologic,66.71,0,71,-39,0,32,-2,-5,7,-8,-8,24
WST,West Pharmaceutical Services,252.11,30,3,-31,-8,-6,30,4,5,-9,30,24
PR,Permian Resources,13.75,-6,0,0,27,21,-17,8,14,-3,2,23
FND,Floor & Decor,86.81,21,4,-39,0,-14,24,18,2,-7,37,23
K,Kellanova,79.47,7,1,0,22,30,-3,-8,-11,14,-8,22
CMS,CMS Energy,70.91,-74,0,80,24,30,-17,-8,2,15,-8,22
RNR,RenaissanceRe,238.36,-21,-2,-12,36,1,-19,-2,12,29,20,21
ES,Eversource Energy,63.87,0,-3,19,-11,5,4,-5,14,3,16,21
ECG,Everus Construction Group,75.96,-21,81,0,0,60,-40,-10,11,0,-39,21
WTRG,Essential Utilities,38.29,-41,21,10,0,-10,-5,35,-5,6,31,21
NSC,Norfolk Southern,273.46,-12,0,15,5,8,-13,-3,14,15,13,21
COIN,Coinbase,318.76,7,-11,13,0,9,7,-27,13,19,12,21
IR,Ingersoll Rand,79.64,6,-18,-25,24,-13,21,2,11,-1,33,20
FLUT,Flutter Entertainment,292.0,-32,0,23,22,13,-42,9,12,28,7,20
OGN,Organon & Co.,10.38,44,3,-33,0,14,51,5,-46,-5,5,19
NDSN,Nordson,222.13,-6,13,0,0,7,-12,17,14,-8,11,18
KD,Kyndryl,33.12,27,-25,0,0,2,32,-36,-1,21,16,18
BDX,Becton Dickinson,190.5,0,23,-32,-6,-15,23,49,-23,-16,33,18
IPGP,IPG Photonics,81.99,1,82,5,-45,43,-3,12,10,-45,-26,17
CVS,CVS Health,71.75,-2,18,14,0,30,-10,22,4,-29,-13,17
WTM,White Mountains Insurance Group,1795.24,-27,1,-3,60,31,-44,-3,-24,57,-14,17
CSGP,CoStar Group,88.12,-2,0,10,15,23,-10,-13,27,-10,-6,17
UNH,UnitedHealth Group,348.17,33,5,-22,-5,11,25,17,-35,-2,5,16
DDOG,Datadog,140.49,11,0,3,0,14,18,-26,11,-1,2,16
BAM,Brookfield Asset Management,56.13,-49,-2,69,0,18,-12,-13,14,9,-2,16
CFR,Frost Bank,128.45,-7,-3,2,5,-3,-12,7,12,11,18,15
IQV,IQVIA,189.68,8,38,-44,0,2,18,-4,6,-7,13,15
WFRD,Weatherford International,61.91,-6,54,-48,0,0,4,12,4,-6,14,14
EL,Estée Lauder Companies (The),88.71,-14,73,0,-27,32,2,4,12,-36,-18,14
DELL,Dell Technologies,121.27,-9,0,0,33,24,-12,-7,14,-5,-10,14
REYN,Reynolds Consumer Products,23.06,-9,24,-32,0,-17,-10,43,1,-4,30,13
CWEN-A,Clearway Energy (Class A),27.23,-42,-13,62,7,14,-12,-27,26,11,-2,12
AXTA,Axalta,31.4,3,4,-20,23,10,19,17,-33,-1,2,12
TFSL,Third Federal S&L,13.52,-29,16,7,6,0,-40,18,14,20,12,12
CUBE,CubeSmart,40.72,24,0,-27,2,-1,-6,8,14,-3,13,12
DT,Dynatrace,50.65,6,-23,-6,0,-23,1,2,11,21,35,12
BJ,BJ's Wholesale Club,97.52,3,-50,0,11,-36,11,-17,-6,59,47,11
VNOM,Viper Energy,38.17,-21,0,-13,45,11,-35,18,-32,48,-1,10
PSA,Public Storage,290.1,-2,3,-15,2,-12,-6,15,14,-1,22,10
MDU,MDU Resources,16.04,-56,-11,0,59,-8,-12,-15,14,31,18,10
BROS,Dutch Bros. Coffee,65.62,-19,0,4,0,-15,-12,18,4,12,22,7
AEP,American Electric Power,108.36,-57,0,77,24,44,-75,-4,27,15,-37,7
TKR,Timken Company,76.14,-7,0,-1,5,-3,-7,12,11,-6,10,7
BRO,Brown & Brown,93.47,-42,-92,-3,164,27,-38,5,-14,27,-20,7
ZBRA,Zebra Technologies,312.23,0,-2,-6,-8,-16,19,-19,8,14,22,6
DLR,Digital Realty,163.95,0,-17,0,23,6,-12,-23,14,20,-1,5
ED,Consolidated Edison,96.98,-77,-10,32,48,-7,-14,-13,-8,46,11,4
OMC,Omnicom Group,77.68,0,20,-31,2,-9,-2,15,1,-2,12,3
EGP,EastGroup Properties,164.92,-12,-1,-1,9,-5,-12,12,14,-6,8,3
MAA,Mid-America Apartment Communities,145.43,8,-29,0,0,-21,21,3,-12,12,24,3
ISRG,Intuitive Surgical,467.54,8,-29,-7,23,-5,19,-37,-2,27,7,2
CACC,Credit Acceptance,518.0,3,1,3,2,9,-11,12,-2,-6,-7,2
ESTC,Elastic NV,91.2,14,2,-17,0,-1,21,8,-22,-5,2,1
POOL,Pool Corporation,321.85,21,3,-27,-7,-10,25,-6,1,-10,10,0
CWEN,Clearway Energy (Class C),28.72,-53,-13,62,5,1,-12,-27,26,11,-2,-1
MCHP,Microchip Technology,64.76,0,-2,0,0,-2,-2,-3,14,-8,1,-1
CSX,CSX Corporation,32.19,-2,-6,0,5,-3,-1,-6,14,-7,0,-3
VFC,VF Corporation,15.23,15,12,-24,-44,-41,19,10,1,8,38,-3
ATR,AptarGroup,137.07,0,-27,-7,21,-13,-7,-24,14,26,9,-4
CRM,Salesforce,252.04,2,-28,-17,23,-20,16,3,-25,22,16,-4
FDX,FedEx,225.69,0,-6,-30,33,-3,-12,10,6,-5,-1,-4
DLB,Dolby Laboratories,72.3,0,-11,-7,0,-18,30,-1,-24,9,14,-4
DVA,DaVita,136.71,0,-11,-7,21,3,-10,7,-24,20,-7,-4
CTRA,Coterra,23.85,-14,-3,-9,45,19,-26,5,-16,14,-23,-4
NCNO,nCino,30.39,-8,9,-30,0,-29,9,9,9,-2,25,-4
AGCO,AGCO,107.61,-2,-1,11,0,8,-6,-7,15,-14,-12,-4
ALGM,Allegro MicroSystems,30.92,0,-6,15,0,9,19,-29,12,-17,-15,-6
BIO,Bio-Rad Laboratories,286.03,-14,49,-31,-29,-25,-2,54,5,-38,19,-6
TWLO,Twilio,107.04,27,-22,0,-35,-30,23,-22,10,12,23,-7
GPN,Global Payments,86.91,-1,35,-31,-40,-37,-12,51,2,-11,30,-7
PK,Park Hotels & Resorts,11.72,0,20,-30,0,-10,-10,12,7,-6,3,-7
VRT,Vertiv,125.58,-42,-3,13,9,-23,-8,-14,11,27,16,-7
GTM,ZoomInfo,10.54,1,0,-7,0,-6,16,10,10,-38,-2,-8
TTEK,Tetra Tech,35.1,-35,-5,-33,120,47,-44,-19,10,-2,-55,-8
SMMT,Summit Therapeutics,18.83,-14,-2,0,15,-1,-10,-16,-1,20,-7,-8
IP,International Paper,46.87,-14,-6,0,17,-3,-34,3,7,17,-7,-10
APD,Air Products,287.22,-42,0,0,17,-25,-14,12,6,11,15,-10
MIDD,Middleby,138.79,28,-24,-7,0,-3,-5,4,-20,14,-7,-10
EW,Edwards Lifesciences,79.83,-18,32,8,-15,7,-26,11,34,-36,-17,-10
APA,APA Corporation,21.65,-5,23,0,-13,5,-27,21,9,-20,-17,-12
OTIS,Otis Worldwide,88.01,5,-34,-8,0,-37,19,-3,-18,27,25,-12
CNXC,Concentrix,53.57,49,-27,0,0,22,-1,3,-2,-34,-34,-12
CARR,Carrier Global,63.47,0,-26,-3,0,-29,-3,-22,14,27,16,-13
ONTO,Onto Innovation,104.21,0,12,-30,0,-18,19,15,-25,-5,4,-14
PENN,Penn Entertainment,20.07,9,19,3,-35,-4,19,12,4,-45,-10,-14
WHR,Whirlpool Corporation,93.81,21,3,-9,-27,-12,19,9,7,-37,-2,-14
SAIA,Saia,306.06,3,0,-30,0,-27,19,-2,2,-6,13,-14
ELS,Equity Lifestyle Properties,61.65,24,1,-25,0,0,28,-2,-36,-4,-14,-14
AUR,Aurora Innovation,5.7,0,-9,-5,0,-14,13,-7,-22,16,0,-14
IPG,Interpublic Group of Companies (The),26.58,0,35,-47,0,-12,-2,15,2,-18,-3,-15
TRGP,Targa Resources,161.28,-21,-3,0,52,28,-35,-39,-24,55,-43,-15
CNH,CNH Industrial,11.33,0,-18,-1,0,-19,21,-34,14,3,4,-15
PSN,Parsons Corporation,74.51,-30,68,-31,0,7,-26,-2,7,-2,-23,-16
CPB,Campbell Soup Company,33.74,35,5,-36,-7,-3,44,-8,-43,-6,-13,-16
G,Genpact,43.69,-14,0,0,4,-10,-12,13,-19,11,-7,-17
PEP,PepsiCo,143.1,-28,38,-46,0,-36,-33,63,3,-14,19,-17
CCK,Crown Holdings,94.56,-59,-15,21,6,-47,9,-6,14,13,30,-17
KEX,Kirby Corporation,87.85,-56,-28,-7,36,-55,2,-21,14,43,38,-17
EXC,Exelon,43.09,-71,-2,59,15,1,-19,-5,-5,11,-18,-17
CAR,Avis Budget Group,158.04,2,-4,13,-21,-10,11,2,17,-38,-8,-18
ESAB,ESAB,114.03,-2,-24,0,0,-26,-6,-19,14,18,7,-19
SWKS,Skyworks Solutions,75.06,12,5,-47,-31,-61,22,15,11,-6,42,-19
HUM,Humana,272.68,-3,25,0,-13,9,-12,28,-24,-21,-29,-20
PVH,PVH Corp.,82.28,-6,19,-36,2,-21,-12,18,3,-8,1,-20
PEG,Public Service Enterprise Group,79.99,-126,-5,0,153,22,-56,-13,8,18,-43,-21
CHE,Chemed Corporation,462.37,3,0,-15,0,-12,-2,14,-13,-9,-10,-22
WING,Wingstop,287.54,-39,-4,-1,39,-5,-44,-17,12,32,-17,-22
SON,Sonoco,45.71,-42,-1,-2,0,-45,14,12,11,-15,22,-23
HSIC,Schein (Henry),67.67,-12,-11,-9,0,-32,-5,7,3,4,9,-23
WDAY,"Workday, Inc.",230.76,0,-4,-14,15,-3,-12,3,-8,-3,-20,-23
MPW,Medical Properties Trust,4.59,39,3,-11,-37,-6,21,9,-11,-36,-17,-23
AA,Alcoa,31.27,0,12,-25,-21,-34,21,17,6,-33,11,-23
HUBS,HubSpot,502.29,21,-62,-14,12,-43,19,2,-22,20,19,-24
BSY,Bentley Systems,53.51,-31,0,13,0,-18,8,-21,14,-7,-6,-24
PATH,UiPath,11.9,17,-30,-15,0,-28,19,2,-7,-11,3,-25
LW,Lamb Weston,57.1,21,19,-76,-9,-45,21,7,7,-15,20,-25
GTLB,GitLab,48.2,2,2,-25,0,-21,13,9,-24,-2,-4,-25
MDLZ,Mondelez International,62.57,9,-29,0,0,-20,7,-25,23,-10,-5,-25
CFLT,"Confluent, Inc.",19.97,11,-28,-7,0,-24,16,3,-22,1,-2,-26
DAY,Dayforce,68.91,-7,16,4,-13,0,-41,12,4,-1,-26,-26
CPAY,Corpay,313.15,-42,-27,-2,22,-49,-12,7,2,26,23,-26
LBTYA,Liberty Global (Series A),11.56,-4,27,-44,-32,-53,5,27,5,-11,26,-27
CEG,Constellation Energy,300.79,-49,-6,20,0,-35,-12,-14,14,20,8,-27
BMY,Bristol Myers Squibb,47.24,-28,2,-4,-6,-36,4,17,-18,6,9,-27
AR,Antero Resources,32.18,0,-36,-5,11,-30,-5,1,-4,11,3,-27
JAZZ,Jazz Pharmaceuticals,128.53,0,23,0,-7,16,2,15,-20,-40,-43,-27
TPL,Texas Pacific Land Corporation,900.93,-20,-70,-13,59,-44,5,6,-9,14,16,-28
EXE,Expand Energy,94.72,-20,-36,45,0,-11,-26,1,-3,11,-17,-28
UDR,"UDR, Inc.",38.97,3,-28,-2,0,-27,-8,2,-9,14,-1,-28
ENTG,Entegris,81.22,0,0,-48,-7,-55,18,11,3,-6,26,-29
GLIBA,GCI Liberty (Series A),36.25,-27,0,0,0,-27,-19,17,0,0,-2,-29
QS,QuantumScape,8.52,14,-1,10,0,23,-3,-24,12,-37,-52,-29
CL,Colgate-Palmolive,84.29,0,-44,-10,24,-30,-4,-5,-18,27,0,-30
TXRH,Texas Roadhouse,168.07,-56,-22,-3,65,-16,-2,-58,14,32,-14,-30
GME,GameStop,23.59,14,0,-14,-31,-31,9,6,-7,-8,0,-31
CTSH,Cognizant,70.76,-14,-29,-7,15,-35,-12,4,-7,19,4,-31
KMPR,Kemper Corporation,53.85,0,-24,-10,0,-34,-14,9,-7,15,3,-31
QSR,Restaurant Brands International,61.84,-14,-23,-4,41,0,-12,-24,14,-9,-31,-31
EIX,Edison International,54.79,-27,27,-36,0,-36,-39,41,4,-2,4,-32
MAT,Mattel,18.33,0,-2,-8,0,-10,-9,8,11,-32,-22,-32
AKAM,Akamai Technologies,78.17,16,2,-30,-8,-20,19,10,-30,-11,-12,-32
S,SentinelOne,17.98,0,-25,-29,0,-54,17,4,3,-2,22,-32
MASI,Masimo,148.12,21,-24,-3,-7,-13,27,-39,-19,11,-20,-33
LBTYK,Liberty Global (Series C),11.73,-6,27,-44,-31,-54,-10,64,3,-37,20,-34
RRX,Regal Rexnord,142.41,-42,-2,-3,4,-43,-12,11,11,-2,8,-35
CLX,Clorox,125.71,35,0,-21,-6,8,-3,-23,-31,14,-43,-35
DVN,Devon Energy,34.32,-20,20,-2,-6,-8,-33,16,13,-23,-27,-35
CF,CF Industries,84.62,-1,-23,0,5,-19,9,-49,14,9,-17,-36
CCCS,CCC Intelligent Solutions,9.63,-10,0,-32,0,-42,-1,8,6,-7,6,-36
RIVN,Rivian,13.94,0,0,3,0,3,-16,6,-7,-22,-39,-36
XYZ,"Block, Inc.",75.51,-34,1,0,-37,-70,7,5,8,14,34,-36
WBD,Warner Bros. Discovery,12.26,18,0,16,-43,-9,29,-22,12,-46,-27,-36
CAG,Conagra Brands,19.43,20,0,-36,-8,-24,30,-1,-18,-24,-13,-37
BALL,Ball Corporation,50.42,-2,-17,-7,-12,-38,17,-25,14,-6,0,-38
CERT,"Certara, Inc.",10.97,1,1,-19,0,-17,5,18,-11,-33,-21,-38
SNDR,Schneider National,24.26,-12,-8,-9,0,-29,-12,-2,6,-1,-9,-38
RNG,RingCentral,31.76,21,19,-30,-42,-32,19,16,4,-46,-7,-39
FANG,Diamondback Energy,136.29,-22,-4,-33,48,-11,-35,4,8,-6,-29,-40
GLIBK,GCI Liberty (Series C),36.15,-41,0,0,0,-41,-16,17,0,0,1,-40
SFM,Sprouts Farmers Market,136.01,-76,-31,0,47,-60,-7,-29,-3,58,19,-41
CR,Crane Co.,182.42,-56,-4,20,0,-40,-12,-10,14,6,-2,-42
TFX,Teleflex,130.24,27,14,-46,-40,-45,30,26,-42,-11,3,-42
PPG,PPG Industries,109.38,-7,-1,-50,-9,-67,5,15,14,-9,25,-42
FCN,FTI Consulting,167.17,-14,0,-41,0,-55,4,11,4,-6,13,-42
BHF,Brighthouse Financial,48.83,7,-47,-7,0,-47,5,-3,-7,9,4,-43
NWL,Newell Brands,6.22,40,12,-31,-32,-11,-7,10,2,-37,-32,-43
TXN,Texas Instruments,185.03,-42,-5,0,23,-24,-49,-1,14,17,-19,-43
DXCM,Dexcom,78.38,8,-11,-3,-15,-21,-6,-20,14,-10,-22,-43
TEAM,Atlassian,182.5,7,-43,-10,-7,-53,17,1,-22,12,8,-45
RAL,Ralliant,42.23,-7,0,0,0,-7,-10,-28,0,0,-38,-45
ETSY,Etsy,56.02,0,-1,0,-31,-32,19,-10,14,-38,-15,-47
YETI,Yeti Holdings,35.62,3,0,-39,-7,-43,-7,6,8,-11,-4,-47
BIIB,Biogen,143.63,36,19,-88,-28,-61,5,26,1,-19,13,-48
SAIC,SAIC,102.78,-56,-4,-2,68,6,-57,-4,6,-2,-57,-51
GMED,Globus Medical,59.08,-42,7,-19,0,-54,-5,18,-24,13,2,-52
AMTM,Amentum,23.71,-28,0,0,0,-28,-29,-9,14,0,-24,-52
OWL,Blue Owl Capital,17.76,-55,-14,-8,0,-77,7,-10,6,22,25,-52
BFAM,Bright Horizons,115.45,-70,-1,-3,0,-74,-7,-7,19,16,21,-53
JHX,James Hardie Industries,19.47,-7,-14,-31,-2,-54,19,-10,-4,-4,1,-53
ASTS,AST SpaceMobile,36.92,-34,-2,15,0,-21,-33,-23,14,9,-33,-54
AES,AES Corporation,12.7,-30,44,0,-12,2,-37,-4,10,-25,-56,-54
PB,Prosperity Bancshares,66.9,-21,-30,-8,15,-44,-42,8,6,15,-13,-57
EG,Everest Group,340.61,-20,1,-40,56,-3,-19,12,-41,-6,-54,-57
OKE,Oneok,71.85,-30,-27,-17,55,-19,-34,-27,-29,52,-38,-57
CBSH,Commerce Bancshares,60.24,-35,-25,0,12,-48,-47,10,14,14,-9,-57
COO,Cooper Companies (The),68.24,0,-8,-31,-6,-45,31,-3,-36,-4,-12,-57
SARO,StandardAero,26.65,-1,-19,0,0,-20,-12,-40,14,0,-38,-58
MGM,MGM Resorts International,36.01,-28,0,0,0,-28,-42,11,11,-10,-30,-58
MORN,"Morningstar, Inc.",257.72,0,-28,-24,29,-23,-12,-41,-2,19,-36,-59
APLS,Apellis Pharmaceuticals,26.84,-13,30,-74,-17,-74,-12,41,5,-19,15,-59
NSA,National Storage Affiliates,31.86,-2,0,-19,-5,-26,-6,14,-40,-2,-34,-60
ST,Sensata Technologies,31.69,-42,20,0,-16,-38,-12,14,12,-36,-22,-60
PAYC,Paycom,222.54,0,-11,23,-25,-13,-9,-14,14,-38,-47,-60
NOV,NOV Inc.,13.04,-1,0,-59,-13,-73,19,5,5,-16,13,-60
CDW,CDW,168.95,19,-25,-46,0,-52,23,-28,6,-9,-8,-60
AS,Amer Sports,36.71,-40,0,8,0,-32,-49,6,14,0,-29,-61
GDDY,GoDaddy,148.89,14,-43,-7,23,-13,19,-67,-23,23,-48,-61
PFE,Pfizer,24.72,-14,25,-3,-24,-16,-26,-1,11,-29,-45,-61
FDS,FactSet,373.02,0,-36,-9,0,-45,24,-32,-7,-2,-17,-62
PRMB,Primo Brands,24.47,-14,-69,-2,23,-62,-6,1,-14,19,0,-62
MRK,Merck & Co.,84.61,0,27,-51,0,-24,5,17,-55,-7,-40,-64
JKHY,Jack Henry & Associates,162.77,4,-28,-7,0,-31,21,-59,-7,12,-33,-64
TECH,Bio-Techne,54.21,0,0,-31,-25,-56,18,11,-31,-7,-9,-65
TAP,Molson Coors,49.45,-14,0,-17,0,-31,-10,-2,-18,-4,-34,-65
BIRK,Birkenstock,47.36,-42,-3,-3,0,-48,-12,-1,-5,0,-18,-66
ONON,On Holding AG,44.36,-7,-28,-3,0,-38,-5,-59,14,21,-29,-67
OKTA,"Okta, Inc.",93.85,1,-64,0,-25,-88,19,2,-7,7,21,-67
MOS,Mosaic Company (The),32.14,-35,-20,20,-17,-52,-5,2,19,-31,-15,-67
KBR,"KBR, Inc.",49.29,-41,0,-34,0,-75,2,19,-12,-2,7,-68
FIS,Fidelity National Information Services,68.61,-1,-25,-6,-38,-70,3,-27,13,12,1,-69
ELV,Elevance Health,315.15,-16,0,-48,-3,-67,3,12,-14,-4,-3,-70
SMG,Scotts Miracle-Gro Company,60.82,0,-8,-26,-40,-74,-7,3,10,-2,4,-70
FI,Fiserv,136.33,-42,-42,-18,36,-66,-12,-2,-19,28,-5,-71
EEFT,Euronet Worldwide,91.34,0,-29,-7,-4,-40,-12,-29,-4,14,-31,-71
TW,Tradeweb,119.27,-28,-24,-2,1,-53,-20,-20,-3,24,-19,-72
CIVI,Civitas Resources,32.49,-18,21,-59,-1,-57,-27,19,3,-10,-15,-72
CLVT,Clarivate,4.39,16,3,-81,-7,-69,21,12,7,-43,-3,-72
LBRDK,Liberty Broadband (Series C),60.45,0,-32,-7,-37,-76,5,-3,-7,9,4,-72
LBRDA,Liberty Broadband (Series A),60.14,0,-32,-7,-37,-76,5,-3,-7,9,4,-72
ASH,Ashland Global,53.32,-41,26,-45,-10,-70,-12,17,3,-11,-3,-73
BBWI,"Bath & Body Works, Inc.",28.22,-16,-2,-29,-16,-63,-14,8,3,-7,-10,-73
ARE,Alexandria Real Estate Equities,83.71,33,20,-41,-31,-19,24,9,-52,-36,-55,-74
SBUX,Starbucks,83.78,-35,-5,-5,0,-45,-27,-13,2,8,-30,-75
TSN,Tyson Foods,55.83,-56,13,-5,-29,-77,-14,18,-15,12,1,-76
MTDR,Matador Resources,47.26,-18,-2,-33,0,-53,-27,4,7,-7,-23,-76
PCG,PG&E Corporation,14.95,-14,0,-34,2,-46,-26,30,-33,-2,-31,-77
PCTY,Paylocity,171.96,-41,-11,-2,-4,-58,-12,-15,2,6,-19,-77
SLB,Schlumberger,35.78,0,4,-74,0,-70,18,11,-25,-11,-7,-77
KNX,Knight-Swift,42.89,-20,-11,-29,-3,-63,-12,7,4,-14,-15,-78
TREX,"Trex Company, Inc.",59.94,-2,-1,-58,-14,-75,-6,3,6,-7,-4,-79
FOUR,Shift4,87.24,-42,-25,-4,0,-71,-12,-25,4,25,-8,-79
WY,Weyerhaeuser,25.26,0,-1,-27,0,-28,-2,-2,-39,-9,-52,-80
LUV,Southwest Airlines,30.98,-28,-17,5,-40,-80,-26,7,12,5,-2,-82
VKTX,Viking Therapeutics,25.26,-14,-15,-44,22,-51,-26,-7,9,-7,-31,-82
JBHT,J. B. Hunt,140.93,-18,-8,-35,-1,-62,-12,-1,4,-11,-20,-82
CMCSA,Comcast,33.67,-2,-30,-39,-10,-81,5,9,-6,-9,-1,-82
LKQ,LKQ Corporation,32.32,13,-60,-10,-3,-60,5,8,-18,-18,-23,-83
WLK,Westlake Corporation,86.03,0,19,-44,0,-25,-7,12,-56,-7,-58,-83
IRDM,Iridium Communications,19.19,-14,-28,-8,-20,-70,-11,5,11,-20,-15,-85
LCID,Lucid Motors,19.39,3,-15,-8,0,-20,16,-24,-21,-36,-65,-85
ON,ON Semiconductor,48.62,0,-8,-41,-2,-51,-2,-26,10,-16,-34,-85
OXY,Occidental Petroleum,45.13,-20,13,-59,0,-66,-29,15,10,-17,-21,-87
BAH,Booz Allen Hamilton,103.1,-35,-6,-34,102,27,-71,-5,-36,-2,-114,-87
UHAL,U-Haul,58.38,3,-30,-19,0,-46,-5,-25,-32,21,-41,-87
INVH,Invitation Homes,30.3,-41,-33,-12,0,-86,-12,3,-7,15,-1,-87
CRL,Charles River Laboratories,157.67,-7,-1,-58,-27,-93,2,3,10,-9,6,-87
AVTR,Avantor,12.84,-14,1,-33,0,-46,-6,13,-44,-6,-43,-89
KDP,Keurig Dr Pepper,27.59,-77,-11,-3,0,-91,-14,-5,22,-1,2,-89
OLED,Universal Display Corporation,139.75,0,-15,-41,0,-56,-3,-39,14,-6,-34,-90
TTD,Trade Desk (The),52.4,-28,-22,-31,-2,-83,2,-14,5,-1,-8,-91
PYPL,PayPal,67.68,-20,-18,-7,-40,-85,-4,-22,7,10,-9,-94
SAM,Boston Beer Company,222.87,27,5,-39,-38,-45,-2,33,-35,-45,-49,-94
MOH,Molina Healthcare,181.6,4,-75,-17,-3,-91,9,9,-13,-9,-4,-95
CHRD,Chord Energy,102.75,-21,0,-54,0,-75,-27,6,8,-7,-20,-95
ZBH,Zimmer Biomet,103.85,-19,23,-1,-18,-15,-12,18,-68,-19,-81,-96
COP,ConocoPhillips,91.87,-24,0,-49,0,-73,-33,13,6,-9,-23,-96
ZTS,Zoetis,150.35,-42,-1,-39,-4,-86,2,-2,-6,-6,-12,-98
KMX,CarMax,61.39,13,-40,-23,-37,-87,7,9,-27,-1,-12,-99
FRPT,Freshpet,57.06,0,-60,-28,-7,-95,16,-17,-24,20,-5,-100
IT,Gartner,246.08,1,-60,-25,0,-84,12,-63,-23,58,-16,-100
ODFL,Old Dominion Freight Line,148.22,0,-29,-30,0,-59,-1,-3,-35,-2,-41,-100
CE,Celanese,44.68,-7,-22,-47,-11,-87,-6,3,-1,-10,-14,-101
RARE,Ultragenyx,31.53,2,0,-31,-39,-68,-6,16,-39,-4,-33,-101
SFD,Smithfield Foods,23.32,-38,-1,0,0,-39,-68,-3,8,0,-63,-102
ABNB,Airbnb,123.77,-35,-23,-7,0,-65,-40,4,4,-6,-38,-103
NKE,"Nike, Inc.",73.57,-47,51,-2,-22,-20,-58,-1,11,-37,-85,-105
LINE,"Lineage, Inc.",41.72,4,-23,0,0,-19,-37,-15,-35,0,-87,-106
RGEN,Repligen,118.65,0,-2,-20,-18,-40,-2,-3,-24,-38,-67,-107
KHC,Kraft Heinz,26.66,-2,-2,-46,0,-50,-8,-20,-18,-11,-57,-107
AAL,American Airlines Group,12.74,-13,51,-25,-77,-64,-25,18,3,-40,-44,-108
ADBE,Adobe Inc.,353.97,13,-44,-40,-7,-78,19,-1,-44,-6,-32,-110
EMN,Eastman Chemical Company,67.59,-7,-31,-25,-2,-65,-12,7,-39,-3,-47,-112
AVY,Avery Dennison,166.92,-69,-11,-39,0,-119,4,-2,11,-6,7,-112
MKC,McCormick & Company,69.64,0,-44,-10,-3,-57,-6,-43,-18,11,-56,-113
DHR,Danaher Corporation,194.31,-64,-1,-33,-1,-99,-12,-4,7,-5,-14,-113
IEX,IDEX Corporation,161.91,-7,-29,-32,-3,-71,-7,3,-32,-7,-43,-114
IAC,IAC Inc.,35.97,-3,-25,-6,-32,-66,-12,4,-1,-39,-48,-114
CHDN,Churchill Downs Incorporated,97.71,-42,-7,-35,0,-84,-12,-24,6,-2,-32,-116
CHTR,Charter Communications,263.4,0,-32,-8,-37,-77,5,-37,-8,-2,-42,-119
DLTR,Dollar Tree,96.28,-50,-2,0,-16,-68,-47,-11,29,-23,-52,-120
ACHC,Acadia Healthcare,23.31,5,1,-52,-12,-58,-12,13,-46,-17,-62,-120
ACN,Accenture,251.85,-35,-44,-27,-1,-107,-12,2,-23,20,-13,-120
HRL,Hormel Foods,25.53,0,-38,-14,-24,-76,20,-34,-1,-31,-46,-122
CZR,Caesars Entertainment,25.38,-4,-28,-30,-26,-88,-2,3,2,-38,-35,-123
NEE,NextEra Energy,70.08,-63,-2,-1,0,-66,-82,-3,14,14,-57,-123
DG,Dollar General,104.51,-91,0,0,-18,-109,-5,-8,26,-27,-14,-123
ENPH,Enphase Energy,37.94,2,0,-50,-21,-69,19,9,-57,-25,-54,-123
ACI,Albertsons,18.73,-42,-40,-1,0,-83,-33,-2,-7,1,-41,-124
FMC,FMC Corporation,36.81,-42,-8,-44,-25,-119,8,2,6,-27,-11,-130
ILMN,"Illumina, Inc.",98.22,1,0,-32,-41,-72,-1,-22,6,-41,-58,-130
MRNA,Moderna,24.46,0,-24,-59,-5,-88,21,-25,1,-40,-43,-131
LSTR,Landstar,130.96,0,-30,-39,-1,-70,-12,5,-46,-8,-61,-131
UHAL-B,U-Haul (Series N),52.69,3,-30,-27,0,-54,-5,-29,-41,-2,-77,-131
HUN,Huntsman Corporation,11.24,10,3,-49,-16,-52,-12,8,-44,-34,-82,-134
SLGN,Silgan Holdings,44.49,-42,-29,-7,0,-78,-40,-29,-1,14,-56,-134
SRPT,Sarepta Therapeutics,17.63,-14,0,-33,-8,-55,-17,-2,-54,-7,-80,-135
CHH,Choice Hotels,114.03,-56,-24,-7,0,-87,-18,-25,-21,15,-49,-136
DXC,DXC Technology,14.42,27,1,-29,-74,-75,-2,12,-36,-35,-61,-136
KVUE,Kenvue,18.88,-72,-11,-2,0,-85,-29,-21,-7,4,-53,-138
RVTY,Revvity,85.04,0,-29,-24,-25,-78,-1,-34,-29,4,-60,-138
MTN,Vail Resorts,147.49,-19,-3,-37,-24,-83,-39,11,10,-37,-55,-138
WU,Western Union,8.65,0,0,-27,-47,-74,-10,12,-62,-6,-66,-140
AMCR,Amcor,8.19,-42,-18,-5,0,-65,-40,-27,-5,-3,-75,-140
BAX,Baxter International,24.49,7,-44,-27,-39,-103,19,3,-18,-42,-38,-141
CROX,Crocs,83.26,-11,-23,-46,-2,-82,-18,-27,-8,-6,-59,-141
CAVA,Cava Group,65.28,-42,-19,-18,0,-79,-12,-23,-32,3,-64,-143
CMG,Chipotle Mexican Grill,39.45,-69,-33,-10,81,-31,-69,-34,-8,-1,-112,-143
FTV,Fortive,47.71,0,-29,-25,0,-54,-5,-55,-21,-9,-90,-144
DAR,Darling Ingredients,31.64,-38,-10,-10,-21,-79,-57,7,12,-31,-69,-148
GPK,Graphic Packaging,20.54,-70,-8,-23,0,-101,-5,-5,-36,-1,-47,-148
AMT,American Tower,194.6,-63,-25,-1,-1,-90,-73,-24,24,12,-61,-151
DV,DoubleVerify,14.79,-28,-1,-74,0,-103,-40,-3,3,-11,-51,-154
FLO,Flowers Foods,14.8,-2,-17,-41,-9,-69,9,-10,-61,-24,-86,-155
HAL,Halliburton,21.74,-14,9,-67,-1,-73,-14,7,-66,-10,-83,-156
TDC,Teradata,21.05,3,-23,-83,-18,-121,19,-36,-1,-17,-35,-156
ALGN,Align Technology,135.83,0,-28,-71,-26,-125,17,-2,-7,-39,-31,-156
DOW,Dow Inc.,24.14,0,-33,-47,-2,-82,-12,8,-62,-9,-75,-157
LULU,Lululemon Athletica,165.68,-21,-65,-15,-4,-105,-13,-3,-24,-13,-53,-158
CNC,Centene,31.1,6,-76,-48,-12,-130,5,13,-17,-29,-28,-158
EPAM,EPAM Systems,165.0,-24,0,-30,-28,-82,-34,15,-21,-38,-78,-160
UA,Under Armour (Class C),4.89,-7,-22,-32,-38,-99,-12,-24,10,-38,-64,-163
UAA,Under Armour (Class A),5.04,-2,-22,-32,-45,-101,-12,-24,9,-38,-65,-166
COLM,Columbia Sportswear,55.23,-2,-126,-25,-7,-160,-12,8,-20,14,-10,-170
MKTX,MarketAxess,188.18,8,-32,-32,-30,-86,14,-47,-6,-45,-84,-170
CCI,Crown Castle,94.51,-70,-10,-1,-29,-110,-70,-21,24,6,-61,-171
ALB,Albemarle Corporation,72.59,-7,0,-132,-24,-163,-12,21,8,-26,-9,-172
DUOL,Duolingo,273.7,-82,-49,-2,0,-133,5,-63,-5,24,-39,-172
REGN,Regeneron Pharmaceuticals,556.74,-55,20,-45,0,-80,-47,-2,-46,-5,-100,-180
LYB,LyondellBasell,54.42,-42,-27,-48,-6,-123,1,8,-62,-8,-61,-184
TGT,Target Corporation,90.9,-98,-8,-35,-12,-153,-12,-14,2,-7,-31,-184
WSC,WillScot Mobile Mini,22.82,-42,-27,-69,-7,-145,-12,-21,2,-13,-44,-189
BMRN,BioMarin Pharmaceutical,55.69,-28,-2,-54,-21,-105,-26,-16,-19,-23,-84,-189
BRKR,Bruker,31.17,0,-28,-64,-9,-101,10,-26,-68,-10,-94,-195
XRAY,Dentsply Sirona,13.9,-1,-28,-85,-43,-157,-5,3,3,-41,-40,-197
WEN,Wendy's Company (The),9.92,-42,-53,-41,-9,-145,-7,7,-36,-16,-52,-197
GIS,General Mills,50.36,30,-107,-45,-5,-127,42,-53,-41,-20,-72,-199
IFF,International Flavors & Fragrances,65.07,-42,-29,-27,-32,-130,-5,-25,-39,-2,-71,-201
DJT,Trump Media & Technology Group,16.89,-44,-70,-60,0,-174,9,-1,-28,-10,-30,-204
BRBR,BellRing Brands,37.71,-17,-87,-17,0,-121,-12,-79,-23,28,-86,-207
COTY,Coty,4.24,0,-15,-68,-8,-91,-12,-27,-70,-10,-119,-210
SBAC,SBA Communications,191.48,-70,-25,-3,-21,-119,-70,-25,-2,6,-91,-210
GFS,GlobalFoundries,32.13,-47,-25,-86,0,-158,-12,-29,4,-18,-55,-213
MAN,ManpowerGroup,38.43,-57,-10,-50,-29,-146,-12,-2,-50,-37,-101,-247
BF-A,Brown–Forman (Class A),27.94,-56,-2,-106,-19,-183,-47,41,-46,-25,-77,-260
RYAN,Ryan Specialty,52.63,-81,-53,-7,0,-141,-77,-59,-13,26,-123,-264
INSP,Inspire Medical Systems,81.4,-35,-80,-27,-7,-149,-33,-34,-32,-18,-117,-266
BF-B,Brown–Forman (Class B),27.47,-70,-5,-107,-19,-201,-47,41,-39,-29,-74,-275
RHI,Robert Half,35.84,-14,-157,-33,-10,-214,-12,7,-31,-33,-69,-283
UPS,United Parcel Service,84.4,-56,-30,-110,-17,-213,-12,-2,-38,-35,-87,-300
STZ,Constellation Brands,145.98,-120,-11,-49,-4,-184,-34,-14,-65,-9,-122,-306
GLOB,Globant,59.97,-80,-79,-30,-8,-197,-47,-27,-30,-8,-112,-309
PRGO,Perrigo,22.28,-41,-24,-6,-114,-185,-68,-23,-6,-56,-153,-338
COLD,Americold,13.47,-55,-111,-45,-12,-223,-14,-53,-45,-16,-128,-351
