Symbol,Name,Close,1H Cloud Score,1D Cloud Score,1W Cloud Score,1M Cloud Score,Cloud Score Sum,1H TKx Score,1D TKx Score,1W TKx Score,1M TKx Score,TKx Score Sum,Total Score Sum
TJX,TJX Companies,124.77,0,0,140,196,336,4,-14,109,191,290,626
RSG,Republic Services,250.67,1,27,116,175,319,-2,18,85,158,259,578
ORLY,O'Reilly Auto Parts,91.28,5,-8,155,197,349,9,-3,46,87,139,488
AJG,Arthur J. Gallagher & Co.,324.06,6,-10,157,184,337,18,-5,20,105,138,475
PGR,Progressive Corporation,266.52,0,-9,97,175,263,7,-5,14,187,203,466
CTVA,Corteva,74.43,301,42,45,0,388,5,42,2,9,58,446
WM,"Waste Management, Inc.",234.72,-18,26,87,185,280,-30,18,19,157,164,444
JPM,JPMorgan Chase,278.25,36,31,115,156,338,33,42,2,24,101,439
IBM,IBM,289.17,101,34,101,52,288,5,42,48,54,149,437
HEI,HEICO (Common),319.21,50,36,17,187,290,47,34,8,55,144,434
NFG,National Fuel Gas,86.01,48,113,52,50,263,52,44,63,8,167,430
WRB,W. R. Berkley Corporation,73.92,14,84,86,174,358,7,-4,16,53,72,430
COST,Costco,1004.78,2,38,109,178,327,-84,-5,2,182,95,422
MSFT,Microsoft,485.92,133,36,8,171,348,-5,44,2,23,64,412
ROL,"Rollins, Inc.",57.13,0,51,23,284,358,5,-1,15,33,52,410
RBLX,Roblox Corporation,103.46,210,41,45,0,296,52,42,8,9,111,407
HWM,Howmet Aerospace,175.61,14,42,140,27,223,5,42,84,52,183,406
HEI-A,HEICO (Class A),252.31,49,37,18,180,284,47,35,9,28,119,403
WELL,Welltower,154.13,7,26,108,56,197,19,22,125,22,188,385
CASY,Casey's,510.43,4,9,105,85,203,-12,9,109,76,182,385
SO,Southern Company,90.66,7,2,68,188,265,8,18,15,77,118,383
RTX,RTX Corporation,145.8,114,28,69,52,263,-3,34,76,12,119,382
PM,Philip Morris International,184.93,7,102,62,53,224,7,44,77,25,153,377
NFLX,Netflix,1253.36,15,47,108,18,188,47,44,79,18,188,376
ORI,Old Republic International,38.21,12,3,139,56,210,7,-4,109,53,165,375
ICE,Intercontinental Exchange,179.74,1,35,104,159,299,-14,36,14,19,55,354
CTAS,Cintas,220.88,-34,49,11,163,189,-25,-1,5,185,164,353
AXON,Axon Enterprise,782.99,0,40,137,92,269,7,44,2,28,81,350
NRG,NRG Energy,152.05,-9,42,95,92,220,7,-3,105,19,128,348
ADP,Automatic Data Processing,309.46,0,32,77,178,287,4,-2,2,55,59,346
PWR,Quanta Services,365.76,37,36,9,97,179,47,44,2,70,163,342
GS,Goldman Sachs,647.08,83,29,84,56,252,28,40,2,19,89,341
CBOE,Cboe Global Markets,230.11,25,25,136,53,239,16,20,14,49,99,338
MMC,Marsh McLennan,219.09,0,-10,0,173,163,6,-5,-3,176,174,337
LYV,Live Nation Entertainment,150.69,27,30,86,145,288,27,4,1,14,46,334
BSX,Boston Scientific,102.35,3,6,136,142,287,1,-11,2,55,47,334
SPOT,Spotify,731.09,41,43,104,10,198,-15,44,87,18,134,332
CHD,Church & Dwight,96.95,-42,0,-8,342,292,3,16,-6,23,36,328
COR,Cencora,293.1,1,106,36,69,212,-3,6,47,65,115,327
AM,Antero Midstream,18.38,0,35,140,21,196,9,-4,70,53,128,324
MCK,McKesson Corporation,721.68,0,102,34,56,192,-5,42,30,65,132,324
NDAQ,"Nasdaq, Inc.",86.74,4,35,68,142,249,17,42,2,12,73,322
BRO,Brown & Brown,110.88,28,-38,108,161,259,44,-5,-2,24,61,320
CAH,Cardinal Health,163.95,49,51,47,36,183,-4,42,40,55,133,316
RRC,Range Resources,41.38,63,29,26,40,158,69,30,2,53,154,312
WMT,Walmart,97.85,6,43,119,99,267,18,-3,2,27,44,311
UNM,Unum,80.07,3,29,177,38,247,15,-5,2,52,64,311
OLLI,Ollie's Bargain Outlet,129.25,35,29,107,14,185,40,10,55,21,126,311
CDNS,Cadence Design Systems,293.49,-24,41,9,139,165,-38,-1,2,178,141,306
FWONK,Liberty Formula 1 (Series C),104.34,26,32,62,55,175,33,39,2,54,128,303
PLTR,Palantir Technologies,139.9,0,42,108,0,150,-21,44,111,18,152,302
HUBB,Hubbell Incorporated,394.73,4,27,0,180,211,-7,45,-17,69,90,301
LOPE,Grand Canyon Education,191.67,7,40,139,33,219,33,-9,26,32,82,301
MSI,Motorola Solutions,410.71,0,-13,0,151,138,1,-4,-19,183,161,299
AXS,AXIS Capital,103.72,2,43,78,43,166,7,-1,74,51,131,297
AAPL,Apple Inc.,201.55,4,0,-2,249,251,12,-18,-17,69,46,297
DUK,Duke Energy,116.94,6,0,68,181,255,8,6,14,14,42,297
MNST,Monster Beverage,63.21,-9,79,18,178,266,-24,42,11,2,31,297
FWONA,Liberty Formula 1 (Series A),93.99,21,31,61,60,173,27,40,1,54,122,295
RBC,RBC Bearings,381.07,3,33,85,56,177,12,42,6,55,115,292
BR,Broadridge Financial Solutions,240.39,0,28,106,143,277,-11,-1,2,23,13,290
MU,Micron Technology,122.08,105,28,1,20,154,100,34,2,-3,133,287
BWXT,BWX Technologies,142.07,140,27,5,33,205,5,44,2,29,80,285
AZO,AutoZone,3705.5,7,1,86,84,178,15,-10,46,55,106,284
INTU,Intuit,762.73,0,42,9,189,240,-18,42,2,18,44,284
FAST,Fastenal,41.29,-25,51,115,104,245,-36,43,7,24,38,283
DTE,DTE Energy,134.03,2,1,66,187,256,7,-10,19,11,27,283
WMB,Williams Companies,60.47,14,28,104,50,196,10,20,2,55,87,283
VIRT,Virtu Financial,42.41,36,43,68,12,159,44,3,63,12,122,281
TDG,TransDigm Group,1471.05,13,42,11,155,221,5,-3,2,55,59,280
ORCL,Oracle Corporation,206.95,4,28,3,196,231,-16,35,2,25,46,277
TMUS,T-Mobile US,226.92,0,-30,86,137,193,3,-40,88,33,84,277
CACI,CACI,457.63,50,12,0,152,214,-2,3,6,55,62,276
JBL,Jabil,208.34,35,32,11,63,141,34,42,3,55,134,275
YUM,Yum! Brands,141.38,-35,-21,20,257,221,2,-17,14,55,54,275
MTSI,MACOM Technology Solutions,138.69,102,29,8,56,195,21,41,-13,27,76,271
MKL,Markel,1985.63,35,28,60,53,176,37,42,-10,24,93,269
RCL,Royal Caribbean Group,273.69,4,29,113,26,172,27,42,2,25,96,268
RS,"Reliance, Inc.",309.14,2,39,3,113,157,-10,44,2,75,111,268
ALL,Allstate,198.33,-22,28,89,157,252,2,-5,3,15,15,267
KLAC,KLA Corporation,856.29,0,29,6,175,210,-16,44,2,24,54,264
ADI,Analog Devices,230.99,4,29,3,177,213,-10,35,2,24,51,264
TKO,TKO Group Holdings,175.57,35,39,63,38,175,33,6,2,48,89,264
NI,NiSource,40.51,7,26,66,43,142,9,18,81,12,120,262
CME,CME Group,272.7,8,3,46,134,191,16,-6,42,17,69,260
PAG,Penske Automotive Group,175.3,35,30,7,60,132,27,44,2,55,128,260
NWS,News Corp (Class B),33.18,21,32,104,56,213,33,-9,2,19,45,258
ROP,Roper Technologies,566.29,0,2,21,180,203,6,-11,36,24,55,258
BYD,Boyd Gaming,77.0,35,29,40,57,161,27,42,2,25,96,257
MS,Morgan Stanley,133.99,21,29,68,62,180,20,40,2,14,76,256
MA,Mastercard,542.18,-42,0,118,153,229,-43,42,2,24,25,254
LLY,Lilly (Eli),770.48,-16,-4,-1,170,149,1,8,2,94,105,254
EMR,Emerson Electric,129.42,98,29,8,62,197,-5,35,2,24,56,253
DE,Deere & Company,513.97,-6,31,41,107,173,-8,42,37,8,79,252
HOOD,Robinhood Markets,76.33,36,31,73,0,140,52,42,2,16,112,252
T,AT&T,28.21,2,26,62,14,104,7,42,86,13,148,252
HIG,Hartford (The),127.46,2,43,86,55,186,7,-9,13,54,65,251
EHC,Encompass Health,120.22,3,43,135,27,208,2,-2,16,27,43,251
DRI,Darden Restaurants,221.33,0,48,36,59,143,-5,42,40,28,105,248
V,Visa Inc.,343.74,-42,1,129,131,219,-42,42,2,24,26,245
LMT,Lockheed Martin,472.46,1,7,-21,163,150,5,18,2,70,95,245
TRV,Travelers Companies (The),267.64,1,43,83,56,183,-5,-5,16,54,60,243
AN,AutoNation,198.38,15,31,9,59,114,27,44,2,55,128,242
MP,MP Materials,36.55,112,12,24,0,148,43,9,37,2,91,239
PANW,Palo Alto Networks,203.33,35,29,9,79,152,-10,40,2,55,87,239
AVGO,Broadcom,253.82,4,32,11,114,161,3,44,2,28,77,238
RJF,Raymond James Financial,150.96,35,28,84,56,203,40,-11,-12,17,34,237
TT,Trane Technologies,426.91,2,37,8,162,209,1,-3,2,27,27,236
L,Loews Corporation,90.67,10,29,104,53,196,14,1,2,22,39,235
EXE,Expand Energy,121.45,36,49,33,0,118,42,34,33,8,117,235
RBA,RB Global,104.29,-13,40,96,25,148,-33,-1,101,20,87,235
EBAY,eBay,76.81,-12,38,69,12,107,-5,42,74,14,125,232
USFD,US Foods,76.33,0,32,135,33,200,7,-2,2,24,31,231
AON,AON,359.94,0,0,0,175,175,14,-5,-7,54,56,231
MDLZ,Mondelez International,68.5,14,2,1,180,197,14,16,11,-7,34,231
ATO,Atmos Energy,156.37,8,1,66,43,118,14,-22,77,43,112,230
ETN,Eaton Corporation,332.96,3,29,0,112,144,-9,42,-17,70,86,230
COF,Capital One,201.58,4,35,86,19,144,25,42,2,16,85,229
EQT,EQT Corporation,59.37,42,35,33,40,150,44,-6,33,8,79,229
VST,Vistra Corp.,186.55,41,28,11,28,108,49,41,-13,43,120,228
FDS,FactSet,437.03,7,1,-3,192,197,19,-11,1,21,30,227
TPR,"Tapestry, Inc.",85.76,35,29,72,19,155,27,35,-7,17,72,227
NVDA,Nvidia,144.18,4,28,6,132,170,-5,36,2,24,57,227
VRSN,Verisign,282.97,8,140,28,7,183,-14,8,44,5,43,226
NTRA,Natera,170.2,37,20,84,16,157,32,18,2,17,69,226
CTRA,Coterra,26.72,105,7,3,42,157,40,21,-4,11,68,225
DASH,DoorDash,230.33,37,28,89,0,154,12,41,2,16,71,225
GGG,Graco Inc.,85.32,2,29,-2,176,205,2,-13,2,27,18,223
PFGC,Performance Food Group,87.24,0,32,45,41,118,5,42,2,55,104,222
HON,Honeywell,224.66,-52,29,8,176,161,1,38,2,20,61,222
HCA,HCA Healthcare,378.67,23,43,6,95,167,25,-5,8,27,55,222
RLI,RLI Corp.,73.66,0,-13,-2,173,158,5,-6,-21,85,63,221
EME,Emcor,494.54,36,29,9,56,130,5,44,-13,55,91,221
CB,Chubb Limited,288.17,0,1,93,56,150,6,-5,14,54,69,219
SPGI,S&P Global,514.53,4,29,8,170,211,8,-10,-10,19,7,218
LRCX,Lam Research,91.61,0,29,1,150,180,1,36,2,-3,36,216
AR,Antero Resources,42.33,56,29,33,8,126,74,6,2,8,90,216
MCD,McDonald's,289.45,-85,-10,44,240,189,-32,-13,14,55,24,213
KMI,Kinder Morgan,28.09,14,27,84,42,167,10,-3,-11,50,46,213
ITT,ITT Inc.,153.43,3,35,8,97,143,1,42,2,24,69,212
APH,Amphenol,95.22,8,42,11,63,124,17,44,2,25,88,212
UNP,Union Pacific Corporation,225.86,2,0,-6,196,192,4,10,-12,17,19,211
EPR,EPR Properties,59.11,21,31,49,27,128,19,42,2,19,82,210
GOOG,Alphabet (Class C),166.01,-15,18,0,174,177,-15,40,-11,19,33,210
GOOGL,Alphabet (Class A),165.15,-15,18,0,174,177,-15,40,-11,19,33,210
PEG,Public Service Enterprise Group,83.34,22,8,0,150,180,19,15,-20,15,29,209
SYK,Stryker Corporation,379.15,0,29,9,157,195,8,-9,-12,27,14,209
SHW,Sherwin-Williams,343.77,0,0,-2,188,186,8,-4,2,17,23,209
DTM,DT Midstream,106.19,1,35,95,0,131,11,42,2,23,78,209
OMF,OneMain Financial,54.02,21,29,9,58,117,26,40,2,24,92,209
IBKR,Interactive Brokers,50.55,-7,29,81,55,158,-5,-2,2,55,50,208
BK,BNY Mellon,89.62,1,31,86,38,156,-3,35,2,17,51,207
MO,Altria,60.48,9,26,62,43,140,18,17,18,14,67,207
ARES,Ares Management,165.29,-32,29,9,57,63,-5,42,2,104,143,206
LIN,Linde plc,459.8,-34,27,5,108,106,-48,42,2,104,100,206
CSCO,Cisco,67.39,30,29,40,12,111,34,35,2,23,94,205
STE,Steris,236.91,-34,32,6,193,197,-28,-1,14,23,8,205
MSA,MSA Safety,166.38,3,31,-27,162,169,-5,42,2,-3,36,205
LPLA,LPL Financial,374.14,-6,30,37,97,158,-10,-1,2,55,46,204
PAYX,Paychex,151.26,-64,35,76,165,212,-23,-2,5,12,-8,204
SCI,Service Corporation International,79.44,2,12,0,173,187,12,12,-19,11,16,203
DGX,Quest Diagnostics,179.72,0,43,60,16,119,2,9,60,12,83,202
CW,Curtiss-Wright,476.32,4,37,11,52,104,5,44,2,47,98,202
MPWR,Monolithic Power Systems,692.42,-20,29,-18,155,146,-11,39,2,24,54,200
WCC,Wesco International,181.07,21,28,0,56,105,13,42,-16,55,94,199
NEM,Newmont,59.45,49,53,11,3,116,49,15,11,8,83,199
SGI,Somnigroup International,66.14,4,29,33,62,128,2,42,2,24,70,198
EQH,Equitable Holdings,53.84,3,29,84,9,125,19,35,2,17,73,198
FYBR,Frontier Communications,36.21,7,0,81,0,88,27,-16,86,12,109,197
AMD,Advanced Micro Devices,129.59,35,28,-34,108,137,28,35,2,-5,60,197
AME,Ametek,177.29,-28,29,0,104,105,-5,-4,2,99,92,197
KR,Kroger,73.97,14,2,71,65,152,14,-25,42,13,44,196
APG,APi Group,50.84,35,36,10,0,81,47,42,2,24,115,196
OGE,OGE Energy,44.74,7,1,60,43,111,12,-1,60,12,83,194
BEN,Franklin Templeton Investments,22.9,78,32,0,0,110,58,42,2,-20,82,192
UGI,UGI Corporation,36.4,8,43,34,2,87,19,42,41,3,105,192
FIX,Comfort Systems USA,502.32,3,32,9,62,106,-14,44,2,53,85,191
NEU,NewMarket,676.47,7,51,11,27,96,13,43,14,25,95,191
WFC,Wells Fargo,76.99,14,29,84,27,154,21,-4,2,17,36,190
PPL,PPL Corporation,34.3,7,-6,68,21,90,9,-1,80,12,100,190
ALNY,Alnylam Pharmaceuticals,313.07,48,28,9,13,98,40,36,2,13,91,189
TTWO,Take-Two Interactive,241.62,35,49,37,11,132,-5,6,37,18,56,188
AXP,American Express,299.61,4,29,9,97,139,1,42,-13,19,49,188
PG,Procter & Gamble,161.03,0,-6,0,177,171,3,-4,-6,24,17,188
ARMK,Aramark,40.42,4,33,7,38,82,12,37,2,54,105,187
GWRE,Guidewire Software,238.42,-14,42,102,19,149,-24,42,2,18,38,187
ETR,Entergy,82.58,1,1,65,20,87,7,-1,81,12,99,186
LNG,Cheniere Energy,232.45,-9,35,52,56,134,-3,-2,2,54,51,185
CINF,Cincinnati Financial,147.23,0,35,77,60,172,1,-4,2,13,12,184
CAT,Caterpillar Inc.,366.25,4,28,0,62,94,16,35,-16,55,90,184
VRSK,Verisk Analytics,308.41,-70,38,60,112,140,-33,-1,51,26,43,183
MPC,Marathon Petroleum,166.64,77,31,0,47,155,-3,35,2,-6,28,183
EVR,Evercore,256.8,20,28,0,56,104,31,42,-18,24,79,183
SRE,Sempra,75.77,6,5,-7,179,183,15,-6,-21,12,0,183
TSCO,Tractor Supply Company,53.66,21,1,0,83,105,14,5,-25,83,77,182
MTG,MGIC Investment Corporation,27.72,24,42,11,53,130,16,8,2,26,52,182
CSL,Carlisle Companies,364.18,0,0,-3,176,173,2,-14,2,18,8,181
ACM,AECOM,111.54,-17,35,8,63,89,-21,42,2,69,92,181
FTNT,Fortinet,103.15,3,28,46,111,188,-18,-3,2,11,-8,180
FICO,Fair Isaac,1879.3,14,0,0,164,178,8,-15,-20,29,2,180
IRM,Iron Mountain,103.07,4,34,0,55,93,-11,42,2,54,87,180
PLNT,Planet Fitness,108.82,21,25,55,11,112,18,36,2,12,68,180
SLM,Sallie Mae,31.72,0,36,82,20,138,-6,-8,36,19,41,179
RGLD,Royal Gold,182.97,7,7,53,16,83,5,16,60,14,95,178
BPOP,"Popular, Inc.",107.55,7,36,9,57,109,8,42,2,17,69,178
WWD,"Woodward, Inc.",241.88,35,38,11,33,117,-5,40,2,24,61,178
GD,General Dynamics,282.33,7,51,0,52,110,5,6,2,55,68,178
STAG,STAG Industrial,36.87,2,29,1,94,126,17,35,2,-2,52,178
XOM,ExxonMobil,111.71,0,8,1,42,51,69,7,1,48,125,176
AIG,American International Group,85.82,3,26,20,51,100,12,29,15,19,75,175
GE,GE Aerospace,247.87,3,40,11,25,79,7,40,22,27,96,175
EVRG,Evergy,68.48,6,10,50,12,78,9,10,69,8,96,174
EOG,EOG Resources,121.99,0,8,1,43,52,76,9,-13,49,121,173
MTZ,MasTec,166.26,37,35,11,16,99,19,42,2,11,74,173
SCHW,Charles Schwab Corporation,88.34,2,42,69,9,122,-5,42,2,12,51,173
VICI,Vici Properties,32.81,7,10,50,13,80,12,10,15,55,92,172
SF,Stifel,99.14,21,19,0,57,97,33,34,-12,18,73,170
FFIV,"F5, Inc.",295.28,4,28,86,12,130,-19,42,2,15,40,170
AIZ,Assurant,199.69,1,2,0,150,153,-22,33,-12,17,16,169
BJ,BJ's Wholesale Club,114.89,8,1,70,8,87,6,-12,32,56,82,169
AWI,Armstrong World Industries,156.36,4,36,86,19,145,13,-9,2,17,23,168
EXEL,Exelixis,43.37,7,28,56,12,103,1,-5,47,22,65,168
JCI,Johnson Controls,103.34,0,37,67,17,121,-14,42,2,16,46,167
REG,Regency Centers,72.28,7,27,60,51,145,17,-14,2,17,22,167
CVNA,Carvana,319.96,3,41,84,9,137,16,-2,2,14,30,167
RL,Ralph Lauren Corporation,270.55,4,31,86,32,153,-10,-4,2,24,12,165
THG,Hanover Insurance,170.58,0,27,53,22,102,6,-1,45,12,62,164
CVX,Chevron Corporation,146.84,77,0,1,46,124,28,12,-4,4,40,164
HD,Home Depot (The),356.91,0,-4,-4,178,170,6,-14,-16,17,-7,163
SEIC,SEI Investments Company,84.73,2,35,84,33,154,-15,-2,2,24,9,163
KNSL,Kinsale Capital Group,478.01,14,14,8,31,67,9,23,-19,83,96,163
DLTR,Dollar Tree,100.52,84,46,0,-13,117,4,45,17,-20,46,163
NWSA,News Corp (Class A),28.87,21,29,1,56,107,33,2,2,19,56,163
NTRS,Northern Trust,120.8,35,29,8,9,81,33,35,2,11,81,162
KO,Coca-Cola Company (The),69.73,-39,0,20,180,161,-43,17,15,12,1,162
MRVL,Marvell Technology,70.79,35,3,-13,104,129,-5,34,-13,16,32,161
J,Jacobs Solutions,128.24,0,27,0,104,131,-14,42,-16,17,29,160
WDC,Western Digital,60.39,35,29,4,16,84,33,40,2,1,76,160
BSY,Bentley Systems,51.86,41,32,1,0,74,44,44,2,-4,86,160
ABT,Abbott Laboratories,133.25,-25,26,48,11,60,2,44,40,12,98,158
AMGN,Amgen,272.45,-21,-1,0,163,141,-28,17,-6,34,17,158
SNDK,SanDisk,46.95,83,5,0,0,88,40,29,0,0,69,157
C,Citigroup,79.38,21,29,11,16,77,27,39,2,12,80,157
BALL,Ball Corporation,56.69,96,29,-27,-9,89,27,41,2,-3,67,156
FERG,Ferguson Enterprises,214.99,3,31,3,63,100,-12,42,2,23,55,155
BKNG,Booking Holdings,5332.4,-56,41,128,33,146,-16,-1,2,24,9,155
CLH,Clean Harbors,229.66,4,36,0,56,96,12,-10,2,55,59,155
BAC,Bank of America,46.29,21,29,9,16,75,29,36,2,12,79,154
AMP,Ameriprise Financial,519.17,4,28,1,62,95,5,-4,-12,69,58,153
LITE,Lumentum,89.27,36,27,6,1,70,52,35,-13,8,82,152
CELH,Celsius Holdings,42.83,0,68,0,63,131,-7,24,10,-7,20,151
SYF,Synchrony Financial,63.26,21,29,9,19,78,26,42,-12,16,72,150
GLPI,Gaming and Leisure Properties,47.23,2,1,1,63,67,17,9,2,55,83,150
STT,State Street Corporation,100.82,20,31,9,14,74,26,36,1,12,75,149
DELL,Dell Technologies,118.01,31,29,-17,30,73,33,42,2,-2,75,148
AFL,Aflac,104.85,21,1,0,56,78,40,-25,2,53,70,148
CBRE,CBRE Group,138.61,7,13,84,20,124,14,9,-11,12,24,148
PTC,PTC Inc.,166.42,-25,28,-18,180,165,-22,-1,-19,24,-18,147
SNX,TD Synnex,127.71,4,29,7,61,101,1,35,-9,19,46,147
POST,Post Holdings,112.55,0,0,0,85,85,-4,9,2,55,62,147
PPC,Pilgrim's Pride,46.08,0,-13,78,19,84,-16,-34,95,16,61,145
ATI,ATI Inc.,83.43,-16,36,8,41,69,-19,42,2,50,75,144
DINO,HF Sinclair,41.01,83,31,0,0,114,-2,36,2,-6,30,144
LAMR,Lamar Advertising,121.01,2,19,0,62,83,19,42,-19,19,61,144
EWBC,East West Bancorp,97.57,19,29,1,20,69,15,40,1,17,73,142
COIN,Coinbase,307.48,22,28,1,0,51,32,42,1,16,91,142
URI,United Rentals,716.54,4,29,-2,62,93,19,-4,-21,55,49,142
NET,Cloudflare,183.82,29,29,31,0,89,-5,39,2,17,53,142
WTFC,Wintrust Financial,122.61,4,29,1,47,81,15,42,-13,17,61,142
CCK,Crown Holdings,104.16,35,39,9,3,86,32,11,2,10,55,141
PR,Permian Resources,14.1,0,28,2,24,54,7,31,2,47,87,141
CWEN-A,Clearway Energy (Class A),29.87,2,27,50,4,83,-3,38,14,8,57,140
CRWD,CrowdStrike,491.82,6,42,37,0,85,-9,44,2,18,55,140
KEX,Kirby Corporation,114.15,4,29,0,33,66,-10,42,2,40,74,140
TRMB,Trimble Inc.,72.71,4,29,71,2,106,1,34,-12,10,33,139
INGR,Ingredion,139.24,3,35,4,32,74,5,3,2,54,64,138
BRX,Brixmor Property Group,26.19,20,11,0,53,84,20,8,2,24,54,138
WEC,WEC Energy Group,105.5,2,1,47,11,61,9,-1,60,9,77,138
CNA,CNA Financial,45.79,0,-13,86,55,128,7,-14,-1,18,10,138
NSC,Norfolk Southern,256.58,21,28,3,2,54,27,42,2,12,83,137
KIM,Kimco Realty,21.23,4,28,0,53,85,17,42,-20,12,51,136
RMD,Resmed,254.5,14,35,9,11,69,14,41,1,11,67,136
CWEN,Clearway Energy (Class C),31.57,0,27,50,2,79,-4,38,14,8,56,135
LOW,Lowe's,218.67,0,-6,-12,164,146,5,-14,-19,17,-11,135
VMI,Valmont Industries,322.86,-16,19,54,56,113,-16,39,-9,8,22,135
AEP,American Electric Power,103.28,7,0,65,21,93,9,6,15,12,42,135
TXN,Texas Instruments,201.4,8,29,1,20,58,27,33,2,14,76,134
CI,Cigna,317.01,8,-14,1,56,51,12,4,12,55,83,134
HLT,Hilton Worldwide,252.34,3,29,8,62,102,24,-6,-10,24,32,134
TW,Tradeweb,140.11,16,7,101,0,124,-3,-11,2,21,9,133
LH,Labcorp,261.05,0,35,47,13,95,-7,35,-7,16,37,132
SLGN,Silgan Holdings,54.7,2,35,11,78,126,3,-10,2,11,6,132
PRI,Primerica,266.94,4,1,0,106,111,15,-10,-12,28,21,132
ADC,Agree Realty,75.81,23,3,55,14,95,-1,11,15,11,36,131
CMG,Chipotle Mexican Grill,53.76,14,13,-16,78,89,27,6,-18,27,42,131
FOXA,Fox Corporation (Class A),56.07,20,28,60,0,108,17,-3,-5,12,21,129
AEE,Ameren,96.01,2,0,49,11,62,9,-4,54,8,67,129
FTI,TechnipFMC,34.15,0,29,9,25,63,-5,33,2,35,65,128
SSD,Simpson Manufacturing Company,157.86,1,1,-18,154,138,4,-17,-21,24,-10,128
SKX,Skechers,62.67,7,27,-16,53,71,11,34,-12,24,57,128
HII,Huntington Ingalls Industries,237.03,51,68,0,4,123,21,-17,8,-7,5,128
SSNC,SS&C Technologies,80.78,2,5,82,12,101,-10,30,-7,13,26,127
STWD,Starwood Property Trust,20.23,2,29,10,56,97,-5,13,2,19,29,126
GRMN,Garmin,201.74,-38,2,104,17,85,1,30,-9,19,41,126
HLI,Houlihan Lokey,177.15,7,31,9,42,89,17,-6,2,24,37,126
MMM,3M,147.6,3,29,66,12,110,7,-6,2,12,15,125
CNM,Core & Main,58.32,3,31,11,0,45,14,42,2,22,80,125
HBAN,Huntington Bancshares,16.07,2,29,1,19,51,17,40,2,14,73,124
DKNG,DraftKings,41.47,77,5,1,0,83,27,5,-10,18,40,123
LHX,L3Harris,251.1,0,51,4,3,58,5,44,4,12,65,123
PH,Parker Hannifin,664.21,0,30,9,63,102,-52,42,2,28,20,122
X,U.S. Steel,54.84,15,22,11,24,72,13,18,15,4,50,122
LLYVA,Liberty Live (Series A),79.51,27,42,20,0,89,27,3,2,0,32,121
FNB,FNB Corporation,14.16,3,29,-5,53,80,14,9,1,17,41,121
FOX,Fox Corporation (Class B),51.39,20,28,59,0,107,17,-4,-6,7,14,121
KKR,KKR & Co. Inc.,122.12,-12,18,0,101,107,-5,11,-12,19,13,120
DLR,Digital Realty,177.35,4,35,7,20,66,-7,42,2,17,54,120
ACGL,Arch Capital Group,91.1,0,0,0,60,60,14,-5,2,49,60,120
LLYVK,Liberty Live (Series C),80.86,30,35,21,0,86,27,5,2,0,34,120
THC,Tenet Healthcare,169.19,30,38,6,55,129,-2,-3,-27,22,-10,119
OZK,Bank OZK,46.32,4,29,9,54,96,12,5,-11,17,23,119
GEV,GE Vernova,499.89,35,41,0,0,76,-5,44,3,0,42,118
RPM,RPM International,108.96,-42,0,-11,178,125,-52,35,-19,28,-8,117
WPC,W. P. Carey,64.54,11,26,21,1,59,19,18,18,3,58,117
BLK,BlackRock,985.95,1,28,9,20,58,-4,42,2,19,59,117
AGO,Assured Guaranty,87.13,22,3,1,54,80,14,1,2,20,37,117
CAR,Avis Budget Group,147.0,35,45,1,-18,63,28,55,5,-35,53,116
VRT,Vertiv,116.52,35,28,1,6,70,-7,42,-13,24,46,116
CPNG,Coupang,28.37,0,35,9,0,44,12,42,2,15,71,115
ULTA,Ulta Beauty,471.53,30,39,4,2,75,1,42,4,-7,40,115
ECL,Ecolab,265.94,0,27,8,20,55,3,37,2,17,59,114
UTHR,United Therapeutics,286.41,0,-9,-2,55,44,38,-4,-21,57,70,114
ZS,Zscaler,310.43,7,42,9,3,61,-9,44,2,16,53,114
WING,Wingstop,360.58,0,35,3,36,74,5,35,-30,29,39,113
JNPR,Juniper Networks,36.3,14,24,0,52,90,33,1,-29,18,23,113
LECO,Lincoln Electric,206.88,3,28,0,63,94,1,35,-12,-5,19,113
KD,Kyndryl,39.32,-14,31,101,0,118,-13,-2,-9,18,-6,112
TTEK,Tetra Tech,35.41,-18,27,-21,117,105,-28,42,-24,17,7,112
TXRH,Texas Roadhouse,188.88,1,30,1,62,94,-9,-4,2,29,18,112
DOX,Amdocs,91.95,-16,38,9,56,87,-16,36,2,3,25,112
ODFL,Old Dominion Freight Line,161.35,0,-3,-18,185,164,-47,-13,-23,30,-53,111
IDA,Idacorp,115.45,6,1,48,16,71,15,-1,18,8,40,111
SOFI,SoFi,15.38,21,21,38,0,80,22,12,-12,9,31,111
PNR,Pentair,99.56,3,29,1,60,93,13,-2,-16,22,17,110
ADSK,Autodesk,300.97,13,32,46,12,103,-9,-4,2,17,6,109
SCCO,Southern Copper,94.65,-16,28,-13,60,59,-18,41,2,25,50,109
ROIV,Roivant Sciences,11.51,21,39,0,0,60,17,8,2,22,49,109
H,Hyatt Hotels,132.68,0,12,-15,53,50,-10,35,-19,53,59,109
MET,Metlife,79.64,3,28,1,56,88,27,-10,-12,16,21,109
MTB,M&T Bank,189.46,14,29,0,20,63,14,35,-16,12,45,108
RF,Regions Financial Corporation,22.65,15,28,0,20,63,17,35,-19,12,45,108
CXT,Crane NXT,54.4,-6,19,-17,53,49,-15,32,-13,54,58,107
SNV,Synovus,49.85,10,29,0,19,58,17,35,-15,12,49,107
CHE,Chemed Corporation,550.85,-2,-22,-3,183,156,-34,-10,-1,-6,-51,105
GTES,Gates Corporation,22.24,4,29,9,13,55,-5,37,2,16,50,105
AAON,AAON,72.43,-65,-9,-5,243,164,-61,-11,-17,29,-60,104
TOST,"Toast, Inc.",43.37,2,30,69,0,101,-10,-4,2,15,3,104
MSM,MSC Industrial Direct,81.8,-11,29,0,56,74,-10,44,2,-7,29,103
AMAT,Applied Materials,171.97,0,29,-22,147,154,-16,9,-41,-3,-51,103
AMED,Amedisys,97.85,63,46,4,-38,75,-7,9,17,8,27,102
HAS,Hasbro,70.6,8,29,6,1,44,7,40,2,9,58,102
NNN,NNN Reit,43.43,11,27,0,20,58,19,11,2,12,44,102
WAB,Wabtec,202.19,-28,31,11,47,61,-57,42,2,54,41,102
NBIX,Neurocrine Biosciences,125.8,21,20,-20,23,44,33,39,-12,-2,58,102
R,Ryder,153.82,4,14,3,54,75,-2,-10,-15,54,27,102
BRK-B,Berkshire Hathaway,487.63,-52,-14,116,60,110,-24,-26,17,24,-9,101
NOC,Northrop Grumman,499.65,0,2,2,56,60,5,16,9,10,40,100
META,Meta Platforms,698.57,3,29,9,27,68,-13,34,-10,21,32,100
PSTG,Pure Storage,53.25,1,28,-2,40,67,-5,-4,-13,55,33,100
ADT,ADT Inc.,8.28,2,49,23,0,74,7,-4,17,6,26,100
DT,Dynatrace,54.58,30,27,6,0,63,-7,35,-10,18,36,99
WSO,Watsco,429.37,-42,-24,-5,194,123,-51,-22,-20,69,-24,99
AVT,Avnet,51.73,4,29,0,43,76,-11,6,2,25,22,98
GLW,Corning Inc.,51.8,7,28,11,15,61,1,35,-12,12,36,97
VLO,Valero Energy,137.04,0,29,0,42,71,-3,31,1,-3,26,97
ALLE,Allegion,142.43,8,41,1,19,69,17,-11,2,20,28,97
XEL,Xcel Energy,67.93,2,-13,43,10,42,9,-13,51,7,54,96
GILD,Gilead Sciences,106.19,-28,23,43,33,71,-34,24,-3,37,24,95
HES,Hess Corporation,141.52,0,0,2,53,55,28,14,-3,1,40,95
EA,Electronic Arts,154.42,46,5,0,5,56,7,4,8,19,38,94
WBS,Webster Bank,53.13,1,29,0,12,42,12,37,-12,15,52,94
AMH,American Homes 4 Rent,36.82,7,1,0,66,74,18,-13,2,13,20,94
KEY,Keycorp,16.49,14,29,0,2,45,21,35,-19,11,48,93
RGA,Reinsurance Group of America,198.25,0,29,0,38,67,1,-7,-19,51,26,93
OHI,Omega Healthcare Investors,37.29,7,4,0,38,49,20,-2,-3,29,44,93
ITW,Illinois Tool Works,244.2,-42,0,-5,176,129,-51,-6,-6,27,-36,93
FHN,First Horizon Corporation,20.24,4,29,44,2,79,17,-1,-10,8,14,93
PNW,Pinnacle West Capital,89.64,2,-6,60,16,72,8,-25,14,24,21,93
FCNCA,First Citizens BancShares,1891.52,13,11,0,57,81,19,-14,-13,19,11,92
PNC,PNC Financial Services,180.73,14,19,0,12,45,17,34,-16,12,47,92
MAR,Marriott International,264.1,3,29,1,56,89,-5,-6,-11,25,3,92
PSX,Phillips 66,121.01,0,28,0,39,67,-4,30,1,-3,24,91
EGP,EastGroup Properties,173.62,4,26,1,6,37,14,41,2,-3,54,91
ISRG,Intuitive Surgical,515.09,0,0,86,20,106,-16,-10,-13,24,-15,91
CFG,Citizens Financial Group,42.51,17,17,0,2,36,21,34,-12,12,55,91
SNPS,Synopsys,470.98,-27,16,-19,178,148,-43,8,-20,-3,-58,90
CPRT,Copart,47.72,-49,-20,-5,174,100,-5,-16,-15,26,-10,90
CR,Crane Co.,183.75,2,36,8,0,46,1,38,2,3,44,90
HIW,Highwoods Properties,31.41,0,35,3,4,42,-8,42,2,11,47,89
AYI,Acuity Brands,280.94,21,5,0,25,51,-2,34,-13,18,37,88
JEF,Jefferies Financial Group,53.96,3,5,-12,56,52,-9,5,-15,55,36,88
IDXX,Idexx Laboratories,524.7,0,36,6,2,44,6,42,2,-6,44,88
NTAP,Netapp,104.3,4,14,-17,55,56,-9,42,-22,20,31,87
SNOW,Snowflake Inc.,213.67,17,32,7,0,56,-5,42,2,-8,31,87
DDS,Dillard's,403.43,-7,11,6,52,62,-18,-1,-9,53,25,87
CIEN,Ciena,75.46,6,29,1,10,46,44,-4,-13,14,41,87
ARW,Arrow Electronics,125.97,10,36,0,2,48,1,42,2,-6,39,87
LNT,Alliant Energy,61.34,6,1,60,12,79,8,-13,2,11,8,87
TDY,Teledyne Technologies,490.93,-1,28,44,12,83,-10,-1,2,13,4,87
APO,Apollo Global Management,134.03,-7,11,-2,95,97,-3,-17,-15,24,-11,86
BX,Blackstone Inc.,138.32,-32,0,-5,140,103,-5,-15,-16,19,-17,86
QGEN,Qiagen,46.7,0,26,4,1,31,-25,67,2,11,55,86
CRUS,Cirrus Logic,105.66,21,29,-15,17,52,27,5,2,-1,33,85
TRGP,Targa Resources,164.76,-5,-1,0,49,43,-4,6,-12,52,42,85
FITB,Fifth Third Bancorp,40.18,14,5,-2,20,37,19,34,-19,14,48,85
MCO,Moody's Corporation,476.16,-49,29,8,154,142,-68,-2,-10,23,-57,85
BEPC,Brookfield Renewable Partners,32.07,0,30,2,0,32,1,41,2,8,52,84
LAD,Lithia Motors,335.73,14,10,0,12,36,7,35,-14,19,47,83
HRB,H&R Block,55.33,0,-10,0,50,40,9,-22,6,50,43,83
AMT,American Tower,221.65,14,7,8,4,33,17,12,12,9,50,83
CNP,Centerpoint Energy,36.19,0,0,41,43,84,-27,-23,35,13,-2,82
ED,Consolidated Edison,101.14,-32,-13,20,45,20,5,-1,14,43,61,81
MANH,Manhattan Associates,192.59,3,23,-21,63,68,1,5,-19,25,12,80
PRU,Prudential Financial,105.61,3,19,-5,53,70,1,11,-19,17,10,80
MUSA,Murphy USA,425.18,7,-31,-5,66,37,18,-31,-21,77,43,80
PODD,Insulet,307.68,0,30,37,2,69,6,-5,6,4,11,80
O,Realty Income,58.37,7,25,2,5,39,16,11,2,11,40,79
ALGM,Allegro MicroSystems,31.91,35,28,3,0,66,4,29,-7,-14,12,78
LDOS,Leidos,150.67,8,41,-5,21,65,5,-14,5,17,13,78
ATR,AptarGroup,153.79,4,35,0,18,57,5,-9,2,23,21,78
SPR,Spirit AeroSystems,37.11,-49,43,10,0,4,-4,44,22,12,74,78
AFG,American Financial Group,126.09,5,1,-4,54,56,7,1,2,12,22,78
TOL,Toll Brothers,112.54,4,13,-15,59,61,7,6,-21,24,16,77
VRTX,Vertex Pharmaceuticals,443.54,-15,-33,-1,102,53,-34,8,15,35,24,77
VTR,"Ventas, Inc.",63.53,4,-18,64,20,70,3,-25,15,13,6,76
AMG,Affiliated Managers Group,183.28,0,35,3,20,58,-5,6,2,15,18,76
CEG,Constellation Energy,315.39,20,29,8,0,57,5,-5,2,17,19,76
ROK,Rockwell Automation,323.8,2,32,7,13,54,-5,34,2,-9,22,76
PCAR,Paccar,91.73,-40,0,-14,157,103,-49,-5,-6,32,-28,75
CCL,Carnival Corporation & plc,24.05,4,28,9,0,41,-7,36,-12,17,34,75
DG,Dollar General,114.99,7,70,0,-15,62,4,18,14,-24,12,74
USB,U.S. Bancorp,44.07,0,29,-2,2,29,12,35,-16,13,44,73
ESI,Element Solutions,21.96,4,1,-12,55,48,26,1,-21,18,24,72
ABBV,AbbVie,183.76,-27,-1,9,56,37,-30,8,-6,62,34,71
GWW,W. W. Grainger,1038.01,-42,29,0,92,79,-61,-4,2,55,-8,71
RKT,Rocket Companies,14.69,21,3,-11,0,13,14,25,1,18,58,71
AWK,American Water Works,143.95,7,1,18,4,30,15,6,14,6,41,71
GL,Globe Life,122.11,4,1,37,12,54,17,-5,-1,6,17,71
CG,Carlyle Group (The),47.21,2,20,0,19,41,-6,31,-12,16,29,70
XPO,"XPO, Inc.",124.45,4,11,-1,59,73,-16,3,-15,25,-3,70
WTM,White Mountains Insurance Group,1786.27,0,0,0,57,57,-17,-12,-12,54,13,70
APPF,AppFolio,228.68,4,14,0,26,44,5,6,-12,26,25,69
ADM,Archer Daniels Midland,52.86,65,30,0,-9,86,-7,6,2,-18,-17,69
AS,Amer Sports,37.11,0,29,0,0,29,3,34,2,0,39,68
COHR,Coherent Corp.,80.64,2,28,0,13,43,-7,35,-16,13,25,68
DOV,Dover Corporation,177.54,-27,18,0,104,95,-22,-11,-11,17,-27,68
HPE,Hewlett Packard Enterprise,17.81,-7,25,-16,40,42,-10,-4,-13,52,25,67
DDOG,Datadog,129.54,33,19,-15,0,37,-1,36,-18,13,30,67
TNL,Travel + Leisure Co.,49.47,2,19,1,14,36,-7,35,-9,12,31,67
MASI,Masimo,168.33,3,2,38,-4,39,12,15,-7,8,28,67
PHM,PulteGroup,104.84,3,2,-15,63,53,6,6,-26,27,13,66
SMCI,Supermicro,40.9,-3,5,0,56,58,-5,28,-8,-7,8,66
STLD,Steel Dynamics,127.43,-16,0,-1,53,36,-23,-4,2,55,30,66
EXPD,Expeditors International,114.39,0,1,-12,129,118,-24,2,-29,-1,-52,66
COKE,Coca-Cola Consolidated,108.64,2,-36,0,84,50,9,-36,-7,50,16,66
CF,CF Industries,96.53,-4,28,7,2,33,-16,40,2,6,32,65
DHI,D. R. Horton,128.67,6,2,-20,63,51,7,6,-27,28,14,65
MRP,Millrose Properties,28.22,23,18,0,0,41,26,-2,0,0,24,65
MCHP,Microchip Technology,68.57,14,29,-38,1,6,26,35,2,-5,58,64
FE,FirstEnergy,40.31,2,0,0,53,55,9,-14,2,12,9,64
AMZN,Amazon,208.48,-14,19,9,19,33,-11,34,-11,18,30,63
AVB,AvalonBay Communities,207.68,2,10,0,14,26,14,9,1,13,37,63
GEN,Gen Digital,28.82,-16,32,7,14,37,-24,34,2,14,26,63
RPRX,Royalty Pharma,35.41,9,32,24,0,65,5,11,18,-36,-2,63
DCI,Donaldson Company,69.14,0,29,-2,63,90,-52,-5,2,28,-27,63
UNH,UnitedHealth Group,300.74,-13,-45,-10,-2,-70,-30,3,-23,182,132,62
MLM,Martin Marietta Materials,551.88,2,38,-2,58,96,-52,-9,2,25,-34,62
ZION,Zions Bancorporation,49.48,4,11,-2,2,15,15,34,-15,13,47,62
FHB,"First Hawaiian, Inc.",24.06,2,1,-2,12,13,9,39,-12,12,48,61
ESS,Essex Property Trust,285.86,1,11,0,12,24,14,9,2,12,37,61
XYL,Xylem Inc.,125.49,-27,29,-2,20,20,-21,39,2,20,40,60
LII,Lennox International,564.85,8,0,0,36,44,19,-13,-15,25,16,60
VEEV,Veeva Systems,280.2,-28,32,37,6,47,-40,35,2,16,13,60
FCX,Freeport-McMoRan,40.94,-14,29,-29,56,42,-16,35,2,-4,17,59
INVH,Invitation Homes,34.02,7,4,1,5,17,16,1,13,12,42,59
DOCS,Doximity,58.02,3,0,46,0,49,-2,10,-9,10,9,58
IONS,Ionis Pharmaceuticals,37.71,21,32,-41,-9,3,23,38,2,-8,55,58
MSTR,MicroStrategy,367.3,-28,0,91,17,80,-28,-14,2,18,-22,58
GXO,GXO Logistics,49.12,14,29,-29,0,14,14,35,1,-6,44,58
AFRM,Affirm Holdings,62.19,4,11,4,0,19,21,12,-9,15,39,58
TXT,Textron,77.49,0,29,-27,51,53,-33,39,2,-3,5,58
PFG,Principal Financial Group,77.35,3,0,-5,53,51,14,-11,-12,16,7,58
CARR,Carrier Global,71.77,1,36,0,0,37,5,-11,2,24,20,57
ANET,Arista Networks,91.95,-27,14,-1,56,42,-36,10,-13,54,15,57
PNFP,Pinnacle Financial Partners,107.66,4,29,0,13,46,17,-10,-12,16,11,57
UI,Ubiquiti,388.86,0,1,44,8,53,1,-7,2,8,4,57
LBRDA,Liberty Broadband (Series A),92.53,3,40,39,-34,48,12,-12,2,6,8,56
SAIC,SAIC,104.27,0,-15,-29,65,21,-11,-15,6,55,35,56
FOUR,Shift4,93.56,4,9,0,0,13,-9,38,-9,22,42,55
NVR,"NVR, Inc.",7336.1,2,1,-15,63,51,5,-4,-24,27,4,55
NVT,Nvent Electric,70.76,4,29,0,10,43,-7,42,-20,-3,12,55
PARAA,Paramount Global (Class A),22.83,10,5,31,0,46,6,2,-4,4,8,54
LBRDK,Liberty Broadband (Series C),93.4,2,40,39,-34,47,12,-13,2,6,7,54
WYNN,Wynn Resorts,89.74,35,31,-3,0,63,7,-12,2,-6,-9,54
DAR,Darling Ingredients,38.52,69,6,0,-18,57,42,5,-22,-28,-3,54
MDU,MDU Resources,16.51,2,0,0,38,40,1,-17,2,27,13,53
NYT,New York Times Company,54.73,-28,40,7,14,33,3,-4,2,19,20,53
CUZ,Cousins Properties,30.44,2,19,3,9,33,-5,12,2,11,20,53
FIS,Fidelity National Information Services,80.49,1,44,0,-35,10,-9,42,1,9,43,53
TWLO,Twilio,117.77,2,21,39,-32,30,26,-3,-10,9,22,52
BKR,Baker Hughes,37.83,-6,0,0,33,27,-16,28,-11,24,25,52
SYY,Sysco,75.92,7,16,0,1,24,6,29,-20,12,27,51
NCLH,Norwegian Cruise Line Holdings,18.6,0,0,-12,0,-12,26,30,-12,18,62,50
NTNX,Nutanix,73.28,0,0,23,20,43,-7,-10,2,22,7,50
XP,XP Inc.,19.23,-21,43,4,0,26,-19,41,8,-6,24,50
KMPR,Kemper Corporation,64.13,21,19,0,2,42,12,-5,-12,12,7,49
EXC,Exelon,43.2,2,-18,47,12,43,8,-28,18,8,6,49
WSM,"Williams-Sonoma, Inc.",157.69,1,-2,0,63,62,-6,-17,-9,19,-13,49
SUI,Sun Communities,127.95,11,20,1,-22,10,18,10,2,9,39,49
WHR,Whirlpool Corporation,93.88,98,6,-16,-24,64,3,28,-12,-34,-15,49
BHF,Brighthouse Financial,58.89,4,32,10,9,55,-5,-11,2,6,-8,47
HR,Healthcare Realty Trust,15.49,74,0,0,-37,37,21,3,-21,7,10,47
KBR,"KBR, Inc.",47.64,-17,-2,-22,62,21,-29,-2,2,55,26,47
RITM,Rithm Capital,11.22,-27,29,9,30,41,-9,-13,2,24,4,45
BXP,"BXP, Inc.",71.02,-13,27,0,0,14,-24,42,2,11,31,45
CMA,Comerica,57.36,2,3,-2,2,5,12,34,-16,10,40,45
MOS,Mosaic Company (The),36.02,30,49,8,-14,73,-6,-2,7,-28,-29,44
TFC,Truist Financial,41.07,14,3,0,2,19,17,11,-15,12,25,44
RYAN,Ryan Specialty,68.68,7,0,1,0,8,19,-5,-1,23,36,44
SPG,Simon Property Group,159.05,0,0,0,33,33,-4,2,-7,19,10,43
OKE,Oneok,79.84,-26,-1,-5,52,20,7,-17,-17,49,22,42
PEGA,Pegasystems,49.95,-1,41,11,3,54,-12,-1,-12,13,-12,42
JLL,Jones Lang LaSalle,247.58,7,3,0,12,22,12,8,-12,12,20,42
UBER,Uber,85.19,-19,41,10,0,32,-12,-11,8,24,9,41
GRAL,"Grail, Inc.",43.07,4,9,0,0,13,-5,42,-9,0,28,41
CMS,CMS Energy,69.86,-32,-21,68,21,36,6,-27,14,12,5,41
UDR,"UDR, Inc.",41.38,0,1,0,5,6,13,8,2,11,34,40
SFD,Smithfield Foods,23.63,0,24,0,0,24,-26,42,0,0,16,40
NXST,Nexstar Media Group,174.84,14,28,1,2,45,14,-4,-24,8,-6,39
VNO,Vornado Realty Trust,39.58,-7,19,3,2,17,-11,35,-15,13,22,39
MORN,"Morningstar, Inc.",303.1,0,29,-12,26,43,-2,-1,-18,16,-5,38
VOYA,Voya Financial,68.05,3,29,-15,2,19,6,3,-20,29,18,37
MEDP,Medpace,308.54,10,3,-19,30,24,12,13,-11,-2,12,36
VVV,Valvoline,37.04,28,14,-18,29,53,-5,30,-40,-2,-17,36
BROS,Dutch Bros. Coffee,69.26,-14,21,45,0,52,-15,-3,-7,9,-16,36
ALAB,Astera Labs,85.92,-8,27,0,0,19,-5,36,-14,0,17,36
RNR,RenaissanceRe,244.86,0,26,0,33,59,-23,-5,-21,26,-23,36
CFR,Frost Bank,126.61,1,29,0,2,32,12,-5,-12,8,3,35
NOW,ServiceNow,980.28,-58,30,0,80,52,-19,-6,-12,20,-17,35
FIVE,Five Below,124.49,0,31,0,-14,17,-13,40,3,-13,17,34
CSX,CSX Corporation,32.42,1,28,-28,2,3,1,32,2,-4,31,34
LNW,Light & Wonder,82.65,-7,-3,-13,55,32,-10,-4,-7,23,2,34
EXP,Eagle Materials,201.5,3,-18,-7,55,33,12,-15,-21,25,1,34
BLDR,Builders FirstSource,119.09,8,0,-20,63,51,7,1,-24,-1,-17,34
EQR,Equity Residential,69.06,-6,28,0,11,33,7,-20,2,11,0,33
FR,First Industrial Realty Trust,50.12,4,3,-5,12,14,12,2,-7,12,19,33
TSLA,"Tesla, Inc.",348.71,7,11,0,8,26,14,1,-16,8,7,33
ALLY,Ally Financial,37.01,3,19,-2,2,22,-3,13,-13,14,11,33
MSGS,Madison Square Garden Sports,207.36,15,3,-12,19,25,15,-14,-18,25,8,33
PARA,Paramount Global (Class B),12.33,19,30,0,-37,12,23,36,4,-43,20,32
ACI,Albertsons,22.14,14,2,17,0,33,6,-19,19,-7,-1,32
SN,SharkNinja,91.76,21,5,0,0,26,26,-11,-10,0,5,31
FAF,First American Financial Corporation,60.27,8,0,-5,12,15,8,3,-11,16,16,31
IR,Ingersoll Rand,81.93,0,28,-13,21,36,-47,35,-20,27,-5,31
SBAC,SBA Communications,234.17,18,2,8,-18,10,7,1,9,3,20,30
ZBRA,Zebra Technologies,296.28,4,15,-13,-5,1,-4,34,-13,11,28,29
LAZ,Lazard,45.31,7,12,-2,18,35,7,-6,-20,11,-8,27
GAP,Gap Inc.,21.42,0,-1,-4,16,11,8,-12,3,17,16,27
MSCI,MSCI,554.97,0,27,0,12,39,-5,-11,-15,18,-13,26
K,Kellanova,78.61,-105,-9,61,19,-34,-18,-6,73,11,60,26
FNF,Fidelity National Financial,55.94,4,-31,-1,56,28,7,-26,-3,19,-3,25
LFUS,Littelfuse,223.79,4,29,-17,0,16,12,34,-31,-6,9,25
SBUX,Starbucks,92.35,0,0,2,1,3,-5,28,-7,5,21,24
AZEK,Azek,51.72,-25,47,13,0,35,-43,9,5,18,-11,24
ECG,Everus Construction Group,60.74,4,27,0,0,31,1,1,-9,0,-7,24
OSK,Oshkosh Corporation,108.67,-6,28,3,2,27,-22,33,-12,-3,-4,23
SARO,StandardAero,29.97,-20,29,0,0,9,-25,36,2,0,13,22
JHG,Janus Henderson,36.68,1,14,0,17,32,-5,-10,-11,16,-10,22
HST,Host Hotels & Resorts,15.77,3,29,-24,2,10,-7,42,-19,-4,12,22
VNOM,Viper Energy,38.69,-16,-1,-1,42,24,-33,5,-20,45,-3,21
VNT,Vontier,36.3,2,29,-5,0,26,-23,36,-15,-3,-5,21
LEN-B,Lennar (Class B),105.55,-26,0,-20,60,14,1,6,-27,27,7,21
CCI,Crown Castle,102.53,14,2,0,-26,-10,14,1,12,3,30,20
EQIX,Equinix,889.49,-45,29,0,32,16,-64,42,2,24,4,20
NLY,Annaly Capital Management,19.15,-9,11,10,8,20,-7,-1,-6,14,0,20
JKHY,Jack Henry & Associates,181.05,4,26,8,2,40,-5,-5,-19,9,-20,20
BAH,Booz Allen Hamilton,100.72,-15,-18,-22,99,44,-22,-14,-24,36,-24,20
W,Wayfair,48.87,35,29,0,-39,25,-5,35,2,-38,-6,19
BLD,TopBuild,324.54,14,3,-21,44,40,12,6,-38,-1,-21,19
CUBE,CubeSmart,42.89,-30,35,-15,20,10,-45,40,2,12,9,19
TFSL,Third Federal S&L,12.99,0,3,0,3,6,7,-14,2,17,12,18
CBSH,Commerce Bancshares,61.36,0,0,0,9,9,7,-11,2,11,9,18
D,Dominion Energy,55.91,4,27,6,-32,5,7,-4,2,8,13,18
PEN,"Penumbra, Inc.",254.5,-8,-18,24,9,7,-7,-21,38,1,11,18
MKC,McCormick & Company,74.89,1,0,-1,-2,-2,8,9,-6,8,19,17
AGNC,AGNC Investment,9.21,-1,14,3,14,30,-37,12,-6,15,-16,14
WTW,Willis Towers Watson,303.73,3,-41,0,22,-16,14,-5,-7,27,29,13
AAP,Advance Auto Parts,51.94,4,21,0,-26,-1,15,28,2,-32,13,12
DPZ,Domino's,457.87,1,0,-1,8,8,-16,-15,19,16,4,12
PINS,Pinterest,34.01,-9,14,0,0,5,-10,30,-11,-3,6,11
ROKU,"Roku, Inc.",80.92,0,10,2,-17,-5,-10,34,-10,2,16,11
PLD,Prologis,107.12,0,19,-15,0,4,5,3,2,-3,7,11
ANSS,Ansys,334.84,-26,29,9,9,21,-42,8,2,21,-11,10
LVS,Las Vegas Sands,41.95,4,29,-14,-4,15,-10,35,-18,-12,-5,10
DIS,Walt Disney Company (The),117.76,0,29,7,-39,-3,-24,33,2,1,12,9
GNRC,Generac,133.66,7,13,-12,-32,-24,14,31,-20,8,33,9
KEYS,Keysight,161.07,0,29,8,0,37,-11,-11,-9,3,-28,9
ES,Eversource Energy,63.37,-34,32,7,-8,-3,1,35,2,-26,12,9
GPC,Genuine Parts Company,121.29,0,27,-5,0,22,3,-4,2,-15,-14,8
TPG,TPG Inc.,50.69,1,12,-5,0,8,-4,3,-16,17,0,8
HSIC,Schein (Henry),71.91,4,5,0,0,9,14,-5,-11,1,-1,8
AMTM,Amentum,21.91,-18,41,0,0,23,-23,6,2,0,-15,8
IVZ,Invesco,14.93,4,5,-12,-4,-7,14,1,-12,11,14,7
BG,Bunge Global,84.16,42,7,-36,0,13,-8,3,2,-3,-6,7
TER,Teradyne,87.36,16,0,-21,-4,-9,4,30,-15,-3,16,7
F,Ford Motor Company,10.73,8,43,-42,-15,-6,7,5,2,-3,11,5
KDP,Keurig Dr Pepper,33.26,4,-15,0,0,-11,-3,-1,10,10,16,5
BOKF,BOK Financial Corporation,94.69,1,0,-4,20,17,8,-14,-18,12,-12,5
FDX,FedEx,229.18,4,1,-18,30,17,8,2,-20,-2,-12,5
QRVO,Qorvo,80.92,2,29,-36,-29,-34,4,37,1,-3,39,5
LSCC,Lattice Semiconductor,49.73,21,0,-12,-3,6,19,1,-9,-13,-2,4
PB,Prosperity Bancshares,69.11,0,0,-4,12,8,14,-14,-16,12,-4,4
NEE,NextEra Energy,70.73,-12,16,0,0,4,-26,11,2,11,-2,2
DAL,Delta Air Lines,48.27,0,1,-5,17,13,-16,-6,-13,24,-11,2
ILMN,"Illumina, Inc.",90.77,79,9,-20,-38,30,-5,35,-20,-38,-28,2
SMG,Scotts Miracle-Gro Company,63.51,0,25,-14,-37,-26,12,28,-24,11,27,1
VZ,Verizon,42.35,-49,-5,22,8,-24,2,-5,15,12,24,0
INFA,Informatica,24.16,8,20,-34,0,-6,-12,42,-19,-5,6,0
TYL,Tyler Technologies,579.72,-19,1,0,15,-3,-22,28,-20,16,2,-1
CNH,CNH Industrial,12.73,-6,30,11,0,35,-7,-10,2,-21,-36,-1
AL,Air Lease Corporation,56.41,-39,35,9,20,25,-52,-1,2,24,-27,-2
SEB,Seaboard Corporation,2858.0,21,3,0,-21,3,13,15,-6,-27,-5,-2
DNB,Dun & Bradstreet,9.07,24,8,-18,0,14,27,12,-20,-35,-16,-2
CHDN,Churchill Downs Incorporated,99.88,3,0,-23,0,-20,-2,16,-24,28,18,-2
GPK,Graphic Packaging,21.55,0,-73,-11,56,-28,-10,-10,-24,69,25,-3
CACC,Credit Acceptance,500.25,1,5,0,0,6,-5,6,-7,-3,-9,-3
NU,Nubank,12.35,2,0,0,0,2,-7,-17,2,17,-5,-3
EIX,Edison International,50.1,0,-12,-24,-1,-37,19,-13,-21,48,33,-4
WTRG,Essential Utilities,38.03,2,-8,0,0,-6,9,-24,14,3,2,-4
AGCO,AGCO,100.53,-7,31,0,0,24,-10,-10,3,-11,-28,-4
UHS,Universal Health Services,173.6,0,-6,-3,20,11,-2,-10,-27,24,-15,-4
WAL,Western Alliance Bancorporation,74.79,2,2,-4,2,2,12,-16,-19,16,-7,-5
CMI,Cummins,316.49,-28,1,0,63,36,-52,-4,-13,28,-41,-5
RRX,Regal Rexnord,141.04,-1,29,-20,1,9,-10,5,-21,11,-15,-6
FRT,Federal Realty Investment Trust,96.38,0,11,-15,2,-2,-5,10,-21,12,-4,-6
SNA,Snap-on,308.22,-42,-6,-1,57,8,-50,-9,-11,55,-15,-7
MTDR,Matador Resources,49.05,0,9,-21,0,-12,-6,29,-14,-4,5,-7
LEN,Lennar (Class A),110.66,-27,0,-22,62,13,2,6,-27,-1,-20,-7
EXPE,Expedia Group,165.83,-42,2,41,9,10,-54,35,-10,12,-17,-7
WMS,Advanced Drainage Systems,116.92,3,13,-32,1,-15,2,5,2,-1,8,-7
PPG,PPG Industries,112.32,3,29,-38,-6,-12,14,-6,2,-6,4,-8
CCCS,CCC Intelligent Solutions,9.22,28,3,-20,0,11,-2,6,-19,-4,-19,-8
UAL,United Airlines Holdings,76.98,0,2,0,9,11,-20,-1,-12,14,-19,-8
DBX,Dropbox,28.72,0,7,11,7,25,-11,-16,-12,6,-33,-8
EXR,Extra Space Storage,148.99,-42,26,-5,0,-21,-44,42,2,11,11,-10
EG,Everest Group,341.73,3,-10,-28,53,18,14,-10,-29,-3,-28,-10
OC,Owens Corning,135.44,-30,-8,-16,56,2,1,-20,-20,27,-12,-10
CART,Maplebear Inc.,43.87,0,5,15,0,20,-19,-3,-9,0,-31,-11
APP,AppLovin,335.57,-61,19,97,0,55,-70,-3,-9,16,-66,-11
HRL,Hormel Foods,30.85,2,19,-2,-21,-2,9,8,2,-28,-9,-11
IRDM,Iridium Communications,29.2,4,11,-13,-17,-15,3,33,-15,-17,4,-11
OKTA,"Okta, Inc.",98.62,-1,-10,16,-22,-17,-5,-14,21,4,6,-11
MKSI,MKS Instruments,92.04,0,14,-19,-11,-16,-13,34,-13,-3,5,-11
CSGP,CoStar Group,80.03,-12,11,0,12,11,-37,6,15,-7,-23,-12
VTRS,Viatris,8.85,0,3,-17,-5,-19,2,7,-21,17,5,-14
NVST,Envista,18.9,1,14,-15,0,0,-5,35,-15,-30,-15,-15
PYPL,PayPal,72.01,-28,19,-2,-37,-48,7,35,-16,7,33,-15
EFX,Equifax,255.15,-28,41,-1,14,26,-46,-14,2,16,-42,-16
TRU,TransUnion,86.88,2,18,-3,1,18,-9,-14,-23,12,-34,-16
CHTR,Charter Communications,392.59,2,2,10,-34,-20,12,-14,2,4,4,-16
INGM,Ingram Micro,19.52,0,14,0,0,14,-9,-11,-10,0,-30,-16
EW,Edwards Lifesciences,75.31,0,3,0,-12,-9,8,-4,22,-33,-7,-16
PCOR,Procore,66.16,0,0,-3,0,-3,-7,-15,-9,17,-14,-17
ST,Sensata Technologies,28.64,15,29,-34,-13,-3,27,33,-41,-33,-14,-17
NDSN,Nordson,212.99,-25,28,-28,0,-25,-23,34,2,-5,8,-17
ZM,Zoom Communications,77.28,-3,0,1,0,-2,-8,-12,2,2,-16,-18
APD,Air Products,273.2,-28,0,0,14,-14,-32,30,-11,8,-5,-19
FANG,Diamondback Energy,141.18,-7,11,-21,45,28,-19,14,-40,-3,-48,-20
BBWI,"Bath & Body Works, Inc.",28.78,27,-16,-17,-13,-19,27,-17,-8,-4,-2,-21
XYZ,"Block, Inc.",63.61,-1,7,-16,-34,-44,3,26,-17,11,23,-21
MAS,Masco,62.95,0,-4,-12,63,47,-47,-16,-24,19,-68,-21
CTSH,Cognizant,76.72,-26,1,8,12,-5,-18,-5,-10,16,-17,-22
ELS,Equity Lifestyle Properties,64.03,10,0,-13,0,-3,19,-13,-24,-1,-19,-22
THO,Thor Industries,86.96,-6,13,-18,0,-11,-22,35,-21,-4,-12,-23
GDDY,GoDaddy,177.2,-25,0,0,20,-5,-14,-13,-11,20,-18,-23
DUOL,Duolingo,448.53,-72,0,45,0,-27,-14,-9,6,21,4,-23
ELAN,Elanco,13.35,-28,32,-29,-5,-30,-24,34,1,-4,7,-23
WAT,Waters Corporation,342.83,-28,0,0,12,-16,3,-10,-12,12,-7,-23
CRM,Salesforce,263.39,-3,-6,-5,20,6,-19,-16,-13,19,-29,-23
MAA,Mid-America Apartment Communities,150.17,0,-15,0,0,-15,2,-22,2,9,-9,-24
VMC,Vulcan Materials,260.91,-42,1,-1,58,16,-56,-11,2,25,-40,-24
OWL,Blue Owl Capital,18.56,-28,8,-2,0,-22,-7,-1,-13,19,-2,-24
HSY,Hershey Company (The),173.17,14,0,-37,0,-23,12,10,-6,-17,-1,-24
OTIS,Otis Worldwide,95.98,-13,0,-1,0,-14,-26,-2,-6,24,-10,-24
CFLT,"Confluent, Inc.",23.26,-20,0,-8,0,-28,-12,23,-10,2,3,-25
AXTA,Axalta,29.6,0,-16,-8,20,-4,-5,-19,-21,24,-21,-25
DKS,Dick's Sporting Goods,175.85,-30,-26,-5,61,0,-44,1,-13,31,-25,-25
VAC,Marriott Vacations Worldwide,69.86,22,4,-17,-15,-6,27,-6,-17,-23,-19,-25
TPL,Texas Pacific Land Corporation,1048.63,-35,-16,-1,56,4,-26,-16,2,11,-29,-25
NCNO,nCino,26.53,-21,14,-18,0,-25,-25,31,-20,13,-1,-26
TROW,T. Rowe Price,94.01,2,14,-15,-23,-22,12,-10,-17,11,-4,-26
WEX,WEX Inc.,141.56,0,11,-35,-3,-27,4,29,-26,-6,1,-26
AVTR,Avantor,13.43,1,0,-21,0,-20,14,15,-32,-3,-6,-26
MAT,Mattel,19.12,2,28,6,0,36,-20,-4,-10,-29,-63,-27
LNC,Lincoln Financial,32.83,-7,-1,10,-4,-2,-5,-17,-10,6,-26,-28
BWA,BorgWarner,32.74,-14,31,-29,0,-12,-43,38,2,-14,-17,-29
SOLV,Solventum,73.23,-28,2,0,0,-26,-25,30,-8,0,-3,-29
COLB,Columbia Banking System,22.91,0,-4,-2,-7,-13,8,-14,-18,8,-16,-29
CRH,CRH plc,89.93,-34,-4,0,62,24,-54,-15,-9,25,-53,-29
APTV,Aptiv,66.5,-20,29,0,-22,-13,-19,35,2,-34,-16,-29
DECK,Deckers Brands,100.42,-42,-8,-16,91,25,-52,-20,-12,29,-55,-30
INCY,Incyte,67.29,-16,15,0,-29,-30,-19,37,-23,5,0,-30
SNDR,Schneider National,24.16,-20,9,-15,0,-26,-21,28,-19,8,-4,-30
PSN,Parsons Corporation,66.4,-17,14,-19,0,-22,-32,13,-22,33,-8,-30
CVS,CVS Health,66.81,0,2,2,-15,-11,-19,8,17,-26,-20,-31
OLED,Universal Display Corporation,152.35,-24,29,-29,0,-24,-42,36,2,-3,-7,-31
BA,Boeing,201.2,-49,42,0,0,-7,-16,-1,2,-9,-24,-31
VLTO,Veralto,98.47,0,29,0,0,29,-55,-6,1,0,-60,-31
LYFT,Lyft,14.97,-49,30,-2,0,-21,-9,-5,2,2,-10,-31
MDT,Medtronic,85.98,-20,0,3,-4,-21,-26,10,-6,11,-11,-32
AVY,Avery Dennison,179.38,2,28,-27,2,5,5,-4,-35,-3,-37,-32
BIRK,Birkenstock,52.16,-50,31,-2,0,-21,-7,-6,2,0,-11,-32
QCOM,Qualcomm,153.14,-17,14,-17,20,0,-25,37,-44,-3,-35,-35
SJM,J.M. Smucker Company (The),97.41,0,-9,-4,-2,-15,12,-9,-2,-21,-20,-35
CPT,Camden Property Trust,116.24,-32,19,0,0,-13,-42,9,2,9,-22,-35
ELF,e.l.f. Beauty,123.19,0,21,-42,29,8,-30,35,-46,-3,-44,-36
SWKS,Skyworks Solutions,72.33,0,27,-35,-28,-36,4,37,-38,-3,0,-36
FI,Fiserv,170.48,7,-55,-6,33,-21,7,-41,-7,25,-16,-37
FTV,Fortive,70.29,-31,0,-13,31,-13,-11,-1,-9,-3,-24,-37
CL,Colgate-Palmolive,88.65,-34,-6,-3,21,-22,-34,-1,-6,24,-17,-39
NUE,Nucor,126.02,30,6,-47,0,-11,-5,7,-24,-6,-28,-39
RVTY,Revvity,94.98,3,0,-12,-22,-31,3,5,-17,1,-8,-39
PENN,Penn Entertainment,17.12,23,0,-15,-32,-24,27,10,-10,-42,-15,-39
OVV,Ovintiv,38.91,-3,11,-29,0,-21,-12,14,-16,-4,-18,-39
KRC,Kilroy Realty,35.01,-1,19,-12,-38,-32,-23,22,-18,9,-10,-42
A,Agilent Technologies,116.12,-20,3,-15,-3,-35,-24,32,-12,-3,-7,-42
ESTC,Elastic NV,82.13,0,-3,-5,-4,-12,-5,-14,-10,-2,-31,-43
EEFT,Euronet Worldwide,100.3,-42,0,-1,-1,-44,-46,34,2,11,1,-43
HOLX,Hologic,64.46,0,17,-27,0,-10,-25,24,-27,-5,-33,-43
KNX,Knight-Swift,44.05,0,1,-17,0,-16,3,-7,-13,-11,-28,-44
PKG,Packaging Corporation of America,188.71,-51,0,-5,59,3,-52,-1,-18,24,-47,-44
FND,Floor & Decor,75.6,3,-4,-27,-4,-32,12,1,-21,-4,-12,-44
JNJ,Johnson & Johnson,151.3,-28,0,-1,0,-29,-30,17,-6,4,-15,-44
ON,ON Semiconductor,53.19,0,14,-29,0,-15,-16,35,-35,-13,-29,-44
GEHC,GE HealthCare,71.14,-24,0,-12,0,-36,-7,3,-10,6,-8,-44
UA,Under Armour (Class C),6.53,11,21,-20,-35,-23,6,31,-24,-35,-22,-45
SW,Smurfit Westrock,42.44,-8,0,0,0,-8,-16,-7,-15,0,-38,-46
JBHT,J. B. Hunt,142.74,1,0,-23,0,-22,3,1,-20,-8,-24,-46
HHH,Howard Hughes Holdings,66.75,-7,-2,-5,-4,-18,-22,2,-20,12,-28,-46
RIVN,Rivian,13.64,-45,31,0,0,-14,-5,-12,3,-19,-33,-47
CPAY,Corpay,321.7,-30,-3,0,19,-14,-42,-3,-11,23,-33,-47
ZG,Zillow (Class A),67.48,-28,2,46,-39,-19,-47,11,-10,18,-28,-47
KVUE,Kenvue,21.37,-27,-13,0,0,-40,-6,-14,11,1,-8,-48
CNXC,Concentrix,51.79,-24,-2,0,0,-26,-20,32,-4,-31,-23,-49
TKR,Timken Company,71.21,-20,14,-16,2,-20,-46,33,-13,-3,-29,-49
Z,Zillow (Class C),69.06,-27,2,3,0,-22,-47,11,-10,18,-28,-50
UAA,Under Armour (Class A),6.88,3,19,-20,-42,-40,6,39,-20,-35,-10,-50
HXL,Hexcel,54.94,-25,1,-21,0,-45,-16,30,-13,-7,-6,-51
GM,General Motors,48.51,-24,11,0,9,-4,-41,3,-20,11,-47,-51
DVA,DaVita,136.34,-2,-48,0,18,-32,-11,-14,-12,17,-20,-52
WBA,Walgreens Boots Alliance,11.36,0,29,0,-75,-46,-12,44,-5,-33,-6,-52
AKAM,Akamai Technologies,79.31,2,1,-18,-5,-20,-10,4,-18,-8,-32,-52
RH,RH,186.27,-16,-3,-16,-5,-40,-7,2,-15,7,-13,-53
TSN,Tyson Foods,55.11,0,-34,-3,-26,-63,6,-3,-3,9,9,-54
WBD,Warner Bros. Discovery,10.66,4,9,4,-40,-23,-5,29,-12,-43,-31,-54
MOH,Molina Healthcare,291.28,-5,-21,-5,0,-31,-2,-15,-1,-6,-24,-55
UHAL,U-Haul,61.57,-41,-4,-7,20,-32,-5,-17,-20,18,-24,-56
ETSY,Etsy,53.87,-42,19,0,-28,-51,-2,29,2,-35,-6,-57
MIDD,Middleby,143.63,-51,0,6,0,-45,-11,-4,-8,11,-12,-57
MTCH,Match Group,30.95,0,13,-18,-35,-40,22,21,-25,-36,-18,-58
PSA,Public Storage,294.85,-54,30,-3,13,-14,-52,-5,2,11,-44,-58
BFAM,Bright Horizons,122.77,-80,27,6,6,-41,-30,-8,7,13,-18,-59
LPX,Louisiana-Pacific,87.8,-44,-4,-2,61,11,-70,-9,-16,24,-71,-60
POOL,Pool Corporation,293.9,0,-8,-15,-4,-27,8,-14,-21,-7,-34,-61
FMC,FMC Corporation,42.9,0,18,-32,-22,-36,5,22,-28,-24,-25,-61
ALSN,Allison Transmission,92.75,-70,-2,0,33,-39,-36,-6,-13,32,-23,-62
WY,Weyerhaeuser,26.58,-28,0,-15,0,-43,3,11,-27,-6,-19,-62
S,SentinelOne,17.5,-6,-6,-17,0,-29,-9,-17,-20,12,-34,-63
AMKR,Amkor Technology,20.25,0,14,-32,0,-18,-13,10,-40,-3,-46,-64
PATH,UiPath,12.22,-52,19,-3,0,-36,-16,-7,2,-8,-29,-65
BILL,Bill.com,44.29,4,-6,-16,0,-18,16,-17,-12,-35,-48,-66
MTN,Vail Resorts,158.42,31,19,-25,-21,4,-8,-9,-19,-34,-70,-66
IP,International Paper,46.09,-52,-1,0,14,-39,-25,-4,-12,14,-27,-66
DVN,Devon Energy,32.82,-4,11,-42,-3,-38,-18,8,1,-20,-29,-67
CAVA,Cava Group,75.26,0,-18,-6,0,-24,-7,-17,-20,0,-44,-68
MRK,Merck & Co.,80.2,0,0,-39,-2,-41,10,9,-43,-4,-28,-69
REXR,Rexford Industrial,36.95,3,14,-38,-16,-37,1,29,-33,-30,-33,-70
OGN,Organon & Co.,9.8,0,0,-21,0,-21,-24,10,-34,-2,-50,-71
DXCM,Dexcom,79.84,-63,33,-2,-12,-44,-22,-2,2,-7,-29,-73
BRBR,BellRing Brands,59.33,-12,-33,-5,0,-50,-12,-25,-11,25,-23,-73
CDW,CDW,173.75,0,29,-34,0,-5,1,-8,-55,-6,-68,-73
PK,Park Hotels & Resorts,10.28,0,0,-18,-5,-23,-10,-18,-20,-3,-51,-74
DLB,Dolby Laboratories,72.98,-28,-4,-2,0,-34,-21,-15,-12,6,-42,-76
G,Genpact,41.51,-21,-34,0,0,-55,-19,-5,-7,8,-23,-78
PINC,"Premier, Inc.",21.88,-60,40,9,-26,-37,-12,-4,7,-32,-41,-78
MTD,Mettler Toledo,1163.66,-28,14,-15,0,-29,-47,34,-33,-3,-49,-78
GTM,ZoomInfo,9.74,-27,2,-15,0,-40,-16,33,-20,-35,-38,-78
YETI,Yeti Holdings,30.61,0,0,-27,-4,-31,-51,29,-18,-8,-48,-79
SEG,Seaport Entertainment Group,19.37,-30,0,0,0,-30,-41,11,-20,0,-50,-80
CZR,Caesars Entertainment,28.51,16,2,-18,-23,-23,21,-16,-27,-35,-57,-80
CHH,Choice Hotels,123.65,-39,-3,-5,13,-34,-46,-4,-9,12,-47,-81
RARE,Ultragenyx,36.83,-27,9,-19,-36,-73,12,8,-27,-1,-8,-81
GFS,GlobalFoundries,38.04,0,7,-74,0,-67,4,5,-9,-15,-15,-82
LUV,Southwest Airlines,31.87,-48,28,8,-37,-49,-49,31,-17,2,-33,-82
DAY,Dayforce,57.17,-42,14,-12,-10,-50,-42,23,-16,3,-32,-82
BC,Brunswick Corporation,56.27,-17,13,-30,-5,-39,-44,29,-21,-7,-43,-82
ESAB,ESAB,117.49,-31,0,0,0,-31,-57,-11,2,15,-51,-82
ROST,Ross Stores,127.84,-59,-6,-5,33,-37,-63,-14,3,27,-47,-84
ACN,Accenture,295.24,-34,-2,-15,12,-39,-47,-4,-11,17,-45,-84
LOAR,Loar Holdings,82.42,-63,0,0,0,-63,-8,-19,6,0,-21,-84
CRL,Charles River Laboratories,147.4,-1,14,-46,-24,-57,1,32,-55,-6,-28,-85
CHRD,Chord Energy,99.88,-2,10,-42,0,-34,-14,13,-46,-4,-51,-85
PVH,PVH Corp.,63.31,-7,-12,-24,-1,-44,-5,-12,-20,-5,-42,-86
AOS,A. O. Smith,64.14,-38,-7,-34,56,-23,-47,-15,2,-3,-63,-86
AMCR,Amcor,9.07,-25,-6,-12,0,-43,-24,-2,-27,9,-44,-87
SHC,Sotera Health,11.09,-55,-6,-19,0,-80,8,-13,2,-4,-7,-87
LEA,Lear Corporation,91.04,-28,29,-60,-15,-74,-11,9,1,-13,-14,-88
WH,Wyndham Hotels & Resorts,79.22,-48,-17,-3,9,-59,-16,-17,-9,13,-29,-88
AA,Alcoa,28.71,-20,1,-13,-18,-50,-18,29,-19,-30,-38,-88
OXY,Occidental Petroleum,43.96,-3,9,-47,0,-41,7,11,-51,-14,-47,-88
CROX,Crocs,97.33,-25,-3,-34,0,-62,-10,-15,2,-3,-26,-88
ABNB,Airbnb,130.53,-28,14,-2,0,-16,-58,-1,-10,-3,-72,-88
WEN,Wendy's Company (The),12.31,14,-56,-29,-6,-77,24,1,-24,-13,-12,-89
IQV,IQVIA,155.2,0,0,-32,-4,-36,-25,10,-34,-4,-53,-89
LSTR,Landstar,139.87,0,0,-27,0,-27,-23,-1,-34,-5,-63,-90
DOC,Healthpeak Properties,17.49,2,-55,-9,-29,-91,8,9,-24,7,0,-91
WDAY,"Workday, Inc.",236.58,-38,-1,-2,12,-29,-52,-15,-15,20,-62,-91
PFE,Pfizer,24.02,0,10,-25,-21,-36,-32,35,-33,-26,-56,-92
FRPT,Freshpet,71.53,-71,-6,-16,-4,-97,10,-10,-12,17,5,-92
SITE,SiteOne Landscape Supply,120.98,0,1,-18,-7,-24,-47,6,-21,-6,-68,-92
LINE,"Lineage, Inc.",45.54,4,-54,0,0,-50,16,-37,-23,0,-44,-94
WST,West Pharmaceutical Services,216.72,-18,12,-19,-5,-30,-51,12,-19,-6,-64,-94
DD,DuPont,67.01,-28,0,-13,17,-24,-47,5,-27,-1,-70,-94
FSLR,First Solar,144.71,-28,-2,-31,0,-61,-28,-4,2,-4,-34,-95
DHR,Danaher Corporation,196.29,-24,11,-21,0,-34,-37,10,-32,-2,-61,-95
FLS,Flowserve,46.42,-91,-2,-3,25,-71,-24,-10,-13,23,-24,-95
SLB,Schlumberger,33.74,-4,-1,-62,0,-67,-13,5,-13,-8,-29,-96
GTLB,GitLab,40.71,-56,-8,-13,0,-77,-9,-16,-12,16,-21,-98
INTC,Intel,21.18,0,0,-61,-18,-79,-5,5,-9,-10,-19,-98
COO,Cooper Companies (The),69.5,-11,-16,-19,-3,-49,-4,-20,-24,-1,-49,-98
IPG,Interpublic Group of Companies (The),24.45,8,-18,-35,0,-45,14,-20,-32,-15,-53,-98
MDB,MongoDB Inc.,203.29,-42,0,-18,-7,-67,-5,-1,-19,-7,-32,-99
WFRD,Weatherford International,47.06,-7,0,-36,0,-43,-23,9,-40,-3,-57,-100
MGM,MGM Resorts International,33.25,2,9,-48,0,-37,-5,3,-55,-7,-64,-101
TTD,Trade Desk (The),68.85,-83,12,-19,2,-88,-7,-5,-19,18,-13,-101
NOV,NOV Inc.,13.23,0,9,-47,-10,-48,-13,10,-38,-13,-54,-102
BIO,Bio-Rad Laboratories,234.55,21,-22,-19,-26,-46,25,-22,-24,-35,-56,-102
INSP,Inspire Medical Systems,130.01,0,-26,-15,-4,-45,-4,-18,-20,-15,-57,-102
TTC,Toro Company (The),70.3,0,-3,-27,-5,-35,1,-11,-40,-18,-68,-103
HPQ,HP Inc.,23.9,-55,-6,-17,0,-78,-5,-14,-21,14,-26,-104
BBY,Best Buy,66.39,-28,-2,-16,-4,-50,-49,8,-27,14,-54,-104
UHAL-B,U-Haul (Series N),54.72,-42,-6,-15,0,-63,-4,-16,-29,7,-42,-105
UWMC,United Wholesale Mortgage,4.22,0,-63,-21,0,-84,7,8,-34,-2,-21,-105
KMB,Kimberly-Clark,130.15,-98,-6,0,16,-88,-33,-6,-3,24,-18,-106
IT,Gartner,398.5,-126,-6,-13,56,-89,-53,-9,-11,55,-18,-107
LCID,Lucid Motors,2.15,-5,-17,-24,0,-46,-5,-14,-9,-33,-61,-107
U,Unity Technologies,23.3,-55,18,0,0,-37,-37,-2,2,-33,-70,-107
EXAS,Exact Sciences,52.55,-49,35,-20,-23,-57,-7,-6,-24,-14,-51,-108
TEAM,Atlassian,192.74,-54,-8,-2,-4,-68,-21,-18,-10,9,-40,-108
FCN,FTI Consulting,161.11,0,-15,-29,0,-44,-8,-14,-39,-3,-64,-108
ZTS,Zoetis,157.18,-42,0,-27,-1,-70,-34,-3,1,-3,-39,-109
SEE,Sealed Air,30.79,-42,29,-16,-22,-51,-50,40,-19,-30,-59,-110
CIVI,Civitas Resources,30.62,-2,4,-47,-4,-49,-16,9,-47,-7,-61,-110
GME,GameStop,22.84,-57,-7,-2,-28,-94,-7,-9,3,-5,-18,-112
RNG,RingCentral,26.57,0,10,-18,-39,-47,-5,1,-18,-43,-65,-112
COP,ConocoPhillips,91.71,-1,0,-37,0,-38,-23,7,-53,-6,-75,-113
ENTG,Entegris,76.0,-13,0,-36,-4,-53,-21,5,-41,-3,-60,-113
GPN,Global Payments,76.35,-6,-7,-19,-37,-69,-5,-15,-16,-8,-44,-113
EL,Estée Lauder Companies (The),78.85,35,19,-112,-24,-82,27,32,-57,-33,-31,-113
SIRI,Sirius XM,21.91,0,1,-75,-29,-103,12,33,-41,-15,-11,-114
MKTX,MarketAxess,220.77,-12,13,-20,-27,-46,-33,5,2,-42,-68,-114
AZTA,Azenta,29.14,-8,0,-45,-29,-82,-37,23,-11,-7,-32,-114
DOCU,DocuSign,73.95,-77,-9,-3,-10,-99,-11,-3,-12,9,-17,-116
HAYW,Hayward Holdings,13.59,-44,0,-5,0,-49,-49,-14,-18,14,-67,-116
IPGP,IPG Photonics,67.48,0,28,-78,-42,-92,1,35,-19,-42,-25,-117
BMY,Bristol Myers Squibb,46.92,-34,-54,-1,-3,-92,-37,15,-6,3,-25,-117
ASH,Ashland Global,50.01,-38,0,-33,-7,-78,2,9,-45,-8,-42,-120
BRKR,Bruker,38.74,0,-6,-52,-6,-64,1,5,-56,-7,-57,-121
CMCSA,Comcast,34.6,-27,1,-27,-7,-60,-37,6,-24,-6,-61,-121
CHRW,C.H. Robinson,93.94,-54,0,0,0,-54,-52,-4,-19,6,-69,-123
GO,Grocery Outlet,13.86,7,-5,-92,0,-90,14,-26,2,-26,-36,-126
ALK,Alaska Air Group,47.71,-55,-4,-2,0,-61,-55,-8,-9,7,-65,-126
RYN,Rayonier,22.79,-37,-54,-12,-3,-106,2,9,-24,-7,-20,-126
REGN,Regeneron Pharmaceuticals,511.6,0,-16,-33,-2,-51,-26,-13,-34,-2,-75,-126
KMX,CarMax,67.19,2,-78,-11,-34,-121,-5,6,-15,9,-5,-126
BURL,Burlington Stores,223.18,-49,-4,-2,0,-55,-57,-13,-18,15,-73,-128
TECH,Bio-Techne,49.3,-25,-4,-19,-22,-70,-42,5,-19,-4,-60,-130
MHK,Mohawk Industries,102.87,0,-23,-18,-9,-50,-47,-20,-26,12,-81,-131
OMC,Omnicom Group,71.68,2,-133,-19,0,-150,14,-20,-24,48,18,-132
CE,Celanese,54.61,-28,14,-35,-8,-57,-46,31,-53,-7,-75,-132
HAL,Halliburton,20.77,-6,0,-55,-3,-64,-17,9,-54,-7,-69,-133
LYB,LyondellBasell,57.34,-11,0,-36,-3,-50,-33,5,-50,-5,-83,-133
TREX,"Trex Company, Inc.",55.23,-34,-6,-46,-11,-97,2,-18,-18,-4,-38,-135
TGT,Target Corporation,96.52,-28,0,-23,-9,-60,-49,9,-31,-4,-75,-135
EMN,Eastman Chemical Company,75.0,-49,-6,-13,0,-68,-47,-8,-27,13,-69,-137
LKQ,LKQ Corporation,37.36,-49,-6,-2,0,-57,-47,-12,-6,-15,-80,-137
FTRE,Fortrea,5.1,-16,-6,-28,0,-50,-34,3,-57,0,-88,-138
M,"Macy's, Inc.",10.65,-42,-3,-23,-13,-81,-21,-15,-17,-4,-57,-138
HUBS,HubSpot,536.73,-63,-8,-2,9,-64,-65,-16,-10,17,-74,-138
IFF,International Flavors & Fragrances,73.75,-39,-2,-15,-29,-85,-47,11,-27,9,-54,-139
ALGN,Align Technology,183.49,2,14,-59,-23,-66,14,3,-54,-36,-73,-139
LW,Lamb Weston,54.08,-28,1,-64,-6,-97,-33,21,-18,-12,-42,-139
CNC,Centene,53.39,-14,-22,-36,-9,-81,-7,-20,-5,-26,-58,-139
VKTX,Viking Therapeutics,24.9,-41,-1,-32,19,-55,-42,-14,-25,-4,-85,-140
NWL,Newell Brands,5.27,-20,-1,-19,-29,-69,-19,-1,-19,-34,-73,-142
DV,DoubleVerify,14.55,-30,2,-62,0,-90,-47,11,-10,-8,-54,-144
IAC,IAC Inc.,36.83,0,5,-32,-29,-56,-10,-15,-27,-36,-88,-144
JAZZ,Jazz Pharmaceuticals,106.86,-40,-8,-7,-4,-59,-51,10,-8,-37,-86,-145
IEX,IDEX Corporation,172.72,-39,-3,-20,0,-62,-46,-13,-20,-4,-83,-145
DOW,Dow Inc.,26.86,-20,-3,-35,0,-58,-37,5,-50,-6,-88,-146
LBTYA,Liberty Global (Series A),9.82,4,-55,-32,-29,-112,3,-1,-30,-8,-36,-148
RGEN,Repligen,120.05,-28,-9,-8,-15,-60,-46,5,-12,-35,-88,-148
SAIA,Saia,270.02,4,-86,-18,2,-98,-17,-12,-20,-3,-52,-150
VFC,VF Corporation,11.48,-46,-6,-12,-41,-105,-21,-17,-12,5,-45,-150
ONTO,Onto Innovation,93.71,-18,-90,-18,0,-126,-15,5,-13,-2,-25,-151
AAL,American Airlines Group,10.9,0,-2,-13,-74,-89,-10,-7,-13,-37,-67,-156
CLF,Cleveland-Cliffs,6.93,-13,-8,-55,-14,-90,-12,7,-55,-6,-66,-156
LBTYK,Liberty Global (Series C),10.11,4,-55,-32,-28,-111,7,10,-29,-34,-46,-157
TXG,10x Genomics,10.78,3,10,-68,0,-55,-7,11,-67,-40,-103,-158
NSA,National Storage Affiliates,32.92,-42,-22,-7,-2,-73,-45,-23,-28,10,-86,-159
SWK,Stanley Black & Decker,65.65,-34,0,-21,-37,-92,-46,-6,-27,12,-67,-159
HUM,Humana,234.58,-2,-36,-81,-10,-129,-4,4,-12,-18,-30,-159
CERT,"Certara, Inc.",10.46,-49,-7,-7,0,-63,-47,-24,2,-30,-99,-162
TDC,Teradata,21.36,-16,-2,-71,-15,-104,-10,-16,-19,-14,-59,-163
MPW,Medical Properties Trust,4.44,-34,-29,-2,-34,-99,-19,-27,14,-33,-65,-164
MRNA,Moderna,25.68,-44,-5,-47,-2,-98,1,17,-47,-37,-66,-164
PCTY,Paylocity,177.79,-70,-7,0,-1,-78,-70,-9,-11,3,-87,-165
UPS,United Parcel Service,100.39,0,0,-98,-14,-112,-24,29,-26,-32,-53,-165
REYN,Reynolds Consumer Products,21.51,0,-95,-20,0,-115,8,-25,-32,-1,-50,-165
BAX,Baxter International,29.98,-28,-4,-15,-36,-83,-43,5,-6,-39,-83,-166
COTY,Coty,4.82,-28,-3,-56,-5,-92,-24,13,-58,-7,-76,-168
COLM,Columbia Sportswear,60.27,-42,-72,-13,-4,-131,-25,-15,-8,11,-37,-168
FIVN,Five9,26.59,-42,0,-71,-33,-146,-10,34,-9,-38,-23,-169
AES,AES Corporation,10.14,-27,-4,-34,-9,-74,-28,-1,-45,-22,-96,-170
KHC,Kraft Heinz,25.91,-41,-42,-34,-2,-119,-5,-32,-6,-8,-51,-170
CGNX,Cognex Corporation,29.85,-31,11,-32,-29,-81,-45,33,-40,-38,-90,-171
GMED,Globus Medical,57.82,-37,-84,-7,-1,-129,-46,5,-12,10,-43,-172
COLD,Americold,16.93,-38,-57,-33,-9,-137,8,3,-33,-13,-35,-172
HOG,Harley-Davidson,23.54,-34,0,-35,-7,-76,-47,-11,-30,-9,-97,-173
ELV,Elevance Health,372.63,-35,-28,-36,0,-99,-31,-43,-2,-1,-77,-176
KSS,Kohl's,8.1,-25,0,-54,-29,-108,-15,30,-55,-30,-70,-178
SON,Sonoco,43.71,-39,0,-36,-3,-78,-49,-5,-34,-12,-100,-178
APA,APA Corporation,18.37,-7,11,-77,-10,-83,-13,15,-81,-17,-96,-179
FBIN,Fortune Brands Innovations,51.45,0,-141,-18,-3,-162,6,-18,-24,18,-18,-180
ADBE,Adobe Inc.,380.02,-42,0,-28,-4,-74,-65,-6,-32,-3,-106,-180
PEP,PepsiCo,129.09,-26,-54,-34,-1,-115,-32,9,-31,-11,-65,-180
BDX,Becton Dickinson,169.71,-28,-82,-20,-3,-133,-33,10,-11,-13,-47,-180
ARE,Alexandria Real Estate Equities,72.91,2,-62,-29,-28,-117,6,3,-40,-33,-64,-181
PAYC,Paycom,232.92,-64,0,11,-22,-75,-70,-3,2,-35,-106,-181
GLOB,Globant,88.4,-42,-25,-18,-5,-90,-49,-19,-18,-5,-91,-181
CLVT,Clarivate,3.97,-30,0,-69,-4,-103,-16,6,-29,-40,-79,-182
CPRI,Capri Holdings,16.8,-34,0,-64,-9,-107,-11,-6,-28,-30,-75,-182
PCG,PG&E Corporation,13.8,-147,-13,-22,0,-182,-3,-15,-21,38,-1,-183
EPAM,EPAM Systems,167.9,-42,-3,-18,-25,-88,-47,-6,-9,-35,-97,-185
GNTX,Gentex,21.55,-28,-4,-34,-6,-72,-38,-18,-51,-6,-113,-185
BF-B,Brown–Forman (Class B),26.48,0,-16,-95,-16,-127,8,-15,-27,-26,-60,-187
BF-A,Brown–Forman (Class A),27.06,0,-16,-94,-16,-126,8,-16,-34,-22,-64,-190
DXC,DXC Technology,14.63,-20,-3,-17,-71,-111,-25,1,-24,-32,-80,-191
VSTS,Vestis,5.81,-55,-98,-13,0,-166,-9,2,-19,0,-26,-192
PII,Polaris Inc.,40.4,-20,1,-92,-15,-126,-46,29,-35,-15,-67,-193
NKE,"Nike, Inc.",60.79,-34,0,-69,-19,-122,2,30,-70,-34,-72,-194
FLO,Flowers Foods,16.22,0,-54,-29,-6,-89,9,-46,-49,-21,-107,-196
LULU,Lululemon Athletica,225.5,-77,-11,-3,-1,-92,-77,-5,-12,-10,-104,-196
QS,QuantumScape,4.24,-14,3,-76,0,-87,-42,3,-40,-34,-113,-200
PLTK,Playtika,4.55,-46,-17,-18,0,-81,-47,-25,-19,-29,-120,-201
GIS,General Mills,53.48,-39,-53,-33,-2,-127,-37,9,-29,-17,-74,-201
ACHC,Acadia Healthcare,20.86,-7,-81,-40,-9,-137,-5,-18,-34,-14,-71,-208
PRGO,Perrigo,26.45,-32,0,0,-111,-143,-37,31,-7,-53,-66,-209
BMRN,BioMarin Pharmaceutical,54.1,-38,-54,-42,-18,-152,-7,-25,-7,-20,-59,-211
OLN,Olin Corporation,19.62,-31,-7,-52,-7,-97,-44,3,-54,-21,-116,-213
WSC,WillScot Mobile Mini,26.73,-42,-3,-57,-4,-106,-51,-14,-34,-10,-109,-215
BIIB,Biogen,124.8,-41,0,-76,-25,-142,-50,29,-39,-16,-76,-218
TMO,Thermo Fisher Scientific,399.49,-30,-80,-14,-3,-127,4,-90,-13,-1,-100,-227
QDEL,QuidelOrtho,27.63,-49,-5,-15,-36,-105,-45,-18,-15,-45,-123,-228
ENOV,Enovis,29.96,-25,-22,-57,-15,-119,-45,-18,-17,-35,-115,-234
CC,Chemours,10.6,-14,-103,-57,-11,-185,-9,6,-19,-28,-50,-235
SPB,Spectrum Brands,52.52,-61,-129,-20,-2,-212,-7,-19,-19,22,-23,-235
ANGI,Angi Inc.,15.2,-48,14,-32,-49,-115,-47,-4,-30,-42,-123,-238
ALB,Albemarle Corporation,57.82,-20,0,-120,-21,-161,-44,5,-19,-23,-81,-242
SRPT,Sarepta Therapeutics,18.85,-52,-111,-21,-5,-189,-9,-5,-42,-4,-60,-249
NFE,New Fortress Energy,2.03,-40,-85,-63,-1,-189,-5,-20,-14,-23,-62,-251
TAP,Molson Coors,48.05,-140,-40,-5,0,-185,-52,-14,-6,-1,-73,-258
LEG,Leggett & Platt,9.29,-24,14,-124,-28,-162,-39,5,-27,-36,-97,-259
ZBH,Zimmer Biomet,91.5,-37,-52,-57,-15,-161,-5,-22,-56,-16,-99,-260
CAG,Conagra Brands,21.61,-87,-47,-24,-5,-163,-12,-61,-6,-21,-100,-263
MAN,ManpowerGroup,38.8,-34,-55,-38,-26,-153,-34,-5,-38,-34,-111,-264
WLK,Westlake Corporation,73.59,-25,-86,-32,-2,-145,-38,-35,-44,-4,-121,-266
TRIP,Tripadvisor,13.06,-52,-3,-53,-50,-158,-52,-8,-10,-42,-112,-270
STZ,Constellation Brands,163.23,-151,-12,-37,-1,-201,5,-16,-53,-6,-70,-271
HUN,Huntsman Corporation,10.51,-40,-65,-37,-13,-155,-44,-21,-32,-31,-128,-283
DJT,Trump Media & Technology Group,17.91,-133,-16,-48,0,-197,-51,-18,-16,-7,-92,-289
RHI,Robert Half,40.36,-56,-103,-21,-7,-187,-52,-8,-19,-30,-109,-296
CRI,Carter's,30.36,-25,-98,-54,-15,-192,-49,-22,-31,-7,-109,-301
CPB,Campbell Soup Company,32.01,-59,-54,-24,-4,-141,-63,-64,-31,-3,-161,-302
XRAY,Dentsply Sirona,15.49,-43,2,-73,-40,-154,-49,-5,-60,-38,-152,-306
WU,Western Union,8.45,-52,-54,-15,-44,-165,-69,-23,-50,-3,-145,-310
ENPH,Enphase Energy,34.55,-28,-113,-38,-18,-197,-1,-54,-45,-22,-122,-319
APLS,Apellis Pharmaceuticals,17.63,-35,-93,-62,-14,-204,-52,8,-60,-16,-120,-324
TFX,Teleflex,118.03,-39,-98,-34,-37,-208,-52,-53,-30,-8,-143,-351
CLX,Clorox,122.29,-87,-117,-9,-3,-216,-55,-75,-19,11,-138,-354
SAM,Boston Beer Company,197.66,-152,-18,-27,-35,-232,-76,-28,-23,-42,-169,-401
WOLF,Wolfspeed,0.62,-54,-23,-126,-28,-231,-53,-22,-92,-35,-202,-433
