Symbol,Name,Close,1H Cloud Score,1D Cloud Score,1W Cloud Score,1M Cloud Score,Cloud Score Sum,1H TKx Score,1D TKx Score,1W TKx Score,1M TKx Score,TKx Score Sum,Total Score Sum
TJX,TJX Companies,144.03,2,61,159,200,422,4,4,128,195,331,753
COOP,Mr. Cooper Group,210.79,-7,100,126,60,279,11,99,124,58,292,571
COR,Cencora,335.65,100,41,55,77,273,108,50,66,70,294,567
AAPL,Apple Inc.,269.03,52,85,9,253,399,20,53,13,73,159,558
RTX,RTX Corporation,178.67,42,117,88,56,303,49,26,95,16,186,489
APH,Amphenol,137.33,35,131,30,67,263,27,133,21,29,210,473
FIX,Comfort Systems USA,980.98,21,121,28,66,236,21,133,21,57,232,468
NRG,NRG Energy,172.8,20,33,114,96,263,21,32,124,23,200,463
WELL,Welltower,179.85,58,12,127,60,257,28,3,144,26,201,458
GOOG,Alphabet (Class C),268.44,75,107,18,178,378,32,9,15,23,79,457
PLTR,Palantir Technologies,189.6,27,131,127,0,285,22,-4,130,22,170,455
GOOGL,Alphabet (Class A),267.49,75,107,19,178,379,32,4,16,23,75,454
ORLY,O'Reilly Auto Parts,96.28,-57,-4,174,201,314,-14,-12,65,91,130,444
HWM,Howmet Aerospace,201.14,28,35,159,31,253,22,6,103,59,190,443
GD,General Dynamics,346.65,42,140,19,56,257,-2,95,21,59,173,430
MPWR,Monolithic Power Systems,1086.35,28,118,14,159,319,22,62,21,2,107,426
ETR,Entergy,95.06,-4,28,87,139,250,23,27,100,16,166,416
MDU,MDU Resources,19.88,196,26,6,60,288,46,28,21,32,127,415
TIGO,Millicom,49.4,31,198,88,4,321,26,15,35,18,94,415
RBC,RBC Bearings,408.3,49,5,104,166,324,48,-41,25,59,91,415
CRS,Carpenter Technology Corporation,310.03,28,4,157,37,226,45,4,82,51,182,408
KLAC,KLA Corporation,1206.46,64,37,25,179,305,22,31,21,28,102,407
WRB,W. R. Berkley Corporation,72.62,-7,44,105,178,320,-5,-2,35,57,85,405
MCK,McKesson Corporation,804.67,96,29,53,60,238,47,46,3,69,165,403
IBM,IBM,312.53,26,29,120,56,231,49,-4,67,58,170,401
V,Visa Inc.,347.25,38,7,148,135,328,43,-6,-4,28,61,389
CDNS,Cadence Design Systems,341.24,26,-1,28,143,196,-5,-16,21,182,182,378
HCA,HCA Healthcare,466.56,53,57,14,99,223,68,25,27,31,151,374
EME,Emcor,751.41,27,118,28,60,233,24,37,19,59,139,372
AAON,AAON,103.39,23,29,0,247,299,21,47,3,-1,70,369
AVGO,Broadcom,373.0,21,121,30,118,290,21,4,21,32,78,368
ROL,"Rollins, Inc.",56.06,-1,-10,42,288,319,-13,-9,34,37,49,368
BSX,Boston Scientific,100.97,0,-4,155,146,297,-16,7,21,59,71,368
CW,Curtiss-Wright,588.08,26,126,30,56,238,22,34,21,51,128,366
JPM,JPMorgan Chase,305.36,9,3,134,160,306,19,-11,21,28,57,363
MS,Morgan Stanley,165.2,21,118,87,66,292,21,10,21,18,70,362
ACM,AECOM,132.32,1,124,27,67,219,-5,53,21,73,142,361
RL,Ralph Lauren Corporation,331.19,0,120,105,36,261,-5,49,21,28,93,354
EHC,Encompass Health,126.23,56,52,154,31,293,-7,2,35,31,61,354
ORI,Old Republic International,39.35,-28,0,158,60,190,-19,-4,128,57,162,352
GLW,Corning Inc.,86.46,5,117,30,19,171,21,124,19,16,180,351
LLY,Lilly (Eli),820.3,12,23,2,174,211,-2,40,3,98,139,350
BK,BNY Mellon,108.43,26,120,105,42,293,21,-8,21,21,55,348
CAT,Caterpillar Inc.,524.67,8,117,19,66,210,16,42,19,59,136,346
SRE,Sempra,92.56,13,73,11,183,280,15,28,19,1,63,343
NVT,nVent Electric,104.24,24,118,19,14,175,23,131,19,-7,166,341
PANW,Palo Alto Networks,221.36,42,38,10,83,173,49,39,21,59,168,341
DTE,DTE Energy,139.68,-14,26,85,191,288,-26,23,38,15,50,338
MSFT,Microsoft,542.01,35,3,27,175,240,47,2,21,27,97,337
MNST,Monster Beverage,69.3,0,57,37,182,276,-7,31,30,6,60,336
SO,Southern Company,93.91,-41,18,87,192,256,-54,19,34,81,80,336
L,Loews Corporation,98.36,-3,118,123,57,295,-7,-1,21,26,39,334
GE,GE Aerospace,309.74,13,129,30,29,201,19,40,41,31,131,332
LOPE,Grand Canyon Education,214.45,0,58,158,37,253,-7,4,45,36,78,331
AXON,Axon Enterprise,755.05,30,0,156,96,282,44,-25,-2,32,49,331
AXP,American Express,361.16,56,47,28,101,232,49,4,19,23,95,327
CAH,Cardinal Health,162.78,51,23,66,40,180,47,37,3,59,146,326
DUK,Duke Energy,125.64,-14,18,87,185,276,-22,20,33,18,49,325
MCD,McDonald's,306.39,0,0,3,244,247,4,5,9,59,77,324
INTU,Intuit,678.88,48,0,28,193,269,49,-13,-3,22,55,324
AYI,Acuity Brands,363.1,26,94,15,29,164,-2,123,17,22,160,324
CRH,CRH plc,119.94,21,72,18,66,177,21,81,15,29,146,323
INSM,Insmed,165.37,7,98,75,18,198,14,68,21,22,125,323
MEDP,Medpace,579.94,62,92,15,34,203,-3,102,15,4,118,321
PWR,Quanta Services,439.59,21,25,28,101,175,21,29,21,74,145,320
FYBR,Frontier Communications,37.62,15,56,100,0,171,27,1,105,16,149,320
CASY,Casey's,532.13,-41,0,124,89,172,-59,-2,128,80,147,319
ROIV,Roivant Sciences,18.43,83,55,12,0,150,75,71,21,2,169,319
TRV,Travelers Companies (The),268.19,24,0,102,60,186,45,-6,35,58,132,318
GWRE,Guidewire Software,253.04,96,9,121,23,249,19,7,21,22,69,318
HUBB,Hubbell Incorporated,455.55,6,1,12,184,203,21,3,17,73,114,317
CBOE,Cboe Global Markets,238.37,0,0,155,57,212,26,-7,33,53,105,317
WDC,Western Digital,124.91,5,118,23,20,166,-5,129,21,5,150,316
EBAY,eBay,99.58,63,7,88,16,174,21,10,93,18,142,316
GRMN,Garmin,248.13,-7,91,123,21,228,-4,52,17,23,88,316
WMT,Walmart,103.17,-13,42,138,103,270,-21,10,21,31,41,311
LRCX,Lam Research,155.65,28,40,20,154,242,22,32,21,-7,68,310
ANET,Arista Networks,156.8,28,103,18,60,209,29,-4,17,58,100,309
MSI,Motorola Solutions,440.33,-24,-10,12,155,133,1,-24,12,187,176,309
FLEX,Flex Ltd.,64.24,28,47,29,60,164,25,40,21,59,145,309
HII,Huntington Ingalls Industries,299.25,28,157,19,8,212,43,37,27,-11,96,308
EVRG,Evergy,77.68,-7,99,69,16,177,2,27,88,12,129,306
MA,Mastercard,565.76,0,-2,137,157,292,-12,-31,21,28,6,298
MLI,Mueller Industries,104.4,49,90,18,60,217,-15,4,19,73,81,298
IBKR,Interactive Brokers,68.65,13,29,100,59,201,22,-4,19,59,96,297
ATO,Atmos Energy,174.47,-28,58,85,47,162,-28,20,96,47,135,297
CACI,CACI,572.4,49,23,13,156,241,-2,30,25,1,54,295
J,Jacobs Solutions,158.32,-5,116,17,108,236,-8,27,18,21,58,294
COST,Costco,923.96,-20,-29,0,182,133,-22,7,-13,186,158,291
DDS,Dillard's,607.58,0,100,25,56,181,34,-1,18,57,108,289
BWXT,BWX Technologies,207.62,9,116,24,37,186,19,28,21,33,101,287
HOOD,Robinhood Markets,146.27,16,120,92,0,228,21,-4,21,20,58,286
SNX,TD Synnex,155.92,20,118,26,65,229,20,-5,19,23,57,286
PPL,PPL Corporation,36.91,-17,76,87,25,171,-23,22,99,16,114,285
TT,Trane Technologies,426.37,21,0,27,166,214,19,21,-1,31,70,284
XYL,Xylem Inc.,150.59,28,118,19,24,189,22,27,21,24,94,283
FERG,Ferguson Enterprises,247.3,84,19,22,67,192,19,23,21,27,90,282
RBA,RB Global,103.23,7,-24,115,29,127,35,-19,118,21,155,282
NI,NiSource,43.41,-1,25,85,47,156,-16,25,100,16,125,281
AGNC,AGNC Investment,10.2,36,103,22,18,179,47,14,19,19,99,278
CIEN,Ciena,183.21,28,118,20,14,180,21,40,19,18,98,278
CNP,Centerpoint Energy,39.53,-4,72,60,47,175,1,30,54,17,102,277
ELAN,Elanco,22.11,56,121,13,0,190,22,53,20,-8,87,277
NVDA,Nvidia,201.03,14,29,25,136,204,21,2,21,28,72,276
SCI,Service Corporation International,80.85,-7,34,8,177,212,2,28,19,15,64,276
WEC,WEC Energy Group,115.2,-6,74,66,15,149,2,31,79,13,125,274
TPR,"Tapestry, Inc.",113.1,-7,118,91,23,225,-26,35,19,21,49,274
DCI,Donaldson Company,82.79,0,70,13,67,150,-7,77,21,32,123,273
UI,Ubiquiti,762.92,14,47,63,12,136,21,82,21,12,136,272
HEI,HEICO (Common),312.67,0,-14,36,191,213,-7,-22,27,59,57,270
YUM,Yum! Brands,141.1,-18,-3,0,261,240,-24,-13,5,59,27,267
PSTG,Pure Storage,95.37,26,48,10,44,128,22,40,17,59,138,266
TDG,TransDigm Group,1335.56,45,0,8,159,212,-2,1,-4,59,54,266
ETN,Eaton Corporation,376.09,14,4,19,116,153,21,-4,19,74,110,263
ADI,Analog Devices,239.35,0,0,22,181,203,6,3,21,28,58,261
ORCL,Oracle Corporation,280.81,0,-2,22,200,220,-1,-10,21,29,39,259
DOV,Dover Corporation,179.74,63,0,0,108,171,68,2,-4,21,87,258
ATI,ATI Inc.,98.42,28,4,27,45,104,42,37,21,54,154,258
UHS,Universal Health Services,219.36,52,50,3,24,129,68,54,5,1,128,257
IDA,Idacorp,135.13,-6,87,67,20,168,13,26,37,12,88,256
AMAT,Applied Materials,227.64,28,29,6,151,214,-2,29,19,-7,39,253
CSL,Carlisle Companies,340.62,49,-33,-8,180,188,43,4,-5,22,64,252
TER,Teradyne,144.26,28,89,6,4,127,-2,119,14,-7,124,251
SOFI,SoFi,31.67,28,110,57,0,195,21,3,19,13,56,251
APP,AppLovin,626.93,21,63,116,0,200,24,-12,17,20,49,249
VTR,"Ventas, Inc.",70.07,0,74,83,24,181,15,21,15,17,68,249
CRWD,CrowdStrike,546.95,44,29,56,0,129,47,30,21,22,120,249
CTAS,Cintas,189.84,-13,-52,-4,169,100,-23,-14,-4,189,148,248
JCI,Johnson Controls,112.22,28,11,86,21,146,21,40,21,20,102,248
HON,Honeywell,214.39,45,0,2,180,227,-3,3,-4,24,20,247
CME,CME Group,266.32,-3,0,65,138,200,7,22,-3,21,47,247
FSLR,First Solar,239.86,21,83,6,64,174,21,38,21,-8,72,246
PH,Parker Hannifin,767.12,42,4,28,67,141,47,3,21,32,103,244
WM,"Waste Management, Inc.",204.26,-18,-47,-2,189,122,-25,-10,-5,161,121,243
PTC,PTC Inc.,202.46,-2,0,17,184,199,-7,4,18,28,43,242
AM,Antero Midstream,17.62,-43,0,159,25,141,-34,-11,89,57,101,242
GS,Goldman Sachs,792.17,21,3,103,60,187,21,-11,21,23,54,241
FTAI,FTAI Aviation,179.29,30,64,14,49,157,45,-12,17,33,83,240
CLH,Clean Harbors,246.19,56,4,12,60,132,19,9,21,59,108,240
AU,AngloGold Ashanti,65.96,-42,62,87,20,127,-10,71,35,16,112,239
HEI-A,HEICO (Class A),243.59,-7,-14,37,184,200,-6,-15,28,32,39,239
AME,Ametek,185.09,0,0,15,108,123,-12,4,21,103,116,239
AZO,AutoZone,3802.39,-59,-7,105,88,127,1,-15,65,59,110,237
ITT,ITT Inc.,175.76,24,0,27,101,152,47,-13,21,28,83,235
THC,Tenet Healthcare,204.56,6,55,25,59,145,-7,52,19,26,90,235
VMI,Valmont Industries,417.82,28,23,73,60,184,-2,23,18,12,51,235
LPLA,LPL Financial,343.23,70,0,3,101,174,-1,6,-4,59,60,234
NEM,Newmont,79.31,-42,142,30,7,137,-50,104,30,12,96,233
STE,Steris,241.24,0,0,25,197,222,-25,-24,33,27,11,233
CMI,Cummins,414.06,21,90,16,67,194,-2,-8,17,32,39,233
OGE,OGE Energy,45.39,-7,23,79,47,142,-28,24,79,16,91,233
WFC,Wells Fargo,86.91,21,11,103,31,166,20,4,21,21,66,232
LITE,Lumentum,198.39,27,116,25,5,173,24,4,19,12,59,232
STLD,Steel Dynamics,161.06,49,32,11,57,149,14,46,21,1,82,231
IRM,Iron Mountain,104.02,0,32,7,59,98,21,31,21,58,131,229
CSCO,Cisco,72.63,57,10,59,16,142,14,21,21,27,83,225
ALNY,Alnylam Pharmaceuticals,475.75,0,117,28,17,162,14,10,21,17,62,224
ES,Eversource Energy,74.88,48,28,26,2,104,63,32,21,4,120,224
XEL,Xcel Energy,79.83,-42,74,62,14,108,-9,43,70,11,115,223
NTRA,Natera,189.56,105,49,12,20,186,-5,10,11,21,37,223
DRS,Leonardo DRS,40.19,0,-10,150,60,200,-2,-5,-2,31,22,222
OLLI,Ollie's Bargain Outlet,124.43,0,-11,126,18,133,7,-19,74,25,87,220
SCCO,Southern Copper,138.38,12,40,9,65,126,17,53,21,2,93,219
AMD,Advanced Micro Devices,257.97,28,17,9,112,166,21,19,21,-9,52,218
AMG,Affiliated Managers Group,240.56,24,124,22,24,194,-1,-15,21,19,24,218
KO,Coca-Cola Company (The),70.18,0,6,5,184,195,4,12,-9,16,23,218
MMC,Marsh McLennan,182.86,-63,-9,-14,177,91,-30,-4,-22,180,124,215
PCAR,Paccar,99.16,0,0,-1,161,160,7,2,8,36,53,213
M,"Macy's, Inc.",19.7,70,84,9,1,164,42,4,10,-8,48,212
HIG,Hartford (The),122.62,-7,-9,105,59,148,-14,-13,32,58,63,211
ROST,Ross Stores,160.69,23,61,11,37,132,17,20,10,31,78,210
LDOS,Leidos,187.85,0,130,13,25,168,2,-5,24,21,42,210
NDAQ,"Nasdaq, Inc.",87.97,-35,-26,87,146,172,-2,3,21,16,38,210
EMR,Emerson Electric,134.52,42,0,27,66,135,23,2,21,28,74,209
ABBV,AbbVie,227.59,-7,70,27,60,150,-15,-5,13,66,59,209
EXPE,Expedia Group,225.38,14,91,60,13,178,6,-8,17,16,31,209
IONS,Ionis Pharmaceuticals,73.6,12,121,12,2,147,6,46,21,-12,61,208
FR,First Industrial Realty Trust,56.15,75,50,5,16,146,23,4,19,16,62,208
LYV,Live Nation Entertainment,151.06,-20,-15,105,149,219,-26,-23,20,18,-11,208
ZS,Zscaler,329.16,33,23,28,7,91,45,31,21,20,117,208
SNA,Snap-on,342.7,-1,39,9,61,108,-7,33,14,59,99,207
HD,Home Depot (The),385.82,-1,-4,12,182,189,4,-21,13,21,17,206
WWD,"Woodward, Inc.",262.54,28,4,30,37,99,43,15,21,28,107,206
META,Meta Platforms,751.37,52,0,28,31,111,49,1,19,25,94,205
SHW,Sherwin-Williams,354.49,10,0,1,192,203,13,-31,-2,21,1,204
MRVL,Marvell Technology,88.46,13,25,1,108,147,20,27,11,-1,57,204
BR,Broadridge Financial Solutions,229.83,-5,-32,125,147,235,-16,-40,-3,27,-32,203
DE,Deere & Company,468.34,58,-1,3,111,171,21,2,-4,12,31,202
MU,Micron Technology,221.91,28,44,9,24,105,21,53,21,2,97,202
GM,General Motors,69.87,56,11,18,13,98,68,2,18,15,103,201
DASH,DoorDash,261.43,0,3,108,0,111,16,32,21,20,89,200
INCY,Incyte,91.65,6,104,14,1,125,33,15,17,9,74,199
SNDK,SanDisk,175.49,84,51,0,0,135,-2,53,13,0,64,199
WCC,Wesco International,221.0,25,4,18,60,107,-2,15,19,59,91,198
RVMD,Revolution Medicines,58.16,70,38,5,0,113,18,44,21,1,84,197
CR,Crane Co.,191.15,65,0,27,0,92,72,4,21,7,104,196
LOW,Lowe's,244.11,6,0,1,168,175,8,-21,12,21,20,195
FICO,Fair Isaac,1669.32,18,4,-4,168,186,22,-7,-39,33,9,195
ARES,Ares Management,150.93,37,-25,0,61,73,41,-25,-2,108,122,195
OMF,OneMain Financial,57.86,49,-18,28,62,121,47,-22,21,28,74,195
SSD,Simpson Manufacturing Company,186.54,10,0,3,158,171,7,2,17,-3,23,194
LHX,L3Harris,287.34,-4,140,23,7,166,-7,-5,23,16,27,193
HLI,Houlihan Lokey,202.08,38,2,28,46,114,44,-15,21,28,78,192
AMGN,Amgen,292.1,-28,20,0,167,159,-28,14,9,38,33,192
SPGI,S&P Global,493.69,23,-29,2,174,170,41,-41,-2,23,21,191
JBL,Jabil,214.55,24,-18,30,67,103,23,-16,22,59,88,191
NOC,Northrop Grumman,595.1,-1,85,21,60,165,-13,-4,28,14,25,190
BAC,Bank of America,52.86,30,51,28,20,129,21,2,21,16,60,189
FTI,TechnipFMC,41.14,35,4,28,29,96,47,-15,21,39,92,188
KRMN,Karman Holdings,85.32,30,55,0,0,85,44,46,13,0,103,188
RKLB,Rocket Lab,63.74,0,38,60,0,98,19,40,21,10,90,188
CRUS,Cirrus Logic,135.05,60,55,9,21,145,22,4,21,-5,42,187
MTSI,MACOM Technology Solutions,147.82,29,11,10,60,110,22,4,19,31,76,186
CMA,Comerica,77.65,25,92,18,6,141,-5,18,18,14,45,186
VRT,Vertiv,190.49,28,29,20,10,87,24,28,18,28,98,185
MMM,3M,166.82,47,6,85,16,154,-10,4,21,16,31,185
NOW,ServiceNow,938.12,49,0,2,84,135,44,-16,-2,24,50,185
FOXA,Fox Corporation (Class A),61.13,28,3,79,3,113,49,-12,19,16,72,185
AIZ,Assurant,207.82,-7,0,12,154,159,-5,-4,13,21,25,184
VEEV,Veeva Systems,291.36,23,23,56,10,112,37,-6,21,20,72,184
CWEN-A,Clearway Energy (Class A),29.96,13,5,69,8,95,23,20,33,12,88,183
FTNT,Fortinet,85.85,22,0,0,115,137,47,-4,-13,15,45,182
NBIX,Neurocrine Biosciences,147.46,54,8,11,27,100,68,2,18,-6,82,182
ECG,Everus Construction Group,90.94,21,116,0,0,137,-1,28,18,0,45,182
KR,Kroger,67.69,-4,-1,90,69,154,5,9,-3,17,28,182
MSGS,Madison Square Garden Sports,227.13,36,36,8,23,103,42,-7,14,29,78,181
CWEN,Clearway Energy (Class C),32.07,13,5,69,6,93,23,20,33,12,88,181
CINF,Cincinnati Financial,151.77,-5,0,96,64,155,-5,-7,21,17,26,181
IVZ,Invesco,23.96,14,94,18,4,130,21,-4,18,15,50,180
JEF,Jefferies Financial Group,55.51,34,-15,-1,60,78,48,-17,12,59,102,180
SNOW,Snowflake Inc.,266.97,28,43,26,0,97,41,17,21,3,82,179
MCO,Moody's Corporation,490.76,21,-29,5,158,155,19,-41,19,27,24,179
TKO,TKO Group Holdings,187.49,0,0,82,42,124,-4,-14,21,52,55,179
SF,Stifel,117.57,49,5,19,61,134,-1,4,18,22,43,177
BBY,Best Buy,83.89,82,12,3,1,98,21,52,9,-4,78,176
D,Dominion Energy,59.64,-17,116,25,3,127,-10,26,21,12,49,176
FOX,Fox Corporation (Class B),54.53,27,2,78,3,110,48,-12,18,11,65,175
SYF,Synchrony Financial,74.73,57,3,28,23,111,22,2,19,20,63,174
AWI,Armstrong World Industries,193.6,-7,0,105,23,121,-5,15,21,21,52,173
WMB,Williams Companies,57.59,-43,-3,123,54,131,-34,-4,21,59,42,173
TRMB,Trimble Inc.,80.47,45,-1,90,6,140,-2,2,19,14,33,173
CVNA,Carvana,362.19,21,-13,103,13,124,20,-10,21,18,49,173
SYK,Stryker Corporation,375.82,-4,-4,4,161,157,-22,8,-2,31,15,172
LMT,Lockheed Martin,485.78,-42,44,0,167,169,1,-2,6,-4,1,170
TTWO,Take-Two Interactive,251.57,-34,41,56,15,78,-34,48,56,22,92,170
HPE,Hewlett Packard Enterprise,24.26,4,3,12,44,63,38,-6,18,56,106,169
ISRG,Intuitive Surgical,545.25,52,5,2,24,83,65,2,-9,28,86,169
COHR,Coherent Corp.,134.17,28,29,9,17,83,21,28,18,17,84,167
BRX,Brixmor Property Group,27.0,-6,0,11,57,62,49,4,21,28,102,164
EXPD,Expeditors International,119.43,7,0,3,133,143,7,2,17,-5,21,164
ITW,Illinois Tool Works,245.86,-18,-15,13,180,160,-21,-25,18,31,3,163
BKNG,Booking Holdings,5132.09,0,-22,147,37,162,9,-35,-1,28,1,163
BLK,BlackRock,1125.0,-45,117,28,24,124,-5,-1,21,23,38,162
AIT,Applied Industrial Technologies,258.31,42,-10,18,60,110,-7,-17,17,59,52,162
MO,Altria,63.27,-6,0,81,47,122,-12,-4,37,18,39,161
WSM,"Williams-Sonoma, Inc.",200.66,20,1,19,67,107,17,1,13,23,54,161
LNT,Alliant Energy,67.99,-6,26,79,16,115,-10,20,21,15,46,161
AMKR,Amkor Technology,32.15,6,103,3,4,116,-3,39,15,-7,44,160
WAB,Wabtec,198.03,26,0,6,51,83,26,-5,-2,58,77,160
MLM,Martin Marietta Materials,617.0,-17,73,17,62,135,-24,-1,21,29,25,160
LIN,Linde plc,442.52,-23,-14,0,112,75,-25,-20,21,108,84,159
INTC,Intel,41.5,27,54,6,0,87,22,53,11,-14,72,159
UNP,Union Pacific Corporation,217.61,-29,-3,-1,200,167,-30,-4,5,21,-8,159
MTZ,MasTec,212.08,21,35,30,20,106,21,-5,21,15,52,158
MKSI,MKS Instruments,140.35,28,39,8,1,76,22,50,17,-7,82,158
CEG,Constellation Energy,384.95,16,23,27,0,66,21,28,21,21,91,157
DELL,Dell Technologies,164.9,21,22,7,34,84,31,27,21,-6,73,157
TOL,Toll Brothers,138.81,51,0,3,63,117,-5,2,15,28,40,157
ARMK,Aramark,39.25,0,0,26,42,68,-5,15,21,58,89,157
BEPC,Brookfield Renewable Partners,43.41,18,27,21,0,66,21,36,21,12,90,156
CVS,CVS Health,82.21,2,53,21,1,77,9,57,11,2,79,156
SSNC,SS&C Technologies,85.37,21,-14,101,16,124,13,-17,18,17,31,155
RJF,Raymond James Financial,159.67,-12,-3,103,60,148,-19,-13,18,21,7,155
ICE,Intercontinental Exchange,157.27,22,-42,0,163,143,40,-48,-3,23,12,155
RCL,Royal Caribbean Group,292.58,-7,-15,132,30,140,-7,-28,21,29,15,155
EA,Electronic Arts,200.26,-5,64,15,9,83,-5,26,27,23,71,154
GEHC,GE HealthCare,79.43,51,7,2,0,60,70,4,10,10,94,154
ROK,Rockwell Automation,362.05,66,12,26,17,121,21,4,21,-13,33,154
AEE,Ameren,103.32,-18,26,67,15,90,-40,20,72,12,64,154
RSG,Republic Services,217.73,-9,-64,0,179,106,-13,-89,-12,162,48,154
DGX,Quest Diagnostics,178.31,-35,0,79,20,64,-14,8,79,16,89,153
AJG,Arthur J. Gallagher & Co.,267.5,-98,-10,-3,188,77,-12,-9,-13,109,75,152
XOM,ExxonMobil,115.04,35,8,8,46,97,-4,-13,20,52,55,152
F,Ford Motor Company,13.14,42,12,13,1,68,68,2,21,-7,84,152
REG,Regency Centers,71.46,-6,8,5,55,62,44,3,21,21,89,151
PEG,Public Service Enterprise Group,81.29,-7,-1,5,154,151,-40,22,-2,19,-1,150
EXEL,Exelixis,40.08,23,0,75,16,114,25,-10,-5,26,36,150
MSA,MSA Safety,162.64,-9,-14,5,166,148,-5,-8,21,-7,1,149
NET,Cloudflare,223.99,27,4,50,0,81,37,-11,21,21,68,149
GILD,Gilead Sciences,117.88,-7,16,62,37,108,-29,10,19,41,41,149
PEGA,Pegasystems,65.48,42,6,30,7,85,41,-13,19,17,64,149
THG,Hanover Insurance,168.89,-7,-1,72,26,90,-16,-6,64,16,58,148
ZM,Zoom Communications,84.88,49,7,11,-2,65,63,2,11,6,82,147
JLL,Jones Lang LaSalle,311.98,75,10,15,16,116,-5,4,15,16,30,146
FAST,Fastenal,41.62,-13,-12,60,108,143,-13,-33,24,25,3,146
CBRE,CBRE Group,159.45,-2,0,103,24,125,-19,4,19,16,20,145
EVR,Evercore,323.19,20,-1,18,60,97,17,-16,19,28,48,145
TSCO,Tractor Supply Company,55.48,-1,-24,18,87,80,-2,-35,15,87,65,145
POST,Post Holdings,106.9,0,0,-9,89,80,-9,13,2,59,65,145
H,Hyatt Hotels,144.35,-9,23,8,57,79,-24,15,17,57,65,144
COF,Capital One,221.02,0,0,105,23,128,-4,-21,21,20,16,144
WFRD,Weatherford International,70.5,48,89,0,0,137,-2,4,11,-7,6,143
EXC,Exelon,47.7,0,21,66,16,103,2,20,5,12,39,142
RS,"Reliance, Inc.",280.17,21,-62,0,117,76,19,-27,-6,79,65,141
CMS,CMS Energy,73.45,-14,17,87,25,115,-19,20,9,16,26,141
DKS,Dick's Sporting Goods,230.24,1,12,8,65,86,4,4,11,35,54,140
NFLX,Netflix,1102.51,-35,-5,127,22,109,2,9,-2,22,31,140
FRHC,Freedom Holding,158.59,0,-9,65,16,72,21,-8,21,32,66,138
GAP,Gap Inc.,24.38,53,4,2,20,79,47,4,-14,21,58,137
GTES,Gates Corporation,25.83,28,10,28,17,83,-3,15,21,20,53,136
FLS,Flowserve,52.64,45,-14,2,29,62,49,-17,14,27,73,135
LVS,Las Vegas Sands,58.2,41,4,17,4,66,65,2,18,-16,69,135
MPC,Marathon Petroleum,192.26,30,44,10,51,135,-2,-9,21,-10,0,135
DD,DuPont,81.88,58,12,5,21,96,22,4,18,-5,39,135
ADT,ADT Inc.,8.72,42,6,42,0,90,-5,4,36,10,45,135
SCHW,Charles Schwab Corporation,93.82,-7,0,88,13,94,-5,9,21,16,41,135
CXT,Crane NXT,65.06,-15,26,6,57,74,-32,18,17,58,61,135
ESI,Element Solutions,26.2,28,4,5,59,96,21,2,18,-3,38,134
K,Kellanova,83.08,58,22,5,23,108,12,16,-18,15,25,133
AL,Air Lease Corporation,63.58,-2,48,28,24,98,2,-16,21,28,35,133
SBUX,Starbucks,85.4,63,0,-12,0,51,74,3,-4,9,82,133
VLO,Valero Energy,169.3,30,47,11,46,134,-2,-13,20,-7,-2,132
STT,State Street Corporation,118.52,29,7,28,18,82,20,-6,20,16,50,132
PNR,Pentair,108.88,24,0,20,64,108,-12,-9,19,26,24,132
AEP,American Electric Power,115.07,-39,21,84,25,91,-28,19,34,16,41,132
PG,Procter & Gamble,151.38,0,-27,-17,181,137,-12,3,-25,28,-6,131
FHN,First Horizon Corporation,21.09,0,-10,63,6,59,42,-1,19,12,72,131
STAG,STAG Industrial,38.12,0,12,5,98,115,-11,12,21,-6,16,131
TSLA,"Tesla, Inc.",460.54,14,57,9,12,92,19,-7,15,12,39,131
FFIV,"F5, Inc.",267.57,-9,-9,105,16,103,-9,-4,21,19,27,130
CLF,Cleveland-Cliffs,14.1,0,83,2,-18,67,16,43,14,-10,63,130
PGR,Progressive Corporation,211.88,-95,-98,-4,179,-18,-19,-12,-14,191,146,128
FDX,FedEx,249.55,56,12,1,34,103,15,2,13,-6,24,127
DINO,HF Sinclair,52.93,0,120,11,3,134,-4,-14,21,-10,-7,127
SEIC,SEI Investments Company,81.86,14,-38,103,37,116,19,-35,-2,28,10,126
PFG,Principal Financial Group,82.18,7,1,8,57,73,21,-7,18,20,52,125
FE,FirstEnergy,46.17,-28,71,17,57,117,-54,25,21,16,8,125
SNPS,Synopsys,456.7,3,-35,0,182,150,-5,-8,-5,-7,-25,125
LEN,Lennar (Class A),128.24,56,0,0,66,122,-7,3,12,-5,3,125
GGG,Graco Inc.,81.4,-8,-28,0,180,144,14,-30,-2,-2,-20,124
FNB,FNB Corporation,15.63,21,-1,12,57,89,19,-25,20,21,35,124
BC,Brunswick Corporation,70.6,56,8,3,0,67,49,4,15,-11,57,124
JAZZ,Jazz Pharmaceuticals,138.22,42,58,5,0,105,4,50,6,-41,19,124
WBD,Warner Bros. Discovery,20.99,45,34,23,0,102,-3,4,19,2,22,124
BYD,Boyd Gaming,79.0,-21,-3,59,61,96,-13,-10,21,29,27,123
RBLX,Roblox Corporation,131.77,0,1,64,0,65,9,9,27,13,58,123
COKE,Coca-Cola Consolidated,128.05,-5,21,0,68,84,-32,14,2,54,38,122
GWW,W. W. Grainger,963.92,0,-25,-14,96,57,16,2,-12,59,65,122
DDOG,Datadog,157.27,13,23,10,0,46,21,35,18,1,75,121
NU,Nubank,15.93,31,49,12,0,92,-1,-12,21,21,29,121
URI,United Rentals,875.86,-28,-1,18,66,55,-28,15,19,59,65,120
HR,Healthcare Realty Trust,17.92,-7,86,13,2,94,-7,9,13,11,26,120
CB,Chubb Limited,275.59,28,0,-1,60,87,-5,-6,-15,58,32,119
SPOT,Spotify,653.37,-21,-5,123,14,111,2,-15,-1,22,8,119
C,Citigroup,101.39,21,3,30,20,74,21,-13,21,16,45,119
USFD,US Foods,74.34,-30,-42,154,37,119,-26,-23,21,28,0,119
RRC,Range Resources,36.97,20,7,6,44,77,-2,-4,-9,57,42,119
NFG,National Fuel Gas,80.27,-42,-6,71,54,77,-42,-11,82,12,41,118
NWS,News Corp (Class B),31.17,26,-20,2,60,68,43,-12,-4,23,50,118
T,AT&T,25.71,9,-20,1,18,8,11,-23,105,17,110,118
TFSL,Third Federal S&L,13.75,35,5,14,7,61,43,-29,21,21,56,117
MDB,MongoDB Inc.,336.46,30,52,9,0,91,21,3,13,-11,26,117
TFC,Truist Financial,44.33,35,-1,12,6,52,47,-16,18,16,65,117
R,Ryder,168.92,-30,-4,21,58,45,3,-8,18,58,71,116
PCOR,Procore,74.15,42,32,2,0,76,21,-13,11,21,40,116
BKR,Baker Hughes,47.85,38,7,15,37,97,-12,-13,15,28,18,115
VRTX,Vertex Pharmaceuticals,422.54,0,0,-13,106,93,-16,16,-17,39,22,115
AMZN,Amazon,229.24,28,0,28,23,79,22,-26,18,22,36,115
VST,Vistra Corp.,190.64,0,-1,30,32,61,-5,-7,19,47,54,115
JNJ,Johnson & Johnson,186.93,-7,84,19,9,105,-34,19,16,8,9,114
PLD,Prologis,125.72,1,47,10,1,59,-5,46,21,-7,55,114
PFGC,Performance Food Group,100.16,-44,0,64,45,65,-12,-19,21,59,49,114
HLT,Hilton Worldwide,260.91,-9,-4,27,66,80,-19,5,19,28,33,113
LEN-B,Lennar (Class B),120.97,45,0,0,64,109,-7,2,12,-3,4,113
MUSA,Murphy USA,396.62,21,2,-24,70,69,23,-21,-40,81,43,112
BXP,"BXP, Inc.",74.13,35,6,9,0,50,40,-14,21,15,62,112
RPM,RPM International,111.58,-17,-20,-6,182,139,-15,-28,18,-2,-27,112
ASTS,AST SpaceMobile,77.8,0,20,22,0,42,13,26,21,10,70,112
INGM,Ingram Micro,22.1,8,35,0,0,43,13,38,18,0,69,112
UBER,Uber,95.45,14,0,29,1,44,23,-11,27,28,67,111
DLR,Digital Realty,174.14,26,12,8,24,70,-4,3,21,21,41,111
BG,Bunge Global,96.38,70,10,3,1,84,-5,18,21,-7,27,111
VICI,Vici Properties,30.38,-10,-17,69,17,59,-12,-29,34,59,52,111
WTFC,Wintrust Financial,129.41,21,-10,20,51,82,13,-24,19,21,29,111
WTM,White Mountains Insurance Group,1898.96,0,18,4,61,83,-10,11,-31,58,28,111
UTHR,United Therapeutics,415.12,-68,54,9,59,54,-12,-3,9,61,55,109
CELH,Celsius Holdings,61.91,-14,23,4,67,80,-5,15,29,-11,28,108
QCOM,Qualcomm,181.05,52,12,1,24,89,-4,3,19,1,19,108
MTD,Mettler Toledo,1404.83,63,20,5,1,89,-3,13,15,-7,18,107
AN,AutoNation,197.12,-29,-3,28,63,59,-28,-4,21,59,48,107
MDT,Medtronic,93.21,-28,85,22,3,82,-1,-4,14,15,24,106
NWSA,News Corp (Class A),26.68,14,-19,1,60,56,17,-12,21,23,49,105
SMCI,Supermicro,52.34,0,2,0,60,62,7,31,16,-11,43,105
PODD,Insulet,323.9,0,0,56,6,62,2,7,25,8,42,104
NEE,NextEra Energy,83.55,-3,25,6,2,30,17,21,21,15,74,104
LECO,Lincoln Electric,240.64,5,4,18,67,94,-5,4,19,-9,9,103
NEU,NewMarket,758.7,0,0,30,31,61,-14,-6,33,29,42,103
TEM,Tempus AI,86.58,-2,55,0,0,53,19,16,14,0,49,102
NDSN,Nordson,235.33,0,48,5,3,56,15,19,21,-9,46,102
BLD,TopBuild,443.93,0,15,13,48,76,-2,10,17,1,26,102
BX,Blackstone Inc.,151.7,-28,-9,0,144,107,-28,-17,16,23,-6,101
ADSK,Autodesk,311.19,29,0,10,16,55,19,-16,21,21,45,100
DLTR,Dollar Tree,102.7,84,0,3,-17,70,48,7,-1,-24,30,100
EQT,EQT Corporation,52.18,-23,0,52,44,73,-4,22,-4,12,26,99
HXL,Hexcel,72.62,35,6,5,1,47,44,4,15,-11,52,99
A,Agilent Technologies,145.85,0,44,5,1,50,-7,50,12,-7,48,98
CI,Cigna,308.33,14,8,-4,60,78,7,15,1,-3,20,98
SW,Smurfit Westrock,43.12,44,-33,-8,18,21,44,3,11,19,77,98
RPRX,Royalty Pharma,36.44,-5,11,43,0,49,-5,14,37,2,48,97
JHG,Janus Henderson,45.21,14,2,17,21,54,14,-9,18,20,43,97
PATH,UiPath,16.15,14,27,4,0,45,21,37,5,-12,51,96
MTG,MGIC Investment Corporation,26.77,-9,-1,30,57,77,-13,-19,21,30,19,96
LSCC,Lattice Semiconductor,71.86,13,60,12,0,85,19,-4,13,-17,11,96
PRI,Primerica,262.06,-16,-5,0,110,89,-30,-15,19,32,6,95
ECL,Ecolab,268.38,-7,-1,27,24,43,11,-1,21,21,52,95
KIM,Kimco Realty,21.8,0,0,5,57,62,-5,3,19,16,33,95
KKR,KKR & Co. Inc.,120.6,-6,-24,0,105,75,-4,-17,17,23,19,94
BAM,Brookfield Asset Management,55.13,0,-13,76,0,63,17,-17,21,10,31,94
FIVE,Five Below,160.56,64,12,11,0,87,-2,4,22,-17,7,94
AMP,Ameriprise Financial,484.44,14,-42,2,66,40,21,-38,-3,73,53,93
HRB,H&R Block,51.26,-1,0,-12,54,41,-1,15,-17,54,51,92
MET,Metlife,78.76,-2,0,6,60,64,-5,-6,19,20,28,92
HAS,Hasbro,77.94,58,2,25,5,90,-1,-32,21,13,1,91
MAR,Marriott International,265.38,-3,-1,5,60,61,-9,-8,18,29,30,91
COIN,Coinbase,355.2,14,0,20,0,34,21,-4,20,20,57,91
APLS,Apellis Pharmaceuticals,30.07,49,7,0,-18,38,49,12,12,-20,53,91
NLY,Annaly Capital Management,21.06,0,2,29,12,43,2,8,19,18,47,90
ADP,Automatic Data Processing,280.83,-27,-41,0,182,114,-24,-54,-5,59,-24,90
APTV,Aptiv,86.65,42,55,12,-26,83,21,2,21,-38,6,89
PHM,PulteGroup,120.77,-3,-6,12,67,70,-9,-21,17,31,18,88
ALLY,Ally Financial,40.82,56,0,13,6,75,-5,-19,19,18,13,88
APO,Apollo Global Management,124.5,-1,-25,-6,99,67,14,-17,-4,28,21,88
APPF,AppFolio,244.42,48,-20,3,30,61,21,-20,-4,30,27,88
UNH,UnitedHealth Group,367.78,10,40,-29,0,21,16,52,2,-3,67,88
HOLX,Hologic,73.99,57,10,2,0,69,-5,18,14,-9,18,87
EWBC,East West Bancorp,100.83,34,-10,20,24,68,-7,-15,20,21,19,87
TMUS,T-Mobile US,219.95,-35,-24,0,141,82,2,-33,-2,37,4,86
NTRS,Northern Trust,127.33,9,0,27,13,49,13,-12,21,15,37,86
THO,Thor Industries,109.55,52,6,12,4,74,-2,4,17,-8,11,85
SPR,Spirit AeroSystems,39.75,21,-14,29,0,36,23,-31,41,16,49,85
OSK,Oshkosh Corporation,137.52,28,4,22,6,60,-2,4,19,4,25,85
AA,Alcoa,39.32,28,47,4,-22,57,-3,52,13,-34,28,85
BROS,Dutch Bros. Coffee,59.33,84,-32,0,0,52,21,4,-5,13,33,85
EQIX,Equinix,816.08,-1,12,-1,36,46,-1,31,-19,28,39,85
LPX,Louisiana-Pacific,91.38,1,-30,-8,65,28,18,12,-2,28,56,84
WAL,Western Alliance Bancorporation,78.74,31,-14,2,6,25,42,-21,18,20,59,84
SGI,Somnigroup International,83.11,-51,0,52,66,67,-31,-1,21,28,17,84
IQV,IQVIA,218.1,51,21,5,1,78,-14,15,13,-8,6,84
RGA,Reinsurance Group of America,186.84,-6,0,-1,42,35,-5,-7,5,55,48,83
CPNG,Coupang,31.91,11,0,28,0,39,15,-11,21,19,44,83
MAS,Masco,68.42,0,-5,0,67,62,-16,2,12,23,21,83
UGI,UGI Corporation,33.61,5,-1,53,6,63,15,2,-4,7,20,83
LNC,Lincoln Financial,40.11,29,0,29,3,61,22,-29,19,10,22,83
HHH,Howard Hughes Holdings,80.82,1,58,9,0,68,-2,-11,10,16,13,81
PSX,Phillips 66,133.71,30,5,6,43,84,-2,-14,20,-7,-3,81
PINS,Pinterest,33.2,77,-27,0,-2,48,21,2,17,-7,33,81
AFG,American Financial Group,130.77,-2,-1,12,58,67,-9,-8,15,16,14,81
PKG,Packaging Corporation of America,206.17,2,0,0,63,65,-11,-16,14,28,15,80
TGT,Target Corporation,97.07,70,1,-42,-13,16,72,4,-4,-8,64,80
NYT,New York Times Company,57.44,2,0,13,18,33,2,1,21,23,47,80
FCNCA,First Citizens BancShares,1755.57,34,-38,-7,61,50,41,-31,-4,23,29,79
LH,Labcorp,259.81,-18,-1,66,17,64,-33,7,19,20,13,77
PM,Philip Morris International,149.79,-6,-32,81,57,100,-9,-38,-5,29,-23,77
EPR,EPR Properties,52.51,-23,-6,68,31,70,-29,-9,21,23,6,76
KRC,Kilroy Realty,41.95,31,1,17,0,49,12,-16,17,13,26,75
ABNB,Airbnb,128.01,77,0,0,0,77,5,4,-4,-7,-2,75
CRL,Charles River Laboratories,187.79,63,20,3,-28,58,-5,15,17,-10,17,75
KNSL,Kinsale Capital Group,420.18,-21,-3,-2,35,9,-14,-2,-6,87,65,74
CFG,Citizens Financial Group,51.33,28,0,19,6,53,-5,-8,18,16,21,74
DAL,Delta Air Lines,57.87,-7,0,12,21,26,-5,12,13,28,48,74
ETSY,Etsy,74.79,27,25,8,-32,28,37,27,21,-39,46,74
ULTA,Ulta Beauty,518.79,-85,128,23,6,72,-5,-5,23,-11,2,74
BOKF,BOK Financial Corporation,107.6,0,0,11,24,35,14,-6,15,16,39,74
BPOP,"Popular, Inc.",112.41,-24,-9,28,61,56,-12,-13,21,21,17,73
ALL,Allstate,191.06,-97,-10,0,161,54,-13,-9,22,19,19,73
NOV,NOV Inc.,14.96,35,6,0,-14,27,46,4,12,-17,45,72
LAMR,Lamar Advertising,119.31,-7,-4,12,66,67,-14,-23,19,23,5,72
TXRH,Texas Roadhouse,172.56,-6,0,0,66,60,-28,14,-7,33,12,72
IPGP,IPG Photonics,87.06,6,117,12,-46,89,-3,15,17,-46,-17,72
IDXX,Idexx Laboratories,634.46,-1,0,25,6,30,21,9,21,-10,41,71
SHC,Sotera Health,16.56,0,57,12,0,69,-11,7,13,-8,1,70
FHB,"First Hawaiian, Inc.",25.05,21,0,2,16,39,19,-22,18,16,31,70
DOCS,Doximity,66.48,-4,0,65,0,61,-3,-13,11,14,9,70
LW,Lamb Weston,65.57,25,23,0,-10,38,19,15,14,-16,32,70
UNM,Unum,74.68,-7,7,9,42,51,-24,-8,-5,56,19,70
SAIL,SailPoint,22.5,0,33,0,0,33,21,2,13,0,36,69
ROP,Roper Technologies,456.16,-28,-62,-13,184,81,-24,-4,-12,28,-12,69
LYFT,Lyft,20.01,-1,52,12,-3,60,-4,-10,21,2,9,69
EGP,EastGroup Properties,177.12,0,23,5,10,38,-5,21,21,-7,30,68
USB,U.S. Bancorp,47.27,42,0,11,6,59,-7,-19,18,17,9,68
TKR,Timken Company,77.25,49,0,2,6,57,-4,3,18,-7,10,67
PAG,Penske Automotive Group,163.05,-30,-19,26,64,41,-26,-29,21,59,25,66
STWD,Starwood Property Trust,18.45,-13,-18,29,60,58,-11,-25,21,23,8,66
GXO,GXO Logistics,54.24,0,12,12,0,24,14,18,20,-10,42,66
SLGN,Silgan Holdings,44.74,63,0,-14,0,49,4,6,-8,15,17,66
RGLD,Royal Gold,180.61,-56,0,72,20,36,-52,56,7,18,29,65
AON,AON,330.03,-85,-14,-2,179,78,-35,-35,-1,58,-13,65
HAL,Halliburton,26.62,42,44,0,0,86,-3,-13,6,-11,-21,65
TLN,Talen Energy,393.52,0,0,50,0,50,-4,-7,22,4,15,65
TECH,Bio-Techne,63.94,63,21,0,-26,58,-7,15,6,-8,6,64
TNL,Travel + Leisure Co.,64.63,0,5,20,18,43,-17,4,18,16,21,64
BA,Boeing,223.26,21,0,19,0,40,48,-32,21,-13,24,64
FNF,Fidelity National Financial,55.87,-2,0,0,60,58,-7,-17,6,23,5,63
DTM,DT Midstream,106.44,-97,36,114,0,53,-33,-5,21,27,10,63
ROKU,"Roku, Inc.",99.03,14,12,21,-21,26,22,-7,16,6,37,63
RF,Regions Financial Corporation,24.26,21,-10,18,24,53,-5,-21,19,16,9,62
EXLS,EXL Service,41.47,25,-20,0,67,72,8,-28,-5,15,-10,62
U,Unity Technologies,36.87,21,-1,17,0,37,19,-18,21,2,24,61
TRGP,Targa Resources,152.51,0,-14,-4,53,35,-12,-14,-4,56,26,61
NTNX,Nutanix,69.05,28,-11,9,24,50,-2,-15,1,26,10,60
OHI,Omega Healthcare Investors,39.99,-7,0,17,42,52,-14,-27,16,33,8,60
MAT,Mattel,19.22,58,2,3,0,63,26,6,-2,-33,-3,60
BIO,Bio-Rad Laboratories,329.71,81,21,3,-30,75,-4,15,12,-39,-16,59
RKT,Rocket Companies,17.5,46,-1,15,0,60,-5,-19,20,3,-1,59
INFA,Informatica,24.85,0,7,3,0,10,40,-1,19,-9,49,59
APG,APi Group,34.32,-7,-5,29,0,17,-2,-5,21,28,42,59
WST,West Pharmaceutical Services,283.48,-2,38,2,-9,29,-12,39,12,-10,29,58
BRO,Brown & Brown,82.4,-67,-12,-10,165,76,-19,-6,-21,28,-18,58
GL,Globe Life,134.41,-21,0,56,16,51,-1,-17,15,10,7,58
AGO,Assured Guaranty,81.29,0,-1,-4,58,53,-7,-9,-4,24,4,57
QS,QuantumScape,15.59,0,30,17,0,47,-1,30,19,-38,10,57
LAD,Lithia Motors,318.48,31,-1,0,16,46,-2,-22,12,23,11,57
FITB,Fifth Third Bancorp,42.28,21,-10,11,24,46,-5,-21,18,18,10,56
HUM,Humana,294.88,49,7,0,-14,42,19,10,7,-22,14,56
CVX,Chevron Corporation,154.17,0,0,18,50,68,-12,-20,12,8,-12,56
DAY,Dayforce,68.41,27,51,11,-14,75,-5,-23,11,-2,-19,56
GLPI,Gaming and Leisure Properties,44.44,-17,-16,-1,67,33,-15,-24,2,59,22,55
HAYW,Hayward Holdings,15.35,6,-1,5,0,10,-2,10,19,18,45,55
ALLE,Allegion,169.08,-28,0,20,23,15,3,-9,21,24,39,54
AVT,Avnet,50.56,-11,-1,12,47,47,-12,2,21,-4,7,54
SPG,Simon Property Group,176.79,-6,0,12,37,43,-20,-11,19,23,11,54
CFLT,"Confluent, Inc.",23.77,7,15,-14,0,8,5,38,1,2,46,54
FCX,Freeport-McMoRan,41.19,0,-13,4,60,51,1,12,-2,-8,3,54
BURL,Burlington Stores,274.54,2,-7,12,5,12,-1,10,14,19,42,54
FWONA,Liberty Formula 1 (Series A),87.31,-97,-4,80,64,43,-61,-7,20,58,10,53
YETI,Yeti Holdings,35.82,52,4,0,-8,48,-1,3,15,-12,5,53
PAYX,Paychex,124.06,-29,-64,-7,169,69,-27,6,-12,16,-17,52
NTAP,Netapp,115.92,-23,0,9,59,45,-12,4,18,-3,7,52
AIG,American International Group,78.4,-2,-1,0,55,52,-7,-5,-11,23,0,52
MSCI,MSCI,594.06,14,1,1,16,32,21,-25,1,22,19,51
XPO,"XPO, Inc.",123.56,-28,-4,5,63,36,-28,-4,18,29,15,51
WSO,Watsco,358.51,-31,-62,-14,198,91,9,-9,-39,-1,-40,51
CG,Carlyle Group (The),57.7,0,-9,19,23,33,-1,-19,18,20,18,51
CPRT,Copart,44.08,-12,-31,-24,178,111,-26,-30,-34,30,-60,51
TPG,TPG Inc.,57.05,14,-13,13,0,14,18,-17,15,21,37,51
LEA,Lear Corporation,103.17,42,0,1,-19,24,21,2,20,-17,26,50
ED,Consolidated Edison,98.58,-28,0,-1,49,20,-22,20,-15,47,30,50
RITM,Rithm Capital,10.83,-1,-24,28,34,37,-8,-29,21,28,12,49
CHRW,C.H. Robinson,128.06,8,0,14,4,26,8,-12,17,10,23,49
GTM,ZoomInfo,11.25,44,0,0,0,44,47,-20,17,-39,5,49
MKL,Markel,1837.79,-68,-10,79,57,58,-30,-6,-1,28,-9,49
O,Realty Income,59.21,-6,0,21,9,24,-14,3,21,15,25,49
GMED,Globus Medical,62.71,54,8,-26,0,36,14,15,-31,14,12,48
QGEN,Qiagen,47.97,-6,0,23,1,18,-11,13,21,7,30,48
ALB,Albemarle Corporation,96.68,27,34,3,-25,39,-4,25,15,-27,9,48
CNM,Core & Main,52.45,0,-1,3,0,2,-3,2,21,26,46,48
AFRM,Affirm Holdings,75.9,28,-16,23,0,35,-2,-24,19,19,12,47
OLED,Universal Display Corporation,148.28,10,2,0,0,12,20,23,-1,-7,35,47
IOT,Samsara,39.99,28,3,-21,0,10,42,1,-28,22,37,47
KEY,Keycorp,17.58,26,-10,19,6,41,-7,-21,19,15,6,47
KEYS,Keysight,170.12,28,0,9,2,39,-6,-13,19,7,7,46
DHI,D. R. Horton,153.69,-3,-1,2,67,65,-7,-24,15,-4,-20,45
NUE,Nucor,152.05,42,2,2,1,47,19,-30,18,-10,-3,44
LOAR,Loar Holdings,80.04,0,15,0,0,15,-2,45,-14,0,29,44
PNW,Pinnacle West Capital,90.69,-23,16,5,20,18,-17,19,-4,28,26,44
ENTG,Entegris,91.82,1,34,0,-8,27,21,-7,10,-7,17,44
RDDT,Reddit,212.83,21,0,8,0,29,21,-20,13,0,14,43
CTVA,Corteva,63.46,27,-32,64,1,60,-4,-24,-2,13,-17,43
WAT,Waters Corporation,346.13,0,15,-1,1,15,-4,14,2,16,28,43
KEX,Kirby Corporation,88.72,70,-63,-14,37,30,14,4,-5,-1,12,42
QSR,Restaurant Brands International,66.75,-4,19,5,42,62,-30,24,-4,-10,-20,42
FANG,Diamondback Energy,141.09,-3,0,-1,49,45,-7,-5,15,-7,-4,41
EXAS,Exact Sciences,63.32,1,38,4,-27,16,-7,46,4,-18,25,41
XYZ,"Block, Inc.",80.2,27,7,5,-38,1,24,2,15,-1,40,41
ELF,e.l.f. Beauty,131.76,0,0,0,33,33,7,-11,19,-7,8,41
BRK-B,Berkshire Hathaway,481.45,-14,0,0,64,50,-31,-8,1,28,-10,40
LLYVK,Liberty Live (Series C),91.2,0,0,41,0,41,-1,-23,21,2,-1,40
LLYVA,Liberty Live (Series A),88.33,-1,0,41,0,40,-1,-22,21,2,0,40
TDY,Teledyne Technologies,525.47,-35,-4,63,16,40,-33,-5,21,17,0,40
LFUS,Littelfuse,262.81,0,11,14,4,29,-2,4,19,-10,11,40
VTRS,Viatris,10.28,0,9,3,0,12,5,12,13,-3,27,39
IT,Gartner,252.64,42,0,-32,0,10,10,-10,-30,59,29,39
VIRT,Virtu Financial,34.58,24,-42,0,16,-2,28,1,-4,16,41,39
VMC,Vulcan Materials,292.66,-63,0,17,62,16,-27,-1,21,29,22,38
ZION,Zions Bancorporation,52.24,26,-10,2,6,24,-2,-19,18,17,14,38
SARO,StandardAero,28.52,28,4,0,0,32,-2,12,-4,0,6,38
WTW,Willis Towers Watson,320.43,-24,0,19,26,21,-19,-7,11,31,16,37
TXT,Textron,79.96,-28,-4,5,55,28,2,-7,21,-7,9,37
ZG,Zillow (Class A),72.83,48,-21,3,0,30,-8,-21,14,22,7,37
NNN,NNN Reit,41.6,-15,-1,11,24,19,-10,-9,21,16,18,37
ADM,Archer Daniels Midland,61.44,-1,18,13,0,30,-4,11,21,-22,6,36
MSM,MSC Industrial Direct,84.32,-14,-3,18,60,61,-14,-21,21,-11,-25,36
TWLO,Twilio,113.51,26,0,3,-36,-7,22,12,-4,13,43,36
TRU,TransUnion,82.92,51,-28,-1,0,22,-1,2,-4,16,13,35
REYN,Reynolds Consumer Products,23.72,3,59,-39,0,23,14,-5,8,-5,12,35
BWA,BorgWarner,43.54,1,11,19,4,35,-5,2,21,-18,0,35
CSX,CSX Corporation,35.67,-30,22,7,6,5,-5,21,21,-8,29,34
WTRG,Essential Utilities,40.56,-9,18,17,1,27,-25,20,5,7,7,34
COLB,Columbia Banking System,26.84,21,1,5,0,27,21,-29,16,-1,7,34
TMO,Thermo Fisher Scientific,557.32,0,21,5,0,26,-7,13,6,-5,7,33
IP,International Paper,47.13,0,0,0,18,18,-7,8,-5,18,14,32
LNG,Cheniere Energy,215.88,-20,-14,0,60,26,-19,-30,-3,58,6,32
BIIB,Biogen,149.16,29,54,0,-29,54,-3,-7,8,-20,-22,32
DHR,Danaher Corporation,216.9,-6,20,0,0,14,-5,15,14,-6,18,32
MTB,M&T Bank,181.42,-2,-15,12,24,19,-5,-17,19,16,13,32
CCK,Crown Holdings,97.68,0,0,28,7,35,-17,2,-3,14,-4,31
TPL,Texas Pacific Land Corporation,916.16,0,0,-20,60,40,-11,2,-16,15,-10,30
AVY,Avery Dennison,179.22,44,5,0,1,50,-9,2,-6,-7,-20,30
GLIBK,GCI Liberty (Series C),36.74,6,0,0,0,6,5,18,0,0,23,29
CF,CF Industries,86.09,21,0,8,6,35,-4,-9,-4,10,-7,28
LAZ,Lazard,49.01,-4,-16,13,22,15,2,-22,18,15,13,28
AS,Amer Sports,32.83,19,-28,15,0,6,35,-34,21,0,22,28
VNOM,Viper Energy,36.4,-3,-14,-20,46,9,-12,-14,-4,49,19,28
JBHT,J. B. Hunt,166.52,0,9,3,0,12,2,14,11,-12,15,27
AFL,Aflac,106.71,-69,0,12,60,3,-31,-7,5,57,24,27
HALO,Halozyme,65.42,-9,-2,18,21,28,-12,-17,12,16,-1,27
UWMC,United Wholesale Mortgage,5.84,42,0,0,0,42,1,-19,9,-6,-15,27
ABT,Abbott Laboratories,126.61,-70,-2,67,15,10,4,-10,7,16,17,27
EXR,Extra Space Storage,146.98,-5,12,3,1,11,-14,12,3,15,16,27
ALGM,Allegro MicroSystems,30.67,8,-3,22,0,27,-5,4,19,-18,0,27
ADC,Agree Realty,74.05,-6,12,4,18,28,-26,7,2,15,-2,26
QRVO,Qorvo,97.42,14,9,2,-33,-8,20,2,19,-7,34,26
XP,XP Inc.,17.87,49,-17,3,0,35,21,-18,-2,-10,-9,26
EXE,Expand Energy,101.0,-7,7,52,0,52,-24,-5,-10,12,-27,25
WPC,W. P. Carey,66.09,-21,0,40,4,23,-33,-9,37,7,2,25
VNT,Vontier,42.72,0,0,16,0,16,-5,2,19,-7,9,25
APA,APA Corporation,22.74,-2,58,3,-14,45,-7,-9,16,-21,-21,24
KMI,Kinder Morgan,26.08,-28,-4,0,46,14,-33,-9,-2,54,10,24
HBAN,Huntington Bancshares,15.53,-14,-15,20,23,14,-10,-19,21,18,10,24
ESTC,Elastic NV,87.28,24,6,-24,-8,-2,48,-19,3,-6,26,24
PNC,PNC Financial Services,182.84,0,-14,13,16,15,-5,-21,18,16,8,23
RRX,Regal Rexnord,144.77,1,0,3,5,9,-3,2,18,-3,14,23
VNO,Vornado Realty Trust,39.29,0,-2,9,6,13,-12,-14,19,17,10,23
LKQ,LKQ Corporation,30.97,44,-32,-17,-4,-9,74,2,-25,-19,32,23
WMS,Advanced Drainage Systems,141.04,0,0,3,5,8,-4,2,21,-5,14,22
WYNN,Wynn Resorts,120.79,0,0,19,5,24,-3,-10,21,-10,-2,22
PSN,Parsons Corporation,83.46,-15,30,0,1,16,-4,-1,14,-3,6,22
GNRC,Generac,190.24,1,4,14,-36,-17,-2,10,18,12,38,21
UAL,United Airlines Holdings,94.92,-37,-1,12,13,-13,-2,3,15,18,34,21
VKTX,Viking Therapeutics,34.94,13,4,-51,23,-11,22,20,-2,-8,32,21
MSTR,MicroStrategy,284.51,-4,-16,-4,21,-3,14,-8,-4,22,24,21
NVR,"NVR, Inc.",7456.1,-21,-14,-4,67,28,-27,-25,14,31,-7,21
OZK,Bank OZK,45.45,-90,-9,28,58,-13,15,-21,19,21,34,21
NVST,Envista,20.06,49,-1,15,0,63,-1,-24,17,-34,-42,21
BEN,Franklin Templeton Investments,23.32,14,-17,19,0,16,42,-35,21,-24,4,20
ALAB,Astera Labs,168.34,0,-8,8,0,0,22,-19,16,0,19,19
CORT,Corcept Therapeutics,71.57,-36,-1,0,21,-16,-5,-6,5,40,34,18
PSA,Public Storage,298.08,-15,23,0,3,11,-30,18,21,-2,7,18
WING,Wingstop,247.35,-7,-39,-1,40,-7,-7,3,-4,33,25,18
EXP,Eagle Materials,230.44,-16,0,-26,59,17,-24,15,11,-2,0,17
PRU,Prudential Financial,101.43,-3,-21,-24,57,9,-5,-1,15,-1,8,17
GEV,GE Vernova,570.87,-1,-3,7,0,3,-7,-1,22,0,14,17
CMG,Chipotle Mexican Grill,40.26,-20,-1,-17,82,44,-27,17,-15,-2,-27,17
FAF,First American Financial Corporation,62.83,0,0,2,16,18,-7,-24,8,20,-3,15
SWK,Stanley Black & Decker,71.88,42,-14,0,-41,-13,21,1,10,-4,28,15
AES,AES Corporation,14.47,0,20,0,-13,7,-5,21,17,-26,7,14
KDP,Keurig Dr Pepper,28.86,14,0,-10,0,4,6,7,-2,-2,9,13
AOS,A. O. Smith,66.84,-13,-13,0,60,34,-14,-21,21,-7,-21,13
MRK,Merck & Co.,87.03,0,21,0,0,21,-21,15,6,-8,-8,13
CRM,Salesforce,254.3,0,7,-24,24,7,6,9,-32,23,6,13
HPQ,HP Inc.,28.07,9,1,0,0,10,-9,4,10,-3,2,12
RAL,Ralliant,42.97,24,0,0,0,24,-4,-8,0,0,-12,12
FWONK,Liberty Formula 1 (Series C),95.13,-91,-8,81,59,41,-101,-7,21,58,-29,12
LINE,"Lineage, Inc.",39.92,23,-1,0,0,22,16,15,-42,0,-11,11
SWKS,Skyworks Solutions,80.25,9,1,0,-32,-22,21,1,18,-7,33,11
ACN,Accenture,253.43,41,0,-34,-2,5,15,0,-30,21,6,11
CCL,Carnival Corporation & plc,27.85,-7,-12,28,0,9,-16,-23,19,21,1,10
AMH,American Homes 4 Rent,32.6,-6,-64,-19,70,-19,17,2,-7,17,29,10
DOC,Healthpeak Properties,18.03,-4,39,-4,-33,-2,-7,2,5,11,11,9
CSGP,CoStar Group,78.24,27,-25,0,16,18,41,-48,-3,1,-9,9
VIK,Viking Holdings,58.71,-8,-1,2,0,-7,-5,-1,21,0,15,8
CUBE,CubeSmart,41.34,-2,11,0,3,12,-13,10,3,-4,-4,8
TROW,T. Rowe Price,104.95,14,-9,5,-27,-17,14,-4,17,-2,25,8
PEP,PepsiCo,150.12,-3,13,0,0,10,-3,5,10,-15,-3,7
ONTO,Onto Innovation,130.66,6,47,-37,0,16,-2,-7,6,-6,-9,7
AXTA,Axalta,29.72,57,-26,-27,24,28,20,1,-40,-2,-21,7
GLIBA,GCI Liberty (Series A),36.72,5,0,0,0,5,4,-2,0,0,2,7
AGCO,AGCO,107.92,0,-15,18,0,3,-5,2,22,-15,4,7
RNR,RenaissanceRe,231.6,-67,-1,-2,37,-33,-5,-5,19,30,39,6
AMCR,Amcor,8.35,75,-53,-12,0,10,9,3,-12,-4,-4,6
ALSN,Allison Transmission,82.11,34,-28,-16,37,27,-1,-24,-32,36,-21,6
FRT,Federal Realty Investment Trust,98.0,-6,0,3,3,0,-7,4,12,-3,6,6
PK,Park Hotels & Resorts,11.06,0,0,0,0,0,-3,2,14,-7,6,6
PVH,PVH Corp.,83.85,0,6,0,3,9,-7,2,10,-9,-4,5
W,Wayfair,106.53,27,2,15,-43,1,23,2,21,-42,4,5
COLM,Columbia Sportswear,53.75,5,-1,-32,-8,-36,49,4,-27,15,41,5
IR,Ingersoll Rand,78.85,0,-1,-4,25,20,-3,-8,-3,-2,-16,4
CTRA,Coterra,23.38,28,-14,-16,46,44,-5,-27,-23,15,-40,4
ESAB,ESAB,121.1,0,0,3,0,3,-29,15,-4,19,1,4
MRP,Millrose Properties,32.74,0,0,0,0,0,-12,2,14,0,4,4
VOYA,Voya Financial,73.58,-8,0,12,6,10,-5,-17,19,-3,-6,4
NCLH,Norwegian Cruise Line Holdings,22.36,-7,-9,11,0,-5,-7,-22,14,22,7,2
SEE,Sealed Air,34.41,0,48,7,-26,29,-4,-8,19,-34,-27,2
NSC,Norfolk Southern,280.31,-29,0,22,6,-1,-31,-4,21,16,2,1
SUI,Sun Communities,122.42,-7,-1,14,-26,-20,-5,-9,21,13,20,0
WEX,WEX Inc.,158.78,42,-17,0,0,25,-2,-28,15,-10,-25,0
BSY,Bentley Systems,51.6,0,-16,20,0,4,14,-32,21,-8,-5,-1
LNW,Light & Wonder,74.93,-7,-22,-14,59,16,-12,-30,-3,27,-18,-2
VRSK,Verisk Analytics,232.2,-9,-66,-7,116,34,-21,-32,-13,30,-36,-2
PYPL,PayPal,73.0,13,1,0,-41,-27,21,-5,-2,11,25,-2
NCNO,nCino,26.83,42,-21,-37,0,-16,44,-26,-1,-3,14,-2
TTEK,Tetra Tech,32.58,-7,-28,-40,121,46,-10,-54,17,-3,-50,-4
EW,Edwards Lifesciences,82.21,44,2,1,-16,31,1,3,-2,-37,-35,-4
MTN,Vail Resorts,152.59,25,0,0,-25,0,23,12,-2,-38,-5,-5
DBX,Dropbox,29.29,0,0,3,11,14,-23,-17,11,10,-19,-5
BLDR,Builders FirstSource,119.34,-13,-13,-39,67,2,-12,-1,11,-5,-7,-5
RIVN,Rivian,13.51,14,0,0,0,14,14,-14,3,-23,-20,-6
RNG,RingCentral,30.49,46,0,0,-43,3,48,-21,11,-47,-9,-6
AR,Antero Resources,31.88,0,-1,-5,12,6,-3,-11,-11,12,-13,-7
EQH,Equitable Holdings,48.23,0,-21,2,13,-6,-3,-17,-2,21,-1,-7
ON,ON Semiconductor,51.81,-7,0,0,-3,-10,-2,4,17,-17,2,-8
ACGL,Arch Capital Group,84.68,-13,-10,-19,64,22,-19,-6,-3,-2,-30,-8
RMD,Resmed,256.6,-42,-11,28,15,-10,-28,-6,20,15,1,-9
RGEN,Repligen,151.55,-4,23,5,-19,5,-7,26,5,-39,-15,-10
DT,Dynatrace,49.65,0,0,-13,0,-13,-6,-9,-4,22,3,-10
LII,Lennox International,501.46,-35,-46,-8,40,-49,7,8,-6,29,38,-11
PR,Permian Resources,12.28,-2,-22,-1,28,3,-10,-21,21,-4,-14,-11
CACC,Credit Acceptance,494.66,0,0,0,0,0,-7,12,-9,-7,-11,-11
VLTO,Veralto,102.54,-7,-3,13,0,3,-11,-24,20,0,-15,-12
SLM,Sallie Mae,28.25,42,-52,2,24,16,5,-52,-4,23,-28,-12
MP,MP Materials,64.92,-55,0,43,0,-12,-61,-2,56,6,-1,-13
Z,Zillow (Class C),75.71,0,-21,3,0,-18,-11,-21,15,22,5,-13
ESS,Essex Property Trust,256.27,-6,-1,-5,16,4,-8,-11,-14,16,-17,-13
REGN,Regeneron Pharmaceuticals,655.27,21,2,-52,0,-29,13,1,7,-6,15,-14
WDAY,"Workday, Inc.",236.92,-1,30,-21,16,24,-14,-5,-15,-4,-38,-14
CERT,"Certara, Inc.",12.13,-5,34,0,0,29,-5,-7,2,-34,-44,-15
DVA,DaVita,129.68,45,-46,-14,22,7,19,-32,-31,21,-23,-16
IPG,Interpublic Group of Companies (The),26.34,-7,11,0,0,4,-17,5,9,-19,-22,-18
CFR,Frost Bank,123.24,-5,-10,9,6,0,-1,-27,-2,12,-18,-18
AXS,AXIS Capital,89.06,-64,-10,0,47,-27,-12,-31,-4,55,8,-19
CAR,Avis Budget Group,145.88,-6,-2,20,-22,-10,21,-15,24,-39,-9,-19
KD,Kyndryl,28.85,14,-60,-7,0,-53,45,-25,-8,22,34,-19
SN,SharkNinja,97.2,28,-21,3,0,10,-2,-49,18,3,-30,-20
JHX,James Hardie Industries,22.39,24,0,-38,-3,-17,-2,15,-11,-5,-3,-20
OTIS,Otis Worldwide,91.34,0,0,-15,0,-15,-12,4,-25,28,-5,-20
ELS,Equity Lifestyle Properties,60.72,-28,21,-32,0,-39,3,20,1,-5,19,-20
S,SentinelOne,17.64,25,-5,-36,0,-16,21,-17,-6,-3,-5,-21
EL,Estée Lauder Companies (The),98.79,0,12,3,-28,-13,-5,15,19,-37,-8,-21
GEN,Gen Digital,26.69,-4,-32,26,18,8,-12,-34,-1,18,-29,-21
SYY,Sysco,75.87,-33,-5,18,5,-15,-32,-9,18,16,-7,-22
LULU,Lululemon Athletica,180.0,49,0,-22,-5,22,-5,6,-31,-14,-44,-22
HST,Host Hotels & Resorts,16.31,-6,-1,9,4,6,-19,-20,19,-8,-28,-22
AWK,American Water Works,134.76,-17,-2,-1,0,-20,-33,16,5,10,-2,-22
MCHP,Microchip Technology,63.65,-7,-5,0,0,-12,-27,4,21,-9,-11,-23
CUZ,Cousins Properties,26.34,-7,-15,0,13,-9,-5,-22,-3,15,-15,-24
GLOB,Globant,60.8,42,0,-37,-9,-4,14,12,-37,-9,-20,-24
HUBS,HubSpot,469.3,41,-5,-21,-2,13,-12,-18,-29,21,-38,-25
SSB,SouthState Corporation,89.73,-29,-9,-2,24,-16,-24,-21,15,21,-9,-25
SEB,Seaboard Corporation,3310.02,-16,-6,16,-1,-7,-12,-28,19,2,-19,-26
DRI,Darden Restaurants,181.34,-21,-29,0,63,13,-40,-24,-7,32,-39,-26
AVTR,Avantor,15.07,0,20,-40,-1,-21,-14,13,2,-7,-6,-27
MASI,Masimo,146.4,-7,0,-10,-8,-25,-8,20,-26,12,-2,-27
GTLB,GitLab,48.23,0,7,-32,0,-25,-5,2,3,-3,-3,-28
CNA,CNA Financial,44.49,-67,-10,0,59,-18,-28,-9,5,22,-10,-28
HOG,Harley-Davidson,27.37,7,0,0,-11,-4,-6,-21,16,-13,-24,-28
LBTYK,Liberty Global (Series C),11.1,0,-2,-4,-1,-7,-7,-22,10,-2,-21,-28
SNV,Synovus,44.92,-8,-27,-1,23,-13,-5,-22,-4,16,-15,-28
EFX,Equifax,224.1,-7,-19,-15,18,-23,-5,-19,-2,20,-6,-29
CARR,Carrier Global,58.74,7,-61,-10,0,-64,9,2,-5,28,34,-30
DAR,Darling Ingredients,33.79,28,0,0,-22,6,-2,2,-4,-32,-36,-30
LBTYA,Liberty Global (Series A),10.95,-8,0,-4,0,-12,-7,-22,12,-1,-18,-30
OVV,Ovintiv,36.6,-2,-17,-1,0,-20,-7,-14,18,-8,-11,-31
ARW,Arrow Electronics,118.28,-1,-5,12,0,6,-28,2,-1,-10,-37,-31
NXST,Nexstar Media Group,191.04,-23,-10,20,6,-7,-24,-31,18,12,-25,-32
DOX,Amdocs,84.41,12,-56,1,1,-42,4,4,-6,7,9,-33
AMTM,Amentum,21.88,-21,-14,0,0,-35,-12,-7,21,0,2,-33
TOST,"Toast, Inc.",37.43,0,-41,3,0,-38,-12,2,-4,19,5,-33
TTD,Trade Desk (The),51.66,0,0,-38,-3,-41,-3,17,-4,-2,8,-33
CGNX,Cognex Corporation,47.29,0,12,12,-33,-9,-3,4,17,-42,-24,-33
CAI,Caris Life Sciences,30.33,-15,-15,0,0,-30,-11,7,0,0,-4,-34
DIS,Walt Disney Company (The),111.66,0,-33,26,-2,-9,-22,-29,21,5,-25,-34
APD,Air Products,254.48,0,-26,-6,0,-32,18,-31,-2,12,-3,-35
OKTA,"Okta, Inc.",89.31,13,-18,-9,-26,-40,19,-8,-14,8,5,-35
FLUT,Flutter Entertainment,237.14,-18,-22,0,23,-17,-12,-33,-2,29,-18,-35
BHF,Brighthouse Financial,46.2,-7,-2,-4,0,-13,-6,-13,-14,10,-23,-36
HLNE,Hamilton Lane,117.82,-6,-25,-9,27,-13,-1,-40,-6,23,-24,-37
SITE,SiteOne Landscape Supply,123.4,28,-25,-1,-11,-9,-3,-29,14,-10,-28,-37
MDLZ,Mondelez International,60.24,-4,-4,-4,0,-12,5,-14,-6,-11,-26,-38
CCI,Crown Castle,94.59,-14,-1,-1,-30,-46,-12,18,-6,7,7,-39
TTC,Toro Company (The),74.78,0,-14,0,-2,-16,15,-28,12,-22,-23,-39
OMC,Omnicom Group,76.93,-7,11,-38,3,-31,-18,5,8,-3,-8,-39
SOLV,Solventum,70.95,-8,-16,0,0,-24,-25,-9,17,0,-17,-41
EOG,EOG Resources,105.92,-4,-28,-9,47,6,-12,-31,-3,-1,-47,-41
WU,Western Union,9.49,21,3,-34,-48,-58,19,4,1,-7,17,-41
KNX,Knight-Swift,43.77,-8,0,-2,-4,-14,-26,14,-1,-15,-28,-42
MANH,Manhattan Associates,185.96,-33,-26,-2,67,6,-24,-20,-2,-2,-48,-42
SJM,J.M. Smucker Company (The),104.72,2,-7,-5,-6,-16,5,-15,9,-25,-26,-42
EIX,Edison International,56.06,-2,11,-43,0,-34,-19,3,11,-3,-8,-42
PEN,"Penumbra, Inc.",235.56,-11,-12,0,0,-23,-5,-3,-17,5,-20,-43
EMN,Eastman Chemical Company,63.37,49,-27,-32,-3,-13,49,-29,-46,-4,-30,-43
KMB,Kimberly-Clark,120.65,7,-33,-10,20,-16,7,-40,-22,28,-27,-43
FI,Fiserv,126.22,42,-77,-25,37,-23,14,-37,-26,29,-20,-43
CCCS,CCC Intelligent Solutions,9.35,23,-27,-39,0,-43,37,-29,-1,-8,-1,-44
OC,Owens Corning,127.08,-13,-22,-35,60,-10,-14,-29,10,-2,-35,-45
ELV,Elevance Health,339.41,-3,19,-55,-4,-43,-2,26,-21,-5,-2,-45
PPC,Pilgrim's Pride,37.99,7,-38,-4,23,-12,7,-45,-15,20,-33,-45
ACI,Albertsons,18.46,0,0,-8,0,-8,-32,7,-14,2,-37,-45
COP,ConocoPhillips,86.78,-2,-15,-5,0,-22,-12,-14,13,-10,-23,-45
VRSN,Verisign,240.32,-32,-20,0,11,-41,7,-18,-2,9,-4,-45
OKE,Oneok,69.12,0,-62,-24,56,-30,-19,-14,-36,53,-16,-46
ST,Sensata Technologies,30.84,-5,-1,3,-17,-20,-12,4,19,-37,-26,-46
RH,RH,193.16,20,-23,-35,-9,-47,21,-28,9,-2,0,-47
DVN,Devon Energy,32.01,-2,-13,0,-7,-22,-7,-14,20,-24,-25,-47
EG,Everest Group,304.9,-13,-1,-1,0,-15,-26,-5,5,-7,-33,-48
AUR,Aurora Innovation,5.21,0,-24,-12,0,-36,17,-17,-29,17,-12,-48
PCG,PG&E Corporation,16.14,-26,23,-41,3,-41,-26,17,4,-3,-8,-49
AVB,AvalonBay Communities,184.14,-6,-17,-14,18,-19,-12,-17,-18,17,-30,-49
PNFP,Pinnacle Financial Partners,86.06,-12,-27,-15,17,-37,-5,-21,-6,20,-12,-49
MHK,Mohawk Industries,118.73,-19,-3,0,-13,-35,-27,2,13,-3,-15,-50
SRPT,Sarepta Therapeutics,24.2,14,17,-40,-9,-18,17,20,-61,-8,-32,-50
LUV,Southwest Airlines,31.1,-28,-1,11,-41,-59,-29,14,18,6,9,-50
REXR,Rexford Industrial,42.49,0,12,3,-20,-5,-33,4,17,-34,-46,-51
DUOL,Duolingo,293.75,-55,-1,-1,0,-57,-7,-1,-12,25,5,-52
EQR,Equity Residential,61.49,-6,-19,-7,15,-17,-13,-23,-14,15,-35,-52
FBIN,Fortune Brands Innovations,51.22,45,-26,-37,-7,-25,-5,-29,10,-4,-28,-53
TW,Tradeweb,108.03,-1,-59,-9,2,-67,-4,3,-10,25,14,-53
ZBRA,Zebra Technologies,274.14,-7,-27,-1,-9,-44,-7,-1,-1,-1,-10,-54
GPC,Genuine Parts Company,131.62,-21,0,12,0,-9,-29,-18,21,-19,-45,-54
MPW,Medical Properties Trust,4.97,-44,38,0,-38,-44,-7,-7,3,1,-10,-54
CROX,Crocs,86.75,14,0,-53,-3,-42,6,4,-15,-7,-12,-54
SFD,Smithfield Foods,22.62,7,-29,0,0,-22,7,-38,-1,0,-32,-54
PLNT,Planet Fitness,93.66,-4,-41,0,15,-30,-5,-33,-4,16,-26,-56
SNDR,Schneider National,22.7,-2,-43,-16,0,-61,3,9,-6,-2,4,-57
BJ,BJ's Wholesale Club,92.41,-7,-85,-6,12,-86,-21,3,-13,60,29,-57
MOS,Mosaic Company (The),29.37,-2,-13,27,-18,-6,-5,-13,-2,-32,-52,-58
PFE,Pfizer,24.52,-5,-1,0,-25,-31,-7,-8,18,-30,-27,-58
FCN,FTI Consulting,170.08,16,1,-48,0,-31,12,-29,-5,-7,-29,-60
NIQ,NIQ Global Intelligence,13.18,-21,0,0,0,-21,-18,-21,0,0,-39,-60
DKNG,DraftKings,31.16,-21,-21,-5,0,-47,-19,-29,13,22,-13,-60
RBRK,Rubrik,76.09,-19,-35,3,0,-51,-5,-4,-1,0,-10,-61
DECK,Deckers Brands,87.61,-21,-24,-35,95,15,-21,-24,-31,-1,-77,-62
VZ,Verizon,39.32,-35,-17,-2,12,-42,4,-38,-2,16,-20,-62
OWL,Blue Owl Capital,16.52,-1,-49,-15,0,-65,9,-25,-4,23,3,-62
MKC,McCormick & Company,66.0,-7,-4,-17,-4,-32,-24,6,-25,12,-31,-63
CART,Maplebear Inc.,37.8,-13,-34,-5,0,-52,-11,2,-4,1,-12,-64
VFC,VF Corporation,14.57,-1,7,-31,-45,-70,-5,4,8,-1,6,-64
DOCU,DocuSign,70.69,0,-21,-5,-14,-40,-4,-20,-13,13,-24,-64
ZBH,Zimmer Biomet,101.13,0,0,-8,-19,-27,-25,3,5,-20,-37,-64
CNH,CNH Industrial,10.6,0,-53,-8,0,-61,-4,2,-6,4,-4,-65
ADBE,Adobe Inc.,359.83,42,2,-47,-8,-11,15,-13,-51,-7,-56,-67
GNTX,Gentex,23.66,-21,-3,-2,-1,-27,-26,-19,15,-10,-40,-67
PB,Prosperity Bancshares,63.27,0,-65,-15,16,-64,18,-31,-6,16,-3,-67
VVV,Valvoline,33.74,-32,-24,-6,33,-29,-30,-21,18,-6,-39,-68
DOW,Dow Inc.,25.39,28,2,-54,-3,-27,35,3,-69,-10,-41,-68
HIW,Highwoods Properties,29.52,-100,-7,11,8,-88,-7,-9,21,15,20,-68
GME,GameStop,23.28,13,-9,-5,-32,-33,-2,-10,-14,-9,-35,-68
TYL,Tyler Technologies,510.61,0,-47,-5,19,-33,-3,-49,-4,20,-36,-69
MIDD,Middleby,129.95,-12,-5,-14,0,-31,-29,-28,3,15,-39,-70
PRMB,Primo Brands,22.28,3,-104,-9,24,-86,14,3,-21,20,16,-70
CPAY,Corpay,285.7,0,-62,-9,23,-48,-12,-31,-6,27,-22,-70
FRPT,Freshpet,53.79,0,-4,-35,-8,-47,2,6,-31,-1,-24,-71
FTV,Fortive,49.16,0,0,-32,0,-32,-7,2,-28,-7,-40,-72
BILL,Bill.com,50.37,-15,43,-35,0,-7,-28,-8,9,-39,-66,-73
CPT,Camden Property Trust,101.42,-6,-25,-6,-1,-38,-9,-26,-14,13,-36,-74
JKHY,Jack Henry & Associates,154.31,-3,-63,-14,-2,-82,4,5,-14,13,8,-74
SLB,Schlumberger,35.85,43,4,-81,0,-34,-1,-23,-4,-12,-40,-74
PPG,PPG Industries,105.26,49,-27,-57,-10,-45,18,-33,-4,-10,-29,-74
RVTY,Revvity,96.47,1,9,-31,-26,-47,-11,20,-36,-1,-28,-75
ILMN,"Illumina, Inc.",97.81,0,-1,0,-42,-43,-5,2,13,-42,-32,-75
SMMT,Summit Therapeutics,19.24,-61,-37,-2,16,-84,-2,-3,-8,21,8,-76
EPAM,EPAM Systems,161.7,42,0,-37,-29,-24,47,-33,-28,-39,-53,-77
HSIC,Schein (Henry),63.22,-2,-25,-16,-2,-45,-5,-26,-6,5,-32,-77
AAL,American Airlines Group,12.7,28,0,0,-78,-50,-2,6,10,-41,-27,-77
IEX,IDEX Corporation,166.96,0,0,-39,-4,-43,-5,15,-39,-8,-37,-80
TXN,Texas Instruments,166.88,-35,-40,-2,24,-53,-9,-36,-2,18,-29,-82
AMT,American Tower,182.86,-7,-60,-8,-2,-77,-12,-1,-6,13,-6,-83
MGM,MGM Resorts International,31.95,-7,-21,0,0,-28,-11,-33,-1,-11,-56,-84
GPN,Global Payments,85.62,-1,0,-38,-41,-80,-4,3,9,-12,-4,-84
RARE,Ultragenyx,34.77,14,2,-38,-40,-62,14,14,-46,-5,-23,-85
INGR,Ingredion,117.6,-30,-62,-9,36,-65,-40,-32,-7,58,-21,-86
AKAM,Akamai Technologies,75.77,21,0,-37,-9,-25,13,-25,-37,-12,-61,-86
SON,Sonoco,40.15,-12,-26,-7,-2,-47,-19,-23,18,-16,-40,-87
MOH,Molina Healthcare,162.78,-28,-4,-24,-4,-60,3,-4,-20,-10,-31,-91
DG,Dollar General,101.92,-21,-28,0,-19,-68,-35,7,33,-28,-23,-91
DPZ,Domino's,411.08,-1,-60,-7,12,-56,-20,-30,-6,20,-36,-92
FOUR,Shift4,75.14,-7,-60,-11,0,-78,-5,-31,-4,26,-14,-92
CTSH,Cognizant,67.89,5,-64,-14,16,-57,-14,-29,-14,20,-37,-94
COO,Cooper Companies (The),71.72,-5,9,-38,-7,-41,-24,18,-43,-5,-54,-95
TDC,Teradata,21.45,22,0,-90,-19,-87,19,-7,-2,-18,-8,-95
CIVI,Civitas Resources,28.25,0,-13,-66,-2,-81,-3,-11,10,-11,-15,-96
ALK,Alaska Air Group,43.01,-34,-24,-6,-1,-65,-27,-24,9,11,-31,-96
FND,Floor & Decor,71.98,4,-24,-46,-8,-74,-2,-21,9,-8,-22,-96
DXCM,Dexcom,69.22,0,-46,-10,-16,-72,-11,2,-5,-11,-25,-97
BALL,Ball Corporation,49.11,0,-52,-14,-13,-79,-9,2,-4,-7,-18,-97
RYN,Rayonier,23.28,-37,-6,-4,-1,-48,-39,-9,9,-11,-50,-98
TSN,Tyson Foods,52.16,-2,-17,-12,-30,-61,4,-33,-22,13,-38,-99
FDS,FactSet,288.35,0,-71,-16,-2,-89,5,1,-14,-3,-11,-100
SAIA,Saia,284.28,-28,-4,-37,0,-69,-26,-2,4,-7,-31,-100
INVH,Invitation Homes,28.18,-6,-68,-19,0,-93,-13,3,-14,16,-8,-101
BMY,Bristol Myers Squibb,42.83,-14,-19,-11,-7,-51,-21,-11,-25,7,-50,-101
WLK,Westlake Corporation,76.42,-2,-13,-51,-2,-68,-3,-27,5,-8,-33,-101
BDX,Becton Dickinson,184.22,-6,-1,-39,-7,-53,-31,-5,4,-17,-49,-102
SIRI,Sirius XM,21.41,-19,-14,-4,-33,-70,2,-26,11,-19,-32,-102
ASH,Ashland Global,50.05,1,-28,-52,-11,-90,-3,4,-1,-12,-12,-102
NKE,"Nike, Inc.",67.4,-3,-16,0,-23,-42,-5,-36,18,-38,-61,-103
OXY,Occidental Petroleum,40.84,-3,-14,-66,0,-83,-7,-12,17,-18,-20,-103
WHR,Whirlpool Corporation,77.65,22,-30,-16,-28,-52,21,-27,-7,-38,-51,-103
ZTS,Zoetis,145.44,0,-36,-46,-5,-87,-1,5,-13,-7,-16,-103
SAM,Boston Beer Company,222.72,21,3,-46,-39,-61,-11,12,2,-46,-43,-104
CL,Colgate-Palmolive,77.14,-16,-79,-17,25,-87,-24,2,-25,28,-19,-106
WH,Wyndham Hotels & Resorts,72.38,-28,-30,-14,13,-59,-26,-35,-4,17,-48,-107
CNXC,Concentrix,45.36,-4,-23,-6,0,-33,-12,-19,-9,-35,-75,-108
ONON,On Holding AG,41.15,-9,-63,-10,0,-82,-21,-21,-7,22,-27,-109
NSA,National Storage Affiliates,31.01,-8,0,-26,-6,-40,-30,10,-47,-3,-70,-110
BFAM,Bright Horizons,98.31,-9,-36,-10,0,-55,-23,-42,-7,17,-55,-110
COLD,Americold,13.38,-2,-1,-52,-13,-68,15,12,-52,-17,-42,-110
SBAC,SBA Communications,193.24,-4,-60,-10,-22,-96,-7,3,-9,-1,-14,-110
TFX,Teleflex,130.6,0,8,-53,-41,-86,-24,7,4,-12,-25,-111
CHRD,Chord Energy,90.43,-2,-22,-61,0,-85,-3,-31,15,-8,-27,-112
HSY,Hershey Company (The),180.24,-61,0,15,0,-46,-54,-6,15,-21,-66,-112
RYAN,Ryan Specialty,51.96,-7,-88,-14,0,-109,-4,-6,-20,27,-3,-112
MRNA,Moderna,25.36,-13,-1,-66,-6,-86,-3,23,-6,-41,-27,-113
BBWI,"Bath & Body Works, Inc.",26.08,-2,-37,-36,-17,-92,-10,4,-7,-8,-21,-113
CHDN,Churchill Downs Incorporated,99.6,0,0,-42,0,-42,-4,-59,-5,-3,-71,-113
SFM,Sprouts Farmers Market,106.81,-23,-66,-6,48,-47,-51,-64,-10,59,-66,-113
UDR,"UDR, Inc.",35.03,-14,-63,-9,-2,-88,-24,-1,-16,15,-26,-114
G,Genpact,39.22,-1,-35,-8,0,-44,-26,-31,-26,12,-71,-115
BIRK,Birkenstock,41.68,-7,-38,-10,0,-55,-12,-36,-12,0,-60,-115
WSC,WillScot Mobile Mini,22.51,22,-62,-76,-8,-124,18,8,-5,-14,7,-117
CHWY,Chewy,34.16,-71,-12,52,0,-31,-75,-6,-12,7,-86,-117
FIS,Fidelity National Information Services,65.95,-13,-60,-13,-39,-125,-12,14,-8,13,7,-118
QXO,"QXO, Inc.",18.1,-35,-27,0,-16,-78,-32,-25,24,-8,-41,-119
IFF,International Flavors & Fragrances,64.89,0,0,-34,-33,-67,-7,4,-46,-3,-52,-119
CPB,Campbell Soup Company,30.94,0,-1,-43,-8,-52,4,-16,-50,-7,-69,-121
PENN,Penn Entertainment,17.35,0,-16,-4,-36,-56,-7,-25,11,-46,-67,-123
GDDY,GoDaddy,130.86,-1,-78,-14,24,-69,-23,-25,-30,24,-54,-123
MTCH,Match Group,32.69,0,-17,3,-39,-53,-21,-25,16,-40,-70,-123
OLN,Olin Corporation,21.02,-7,-1,-71,-11,-90,-5,-13,9,-25,-34,-124
KMX,CarMax,44.44,20,-28,-30,-38,-76,14,-26,-34,-2,-48,-124
UPS,United Parcel Service,96.38,58,1,-117,-18,-76,16,16,-45,-36,-49,-125
CE,Celanese,41.19,0,-57,-54,-12,-123,44,-27,-8,-11,-2,-125
LSTR,Landstar,129.28,-2,0,-46,-2,-50,-26,12,-53,-9,-76,-126
NWL,Newell Brands,5.0,26,-24,-38,-33,-69,-1,-27,9,-38,-57,-126
KMPR,Kemper Corporation,46.12,-27,-24,-17,-2,-70,-30,-29,-14,16,-57,-127
BMRN,BioMarin Pharmaceutical,53.49,0,-37,-61,-22,-120,40,2,-26,-24,-8,-128
MAA,Mid-America Apartment Communities,130.72,-10,-64,-8,-1,-83,-14,-28,-19,13,-48,-131
DV,DoubleVerify,11.83,44,-36,-81,0,-73,-5,-38,-4,-12,-59,-132
CHE,Chemed Corporation,439.7,0,-20,-22,-1,-43,-30,-29,-20,-10,-89,-132
TEAM,Atlassian,164.0,0,-78,-17,-8,-103,-16,3,-29,13,-29,-132
CAVA,Cava Group,62.15,-14,-54,-25,0,-93,-16,12,-39,4,-39,-132
GFS,GlobalFoundries,34.65,-3,0,-93,0,-96,-7,-8,-5,-19,-39,-135
LBRDK,Liberty Broadband (Series C),57.32,0,-9,-14,-38,-61,-62,-9,-14,10,-75,-136
LBRDA,Liberty Broadband (Series A),57.03,0,-9,-14,-38,-61,-62,-9,-14,10,-75,-136
WY,Weyerhaeuser,23.74,0,-33,-34,-1,-68,22,-37,-46,-10,-71,-139
PAYC,Paycom,198.51,-12,-46,0,-26,-84,-3,-49,-5,1,-56,-140
SAIC,SAIC,92.26,-21,-39,-9,0,-69,-23,-39,-6,-3,-71,-140
PCTY,Paylocity,149.31,-8,-46,-9,-5,-68,-23,-50,-8,7,-74,-142
POOL,Pool Corporation,286.97,-15,-25,-34,-8,-82,-26,-21,-3,-11,-61,-143
DLB,Dolby Laboratories,66.54,-33,-26,-14,-1,-74,-31,-36,-4,-1,-72,-146
SMG,Scotts Miracle-Gro Company,56.04,9,-43,-33,-41,-108,-5,-29,-1,-3,-38,-146
KBR,"KBR, Inc.",43.05,-12,-24,-41,0,-77,-14,-34,-19,-3,-70,-147
KVUE,Kenvue,14.49,-7,-46,-9,0,-62,-21,-56,-14,5,-86,-148
IAC,IAC Inc.,32.86,-4,-28,-13,-33,-78,-4,-20,-8,-40,-72,-150
BRKR,Bruker,38.71,0,9,-71,-10,-72,-12,20,-75,-11,-78,-150
TREX,"Trex Company, Inc.",50.39,0,-33,-65,-15,-113,5,-29,-5,-8,-37,-150
CHTR,Charter Communications,248.85,0,-9,-15,-38,-62,-62,-9,-15,-3,-89,-151
TAP,Molson Coors,45.24,-28,-35,-24,-2,-89,-40,8,-25,-5,-62,-151
HUN,Huntsman Corporation,9.06,28,-28,-56,-17,-73,33,-28,-51,-35,-81,-154
CZR,Caesars Entertainment,22.06,-7,-17,-37,-27,-88,-12,-13,-5,-39,-69,-157
ATR,AptarGroup,128.13,-16,-62,-14,22,-70,-22,-59,-6,-1,-88,-158
HRL,Hormel Foods,23.65,-4,-73,-21,-25,-123,2,2,-8,-32,-36,-159
CDW,CDW,156.12,0,-60,-53,0,-113,-7,-25,-4,-10,-46,-159
ARE,Alexandria Real Estate Equities,62.94,-7,-15,-48,-32,-102,-10,-17,6,-37,-58,-160
FMC,FMC Corporation,30.54,26,-43,-51,-26,-94,-1,-33,-6,-28,-68,-162
GIS,General Mills,48.06,-23,-4,-52,-6,-85,2,-11,-48,-21,-78,-163
ACHC,Acadia Healthcare,23.17,-94,33,-59,-13,-133,-14,-5,4,-18,-33,-166
MTDR,Matador Resources,39.2,-35,-22,-40,0,-97,-30,-30,-2,-8,-70,-167
CLVT,Clarivate,3.63,30,-28,-88,-8,-94,-2,-28,-2,-44,-76,-170
MORN,"Morningstar, Inc.",218.02,-1,-63,-31,-1,-96,12,-76,-9,-2,-75,-171
CHD,Church & Dwight,84.26,-28,-66,-27,0,-121,-25,-29,-25,27,-52,-173
ENPH,Enphase Energy,36.75,0,-1,-57,-22,-80,14,-17,-64,-26,-93,-173
CNC,Centene,33.2,-28,6,-55,-13,-90,-26,-4,-24,-30,-84,-174
UHAL,U-Haul,54.79,-13,-65,-26,0,-104,-25,-29,-39,22,-71,-175
IRDM,Iridium Communications,17.33,-28,-63,-15,-21,-127,-20,-1,-6,-21,-48,-175
CLX,Clorox,115.23,-30,-17,-28,-7,-82,-35,-21,-38,-1,-95,-177
KHC,Kraft Heinz,25.54,0,-37,-53,-2,-92,5,-55,-25,-12,-87,-179
BAH,Booz Allen Hamilton,85.52,-21,-41,-41,0,-103,-23,-9,-43,-3,-78,-181
LYB,LyondellBasell,47.61,21,-62,-55,-7,-103,26,-27,-69,-9,-79,-182
CAG,Conagra Brands,18.07,-7,-17,-43,-9,-76,-24,-36,-25,-25,-110,-186
GPK,Graphic Packaging,17.26,-11,-43,-30,-1,-85,-21,-40,-43,-2,-106,-191
XRAY,Dentsply Sirona,13.07,49,-63,-92,-44,-150,-1,3,-6,-42,-46,-196
EEFT,Euronet Worldwide,79.37,-27,-64,-14,-5,-110,-26,-64,-11,15,-86,-196
CHH,Choice Hotels,95.14,-25,-59,-14,-1,-99,-25,-60,-28,16,-97,-196
DXC,DXC Technology,13.35,38,-17,-36,-75,-90,-4,-28,-43,-36,-111,-201
BF-B,Brown–Forman (Class B),28.24,0,-1,-114,-20,-135,7,1,-46,-30,-68,-203
ODFL,Old Dominion Freight Line,136.04,-28,-64,-37,0,-129,2,-38,-42,-3,-81,-210
RLI,RLI Corp.,59.3,-7,-102,-21,0,-130,-4,-36,-40,-2,-82,-212
CBSH,Commerce Bancshares,53.12,-110,-60,-5,13,-162,-28,-35,-4,15,-52,-214
UHAL-B,U-Haul (Series N),49.61,-12,-65,-34,0,-111,-25,-29,-48,-3,-105,-216
BAX,Baxter International,22.86,0,-79,-34,-40,-153,-1,2,-25,-43,-67,-220
DJT,Trump Media & Technology Group,16.17,10,-105,-67,0,-162,22,-36,-35,-11,-60,-222
ALGN,Align Technology,133.14,0,-63,-78,-27,-168,-12,8,-14,-40,-58,-226
CMCSA,Comcast,29.27,-30,-65,-46,-11,-152,-25,-29,-13,-10,-77,-229
OGN,Organon & Co.,6.66,-105,-9,-40,0,-154,-12,-9,-53,-6,-80,-234
BF-A,Brown–Forman (Class A),28.07,0,-37,-113,-20,-170,6,9,-53,-26,-64,-234
MKTX,MarketAxess,163.3,-15,-67,-39,-31,-152,-23,-2,-13,-46,-84,-236
COTY,Coty,4.02,-48,-7,-75,-9,-139,-19,-1,-77,-11,-108,-247
INSP,Inspire Medical Systems,77.18,-21,-115,-34,-8,-178,-24,10,-39,-19,-72,-250
FLO,Flowers Foods,12.56,-7,-52,-48,-10,-117,4,-45,-68,-25,-134,-251
UA,Under Armour (Class C),4.57,-7,-57,-39,-39,-142,-5,-59,-6,-39,-109,-251
STZ,Constellation Brands,134.18,-28,-46,-56,-5,-135,-38,-1,-72,-10,-121,-256
UAA,Under Armour (Class A),4.72,-7,-57,-39,-46,-149,-5,-59,-6,-39,-109,-258
PRGO,Perrigo,21.61,0,-59,-13,-115,-187,5,-8,-13,-57,-73,-260
LCID,Lucid Motors,18.13,-111,-5,-15,0,-131,-60,-8,-28,-37,-133,-264
WEN,Wendy's Company (The),8.73,-8,-88,-48,-10,-154,-21,-35,-43,-17,-116,-270
BRBR,BellRing Brands,31.59,-21,-122,-24,0,-167,-21,-114,-30,-1,-166,-333
MAN,ManpowerGroup,32.44,-82,-45,-57,-30,-214,-54,-37,-57,-38,-186,-400
RHI,Robert Half,29.05,-110,-192,-40,-11,-353,-2,-29,-38,-34,-103,-456
