Symbol,Name,Close,1H Cloud Score,1D Cloud Score,1W Cloud Score,1M Cloud Score,Cloud Score Sum,1H TKx Score,1D TKx Score,1W TKx Score,1M TKx Score,TKx Score Sum,Total Score Sum
TJX,TJX Companies,140.84,26,25,152,199,402,-3,29,121,194,341,743
ORLY,O'Reilly Auto Parts,106.39,56,36,167,200,459,21,42,58,90,211,670
COOP,Mr. Cooper Group,215.08,21,82,123,59,285,26,81,121,57,285,570
MSI,Motorola Solutions,478.64,49,37,5,154,245,52,47,5,186,290,535
SGI,Somnigroup International,86.37,149,82,45,65,341,26,95,14,27,162,503
AZO,AutoZone,4249.61,105,35,98,87,325,19,42,58,58,177,502
WELL,Welltower,169.37,7,79,120,59,265,5,40,137,25,207,472
GOOGL,Alphabet (Class A),234.08,77,71,12,177,337,24,45,9,22,100,437
BSX,Boston Scientific,108.15,24,14,148,145,331,26,6,14,58,104,435
GOOG,Alphabet (Class C),234.16,77,71,11,177,336,24,45,8,22,99,435
CDNS,Cadence Design Systems,360.76,9,51,21,142,223,16,-7,14,181,204,427
CASY,Casey's,522.02,9,1,117,88,215,28,-17,121,79,211,426
AM,Antero Midstream,18.1,28,4,152,24,208,80,-2,82,56,216,424
ORI,Old Republic International,40.32,6,19,151,59,235,-6,17,121,56,188,423
WM,"Waste Management, Inc.",219.13,-14,-11,99,188,262,-26,-17,31,160,148,410
JPM,JPMorgan Chase,292.99,-12,84,127,159,358,-5,9,14,27,45,403
MCD,McDonald's,312.74,-7,18,56,243,310,-9,38,2,58,89,399
RBA,RB Global,115.59,3,93,108,28,232,-9,42,111,20,164,396
LYV,Live Nation Entertainment,169.31,7,83,98,148,336,7,21,13,17,58,394
ROL,"Rollins, Inc.",57.16,1,1,35,287,324,3,-4,27,36,62,386
COST,Costco,972.14,7,0,0,181,188,22,-4,-6,185,197,385
WRB,W. R. Berkley Corporation,72.43,6,8,98,177,289,-9,21,28,56,96,385
RTX,RTX Corporation,154.21,-14,81,81,55,203,-14,87,88,15,176,379
THC,Tenet Healthcare,192.41,154,19,18,58,249,70,16,12,25,123,372
GS,Goldman Sachs,741.87,9,82,96,59,246,-5,93,14,22,124,370
ITT,ITT Inc.,173.08,9,88,20,100,217,16,95,14,27,152,369
MA,Mastercard,586.93,-14,27,130,156,299,-5,34,14,27,70,369
HUBB,Hubbell Incorporated,436.78,1,80,5,183,269,1,11,10,72,94,363
HWM,Howmet Aerospace,179.48,21,0,152,30,203,21,-19,96,58,156,359
INSM,Insmed,146.65,139,62,68,17,286,5,32,14,21,72,358
PTC,PTC Inc.,212.72,0,81,10,183,274,-1,45,11,27,82,356
HALO,Halozyme,75.85,231,29,11,20,291,5,40,5,15,65,356
RSG,Republic Services,228.08,-14,-28,128,178,264,-11,-53,-5,161,92,356
YUM,Yum! Brands,147.99,2,1,32,260,295,10,-2,-6,58,60,355
AAPL,Apple Inc.,237.92,30,49,2,252,333,-2,17,6,-1,20,353
PLTR,Palantir Technologies,156.07,0,95,120,0,215,3,-10,123,21,137,352
CHD,Church & Dwight,94.61,21,-30,-20,345,316,21,6,-18,26,35,351
FIX,Comfort Systems USA,716.22,9,85,21,65,180,2,97,14,56,169,349
VMI,Valmont Industries,379.28,16,72,66,59,213,22,92,11,11,136,349
MS,Morgan Stanley,148.78,2,82,80,65,229,-5,93,14,17,119,348
ANET,Arista Networks,140.06,49,67,11,59,186,28,63,10,57,158,344
BR,Broadridge Financial Solutions,253.42,0,35,118,146,299,9,-4,14,26,45,344
NDAQ,"Nasdaq, Inc.",95.01,3,88,80,145,316,4,-6,14,15,27,343
FERG,Ferguson Enterprises,237.64,20,84,15,66,185,21,95,14,26,156,341
GLW,Corning Inc.,72.15,77,81,23,18,199,26,88,12,15,141,340
HD,Home Depot (The),419.99,21,34,5,181,241,26,47,6,20,99,340
WMT,Walmart,102.34,23,6,131,102,262,43,-10,14,30,77,339
FAST,Fastenal,48.2,-14,104,53,107,250,-6,48,19,27,88,338
BK,BNY Mellon,104.03,-2,84,98,41,221,-5,88,14,20,117,338
NEM,Newmont,75.75,89,106,23,6,224,12,68,23,11,114,338
PFGC,Performance Food Group,105.04,35,85,57,44,221,32,11,14,58,115,336
EHC,Encompass Health,125.99,35,16,147,30,228,27,19,28,30,104,332
TOL,Toll Brothers,148.05,79,66,4,62,211,26,59,8,27,120,331
WDC,Western Digital,93.29,77,82,16,19,194,26,93,14,4,137,331
SPG,Simon Property Group,182.63,131,51,5,36,223,22,50,12,22,106,329
LOW,Lowe's,273.03,27,34,4,167,232,26,46,5,20,97,329
APH,Amphenol,110.58,11,95,23,66,195,-5,97,14,28,134,329
URI,United Rentals,970.08,22,82,11,65,180,26,53,12,58,149,329
PHM,PulteGroup,141.4,77,55,5,66,203,26,59,10,30,125,328
NRG,NRG Energy,147.8,3,-5,107,95,200,4,-15,117,22,128,328
DDS,Dillard's,578.98,78,64,18,55,215,26,18,11,56,111,326
KRC,Kilroy Realty,42.71,127,72,10,0,209,19,75,10,12,116,325
HEI,HEICO (Common),317.36,0,0,29,190,219,26,1,20,58,105,324
AWI,Armstrong World Industries,196.83,16,89,98,22,225,16,48,14,20,98,323
SNX,TD Synnex,150.44,12,82,19,64,177,23,88,12,22,145,322
ATO,Atmos Energy,163.9,-7,22,78,46,139,10,38,89,46,183,322
LOPE,Grand Canyon Education,205.45,27,22,151,36,236,-9,21,38,35,85,321
RL,Ralph Lauren Corporation,308.86,53,84,98,35,270,-5,13,14,27,49,319
STE,Steris,248.39,6,21,18,196,241,12,14,26,26,78,319
PODD,Insulet,349.75,151,19,49,5,224,56,14,18,7,95,319
AME,Ametek,188.67,19,27,8,107,161,15,27,14,102,158,319
FYBR,Frontier Communications,37.31,56,20,93,0,169,17,19,98,15,149,318
AVGO,Broadcom,345.81,22,85,23,117,247,24,2,14,31,71,318
MEDP,Medpace,492.61,71,56,8,33,168,69,66,8,3,146,314
NFLX,Netflix,1244.46,22,0,120,21,163,26,13,91,21,151,314
TIGO,Millicom,46.71,-8,162,81,3,238,-17,47,28,17,75,313
MPWR,Monolithic Power Systems,863.09,13,82,7,158,260,16,26,14,-3,53,313
ACM,AECOM,126.9,17,88,20,66,191,17,17,14,73,121,312
ITW,Illinois Tool Works,266.73,1,53,6,179,239,14,17,11,30,72,311
LITE,Lumentum,149.36,70,80,18,4,172,26,88,12,11,137,309
SPOT,Spotify,718.51,13,3,116,13,145,26,17,99,21,163,308
SPGI,S&P Global,545.75,0,82,20,173,275,4,-5,12,22,33,308
EBAY,eBay,93.04,0,91,81,15,187,19,-2,86,17,120,307
DHI,D. R. Horton,184.05,77,55,5,66,203,40,59,8,-3,104,307
HR,Healthcare Realty Trust,18.21,84,50,6,1,141,94,56,6,10,166,307
SHW,Sherwin-Williams,375.37,14,25,5,191,235,19,17,14,20,70,305
V,Visa Inc.,342.38,-13,-2,141,134,260,-7,11,14,27,45,305
CRS,Carpenter Technology Corporation,251.94,14,-11,150,36,189,17,-27,75,50,115,304
WCC,Wesco International,217.94,-7,81,11,59,144,-5,95,12,58,160,304
CBRE,CBRE Group,163.58,13,66,96,23,198,16,62,12,15,105,303
IBM,IBM,256.11,22,-27,113,55,163,21,1,60,57,139,302
ETR,Entergy,86.81,-48,40,80,138,210,-12,-5,93,15,91,301
ALL,Allstate,200.27,-13,27,101,160,275,-5,-2,15,18,26,301
PANW,Palo Alto Networks,197.43,112,2,3,82,199,26,3,14,58,101,300
RPM,RPM International,128.09,14,33,4,181,232,15,42,11,-1,67,299
MLI,Mueller Industries,97.35,20,54,11,59,144,23,47,12,72,154,298
L,Loews Corporation,96.03,-7,82,116,56,247,-5,17,14,25,51,298
FTI,TechnipFMC,39.28,80,82,21,28,211,31,4,14,38,87,298
APP,AppLovin,547.14,71,27,109,0,207,26,35,10,19,90,297
MCO,Moody's Corporation,507.62,1,82,20,157,260,4,-5,12,26,37,297
SSNC,SS&C Technologies,88.87,5,58,94,15,172,15,83,11,16,125,297
TMUS,T-Mobile US,242.97,-9,21,98,140,250,-16,34,-12,36,42,292
RBC,RBC Bearings,381.65,-42,0,97,165,220,-2,-5,18,58,69,289
AMG,Affiliated Managers Group,231.38,77,88,15,23,203,-5,59,14,18,86,289
AFG,American Financial Group,137.66,161,23,5,57,246,-5,23,8,15,41,287
TRV,Travelers Companies (The),274.48,6,18,95,59,178,-5,29,28,57,109,287
PGR,Progressive Corporation,245.95,0,-62,0,178,116,-10,-2,-7,190,171,287
RCL,Royal Caribbean Group,350.94,0,82,125,29,236,-5,10,14,28,47,283
CNM,Core & Main,66.57,16,84,23,0,123,25,95,14,25,159,282
J,Jacobs Solutions,144.74,-49,80,10,107,148,8,95,11,20,134,282
HCA,HCA Healthcare,418.14,35,21,7,98,161,47,21,20,30,118,279
AU,AngloGold Ashanti,62.21,63,26,80,19,188,12,35,28,15,90,278
NVR,"NVR, Inc.",8549.74,37,51,2,66,156,37,47,7,30,121,277
SSD,Simpson Manufacturing Company,195.76,14,34,5,157,210,12,47,10,-2,67,277
SNPS,Synopsys,609.23,7,69,11,181,268,12,-11,12,-6,7,275
AXS,AXIS Capital,98.09,-13,0,90,46,123,-5,17,86,54,152,275
COR,Cencora,297.76,2,5,48,76,131,1,14,59,69,143,274
ADI,Analog Devices,248.99,0,13,15,180,208,11,13,14,27,65,273
HEI-A,HEICO (Class A),251.17,0,0,30,183,213,3,5,21,31,60,273
TTWO,Take-Two Interactive,248.8,50,5,49,14,118,72,12,49,21,154,272
RITM,Rithm Capital,12.5,21,82,21,33,157,23,49,14,27,113,270
BYD,Boyd Gaming,86.31,9,82,52,60,203,15,10,14,28,67,270
GD,General Dynamics,322.91,0,104,12,55,171,-33,59,14,58,98,269
DRI,Darden Restaurants,210.86,22,0,48,62,132,42,11,52,31,136,268
AON,AON,370.03,0,25,0,178,203,-9,16,1,57,65,268
MNST,Monster Beverage,63.03,1,21,30,181,233,-11,17,23,5,34,267
BXP,"BXP, Inc.",75.81,113,8,2,1,124,121,9,14,-1,143,267
HIG,Hartford (The),130.65,-13,24,98,58,167,-10,28,25,57,100,267
ORCL,Oracle Corporation,238.52,9,0,15,199,223,14,-13,14,28,43,266
RJF,Raymond James Financial,165.75,0,81,96,59,236,-6,4,11,20,29,265
LECO,Lincoln Electric,243.23,0,81,11,66,158,15,88,12,-8,107,265
GE,GE Aerospace,276.08,48,93,23,28,192,4,4,34,30,72,264
GRMN,Garmin,239.58,6,55,116,20,197,19,16,10,22,67,264
R,Ryder,188.3,9,67,14,57,147,-5,53,11,57,116,263
TKO,TKO Group Holdings,200.6,32,20,75,41,168,16,13,14,51,94,262
WPC,W. P. Carey,67.37,17,79,33,3,132,21,71,30,6,128,260
AYI,Acuity Brands,337.56,21,58,8,28,115,27,87,10,21,145,260
KLAC,KLA Corporation,909.26,14,1,18,178,211,15,-8,14,27,48,259
FTAI,FTAI Aviation,166.45,84,28,7,48,167,16,28,10,32,86,253
PH,Parker Hannifin,760.65,9,83,21,66,179,14,14,14,31,73,252
UI,Ubiquiti,583.7,77,11,56,11,155,26,46,14,11,97,252
DUK,Duke Energy,120.2,-49,38,80,184,253,-42,-2,26,17,-1,252
LIN,Linde plc,474.78,-41,25,17,111,112,1,17,14,107,139,251
CAT,Caterpillar Inc.,422.94,0,81,12,65,158,16,6,12,58,92,250
PG,Procter & Gamble,159.03,21,0,-10,180,191,36,14,-18,27,59,250
TPR,"Tapestry, Inc.",104.86,42,82,84,22,230,-3,-9,12,20,20,250
PNR,Pentair,110.68,17,82,13,63,175,18,19,12,25,74,249
CVNA,Carvana,372.31,8,94,96,12,210,4,2,14,17,37,247
FFIV,"F5, Inc.",320.7,9,81,98,15,203,16,-5,14,18,43,246
GILD,Gilead Sciences,115.88,7,76,55,36,174,24,-4,12,40,72,246
CSL,Carlisle Companies,392.61,15,1,0,179,195,12,4,14,21,51,246
BOKF,BOK Financial Corporation,112.81,133,51,4,23,211,-5,17,8,15,35,246
BX,Blackstone Inc.,173.35,9,53,8,143,213,14,-13,9,22,32,245
ALLE,Allegion,173.1,14,94,13,22,143,15,50,14,23,102,245
COF,Capital One,220.04,0,88,98,22,208,-5,8,14,19,36,244
T,AT&T,28.92,-2,22,74,17,111,-5,24,98,16,133,244
C,Citigroup,95.9,4,82,23,19,128,-5,92,14,15,116,244
SF,Stifel,112.86,-14,72,12,60,130,-5,87,11,21,114,244
AL,Air Lease Corporation,63.69,142,12,21,23,198,-10,15,14,27,46,244
EME,Emcor,621.25,9,82,21,59,171,2,1,12,58,73,244
FICO,Fair Isaac,1540.49,80,-44,-10,167,193,45,6,-32,32,51,244
ALNY,Alnylam Pharmaceuticals,454.95,0,81,21,16,118,7,89,14,16,126,244
AGNC,AGNC Investment,10.35,26,67,15,17,125,24,65,12,18,119,244
OHI,Omega Healthcare Investors,43.36,42,41,10,41,134,35,33,9,32,109,243
NLY,Annaly Capital Management,22.16,30,64,22,11,127,37,50,12,17,116,243
NEU,NewMarket,829.57,7,104,23,30,164,6,18,26,28,78,242
INTU,Intuit,671.74,4,-13,21,192,204,20,-19,14,21,36,240
SYK,Stryker Corporation,393.36,9,0,21,160,190,1,5,12,30,48,238
CW,Curtiss-Wright,484.23,9,90,23,55,177,5,-9,14,50,60,237
AN,AutoNation,227.18,21,19,21,62,123,26,15,14,58,113,236
NVT,Nvent Electric,92.53,11,82,12,13,118,17,95,12,-6,118,236
OLLI,Ollie's Bargain Outlet,132.23,0,0,119,17,136,19,-11,67,24,99,235
SO,Southern Company,90.86,-66,0,80,191,205,-70,-7,27,80,30,235
AXON,Axon Enterprise,740.62,-42,-5,149,95,197,4,-12,14,31,37,234
DTE,DTE Energy,134.69,-70,0,78,190,198,-5,-4,31,14,36,234
JEF,Jefferies Financial Group,64.17,1,58,0,59,118,-5,58,5,58,116,234
DGX,Quest Diagnostics,182.64,1,21,72,19,113,15,19,72,15,121,234
HOOD,Robinhood Markets,117.25,7,84,85,0,176,22,1,14,19,56,232
BKNG,Booking Holdings,5568.17,0,0,140,36,176,2,11,14,27,54,230
CMI,Cummins,397.19,0,54,9,66,129,14,45,10,31,100,229
GGG,Graco Inc.,85.92,0,1,4,179,184,16,16,14,-1,45,229
LHX,L3Harris,273.94,-28,104,16,6,98,2,97,16,15,130,228
SYY,Sysco,81.58,41,69,11,4,125,-5,82,11,15,103,228
EVR,Evercore,322.73,8,81,11,59,159,13,17,12,27,69,228
HLI,Houlihan Lokey,198.46,7,84,21,45,157,13,17,14,27,71,228
MLM,Martin Marietta Materials,627.48,19,37,10,61,127,16,42,14,28,100,227
BRK-B,Berkshire Hathaway,493.82,-2,8,128,63,197,-5,16,-9,27,29,226
THG,Hanover Insurance,177.79,35,21,65,25,146,-5,13,57,15,80,226
FWONA,Liberty Formula 1 (Series A),92.1,7,0,73,63,143,4,9,13,57,83,226
DCI,Donaldson Company,81.24,15,34,6,66,121,19,41,14,31,105,226
RGLD,Royal Gold,186.46,84,12,65,19,180,12,20,-3,17,46,226
CIEN,Ciena,119.07,63,82,13,13,171,21,4,12,17,54,225
NWS,News Corp (Class B),33.98,1,0,116,59,176,14,-4,14,22,46,222
STT,State Street Corporation,111.39,-13,84,21,17,109,-4,89,13,15,113,222
LLY,Lilly (Eli),738.8,3,-29,-7,173,140,-8,4,-11,97,82,222
PAG,Penske Automotive Group,187.78,9,24,19,63,115,16,18,14,58,106,221
MAS,Masco,75.79,14,48,1,66,129,17,48,5,22,92,221
EVRG,Evergy,70.8,-7,63,62,15,133,-3,-1,81,11,88,221
LLYVA,Liberty Live (Series A),97.27,8,95,34,0,137,12,56,14,1,83,220
ABBV,AbbVie,209.79,0,34,20,59,113,-5,41,6,65,107,220
HLT,Hilton Worldwide,277.8,7,82,20,65,174,-5,12,12,27,46,220
SEB,Seaboard Corporation,3953.1,84,56,9,2,151,-12,68,12,1,69,220
CG,Carlyle Group (The),64.14,4,73,12,22,111,-5,84,11,19,109,220
VMC,Vulcan Materials,298.87,17,34,10,61,122,14,42,14,28,98,220
FWONK,Liberty Formula 1 (Series C),101.84,3,0,74,58,135,4,9,14,57,84,219
DASH,DoorDash,250.6,10,81,101,0,192,7,-13,14,19,27,219
AJG,Arthur J. Gallagher & Co.,299.22,-14,-52,0,187,121,-14,10,-6,108,98,219
HPE,Hewlett Packard Enterprise,23.51,13,78,5,43,139,-2,15,11,55,79,218
RS,"Reliance, Inc.",297.96,15,-26,4,116,109,14,3,14,78,109,218
FOXA,Fox Corporation (Class A),62.48,43,18,72,2,135,42,14,12,15,83,218
UAL,United Airlines Holdings,107.79,77,55,5,12,149,25,19,8,17,69,218
AAON,AAON,80.88,-37,0,-17,246,192,12,11,-29,32,26,218
USFD,US Foods,78.3,8,-6,147,36,185,14,-22,14,27,33,218
CINF,Cincinnati Financial,153.5,0,25,89,63,177,-5,16,14,16,41,218
OMF,OneMain Financial,61.14,1,82,21,61,165,-5,17,14,27,53,218
BPOP,"Popular, Inc.",125.47,1,89,21,60,171,-5,17,14,20,46,217
ULTA,Ulta Beauty,519.81,12,92,16,5,125,-9,95,16,-10,92,217
OSK,Oshkosh Corporation,139.1,0,81,15,5,101,14,86,12,3,115,216
FLEX,Flex Ltd.,55.84,22,11,22,59,114,26,4,14,58,102,216
TLN,Talen Energy,383.46,9,94,43,0,146,23,29,15,3,70,216
CRH,CRH plc,112.02,1,36,11,65,113,22,45,8,28,103,216
TT,Trane Technologies,415.19,0,-8,20,165,177,15,-21,14,30,38,215
LLYVK,Liberty Live (Series C),100.31,7,88,34,0,129,13,58,14,1,86,215
BLD,TopBuild,434.25,19,56,6,47,128,21,59,10,-4,86,214
TDY,Teledyne Technologies,546.7,22,81,56,15,174,23,-13,14,16,40,214
NTAP,Netapp,121.18,77,25,2,58,162,26,17,11,-2,52,214
TER,Teradyne,118.89,77,53,0,3,133,-3,83,7,-6,81,214
VIK,Viking Holdings,63.73,7,82,0,0,89,14,97,14,0,125,214
KIM,Kimco Realty,22.55,99,19,3,56,177,-2,11,12,15,36,213
VNT,Vontier,43.38,9,82,9,0,100,16,89,12,-6,111,211
PSTG,Pure Storage,79.5,69,12,3,43,127,12,4,10,58,84,211
NXST,Nexstar Media Group,208.82,19,81,13,5,118,23,48,11,11,93,211
CME,CME Group,262.53,-20,-16,58,137,159,-12,-11,54,20,51,210
PRI,Primerica,275.05,22,4,0,109,135,21,11,12,31,75,210
CAH,Cardinal Health,150.32,1,-12,59,39,87,11,1,52,58,122,209
FOX,Fox Corporation (Class B),56.81,41,18,71,2,132,42,14,11,10,77,209
CXT,Crane NXT,61.62,2,72,2,56,132,-4,13,10,57,76,208
FIVE,Five Below,151.31,106,84,4,0,194,-1,15,15,-16,13,207
MTG,MGIC Investment Corporation,28.41,24,19,23,56,122,23,19,14,29,85,207
VRSN,Verisign,282.98,56,-19,40,10,87,53,3,56,8,120,207
MO,Altria,65.79,-12,35,74,46,143,-12,28,30,17,63,206
GWRE,Guidewire Software,261.97,18,2,114,22,156,12,2,14,21,49,205
THO,Thor Industries,112.01,20,66,5,3,94,20,88,10,-7,111,205
LFUS,Littelfuse,262.35,9,82,7,3,101,14,87,12,-9,104,205
WSO,Watsco,409.0,9,-26,-7,197,173,16,-24,-32,72,32,205
ETN,Eaton Corporation,349.6,1,-5,12,115,123,14,-18,12,73,81,204
WEC,WEC Energy Group,107.38,0,38,59,14,111,19,-10,72,12,93,204
META,Meta Platforms,752.19,18,82,21,30,151,21,-5,12,24,52,203
LRCX,Lam Research,105.1,10,4,13,153,180,16,-1,14,-6,23,203
LEN,Lennar (Class A),142.41,26,38,0,65,129,26,47,5,-4,74,203
LEN-B,Lennar (Class B),136.52,28,34,0,63,125,26,48,5,-2,77,202
OZK,Bank OZK,52.54,4,82,21,57,164,-5,10,12,20,37,201
COKE,Coca-Cola Consolidated,122.55,21,11,0,86,118,44,6,-20,53,83,201
WSM,"Williams-Sonoma, Inc.",202.64,20,48,12,66,146,24,2,6,22,54,200
NET,Cloudflare,217.92,20,82,43,0,145,16,4,14,20,54,199
CELH,Celsius Holdings,55.63,-16,121,0,66,171,-14,30,22,-10,28,199
JLL,Jones Lang LaSalle,311.89,17,56,8,15,96,19,61,8,15,103,199
MSFT,Microsoft,498.25,-14,-1,20,174,179,-5,-15,14,26,20,199
BWXT,BWX Technologies,163.77,9,80,17,36,142,16,-6,14,32,56,198
AIZ,Assurant,211.8,-15,23,5,153,166,-13,19,6,20,32,198
DKS,Dick's Sporting Goods,223.84,9,48,1,64,122,19,19,4,34,76,198
BKR,Baker Hughes,45.66,83,36,8,36,163,-5,5,8,27,35,198
UTHR,United Therapeutics,394.63,35,18,2,58,113,4,18,2,60,84,197
CBOE,Cboe Global Markets,234.4,-63,0,148,56,141,-14,-8,26,52,56,197
NI,NiSource,40.24,-33,-1,78,46,90,2,-3,93,15,107,197
CNP,Centerpoint Energy,37.21,-6,36,53,46,129,10,-6,47,16,67,196
DE,Deere & Company,481.63,0,-12,53,110,151,8,-25,49,11,43,194
PWR,Quanta Services,375.64,0,0,21,100,121,4,-18,14,73,73,194
DRS,Leonardo DRS,41.06,-19,-14,143,59,169,-21,1,14,30,24,193
TSCO,Tractor Supply Company,60.09,-29,48,11,86,116,-33,16,8,86,77,193
SNDK,SanDisk,70.48,78,15,0,0,93,77,17,6,0,100,193
EXPD,Expeditors International,121.77,9,27,5,132,173,-5,18,10,-4,19,192
GTES,Gates Corporation,25.55,10,82,21,16,129,19,11,14,19,63,192
VLO,Valero Energy,157.37,113,11,4,45,173,2,10,13,-6,19,192
BWA,BorgWarner,44.44,21,84,12,3,120,26,48,14,-17,71,191
MMC,Marsh McLennan,203.47,-65,-63,-7,176,41,-13,-1,-15,179,150,191
SOFI,SoFi,25.98,9,74,50,0,133,16,18,12,12,58,191
W,Wayfair,87.07,35,82,8,-42,83,46,88,14,-41,107,190
IBKR,Interactive Brokers,61.12,-14,0,93,58,137,-11,-9,14,58,52,189
KR,Kroger,68.02,0,-8,83,68,143,-14,-11,54,16,45,188
ROIV,Roivant Sciences,12.91,58,19,5,0,82,55,35,14,1,105,187
LDOS,Leidos,178.35,-28,94,6,24,96,2,51,17,20,90,186
ZG,Zillow (Class A),86.54,14,55,58,0,127,19,11,7,21,58,185
UNP,Union Pacific Corporation,217.23,-14,-10,-9,199,166,-6,-2,7,20,19,185
AIT,Applied Industrial Technologies,266.23,9,51,11,59,130,-5,-8,10,58,55,185
SRE,Sempra,79.41,-21,37,4,182,202,-25,-2,12,-2,-17,185
FNB,FNB Corporation,16.5,1,82,5,56,144,-5,12,13,20,40,184
ADT,ADT Inc.,8.62,-3,102,35,0,134,-5,17,29,9,50,184
HOG,Harley-Davidson,31.03,126,19,0,-10,135,36,16,9,-12,49,184
SKX,Skechers,63.25,59,8,-28,56,95,43,7,11,27,88,183
ZM,Zoom Communications,85.08,110,8,4,-1,121,43,10,4,5,62,183
U,Unity Technologies,45.48,16,71,10,0,97,26,45,14,1,86,183
JHG,Janus Henderson,44.53,9,67,10,20,106,-5,51,11,19,76,182
KO,Coca-Cola Company (The),67.45,-20,-11,32,183,184,-11,-4,-2,15,-2,182
CTAS,Cintas,202.88,-115,-16,23,168,60,-72,-11,17,188,122,182
SPR,Spirit AeroSystems,41.07,0,96,22,0,118,1,14,34,15,64,182
AEE,Ameren,99.99,0,38,60,14,112,-2,-4,65,11,70,182
JBL,Jabil,209.17,14,0,23,66,103,21,-16,15,58,78,181
CPRT,Copart,48.76,1,0,-17,177,161,2,16,-27,29,20,181
IVZ,Invesco,22.0,9,58,11,3,81,21,54,11,14,100,181
ARES,Ares Management,176.2,-7,0,21,60,74,-5,-9,14,107,107,181
ICE,Intercontinental Exchange,173.96,-64,-6,116,162,208,-63,-12,26,22,-27,181
BRX,Brixmor Property Group,27.8,0,64,4,56,124,-3,17,14,27,55,179
DOCS,Doximity,69.52,15,52,58,0,125,20,17,4,13,54,179
LNG,Cheniere Energy,233.38,-15,12,64,59,120,-35,23,14,57,59,179
PPL,PPL Corporation,35.66,-66,40,80,24,78,-5,-1,92,15,101,179
EXPE,Expedia Group,217.2,9,55,53,12,129,2,21,10,15,48,177
FRT,Federal Realty Investment Trust,101.71,125,14,-1,2,140,19,14,5,-2,36,176
STWD,Starwood Property Trust,20.51,22,4,22,59,107,21,12,14,22,69,176
LMT,Lockheed Martin,459.2,19,8,-33,166,160,16,10,-8,-3,15,175
WMB,Williams Companies,56.86,-14,-24,116,53,131,-12,-16,14,58,44,175
LPX,Louisiana-Pacific,99.29,15,29,0,64,108,17,19,4,27,67,175
MCK,McKesson Corporation,697.05,2,-11,46,59,96,1,10,-1,68,78,174
IONS,Ionis Pharmaceuticals,60.98,35,85,5,1,126,35,10,14,-11,48,174
IDXX,Idexx Laboratories,652.74,13,89,18,5,125,14,29,14,-9,48,173
AXP,American Express,325.43,0,11,21,100,132,-5,11,12,22,40,172
ALAB,Astera Labs,216.01,20,80,1,0,101,19,42,9,0,70,171
GAP,Gap Inc.,24.15,90,0,1,19,110,33,14,-7,20,60,170
CCL,Carnival Corporation & plc,31.57,7,81,21,2,111,16,11,12,20,59,170
LH,Labcorp,277.21,1,32,59,16,108,12,19,12,19,62,170
VICI,Vici Properties,33.31,-7,13,62,16,84,-6,5,27,58,84,168
SYF,Synchrony Financial,75.18,0,82,21,22,125,-5,17,12,19,43,168
NFG,National Fuel Gas,85.37,-26,0,64,53,91,-7,-2,75,11,77,168
APPF,AppFolio,286.69,20,67,9,29,125,18,-13,9,29,43,168
APG,APi Group,35.19,0,89,22,0,111,2,14,14,27,57,168
XEL,Xcel Energy,71.76,-7,38,55,13,99,-12,7,63,10,68,167
ESI,Element Solutions,26.28,14,54,1,58,127,12,18,11,-2,39,166
EXEL,Exelixis,37.68,3,-29,68,15,57,21,4,59,25,109,166
PEN,"Penumbra, Inc.",285.87,77,7,36,12,132,19,20,-10,4,33,165
VTR,"Ventas, Inc.",68.08,0,38,76,23,137,5,-2,8,16,27,164
RMD,Resmed,279.58,0,88,21,14,123,16,-2,13,14,41,164
GM,General Motors,58.23,2,64,11,12,89,-7,56,11,14,74,163
FHN,First Horizon Corporation,22.27,-10,82,56,5,133,-5,11,12,11,29,162
IDA,Idacorp,123.45,-6,51,60,19,124,-2,-1,30,11,38,162
ROST,Ross Stores,151.58,35,25,4,36,100,-5,34,3,30,62,162
FCX,Freeport-McMoRan,46.68,77,5,2,59,143,1,10,14,-7,18,161
SEIC,SEI Investments Company,87.42,-14,-2,96,36,116,-5,9,14,27,45,161
CMA,Comerica,68.68,-11,56,11,5,61,-13,87,11,13,98,159
JCI,Johnson Controls,107.17,7,0,79,20,106,16,4,14,19,53,159
WTW,Willis Towers Watson,332.35,1,27,12,25,65,19,41,4,30,94,159
SCCO,Southern Copper,103.39,34,4,2,63,103,26,17,14,-3,54,157
ADP,Automatic Data Processing,296.54,-64,-5,1,181,113,-11,-18,14,58,43,156
RF,Regions Financial Corporation,27.05,1,81,11,23,116,-5,18,12,15,40,156
DTM,DT Midstream,104.51,12,0,107,0,119,4,-8,14,26,36,155
EQH,Equitable Holdings,53.23,1,3,96,12,112,-5,14,14,20,43,155
SNA,Snap-on,326.99,0,3,0,60,63,16,11,7,58,92,155
MSA,MSA Safety,170.4,0,0,0,165,165,-5,-15,14,-6,-12,153
FLS,Flowserve,55.65,16,53,2,28,99,17,2,7,26,52,151
ALK,Alaska Air Group,63.72,77,48,2,3,130,-10,19,2,10,21,151
RBLX,Roblox Corporation,128.4,70,0,57,0,127,-9,1,20,12,24,151
HST,Host Hotels & Resorts,17.39,118,14,2,3,137,-3,11,12,-7,13,150
TPG,TPG Inc.,59.03,0,65,6,0,71,-5,56,8,20,79,150
CLH,Clean Harbors,238.22,-14,34,5,59,84,-5,-1,14,58,66,150
ADM,Archer Daniels Midland,61.9,-5,83,6,0,84,13,59,14,-21,65,149
EXP,Eagle Materials,237.45,14,33,-19,58,86,15,45,4,-1,63,149
LAZ,Lazard,56.16,1,65,6,21,93,14,17,11,14,56,149
HIW,Highwoods Properties,31.91,77,8,4,7,96,14,11,14,14,53,149
NVDA,Nvidia,168.37,-42,0,18,135,111,4,-8,14,27,37,148
HAYW,Hayward Holdings,16.22,1,53,6,0,60,14,45,12,17,88,148
PCAR,Paccar,98.26,-35,3,-26,160,102,12,-2,1,35,46,148
WAL,Western Alliance Bancorporation,89.33,77,19,4,5,105,-5,17,11,19,42,147
PM,Philip Morris International,162.74,-65,-11,74,56,54,-22,-2,89,28,93,147
WBS,Webster Bank,62.08,1,82,12,15,110,-5,11,12,18,36,146
MPC,Marathon Petroleum,181.19,90,8,3,50,151,-19,8,14,-9,-6,145
LPLA,LPL Financial,340.47,-14,-7,49,100,128,-37,-18,14,58,17,145
CVX,Chevron Corporation,154.07,-14,44,11,49,90,-22,65,5,7,55,145
MDT,Medtronic,92.99,1,49,15,2,67,-7,63,7,14,77,144
Z,Zillow (Class C),89.9,14,55,15,0,84,19,11,8,21,59,143
SLM,Sallie Mae,30.42,-7,-16,94,23,94,-5,-16,48,22,49,143
WTFC,Wintrust Financial,138.8,22,19,13,50,104,-5,11,12,20,38,142
UNM,Unum,73.68,30,-28,2,41,45,26,2,14,55,97,142
GL,Globe Life,140.38,1,34,49,15,99,-7,33,8,9,43,142
HHH,Howard Hughes Holdings,78.98,77,22,2,0,101,22,17,3,-1,41,142
ELF,e.l.f. Beauty,138.01,56,8,0,32,96,26,13,12,-6,45,141
RKT,Rocket Companies,20.49,21,38,8,0,67,24,35,13,2,74,141
TNL,Travel + Leisure Co.,63.02,1,72,13,17,103,-5,17,11,15,38,141
EWBC,East West Bancorp,109.65,22,11,13,23,69,26,11,13,20,70,139
H,Hyatt Hotels,145.48,9,4,1,56,70,-4,7,10,56,69,139
DOV,Dover Corporation,178.04,0,-7,-7,107,93,14,2,10,20,46,139
AFL,Aflac,106.33,0,18,5,59,82,-5,17,-12,56,56,138
MSM,MSC Industrial Direct,92.9,20,11,11,59,101,20,13,14,-10,37,138
NTRS,Northern Trust,127.43,-14,82,20,12,100,-14,24,14,14,38,138
FAF,First American Financial Corporation,68.16,17,31,6,15,69,20,28,1,19,68,137
PKG,Packaging Corporation of America,215.93,3,12,2,62,79,12,12,7,27,58,137
GLPI,Gaming and Leisure Properties,47.94,1,11,4,66,82,-3,11,-12,58,54,136
MMM,3M,153.98,0,3,78,15,96,-5,16,14,15,40,136
MHK,Mohawk Industries,139.48,21,44,2,0,67,17,48,6,-2,69,136
FNF,Fidelity National Financial,60.48,17,19,6,59,101,-4,31,-15,22,34,135
ABT,Abbott Laboratories,132.23,1,11,60,14,86,19,23,-8,15,49,135
AMZN,Amazon,235.86,21,4,21,22,68,21,14,11,21,67,135
BLDR,Builders FirstSource,147.93,18,48,-32,66,100,17,18,4,-4,35,135
REG,Regency Centers,73.09,24,14,9,54,101,-3,3,14,20,34,135
ELAN,Elanco,19.06,9,85,6,0,100,10,17,13,-7,33,133
KEY,Keycorp,19.18,2,82,12,5,101,-5,11,12,14,32,133
INFA,Informatica,24.77,-21,73,0,0,52,-19,95,12,-8,80,132
HPQ,HP Inc.,29.37,77,19,-29,2,69,45,17,3,-2,63,132
JNJ,Johnson & Johnson,178.16,1,48,12,8,69,1,46,9,7,63,132
SCI,Service Corporation International,78.96,0,0,0,176,176,-70,-1,12,14,-45,131
LNC,Lincoln Financial,41.7,-7,51,22,2,68,-9,51,12,9,63,131
AMAT,Applied Materials,162.06,9,-16,-5,150,138,14,-27,12,-6,-7,131
STAG,STAG Industrial,36.63,1,11,4,97,113,-5,14,14,-5,18,131
AFRM,Affirm Holdings,85.88,-1,64,16,0,79,-4,25,12,18,51,130
NWSA,News Corp (Class A),29.95,6,1,13,59,79,17,-2,14,22,51,130
VNO,Vornado Realty Trust,40.67,45,4,2,5,56,42,4,12,16,74,130
VIRT,Virtu Financial,38.49,-20,-6,80,15,69,-11,-18,75,15,61,130
CACI,CACI,473.32,-50,0,6,155,111,6,-3,18,-2,19,130
LVS,Las Vegas Sands,53.75,-20,82,10,3,75,-30,88,11,-15,54,129
HAS,Hasbro,79.36,-14,82,18,4,90,-5,18,14,12,39,129
FSLR,First Solar,203.08,14,47,0,63,124,-5,2,14,-7,4,128
ADSK,Autodesk,326.79,49,6,3,15,73,15,6,14,20,55,128
SITE,SiteOne Landscape Supply,151.98,21,49,2,-10,62,20,48,7,-9,66,128
EMR,Emerson Electric,132.73,9,0,20,65,94,13,-20,14,27,34,128
XPO,"XPO, Inc.",132.71,2,1,2,62,67,12,10,11,28,61,128
RDDT,Reddit,230.03,21,57,1,0,79,17,26,6,0,49,128
PNC,PNC Financial Services,203.86,0,72,6,15,93,-5,13,11,15,34,127
LAMR,Lamar Advertising,128.26,6,11,5,65,87,-5,11,12,22,40,127
CFG,Citizens Financial Group,51.72,1,70,12,5,88,-5,17,11,15,38,126
ROP,Roper Technologies,523.6,0,-26,-6,183,151,-5,-43,-5,27,-26,125
FITB,Fifth Third Bancorp,45.51,1,58,4,23,86,-5,15,11,17,38,124
ATI,ATI Inc.,77.56,1,-13,20,44,52,4,1,14,53,72,124
FE,FirstEnergy,43.33,-35,35,10,56,66,-7,36,14,15,58,124
CB,Chubb Limited,277.51,2,0,6,59,67,-7,14,-8,57,56,123
F,Ford Motor Company,11.68,0,96,6,0,102,-5,16,14,-6,19,121
KKR,KKR & Co. Inc.,138.67,0,0,1,104,105,2,-18,10,22,16,121
INCY,Incyte,86.56,6,68,7,1,82,-12,32,10,8,38,120
NOW,ServiceNow,940.28,10,-22,0,83,71,12,1,12,23,48,119
MTCH,Match Group,38.78,20,66,8,-38,56,19,74,9,-39,63,119
GNTX,Gentex,28.73,14,47,0,2,63,12,45,8,-9,56,119
TRMB,Trimble Inc.,81.3,6,0,83,5,94,13,-14,12,13,24,118
WFC,Wells Fargo,79.16,-14,0,96,30,112,-35,6,14,20,5,117
SSB,SouthState Corporation,102.2,1,53,4,23,81,-3,11,8,20,36,117
NSC,Norfolk Southern,275.64,-5,81,15,5,96,-6,-2,14,15,21,117
BC,Brunswick Corporation,66.82,19,66,0,0,85,23,11,8,-10,32,117
BURL,Burlington Stores,290.36,-2,45,5,4,52,-5,44,7,18,64,116
PPC,Pilgrim's Pride,44.56,0,-2,90,22,110,4,-9,-8,19,6,116
CORT,Corcept Therapeutics,71.26,3,0,68,20,91,-16,17,-15,39,25,116
GXO,GXO Logistics,52.27,0,82,5,0,87,10,14,13,-9,28,115
EXLS,EXL Service,44.19,18,-1,0,66,83,12,2,3,14,31,114
PLNT,Planet Fitness,104.24,0,-5,67,14,76,11,-2,14,15,38,114
VLTO,Veralto,106.91,0,82,6,0,88,15,-2,13,0,26,114
STLD,Steel Dynamics,134.58,14,2,4,56,76,14,10,14,-1,37,113
KNSL,Kinsale Capital Group,452.13,-5,-11,0,34,18,-6,4,11,86,95,113
MRP,Millrose Properties,34.27,-7,71,0,0,64,-7,49,7,0,49,113
O,Realty Income,59.12,1,26,14,8,49,19,16,14,14,63,112
DAL,Delta Air Lines,61.79,0,54,5,20,79,-19,19,6,27,33,112
BA,Boeing,230.97,-14,95,12,0,93,1,15,14,-12,18,111
AOS,A. O. Smith,73.96,15,4,0,59,78,19,6,14,-6,33,111
TSLA,"Tesla, Inc.",346.4,14,21,2,11,48,16,27,8,11,62,110
XYL,Xylem Inc.,140.04,-40,82,12,23,77,-5,-1,14,23,31,108
HII,Huntington Ingalls Industries,269.97,-7,121,12,7,133,-37,1,20,-10,-26,107
EQT,EQT Corporation,50.78,-14,-26,45,43,48,2,1,45,11,59,107
GWW,W. W. Grainger,998.41,-14,-26,-7,95,48,-5,10,-5,58,58,106
PINS,Pinterest,37.97,63,7,3,0,73,26,2,10,-6,32,105
ZION,Zions Bancorporation,57.03,0,64,4,5,73,-5,10,11,16,32,105
MAR,Marriott International,268.08,1,0,0,59,60,-5,10,11,28,44,104
TFC,Truist Financial,46.02,0,56,5,5,66,-5,17,11,15,38,104
OC,Owens Corning,155.16,14,24,-28,59,69,16,17,3,-1,35,104
DD,DuPont,77.73,6,53,-7,20,72,14,11,11,-4,32,104
TXT,Textron,82.73,15,1,0,54,70,19,6,14,-6,33,103
NNN,NNN Reit,43.01,15,4,4,23,46,21,5,14,15,55,101
WAB,Wabtec,190.9,-7,-18,4,50,29,-5,6,14,57,72,101
VVV,Valvoline,39.99,7,23,0,32,62,16,17,11,-5,39,101
TDG,TransDigm Group,1294.53,-46,-18,1,158,95,-47,-19,14,58,6,101
SAIL,SailPoint,22.4,76,2,0,0,78,14,2,6,0,22,100
TROW,T. Rowe Price,108.17,9,67,2,-26,52,-12,51,10,-1,48,100
VEEV,Veeva Systems,282.7,4,0,49,9,62,12,-7,14,19,38,100
MU,Micron Technology,131.48,21,8,2,23,54,21,17,14,-6,46,100
AMKR,Amkor Technology,24.83,10,67,0,3,80,14,3,8,-6,19,99
MET,Metlife,79.64,-12,13,0,59,60,-5,13,12,19,39,99
NBIX,Neurocrine Biosciences,143.66,19,19,4,26,68,13,11,11,-5,30,98
PFG,Principal Financial Group,79.72,0,11,0,56,67,-5,6,11,19,31,98
NYT,New York Times Company,58.84,0,23,6,17,46,-2,18,14,22,52,98
CGNX,Cognex Corporation,44.61,16,64,5,-32,53,26,50,10,-41,45,98
MUSA,Murphy USA,391.63,12,-29,-17,69,35,14,1,-33,80,62,97
POST,Post Holdings,106.31,-21,-1,-2,88,64,-26,13,-12,58,33,97
WYNN,Wynn Resorts,122.72,0,84,12,4,100,-21,12,14,-9,-4,96
MKL,Markel,1931.98,-38,-2,72,56,88,-13,-18,12,27,8,96
M,"Macy's, Inc.",17.11,29,48,2,-16,63,26,11,3,-7,33,96
LAD,Lithia Motors,340.0,19,9,0,15,43,14,11,5,22,52,95
DBX,Dropbox,30.34,28,8,3,10,49,20,13,4,9,46,95
CHWY,Chewy,41.6,15,0,45,0,60,19,15,-5,6,35,95
NU,Nubank,15.23,9,13,5,0,27,26,8,14,20,68,95
AMP,Ameriprise Financial,492.64,-14,-6,0,65,45,-33,-2,12,72,49,94
ALSN,Allison Transmission,90.02,16,0,-9,36,43,26,15,-25,35,51,94
SCHW,Charles Schwab Corporation,93.47,-14,0,81,12,79,-6,-9,14,15,14,93
WMS,Advanced Drainage Systems,148.53,14,24,2,4,44,16,22,14,-4,48,92
PEGA,Pegasystems,57.5,20,2,23,6,51,12,1,12,16,41,92
DOCU,DocuSign,81.75,77,0,0,-13,64,19,3,-6,12,28,92
GEN,Gen Digital,29.92,0,1,19,17,37,10,13,14,17,54,91
HON,Honeywell,214.69,-35,-17,4,179,131,-48,-29,14,23,-40,91
DKNG,DraftKings,46.33,-14,58,13,0,57,-5,11,6,21,33,90
DINO,HF Sinclair,51.1,0,84,4,2,90,-19,14,14,-9,0,90
CNA,CNA Financial,47.71,-16,23,6,58,71,-13,24,-13,21,19,90
A,Agilent Technologies,128.11,49,8,-27,0,30,47,14,5,-6,60,90
AVT,Avnet,53.34,0,0,5,46,51,13,14,14,-3,38,89
OGE,OGE Energy,43.46,-49,-2,72,46,67,-61,-5,72,15,21,88
JAZZ,Jazz Pharmaceuticals,129.87,131,22,0,-7,146,-12,14,-20,-40,-58,88
CPNG,Coupang,31.5,12,1,21,0,34,21,1,14,18,54,88
ADC,Agree Realty,72.63,0,0,67,17,84,8,-9,-9,14,4,88
MTSI,MACOM Technology Solutions,130.19,9,-2,3,59,69,2,-26,12,30,18,87
CRUS,Cirrus Logic,117.43,9,19,2,20,50,12,14,14,-4,36,86
HSY,Hershey Company (The),187.66,42,48,8,0,98,-2,2,8,-20,-12,86
UBER,Uber,94.36,0,1,22,0,23,2,14,20,27,63,86
RLI,RLI Corp.,68.24,1,-66,-14,177,98,14,8,-33,-1,-12,86
FTNT,Fortinet,80.36,11,-26,-6,114,93,12,-28,-6,14,-8,85
CHRW,C.H. Robinson,125.92,-6,50,7,5,56,-33,43,10,9,29,85
REXR,Rexford Industrial,42.99,20,67,0,-19,68,21,18,10,-33,16,84
HBAN,Huntington Bancshares,17.74,1,11,13,22,47,-5,11,14,17,37,84
XOM,ExxonMobil,109.9,-14,1,0,45,32,-22,10,13,51,52,84
RKLB,Rocket Lab,47.76,0,2,53,0,55,2,4,14,9,29,84
HXL,Hexcel,64.36,0,54,1,2,57,9,19,8,-10,26,83
NVST,Envista,21.15,1,67,8,0,76,12,18,10,-33,7,83
ROKU,"Roku, Inc.",99.38,7,63,14,-20,64,-6,11,9,5,19,83
NCLH,Norwegian Cruise Line Holdings,24.55,0,53,4,0,57,-5,2,7,21,25,82
VRSK,Verisk Analytics,273.11,6,-30,0,115,91,22,-54,-6,29,-9,82
GPC,Genuine Parts Company,139.86,9,35,5,0,49,-5,42,14,-18,33,82
FBIN,Fortune Brands Innovations,60.73,14,34,-30,0,18,16,48,3,-3,64,82
MSTR,MicroStrategy,329.96,-33,-17,103,20,73,1,-27,14,21,9,82
EOG,EOG Resources,117.22,-13,0,-2,46,31,-19,11,7,52,51,82
RGA,Reinsurance Group of America,192.19,-7,-2,-7,41,25,-10,17,-5,54,56,81
MSCI,MSCI,574.9,5,1,0,15,21,10,18,11,21,60,81
EA,Electronic Arts,168.04,-28,28,8,8,16,3,20,20,22,65,81
BEN,Franklin Templeton Investments,24.89,-14,85,12,2,85,-12,17,14,-23,-4,81
UWMC,United Wholesale Mortgage,6.45,22,22,0,0,44,21,18,2,-5,36,80
FRHC,Freedom Holding,161.21,-6,-1,58,15,66,-19,-12,14,31,14,80
MDB,MongoDB Inc.,323.25,56,16,2,-10,64,12,8,6,-10,16,80
BAC,Bank of America,49.48,-2,15,21,19,53,-14,12,14,15,27,80
RVMD,Revolution Medicines,41.06,59,2,-18,0,43,14,8,14,-1,35,78
NTNX,Nutanix,74.97,23,-20,2,23,28,37,-26,14,25,50,78
DECK,Deckers Brands,117.13,0,8,-28,94,74,-9,5,-24,32,4,78
NOC,Northrop Grumman,581.95,-51,49,14,59,71,-26,-1,21,13,7,78
MP,MP Materials,62.69,-35,65,36,0,66,-35,-7,49,5,12,78
MTD,Mettler Toledo,1316.02,6,67,-27,0,46,12,17,8,-6,31,77
ALLY,Ally Financial,41.34,19,11,6,5,41,-5,12,12,17,36,77
VOYA,Voya Financial,75.74,21,23,5,5,54,-5,17,12,-2,22,76
FCNCA,First Citizens BancShares,1947.14,-14,-2,-2,60,42,-5,6,11,22,34,76
CI,Cigna,301.06,-2,1,-1,59,57,12,16,-7,-2,19,76
TEM,Tempus AI,80.18,18,19,0,0,37,14,17,7,0,38,75
SUI,Sun Communities,129.35,21,6,7,-25,9,21,19,14,12,66,75
NUE,Nucor,144.01,-5,59,0,4,58,-3,18,11,-9,17,75
VRTX,Vertex Pharmaceuticals,395.25,0,-24,-6,105,75,-5,-24,-10,38,-1,74
RBRK,Rubrik,95.65,9,1,0,0,10,12,4,48,0,64,74
KEYS,Keysight,169.32,20,4,2,1,27,25,4,12,6,47,74
COHR,Coherent Corp.,98.65,21,0,2,16,39,17,-9,11,16,35,74
MTB,M&T Bank,199.38,1,11,5,23,40,-5,11,12,15,33,73
LYFT,Lyft,17.72,30,16,5,-2,49,2,11,14,-3,24,73
PSX,Phillips 66,130.13,0,11,0,42,53,2,11,13,-6,20,73
UHS,Universal Health Services,185.79,21,14,-15,23,43,21,18,-8,-2,29,72
EXR,Extra Space Storage,147.04,28,1,-7,0,22,20,2,14,14,50,72
RH,RH,240.8,19,37,-28,-8,20,18,33,2,-1,52,72
VZ,Verizon,43.32,-7,22,34,11,60,-5,-2,4,15,12,72
LII,Lennox International,580.46,10,-10,0,39,39,19,-23,8,28,32,71
TRU,TransUnion,93.39,14,1,1,4,20,23,1,12,15,51,71
PVH,PVH Corp.,84.62,79,18,-36,2,63,-5,17,3,-8,7,70
RYN,Rayonier,26.62,2,24,0,0,26,12,40,2,-10,44,70
IRM,Iron Mountain,92.42,1,-23,-7,58,29,14,-44,14,57,41,70
MTZ,MasTec,176.83,-5,0,23,19,37,1,4,14,14,33,70
CTVA,Corteva,72.97,-28,0,57,0,29,1,13,14,12,40,69
QRVO,Qorvo,91.79,1,82,0,-32,51,-5,17,12,-6,18,69
SNV,Synovus,51.84,24,-8,3,22,41,-5,6,12,15,28,69
AWK,American Water Works,140.04,-7,-1,30,0,22,13,-1,26,9,47,69
GNRC,Generac,183.98,0,66,7,-35,38,10,-2,11,11,30,68
INGR,Ingredion,128.13,-7,-26,-2,35,0,-5,2,14,57,68,68
PAYX,Paychex,135.43,-35,-28,0,168,105,-27,-21,-5,15,-38,67
DOX,Amdocs,85.77,0,-20,0,59,39,14,-7,14,6,27,66
COLB,Columbia Banking System,26.93,1,31,2,0,34,-5,17,9,11,32,66
AIG,American International Group,78.74,-41,-2,32,54,43,-8,13,-4,22,23,66
ROK,Rockwell Automation,344.86,0,0,19,16,35,14,14,14,-12,30,65
KRMN,Karman Holdings,62.37,14,19,0,0,33,16,10,6,0,32,65
FR,First Industrial Realty Trust,52.14,4,14,0,15,33,-5,10,12,15,32,65
NTRA,Natera,167.38,5,13,5,19,42,-18,17,4,20,23,65
ECL,Ecolab,275.29,-52,25,20,23,16,-5,20,14,20,49,65
USB,U.S. Bancorp,48.68,2,15,4,5,26,-5,16,11,16,38,64
FHB,"First Hawaiian, Inc.",25.78,2,11,4,15,32,-5,11,11,15,32,64
EFX,Equifax,253.06,10,0,-8,17,19,14,-2,14,19,45,64
APO,Apollo Global Management,134.47,-28,-14,-5,98,51,1,-26,10,27,12,63
CLF,Cleveland-Cliffs,11.04,14,47,0,-17,44,14,7,7,-9,19,63
VST,Vistra Corp.,187.98,-42,0,23,31,12,4,-13,12,46,49,61
KMI,Kinder Morgan,26.5,-14,-23,0,45,8,4,-16,12,53,53,61
DIS,Walt Disney Company (The),118.84,21,0,19,0,40,-5,6,14,4,19,59
PCOR,Procore,70.87,19,0,0,0,19,14,2,4,20,40,59
EQR,Equity Residential,66.37,18,0,0,14,32,15,5,-7,14,27,59
SN,SharkNinja,114.8,-7,58,12,0,63,-5,-13,11,2,-5,58
BG,Bunge Global,84.33,0,13,0,0,13,9,27,14,-6,44,57
PNW,Pinnacle West Capital,87.85,-70,-7,72,19,14,-5,-5,26,27,43,57
SW,Smurfit Westrock,46.72,1,11,0,17,29,2,3,4,18,27,56
AMD,Advanced Micro Devices,151.37,-42,0,2,111,71,-13,-8,14,-8,-15,56
SNOW,Snowflake Inc.,226.53,0,7,19,0,26,7,7,14,2,30,56
MRVL,Marvell Technology,66.02,-42,-6,-25,107,34,12,-14,4,19,21,55
DOC,Healthpeak Properties,18.33,113,3,-21,-32,63,12,6,-36,10,-8,55
PRU,Prudential Financial,105.85,-14,14,-17,56,39,-29,17,8,20,16,55
TTC,Toro Company (The),81.41,1,38,0,0,39,12,18,5,-21,14,53
AMGN,Amgen,280.08,-70,-3,-2,166,91,-73,-4,2,37,-38,53
CUZ,Cousins Properties,29.06,0,7,0,12,19,-5,11,14,14,34,53
CART,Maplebear Inc.,45.17,14,-11,2,0,5,49,-12,11,0,48,53
PSA,Public Storage,294.78,16,2,-15,2,5,19,14,14,-1,46,51
AGO,Assured Guaranty,81.94,1,-22,-6,57,30,-2,-14,14,23,21,51
DNB,Dun & Bradstreet,9.15,29,52,-28,0,53,46,-13,2,-37,-2,51
XP,XP Inc.,18.52,14,2,3,0,19,14,5,20,-9,30,49
LSCC,Lattice Semiconductor,66.7,9,24,5,0,38,4,17,6,-16,11,49
BLK,BlackRock,1105.79,-50,81,21,23,75,-61,-2,14,22,-27,48
LOAR,Loar Holdings,78.27,23,0,0,0,23,23,9,-7,0,25,48
RIVN,Rivian,13.99,77,0,3,0,80,-9,5,-7,-22,-33,47
PLD,Prologis,113.59,4,11,3,0,18,11,10,14,-6,29,47
CSCO,Cisco,66.87,-15,0,52,15,52,-35,-11,14,26,-6,46
LNT,Alliant Energy,64.05,-48,42,72,15,81,-62,-1,14,14,-35,46
RPRX,Royalty Pharma,35.81,-7,0,36,0,29,-4,-11,30,1,16,45
ACGL,Arch Capital Group,90.9,-10,4,-12,63,45,-12,18,-5,-1,0,45
LEA,Lear Corporation,112.89,21,19,1,-18,23,14,11,13,-16,22,45
ARW,Arrow Electronics,126.02,0,1,5,5,11,16,13,14,-9,34,45
WEX,WEX Inc.,172.48,9,64,-47,2,28,12,6,8,-9,17,45
BBY,Best Buy,77.61,22,19,-28,-7,6,23,16,2,-3,38,44
MKSI,MKS Instruments,109.03,9,3,0,0,12,14,14,10,-6,32,44
INGM,Ingram Micro,20.43,14,0,0,0,14,17,2,11,0,30,44
UGI,UGI Corporation,34.31,-49,-9,46,5,-7,14,-22,53,6,51,44
ARMK,Aramark,38.3,-51,-8,19,41,1,-5,-24,14,57,42,43
WWD,"Woodward, Inc.",240.87,-42,0,23,36,17,2,-18,14,27,25,42
OLN,Olin Corporation,25.03,77,11,-64,-10,14,39,11,2,-24,28,42
IPGP,IPG Photonics,82.78,9,81,5,-45,50,16,11,10,-45,-8,42
MSGS,Madison Square Garden Sports,203.07,7,0,-8,22,21,7,7,7,-1,20,41
QCOM,Qualcomm,160.28,9,9,-29,23,12,12,11,12,-6,29,41
WTRG,Essential Utilities,38.37,-34,20,10,0,-4,9,34,-5,6,44,40
LNW,Light & Wonder,89.42,-35,-5,-7,58,11,10,12,-19,26,29,40
TYL,Tyler Technologies,565.9,9,-11,0,18,16,12,-13,5,19,23,39
APTV,Aptiv,82.31,21,19,5,-25,20,26,15,14,-37,18,38
AMH,American Homes 4 Rent,34.73,-33,-28,-12,69,-4,7,5,14,16,42,38
DPZ,Domino's,466.1,3,-24,2,11,-8,-7,3,31,19,46,38
CACC,Credit Acceptance,512.99,34,0,3,2,39,-4,11,-2,-6,-1,38
CRWD,CrowdStrike,428.17,2,-22,49,0,29,10,-36,14,21,9,38
KMB,Kimberly-Clark,129.82,0,0,-3,19,16,14,-4,-15,27,22,38
RNR,RenaissanceRe,239.93,-14,-1,-12,36,9,-12,-1,12,29,28,37
MANH,Manhattan Associates,219.51,8,0,-33,66,41,12,-22,7,-1,-4,37
SJM,J.M. Smucker Company (The),111.62,30,34,6,-5,65,-4,-2,2,-24,-28,37
NDSN,Nordson,226.18,6,12,0,2,20,-5,16,14,-8,17,37
CMS,CMS Energy,70.72,-67,0,80,24,37,-10,-7,2,15,0,37
WDAY,"Workday, Inc.",231.9,52,-3,-14,15,50,-5,2,-8,-3,-14,36
TKR,Timken Company,77.11,0,3,0,5,8,12,11,11,-6,28,36
WH,Wyndham Hotels & Resorts,87.94,6,1,-7,12,12,2,4,2,16,24,36
ZS,Zscaler,281.6,6,-5,21,6,28,9,-35,14,19,7,35
ECG,Everus Construction Group,75.06,-14,80,0,0,66,-33,-9,11,0,-31,35
HRB,H&R Block,52.03,8,-63,-5,53,-7,28,-29,-10,53,42,35
OMC,Omnicom Group,78.96,15,19,-31,2,5,16,14,1,-2,29,34
K,Kellanova,79.43,0,0,0,22,22,16,-7,-11,14,12,34
PNFP,Pinnacle Financial Partners,98.37,32,-31,-8,16,9,-5,6,5,19,25,34
EPR,EPR Properties,53.21,-33,-20,61,30,38,-41,1,14,22,-4,34
FLUT,Flutter Entertainment,287.74,-25,0,23,22,20,-35,8,12,28,13,33
BAM,Brookfield Asset Management,56.91,-42,-1,69,0,26,-5,-12,14,9,6,32
TOST,"Toast, Inc.",40.76,-28,-5,81,0,48,-33,-15,14,18,-16,32
SOLV,Solventum,74.67,8,0,0,0,8,12,1,10,0,23,31
CFR,Frost Bank,129.75,1,-2,2,5,6,-5,6,12,11,24,30
TMO,Thermo Fisher Scientific,485.11,-6,33,-26,0,1,11,47,-25,-4,29,30
CUBE,CubeSmart,41.14,17,1,-27,2,-7,19,7,14,-3,37,30
DELL,Dell Technologies,123.03,-2,0,0,33,31,-5,-6,14,-5,-2,29
PR,Permian Resources,13.79,-7,0,0,27,20,-10,7,14,-3,8,28
WTM,White Mountains Insurance Group,1766.16,-21,-1,-3,60,35,-38,-2,-24,57,-7,28
CWEN-A,Clearway Energy (Class A),26.95,-35,-12,62,7,22,-5,-26,26,11,6,28
SEE,Sealed Air,33.05,20,12,0,-25,7,26,15,12,-33,20,27
MDU,MDU Resources,16.1,-49,-10,0,59,0,-5,-14,14,31,26,26
QGEN,Qiagen,47.58,0,0,16,0,16,12,-22,14,6,10,26
PK,Park Hotels & Resorts,11.88,28,19,-30,0,17,-3,11,7,-6,9,26
SHC,Sotera Health,15.91,-27,21,5,0,-1,7,21,6,-7,27,26
GEHC,GE HealthCare,78.17,14,2,-24,0,-8,18,3,3,9,33,25
REYN,Reynolds Consumer Products,22.98,-2,23,-32,0,-11,-3,42,1,-4,36,25
TFSL,Third Federal S&L,13.71,-22,15,7,6,6,-33,17,14,20,18,24
WAT,Waters Corporation,309.45,19,0,-9,0,10,12,11,-24,15,14,24
VTRS,Viatris,10.49,0,22,0,0,22,-19,17,6,-2,2,24
CSGP,CoStar Group,88.05,-3,0,10,15,22,-3,-12,27,-10,2,24
QXO,"QXO, Inc.",21.94,14,2,0,-15,1,10,3,17,-7,23,24
VNOM,Viper Energy,37.47,-14,0,-13,45,18,-28,17,-32,48,5,23
AEP,American Electric Power,107.54,-50,0,77,24,51,-68,-3,27,15,-29,22
BILL,Bill.com,50.2,56,7,-28,0,35,16,7,2,-38,-13,22
D,Dominion Energy,57.96,-65,80,18,0,33,-35,-1,14,11,-11,22
AGCO,AGCO,110.37,0,0,11,0,11,16,-6,15,-14,11,22
SWK,Stanley Black & Decker,78.42,14,48,-33,-40,-11,16,17,3,-3,33,22
BRO,Brown & Brown,95.35,-35,-91,-3,164,35,-31,4,-14,27,-14,21
IR,Ingersoll Rand,80.38,14,-17,-25,24,-4,14,1,11,-1,25,21
ESAB,ESAB,116.38,14,-23,0,0,-9,16,-18,14,18,30,21
INTC,Intel,24.5,0,18,0,-21,-3,16,17,4,-13,24,21
ED,Consolidated Edison,96.65,-70,-9,32,48,1,-7,-12,-8,46,19,20
IOT,Samsara,41.54,20,0,-14,0,6,12,2,-21,21,14,20
ATR,AptarGroup,138.33,0,-26,-7,21,-12,14,-23,14,26,31,19
GEV,GE Vernova,600.01,0,1,0,0,1,10,-8,15,0,17,18
AVB,AvalonBay Communities,194.48,9,-27,-7,17,-8,14,6,-11,16,25,17
EGP,EastGroup Properties,166.97,-5,0,-1,9,3,-5,11,14,-6,14,17
S,SentinelOne,18.44,56,-24,-29,0,3,10,3,3,-2,14,17
CVS,CVS Health,70.27,-7,17,14,0,24,-3,21,4,-29,-7,17
BROS,Dutch Bros. Coffee,64.3,-12,0,0,0,-12,-5,17,4,12,28,16
MCHP,Microchip Technology,65.3,0,-1,0,0,-1,12,-2,14,-8,16,15
CWEN,Clearway Energy (Class C),28.37,-46,-12,62,5,9,-5,-26,26,11,6,15
IPG,Interpublic Group of Companies (The),27.0,14,34,-47,0,1,15,14,2,-18,13,14
HOLX,Hologic,66.53,-10,70,-39,0,21,-2,-4,7,-8,-7,14
SIRI,Sirius XM,24.42,17,9,0,-32,-6,21,13,4,-18,20,14
AXTA,Axalta,32.39,14,3,-20,23,20,12,16,-33,-1,-6,14
BIO,Bio-Rad Laboratories,290.67,-7,48,-31,-29,-19,12,53,5,-38,32,13
OVV,Ovintiv,41.06,0,11,0,3,14,-10,4,11,-7,-2,12
ESS,Essex Property Trust,265.66,1,-27,-1,15,-12,12,2,-7,15,22,10
CTRA,Coterra,23.83,-7,-2,-9,45,27,-19,4,-16,14,-17,10
VRT,Vertiv,121.76,-35,-2,13,9,-15,-1,-13,11,27,24,9
BDX,Becton Dickinson,191.61,0,22,-32,-6,-16,16,48,-23,-16,25,9
RRC,Range Resources,34.06,-1,-33,-1,43,8,-9,-44,-2,56,1,9
DLB,Dolby Laboratories,73.3,4,-10,-7,0,-13,23,13,-24,9,21,8
WST,West Pharmaceutical Services,253.27,23,2,-31,-8,-14,23,3,5,-9,22,8
TTEK,Tetra Tech,35.71,-28,-4,-33,120,55,-37,-18,10,-2,-47,8
SMMT,Summit Therapeutics,19.44,-7,-1,0,15,7,-3,-15,-1,20,1,8
HLNE,Hamilton Lane,148.79,-35,-4,-2,26,-15,3,-4,2,22,23,8
CARR,Carrier Global,65.62,1,-25,-3,0,-27,14,-21,14,27,34,7
FND,Floor & Decor,87.73,14,3,-39,0,-22,17,17,2,-7,29,7
EXAS,Exact Sciences,53.9,41,2,-32,-26,-15,35,10,-6,-17,22,7
KD,Kyndryl,33.13,20,-24,0,0,-4,25,-35,-1,21,10,6
MIDD,Middleby,141.86,21,-23,-7,0,-9,17,3,-20,14,14,5
IP,International Paper,47.41,-7,-5,0,17,5,-27,2,7,17,-1,4
CPT,Camden Property Trust,110.92,6,-27,0,0,-21,14,6,-7,12,25,4
APD,Air Products,289.1,-35,0,0,17,-18,-7,11,6,11,21,3
BJ,BJ's Wholesale Club,99.05,0,-49,0,11,-38,4,-16,-6,59,41,3
DDOG,Datadog,136.42,4,0,3,0,7,11,-25,11,-1,-4,3
OGN,Organon & Co.,10.47,37,2,-33,0,6,44,4,-46,-5,-3,3
EW,Edwards Lifesciences,80.24,-11,31,8,-15,13,-19,10,34,-36,-11,2
COIN,Coinbase,302.15,-2,-10,13,0,1,-5,-26,13,19,1,2
ZBRA,Zebra Technologies,313.62,0,-1,-6,-8,-15,12,-18,8,14,16,1
HSIC,Schein (Henry),67.75,-5,-10,-9,0,-24,12,6,3,4,25,1
IQV,IQVIA,187.77,1,37,-44,0,-6,11,-3,6,-7,7,1
TRGP,Targa Resources,160.52,-14,-2,0,52,36,-28,-38,-24,55,-35,1
CLX,Clorox,125.86,28,2,-21,-6,3,36,-22,-31,14,-3,0
UNH,UnitedHealth Group,320.43,26,4,-22,-5,3,18,16,-35,-2,-3,0
DT,Dynatrace,49.93,0,-22,-6,0,-28,-5,1,11,21,28,0
EXC,Exelon,43.02,-64,-1,59,15,9,-12,-4,-5,11,-10,-1
GPN,Global Payments,87.45,0,34,-31,-40,-37,-5,50,2,-11,36,-1
PSN,Parsons Corporation,75.02,-23,67,-31,0,13,-19,-1,7,-2,-15,-2
APA,APA Corporation,22.27,0,22,0,-13,9,-20,20,9,-20,-11,-2
YETI,Yeti Holdings,35.67,20,0,-39,-7,-26,21,5,8,-11,23,-3
CSX,CSX Corporation,32.44,0,-5,0,5,0,-5,-5,14,-7,-3,-3
G,Genpact,44.28,-7,0,0,4,-3,-5,12,-19,11,-1,-4
EL,Estée Lauder Companies (The),88.88,-7,72,0,-27,38,-21,3,12,-36,-42,-4
SAIA,Saia,312.21,14,0,-30,5,-11,12,-1,2,-6,7,-4
NSA,National Storage Affiliates,32.66,28,0,-19,-5,4,21,13,-40,-2,-8,-4
HUM,Humana,310.71,6,24,2,-13,19,-5,27,-24,-21,-23,-4
LBTYA,Liberty Global (Series A),11.72,30,26,-44,-32,-20,-4,26,5,-11,16,-4
DVA,DaVita,134.51,-7,-10,-7,21,-3,-3,6,-24,20,-1,-4
WFRD,Weatherford International,61.72,0,53,-48,0,5,-19,11,4,-6,-10,-5
PEP,PepsiCo,141.72,-21,37,-46,0,-30,-26,62,3,-14,25,-5
WING,Wingstop,305.13,-32,-3,0,39,4,-37,-16,12,32,-9,-5
NCNO,nCino,30.82,-1,8,-30,0,-23,2,8,9,-2,17,-6
PEG,Public Service Enterprise Group,80.18,-119,-4,0,153,30,-49,-12,7,18,-36,-6
CNXC,Concentrix,52.54,42,-26,0,0,16,12,2,-2,-34,-22,-6
TXRH,Texas Roadhouse,167.47,-49,-21,-3,65,-8,12,-57,14,32,1,-7
MAT,Mattel,18.51,17,-1,-8,0,8,-2,7,11,-32,-16,-8
EQIX,Equinix,765.51,-35,-7,-12,35,-19,10,-15,-12,27,10,-9
ISRG,Intuitive Surgical,470.03,1,-28,-7,23,-11,12,-36,-2,27,1,-10
CL,Colgate-Palmolive,84.21,0,-43,-10,24,-29,14,-4,-18,27,19,-10
CEG,Constellation Energy,298.81,-42,-5,20,0,-27,-5,-13,14,20,16,-11
SMCI,Supermicro,40.03,-42,-6,-4,59,7,1,-18,9,-10,-18,-11
MAA,Mid-America Apartment Communities,144.68,1,-28,0,0,-27,14,2,-12,12,16,-11
CPAY,Corpay,311.53,-35,-26,-2,22,-41,-5,6,2,26,29,-12
CRM,Salesforce,252.32,0,-27,-17,23,-21,9,2,-25,22,8,-13
ESTC,Elastic NV,92.3,9,1,-17,0,-7,14,7,-22,-5,-6,-13
DAY,Dayforce,69.35,0,15,4,-13,6,-34,11,4,-1,-20,-14
POOL,Pool Corporation,334.44,14,2,-27,-7,-18,18,-5,1,-10,4,-14
QSR,Restaurant Brands International,62.02,-7,-22,-4,41,8,-5,-23,14,-9,-23,-15
CCK,Crown Holdings,94.1,-52,-14,21,6,-39,2,-5,14,13,24,-15
GLIBA,GCI Liberty (Series A),36.31,-20,0,0,0,-20,-12,16,0,0,4,-16
CHE,Chemed Corporation,463.78,0,0,-15,0,-15,8,13,-13,-9,-1,-16
DXCM,Dexcom,78.0,1,-10,-3,-15,-27,26,-19,14,-10,11,-16
GTM,ZoomInfo,10.65,1,0,-7,0,-6,9,9,10,-38,-10,-16
CTSH,Cognizant,71.17,-7,-28,-7,15,-27,-5,3,-7,19,10,-17
CCCS,CCC Intelligent Solutions,9.86,-3,2,-32,0,-33,10,7,6,-7,16,-17
TXN,Texas Instruments,185.79,-35,-4,0,23,-16,-42,10,14,17,-1,-17
CAR,Avis Budget Group,158.58,9,-3,13,-21,-2,4,1,17,-38,-16,-18
TWLO,Twilio,109.14,20,-21,0,-35,-36,16,-21,10,12,17,-19
LBTYK,Liberty Global (Series C),11.87,4,26,-44,-31,-45,-3,63,3,-37,26,-19
CNH,CNH Industrial,11.51,0,-17,0,0,-17,14,-33,14,3,-2,-19
AUR,Aurora Innovation,5.76,0,-8,-5,0,-13,6,-6,-22,16,-6,-19
VFC,VF Corporation,15.56,8,11,-24,-44,-49,12,9,1,8,30,-19
BEPC,Brookfield Renewable Partners,33.4,-35,0,14,0,-21,-5,-18,14,11,2,-19
NWL,Newell Brands,6.34,33,11,-31,-32,-19,25,9,2,-37,-1,-20
EIX,Edison International,53.31,-20,26,-36,0,-30,-32,40,4,-2,10,-20
RRX,Regal Rexnord,143.57,-35,-1,-3,4,-35,-5,10,11,-2,14,-21
OTIS,Otis Worldwide,87.37,1,-33,-8,0,-40,12,-2,-18,27,19,-21
ES,Eversource Energy,62.89,-34,-2,19,-11,-28,-7,-4,14,3,6,-22
DLR,Digital Realty,161.21,-35,-16,-1,23,-29,-5,-22,14,20,7,-22
SNDR,Schneider National,24.45,-5,-7,-9,0,-21,-5,-1,6,-1,-1,-22
SON,Sonoco,46.18,-35,0,-2,0,-37,7,11,11,-15,14,-23
DVN,Devon Energy,34.52,-13,19,-2,-6,-2,-26,15,13,-23,-21,-23
BSY,Bentley Systems,54.27,-24,0,13,0,-11,1,-20,14,-7,-12,-23
SFM,Sprouts Farmers Market,139.29,-69,-30,0,47,-52,1,-28,-3,58,28,-24
QS,QuantumScape,9.51,7,0,10,0,17,7,-23,12,-37,-41,-24
UDR,"UDR, Inc.",38.74,0,-27,-2,0,-29,-1,1,-9,14,5,-24
AA,Alcoa,32.05,6,11,-25,-21,-29,14,16,6,-33,3,-26
FANG,Diamondback Energy,137.34,-15,-3,-33,48,-3,-28,3,8,-6,-23,-26
CR,Crane Co.,184.32,-49,-3,20,0,-32,-5,-9,14,6,6,-26
BFAM,Bright Horizons,116.48,-63,0,-3,0,-66,10,-6,19,16,39,-27
ONON,On Holding AG,45.21,0,-27,-3,0,-30,26,-58,14,21,3,-27
GLIBK,GCI Liberty (Series C),36.32,-34,0,0,0,-34,-9,16,0,0,7,-27
SMG,Scotts Miracle-Gro Company,62.33,16,-7,-26,-40,-57,19,2,10,-2,29,-28
ELS,Equity Lifestyle Properties,61.57,17,0,-25,0,-8,21,-1,-36,-4,-20,-28
KMPR,Kemper Corporation,53.41,-5,-23,-10,0,-38,-7,8,-7,15,9,-29
GMED,Globus Medical,59.56,-35,6,-19,0,-48,12,17,-24,13,18,-30
CPB,Campbell Soup Company,33.9,28,4,-36,-7,-11,37,-7,-43,-6,-19,-30
PENN,Penn Entertainment,20.09,2,18,3,-35,-12,12,11,4,-45,-18,-30
RAL,Ralliant,42.31,0,0,0,0,0,-3,-27,0,0,-30,-30
WHR,Whirlpool Corporation,95.56,14,2,-9,-27,-20,12,8,7,-37,-10,-30
PFE,Pfizer,24.57,-7,24,-3,-24,-10,-19,16,11,-29,-21,-31
FDX,FedEx,224.94,-35,-5,-30,33,-37,-5,9,6,-5,5,-32
CAG,Conagra Brands,19.48,13,0,-36,-8,-31,23,17,-18,-24,-2,-33
SAIC,SAIC,102.6,-49,-3,-2,68,14,-50,-3,6,-2,-49,-35
SWKS,Skyworks Solutions,75.66,5,4,-47,-31,-69,15,14,11,-6,34,-35
GTLB,GitLab,47.88,0,1,-25,0,-24,6,8,-24,-2,-12,-36
AMTM,Amentum,24.09,-21,0,0,0,-21,-22,-8,14,0,-16,-37
ENTG,Entegris,82.14,0,0,-48,-7,-55,11,10,3,-6,18,-37
ASTS,AST SpaceMobile,40.78,-27,-1,15,0,-13,-26,-22,14,9,-25,-38
HUBS,HubSpot,498.98,14,-61,-14,12,-49,12,1,-22,20,11,-38
PATH,UiPath,11.81,10,-29,-15,0,-34,12,1,-7,-11,-5,-39
RARE,Ultragenyx,31.53,57,0,-31,-39,-13,2,15,-39,-4,-26,-39
MPW,Medical Properties Trust,4.59,32,2,-11,-37,-14,14,8,-11,-36,-25,-39
BIRK,Birkenstock,48.88,-35,-2,-3,0,-40,-5,11,-5,0,1,-39
AES,AES Corporation,12.71,-23,43,0,-12,8,-30,-3,10,-25,-48,-40
CFLT,"Confluent, Inc.",20.26,4,-27,-7,0,-30,9,2,-22,1,-10,-40
MDLZ,Mondelez International,61.96,2,-28,-2,0,-28,-2,-24,23,-10,-13,-41
LW,Lamb Weston,57.57,14,18,-76,-9,-53,14,6,7,-15,12,-41
OKE,Oneok,71.37,-23,-26,-17,55,-11,-27,-26,-29,52,-30,-41
SARO,StandardAero,26.92,7,-18,0,0,-11,-5,-39,14,0,-30,-41
TREX,"Trex Company, Inc.",63.14,14,0,-58,-14,-58,16,2,6,-7,17,-41
BALL,Ball Corporation,50.96,0,-16,-7,-12,-35,10,-24,14,-6,-6,-41
MASI,Masimo,148.78,14,-23,0,-7,-16,20,-38,-19,11,-26,-42
PB,Prosperity Bancshares,68.0,-14,-29,-8,15,-36,-35,7,6,15,-7,-43
OLED,Universal Display Corporation,145.4,21,-14,-41,0,-34,21,-38,14,-6,-9,-43
CBSH,Commerce Bancshares,60.77,-28,-24,0,12,-40,-40,9,14,14,-3,-43
PPG,PPG Industries,111.54,0,0,-50,-9,-59,-5,14,14,-9,14,-45
ETSY,Etsy,58.21,6,0,1,-31,-24,12,-9,14,-38,-21,-45
MGM,MGM Resorts International,36.2,-21,0,0,0,-21,-35,10,11,-10,-24,-45
BMY,Bristol Myers Squibb,46.71,-21,1,-4,-6,-30,-19,16,-18,6,-15,-45
FCN,FTI Consulting,167.11,-7,-1,-41,0,-49,-5,10,4,-6,3,-46
EG,Everest Group,339.42,-13,-1,-40,56,2,-12,11,-41,-6,-48,-46
WLK,Westlake Corporation,88.39,19,18,-44,0,-7,12,11,-56,-7,-40,-47
APLS,Apellis Pharmaceuticals,26.9,-6,29,-74,-17,-68,-5,40,5,-19,21,-47
AKAM,Akamai Technologies,78.88,9,1,-30,-8,-28,12,9,-30,-11,-20,-48
ST,Sensata Technologies,32.02,-35,19,0,-16,-32,-5,13,12,-36,-16,-48
AS,Amer Sports,36.64,-33,0,8,0,-25,-42,5,14,0,-23,-48
WBD,Warner Bros. Discovery,12.36,11,0,16,-43,-16,22,-21,12,-46,-33,-49
TAP,Molson Coors,49.91,-7,0,-17,0,-24,-3,-1,-18,-4,-26,-50
JHX,James Hardie Industries,20.16,1,-13,-31,-2,-45,12,-9,-4,-4,-5,-50
ALGM,Allegro MicroSystems,30.4,-40,-5,15,0,-30,12,-28,12,-17,-21,-51
TPL,Texas Pacific Land Corporation,911.61,-13,-69,-13,59,-36,-25,5,-9,14,-15,-51
PAYC,Paycom,224.42,0,-10,23,-25,-12,-2,-13,14,-38,-39,-51
MOS,Mosaic Company (The),32.58,-28,-19,20,-17,-44,3,1,19,-31,-8,-52
CERT,"Certara, Inc.",10.7,0,0,-19,0,-19,-7,17,-11,-33,-34,-53
FI,Fiserv,135.21,-35,-41,-18,36,-58,-5,-1,-19,28,3,-55
JBHT,J. B. Hunt,143.08,-11,-7,-35,0,-53,-5,10,4,-11,-2,-55
RNG,RingCentral,32.46,14,18,-30,-42,-40,12,15,4,-46,-15,-55
COO,Cooper Companies (The),68.78,6,-7,-31,-6,-38,24,-2,-36,-4,-18,-56
TW,Tradeweb,119.32,-21,-23,-2,1,-45,-13,-19,-3,24,-11,-56
TFX,Teleflex,130.2,20,13,-46,-40,-53,23,25,-42,-11,-5,-58
SBUX,Starbucks,84.15,-28,-4,-5,0,-37,-20,-12,2,8,-22,-59
UHAL,U-Haul,57.89,1,-29,-19,0,-47,23,-24,-32,21,-12,-59
BBWI,"Bath & Body Works, Inc.",28.49,-9,-1,-29,-16,-55,-7,7,3,-7,-4,-59
CIVI,Civitas Resources,33.5,-11,20,-59,-1,-51,-20,18,3,-10,-9,-60
EXE,Expand Energy,94.53,-13,-35,45,0,-3,-19,-46,-3,11,-57,-60
WY,Weyerhaeuser,25.96,1,0,-27,0,-26,14,-1,-39,-9,-35,-61
PCTY,Paylocity,172.98,-34,-10,-2,-4,-50,-5,-14,2,6,-11,-61
AR,Antero Resources,32.12,0,-35,-5,11,-29,7,-46,-4,11,-32,-61
ASH,Ashland Global,54.58,-34,25,-45,-10,-64,-5,16,3,-11,3,-61
MTDR,Matador Resources,47.35,-11,-1,-33,0,-45,-20,3,7,-7,-17,-62
FDS,FactSet,375.35,4,-35,-9,0,-40,17,-31,-7,-2,-23,-63
FOUR,Shift4,87.26,-35,-24,-4,0,-63,-5,-24,4,25,0,-63
TSN,Tyson Foods,55.92,-49,12,-5,-29,-71,-7,17,-15,12,7,-64
KNX,Knight-Swift,42.76,-13,-10,-29,-3,-55,-5,6,4,-14,-9,-64
ONTO,Onto Innovation,103.64,-42,11,-30,0,-61,12,14,-25,-5,-4,-65
NOV,NOV Inc.,13.24,2,0,-59,-13,-70,12,4,5,-16,5,-65
PCG,PG&E Corporation,14.56,-7,0,-34,0,-41,-19,29,-33,-2,-25,-66
VKTX,Viking Therapeutics,25.5,-7,-14,-44,22,-43,-19,-6,9,-7,-23,-66
AVTR,Avantor,13.14,-7,-1,-33,0,-41,12,12,-44,-6,-26,-67
CF,CF Industries,84.52,-28,-22,0,5,-45,2,-48,14,9,-23,-68
ON,ON Semiconductor,48.88,0,-7,-41,-2,-50,12,-25,10,-16,-19,-69
BIIB,Biogen,141.36,29,18,-88,-28,-69,-7,25,1,-19,0,-69
PYPL,PayPal,68.41,-13,-17,-7,-40,-77,12,-21,7,10,8,-69
LUV,Southwest Airlines,31.72,-21,-16,4,-40,-73,-19,6,11,5,3,-70
XYZ,"Block, Inc.",75.82,-27,0,0,-37,-64,-33,4,8,14,-7,-71
IRDM,Iridium Communications,21.39,-7,-27,-8,-20,-62,-4,4,11,-20,-9,-71
BAH,Booz Allen Hamilton,101.7,-28,-5,-34,102,35,-64,-4,-36,-2,-106,-71
CDW,CDW,167.79,12,-24,-46,0,-58,16,-27,6,-9,-14,-72
KEX,Kirby Corporation,89.29,-49,-27,-7,36,-47,-62,-20,14,43,-25,-72
GDDY,GoDaddy,148.07,7,-42,-7,23,-19,12,-66,-23,23,-54,-73
TECH,Bio-Techne,54.13,0,0,-31,-25,-56,11,10,-31,-7,-17,-73
KDP,Keurig Dr Pepper,27.64,-70,-10,-3,0,-83,-7,-4,22,-1,10,-73
INVH,Invitation Homes,30.1,-34,-32,-12,0,-78,-5,2,-7,15,5,-73
JKHY,Jack Henry & Associates,162.55,0,-27,-7,0,-34,14,-58,-7,12,-39,-73
DHR,Danaher Corporation,198.59,-57,22,-33,0,-68,-5,-3,7,-5,-6,-74
OXY,Occidental Petroleum,45.4,-13,12,-59,0,-60,-22,14,10,-17,-15,-75
CE,Celanese,46.5,0,-21,-47,-11,-79,12,2,-1,-10,3,-76
OKTA,"Okta, Inc.",92.69,0,-63,-2,-25,-90,12,1,-7,7,13,-77
NKE,"Nike, Inc.",74.2,-40,50,-2,-22,-14,-51,11,11,-37,-66,-80
CHRD,Chord Energy,103.01,-14,0,-54,0,-68,-20,5,8,-7,-14,-82
SAM,Boston Beer Company,225.21,20,4,-39,-38,-53,19,32,-35,-45,-29,-82
LBRDK,Liberty Broadband (Series C),60.55,0,-31,-7,-37,-75,-7,-2,-7,9,-7,-82
COP,ConocoPhillips,91.41,-17,0,-49,0,-66,-26,12,6,-9,-17,-83
ZBH,Zimmer Biomet,104.72,-12,22,-1,-18,-9,-5,17,-68,-19,-75,-84
MORN,"Morningstar, Inc.",257.76,-35,-27,-24,29,-57,-5,-40,-2,19,-28,-85
CRL,Charles River Laboratories,161.99,1,0,-58,-27,-84,-4,2,10,-9,-1,-85
IEX,IDEX Corporation,164.11,0,-28,-32,-3,-63,15,2,-32,-7,-22,-85
ODFL,Old Dominion Freight Line,151.11,0,-28,-30,0,-58,12,-2,-35,-2,-27,-85
SLB,Schlumberger,35.79,0,3,-74,0,-71,11,10,-25,-11,-15,-86
MKC,McCormick & Company,70.17,0,-43,-10,-3,-56,18,-42,-18,11,-31,-87
CLVT,Clarivate,4.48,9,2,-81,-7,-77,14,11,7,-43,-11,-88
CMCSA,Comcast,34.01,4,-29,-39,-10,-74,-7,8,-6,-9,-14,-88
ELV,Elevance Health,308.18,-9,-1,-48,-3,-61,-21,11,-14,-4,-28,-89
ABNB,Airbnb,124.61,-28,-22,-7,0,-57,-33,3,4,-6,-32,-89
ARE,Alexandria Real Estate Equities,85.58,26,19,-41,-31,-27,17,8,-52,-36,-63,-90
OWL,Blue Owl Capital,18.02,-48,-13,-8,0,-69,-40,-9,6,22,-21,-90
RGEN,Repligen,120.7,0,-1,-20,-18,-39,12,-2,-24,-38,-52,-91
TEAM,Atlassian,172.7,0,-42,-10,-7,-59,10,-34,-22,12,-34,-93
DG,Dollar General,108.69,-84,0,0,-18,-102,16,-7,26,-27,8,-94
KHC,Kraft Heinz,26.92,0,-1,-46,0,-47,-1,-19,-18,-11,-49,-96
AAL,American Airlines Group,12.95,-6,50,-25,-77,-58,-18,17,3,-40,-38,-96
SFD,Smithfield Foods,23.51,-41,0,0,0,-41,-61,-2,8,0,-55,-96
ZTS,Zoetis,151.59,-35,0,-39,-4,-78,-5,-1,-6,-6,-18,-96
MRK,Merck & Co.,84.1,-7,26,-51,0,-32,-18,16,-55,-7,-64,-96
EMN,Eastman Chemical Company,68.9,1,-30,-25,-2,-56,-5,6,-39,-3,-41,-97
CHDN,Churchill Downs Incorporated,100.04,-35,-6,-35,0,-76,-5,-23,6,-2,-24,-100
LKQ,LKQ Corporation,32.63,6,-59,-10,-3,-66,-5,7,-18,-18,-34,-100
IAC,IAC Inc.,36.54,1,-24,-6,-32,-61,-5,3,-1,-39,-42,-103
CZR,Caesars Entertainment,26.38,2,-27,-30,-26,-81,12,2,2,-38,-22,-103
KBR,"KBR, Inc.",49.29,-34,0,-34,0,-68,-40,18,-12,-2,-36,-104
FRPT,Freshpet,55.72,0,-59,-28,-7,-94,9,-16,-24,20,-11,-105
DLTR,Dollar Tree,99.4,-45,-1,1,-16,-61,-40,-10,29,-23,-44,-105
UHAL-B,U-Haul (Series N),51.58,-2,-29,-27,0,-58,23,-28,-41,-2,-48,-106
GME,GameStop,23.24,7,-60,-14,-31,-98,2,5,-7,-8,-8,-106
ACN,Accenture,255.56,-28,-43,-27,-1,-99,-5,1,-23,20,-7,-106
ACI,Albertsons,19.25,-35,-39,0,0,-74,-26,-1,-7,1,-33,-107
NEE,NextEra Energy,69.77,-56,-1,-1,0,-58,-75,-2,14,14,-49,-107
ALB,Albemarle Corporation,82.01,0,47,-132,-24,-109,-5,20,8,-26,-3,-112
TTD,Trade Desk (The),52.05,-21,-21,-31,-2,-75,-30,-13,5,-1,-39,-114
AVY,Avery Dennison,168.46,-62,-10,-39,0,-111,-7,-1,11,-6,-3,-114
EEFT,Euronet Worldwide,90.46,-52,-28,-7,-4,-91,-5,-28,-4,14,-23,-114
ILMN,"Illumina, Inc.",98.1,0,0,-32,-41,-73,12,-21,6,-41,-44,-117
LINE,"Lineage, Inc.",39.95,-16,-22,0,0,-38,-30,-14,-35,0,-79,-117
BHF,Brighthouse Financial,43.37,-35,-46,-7,0,-88,-29,-2,-7,9,-29,-117
SLGN,Silgan Holdings,44.76,-35,-28,-7,0,-70,-33,-28,-1,14,-48,-118
KMX,CarMax,61.38,6,-39,-23,-37,-93,-5,8,-27,-1,-25,-118
COLM,Columbia Sportswear,56.6,42,-125,-25,-7,-115,-5,7,-20,14,-4,-119
CHH,Choice Hotels,114.82,-49,-23,-7,0,-79,-11,-24,-21,15,-41,-120
ENPH,Enphase Energy,38.82,13,0,-50,-21,-58,12,8,-57,-25,-62,-120
ADBE,Adobe Inc.,358.68,6,-43,-40,-7,-84,12,2,-44,-6,-36,-120
SRPT,Sarepta Therapeutics,17.61,-7,0,-33,-8,-48,-10,-1,-54,-7,-72,-120
ACHC,Acadia Healthcare,22.53,-1,-1,-52,-12,-66,-5,12,-46,-17,-56,-122
KVUE,Kenvue,18.46,-65,-10,-2,0,-77,-22,-20,-7,4,-45,-122
FTV,Fortive,47.97,0,-28,-25,0,-53,14,-54,-21,-9,-70,-123
MTN,Vail Resorts,151.75,-12,-2,-37,-24,-75,-32,10,10,-37,-49,-124
AMCR,Amcor,8.25,-35,-17,-5,0,-57,-33,-26,-5,-3,-67,-124
FIS,Fidelity National Information Services,68.89,-50,-24,-6,-38,-118,-5,-26,13,12,-6,-124
CROX,Crocs,87.15,-4,-22,-46,-2,-74,-11,-26,-8,-6,-51,-125
CAVA,Cava Group,65.35,-35,-18,-18,0,-71,-5,-22,-32,3,-56,-127
LSTR,Landstar,131.71,-3,-29,-39,-1,-72,-5,4,-46,-8,-55,-127
CMG,Chipotle Mexican Grill,39.64,-62,-32,-10,81,-23,-62,-33,-8,-1,-104,-127
MOH,Molina Healthcare,175.55,-21,-74,-17,-3,-115,2,8,-13,-9,-12,-127
IT,Gartner,246.33,-21,-59,-25,0,-105,5,-62,-23,58,-22,-127
FMC,FMC Corporation,37.88,-35,-7,-44,-25,-111,1,1,6,-27,-19,-130
DXC,DXC Technology,14.65,20,0,-29,-74,-83,12,11,-36,-35,-48,-131
WU,Western Union,8.75,2,0,-27,-47,-72,-3,11,-62,-6,-60,-132
GPK,Graphic Packaging,21.07,-63,-7,-23,0,-93,2,-4,-36,-1,-39,-132
PRMB,Primo Brands,24.54,-7,-68,-2,23,-54,13,-97,-14,19,-79,-133
DAR,Darling Ingredients,31.2,-31,-9,-10,-21,-71,-50,6,12,-31,-63,-134
AMT,American Tower,193.58,-56,-24,-1,-1,-82,-66,-23,24,12,-53,-135
LCID,Lucid Motors,18.45,-42,-14,-8,0,-64,9,-23,-21,-36,-71,-135
HUN,Huntsman Corporation,11.2,3,2,-49,-16,-60,-5,7,-44,-34,-76,-136
MRNA,Moderna,24.85,0,-23,-59,-5,-87,14,-24,1,-40,-49,-136
DV,DoubleVerify,15.45,-21,0,-74,0,-95,-33,-2,3,-11,-43,-138
LULU,Lululemon Athletica,168.08,-14,-64,-15,-4,-97,-6,-2,-24,-13,-45,-142
HAL,Halliburton,21.77,-7,8,-67,-1,-67,-7,6,-66,-10,-77,-144
UA,Under Armour (Class C),4.92,0,-21,-32,-38,-91,-5,-23,10,-38,-56,-147
UAA,Under Armour (Class A),5.09,6,-21,-32,-45,-92,-5,-23,9,-38,-57,-149
EPAM,EPAM Systems,164.44,-17,-3,-30,-28,-78,-27,14,-21,-38,-72,-150
BAX,Baxter International,24.11,0,-43,-27,-39,-109,12,2,-18,-42,-46,-155
CCI,Crown Castle,93.86,-63,-9,-1,-29,-102,-63,-20,24,6,-53,-155
TDC,Teradata,21.25,8,-22,-83,-18,-115,12,-35,-1,-17,-41,-156
DOW,Dow Inc.,23.98,-7,-32,-47,-2,-88,-5,7,-62,-9,-69,-157
FLO,Flowers Foods,14.93,0,-16,-41,-9,-66,2,-9,-61,-24,-92,-158
REGN,Regeneron Pharmaceuticals,558.03,-48,19,-45,0,-74,-40,-1,-46,-5,-92,-166
TGT,Target Corporation,91.5,-91,-7,-35,-12,-145,-5,-13,2,-7,-23,-168
ALGN,Align Technology,136.88,-7,-27,-71,-26,-131,10,-1,-7,-39,-37,-168
WEN,Wendy's Company (The),10.08,-35,-52,-41,-9,-137,10,6,-36,-16,-36,-173
XRAY,Dentsply Sirona,14.22,1,-27,-85,-43,-154,17,2,3,-41,-19,-173
BMRN,BioMarin Pharmaceutical,56.38,-21,-1,-54,-21,-97,-19,-15,-19,-23,-76,-173
WSC,WillScot Mobile Mini,23.2,-35,-26,-69,-7,-137,-5,-20,2,-13,-36,-173
HRL,Hormel Foods,25.5,-49,-37,-14,-24,-124,13,-33,-1,-31,-52,-176
IFF,International Flavors & Fragrances,66.19,-35,-28,-27,-32,-122,10,-24,-39,-2,-55,-177
RVTY,Revvity,86.34,-55,-28,-24,-25,-132,11,-33,-29,4,-47,-179
MKTX,MarketAxess,187.19,1,-31,-32,-30,-92,7,-46,-6,-45,-90,-182
LYB,LyondellBasell,54.67,-35,-26,-48,-6,-115,-5,7,-62,-8,-68,-183
COTY,Coty,4.32,18,-14,-68,-8,-72,-5,-26,-70,-10,-111,-183
CHTR,Charter Communications,263.97,0,-31,-8,-37,-76,-63,-36,-8,-2,-109,-185
LBRDA,Liberty Broadband (Series A),60.06,-51,-31,-7,-37,-126,-63,-2,-7,9,-63,-189
CNC,Centene,28.84,-9,-75,-48,-12,-144,-13,12,-17,-29,-47,-191
BRBR,BellRing Brands,35.77,-10,-86,-17,0,-113,-5,-78,-23,28,-78,-191
SBAC,SBA Communications,191.36,-63,-24,-3,-21,-111,-63,-24,-2,6,-83,-194
DJT,Trump Media & Technology Group,17.05,-37,-69,-60,0,-166,2,7,-28,-10,-29,-195
GFS,GlobalFoundries,32.93,-40,-24,-86,0,-150,-5,-28,4,-18,-47,-197
DUOL,Duolingo,271.28,-75,-48,-2,0,-125,-38,-62,-5,24,-81,-206
GIS,General Mills,50.12,23,-106,-45,-5,-133,35,-52,-41,-20,-78,-211
MAN,ManpowerGroup,38.47,-50,-9,-50,-29,-138,-5,-1,-50,-37,-93,-231
BF-A,Brown–Forman (Class A),28.08,-49,-1,-106,-19,-175,-40,40,-46,-25,-71,-246
RYAN,Ryan Specialty,54.07,-74,-52,-7,0,-133,-70,-58,-13,26,-115,-248
INSP,Inspire Medical Systems,83.47,-28,-79,-27,-7,-141,-26,-33,-32,-18,-109,-250
BRKR,Bruker,30.78,-51,-27,-64,-9,-151,3,-25,-68,-10,-100,-251
BF-B,Brown–Forman (Class B),27.61,-63,-4,-107,-19,-193,-40,40,-39,-29,-68,-261
RHI,Robert Half,35.93,-7,-156,-33,-10,-206,-5,6,-31,-33,-63,-269
UPS,United Parcel Service,84.34,-49,-29,-110,-17,-205,-5,-1,-38,-35,-79,-284
STZ,Constellation Brands,146.12,-113,-10,-49,-4,-176,-27,-13,-65,-9,-114,-290
GLOB,Globant,61.56,-73,-78,-30,-8,-189,-40,-26,-30,-8,-104,-293
PRGO,Perrigo,22.33,-34,-23,-6,-114,-177,-61,-22,-6,-56,-145,-322
COLD,Americold,13.53,-48,-110,-45,-12,-215,-7,-52,-45,-16,-120,-335
