Symbol,Name,Close,1H Cloud Score,1D Cloud Score,1W Cloud Score,1M Cloud Score,Cloud Score Sum,1H TKx Score,1D TKx Score,1W TKx Score,1M TKx Score,TKx Score Sum,Total Score Sum
TJX,TJX Companies,141.46,8,38,154,199,399,14,-1,123,194,330,729
JPM,JPMorgan Chase,313.44,78,97,129,159,463,81,22,16,27,146,609
ORLY,O'Reilly Auto Parts,104.56,0,49,169,200,418,10,-1,60,90,159,577
AAPL,Apple Inc.,256.94,58,62,4,252,376,63,30,8,72,173,549
WELL,Welltower,171.69,21,92,122,59,294,30,53,139,25,247,541
ORI,Old Republic International,41.22,28,32,153,59,272,33,30,123,56,242,514
COOP,Mr. Cooper Group,207.47,-19,95,125,59,260,-34,94,123,57,240,500
WRB,W. R. Berkley Corporation,74.57,33,21,100,177,331,41,34,30,56,161,492
LOPE,Grand Canyon Education,214.14,77,35,153,36,301,75,34,40,35,184,485
IBM,IBM,281.45,113,6,115,55,289,55,14,62,57,188,477
PLTR,Palantir Technologies,179.1,91,108,122,0,321,-12,6,125,21,140,461
BK,BNY Mellon,109.09,77,97,100,41,315,-12,101,16,20,125,440
GLW,Corning Inc.,79.14,168,94,25,18,305,-5,101,14,15,125,430
RTX,RTX Corporation,160.52,63,94,83,55,295,25,3,90,15,133,428
CASY,Casey's,543.57,-8,14,119,88,213,-4,10,123,79,208,421
WDC,Western Digital,107.19,168,95,18,19,300,-7,106,16,4,119,419
AM,Antero Midstream,19.54,31,17,154,24,226,42,10,84,56,192,418
SO,Southern Company,93.71,28,2,82,191,303,25,-20,29,80,114,417
FAST,Fastenal,47.84,21,117,129,107,374,2,-10,20,27,39,413
YUM,Yum! Brands,150.43,13,11,34,260,318,23,11,-8,58,84,402
ETR,Entergy,90.32,21,5,82,138,246,29,4,95,15,143,389
L,Loews Corporation,99.04,24,95,118,56,293,22,30,16,25,93,386
APP,AppLovin,640.01,162,40,111,0,313,-7,48,12,19,72,385
GS,Goldman Sachs,795.06,0,95,98,59,252,-12,106,16,22,132,384
MCD,McDonald's,302.23,-1,0,58,243,300,19,-6,4,58,75,375
ROL,"Rollins, Inc.",56.42,0,-9,37,287,315,9,-17,29,36,57,372
MS,Morgan Stanley,158.95,1,95,82,65,243,-12,106,16,17,127,370
KLAC,KLA Corporation,1059.24,105,14,20,178,317,-2,8,16,27,49,366
RSG,Republic Services,226.84,0,-41,130,178,267,10,-66,-7,161,98,365
HWM,Howmet Aerospace,189.8,5,12,154,30,201,-5,12,98,58,163,364
ALL,Allstate,209.82,33,6,103,160,302,42,-15,17,18,62,364
DTE,DTE Energy,137.67,28,3,80,190,301,32,-17,33,14,62,363
WM,"Waste Management, Inc.",217.15,0,-24,0,188,164,35,-30,33,160,198,362
MLI,Mueller Industries,99.99,84,67,13,59,223,-8,60,14,72,138,361
AJG,Arthur J. Gallagher & Co.,303.08,35,0,0,187,222,43,-8,-8,108,135,357
LYV,Live Nation Entertainment,162.04,-41,96,100,148,303,-12,34,15,17,54,357
NRG,NRG Energy,162.98,-1,10,109,95,213,-7,9,119,22,143,356
FIX,Comfort Systems USA,781.64,0,98,23,65,186,-12,110,16,56,170,356
CDNS,Cadence Design Systems,351.03,-3,6,23,142,168,-14,3,16,181,186,354
WMB,Williams Companies,63.31,49,6,118,53,226,43,11,16,58,128,354
BSX,Boston Scientific,98.13,0,-10,150,145,285,-2,-4,16,58,68,353
AZO,AutoZone,4136.07,-8,48,100,87,227,10,-2,60,58,126,353
DUK,Duke Energy,122.31,24,3,82,184,293,29,-15,28,17,59,352
LMT,Lockheed Martin,484.7,110,21,0,166,297,31,23,1,-3,52,349
APH,Amphenol,122.33,1,108,25,66,200,-6,110,16,28,148,348
GOOGL,Alphabet (Class A),245.79,-4,84,14,177,271,-18,58,11,22,73,344
GOOG,Alphabet (Class C),246.57,-4,84,13,177,270,-18,58,10,22,72,342
LHX,L3Harris,289.33,27,117,18,6,168,31,110,18,15,174,342
GD,General Dynamics,324.52,0,117,14,55,186,8,72,16,58,154,340
ITT,ITT Inc.,175.24,-11,101,22,100,212,-26,108,16,27,125,337
ATO,Atmos Energy,166.46,18,35,80,46,179,28,-9,91,46,156,335
CAT,Caterpillar Inc.,463.96,77,94,14,65,250,-7,19,14,58,84,334
MSI,Motorola Solutions,455.56,-48,50,7,154,163,-23,-1,7,186,169,332
UNP,Union Pacific Corporation,231.98,43,3,-12,199,233,72,3,1,20,96,329
CTAS,Cintas,202.07,1,-29,1,168,141,5,-24,19,188,188,329
COR,Cencora,298.82,4,18,50,76,148,16,27,61,69,173,321
WMT,Walmart,103.05,-2,19,133,102,252,9,10,16,30,65,317
SNX,TD Synnex,159.77,5,95,21,64,185,-8,101,14,22,129,314
CBOE,Cboe Global Markets,244.26,19,0,150,56,225,26,-21,28,52,85,310
EVRG,Evergy,73.49,25,76,64,15,180,31,4,83,11,129,309
TRV,Travelers Companies (The),274.2,-2,31,97,59,185,-6,42,30,57,123,308
MPWR,Monolithic Power Systems,891.08,0,95,9,158,262,-12,39,16,1,44,306
PPL,PPL Corporation,36.16,20,53,82,24,179,29,-14,94,15,124,303
TIGO,Millicom,47.81,-4,175,83,3,257,-7,5,30,17,45,302
FWONA,Liberty Formula 1 (Series A),94.24,52,8,75,63,198,10,22,15,57,104,302
UNM,Unum,76.7,121,6,4,41,172,43,15,16,55,129,301
NI,NiSource,41.82,28,2,80,46,156,33,2,95,15,145,301
COST,Costco,942.95,-40,-6,0,181,135,4,-17,-8,185,164,299
SRE,Sempra,86.49,21,50,6,182,259,23,5,14,-2,40,299
FWONK,Liberty Formula 1 (Series C),103.97,51,8,76,58,193,10,22,16,57,105,298
EHC,Encompass Health,125.59,4,29,149,30,212,-6,32,30,30,86,298
LRCX,Lam Research,128.11,101,17,15,153,286,-8,9,16,-6,11,297
RBC,RBC Bearings,379.24,-6,-10,99,165,248,-12,-18,20,58,48,296
NEM,Newmont,83.68,35,119,25,6,185,-7,81,25,11,110,295
HIG,Hartford (The),131.6,1,37,100,58,196,21,-6,27,57,99,295
PWR,Quanta Services,400.29,39,2,23,100,164,35,6,16,73,130,294
FYBR,Frontier Communications,37.35,0,33,95,0,128,16,32,100,15,163,291
ADI,Analog Devices,247.66,5,26,17,180,228,-7,26,16,27,62,290
SCCO,Southern Copper,117.99,125,17,4,63,209,33,30,16,1,80,289
RJF,Raymond James Financial,171.89,0,94,98,59,251,-12,17,13,20,38,289
URI,United Rentals,930.52,-12,95,13,65,161,-10,66,14,58,128,289
MNST,Monster Beverage,64.58,-7,34,32,181,240,11,8,25,5,49,289
DGX,Quest Diagnostics,185.4,42,34,74,19,169,-2,32,74,15,119,288
RL,Ralph Lauren Corporation,303.07,-7,97,100,35,225,-7,26,16,27,62,287
DDS,Dillard's,611.85,21,77,20,55,173,14,31,13,56,114,287
MP,MP Materials,77.06,49,78,38,0,165,63,3,51,5,122,287
ACM,AECOM,128.36,-6,101,22,66,183,-16,30,16,72,102,285
HEI,HEICO (Common),318.07,-12,1,31,190,210,-16,8,22,58,72,282
RBA,RB Global,109.02,-23,-1,110,28,114,-20,55,113,20,168,282
SSNC,SS&C Technologies,87.12,-14,71,96,15,168,-12,96,13,16,113,281
AIZ,Assurant,216.12,25,36,7,153,221,37,-7,8,20,58,279
AME,Ametek,184.38,-24,40,10,107,133,-12,40,16,102,146,279
V,Visa Inc.,334.98,-18,-3,143,134,256,-12,-8,16,27,23,279
BWXT,BWX Technologies,176.29,84,93,19,36,232,-7,5,16,32,46,278
UTHR,United Therapeutics,425.08,47,31,4,58,140,42,31,4,60,137,277
STE,Steris,244.3,-14,34,20,196,236,-12,-1,28,26,41,277
IBKR,Interactive Brokers,64.97,42,6,95,58,201,-5,5,16,58,74,275
LIN,Linde plc,473.74,-12,38,19,111,156,-11,5,16,107,117,273
HOOD,Robinhood Markets,122.66,44,97,87,0,228,-4,14,16,19,45,273
BRK-B,Berkshire Hathaway,495.04,23,21,130,63,237,21,-2,-11,27,35,272
WEC,WEC Energy Group,111.24,21,51,61,14,147,31,8,74,12,125,272
MA,Mastercard,567.09,-21,0,132,156,267,-30,-8,16,27,5,272
NEU,NewMarket,825.12,0,117,25,30,172,12,31,28,28,99,271
R,Ryder,184.61,-13,80,17,57,141,-7,66,14,57,130,271
ULTA,Ulta Beauty,539.48,14,105,18,5,142,13,108,18,-10,129,271
AXS,AXIS Capital,94.58,-6,-1,92,46,131,5,-8,88,54,139,270
SF,Stifel,111.92,-13,85,14,60,146,-11,100,13,21,123,269
AMAT,Applied Materials,199.59,100,6,1,150,257,-2,6,14,-6,12,269
ANET,Arista Networks,143.09,-12,80,13,59,140,-18,76,12,57,127,267
NFG,National Fuel Gas,92.57,22,12,66,53,153,21,5,77,11,114,267
GRMN,Garmin,236.58,0,68,118,20,206,-4,29,12,22,59,265
C,Citigroup,102.11,1,95,25,19,140,-11,105,16,15,125,265
XEL,Xcel Energy,77.23,18,51,57,13,139,31,20,65,10,126,265
ORCL,Oracle Corporation,291.23,-7,12,17,199,221,-12,9,16,28,41,262
OGE,OGE Energy,45.07,25,0,74,46,145,26,1,74,15,116,261
AFG,American Financial Group,143.16,53,36,7,57,153,45,36,10,15,106,259
AXON,Axon Enterprise,712.14,-13,-11,151,95,222,-9,-2,16,31,36,258
HCA,HCA Healthcare,414.9,28,34,9,98,169,33,2,22,30,87,256
CINF,Cincinnati Financial,154.42,-2,38,91,63,190,3,29,16,16,64,254
EME,Emcor,625.3,-2,95,23,59,175,-7,14,14,58,79,254
HD,Home Depot (The),407.64,-34,47,7,181,201,-36,60,8,20,52,253
DRS,Leonardo DRS,42.34,27,-27,145,59,204,-2,5,16,30,49,253
CW,Curtiss-Wright,518.33,3,103,25,55,186,-11,11,16,50,66,252
SPOT,Spotify,712.39,0,9,118,13,140,-16,6,101,21,112,252
SCI,Service Corporation International,80.82,30,11,3,176,220,-2,5,14,14,31,251
MCK,McKesson Corporation,736.7,21,6,48,59,134,28,23,-3,68,116,250
MMC,Marsh McLennan,197.92,0,-76,-9,176,91,11,-14,-17,179,159,250
AAON,AAON,88.09,0,6,-19,246,233,-9,24,-31,32,16,249
DTM,DT Midstream,111.17,31,13,109,0,153,42,12,16,26,96,249
KMI,Kinder Morgan,27.94,14,2,98,45,159,12,11,14,53,90,249
CME,CME Group,268.77,17,-29,60,137,185,12,-24,56,20,64,249
COF,Capital One,222.41,-11,101,100,22,212,-20,21,16,19,36,248
IDA,Idacorp,127.93,25,64,62,19,170,32,3,32,11,78,248
AXP,American Express,340.18,52,24,23,100,199,-12,24,14,22,48,247
PFGC,Performance Food Group,102.98,-25,98,59,44,176,-28,24,16,58,70,246
SPG,Simon Property Group,182.55,21,64,7,36,128,19,63,14,22,118,246
JEF,Jefferies Financial Group,65.96,-11,71,3,59,122,-12,71,7,58,124,246
PM,Philip Morris International,164.02,0,-9,76,56,123,17,-15,91,28,121,244
CNP,Centerpoint Energy,38.4,24,49,55,46,174,-2,7,49,16,70,244
ABBV,AbbVie,218.54,0,47,23,59,129,-14,54,9,65,114,243
THC,Tenet Healthcare,196.7,28,32,20,58,138,37,29,14,25,105,243
HUBB,Hubbell Incorporated,420.33,-19,0,7,183,171,-12,-1,12,72,71,242
OLLI,Ollie's Bargain Outlet,133.67,-1,0,121,17,137,5,7,69,24,105,242
TDY,Teledyne Technologies,565.99,39,94,58,15,206,-7,9,16,16,34,240
BPOP,"Popular, Inc.",126.94,0,102,23,60,185,-12,30,16,20,54,239
GE,GE Aerospace,297.11,1,106,25,28,160,-5,17,36,30,78,238
TPR,"Tapestry, Inc.",107.8,-6,95,86,22,197,-5,12,14,20,41,238
WFC,Wells Fargo,84.31,54,11,98,30,193,-10,19,16,20,45,238
HEI-A,HEICO (Class A),250.38,-35,4,32,183,184,-10,9,23,31,53,237
FTI,TechnipFMC,39.95,2,95,23,28,148,18,17,16,38,89,237
DASH,DoorDash,262.15,0,94,103,0,197,-5,9,16,19,39,236
BX,Blackstone Inc.,175.58,-13,66,10,143,206,-17,13,11,22,29,235
LOW,Lowe's,255.53,-35,47,6,167,185,-36,59,7,20,50,235
THG,Hanover Insurance,175.71,0,34,67,25,126,7,26,59,15,107,233
GM,General Motors,60.59,14,77,13,12,116,21,69,13,14,117,233
WPC,W. P. Carey,67.41,-36,92,35,3,94,15,84,32,6,137,231
J,Jacobs Solutions,146.3,-6,93,12,107,206,-12,4,13,20,25,231
INTU,Intuit,692.75,42,-26,23,192,231,-5,-32,16,21,0,231
BKNG,Booking Holdings,5579.12,4,1,142,36,183,16,-12,16,27,47,230
LDOS,Leidos,182.3,-6,107,8,24,133,-6,64,19,20,97,230
QCOM,Qualcomm,169.67,78,22,0,23,123,74,24,14,-6,106,229
LNG,Cheniere Energy,237.58,14,3,66,59,142,21,-7,16,57,87,229
AVGO,Broadcom,336.11,-28,98,25,117,212,-47,15,16,31,15,227
BKR,Baker Hughes,50.1,42,49,10,36,137,35,18,10,27,90,227
CMI,Cummins,414.04,-6,67,11,66,138,-12,58,12,31,89,227
MO,Altria,65.18,0,48,76,46,170,16,-8,32,17,57,227
HLI,Houlihan Lokey,205.29,0,97,23,45,165,-12,30,16,27,61,226
MRVL,Marvell Technology,83.82,56,2,-27,107,138,58,4,6,19,87,225
AMG,Affiliated Managers Group,238.02,-11,101,17,23,130,-12,72,16,18,94,224
AYI,Acuity Brands,334.24,-7,71,10,28,102,-11,100,12,21,122,224
AU,AngloGold Ashanti,65.79,-2,39,82,19,138,-8,48,30,15,85,223
PGR,Progressive Corporation,242.18,-49,-75,-2,178,52,5,-15,-9,190,171,223
NFLX,Netflix,1207.6,-14,-2,122,21,127,-13,-6,93,21,95,222
NVDA,Nvidia,177.68,26,6,20,135,187,-13,4,16,27,34,221
EBAY,eBay,93.11,16,2,83,15,116,14,-15,88,17,104,220
FFIV,"F5, Inc.",324.08,-15,94,100,15,194,-16,8,16,18,26,220
NVT,Nvent Electric,96.6,-2,95,14,13,120,-16,108,14,-6,100,220
ALLE,Allegion,172.99,-7,107,15,22,137,-19,63,16,23,83,220
CG,Carlyle Group (The),63.63,-14,86,14,22,108,-18,97,13,19,111,219
CORT,Corcept Therapeutics,82.78,49,7,70,20,146,46,5,-17,39,73,219
MSFT,Microsoft,506.96,-3,-1,22,174,192,-18,3,16,26,27,219
INSM,Insmed,135.57,-13,75,70,17,149,-14,45,16,21,68,217
UI,Ubiquiti,645.18,45,24,58,11,138,-7,59,16,11,79,217
DKS,Dick's Sporting Goods,225.29,21,61,3,64,149,18,9,6,34,67,216
OMF,OneMain Financial,58.77,-19,95,23,61,160,-18,30,16,27,55,215
MPC,Marathon Petroleum,196.43,56,21,5,50,132,54,21,16,-9,82,214
CAH,Cardinal Health,148.98,-6,-1,61,39,93,-5,14,54,58,121,214
HII,Huntington Ingalls Industries,271.13,-3,134,14,7,152,35,14,22,-10,61,213
AWI,Armstrong World Industries,192.17,-28,102,100,22,196,-18,-1,16,20,17,213
CRS,Carpenter Technology Corporation,232.4,-35,-24,152,36,129,-40,-3,77,50,84,213
BYD,Boyd Gaming,84.49,21,5,54,60,140,36,-8,16,28,72,212
PH,Parker Hannifin,745.2,-8,96,23,66,177,-11,-2,16,31,34,211
LLY,Lilly (Eli),714.68,-21,0,-9,173,143,-33,17,-13,97,68,211
EVR,Evercore,336.03,-10,94,13,59,156,-16,30,14,27,55,211
ETN,Eaton Corporation,364.74,-7,5,14,115,127,-16,12,14,73,83,210
HPE,Hewlett Packard Enterprise,24.2,-12,91,7,43,129,-16,28,13,55,80,209
SYY,Sysco,81.11,-7,82,13,4,92,-7,95,13,15,116,208
TER,Teradyne,132.89,42,66,1,3,112,-3,96,9,-6,96,208
CRH,CRH plc,111.77,-7,49,13,65,120,-10,58,10,28,86,206
FSLR,First Solar,223.0,60,60,1,63,184,-4,15,16,-7,20,204
TKO,TKO Group Holdings,195.77,-29,33,77,41,122,-12,26,16,51,81,203
TDG,TransDigm Group,1290.07,1,-31,3,158,131,-4,2,16,58,72,203
LITE,Lumentum,159.11,-14,93,20,4,103,-27,101,14,11,99,202
VTR,"Ventas, Inc.",68.18,0,51,78,23,152,17,6,10,16,49,201
WSM,"Williams-Sonoma, Inc.",201.18,3,61,14,66,144,17,9,8,22,56,200
T,AT&T,28.3,-29,35,76,17,99,-52,37,100,16,101,200
MTG,MGIC Investment Corporation,28.41,1,32,25,56,114,8,32,16,29,85,199
WTW,Willis Towers Watson,338.09,35,40,14,25,114,37,11,6,30,84,198
PNR,Pentair,108.32,-19,95,15,63,154,-28,32,14,25,43,197
AMKR,Amkor Technology,29.17,101,80,0,3,184,-7,16,10,-6,13,197
TLN,Talen Energy,410.75,-6,107,45,0,146,-12,42,17,3,50,196
NSC,Norfolk Southern,294.5,59,9,17,5,90,72,3,16,15,106,196
VMC,Vulcan Materials,294.74,-12,47,12,61,108,-12,55,16,28,87,195
SGI,Somnigroup International,82.05,-28,95,47,65,179,-26,-1,16,27,16,195
KRC,Kilroy Realty,43.36,-4,85,12,0,93,-10,88,12,12,102,195
FICO,Fair Isaac,1553.09,5,0,-12,167,160,18,19,-34,32,35,195
RCL,Royal Caribbean Group,324.51,0,7,127,29,163,-8,-5,16,28,31,194
NOC,Northrop Grumman,585.65,14,62,16,59,151,21,-14,23,13,43,194
MLM,Martin Marietta Materials,608.06,-16,50,12,61,107,-12,55,16,28,87,194
AFL,Aflac,109.48,12,31,7,59,109,12,30,-14,56,84,193
EXPD,Expeditors International,121.21,-35,40,7,132,144,10,31,12,-4,49,193
MEDP,Medpace,487.89,-7,69,10,33,105,-5,79,10,3,87,192
OZK,Bank OZK,51.85,-17,95,23,57,158,-24,23,14,20,33,191
WBD,Warner Bros. Discovery,19.78,102,11,18,0,131,33,11,14,1,59,190
VLO,Valero Energy,174.46,56,24,6,45,131,27,23,15,-6,59,190
DCI,Donaldson Company,80.08,-14,47,8,66,107,-18,54,16,31,83,190
KR,Kroger,65.47,-2,-21,85,68,130,11,-24,56,16,59,189
PRI,Primerica,273.98,1,17,0,109,127,-7,24,14,31,62,189
ADT,ADT Inc.,8.61,-21,115,37,0,131,-12,30,31,9,58,189
VIK,Viking Holdings,60.01,-20,95,0,0,75,-12,110,16,0,114,189
FHN,First Horizon Corporation,22.66,0,95,58,5,158,-18,24,14,11,31,189
ADP,Automatic Data Processing,288.2,-5,-18,0,181,158,-12,-31,16,58,31,189
XOM,ExxonMobil,115.6,21,14,3,45,83,15,23,15,51,104,187
DINO,HF Sinclair,54.01,27,97,6,2,132,21,27,16,-9,55,187
NWS,News Corp (Class B),33.42,0,0,118,59,177,-11,-17,16,22,10,187
SOFI,SoFi,28.12,0,87,52,0,139,-10,31,14,12,47,186
VNT,Vontier,41.76,-13,95,11,0,93,-17,102,14,-6,93,186
AGO,Assured Guaranty,83.82,40,0,0,57,97,42,8,16,23,89,186
PTC,PTC Inc.,202.7,-21,0,12,183,174,-18,-11,13,27,11,185
NTRS,Northern Trust,131.38,1,95,22,12,130,-12,37,16,14,55,185
KO,Coca-Cola Company (The),65.99,-14,-24,34,183,179,12,-17,-4,15,6,185
FE,FirstEnergy,44.25,18,48,12,56,134,17,2,16,15,50,184
AEE,Ameren,100.78,18,3,62,14,97,26,-17,67,11,87,184
MDU,MDU Resources,17.07,35,3,1,59,98,33,5,16,31,85,183
MTZ,MasTec,204.53,84,12,25,19,140,-5,17,16,14,42,182
LH,Labcorp,276.11,0,45,61,16,122,-6,32,14,19,59,181
FLEX,Flex Ltd.,56.49,-7,24,24,59,100,-11,17,16,58,80,180
MDT,Medtronic,94.27,0,62,17,2,81,-1,76,9,14,98,179
TFC,Truist Financial,45.75,22,69,7,5,103,46,2,13,15,76,179
JHG,Janus Henderson,44.45,-17,80,12,20,95,-12,64,13,19,84,179
LLYVK,Liberty Live (Series C),96.47,-41,101,36,0,96,-5,71,16,1,83,179
LFUS,Littelfuse,257.43,-17,95,9,3,90,-17,100,14,-9,88,178
AN,AutoNation,216.18,-8,32,23,62,109,-4,-1,16,58,69,178
TMUS,T-Mobile US,237.95,0,-1,0,140,139,12,-10,1,36,39,178
LLYVA,Liberty Live (Series A),93.89,-41,108,36,0,103,-12,69,16,1,74,177
BLK,BlackRock,1147.38,5,94,23,23,145,-12,5,16,22,31,176
D,Dominion Energy,59.65,0,93,20,2,115,31,3,16,11,61,176
PHM,PulteGroup,128.74,-44,68,7,66,97,-36,72,12,30,78,175
STT,State Street Corporation,113.86,26,97,23,17,163,-11,-7,15,15,12,175
DOCS,Doximity,74.39,4,65,60,0,129,-4,30,6,13,45,174
CHD,Church & Dwight,85.84,-70,-43,-22,345,210,-36,-6,-20,26,-36,174
TT,Trane Technologies,406.45,0,-21,22,165,166,-4,-34,16,30,8,174
FTAI,FTAI Aviation,170.17,-1,41,9,48,97,-8,41,12,32,77,174
AON,AON,351.71,-60,-8,0,178,110,15,-12,3,57,63,173
EXPE,Expedia Group,215.15,-13,68,55,12,122,-10,34,12,15,51,173
WCC,Wesco International,208.34,-44,94,13,59,122,-16,-6,14,58,50,172
LPLA,LPL Financial,336.57,3,-20,51,100,134,-5,-31,16,58,38,172
PANW,Palo Alto Networks,202.23,-2,15,5,82,100,-18,16,16,58,72,172
CBRE,CBRE Group,156.28,-29,79,98,23,171,-27,-2,14,15,0,171
CVX,Chevron Corporation,160.73,14,57,13,49,133,19,5,7,7,38,171
TOL,Toll Brothers,135.02,-44,79,0,62,97,-36,72,10,27,73,170
IVZ,Invesco,22.37,0,71,13,3,87,-11,67,13,14,83,170
NET,Cloudflare,218.22,-9,95,45,0,131,-14,17,16,20,39,170
CACI,CACI,476.24,-7,0,8,155,156,-12,7,20,-2,13,169
GL,Globe Life,143.06,0,47,51,15,113,-9,46,10,9,56,169
IONS,Ionis Pharmaceuticals,62.97,14,98,7,1,120,21,23,16,-11,49,169
SYF,Synchrony Financial,74.29,-17,95,23,22,123,-17,30,14,19,46,169
FTNT,Fortinet,83.19,50,0,-8,114,156,-5,10,-8,14,11,167
CMA,Comerica,68.89,-20,69,13,5,67,-26,100,13,13,100,167
BOKF,BOK Financial Corporation,112.56,14,64,6,23,107,5,30,10,15,60,167
FOX,Fox Corporation (Class B),54.46,42,31,73,2,148,-9,3,13,10,17,165
WFRD,Weatherford International,68.1,56,66,0,0,122,19,24,6,-6,43,165
EQH,Equitable Holdings,51.92,-12,16,98,12,114,-12,27,16,20,51,165
AEP,American Electric Power,107.86,14,0,79,24,117,19,-16,29,15,47,164
BR,Broadridge Financial Solutions,234.81,-61,-9,120,146,196,-57,-17,16,26,-32,164
ICE,Intercontinental Exchange,167.24,-63,-19,118,162,198,-60,-25,28,22,-35,163
CIEN,Ciena,137.17,1,95,15,13,124,-9,17,14,17,39,163
CRUS,Cirrus Logic,125.6,70,32,4,20,126,-2,27,16,-4,37,163
XYL,Xylem Inc.,141.47,0,95,14,23,132,-12,4,16,23,31,163
USFD,US Foods,76.51,-28,-19,149,36,138,-28,8,16,27,23,161
RGLD,Royal Gold,193.18,7,25,67,19,118,-9,33,2,17,43,161
KRMN,Karman Holdings,67.36,105,32,0,0,137,-8,23,8,0,23,160
CXT,Crane NXT,63.33,21,3,1,56,81,18,-8,12,57,79,160
PG,Procter & Gamble,152.14,-40,-4,-12,180,124,1,27,-20,27,35,159
JBL,Jabil,210.13,-7,0,25,66,84,-7,6,17,58,74,158
SNA,Snap-on,336.72,2,16,4,60,82,-1,10,9,58,76,158
AMGN,Amgen,271.29,-7,-16,-4,166,139,-6,-17,4,37,18,157
GGG,Graco Inc.,84.03,-19,-5,-1,179,154,-5,-7,16,-1,3,157
LNT,Alliant Energy,65.23,19,3,74,15,111,30,-14,16,14,46,157
ARES,Ares Management,163.28,-14,-2,0,60,44,-12,-2,16,107,109,153
OHI,Omega Healthcare Investors,41.47,-6,54,12,41,101,12,-4,11,32,51,152
CVNA,Carvana,371.3,-1,7,98,12,116,-12,15,16,17,36,152
TTWO,Take-Two Interactive,245.12,-14,18,51,14,69,-14,25,51,21,83,152
RRC,Range Resources,37.33,21,0,1,43,65,21,13,-4,56,86,151
PNC,PNC Financial Services,202.78,0,85,8,15,108,-11,26,13,15,43,151
EPR,EPR Properties,56.83,-10,1,63,30,84,-5,14,36,22,67,151
ITW,Illinois Tool Works,257.89,-41,0,8,179,146,-36,-2,13,30,5,151
CB,Chubb Limited,278.29,14,0,0,59,73,33,-2,-10,57,78,151
CFG,Citizens Financial Group,52.9,1,83,14,5,103,-10,30,13,15,48,151
GWRE,Guidewire Software,234.59,-28,15,116,22,125,-27,15,16,21,25,150
WSO,Watsco,394.02,6,-39,-9,197,155,-6,-37,-34,72,-5,150
JLL,Jones Lang LaSalle,300.74,-17,69,10,15,77,-26,74,10,15,73,150
ALNY,Alnylam Pharmaceuticals,449.77,-6,94,23,16,127,-6,-3,16,16,23,150
SYK,Stryker Corporation,368.94,-22,-10,0,160,128,-16,-7,14,30,21,149
MRP,Millrose Properties,34.45,0,84,0,0,84,-7,62,9,0,64,148
RF,Regions Financial Corporation,26.58,-18,94,13,23,112,-24,31,14,15,36,148
FNB,FNB Corporation,16.08,-18,95,7,56,140,-26,-2,15,20,7,147
DE,Deere & Company,466.75,-12,-25,55,110,128,-5,-38,51,11,19,147
CCL,Carnival Corporation & plc,30.5,-19,94,23,2,100,-12,24,14,20,46,146
WBS,Webster Bank,59.82,-11,95,14,15,113,-23,24,14,18,33,146
PKG,Packaging Corporation of America,213.22,0,25,0,62,87,-2,25,9,27,59,146
U,Unity Technologies,42.11,-10,84,12,0,86,-16,58,16,1,59,145
PSTG,Pure Storage,83.46,-6,25,5,43,67,-9,17,12,58,78,145
POST,Post Holdings,105.33,15,-1,-4,88,98,12,-9,-14,58,47,145
IRM,Iron Mountain,100.78,0,9,2,58,69,-6,8,16,57,75,144
SNPS,Synopsys,487.39,7,-12,-3,181,173,-13,-24,14,-6,-29,144
EXEL,Exelixis,38.68,-13,-2,70,15,70,-23,9,61,25,72,142
MET,Metlife,80.28,27,26,0,59,112,-2,-2,14,19,29,141
F,Ford Motor Company,11.61,-7,109,8,0,110,-11,29,16,-6,28,138
O,Realty Income,59.78,0,39,16,8,63,16,29,16,14,75,138
EXE,Expand Energy,104.38,54,0,47,0,101,17,13,-5,11,36,137
ROST,Ross Stores,149.46,14,38,6,36,94,14,-6,5,30,43,137
TRGP,Targa Resources,171.82,27,3,0,52,82,19,6,-26,55,54,136
KEY,Keycorp,18.8,-12,95,14,5,102,-18,24,14,14,34,136
BRX,Brixmor Property Group,27.22,-41,77,6,56,98,-36,30,16,27,37,135
BWA,BorgWarner,43.4,-14,97,14,3,100,-26,61,16,-17,34,134
FNF,Fidelity National Financial,59.16,0,32,0,59,91,21,-1,1,22,43,134
LAZ,Lazard,53.73,-13,78,8,21,94,-17,30,13,14,40,134
EQT,EQT Corporation,53.92,21,0,47,43,111,21,-8,-1,11,23,134
PLNT,Planet Fitness,103.41,14,-18,69,14,79,33,-10,16,15,54,133
RNR,RenaissanceRe,247.51,25,6,-14,36,53,36,1,14,29,80,133
VRSN,Verisign,283.76,-12,0,42,10,40,11,16,58,8,93,133
CSX,CSX Corporation,33.78,63,-2,2,5,68,74,-18,16,-7,65,133
PSX,Phillips 66,139.13,14,24,1,42,81,19,24,15,-6,52,133
PVH,PVH Corp.,85.71,27,31,0,2,60,46,30,5,-8,73,133
PEG,Public Service Enterprise Group,80.87,-6,-17,0,153,130,-2,-25,10,18,1,131
WYNN,Wynn Resorts,125.88,0,97,14,4,115,-16,25,16,-9,16,131
FOXA,Fox Corporation (Class A),60.23,0,31,74,2,107,-9,3,14,15,23,130
CHRW,C.H. Robinson,133.8,0,63,9,5,77,-24,56,12,9,53,130
AL,Air Lease Corporation,63.61,5,25,23,23,76,-17,28,16,27,54,130
COKE,Coca-Cola Consolidated,113.93,0,-3,0,86,83,16,-2,-21,53,46,129
HALO,Halozyme,73.94,-10,42,13,20,65,-12,53,7,15,63,128
TSCO,Tractor Supply Company,56.41,-28,-1,13,86,70,-26,-12,10,86,58,128
JCI,Johnson Controls,105.77,-12,-1,81,20,88,-12,17,16,19,40,128
PFG,Principal Financial Group,81.51,0,24,3,56,83,-6,19,13,19,45,128
ELAN,Elanco,18.92,0,98,8,0,106,-16,30,15,-7,22,128
CMS,CMS Energy,70.99,1,-1,82,24,106,21,-20,4,15,20,126
WAB,Wabtec,194.58,26,-3,1,50,74,-10,-11,16,57,52,126
UHS,Universal Health Services,197.71,28,27,1,23,79,28,31,-10,-2,47,126
FIVE,Five Below,151.72,0,97,6,0,103,-7,28,17,-16,22,125
AMD,Advanced Micro Devices,161.28,28,0,4,111,143,-5,-21,16,-8,-18,125
VMI,Valmont Industries,364.87,-14,0,68,59,113,-12,-1,13,11,11,124
REG,Regency Centers,71.07,15,3,0,54,72,21,-6,16,20,51,123
AIT,Applied Industrial Technologies,259.38,-12,0,13,59,60,-11,4,12,58,63,123
ES,Eversource Energy,68.49,35,5,21,0,61,33,9,16,3,61,122
MSA,MSA Safety,168.88,-11,-2,0,165,152,-12,-28,16,-6,-30,122
JNJ,Johnson & Johnson,177.74,5,61,14,8,88,20,-4,11,7,34,122
ESI,Element Solutions,24.83,-19,67,-1,58,105,-26,31,13,-2,16,121
EXC,Exelon,43.76,25,0,61,15,101,32,-17,-7,11,19,120
XPO,"XPO, Inc.",129.16,-13,14,0,62,63,-7,23,13,28,57,120
APO,Apollo Global Management,136.15,-9,-2,-1,98,86,-11,6,12,27,34,120
NWSA,News Corp (Class A),30.17,0,9,15,59,83,-11,8,16,22,35,118
SEIC,SEI Investments Company,85.1,-20,-15,98,36,99,-12,-12,16,27,19,118
CSL,Carlisle Companies,327.62,-70,-10,-3,179,96,-9,-6,16,21,22,118
KKR,KKR & Co. Inc.,135.68,-14,-1,0,104,89,-12,6,12,22,28,117
HR,Healthcare Realty Trust,17.68,-20,63,8,1,52,-23,69,8,10,64,116
ATI,ATI Inc.,77.44,-11,-3,22,44,52,-19,14,16,53,64,116
GILD,Gilead Sciences,111.01,-7,-1,57,36,85,-7,-17,14,40,30,115
FITB,Fifth Third Bancorp,45.29,-19,71,6,23,81,-24,28,13,17,34,115
NDAQ,"Nasdaq, Inc.",86.72,-60,-3,82,145,164,-62,-19,16,15,-50,114
BAC,Bank of America,51.83,0,28,23,19,70,-12,25,16,15,44,114
ALAB,Astera Labs,200.62,-18,93,3,0,78,-30,55,11,0,36,114
AMP,Ameriprise Financial,492.02,1,-19,0,65,47,-5,-15,14,72,66,113
MUSA,Murphy USA,386.51,-6,-1,-19,69,43,16,8,-35,80,69,112
ADM,Archer Daniels Midland,61.17,1,96,8,0,105,17,-5,16,-21,7,112
AGNC,AGNC Investment,9.77,-37,80,17,17,77,-75,78,14,18,35,112
SCHW,Charles Schwab Corporation,94.79,7,0,83,12,102,1,-22,16,15,10,112
ABT,Abbott Laboratories,133.31,0,24,62,14,100,-10,3,2,15,10,110
INTC,Intel,33.97,63,31,1,-21,74,13,30,6,-13,36,110
FERG,Ferguson Enterprises,225.37,0,0,17,66,83,-9,-6,16,26,27,110
SLM,Sallie Mae,28.08,-7,-29,96,23,83,-17,-29,50,22,26,109
LSCC,Lattice Semiconductor,72.07,49,37,7,0,93,-8,30,8,-16,14,107
THO,Thor Industries,105.8,2,79,7,3,91,15,-5,12,-7,15,106
VST,Vistra Corp.,201.66,-14,12,25,31,54,-15,6,14,46,51,105
RIVN,Rivian,15.75,42,8,2,0,52,56,18,1,-22,53,105
SSB,SouthState Corporation,100.1,-18,66,6,23,77,-26,24,10,20,28,105
TSLA,"Tesla, Inc.",423.23,0,34,4,11,49,-6,40,10,11,55,104
NTAP,Netapp,120.76,-14,38,4,58,86,-23,30,13,-2,18,104
ZION,Zions Bancorporation,57.29,-13,77,6,5,75,-24,23,13,16,28,103
RGA,Reinsurance Group of America,188.22,0,13,-9,41,45,17,-7,-7,54,57,102
NOW,ServiceNow,918.37,-11,0,0,83,72,-21,14,14,23,30,102
FRHC,Freedom Holding,170.9,10,0,60,15,85,-5,-25,16,31,17,102
MTB,M&T Bank,198.84,0,24,7,23,54,-5,24,14,15,48,102
PCAR,Paccar,95.56,-35,-1,-28,160,96,-40,7,3,35,5,101
MMM,3M,153.04,-14,0,80,15,81,-10,-1,16,15,20,101
SPGI,S&P Global,485.05,-42,-6,0,173,125,-42,-18,14,22,-24,101
CLH,Clean Harbors,231.53,-12,-2,7,59,52,-11,-14,16,58,49,101
MKL,Markel,1904.3,-9,-9,74,56,112,-22,-31,14,27,-12,100
DRI,Darden Restaurants,187.03,-44,-6,50,62,62,9,-1,-2,31,37,99
AIG,American International Group,77.1,-5,-1,34,54,82,9,-9,-6,22,16,98
EMR,Emerson Electric,130.11,-7,-8,22,65,72,-15,-2,16,27,26,98
RKLB,Rocket Lab,46.61,-9,15,55,0,61,-7,17,16,9,35,96
MCO,Moody's Corporation,472.72,-41,-6,0,157,110,-36,-18,14,26,-14,96
DAL,Delta Air Lines,56.72,-15,67,7,20,79,-13,-6,8,27,16,95
MSGS,Madison Square Garden Sports,221.92,14,13,3,22,52,14,20,9,-1,42,94
TNL,Travel + Leisure Co.,59.65,-70,85,15,17,47,-11,30,13,15,47,94
WTFC,Wintrust Financial,133.63,-19,32,15,50,78,-17,-1,14,20,16,94
LNC,Lincoln Financial,40.19,-4,64,24,2,86,-10,-6,14,9,7,93
ROKU,"Roku, Inc.",98.03,0,76,16,-20,72,-19,24,11,5,21,93
TRMB,Trimble Inc.,79.99,-10,0,85,5,80,-13,-1,14,13,13,93
DBX,Dropbox,31.25,0,21,5,10,36,16,26,6,9,57,93
ECG,Everus Construction Group,79.34,-7,93,0,0,86,-12,5,13,0,6,92
DHI,D. R. Horton,165.01,-63,68,7,66,78,7,-1,10,-3,13,91
ONTO,Onto Innovation,128.08,82,24,-32,0,74,-7,27,1,-5,16,90
RBLX,Roblox Corporation,132.03,-12,13,59,0,60,-18,14,22,12,30,90
NCLH,Norwegian Cruise Line Holdings,25.01,-18,66,6,0,54,-9,15,9,21,36,90
STLD,Steel Dynamics,136.07,0,9,6,56,71,-20,23,16,-1,18,89
HON,Honeywell,207.76,-48,-30,-2,179,99,-7,-42,16,23,-10,89
AFRM,Affirm Holdings,78.0,-17,77,18,0,78,-20,-1,14,18,11,89
CF,CF Industries,89.72,25,0,3,5,33,29,2,16,9,56,89
INFA,Informatica,24.83,0,86,0,0,86,4,-8,14,-8,2,88
BAM,Brookfield Asset Management,58.01,0,-1,71,0,70,-10,3,16,9,18,88
W,Wayfair,84.98,-26,95,10,-42,37,-25,101,16,-41,51,88
CSCO,Cisco,67.84,0,-3,54,15,66,3,-24,16,26,21,87
CEG,Constellation Energy,326.36,31,0,22,0,53,-7,5,16,20,34,87
RPM,RPM International,116.11,-44,0,-1,181,136,-58,-5,13,-1,-51,85
CRWD,CrowdStrike,473.09,0,6,51,0,57,-16,7,16,21,28,85
EA,Electronic Arts,168.31,-14,41,10,8,45,-7,3,22,22,40,85
CVS,CVS Health,74.61,0,30,16,0,46,-2,34,6,1,39,85
PODD,Insulet,323.71,-13,32,51,5,75,-13,-4,20,7,10,85
EXLS,EXL Service,43.21,1,-1,0,66,66,5,-5,5,14,19,85
NBIX,Neurocrine Biosciences,140.95,-7,32,6,26,57,-5,24,13,-5,27,84
IT,Gartner,262.4,69,-72,-27,0,-30,69,12,-25,58,114,84
CLF,Cleveland-Cliffs,12.07,14,60,0,-17,57,7,20,9,-9,27,84
MU,Micron Technology,156.8,0,21,4,23,48,-12,30,16,1,35,83
UBER,Uber,97.59,0,14,24,0,38,-10,6,22,27,45,83
ADSK,Autodesk,320.21,-6,19,5,15,33,-5,19,16,20,50,83
DD,DuPont,74.51,-14,66,-9,20,63,-14,24,13,-4,19,82
ASTS,AST SpaceMobile,49.39,39,0,17,0,56,-2,3,16,9,26,82
UAL,United Airlines Holdings,99.17,-19,68,7,12,68,-12,-1,10,17,14,82
PEGA,Pegasystems,58.3,-3,15,25,6,43,-5,14,14,16,39,82
SHW,Sherwin-Williams,339.97,-70,-5,0,191,116,-62,-8,16,20,-34,82
ECL,Ecolab,267.24,0,-6,22,23,39,19,-12,16,20,43,82
KNSL,Kinsale Capital Group,415.12,-7,-24,-3,34,0,8,-12,-1,86,81,81
WAL,Western Alliance Bancorporation,88.26,-7,32,6,5,36,-18,30,13,19,44,80
NEE,NextEra Energy,74.65,28,2,1,1,32,32,-15,16,14,47,79
APA,APA Corporation,24.35,14,35,0,-13,36,19,33,11,-20,43,79
ED,Consolidated Edison,98.35,20,-22,1,48,47,21,-25,-10,46,32,79
BRO,Brown & Brown,92.65,3,-104,-5,164,58,19,-10,-16,27,20,78
EWBC,East West Bancorp,107.9,-19,24,15,23,43,-24,24,15,20,35,78
MSM,MSC Industrial Direct,89.18,-20,24,13,59,76,-30,26,16,-10,2,78
NU,Nubank,15.78,-1,26,7,0,32,-11,21,16,20,46,78
CWEN-A,Clearway Energy (Class A),26.98,2,-25,64,7,48,30,-39,28,11,30,78
GNTX,Gentex,28.37,-13,60,0,0,47,-28,58,10,-9,31,78
NTRA,Natera,163.64,-15,26,7,19,37,-17,30,6,20,39,76
DVN,Devon Energy,35.76,14,32,0,-6,40,16,28,15,-23,36,76
HBAN,Huntington Bancshares,17.32,-19,24,15,22,42,-23,24,16,17,34,76
LAMR,Lamar Advertising,120.55,-44,24,7,65,52,-36,24,14,22,24,76
TPL,Texas Pacific Land Corporation,926.0,16,0,-15,59,60,18,-5,-11,14,16,76
TXT,Textron,82.37,-6,11,0,54,59,-12,19,16,-6,17,76
RS,"Reliance, Inc.",280.7,-70,-39,-2,116,5,-3,-4,-1,78,70,75
OVV,Ovintiv,42.71,21,8,0,3,32,19,17,13,-7,42,74
APPF,AppFolio,276.3,-5,0,11,29,35,-9,8,11,29,39,74
LVS,Las Vegas Sands,53.05,-9,95,12,3,101,-16,-9,13,-15,-27,74
VICI,Vici Properties,32.04,-98,0,64,16,-18,10,-6,29,58,91,73
ARMK,Aramark,37.66,0,-21,21,41,41,-5,-37,16,57,31,72
AR,Antero Resources,34.04,21,0,0,11,32,22,13,-6,11,40,72
CGNX,Cognex Corporation,44.85,-2,77,7,-32,50,-12,63,12,-41,22,72
ROIV,Roivant Sciences,14.96,0,32,7,0,39,-33,48,16,1,32,71
PR,Permian Resources,13.69,21,0,0,27,48,19,-9,16,-3,23,71
VNOM,Viper Energy,39.61,14,2,-15,45,46,21,-10,-34,48,25,71
INCY,Incyte,81.62,-15,81,9,0,75,-19,-5,12,8,-4,71
H,Hyatt Hotels,140.03,-28,0,-1,56,27,-24,-1,12,56,43,70
PAG,Penske Automotive Group,170.92,-74,-1,21,63,9,-7,-6,16,58,61,70
M,"Macy's, Inc.",17.08,-5,61,4,-16,44,3,24,5,-7,25,69
EOG,EOG Resources,117.08,-19,-5,-4,46,18,-2,-8,9,52,51,69
RDDT,Reddit,232.77,-21,70,3,0,52,-30,39,8,0,17,69
GWW,W. W. Grainger,952.79,-35,-2,-9,95,49,-27,-5,-7,58,19,68
VEEV,Veeva Systems,279.98,5,-6,51,9,59,-7,-20,16,19,8,67
VOYA,Voya Financial,75.13,-13,36,7,5,35,-11,30,14,-2,31,66
USB,U.S. Bancorp,49.01,-11,28,6,5,28,-20,29,13,16,38,66
ROP,Roper Technologies,494.99,-21,-39,-8,183,115,-13,-56,-7,27,-49,66
NTNX,Nutanix,76.46,-28,12,4,23,11,2,11,16,25,54,65
HAS,Hasbro,74.53,0,0,20,4,24,22,-9,16,12,41,65
WWD,"Woodward, Inc.",243.92,6,-3,25,36,64,-11,-31,16,27,1,65
TXN,Texas Instruments,182.04,21,-17,-3,23,24,20,-13,16,17,40,64
VIRT,Virtu Financial,35.07,-6,-19,0,15,-10,13,-31,77,15,74,64
LYFT,Lyft,21.56,0,29,7,-2,34,-12,24,16,1,29,63
TFSL,Third Federal S&L,13.1,-7,28,9,6,36,-3,-6,16,20,27,63
SNOW,Snowflake Inc.,221.68,-5,20,21,0,36,-12,20,16,2,26,62
HSY,Hershey Company (The),185.21,-7,61,10,0,64,-7,15,10,-20,-2,62
FDX,FedEx,236.48,27,5,-32,33,33,21,5,8,-5,29,62
MTSI,MACOM Technology Solutions,123.82,-40,-6,5,59,18,-12,11,14,30,43,61
FLUT,Flutter Entertainment,278.79,-9,0,25,22,38,-9,-10,14,28,23,61
RKT,Rocket Companies,19.07,-31,51,10,0,30,-34,48,15,2,31,61
QSR,Restaurant Brands International,64.56,20,-35,0,41,26,26,1,16,-9,34,60
FR,First Industrial Realty Trust,51.19,-21,27,0,15,21,-14,23,14,15,38,59
VRT,Vertiv,139.72,0,6,15,9,30,-16,5,13,27,29,59
RPRX,Royalty Pharma,34.9,-7,-1,38,0,30,-10,5,32,1,28,58
SWKS,Skyworks Solutions,79.38,43,17,0,-31,29,-5,27,13,-6,29,58
SNDK,SanDisk,94.26,0,28,0,0,28,-9,30,8,0,29,57
DLR,Digital Realty,171.36,-6,0,3,23,20,-7,8,16,20,37,57
ZS,Zscaler,286.73,0,0,23,6,29,-15,8,16,19,28,57
PLD,Prologis,113.19,-1,24,5,0,28,-5,23,16,-6,28,56
META,Meta Platforms,748.91,-18,0,23,30,35,-26,8,14,24,20,55
LCID,Lucid Motors,23.05,87,-27,-10,0,50,58,6,-23,-36,5,55
FHB,"First Hawaiian, Inc.",25.07,-18,24,6,15,27,-24,24,13,15,28,55
FANG,Diamondback Energy,145.7,27,1,-35,48,41,19,-9,10,-6,14,55
VZ,Verizon,43.35,-37,35,36,11,45,4,-15,6,15,10,55
WDAY,"Workday, Inc.",242.75,49,7,-16,15,55,-2,15,-10,-3,0,55
HIW,Highwoods Properties,31.02,-19,21,6,7,15,-14,24,16,14,40,55
SEB,Seaboard Corporation,3673.5,-43,69,11,0,37,7,-5,14,1,17,54
CNA,CNA Financial,45.72,-6,-1,0,58,51,7,-10,-15,21,3,54
LAD,Lithia Motors,316.78,-8,0,-1,15,6,-7,24,7,22,46,52
FLS,Flowserve,53.65,-13,0,-1,28,14,-12,15,9,26,38,52
LECO,Lincoln Electric,236.45,-14,1,13,66,66,-12,-9,14,-8,-15,51
ETSY,Etsy,63.62,84,2,3,-31,58,11,4,16,-38,-7,51
BEPC,Brookfield Renewable Partners,33.99,-7,4,16,0,13,-2,13,16,11,38,51
DNB,Dun & Bradstreet,9.15,29,52,-28,0,53,46,-13,2,-37,-2,51
ALLY,Ally Financial,40.84,-17,24,8,5,20,-26,25,14,17,30,50
ZG,Zillow (Class A),75.49,-29,0,60,0,31,-35,24,9,21,19,50
MAR,Marriott International,260.84,-20,-4,0,59,35,-20,-7,13,28,14,49
WTM,White Mountains Insurance Group,1688.99,-6,-12,-5,60,37,-4,-15,-26,57,12,49
SUI,Sun Communities,127.8,-10,19,9,-25,-7,-5,32,16,12,55,48
GPC,Genuine Parts Company,136.27,-41,48,7,0,14,-19,55,16,-18,34,48
SHC,Sotera Health,15.54,-16,34,7,0,25,-12,34,8,-7,23,48
SMCI,Supermicro,46.22,5,-19,0,59,45,-7,8,11,-10,2,47
GAP,Gap Inc.,22.18,-13,5,0,19,11,-3,27,-9,20,35,46
MSCI,MSCI,564.62,0,5,0,15,20,-6,-2,13,21,26,46
SPR,Spirit AeroSystems,38.38,-4,-11,24,0,9,-7,-8,36,15,36,45
AVT,Avnet,51.56,-13,12,7,46,52,-11,-9,16,-3,-7,45
HHH,Howard Hughes Holdings,78.6,-16,35,4,0,23,-28,30,5,15,22,45
COHR,Coherent Corp.,106.57,-2,6,4,16,24,-13,5,13,16,21,45
ACGL,Arch Capital Group,89.57,0,0,-14,63,49,12,-8,-7,-1,-4,45
VNO,Vornado Realty Trust,40.39,-14,17,4,5,12,-14,17,14,16,33,45
CWEN,Clearway Energy (Class C),28.35,2,-25,64,5,46,-2,-39,28,11,-2,44
GTES,Gates Corporation,24.49,-19,0,23,16,20,-11,-1,16,19,23,43
CAR,Avis Budget Group,163.28,25,0,15,-21,19,29,14,19,-38,24,43
PCOR,Procore,71.72,0,9,0,0,9,-8,15,6,20,33,42
ALB,Albemarle Corporation,84.88,63,11,0,-24,50,6,2,10,-26,-8,42
KEYS,Keysight,172.39,-7,17,4,1,15,-11,17,14,6,26,41
MDLZ,Mondelez International,62.55,-2,-1,0,0,-3,47,8,-1,-10,44,41
BXP,"BXP, Inc.",75.41,-7,21,4,0,18,-29,22,16,14,23,41
CFR,Frost Bank,128.17,4,0,4,5,13,7,-4,14,11,28,41
HLT,Hilton Worldwide,261.27,-64,0,22,65,23,-18,-6,14,27,17,40
COLB,Columbia Banking System,25.81,-4,44,0,0,40,-16,-6,11,11,0,40
MOS,Mosaic Company (The),34.78,14,3,22,-17,22,14,14,21,-31,18,40
STWD,Starwood Property Trust,19.99,-44,0,24,59,39,-35,-2,16,22,1,40
BBY,Best Buy,74.19,0,32,-30,-7,-5,15,29,4,-3,45,40
HST,Host Hotels & Resorts,17.33,-29,27,4,3,5,3,24,14,-7,34,39
DELL,Dell Technologies,130.93,0,0,2,33,35,-12,4,16,-5,3,38
RMD,Resmed,267.4,-7,-1,23,14,29,-5,-15,15,14,9,38
BHF,Brighthouse Financial,54.94,33,5,0,1,39,-7,5,-9,9,-2,37
GEN,Gen Digital,28.5,-7,-9,21,17,22,-7,-11,16,17,15,37
UWMC,United Wholesale Mortgage,6.24,-31,35,0,0,4,-1,35,4,-5,33,37
TEM,Tempus AI,77.35,-15,32,0,0,17,-19,30,9,0,20,37
MKSI,MKS Instruments,122.25,0,16,3,0,19,-16,27,12,-6,17,36
EXP,Eagle Materials,227.98,-29,1,-21,58,9,-36,58,6,-1,27,36
BURL,Burlington Stores,262.53,-7,0,7,4,4,14,-10,9,18,31,35
CPNG,Coupang,31.85,-17,14,23,0,20,-33,14,16,18,15,35
GXO,GXO Logistics,52.72,9,4,7,0,20,18,-10,15,-9,14,34
CTRA,Coterra,23.69,0,-5,-11,45,29,13,-4,-18,14,5,34
VRTX,Vertex Pharmaceuticals,381.98,-47,-37,-8,105,13,1,-6,-12,38,21,34
WMS,Advanced Drainage Systems,135.86,-12,37,0,4,29,-12,4,16,-4,4,33
RYN,Rayonier,25.93,0,37,-3,0,34,13,-9,4,-10,-2,32
EQIX,Equinix,782.29,-3,0,-14,35,18,-7,8,-14,27,14,32
RBRK,Rubrik,81.99,6,-12,0,0,-6,-9,-4,50,0,37,31
PNW,Pinnacle West Capital,86.09,-3,-20,0,19,-4,-2,-18,28,27,35,31
NDSN,Nordson,221.61,-19,25,0,0,6,-12,29,16,-8,25,31
CHWY,Chewy,37.95,0,-2,47,0,45,-9,-5,-7,6,-15,30
COP,ConocoPhillips,96.81,14,3,0,3,20,19,-9,8,-9,9,29
SMMT,Summit Therapeutics,20.26,20,-14,0,15,21,19,-28,-3,20,8,29
AWK,American Water Works,135.1,-2,-14,32,0,16,18,-14,-2,9,11,27
PRU,Prudential Financial,102.64,-19,-1,-19,56,17,-12,-8,10,20,10,27
NLY,Annaly Capital Management,20.82,-39,77,24,11,73,-75,-2,14,17,-46,27
SSD,Simpson Manufacturing Company,172.72,-70,-1,0,157,86,-64,-6,12,-2,-60,26
SJM,J.M. Smucker Company (The),107.89,20,0,-1,-5,14,38,-6,4,-24,12,26
CNM,Core & Main,51.07,7,-13,2,0,-4,-5,-6,16,25,30,26
ELF,e.l.f. Beauty,130.7,-28,21,0,32,25,-33,26,14,-6,1,26
EFX,Equifax,251.93,-20,0,-10,17,-13,-7,11,16,19,39,26
RVMD,Revolution Medicines,42.5,-7,15,-2,0,6,-16,21,16,-1,20,26
IPGP,IPG Photonics,79.22,-13,94,7,-45,43,-9,24,12,-45,-18,25
NNN,NNN Reit,42.02,-43,0,6,23,-14,9,-1,16,15,39,25
EG,Everest Group,345.39,14,2,-42,56,30,20,24,-43,-6,-5,25
FAF,First American Financial Corporation,64.25,-35,44,8,15,32,-28,-1,3,19,-7,25
REXR,Rexford Industrial,41.58,-35,80,0,-19,26,-12,31,12,-33,-2,24
WTRG,Essential Utilities,37.79,12,0,12,0,24,12,-11,-7,6,0,24
TPG,TPG Inc.,59.74,-9,0,8,0,-1,-12,6,10,20,24,23
AOS,A. O. Smith,71.4,-28,0,-1,59,30,-36,19,16,-6,-7,23
SAIL,SailPoint,21.92,0,10,0,0,10,-11,15,8,0,12,22
CPRT,Copart,44.87,-62,-8,-19,177,88,-61,-7,-29,29,-68,20
CCK,Crown Holdings,94.92,-3,-27,23,6,-1,9,-18,16,13,20,19
TOST,"Toast, Inc.",36.84,-27,-18,83,0,38,-26,-28,16,18,-20,18
DDOG,Datadog,136.58,0,-2,5,0,3,-9,12,13,-1,15,18
IR,Ingersoll Rand,80.5,1,0,-27,24,-2,-7,14,13,-1,19,17
COIN,Coinbase,306.82,-16,-4,15,0,-5,-18,6,15,19,22,17
AMZN,Amazon,218.13,-29,-3,23,22,13,-28,-3,13,21,3,16
HPQ,HP Inc.,26.83,-12,32,-31,0,-11,-10,33,5,-2,26,15
SNV,Synovus,49.52,-28,-4,5,22,-5,-28,19,14,15,20,15
OMC,Omnicom Group,75.87,0,32,-33,2,1,18,-5,3,-2,14,15
RITM,Rithm Capital,11.58,-43,-1,23,33,12,-34,-6,16,27,3,15
INGM,Ingram Micro,20.52,-13,12,0,0,-1,-12,15,13,0,16,15
ROK,Rockwell Automation,339.92,-13,11,21,16,35,-19,-6,16,-12,-21,14
GEV,GE Vernova,607.39,-4,0,2,0,-2,-7,6,17,0,16,14
BG,Bunge Global,79.39,0,0,0,0,0,15,-12,16,-6,13,13
APTV,Aptiv,84.72,1,32,7,-25,15,-11,28,16,-37,-4,11
AMTM,Amentum,22.36,0,-7,0,0,-7,22,-21,16,0,17,10
OXY,Occidental Petroleum,46.99,8,25,-61,0,-28,16,27,12,-17,38,10
AVB,AvalonBay Communities,191.57,-14,0,-9,17,-6,-7,19,-13,16,15,9
VRSK,Verisk Analytics,244.13,-84,-43,-2,115,-14,10,-9,-8,29,22,8
XP,XP Inc.,18.85,-14,12,5,0,3,-26,18,22,-9,5,8
HAL,Halliburton,24.67,25,21,-69,0,-23,21,19,1,-10,31,8
Z,Zillow (Class C),77.73,-29,0,17,0,-12,-35,24,10,21,20,8
FRT,Federal Realty Investment Trust,99.1,-44,27,-3,2,-18,-6,27,7,-2,26,8
ESS,Essex Property Trust,263.76,-14,-1,-1,15,-1,-13,15,-9,15,8,7
APG,APi Group,33.85,-21,-2,24,0,1,-26,-11,16,27,6,7
OKE,Oneok,73.44,14,-39,-19,55,11,14,-39,-31,52,-4,7
PSN,Parsons Corporation,79.69,0,7,0,0,7,-12,4,9,-2,-1,6
KEX,Kirby Corporation,84.15,0,-40,-9,36,-13,-8,-33,16,43,18,5
DKNG,DraftKings,42.92,-9,0,0,0,-9,-9,-6,8,21,14,5
NYT,New York Times Company,57.82,-26,0,8,17,-1,-22,-11,16,22,5,4
MANH,Manhattan Associates,209.72,-19,-3,-35,66,9,-20,7,9,-1,-5,4
QRVO,Qorvo,93.38,30,8,0,-32,6,-4,-6,14,-6,-2,4
FCNCA,First Citizens BancShares,1864.29,-61,-15,-2,60,-18,-5,-8,13,22,22,4
ZM,Zoom Communications,83.98,-24,21,6,-1,2,-33,23,6,5,1,3
LEN-B,Lennar (Class B),117.66,-63,0,-2,63,-2,5,-5,7,-2,5,3
NXST,Nexstar Media Group,198.17,-15,0,15,5,5,-19,-8,13,11,-3,2
LNW,Light & Wonder,84.65,-35,0,-9,58,14,-10,-7,-21,26,-12,2
EQR,Equity Residential,63.74,-7,-1,-2,14,4,-6,-1,-9,14,-2,2
CUZ,Cousins Properties,28.17,-35,0,0,12,-23,-30,24,16,14,24,1
TXRH,Texas Roadhouse,163.0,1,-34,-5,65,27,14,-70,-2,32,-26,1
LEN,Lennar (Class A),124.04,-64,0,-3,65,-2,5,-5,7,-4,3,1
DOCU,DocuSign,81.29,-7,8,0,-13,-12,-7,16,-8,12,13,1
CBSH,Commerce Bancshares,59.48,1,-37,0,12,-24,6,-12,16,14,24,0
HUBS,HubSpot,507.16,0,0,-16,12,-4,-7,14,-24,20,3,-1
MOH,Molina Healthcare,189.14,5,0,-19,-3,-17,19,21,-15,-9,16,-1
JAZZ,Jazz Pharmaceuticals,127.84,-6,35,0,-7,22,-12,27,1,-40,-24,-2
UGI,UGI Corporation,32.65,-58,-22,48,5,-27,-1,-35,55,6,25,-2
UNH,UnitedHealth Group,345.7,0,17,-24,-5,-12,19,29,-37,-2,9,-3
IPG,Interpublic Group of Companies (The),25.93,0,47,-49,0,-2,18,-5,4,-18,-1,-3
VVV,Valvoline,36.81,-35,-1,-1,32,-5,-36,30,13,-5,2,-3
HLNE,Hamilton Lane,139.54,-14,-2,-4,26,6,-14,-17,-1,22,-10,-4
TTEK,Tetra Tech,33.09,-27,-5,-35,120,53,-36,-31,12,-2,-57,-4
EGP,EastGroup Properties,165.58,-10,0,-3,9,-4,-10,-1,16,-6,-1,-5
QS,QuantumScape,12.49,0,7,12,0,19,-9,7,14,-37,-25,-6
GLPI,Gaming and Leisure Properties,46.11,-60,1,0,66,7,-56,-1,-14,58,-13,-6
HOG,Harley-Davidson,28.12,-44,32,-2,-10,-24,-11,29,11,-12,17,-7
DECK,Deckers Brands,105.84,-39,-1,-30,94,24,-36,-1,-26,32,-31,-7
EXAS,Exact Sciences,53.68,0,15,0,-26,-11,5,23,-8,-17,3,-8
WST,West Pharmaceutical Services,254.54,-1,15,-33,-8,-27,5,16,7,-9,19,-8
ALSN,Allison Transmission,85.31,-19,-5,-11,36,1,-17,-1,-27,35,-10,-9
DIS,Walt Disney Company (The),113.02,-44,-10,21,-1,-34,9,-6,16,4,23,-11
CTVA,Corteva,67.08,-63,-9,59,0,-13,-26,-1,16,12,1,-12
GTM,ZoomInfo,11.35,-7,12,0,0,5,-13,22,12,-38,-17,-12
MDB,MongoDB Inc.,315.33,-44,29,4,-10,-21,-11,21,8,-10,8,-13
AES,AES Corporation,13.03,30,0,0,-12,18,-2,-16,12,-25,-31,-13
IDXX,Idexx Laboratories,618.11,-14,0,20,5,11,-19,-13,16,-9,-25,-14
MTDR,Matador Resources,48.05,7,0,-35,0,-28,19,-7,9,-7,14,-14
G,Genpact,41.77,0,-12,-3,4,-11,14,-8,-21,11,-4,-15
BA,Boeing,213.48,-8,-10,14,0,-4,-7,-9,16,-12,-12,-16
LUV,Southwest Airlines,31.93,0,0,7,-40,-33,-5,3,14,5,17,-16
PENN,Penn Entertainment,19.54,4,31,0,-35,0,24,-2,6,-45,-17,-17
EW,Edwards Lifesciences,75.28,0,-10,0,-15,-25,16,-8,36,-36,8,-17
GLIBK,GCI Liberty (Series C),35.2,-6,0,0,0,-6,-2,-10,0,0,-12,-18
MAS,Masco,70.49,-44,0,-3,66,19,-62,-5,7,22,-38,-19
LOAR,Loar Holdings,77.69,-12,0,0,0,-12,-21,22,-9,0,-8,-20
BSY,Bentley Systems,52.12,-19,-3,15,0,-7,-13,-9,16,-7,-13,-20
BC,Brunswick Corporation,61.67,-35,79,-44,-8,-8,-36,24,10,-10,-12,-20
CELH,Celsius Holdings,51.8,-59,0,0,66,7,-35,-7,24,-10,-28,-21
CIVI,Civitas Resources,32.94,21,33,-61,-1,-8,-1,-7,5,-10,-13,-21
SFD,Smithfield Foods,23.6,-7,-6,0,0,-13,-4,-15,10,0,-9,-22
FCX,Freeport-McMoRan,35.25,-14,-2,-1,0,-17,-12,-2,16,-7,-5,-22
TRU,TransUnion,84.32,-29,-5,-1,0,-35,-30,14,14,15,13,-22
DOC,Healthpeak Properties,18.57,27,16,-23,-32,-12,-1,19,-38,10,-10,-22
ESAB,ESAB,109.97,0,-36,-3,0,-39,-11,-6,16,18,17,-22
APD,Air Products,265.78,-22,-3,-1,17,-9,-25,-8,8,11,-14,-23
DAY,Dayforce,68.84,-41,28,6,-13,-20,-32,24,6,-1,-3,-23
NVR,"NVR, Inc.",7911.46,-62,0,-2,66,2,-62,-2,9,30,-25,-23
CPT,Camden Property Trust,106.04,-8,-2,-1,0,-11,-13,-3,-9,12,-13,-24
GLIBA,GCI Liberty (Series A),35.55,-6,0,0,0,-6,-12,-6,0,0,-18,-24
BLD,TopBuild,387.48,-35,0,0,47,12,-36,-9,12,-4,-37,-25
CI,Cigna,283.88,-63,0,-3,59,-7,-6,-1,-9,-2,-18,-25
BILL,Bill.com,53.21,6,20,-30,0,-4,-7,20,4,-38,-21,-25
CRM,Salesforce,240.98,-7,-1,-19,23,-4,-12,-4,-27,22,-21,-25
VFC,VF Corporation,14.4,-7,24,-26,-44,-53,-6,22,3,8,27,-26
DVA,DaVita,130.27,0,-23,-9,21,-11,-1,-9,-26,20,-16,-27
PK,Park Hotels & Resorts,11.28,-25,32,-32,0,-25,-29,24,9,-6,-2,-27
DT,Dynatrace,48.62,1,-35,-8,0,-42,-15,-5,13,21,14,-28
KIM,Kimco Realty,21.45,-83,32,0,56,5,-61,-1,14,15,-33,-28
NOV,NOV Inc.,13.35,16,3,-61,-13,-55,19,17,7,-16,27,-28
PNFP,Pinnacle Financial Partners,95.26,-19,-4,-10,16,-17,-27,-2,-1,19,-11,-28
PATH,UiPath,12.15,-1,4,-17,0,-14,-8,14,-9,-11,-14,-28
REYN,Reynolds Consumer Products,22.94,-7,36,-34,0,-5,-16,-7,3,-4,-24,-29
AUR,Aurora Innovation,5.58,-7,-1,-7,0,-15,-9,2,-24,16,-15,-30
AGCO,AGCO,108.02,-15,-2,13,0,-4,-11,-19,17,-14,-27,-31
CR,Crane Co.,178.88,-17,-10,22,0,-5,-26,-22,16,6,-26,-31
IP,International Paper,45.32,-18,-18,0,17,-19,-28,-10,9,17,-12,-31
HSIC,Schein (Henry),65.66,-10,-2,-11,-1,-24,-7,-3,-1,4,-7,-31
A,Agilent Technologies,121.89,-18,21,-29,0,-26,-33,27,7,-6,-5,-31
K,Kellanova,77.07,-47,-7,0,22,-32,4,-6,-13,14,-1,-33
ELV,Elevance Health,316.47,38,0,-50,-3,-15,-1,3,-16,-4,-18,-33
CNXC,Concentrix,54.99,0,8,0,0,8,-23,15,1,-34,-41,-33
ESTC,Elastic NV,85.11,-19,14,-19,-7,-31,-18,20,1,-5,-2,-33
RRX,Regal Rexnord,141.0,-7,-14,-5,4,-22,-12,-10,13,-2,-11,-33
ENTG,Entegris,91.95,0,11,-50,-7,-46,-10,23,5,-6,12,-34
MCHP,Microchip Technology,64.84,-7,-14,0,0,-21,-7,-15,16,-8,-14,-35
TSN,Tyson Foods,53.72,-1,-1,-7,-29,-38,18,-10,-17,12,3,-35
ZBRA,Zebra Technologies,302.06,-16,-4,-8,-8,-36,-26,3,10,14,1,-35
DOV,Dover Corporation,165.65,-70,-20,-9,107,8,-65,-11,12,20,-44,-36
SOLV,Solventum,70.46,-14,-2,0,0,-16,-31,-1,12,0,-20,-36
SEE,Sealed Air,33.31,-18,25,0,-25,-18,-28,28,14,-33,-19,-37
TKR,Timken Company,74.19,-19,-1,-1,5,-16,-28,-1,13,-6,-22,-38
XYZ,"Block, Inc.",73.68,-7,0,-1,-37,-45,-7,-10,10,14,7,-38
SARO,StandardAero,26.22,-16,-31,0,0,-47,-12,5,16,0,9,-38
HXL,Hexcel,61.09,-20,0,-3,0,-23,-12,-5,10,-10,-17,-40
QGEN,Qiagen,43.92,-16,-12,18,0,-10,-17,-35,16,6,-30,-40
CFLT,"Confluent, Inc.",19.26,-13,-1,-9,0,-23,-10,15,-24,1,-18,-41
STAG,STAG Industrial,34.51,-87,-2,-1,97,7,-54,-5,16,-5,-48,-41
TTC,Toro Company (The),75.69,-35,51,-2,-1,13,-36,-5,7,-21,-55,-42
NVST,Envista,19.99,-18,0,10,0,-8,-12,-1,12,-33,-34,-42
S,SentinelOne,18.16,-12,0,-31,0,-43,-13,16,-1,-2,0,-43
LBTYK,Liberty Global (Series C),11.55,-20,39,-46,-31,-58,-30,76,5,-37,14,-44
SBUX,Starbucks,83.83,0,-17,-7,0,-24,-7,-25,4,8,-20,-44
CNC,Centene,34.39,21,0,-50,-12,-41,19,25,-19,-29,-4,-45
CMG,Chipotle Mexican Grill,39.33,0,-45,-12,81,24,-12,-46,-10,-1,-69,-45
CHRD,Chord Energy,103.48,1,0,-56,0,-55,15,-8,10,-7,10,-45
CART,Maplebear Inc.,42.4,-48,-11,0,0,-59,2,-1,13,0,14,-45
VTRS,Viatris,9.48,-20,-1,-3,-1,-25,-18,-8,8,-2,-20,-45
VLTO,Veralto,104.49,-36,0,8,0,-28,-32,-1,15,0,-18,-46
AS,Amer Sports,34.28,-28,-5,10,0,-23,-28,-11,16,0,-23,-46
RAL,Ralliant,42.72,0,0,0,0,0,-7,-40,0,0,-47,-47
IOT,Samsara,38.53,-18,0,-16,0,-34,-26,15,-23,21,-13,-47
LPX,Louisiana-Pacific,83.39,-65,-7,-3,64,-11,-62,-7,6,27,-36,-47
OWL,Blue Owl Capital,17.36,-14,-26,-10,0,-50,-25,-2,8,22,3,-47
SWK,Stanley Black & Decker,73.44,-29,61,-35,-40,-43,-36,30,5,-3,-4,-47
ALGM,Allegro MicroSystems,29.92,-7,-5,17,0,5,-9,-41,14,-17,-53,-48
WAT,Waters Corporation,287.89,-16,-3,-11,-1,-31,-30,24,-26,15,-17,-48
CSGP,CoStar Group,83.09,-32,-2,12,15,-7,-36,-25,29,-10,-42,-49
EIX,Edison International,54.05,-14,0,-38,0,-52,-6,4,6,-2,2,-50
GNRC,Generac,164.23,-21,0,9,-35,-47,-12,-15,13,11,-3,-50
KD,Kyndryl,30.62,-20,-37,-2,0,-59,-7,-2,-3,21,9,-50
CHE,Chemed Corporation,450.28,-2,0,-17,0,-19,-1,-6,-15,-9,-31,-50
NUE,Nucor,134.79,-44,0,-2,0,-46,-1,-7,13,-9,-4,-50
SN,SharkNinja,105.99,-28,0,14,0,-14,-26,-26,13,2,-37,-51
GPN,Global Payments,84.9,-1,47,-33,-40,-27,-11,-6,4,-11,-24,-51
GTLB,GitLab,46.75,-17,14,-27,0,-30,-14,21,-26,-2,-21,-51
OTIS,Otis Worldwide,89.44,-19,-5,-10,0,-34,-32,7,-20,27,-18,-52
CPB,Campbell Soup Company,32.21,-7,17,-38,-7,-35,21,11,-45,-6,-19,-54
DUOL,Duolingo,313.6,28,-61,0,0,-33,37,-75,-7,24,-21,-54
LBTYA,Liberty Global (Series A),11.42,-20,39,-46,-32,-59,-30,39,7,-11,5,-54
CZR,Caesars Entertainment,25.9,20,-1,-32,-26,-39,17,2,4,-38,-15,-54
GME,GameStop,25.28,-2,0,-16,-31,-49,-8,18,-9,-8,-7,-56
OLED,Universal Display Corporation,146.43,29,0,-43,0,-14,-1,-51,16,-6,-42,-56
PEP,PepsiCo,139.93,-6,0,-48,0,-54,16,-9,5,-14,-2,-56
MSTR,MicroStrategy,300.67,-16,-30,-1,20,-27,-26,-40,16,21,-29,-56
PRMB,Primo Brands,22.5,0,-81,-4,23,-62,11,-9,-16,19,5,-57
TROW,T. Rowe Price,103.19,-18,0,0,-26,-44,-18,-7,12,-1,-14,-58
BBWI,"Bath & Body Works, Inc.",25.85,0,-14,-31,-16,-61,19,-7,-2,-7,3,-58
ISRG,Intuitive Surgical,438.05,0,-41,-9,23,-27,-5,-49,-4,27,-31,-58
CERT,"Certara, Inc.",11.55,0,11,-21,0,-10,-9,5,-13,-33,-50,-60
PEN,"Penumbra, Inc.",249.43,-68,20,0,12,-36,-12,-4,-12,4,-24,-60
PSA,Public Storage,280.38,-65,0,-17,2,-80,9,-5,16,-1,19,-61
MHK,Mohawk Industries,125.58,-49,57,-1,-12,-5,-61,-1,8,-2,-56,-61
DLB,Dolby Laboratories,71.39,-11,-3,-9,0,-23,-9,-13,-26,9,-39,-62
AMT,American Tower,193.77,-3,-37,-3,-1,-44,7,-36,-1,12,-18,-62
FOUR,Shift4,79.71,-28,-37,-6,0,-71,-14,-8,6,25,9,-62
PAYX,Paychex,126.69,-126,-41,-2,168,-1,-35,-34,-7,15,-61,-62
UHAL,U-Haul,57.26,1,-42,-21,0,-62,19,-6,-34,21,0,-62
NIQ,NIQ Global Intelligence,15.41,-35,0,0,0,-35,-39,12,0,0,-27,-62
PINS,Pinterest,33.46,-26,-4,-1,-1,-32,-33,-4,12,-6,-31,-63
GEHC,GE HealthCare,71.51,-39,-1,-26,0,-66,-10,-1,5,9,3,-63
MAA,Mid-America Apartment Communities,138.74,-7,-41,-3,0,-51,-7,-4,-14,12,-13,-64
CACC,Credit Acceptance,467.32,-19,-1,-1,0,-21,-28,-6,-4,-6,-44,-65
CTSH,Cognizant,66.67,-31,-41,-9,15,-66,-3,-6,-9,19,1,-65
CHDN,Churchill Downs Incorporated,96.22,0,-19,-37,0,-56,19,-36,8,-2,-11,-67
OSK,Oshkosh Corporation,127.51,-66,0,17,5,-44,-30,-10,14,3,-23,-67
HRB,H&R Block,49.27,-42,-76,-7,53,-72,-35,-1,-12,53,5,-67
WH,Wyndham Hotels & Resorts,80.98,-66,-7,-9,12,-70,-5,-12,4,16,3,-67
MGM,MGM Resorts International,34.48,-28,-4,-3,0,-35,-26,-10,13,-10,-33,-68
VKTX,Viking Therapeutics,25.08,0,-27,-46,22,-51,-2,-19,11,-7,-17,-68
BIO,Bio-Rad Laboratories,271.13,-13,61,-33,-29,-14,-17,-6,7,-38,-54,-68
DG,Dollar General,102.84,-35,-5,0,-18,-58,9,-20,28,-27,-10,-68
ARW,Arrow Electronics,118.84,-49,-7,0,0,-56,-12,-7,16,-9,-12,-68
CLX,Clorox,122.71,-36,-5,-23,-6,-70,9,11,-33,14,1,-69
ARE,Alexandria Real Estate Equities,84.15,-7,32,-43,-31,-49,-7,21,1,-36,-21,-70
DLTR,Dollar Tree,94.02,-35,-14,0,-16,-65,9,-23,31,-23,-6,-71
ADC,Agree Realty,70.58,-54,-8,0,17,-45,-8,-22,-11,14,-27,-72
HOLX,Hologic,65.77,-10,0,-41,0,-51,-5,-17,9,-8,-21,-72
BIRK,Birkenstock,44.89,-14,-15,-5,0,-34,-18,-13,-7,0,-38,-72
SLB,Schlumberger,34.59,0,0,-76,0,-76,18,23,-27,-11,3,-73
QXO,"QXO, Inc.",18.92,-36,-4,0,-15,-55,-28,-2,19,-7,-18,-73
EXR,Extra Space Storage,137.7,-44,-4,-9,0,-57,-61,15,16,14,-16,-73
YETI,Yeti Holdings,34.08,-34,-1,-41,-7,-83,-7,18,10,-11,10,-73
CCI,Crown Castle,93.99,0,-22,-2,-29,-53,7,-33,-1,6,-21,-74
PYPL,PayPal,66.76,-7,-30,-9,-40,-86,-12,3,9,10,10,-76
KBR,"KBR, Inc.",47.0,-7,-1,-36,0,-44,-5,-11,-14,-2,-32,-76
MPW,Medical Properties Trust,4.91,0,15,0,-37,-22,-26,21,-13,-36,-54,-76
SW,Smurfit Westrock,42.27,-91,-10,-3,17,-87,-10,-4,6,18,10,-77
PB,Prosperity Bancshares,66.09,-20,-42,-10,15,-57,-26,-8,-1,15,-20,-77
ACHC,Acadia Healthcare,23.77,14,10,-54,-12,-42,27,2,-48,-17,-36,-78
LULU,Lululemon Athletica,172.05,28,-77,-17,-4,-70,46,-15,-26,-13,-8,-78
ON,ON Semiconductor,49.78,-3,-20,-43,-2,-68,-12,6,12,-16,-10,-78
FTV,Fortive,47.66,-13,-5,-27,0,-45,-12,11,-23,-9,-33,-78
GDDY,GoDaddy,141.24,-21,-55,-9,23,-62,-13,-2,-25,23,-17,-79
KDP,Keurig Dr Pepper,25.74,-28,-23,-5,-1,-57,-28,-17,24,-1,-22,-79
RYAN,Ryan Specialty,54.57,33,-65,-9,0,-41,21,-71,-15,26,-39,-80
NCNO,nCino,28.16,-22,0,-32,0,-54,-32,-3,11,-2,-26,-80
ABNB,Airbnb,121.75,-10,-35,-9,0,-54,-17,-9,6,-6,-26,-80
CPAY,Corpay,292.18,-41,-39,-4,22,-62,-35,-8,-1,26,-18,-80
PCTY,Paylocity,163.81,-19,-23,-4,-4,-50,-7,-27,-3,6,-31,-81
AA,Alcoa,31.45,-21,24,-27,-21,-45,-43,29,8,-33,-39,-84
OGN,Organon & Co.,10.12,-15,15,-35,0,-35,-13,17,-48,-5,-49,-84
OLN,Olin Corporation,22.83,-38,24,-66,-10,-90,2,24,4,-24,6,-84
RLI,RLI Corp.,64.16,-86,-79,-16,177,-4,-31,-13,-35,-1,-80,-84
TTD,Trade Desk (The),46.76,6,-34,-33,-2,-63,-2,-26,7,-1,-22,-85
TWLO,Twilio,101.3,-13,-34,-1,-35,-83,-23,-4,12,12,-3,-86
TMO,Thermo Fisher Scientific,458.76,-25,0,-28,0,-53,-24,-6,1,-4,-33,-86
EL,Estée Lauder Companies (The),83.98,-14,0,0,-27,-41,-12,-11,14,-36,-45,-86
PFE,Pfizer,23.6,-7,-5,-5,-24,-41,-17,-13,13,-29,-46,-87
SON,Sonoco,44.13,-37,-3,-2,-1,-43,-52,9,13,-15,-45,-88
DOX,Amdocs,81.19,-21,-33,-1,0,-55,-18,-20,-1,6,-33,-88
PPC,Pilgrim's Pride,40.84,-91,-15,0,22,-84,7,-22,-10,19,-6,-90
MTD,Mettler Toledo,1209.5,-26,-1,-29,0,-56,-30,-9,10,-6,-35,-91
LEA,Lear Corporation,100.26,-74,32,0,-18,-60,-28,-2,15,-16,-31,-91
WING,Wingstop,249.35,-123,-16,-3,39,-103,-5,-29,14,32,12,-91
FND,Floor & Decor,76.97,-34,-1,-41,-7,-83,-36,30,4,-7,-9,-92
IQV,IQVIA,176.58,-17,0,-46,-1,-64,-28,-2,8,-7,-29,-93
PAYC,Paycom,214.77,-7,-23,25,-25,-30,-16,-26,16,-38,-64,-94
OC,Owens Corning,139.94,-60,-1,-30,59,-32,-60,-6,5,-1,-62,-94
KHC,Kraft Heinz,25.81,-6,-14,-48,-1,-69,37,-32,-20,-11,-26,-95
CUBE,CubeSmart,39.71,-41,-2,-29,0,-72,-36,-1,16,-3,-24,-96
SAIA,Saia,301.55,-28,-2,-32,0,-62,-36,9,-1,-6,-34,-96
LBRDK,Liberty Broadband (Series C),62.25,3,-44,-9,-37,-87,-10,1,-9,9,-9,-96
LBRDA,Liberty Broadband (Series A),62.0,3,-44,-9,-37,-87,-10,1,-9,9,-9,-96
FCN,FTI Consulting,160.68,-44,-12,-43,0,-99,6,-6,6,-6,0,-99
MASI,Masimo,139.8,-35,-36,-5,-7,-83,-7,1,-21,11,-16,-99
ST,Sensata Technologies,29.73,-20,0,0,-16,-36,-36,-6,14,-36,-64,-100
INGR,Ingredion,120.99,-98,-39,-4,35,-106,-40,-9,-2,57,6,-100
TECH,Bio-Techne,50.49,-14,-2,-33,-25,-74,-11,-10,1,-7,-27,-101
KMB,Kimberly-Clark,121.75,-70,-10,-5,19,-66,-29,-17,-17,27,-36,-102
BLDR,Builders FirstSource,116.89,-63,-4,-34,66,-35,-63,-6,6,-4,-67,-102
MTCH,Match Group,35.89,-24,0,10,-38,-52,-20,-2,11,-39,-50,-102
REGN,Regeneron Pharmaceuticals,555.58,-18,0,-47,0,-65,-21,-14,2,-5,-38,-103
RH,RH,211.08,-28,0,-30,-8,-66,-36,-5,4,-1,-38,-104
DXCM,Dexcom,68.32,-55,-23,-5,-15,-98,-7,-6,16,-10,-7,-105
BJ,BJ's Wholesale Club,93.87,-35,-62,-1,11,-87,-40,-29,-8,59,-18,-105
ONON,On Holding AG,43.9,-1,-40,-5,0,-46,-7,-71,-2,21,-59,-105
RNG,RingCentral,30.21,-21,31,-32,-42,-64,-30,28,6,-46,-42,-106
SAIC,SAIC,97.2,-46,-16,-4,0,-66,-22,-16,-1,-2,-41,-107
CNH,CNH Industrial,10.8,-13,-30,-3,0,-46,-17,-46,-1,3,-61,-107
DPZ,Domino's,422.7,-84,-37,-2,11,-112,-6,-7,-1,19,5,-107
TDC,Teradata,21.89,0,7,-85,-18,-96,-4,9,1,-17,-11,-107
POOL,Pool Corporation,305.36,-34,-2,-29,-7,-72,-36,8,3,-10,-35,-107
MTN,Vail Resorts,146.76,-7,-15,-39,-24,-85,12,-10,12,-37,-23,-108
MIDD,Middleby,131.79,-75,0,-9,0,-84,-12,-5,-22,14,-25,-109
DHR,Danaher Corporation,181.44,-23,-13,-35,-1,-72,-26,-16,9,-5,-38,-110
KMPR,Kemper Corporation,51.5,-68,-1,-12,-1,-82,-28,-6,-9,15,-28,-110
TYL,Tyler Technologies,521.95,-84,-24,-1,18,-91,-20,-26,7,19,-20,-111
ALK,Alaska Air Group,51.28,-64,-1,-1,3,-63,-61,-1,4,10,-48,-111
JBHT,J. B. Hunt,132.42,-44,-20,-37,-1,-102,8,-13,6,-11,-10,-112
HAYW,Hayward Holdings,14.55,-70,-2,0,0,-72,-64,-7,14,17,-40,-112
SIRI,Sirius XM,22.39,-71,22,-3,-32,-84,-14,-3,6,-18,-29,-113
RGEN,Repligen,121.68,0,0,-22,-18,-40,-12,3,-26,-38,-73,-113
GIS,General Mills,49.42,-7,-1,-47,-5,-60,-1,11,-43,-20,-53,-113
HUM,Humana,254.3,-87,0,-2,-13,-102,14,-6,2,-21,-11,-113
CCCS,CCC Intelligent Solutions,9.2,-40,-4,-34,0,-78,-32,-6,8,-7,-37,-115
FI,Fiserv,128.67,-40,-54,-20,36,-78,-31,-14,-21,28,-38,-116
ADBE,Adobe Inc.,354.15,-14,0,-42,-7,-63,-14,10,-46,-6,-56,-119
JHX,James Hardie Industries,18.59,-20,-26,-33,-2,-81,-12,-22,-6,-4,-44,-125
IAC,IAC Inc.,34.41,-28,-5,-8,-32,-73,-28,16,-3,-39,-54,-127
BAH,Booz Allen Hamilton,97.53,-60,-18,-36,102,-12,-59,-17,-38,-2,-116,-128
CAVA,Cava Group,62.61,-7,-31,-20,0,-58,-5,-35,-34,3,-71,-129
BEN,Franklin Templeton Investments,23.39,-105,-1,14,0,-92,-18,-12,16,-23,-37,-129
PCG,PG&E Corporation,14.43,-44,-2,-36,0,-82,-7,-3,-35,-2,-47,-129
CL,Colgate-Palmolive,79.69,-84,-56,-12,24,-128,9,-17,-20,27,-1,-129
UHAL-B,U-Haul (Series N),51.15,0,-42,-29,0,-71,-7,-6,-43,-2,-58,-129
DAR,Darling Ingredients,31.43,-28,-6,-12,-21,-67,-33,-12,14,-31,-62,-129
AKAM,Akamai Technologies,75.39,-26,0,-32,-8,-66,-18,-2,-32,-11,-63,-129
COO,Cooper Companies (The),66.87,0,-20,-33,-6,-59,-14,-15,-38,-4,-71,-130
SRPT,Sarepta Therapeutics,17.72,-2,-1,-35,-8,-46,-10,-14,-56,-7,-87,-133
LII,Lennox International,516.17,-70,-23,-3,39,-57,-67,-36,-1,28,-76,-133
CROX,Crocs,76.61,-18,-35,-48,-2,-103,-8,-8,-10,-6,-32,-135
BDX,Becton Dickinson,180.6,-29,-1,-34,-6,-70,-14,-10,-25,-16,-65,-135
BIIB,Biogen,135.74,-35,31,-90,-28,-122,-35,38,3,-19,-13,-135
ILMN,"Illumina, Inc.",92.16,-15,-2,-34,-41,-92,-18,7,8,-41,-44,-136
SBAC,SBA Communications,195.46,-6,-37,-5,-21,-69,-35,-37,-4,6,-70,-139
KVUE,Kenvue,16.17,-47,-23,-4,0,-74,-28,-33,-9,4,-66,-140
INVH,Invitation Homes,28.91,-64,-45,-14,0,-123,-14,-10,-9,15,-18,-141
CDW,CDW,156.96,-42,-37,-48,0,-127,-12,-2,8,-9,-15,-142
LINE,"Lineage, Inc.",37.51,-39,-35,0,0,-74,-39,8,-37,0,-68,-142
SITE,SiteOne Landscape Supply,128.41,-83,-2,-2,-10,-97,-40,-6,9,-9,-46,-143
ACN,Accenture,232.62,-23,-56,-29,-1,-109,-19,-10,-25,20,-34,-143
CRL,Charles River Laboratories,145.6,-20,-10,-60,-27,-117,-26,-4,12,-9,-27,-144
OKTA,"Okta, Inc.",91.2,-12,-76,-4,-25,-117,-13,-12,-9,7,-27,-144
PPG,PPG Industries,103.91,-22,-4,-52,-9,-87,-56,-10,16,-9,-59,-146
IRDM,Iridium Communications,17.43,-22,-40,-10,-20,-92,-27,-6,-1,-20,-54,-146
ZBH,Zimmer Biomet,96.96,-17,-1,-3,-18,-39,-12,-8,-70,-19,-109,-148
AMCR,Amcor,7.99,-26,-30,-7,-1,-64,-35,-39,-7,-3,-84,-148
MAT,Mattel,16.65,-84,-14,-10,-1,-109,-15,-6,13,-32,-40,-149
FIS,Fidelity National Information Services,63.78,-44,-37,-8,-38,-127,5,-39,-3,12,-25,-152
CARR,Carrier Global,58.75,-80,-38,-5,0,-123,-40,-34,16,27,-31,-154
AVTR,Avantor,11.78,-29,-3,-35,0,-67,-28,-8,-46,-6,-88,-155
SNDR,Schneider National,21.27,-46,-20,-11,-1,-78,-62,-14,-1,-1,-78,-156
ATR,AptarGroup,130.87,-84,-39,-9,21,-111,-36,-36,-1,26,-47,-158
CAG,Conagra Brands,18.08,-44,-9,-38,-8,-99,-3,-13,-20,-24,-60,-159
KNX,Knight-Swift,39.12,-44,-23,-31,-3,-101,-36,-7,-1,-14,-58,-159
CHTR,Charter Communications,270.6,3,-44,-10,-37,-88,-10,-49,-10,-2,-71,-159
WEX,WEX Inc.,158.06,-45,0,-49,0,-94,-62,-5,10,-9,-66,-160
ELS,Equity Lifestyle Properties,59.97,-43,-6,-27,0,-76,-54,10,-38,-4,-86,-162
EMN,Eastman Chemical Company,61.32,-44,-4,-27,-2,-77,-36,-6,-41,-3,-86,-163
NSA,National Storage Affiliates,29.81,-86,0,-21,-5,-112,-2,-5,-42,-2,-51,-163
MRK,Merck & Co.,77.58,-68,-2,-53,-1,-124,-26,-8,1,-7,-40,-164
AVY,Avery Dennison,158.71,-44,-23,-41,0,-108,-36,-14,-1,-6,-57,-165
ENPH,Enphase Energy,37.08,-17,0,-52,-21,-90,-12,21,-59,-25,-75,-165
BROS,Dutch Bros. Coffee,53.35,-103,-9,-1,0,-113,-62,-9,6,12,-53,-166
TAP,Molson Coors,44.4,-98,-12,-19,-1,-130,2,-14,-20,-4,-36,-166
EPAM,EPAM Systems,150.02,-7,-12,-32,-28,-79,-17,-10,-23,-38,-88,-167
MORN,"Morningstar, Inc.",231.67,-64,-40,-26,29,-101,-8,-53,-4,-1,-66,-167
CAI,Caris Life Sciences,29.74,-126,0,0,0,-126,-33,-8,0,0,-41,-167
FBIN,Fortune Brands Innovations,52.8,-62,-3,-32,-6,-103,-62,-6,5,-3,-66,-169
AXTA,Axalta,27.79,-66,-3,-22,23,-68,-61,-5,-35,-1,-102,-170
TW,Tradeweb,110.47,-112,-36,-4,1,-151,-7,-32,-5,24,-20,-171
LW,Lamb Weston,52.82,-35,-1,-78,-9,-123,-40,-3,9,-15,-49,-172
BMY,Bristol Myers Squibb,43.41,-68,-5,-6,-6,-85,-65,-9,-20,6,-88,-173
BALL,Ball Corporation,48.47,-44,-29,-9,-12,-94,-55,-37,16,-6,-82,-176
WY,Weyerhaeuser,24.17,-70,-10,-29,-1,-110,-4,-14,-41,-9,-68,-178
UDR,"UDR, Inc.",36.68,-70,-40,-4,-1,-115,-62,-8,-11,14,-67,-182
GMED,Globus Medical,55.1,-126,-6,-21,-1,-154,-9,-8,-26,13,-30,-184
GFS,GlobalFoundries,32.84,0,-37,-88,0,-125,-7,-41,6,-18,-60,-185
DOW,Dow Inc.,22.19,-41,-4,-49,-2,-96,-36,20,-64,-9,-89,-185
CE,Celanese,39.94,-39,-34,-49,-11,-133,-36,-4,-3,-10,-53,-186
BRBR,BellRing Brands,36.64,0,-99,-19,0,-118,19,-91,-25,28,-69,-187
ODFL,Old Dominion Freight Line,140.48,-70,-41,-32,0,-143,9,-15,-37,-2,-45,-188
EEFT,Euronet Worldwide,87.93,-47,-41,-9,-4,-101,-54,-41,-6,14,-87,-188
LKQ,LKQ Corporation,29.97,-62,-9,-12,-3,-86,-62,-2,-20,-18,-102,-188
MRNA,Moderna,24.62,-2,-36,-61,-5,-104,-7,-37,-1,-40,-85,-189
LSTR,Landstar,121.27,-46,-42,-41,-1,-130,3,-7,-48,-8,-60,-190
SMG,Scotts Miracle-Gro Company,56.58,-44,-20,-28,-40,-132,-62,-6,12,-2,-58,-190
MAN,ManpowerGroup,37.79,-2,-22,-52,-29,-105,18,-14,-52,-37,-85,-190
AMH,American Homes 4 Rent,32.61,-124,-41,-14,69,-110,-84,-10,-2,16,-80,-190
IEX,IDEX Corporation,159.34,-36,-41,-34,-3,-114,-28,-12,-34,-7,-81,-195
RVTY,Revvity,83.04,-14,-41,-26,-25,-106,-17,-46,-31,4,-90,-196
WLK,Westlake Corporation,75.98,-44,-1,-46,-1,-92,-36,-4,-58,-7,-105,-197
KMX,CarMax,45.62,-44,-5,-25,-37,-111,-53,-3,-29,-1,-86,-197
HRL,Hormel Foods,24.4,-31,-50,-16,-24,-121,3,-46,-3,-31,-77,-198
SAM,Boston Beer Company,214.5,-23,17,-41,-38,-85,-27,-6,-37,-45,-115,-200
MKC,McCormick & Company,64.63,-71,-56,-12,-3,-142,6,-55,-20,11,-58,-200
JKHY,Jack Henry & Associates,148.45,-44,-40,-9,-1,-94,-39,-71,-9,12,-107,-201
RARE,Ultragenyx,27.82,-69,-1,-33,-39,-142,-12,-6,-41,-4,-63,-205
SFM,Sprouts Farmers Market,111.3,-160,-43,-1,47,-157,-61,-41,-5,58,-49,-206
BFAM,Bright Horizons,107.28,-154,-13,-5,0,-172,-29,-19,-2,16,-34,-206
TEAM,Atlassian,162.44,-44,-55,-12,-7,-118,-75,-3,-24,12,-90,-208
NKE,"Nike, Inc.",69.24,-131,0,-4,-22,-157,-14,-13,13,-37,-51,-208
ASH,Ashland Global,47.89,-70,-5,-47,-10,-132,-62,-9,5,-11,-77,-209
CMCSA,Comcast,31.6,-86,-42,-41,-10,-179,-10,-6,-8,-9,-33,-212
BRKR,Bruker,30.75,-13,-40,-66,-9,-128,-10,5,-70,-10,-85,-213
BMRN,BioMarin Pharmaceutical,52.62,-25,-14,-56,-21,-116,-26,-28,-21,-23,-98,-214
WHR,Whirlpool Corporation,77.47,-65,-7,-11,-27,-110,-62,-4,-2,-37,-105,-215
NWL,Newell Brands,5.15,-79,-1,-33,-32,-145,-36,-4,4,-37,-73,-218
DXC,DXC Technology,13.25,-19,-1,-31,-74,-125,-16,-5,-38,-35,-94,-219
DJT,Trump Media & Technology Group,16.84,-10,-82,-62,0,-154,-12,-13,-30,-10,-65,-219
APLS,Apellis Pharmaceuticals,22.22,-97,-2,-76,-17,-192,-9,-6,7,-19,-27,-219
FMC,FMC Corporation,33.13,-38,-20,-46,-25,-129,-54,-10,-1,-27,-92,-221
BF-B,Brown–Forman (Class B),26.75,-7,-17,-109,-19,-152,11,-11,-41,-29,-70,-222
CHH,Choice Hotels,108.56,-140,-36,-9,0,-185,7,-37,-23,15,-38,-223
FRPT,Freshpet,49.28,-44,-72,-30,-7,-153,-36,-29,-26,20,-71,-224
PRGO,Perrigo,20.75,-7,-36,-8,-114,-165,14,-9,-8,-56,-59,-224
COLM,Columbia Sportswear,50.9,-86,-1,-27,-7,-121,-96,-5,-22,14,-109,-230
GLOB,Globant,56.02,-7,-91,-32,-8,-138,-18,-39,-32,-8,-97,-235
UAA,Under Armour (Class A),4.77,-19,-34,-34,-45,-132,-29,-36,-1,-38,-104,-236
WSC,WillScot Mobile Mini,20.83,-41,-39,-71,-7,-158,-36,-33,4,-13,-78,-236
TREX,"Trex Company, Inc.",50.47,-86,-10,-60,-14,-170,-63,-6,8,-7,-68,-238
ACI,Albertsons,17.45,-126,-52,-3,0,-181,-36,-14,-9,1,-58,-239
TFX,Teleflex,116.95,-60,-1,-48,-40,-149,-35,-1,-44,-11,-91,-240
WU,Western Union,7.89,-84,-1,-29,-47,-161,-5,-6,-64,-6,-81,-242
UA,Under Armour (Class C),4.67,-32,-34,-34,-38,-138,-32,-36,-1,-38,-107,-245
INSP,Inspire Medical Systems,77.28,-33,-92,-29,-7,-161,-31,-9,-34,-18,-92,-253
ZTS,Zoetis,140.61,-126,-13,-41,-4,-184,-42,-14,-8,-6,-70,-254
BF-A,Brown–Forman (Class A),26.5,-29,-14,-108,-19,-170,-1,-11,-48,-25,-85,-255
DV,DoubleVerify,11.85,-112,-13,-76,0,-201,-35,-15,5,-11,-56,-257
AAL,American Airlines Group,11.39,-97,-1,-27,-77,-202,-14,-7,5,-40,-56,-258
LYB,LyondellBasell,48.97,-62,-39,-50,-6,-157,-36,-4,-64,-8,-112,-269
TGT,Target Corporation,87.13,-182,-20,-37,-12,-251,8,-26,4,-7,-21,-272
MKTX,MarketAxess,178.3,-44,-44,-34,-30,-152,-9,-59,-8,-45,-121,-273
UPS,United Parcel Service,82.59,-13,-42,-112,-17,-184,-8,-14,-40,-35,-97,-281
IFF,International Flavors & Fragrances,60.29,-70,-41,-29,-32,-172,-59,-7,-41,-2,-109,-281
CLVT,Clarivate,3.66,-65,-5,-83,-7,-160,-82,-5,9,-43,-121,-281
FDS,FactSet,283.96,-84,-48,-11,-1,-144,-83,-44,-9,-2,-138,-282
ALGN,Align Technology,124.89,-72,-40,-73,-26,-211,-16,-14,-9,-39,-78,-289
COTY,Coty,3.93,-29,-27,-70,-8,-134,-35,-39,-72,-10,-156,-290
GPK,Graphic Packaging,19.22,-154,-20,-25,0,-199,-61,-17,-38,-1,-117,-316
HUN,Huntsman Corporation,8.89,-70,-5,-51,-16,-142,-96,-5,-46,-34,-181,-323
BAX,Baxter International,21.72,-55,-56,-29,-39,-179,-75,-9,-20,-42,-146,-325
SLGN,Silgan Holdings,41.51,-126,-41,-9,0,-176,-124,-41,-3,14,-154,-330
XRAY,Dentsply Sirona,12.38,-85,-40,-87,-43,-255,-36,-5,-1,-41,-83,-338
FLO,Flowers Foods,12.76,-86,-29,-43,-9,-167,-82,-22,-63,-24,-191,-358
RHI,Robert Half,33.47,-44,-169,-35,-10,-258,-36,-6,-33,-33,-108,-366
COLD,Americold,12.17,-44,-123,-47,-12,-226,-40,-65,-47,-16,-168,-394
WEN,Wendy's Company (The),9.17,-126,-65,-43,-9,-243,-91,-12,-38,-16,-157,-400
STZ,Constellation Brands,132.66,-204,-23,-51,-4,-282,-118,-26,-67,-9,-220,-502
