Symbol,Name,Close,1H Cloud Score,1D Cloud Score,1W Cloud Score,1M Cloud Score,Cloud Score Sum,1H TKx Score,1D TKx Score,1W TKx Score,1M TKx Score,TKx Score Sum,Total Score Sum
TJX,TJX Companies,131.41,35,5,147,198,385,33,9,116,193,351,736
ORLY,O'Reilly Auto Parts,103.34,105,16,162,199,482,33,22,53,89,197,679
RSG,Republic Services,235.28,0,-8,123,177,292,23,-33,92,160,242,534
ICE,Intercontinental Exchange,186.42,38,68,111,161,378,33,69,21,21,144,522
COOP,Mr. Cooper Group,177.41,42,62,118,58,280,-4,61,116,56,229,509
WM,"Waste Management, Inc.",235.1,7,2,94,187,290,23,9,26,159,217,507
HWM,Howmet Aerospace,180.78,-6,75,147,29,245,7,75,91,57,230,475
PLTR,Palantir Technologies,187.0,35,75,115,0,225,33,77,118,20,248,473
WELL,Welltower,168.14,63,59,115,58,295,-2,20,132,24,174,469
COST,Costco,980.84,27,-19,116,180,304,19,-38,-1,184,164,468
ROL,"Rollins, Inc.",58.66,40,12,30,286,368,33,4,22,35,94,462
RBC,RBC Bearings,398.05,0,66,92,164,322,-10,75,13,57,135,457
SO,Southern Company,94.71,0,35,75,190,300,2,51,22,79,154,454
CASY,Casey's,518.98,-27,42,112,87,214,3,42,116,78,239,453
NFG,National Fuel Gas,87.89,14,146,59,52,271,21,77,70,10,178,449
CTAS,Cintas,226.29,20,5,18,167,210,31,8,12,187,238,448
NDAQ,"Nasdaq, Inc.",96.84,20,68,75,144,307,33,75,9,14,131,438
CBOE,Cboe Global Markets,252.45,42,58,143,55,298,12,53,21,51,137,435
PGR,Progressive Corporation,246.35,7,-42,104,177,246,28,-38,-2,189,177,423
ORI,Old Republic International,37.38,30,0,146,58,234,28,-19,116,55,180,414
WRB,W. R. Berkley Corporation,70.64,63,0,93,176,332,3,1,23,55,82,414
WMT,Walmart,103.75,84,12,126,101,323,42,7,9,29,87,410
AZO,AutoZone,4042.8,42,15,93,86,236,34,22,53,57,166,402
MCD,McDonald's,305.64,21,3,51,242,317,13,18,-3,57,85,402
DUK,Duke Energy,125.33,56,18,75,183,332,2,28,21,16,67,399
JPM,JPMorgan Chase,288.81,-42,64,122,158,302,-13,75,9,26,97,399
RBA,RB Global,114.13,16,73,103,27,219,33,22,106,19,180,399
HEI,HEICO (Common),313.27,-27,69,24,189,255,1,67,15,57,140,395
SPGI,S&P Global,556.01,87,62,15,172,336,-4,31,7,21,55,391
CDNS,Cadence Design Systems,352.38,0,31,16,141,188,-16,30,9,180,203,391
MSI,Motorola Solutions,453.51,21,17,0,153,191,12,27,-26,185,198,389
AAPL,Apple Inc.,229.37,20,29,0,251,300,20,-3,1,71,89,389
DTE,DTE Energy,140.26,40,18,73,189,320,5,15,26,13,59,379
HEI-A,HEICO (Class A),245.85,-27,70,25,182,250,1,68,16,30,115,365
AVGO,Broadcom,304.9,19,65,18,116,218,28,77,9,30,144,362
ORCL,Oracle Corporation,250.1,-6,61,10,198,263,-10,68,9,27,94,357
NVDA,Nvidia,182.75,16,61,13,134,224,27,69,9,26,131,355
RTX,RTX Corporation,154.91,-6,61,76,54,185,2,67,83,14,166,351
ADP,Automatic Data Processing,306.01,0,0,84,180,264,11,9,9,57,86,350
AXON,Axon Enterprise,842.84,65,4,144,94,307,-2,4,9,30,41,348
ARES,Ares Management,188.4,23,62,16,59,160,-5,75,9,106,185,345
MA,Mastercard,574.34,7,7,125,155,294,1,14,9,26,50,344
BR,Broadridge Financial Solutions,266.04,28,15,113,145,301,-1,9,9,25,42,343
MS,Morgan Stanley,143.21,16,62,75,64,217,27,73,9,16,125,342
ALL,Allstate,206.67,49,7,96,159,311,-5,7,10,17,29,340
DASH,DoorDash,259.08,87,61,96,0,244,-5,74,9,18,96,340
EBAY,eBay,93.13,49,71,76,14,210,12,20,81,16,129,339
BK,BNY Mellon,103.12,17,64,93,40,214,28,68,9,19,124,338
GLW,Corning Inc.,65.79,125,61,18,17,221,28,68,7,14,117,338
FAST,Fastenal,47.99,16,84,44,106,250,21,28,15,23,87,337
GOOGL,Alphabet (Class A),201.44,20,51,7,176,254,28,25,4,21,78,332
ETR,Entergy,90.46,0,20,75,137,232,-19,15,88,14,98,330
GOOG,Alphabet (Class C),202.16,20,51,6,176,253,28,25,3,21,77,330
KR,Kroger,74.26,36,35,78,67,216,42,7,49,15,113,329
MSFT,Microsoft,522.12,-22,69,15,173,235,-19,77,9,25,92,327
LYV,Live Nation Entertainment,153.07,7,63,93,147,310,-10,1,8,16,15,325
GS,Goldman Sachs,720.96,16,62,91,58,227,-5,73,9,21,98,325
VMI,Valmont Industries,368.2,35,52,61,58,206,30,72,6,10,118,324
L,Loews Corporation,93.78,35,62,111,55,263,33,-6,9,24,60,323
ANSS,Ansys,384.54,94,46,13,10,163,106,25,6,22,159,322
IBKR,Interactive Brokers,65.91,7,62,93,57,219,7,31,7,57,102,321
SGI,Somnigroup International,74.95,9,62,40,64,175,33,75,9,26,143,318
J,Jacobs Solutions,148.28,27,60,5,106,198,19,75,6,19,119,317
HUBB,Hubbell Incorporated,418.64,-42,60,0,182,200,-40,78,5,71,114,314
ETN,Eaton Corporation,363.01,-28,62,7,114,155,3,75,7,72,157,312
APH,Amphenol,109.99,35,75,18,65,193,3,77,9,27,116,309
MCO,Moody's Corporation,515.3,20,62,15,156,253,-5,29,7,25,56,309
FFIV,"F5, Inc.",321.89,49,61,93,14,217,-9,75,9,17,92,309
OLLI,Ollie's Bargain Outlet,135.03,-2,62,114,16,190,-10,43,62,23,118,308
KLAC,KLA Corporation,914.54,14,62,13,177,266,11,-7,9,26,39,305
YUM,Yum! Brands,141.31,-28,-4,27,259,254,2,-8,-1,57,50,304
JBL,Jabil,224.32,7,65,18,65,155,7,75,10,57,149,304
ATO,Atmos Energy,164.31,21,2,73,45,141,14,18,84,45,161,302
BSX,Boston Scientific,103.15,-28,0,143,144,259,-20,-3,9,57,43,302
EVRG,Evergy,72.41,62,43,57,14,176,-4,43,76,10,125,301
ALNY,Alnylam Pharmaceuticals,438.94,61,61,16,15,153,52,69,9,15,145,298
NRG,NRG Energy,152.54,-21,0,102,94,175,-19,8,112,21,122,297
TMUS,T-Mobile US,245.01,10,1,93,139,243,12,14,-7,35,54,297
ITT,ITT Inc.,165.63,8,68,15,99,190,-5,75,9,26,105,295
MO,Altria,64.21,63,15,69,45,192,54,8,25,16,103,295
FIX,Comfort Systems USA,691.76,0,65,16,64,145,7,77,9,55,148,293
MSA,MSA Safety,174.23,-5,64,0,164,223,-13,75,9,-5,66,289
MMC,Marsh McLennan,203.59,0,-43,-2,175,130,27,-38,-10,178,157,287
LOPE,Grand Canyon Education,198.23,21,2,146,35,204,13,1,33,34,81,285
PPL,PPL Corporation,36.34,20,20,75,23,138,29,15,87,14,145,283
ITW,Illinois Tool Works,256.99,7,33,1,178,219,28,-2,6,29,61,280
PTC,PTC Inc.,205.41,-12,61,5,182,236,-14,25,6,26,43,279
MPWR,Monolithic Power Systems,804.54,42,62,2,157,263,2,6,9,-2,15,278
PAYX,Paychex,141.19,0,-8,83,167,242,11,-1,12,14,36,278
SSD,Simpson Manufacturing Company,181.3,76,14,0,156,246,-1,27,5,-1,30,276
FERG,Ferguson Enterprises,223.55,0,64,10,65,139,28,75,9,25,137,276
CME,CME Group,282.17,0,12,53,136,201,-17,23,49,19,74,275
HD,Home Depot (The),387.66,35,14,0,180,229,-2,27,1,19,45,274
SSNC,SS&C Technologies,86.8,20,38,89,14,161,28,63,6,15,112,273
HIG,Hartford (The),128.17,35,4,93,57,189,-2,8,20,56,82,271
SPOT,Spotify,705.51,17,0,111,12,140,35,-19,94,20,130,270
FE,FirstEnergy,43.26,154,15,5,55,229,1,16,9,14,40,269
KO,Coca-Cola Company (The),70.33,21,-14,27,182,216,34,-19,22,14,51,267
AXS,AXIS Capital,96.46,16,-8,85,45,138,29,-34,81,53,129,267
TRV,Travelers Companies (The),264.87,35,0,90,58,183,-4,9,23,56,84,267
SCHW,Charles Schwab Corporation,97.04,3,75,76,11,165,3,75,9,14,101,266
APP,AppLovin,456.0,72,7,104,0,183,42,15,5,18,80,263
EHC,Encompass Health,117.57,29,0,142,29,200,28,-19,23,29,61,261
SNPS,Synopsys,619.42,-1,49,6,180,234,-16,41,7,-5,27,261
GD,General Dynamics,314.11,7,84,7,54,152,3,39,9,57,108,260
SCI,Service Corporation International,80.53,35,1,1,175,212,41,-15,7,13,46,258
ANET,Arista Networks,139.18,21,47,6,58,132,21,43,5,56,125,257
RPM,RPM International,119.67,6,13,-2,180,197,2,22,6,30,60,257
EVR,Evercore,297.77,-1,61,6,58,124,24,75,7,26,132,256
GRMN,Garmin,232.45,8,35,111,19,173,29,28,5,21,83,256
NI,NiSource,42.28,-4,23,73,45,137,2,15,88,14,119,256
AON,AON,366.37,3,5,1,177,186,29,-2,-14,56,69,255
HCA,HCA Healthcare,381.57,50,1,2,97,150,60,1,15,29,105,255
EXC,Exelon,45.33,62,7,54,14,137,56,27,25,10,118,255
NEM,Newmont,69.0,35,86,18,5,144,35,48,18,10,111,255
USFD,US Foods,80.06,-14,65,142,35,228,-6,-2,9,26,27,255
RJF,Raymond James Financial,164.94,-3,61,91,58,207,-10,33,6,19,48,255
LIN,Linde plc,472.42,23,5,12,110,150,-4,-6,9,106,105,255
AMD,Advanced Micro Devices,172.78,0,61,2,110,173,11,68,9,-7,81,254
SNX,TD Synnex,146.65,7,62,14,63,146,11,68,7,21,107,253
BWXT,BWX Technologies,179.16,96,60,12,35,203,-3,13,9,31,50,253
CHD,Church & Dwight,90.91,-61,-10,-15,344,258,-5,-12,-13,25,-5,253
ALAB,Astera Labs,179.29,114,60,0,0,174,52,22,4,0,78,252
WSM,"Williams-Sonoma, Inc.",198.8,104,28,7,65,204,-4,30,1,21,48,252
AJG,Arthur J. Gallagher & Co.,289.44,0,-32,0,186,154,30,-38,-1,107,98,252
EME,Emcor,618.13,-10,62,16,58,126,-16,77,7,57,125,251
CACI,CACI,495.83,16,45,1,154,216,33,-10,13,-1,35,251
TPR,"Tapestry, Inc.",109.09,0,62,79,21,162,-5,68,7,19,89,251
CW,Curtiss-Wright,472.63,-14,70,18,54,128,-14,77,9,49,121,249
OGE,OGE Energy,45.37,0,18,67,45,130,10,28,67,14,119,249
BLK,BlackRock,1124.9,17,61,16,22,116,28,75,9,21,133,249
LRCX,Lam Research,101.75,17,62,8,152,239,11,-6,9,-5,9,248
LOW,Lowe's,241.17,35,14,-19,166,196,33,26,-26,19,52,248
TDG,TransDigm Group,1390.0,-28,-1,18,157,146,3,32,9,57,101,247
NFLX,Netflix,1211.81,8,0,115,20,143,13,-16,86,20,103,246
ACM,AECOM,118.43,28,68,15,65,176,-2,-8,9,71,70,246
PEG,Public Service Enterprise Group,87.68,-20,41,3,152,176,1,48,3,17,69,245
SHW,Sherwin-Williams,352.25,41,5,0,190,236,-5,-14,9,19,9,245
NVT,Nvent Electric,88.63,91,62,7,12,172,-5,75,7,-5,72,244
MTZ,MasTec,181.3,16,68,18,18,120,27,75,9,13,124,244
STE,Steris,242.96,14,1,13,195,223,8,-34,21,25,20,243
LPLA,LPL Financial,369.11,-42,63,44,99,164,-11,24,9,57,79,243
MP,MP Materials,74.37,42,45,31,0,118,33,42,44,4,123,241
PM,Philip Morris International,170.18,21,-12,69,55,133,20,-24,84,27,107,240
PWR,Quanta Services,386.05,-42,69,16,99,142,-61,77,9,72,97,239
VST,Vistra Corp.,202.16,-2,61,18,30,107,5,74,7,45,131,238
AAON,AAON,80.68,-1,0,-12,245,232,-13,11,-24,31,5,237
GGG,Graco Inc.,83.49,7,0,-3,178,182,28,-12,9,29,54,236
LECO,Lincoln Electric,239.42,49,61,6,65,181,-14,68,7,-7,54,235
NEU,NewMarket,739.06,25,84,18,29,156,38,-7,21,27,79,235
AWI,Armstrong World Industries,188.33,0,69,93,21,183,-5,28,9,19,51,234
IBM,IBM,242.07,-13,-7,108,54,142,-4,-15,55,56,92,234
GE,GE Aerospace,275.0,20,73,18,27,138,7,31,29,29,96,234
SRE,Sempra,81.72,0,17,0,181,198,11,17,7,-1,34,232
DE,Deere & Company,510.36,7,0,48,109,164,18,-5,44,10,67,231
CAT,Caterpillar Inc.,416.61,-17,61,7,64,115,-16,68,7,57,116,231
SEB,Seaboard Corporation,3526.2,98,36,4,-23,115,89,48,7,-29,115,230
ABBV,AbbVie,198.08,42,14,16,58,130,12,21,2,64,99,229
DGX,Quest Diagnostics,176.96,14,1,67,18,100,51,-4,67,14,128,228
TTEK,Tetra Tech,36.89,0,60,-28,119,151,-3,75,5,-1,76,227
TRMB,Trimble Inc.,83.75,7,62,78,4,151,-12,67,7,12,74,225
AMAT,Applied Materials,184.87,7,62,0,149,218,11,-7,7,-5,6,224
ADI,Analog Devices,223.9,0,0,10,179,189,12,-13,9,26,34,223
RL,Ralph Lauren Corporation,288.26,-14,64,93,34,177,-14,25,9,26,46,223
BYD,Boyd Gaming,81.96,-42,62,47,59,126,-14,75,9,27,97,223
AIZ,Assurant,203.3,35,3,0,152,190,41,-29,1,19,32,222
MNST,Monster Beverage,64.69,14,1,25,180,220,12,-32,18,4,2,222
HOOD,Robinhood Markets,114.59,16,64,80,0,160,32,2,9,18,61,221
AU,AngloGold Ashanti,57.41,35,6,75,18,134,35,15,23,14,87,221
LDOS,Leidos,176.52,28,74,1,23,126,32,31,12,19,94,220
CMI,Cummins,387.19,28,34,4,65,131,28,25,5,30,88,219
PSTG,Pure Storage,58.59,7,61,0,42,110,17,29,5,57,108,218
C,Citigroup,92.76,6,62,18,18,104,18,72,9,14,113,217
CBRE,CBRE Group,155.43,0,46,91,22,159,-5,42,7,14,58,217
PNW,Pinnacle West Capital,92.65,35,7,67,18,127,46,-4,21,26,89,216
T,AT&T,28.08,12,2,69,16,99,5,4,93,15,117,216
RBLX,Roblox Corporation,128.77,-6,74,52,0,120,-5,75,15,11,96,216
VMC,Vulcan Materials,286.53,38,14,5,60,117,40,22,9,27,98,215
DLTR,Dollar Tree,116.07,32,79,5,-15,101,33,78,24,-22,113,214
AME,Ametek,182.07,-6,7,3,106,110,-13,7,9,101,104,214
CG,Carlyle Group (The),62.22,20,53,7,21,101,25,64,6,18,113,214
COHR,Coherent Corp.,115.5,16,61,5,15,97,28,68,6,15,117,214
DDS,Dillard's,472.59,0,44,13,54,111,11,30,6,55,102,213
VICI,Vici Properties,32.9,-9,43,57,15,106,-15,43,22,57,107,213
TSCO,Tractor Supply Company,59.28,12,28,6,85,131,-5,-3,3,85,80,211
WBA,Walgreens Boots Alliance,11.95,84,62,0,-77,69,94,77,5,-35,141,210
LITE,Lumentum,116.29,16,60,13,3,92,33,68,7,10,118,210
CELH,Celsius Holdings,51.96,14,101,0,65,180,12,10,17,-9,30,210
VLTO,Veralto,107.7,84,62,1,0,147,30,25,8,0,63,210
STT,State Street Corporation,111.51,5,64,16,16,101,17,69,8,14,108,209
AMED,Amedisys,100.93,56,79,11,-40,106,26,42,24,10,102,208
R,Ryder,177.54,0,47,10,56,113,-1,33,7,56,95,208
PHM,PulteGroup,121.62,35,35,0,65,135,-2,39,5,29,71,206
URI,United Rentals,858.54,-7,62,6,64,125,-16,33,7,57,81,206
PPC,Pilgrim's Pride,49.97,39,2,85,21,147,33,9,-3,18,57,204
EMR,Emerson Electric,132.75,-42,62,15,64,99,2,68,9,26,105,204
WCC,Wesco International,204.45,-44,61,6,58,81,-16,75,7,57,123,204
D,Dominion Energy,61.81,43,60,13,1,117,40,28,9,10,87,204
DELL,Dell Technologies,137.64,14,62,5,32,113,11,75,9,-4,91,204
EXPD,Expeditors International,117.08,35,7,0,131,173,40,-13,5,-3,29,202
CXT,Crane NXT,60.58,7,52,1,55,115,5,20,5,56,86,201
FLEX,Flex Ltd.,50.34,-1,62,17,58,136,2,-4,9,57,64,200
CSCO,Cisco,71.79,20,62,47,14,143,28,-6,9,25,56,199
GILD,Gilead Sciences,119.4,7,56,50,35,148,4,1,7,39,51,199
AMZN,Amazon,222.69,0,52,16,21,89,17,67,6,20,110,199
CVNA,Carvana,347.41,-23,74,91,11,153,-7,27,9,16,45,198
PH,Parker Hannifin,727.79,8,63,16,65,152,8,-1,9,30,46,198
UNP,Union Pacific Corporation,222.3,0,0,-5,198,193,-5,-13,3,19,4,197
XYL,Xylem Inc.,142.68,49,62,7,22,140,-5,31,9,22,57,197
CRH,CRH plc,109.36,23,16,6,64,109,33,25,3,27,88,197
SLM,Sallie Mae,31.89,0,0,89,22,111,33,-12,43,21,85,196
VTR,"Ventas, Inc.",68.57,49,18,71,22,160,-2,20,3,15,36,196
NET,Cloudflare,204.54,0,62,38,0,100,-5,72,9,19,95,195
SYF,Synchrony Financial,69.42,0,62,16,21,99,-5,75,7,18,95,194
UI,Ubiquiti,469.31,21,34,51,10,116,32,26,9,10,77,193
CINF,Cincinnati Financial,150.16,0,5,84,62,151,-4,22,9,15,42,193
CLH,Clean Harbors,237.25,30,14,0,58,102,-3,27,9,57,90,192
BLD,TopBuild,415.4,34,36,1,46,117,34,39,5,-3,75,192
LLYVA,Liberty Live (Series A),84.57,16,75,29,0,120,27,36,9,0,72,192
JCI,Johnson Controls,105.53,0,70,74,19,163,2,-1,9,18,28,191
PCAR,Paccar,97.32,-6,14,-21,159,146,-1,25,-13,34,45,191
JEF,Jefferies Financial Group,58.48,16,38,-19,58,93,25,38,-22,57,98,191
FTI,TechnipFMC,34.97,-14,62,16,27,91,-12,66,9,37,100,191
CNM,Core & Main,63.96,2,64,18,0,84,-3,75,9,24,105,189
CNP,Centerpoint Energy,38.76,0,16,48,45,109,6,15,42,15,78,187
COF,Capital One,208.28,-13,68,93,21,169,-5,-4,9,18,18,187
FYBR,Frontier Communications,36.57,-3,0,88,0,85,-1,-4,93,14,102,187
WPC,W. P. Carey,65.88,13,59,28,2,102,4,51,25,5,85,187
V,Visa Inc.,336.88,-51,-6,136,133,212,-54,-6,9,26,-25,187
LHX,L3Harris,269.75,-2,84,11,5,98,-14,77,11,14,88,186
RGLD,Royal Gold,168.99,35,-25,60,18,88,45,-30,67,16,98,186
COR,Cencora,285.25,-21,-3,43,75,94,-18,-13,54,68,91,185
BWA,BorgWarner,38.53,49,64,7,2,122,41,28,9,-16,62,184
WWD,"Woodward, Inc.",248.37,-27,71,18,35,97,-21,73,9,26,87,184
BX,Blackstone Inc.,168.97,-45,33,3,142,133,-5,31,4,21,51,184
WEC,WEC Energy Group,110.31,0,18,54,13,85,5,16,67,11,99,184
DCI,Donaldson Company,72.13,16,14,1,65,96,28,21,9,30,88,184
SPR,Spirit AeroSystems,39.92,0,76,17,0,93,24,23,29,14,90,183
MKL,Markel,1911.08,-42,0,67,55,80,-5,75,7,26,103,183
RITM,Rithm Capital,12.27,2,62,16,32,112,6,29,9,26,70,182
BKNG,Booking Holdings,5394.72,-11,0,135,35,159,-5,-7,9,26,23,182
HLT,Hilton Worldwide,262.39,-1,62,15,64,140,14,-5,7,26,42,182
FLUT,Flutter Entertainment,280.61,-7,44,18,21,76,-5,77,7,27,106,182
PFGC,Performance Food Group,96.87,-28,65,52,43,132,-40,23,9,57,49,181
TOL,Toll Brothers,125.79,33,46,-22,61,118,-5,39,3,26,63,181
HPE,Hewlett Packard Enterprise,20.82,7,58,0,42,107,17,-4,6,54,73,180
WMB,Williams Companies,57.91,-21,-4,111,52,138,-26,2,9,57,42,180
MLM,Martin Marietta Materials,611.16,35,17,5,60,117,4,22,9,27,62,179
KRC,Kilroy Realty,37.81,23,52,5,0,80,28,55,5,11,99,179
LLYVK,Liberty Live (Series C),86.51,8,68,29,0,105,27,38,9,0,74,179
RMD,Resmed,283.76,3,68,16,13,100,-16,74,8,13,79,179
BPOP,"Popular, Inc.",114.96,9,69,16,59,153,2,-4,9,19,26,179
VRT,Vertiv,139.91,-14,61,8,8,63,8,75,6,26,115,178
ABT,Abbott Laboratories,134.29,63,0,55,13,131,33,3,-3,14,47,178
OSK,Oshkosh Corporation,134.39,37,61,10,4,112,-9,66,7,2,66,178
DHI,D. R. Horton,156.38,42,35,0,65,142,-5,39,3,-2,35,177
SF,Stifel,111.64,-22,52,7,59,96,-13,67,6,20,80,176
NWS,News Corp (Class B),32.97,-3,0,111,58,166,-12,-8,9,21,10,176
CIEN,Ciena,95.06,20,62,8,12,102,26,25,7,16,74,176
SOFI,SoFi,22.09,0,54,45,0,99,14,45,7,11,77,176
APG,APi Group,34.47,-23,69,17,0,63,2,75,9,26,112,175
CR,Crane Co.,194.11,-1,69,15,0,83,7,71,9,5,92,175
INTU,Intuit,748.69,-28,0,16,191,179,-43,9,9,20,-5,174
RS,"Reliance, Inc.",284.9,-2,-6,-2,115,105,-12,-5,9,77,69,174
AMTM,Amentum,25.14,19,74,0,0,93,32,39,9,0,80,173
KKR,KKR & Co. Inc.,142.67,-46,51,0,103,108,-5,44,5,21,65,173
WTW,Willis Towers Watson,327.9,49,7,7,24,87,49,21,-14,29,85,172
SYY,Sysco,80.63,37,49,6,3,95,-5,62,6,14,77,172
CAH,Cardinal Health,157.37,5,0,54,38,97,-16,-14,47,57,74,171
LLY,Lilly (Eli),625.39,-63,-9,-2,172,98,-17,-1,-6,96,72,170
NSC,Norfolk Southern,279.93,0,61,10,4,75,-4,75,9,14,94,169
TDY,Teledyne Technologies,546.04,-3,61,51,14,123,-10,31,9,15,45,168
AEP,American Electric Power,112.51,0,26,72,23,121,-18,28,22,14,46,167
SFD,Smithfield Foods,25.53,63,57,0,0,120,35,8,3,0,46,166
TT,Trane Technologies,430.33,-56,2,15,164,125,1,-1,9,29,38,163
META,Meta Platforms,769.29,49,62,16,29,156,-10,-13,7,23,7,163
LNG,Cheniere Energy,230.83,-6,-1,59,58,110,-16,3,9,56,52,162
CHRW,C.H. Robinson,116.75,49,30,2,4,85,41,23,5,8,77,162
RCL,Royal Caribbean Group,301.44,-63,62,120,28,147,-19,-4,9,27,13,160
INCY,Incyte,78.39,91,48,2,0,141,3,12,5,-1,19,160
AEE,Ameren,101.38,0,18,56,13,87,-18,20,61,10,73,160
AMG,Affiliated Managers Group,211.3,0,68,10,22,100,-5,39,9,17,60,160
NVR,"NVR, Inc.",7858.68,33,31,-22,65,107,-5,27,2,29,53,160
PAG,Penske Automotive Group,174.83,28,4,14,62,108,-2,-13,9,57,51,159
AN,AutoNation,196.18,0,0,16,61,77,26,-10,9,57,82,159
NOC,Northrop Grumman,581.13,0,29,9,58,96,-14,49,16,12,63,159
MSTR,MicroStrategy,395.11,2,2,98,19,121,16,-7,9,20,38,159
EXEL,Exelixis,37.73,0,-9,63,14,68,21,-9,54,24,90,158
MCK,McKesson Corporation,667.86,-14,-2,41,58,83,-14,-15,37,67,75,158
PNR,Pentair,102.73,14,62,8,62,146,-9,-10,7,24,12,158
OHI,Omega Healthcare Investors,39.96,45,21,5,40,111,-2,13,4,31,46,157
EXPE,Expedia Group,195.26,9,35,48,11,103,33,1,5,14,53,156
FAF,First American Financial Corporation,62.7,89,11,1,14,115,33,8,-18,18,41,156
AZEK,Azek,54.32,17,52,15,0,84,33,14,7,18,72,156
XEL,Xcel Energy,73.32,0,18,50,12,80,-18,27,58,9,76,156
MMM,3M,153.35,20,5,73,14,112,27,-7,9,14,43,155
HAS,Hasbro,77.5,31,62,13,3,109,29,-3,9,11,46,155
JLL,Jones Lang LaSalle,278.22,16,36,3,14,69,27,41,3,14,85,154
TPG,TPG Inc.,61.7,21,45,1,0,67,28,36,3,19,86,153
WDC,Western Digital,74.99,0,62,11,18,91,-23,73,9,3,62,153
APO,Apollo Global Management,141.99,-2,44,0,97,139,-11,-6,5,26,14,153
CSL,Carlisle Companies,366.67,-49,-7,-2,178,120,4,-1,9,20,32,152
TNL,Travel + Leisure Co.,58.88,-7,52,8,16,69,-5,68,6,14,83,152
DTM,DT Midstream,104.58,1,0,102,0,103,12,2,9,25,48,151
JNJ,Johnson & Johnson,173.41,38,28,7,7,80,34,26,4,6,70,150
RDDT,Reddit,215.43,56,37,0,0,93,49,6,1,0,56,149
SYK,Stryker Corporation,377.57,-43,0,16,159,132,-16,-4,7,29,16,148
ROST,Ross Stores,145.22,35,5,0,35,75,33,14,-3,29,73,148
KMI,Kinder Morgan,26.89,-21,-3,91,44,111,-25,2,7,52,36,147
SPG,Simon Property Group,165.02,25,31,0,35,91,-2,30,7,21,56,147
CMS,CMS Energy,73.48,0,9,75,23,107,-15,20,21,14,40,147
ADM,Archer Daniels Midland,57.94,27,63,1,0,91,27,39,9,-20,55,146
THG,Hanover Insurance,168.87,-6,1,60,24,79,-6,7,52,14,67,146
CVX,Chevron Corporation,155.09,7,24,6,48,85,21,45,-11,6,61,146
TOST,"Toast, Inc.",43.06,-22,63,76,0,117,-19,22,9,17,29,146
CNA,CNA Financial,47.01,35,3,1,57,96,33,4,-8,20,49,145
COKE,Coca-Cola Consolidated,114.12,0,0,0,85,85,23,-2,-14,52,59,144
ULTA,Ulta Beauty,498.21,-14,72,11,4,73,-6,75,11,-9,71,144
ALLE,Allegion,163.54,-2,74,8,21,101,-19,30,9,22,42,143
IDA,Idacorp,124.69,0,31,55,18,104,-19,23,25,10,39,143
AMGN,Amgen,288.31,-51,27,0,165,141,-20,-2,-13,36,1,142
HLI,Houlihan Lokey,188.97,-4,64,16,44,120,-12,-1,9,26,22,142
SEIC,SEI Investments Company,87.5,-1,0,91,35,125,-11,-7,9,26,17,142
GL,Globe Life,140.56,20,14,44,14,92,26,13,3,8,50,142
ADT,ADT Inc.,8.44,4,82,30,0,116,-4,-3,24,8,25,141
LVS,Las Vegas Sands,52.67,16,62,5,2,85,-5,68,6,-14,55,140
MSM,MSC Industrial Direct,86.16,0,62,6,58,126,20,-6,9,-9,14,140
DRI,Darden Restaurants,201.99,-4,-7,43,61,93,-5,-26,47,30,46,139
LNC,Lincoln Financial,38.18,49,31,17,1,98,-5,31,7,8,41,139
THO,Thor Industries,94.98,20,46,-25,2,43,28,68,5,-6,95,138
RPRX,Royalty Pharma,37.57,7,65,31,0,103,4,44,25,-38,35,138
LNT,Alliant Energy,65.63,0,22,67,14,103,-10,22,9,13,34,137
GPK,Graphic Packaging,22.74,12,0,-18,58,52,25,20,-31,71,85,137
THC,Tenet Healthcare,165.5,14,0,13,57,84,26,-5,7,24,52,136
ED,Consolidated Edison,104.5,1,0,27,47,75,5,14,-3,45,61,136
RLI,RLI Corp.,66.54,0,-46,-9,176,121,-5,-39,-28,87,15,136
PKG,Packaging Corporation of America,196.42,0,30,-2,61,89,22,-3,2,26,47,136
CSX,CSX Corporation,35.45,7,61,1,4,73,-5,65,9,-6,63,136
K,Kellanova,80.07,14,2,68,21,105,10,14,-6,13,31,136
GEV,GE Vernova,649.09,-6,74,0,0,68,-19,77,10,0,68,136
GM,General Motors,53.54,7,44,6,11,68,12,36,6,13,67,135
KEX,Kirby Corporation,99.61,-10,-7,-2,35,16,-7,75,9,42,119,135
AYI,Acuity Brands,307.27,-14,38,3,27,54,-11,67,5,20,81,135
GNRC,Generac,196.27,56,46,2,-34,70,-15,64,6,10,65,135
HII,Huntington Ingalls Industries,264.6,-23,101,7,6,91,5,32,15,-9,43,134
IDXX,Idexx Laboratories,658.6,35,69,13,4,121,2,9,9,-8,12,133
AXP,American Express,297.35,-1,0,16,99,114,1,-10,7,21,19,133
MTG,MGIC Investment Corporation,27.17,49,0,18,55,122,-10,-17,9,28,10,132
BJ,BJ's Wholesale Club,108.12,2,-29,77,10,60,12,3,-1,58,72,132
BRX,Brixmor Property Group,25.56,-6,44,0,55,93,-5,9,9,26,39,132
CEG,Constellation Energy,335.77,-5,62,15,0,72,2,30,9,19,60,132
BA,Boeing,229.12,0,75,7,0,82,26,26,9,-11,50,132
EQH,Equitable Holdings,51.99,7,0,91,11,109,12,-18,9,19,22,131
FRHC,Freedom Holding,177.87,-1,17,53,14,83,-9,18,9,30,48,131
STWD,Starwood Property Trust,19.89,10,0,17,58,85,25,-9,9,21,46,131
MRP,Millrose Properties,31.33,23,51,0,0,74,25,29,2,0,56,130
TTWO,Take-Two Interactive,217.42,-6,-1,44,13,50,33,-17,44,20,80,130
ROP,Roper Technologies,534.27,-44,-6,-1,182,131,-47,-23,43,26,-1,130
BEPC,Brookfield Renewable Partners,33.91,-42,63,9,0,30,7,74,9,10,100,130
PG,Procter & Gamble,153.58,0,-39,-5,179,135,19,-37,-13,26,-5,130
MRVL,Marvell Technology,77.36,-1,36,-20,106,121,2,8,-20,18,8,129
QRVO,Qorvo,88.1,10,62,0,-31,41,14,70,8,-5,87,128
MDT,Medtronic,92.94,12,29,10,1,52,18,43,2,13,76,128
VRSN,Verisign,271.77,0,0,35,9,44,26,-1,51,7,83,127
APPF,AppFolio,283.25,-7,47,4,28,72,-16,39,4,28,55,127
TKR,Timken Company,74.41,0,47,-2,4,49,11,66,6,-5,78,127
LFUS,Littelfuse,249.29,0,62,2,2,66,-5,67,7,-8,61,127
ZG,Zillow (Class A),77.51,-3,35,53,0,85,-5,25,2,20,42,127
SNA,Snap-on,321.81,0,17,0,59,76,-3,-6,2,57,50,126
AFL,Aflac,103.51,20,-10,0,58,68,28,-19,-7,55,57,125
BKR,Baker Hughes,43.3,-14,16,3,35,40,-5,61,3,26,85,125
PSN,Parsons Corporation,77.61,27,47,-26,0,48,29,46,2,-1,76,124
UAL,United Airlines Holdings,89.3,8,35,0,11,54,24,25,3,16,68,122
AFG,American Financial Group,129.32,21,3,0,56,80,22,3,3,14,42,122
FSLR,First Solar,184.65,42,27,-38,62,93,-1,27,9,-6,29,122
ACGL,Arch Capital Group,88.82,35,-19,-7,62,71,2,-11,9,51,51,122
RF,Regions Financial Corporation,24.93,-42,61,6,22,47,-14,68,7,14,75,122
VNT,Vontier,40.55,0,62,4,0,66,-16,69,7,-5,55,121
FNF,Fidelity National Financial,58.27,35,0,1,58,94,5,11,-10,21,27,121
WAB,Wabtec,191.6,0,0,1,49,50,17,-11,9,56,71,121
ECL,Ecolab,272.91,30,5,15,22,72,27,-9,9,19,46,118
FHN,First Horizon Corporation,21.42,-3,62,51,4,114,-12,-1,7,10,4,118
NXST,Nexstar Media Group,186.91,5,61,8,4,78,-5,28,6,10,39,117
TLN,Talen Energy,374.78,0,74,38,0,112,-16,9,10,2,5,117
CMA,Comerica,66.84,-2,36,6,4,44,-12,67,6,12,73,117
AFRM,Affirm Holdings,72.35,35,44,11,0,90,-2,5,7,17,27,117
GTES,Gates Corporation,23.62,-33,62,16,15,60,-42,70,9,18,55,115
OMF,OneMain Financial,55.83,-51,62,16,60,87,-5,-2,9,26,28,115
JHG,Janus Henderson,42.69,-2,47,5,19,69,-10,31,6,18,45,114
TKO,TKO Group Holdings,163.23,-42,0,70,40,68,5,-18,9,50,46,114
MUSA,Murphy USA,377.89,0,-9,-12,68,47,20,-4,-28,79,67,114
VIRT,Virtu Financial,42.44,-23,0,75,14,66,-30,-7,70,14,47,113
PRI,Primerica,257.87,-13,-2,0,108,93,-5,-14,7,30,18,111
NLY,Annaly Capital Management,20.6,0,44,17,10,71,-13,30,7,16,40,111
DAL,Delta Air Lines,53.66,8,34,0,19,61,24,-1,1,26,50,111
MEDP,Medpace,434.34,1,36,3,32,72,-12,46,3,2,39,111
VIK,Viking Holdings,56.57,-21,62,0,0,41,-16,77,9,0,70,111
LMT,Lockheed Martin,425.71,21,-14,-28,165,144,-4,-25,-3,-2,-34,110
AWK,American Water Works,145.35,21,6,25,1,53,5,20,21,8,54,107
SLGN,Silgan Holdings,46.38,0,-8,-2,80,70,23,-8,9,13,37,107
KNSL,Kinsale Capital Group,438.81,-6,-9,-2,33,16,2,-2,6,85,91,107
AGNC,AGNC Investment,9.44,-19,47,10,16,54,-17,45,7,17,52,106
FITB,Fifth Third Bancorp,41.63,4,38,0,22,64,25,-6,6,16,41,105
Z,Zillow (Class C),80.92,-2,35,10,0,43,-5,44,3,20,62,105
EA,Electronic Arts,167.65,42,8,3,7,60,49,-19,15,-1,44,104
NYT,New York Times Company,57.49,35,3,1,16,55,35,-16,9,21,49,104
SAIC,SAIC,116.63,27,22,-36,67,80,28,-4,1,-1,24,104
FWONK,Liberty Formula 1 (Series C),96.0,-66,0,69,57,60,-14,-7,9,56,44,104
F,Ford Motor Company,11.34,21,76,1,-17,81,27,-8,9,-5,23,104
HON,Honeywell,216.41,-84,0,0,178,94,-12,-9,9,22,10,104
TER,Teradyne,107.47,16,33,-28,2,23,20,63,2,-5,80,103
EXP,Eagle Materials,225.19,0,13,-14,57,56,23,25,-28,27,47,103
UTHR,United Therapeutics,301.56,28,0,-9,57,76,-2,-3,-28,59,26,102
SCCO,Southern Copper,100.15,20,1,1,62,84,26,-15,9,-2,18,102
CSGP,CoStar Group,94.47,-4,44,5,14,59,-9,39,22,-9,43,102
HR,Healthcare Realty Trust,16.68,42,30,1,-9,64,-8,36,1,9,38,102
GWRE,Guidewire Software,213.27,-13,-2,109,21,115,-16,-26,9,20,-13,102
KIM,Kimco Realty,20.8,-46,0,0,55,9,-5,75,7,14,91,100
UBER,Uber,89.61,13,5,17,0,35,33,-9,15,26,65,100
BRO,Brown & Brown,93.63,0,-71,-2,163,90,10,-17,-9,26,10,100
ESI,Element Solutions,23.92,10,34,-19,57,82,20,-7,6,-1,18,100
CART,Maplebear Inc.,51.21,9,31,22,0,62,6,25,6,0,37,99
DKS,Dick's Sporting Goods,211.2,0,28,0,63,91,-4,-1,-20,33,8,99
EWBC,East West Bancorp,99.12,-2,62,8,22,90,-14,-5,8,19,8,98
MAS,Masco,69.29,14,28,-19,65,88,-8,28,-31,21,10,98
WSO,Watsco,410.56,-63,-6,-2,196,125,-67,-4,-27,71,-27,98
PINS,Pinterest,35.13,-7,47,0,0,40,-5,63,5,-5,58,98
BG,Bunge Global,83.0,56,2,0,0,58,28,7,9,-5,39,97
BRK-B,Berkshire Hathaway,465.4,0,-47,123,62,138,-4,-59,-4,26,-41,97
ZBRA,Zebra Technologies,317.85,-28,48,-1,-7,12,2,67,3,13,85,97
TW,Tradeweb,135.41,-28,-3,108,0,77,-20,8,9,23,20,97
KDP,Keurig Dr Pepper,34.43,12,2,6,1,21,14,32,17,12,75,96
SMMT,Summit Therapeutics,28.67,35,15,8,14,72,-14,26,-7,19,24,96
FTAI,FTAI Aviation,136.1,0,8,2,47,57,-5,8,5,31,39,96
PFG,Principal Financial Group,76.59,0,0,-2,55,53,-10,28,6,18,42,95
H,Hyatt Hotels,135.76,-7,0,-2,55,46,-5,-6,5,55,49,95
LH,Labcorp,266.04,5,12,54,15,86,-14,-3,7,18,8,94
DOCS,Doximity,66.62,7,32,53,0,92,14,-8,-16,12,2,94
GWW,W. W. Grainger,949.65,-42,-6,-2,94,44,-5,-11,9,57,50,94
ADC,Agree Realty,73.33,-1,-1,62,16,76,1,7,-4,13,17,93
STLD,Steel Dynamics,123.02,-3,-6,-2,55,44,-5,-12,9,57,49,93
DKNG,DraftKings,42.86,-7,38,8,0,39,-5,38,1,20,54,93
VEEV,Veeva Systems,282.29,-43,65,44,8,74,-21,12,9,18,18,92
XYZ,"Block, Inc.",73.37,-6,40,-2,-36,-4,21,59,3,13,96,92
NCLH,Norwegian Cruise Line Holdings,24.01,-21,33,0,0,12,-5,63,2,20,80,92
MDU,MDU Resources,16.49,-14,-2,0,58,42,-11,22,9,30,50,92
OWL,Blue Owl Capital,19.8,7,41,-3,0,45,31,-7,1,21,46,91
W,Wayfair,72.4,35,62,3,-41,59,-5,68,9,-40,32,91
INFA,Informatica,24.68,0,53,-41,0,12,3,75,7,-7,78,90
UGI,UGI Corporation,35.1,-11,0,41,4,34,5,-2,48,5,56,90
IONS,Ionis Pharmaceuticals,41.65,-24,65,0,0,41,-21,71,9,-10,49,90
IVZ,Invesco,20.73,-4,38,6,2,42,-5,34,6,13,48,90
REG,Regency Centers,71.91,0,5,4,53,62,-8,8,9,19,28,90
WFC,Wells Fargo,77.83,-49,0,91,29,71,-7,-3,9,19,18,89
GXO,GXO Logistics,50.34,15,62,0,0,77,12,-1,8,-8,11,88
WAL,Western Alliance Bancorporation,79.17,6,35,0,4,45,25,-6,6,18,43,88
RGA,Reinsurance Group of America,186.45,16,-6,-2,40,48,25,-40,1,53,39,87
ECG,Everus Construction Group,71.4,-6,60,0,0,54,-7,34,6,0,33,87
HRB,H&R Block,55.39,7,-43,0,52,16,32,-9,-5,52,70,86
AL,Air Lease Corporation,55.53,2,0,16,22,40,19,-8,9,26,46,86
ELAN,Elanco,16.64,14,65,1,-7,73,14,-4,8,-6,12,85
WTFC,Wintrust Financial,123.87,-51,62,8,49,68,-5,-4,7,19,17,85
POST,Post Holdings,107.96,6,-26,-5,87,62,3,-30,-7,57,23,85
FCX,Freeport-McMoRan,41.87,6,0,0,58,64,26,-10,9,-6,19,83
TRGP,Targa Resources,165.09,0,-1,0,51,50,16,-18,-19,54,33,83
NTAP,Netapp,106.23,7,5,-3,57,66,18,-6,6,-1,17,83
RKT,Rocket Companies,16.83,42,18,3,0,63,-4,15,8,1,20,83
OC,Owens Corning,143.9,21,4,-23,58,60,25,-6,-27,29,21,81
LAZ,Lazard,51.81,0,45,1,20,66,-1,-3,6,13,15,81
LPX,Louisiana-Pacific,90.76,-1,9,-4,63,67,12,-2,-23,26,13,80
BEN,Franklin Templeton Investments,25.0,35,65,7,1,108,-9,-6,9,-22,-28,80
GPC,Genuine Parts Company,133.08,23,15,0,0,38,28,22,9,-17,42,80
PLNT,Planet Fitness,106.68,-27,1,62,13,49,10,-3,9,14,30,79
MAR,Marriott International,259.91,-1,0,0,58,57,-5,-7,6,27,21,78
HAYW,Hayward Holdings,15.17,-1,33,1,0,33,-4,25,7,16,44,77
SN,SharkNinja,116.06,0,38,7,0,45,-5,30,6,1,32,77
STAG,STAG Industrial,34.63,-2,0,0,96,94,-1,-21,9,-4,-17,77
GLPI,Gaming and Leisure Properties,45.91,-9,-3,0,65,53,-15,-11,-7,57,24,77
WTM,White Mountains Insurance Group,1753.14,-1,-2,-3,59,53,-8,-6,-19,56,23,76
SKX,Skechers,62.97,-37,60,-23,55,55,-7,-4,6,26,21,76
LEN-B,Lennar (Class B),116.02,36,14,-27,62,85,-2,28,-34,-1,-9,76
FWONA,Liberty Formula 1 (Series A),85.85,-66,0,68,62,64,-42,-10,8,56,12,76
WTRG,Essential Utilities,38.81,42,0,5,0,47,9,14,1,5,29,76
KMB,Kimberly-Clark,136.15,42,3,1,18,64,34,-39,-10,26,11,75
VZ,Verizon,43.14,9,2,29,10,50,5,7,-1,14,25,75
DOX,Amdocs,89.43,14,0,1,58,73,12,-24,9,5,2,75
LEN,Lennar (Class A),120.86,37,18,-29,64,90,-5,27,-34,-3,-15,75
FNB,FNB Corporation,14.94,-53,62,0,55,64,-12,-5,8,19,10,74
MTCH,Match Group,36.09,21,46,3,-37,33,21,54,4,-38,41,74
AGO,Assured Guaranty,81.91,-5,-2,-1,56,48,-8,3,9,22,26,74
ES,Eversource Energy,65.06,-7,65,14,-10,62,-19,20,9,2,12,74
IP,International Paper,47.54,-3,0,0,16,13,17,25,2,16,60,73
NWSA,News Corp (Class A),28.52,-10,0,8,58,56,-5,-8,9,21,17,73
PNC,PNC Financial Services,189.75,0,52,1,14,67,-10,-4,6,14,6,73
MET,Metlife,76.29,4,0,0,58,62,5,-19,7,18,11,73
TSLA,"Tesla, Inc.",329.68,18,1,0,10,29,23,7,3,10,43,72
LAMR,Lamar Advertising,115.55,-7,0,0,64,57,-7,-6,7,21,15,72
VVV,Valvoline,38.39,21,3,0,31,55,28,-13,6,-4,17,72
HOLX,Hologic,68.08,49,50,-34,0,65,2,10,2,-7,7,72
AMP,Ameriprise Financial,504.95,-46,0,0,64,18,-13,-12,7,71,53,71
AIG,American International Group,78.14,0,-20,27,53,60,-6,-26,22,21,11,71
VRTX,Vertex Pharmaceuticals,366.29,-28,-4,-1,104,71,-28,-4,-5,37,0,71
AMKR,Amkor Technology,23.13,0,47,-39,2,10,18,43,3,-5,59,69
DINO,HF Sinclair,43.52,0,64,0,0,64,6,-2,9,-8,5,69
CPRT,Copart,46.18,5,-53,-12,176,116,-5,-49,-22,28,-48,68
OZK,Bank OZK,47.99,-77,62,16,56,57,-12,-4,7,19,10,67
CFG,Citizens Financial Group,47.31,-1,50,7,4,60,-13,-1,6,14,6,66
TRU,TransUnion,90.24,-42,51,0,3,12,3,30,7,14,54,66
CB,Chubb Limited,271.32,9,-27,1,58,41,7,-38,-3,56,22,63
FICO,Fair Isaac,1319.85,-49,-24,-5,166,88,-6,-23,-27,31,-25,63
BOKF,BOK Financial Corporation,101.27,0,31,0,22,53,-5,-3,3,14,9,62
HLNE,Hamilton Lane,154.55,24,1,0,25,50,-5,-2,-2,21,12,62
EL,Estée Lauder Companies (The),90.7,-3,52,0,-26,23,2,65,7,-35,39,62
ROIV,Roivant Sciences,11.49,20,23,0,0,43,-5,15,9,-1,18,61
AMCR,Amcor,9.68,12,28,0,0,40,24,-6,5,-2,21,61
NTNX,Nutanix,71.59,-13,0,30,22,39,-5,-6,9,24,22,61
BROS,Dutch Bros. Coffee,66.08,14,-1,52,0,65,23,-36,-2,11,-4,61
BURL,Burlington Stores,271.26,-6,25,0,3,22,-5,24,2,17,38,60
TROW,T. Rowe Price,105.04,20,47,-22,-25,20,-9,31,5,13,40,60
EQT,EQT Corporation,51.28,-39,-6,40,42,37,-4,-23,40,10,23,60
GEN,Gen Digital,30.44,7,1,14,16,38,1,-4,9,16,22,60
MANH,Manhattan Associates,205.74,-44,56,-28,65,49,-16,-2,2,27,11,60
BAC,Bank of America,46.03,0,0,16,18,34,6,-4,9,14,25,59
BSY,Bentley Systems,53.48,-43,65,8,0,30,-51,77,9,-6,29,59
AUR,Aurora Innovation,6.16,16,0,0,0,16,28,17,-17,15,43,59
AGCO,AGCO,109.6,-17,64,6,2,55,-24,30,10,-13,3,58
WEX,WEX Inc.,168.26,0,44,-42,1,3,-2,62,3,-8,55,58
HXL,Hexcel,60.35,0,34,-28,0,6,-5,63,3,-9,52,58
FLS,Flowserve,52.15,-42,33,-1,27,17,-12,25,2,25,40,57
FIVE,Five Below,133.5,-46,64,0,-16,2,-14,73,10,-15,54,56
ROKU,"Roku, Inc.",83.24,-42,43,9,-19,-9,-10,67,4,4,65,56
BLDR,Builders FirstSource,132.21,25,28,-27,65,91,-1,-1,-31,-3,-36,55
MTSI,MACOM Technology Solutions,120.86,-14,0,0,58,44,-19,-6,7,29,11,55
WMS,Advanced Drainage Systems,131.47,14,4,0,3,21,25,2,9,-3,33,54
TXRH,Texas Roadhouse,172.89,-7,-1,0,64,56,-5,-37,9,31,-2,54
LEA,Lear Corporation,95.89,0,62,-3,-17,42,25,-6,8,-15,12,54
SMCI,Supermicro,44.58,-21,0,0,58,37,-40,61,4,-9,16,53
APD,Air Products,288.73,0,33,0,16,49,-5,-2,1,10,4,53
XP,XP Inc.,17.33,27,0,0,0,27,46,-27,15,-8,26,53
VKTX,Viking Therapeutics,37.89,13,28,-39,21,23,7,24,4,-6,29,52
KEYS,Keysight,165.01,7,1,1,0,9,18,13,7,5,43,52
ROK,Rockwell Automation,333.26,-48,65,14,15,46,10,-3,9,-11,5,51
NTRS,Northern Trust,125.6,-22,62,15,11,66,-42,4,9,13,-16,50
PRU,Prudential Financial,103.31,7,0,-12,55,50,-5,-17,3,19,0,50
CCK,Crown Holdings,101.47,3,0,16,5,24,15,-10,9,12,26,50
DG,Dollar General,116.32,41,6,1,-17,31,40,-16,21,-26,19,50
NEE,NextEra Energy,72.39,12,4,1,0,17,14,-4,9,13,32,49
MU,Micron Technology,118.9,14,1,1,22,38,24,-17,9,-5,11,49
O,Realty Income,57.46,9,6,9,7,31,5,-11,9,13,16,47
VOYA,Voya Financial,71.08,21,3,-2,4,26,21,-6,7,-1,21,47
CGNX,Cognex Corporation,40.91,49,44,0,-31,62,-10,30,5,-40,-15,47
IPGP,IPG Photonics,75.25,-2,61,0,-44,15,2,68,5,-44,31,46
AOS,A. O. Smith,70.84,0,28,-41,58,45,-2,-2,9,-5,0,45
REXR,Rexford Industrial,36.72,0,47,-45,-18,-16,25,62,5,-32,60,44
SEG,Seaport Entertainment Group,23.59,5,26,0,0,31,18,22,-27,0,13,44
U,Unity Technologies,33.25,0,51,5,0,56,-12,25,9,-35,-13,43
QGEN,Qiagen,48.02,-21,59,11,3,52,-21,-2,9,5,-9,43
NBIX,Neurocrine Biosciences,124.88,-48,0,-4,25,-27,-5,72,6,-4,69,42
PODD,Insulet,306.88,11,0,44,4,59,2,-38,13,6,-17,42
ALK,Alaska Air Group,52.29,0,28,-2,2,28,-5,25,-16,9,13,41
MTD,Mettler Toledo,1255.96,16,47,-22,0,41,4,-3,3,-5,-1,40
CWEN-A,Clearway Energy (Class A),28.19,-23,0,57,6,40,-26,-6,21,10,-1,39
TYL,Tyler Technologies,593.76,49,7,0,17,73,-9,-16,-27,18,-34,39
LSCC,Lattice Semiconductor,61.52,28,4,0,0,32,28,-7,1,-15,7,39
TXN,Texas Instruments,187.21,9,0,0,22,31,-5,-12,9,16,8,39
SJM,J.M. Smucker Company (The),110.71,12,14,1,-4,23,29,19,-9,-23,16,39
PANW,Palo Alto Networks,167.09,-59,-7,-1,81,14,-54,11,9,57,23,37
MHK,Mohawk Industries,120.59,26,24,-25,-11,14,-5,28,1,-1,23,37
CWEN,Clearway Energy (Class C),30.15,-23,0,57,4,38,-26,-6,21,10,-1,37
SNV,Synovus,47.88,0,0,0,21,21,-1,-5,7,14,15,36
NU,Nubank,12.3,0,0,-2,0,-2,18,-8,9,19,38,36
UHS,Universal Health Services,172.38,35,-18,-10,22,29,25,-14,-3,-1,7,36
VNOM,Viper Energy,37.81,21,-34,-8,44,23,-2,-6,-27,47,12,35
TXT,Textron,77.02,-4,0,-3,53,46,-12,-3,9,-5,-11,35
XPO,"XPO, Inc.",120.18,-51,0,-2,61,8,-5,-2,6,27,26,34
NNN,NNN Reit,41.87,-9,0,7,22,20,1,-10,9,14,14,34
PINC,"Premier, Inc.",23.33,35,2,16,-28,25,26,3,14,-34,9,34
SBUX,Starbucks,92.13,0,1,0,1,2,26,13,-14,7,32,34
EXE,Expand Energy,99.13,-11,-15,40,0,14,-5,-26,40,10,19,33
BAH,Booz Allen Hamilton,110.38,0,0,-29,101,72,-5,-2,-31,-1,-39,33
WBS,Webster Bank,55.86,-62,62,7,14,21,-11,-3,7,17,10,31
RBRK,Rubrik,87.39,-7,0,0,0,-7,-10,5,43,0,38,31
IRM,Iron Mountain,90.19,-51,-3,-2,57,1,-12,-24,9,56,29,30
NTRA,Natera,151.95,9,-17,0,18,10,26,-23,-2,19,20,30
GO,Grocery Outlet,18.54,21,3,0,0,24,13,19,1,-28,5,29
AAP,Advance Auto Parts,59.08,5,54,0,-28,31,26,-3,9,-34,-2,29
GAP,Gap Inc.,19.8,5,-21,-4,18,-2,27,-13,-2,19,31,29
EFX,Equifax,239.82,-2,-6,-3,16,5,11,-14,9,18,24,29
FOXA,Fox Corporation (Class A),54.03,-28,0,67,1,40,-19,-14,7,14,-12,28
DUOL,Duolingo,370.34,14,-28,52,0,38,-5,-42,13,23,-11,27
INGR,Ingredion,126.29,-50,-6,-2,34,-24,3,-17,9,56,51,27
UNM,Unum,69.41,-56,-8,0,40,-24,-5,-8,9,54,50,26
SUI,Sun Communities,125.32,49,7,2,-24,34,-12,-16,9,11,-8,26
MSGS,Madison Square Garden Sports,199.32,-2,0,-3,21,16,-10,-9,2,27,10,26
ADSK,Autodesk,290.66,-14,0,4,14,4,-5,-2,9,19,21,25
ARMK,Aramark,39.62,-62,0,14,40,-8,-28,-4,9,56,33,25
KEY,Keycorp,17.6,-51,62,7,4,22,-15,-4,7,13,1,23
EOG,EOG Resources,115.79,-41,-2,-4,45,-2,-11,-17,2,51,25,23
CVS,CVS Health,65.54,12,0,9,-17,4,22,1,24,-28,19,23
FOX,Fox Corporation (Class B),49.19,-28,0,66,1,39,-19,-13,6,9,-17,22
CUZ,Cousins Properties,26.72,-1,-7,0,11,3,16,-19,9,13,19,22
RRC,Range Resources,34.57,-42,-13,0,42,-13,-6,-24,9,55,34,21
CCI,Crown Castle,104.53,-54,35,6,-28,-41,2,34,19,5,60,19
QS,QuantumScape,8.73,0,36,5,0,41,10,-3,7,-36,-22,19
NVST,Envista,20.25,0,47,3,0,50,3,-7,5,-32,-31,19
ETSY,Etsy,60.94,0,52,0,-30,22,9,16,9,-37,-3,19
OTIS,Otis Worldwide,87.46,7,-13,-3,0,-9,25,-10,-13,26,28,19
USB,U.S. Bancorp,44.86,0,0,0,4,4,4,-10,6,15,15,19
FDX,FedEx,227.97,0,1,-25,32,8,19,-6,1,-4,10,18
ATI,ATI Inc.,73.01,-49,0,15,43,9,-52,-1,9,52,8,17
COLB,Columbia Banking System,24.09,7,11,0,-9,9,2,-8,4,10,8,17
RH,RH,215.16,33,17,-23,-7,20,-5,13,-22,9,-5,15
TSN,Tyson Foods,57.06,28,0,0,-28,0,32,-19,-10,11,14,14
ZS,Zscaler,269.59,-14,0,16,5,7,-5,-15,9,18,7,14
AMH,American Homes 4 Rent,34.42,-32,-8,-7,68,21,-21,-10,9,15,-7,14
DDOG,Datadog,130.98,-49,52,-1,0,2,-5,-5,6,15,11,13
RNR,RenaissanceRe,240.38,-16,0,-7,35,12,-40,6,7,28,1,13
CI,Cigna,275.07,0,-25,-5,58,28,7,-19,-2,-1,-15,13
JHX,James Hardie Industries,28.23,25,30,-26,3,32,28,-7,-38,-3,-20,12
DECK,Deckers Brands,101.67,-49,-7,-23,93,14,-12,-2,-19,31,-2,12
SHC,Sotera Health,13.97,7,1,0,0,8,7,1,1,-6,3,11
AVB,AvalonBay Communities,186.8,-2,-7,-2,16,5,22,-25,-6,15,6,11
EXLS,EXL Service,42.2,-30,-21,0,65,14,-10,8,-15,13,-4,10
SSB,SouthState Corporation,92.24,-53,33,0,22,2,-12,-3,3,19,7,9
FBIN,Fortune Brands Innovations,56.05,35,14,-25,-5,19,-5,28,-31,-2,-10,9
SOLV,Solventum,73.4,7,0,0,0,7,12,-16,5,0,1,8
ALLY,Ally Financial,37.51,0,0,1,4,5,-12,-8,7,16,3,8
ASTS,AST SpaceMobile,46.58,-51,46,10,0,5,-12,-2,9,8,3,8
CL,Colgate-Palmolive,84.7,0,-23,-5,23,-5,16,-16,-13,26,13,8
GNTX,Gentex,26.64,12,27,-41,-8,-10,-2,25,3,-8,18,8
ARW,Arrow Electronics,120.86,0,0,0,4,4,11,-8,9,-8,4,8
HHH,Howard Hughes Holdings,71.09,14,2,-12,-6,-2,24,-3,-27,14,8,6
RYN,Rayonier,26.05,14,4,-19,0,-1,27,20,-31,-9,7,6
AVT,Avnet,51.96,-49,0,0,45,-4,9,-7,9,-2,9,5
ALSN,Allison Transmission,87.72,2,-21,-4,35,12,17,-39,-20,34,-8,4
PNFP,Pinnacle Financial Partners,89.96,0,-11,-3,15,1,-1,-11,-3,18,3,4
WING,Wingstop,315.34,-11,0,-1,38,26,-31,-29,7,31,-22,4
KBR,"KBR, Inc.",49.89,35,0,-29,0,6,40,-35,-7,-1,-3,3
PEP,PepsiCo,145.22,12,17,-41,0,-12,24,42,-38,-13,15,3
LNW,Light & Wonder,78.84,-53,-2,-2,57,0,-2,-6,-14,25,3,3
PEGA,Pegasystems,51.27,-13,0,18,5,10,-43,13,7,15,-8,2
SPB,Spectrum Brands,56.35,14,0,-27,-4,-17,23,-2,-26,24,19,2
BMY,Bristol Myers Squibb,45.95,0,-9,-2,-5,-16,28,-3,-13,5,17,1
HSY,Hershey Company (The),184.25,-9,28,3,0,22,-18,13,3,-19,-21,1
GTM,ZoomInfo,9.83,-46,0,-2,0,-48,14,66,5,-37,48,0
EQR,Equity Residential,63.2,-6,-7,-2,13,-2,-1,-8,-2,13,2,0
CPNG,Coupang,27.81,-21,0,16,0,-5,-15,-6,9,17,5,0
FTNT,Fortinet,74.39,-56,-6,-1,113,50,-54,-8,-1,13,-50,0
BXP,"BXP, Inc.",63.27,-11,-4,-2,-1,-18,-5,-2,9,13,15,-3
ACI,Albertsons,19.7,0,-19,24,0,5,17,-15,-2,-9,-9,-4
SITE,SiteOne Landscape Supply,132.38,-8,29,-25,-9,-13,-14,28,2,-8,8,-5
FANG,Diamondback Energy,142.12,-19,-2,-28,47,-2,-10,9,3,-5,-3,-5
EPR,EPR Properties,53.85,-114,0,56,29,-29,4,-10,9,21,24,-5
CTRA,Coterra,24.01,1,-18,-4,44,23,-5,-25,-11,13,-28,-5
RRX,Regal Rexnord,139.09,-42,0,-2,3,-41,-8,38,6,-1,35,-6
ATR,AptarGroup,140.76,-58,-6,-2,20,-46,9,-3,9,25,40,-6
AS,Amer Sports,37.23,-5,0,3,0,-2,-5,-8,9,0,-4,-6
PB,Prosperity Bancshares,66.08,0,-9,-3,14,2,-11,-12,1,14,-8,-6
CACC,Credit Acceptance,463.5,0,-6,-2,0,-8,17,-17,6,-5,1,-7
PSA,Public Storage,281.75,0,-7,-10,1,-16,25,-38,9,13,9,-7
TEM,Tempus AI,60.88,7,0,0,0,7,7,-23,2,0,-14,-7
CRUS,Cirrus Logic,103.93,1,0,-22,19,-2,6,-17,9,-3,-5,-7
CTVA,Corteva,70.9,-70,0,52,0,-18,5,-15,9,11,10,-8
NUE,Nucor,139.03,-42,39,0,3,0,-5,-1,6,-8,-8,-8
XOM,ExxonMobil,106.84,-40,-5,-1,44,-2,-48,-16,8,50,-6,-8
NOW,ServiceNow,872.34,-58,-2,-2,82,20,-51,-7,7,22,-29,-9
MSCI,MSCI,546.84,-14,-2,0,14,-2,-19,-14,6,20,-7,-9
TAP,Molson Coors,50.7,7,0,-12,0,-5,15,-3,-13,-3,-4,-9
REYN,Reynolds Consumer Products,22.86,17,3,-27,0,-7,17,22,-39,-3,-3,-10
OVV,Ovintiv,39.87,-42,1,-4,0,-45,-12,47,6,-6,35,-10
WYNN,Wynn Resorts,106.43,-34,64,7,3,40,-51,-1,9,-8,-51,-11
VRSK,Verisk Analytics,265.05,-111,-10,0,114,-7,3,-34,-1,28,-4,-11
LAD,Lithia Motors,292.0,0,-9,-4,14,1,-3,-10,-21,21,-13,-12
AES,AES Corporation,13.12,-29,23,-2,-11,-19,2,23,5,-24,6,-13
CLX,Clorox,124.86,0,0,-16,-5,-21,23,-2,-26,13,8,-13
VNO,Vornado Realty Trust,36.92,-51,-1,0,4,-48,16,-4,7,15,34,-14
ESAB,ESAB,111.04,-21,-3,-1,0,-25,-40,25,9,17,11,-14
DHR,Danaher Corporation,200.63,2,2,-28,0,-24,6,5,2,-4,9,-15
VTRS,Viatris,9.7,12,2,-24,-7,-17,6,-4,1,-1,2,-15
BDX,Becton Dickinson,193.56,14,2,-27,-5,-16,6,28,-18,-15,1,-15
PCG,PG&E Corporation,14.98,37,0,-29,1,9,-5,9,-28,-1,-25,-16
KVUE,Kenvue,21.35,-8,-4,0,0,-12,-20,15,-2,3,-4,-16
SNOW,Snowflake Inc.,191.64,-42,0,14,0,-28,-5,7,9,1,12,-16
HUM,Humana,266.68,93,4,-88,-12,-3,19,7,-19,-20,-13,-16
TGT,Target Corporation,105.43,20,28,-30,-11,7,24,-4,-38,-6,-24,-17
SBAC,SBA Communications,220.68,-28,-4,15,-20,-37,3,-4,16,5,20,-17
MAT,Mattel,17.14,0,-2,-3,0,-5,25,-12,6,-31,-12,-17
RAL,Ralliant,45.03,0,0,0,0,0,-11,-7,0,0,-18,-18
HPQ,HP Inc.,26.12,12,1,-24,0,-11,28,-6,-28,-1,-7,-18
TFC,Truist Financial,43.08,-62,36,0,4,-22,-13,-3,6,14,4,-18
HBAN,Huntington Bancshares,16.09,-51,0,8,21,-22,-14,-8,9,16,3,-19
EW,Edwards Lifesciences,78.35,-21,11,3,-14,-21,-19,27,29,-35,2,-19
SNDR,Schneider National,23.99,-14,0,-4,0,-18,-5,-8,1,10,-2,-20
TRIP,Tripadvisor,17.99,7,27,0,-52,-18,14,22,6,-44,-2,-20
PR,Permian Resources,13.26,-41,0,-7,26,-22,-5,-2,9,-2,0,-22
DLB,Dolby Laboratories,72.56,0,-6,-2,0,-8,1,-4,-19,8,-14,-22
GEHC,GE HealthCare,71.99,0,0,-19,0,-19,7,-1,-17,8,-3,-22
LYFT,Lyft,13.41,-5,-1,-3,-1,-10,-5,-14,9,-2,-12,-22
SNDK,SanDisk,44.34,7,0,0,0,7,-13,-18,1,0,-30,-23
MKSI,MKS Instruments,99.36,10,2,-26,-13,-27,11,-7,5,-5,4,-23
UHAL,U-Haul,56.95,-6,-9,-14,0,-29,17,-4,-27,20,6,-23
PCTY,Paylocity,176.85,-11,-1,0,-3,-15,-12,17,-18,5,-8,-23
WH,Wyndham Hotels & Resorts,83.96,-49,23,-2,11,-17,-5,-1,-16,15,-7,-24
TTD,Trade Desk (The),54.23,-7,-1,-26,-1,-35,-5,22,-26,20,11,-24
CPB,Campbell Soup Company,32.44,12,0,-31,-6,-25,30,13,-38,-5,0,-25
KHC,Kraft Heinz,27.78,0,1,-41,0,-40,16,21,-13,-10,14,-26
EQIX,Equinix,775.8,-42,-26,-7,34,-41,-10,6,-7,26,15,-26
CNH,CNH Industrial,12.44,-43,0,18,0,-25,1,-13,9,2,-1,-26
CARR,Carrier Global,66.03,-63,-5,-2,0,-70,9,-1,9,26,43,-27
BC,Brunswick Corporation,56.83,-14,46,-37,-7,-12,-5,-4,3,-9,-15,-27
BFAM,Bright Horizons,119.2,-16,-4,2,1,-17,2,-41,14,15,-10,-27
TFSL,Third Federal S&L,12.71,-20,0,2,5,-13,-30,-13,9,19,-15,-28
LII,Lennox International,581.77,-56,29,0,38,11,-66,-3,3,27,-39,-28
PCOR,Procore,62.32,-46,-1,-2,0,-49,-12,30,-16,19,21,-28
PSX,Phillips 66,119.13,-48,0,-2,41,-9,-12,-11,8,-5,-20,-29
IR,Ingersoll Rand,75.91,-46,-3,-20,23,-46,-10,-8,6,29,17,-29
AVY,Avery Dennison,170.87,0,-8,-34,0,-42,25,-13,6,-5,13,-29
VLO,Valero Energy,133.34,-56,0,0,44,-12,-12,-9,8,-5,-18,-30
SARO,StandardAero,27.58,-3,-1,0,0,-4,-16,-19,9,0,-26,-30
SON,Sonoco,45.44,0,5,-43,-5,-43,24,-3,6,-14,13,-30
ZION,Zions Bancorporation,52.02,-78,44,0,4,-30,-16,-5,6,15,0,-30
FND,Floor & Decor,79.59,34,28,-34,-6,22,-11,-8,-28,-6,-53,-31
KRMN,Karman Holdings,45.8,-6,0,0,0,-6,-21,-5,1,0,-25,-31
DXCM,Dexcom,78.86,-49,0,-2,-14,-65,9,25,9,-9,34,-31
FR,First Industrial Realty Trust,48.07,-51,0,-2,14,-39,-10,-4,7,14,7,-32
BBY,Best Buy,68.98,17,1,-23,-6,-11,28,-13,-34,-2,-21,-32
OKE,Oneok,74.49,-42,-6,-12,54,-6,-48,-6,-24,51,-27,-33
PAYC,Paycom,229.83,0,-6,18,-24,-12,-3,10,9,-37,-21,-33
DOV,Dover Corporation,173.58,-83,0,-2,106,21,-75,-3,5,19,-54,-33
CCCS,CCC Intelligent Solutions,9.52,-21,36,-27,0,-12,-56,39,1,-6,-22,-34
AA,Alcoa,30.14,4,29,-20,-20,-7,7,-4,1,-32,-28,-35
PLD,Prologis,105.7,-3,0,-22,0,-25,-5,-9,9,-5,-10,-35
SW,Smurfit Westrock,43.65,-49,0,-2,16,-35,6,-1,-22,17,0,-35
COP,ConocoPhillips,93.91,0,14,-44,0,-30,-12,13,1,-8,-6,-36
CPAY,Corpay,300.97,-51,-6,-2,21,-38,-16,-3,-4,25,2,-36
DLR,Digital Realty,169.97,-45,0,0,22,-23,-39,-2,9,19,-13,-36
DD,DuPont,70.43,-67,33,-2,19,-17,-19,-4,6,-3,-20,-37
KD,Kyndryl,30.69,-47,-4,-1,0,-52,3,-15,7,20,15,-37
MDB,MongoDB Inc.,209.27,-42,33,-25,-9,-43,-5,18,1,-9,5,-38
TWLO,Twilio,98.6,-13,-1,-1,-34,-49,-5,-1,5,11,10,-39
RYAN,Ryan Specialty,58.49,0,-32,-2,0,-34,16,-38,-8,25,-5,-39
AR,Antero Resources,32.81,-23,-15,0,10,-28,-6,-26,9,10,-13,-41
PPG,PPG Industries,106.94,0,-6,-45,-8,-59,25,-8,9,-8,18,-41
EGP,EastGroup Properties,161.1,-7,-1,-4,8,-4,-15,-27,9,-5,-38,-42
TMO,Thermo Fisher Scientific,461.1,-18,13,-21,0,-26,-20,27,-20,-3,-16,-42
EIX,Edison International,53.79,0,6,-31,0,-25,-9,20,-28,-1,-18,-43
APTV,Aptiv,66.9,0,0,0,-24,-24,16,-8,9,-36,-19,-43
LINE,"Lineage, Inc.",41.68,-7,-2,0,0,-9,-10,6,-30,0,-34,-43
ONTO,Onto Innovation,102.95,7,0,-25,0,-18,6,-8,-20,-4,-26,-44
FRT,Federal Realty Investment Trust,91.34,-3,-6,-22,0,-31,-5,-7,-2,-1,-15,-46
OXY,Occidental Petroleum,44.34,4,1,-54,0,-49,17,-3,5,-16,3,-46
COIN,Coinbase,310.63,-84,0,8,0,-76,9,-6,8,18,29,-47
INGM,Ingram Micro,18.76,-55,0,0,0,-55,5,-4,6,0,7,-48
FCN,FTI Consulting,167.37,0,18,-36,0,-18,23,-3,-46,-5,-31,-49
YETI,Yeti Holdings,32.65,-15,29,-34,-6,-26,-14,-2,3,-10,-23,-49
RVMD,Revolution Medicines,35.01,-21,-6,-13,0,-40,-13,-32,9,26,-10,-50
QCOM,Qualcomm,147.6,-49,-3,-24,22,-54,9,-7,7,-5,4,-50
WFRD,Weatherford International,55.44,-19,33,-43,0,-29,-12,42,-47,-5,-22,-51
CAVA,Cava Group,85.01,-6,0,-13,0,-19,-5,-2,-27,2,-32,-51
CF,CF Industries,80.88,-25,-2,-1,4,-24,-17,-28,9,8,-28,-52
NDSN,Nordson,210.96,-4,0,-35,0,-39,-7,-8,9,-7,-13,-52
GRAL,"Grail, Inc.",32.83,-7,-9,0,0,-16,-16,-19,-2,0,-37,-53
G,Genpact,43.58,0,0,0,3,3,-47,-5,-14,10,-56,-53
A,Agilent Technologies,114.63,0,0,-22,-2,-24,7,-13,-19,-5,-30,-54
REGN,Regeneron Pharmaceuticals,562.73,0,6,-40,0,-34,1,24,-41,-4,-20,-54
BIRK,Birkenstock,48.22,-44,-6,-9,0,-59,-14,9,9,0,4,-55
DNB,Dun & Bradstreet,9.11,0,41,-25,0,16,-5,-2,-27,-37,-71,-55
AMT,American Tower,206.42,-66,-4,15,0,-55,-28,-3,19,11,-1,-56
EXR,Extra Space Storage,136.4,-49,-7,-2,0,-58,-14,-7,9,13,1,-57
CERT,"Certara, Inc.",10.95,14,-1,-14,0,-1,2,-20,-6,-32,-56,-57
TREX,"Trex Company, Inc.",59.76,-21,23,-53,-13,-64,-16,27,1,-6,6,-58
UWMC,United Wholesale Mortgage,4.52,14,2,-28,0,-12,3,-4,-41,-4,-46,-58
HRL,Hormel Foods,28.48,0,-17,-9,-23,-49,25,-13,9,-30,-9,-58
FTRE,Fortrea,6.59,20,5,-36,0,-11,6,13,-64,-2,-47,-58
LBTYK,Liberty Global (Series C),11.21,42,6,-39,-30,-21,-8,43,-36,-36,-37,-58
GPN,Global Payments,81.0,0,14,-26,-39,-51,-4,30,-23,-10,-7,-58
CHRD,Chord Energy,100.99,-42,1,-49,0,-90,-12,46,3,-6,31,-59
DBX,Dropbox,26.92,0,-8,-2,9,-1,-54,-6,-6,8,-58,-59
UHAL-B,U-Haul (Series N),51.96,0,-9,-22,0,-31,17,-8,-36,-1,-28,-59
MTB,M&T Bank,187.18,-81,0,0,22,-59,-14,-8,7,14,-1,-60
HIW,Highwoods Properties,28.68,-84,-5,0,6,-83,17,-17,9,13,22,-61
WST,West Pharmaceutical Services,240.96,-1,14,-26,-7,-20,-5,-2,-26,-8,-41,-61
DVA,DaVita,129.55,-51,-3,-2,20,-36,-21,-4,-19,19,-25,-61
KMPR,Kemper Corporation,50.26,-21,-3,-5,-1,-30,-21,-22,-2,14,-31,-61
MPC,Marathon Petroleum,160.91,-56,0,0,49,-7,-48,-7,9,-8,-54,-61
CRWD,CrowdStrike,424.49,-63,-2,44,0,-21,-54,-16,9,20,-41,-62
MAA,Mid-America Apartment Communities,140.51,-53,-8,0,0,-61,-1,-4,-7,11,-1,-62
DVN,Devon Energy,33.28,4,1,-49,-5,-49,19,-18,8,-22,-13,-62
UDR,"UDR, Inc.",38.1,-56,-7,-2,-1,-66,-1,-4,-4,13,4,-62
AXTA,Axalta,28.4,0,-49,-15,22,-42,-5,-13,-28,26,-20,-62
ANGI,Angi Inc.,18.17,21,3,-39,-51,-66,17,25,5,-44,3,-63
DPZ,Domino's,439.89,-49,-4,0,10,-43,-61,-4,26,18,-21,-64
MCHP,Microchip Technology,61.86,-49,0,0,0,-49,-5,-12,9,-7,-15,-64
FHB,"First Hawaiian, Inc.",23.92,-78,-2,0,14,-66,-11,-8,6,14,1,-65
CPRI,Capri Holdings,19.7,21,5,-71,-11,-56,25,-4,2,-32,-9,-65
MASI,Masimo,144.64,-21,-3,0,-6,-30,-13,-18,-14,10,-35,-65
CTSH,Cognizant,69.55,-65,-8,-2,14,-61,-5,-16,-2,18,-5,-66
OMC,Omnicom Group,72.92,0,0,-26,0,-26,-5,-3,-31,-1,-40,-66
FCNCA,First Citizens BancShares,1828.12,-73,-2,-2,59,-18,-74,-2,6,21,-49,-67
WDAY,"Workday, Inc.",222.09,-46,-10,-9,14,-51,-5,-6,-3,-2,-16,-67
CPT,Camden Property Trust,105.52,-56,-7,0,0,-63,-10,-4,-2,11,-5,-68
TPL,Texas Pacific Land Corporation,862.11,-17,-49,-8,58,-16,-12,-49,-4,13,-52,-68
TXG,10x Genomics,12.3,-21,43,-75,0,-53,-21,44,3,-42,-16,-69
IQV,IQVIA,179.98,-21,17,-39,-1,-44,-63,43,1,-6,-25,-69
CAR,Avis Budget Group,153.71,-56,0,8,-20,-68,-65,88,12,-37,-2,-70
LBTYA,Liberty Global (Series A),11.04,42,6,-39,-31,-22,-8,6,-37,-10,-49,-71
DIS,Walt Disney Company (The),112.36,-70,0,14,-1,-57,-19,-7,9,3,-14,-71
POOL,Pool Corporation,305.81,-13,14,-22,-6,-27,-5,-2,-28,-9,-44,-71
SWKS,Skyworks Solutions,71.09,6,0,-42,-30,-66,7,-14,6,-5,-6,-72
DV,DoubleVerify,14.88,-14,35,-69,0,-48,-12,15,-17,-10,-24,-72
ODFL,Old Dominion Freight Line,144.45,-2,-8,-25,0,-35,-5,-2,-30,-1,-38,-73
M,"Macy's, Inc.",12.08,-46,28,-30,-15,-63,-5,25,-24,-6,-10,-73
WBD,Warner Bros. Discovery,10.9,-42,42,11,-42,-31,-5,-1,7,-45,-44,-75
PFE,Pfizer,24.58,7,4,-32,-23,-44,2,-11,6,-28,-31,-75
PII,Polaris Inc.,51.48,-1,31,-99,-17,-86,-5,28,4,-17,10,-76
PVH,PVH Corp.,72.94,-1,0,-31,-3,-35,-5,-2,-27,-7,-41,-76
CROX,Crocs,75.24,-14,-2,-41,-1,-58,-6,-6,-3,-5,-20,-78
CFR,Frost Bank,123.28,-78,0,0,4,-74,-16,-6,7,10,-5,-79
CHH,Choice Hotels,120.77,-62,-3,-2,0,-67,-6,-4,-16,14,-12,-79
DOCU,DocuSign,69.19,-52,-9,-2,-12,-75,-13,-3,-1,11,-6,-81
CMG,Chipotle Mexican Grill,41.44,-140,-12,-5,80,-77,-18,-13,-3,29,-5,-82
SWK,Stanley Black & Decker,69.33,0,28,-28,-39,-39,-1,-6,-34,-2,-43,-82
GTLB,GitLab,40.42,-46,-3,-20,0,-69,-10,16,-19,-1,-14,-83
ELV,Elevance Health,294.02,7,-27,-43,-2,-65,12,-19,-9,-3,-19,-84
HSIC,Schein (Henry),65.95,-66,-4,-4,-1,-75,3,-13,-2,3,-9,-84
OKTA,"Okta, Inc.",91.55,-14,-43,0,-24,-81,-5,-2,-2,6,-3,-84
ABNB,Airbnb,121.02,-59,-2,-2,0,-63,-14,-1,-1,-5,-21,-84
BBWI,"Bath & Body Works, Inc.",28.5,-7,-1,-24,-15,-47,-10,-6,-15,-6,-37,-84
CNXC,Concentrix,47.09,-59,-6,-2,0,-67,12,-4,7,-33,-18,-85
NKE,"Nike, Inc.",74.18,-14,30,-76,-21,-81,-5,30,6,-36,-5,-86
MIDD,Middleby,119.69,-51,-3,-2,-1,-57,-21,-6,-15,13,-29,-86
CBSH,Commerce Bancshares,60.47,-91,-4,0,11,-84,-14,-10,9,13,-2,-86
APLS,Apellis Pharmaceuticals,24.38,49,9,-69,-16,-27,5,20,-67,-18,-60,-87
IRDM,Iridium Communications,23.82,-24,-7,-3,-19,-53,-15,-6,6,-19,-34,-87
PEN,"Penumbra, Inc.",240.53,-30,-51,31,11,-39,8,-54,-5,3,-48,-87
SAM,Boston Beer Company,217.55,13,0,-34,-37,-58,32,12,-30,-44,-30,-88
STZ,Constellation Brands,170.59,0,0,-44,-3,-47,6,20,-60,-8,-42,-89
WHR,Whirlpool Corporation,83.73,0,-7,-4,-26,-37,-5,-13,2,-36,-52,-89
JAZZ,Jazz Pharmaceuticals,111.29,-28,2,-2,-6,-34,2,-3,-15,-39,-55,-89
DOC,Healthpeak Properties,16.97,-3,-3,-16,-31,-53,-12,-3,-31,9,-37,-90
BHF,Brighthouse Financial,44.52,-14,-26,-2,0,-42,-10,-44,-2,8,-48,-90
DT,Dynatrace,46.22,-45,-2,-1,0,-48,-54,-15,6,20,-43,-91
CFLT,"Confluent, Inc.",16.33,-49,-7,-2,0,-58,-13,-1,-17,-2,-33,-91
FOUR,Shift4,81.63,-51,-4,-1,0,-56,-54,-4,-1,24,-35,-91
IPG,Interpublic Group of Companies (The),24.93,0,14,-42,0,-28,-5,-3,-39,-17,-64,-92
BIO,Bio-Rad Laboratories,264.51,-15,28,-26,-28,-41,-16,33,-31,-37,-51,-92
APA,APA Corporation,20.02,14,2,-84,-12,-80,7,-5,4,-19,-13,-93
MORN,"Morningstar, Inc.",258.71,-49,-7,-19,28,-47,-43,-20,-1,18,-46,-93
VFC,VF Corporation,11.82,-30,-2,-19,-43,-94,-10,22,-19,7,0,-94
HOG,Harley-Davidson,24.23,-30,0,-42,-9,-81,3,-9,4,-11,-13,-94
FLO,Flowers Foods,16.35,12,0,-36,-8,-32,11,5,-56,-23,-63,-95
JBHT,J. B. Hunt,139.38,-14,0,-30,-1,-45,-5,-8,-27,-10,-50,-95
SEE,Sealed Air,29.32,-1,0,-23,-24,-48,-10,-12,7,-32,-47,-95
CHE,Chemed Corporation,435.02,0,-55,-10,-2,-67,30,-43,-8,-8,-29,-96
TTC,Toro Company (The),73.79,0,18,-34,-6,-22,-5,-2,-47,-20,-74,-96
KNX,Knight-Swift,41.11,-14,-8,-24,-2,-48,-5,-11,-20,-13,-49,-97
RIVN,Rivian,11.79,-62,-9,-2,0,-73,2,-3,-2,-21,-24,-97
ON,ON Semiconductor,47.66,-49,0,-36,-1,-86,4,-5,5,-15,-11,-97
ASH,Ashland Global,52.05,0,5,-40,-9,-44,21,-12,-52,-10,-53,-97
BMRN,BioMarin Pharmaceutical,57.32,-4,0,-49,-20,-73,-13,24,-14,-22,-25,-98
MRK,Merck & Co.,80.73,0,6,-46,-4,-44,4,-2,-50,-6,-54,-98
MOH,Molina Healthcare,156.92,-1,-54,-12,-2,-69,5,-19,-8,-8,-30,-99
CLVT,Clarivate,3.86,0,-6,-76,-6,-88,18,10,2,-42,-12,-100
PYPL,PayPal,67.64,-63,-1,-2,-39,-105,-5,-1,2,9,5,-100
GME,GameStop,22.27,-2,-40,-9,-30,-81,-5,-5,-2,-7,-19,-100
AAL,American Airlines Group,11.61,7,30,-20,-76,-59,26,-8,-20,-39,-41,-100
CUBE,CubeSmart,38.83,-51,-4,-22,0,-77,-14,-17,9,-2,-24,-101
MKC,McCormick & Company,70.34,-51,-23,-5,-2,-81,5,-22,-13,10,-20,-101
LKQ,LKQ Corporation,29.46,-1,-39,-5,-2,-47,-12,-13,-13,-17,-55,-102
DAY,Dayforce,51.17,-43,-6,-19,-12,-80,-5,-1,-23,5,-24,-104
MOS,Mosaic Company (The),31.99,-49,-3,15,-16,-53,-21,-15,14,-30,-52,-105
CRM,Salesforce,240.48,-49,-7,-12,22,-46,-54,-6,-20,21,-59,-105
BF-B,Brown–Forman (Class B),30.8,26,2,-102,-18,-92,28,20,-34,-28,-14,-106
KSS,Kohl's,11.15,-1,28,-61,-31,-65,-7,-5,3,-32,-41,-106
WY,Weyerhaeuser,25.5,0,-8,-22,0,-30,-5,-29,-34,-8,-76,-106
FI,Fiserv,133.11,-56,-21,-13,35,-55,-49,-15,-14,27,-51,-106
PK,Park Hotels & Resorts,10.18,-62,-1,-25,-7,-95,-5,-4,2,-5,-12,-107
TEAM,Atlassian,168.0,-49,-22,-5,-6,-82,-5,-14,-17,11,-25,-107
ZTS,Zoetis,147.49,-10,-21,-34,-3,-68,2,-36,-1,-5,-40,-108
QXO,"QXO, Inc.",19.3,-63,0,0,-14,-77,-19,-18,12,-6,-31,-108
WLK,Westlake Corporation,79.0,-2,0,-39,-4,-45,-3,-4,-51,-6,-64,-109
CIVI,Civitas Resources,30.29,0,0,-54,-6,-60,4,9,-54,-9,-50,-110
OGN,Organon & Co.,9.22,-31,-4,-28,0,-63,2,-4,-41,-4,-47,-110
FRPT,Freshpet,62.71,-31,-39,-23,-6,-99,-26,13,-19,19,-13,-112
UA,Under Armour (Class C),5.18,-7,-1,-27,-37,-72,-5,-3,5,-37,-40,-112
BF-A,Brown–Forman (Class A),30.42,25,0,-101,-18,-94,27,20,-41,-24,-18,-112
EG,Everest Group,329.91,-42,-19,-35,55,-41,7,-37,-36,-5,-71,-112
ALB,Albemarle Corporation,75.49,4,27,-127,-23,-119,30,-2,3,-25,6,-113
ELF,e.l.f. Beauty,101.76,-39,0,-49,31,-57,-42,-17,7,-5,-57,-114
ENTG,Entegris,73.14,-56,-5,-43,-6,-110,11,38,-48,-5,-4,-114
RNG,RingCentral,28.77,21,3,-25,-41,-42,13,-15,-25,-45,-72,-114
EPAM,EPAM Systems,158.17,0,-8,-25,-27,-60,12,-14,-16,-37,-55,-115
MGM,MGM Resorts International,34.19,-49,0,-2,0,-51,-60,-1,6,-9,-64,-115
ISRG,Intuitive Surgical,470.23,-92,-8,-2,22,-80,-47,-16,-1,26,-38,-118
ESS,Essex Property Trust,254.59,-56,-7,-2,14,-51,-77,-4,-2,14,-69,-120
ZM,Zoom Communications,71.57,-62,-9,-2,0,-73,-5,-45,-1,4,-47,-120
SAIA,Saia,283.5,-51,0,-25,4,-72,-14,-2,-27,-5,-48,-120
UAA,Under Armour (Class A),5.44,-8,-1,-27,-44,-80,-5,-3,4,-37,-41,-121
VSTS,Vestis,4.84,-51,-6,-21,0,-78,-16,-1,-26,0,-43,-121
CLF,Cleveland-Cliffs,9.56,-42,27,-62,-16,-93,-62,40,2,-8,-28,-121
ILMN,"Illumina, Inc.",94.61,-42,42,-27,-40,-67,-15,-1,1,-40,-55,-122
CC,Chemours,12.19,-1,28,-64,-13,-50,-12,-6,-26,-30,-74,-124
ONON,On Holding AG,45.65,-56,-7,-1,0,-64,-52,-38,9,20,-61,-125
WEN,Wendy's Company (The),10.09,0,-32,-36,-8,-76,19,-23,-31,-15,-50,-126
FIS,Fidelity National Information Services,71.16,-46,-4,-1,-37,-88,-51,-6,8,11,-38,-126
CHDN,Churchill Downs Incorporated,100.97,-58,31,-30,0,-57,-68,-3,1,-1,-71,-128
EXAS,Exact Sciences,40.97,-24,-13,-27,-25,-89,-2,-20,-1,-16,-39,-128
EEFT,Euronet Worldwide,91.62,-60,-8,-2,-3,-73,-72,-8,9,13,-58,-131
COO,Cooper Companies (The),70.31,-51,-8,-26,-5,-90,1,-8,-31,-3,-41,-131
LUV,Southwest Airlines,29.59,-84,0,0,-39,-123,-11,-8,7,4,-8,-131
PATH,UiPath,10.65,-84,-9,-10,0,-103,-5,-13,-2,-10,-30,-133
MDLZ,Mondelez International,61.82,-56,-8,0,0,-64,-75,-4,18,-9,-70,-134
DJT,Trump Media & Technology Group,17.01,-1,-49,-55,0,-105,8,-5,-23,-9,-29,-134
ZBH,Zimmer Biomet,99.22,14,2,-64,-17,-65,14,-4,-63,-18,-71,-136
BAX,Baxter International,23.68,-1,-23,-22,-38,-84,24,-22,-13,-41,-52,-136
GMED,Globus Medical,58.7,10,-117,-14,-2,-123,27,-33,-19,12,-13,-136
MTDR,Matador Resources,46.53,-48,0,-28,0,-76,-50,-6,2,-6,-60,-136
IAC,IAC Inc.,34.2,-67,-4,-1,-31,-103,3,-4,5,-38,-34,-137
INTC,Intel,19.95,0,-7,-68,-20,-95,-3,-11,-16,-12,-42,-137
CE,Celanese,48.04,-70,-1,-42,-10,-123,-5,-8,5,-9,-17,-140
NFE,New Fortress Energy,2.71,-7,-1,-70,-3,-81,-9,-4,-21,-25,-59,-140
ELS,Equity Lifestyle Properties,60.17,0,-32,-20,0,-52,-10,-46,-31,-3,-90,-142
IEX,IDEX Corporation,158.34,-56,-8,-27,-2,-93,-8,-8,-27,-6,-49,-142
CRI,Carter's,25.36,0,-12,-61,-17,-90,-2,-4,-38,-9,-53,-143
WAT,Waters Corporation,281.18,-44,-20,-4,-2,-70,-50,-19,-19,14,-74,-144
LBRDA,Liberty Broadband (Series A),58.11,-78,-11,-2,-36,-127,-12,-11,-2,8,-17,-144
FTV,Fortive,47.12,-51,-8,-20,0,-79,-7,-34,-16,-8,-65,-144
SMG,Scotts Miracle-Gro Company,58.46,-63,0,-21,-39,-123,-19,-8,5,-1,-23,-146
UNH,UnitedHealth Group,250.9,0,-78,-17,-4,-99,3,-19,-30,-1,-47,-146
LBRDK,Liberty Broadband (Series C),58.28,-78,-11,-2,-36,-127,-14,-11,-2,8,-19,-146
LCID,Lucid Motors,2.13,-66,-3,-3,0,-72,-21,-3,-16,-35,-75,-147
ENOV,Enovis,28.46,14,-20,-64,-17,-87,14,-13,-24,-37,-60,-147
LOAR,Loar Holdings,67.63,-28,-25,0,0,-53,-40,-52,-2,0,-94,-147
RARE,Ultragenyx,27.57,-7,-22,-26,-38,-93,-5,-14,-34,-3,-56,-149
ALGM,Allegro MicroSystems,30.77,-91,0,10,0,-81,-51,-8,7,-16,-68,-149
ALGN,Align Technology,139.92,-49,-7,-66,-25,-147,2,36,-2,-38,-2,-149
EMN,Eastman Chemical Company,61.63,-70,-10,-20,-1,-101,-5,-8,-34,-2,-49,-150
FDS,FactSet,382.11,-135,-15,-4,0,-154,-9,-11,-2,23,1,-153
BALL,Ball Corporation,54.07,-66,0,-2,-11,-79,-75,-4,9,-5,-75,-154
AVTR,Avantor,11.49,-42,-6,-28,0,-76,-15,-19,-39,-5,-78,-154
CRL,Charles River Laboratories,148.74,-21,0,-53,-26,-100,-50,-2,5,-8,-55,-155
ESTC,Elastic NV,74.52,-49,-6,-12,-6,-73,-59,-2,-17,-4,-82,-155
HST,Host Hotels & Resorts,15.33,-63,0,-31,2,-92,-61,-4,7,-6,-64,-156
RVTY,Revvity,86.85,-58,-8,-19,-24,-109,-15,-13,-24,3,-49,-158
AZTA,Azenta,29.03,-48,0,-52,-31,-131,3,-3,-18,-9,-27,-158
MAN,ManpowerGroup,40.48,0,-6,-45,-28,-79,7,-6,-45,-36,-80,-159
MPW,Medical Properties Trust,4.08,-7,-62,-6,-36,-111,-3,-5,-6,-35,-49,-160
TDC,Teradata,20.52,-3,-2,-78,-17,-100,-4,-15,-26,-16,-61,-161
CDW,CDW,162.88,-49,-4,-41,0,-94,-54,-7,1,-8,-68,-162
HAL,Halliburton,20.9,-20,-3,-62,-5,-90,-12,10,-61,-9,-72,-162
OLN,Olin Corporation,18.92,0,-8,-59,-9,-76,6,-8,-61,-23,-86,-162
TECH,Bio-Techne,50.44,-24,0,-26,-24,-74,-56,-1,-26,-6,-89,-163
HUBS,HubSpot,449.69,-52,-41,-9,-1,-103,-61,-1,-17,19,-60,-163
JKHY,Jack Henry & Associates,161.52,-77,-7,-2,0,-86,-50,-38,-2,11,-79,-165
INVH,Invitation Homes,29.96,-78,-12,-7,0,-97,-48,-32,-2,14,-68,-165
NSA,National Storage Affiliates,29.77,0,-55,-14,-4,-73,-1,-56,-35,-1,-93,-166
ST,Sensata Technologies,29.47,-56,0,-2,-15,-73,-62,-4,7,-35,-94,-167
NCNO,nCino,26.18,-63,0,-25,0,-88,-77,-5,4,-1,-79,-167
BRBR,BellRing Brands,39.01,-44,-66,-12,0,-122,3,-58,-18,27,-46,-168
LSTR,Landstar,126.97,-56,-9,-34,-1,-100,-5,-17,-41,-7,-70,-170
BILL,Bill.com,40.75,-64,-7,-23,0,-94,-12,-8,-19,-37,-76,-170
LW,Lamb Weston,51.53,-28,-3,-71,-8,-110,-55,6,2,-14,-61,-171
WSC,WillScot Mobile Mini,24.34,-51,-6,-64,-6,-127,-16,25,-41,-12,-44,-171
COTY,Coty,4.74,-14,-2,-63,-7,-86,-7,-6,-65,-9,-87,-173
QDEL,QuidelOrtho,23.9,0,-21,-22,-38,-81,-12,-13,-22,-47,-94,-175
VAC,Marriott Vacations Worldwide,70.86,-62,0,-2,-17,-81,-71,-4,6,-25,-94,-175
MTN,Vail Resorts,148.72,-67,-7,-32,-23,-129,-5,-12,5,-36,-48,-177
MKTX,MarketAxess,187.01,-24,-11,-27,-29,-91,-17,-26,-1,-44,-88,-179
SLB,Schlumberger,32.89,-51,-6,-69,-1,-127,-12,-12,-20,-10,-54,-181
BIIB,Biogen,130.73,0,1,-83,-27,-109,-14,5,-46,-18,-73,-182
PLTK,Playtika,3.81,-63,-11,-25,0,-99,-14,-13,-26,-31,-84,-183
ACHC,Acadia Healthcare,19.26,-25,-19,-47,-11,-102,-16,-10,-41,-16,-83,-185
S,SentinelOne,16.03,-62,-4,-24,0,-90,-62,-6,-27,-1,-96,-186
CMCSA,Comcast,31.67,-77,-9,-34,-9,-129,-40,-11,-1,-8,-60,-189
NWL,Newell Brands,4.88,-52,-6,-26,-31,-115,-9,-4,-26,-36,-75,-190
SRPT,Sarepta Therapeutics,18.26,14,-144,-28,-7,-165,23,1,-49,-6,-31,-196
FIVN,Five9,24.41,-12,-2,-78,-35,-127,-7,-6,-16,-40,-69,-196
KMX,CarMax,54.95,-85,-19,-18,-36,-158,-11,-17,-22,11,-39,-197
AKAM,Akamai Technologies,70.54,-51,-7,-25,-7,-90,-69,-6,-25,-10,-110,-200
GIS,General Mills,49.82,0,-86,-40,-4,-130,16,-32,-36,-19,-71,-201
DXC,DXC Technology,13.14,0,-22,-24,-73,-119,-1,-16,-31,-34,-82,-201
LEG,Leggett & Platt,8.6,0,0,-131,-30,-161,-5,-4,6,-38,-41,-202
CAG,Conagra Brands,19.27,12,-80,-31,-7,-106,30,-94,-13,-23,-100,-206
RGEN,Repligen,111.37,-37,-20,-15,-17,-89,-49,-12,-19,-37,-117,-206
PENN,Penn Entertainment,16.98,-46,0,-2,-34,-82,-58,-6,-17,-44,-125,-207
IT,Gartner,229.09,-72,-39,-20,0,-131,-73,-42,-18,57,-76,-207
GFS,GlobalFoundries,32.31,-51,-4,-81,0,-136,-51,-8,-1,-17,-77,-213
ARE,Alexandria Real Estate Equities,74.21,-65,14,-36,-30,-117,-14,-2,-47,-35,-98,-215
INSP,Inspire Medical Systems,79.13,-28,-59,-22,-6,-115,-43,-13,-27,-17,-100,-215
HUN,Huntsman Corporation,9.48,-84,-12,-44,-15,-155,16,-4,-39,-33,-60,-215
UPS,United Parcel Service,86.66,0,-9,-105,-16,-130,-1,-17,-33,-34,-85,-215
ACN,Accenture,239.25,-70,-23,-22,-1,-116,-82,-21,-18,19,-102,-218
GDDY,GoDaddy,133.35,-86,-22,-2,22,-88,-89,-46,-18,22,-131,-219
COLM,Columbia Sportswear,50.7,-65,-105,-20,-6,-196,-7,-19,-15,13,-28,-224
CHTR,Charter Communications,256.64,-78,-11,-3,-36,-128,-79,-16,-3,-1,-99,-227
DAR,Darling Ingredients,30.63,-84,-7,-5,-20,-116,-75,-13,7,-30,-111,-227
GLOB,Globant,74.57,-48,-58,-25,-7,-138,-52,-6,-25,-7,-90,-228
WU,Western Union,8.05,-2,-87,-22,-46,-157,-8,-4,-57,-5,-74,-231
OLED,Universal Display Corporation,137.65,-90,0,-36,-1,-127,-96,-18,9,-5,-110,-237
FMC,FMC Corporation,35.78,-63,-6,-39,-24,-132,-76,-9,1,-26,-110,-242
PRMB,Primo Brands,23.68,-61,-48,0,22,-87,-89,-77,-9,18,-157,-244
PRGO,Perrigo,22.57,-49,-3,-1,-113,-166,-21,-2,-1,-55,-79,-245
TFX,Teleflex,118.53,0,-131,-41,-39,-211,7,5,-37,-10,-35,-246
IFF,International Flavors & Fragrances,63.57,-67,-8,-22,-31,-128,-80,-4,-34,-1,-119,-247
BRKR,Bruker,30.41,-44,-7,-59,-8,-118,-53,-5,-63,-9,-130,-248
LYB,LyondellBasell,49.05,-70,-6,-43,-5,-124,-56,-4,-57,-7,-124,-248
COLD,Americold,14.53,-14,-90,-40,-11,-155,-13,-32,-40,-15,-100,-255
NOV,NOV Inc.,11.9,-63,-6,-54,-12,-135,-61,-1,-45,-15,-122,-257
CZR,Caesars Entertainment,24.05,-66,-7,-25,-25,-123,-58,-8,-34,-37,-137,-260
DOW,Dow Inc.,21.23,-84,-12,-42,-1,-139,-56,-12,-57,-8,-133,-272
ADBE,Adobe Inc.,341.22,-51,-23,-35,-6,-115,-74,-39,-39,-5,-157,-272
SIRI,Sirius XM,21.4,-65,-3,-82,-31,-181,-19,-7,-48,-17,-91,-272
MRNA,Moderna,26.13,-63,-3,-54,-4,-124,-66,-4,-54,-39,-163,-287
LULU,Lululemon Athletica,189.41,-149,-44,-10,-3,-206,-12,-38,-19,-12,-81,-287
ENPH,Enphase Energy,32.43,0,-146,-45,-20,-211,6,-11,-52,-24,-81,-292
CNC,Centene,25.59,-84,-55,-43,-11,-193,-23,-53,-12,-28,-116,-309
XRAY,Dentsply Sirona,12.95,-62,-7,-80,-42,-191,-73,-4,-67,-40,-184,-375
WOLF,Wolfspeed,1.48,-63,0,-133,-30,-226,-5,-15,-99,-37,-156,-382
RHI,Robert Half,34.2,-84,-136,-28,-9,-257,-82,-13,-26,-32,-153,-410
