Symbol,Name,Close,1H Cloud Score,1D Cloud Score,1W Cloud Score,1M Cloud Score,Cloud Score Sum,1H TKx Score,1D TKx Score,1W TKx Score,1M TKx Score,TKx Score Sum,Total Score Sum
TJX,TJX Companies,127.96,-16,33,137,195,349,-26,37,106,190,307,656
RSG,Republic Services,254.99,47,9,113,174,343,11,-4,82,157,246,589
WM,"Waste Management, Inc.",238.15,43,8,84,184,319,51,-4,16,156,219,538
HWM,Howmet Aerospace,169.69,168,24,137,26,355,5,24,81,51,161,516
MMC,Marsh McLennan,231.52,7,1,114,172,294,5,10,11,175,201,495
AJG,Arthur J. Gallagher & Co.,342.89,7,9,154,183,353,5,14,17,104,140,493
COST,Costco,1017.78,0,20,106,177,303,-18,26,-7,181,182,485
CTAS,Cintas,225.88,56,31,8,163,258,10,26,2,184,222,480
ADP,Automatic Data Processing,325.56,141,14,74,177,406,4,17,-4,54,71,477
ROL,"Rollins, Inc.",57.36,50,33,20,283,386,5,26,12,32,75,461
PGR,Progressive Corporation,278.74,-22,17,94,174,263,-28,17,11,186,186,449
ORLY,O'Reilly Auto Parts,1360.89,0,-1,152,196,347,-25,-8,43,86,96,443
WRB,W. R. Berkley Corporation,74.2,13,66,83,173,335,7,17,13,52,89,424
CME,CME Group,284.44,32,90,43,133,298,48,20,39,16,123,421
PM,Philip Morris International,179.24,48,84,59,52,243,52,26,74,24,176,419
CASY,Casey's,447.5,0,33,102,84,219,2,-5,106,75,178,397
BSX,Boston Scientific,106.15,7,23,133,141,304,5,24,-4,54,79,383
IBKR,Interactive Brokers,212.54,161,11,78,54,304,5,26,-7,54,78,382
SO,Southern Company,89.96,39,6,65,187,297,3,-9,12,76,82,379
CW,Curtiss-Wright,446.64,221,19,8,51,299,12,26,-12,46,72,371
CDNS,Cadence Design Systems,323.08,7,23,6,138,174,5,26,-14,177,194,368
ORI,Old Republic International,37.8,-23,9,136,55,177,2,24,106,52,184,361
NRG,NRG Energy,156.9,0,24,92,91,207,7,26,102,18,153,360
BR,Broadridge Financial Solutions,240.13,0,10,103,142,255,3,24,47,22,96,351
MNST,Monster Beverage,64.24,60,61,15,177,313,5,24,8,1,38,351
PAYX,Paychex,158.97,60,17,73,164,314,5,17,2,11,35,349
ICE,Intercontinental Exchange,178.6,14,17,101,158,290,5,18,11,18,52,342
VRSK,Verisk Analytics,316.22,51,20,57,111,239,12,17,48,25,102,341
WMB,Williams Companies,60.11,12,10,101,49,172,11,2,101,54,168,340
WELL,Welltower,152.49,14,8,105,55,182,7,4,122,21,154,336
NFLX,Netflix,1211.49,57,29,105,17,208,5,26,76,17,124,332
CBOE,Cboe Global Markets,231.03,31,7,133,52,223,48,2,11,48,109,332
MCD,McDonald's,315.02,0,9,41,239,289,-24,2,11,54,43,332
CHD,Church & Dwight,97.91,49,-35,-5,341,350,7,-45,-3,22,-19,331
AM,Antero Midstream,18.98,7,17,137,20,181,7,22,67,52,148,329
JPM,JPMorgan Chase,265.27,1,13,112,155,281,5,24,-6,23,46,327
JCI,Johnson Controls,101.02,168,19,64,16,267,19,24,-6,15,52,319
COR,Cencora,293.4,20,88,33,68,209,7,-5,44,64,110,319
TMUS,T-Mobile US,243.27,11,-12,83,136,218,5,-22,85,32,100,318
GAP,Gap Inc.,28.42,174,20,5,15,214,77,22,-13,16,102,316
FAST,Fastenal,41.64,7,33,112,103,255,7,25,3,23,58,313
NFG,National Fuel Gas,83.18,14,95,49,49,207,12,26,60,7,105,312
L,Loews Corporation,89.04,2,11,101,52,166,5,17,101,21,144,310
AXON,Axon Enterprise,745.73,7,22,134,91,254,5,26,-6,27,52,306
UNM,Unum,81.75,3,11,174,37,225,4,24,-1,51,78,303
GE,GE Aerospace,241.8,175,22,8,24,229,5,22,19,26,72,301
ZS,Zscaler,257.26,161,24,6,2,193,74,26,-8,15,107,300
HON,Honeywell,226.36,79,11,5,175,270,5,20,-15,19,29,299
LIN,Linde plc,468.01,54,9,2,107,172,5,24,-8,103,124,296
AXS,AXIS Capital,102.65,5,25,75,42,147,4,24,71,50,149,296
YUM,Yum! Brands,144.09,-25,-3,17,256,245,-25,10,11,54,50,295
HEI,HEICO (Common),274.15,0,18,14,186,218,2,16,5,54,77,295
HUBB,Hubbell Incorporated,398.83,13,9,0,179,201,12,27,-14,68,93,294
MCK,McKesson Corporation,720.33,2,84,31,55,172,5,24,27,64,120,292
WMT,Walmart,97.64,2,25,116,98,241,5,26,-7,26,50,291
IBM,IBM,263.25,0,16,98,51,165,3,24,45,53,125,290
MSI,Motorola Solutions,420.3,0,0,0,150,150,-17,-9,-16,182,140,290
CACI,CACI,467.28,-14,33,0,151,170,4,56,3,54,117,287
BKNG,Booking Holdings,5456.29,59,23,125,32,239,8,24,-8,23,47,286
ALL,Allstate,207.32,1,10,86,156,253,4,17,-2,14,33,286
RGLD,Royal Gold,178.8,35,77,50,15,177,46,-8,57,13,108,285
PLTR,Palantir Technologies,123.36,-5,24,105,0,124,7,26,108,17,158,282
DTE,DTE Energy,137.2,0,8,63,186,257,4,-5,16,10,25,282
ROP,Roper Technologies,573.83,0,10,18,179,207,2,16,33,23,74,281
V,Visa Inc.,359.36,-15,20,126,130,261,-26,24,-4,23,17,278
LYV,Live Nation Entertainment,143.06,0,12,83,144,239,5,26,-6,13,38,277
LOPE,Grand Canyon Education,196.91,2,22,136,32,192,4,26,23,31,84,276
GOOG,Alphabet (Class C),173.96,70,0,1,173,244,-2,22,-8,18,30,274
MA,Mastercard,574.54,-25,19,115,152,261,-30,24,-4,23,13,274
GOOGL,Alphabet (Class A),172.88,70,0,1,173,244,-2,22,-8,18,30,274
TDG,TransDigm Group,1453.76,12,24,8,154,198,5,24,-9,54,74,272
CTVA,Corteva,70.41,175,24,42,0,241,5,24,-8,8,29,270
EBAY,eBay,72.43,53,20,66,11,150,12,24,71,13,120,270
EHC,Encompass Health,121.06,3,25,132,26,186,2,42,13,26,83,269
AAON,AAON,100.25,-24,11,-2,242,227,2,26,-14,28,42,269
INTU,Intuit,751.96,17,24,6,188,235,12,24,-20,17,33,268
NDAQ,"Nasdaq, Inc.",83.07,12,17,65,141,235,5,24,-8,11,32,267
SPOT,Spotify,652.7,0,25,101,9,135,5,26,84,17,132,267
CF,CF Industries,91.57,189,10,4,1,204,47,22,-11,5,63,267
HEI-A,HEICO (Class A),215.93,0,19,15,179,213,2,17,6,27,52,265
TRV,Travelers Companies (The),276.06,7,25,80,55,167,7,24,13,53,97,264
AZO,AutoZone,3684.89,-7,8,83,83,167,-14,13,43,54,96,263
DUK,Duke Energy,116.41,0,-4,65,180,241,3,-6,11,13,21,262
TW,Tradeweb,145.89,14,10,98,0,122,5,17,91,20,133,255
BRO,Brown & Brown,112.08,0,-20,105,160,245,1,-28,14,23,10,255
RBA,RB Global,104.73,-7,22,93,24,132,-19,24,98,19,122,254
HIG,Hartford (The),131.04,2,25,83,54,164,2,24,10,53,89,253
ATO,Atmos Energy,156.44,0,33,63,42,138,3,-4,74,42,115,253
AAPL,Apple Inc.,200.2,-25,0,0,248,223,-49,24,-14,68,29,252
GEV,GE Vernova,471.51,175,23,0,0,198,33,26,-10,0,49,247
ORCL,Oracle Corporation,161.95,7,10,0,195,212,5,17,-12,24,34,246
STE,Steris,246.25,0,14,3,192,209,-25,24,11,22,32,241
EXE,Expand Energy,117.26,112,31,30,0,173,12,16,30,7,65,238
MSFT,Microsoft,460.69,7,18,5,170,200,5,26,-15,22,38,238
KO,Coca-Cola Company (The),71.79,14,8,17,179,218,5,-9,12,11,19,237
RBC,RBC Bearings,368.6,0,15,82,55,152,4,24,3,54,85,237
PG,Procter & Gamble,167.82,56,1,1,176,234,5,-23,-3,23,2,236
FDS,FactSet,462.98,0,12,4,191,207,5,17,-13,20,29,236
DT,Dynatrace,54.28,168,9,3,0,180,28,17,-7,17,55,235
CAH,Cardinal Health,154.67,2,33,44,35,114,5,24,37,54,120,234
KLAC,KLA Corporation,788.95,4,11,3,174,192,2,26,-9,23,42,234
LMT,Lockheed Martin,476.79,40,8,-18,162,192,2,-8,-23,69,40,232
SHW,Sherwin-Williams,359.32,1,20,1,187,209,5,20,-18,16,23,232
CNP,Centerpoint Energy,37.78,11,93,38,42,184,8,-5,32,12,47,231
USFD,US Foods,77.61,7,14,132,32,185,5,24,-6,23,46,231
TT,Trane Technologies,436.53,7,19,5,161,192,5,24,-16,26,39,231
AME,Ametek,180.89,1,11,3,103,118,5,17,-10,98,110,228
CPNG,Coupang,28.43,175,17,6,0,198,5,24,-17,14,26,224
CAR,Avis Budget Group,122.64,190,27,0,-17,200,18,37,2,-34,23,223
DRI,Darden Restaurants,214.1,7,30,33,58,128,5,24,37,27,93,221
SRE,Sempra,78.92,13,9,-4,178,196,7,24,-18,11,24,220
HOOD,Robinhood Markets,66.03,100,13,70,0,183,3,24,-6,15,36,219
AON,AON,365.18,7,-29,5,174,157,5,6,-4,53,60,217
SPGI,S&P Global,516.91,0,11,5,169,185,2,19,-7,18,32,217
GILD,Gilead Sciences,109.11,49,5,40,32,126,5,6,44,36,91,217
CSL,Carlisle Companies,398.99,-2,23,0,175,196,3,24,-24,17,20,216
RPM,RPM International,115.49,5,8,-8,177,182,5,17,-16,27,33,215
UNP,Union Pacific Corporation,224.36,0,0,-2,195,193,2,11,-8,16,21,214
ETN,Eaton Corporation,328.34,7,11,0,111,129,5,24,-14,69,84,213
OLLI,Ollie's Bargain Outlet,114.45,0,11,104,13,128,3,10,52,20,85,213
LPLA,LPL Financial,382.11,0,12,34,96,142,3,20,-6,54,71,213
SLM,Sallie Mae,34.39,20,18,79,19,136,5,20,33,18,76,212
PWR,Quanta Services,342.24,0,18,6,96,120,5,26,-10,69,90,210
RTX,RTX Corporation,134.24,0,10,66,51,127,-19,16,73,11,81,208
FYBR,Frontier Communications,36.63,-20,28,78,0,86,2,26,83,11,122,208
KMI,Kinder Morgan,28.2,11,9,81,41,142,7,17,-8,49,65,207
VRSN,Verisign,269.56,-10,122,25,6,143,-6,23,41,4,62,205
AVGO,Broadcom,235.67,22,14,8,113,157,5,26,-10,27,48,205
DASH,DoorDash,204.96,70,10,86,0,166,5,23,-6,15,37,203
NI,NiSource,39.31,0,8,63,42,113,5,-4,78,11,90,203
MCO,Moody's Corporation,481.25,-3,11,5,153,166,2,19,-7,22,36,202
PTC,PTC Inc.,171.3,0,10,-15,179,174,3,18,-16,23,28,202
CB,Chubb Limited,289.73,0,8,90,55,153,-27,11,11,53,48,201
T,AT&T,27.4,0,8,59,13,80,2,24,83,12,121,201
ITW,Illinois Tool Works,246.69,-15,1,-2,175,159,2,17,-3,26,42,201
ETR,Entergy,82.8,0,2,62,19,83,4,24,78,11,117,200
CHE,Chemed Corporation,581.19,6,-4,0,182,184,4,3,12,-5,14,198
RLI,RLI Corp.,75.92,2,-22,-3,172,149,5,-22,-18,84,49,198
RCL,Royal Caribbean Group,255.69,7,11,110,25,153,5,24,-9,24,44,197
MDLZ,Mondelez International,66.92,19,2,-7,179,193,11,-10,8,-6,3,196
AS,Amer Sports,38.49,168,11,0,0,179,5,16,-5,0,16,195
MLM,Martin Marietta Materials,567.47,61,20,1,57,139,10,41,-20,24,55,194
GS,Goldman Sachs,615.81,7,11,81,55,154,5,22,-6,18,39,193
RBLX,Roblox Corporation,85.42,84,23,42,0,149,7,24,5,8,44,193
FWONK,Liberty Formula 1 (Series C),96.67,0,14,59,54,127,-2,21,-7,53,65,192
ALAB,Astera Labs,97.46,168,9,0,0,177,7,18,-11,0,14,191
DE,Deere & Company,509.57,-6,13,38,106,151,-25,24,34,7,40,191
BRK-B,Berkshire Hathaway,509.14,-23,9,113,59,158,4,-8,14,23,33,191
NWS,News Corp (Class B),32.56,-25,14,101,55,145,5,26,-6,18,43,188
UGI,UGI Corporation,36.13,56,25,31,1,113,10,24,38,2,74,187
SYK,Stryker Corporation,383.97,-25,11,6,156,148,3,19,-9,26,39,187
MO,Altria,59.62,43,8,59,42,152,10,-5,15,13,33,185
PPL,PPL Corporation,34.86,10,2,65,20,97,7,-7,77,11,88,185
FTNT,Fortinet,104.72,7,10,43,110,170,5,4,-5,10,14,184
NVDA,Nvidia,135.49,7,10,3,131,151,2,18,-12,23,31,182
ELF,e.l.f. Beauty,91.85,171,3,-39,28,163,47,17,-43,-2,19,182
SNPS,Synopsys,512.17,1,11,-16,177,173,4,24,-17,-2,9,182
FWONA,Liberty Formula 1 (Series A),88.68,0,13,58,59,130,-16,22,-7,53,52,182
AIZ,Assurant,201.05,3,1,1,149,154,5,15,-9,16,27,181
SEIC,SEI Investments Company,86.02,7,17,81,32,137,5,24,-9,23,43,180
RS,"Reliance, Inc.",300.44,-21,21,1,112,113,-24,26,-9,74,67,180
RL,Ralph Lauren Corporation,286.31,7,13,83,31,134,8,22,-8,23,45,179
GGG,Graco Inc.,84.97,-15,11,0,175,171,-26,24,-17,26,7,178
CVNA,Carvana,312.8,21,23,81,8,133,12,26,-6,13,45,178
LLY,Lilly (Eli),725.14,-25,-18,-4,169,122,-26,-10,-4,93,53,175
BK,BNY Mellon,90.24,7,13,83,37,140,5,17,-4,16,34,174
LRCX,Lam Research,83.99,1,11,0,149,161,2,18,-6,-2,12,173
ACM,AECOM,109.38,6,17,5,62,90,5,24,-15,69,83,173
GWW,W. W. Grainger,1089.74,0,11,1,91,103,5,26,-15,54,70,173
OGE,OGE Energy,44.56,0,8,57,42,107,3,-7,57,11,64,171
PANW,Palo Alto Networks,187.46,2,11,6,78,97,4,22,-6,54,74,171
MS,Morgan Stanley,129.24,0,11,65,61,137,5,22,-8,13,32,169
THG,Hanover Insurance,173.28,8,9,50,21,88,10,18,42,11,81,169
WSO,Watsco,459.98,-33,-6,-2,193,152,-31,-4,-17,68,16,168
FIX,Comfort Systems USA,485.64,12,14,6,61,93,7,26,-10,52,75,168
K,Kellanova,82.5,12,2,58,18,90,5,-8,70,10,77,167
ARES,Ares Management,164.63,-31,11,6,56,42,5,24,-8,103,124,166
AMP,Ameriprise Financial,517.5,0,10,8,61,79,4,24,-9,68,87,166
CINF,Cincinnati Financial,149.43,0,17,74,59,150,3,17,-16,12,16,166
MKL,Markel,1908.06,1,10,57,52,120,5,24,-7,23,45,165
JBL,Jabil,169.17,7,14,8,62,91,5,24,-9,54,74,165
PFGC,Performance Food Group,86.18,-1,14,42,40,95,4,24,-12,54,70,165
LNG,Cheniere Energy,231.64,-1,17,49,55,120,4,-3,-9,53,45,165
PPC,Pilgrim's Pride,48.33,-6,0,75,18,87,-14,-16,92,15,77,164
TKO,TKO Group Holdings,158.96,-25,21,60,37,93,2,24,-2,47,71,164
NET,Cloudflare,161.86,90,11,28,0,129,5,21,-7,16,35,164
DGX,Quest Diagnostics,173.62,-28,25,57,15,69,2,24,57,11,94,163
CRWD,CrowdStrike,472.09,55,24,34,0,113,12,26,-6,17,49,162
DTM,DT Midstream,105.73,7,17,92,0,116,7,24,-9,22,44,160
SCI,Service Corporation International,77.7,0,0,0,172,172,2,-9,-16,10,-13,159
VIRT,Virtu Financial,41.29,-16,25,65,11,85,-21,24,60,11,74,159
CPRT,Copart,52.82,-31,-2,-2,173,138,-34,40,-12,25,19,157
MDU,MDU Resources,17.19,0,9,68,37,114,2,24,-10,27,43,157
HD,Home Depot (The),370.41,-21,0,-1,177,155,-26,24,-13,16,1,156
SGI,Somnigroup International,66.63,6,11,30,61,108,5,24,-4,23,48,156
ITT,ITT Inc.,151.95,0,17,5,96,118,4,24,-13,23,38,156
PCAR,Paccar,95.01,0,0,-11,156,145,-28,11,-3,31,11,156
BYD,Boyd Gaming,75.34,5,11,37,56,109,5,24,-8,24,45,154
EME,Emcor,476.02,7,11,6,55,79,5,26,-10,54,75,154
CNA,CNA Financial,47.61,-28,1,83,54,110,2,13,12,17,44,154
ISRG,Intuitive Surgical,550.19,-3,11,83,19,110,5,26,-10,23,44,154
ADI,Analog Devices,216.9,-15,11,0,176,172,-42,17,-17,23,-19,153
RYAN,Ryan Specialty,70.22,1,0,110,0,111,2,8,10,22,42,153
GWRE,Guidewire Software,209.26,-26,24,99,18,115,3,24,-7,17,37,152
GRMN,Garmin,205.5,6,0,101,16,123,5,12,-6,18,29,152
AN,AutoNation,185.64,-3,13,6,58,74,5,26,-7,54,78,152
EQT,EQT Corporation,56.56,6,17,30,39,92,5,17,30,7,59,151
UTHR,United Therapeutics,314.99,35,0,0,54,89,5,19,-18,56,62,151
PEG,Public Service Enterprise Group,79.62,11,-5,0,149,155,7,-11,-16,14,-6,149
SAIC,SAIC,119.98,-14,39,-26,64,63,-23,51,3,54,85,148
AXP,American Express,293.75,0,11,6,96,113,3,24,-10,18,35,148
PAG,Penske Automotive Group,164.07,-3,12,4,59,72,3,26,-7,54,76,148
MSA,MSA Safety,162.41,7,13,-24,161,157,5,24,-37,-2,-10,147
J,Jacobs Solutions,128.63,3,9,0,103,115,5,24,-13,16,32,147
KR,Kroger,67.82,-8,0,68,64,124,-21,-7,39,12,23,147
LHX,L3Harris,248.0,56,33,1,2,92,17,26,1,11,55,147
AWI,Armstrong World Industries,157.86,0,18,83,18,119,3,20,-11,16,28,147
PLNT,Planet Fitness,102.51,48,7,52,10,117,5,18,-4,11,30,147
APH,Amphenol,88.34,7,24,8,62,101,5,26,-10,24,45,146
FFIV,"F5, Inc.",286.53,7,10,83,11,111,3,24,-6,14,35,146
GD,General Dynamics,279.3,0,33,0,51,84,2,26,-20,54,62,146
HCA,HCA Healthcare,378.83,0,25,3,94,122,-25,17,5,26,23,145
WEC,WEC Energy Group,107.59,18,7,44,10,79,6,-6,57,8,65,144
BJ,BJ's Wholesale Club,114.98,0,7,67,7,81,-12,-11,29,55,61,142
NOW,ServiceNow,1027.97,5,12,6,79,102,5,25,-9,19,40,142
CAT,Caterpillar Inc.,351.61,6,10,0,61,77,5,17,-13,54,63,140
WAB,Wabtec,203.25,0,13,8,46,67,5,24,-9,53,73,140
ODFL,Old Dominion Freight Line,164.22,-23,0,-15,184,146,-28,11,-20,29,-8,138
URI,United Rentals,717.54,2,11,0,61,74,5,23,-18,54,64,138
ABT,Abbott Laboratories,132.96,0,8,45,10,63,1,26,37,11,75,138
SSD,Simpson Manufacturing Company,157.57,-28,0,-15,153,110,3,20,-18,23,28,138
RRC,Range Resources,39.83,0,11,23,39,73,5,12,-4,52,65,138
SCCO,Southern Copper,93.2,14,10,-10,59,73,11,23,-24,54,64,137
EQH,Equitable Holdings,53.97,4,11,81,8,104,5,17,-6,16,32,136
ATI,ATI Inc.,79.48,7,18,5,40,70,5,24,-13,49,65,135
GLW,Corning Inc.,49.92,77,10,8,14,109,7,17,-9,11,26,135
VMI,Valmont Industries,321.0,0,1,51,55,107,6,21,-6,7,28,135
EPR,EPR Properties,54.13,5,13,46,26,90,6,24,-4,18,44,134
VRTX,Vertex Pharmaceuticals,446.14,7,-15,0,101,93,5,-10,12,34,41,134
NCNO,nCino,27.0,91,1,-15,0,77,49,13,-17,12,57,134
ABBV,AbbVie,185.5,7,0,5,55,67,9,-2,-2,61,66,133
MRVL,Marvell Technology,63.82,7,0,-10,103,100,12,16,-10,15,33,133
APP,AppLovin,381.01,7,1,94,0,102,5,17,-6,15,31,133
DDS,Dillard's,417.83,0,8,3,51,62,5,19,-6,52,70,132
BX,Blackstone Inc.,139.3,-28,0,-2,139,109,2,16,-13,18,23,132
VICI,Vici Properties,31.75,0,8,47,12,67,4,-5,12,54,65,132
WCC,Wesco International,168.89,0,10,-2,55,63,3,24,-13,54,68,131
XEL,Xcel Energy,69.81,0,2,40,9,51,2,24,48,6,80,131
NEM,Newmont,52.72,35,35,8,2,80,43,-7,8,7,51,131
SCHW,Charles Schwab Corporation,88.63,0,24,66,8,98,5,24,-7,11,33,131
EVRG,Evergy,66.22,0,2,47,11,60,2,-5,66,7,70,130
DOV,Dover Corporation,181.53,0,0,0,103,103,2,17,-8,16,27,130
SSNC,SS&C Technologies,80.96,11,2,79,11,103,7,12,-4,12,27,130
MSTR,MicroStrategy,372.34,-15,25,88,16,114,-12,25,-14,17,16,130
EXPD,Expeditors International,114.3,0,0,-9,128,119,3,12,-26,22,11,130
IDA,Idacorp,117.47,46,7,45,15,113,4,-9,15,7,17,130
SLGN,Silgan Holdings,55.73,2,17,8,77,104,3,24,-12,10,25,129
ACGL,Arch Capital Group,94.66,5,13,0,59,77,5,24,-25,48,52,129
FICO,Fair Isaac,1502.99,-33,-4,-2,163,124,-33,26,-17,28,4,128
VST,Vistra Corp.,163.85,16,10,8,27,61,12,23,-10,42,67,128
DUOL,Duolingo,524.99,1,24,42,0,67,2,36,3,20,61,128
PH,Parker Hannifin,670.59,0,12,6,62,80,5,24,-9,27,47,127
RJF,Raymond James Financial,148.03,-21,10,81,55,125,-29,24,-9,16,2,127
REG,Regency Centers,72.13,-28,9,57,50,88,2,24,-4,16,38,126
EXEL,Exelixis,43.09,0,10,53,11,74,-37,24,44,21,52,126
KNSL,Kinsale Capital Group,474.38,13,2,5,30,50,4,5,-16,82,75,125
AMGN,Amgen,279.51,7,-29,-8,162,132,7,-44,-3,33,-7,125
WFC,Wells Fargo,73.99,-25,11,81,26,93,2,21,-8,16,31,124
COF,Capital One,192.19,-28,17,83,18,90,1,24,-6,15,34,124
ECL,Ecolab,265.52,55,9,5,19,88,5,19,-4,16,36,124
TPR,"Tapestry, Inc.",80.9,-5,11,69,18,93,2,17,-4,16,31,124
ARMK,Aramark,39.68,7,15,4,37,63,5,19,-16,53,61,124
MTSI,MACOM Technology Solutions,123.69,8,11,5,55,79,5,23,-10,26,44,123
R,Ryder,152.43,-15,11,5,53,54,3,24,-11,53,69,123
SNA,Snap-on,325.52,0,0,38,56,94,-27,10,-8,54,29,123
EMR,Emerson Electric,120.96,7,11,5,61,84,8,17,-10,23,38,122
MTG,MGIC Investment Corporation,26.62,2,24,8,52,86,4,24,-18,25,35,121
OMF,OneMain Financial,52.57,6,11,6,57,80,5,22,-9,23,41,121
CWEN,Clearway Energy (Class C),30.81,14,9,47,1,71,9,20,11,7,47,118
NTRA,Natera,157.3,7,2,81,15,105,5,-2,-6,16,13,118
PSTG,Pure Storage,55.58,0,10,3,39,52,5,17,-10,54,66,118
TXRH,Texas Roadhouse,199.88,7,12,4,61,84,5,17,-16,28,34,118
BPOP,"Popular, Inc.",104.38,0,18,6,56,80,4,24,-6,16,38,118
AIG,American International Group,83.19,0,8,17,50,75,2,11,12,18,43,118
LOW,Lowe's,225.8,-28,0,-9,163,126,-26,17,-16,16,-9,117
HLT,Hilton Worldwide,253.18,1,11,5,61,78,4,18,-7,23,38,116
CWEN-A,Clearway Energy (Class A),29.01,11,9,47,3,70,8,20,11,7,46,116
SNX,TD Synnex,124.92,6,11,4,60,81,5,17,-6,18,34,115
TSCO,Tractor Supply Company,50.41,-33,-5,-2,82,42,3,10,-22,82,73,115
PNR,Pentair,99.75,2,11,6,59,78,5,24,-13,21,37,115
X,U.S. Steel,53.07,28,6,8,23,65,33,2,12,3,50,115
NEU,NewMarket,645.57,0,33,8,26,67,-13,25,11,24,47,114
GL,Globe Life,122.24,4,1,34,11,50,4,9,45,5,63,113
NWSA,News Corp (Class A),28.25,0,11,6,55,72,5,24,-6,18,41,113
ADC,Agree Realty,75.76,18,8,52,13,91,7,-7,12,10,22,113
COIN,Coinbase,266.35,77,10,3,0,90,-6,24,-12,15,21,111
LNT,Alliant Energy,62.25,0,2,57,11,70,3,14,14,10,41,111
HPE,Hewlett Packard Enterprise,17.94,7,7,-13,39,40,5,24,-10,51,70,110
WWD,"Woodward, Inc.",218.52,7,20,8,32,67,6,22,-9,23,42,109
INGR,Ingredion,139.54,0,17,1,31,49,2,22,-17,53,60,109
STWD,Starwood Property Trust,19.71,-6,11,7,55,67,5,22,-3,18,42,109
DCI,Donaldson Company,70.34,1,11,0,62,74,3,22,-18,27,34,108
TTWO,Take-Two Interactive,226.23,-23,31,34,10,52,-20,25,34,17,56,108
BWXT,BWX Technologies,122.41,14,9,2,32,57,11,26,-14,28,51,108
AEE,Ameren,96.72,0,0,45,10,55,2,-7,50,7,52,107
DOX,Amdocs,92.39,7,20,6,55,88,7,18,-8,2,19,107
KKR,KKR & Co. Inc.,120.94,-27,0,0,100,73,2,23,-9,18,34,107
VTR,"Ventas, Inc.",65.07,2,0,61,19,82,7,-7,12,12,24,106
LH,Labcorp,247.81,2,17,44,12,75,3,17,-4,15,31,106
TOST,"Toast, Inc.",42.73,-6,12,66,0,72,2,24,-8,14,32,104
PNW,Pinnacle West Capital,91.6,0,2,57,15,74,3,-7,11,23,30,104
IRM,Iron Mountain,97.35,-25,16,0,54,45,2,24,-20,53,59,104
WTM,White Mountains Insurance Group,1807.29,2,0,0,56,58,-9,11,-9,53,46,104
APO,Apollo Global Management,133.16,-28,0,0,94,66,3,22,-12,23,36,102
TRMB,Trimble Inc.,71.92,1,11,68,1,81,5,16,-9,9,21,102
CMI,Cummins,326.35,0,1,0,62,63,5,16,-10,27,38,101
POST,Post Holdings,109.83,0,-14,0,84,70,2,-21,-4,54,31,101
PRI,Primerica,272.55,-21,10,1,105,95,-26,13,-9,27,5,100
CXT,Crane NXT,54.08,-1,1,-14,52,38,5,14,-10,53,62,100
AEP,American Electric Power,102.91,0,0,62,20,82,4,-9,12,11,18,100
CMG,Chipotle Mexican Grill,51.02,-2,0,-13,77,62,5,22,-15,26,38,100
EVR,Evercore,233.86,0,10,-2,55,63,4,24,-15,23,36,99
MOH,Molina Healthcare,307.88,-15,-3,-2,163,143,-20,-26,7,-5,-44,99
CSCO,Cisco,63.75,3,11,37,11,62,4,17,-7,22,36,98
H,Hyatt Hotels,131.95,0,0,-12,52,40,5,17,-16,52,58,98
LPX,Louisiana-Pacific,94.38,6,0,0,60,66,7,15,-13,23,32,98
KEX,Kirby Corporation,110.89,6,11,0,32,49,5,24,-19,39,49,98
WTFC,Wintrust Financial,121.27,0,11,6,46,63,4,24,-10,16,34,97
CLH,Clean Harbors,229.15,-14,18,0,55,59,-25,26,-18,54,37,96
IT,Gartner,444.86,0,0,-10,55,45,-16,21,-8,54,51,96
LAMR,Lamar Advertising,118.57,2,1,0,61,64,5,24,-16,18,31,95
THC,Tenet Healthcare,164.98,0,20,3,54,77,4,17,-24,21,18,95
CART,Maplebear Inc.,47.05,49,7,12,0,68,5,26,-6,0,25,93
FERG,Ferguson Enterprises,182.92,6,13,-15,62,66,5,24,-24,22,27,93
CRH,CRH plc,95.21,-25,11,6,61,53,3,19,-6,24,40,93
ANET,Arista Networks,92.49,-3,7,0,55,59,-28,19,-10,53,34,93
BFAM,Bright Horizons,131.57,24,9,3,5,41,18,18,4,12,52,93
MPWR,Monolithic Power Systems,685.84,-23,11,-15,154,127,-51,21,-29,23,-36,91
TPL,Texas Pacific Land Corporation,1244.75,-21,11,51,55,96,-30,24,-9,10,-5,91
KD,Kyndryl,39.15,-5,13,98,0,106,-44,18,-6,17,-15,91
EQIX,Equinix,877.11,7,11,0,31,49,7,24,-12,23,42,91
CBRE,CBRE Group,123.9,-31,0,81,19,69,2,17,-8,11,22,91
WTW,Willis Towers Watson,312.66,6,-23,83,21,87,4,-23,-4,26,3,90
CEG,Constellation Energy,309.12,22,11,5,0,38,19,26,-10,16,51,89
FOXA,Fox Corporation (Class A),55.82,0,10,57,0,67,2,11,-2,11,22,89
CL,Colgate-Palmolive,92.49,49,2,0,20,71,11,-13,-3,23,18,89
KBR,"KBR, Inc.",52.44,-28,15,-19,61,29,2,24,-20,54,60,89
FNB,FNB Corporation,14.17,0,11,-2,52,61,4,24,-17,16,27,88
LNW,Light & Wonder,91.53,14,0,-10,54,58,11,1,-4,22,30,88
TDY,Teledyne Technologies,494.86,1,10,41,11,63,4,15,-8,12,23,86
UBER,Uber,89.03,0,23,7,0,30,2,26,5,23,56,86
VMC,Vulcan Materials,270.2,-14,19,6,57,68,-27,34,-13,24,18,86
PKG,Packaging Corporation of America,193.79,5,1,-2,58,62,4,11,-15,23,23,85
MMM,3M,149.5,0,11,63,11,85,-23,16,-4,11,0,85
HLI,Houlihan Lokey,176.32,-15,13,6,41,45,5,24,-12,23,40,85
MANH,Manhattan Associates,191.11,1,5,-18,62,50,3,24,-16,24,35,85
HRB,H&R Block,57.23,0,0,0,49,49,-13,-4,3,49,35,84
SPR,Spirit AeroSystems,37.11,-5,25,7,0,27,1,26,19,11,57,84
AL,Air Lease Corporation,58.33,6,17,6,19,48,5,17,-9,23,36,84
HII,Huntington Ingalls Industries,227.86,1,50,0,3,54,5,26,5,-6,30,84
OKTA,"Okta, Inc.",125.61,2,20,13,0,35,9,18,18,3,48,83
MAR,Marriott International,266.11,-25,11,5,55,46,3,18,-8,24,37,83
WING,Wingstop,338.95,9,17,0,35,61,4,17,-27,28,22,83
DPZ,Domino's,484.33,-24,30,11,7,24,2,26,16,15,59,83
KMB,Kimberly-Clark,142.85,13,6,3,15,37,5,6,12,23,46,83
CI,Cigna,315.27,-9,0,0,55,46,-19,-8,9,54,36,82
ED,Consolidated Edison,103.96,0,0,17,44,61,-21,-11,11,42,21,82
STLD,Steel Dynamics,128.63,-25,23,-2,52,48,-25,24,-20,54,33,81
WSM,"Williams-Sonoma, Inc.",165.71,-20,0,6,62,48,4,17,-6,18,33,81
GDDY,GoDaddy,180.99,-28,0,83,19,74,-28,24,-8,19,7,81
PODD,Insulet,326.34,7,12,34,1,54,5,16,3,3,27,81
UAL,United Airlines Holdings,78.21,0,0,39,8,47,7,23,-9,13,34,81
BAH,Booz Allen Hamilton,109.82,-14,0,-19,98,65,-23,24,-21,35,15,80
GLPI,Gaming and Leisure Properties,46.45,-1,-19,0,62,42,1,-14,-3,54,38,80
BROS,Dutch Bros. Coffee,70.21,5,3,42,0,50,9,17,-4,8,30,80
ESAB,ESAB,126.52,-25,13,89,0,77,-28,24,-8,14,2,79
TSLA,"Tesla, Inc.",362.75,7,10,32,7,56,7,22,-13,7,23,79
AR,Antero Resources,40.16,7,11,30,7,55,6,12,-1,7,24,79
META,Meta Platforms,642.2,4,11,6,26,47,3,16,-7,20,32,79
DLR,Digital Realty,170.75,7,17,4,19,47,5,24,-13,16,32,79
TOL,Toll Brothers,107.92,6,0,-12,58,52,5,17,-18,23,27,79
NYT,New York Times Company,55.46,8,22,4,13,47,5,24,-16,18,31,78
MSM,MSC Industrial Direct,83.81,7,11,0,55,73,5,26,-20,-6,5,78
EXPE,Expedia Group,165.05,4,0,38,8,50,7,17,-7,11,28,78
VEEV,Veeva Systems,238.14,0,14,34,5,53,2,17,-9,15,25,78
FE,FirstEnergy,42.13,0,30,7,52,89,2,-2,-22,11,-11,78
OZK,Bank OZK,45.49,-25,11,6,53,45,2,22,-8,16,32,77
FHN,First Horizon Corporation,20.19,1,11,41,1,54,5,17,-7,7,22,76
FCN,FTI Consulting,167.82,50,0,-26,92,116,5,-7,-36,-2,-40,76
APG,APi Group,46.84,7,18,7,0,32,2,24,-6,23,43,75
UNH,UnitedHealth Group,295.01,-9,-27,-7,-1,-44,-20,-22,-20,181,119,75
ALLE,Allegion,144.58,3,23,5,18,49,4,23,-21,19,25,74
ACI,Albertsons,22.19,12,28,14,0,54,11,-1,16,-6,20,74
DLTR,Dollar Tree,90.38,35,28,0,-12,51,1,27,14,-19,23,74
LDOS,Leidos,152.57,-14,23,-2,20,27,-21,50,2,16,47,74
AWK,American Water Works,143.15,44,0,15,3,62,7,-11,11,5,12,74
VZ,Verizon,43.52,0,8,19,7,34,1,14,12,11,38,72
CNM,Core & Main,54.93,8,13,8,0,29,7,24,-9,21,43,72
CIEN,Ciena,82.36,11,11,8,9,39,5,24,-10,13,32,71
EXC,Exelon,43.91,0,0,44,11,55,4,-10,15,7,16,71
ANSS,Ansys,348.23,7,11,6,8,32,5,24,-10,20,39,71
JEF,Jefferies Financial Group,49.76,-35,0,-9,55,11,3,14,-12,54,59,70
BLK,BlackRock,981.34,0,10,6,19,35,2,24,-9,18,35,70
ZI,ZoomInfo,10.34,98,0,-12,0,86,21,14,-17,-34,-16,70
ATR,AptarGroup,158.27,2,17,0,17,36,5,24,-17,22,34,70
SF,Stifel,95.64,-15,1,0,56,42,4,16,-9,17,28,70
MTZ,MasTec,155.45,0,17,8,15,40,5,24,-10,10,29,69
CMS,CMS Energy,69.82,-2,-3,65,20,80,-24,-9,11,11,-11,69
QGEN,Qiagen,43.83,7,8,1,0,16,4,49,-10,10,53,69
SYF,Synchrony Financial,59.02,0,11,6,18,35,3,24,-9,15,33,68
ADSK,Autodesk,300.36,8,14,43,11,76,-36,24,-13,16,-9,67
ESI,Element Solutions,22.11,1,0,-9,54,46,5,16,-18,17,20,66
SKX,Skechers,62.04,0,9,-13,52,48,-12,16,-9,23,18,66
C,Citigroup,75.48,1,11,8,15,35,4,21,-6,11,30,65
MET,Metlife,79.03,-25,10,1,55,41,2,16,-9,15,24,65
VRT,Vertiv,109.81,7,10,0,5,22,5,24,-10,23,42,64
SNOW,Snowflake Inc.,206.39,21,14,4,0,39,13,24,-5,-7,25,64
NTNX,Nutanix,79.0,-1,17,20,19,55,-27,18,-4,21,8,63
AMH,American Homes 4 Rent,37.73,-21,30,5,65,79,-25,24,-28,12,-17,62
UI,Ubiquiti,406.0,-28,12,41,7,32,5,26,-8,7,30,62
AVT,Avnet,50.95,-28,11,0,42,25,5,25,-17,24,37,62
MUSA,Murphy USA,431.83,-8,-13,-2,65,42,-26,-13,-18,76,19,61
ALSN,Allison Transmission,104.56,0,10,6,32,48,-25,17,-10,31,13,61
HBAN,Huntington Bancshares,15.76,0,11,6,18,35,3,22,-12,13,26,61
AMZN,Amazon,205.99,5,1,6,18,30,5,16,-8,17,30,60
XP,XP Inc.,19.25,9,25,1,0,35,2,23,5,-5,25,60
OHI,Omega Healthcare Investors,36.86,0,1,0,37,38,2,-9,1,28,22,60
RITM,Rithm Capital,11.31,-28,11,6,29,18,2,21,-4,23,42,60
FLS,Flowserve,50.91,2,1,0,24,27,5,16,-10,22,33,60
RGA,Reinsurance Group of America,204.48,-23,11,0,37,25,-24,23,-16,50,33,58
LLYVA,Liberty Live (Series A),74.58,-6,24,17,0,35,4,24,-5,0,23,58
WPC,W. P. Carey,62.5,10,8,18,0,36,8,-4,15,2,21,57
DG,Dollar General,100.97,51,52,0,-14,89,-9,-11,11,-23,-32,57
BAC,Bank of America,44.22,0,11,6,15,32,4,18,-8,11,25,57
KVUE,Kenvue,23.94,0,13,32,0,45,-19,22,8,0,11,56
FOX,Fox Corporation (Class B),51.14,0,10,56,0,66,-24,11,-3,6,-10,56
STT,State Street Corporation,97.29,0,13,6,13,32,4,18,-9,11,24,56
CELH,Celsius Holdings,37.05,-25,50,-44,62,43,5,6,7,-6,12,55
CTSH,Cognizant,80.62,0,11,5,11,27,3,17,-7,15,28,55
WBS,Webster Bank,52.51,1,11,3,11,26,5,19,-9,14,29,55
NTRS,Northern Trust,108.96,7,11,5,8,31,5,17,-8,10,24,55
FTI,TechnipFMC,30.27,-28,11,6,24,13,4,15,-11,34,42,55
BRX,Brixmor Property Group,25.17,-31,0,0,52,21,2,24,-16,23,33,54
LLYVK,Liberty Live (Series C),75.59,-5,17,18,0,30,5,24,-5,0,24,54
ROST,Ross Stores,141.26,-14,20,-2,32,36,-25,32,-16,26,17,53
CCL,Carnival Corporation & plc,23.62,7,10,6,0,23,5,18,-9,16,30,53
BHF,Brighthouse Financial,60.79,2,14,7,8,31,3,20,-6,5,22,53
KIM,Kimco Realty,21.01,-28,10,-2,52,32,2,24,-17,11,20,52
COHR,Coherent Corp.,81.17,9,10,0,12,31,5,17,-13,12,21,52
NOC,Northrop Grumman,475.21,11,-10,-3,55,53,2,-18,6,9,-1,52
AMAT,Applied Materials,161.82,-25,11,-19,146,113,-44,23,-38,-2,-61,52
STAG,STAG Industrial,34.92,-23,11,-9,93,72,-28,17,-9,-1,-21,51
MSCI,MSCI,566.94,0,9,0,11,20,2,24,-12,17,31,51
IR,Ingersoll Rand,82.57,0,10,-10,20,20,5,17,-17,26,31,51
ROK,Rockwell Automation,313.1,7,14,4,12,37,12,16,-7,-8,13,50
PARAA,Paramount Global (Class A),22.64,0,3,28,0,31,1,16,-1,3,19,50
UHS,Universal Health Services,192.55,0,15,0,19,34,2,15,-24,23,16,50
EIX,Edison International,57.14,0,13,-21,1,-7,3,24,-18,47,56,49
SNV,Synovus,48.16,0,11,0,18,29,4,17,-12,11,20,49
NTAP,Netapp,100.4,0,1,-14,54,41,-16,24,-19,19,8,49
AMD,Advanced Micro Devices,114.55,0,10,-31,107,86,5,17,-55,-4,-37,49
LECO,Lincoln Electric,196.4,0,10,-2,62,70,-26,17,-9,-4,-22,48
GME,GameStop,35.04,21,14,0,-27,8,31,25,-12,-4,40,48
MTB,M&T Bank,184.13,0,11,0,19,30,3,17,-13,11,18,48
LOAR,Loar Holdings,86.79,0,34,0,0,34,11,-1,3,0,13,47
FOUR,Shift4,91.02,7,0,0,0,7,5,20,-6,21,40,47
MORN,"Morningstar, Inc.",309.03,0,11,-9,25,27,3,17,-15,15,20,47
AZEK,Azek,49.01,-28,29,10,0,11,-28,43,2,17,34,45
PFG,Principal Financial Group,78.88,-26,0,-2,52,24,2,12,-9,15,20,44
ZM,Zoom Communications,78.93,-14,12,38,0,36,-7,23,-9,1,8,44
RNR,RenaissanceRe,244.7,-21,8,0,32,19,2,16,-18,25,25,44
GRAL,"Grail, Inc.",42.32,13,1,0,0,14,12,24,-6,0,30,44
EXP,Eagle Materials,218.06,-35,0,-4,54,15,4,18,-18,24,28,43
CG,Carlyle Group (The),46.14,0,2,0,18,20,4,13,-9,15,23,43
FCX,Freeport-McMoRan,39.66,9,11,-26,55,49,5,17,-25,-3,-6,43
PRU,Prudential Financial,104.55,-28,1,-2,52,23,3,16,-16,16,19,42
DECK,Deckers Brands,108.96,-25,-2,-13,90,50,-25,-2,-9,28,-8,42
WAT,Waters Corporation,358.36,7,1,1,11,20,3,17,-9,11,22,42
CFR,Frost Bank,129.91,0,11,7,1,19,4,21,-9,7,23,42
ULTA,Ulta Beauty,421.11,7,21,0,0,28,7,24,-12,-6,13,41
HES,Hess Corporation,132.58,0,-36,-9,52,7,5,10,20,-1,34,41
NVR,"NVR, Inc.",7210.64,-31,0,-12,62,19,5,11,-21,26,21,40
MASI,Masimo,157.2,0,0,35,-3,32,5,-1,-4,7,7,39
LITE,Lumentum,78.36,7,9,3,1,20,5,17,-10,7,19,39
ADT,ADT Inc.,8.28,-21,31,20,0,30,-25,15,14,5,9,39
LII,Lennox International,579.47,-25,1,0,35,11,1,14,-12,24,27,38
NSC,Norfolk Southern,244.81,6,10,0,1,17,5,24,-19,11,21,38
AFRM,Affirm Holdings,51.2,0,0,1,0,1,5,24,-6,14,37,38
MOS,Mosaic Company (The),36.06,8,31,5,-13,31,5,24,4,-27,6,37
WH,Wyndham Hotels & Resorts,87.27,1,0,1,8,10,5,16,-6,12,27,37
GTES,Gates Corporation,21.43,-25,11,6,12,4,5,19,-6,15,33,37
WDC,Western Digital,51.83,7,11,1,9,28,5,22,-17,-2,8,36
VNOM,Viper Energy,40.13,-28,0,-2,41,11,-21,19,-17,44,25,36
TWLO,Twilio,116.95,7,3,36,-31,15,3,17,-7,8,21,36
MPC,Marathon Petroleum,162.34,3,13,0,46,62,10,17,-48,-5,-26,36
DELL,Dell Technologies,113.98,0,11,-14,29,26,5,24,-18,-1,10,36
COKE,Coca-Cola Consolidated,112.9,-28,-18,0,82,36,-28,-18,-4,49,-1,35
RMD,Resmed,246.27,-23,17,6,10,10,1,23,-9,10,25,35
ECG,Everus Construction Group,59.52,1,9,0,0,10,5,26,-6,0,25,35
CHH,Choice Hotels,130.78,1,0,0,12,13,5,12,-6,11,22,35
BA,Boeing,201.02,-2,24,0,0,22,3,24,-6,-8,13,35
AYI,Acuity Brands,264.18,-15,0,0,24,9,3,16,-10,17,26,35
LAD,Lithia Motors,316.1,-3,0,-2,11,6,5,17,-11,18,29,35
TYL,Tyler Technologies,576.11,7,0,0,14,21,5,10,-17,15,13,34
EWBC,East West Bancorp,92.41,-25,11,0,19,5,3,22,-12,16,29,34
LEN-B,Lennar (Class B),103.86,-30,0,-17,59,12,3,15,-24,27,21,33
CR,Crane Co.,174.1,0,18,5,0,23,5,20,-17,2,10,33
PNFP,Pinnacle Financial Partners,108.18,-27,11,7,12,3,2,22,-9,15,30,33
AMG,Affiliated Managers Group,176.97,-28,17,0,19,8,2,24,-16,14,24,32
INCY,Incyte,65.32,60,1,-8,-28,25,4,19,-20,4,7,32
AFL,Aflac,103.4,-28,-4,0,55,23,-29,-7,-8,52,8,31
CTRA,Coterra,24.89,7,-36,1,41,13,5,3,-1,10,17,30
USB,U.S. Bancorp,43.73,0,11,-1,1,11,3,17,-13,12,19,30
XPO,"XPO, Inc.",118.87,-15,0,0,58,43,-42,17,-12,24,-13,30
NBIX,Neurocrine Biosciences,122.64,7,2,-17,22,14,4,21,-9,-1,15,29
TFSL,Third Federal S&L,13.33,-28,24,6,2,4,2,25,-18,16,25,29
SOFI,SoFi,13.39,-35,3,35,0,3,5,22,-9,8,26,29
PNC,PNC Financial Services,176.23,0,1,0,11,12,3,16,-13,11,17,29
PEGA,Pegasystems,96.09,-9,23,8,2,24,-23,24,-9,12,4,28
CCK,Crown Holdings,98.48,-28,21,6,2,1,2,24,-8,9,27,28
VLO,Valero Energy,130.7,0,11,-33,41,19,5,13,-8,-2,8,27
DD,DuPont,69.28,0,1,-10,16,7,5,16,-24,23,20,27
ALK,Alaska Air Group,52.48,-28,0,34,1,7,5,14,-6,6,19,26
GEN,Gen Digital,28.17,-23,14,4,13,8,4,16,-16,13,17,25
G,Genpact,44.0,0,-16,42,7,33,2,-13,-4,7,-8,25
HAS,Hasbro,67.39,0,11,3,1,15,3,22,-23,8,10,25
EW,Edwards Lifesciences,76.21,0,23,0,-11,12,2,24,19,-32,13,25
WTRG,Essential Utilities,38.85,0,2,14,0,16,2,-6,11,2,9,25
CPAY,Corpay,333.24,-28,0,1,18,-9,2,17,-8,22,33,24
SBUX,Starbucks,87.04,7,0,0,0,7,7,10,-4,4,17,24
DAL,Delta Air Lines,49.4,-25,0,-2,16,-11,5,17,-10,23,35,24
GPK,Graphic Packaging,22.95,0,-55,-8,55,-8,3,-18,-21,68,32,24
SBAC,SBA Communications,231.0,0,31,5,-17,19,2,-5,6,2,5,24
JKHY,Jack Henry & Associates,184.55,6,8,5,1,20,1,10,-16,8,3,23
OC,Owens Corning,137.79,-28,0,-13,55,14,2,-2,-17,26,9,23
TTEK,Tetra Tech,36.19,6,9,-18,2,-1,5,24,-21,16,24,23
MIDD,Middleby,150.6,1,0,3,0,4,3,11,-5,10,19,23
JNPR,Juniper Networks,36.08,-50,6,0,51,7,5,20,-26,17,16,23
FCNCA,First Citizens BancShares,1854.38,-25,0,-2,56,29,-39,24,-10,18,-7,22
BEPC,Brookfield Renewable Partners,29.39,-1,12,0,0,11,3,23,-22,7,11,22
NVT,Nvent Electric,66.94,5,11,-15,9,10,7,24,-17,-2,12,22
LYFT,Lyft,16.33,-6,12,4,0,10,5,22,-16,1,12,22
PCTY,Paylocity,197.44,-13,10,31,0,28,-25,24,-8,2,-7,21
PHM,PulteGroup,100.57,-57,1,-12,62,-6,2,22,-23,26,27,21
JHG,Janus Henderson,37.32,-23,1,0,16,-6,3,17,-8,15,27,21
EFX,Equifax,258.3,-28,23,-1,13,7,2,24,-27,15,14,21
TXN,Texas Instruments,183.25,0,11,0,19,30,-17,15,-20,13,-9,21
AMT,American Tower,213.74,0,1,5,0,6,3,-7,9,8,13,19
RF,Regions Financial Corporation,21.68,-25,10,0,19,4,3,17,-16,11,15,19
ALNY,Alnylam Pharmaceuticals,290.29,0,10,6,12,28,-17,18,-23,12,-10,18
AGNC,AGNC Investment,8.98,-23,0,0,13,-10,1,16,-3,14,28,18
NNN,NNN Reit,41.78,2,9,-2,19,28,5,-3,-24,11,-11,17
TNL,Travel + Leisure Co.,48.99,-28,1,6,13,-8,3,17,-6,11,25,17
DDOG,Datadog,117.64,7,1,-12,0,-4,5,18,-15,12,20,16
EA,Electronic Arts,146.93,-20,33,0,4,17,-21,-3,5,18,-1,16
BEN,Franklin Templeton Investments,22.22,4,14,0,0,18,5,24,-12,-19,-2,16
TRGP,Targa Resources,161.47,-35,-37,0,48,-24,6,-9,-9,51,39,15
CFLT,"Confluent, Inc.",22.76,7,0,-5,0,2,13,5,-7,1,12,14
BIRK,Birkenstock,54.17,-20,13,4,0,-3,2,24,-9,0,17,14
WYNN,Wynn Resorts,92.5,-3,13,1,1,12,3,21,-17,-5,2,14
LEN,Lennar (Class A),108.11,-32,0,-19,61,10,2,-1,-24,27,4,14
NXST,Nexstar Media Group,175.24,1,10,3,1,15,3,10,-21,7,-1,14
JNJ,Johnson & Johnson,153.28,19,0,0,0,19,2,-7,-3,3,-5,14
IDXX,Idexx Laboratories,516.51,1,18,3,1,23,4,24,-33,-5,-10,13
RKT,Rocket Companies,13.08,1,-16,-8,0,-23,5,7,7,17,36,13
VLTO,Veralto,101.48,0,11,0,0,11,5,18,-22,0,1,12
CNXC,Concentrix,57.57,7,11,0,0,18,11,14,-1,-30,-6,12
FHB,"First Hawaiian, Inc.",23.91,-25,1,0,11,-13,2,21,-9,11,25,12
EEFT,Euronet Worldwide,108.84,-27,14,4,0,-9,1,16,-6,10,21,12
S,SentinelOne,20.07,7,0,-14,0,-7,7,17,-17,11,18,11
TXT,Textron,74.71,-3,11,-24,50,34,3,21,-45,-2,-23,11
ESTC,Elastic NV,92.83,2,0,-2,-3,-3,5,16,-7,-1,13,10
ROIV,Roivant Sciences,10.77,-3,21,-1,0,17,-8,-3,-17,21,-7,10
AMTM,Amentum,21.22,-28,23,0,0,-5,2,24,-11,0,15,10
DHI,D. R. Horton,121.46,-38,0,-17,62,7,2,-2,-24,27,3,10
APPF,AppFolio,213.51,-33,-6,-7,25,-21,5,10,-9,25,31,10
PCOR,Procore,68.21,-25,0,3,0,-22,5,16,-6,16,31,9
CUZ,Cousins Properties,27.85,0,1,0,8,9,5,-2,-13,10,0,9
BWA,BorgWarner,33.59,7,13,0,0,20,5,20,-24,-13,-12,8
TTD,Trade Desk (The),76.05,0,0,-16,1,-15,5,17,-16,17,23,8
FITB,Fifth Third Bancorp,38.14,-25,0,-1,19,-7,2,16,-16,13,15,8
KEYS,Keysight,162.26,-2,11,5,0,14,-19,17,-6,2,-6,8
EOG,EOG Resources,111.1,-27,-6,-9,42,0,-41,11,-10,48,8,8
PINC,"Premier, Inc.",23.05,0,22,6,-25,3,-16,48,4,-31,5,8
FIVE,Five Below,116.08,7,13,0,-13,7,5,22,-14,-12,1,8
GM,General Motors,49.09,0,11,0,8,19,-21,17,-17,10,-11,8
PSA,Public Storage,300.25,-27,12,-2,12,-5,2,24,-24,10,12,7
CFG,Citizens Financial Group,40.46,-15,1,0,1,-13,2,16,-9,11,20,7
SFD,Smithfield Foods,22.91,0,6,0,0,6,-23,24,0,0,1,7
HIW,Highwoods Properties,29.53,-28,17,0,3,-8,2,24,-21,10,15,7
FIS,Fidelity National Information Services,79.97,0,26,0,-34,-8,2,24,-19,8,15,7
SPG,Simon Property Group,160.21,-28,0,0,32,4,-29,17,-4,18,2,6
LAZ,Lazard,44.51,-27,1,0,17,-9,5,16,-17,10,14,5
ROKU,"Roku, Inc.",72.06,6,0,0,-16,-10,5,16,-7,1,15,5
OSK,Oshkosh Corporation,101.11,0,10,-15,1,-4,4,15,-9,-2,8,4
BSY,Bentley Systems,48.36,7,14,-30,0,-9,7,26,-17,-3,13,4
ZBRA,Zebra Technologies,295.09,0,0,-10,-4,-14,2,16,-10,10,18,4
PVH,PVH Corp.,86.52,6,10,-21,1,-4,5,24,-17,-4,8,4
O,Realty Income,56.16,6,7,0,4,17,6,-6,-23,10,-13,4
APD,Air Products,274.54,-25,0,0,13,-12,4,12,-8,7,15,3
HST,Host Hotels & Resorts,15.47,2,11,-21,1,-7,5,24,-16,-3,10,3
FTV,Fortive,70.85,-25,0,-10,30,-5,2,13,-6,-2,7,2
DOCU,DocuSign,86.3,-24,11,42,-9,20,-34,17,-9,8,-18,2
HSIC,Schein (Henry),73.65,7,2,1,0,10,5,15,-8,-20,-8,2
DXCM,Dexcom,85.33,-15,15,0,-11,-11,1,24,-6,-6,13,2
CNH,CNH Industrial,12.94,-15,12,8,0,5,2,18,-3,-20,-3,2
MRP,Millrose Properties,27.88,0,0,0,0,0,-19,21,0,0,2,2
PAYC,Paycom,261.28,12,24,8,-21,23,-6,24,-5,-34,-21,2
XYL,Xylem Inc.,126.24,0,11,0,19,30,-28,21,-41,19,-29,1
UHAL,U-Haul,62.84,-33,0,-4,19,-18,3,16,-17,17,19,1
OWL,Blue Owl Capital,18.69,-28,0,0,0,-28,5,16,-10,18,29,1
EMN,Eastman Chemical Company,82.46,7,0,-10,0,-3,5,11,-24,12,4,1
HAYW,Hayward Holdings,14.06,-28,11,-2,0,-19,3,18,-15,13,19,0
PB,Prosperity Bancshares,70.74,-28,0,0,11,-17,2,17,-13,11,17,0
BOKF,BOK Financial Corporation,95.03,-28,0,-1,19,-10,2,12,-15,11,10,0
MEDP,Medpace,298.1,-25,0,-16,29,-12,4,16,-8,-1,11,-1
LVS,Las Vegas Sands,41.63,5,11,-11,-3,2,6,17,-15,-11,-3,-1
INGM,Ingram Micro,19.84,-23,10,0,0,-13,2,17,-7,0,12,-1
MAS,Masco,63.49,-28,0,-9,62,25,-34,11,-21,18,-26,-1
ZG,Zillow (Class A),65.97,-39,0,43,-38,-34,5,17,-7,17,32,-2
IP,International Paper,48.58,0,0,0,13,13,-28,9,-9,13,-15,-2
BKR,Baker Hughes,37.24,-28,-37,0,32,-33,5,10,-8,23,30,-3
PCG,PG&E Corporation,17.05,-21,17,-19,1,-22,-24,24,-18,37,19,-3
FNF,Fidelity National Financial,54.38,-35,-13,0,55,7,-31,-8,11,18,-10,-3
WDAY,"Workday, Inc.",239.38,-14,0,-2,11,-5,-23,18,-12,19,2,-3
PATH,UiPath,12.68,0,1,-15,0,-14,5,26,-14,-7,10,-4
SARO,StandardAero,28.68,-27,11,0,0,-16,4,18,-10,0,12,-4
LBRDK,Liberty Broadband (Series C),96.63,-15,22,36,-33,10,-31,22,-10,5,-14,-4
D,Dominion Energy,56.74,0,9,3,-31,-19,2,24,-19,7,14,-5
LBRDA,Liberty Broadband (Series A),96.06,-15,22,36,-33,10,-31,21,-10,5,-15,-5
BBY,Best Buy,72.24,0,0,-13,-3,-16,5,17,-24,13,11,-5
PR,Permian Resources,12.82,-15,10,-17,23,1,-52,13,-13,46,-6,-5
ZION,Zions Bancorporation,47.7,-25,0,-1,1,-25,3,16,-12,12,19,-6
ACN,Accenture,315.39,-14,0,-12,11,-15,-16,16,-8,16,8,-7
PEN,"Penumbra, Inc.",272.74,-58,0,21,8,-29,2,-3,35,-12,22,-7
KMPR,Kemper Corporation,63.66,-25,1,0,1,-23,2,12,-9,11,16,-7
AOS,A. O. Smith,68.57,-28,11,-31,55,7,2,23,-37,-2,-14,-7
VNO,Vornado Realty Trust,37.94,-28,1,0,1,-26,2,17,-12,12,19,-7
ALLY,Ally Financial,34.78,-25,1,-2,1,-25,3,12,-10,13,18,-7
XYZ,"Block, Inc.",62.19,21,0,-13,-33,-25,14,8,-14,10,18,-7
DKNG,DraftKings,35.56,-25,0,-10,0,-35,1,17,-7,17,28,-7
EXR,Extra Space Storage,147.96,-25,8,-2,0,-19,2,24,-25,10,11,-8
JLL,Jones Lang LaSalle,222.45,-38,0,-2,11,-29,3,16,-9,11,21,-8
TFC,Truist Financial,40.03,-27,0,0,1,-26,3,16,-12,11,18,-8
TPG,TPG Inc.,48.14,-28,0,-2,0,-30,2,17,-13,16,22,-8
CARR,Carrier Global,72.33,-23,18,0,0,-5,-26,18,-18,23,-3,-8
MAA,Mid-America Apartment Communities,154.27,-28,0,47,4,23,-31,-4,-4,8,-31,-8
MSGS,Madison Square Garden Sports,191.25,-25,0,-9,18,-16,-26,24,-15,24,7,-9
LUV,Southwest Airlines,32.67,6,10,4,-36,-16,6,13,-13,1,7,-9
ZTS,Zoetis,166.5,11,8,-24,1,-4,7,17,-27,-2,-5,-9
CMA,Comerica,57.42,-25,0,-1,1,-25,4,16,-13,9,16,-9
DOCS,Doximity,52.1,-51,-7,43,0,-15,5,-2,-6,9,6,-9
OTIS,Otis Worldwide,97.09,-15,0,0,0,-15,-26,11,-3,23,5,-10
TEAM,Atlassian,211.06,-42,0,8,-3,-37,2,23,-7,8,26,-11
LNC,Lincoln Financial,33.53,-31,1,7,-3,-26,3,14,-7,5,15,-11
SEG,Seaport Entertainment Group,19.56,5,0,0,0,5,5,-4,-17,0,-16,-11
NLY,Annaly Capital Management,19.0,-26,1,7,7,-11,-28,18,-3,13,0,-11
Z,Zillow (Class C),67.01,-40,0,0,-4,-44,5,17,-7,17,32,-12
ES,Eversource Energy,64.62,6,14,4,-7,17,3,17,-24,-25,-29,-12
AFG,American Financial Group,123.44,-25,0,-1,53,27,-26,-7,-17,11,-39,-12
INFA,Informatica,23.91,10,2,-31,0,-19,3,24,-16,-4,7,-12
ABNB,Airbnb,129.4,-28,0,-2,0,-30,3,24,-7,-2,18,-12
AXTA,Axalta,31.87,-35,0,-5,19,-21,4,-1,-18,23,8,-13
DKS,Dick's Sporting Goods,174.14,-56,-8,-2,60,-6,-25,-2,-10,30,-7,-13
DIS,Walt Disney Company (The),112.37,0,11,4,-38,-23,5,15,-8,-2,10,-13
WAL,Western Alliance Bancorporation,74.25,-31,0,-1,1,-31,3,16,-16,15,18,-13
CSX,CSX Corporation,31.44,6,10,-25,1,-8,5,14,-21,-3,-5,-13
RPRX,Royalty Pharma,32.7,-23,14,21,0,12,-27,22,15,-35,-25,-13
GTLB,GitLab,48.0,-28,0,-10,0,-38,2,16,-9,15,24,-14
FRPT,Freshpet,83.07,0,0,-13,0,-13,-19,11,-9,16,-1,-14
CHRW,C.H. Robinson,97.33,0,9,0,1,10,-25,11,-16,5,-25,-15
CRUS,Cirrus Logic,102.16,-15,11,-12,16,0,-16,18,-30,13,-15,-15
RRX,Regal Rexnord,139.57,-24,11,-17,1,-29,5,16,-18,10,13,-16
AGO,Assured Guaranty,85.32,-84,2,1,53,-28,5,-3,-9,19,12,-16
PARA,Paramount Global (Class B),12.02,22,12,0,-36,-2,12,18,-3,-42,-15,-17
BXP,"BXP, Inc.",67.11,0,9,-9,-36,-36,3,24,-18,10,19,-17
NCLH,Norwegian Cruise Line Holdings,18.08,-31,0,-9,-2,-42,5,12,-9,17,25,-17
BLDR,Builders FirstSource,111.5,-31,-79,-17,62,-65,2,-1,-21,68,48,-17
TER,Teradyne,81.8,1,0,-18,-3,-20,4,12,-12,-2,2,-18
MKSI,MKS Instruments,87.52,0,1,-16,-10,-25,3,16,-10,-2,7,-18
AAP,Advance Auto Parts,49.6,21,3,0,-25,-1,13,10,-9,-31,-17,-18
THO,Thor Industries,82.41,0,0,-15,-3,-18,4,17,-18,-3,0,-18
COLB,Columbia Banking System,24.15,-28,1,0,-6,-33,2,20,-15,7,14,-19
SMCI,Supermicro,41.57,0,0,-40,55,15,-33,10,-5,-6,-34,-19
RIVN,Rivian,15.36,-7,13,0,0,6,-16,21,-12,-18,-25,-19
INVH,Invitation Homes,33.38,-24,9,0,4,-11,-26,-3,10,11,-8,-19
DNB,Dun & Bradstreet,9.0,41,0,-15,0,26,-19,24,-17,-34,-46,-20
VNT,Vontier,36.04,-2,11,-2,0,7,-31,18,-12,-2,-27,-20
MU,Micron Technology,96.37,0,10,-24,19,5,2,16,-41,-2,-25,-20
IVZ,Invesco,14.77,-28,0,-9,-3,-40,2,17,-9,10,20,-20
ALGM,Allegro MicroSystems,26.15,0,10,1,0,11,-25,11,-4,-13,-31,-20
SYY,Sysco,72.28,0,0,-5,0,-5,-21,11,-17,11,-16,-21
SJM,J.M. Smucker Company (The),113.95,0,1,0,0,1,2,-10,6,-20,-22,-21
PSN,Parsons Corporation,67.96,0,1,-16,0,-15,-25,6,-19,32,-6,-21
FANG,Diamondback Energy,137.55,-26,0,-18,44,0,6,12,-37,-2,-21,-21
HUBS,HubSpot,615.38,-25,0,6,8,-11,-42,23,-7,16,-10,-21
SN,SharkNinja,94.72,-14,11,0,0,-3,-29,17,-7,0,-19,-22
CUBE,CubeSmart,41.88,-28,17,-12,19,-4,-26,22,-25,11,-18,-22
CBSH,Commerce Bancshares,63.78,-25,11,8,1,-5,-42,24,-9,10,-17,-22
ELS,Equity Lifestyle Properties,64.35,0,1,-10,0,-9,2,-7,-21,12,-14,-23
OKE,Oneok,81.74,-28,-37,-2,51,-16,-52,11,-14,48,-7,-23
GXO,GXO Logistics,41.59,1,11,-26,0,-14,3,17,-24,-5,-9,-23
SUI,Sun Communities,122.25,0,2,0,-21,-19,1,-5,-8,8,-4,-23
FR,First Industrial Realty Trust,49.04,-28,1,-2,11,-18,-29,17,-4,11,-5,-23
VOYA,Voya Financial,67.24,-21,11,-12,1,-21,-28,14,-17,28,-3,-24
MDB,MongoDB Inc.,188.97,2,0,-15,-6,-19,1,16,-16,-6,-5,-24
CACC,Credit Acceptance,492.8,-33,1,0,0,-32,2,12,-4,-2,8,-24
FDX,FedEx,219.76,-35,0,-15,29,-21,4,11,-17,-1,-3,-24
CRM,Salesforce,277.24,-15,0,-2,19,2,-51,17,-10,18,-26,-24
GEHC,GE HealthCare,70.98,-31,0,-9,0,-40,3,14,-7,5,15,-25
LULU,Lululemon Athletica,321.2,0,0,0,0,0,-23,16,-9,-9,-25,-25
EGP,EastGroup Properties,167.99,-25,8,-2,5,-14,-28,23,-4,-2,-11,-25
PLD,Prologis,106.66,-28,1,-12,0,-39,2,22,-9,-2,13,-26
CPT,Camden Property Trust,115.13,-25,1,5,0,-19,-28,17,-4,8,-7,-26
SOLV,Solventum,72.52,-6,0,0,0,-6,-27,12,-5,0,-20,-26
HPQ,HP Inc.,28.34,0,1,-14,1,-12,-25,16,-18,13,-14,-26
ARW,Arrow Electronics,120.0,-15,18,-31,1,-27,3,24,-22,-5,0,-27
MTD,Mettler Toledo,1164.34,0,0,-12,0,-12,1,16,-30,-2,-15,-27
CVX,Chevron Corporation,137.86,-42,-36,-9,45,-42,5,7,-1,3,14,-28
BRBR,BellRing Brands,61.0,-25,-15,-2,0,-42,4,-7,-8,24,13,-29
SNDK,SanDisk,38.18,-16,0,0,0,-16,-24,11,0,0,-13,-29
TKR,Timken Company,70.82,-23,1,-13,1,-34,2,15,-10,-2,5,-29
DBX,Dropbox,28.42,-49,0,8,6,-35,-16,26,-9,5,6,-29
EG,Everest Group,343.74,-28,0,-25,52,-1,2,-2,-26,-2,-28,-29
LKQ,LKQ Corporation,40.84,-25,1,0,0,-24,2,10,-3,-14,-5,-29
MTDR,Matador Resources,44.16,-14,0,-18,0,-32,5,11,-11,-3,2,-30
BURL,Burlington Stores,240.76,-14,0,0,1,-13,-28,12,-15,14,-17,-30
AGCO,AGCO,101.37,-14,13,0,0,-1,-28,18,-9,-10,-29,-30
GPC,Genuine Parts Company,127.33,0,9,-2,0,7,3,23,-49,-14,-37,-30
NVST,Envista,18.01,0,0,-12,0,-12,6,17,-12,-29,-18,-30
MDT,Medtronic,81.21,-21,-4,-2,-3,-30,-19,11,-3,10,-1,-31
GNRC,Generac,126.06,0,0,-9,-31,-40,5,13,-17,7,8,-32
EXAS,Exact Sciences,56.55,0,17,-17,-22,-22,3,21,-21,-13,-10,-32
IRDM,Iridium Communications,26.24,1,0,-10,-16,-25,5,15,-12,-16,-8,-33
SEE,Sealed Air,32.69,7,11,-13,-21,-16,5,22,-16,-29,-18,-34
A,Agilent Technologies,111.33,-25,0,-12,-2,-39,2,14,-9,-2,5,-34
ELAN,Elanco,13.17,6,14,-26,-4,-10,5,16,-42,-3,-24,-34
ESS,Essex Property Trust,274.67,-25,0,0,11,-14,-26,-2,-4,11,-21,-35
SW,Smurfit Westrock,44.42,-3,0,0,0,-3,-33,12,-12,0,-33,-36
BLD,TopBuild,288.25,-42,-5,-18,43,-22,3,-4,-35,22,-14,-36
AKAM,Akamai Technologies,77.86,6,0,-15,-4,-13,1,-3,-15,-7,-24,-37
KEY,Keycorp,15.76,-25,11,-1,1,-14,-35,17,-16,10,-24,-38
HOLX,Hologic,62.17,4,0,-24,0,-20,4,6,-24,-4,-18,-38
AMED,Amedisys,93.99,-28,28,1,-37,-36,-22,-1,14,7,-2,-38
PFE,Pfizer,23.61,35,0,-22,-20,-7,7,17,-30,-25,-31,-38
VFC,VF Corporation,13.55,0,0,-9,-40,-49,3,12,-9,4,10,-39
U,Unity Technologies,21.8,0,0,0,0,0,-25,24,-6,-32,-39,-39
KDP,Keurig Dr Pepper,32.86,-20,-3,0,0,-23,-19,-14,7,9,-17,-40
CERT,"Certara, Inc.",11.55,0,-4,-4,0,-8,10,-6,-7,-29,-32,-40
MAT,Mattel,19.49,0,10,3,0,13,-31,12,-7,-28,-54,-41
VKTX,Viking Therapeutics,27.18,-1,0,-29,18,-12,-25,20,-22,-3,-30,-42
BG,Bunge Global,79.27,-28,31,-33,0,-30,2,24,-36,-2,-12,-42
PSX,Phillips 66,114.34,-28,10,-25,38,-5,3,12,-50,-2,-37,-42
NU,Nubank,11.94,-35,22,-2,0,-15,-47,24,-20,16,-27,-42
SON,Sonoco,46.69,7,9,-33,0,-17,5,12,-31,-11,-25,-42
EQR,Equity Residential,68.62,-25,10,0,10,-5,-28,-2,-18,10,-38,-43
XOM,ExxonMobil,103.53,-42,-6,-2,41,-9,-56,-1,-24,47,-34,-43
BC,Brunswick Corporation,51.27,0,0,-27,-4,-31,1,11,-18,-6,-12,-43
FSLR,First Solar,155.8,-21,10,-28,59,20,-45,24,-40,-3,-64,-44
PK,Park Hotels & Resorts,10.57,-32,0,-15,-4,-51,4,22,-17,-2,7,-44
AVY,Avery Dennison,181.44,0,10,-24,1,-13,-22,24,-32,-2,-32,-45
AVB,AvalonBay Communities,201.52,-25,0,0,13,-12,-24,-4,-17,12,-33,-45
IEX,IDEX Corporation,183.45,-28,0,-17,0,-45,2,18,-17,-3,0,-45
UHAL-B,U-Haul (Series N),56.05,-33,0,-12,0,-45,3,16,-26,6,-1,-46
KRC,Kilroy Realty,32.46,0,1,-9,-37,-45,2,4,-15,8,-1,-46
VVV,Valvoline,33.89,-13,0,-15,28,0,-20,12,-37,-1,-46,-46
COO,Cooper Companies (The),80.58,-28,0,-16,-2,-46,3,-2,-21,19,-1,-47
HXL,Hexcel,52.88,-25,0,-18,-2,-45,2,12,-10,-6,-2,-47
SHC,Sotera Health,12.43,-43,16,-16,0,-43,2,18,-21,-3,-4,-47
WEX,WEX Inc.,137.44,1,0,-32,-2,-33,3,11,-23,-5,-14,-47
REGN,Regeneron Pharmaceuticals,603.3,7,0,-30,0,-23,2,4,-31,-1,-26,-49
DLB,Dolby Laboratories,75.53,-15,0,0,6,-9,-52,16,-9,5,-40,-49
QCOM,Qualcomm,148.63,-15,1,-14,19,-9,-16,19,-41,-2,-40,-49
DVA,DaVita,139.9,-23,-30,0,17,-36,-23,3,-9,16,-13,-49
TROW,T. Rowe Price,95.58,0,0,-12,-22,-34,-28,17,-14,10,-15,-49
IFF,International Flavors & Fragrances,77.25,0,1,-12,-28,-39,-17,23,-24,8,-10,-49
FRT,Federal Realty Investment Trust,95.11,-28,0,-12,1,-39,-28,24,-18,11,-11,-50
NEE,NextEra Energy,68.05,-21,0,-2,0,-23,-26,12,-23,10,-27,-50
ADBE,Adobe Inc.,413.39,0,9,-25,-3,-19,-16,16,-29,-2,-31,-50
LSCC,Lattice Semiconductor,47.83,-40,0,-9,-2,-51,3,16,-6,-12,1,-50
TAP,Molson Coors,54.2,-14,-22,-2,11,-27,-24,2,-3,2,-23,-50
COLM,Columbia Sportswear,66.18,0,-54,-10,-3,-67,4,8,-5,10,17,-50
TRU,TransUnion,82.66,-28,0,-2,0,-30,-29,17,-20,11,-21,-51
CSGP,CoStar Group,74.61,-25,-5,-2,11,-21,-26,-10,12,-6,-30,-51
BALL,Ball Corporation,53.36,0,11,-24,-8,-21,-20,23,-31,-2,-30,-51
OLED,Universal Display Corporation,147.07,-25,11,-26,0,-40,2,18,-29,-2,-11,-51
LCID,Lucid Motors,2.64,-10,0,-21,0,-31,-21,38,-6,-32,-21,-52
CHTR,Charter Communications,411.15,-21,22,7,-33,-25,-34,21,-17,3,-27,-52
TGT,Target Corporation,96.99,1,0,-20,-8,-27,7,-2,-28,-3,-26,-53
CDW,CDW,185.77,0,11,-31,1,-19,5,18,-52,-5,-34,-53
AMCR,Amcor,9.18,-25,0,-9,0,-34,2,-6,-24,8,-20,-54
TTC,Toro Company (The),75.88,0,10,-24,-4,-18,2,16,-37,-17,-36,-54
UDR,"UDR, Inc.",40.03,-28,0,0,0,-28,-28,-4,-4,10,-26,-54
VTRS,Viatris,8.6,-26,0,-14,-4,-44,-26,18,-18,16,-10,-54
OVV,Ovintiv,36.54,-27,0,-26,0,-53,2,11,-13,-3,-3,-56
SITE,SiteOne Landscape Supply,118.89,-33,0,-15,-6,-54,3,17,-18,-5,-3,-57
CCI,Crown Castle,100.56,-17,2,-2,-25,-42,-21,-5,9,2,-15,-57
HHH,Howard Hughes Holdings,68.22,-47,0,-2,-3,-52,2,-1,-17,11,-5,-57
PYPL,PayPal,71.48,-14,1,-2,-36,-51,-16,17,-13,6,-6,-57
PINS,Pinterest,31.47,0,0,-13,0,-13,-47,12,-8,-2,-45,-58
DAY,Dayforce,58.5,0,0,-9,-9,-18,-34,5,-13,2,-40,-58
TSN,Tyson Foods,55.81,0,-16,-1,-25,-42,-18,-16,10,8,-16,-58
DINO,HF Sinclair,36.6,3,13,-39,-6,-29,7,18,-51,-5,-31,-60
POOL,Pool Corporation,301.68,-28,-5,-12,-3,-48,1,11,-18,-6,-12,-60
FAF,First American Financial Corporation,55.26,-31,-16,-2,11,-38,-26,-4,-8,15,-23,-61
VAC,Marriott Vacations Worldwide,68.04,-14,0,-14,-14,-42,3,13,-14,-22,-20,-62
SNDR,Schneider National,23.52,-25,0,-12,0,-37,-26,10,-16,7,-25,-62
BBWI,"Bath & Body Works, Inc.",30.55,-25,0,-14,-12,-51,-25,22,-5,-3,-11,-62
AA,Alcoa,28.27,0,0,-10,-17,-27,-2,11,-16,-29,-36,-63
HSY,Hershey Company (The),158.23,0,-10,-34,-1,-45,8,-7,-3,-16,-18,-63
M,"Macy's, Inc.",12.09,-31,0,-20,-12,-63,3,14,-14,-3,0,-63
PENN,Penn Entertainment,15.4,0,0,-12,-31,-43,12,16,-7,-41,-20,-63
PPG,PPG Industries,112.28,-25,11,-35,-5,-54,2,19,-26,-5,-10,-64
SMG,Scotts Miracle-Gro Company,60.56,0,7,-11,-36,-40,-23,10,-21,10,-24,-64
F,Ford Motor Company,10.31,-15,25,-39,-14,-43,-26,24,-17,-2,-21,-64
QRVO,Qorvo,76.98,0,11,-32,-28,-49,4,19,-36,-2,-15,-64
NDSN,Nordson,197.98,-15,10,-25,0,-30,-28,16,-18,-4,-34,-64
BILL,Bill.com,45.19,-28,0,-13,0,-41,3,17,-9,-34,-23,-64
WBD,Warner Bros. Discovery,9.55,7,0,0,-39,-32,7,11,-9,-42,-33,-65
SWKS,Skyworks Solutions,71.4,0,9,-32,-27,-50,2,19,-35,-2,-16,-66
UAA,Under Armour (Class A),6.97,16,1,-17,-41,-41,5,21,-17,-34,-25,-66
UA,Under Armour (Class C),6.56,18,3,-17,-34,-30,5,13,-21,-34,-37,-67
CE,Celanese,55.16,7,1,-32,-7,-31,4,13,-50,-6,-39,-70
LFUS,Littelfuse,211.99,0,11,-14,0,-3,-50,16,-28,-5,-67,-70
WBA,Walgreens Boots Alliance,11.23,0,11,0,-74,-63,1,26,-2,-32,-7,-70
SWK,Stanley Black & Decker,67.26,-15,0,-18,-36,-69,1,11,-24,11,-1,-70
MTN,Vail Resorts,151.4,2,1,-22,-20,-39,6,11,-16,-33,-32,-71
MHK,Mohawk Industries,104.61,-31,-5,-15,-8,-59,1,-2,-23,11,-13,-72
CMCSA,Comcast,34.94,-4,1,-24,-6,-33,-24,11,-21,-5,-39,-72
ON,ON Semiconductor,43.42,-2,0,-26,-3,-31,-16,17,-32,-12,-43,-74
LSTR,Landstar,138.83,-23,-5,-24,0,-52,2,11,-31,-4,-22,-74
MCHP,Microchip Technology,58.72,-2,11,-35,0,-26,-17,17,-44,-4,-48,-74
KNX,Knight-Swift,43.85,-28,0,-14,0,-42,-25,12,-10,-10,-33,-75
CVS,CVS Health,61.36,-17,-3,0,-14,-34,-21,-9,14,-25,-41,-75
IONS,Ionis Pharmaceuticals,33.31,-1,14,-38,-8,-33,-21,20,-35,-7,-43,-76
TREX,"Trex Company, Inc.",58.31,-28,0,-43,-10,-81,2,19,-15,-3,3,-78
CCCS,CCC Intelligent Solutions,8.8,-28,0,-17,0,-45,-22,6,-16,-3,-35,-80
GMED,Globus Medical,59.62,0,-66,-4,0,-70,2,-12,-9,9,-10,-80
CIVI,Civitas Resources,28.89,0,0,-44,-3,-47,5,11,-44,-6,-34,-81
ELV,Elevance Health,375.98,-16,-10,-33,0,-59,-20,-25,7,14,-24,-83
WST,West Pharmaceutical Services,211.08,-23,0,-16,-4,-43,-19,-1,-16,-5,-41,-84
NSA,National Storage Affiliates,34.05,-28,-4,-4,-1,-37,-27,-5,-25,9,-48,-85
CAVA,Cava Group,82.27,-42,0,-3,0,-45,-49,26,-17,0,-40,-85
REXR,Rexford Industrial,35.42,5,0,-35,-15,-45,7,11,-30,-29,-41,-86
ADM,Archer Daniels Midland,48.52,-27,12,-35,-8,-58,1,24,-37,-17,-29,-87
WMS,Advanced Drainage Systems,111.65,-28,0,-29,0,-57,-28,24,-43,16,-31,-88
ILMN,"Illumina, Inc.",82.49,0,0,-17,-37,-54,2,17,-17,-37,-35,-89
FI,Fiserv,160.14,-56,-37,-3,32,-64,-23,-23,-4,24,-26,-90
HOG,Harley-Davidson,24.72,-14,7,-32,-6,-45,-23,12,-27,-8,-46,-91
RH,RH,190.19,-28,0,-13,-4,-45,-52,12,-12,6,-46,-91
MTCH,Match Group,30.32,6,0,-15,-34,-43,5,3,-22,-35,-49,-92
YETI,Yeti Holdings,30.2,-15,0,-24,-3,-42,-40,11,-15,-7,-51,-93
EPAM,EPAM Systems,176.64,-14,0,-15,-24,-53,-16,16,-6,-34,-40,-93
DAR,Darling Ingredients,32.35,-40,0,-15,-17,-72,2,23,-19,-27,-21,-93
BAX,Baxter International,30.88,-26,0,-12,-35,-73,2,18,-3,-38,-21,-94
CZR,Caesars Entertainment,28.26,-25,0,-15,-22,-62,2,24,-24,-34,-32,-94
FND,Floor & Decor,73.1,-31,-4,-24,-3,-62,-25,12,-18,-3,-34,-96
OMC,Omnicom Group,74.23,-33,-115,-16,42,-122,2,-2,-21,47,26,-96
RARE,Ultragenyx,35.08,-5,0,-16,-35,-56,-19,-7,-24,9,-41,-97
ST,Sensata Technologies,26.2,-14,11,-31,-12,-46,3,15,-38,-32,-52,-98
HRL,Hormel Foods,30.2,2,1,-24,-20,-41,4,-20,-16,-27,-59,-100
DJT,Trump Media & Technology Group,23.04,-7,0,-45,0,-52,-54,25,-13,-6,-48,-100
APTV,Aptiv,68.41,6,11,0,-21,-4,5,17,-86,-33,-97,-101
DHR,Danaher Corporation,189.19,-24,0,-18,0,-42,-25,-6,-29,-1,-61,-103
W,Wayfair,41.03,7,11,-52,-38,-72,5,17,-16,-37,-31,-103
WSC,WillScot Mobile Mini,28.04,-25,0,-54,-3,-82,3,16,-31,-9,-21,-103
BMY,Bristol Myers Squibb,46.89,0,-36,-4,-2,-42,-21,-39,-3,2,-61,-103
LW,Lamb Weston,53.18,1,-18,-61,-5,-83,2,3,-15,-11,-21,-104
STZ,Constellation Brands,185.91,-25,17,-34,0,-42,-31,24,-50,-5,-62,-104
ENTG,Entegris,74.93,-42,-8,-33,-3,-86,5,16,-38,-2,-19,-105
WY,Weyerhaeuser,25.84,-30,-37,-12,0,-79,2,-1,-24,-5,-28,-107
MGM,MGM Resorts International,31.99,-33,0,-45,0,-78,3,24,-52,-6,-31,-109
AAL,American Airlines Group,11.65,-1,0,-10,-73,-84,5,16,-10,-36,-25,-109
CROX,Crocs,110.01,-14,13,-31,1,-31,-50,13,-41,-2,-80,-111
GLOB,Globant,101.66,-49,-7,-15,-4,-75,-16,-1,-15,-4,-36,-111
JBHT,J. B. Hunt,139.98,-26,0,-20,-2,-48,-52,11,-17,-7,-65,-113
FIVN,Five9,27.43,1,0,-68,-32,-99,12,16,-6,-37,-15,-114
QDEL,QuidelOrtho,31.25,-28,0,-12,-35,-75,3,13,-12,-44,-40,-115
LINE,"Lineage, Inc.",45.26,-15,-36,0,0,-51,-26,-19,-20,0,-65,-116
FMC,FMC Corporation,39.02,0,0,-29,-21,-50,-22,4,-25,-23,-66,-116
AMKR,Amkor Technology,18.9,-15,0,-29,0,-44,-50,17,-37,-2,-72,-116
MP,MP Materials,18.77,-98,-12,21,0,-89,-44,-19,34,1,-28,-117
OXY,Occidental Petroleum,41.62,-28,0,-44,0,-72,5,11,-48,-13,-45,-117
JAZZ,Jazz Pharmaceuticals,109.39,0,-42,-4,-3,-49,-20,-7,-5,-36,-68,-117
CNC,Centene,57.66,-21,-4,-33,-8,-66,-23,-2,-2,-25,-52,-118
IAC,IAC Inc.,37.16,-25,1,-29,-28,-81,5,12,-24,-35,-42,-123
DOC,Healthpeak Properties,17.37,0,-37,-6,-28,-71,2,-40,-21,6,-53,-124
INSP,Inspire Medical Systems,142.96,-27,-8,-12,-3,-50,-55,12,-17,-14,-74,-124
OGN,Organon & Co.,9.14,7,-44,-18,0,-55,4,-42,-31,-1,-70,-125
CRL,Charles River Laboratories,138.67,-21,2,-43,-23,-85,3,14,-52,-5,-40,-125
MKTX,MarketAxess,217.84,-7,7,-17,-26,-43,-16,-4,-21,-41,-82,-125
BIIB,Biogen,128.31,7,0,-73,-24,-90,3,11,-36,-15,-37,-127
CGNX,Cognex Corporation,30.73,-15,0,-29,-28,-72,4,15,-37,-37,-55,-127
TECH,Bio-Techne,48.7,0,-75,-16,-21,-112,3,-2,-16,-3,-18,-130
SEB,Seaboard Corporation,2652.0,21,0,-88,-20,-87,31,-46,-3,-26,-44,-131
LEA,Lear Corporation,92.1,-25,11,-57,-14,-85,2,16,-53,-12,-47,-132
MKC,McCormick & Company,71.8,-64,-29,-2,-1,-96,-33,-7,-3,7,-36,-132
KHC,Kraft Heinz,26.83,-28,-24,-31,-1,-84,-25,-14,-3,-7,-49,-133
GFS,GlobalFoundries,37.15,-14,0,-71,0,-85,-45,16,-6,-14,-49,-134
ENOV,Enovis,33.44,-28,-4,-54,-14,-100,2,12,-14,-34,-34,-134
IPGP,IPG Photonics,66.97,7,10,-75,-41,-99,5,17,-16,-41,-35,-134
RGEN,Repligen,122.56,-64,-4,-5,-14,-87,2,-6,-9,-34,-47,-134
GNTX,Gentex,22.0,-28,0,-31,-5,-64,-29,12,-48,-5,-70,-134
PII,Polaris Inc.,39.76,0,0,-89,-14,-103,3,11,-32,-14,-32,-135
IPG,Interpublic Group of Companies (The),24.48,-33,0,-32,0,-65,-26,-2,-29,-14,-71,-136
WFRD,Weatherford International,45.66,-25,0,-33,0,-58,-52,12,-37,-2,-79,-137
BDX,Becton Dickinson,174.56,0,-64,-17,-2,-83,2,-38,-8,-12,-56,-139
DV,DoubleVerify,13.5,-35,0,-59,0,-94,-48,17,-7,-7,-45,-139
ANGI,Angi Inc.,16.3,-6,1,-29,-48,-82,3,6,-27,-41,-59,-141
CAG,Conagra Brands,22.91,-26,-29,-21,-4,-80,3,-43,-3,-20,-63,-143
PRGO,Perrigo,27.34,7,1,0,-110,-102,2,13,-4,-52,-41,-143
MPW,Medical Properties Trust,4.68,-70,-11,0,-33,-114,1,-9,11,-32,-29,-143
MRK,Merck & Co.,77.58,6,-39,-36,-1,-70,9,-41,-40,-3,-75,-145
PEP,PepsiCo,131.36,1,-36,-31,0,-66,3,-45,-28,-10,-80,-146
NWL,Newell Brands,5.47,-14,0,-16,-28,-58,-51,11,-16,-33,-89,-147
ETSY,Etsy,50.55,7,1,-109,-27,-128,19,11,-15,-34,-19,-147
HR,Healthcare Realty Trust,14.57,-28,-36,-3,-36,-103,-25,-8,-18,6,-45,-148
SAIA,Saia,274.73,-30,-68,-15,1,-112,4,-23,-17,-2,-38,-150
GIS,General Mills,54.13,-2,-35,-30,-1,-68,2,-45,-26,-16,-85,-153
TRIP,Tripadvisor,14.34,-28,0,-50,-49,-127,5,16,-7,-41,-27,-154
NOV,NOV Inc.,12.31,-31,-37,-44,-9,-121,2,11,-35,-12,-34,-155
ONTO,Onto Innovation,96.01,-1,-72,-15,0,-88,-46,-12,-10,-1,-69,-157
BIO,Bio-Rad Laboratories,229.02,-27,-4,-16,-25,-72,-27,-4,-21,-34,-86,-158
RHI,Robert Half,46.51,-14,-85,-18,-6,-123,3,7,-16,-29,-35,-158
FLO,Flowers Foods,17.01,0,-36,-26,-5,-67,2,-28,-46,-20,-92,-159
QS,QuantumScape,3.98,-41,0,-73,0,-114,8,16,-37,-33,-46,-160
NUE,Nucor,109.4,-56,-4,-44,0,-104,-28,-2,-21,-5,-56,-160
FBIN,Fortune Brands Innovations,51.55,-28,-123,-15,-2,-168,1,11,-21,17,8,-160
AZTA,Azenta,27.68,0,-62,-42,-28,-132,-20,5,-8,-6,-29,-161
APA,APA Corporation,17.32,0,0,-74,-9,-83,5,11,-78,-16,-78,-161
LBTYA,Liberty Global (Series A),9.77,0,-37,-29,-28,-94,4,-38,-27,-7,-68,-162
CLVT,Clarivate,4.16,-27,1,-66,-3,-95,-22,20,-26,-39,-67,-162
SIRI,Sirius XM,22.28,0,0,-72,-28,-100,-25,15,-38,-14,-62,-162
RYN,Rayonier,23.58,-25,-36,-9,-2,-72,-28,-36,-21,-6,-91,-163
INTC,Intel,20.55,-25,-6,-58,-17,-106,-55,11,-6,-9,-59,-165
LYB,LyondellBasell,57.99,-32,-48,-33,-2,-115,2,-2,-47,-4,-51,-166
NKE,"Nike, Inc.",62.81,2,0,-66,-18,-82,4,12,-67,-33,-84,-166
UWMC,United Wholesale Mortgage,4.09,-28,-45,-18,0,-91,9,-53,-31,-1,-76,-167
GO,Grocery Outlet,14.01,0,1,-89,0,-88,-30,-8,-17,-25,-80,-168
KMX,CarMax,62.97,-35,-60,-8,-33,-136,-28,-1,-12,8,-33,-169
AES,AES Corporation,10.08,-31,-4,-31,-8,-74,-44,11,-42,-21,-96,-170
BMRN,BioMarin Pharmaceutical,58.11,-26,-36,-39,-17,-118,-22,-7,-4,-19,-52,-170
RVTY,Revvity,92.28,-28,-54,-9,-21,-112,3,-46,-14,-1,-58,-170
TMO,Thermo Fisher Scientific,403.75,-27,-62,-11,-2,-102,1,-72,-10,11,-70,-172
KSS,Kohl's,7.91,0,0,-51,-28,-79,-26,12,-52,-29,-95,-174
REYN,Reynolds Consumer Products,22.33,-28,-77,-17,0,-122,-26,-7,-29,10,-52,-174
WHR,Whirlpool Corporation,79.68,-28,-81,-13,-23,-145,2,10,-9,-33,-30,-175
TDC,Teradata,21.93,-28,0,-68,-14,-110,-52,16,-16,-13,-65,-175
VSTS,Vestis,6.11,0,-80,-10,0,-90,9,-80,-16,0,-87,-177
DVN,Devon Energy,31.33,-31,0,-39,-2,-72,-54,12,-45,-19,-106,-178
RNG,RingCentral,26.4,-28,0,-15,-38,-81,-58,16,-15,-42,-99,-180
CPRI,Capri Holdings,17.54,-18,0,-61,-8,-87,-51,12,-25,-29,-93,-180
HUN,Huntsman Corporation,11.7,-31,-47,-34,-12,-124,1,-3,-29,-30,-61,-185
SAM,Boston Beer Company,235.44,-26,1,-24,-34,-83,-31,-10,-20,-41,-102,-185
BF-B,Brown–Forman (Class B),34.55,-24,0,-92,-15,-131,-29,24,-24,-25,-54,-185
LBTYK,Liberty Global (Series C),10.01,0,-37,-29,-27,-93,4,-38,-26,-33,-93,-186
COLD,Americold,16.64,-26,-39,-30,-8,-103,-29,-13,-30,-12,-84,-187
CPB,Campbell Soup Company,34.34,-26,-36,-21,-3,-86,-25,-46,-28,-2,-101,-187
BF-A,Brown–Forman (Class A),34.34,-24,0,-91,-15,-130,-30,24,-31,-21,-58,-188
MAN,ManpowerGroup,42.8,-3,-37,-35,-25,-100,-22,2,-35,-33,-88,-188
HUM,Humana,226.62,-16,-18,-78,-9,-121,-20,-21,-9,-17,-67,-188
SRPT,Sarepta Therapeutics,38.34,-2,-93,-18,-4,-117,-16,-15,-39,-3,-73,-190
ALGN,Align Technology,178.57,-28,0,-56,-22,-106,2,-2,-51,-35,-86,-192
EL,Estée Lauder Companies (The),67.05,7,1,-109,-23,-124,2,14,-54,-32,-70,-194
AVTR,Avantor,13.15,0,-75,-18,0,-93,2,-74,-29,-2,-103,-196
WU,Western Union,9.47,-26,-36,-12,-43,-117,-25,-5,-47,-2,-79,-196
ZBH,Zimmer Biomet,94.21,-28,-34,-54,-14,-130,4,-4,-53,-15,-68,-198
WEN,Wendy's Company (The),11.2,-28,-38,-26,-5,-97,-26,-44,-21,-12,-103,-200
IQV,IQVIA,140.55,-63,-72,-29,-3,-167,2,-2,-31,-3,-34,-201
SLB,Schlumberger,33.93,-35,-37,-59,0,-131,-52,-1,-10,-7,-70,-201
CHRD,Chord Energy,91.13,-28,-37,-39,1,-103,-55,-1,-43,-3,-102,-205
SPB,Spectrum Brands,58.26,-26,-111,-17,-1,-155,-54,-1,-16,21,-50,-205
MRNA,Moderna,26.76,0,-82,-44,-1,-127,3,-8,-44,-36,-85,-212
NFE,New Fortress Energy,2.79,-56,-67,-60,0,-183,3,-2,-11,-22,-32,-215
DXC,DXC Technology,15.37,-51,0,-14,-70,-135,-30,-1,-21,-31,-83,-218
ACHC,Acadia Healthcare,23.52,-42,-63,-37,-8,-150,-34,10,-31,-13,-68,-218
COP,ConocoPhillips,85.57,-42,-37,-34,0,-113,-52,-1,-50,-5,-108,-221
GPN,Global Payments,75.74,-38,-71,-16,-36,-161,-52,11,-13,-7,-61,-222
CLX,Clorox,130.37,-28,-99,-6,-2,-135,-26,-57,-16,10,-89,-224
PLTK,Playtika,4.75,-90,-6,-15,0,-111,-63,-7,-16,-28,-114,-225
XRAY,Dentsply Sirona,16.36,-14,1,-70,-39,-122,-24,15,-57,-37,-103,-225
UPS,United Parcel Service,97.57,-32,-46,-95,-13,-186,2,11,-23,-31,-41,-227
HAL,Halliburton,19.97,-33,-88,-52,-2,-175,2,-3,-51,-6,-58,-233
TXG,10x Genomics,8.6,-28,0,-65,0,-93,-55,16,-64,-39,-142,-235
LEG,Leggett & Platt,8.98,-51,1,-121,-27,-198,2,19,-24,-35,-38,-236
COTY,Coty,4.86,-14,-83,-53,-4,-154,-25,4,-55,-6,-82,-236
CRI,Carter's,32.45,-28,-80,-51,-14,-173,-28,-4,-28,-6,-66,-239
ARE,Alexandria Real Estate Equities,70.38,-30,-44,-26,-27,-127,2,-46,-37,-32,-113,-240
TFX,Teleflex,122.96,-28,-80,-31,-36,-175,2,-35,-27,-7,-67,-242
ASH,Ashland Global,50.79,-28,-136,-30,-6,-200,3,-2,-42,-7,-48,-248
CLF,Cleveland-Cliffs,6.39,-43,-49,-52,-13,-157,-35,-8,-52,-5,-100,-257
BRKR,Bruker,37.17,-70,-76,-49,-5,-200,2,-4,-53,-6,-61,-261
WLK,Westlake Corporation,72.75,-49,-68,-29,-1,-147,-55,-17,-41,-3,-116,-263
CHDN,Churchill Downs Incorporated,94.59,-24,-111,-20,0,-155,2,-120,-21,27,-112,-267
CC,Chemours,10.61,-56,-85,-54,-10,-205,-25,-7,-16,-27,-75,-280
FTRE,Fortrea,4.15,-77,-109,-25,0,-211,-24,-2,-54,0,-80,-291
ALB,Albemarle Corporation,58.78,-31,-108,-117,-20,-276,5,11,-16,-22,-22,-298
ENPH,Enphase Energy,40.21,-28,-95,-35,-17,-175,-30,-36,-42,-21,-129,-304
DOW,Dow Inc.,28.92,-51,-146,-32,0,-229,-28,-2,-47,-5,-82,-311
WOLF,Wolfspeed,1.5,-42,-5,-123,-27,-197,3,-4,-89,-34,-124,-321
OLN,Olin Corporation,20.41,-56,-145,-49,-6,-256,4,-2,-51,-20,-69,-325
APLS,Apellis Pharmaceuticals,16.89,-5,-75,-59,-13,-152,-21,-99,-57,-15,-192,-344
