Symbol,Name,Close,1H Cloud Score,1D Cloud Score,1W Cloud Score,1M Cloud Score,Cloud Score Sum,1H TKx Score,1D TKx Score,1W TKx Score,1M TKx Score,TKx Score Sum,Total Score Sum
TJX,TJX Companies,144.54,29,41,155,199,424,35,3,124,194,356,780
ORLY,O'Reilly Auto Parts,107.81,19,52,170,200,441,31,-4,61,90,178,619
WELL,Welltower,178.02,42,95,123,59,319,51,56,140,25,272,591
COOP,Mr. Cooper Group,210.79,-7,98,126,59,276,11,97,124,57,289,565
ORI,Old Republic International,42.49,49,35,154,59,297,54,33,124,56,267,564
WRB,W. R. Berkley Corporation,76.6,54,24,101,177,356,62,37,31,56,186,542
LOPE,Grand Canyon Education,219.82,98,38,154,36,326,96,37,41,35,209,535
AAPL,Apple Inc.,254.56,79,65,5,252,401,-3,33,9,72,111,512
GLW,Corning Inc.,82.03,189,97,26,18,330,14,104,15,15,148,478
RTX,RTX Corporation,167.27,84,97,84,55,320,46,6,91,15,158,478
CASY,Casey's,564.95,12,17,120,88,237,12,13,124,79,228,465
YUM,Yum! Brands,151.98,34,14,35,260,343,44,14,1,58,117,460
FAST,Fastenal,49.04,42,120,130,107,399,23,-13,21,27,58,457
JPM,JPMorgan Chase,315.36,3,100,130,159,392,-5,25,17,27,64,456
IBM,IBM,282.18,134,9,116,55,314,-2,17,63,57,135,449
ETR,Entergy,93.19,42,8,83,138,271,50,7,96,15,168,439
APP,AppLovin,718.57,183,43,112,0,338,17,51,13,19,100,438
L,Loews Corporation,100.4,45,98,119,56,318,43,33,17,25,118,436
DTE,DTE Energy,141.45,49,6,81,190,326,53,3,34,14,104,430
ALL,Allstate,214.7,54,9,104,160,327,63,2,18,18,101,428
ROL,"Rollins, Inc.",58.74,21,3,38,287,349,30,-20,30,36,76,425
SO,Southern Company,94.77,49,1,83,191,324,3,-23,30,80,90,414
GS,Goldman Sachs,796.13,-7,98,99,59,249,15,109,17,22,163,412
BK,BNY Mellon,108.97,2,100,101,41,244,16,104,17,20,157,401
PLTR,Palantir Technologies,182.41,2,111,123,0,236,8,9,126,21,164,400
AZO,AutoZone,4287.68,15,51,101,87,254,31,-5,61,58,145,399
HWM,Howmet Aerospace,196.18,8,15,155,30,208,19,15,99,58,191,399
FIX,Comfort Systems USA,825.57,7,101,24,65,197,16,113,17,56,202,399
LMT,Lockheed Martin,499.1,131,24,0,166,321,52,26,2,-3,77,398
MS,Morgan Stanley,158.93,-7,98,83,65,239,15,109,17,17,158,397
AM,Antero Midstream,19.43,52,20,155,24,251,-9,13,85,56,145,396
ITT,ITT Inc.,178.9,0,104,23,100,227,13,111,17,27,168,395
LHX,L3Harris,305.43,48,120,19,6,193,52,113,19,15,199,392
GD,General Dynamics,340.92,21,120,15,55,211,29,75,17,58,179,390
LYV,Live Nation Entertainment,163.39,0,99,101,148,348,11,-3,16,17,41,389
UNP,Union Pacific Corporation,236.37,64,6,0,199,269,93,6,1,20,120,389
ATO,Atmos Energy,170.8,39,38,81,46,204,49,-12,92,46,175,379
CBOE,Cboe Global Markets,244.99,40,0,151,56,247,47,1,29,52,129,376
SNX,TD Synnex,163.6,26,98,22,64,210,19,104,15,22,160,370
RSG,Republic Services,229.48,13,-44,131,178,278,7,-69,-8,161,91,369
CTAS,Cintas,205.22,22,-32,2,168,160,26,-27,20,188,207,367
PPL,PPL Corporation,37.17,41,56,83,24,204,50,2,95,15,162,366
NRG,NRG Energy,161.92,-10,13,110,95,208,-2,12,120,22,152,360
EVRG,Evergy,76.01,46,79,65,15,205,52,7,84,11,154,359
GOOGL,Alphabet (Class A),243.09,-11,87,15,177,268,-5,61,12,22,90,358
APH,Amphenol,123.75,2,111,26,66,205,-5,113,17,28,153,358
GOOG,Alphabet (Class C),243.55,-11,87,14,177,267,-5,61,11,22,89,356
AJG,Arthur J. Gallagher & Co.,309.82,56,3,0,187,246,7,2,-9,108,108,354
NI,NiSource,43.28,49,5,81,46,181,54,5,96,15,170,351
COR,Cencora,312.46,25,21,51,76,173,16,30,62,69,177,350
DUK,Duke Energy,123.74,45,6,83,184,318,4,-18,29,17,32,350
SRE,Sempra,89.96,42,53,7,182,284,44,8,15,-2,65,349
RBC,RBC Bearings,390.37,8,0,100,165,273,16,-21,21,58,74,347
MCD,McDonald's,303.84,3,0,59,243,305,-12,-9,5,58,42,347
PWR,Quanta Services,414.57,60,5,24,100,189,56,9,17,73,155,344
TRV,Travelers Companies (The),279.26,7,34,98,59,198,13,45,31,57,146,344
MPWR,Monolithic Power Systems,919.26,2,98,10,158,268,13,42,17,1,73,341
MNST,Monster Beverage,67.32,16,37,33,181,267,32,11,26,5,74,341
BSX,Boston Scientific,97.62,0,-13,151,145,283,-12,-7,17,58,56,339
SCCO,Southern Copper,121.36,146,20,5,63,234,54,33,17,1,105,339
WMB,Williams Companies,63.35,70,9,119,53,251,-2,14,17,58,87,338
DDS,Dillard's,614.1,42,80,21,55,198,35,34,14,56,139,337
DGX,Quest Diagnostics,190.6,63,37,75,19,194,17,35,75,15,142,336
BWXT,BWX Technologies,184.35,105,96,20,36,257,19,8,17,32,76,333
IBKR,Interactive Brokers,68.81,63,9,101,58,231,19,8,17,58,102,333
ACM,AECOM,130.48,2,104,23,66,195,13,33,17,73,136,331
EHC,Encompass Health,127.02,7,32,150,30,219,16,35,31,30,112,331
RL,Ralph Lauren Corporation,313.56,7,100,101,35,243,14,29,17,27,87,330
DRS,Leonardo DRS,45.41,48,1,146,59,254,19,8,17,30,74,328
RJF,Raymond James Financial,172.59,0,97,99,59,255,19,20,14,20,73,328
SSNC,SS&C Technologies,88.76,0,74,97,15,186,13,99,14,16,142,328
HEI,HEICO (Common),322.77,1,4,32,190,227,19,-2,23,58,98,325
STE,Steris,247.41,2,37,21,196,256,16,-4,29,26,67,323
WEC,WEC Energy Group,114.59,42,54,62,14,172,52,11,75,12,150,322
ULTA,Ulta Beauty,546.83,35,108,19,5,167,34,111,19,-10,154,321
V,Visa Inc.,341.31,3,-6,144,134,275,12,-11,17,27,45,320
CDNS,Cadence Design Systems,351.23,-24,9,24,142,151,-35,6,17,181,169,320
WMT,Walmart,103.05,0,22,134,102,258,1,13,17,30,61,319
AMAT,Applied Materials,204.73,121,9,2,150,282,18,9,15,-6,36,318
CME,CME Group,270.32,38,-32,61,137,204,33,2,57,20,112,316
TIGO,Millicom,48.54,-14,178,84,3,251,8,8,31,17,64,315
XEL,Xcel Energy,80.66,39,54,58,13,164,52,23,66,10,151,315
WM,"Waste Management, Inc.",220.85,21,-27,0,188,182,5,-33,-1,160,131,313
GRMN,Garmin,246.26,21,71,119,20,231,15,32,13,22,82,313
OGE,OGE Energy,46.27,46,3,75,46,170,47,4,75,15,141,311
CW,Curtiss-Wright,542.93,24,106,26,55,211,19,14,17,50,100,311
LIN,Linde plc,474.96,-2,41,20,111,170,7,8,17,107,139,309
AFG,American Financial Group,145.72,74,39,8,57,178,66,39,11,15,131,309
HCA,HCA Healthcare,426.31,49,37,10,98,194,54,5,23,30,112,306
CINF,Cincinnati Financial,158.06,21,41,92,63,217,24,32,17,16,89,306
ANET,Arista Networks,145.71,2,83,14,59,158,-2,79,13,57,147,305
SCI,Service Corporation International,83.23,51,14,4,176,245,17,8,15,14,54,299
KMI,Kinder Morgan,28.32,35,5,99,45,184,33,14,15,53,115,299
DTM,DT Midstream,113.0,52,16,110,0,178,63,15,17,26,121,299
AME,Ametek,187.89,7,43,11,107,168,14,-2,17,102,131,299
ICE,Intercontinental Exchange,168.46,0,-22,119,162,259,16,-28,29,22,39,298
IDA,Idacorp,131.81,46,67,63,19,195,53,6,33,11,103,298
HIG,Hartford (The),133.34,22,40,101,58,221,1,-9,28,57,77,298
PGR,Progressive Corporation,246.94,9,-78,0,178,109,26,-18,-10,190,188,297
SPG,Simon Property Group,187.67,42,67,8,36,153,40,66,15,22,143,296
TDY,Teledyne Technologies,585.78,60,97,59,15,231,19,12,17,16,64,295
EME,Emcor,649.83,7,98,24,59,188,16,17,15,58,106,294
THC,Tenet Healthcare,203.06,49,35,21,58,163,58,32,15,25,130,293
MLI,Mueller Industries,101.2,2,70,14,59,145,-2,63,15,72,148,293
MSI,Motorola Solutions,457.29,-69,53,8,154,146,-44,-4,8,186,146,292
WDC,Western Digital,120.06,14,98,19,19,150,11,109,17,4,141,291
HEI-A,HEICO (Class A),254.07,0,7,33,183,223,1,12,24,31,68,291
CRS,Carpenter Technology Corporation,245.53,7,-27,153,36,169,-2,-6,78,50,120,289
KLAC,KLA Corporation,1078.61,3,17,21,178,219,14,11,17,27,69,288
BR,Broadridge Financial Solutions,237.98,0,-12,121,146,255,9,-20,17,26,32,287
CORT,Corcept Therapeutics,83.11,70,10,71,20,171,67,8,1,39,115,286
BRK-B,Berkshire Hathaway,502.63,44,24,131,63,262,5,2,-12,27,22,284
CAT,Caterpillar Inc.,477.04,2,97,15,65,179,9,22,15,58,104,283
THG,Hanover Insurance,181.63,21,37,68,25,151,28,29,60,15,132,283
GM,General Motors,60.96,35,80,14,12,141,42,72,14,14,142,283
ABBV,AbbVie,231.49,9,50,23,59,141,10,57,9,65,141,282
MA,Mastercard,568.66,-42,0,133,156,247,2,-11,17,27,35,282
HUBB,Hubbell Incorporated,430.79,0,0,8,183,191,9,-4,13,72,90,281
BPOP,"Popular, Inc.",126.87,0,105,24,60,189,19,33,17,20,89,278
DASH,DoorDash,271.97,14,97,104,0,215,14,12,17,19,62,277
LLY,Lilly (Eli),762.86,3,3,-10,173,169,5,20,-14,97,108,277
TKO,TKO Group Holdings,201.96,11,36,78,41,166,14,29,17,51,111,277
AWI,Armstrong World Industries,195.97,2,105,101,22,230,14,-4,17,20,47,277
CHD,Church & Dwight,87.62,0,-46,-23,345,276,4,-9,-21,26,0,276
AU,AngloGold Ashanti,70.37,21,42,83,19,165,14,51,31,15,111,276
MSFT,Microsoft,517.95,12,0,23,174,209,18,6,17,26,67,276
J,Jacobs Solutions,149.9,3,96,13,107,219,15,7,14,20,56,275
AAON,AAON,93.43,3,9,-20,246,238,9,27,-32,32,36,274
MRVL,Marvell Technology,84.05,77,5,-28,107,161,79,7,7,19,112,273
UI,Ubiquiti,660.58,66,27,59,11,163,19,62,17,11,109,272
LITE,Lumentum,162.64,2,96,21,4,123,19,104,15,11,149,272
NEM,Newmont,84.29,2,122,26,6,156,-5,84,26,11,116,272
C,Citigroup,101.5,-7,98,26,19,136,-5,108,17,15,135,271
UNM,Unum,77.77,142,9,5,41,197,1,18,-1,55,73,270
CAH,Cardinal Health,156.96,21,3,62,39,125,14,17,55,58,144,269
BYD,Boyd Gaming,86.49,42,8,55,60,165,57,2,17,28,104,269
ALLE,Allegion,177.4,2,110,16,22,150,13,66,17,23,119,269
LDOS,Leidos,188.96,5,110,9,24,148,14,67,20,20,121,269
AYI,Acuity Brands,344.52,7,74,11,28,120,12,103,13,21,149,269
NFG,National Fuel Gas,92.41,43,15,67,53,178,-7,8,78,11,90,268
PNR,Pentair,110.79,2,98,16,63,179,14,35,15,25,89,268
VMC,Vulcan Materials,307.7,21,50,13,61,145,19,58,17,28,122,267
AIZ,Assurant,216.74,46,39,8,153,246,-10,1,9,20,20,266
HOOD,Robinhood Markets,143.17,14,100,88,0,202,10,17,17,19,63,265
MCK,McKesson Corporation,772.76,42,9,49,59,159,16,26,-4,68,106,265
URI,United Rentals,956.0,2,98,14,65,179,14,-1,15,58,86,265
TPR,"Tapestry, Inc.",113.22,1,98,87,22,208,7,15,15,20,57,265
PFGC,Performance Food Group,104.04,-46,101,60,44,159,4,27,17,58,106,265
CMI,Cummins,422.37,2,70,12,66,150,9,61,13,31,114,264
INSM,Insmed,144.1,4,78,71,17,170,7,48,17,21,93,263
SGI,Somnigroup International,84.35,2,98,48,65,213,8,-4,17,27,48,261
JEF,Jefferies Financial Group,65.42,-32,74,4,59,105,13,74,8,58,153,258
FWONA,Liberty Formula 1 (Series A),95.28,5,11,76,63,155,5,25,16,57,103,258
ADI,Analog Devices,245.7,-6,29,18,180,221,-5,-3,17,27,36,257
AFL,Aflac,111.69,33,34,8,59,134,33,33,1,56,123,257
TER,Teradyne,137.61,63,69,2,3,137,16,99,10,-6,119,256
AVGO,Broadcom,329.74,-49,101,26,117,195,-5,18,17,31,61,256
WPC,W. P. Carey,67.57,0,95,36,3,134,-5,87,33,6,121,255
R,Ryder,188.76,10,83,17,57,167,18,-2,14,57,87,254
CRH,CRH plc,119.9,9,52,14,65,140,14,61,11,28,114,254
ETN,Eaton Corporation,374.28,2,8,15,115,140,11,15,15,73,114,254
SPOT,Spotify,697.78,-7,0,119,13,125,-5,9,102,21,127,252
TT,Trane Technologies,421.97,21,-24,23,165,185,19,1,17,30,67,252
GE,GE Aerospace,300.83,0,109,26,28,163,2,20,37,30,89,252
AXS,AXIS Capital,95.8,0,-2,93,46,137,-19,-11,89,54,113,250
NVT,Nvent Electric,98.65,2,98,15,13,128,1,111,15,-6,121,249
MMC,Marsh McLennan,201.52,10,-79,-10,176,97,7,-17,-18,179,151,248
AXON,Axon Enterprise,717.64,-34,-14,152,95,199,6,-5,17,31,49,248
PH,Parker Hannifin,758.06,2,99,24,66,191,14,-5,17,31,57,248
DCI,Donaldson Company,81.83,3,50,9,66,128,14,57,17,31,119,247
NTRS,Northern Trust,134.56,22,98,23,12,155,21,40,17,14,92,247
NVDA,Nvidia,186.56,15,9,21,135,180,15,7,17,27,66,246
HPE,Hewlett Packard Enterprise,24.55,0,94,8,43,145,1,31,14,55,101,246
NSC,Norfolk Southern,300.44,80,12,18,5,115,93,6,17,15,131,246
COST,Costco,925.52,-61,-9,0,181,111,-21,-20,-9,185,135,246
HLI,Houlihan Lokey,205.37,-10,100,24,45,159,9,33,17,27,86,245
NWS,News Corp (Class B),34.53,11,2,119,59,191,12,3,17,22,54,245
NDAQ,"Nasdaq, Inc.",88.42,0,-6,83,145,222,13,-22,17,15,23,245
VTR,"Ventas, Inc.",69.97,21,54,79,23,177,38,1,11,16,66,243
FWONK,Liberty Formula 1 (Series C),104.43,3,11,77,58,149,-5,25,17,57,94,243
STT,State Street Corporation,115.9,47,100,24,17,188,21,2,16,15,54,242
RBA,RB Global,108.36,-44,-4,111,28,91,-41,58,114,20,151,242
MO,Altria,66.06,21,51,77,46,195,7,-11,33,17,46,241
TLN,Talen Energy,425.42,6,110,46,0,162,12,45,18,3,78,240
LRCX,Lam Research,133.89,14,20,16,153,203,14,12,17,-6,37,240
FYBR,Frontier Communications,37.36,6,36,96,0,138,-12,-3,101,15,101,239
ITW,Illinois Tool Works,260.79,0,0,9,179,188,12,-5,14,30,51,239
NOC,Northrop Grumman,609.53,35,65,17,59,176,42,-17,24,13,62,238
SYY,Sysco,82.37,3,85,14,4,106,5,98,14,15,132,238
BLK,BlackRock,1165.38,26,97,24,23,170,19,8,17,22,66,236
MTZ,MasTec,212.88,105,15,26,19,165,19,20,17,14,70,235
PTC,PTC Inc.,203.04,-1,0,13,183,195,13,-14,14,27,40,235
JHG,Janus Henderson,44.52,0,83,13,20,116,19,67,14,19,119,235
FE,FirstEnergy,45.82,39,51,13,56,159,38,5,17,15,75,234
NFLX,Netflix,1199.03,-7,-5,123,21,132,-4,-9,94,21,102,234
NEU,NewMarket,828.32,7,120,26,30,183,-5,-1,29,28,51,234
AMG,Affiliated Managers Group,238.55,-20,104,18,23,125,-2,75,17,18,108,233
MDU,MDU Resources,17.81,56,6,2,59,123,54,8,17,31,110,233
CG,Carlyle Group (The),62.7,-35,89,15,22,91,9,100,14,19,142,233
WCC,Wesco International,211.44,0,97,14,59,170,-2,-9,15,58,62,232
LH,Labcorp,287.33,21,48,62,16,147,16,35,15,19,85,232
MEDP,Medpace,514.35,8,72,11,33,124,10,82,11,3,106,230
TDG,TransDigm Group,1317.8,7,-34,4,158,135,14,5,17,58,94,229
IVZ,Invesco,22.94,21,74,14,3,112,19,70,14,14,117,229
AEE,Ameren,104.35,39,6,63,14,122,47,-20,68,11,106,228
ORCL,Oracle Corporation,281.15,-28,15,18,199,204,-33,12,17,28,24,228
INTU,Intuit,682.91,0,-29,24,192,187,-4,3,17,21,37,224
HII,Huntington Ingalls Industries,287.68,21,137,15,7,180,13,17,23,-10,43,223
FLEX,Flex Ltd.,57.97,2,27,25,59,113,14,20,17,58,109,222
EXPD,Expeditors International,122.59,0,43,8,132,183,31,-1,13,-4,39,222
TTWO,Take-Two Interactive,258.39,16,21,52,14,103,16,28,52,21,117,220
CNP,Centerpoint Energy,38.78,-6,52,56,46,148,-4,10,50,16,72,220
RGLD,Royal Gold,200.63,28,28,68,19,143,21,36,3,17,77,220
CIEN,Ciena,145.75,22,98,16,13,149,19,20,15,17,71,220
IONS,Ionis Pharmaceuticals,65.38,35,101,8,1,145,42,26,17,-11,74,219
FFIV,"F5, Inc.",323.06,-36,97,101,15,177,-5,11,17,18,41,218
FTI,TechnipFMC,39.45,0,98,24,28,150,-7,20,17,38,68,218
PANW,Palo Alto Networks,203.57,0,18,6,82,106,16,19,17,58,110,216
SHW,Sherwin-Williams,346.07,0,-8,0,191,183,7,-11,17,20,33,216
AON,AON,356.54,0,-11,0,178,167,2,-15,4,57,48,215
KRMN,Karman Holdings,72.2,126,35,0,0,161,19,26,9,0,54,215
XYL,Xylem Inc.,147.49,15,98,15,23,151,15,7,17,23,62,213
AN,AutoNation,218.88,2,35,24,62,123,18,-4,17,58,89,212
SF,Stifel,113.51,0,88,15,60,163,15,-2,14,21,48,211
CACI,CACI,498.33,1,3,9,155,168,14,10,21,-2,43,211
PRI,Primerica,277.56,0,20,1,109,130,8,27,15,31,81,211
ADT,ADT Inc.,8.71,1,118,38,0,157,15,-3,32,9,53,210
FHN,First Horizon Corporation,22.6,0,98,59,5,162,-5,27,15,11,48,210
EVR,Evercore,337.6,-31,97,14,59,139,-4,33,15,27,71,210
PM,Philip Morris International,162.17,-2,-12,77,56,119,-13,-18,92,28,89,208
WTW,Willis Towers Watson,345.55,56,43,15,25,139,15,14,7,30,66,205
F,Ford Motor Company,11.95,21,112,9,0,142,19,32,17,-6,62,204
CXT,Crane NXT,67.1,42,6,2,56,106,39,-11,13,57,98,204
SNA,Snap-on,346.47,23,19,5,60,107,15,13,10,58,96,203
OLLI,Ollie's Bargain Outlet,128.37,-22,0,122,17,117,-18,10,70,24,86,203
AXP,American Express,332.17,-7,27,24,100,144,-5,27,15,22,59,203
BWA,BorgWarner,43.96,1,100,15,3,119,19,64,17,-17,83,202
LNT,Alliant Energy,67.39,40,6,75,15,136,51,-17,17,14,65,201
BX,Blackstone Inc.,170.73,-34,69,11,143,189,-38,16,12,22,12,201
TOL,Toll Brothers,138.13,0,82,7,62,151,14,-2,11,27,50,201
PHM,PulteGroup,132.12,0,71,8,66,145,13,-1,13,30,55,200
VMI,Valmont Industries,387.89,21,3,69,59,152,19,3,14,11,47,199
VICI,Vici Properties,32.6,5,3,65,16,89,31,-9,30,58,110,199
HD,Home Depot (The),405.19,-55,50,8,181,184,-14,-1,9,20,14,198
WFC,Wells Fargo,83.83,0,14,99,30,143,-7,22,17,20,52,195
CMA,Comerica,68.51,-14,72,14,5,77,-12,103,14,13,118,195
BRX,Brixmor Property Group,27.68,0,80,7,56,143,10,-2,17,27,52,195
OZK,Bank OZK,50.97,-14,98,24,57,165,-5,-1,15,20,29,194
MLM,Martin Marietta Materials,630.17,9,53,13,61,136,15,-3,17,28,57,193
MDT,Medtronic,95.23,2,65,18,2,87,3,79,10,14,106,193
MTG,MGIC Investment Corporation,28.38,0,35,26,56,117,-5,35,17,29,76,193
ELAN,Elanco,20.16,21,101,9,0,131,19,33,16,-7,61,192
GGG,Graco Inc.,84.98,0,-8,1,179,172,14,-10,17,-1,20,192
KR,Kroger,67.42,7,-24,86,68,137,9,-27,57,16,55,192
WAB,Wabtec,200.53,47,0,2,50,99,18,1,17,57,93,192
WYNN,Wynn Resorts,128.22,21,100,15,4,140,15,28,17,-9,51,191
PKG,Packaging Corporation of America,217.88,21,28,2,62,113,12,28,10,27,77,190
PEG,Public Service Enterprise Group,83.47,13,-20,1,153,147,12,2,10,18,42,189
CVNA,Carvana,377.45,2,10,99,12,123,14,18,17,17,66,189
O,Realty Income,60.78,21,42,17,8,88,37,32,17,14,100,188
WSO,Watsco,404.56,27,-42,-10,197,172,19,-40,-35,72,16,188
OHI,Omega Healthcare Investors,42.21,7,57,13,41,118,33,-7,12,32,70,188
MET,Metlife,82.38,48,29,2,59,138,15,1,15,19,50,188
FNF,Fidelity National Financial,60.5,21,35,2,59,117,42,3,2,22,69,186
UHS,Universal Health Services,204.44,49,30,2,23,104,49,34,1,-2,82,186
EQT,EQT Corporation,54.41,42,0,48,43,133,42,2,-2,11,53,186
VNT,Vontier,41.98,-34,98,12,0,76,-5,105,15,-6,109,185
PCAR,Paccar,98.34,0,0,-29,160,131,16,-1,4,35,54,185
LNG,Cheniere Energy,235.08,0,6,67,59,132,-12,-10,17,57,52,184
MCO,Moody's Corporation,476.34,0,-9,1,157,149,15,-21,15,26,35,184
LLYVA,Liberty Live (Series A),94.25,0,111,37,0,148,19,-2,17,1,35,183
JCI,Johnson Controls,109.93,7,3,82,20,112,14,20,17,19,70,182
HR,Healthcare Realty Trust,18.05,2,66,9,1,78,13,72,9,10,104,182
EXE,Expand Energy,106.22,75,0,48,0,123,38,16,-6,11,59,182
MPC,Marathon Petroleum,192.73,77,24,6,50,157,-7,24,17,-9,25,182
D,Dominion Energy,61.15,21,96,21,2,140,8,6,17,11,42,182
ADP,Automatic Data Processing,293.7,2,-21,0,181,162,-4,-34,-1,58,19,181
ROST,Ross Stores,152.35,35,41,7,36,119,35,-9,6,30,62,181
SCHW,Charles Schwab Corporation,95.45,28,0,84,12,124,22,1,17,15,55,179
W,Wayfair,89.33,12,98,11,-42,79,19,104,17,-41,99,178
EPR,EPR Properties,57.99,7,4,64,30,105,17,17,17,22,73,178
AEP,American Electric Power,112.52,35,1,80,24,140,12,-19,30,15,38,178
DHI,D. R. Horton,169.48,0,71,8,66,145,28,-4,11,-3,32,177
CBRE,CBRE Group,157.51,-50,82,99,23,154,-2,-5,15,15,23,177
UTHR,United Therapeutics,419.26,-1,34,5,58,96,-19,34,5,60,80,176
LLYVK,Liberty Live (Series C),97.0,0,104,37,0,141,19,-3,17,1,34,175
AMGN,Amgen,282.13,3,-19,-5,166,145,7,-20,5,37,29,174
MSGS,Madison Square Garden Sports,227.25,35,16,4,22,77,35,23,10,28,96,173
PG,Procter & Gamble,153.62,0,-7,-13,180,160,8,-1,-21,27,13,173
ES,Eversource Energy,71.15,56,8,22,1,87,54,12,17,3,86,173
RCL,Royal Caribbean Group,323.4,-17,0,128,29,140,-5,-8,17,28,32,172
FOXA,Fox Corporation (Class A),63.05,12,34,75,2,123,13,6,15,15,49,172
ALNY,Alnylam Pharmaceuticals,455.9,3,97,24,16,140,5,-6,17,16,32,172
DOCS,Doximity,73.14,-7,68,61,0,122,-4,33,7,13,49,171
PLNT,Planet Fitness,103.77,35,-21,70,14,98,54,-13,17,15,73,171
TMUS,T-Mobile US,239.35,7,-4,0,140,143,2,-13,2,36,27,170
FOX,Fox Corporation (Class B),57.25,15,34,74,2,125,14,6,14,10,44,169
REG,Regency Centers,72.9,36,6,1,54,97,42,-9,17,20,70,167
PAG,Penske Automotive Group,174.01,1,-4,22,63,82,19,-9,17,58,85,167
FNB,FNB Corporation,16.11,-14,98,8,56,148,-12,-5,16,20,19,167
GL,Globe Life,142.93,-14,50,52,15,103,-5,49,11,9,64,167
EBAY,eBay,90.94,-2,0,84,15,97,-19,-18,89,17,69,166
NET,Cloudflare,214.5,-30,98,46,0,114,-5,20,17,20,52,166
JNJ,Johnson & Johnson,185.4,26,64,15,8,113,41,-7,12,7,53,166
LPLA,LPL Financial,332.54,0,-23,52,100,129,-6,-34,17,58,35,164
CFG,Citizens Financial Group,53.16,1,86,15,5,107,-5,33,14,15,57,164
MSA,MSA Safety,172.08,5,0,1,165,171,12,-31,17,-6,-8,163
AGO,Assured Guaranty,84.65,61,3,0,57,121,-9,11,17,23,42,163
H,Hyatt Hotels,141.98,14,3,4,56,77,19,-4,13,56,84,161
KRC,Kilroy Realty,42.24,-25,88,13,0,76,-31,91,13,12,85,161
NWSA,News Corp (Class A),30.7,11,12,16,59,98,12,11,17,22,62,160
USFD,US Foods,76.64,-49,-22,150,36,115,3,-3,17,27,44,159
ATI,ATI Inc.,81.34,8,0,23,44,75,-3,17,17,53,84,159
IRM,Iron Mountain,101.96,0,12,3,58,73,1,11,17,57,86,159
DRI,Darden Restaurants,190.35,0,-9,51,62,104,30,-4,-3,31,54,158
JBL,Jabil,217.21,-28,1,26,66,65,8,9,18,58,93,158
FIVE,Five Below,154.65,3,100,7,0,110,15,31,18,-16,48,158
FSLR,First Solar,220.44,2,63,2,63,130,-1,18,17,-7,27,157
SOFI,SoFi,26.42,-17,90,53,0,126,-31,34,15,12,30,156
SNPS,Synopsys,493.66,7,-15,0,181,173,15,-27,-1,-6,-19,154
FICO,Fair Isaac,1498.3,-7,0,-13,167,147,-12,22,-35,32,7,154
SYK,Stryker Corporation,369.59,-43,-13,0,160,104,15,-10,15,30,50,154
DKS,Dick's Sporting Goods,222.34,-14,64,4,64,118,-18,12,7,34,35,153
RRC,Range Resources,37.65,42,0,2,43,87,-3,16,-5,56,64,151
TSLA,"Tesla, Inc.",444.54,19,37,5,11,72,14,43,11,11,79,151
STLD,Steel Dynamics,139.41,17,12,7,56,92,17,26,17,-1,59,151
POST,Post Holdings,107.5,36,-4,-5,88,115,5,-12,-15,58,36,151
ECG,Everus Construction Group,85.79,16,96,0,0,112,16,8,14,0,38,150
BKR,Baker Hughes,48.71,0,52,11,36,99,-8,21,11,27,51,150
RBLX,Roblox Corporation,138.6,6,16,60,0,82,16,17,23,12,68,150
PSTG,Pure Storage,83.77,-27,28,6,43,50,8,20,13,58,99,149
VEEV,Veeva Systems,297.94,26,3,52,9,90,19,3,17,19,58,148
KO,Coca-Cola Company (The),66.32,-2,-27,0,183,154,4,-20,-5,15,-6,148
EXPE,Expedia Group,213.59,-14,71,56,12,125,-5,-1,13,15,22,147
RNR,RenaissanceRe,253.88,46,9,1,36,92,7,4,15,29,55,147
BOKF,BOK Financial Corporation,111.46,0,67,7,23,97,-10,33,11,15,49,146
EA,Electronic Arts,201.79,16,44,11,8,79,16,6,23,22,67,146
EXEL,Exelixis,41.31,10,0,71,15,96,14,12,-1,25,50,146
GLPI,Gaming and Leisure Properties,46.6,0,4,0,66,70,20,-4,1,58,75,145
ROIV,Roivant Sciences,15.12,11,35,8,0,54,21,51,17,1,90,144
AGNC,AGNC Investment,9.8,0,83,18,17,118,-5,-2,15,18,26,144
FRHC,Freedom Holding,172.26,2,0,61,15,78,16,1,17,31,65,143
HON,Honeywell,210.5,1,-33,0,179,147,1,-45,17,23,-4,143
LVS,Las Vegas Sands,53.79,21,98,13,3,135,21,-12,14,-15,8,143
NEE,NextEra Energy,75.49,49,5,2,1,57,53,1,17,14,85,142
CMS,CMS Energy,73.26,22,2,83,24,131,14,-23,5,15,11,142
XOM,ExxonMobil,112.74,-7,17,4,45,59,-10,26,16,51,83,142
ESI,Element Solutions,25.17,-40,70,1,58,89,6,34,14,-2,52,141
AL,Air Lease Corporation,63.67,2,28,24,23,77,-12,31,17,27,63,140
FTAI,FTAI Aviation,166.76,-22,44,10,48,80,-29,44,13,32,60,140
RKT,Rocket Companies,19.39,-7,54,11,0,58,13,51,16,2,82,140
DD,DuPont,77.88,2,69,1,20,92,10,27,14,-4,47,139
PFG,Principal Financial Group,82.87,3,27,4,56,90,-6,22,14,19,49,139
AIG,American International Group,78.54,21,-4,35,54,106,30,-12,-7,22,33,139
FTNT,Fortinet,84.08,1,0,-9,114,106,14,13,-9,14,32,138
LOW,Lowe's,251.25,-56,50,7,167,168,-57,-1,8,20,-30,138
ROKU,"Roku, Inc.",100.12,2,79,17,-20,78,14,27,12,5,58,136
PSX,Phillips 66,136.01,35,27,2,42,106,-9,27,16,-6,28,134
CLF,Cleveland-Cliffs,12.2,35,63,0,-17,81,28,23,10,-9,52,133
VIK,Viking Holdings,62.16,6,98,0,0,104,14,-2,17,0,29,133
KEY,Keycorp,18.69,-7,98,15,5,111,-6,-1,15,14,22,133
ABT,Abbott Laboratories,133.92,-1,27,63,14,103,5,6,3,15,29,132
TRMB,Trimble Inc.,81.65,2,0,86,5,93,15,-4,15,13,39,132
TXT,Textron,84.48,14,14,1,54,83,15,22,17,-6,48,131
CB,Chubb Limited,282.26,35,3,2,59,99,-9,-5,-11,57,32,131
GILD,Gilead Sciences,110.99,-2,-1,58,36,91,5,-20,15,40,40,131
CSCO,Cisco,68.4,7,0,55,15,77,9,1,17,26,53,130
COKE,Coca-Cola Consolidated,117.22,4,1,0,87,92,12,-5,-22,53,38,130
TSCO,Tractor Supply Company,56.87,-49,-4,14,86,47,1,-15,11,86,83,130
ECL,Ecolab,273.88,21,1,23,23,68,40,-15,17,20,62,130
MMM,3M,155.18,0,1,81,15,97,4,-4,17,15,32,129
SPGI,S&P Global,486.69,-63,-9,0,173,101,11,-21,15,22,27,128
DINO,HF Sinclair,52.35,-7,100,7,2,102,-12,30,17,-9,26,128
BAC,Bank of America,51.57,0,31,24,19,74,-6,28,17,15,54,128
ZION,Zions Bancorporation,56.58,-14,80,7,5,78,-7,26,14,16,49,127
MSM,MSC Industrial Direct,92.19,6,27,14,59,106,15,-1,17,-10,21,127
NOW,ServiceNow,920.5,-9,0,1,83,75,-4,17,15,23,51,126
VRSN,Verisign,279.42,-8,0,43,10,45,-5,19,59,8,81,126
ALAB,Astera Labs,196.05,-39,96,4,0,61,-5,58,12,0,65,126
GPC,Genuine Parts Company,138.6,0,51,8,0,59,10,58,17,-18,67,126
CRWD,CrowdStrike,490.15,3,9,52,0,64,14,10,17,21,62,126
INTC,Intel,33.56,84,34,2,-21,99,-2,33,7,-13,25,124
M,"Macy's, Inc.",17.93,21,64,5,-16,74,24,27,6,-7,50,124
KIM,Kimco Realty,21.85,0,35,1,56,92,5,-4,15,15,31,123
RPM,RPM International,117.92,-65,0,-2,181,114,3,-8,14,-1,8,122
INCY,Incyte,84.8,3,84,10,0,97,12,-8,13,8,25,122
COF,Capital One,212.52,-32,0,101,22,91,-5,-1,17,19,30,121
ZS,Zscaler,299.83,21,3,24,6,54,19,11,17,19,66,120
MU,Micron Technology,167.4,7,24,5,23,59,10,33,17,1,61,120
CVX,Chevron Corporation,155.27,-14,60,14,49,109,-12,8,8,7,11,120
CSX,CSX Corporation,35.49,84,2,3,5,94,14,1,17,-7,25,119
WWD,"Woodward, Inc.",252.69,27,1,26,36,90,19,-34,17,27,29,119
RGA,Reinsurance Group of America,192.2,13,16,-10,41,60,13,-10,1,54,58,118
AMD,Advanced Micro Devices,161.78,2,0,5,111,118,14,-24,17,-8,-1,117
NVR,"NVR, Inc.",8042.11,0,3,0,66,69,13,-5,10,30,48,117
HHH,Howard Hughes Holdings,82.16,3,38,5,1,47,12,33,6,15,66,113
ED,Consolidated Edison,100.51,41,-25,0,48,64,42,-28,-11,46,49,113
EXC,Exelon,45.02,46,1,62,15,124,5,-20,-8,11,-12,112
RF,Regions Financial Corporation,26.37,-39,97,14,23,95,-12,-1,15,15,17,112
BRO,Brown & Brown,93.78,24,-107,-6,164,75,40,-13,-17,27,37,112
EQH,Equitable Holdings,50.78,-33,-1,99,12,77,-33,30,17,20,34,111
VRSK,Verisk Analytics,251.44,6,-46,-3,115,72,31,-12,-9,29,39,111
U,Unity Technologies,40.04,-31,87,13,0,69,-37,61,17,1,42,111
EWBC,East West Bancorp,106.43,-14,27,16,23,52,-5,27,16,20,58,110
CELH,Celsius Holdings,57.49,14,3,0,66,83,21,-10,25,-10,26,109
VRTX,Vertex Pharmaceuticals,391.55,14,-40,-9,105,70,22,-9,-13,38,38,108
STAG,STAG Industrial,35.31,0,-5,0,97,92,12,-8,17,-5,16,108
GNTX,Gentex,28.29,-14,63,0,0,49,-5,61,11,-9,58,107
CPNG,Coupang,32.19,0,17,24,0,41,14,17,17,18,66,107
ARES,Ares Management,159.89,-35,-5,1,60,21,-33,-5,17,107,86,107
VLO,Valero Energy,170.21,2,27,7,45,81,-11,26,16,-6,25,106
AMP,Ameriprise Financial,491.34,-1,-22,1,65,43,-6,-18,15,72,63,106
BEPC,Brookfield Renewable Partners,34.41,19,7,17,0,43,19,16,17,11,63,106
FITB,Fifth Third Bancorp,44.53,-16,74,7,23,88,-12,-1,14,17,18,106
HIW,Highwoods Properties,31.82,1,24,7,7,39,9,27,17,14,67,106
ELF,e.l.f. Beauty,132.53,0,24,0,32,56,11,29,15,-6,49,105
AMKR,Amkor Technology,28.39,0,83,0,3,86,-5,19,11,-6,19,105
EXLS,EXL Service,44.04,22,0,0,66,88,12,-8,-1,14,17,105
VRT,Vertiv,150.86,7,9,16,9,41,14,8,14,27,63,104
MAR,Marriott International,260.5,-7,-1,1,59,52,19,-10,14,28,51,103
ARMK,Aramark,38.41,13,-24,22,41,52,17,-40,17,57,51,103
ETSY,Etsy,66.39,105,5,4,-31,83,32,7,17,-38,18,101
SYF,Synchrony Financial,71.04,-38,98,24,22,106,-38,-1,15,19,-5,101
WDAY,"Workday, Inc.",240.72,70,10,-17,15,78,19,18,-11,-3,23,101
AIT,Applied Industrial Technologies,261.11,-18,0,14,59,55,-32,7,13,58,46,101
DE,Deere & Company,457.06,-33,-28,56,110,105,-26,-41,52,11,-4,101
SEIC,SEI Investments Company,84.86,-41,-18,99,36,76,-5,-15,17,27,24,100
WSM,"Williams-Sonoma, Inc.",195.6,-13,0,15,66,68,-11,12,9,22,32,100
SNDK,SanDisk,112.13,14,31,0,0,45,13,33,9,0,55,100
APPF,AppFolio,275.75,-4,0,12,29,37,11,11,12,29,63,100
CRUS,Cirrus Logic,125.37,1,35,5,20,61,-5,30,17,-4,38,99
UBER,Uber,97.94,0,17,25,0,42,-2,9,23,27,57,99
TFC,Truist Financial,45.71,0,72,8,5,85,-20,5,14,15,14,99
TRGP,Targa Resources,167.52,-7,0,0,52,45,-12,9,1,55,53,98
CNA,CNA Financial,46.45,3,0,0,58,61,28,-13,1,21,37,98
HAS,Hasbro,75.85,13,0,21,4,38,43,-12,17,12,60,98
CHRW,C.H. Robinson,132.4,-20,66,10,5,61,-45,59,13,9,36,97
LCID,Lucid Motors,23.78,108,-30,-11,0,67,79,9,-24,-36,28,95
WFRD,Weatherford International,68.48,3,69,0,0,72,-6,27,7,-6,22,94
EMR,Emerson Electric,131.2,-28,-11,23,65,49,6,-5,17,27,45,94
FERG,Ferguson Enterprises,224.5,-6,0,18,66,78,-30,3,17,26,16,94
PNC,PNC Financial Services,200.93,-14,88,9,15,98,-32,-1,14,15,-4,94
HALO,Halozyme,73.32,-31,45,14,20,48,-33,56,8,15,46,94
RKLB,Rocket Lab,47.93,-30,18,56,0,44,3,20,17,9,49,93
LYFT,Lyft,22.0,0,32,8,-2,38,10,27,17,1,55,93
INFA,Informatica,24.85,5,89,0,0,94,2,-11,15,-8,-2,92
NNN,NNN Reit,42.58,1,3,7,23,34,30,-4,17,15,58,92
MUSA,Murphy USA,388.02,-6,-1,-20,69,42,5,-1,-36,80,48,90
ADSK,Autodesk,317.62,-7,22,6,15,36,-5,22,17,20,54,90
GTES,Gates Corporation,24.81,0,3,24,16,43,14,-4,17,19,46,89
BC,Brunswick Corporation,63.18,0,82,0,-8,74,15,-1,11,-10,15,89
NTNX,Nutanix,74.39,-7,15,5,23,36,-4,14,17,25,52,88
LPX,Louisiana-Pacific,88.91,0,-10,-4,64,50,14,-10,7,27,38,88
SMCI,Supermicro,47.94,7,0,0,59,66,9,11,12,-10,22,88
SNOW,Snowflake Inc.,225.55,2,23,22,0,47,-2,23,17,2,40,87
AOS,A. O. Smith,73.42,1,3,0,59,63,14,-1,17,-6,24,87
MTSI,MACOM Technology Solutions,124.54,-14,-2,6,59,49,-5,-2,15,30,38,87
CSL,Carlisle Companies,328.71,-91,-13,-4,179,71,4,-9,-1,21,15,86
WTFC,Wintrust Financial,132.32,-40,35,16,50,61,-6,-4,15,20,25,86
LEN,Lennar (Class A),126.04,0,3,-4,65,64,26,-8,8,-4,22,86
RVMD,Revolution Medicines,46.69,13,18,1,0,32,14,24,17,-1,54,86
VST,Vistra Corp.,195.92,-35,0,26,31,22,-6,9,15,46,64,86
T,AT&T,28.24,-50,0,77,17,44,-73,-3,101,16,41,85
SSB,SouthState Corporation,98.87,-39,69,7,23,60,-5,-1,11,20,25,85
NU,Nubank,16.0,-22,29,8,0,15,8,24,17,20,69,84
LSCC,Lattice Semiconductor,73.31,1,40,8,1,50,8,33,9,-16,34,84
LEN-B,Lennar (Class B),119.86,0,0,-3,63,60,26,-8,8,-2,24,84
EFX,Equifax,256.56,0,3,0,17,20,14,14,17,19,64,84
SEB,Seaboard Corporation,3654.1,-2,72,12,0,82,-7,-8,15,1,1,83
CGNX,Cognex Corporation,45.32,-7,80,8,-32,49,-5,66,13,-41,33,82
SUI,Sun Communities,128.99,2,22,10,-25,9,9,35,17,12,73,82
MTB,M&T Bank,197.71,-7,27,8,23,51,-26,27,15,15,31,82
RDDT,Reddit,229.96,-42,73,4,0,35,-4,42,9,0,47,82
COHR,Coherent Corp.,107.76,0,9,5,16,30,14,8,14,16,52,82
WBS,Webster Bank,59.44,-32,98,15,15,96,-44,-3,15,18,-14,82
CF,CF Industries,89.66,46,0,4,5,55,-5,5,17,9,26,81
DOC,Healthpeak Properties,19.15,48,19,0,-32,35,13,22,1,10,46,81
CHWY,Chewy,40.43,21,1,48,0,70,19,-8,-8,6,9,79
APO,Apollo Global Management,133.27,-30,-5,-2,98,61,-32,9,13,27,17,78
GWRE,Guidewire Software,229.94,-49,0,117,22,90,-48,-3,17,21,-13,77
KKR,KKR & Co. Inc.,129.92,-35,-4,1,104,66,-33,9,13,22,11,77
BBY,Best Buy,75.62,17,35,0,-7,45,-2,32,5,-3,32,77
HAL,Halliburton,24.6,46,24,0,0,70,-7,22,2,-10,7,77
RYN,Rayonier,26.54,20,40,0,0,60,34,-12,5,-10,17,77
DDOG,Datadog,142.35,21,3,6,0,30,19,15,14,-1,47,77
COIN,Coinbase,337.4,11,-7,16,0,20,12,9,16,19,56,76
DELL,Dell Technologies,141.76,7,2,3,33,45,12,7,17,-5,31,76
MSCI,MSCI,567.28,1,8,1,15,25,21,-5,14,21,51,76
KEYS,Keysight,175.0,0,20,5,1,26,9,20,15,6,50,76
WTRG,Essential Utilities,39.92,33,3,13,0,49,33,-14,1,6,26,75
HBAN,Huntington Bancshares,17.28,-40,27,16,22,25,-12,27,17,17,49,74
PLD,Prologis,114.49,2,27,6,0,35,1,26,17,-6,38,73
LFUS,Littelfuse,259.28,-38,98,10,3,73,-5,-1,15,-9,0,73
CVS,CVS Health,75.4,0,33,17,0,50,-23,37,7,1,22,72
DBX,Dropbox,30.2,-8,24,6,10,32,-5,29,7,9,40,72
APG,APi Group,34.38,0,0,25,0,25,15,-14,17,27,45,70
XPO,"XPO, Inc.",129.35,-34,1,1,62,30,1,-3,14,28,40,70
IR,Ingersoll Rand,82.64,22,3,-28,24,21,19,17,14,-1,49,70
NTAP,Netapp,118.46,-35,41,5,58,69,-44,33,14,-2,1,70
LAMR,Lamar Advertising,122.35,-65,27,8,65,35,1,-3,15,22,35,70
ROK,Rockwell Automation,349.53,7,14,22,16,59,15,-9,17,-12,11,70
ADM,Archer Daniels Midland,59.8,-8,99,9,0,100,-18,-8,17,-21,-30,70
LECO,Lincoln Electric,235.87,0,0,14,66,80,-5,-12,15,-8,-10,70
MP,MP Materials,67.04,-15,0,39,0,24,-18,6,52,5,45,69
A,Agilent Technologies,128.35,3,24,1,0,28,9,30,8,-6,41,69
CEG,Constellation Energy,329.04,-7,3,23,0,19,5,8,17,20,50,69
THO,Thor Industries,103.74,-9,82,8,3,84,-14,-8,13,-7,-16,68
VNOM,Viper Energy,38.22,-4,0,-16,45,25,-9,3,1,48,43,68
INGM,Ingram Micro,21.5,7,15,0,0,22,14,18,14,0,46,68
IPG,Interpublic Group of Companies (The),27.92,21,50,1,0,72,16,-8,5,-18,-5,67
CNM,Core & Main,53.85,28,-16,3,0,15,19,-9,17,25,52,67
SMMT,Summit Therapeutics,20.67,41,-17,2,15,41,40,-31,-4,20,25,66
UGI,UGI Corporation,33.28,0,-25,49,5,29,13,-38,56,6,37,66
FLUT,Flutter Entertainment,254.01,-7,-2,26,22,39,-4,-13,15,28,26,65
VIRT,Virtu Financial,35.5,0,-22,0,15,-7,13,-34,78,15,72,65
EXP,Eagle Materials,233.09,0,4,-22,58,40,19,-1,7,-1,24,64
PCOR,Procore,72.92,-7,12,1,0,6,13,18,7,20,58,64
MHK,Mohawk Industries,128.97,0,60,0,-12,48,13,-4,9,-2,16,64
QSR,Restaurant Brands International,64.14,0,-38,0,41,3,47,4,17,-9,59,62
LNC,Lincoln Financial,40.32,-17,67,25,2,77,-31,-9,15,9,-16,61
RMD,Resmed,273.7,3,0,24,14,41,8,-18,16,14,20,61
SEE,Sealed Air,35.35,21,28,3,-25,27,21,31,15,-33,34,61
VZ,Verizon,43.93,6,1,37,11,55,1,-18,7,15,5,60
SHC,Sotera Health,15.73,0,37,8,0,45,14,-1,9,-7,15,60
CCK,Crown Holdings,96.61,21,-30,24,6,21,30,-21,17,13,39,60
EOG,EOG Resources,111.6,-15,-8,-5,46,18,-9,-11,10,52,42,60
DUOL,Duolingo,321.92,49,-64,0,0,-15,58,1,-8,24,75,60
FDX,FedEx,235.9,48,8,-33,33,56,-9,8,9,-5,3,59
AR,Antero Resources,33.56,42,0,-1,11,52,-14,16,-7,11,6,58
SPR,Spirit AeroSystems,38.66,0,-2,25,0,23,-7,-11,37,15,34,57
NDSN,Nordson,226.88,2,28,1,2,33,15,-1,17,-8,23,56
EGP,EastGroup Properties,169.18,21,3,1,9,34,14,-4,17,-6,21,55
K,Kellanova,82.02,14,2,1,22,39,25,-9,-14,14,16,55
ZM,Zoom Communications,82.48,-8,24,7,-1,22,-5,26,7,5,33,55
CLH,Clean Harbors,232.17,-33,-5,8,59,29,-32,-17,17,58,26,55
PSN,Parsons Corporation,82.92,14,10,0,0,24,15,7,10,-2,30,54
MKL,Markel,1913.45,-30,-12,75,56,89,-43,-34,15,27,-35,54
EG,Everest Group,350.15,35,5,-43,56,53,4,2,1,-6,1,54
QCOM,Qualcomm,166.39,-9,25,0,23,39,-21,27,15,-6,15,54
RBRK,Rubrik,82.22,6,-15,0,0,-9,19,-7,51,0,63,54
FRT,Federal Realty Investment Trust,101.32,5,30,1,2,38,10,-1,8,-2,15,53
BG,Bunge Global,81.25,21,0,0,0,21,36,-15,17,-6,32,53
TNL,Travel + Leisure Co.,59.5,-91,88,16,17,30,-5,-2,14,15,22,52
OXY,Occidental Petroleum,47.26,3,28,0,0,31,-5,30,13,-17,21,52
ROP,Roper Technologies,498.78,-42,-42,-9,183,90,2,-59,-8,27,-38,52
SAIL,SailPoint,22.08,-1,13,0,0,12,13,18,9,0,40,52
DIS,Walt Disney Company (The),114.49,2,-13,22,-1,10,30,-9,17,4,42,52
BAM,Brookfield Asset Management,56.93,-20,-1,72,0,51,-31,6,17,9,1,52
PNW,Pinnacle West Capital,89.66,11,-23,1,19,8,9,-21,29,27,44,52
ZG,Zillow (Class A),74.43,-50,-1,61,0,10,12,-1,10,21,42,52
PRU,Prudential Financial,103.75,2,-1,-20,56,37,-5,-11,11,20,15,52
APTV,Aptiv,86.23,4,35,8,-25,22,19,31,17,-37,30,52
CUZ,Cousins Properties,28.94,1,1,1,12,15,7,-2,17,14,36,51
DNB,Dun & Bradstreet,9.15,29,52,-28,0,53,46,-13,2,-37,-2,51
NBIX,Neurocrine Biosciences,140.27,-28,35,7,26,40,-26,27,14,-5,10,50
USB,U.S. Bancorp,48.31,-14,31,7,5,29,-41,32,14,16,21,50
WBD,Warner Bros. Discovery,19.53,0,14,19,0,33,-14,14,15,1,16,49
PEGA,Pegasystems,57.49,-24,18,26,6,26,-26,17,15,16,22,48
DVN,Devon Energy,35.06,2,35,0,-6,31,-7,31,16,-23,17,48
DLR,Digital Realty,172.84,0,1,4,23,28,-28,11,17,20,20,48
OMF,OneMain Financial,56.47,-40,0,24,61,45,-39,-2,17,27,3,48
ACGL,Arch Capital Group,90.71,8,1,-15,63,57,2,-11,1,-1,-9,48
KNSL,Kinsale Capital Group,425.77,-28,-27,-4,34,-25,2,-15,-2,86,71,46
MRP,Millrose Properties,33.61,-21,87,0,0,66,-28,-2,10,0,-20,46
APA,APA Corporation,24.27,1,38,1,-13,27,-10,36,12,-20,18,45
MKSI,MKS Instruments,123.7,-21,19,4,0,2,5,30,13,-6,42,44
OTIS,Otis Worldwide,91.43,17,0,-11,0,6,21,10,-21,27,37,43
MOH,Molina Healthcare,191.33,26,0,-20,-3,3,40,24,-16,-9,39,42
FR,First Industrial Realty Trust,51.45,-42,30,0,15,3,10,-1,15,15,39,42
NTRA,Natera,160.89,-36,29,8,19,20,-38,33,7,20,22,42
UAL,United Airlines Holdings,96.47,-40,71,8,12,51,-33,-4,11,17,-9,42
VNO,Vornado Realty Trust,40.55,-35,20,5,5,-5,-5,20,15,16,46,41
WST,West Pharmaceutical Services,262.42,21,18,-34,-8,-3,26,19,8,-9,44,41
RPRX,Royalty Pharma,35.26,-28,-4,39,0,7,2,-3,33,1,33,40
TEM,Tempus AI,80.68,-36,35,0,0,-1,-2,33,10,0,41,40
LOAR,Loar Holdings,79.99,3,3,0,0,6,19,25,-10,0,34,40
STWD,Starwood Property Trust,19.37,-65,-1,25,59,18,-12,-5,17,22,22,40
PVH,PVH Corp.,83.78,-8,34,0,2,28,-20,33,6,-8,11,39
FCNCA,First Citizens BancShares,1791.93,-14,-18,-3,60,25,-12,-11,14,22,13,38
JLL,Jones Lang LaSalle,298.2,-38,72,11,15,60,-47,-1,11,15,-22,38
AVT,Avnet,52.29,-34,15,8,46,35,1,-12,17,-3,3,38
WING,Wingstop,251.62,-1,-19,-4,39,15,8,-32,15,32,23,38
PSA,Public Storage,288.87,13,3,-18,2,0,30,-8,17,-1,38,38
RLI,RLI Corp.,65.2,0,-82,-17,177,78,13,-16,-36,-1,-40,38
HAYW,Hayward Holdings,15.12,0,0,1,0,1,14,-10,15,17,36,37
GXO,GXO Logistics,52.87,30,7,8,0,45,-2,-13,16,-9,-8,37
NCLH,Norwegian Cruise Line Holdings,24.62,-39,69,7,0,37,-30,-2,10,21,-1,36
EXR,Extra Space Storage,140.9,0,0,-10,0,-10,18,-3,17,14,46,36
ESS,Essex Property Trust,267.83,2,0,0,15,17,-5,18,-10,15,18,35
AMZN,Amazon,219.56,-50,-1,24,22,-5,11,-6,14,21,40,35
WMS,Advanced Drainage Systems,138.65,-33,40,0,4,11,3,7,17,-4,23,34
REYN,Reynolds Consumer Products,24.48,14,39,-35,0,18,14,2,4,-4,16,34
JAZZ,Jazz Pharmaceuticals,131.74,5,38,1,-7,37,5,30,2,-40,-3,34
EW,Edwards Lifesciences,77.77,21,0,1,-15,7,37,-11,37,-36,27,34
VLTO,Veralto,106.58,1,0,9,0,10,12,-4,16,0,24,34
PATH,UiPath,13.39,7,7,0,0,14,12,17,1,-11,19,33
IT,Gartner,262.95,90,-75,-28,0,-13,-1,15,-26,58,46,33
TPL,Texas Pacific Land Corporation,933.22,4,0,-16,59,47,-8,-8,-12,14,-14,33
OMC,Omnicom Group,81.54,21,35,-34,2,24,15,-8,4,-2,9,33
PEN,"Penumbra, Inc.",253.39,0,23,0,12,35,13,-7,-13,4,-3,32
VOYA,Voya Financial,74.78,-34,39,8,5,18,-32,33,15,-2,14,32
GEN,Gen Digital,28.38,-8,-12,22,17,19,-7,-14,17,17,13,32
MANH,Manhattan Associates,204.88,-40,-6,0,66,20,-7,10,10,-1,12,32
IDXX,Idexx Laboratories,639.01,1,3,21,5,30,9,-16,17,-9,1,31
HST,Host Hotels & Resorts,17.03,-7,30,5,3,31,-7,-1,15,-7,0,31
CWEN-A,Clearway Energy (Class A),26.92,0,-28,65,7,44,-12,-42,29,11,-14,30
FCX,Freeport-McMoRan,39.23,-35,-5,0,59,19,6,-5,17,-7,11,30
HLT,Hilton Worldwide,259.37,-85,-1,23,65,2,-7,-9,15,27,26,28
HSY,Hershey Company (The),187.05,-28,64,11,0,47,-28,18,11,-20,-19,28
CWEN,Clearway Energy (Class C),28.24,0,-28,65,5,42,-12,-42,29,11,-14,28
TXRH,Texas Roadhouse,166.2,14,-37,-6,65,36,35,-73,-3,32,-9,27
ASTS,AST SpaceMobile,49.08,0,0,18,0,18,-23,6,17,9,9,27
CR,Crane Co.,184.24,2,-13,23,0,12,17,-25,17,6,15,27
OSK,Oshkosh Corporation,129.73,0,0,18,5,23,-2,-13,15,3,3,26
AWK,American Water Works,139.15,10,-17,33,0,26,7,-17,1,9,0,26
DAY,Dayforce,68.89,0,31,7,-13,25,-2,-3,7,-1,1,26
RS,"Reliance, Inc.",280.58,-91,-42,-3,116,-20,-24,-7,-2,78,45,25
FHB,"First Hawaiian, Inc.",24.84,-39,27,7,15,10,-14,-2,14,15,13,23
TFSL,Third Federal S&L,13.18,-28,31,10,6,19,-24,-9,17,20,4,23
ENTG,Entegris,92.44,-6,14,0,-7,1,-4,26,6,-6,22,23
BLDR,Builders FirstSource,121.27,0,-7,-35,66,24,5,-9,7,-4,-1,23
SOLV,Solventum,73.0,2,0,0,0,2,11,-4,13,0,20,22
UWMC,United Wholesale Mortgage,6.08,-52,38,0,0,-14,-2,38,5,-5,36,22
QS,QuantumScape,12.31,0,10,13,0,23,11,10,15,-37,-1,22
TXN,Texas Instruments,183.75,2,-20,1,23,6,-5,-16,17,17,13,19
GWW,W. W. Grainger,952.87,-56,-5,-10,95,24,-48,-8,-8,58,-6,18
ONTO,Onto Innovation,129.18,0,27,-33,0,-6,-4,30,2,-5,23,17
HRB,H&R Block,50.55,0,-79,-8,53,-34,15,-4,-13,53,51,17
META,Meta Platforms,734.62,-39,-1,24,30,14,-47,11,15,24,3,17
CFR,Frost Bank,126.7,0,-1,5,5,9,-12,-7,15,11,7,16
ALLY,Ally Financial,39.2,-38,27,9,5,3,-47,28,15,17,13,16
FLS,Flowserve,53.15,-34,0,1,28,-5,-33,18,10,26,21,16
XP,XP Inc.,18.8,-35,15,6,0,-14,-6,21,23,-9,29,15
ESTC,Elastic NV,84.45,-8,17,-20,-7,-18,12,23,2,-5,32,14
DAL,Delta Air Lines,56.75,-36,0,8,20,-8,-5,-9,9,27,22,14
OVV,Ovintiv,40.37,-14,11,0,0,-3,-10,20,14,-7,17,14
DT,Dynatrace,48.46,1,-2,-9,0,-10,-4,-8,14,21,23,13
AMH,American Homes 4 Rent,33.26,2,-44,-15,69,12,1,-13,-3,16,1,13
PR,Permian Resources,12.81,-14,-2,-1,27,10,-10,-1,17,-3,3,13
PK,Park Hotels & Resorts,11.08,-46,35,0,0,-11,-7,27,10,-6,24,13
WAL,Western Alliance Bancorporation,86.74,-28,35,7,5,19,-39,-1,14,19,-7,12
TOST,"Toast, Inc.",36.51,-48,-21,84,0,15,-7,-31,17,18,-3,12
GLIBA,GCI Liberty (Series A),37.54,10,0,0,0,10,11,-9,0,0,2,12
ARW,Arrow Electronics,121.02,0,-10,8,5,3,11,-10,17,-9,9,12
COLB,Columbia Banking System,25.74,-14,47,1,0,34,-37,-9,12,11,-23,11
TTEK,Tetra Tech,33.37,-48,-8,-36,120,28,5,-34,13,-2,-18,10
FANG,Diamondback Energy,143.13,0,0,-36,48,12,-10,3,11,-6,-2,10
LAD,Lithia Motors,316.21,-29,0,-2,15,-16,-2,-2,8,22,26,10
PODD,Insulet,308.72,-34,0,52,5,23,-34,-7,21,7,-13,10
Z,Zillow (Class C),77.02,-50,-1,18,0,-33,12,-1,11,21,43,10
ESAB,ESAB,111.82,7,-39,-4,0,-36,19,-9,17,18,45,9
BHF,Brighthouse Financial,53.07,0,8,0,1,9,-7,8,-10,9,0,9
CTRA,Coterra,23.65,-1,0,-12,45,32,-12,-7,-19,14,-24,8
AA,Alcoa,32.91,2,27,-28,-21,-20,19,32,9,-33,27,7
MGM,MGM Resorts International,34.66,-4,-1,0,0,-5,21,-13,14,-10,12,7
BXP,"BXP, Inc.",74.34,-28,24,5,0,1,-50,25,17,14,6,7
GLIBK,GCI Liberty (Series C),37.24,14,0,0,0,14,5,-13,0,0,-8,6
VTRS,Viatris,9.9,3,0,0,0,3,7,-11,9,-2,3,6
SARO,StandardAero,27.29,2,-34,0,0,-32,13,8,17,0,38,6
EXAS,Exact Sciences,54.71,9,18,0,-26,1,3,26,-9,-17,3,4
LII,Lennox International,530.05,0,-26,-4,39,9,8,-39,-2,28,-5,4
RAL,Ralliant,43.7,1,0,0,0,1,1,2,0,0,3,4
IP,International Paper,46.38,0,-21,0,17,-4,5,-13,-1,17,8,4
NXST,Nexstar Media Group,197.7,-36,0,16,5,-15,5,-11,14,11,19,4
GME,GameStop,27.27,14,3,0,-31,-14,13,21,-10,-8,16,2
RIVN,Rivian,14.67,-1,11,3,0,13,-12,21,2,-22,-11,2
EQIX,Equinix,783.07,-13,0,-15,35,7,-28,11,-15,27,-5,2
BA,Boeing,215.75,1,-2,15,0,14,-6,-12,17,-12,-13,1
MOS,Mosaic Company (The),34.67,-3,6,23,-17,9,-17,17,22,-31,-9,0
CUBE,CubeSmart,40.65,0,0,-30,2,-28,18,-4,17,-3,28,0
GEHC,GE HealthCare,75.07,2,1,-27,0,-24,13,-4,6,9,24,0
AVB,AvalonBay Communities,193.18,1,0,-10,17,8,-7,-3,-14,16,-8,0
WTM,White Mountains Insurance Group,1673.6,-27,-15,-6,60,12,-25,-18,-27,57,-13,-1
NYT,New York Times Company,57.4,-47,0,9,17,-21,-5,-14,17,22,20,-1
COP,ConocoPhillips,94.57,0,6,-1,0,5,-9,3,9,-9,-6,-1
CNC,Centene,35.68,42,0,-51,-12,-21,40,28,-20,-29,19,-2
HUBS,HubSpot,468.15,-7,-1,-17,-1,-26,12,17,-25,20,24,-2
CBSH,Commerce Bancshares,59.74,11,-40,0,12,-17,-2,-15,17,14,14,-3
AMTM,Amentum,23.94,7,-10,0,0,-3,7,-24,17,0,0,-3
DOV,Dover Corporation,166.82,-91,-23,-10,107,-17,-5,-14,13,20,14,-3
DLB,Dolby Laboratories,72.38,2,-6,-10,0,-14,16,-16,1,9,10,-4
NLY,Annaly Capital Management,20.22,-60,0,25,11,-24,-7,-5,15,17,20,-4
BAH,Booz Allen Hamilton,99.9,0,-21,-37,102,44,13,-20,-39,-2,-48,-4
HXL,Hexcel,62.71,2,3,1,0,6,-5,-8,11,-10,-12,-6
LBTYK,Liberty Global (Series C),11.77,0,42,0,-31,11,15,-2,6,-37,-18,-7
KMB,Kimberly-Clark,124.33,1,-13,-6,19,1,3,-20,-18,27,-8,-7
PNFP,Pinnacle Financial Partners,93.75,-16,-7,-11,16,-18,-5,-1,-2,19,11,-7
BLD,TopBuild,390.93,-56,0,9,47,0,-5,-12,13,-4,-8,-8
MSTR,MicroStrategy,322.18,0,-33,0,20,-13,10,-43,17,21,5,-8
DPZ,Domino's,431.54,0,-40,-3,11,-32,15,-10,-2,19,22,-10
NUE,Nucor,135.44,0,0,0,0,0,-5,-10,14,-9,-10,-10
CFLT,"Confluent, Inc.",19.82,-7,0,-10,0,-17,12,18,-25,1,6,-11
LNW,Light & Wonder,83.94,-56,-2,-10,58,-10,5,-10,-22,26,-1,-11
SIRI,Sirius XM,23.27,2,25,0,-32,-5,9,-6,7,-18,-8,-13
SWKS,Skyworks Solutions,76.98,-14,20,0,-31,-25,-26,30,14,-6,12,-13
SNV,Synovus,49.08,-49,-7,6,22,-28,-13,-2,15,15,15,-13
CZR,Caesars Entertainment,27.03,41,0,-33,-26,-18,38,5,-1,-38,4,-14
EQR,Equity Residential,64.71,-28,0,-3,14,-17,2,-3,-10,14,3,-14
TPG,TPG Inc.,57.5,-30,0,9,0,-21,-33,9,11,20,7,-14
IPGP,IPG Photonics,79.21,-34,97,8,-45,26,-5,-3,13,-45,-40,-14
UNH,UnitedHealth Group,345.22,0,20,-25,-5,-10,3,32,-38,-2,-5,-15
BURL,Burlington Stores,254.56,-14,0,0,4,-10,-20,-13,10,18,-5,-15
RRX,Regal Rexnord,143.5,1,-17,1,4,-11,-3,-13,14,-2,-4,-15
FAF,First American Financial Corporation,64.26,-56,47,9,15,15,-49,-4,4,19,-30,-15
BFAM,Bright Horizons,108.57,0,-16,-6,0,-22,15,-22,-3,16,6,-16
LAZ,Lazard,52.76,-34,0,9,21,-4,-38,-2,14,14,-12,-16
CERT,"Certara, Inc.",12.23,16,14,-22,0,8,15,8,-14,-33,-24,-16
MDLZ,Mondelez International,62.45,-12,-4,0,0,-16,1,11,-2,-10,0,-16
HOLX,Hologic,67.47,11,1,-42,0,-30,12,-1,10,-8,13,-17
CCL,Carnival Corporation & plc,28.91,-40,0,24,0,-16,-33,-3,15,20,-1,-17
EIX,Edison International,55.28,3,3,-39,0,-33,13,-3,7,-2,15,-18
WAT,Waters Corporation,299.67,1,0,-12,0,-11,6,-1,-27,15,-7,-18
GTM,ZoomInfo,10.9,-28,15,0,0,-13,-5,25,13,-38,-5,-18
BILL,Bill.com,52.96,1,23,-31,0,-7,-2,23,5,-38,-12,-19
SSD,Simpson Manufacturing Company,167.69,-91,-4,1,157,63,-85,-9,13,-2,-83,-20
CTVA,Corteva,67.64,-84,-12,60,0,-36,-9,-4,17,12,16,-20
MDB,MongoDB Inc.,310.07,-65,32,5,-10,-38,-5,24,9,-10,18,-20
APD,Air Products,272.82,-43,-6,-2,17,-34,5,-11,9,11,14,-20
LBTYA,Liberty Global (Series A),11.47,-41,42,0,-32,-31,15,-2,8,-11,10,-21
LUV,Southwest Airlines,31.91,-7,-1,7,-40,-41,-6,6,14,5,19,-22
ADC,Agree Realty,71.04,0,-11,0,17,6,-5,-25,-12,14,-28,-22
DVA,DaVita,132.88,7,-26,-10,21,-8,4,-12,-27,20,-15,-23
GAP,Gap Inc.,21.4,-34,8,0,19,-7,-24,-2,-10,20,-16,-23
GEV,GE Vernova,614.9,-25,0,3,0,-22,-28,9,18,0,-1,-23
CAR,Avis Budget Group,160.57,0,-3,16,-21,-8,-15,17,20,-38,-16,-24
CRM,Salesforce,236.96,-7,-1,-20,23,-5,-7,-7,-28,22,-20,-25
HPQ,HP Inc.,27.21,-33,35,-32,0,-30,3,-3,6,-2,4,-26
VFC,VF Corporation,14.43,-14,27,-27,-44,-58,-6,25,4,8,31,-27
AES,AES Corporation,13.15,0,0,0,-12,-12,-5,1,13,-25,-16,-28
AS,Amer Sports,34.75,-49,-8,11,0,-46,14,-14,17,0,17,-29
CSGP,CoStar Group,84.35,-53,-5,13,15,-30,9,-28,30,-10,1,-29
TTC,Toro Company (The),76.2,-56,54,0,-1,-3,-5,-8,8,-21,-26,-29
DKNG,DraftKings,37.4,-18,-1,-1,0,-20,-30,-9,9,21,-9,-29
CPRT,Copart,44.94,-83,-11,-20,177,63,-82,-10,-30,29,-93,-30
SBUX,Starbucks,84.59,2,-20,-8,0,-26,10,-28,5,8,-5,-31
FTV,Fortive,48.98,2,0,-28,0,-26,14,14,-24,-9,-5,-31
RITM,Rithm Capital,11.39,-64,-4,24,33,-11,-55,-9,17,27,-20,-31
MPW,Medical Properties Trust,5.07,5,18,4,-37,-10,5,24,-14,-36,-21,-31
AFRM,Affirm Holdings,73.05,-38,0,19,0,-19,-41,-4,15,18,-12,-31
ACHC,Acadia Healthcare,24.77,35,13,-55,-12,-19,48,5,-49,-17,-13,-32
ST,Sensata Technologies,30.56,0,0,1,-16,-15,13,-9,15,-36,-17,-32
KEX,Kirby Corporation,83.38,-16,-43,-10,36,-33,-5,-36,-1,43,1,-32
ALB,Albemarle Corporation,81.06,-7,14,0,-24,-17,-5,5,11,-26,-15,-32
TMO,Thermo Fisher Scientific,485.13,3,1,-29,0,-25,3,-9,2,-4,-8,-33
ATR,AptarGroup,133.67,0,-42,-10,21,-31,13,-39,-2,26,-2,-33
SLM,Sallie Mae,27.67,-28,-32,1,23,-36,-38,-32,51,22,3,-33
OKTA,"Okta, Inc.",91.68,2,-1,-5,-25,-29,13,-15,-10,7,-5,-34
OLED,Universal Display Corporation,143.6,0,0,-44,0,-44,-5,3,17,-6,9,-35
CCI,Crown Castle,96.48,21,-25,0,-29,-33,28,-36,-2,6,-4,-37
BSY,Bentley Systems,51.51,-40,-6,16,0,-30,-5,-12,17,-7,-7,-37
TKR,Timken Company,75.15,-40,-2,1,5,-36,-5,-4,14,-6,-1,-37
BMY,Bristol Myers Squibb,45.08,1,-8,-7,-6,-20,9,-12,-21,6,-18,-38
CI,Cigna,288.12,-84,0,-4,59,-29,7,-4,-10,-2,-9,-38
IQV,IQVIA,189.96,4,1,-47,0,-42,6,-5,9,-7,3,-39
PFE,Pfizer,25.48,7,1,0,-24,-16,7,-16,14,-29,-24,-40
SAIC,SAIC,99.36,0,-19,-5,0,-24,7,-19,-2,-2,-16,-40
HUM,Humana,260.27,0,0,-3,-13,-16,2,-9,3,-21,-25,-41
OKE,Oneok,72.95,0,-42,-20,55,-7,-12,-42,-32,52,-34,-41
G,Genpact,41.89,1,-15,-4,4,-14,-6,-11,-22,11,-28,-42
GMED,Globus Medical,57.28,2,-9,-22,-1,-30,13,-11,-27,13,-12,-42
OGN,Organon & Co.,10.68,3,18,-36,0,-15,7,20,-49,-5,-27,-42
SJM,J.M. Smucker Company (The),108.61,0,0,-1,-5,-6,-19,1,5,-24,-37,-43
MASI,Masimo,147.62,7,-39,-6,-7,-45,15,-3,-22,11,1,-44
OLN,Olin Corporation,25.0,2,27,-67,-10,-48,23,-1,5,-24,3,-45
QGEN,Qiagen,44.68,-37,-15,19,0,-33,3,-38,17,6,-12,-45
RYAN,Ryan Specialty,56.36,54,-68,-10,0,-24,42,-74,-16,26,-22,-46
EL,Estée Lauder Companies (The),88.12,2,0,0,-27,-25,14,-14,15,-36,-21,-46
REXR,Rexford Industrial,41.11,-56,83,0,-19,8,-33,-1,13,-33,-54,-46
QRVO,Qorvo,91.07,-13,11,0,-32,-34,-25,3,15,-6,-13,-47
HOG,Harley-Davidson,27.9,-65,35,0,-10,-40,-6,-1,12,-12,-7,-47
IOT,Samsara,37.26,-39,0,-17,0,-56,-6,18,-24,21,9,-47
AGCO,AGCO,107.05,-36,-2,14,0,-24,-5,-22,18,-14,-23,-47
CARR,Carrier Global,59.7,0,-41,-6,0,-47,11,-37,-1,27,0,-47
LBRDA,Liberty Broadband (Series A),63.3,24,-47,-10,-37,-70,19,4,-10,9,22,-48
PB,Prosperity Bancshares,66.36,3,-45,-11,15,-38,-12,-11,-2,15,-10,-48
LBRDK,Liberty Broadband (Series C),63.51,24,-47,-10,-37,-70,19,4,-10,9,22,-48
TTD,Trade Desk (The),48.99,27,-37,-34,-2,-46,19,-29,8,-1,-3,-49
BIRK,Birkenstock,45.27,0,-18,-6,0,-24,-1,-16,-8,0,-25,-49
DOCU,DocuSign,72.09,-28,-1,-1,-13,-43,-28,19,-9,12,-6,-49
NIQ,NIQ Global Intelligence,15.68,-56,0,0,0,-56,8,-1,0,0,7,-49
CLX,Clorox,123.31,5,0,-24,-6,-25,-5,-1,-34,14,-26,-51
ISRG,Intuitive Surgical,447.18,3,-44,-10,23,-28,7,-52,-5,27,-23,-51
DHR,Danaher Corporation,198.25,5,-16,-36,0,-47,10,-19,10,-5,-4,-51
TSN,Tyson Foods,54.29,5,-4,-8,-29,-36,4,-13,-18,12,-15,-51
GNRC,Generac,167.4,-42,0,10,-35,-67,8,-18,14,11,15,-52
CMG,Chipotle Mexican Grill,39.18,-6,-48,-13,81,14,-5,-49,-11,-1,-66,-52
JBHT,J. B. Hunt,134.19,0,-23,-38,-1,-62,29,-16,7,-11,9,-53
HLNE,Hamilton Lane,134.69,-35,-5,-5,26,-19,-35,-20,-2,22,-35,-54
BIIB,Biogen,140.04,0,34,-91,-28,-85,5,41,4,-19,31,-54
MRK,Merck & Co.,83.93,7,1,-54,0,-46,7,-11,2,-7,-9,-55
UDR,"UDR, Inc.",37.24,0,-43,-5,-1,-49,3,-11,-12,14,-6,-55
PCG,PG&E Corporation,15.07,6,3,-37,2,-26,14,-6,-36,-2,-30,-56
PENN,Penn Entertainment,19.26,-7,34,2,-35,-6,-7,-5,7,-45,-50,-56
OWL,Blue Owl Capital,16.92,-35,-29,-11,0,-75,-7,-5,9,22,19,-56
S,SentinelOne,17.61,-33,0,-32,0,-65,-7,19,-2,-2,8,-57
SWK,Stanley Black & Decker,74.31,-50,64,-36,-40,-62,3,-1,6,-3,5,-57
DECK,Deckers Brands,101.36,-60,-4,-31,94,-1,-57,-4,-27,32,-56,-57
BALL,Ball Corporation,50.43,6,-32,-10,-12,-48,19,-40,17,-6,-10,-58
GTLB,GitLab,45.07,-38,17,-28,0,-49,-5,24,-27,-2,-10,-59
ALSN,Allison Transmission,84.84,-40,-8,-12,36,-24,-38,-4,-28,35,-35,-59
PAYX,Paychex,126.76,-147,-44,-3,168,-26,-4,-37,-8,15,-34,-60
NSA,National Storage Affiliates,30.21,0,-1,-22,-5,-28,21,-8,-43,-2,-32,-60
LINE,"Lineage, Inc.",38.65,0,-38,0,0,-38,16,-1,-38,0,-23,-61
PINS,Pinterest,32.17,-47,-7,-2,-1,-57,-5,-7,13,-6,-5,-62
DG,Dollar General,103.38,-17,-8,0,-18,-43,2,-23,29,-27,-19,-62
CHTR,Charter Communications,275.0,24,-47,-11,-37,-71,19,3,-11,-2,9,-62
CL,Colgate-Palmolive,79.93,-3,-59,-13,24,-51,2,-20,-21,27,-12,-63
ELV,Elevance Health,323.11,4,0,-51,-3,-50,2,6,-17,-4,-13,-63
MCHP,Microchip Technology,64.21,-28,-17,0,0,-45,-28,1,17,-8,-18,-63
TAP,Molson Coors,45.25,0,-15,-20,-1,-36,14,-17,-21,-4,-28,-64
TECH,Bio-Techne,55.62,4,1,-34,-25,-54,11,-13,-1,-7,-10,-64
MAS,Masco,70.38,-65,0,-4,66,-3,-83,-8,8,22,-61,-64
ELS,Equity Lifestyle Properties,60.67,2,1,-28,0,-25,5,-1,-39,-4,-39,-64
CHE,Chemed Corporation,447.82,-7,0,-18,0,-25,-6,-9,-16,-9,-40,-65
PYPL,PayPal,67.07,-6,-33,-10,-40,-89,-2,6,10,10,24,-65
GFS,GlobalFoundries,35.85,21,0,-89,0,-68,19,3,-1,-18,3,-65
CACC,Credit Acceptance,467.38,-40,-4,-2,0,-46,1,-9,-5,-6,-19,-65
VKTX,Viking Therapeutics,26.28,4,-30,-47,22,-51,3,-22,12,-7,-14,-65
LKQ,LKQ Corporation,30.53,0,-12,-13,-3,-28,7,-5,-21,-18,-37,-65
INVH,Invitation Homes,29.32,0,-48,-15,0,-63,5,-13,-10,15,-3,-66
NOV,NOV Inc.,13.26,2,6,-62,-13,-67,-11,20,8,-16,1,-66
SFD,Smithfield Foods,23.45,-28,-9,0,0,-37,-25,-18,11,0,-32,-69
MTDR,Matador Resources,44.93,-14,-2,-36,0,-52,-12,-10,10,-7,-19,-71
KD,Kyndryl,30.03,-41,-40,-3,0,-84,1,-5,-4,21,13,-71
SLGN,Silgan Holdings,43.0,2,-44,-10,0,-52,14,-44,-4,14,-20,-72
TGT,Target Corporation,89.71,2,-23,-38,-12,-71,29,-29,5,-7,-2,-73
CPT,Camden Property Trust,106.81,-29,-5,-2,0,-36,-34,-6,-10,12,-38,-74
LW,Lamb Weston,58.13,7,3,-79,-9,-78,15,-6,10,-15,4,-74
AUR,Aurora Innovation,5.39,-28,-4,-8,0,-40,-30,5,-25,16,-34,-74
ZTS,Zoetis,146.49,4,-16,-42,-4,-58,15,-17,-9,-6,-17,-75
RGEN,Repligen,133.76,7,3,-23,-18,-31,14,6,-27,-38,-45,-76
FCN,FTI Consulting,161.63,3,-15,-44,0,-56,-5,-9,-1,-6,-21,-77
CIVI,Civitas Resources,32.51,-14,36,-62,-1,-41,-22,-10,6,-10,-36,-77
ZBRA,Zebra Technologies,297.16,-37,-7,-9,-8,-61,-47,6,11,14,-16,-77
KNX,Knight-Swift,39.51,0,-26,-32,-3,-61,9,-10,-2,-14,-17,-78
ON,ON Semiconductor,49.31,-9,-23,-44,-2,-78,-7,9,13,-16,-1,-79
CPAY,Corpay,288.13,-62,-42,-5,22,-87,-5,-11,-2,26,8,-79
VVV,Valvoline,35.91,-56,-4,-2,32,-30,-57,-1,14,-5,-49,-79
AKAM,Akamai Technologies,75.71,-7,3,-33,-8,-45,14,-5,-33,-11,-35,-80
TWLO,Twilio,100.09,-34,-37,-1,-35,-107,9,-7,13,12,27,-80
ACN,Accenture,246.61,14,-59,-30,-1,-76,14,-13,-26,20,-5,-81
AMCR,Amcor,8.16,0,-33,-8,0,-41,13,-42,-8,-3,-40,-81
HSIC,Schein (Henry),66.37,-31,-5,-12,-1,-49,-28,-6,-2,4,-32,-81
CROX,Crocs,83.52,18,-38,-49,-2,-71,18,-11,-11,-6,-10,-81
BDX,Becton Dickinson,187.17,2,0,-35,-6,-39,13,-13,-26,-16,-42,-81
TRU,TransUnion,83.78,-50,-8,-2,0,-60,-51,-1,15,15,-22,-82
ONON,On Holding AG,42.34,-22,-43,-6,0,-71,-28,-1,-3,21,-11,-82
JHX,James Hardie Industries,19.2,3,-29,-34,-2,-62,13,-25,-7,-4,-23,-85
NVST,Envista,20.37,-39,0,11,0,-28,-33,-4,13,-33,-57,-85
ZBH,Zimmer Biomet,98.5,-38,-1,-4,-18,-61,5,-11,1,-19,-24,-85
CHDN,Churchill Downs Incorporated,97.04,2,-22,-38,0,-58,13,-39,-1,-2,-29,-87
INGR,Ingredion,122.16,-119,-42,-5,35,-131,2,-12,-3,57,44,-87
PAYC,Paycom,208.11,-7,-26,26,-25,-32,-7,-29,17,-38,-57,-89
CTSH,Cognizant,67.07,-52,-44,-10,15,-91,2,-9,-10,19,2,-89
CHRD,Chord Energy,99.36,-14,-2,-57,0,-73,-10,-11,11,-7,-17,-90
CNXC,Concentrix,46.13,-21,-3,-2,0,-26,-44,18,-5,-34,-65,-91
CRL,Charles River Laboratories,156.44,3,-13,-61,-27,-98,9,-7,13,-9,6,-92
BJ,BJ's Wholesale Club,93.21,-56,-65,-2,11,-112,2,-32,-9,59,20,-92
ALGM,Allegro MicroSystems,29.19,-28,-8,18,0,-18,-30,-44,15,-17,-76,-94
TREX,"Trex Company, Inc.",51.67,0,-13,-61,-14,-88,11,-9,-1,-7,-6,-94
SN,SharkNinja,103.19,-49,-1,15,0,-35,-47,-29,14,2,-60,-95
UHAL,U-Haul,57.07,2,-45,-22,0,-65,-7,-9,-35,21,-30,-95
CART,Maplebear Inc.,36.76,-69,-14,-1,0,-84,-21,-4,14,0,-11,-95
PEP,PepsiCo,140.39,-27,0,-49,0,-76,1,-12,6,-14,-19,-95
MTCH,Match Group,35.3,-45,0,11,-38,-72,9,-5,12,-39,-23,-95
ABNB,Airbnb,121.42,-31,-38,-10,0,-79,-5,-12,7,-6,-16,-95
DAR,Darling Ingredients,30.87,-14,-2,-13,-21,-50,-14,-15,15,-31,-45,-95
PRMB,Primo Brands,22.1,-7,-84,-5,23,-73,-13,-12,-17,19,-23,-96
CCCS,CCC Intelligent Solutions,9.12,-61,-7,-35,0,-103,12,-9,9,-7,5,-98
BIO,Bio-Rad Laboratories,279.25,0,1,-34,-29,-62,3,-9,8,-38,-36,-98
POOL,Pool Corporation,310.25,-55,-5,-30,-7,-97,5,-1,4,-10,-2,-99
LULU,Lululemon Athletica,177.83,49,-80,-18,-4,-53,12,-18,-27,-13,-46,-99
AMT,American Tower,192.23,-7,-40,-4,-1,-52,-18,-39,-2,12,-47,-99
AVTR,Avantor,12.47,2,-6,-36,0,-40,4,-11,-47,-6,-60,-100
WY,Weyerhaeuser,24.79,0,-13,-30,0,-43,11,-17,-42,-9,-57,-100
GIS,General Mills,50.42,1,0,-48,-5,-52,2,14,-44,-20,-48,-100
ADBE,Adobe Inc.,352.74,-7,0,-43,-7,-57,-4,13,-47,-6,-44,-101
RARE,Ultragenyx,30.06,14,0,-34,-39,-59,13,-9,-42,-4,-42,-101
TROW,T. Rowe Price,102.64,-39,0,1,-26,-64,-39,-10,13,-1,-37,-101
REGN,Regeneron Pharmaceuticals,562.32,-39,0,-48,0,-87,4,-17,3,-5,-15,-102
FIS,Fidelity National Information Services,65.93,3,-40,-9,-38,-84,15,-42,-4,12,-19,-103
COO,Cooper Companies (The),68.54,7,-23,-34,-6,-56,14,-18,-39,-4,-47,-103
DLTR,Dollar Tree,94.33,-56,-17,0,-16,-89,2,-26,32,-23,-15,-104
SLB,Schlumberger,34.36,-7,0,-77,0,-84,-7,-3,1,-11,-20,-104
BBWI,"Bath & Body Works, Inc.",25.75,-14,-17,-32,-16,-79,-6,-10,-3,-7,-26,-105
GPK,Graphic Packaging,19.58,0,-23,-26,0,-49,3,-20,-39,-1,-57,-106
ARE,Alexandria Real Estate Equities,83.33,-28,35,-44,-31,-68,-28,24,2,-36,-38,-106
MKC,McCormick & Company,66.91,9,-59,-13,-3,-66,27,-58,-21,11,-41,-107
EEFT,Euronet Worldwide,87.84,-7,-44,-10,-4,-65,-5,-44,-7,14,-42,-107
SRPT,Sarepta Therapeutics,19.28,3,0,-36,-8,-41,13,-17,-57,-7,-68,-109
FOUR,Shift4,77.42,-49,-40,-7,0,-96,-35,-11,7,25,-14,-110
CDW,CDW,159.29,-14,-40,-49,0,-103,-5,-5,9,-9,-10,-113
PPG,PPG Industries,105.11,-43,-7,-53,-9,-112,3,-13,17,-9,-2,-114
MAA,Mid-America Apartment Communities,139.69,-28,-44,-4,0,-76,-28,-7,-15,12,-38,-114
LEA,Lear Corporation,100.64,-95,0,0,-18,-113,3,-5,16,-16,-2,-115
WH,Wyndham Hotels & Resorts,79.84,-87,-10,-10,12,-95,-26,-15,5,16,-20,-115
FI,Fiserv,128.96,-61,-57,-21,36,-103,-5,-17,-22,28,-16,-119
QXO,"QXO, Inc.",19.06,-57,-7,0,-15,-79,-49,-5,20,-7,-41,-120
TYL,Tyler Technologies,523.44,-105,-27,-1,18,-115,-4,-29,8,19,-6,-121
MTN,Vail Resorts,149.58,1,-18,-40,-24,-81,-4,-13,13,-37,-41,-122
IEX,IDEX Corporation,162.8,2,-44,-35,-3,-80,15,-15,-35,-7,-42,-122
KMPR,Kemper Corporation,51.53,-89,-4,-13,-1,-107,-12,-9,-10,15,-16,-123
SW,Smurfit Westrock,42.57,-112,-13,-4,17,-112,-31,-7,7,18,-13,-125
NCNO,nCino,27.12,-43,-1,-33,0,-77,-53,-6,12,-2,-49,-126
CNH,CNH Industrial,10.85,-34,-33,-4,0,-71,-7,-49,-2,3,-55,-126
IAC,IAC Inc.,34.1,-49,-8,-9,-32,-98,-4,19,-4,-39,-28,-126
KBR,"KBR, Inc.",47.29,-28,-4,-37,0,-69,-26,-14,-15,-2,-57,-126
ODFL,Old Dominion Freight Line,140.79,0,-44,-33,0,-77,9,-18,-38,-2,-49,-126
KDP,Keurig Dr Pepper,25.48,-49,-26,-6,-1,-82,-49,-20,25,-1,-45,-127
MIDD,Middleby,132.85,-96,0,-10,0,-106,-5,-8,-23,14,-22,-128
GPN,Global Payments,83.1,-7,0,-34,-40,-81,-32,-9,5,-11,-47,-128
RNG,RingCentral,28.34,-42,34,-33,-42,-83,-5,-1,7,-46,-45,-128
WEX,WEX Inc.,157.48,-66,-1,-50,0,-117,-6,-8,11,-9,-12,-129
GDDY,GoDaddy,136.82,-42,-58,-10,23,-87,-34,-5,-26,23,-42,-129
IRDM,Iridium Communications,17.45,-17,-43,-11,-20,-91,-8,-9,-2,-20,-39,-130
FRPT,Freshpet,55.17,7,-75,-31,-7,-106,14,-32,-27,20,-25,-131
PCTY,Paylocity,159.2,-40,-26,-5,-4,-75,-28,-30,-4,6,-56,-131
TFX,Teleflex,122.33,0,3,-49,-40,-86,12,-4,-45,-11,-48,-134
AXTA,Axalta,28.6,-87,-6,-23,23,-93,4,-8,-36,-1,-41,-134
DOX,Amdocs,82.04,-42,-36,0,0,-78,-39,-23,-2,6,-58,-136
YETI,Yeti Holdings,33.18,-55,-2,-42,-7,-106,-28,-2,11,-11,-30,-136
MRNA,Moderna,25.81,2,-39,-62,-5,-104,6,3,-2,-40,-33,-137
CPB,Campbell Soup Company,31.57,-28,-2,-39,-7,-76,-24,14,-46,-6,-62,-138
TDC,Teradata,21.51,-6,0,-86,-18,-110,-25,12,2,-17,-28,-138
MTD,Mettler Toledo,1228.83,-47,-4,-30,0,-81,-51,-12,11,-6,-58,-139
OC,Owens Corning,141.47,-81,-2,-31,59,-55,-81,-9,6,-1,-85,-140
UHAL-B,U-Haul (Series N),50.9,-7,-45,-30,0,-82,-6,-9,-44,-2,-61,-143
SON,Sonoco,43.08,-58,-6,-3,-1,-68,-73,-3,14,-15,-77,-145
PPC,Pilgrim's Pride,40.73,-112,-18,0,22,-108,-21,-25,-11,19,-38,-146
ILMN,"Illumina, Inc.",94.96,-36,-5,-35,-41,-117,3,-1,9,-41,-30,-147
RH,RH,203.16,-49,-3,-31,-8,-91,-57,-8,5,-1,-61,-152
CAI,Caris Life Sciences,30.23,-147,0,0,0,-147,5,-11,0,0,-6,-153
SAIA,Saia,299.41,-49,-5,-33,0,-87,-57,-1,-2,-6,-66,-153
RVTY,Revvity,87.7,5,-44,-27,-25,-91,12,-49,-32,4,-65,-156
AVY,Avery Dennison,162.2,-65,-26,-42,0,-133,2,-17,-2,-6,-23,-156
DXCM,Dexcom,67.26,-76,-26,-6,-15,-123,-14,-9,-1,-10,-34,-157
BMRN,BioMarin Pharmaceutical,54.15,0,-17,-57,-21,-95,13,-31,-22,-23,-63,-158
CMCSA,Comcast,31.41,-4,-45,-42,-10,-101,-31,-9,-9,-9,-58,-159
KHC,Kraft Heinz,26.03,-27,-17,-49,-1,-94,1,-35,-21,-11,-66,-160
EMN,Eastman Chemical Company,63.03,-65,-7,-28,-2,-102,-5,-9,-42,-3,-59,-161
COLM,Columbia Sportswear,52.3,-107,-4,-28,-7,-146,2,-8,-23,14,-15,-161
ALK,Alaska Air Group,49.78,-85,-4,-2,0,-91,-82,-4,5,10,-71,-162
LSTR,Landstar,122.65,0,-45,-42,-1,-88,-7,-10,-49,-8,-74,-162
TEAM,Atlassian,159.68,-65,-58,-13,-7,-143,-5,-6,-25,12,-24,-167
FND,Floor & Decor,73.7,-55,-4,-42,-7,-108,-57,-1,5,-7,-60,-168
STZ,Constellation Brands,134.64,5,-26,-52,-4,-77,13,-29,-68,-9,-93,-170
UA,Under Armour (Class C),4.84,2,-37,-35,-38,-108,15,-39,-2,-38,-64,-172
KMX,CarMax,44.88,-65,-8,-26,-37,-136,-1,-6,-30,-1,-38,-174
HRL,Hormel Foods,24.73,0,-53,-17,-24,-94,4,-49,-4,-31,-80,-174
BEN,Franklin Templeton Investments,23.11,-126,-4,15,0,-115,-39,-15,17,-23,-60,-175
COTY,Coty,4.04,0,-30,-71,-8,-109,13,3,-73,-10,-67,-176
EPAM,EPAM Systems,150.74,-28,-15,-33,-28,-104,3,-13,-24,-38,-72,-176
CE,Celanese,42.09,-60,-37,-50,-11,-158,3,-7,-4,-10,-18,-176
UAA,Under Armour (Class A),4.99,3,-37,-35,-45,-114,15,-39,-2,-38,-64,-178
CAVA,Cava Group,60.42,-28,-34,-21,0,-83,-26,-38,-35,3,-96,-179
WHR,Whirlpool Corporation,78.61,-86,-10,-12,-27,-135,2,-7,-3,-37,-45,-180
CAG,Conagra Brands,18.28,-65,-12,-39,-8,-124,1,-16,-21,-24,-60,-184
WLK,Westlake Corporation,76.99,-65,-4,-47,-1,-117,-57,-7,1,-7,-70,-187
DXC,DXC Technology,13.62,-15,0,-32,-74,-121,14,-8,-39,-35,-68,-189
SBAC,SBA Communications,193.37,-27,-40,-6,-21,-94,-56,-40,-5,6,-95,-189
KVUE,Kenvue,16.23,-68,-26,-5,0,-99,-49,-36,-10,4,-91,-190
SITE,SiteOne Landscape Supply,128.89,-104,-5,-3,-10,-122,-61,-9,10,-9,-69,-191
FLO,Flowers Foods,13.06,0,-32,-44,-9,-85,3,-25,-64,-24,-110,-195
JKHY,Jack Henry & Associates,148.92,-65,-43,-10,-1,-119,-4,-74,-10,12,-76,-195
MAT,Mattel,16.83,-105,-17,-11,0,-133,-36,-9,14,-32,-63,-196
MORN,"Morningstar, Inc.",231.97,-85,-43,-27,29,-126,-9,-56,-5,-1,-71,-197
BRKR,Bruker,32.5,0,-43,-67,-9,-119,4,-1,-71,-10,-78,-197
BAX,Baxter International,22.77,0,-59,-30,-39,-128,6,-12,-21,-42,-69,-197
DOW,Dow Inc.,22.93,-62,-7,-50,-2,-121,-5,-1,-65,-9,-80,-201
GLOB,Globant,57.42,1,-94,-33,-8,-134,16,-42,-33,-8,-67,-201
TW,Tradeweb,110.94,-133,-39,-5,1,-176,-9,-35,-6,24,-26,-202
SNDR,Schneider National,21.17,-67,-23,-12,-1,-103,-83,-17,-2,-1,-103,-206
ENPH,Enphase Energy,35.37,-38,-1,-53,-21,-113,-33,24,-60,-25,-94,-207
BRBR,BellRing Brands,36.36,0,-102,-20,0,-122,5,-94,-26,28,-87,-209
NKE,"Nike, Inc.",69.74,-152,0,0,-22,-174,2,-16,14,-37,-37,-211
FDS,FactSet,286.48,-105,-51,-12,-1,-169,15,-47,-10,-2,-44,-213
BROS,Dutch Bros. Coffee,52.33,-124,-12,-2,0,-138,-83,-12,7,12,-76,-214
PRGO,Perrigo,22.27,11,-39,-9,-114,-151,13,-12,-9,-56,-64,-215
FBIN,Fortune Brands Innovations,53.39,-83,-6,-33,-6,-128,-83,-9,6,-3,-89,-217
CLVT,Clarivate,3.83,-86,-8,-84,-7,-185,8,-8,10,-43,-33,-218
APLS,Apellis Pharmaceuticals,22.63,-118,-5,-77,-17,-217,12,-9,8,-19,-8,-225
MAN,ManpowerGroup,37.9,-7,-25,-53,-29,-114,-5,-17,-53,-37,-112,-226
ACI,Albertsons,17.51,-147,-55,-4,0,-206,2,-17,-10,1,-24,-230
SMG,Scotts Miracle-Gro Company,56.93,-65,-23,-29,-40,-157,-83,-9,13,-2,-81,-238
DJT,Trump Media & Technology Group,16.41,-31,-85,-63,0,-179,-3,-16,-31,-10,-60,-239
DV,DoubleVerify,11.98,-133,-16,-77,0,-226,8,-18,6,-11,-15,-241
MKTX,MarketAxess,174.29,-13,-47,-35,-30,-125,-5,-62,-9,-45,-121,-246
IFF,International Flavors & Fragrances,61.53,-91,-44,-30,-32,-197,2,-10,-42,-2,-52,-249
SFM,Sprouts Farmers Market,108.8,-181,-46,-2,47,-182,-82,-44,-6,58,-74,-256
ASH,Ashland Global,47.94,-91,-8,-48,-10,-157,-83,-12,6,-11,-100,-257
INSP,Inspire Medical Systems,74.13,-54,-95,-30,-7,-186,-8,-12,-35,-18,-73,-259
BF-B,Brown–Forman (Class B),27.08,-9,-20,-110,-19,-158,-20,-14,-42,-29,-105,-263
WU,Western Union,7.98,-105,-4,-30,-47,-186,2,-9,-65,-6,-78,-264
SAM,Boston Beer Company,211.44,-44,0,-42,-38,-124,-48,-9,-38,-45,-140,-264
NWL,Newell Brands,5.25,-100,-4,-34,-32,-170,-57,-7,5,-37,-96,-266
FMC,FMC Corporation,33.62,-59,-23,-47,-25,-154,-75,-13,-2,-27,-117,-271
CHH,Choice Hotels,106.91,-161,-39,-10,0,-210,-19,-40,-24,15,-68,-278
BF-A,Brown–Forman (Class A),26.92,-50,-17,-109,-19,-195,-5,-14,-49,-25,-93,-288
WSC,WillScot Mobile Mini,21.13,-62,-42,-72,-7,-183,-57,-36,-1,-13,-107,-290
UPS,United Parcel Service,83.51,-34,-45,-113,-17,-209,11,-17,-41,-35,-82,-291
ALGN,Align Technology,125.21,-93,-43,-74,-26,-236,-2,-17,-10,-39,-68,-304
AAL,American Airlines Group,11.23,-118,-4,-28,-77,-227,-35,-10,6,-40,-79,-306
LYB,LyondellBasell,49.03,-83,-42,-51,-6,-182,-57,-7,-65,-8,-137,-319
XRAY,Dentsply Sirona,12.68,-106,-43,-88,-43,-280,5,-8,-2,-41,-46,-326
HUN,Huntsman Corporation,8.98,-91,-8,-52,-16,-167,-117,-8,-47,-34,-206,-373
RHI,Robert Half,33.97,-65,-172,-36,-10,-283,-57,-9,-34,-33,-133,-416
COLD,Americold,12.24,-65,-126,-48,-12,-251,-61,-68,-48,-16,-193,-444
WEN,Wendy's Company (The),9.16,-147,-68,-44,-9,-268,-112,-15,-39,-16,-182,-450
