Symbol,Name,Close,1H Cloud Score,1D Cloud Score,1W Cloud Score,1M Cloud Score,Cloud Score Sum,1H TKx Score,1D TKx Score,1W TKx Score,1M TKx Score,TKx Score Sum,Total Score Sum
TJX,TJX Companies,122.18,-13,-2,141,196,322,-10,-17,110,191,274,596
RSG,Republic Services,244.74,-14,1,117,175,279,-6,-3,86,158,235,514
JPM,JPMorgan Chase,289.01,57,34,116,156,363,54,45,3,24,126,489
IBM,IBM,291.96,122,37,102,52,313,26,45,49,54,174,487
HEI,HEICO (Common),321.51,71,39,18,187,315,68,37,9,55,169,484
MSFT,Microsoft,497.31,154,39,9,171,373,19,47,3,23,92,465
RBLX,Roblox Corporation,105.0,231,44,46,0,321,73,45,9,9,136,457
HWM,Howmet Aerospace,176.85,35,45,141,27,248,26,45,85,52,208,456
COST,Costco,982.84,-7,0,110,178,281,-5,-8,3,182,172,453
AJG,Arthur J. Gallagher & Co.,318.46,0,-2,158,184,340,-10,-8,21,105,108,448
ORLY,O'Reilly Auto Parts,88.24,-14,-11,156,197,328,-13,-6,47,87,115,443
WELL,Welltower,153.48,28,29,109,56,222,40,25,126,22,213,435
PGR,Progressive Corporation,261.64,-13,-12,98,175,248,-8,-8,15,187,186,434
NFLX,Netflix,1306.8,36,50,109,18,213,68,47,80,18,213,426
ICE,Intercontinental Exchange,180.84,19,38,105,159,321,18,39,15,19,91,412
CTAS,Cintas,220.45,0,52,12,164,228,-6,-4,6,185,181,409
SO,Southern Company,90.36,28,5,69,188,290,-2,21,16,77,112,402
AXON,Axon Enterprise,804.4,19,43,138,92,292,28,47,3,28,106,398
WM,"Waste Management, Inc.",226.78,-39,0,88,185,234,-12,-2,20,157,163,397
SPOT,Spotify,776.29,62,46,105,10,223,19,47,88,18,172,395
CASY,Casey's,503.54,0,12,106,85,203,-6,12,110,76,192,395
WRB,W. R. Berkley Corporation,72.37,-14,87,87,174,334,-12,2,17,53,60,394
ORI,Old Republic International,37.82,33,6,140,56,235,-6,1,110,53,158,393
HEI-A,HEICO (Class A),254.1,70,40,19,180,309,7,38,10,28,83,392
PWR,Quanta Services,379.63,58,39,10,97,204,68,47,3,70,188,392
NRG,NRG Energy,161.61,16,45,96,92,249,16,1,106,19,142,391
ROL,"Rollins, Inc.",55.7,-13,54,24,284,349,-7,-4,16,33,38,387
BSX,Boston Scientific,104.6,24,9,137,142,312,22,-14,3,55,66,378
NDAQ,"Nasdaq, Inc.",88.39,25,38,69,142,274,38,45,3,12,98,372
YUM,Yum! Brands,147.04,19,0,21,257,297,23,-20,15,55,73,370
PLTR,Palantir Technologies,144.27,21,45,109,0,175,16,47,112,18,193,368
AM,Antero Midstream,18.92,20,38,141,21,220,30,-7,71,53,147,367
OLLI,Ollie's Bargain Outlet,133.46,56,32,108,14,210,61,13,56,21,151,361
COR,Cencora,296.57,7,109,37,69,222,11,9,48,65,133,355
HUBB,Hubbell Incorporated,405.31,25,30,0,180,235,16,48,-18,69,115,350
GS,Goldman Sachs,687.65,62,32,85,56,235,49,43,3,19,114,349
MSI,Motorola Solutions,415.34,20,-1,0,151,170,22,-7,-20,183,178,348
MCK,McKesson Corporation,722.0,0,105,35,56,196,11,45,31,65,152,348
PM,Philip Morris International,180.68,-13,105,63,53,208,-14,47,78,25,136,344
CDNS,Cadence Design Systems,303.69,2,1,10,139,152,14,-4,3,178,191,343
RBC,RBC Bearings,387.64,24,36,86,56,202,33,45,7,55,140,342
MU,Micron Technology,126.02,126,31,2,20,179,121,37,3,-3,158,337
MTSI,MACOM Technology Solutions,142.29,123,32,9,56,220,42,44,1,27,114,334
WMB,Williams Companies,62.87,35,31,105,50,221,31,23,3,55,112,333
TDG,TransDigm Group,1472.42,34,45,12,155,246,26,2,3,55,86,332
VIRT,Virtu Financial,43.77,57,46,69,12,184,65,6,64,12,147,331
JBL,Jabil,215.32,56,35,12,63,166,55,45,4,55,159,325
ADI,Analog Devices,237.34,25,32,4,177,238,21,38,3,24,86,324
NFG,National Fuel Gas,84.34,0,116,53,50,219,-14,47,64,8,105,324
INTU,Intuit,772.71,7,45,10,189,251,5,45,3,18,71,322
CBOE,Cboe Global Markets,226.26,0,28,137,53,218,37,2,15,49,103,321
ORCL,Oracle Corporation,212.82,7,31,4,196,238,16,38,3,25,82,320
RCL,Royal Caribbean Group,295.77,25,32,114,26,197,48,45,3,25,121,318
KLAC,KLA Corporation,903.41,11,32,7,175,225,16,47,3,24,90,315
RS,"Reliance, Inc.",314.66,10,42,4,113,169,21,47,3,75,146,315
TKO,TKO Group Holdings,176.29,56,42,64,38,200,54,9,3,48,114,314
MMC,Marsh McLennan,216.07,-5,-13,0,173,155,-6,-8,-4,176,158,313
FAST,Fastenal,41.31,-46,54,116,104,228,12,46,6,21,85,313
WMT,Walmart,96.1,27,46,120,99,292,-5,-6,3,27,19,311
BYD,Boyd Gaming,77.81,56,32,41,57,186,48,45,3,25,121,307
MS,Morgan Stanley,139.76,42,32,69,62,205,41,43,3,14,101,306
BR,Broadridge Financial Solutions,239.32,0,31,107,143,281,-5,2,3,23,23,304
CME,CME Group,272.88,29,6,47,134,216,37,-9,43,17,88,304
EMR,Emerson Electric,132.78,119,32,9,62,222,16,38,3,24,81,303
NWS,News Corp (Class B),33.97,42,35,105,56,238,54,-12,3,19,64,302
HOOD,Robinhood Markets,84.52,57,34,74,0,165,73,45,3,16,137,302
ETN,Eaton Corporation,348.26,24,32,1,112,169,16,45,1,70,132,301
LLY,Lilly (Eli),795.39,9,0,0,170,179,14,11,3,94,122,301
RBA,RB Global,105.42,0,43,97,25,165,16,-4,102,20,134,299
FWONA,Liberty Formula 1 (Series A),95.0,42,34,62,60,198,1,43,2,54,100,298
PANW,Palo Alto Networks,202.34,56,32,10,79,177,19,43,3,55,120,297
RJF,Raymond James Financial,152.66,56,31,85,56,228,61,3,-13,17,68,296
EHC,Encompass Health,121.59,24,46,136,27,233,23,-5,17,27,62,295
MA,Mastercard,546.12,0,0,119,153,272,-2,-2,3,24,23,295
CAH,Cardinal Health,165.61,7,54,48,36,145,7,45,41,55,148,293
FWONK,Liberty Formula 1 (Series C),104.86,47,35,63,55,200,-7,42,3,54,92,292
AN,AutoNation,199.89,36,34,10,59,139,48,47,3,55,153,292
VST,Vistra Corp.,190.43,62,31,12,28,133,70,44,1,43,158,291
AVGO,Broadcom,270.2,25,35,12,114,186,24,47,3,28,102,288
SPGI,S&P Global,515.27,25,32,9,170,236,29,1,1,19,50,286
ARES,Ares Management,171.24,18,32,10,57,117,16,45,3,104,168,285
STE,Steris,238.52,0,35,7,193,235,16,-4,15,23,50,285
ADP,Automatic Data Processing,303.1,-13,0,78,178,243,-11,-5,3,55,42,285
EME,Emcor,511.0,57,32,10,56,155,26,47,1,55,129,284
V,Visa Inc.,346.15,0,0,130,131,261,-2,-2,3,24,23,284
DUK,Duke Energy,116.32,1,-2,69,181,249,-5,9,15,14,33,282
TT,Trane Technologies,429.16,23,40,9,162,234,22,-6,3,27,46,280
AXS,AXIS Capital,102.8,1,46,79,43,169,-12,-4,75,51,110,279
COF,Capital One,210.62,25,38,87,19,169,46,45,3,16,110,279
KMI,Kinder Morgan,28.89,35,30,85,42,192,31,3,1,50,85,277
NVDA,Nvidia,155.08,25,31,7,132,195,16,39,3,24,82,277
AAPL,Apple Inc.,200.94,5,-1,-3,249,250,-4,-21,-18,69,26,276
DASH,DoorDash,239.64,58,31,90,0,179,33,44,3,16,96,275
MPWR,Monolithic Power Systems,735.38,21,32,-19,155,189,16,42,3,24,85,274
MKL,Markel,1999.19,56,31,61,53,201,1,45,1,24,71,272
LYV,Live Nation Entertainment,147.21,0,33,87,145,265,-16,7,2,14,7,272
CHD,Church & Dwight,94.98,-63,-2,-9,342,268,-12,-2,-7,23,2,270
GGG,Graco Inc.,86.24,23,32,1,176,232,23,-16,3,27,37,269
LIN,Linde plc,464.47,0,30,6,108,144,19,-2,3,104,124,268
BKNG,Booking Holdings,5597.78,19,44,129,33,225,19,-4,3,24,42,267
MNST,Monster Beverage,62.18,-14,82,19,178,265,-10,-2,12,2,2,267
LRCX,Lam Research,96.88,21,32,2,150,205,22,39,3,-3,61,266
FDS,FactSet,437.16,28,0,-4,192,216,40,-14,2,21,49,265
WCC,Wesco International,186.29,42,31,1,56,130,34,45,1,55,135,265
SYK,Stryker Corporation,390.5,20,32,10,157,219,29,-12,1,27,45,264
APH,Amphenol,96.99,29,45,12,63,149,38,47,3,25,113,262
VRSK,Verisk Analytics,305.21,-14,41,61,112,200,-12,-4,52,26,62,262
ITT,ITT Inc.,157.57,24,38,9,97,168,22,45,3,24,94,262
CACI,CACI,465.37,13,15,0,152,180,12,6,7,55,80,260
USFD,US Foods,76.72,6,35,136,33,210,28,-5,3,24,50,260
UNM,Unum,79.69,7,1,178,38,224,-12,-8,3,52,35,259
DTM,DT Midstream,109.92,22,38,96,0,156,32,45,3,23,103,259
OMF,OneMain Financial,56.17,42,32,10,58,142,47,43,3,24,117,259
CSCO,Cisco,68.96,51,32,41,12,136,55,38,3,23,119,255
MCO,Moody's Corporation,481.53,20,32,9,154,215,21,-5,1,23,40,255
ACM,AECOM,112.24,7,38,9,63,117,21,45,3,69,138,255
PAG,Penske Automotive Group,173.33,56,33,8,60,157,-7,47,3,55,98,255
AME,Ametek,179.87,7,32,1,104,144,16,-7,3,99,111,255
RTX,RTX Corporation,142.68,0,31,70,52,153,-24,37,77,12,102,255
MSA,MSA Safety,169.17,24,34,-28,162,192,16,45,3,-3,61,253
CW,Curtiss-Wright,482.82,25,40,12,52,129,26,47,3,47,123,252
EVR,Evercore,271.49,42,31,0,56,129,53,45,1,24,123,252
AXP,American Express,311.5,25,32,10,97,164,22,45,1,19,87,251
BRO,Brown & Brown,109.28,6,-41,109,161,235,-6,1,-3,24,16,251
SCI,Service Corporation International,81.27,23,15,1,173,212,33,15,-20,11,39,251
CAT,Caterpillar Inc.,381.95,25,31,1,62,119,37,38,1,55,131,250
FIX,Comfort Systems USA,516.12,24,35,10,62,131,16,47,3,53,119,250
IBKR,Interactive Brokers,53.41,8,32,82,55,177,14,1,1,55,71,248
EQH,Equitable Holdings,56.02,24,32,85,9,150,40,38,3,17,98,248
SGI,Somnigroup International,66.68,25,32,34,62,153,23,45,3,24,95,248
ROP,Roper Technologies,565.47,3,0,22,180,205,-5,-14,37,24,42,247
UNP,Union Pacific Corporation,229.43,23,3,-7,196,215,25,2,-13,17,31,246
NI,NiSource,39.63,-2,29,67,43,137,-6,21,82,12,109,246
T,AT&T,28.03,0,29,63,14,106,-5,45,87,13,140,246
AMD,Advanced Micro Devices,143.73,56,31,-35,108,160,49,38,3,-5,85,245
DTE,DTE Energy,131.59,-14,0,67,187,240,-13,-13,20,11,5,245
VRSN,Verisign,283.11,6,143,29,7,185,-2,11,45,5,59,244
WFC,Wells Fargo,79.97,35,32,85,27,179,42,2,3,17,64,243
L,Loews Corporation,90.06,31,32,105,53,221,-8,4,3,22,21,242
BEN,Franklin Templeton Investments,23.49,99,35,1,0,135,79,45,3,-20,107,242
NEU,NewMarket,680.85,28,54,12,27,121,34,46,15,25,120,241
FTNT,Fortinet,103.88,24,31,47,111,213,19,-6,3,11,27,240
ALNY,Alnylam Pharmaceuticals,318.1,69,31,10,13,123,61,39,3,13,116,239
FYBR,Frontier Communications,36.32,28,0,82,0,110,48,-19,87,12,128,238
ARMK,Aramark,41.9,25,36,8,38,107,33,40,3,54,130,237
HON,Honeywell,226.38,6,32,9,176,223,-6,-3,3,20,14,237
BK,BNY Mellon,90.07,2,34,87,38,161,16,38,3,17,74,235
DRI,Darden Restaurants,215.92,-15,51,37,59,132,-12,45,41,28,102,234
LNG,Cheniere Energy,242.12,12,38,53,56,159,12,3,3,54,72,231
WWD,"Woodward, Inc.",247.45,56,41,12,33,142,19,43,3,24,89,231
TPR,"Tapestry, Inc.",86.22,56,32,73,19,180,-5,38,1,17,51,231
SHW,Sherwin-Williams,341.87,0,0,0,188,188,29,-7,3,17,42,230
KR,Kroger,71.26,35,5,72,65,177,-6,2,43,13,52,229
SEIC,SEI Investments Company,89.24,23,38,85,33,179,21,1,3,24,49,228
BPOP,"Popular, Inc.",110.06,28,39,10,57,134,29,45,3,17,94,228
AZO,AutoZone,3520.76,-17,-3,87,84,151,-13,-13,47,55,76,227
SLM,Sallie Mae,32.95,21,39,83,20,163,16,-11,37,19,61,224
HCA,HCA Healthcare,377.76,44,46,7,95,192,4,-8,9,27,32,224
MTZ,MasTec,170.56,58,38,12,16,124,40,45,3,11,99,223
WAB,Wabtec,206.34,9,34,12,47,102,16,45,3,54,118,220
AMP,Ameriprise Financial,525.48,25,31,2,62,120,26,3,1,69,99,219
CSL,Carlisle Companies,377.23,20,0,-4,176,192,23,-17,3,18,27,219
AAON,AAON,72.42,-19,-12,-6,243,206,16,-14,-18,29,13,219
KO,Coca-Cola Company (The),69.5,0,-2,21,180,199,-5,-3,16,12,20,219
PH,Parker Hannifin,692.52,21,33,10,63,127,16,45,3,28,92,219
SF,Stifel,103.11,42,22,1,57,122,54,37,-13,18,96,218
DE,Deere & Company,508.7,-27,34,42,107,156,-29,45,38,8,62,218
URI,United Rentals,742.25,25,32,0,62,119,40,3,1,55,99,218
RL,Ralph Lauren Corporation,273.4,25,34,87,32,178,19,-7,3,24,39,217
FERG,Ferguson Enterprises,218.16,24,34,4,63,125,20,45,3,23,91,216
DELL,Dell Technologies,126.05,52,32,1,30,115,54,45,3,-2,100,215
LITE,Lumentum,94.76,57,30,7,1,95,73,38,1,8,120,215
PTC,PTC Inc.,169.51,7,31,-19,180,199,16,-4,-20,24,16,215
GOOG,Alphabet (Class C),174.44,3,21,0,174,198,12,-3,-12,19,16,214
GOOGL,Alphabet (Class A),173.51,3,21,0,174,198,12,-3,-12,19,16,214
GD,General Dynamics,291.4,14,54,1,52,121,26,9,3,55,93,214
JCI,Johnson Controls,104.44,9,40,68,17,134,16,45,3,16,80,214
TMUS,T-Mobile US,231.5,10,-33,87,137,201,24,-43,-1,33,13,214
SNPS,Synopsys,495.94,8,19,-20,178,185,19,11,1,-3,28,213
NWSA,News Corp (Class A),29.54,42,32,2,56,132,54,5,3,19,81,213
MCD,McDonald's,285.66,-106,-13,45,240,166,-7,-16,15,55,47,213
ITW,Illinois Tool Works,246.85,9,3,-6,176,182,19,-9,-7,27,30,212
AWI,Armstrong World Industries,160.5,25,39,87,19,170,34,-12,3,17,42,212
SYF,Synchrony Financial,65.86,42,32,10,19,103,47,45,1,16,109,212
NTRS,Northern Trust,122.99,56,32,9,9,106,54,38,3,11,106,212
MDLZ,Mondelez International,67.77,9,5,2,180,196,-9,19,12,-7,15,211
PEG,Public Service Enterprise Group,83.04,43,11,0,150,204,-5,18,-21,15,7,211
WDC,Western Digital,63.52,56,32,5,16,109,54,43,3,1,101,210
ATI,ATI Inc.,85.65,7,39,9,41,96,16,45,3,50,114,210
BSY,Bentley Systems,52.65,62,35,2,0,99,65,47,3,-4,111,210
BJ,BJ's Wholesale Club,113.46,29,0,71,8,108,27,-15,33,56,101,209
AMAT,Applied Materials,183.53,21,32,-23,147,177,21,12,1,-3,31,208
C,Citigroup,84.4,42,32,12,16,102,48,42,3,12,105,207
AON,AON,353.64,2,-2,0,175,175,-7,-8,-8,54,31,206
J,Jacobs Solutions,129.58,11,30,0,104,145,16,45,-17,17,61,206
LOPE,Grand Canyon Education,186.65,0,0,140,33,173,-14,-12,27,32,33,206
SNX,TD Synnex,137.01,25,32,8,61,126,22,38,1,19,80,206
MRVL,Marvell Technology,80.01,56,6,-14,104,152,14,37,-14,16,53,205
SNDK,SanDisk,47.43,104,8,0,0,112,61,32,0,0,93,205
BALL,Ball Corporation,57.0,117,32,-28,-9,112,48,44,3,-3,92,204
BAC,Bank of America,47.51,42,32,10,16,100,50,39,3,12,104,204
CELH,Celsius Holdings,45.42,21,71,0,63,155,16,27,11,-7,47,202
HD,Home Depot (The),363.66,19,0,-5,178,192,27,-17,-17,17,10,202
ALL,Allstate,194.2,-43,0,90,157,204,-13,-8,4,15,-2,202
STT,State Street Corporation,105.37,42,34,10,14,100,48,39,2,12,101,201
TRMB,Trimble Inc.,75.04,25,32,72,2,131,22,37,1,10,70,201
FICO,Fair Isaac,1818.07,35,-2,0,164,197,-5,1,-21,29,4,201
SCHW,Charles Schwab Corporation,89.45,0,45,70,9,124,16,45,3,12,76,200
VMI,Valmont Industries,333.37,10,22,55,56,143,16,42,-10,8,56,199
LMT,Lockheed Martin,458.07,-21,0,-22,163,120,-16,21,3,70,78,198
EBAY,eBay,73.63,-33,41,70,12,90,-26,45,75,14,108,198
CLH,Clean Harbors,230.2,25,39,0,56,120,33,-13,3,55,78,198
NET,Cloudflare,190.95,50,32,32,0,114,19,42,3,17,81,195
SCCO,Southern Copper,104.67,12,31,1,60,104,19,44,3,25,91,195
CB,Chubb Limited,283.55,-5,-2,94,56,143,-10,-8,15,54,51,194
THC,Tenet Healthcare,172.52,51,41,7,55,154,16,1,1,22,40,194
EVRG,Evergy,68.47,27,13,51,12,103,-1,13,70,8,90,193
PCAR,Paccar,94.89,18,0,-15,157,160,16,-8,-7,32,33,193
DGX,Quest Diagnostics,177.12,-11,46,61,16,112,-5,12,61,12,80,192
ATO,Atmos Energy,152.96,-3,-2,67,43,105,-9,-25,78,43,87,192
EWBC,East West Bancorp,101.8,40,32,2,20,94,36,43,2,17,98,192
COIN,Coinbase,374.97,43,31,2,0,76,53,45,2,16,116,192
JNPR,Juniper Networks,36.9,35,27,1,52,115,54,4,1,18,77,192
CCK,Crown Holdings,104.48,56,42,10,3,111,53,14,3,10,80,191
MTG,MGIC Investment Corporation,27.6,45,45,12,53,155,-5,11,3,26,35,190
FFIV,"F5, Inc.",289.12,0,31,87,12,130,-3,45,3,15,60,190
KD,Kyndryl,41.81,20,34,102,0,156,19,-5,1,18,33,189
HLT,Hilton Worldwide,257.61,24,32,9,62,127,45,-9,1,24,61,188
CRWD,CrowdStrike,505.27,17,45,38,0,100,19,47,3,18,87,187
ABT,Abbott Laboratories,133.65,0,29,49,11,89,-2,47,41,12,98,187
RMD,Resmed,256.21,35,38,10,11,94,35,44,2,11,92,186
RPM,RPM International,109.44,0,-2,-12,178,164,16,-3,-20,28,21,185
WSO,Watsco,434.41,0,-27,-6,194,161,1,-25,-21,69,24,185
TXN,Texas Instruments,206.38,29,32,2,20,83,48,36,3,14,101,184
GE,GE Aerospace,251.0,24,43,12,25,104,28,1,23,27,79,183
RLI,RLI Corp.,71.79,-13,-16,-4,174,141,-12,-9,-22,85,42,183
DLTR,Dollar Tree,99.46,105,49,0,-13,141,-4,48,18,-20,42,183
OZK,Bank OZK,47.31,25,32,10,54,121,35,8,1,17,61,182
HLI,Houlihan Lokey,182.66,28,34,10,42,114,38,3,3,24,68,182
BWXT,BWX Technologies,141.88,7,30,6,33,76,26,47,3,29,105,181
MET,Metlife,79.96,24,31,2,56,113,48,3,1,16,68,181
IRM,Iron Mountain,100.94,-7,37,0,55,85,-6,45,3,54,96,181
KEX,Kirby Corporation,114.72,7,32,0,33,72,21,45,3,40,109,181
TW,Tradeweb,142.6,37,10,102,0,149,20,-14,3,21,30,179
KKR,KKR & Co. Inc.,131.96,21,21,0,101,143,16,14,-13,19,36,179
PLNT,Planet Fitness,107.92,42,28,56,11,137,-12,39,3,12,42,179
SRE,Sempra,74.94,1,8,-8,179,180,-6,-9,1,12,-2,178
PNR,Pentair,102.64,24,32,2,60,118,34,3,1,22,60,178
FOXA,Fox Corporation (Class A),56.67,41,31,61,0,133,38,1,-6,12,45,178
BX,Blackstone Inc.,148.17,21,3,-6,140,158,16,1,-17,19,19,177
CMG,Chipotle Mexican Grill,54.27,35,16,-17,78,112,48,9,-19,27,65,177
RF,Regions Financial Corporation,23.37,36,31,0,20,87,38,38,1,12,89,176
STWD,Starwood Property Trust,20.41,23,32,11,56,122,16,16,3,19,54,176
CNM,Core & Main,59.31,24,34,12,0,70,35,45,3,22,105,175
WTFC,Wintrust Financial,124.16,25,32,2,47,106,5,45,1,17,68,174
CI,Cigna,330.0,13,1,2,56,72,33,1,13,55,102,174
SKX,Skechers,62.83,28,30,-17,53,94,32,37,-13,24,80,174
MTB,M&T Bank,193.5,35,32,1,20,88,35,38,1,12,86,174
HBAN,Huntington Bancshares,16.64,23,32,2,19,76,38,43,3,14,98,174
LECO,Lincoln Electric,211.39,24,31,0,63,118,22,38,1,-5,56,174
CINF,Cincinnati Financial,145.85,0,38,78,60,176,-12,-7,3,13,-3,173
SOFI,SoFi,16.78,42,24,39,0,105,43,15,1,9,68,173
HIG,Hartford (The),124.77,-14,0,87,55,128,-12,-12,14,54,44,172
AMGN,Amgen,279.13,-42,0,-1,163,120,5,20,-7,34,52,172
SNV,Synovus,51.58,31,32,1,19,83,38,38,1,12,89,172
ZS,Zscaler,313.86,28,45,10,3,86,19,47,3,16,85,171
FOX,Fox Corporation (Class B),52.21,41,31,60,0,132,38,1,-7,7,39,171
BLK,BlackRock,1030.84,22,31,10,20,83,21,45,3,19,88,171
META,Meta Platforms,726.44,24,32,10,27,93,19,37,1,21,78,171
DKNG,DraftKings,42.24,98,8,2,0,108,48,8,-11,18,63,171
MMM,3M,150.79,25,32,67,12,136,28,-9,3,12,34,170
ADSK,Autodesk,304.82,34,35,47,12,128,19,3,3,17,42,170
FNB,FNB Corporation,14.56,24,32,-6,53,103,35,12,2,17,66,169
ODFL,Old Dominion Freight Line,161.03,0,-6,-19,185,160,19,-16,-24,30,9,169
CBRE,CBRE Group,138.2,28,16,85,20,149,-5,12,1,12,20,169
ETR,Entergy,81.86,0,0,66,20,86,-8,-4,82,12,82,168
LOW,Lowe's,221.23,19,-9,-13,164,161,26,-17,-20,17,6,167
GEV,GE Vernova,506.83,56,44,0,0,100,16,47,4,0,67,167
CAR,Avis Budget Group,179.32,56,48,2,-18,88,49,58,6,-35,78,166
EPR,EPR Properties,57.68,0,34,50,27,111,-12,45,3,19,55,166
TTWO,Take-Two Interactive,239.32,2,52,38,11,103,-2,9,38,18,63,166
VRT,Vertiv,123.76,56,31,2,6,95,16,45,-14,24,71,166
RRC,Range Resources,40.94,-4,32,27,40,95,-19,33,3,53,70,165
H,Hyatt Hotels,138.86,23,15,-16,53,75,19,38,-20,53,90,165
CPNG,Coupang,29.81,21,38,10,0,69,33,45,3,15,96,165
PFGC,Performance Food Group,86.23,-1,35,46,41,121,-12,-3,3,55,43,164
BRK-B,Berkshire Hathaway,485.31,-4,-17,117,60,156,-5,-29,18,24,8,164
TRV,Travelers Companies (The),263.0,-14,1,84,56,127,-26,-8,17,54,37,164
LPLA,LPL Financial,364.37,-27,33,38,97,141,-31,-4,3,55,23,164
SSNC,SS&C Technologies,81.33,7,8,83,12,110,16,33,-8,13,54,164
MO,Altria,58.81,-12,29,63,43,123,-13,20,19,14,40,163
ANET,Arista Networks,101.59,17,17,1,56,91,19,13,-14,54,72,163
GRMN,Garmin,205.13,7,5,105,17,134,22,-2,-10,19,29,163
PAYX,Paychex,141.0,-85,-2,77,165,155,-6,-5,6,12,7,162
KEY,Keycorp,17.17,35,32,1,2,70,42,38,1,11,92,162
UGI,UGI Corporation,36.06,0,46,35,2,83,-11,45,42,3,79,162
CTVA,Corteva,74.34,7,45,46,0,98,5,45,3,9,62,160
GLW,Corning Inc.,51.72,28,31,12,15,86,22,38,1,12,73,159
CWEN-A,Clearway Energy (Class A),30.38,7,30,51,4,92,3,41,15,8,67,159
AIZ,Assurant,196.21,-20,1,0,150,131,-12,36,-13,17,28,159
PG,Procter & Gamble,158.67,-8,-9,-1,177,159,-11,-7,-7,24,-1,158
AVT,Avnet,52.69,25,32,0,43,100,21,9,3,25,58,158
R,Ryder,158.87,25,17,4,54,100,16,3,-16,54,57,157
OGE,OGE Energy,43.99,-8,0,61,43,96,-9,-4,61,12,60,156
CNP,Centerpoint Energy,36.6,21,0,42,43,106,27,-26,36,13,50,156
RGLD,Royal Gold,179.99,0,10,54,16,80,-18,19,61,14,76,156
APO,Apollo Global Management,139.38,21,14,0,95,130,16,2,-16,24,26,156
WBS,Webster Bank,54.71,22,32,1,12,67,33,40,1,15,89,156
AIG,American International Group,84.99,0,29,21,51,101,-12,32,16,19,55,156
FCX,Freeport-McMoRan,44.47,11,32,0,56,99,19,38,3,-4,56,155
GTES,Gates Corporation,22.9,25,32,10,13,80,16,40,3,16,75,155
FHN,First Horizon Corporation,20.91,25,32,45,2,104,38,3,1,8,50,154
MSM,MSC Industrial Direct,84.78,7,32,0,56,95,16,47,3,-7,59,154
CHE,Chemed Corporation,556.18,9,-25,-4,183,163,12,-13,-2,-6,-9,154
GWRE,Guidewire Software,234.87,-35,45,103,19,132,-45,45,3,18,21,153
EXEL,Exelixis,43.11,-2,31,57,12,98,-7,-8,48,22,55,153
EXE,Expand Energy,118.67,0,52,34,0,86,-13,37,34,8,66,152
NOW,ServiceNow,1011.44,10,33,1,80,124,16,-9,1,20,28,152
HAS,Hasbro,72.29,29,32,7,1,69,28,43,3,9,83,152
DOV,Dover Corporation,183.12,20,21,0,104,145,16,-14,-12,17,7,152
CWEN,Clearway Energy (Class C),32.11,1,30,51,2,84,3,41,15,8,67,151
MCHP,Microchip Technology,70.79,35,32,0,1,68,47,38,3,-5,83,151
ISRG,Intuitive Surgical,534.38,14,1,87,20,122,16,-13,1,24,28,150
MSTR,MicroStrategy,386.45,14,3,92,17,126,19,-17,3,18,23,149
SLGN,Silgan Holdings,54.81,13,38,12,78,141,7,-13,3,11,8,149
VICI,Vici Properties,32.21,-7,13,51,13,70,-6,13,16,55,78,148
PSTG,Pure Storage,55.64,22,31,0,40,93,21,-7,-14,55,55,148
THG,Hanover Insurance,168.79,0,30,54,22,106,-12,-4,46,12,42,148
K,Kellanova,78.85,0,-12,62,19,69,2,-9,74,11,78,147
NTRA,Natera,168.12,0,23,85,16,124,-18,21,3,17,23,147
ABBV,AbbVie,186.87,0,0,10,56,66,14,11,-7,62,80,146
PPL,PPL Corporation,33.61,-13,-9,69,21,68,-11,-4,81,12,78,146
SSD,Simpson Manufacturing Company,157.88,3,1,-19,154,139,25,-20,-22,24,7,146
CIEN,Ciena,81.39,28,32,2,10,72,65,-7,1,14,73,145
EA,Electronic Arts,157.76,67,8,1,5,81,28,7,9,19,63,144
LDOS,Leidos,155.68,29,44,0,21,94,26,1,6,17,50,144
LAMR,Lamar Advertising,121.11,2,22,0,62,86,-7,45,1,19,58,144
ADT,ADT Inc.,8.4,23,52,24,0,99,28,-7,18,6,45,144
KNSL,Kinsale Capital Group,476.42,7,17,9,31,64,-9,26,-20,83,80,144
QGEN,Qiagen,48.04,9,29,5,1,44,16,70,3,11,100,144
CXT,Crane NXT,55.58,0,22,-18,53,57,11,35,-14,54,86,143
FTI,TechnipFMC,34.94,0,32,10,25,67,2,36,3,35,76,143
CVNA,Carvana,306.45,-2,44,85,9,136,-5,-5,3,14,7,143
EQT,EQT Corporation,58.15,0,38,34,40,112,-15,3,34,8,30,142
CCL,Carnival Corporation & plc,26.19,25,31,10,0,66,19,39,1,17,76,142
PRI,Primerica,265.55,25,0,0,106,131,-5,-13,1,28,11,142
DDS,Dillard's,413.89,9,14,7,52,82,20,-4,-10,53,59,141
STAG,STAG Industrial,36.1,-13,32,0,94,113,-11,38,3,-2,28,141
ALLE,Allegion,143.37,29,44,2,19,94,38,-14,3,20,47,141
DCI,Donaldson Company,69.95,7,32,0,63,102,16,-8,3,28,39,141
SNOW,Snowflake Inc.,221.88,38,35,8,0,81,19,45,3,-8,59,140
TSCO,Tractor Supply Company,51.83,-2,0,0,83,81,-6,8,-26,83,59,140
CFG,Citizens Financial Group,44.15,38,20,1,2,61,42,37,-13,12,78,139
TXT,Textron,80.29,21,32,-28,51,76,21,42,3,-3,63,139
PNC,PNC Financial Services,185.53,35,22,0,12,69,38,37,-17,12,70,139
AYI,Acuity Brands,303.94,42,8,1,25,76,21,37,-14,18,62,138
JEF,Jefferies Financial Group,56.11,24,8,-13,56,75,16,8,-16,55,63,138
MAR,Marriott International,269.68,24,32,2,56,114,19,-9,-12,25,23,137
ARW,Arrow Electronics,128.28,31,39,1,2,73,22,45,3,-6,64,137
IDXX,Idexx Laboratories,527.93,19,39,7,2,67,27,45,3,-6,69,136
ALGM,Allegro MicroSystems,33.68,56,31,4,0,91,25,32,1,-14,44,135
TDY,Teledyne Technologies,506.68,10,31,45,12,98,20,1,3,13,37,135
WING,Wingstop,343.13,-3,38,4,36,75,-8,38,1,29,60,135
PPC,Pilgrim's Pride,44.54,-13,-16,79,19,69,-10,-37,96,16,65,134
KIM,Kimco Realty,21.03,0,31,0,53,84,-8,45,1,12,50,134
NSC,Norfolk Southern,255.57,42,31,4,2,79,-5,45,3,12,55,134
VEEV,Veeva Systems,281.2,0,35,38,6,79,-2,38,3,16,55,134
FITB,Fifth Third Bancorp,41.45,35,8,0,20,63,40,37,-20,14,71,134
CRUS,Cirrus Logic,107.57,42,32,-16,17,75,48,8,3,-1,58,133
FCNCA,First Citizens BancShares,1960.51,34,14,0,57,105,40,-17,-14,19,28,133
LH,Labcorp,256.82,-8,38,48,13,91,-13,38,1,16,42,133
UBER,Uber,93.1,21,44,11,0,76,21,1,9,24,55,131
XPO,"XPO, Inc.",124.17,25,14,0,59,98,16,6,-16,25,31,129
CR,Crane Co.,187.74,12,39,9,0,60,22,41,3,3,69,129
HPE,Hewlett Packard Enterprise,18.39,21,28,-17,40,72,16,2,-14,52,56,128
STLD,Steel Dynamics,131.5,7,1,1,53,62,14,-7,3,55,65,127
CNA,CNA Financial,46.03,7,-16,87,55,133,-5,-17,-2,18,-6,127
NVT,Nvent Electric,73.11,25,32,1,10,68,16,45,1,-3,59,127
AMG,Affiliated Managers Group,192.18,21,38,4,20,83,17,9,3,15,44,127
PRU,Prudential Financial,106.79,24,22,-6,53,93,22,14,-20,17,33,126
GEN,Gen Digital,29.47,0,35,8,14,57,14,37,3,14,68,125
NYT,New York Times Company,55.87,20,43,8,14,85,24,-7,3,19,39,124
TOL,Toll Brothers,113.84,25,16,-16,59,84,28,9,-22,24,39,123
AZEK,Azek,52.94,3,50,14,0,67,19,12,6,18,55,122
BEPC,Brookfield Renewable Partners,32.62,9,33,3,0,45,22,44,3,8,77,122
ATR,AptarGroup,154.49,25,38,0,18,81,26,-12,3,23,40,121
GLPI,Gaming and Leisure Properties,46.45,0,-2,0,63,61,-6,12,-1,55,60,121
CEG,Constellation Energy,322.65,41,32,9,0,82,26,-8,3,17,38,120
MPC,Marathon Petroleum,167.55,0,34,0,47,81,4,38,3,-6,39,120
CG,Carlyle Group (The),50.66,23,23,1,19,66,16,34,-13,16,53,119
AGO,Assured Guaranty,87.38,43,1,2,54,100,-8,4,3,20,19,119
NTAP,Netapp,104.71,25,17,-18,55,79,-2,45,-23,20,40,119
ESI,Element Solutions,22.97,25,4,-13,55,71,47,4,-22,18,47,118
CPRT,Copart,48.24,-13,-23,-6,174,132,-5,-19,-16,26,-14,118
TRGP,Targa Resources,175.86,7,0,1,49,57,12,9,-13,52,60,117
TNL,Travel + Leisure Co.,51.54,23,22,2,14,61,16,38,-10,12,56,117
ECL,Ecolab,263.22,0,30,9,20,59,-2,40,3,17,58,117
NNN,NNN Reit,43.14,32,30,1,20,83,5,14,3,12,34,117
APP,AppLovin,347.45,0,22,98,0,120,-5,-6,-10,16,-5,115
DKS,Dick's Sporting Goods,195.87,14,0,0,61,75,19,4,-14,31,40,115
MASI,Masimo,166.76,24,5,39,-4,64,33,18,-8,8,51,115
PEGA,Pegasystems,52.18,21,44,12,3,80,19,2,1,13,35,115
AL,Air Lease Corporation,58.04,7,38,10,20,75,16,-4,3,24,39,114
DDOG,Datadog,131.12,54,22,-16,0,60,21,39,-19,13,54,114
AMZN,Amazon,217.13,6,22,10,19,57,14,37,-12,18,57,114
VRTX,Vertex Pharmaceuticals,443.41,-8,-36,-2,102,56,-5,11,16,35,57,113
APG,APi Group,50.33,0,39,11,0,50,-10,45,3,24,62,112
FOUR,Shift4,98.05,25,12,1,0,38,21,41,-10,22,74,112
ANSS,Ansys,343.57,7,32,10,9,58,19,11,3,21,54,112
PNFP,Pinnacle Financial Partners,109.18,25,32,0,13,70,38,-13,1,16,42,112
XYL,Xylem Inc.,129.51,19,32,1,20,72,16,1,3,20,40,112
ZION,Zions Bancorporation,51.41,25,14,0,2,41,36,37,-16,13,70,111
AFL,Aflac,103.94,42,-3,1,56,96,-9,-28,-1,53,15,111
ROK,Rockwell Automation,326.2,7,35,8,13,63,16,37,3,-9,47,110
FHB,"First Hawaiian, Inc.",24.74,23,4,0,12,39,30,42,-13,12,71,110
GL,Globe Life,123.03,25,1,38,12,76,38,-8,-2,6,34,110
TOST,"Toast, Inc.",42.5,0,33,70,0,103,-5,-7,3,15,6,109
AEE,Ameren,95.38,0,-2,50,11,59,-6,-7,55,8,50,109
VNT,Vontier,37.3,23,32,0,0,55,16,39,1,-3,53,108
COHR,Coherent Corp.,89.9,14,31,0,13,58,16,38,-17,13,50,108
SMCI,Supermicro,49.25,14,8,0,56,78,13,31,-9,-7,28,106
NBIX,Neurocrine Biosciences,126.73,42,23,-21,23,67,12,42,-13,-2,39,106
DLR,Digital Realty,169.55,-9,38,0,20,49,-8,45,3,17,57,106
AFRM,Affirm Holdings,66.89,25,14,5,0,44,42,15,-10,15,62,106
IONS,Ionis Pharmaceuticals,39.8,42,35,-42,-9,26,44,41,3,-8,80,106
DOCS,Doximity,60.42,24,2,47,0,73,19,13,-10,10,32,105
VOYA,Voya Financial,70.25,24,32,-16,2,42,27,6,1,29,63,105
RITM,Rithm Capital,11.4,6,32,10,30,78,16,-16,3,24,27,105
LFUS,Littelfuse,226.15,25,32,-18,0,39,33,37,1,-6,65,104
LHX,L3Harris,246.74,-3,54,5,3,59,-19,47,5,12,45,104
MLM,Martin Marietta Materials,540.86,0,41,-3,58,96,-9,-12,3,25,7,103
POST,Post Holdings,108.4,-20,-3,0,85,62,-25,12,-1,55,41,103
DOX,Amdocs,91.37,-37,41,10,56,70,-12,39,3,3,33,103
MANH,Manhattan Associates,194.23,24,26,-22,63,91,-2,8,-20,25,11,102
WYNN,Wynn Resorts,92.65,56,34,1,1,92,28,-15,3,-6,10,102
AEP,American Electric Power,102.36,1,-2,66,21,86,-9,-3,16,12,16,102
AS,Amer Sports,37.85,5,32,0,0,37,24,37,3,0,64,101
XEL,Xcel Energy,67.77,23,-16,44,10,61,-3,-16,52,7,40,101
ALLY,Ally Financial,38.79,24,22,1,2,49,21,16,1,14,52,101
WTM,White Mountains Insurance Group,1806.44,1,0,0,57,58,17,-15,-13,54,43,101
CARR,Carrier Global,72.59,22,39,1,0,62,26,-14,3,24,39,101
PARAA,Paramount Global (Class A),22.9,27,8,32,0,67,23,5,1,4,33,100
PFG,Principal Financial Group,78.41,24,3,-6,53,74,35,-14,-13,16,24,98
LII,Lennox International,564.5,29,0,0,36,65,40,-16,-16,25,33,98
PR,Permian Resources,13.91,-21,31,-1,24,33,-19,34,3,47,65,98
SARO,StandardAero,30.77,7,32,0,0,39,16,39,3,0,58,97
HII,Huntington Ingalls Industries,239.82,12,71,1,4,88,5,2,9,-7,9,97
CMI,Cummins,324.38,7,4,0,63,74,16,-7,-14,28,23,97
WEC,WEC Energy Group,103.32,-14,-2,48,11,43,-12,-4,61,9,54,97
NCLH,Norwegian Cruise Line Holdings,19.45,21,3,-13,0,11,47,33,-13,18,85,96
SNA,Snap-on,309.51,0,-9,0,57,48,16,-12,-12,55,47,95
WHR,Whirlpool Corporation,95.51,119,9,-17,-24,87,24,31,-13,-34,8,95
CMA,Comerica,59.11,23,6,0,2,31,33,37,-17,10,63,94
MP,MP Materials,35.96,0,15,25,0,40,2,12,38,2,54,94
TXRH,Texas Roadhouse,184.98,-14,33,2,62,83,-14,-7,3,29,11,94
TWLO,Twilio,121.42,23,24,40,-32,55,47,-6,-11,9,39,94
OSK,Oshkosh Corporation,112.97,7,31,4,2,44,16,36,1,-3,50,94
BRX,Brixmor Property Group,25.95,1,14,0,53,68,-12,11,3,24,26,94
GILD,Gilead Sciences,107.69,-49,26,44,33,54,2,-1,1,37,39,93
NEM,Newmont,59.2,1,56,12,3,72,-18,18,12,8,20,92
REG,Regency Centers,70.54,-11,0,61,51,101,-12,-17,3,17,-9,92
FNF,Fidelity National Financial,56.32,25,-34,0,56,47,28,2,-4,19,45,92
UI,Ubiquiti,395.9,12,4,45,8,69,22,-10,3,8,23,92
HIW,Highwoods Properties,31.31,-19,38,4,4,27,5,45,3,11,64,91
DG,Dollar General,112.63,9,73,0,-15,67,12,21,15,-24,24,91
HR,Healthcare Realty Trust,15.56,95,0,0,-37,58,42,6,-22,7,33,91
CFR,Frost Bank,128.73,22,32,1,2,57,33,-8,1,8,34,91
TFC,Truist Financial,42.53,35,6,0,2,43,38,14,-16,12,48,91
LNW,Light & Wonder,95.66,14,2,-14,55,57,16,2,-8,23,33,90
SAIC,SAIC,109.16,14,-18,-30,65,31,15,-18,7,55,59,90
PODD,Insulet,309.82,20,33,38,2,93,-6,-8,7,4,-3,90
JLL,Jones Lang LaSalle,253.7,28,6,0,12,46,33,11,-13,12,43,89
RKT,Rocket Companies,14.48,42,6,0,0,48,-7,28,2,18,41,89
AMTM,Amentum,24.03,14,44,0,0,58,19,9,3,0,31,89
APPF,AppFolio,229.3,25,17,0,26,68,-2,9,-13,26,20,88
ELAN,Elanco,14.3,7,35,0,-5,37,16,37,2,-4,51,88
FIVE,Five Below,129.92,13,34,0,-14,33,19,43,4,-13,53,86
RPRX,Royalty Pharma,35.27,30,35,25,0,90,-2,14,19,-36,-5,85
USB,U.S. Bancorp,45.61,21,32,0,2,55,33,1,-17,13,30,85
COKE,Coca-Cola Consolidated,110.88,7,-39,0,84,52,30,-39,-8,50,33,85
AGNC,AGNC Investment,9.32,2,17,4,14,37,16,15,1,15,47,84
TTEK,Tetra Tech,36.05,15,30,-22,3,26,21,45,-25,17,58,84
VLO,Valero Energy,137.0,0,32,0,42,74,-24,34,2,-3,9,83
NTNX,Nutanix,75.3,7,1,24,20,52,19,-13,3,22,31,83
IR,Ingersoll Rand,84.97,21,31,-14,21,59,16,1,-21,27,23,82
IDA,Idacorp,114.47,5,1,49,16,71,-12,-4,19,8,11,82
LAZ,Lazard,47.59,28,15,0,18,61,28,3,-21,11,21,82
ADC,Agree Realty,72.96,-14,-2,56,14,54,-14,14,16,11,27,81
FAF,First American Financial Corporation,61.13,29,1,0,12,42,29,6,-12,16,39,81
GRAL,"Grail, Inc.",49.37,14,12,0,0,26,9,45,1,0,55,81
QCOM,Qualcomm,158.19,7,17,-18,20,26,16,40,1,-3,54,80
PHM,PulteGroup,104.44,24,5,-16,63,76,-5,9,-27,27,4,80
DIS,Walt Disney Company (The),121.51,20,32,8,-39,21,19,36,3,1,59,80
UNH,UnitedHealth Group,302.62,-34,-48,-11,-2,-95,11,6,-24,182,175,80
CUBE,CubeSmart,42.29,-14,38,-16,20,28,-6,43,3,12,52,80
IT,Gartner,404.57,0,-9,-14,56,33,15,-12,-12,55,46,79
NOC,Northrop Grumman,493.82,-4,0,3,56,55,-16,19,10,10,23,78
DHI,D. R. Horton,127.15,27,5,-21,63,74,-5,9,-28,28,4,78
AMED,Amedisys,98.0,13,49,5,-38,29,10,12,18,8,48,77
APD,Air Products,283.03,15,3,0,14,32,16,33,-12,8,45,77
SPR,Spirit AeroSystems,37.16,0,46,11,0,57,-12,-3,23,12,20,77
JHG,Janus Henderson,38.14,22,17,0,17,56,16,1,-12,16,21,77
DT,Dynatrace,54.92,0,30,7,0,37,-5,38,-11,18,40,77
ACGL,Arch Capital Group,90.28,-13,0,-1,60,46,-14,-8,3,49,30,76
ROIV,Roivant Sciences,11.61,7,42,0,0,49,-9,11,3,22,27,76
DINO,HF Sinclair,41.59,0,34,0,0,34,5,39,3,-6,41,75
VTR,"Ventas, Inc.",63.34,1,-21,65,20,65,9,-28,16,13,10,75
XOM,ExxonMobil,110.06,-19,11,0,42,34,-19,10,2,48,41,75
WPC,W. P. Carey,62.99,-8,29,22,0,43,-12,21,19,3,31,74
EXPE,Expedia Group,166.8,0,5,42,9,56,19,-2,-11,12,18,74
ZBRA,Zebra Technologies,308.32,25,18,-14,-5,24,16,37,-14,11,50,74
LYFT,Lyft,15.85,21,33,1,0,55,21,-8,3,2,18,73
PNW,Pinnacle West Capital,88.96,0,-9,61,16,68,-6,-28,15,24,5,73
PINS,Pinterest,35.13,21,17,0,0,38,16,33,-12,-3,34,72
DECK,Deckers Brands,101.92,0,-11,-17,91,63,16,-23,-13,29,9,72
ST,Sensata Technologies,30.0,36,32,-35,-13,20,48,36,1,-33,52,72
SN,SharkNinja,94.11,42,8,0,0,50,47,-14,-11,0,22,72
ECG,Everus Construction Group,61.95,25,30,0,0,55,22,4,-10,0,16,71
KEYS,Keysight,165.0,21,32,9,0,62,19,-14,1,3,9,71
EOG,EOG Resources,121.12,-11,11,0,43,43,-19,12,-14,49,28,71
RGA,Reinsurance Group of America,198.7,1,1,0,38,40,-11,-10,1,51,31,71
WSM,"Williams-Sonoma, Inc.",162.01,8,0,1,63,72,9,-20,-10,19,-2,70
AR,Antero Resources,40.89,-5,32,34,8,69,-20,9,3,8,0,69
NU,Nubank,13.4,23,3,1,0,27,19,3,3,17,42,69
MORN,"Morningstar, Inc.",310.43,19,32,-13,26,64,12,-4,-19,16,5,69
LPX,Louisiana-Pacific,87.78,0,0,-3,61,58,16,-12,-17,24,11,69
XP,XP Inc.,19.35,-42,46,5,0,9,13,44,9,-6,60,69
EXP,Eagle Materials,203.05,24,-21,-8,55,50,33,-18,-22,25,18,68
W,Wayfair,50.67,56,32,0,-39,49,16,38,3,-38,19,68
MSCI,MSCI,565.68,21,30,0,12,63,17,-14,-16,18,5,68
ELF,e.l.f. Beauty,124.88,3,24,-43,29,13,19,38,1,-3,55,68
CSX,CSX Corporation,32.58,8,31,-29,2,12,22,35,3,-4,56,68
GWW,W. W. Grainger,1015.69,-63,0,0,92,29,-13,-7,3,55,38,67
NLY,Annaly Capital Management,19.47,7,14,11,8,40,16,-4,1,14,27,67
BAH,Booz Allen Hamilton,103.25,7,-21,-23,99,62,10,-17,-25,36,4,66
CSGP,CoStar Group,81.48,2,14,0,12,28,20,9,16,-7,38,66
INFA,Informatica,24.34,21,23,-35,0,9,16,45,1,-5,57,66
LLYVA,Liberty Live (Series A),77.66,0,45,21,0,66,-10,6,3,0,-1,65
LVS,Las Vegas Sands,43.63,25,32,-15,-4,38,19,38,-19,-12,26,64
LBRDA,Liberty Broadband (Series A),92.75,24,43,40,-34,73,-3,-15,3,6,-9,64
AFG,American Financial Group,124.35,2,0,-5,54,51,-6,4,3,12,13,64
ROKU,"Roku, Inc.",86.53,21,13,3,-17,20,16,37,-11,2,44,64
ALAB,Astera Labs,97.99,5,30,0,0,35,4,39,-15,0,28,63
UTHR,United Therapeutics,284.1,0,-12,-3,55,40,-5,-7,-22,57,23,63
LBRDK,Liberty Broadband (Series C),93.39,23,43,40,-34,72,-2,-16,3,6,-9,63
SOLV,Solventum,74.64,18,5,0,0,23,16,33,-9,0,40,63
LAD,Lithia Motors,329.5,0,13,0,12,25,-5,38,-15,19,37,62
EXR,Extra Space Storage,145.7,-14,29,-6,0,9,-6,45,3,11,53,62
GXO,GXO Logistics,48.1,35,32,-30,0,37,-9,38,2,-6,25,62
VLTO,Veralto,101.15,21,32,0,0,53,16,-9,2,0,9,62
ALSN,Allison Transmission,94.13,0,0,0,33,33,19,-9,-14,32,28,61
WAL,Western Alliance Bancorporation,77.76,23,5,0,2,30,33,2,-20,16,31,61
SPG,Simon Property Group,160.63,6,1,0,33,40,3,-2,1,19,21,61
SUI,Sun Communities,128.22,32,23,2,-22,35,1,13,3,9,26,61
LLYVK,Liberty Live (Series C),79.16,2,38,22,0,62,-12,8,3,0,-1,61
TRU,TransUnion,88.93,23,21,0,1,45,19,-17,1,12,15,60
PSX,Phillips 66,120.17,-17,31,-1,39,52,-25,33,2,-3,7,59
HSIC,Schein (Henry),73.15,25,8,1,0,34,35,1,-12,1,25,59
BROS,Dutch Bros. Coffee,67.5,-11,24,46,0,59,-4,-6,1,9,0,59
TPG,TPG Inc.,52.82,22,15,-6,0,31,21,6,-17,17,27,58
TKR,Timken Company,74.03,21,17,-17,2,23,16,36,-14,-3,35,58
OLED,Universal Display Corporation,156.42,1,32,-30,0,3,16,39,3,-3,55,58
IVZ,Invesco,15.6,25,8,-13,0,20,35,4,-13,11,37,57
EXPD,Expeditors International,113.61,-14,0,-13,129,102,-12,-2,-30,-1,-45,57
UHS,Universal Health Services,177.43,13,0,-4,20,29,16,-13,1,24,28,57
ESS,Essex Property Trust,287.57,2,14,0,12,28,1,12,3,12,28,56
FIS,Fidelity National Information Services,80.04,-7,47,0,-35,5,-5,45,2,9,51,56
ULTA,Ulta Beauty,458.0,-16,42,5,2,33,-21,45,5,-7,22,55
GNRC,Generac,142.29,28,16,-13,-32,-1,35,34,-21,8,56,55
OWL,Blue Owl Capital,19.17,20,11,0,0,31,16,3,-14,19,24,55
INGR,Ingredion,135.31,-19,0,0,32,13,-12,-3,3,54,42,55
CTRA,Coterra,25.98,-10,10,4,42,46,-21,24,-5,11,9,55
FLS,Flowserve,51.88,14,3,0,25,42,16,-13,-14,23,12,54
QRVO,Qorvo,83.08,23,32,-37,-29,-11,25,40,2,-3,64,53
CPAY,Corpay,326.03,0,0,0,19,19,16,-6,1,23,34,53
OTIS,Otis Worldwide,97.55,21,0,1,0,22,19,-5,-7,24,31,53
SEB,Seaboard Corporation,2923.5,42,6,0,-21,27,34,18,1,-27,26,53
TER,Teradyne,91.1,37,3,-22,-4,14,25,33,-16,-3,39,53
ILMN,"Illumina, Inc.",94.12,100,12,-21,-38,53,21,38,-21,-38,0,53
NDSN,Nordson,214.9,0,31,-29,0,2,16,37,3,-5,51,53
AMT,American Tower,217.64,-2,10,9,4,21,-7,15,13,9,30,51
CRH,CRH plc,89.06,0,-2,0,62,60,-6,-18,-10,25,-9,51
KBR,"KBR, Inc.",49.03,-38,-5,-23,62,-4,6,-5,-1,55,55,51
VMC,Vulcan Materials,257.02,-14,0,0,58,44,-7,-14,3,25,7,51
SFD,Smithfield Foods,23.25,-14,27,0,0,13,-8,45,0,0,37,50
DXCM,Dexcom,85.07,19,36,0,-12,43,16,-5,3,-7,7,50
LSCC,Lattice Semiconductor,50.53,42,3,-13,-3,29,40,4,-10,-13,21,50
MKC,McCormick & Company,77.58,7,0,1,0,8,29,12,-7,8,42,50
BKR,Baker Hughes,38.33,-27,0,0,33,6,1,31,-12,24,44,50
GAP,Gap Inc.,21.97,7,-4,-5,16,14,29,-15,4,17,35,49
MKSI,MKS Instruments,100.32,21,17,-20,-11,7,21,37,-14,-3,41,48
PKG,Packaging Corporation of America,187.72,0,0,-6,59,53,-6,-4,-19,24,-5,48
INGM,Ingram Micro,20.81,21,17,0,0,38,19,1,-11,0,9,47
OHI,Omega Healthcare Investors,36.74,0,1,0,38,39,-12,-5,-4,29,8,47
RRX,Regal Rexnord,147.02,21,32,-21,1,33,16,8,-22,11,13,46
OC,Owens Corning,137.27,3,-2,-17,56,40,22,-23,-21,27,5,45
CACC,Credit Acceptance,508.23,22,8,0,1,31,16,9,-8,-3,14,45
MAS,Masco,63.73,3,-2,-13,63,51,19,-19,-25,19,-6,45
NVR,"NVR, Inc.",7274.43,7,1,-16,63,55,-6,-7,-25,27,-11,44
PSN,Parsons Corporation,71.28,7,17,-20,0,4,14,16,-23,33,40,44
MEDP,Medpace,306.6,31,6,-20,30,47,-5,16,-12,-2,-3,44
BWA,BorgWarner,33.6,3,34,1,0,38,19,-2,3,-14,6,44
BLDR,Builders FirstSource,115.97,29,0,-21,63,71,-5,4,-25,-1,-27,44
AOS,A. O. Smith,64.66,20,-1,-35,56,40,21,-18,3,-3,3,43
O,Realty Income,57.22,-8,28,3,5,28,-13,14,3,11,15,43
BA,Boeing,202.54,0,45,1,0,46,7,-4,3,-9,-3,43
BOKF,BOK Financial Corporation,97.08,22,1,-5,20,38,29,-17,-19,12,5,43
WAT,Waters Corporation,354.9,18,2,1,12,33,24,-13,-13,12,10,43
LNT,Alliant Energy,60.33,-14,-2,61,12,57,-12,-16,3,11,-14,43
HST,Host Hotels & Resorts,15.72,2,32,-25,2,11,-11,45,1,-4,31,42
FE,FirstEnergy,39.96,0,-2,0,53,51,-7,-17,3,12,-9,42
CRM,Salesforce,270.79,21,0,-6,20,35,21,-19,-14,19,7,42
MDU,MDU Resources,16.38,0,0,0,38,38,-7,-20,3,27,3,41
TYL,Tyler Technologies,577.38,0,4,0,15,19,-4,31,-21,16,22,41
LNC,Lincoln Financial,34.53,7,1,11,-4,15,16,1,1,6,24,39
CUZ,Cousins Properties,30.11,-11,22,4,9,24,-14,15,3,11,15,39
PARA,Paramount Global (Class B),12.31,40,33,1,-37,37,1,39,5,-43,2,39
SMG,Scotts Miracle-Gro Company,64.99,12,28,-15,-37,-12,33,31,-25,11,50,38
PB,Prosperity Bancshares,70.79,12,1,0,12,25,35,-17,-17,12,13,38
VZ,Verizon,42.12,0,-8,23,8,23,-6,-8,16,12,14,37
AMH,American Homes 4 Rent,36.03,-14,0,-1,66,51,-14,-16,3,13,-14,37
CMS,CMS Energy,69.17,-14,-24,69,21,52,-12,-30,15,12,-15,37
JNJ,Johnson & Johnson,152.05,0,0,1,0,1,19,20,-7,4,36,37
NVST,Envista,19.65,22,17,-16,0,23,21,38,-16,-30,13,36
SYY,Sysco,74.57,-2,19,0,1,18,-6,32,-21,12,17,35
CFLT,"Confluent, Inc.",24.85,7,1,-9,0,-1,19,26,-11,2,36,35
EQIX,Equinix,745.0,-9,-1,-1,32,21,-7,-2,-1,24,14,35
RYAN,Ryan Specialty,67.25,28,-2,2,0,28,-6,-8,-2,23,7,35
PPG,PPG Industries,113.73,24,32,-39,-6,11,35,-9,3,-6,23,34
LEN-B,Lennar (Class B),104.35,0,0,-21,60,39,-2,-2,-28,27,-5,34
DAL,Delta Air Lines,48.97,2,4,-6,17,17,16,-9,-14,24,17,34
CTSH,Cognizant,77.59,0,4,9,12,25,12,-8,-11,16,9,34
EFX,Equifax,256.06,0,0,-2,14,12,19,-17,3,16,21,33
INCY,Incyte,70.83,7,18,0,-29,-4,16,40,-24,5,37,33
A,Agilent Technologies,119.48,7,6,-16,0,-3,16,35,-13,-3,35,32
CNH,CNH Industrial,12.89,2,33,12,0,47,16,-13,3,-21,-15,32
ED,Consolidated Edison,98.41,-53,-16,21,45,-3,-19,-4,15,43,35,32
MUSA,Murphy USA,404.52,-2,-34,-6,66,24,-13,-34,-22,77,8,32
CF,CF Industries,90.74,-25,31,8,2,16,-37,43,3,6,15,31
FSLR,First Solar,155.63,0,-5,-32,60,23,16,-7,3,-4,8,31
CNXC,Concentrix,55.14,7,3,0,0,10,16,35,1,-31,21,31
MSGS,Madison Square Garden Sports,206.71,36,6,-13,19,48,-6,-17,-19,25,-17,31
PEN,"Penumbra, Inc.",253.16,-14,-21,25,9,-1,16,-24,39,1,32,31
EIX,Edison International,50.8,21,-15,-25,-1,-20,40,-16,-22,48,50,30
OKE,Oneok,81.31,-47,-4,-6,52,-5,1,2,-18,49,34,29
D,Dominion Energy,55.2,25,30,7,-32,30,-5,-7,3,8,-1,29
HRB,H&R Block,54.32,-21,-13,0,50,16,-19,-25,7,50,13,29
CHDN,Churchill Downs Incorporated,100.62,10,1,-24,0,-13,19,19,-25,28,41,28
PCOR,Procore,67.9,21,3,-4,0,20,19,-18,-10,17,8,28
ZG,Zillow (Class A),67.69,0,5,47,-39,13,-6,14,-11,18,15,28
HES,Hess Corporation,140.12,-20,0,0,53,33,-19,17,-4,1,-5,28
MDT,Medtronic,86.22,-5,0,4,-4,-5,16,13,-7,11,33,28
TROW,T. Rowe Price,96.2,23,17,-16,-23,1,33,1,-18,11,27,28
KMPR,Kemper Corporation,64.25,7,22,0,2,31,-6,3,-13,12,-4,27
VAC,Marriott Vacations Worldwide,73.36,43,7,-18,-15,17,48,3,-18,-23,10,27
UAL,United Airlines Holdings,77.53,0,5,0,9,14,16,-4,-13,14,13,27
BLD,TopBuild,321.05,35,6,-22,44,63,-5,9,-39,-1,-36,27
EEFT,Euronet Worldwide,102.32,0,0,0,-1,-1,16,-2,3,11,28,27
EW,Edwards Lifesciences,77.16,20,6,0,-12,14,29,-7,23,-33,12,26
XYZ,"Block, Inc.",65.11,21,10,-17,-34,-20,24,29,-18,11,46,26
MTD,Mettler Toledo,1195.11,9,17,-16,0,10,16,37,-34,-3,16,26
AGCO,AGCO,102.58,2,34,0,0,36,9,-13,4,-11,-11,25
RNR,RenaissanceRe,241.52,-14,1,-1,33,19,-14,-8,1,26,5,24
PATH,UiPath,12.78,2,22,-4,0,20,19,-10,3,-8,4,24
Z,Zillow (Class C),69.19,0,5,4,0,9,-6,14,-11,18,15,24
ESAB,ESAB,121.21,2,0,1,0,3,16,-14,3,15,20,23
CVS,CVS Health,68.14,7,5,3,-15,0,19,11,18,-26,22,22
FTV,Fortive,71.24,3,3,-14,31,23,16,-4,-10,-3,-1,22
IP,International Paper,46.53,0,-2,0,14,12,16,-7,-13,14,10,22
MIDD,Middleby,144.8,0,3,7,0,10,16,-7,-9,11,11,21
CHH,Choice Hotels,127.1,2,0,-6,13,9,16,-7,-10,12,11,20
DPZ,Domino's,454.95,1,-2,0,8,7,-5,-18,20,16,13,20
PYPL,PayPal,73.19,21,22,-3,-37,3,28,-1,-17,7,17,20
CVX,Chevron Corporation,144.42,-20,0,-1,46,25,-19,15,-5,4,-5,20
HXL,Hexcel,56.88,7,4,-22,0,-11,19,33,-14,-7,31,20
ADM,Archer Daniels Midland,53.17,0,33,-1,-9,23,1,9,3,-18,-5,18
WMS,Advanced Drainage Systems,115.79,1,16,-33,1,-15,23,8,3,-1,33,18
VTRS,Viatris,9.13,7,6,-18,-5,-10,23,10,-22,17,28,18
IRDM,Iridium Communications,29.52,7,14,-14,-17,-10,24,36,-16,-17,27,17
HAYW,Hayward Holdings,13.78,2,3,-6,0,-1,19,-17,1,14,17,16
MAT,Mattel,19.47,9,31,7,0,47,16,-7,-11,-29,-31,16
GEHC,GE HealthCare,74.87,9,1,-13,0,-3,16,6,-11,6,17,14
MRP,Millrose Properties,28.25,5,21,0,0,26,-7,-5,0,0,-12,14
VVV,Valvoline,37.04,2,17,-19,29,29,-5,33,-41,-2,-15,14
FI,Fiserv,171.39,28,-58,-7,33,-4,-3,3,-8,25,17,13
BBWI,"Bath & Body Works, Inc.",29.14,48,-19,-18,-13,-2,48,-20,-9,-4,15,13
NUE,Nucor,130.6,51,9,-48,1,13,21,10,-25,-6,0,13
GM,General Motors,49.16,1,14,0,9,24,-7,6,-21,11,-11,13
TFSL,Third Federal S&L,12.99,7,6,1,3,17,-7,-17,3,17,-4,13
AWK,American Water Works,138.42,-11,-2,19,0,6,-13,-1,15,6,7,13
GDDY,GoDaddy,177.18,2,0,0,20,22,-2,-16,-12,20,-10,12
ABNB,Airbnb,133.72,0,17,-3,0,14,16,-4,-11,-3,-2,12
WEX,WEX Inc.,149.39,13,14,-36,-3,-12,25,32,-27,-6,24,12
NXST,Nexstar Media Group,173.18,10,31,2,2,45,-10,-7,-25,8,-34,11
CBSH,Commerce Bancshares,62.21,2,1,0,2,5,6,-14,3,11,6,11
SWKS,Skyworks Solutions,74.66,21,30,-36,-28,-13,25,40,-39,-3,23,10
EXC,Exelon,42.53,-14,-21,48,12,25,-12,-31,19,8,-16,9
BXP,"BXP, Inc.",67.77,-34,30,-1,0,-5,-45,45,3,11,14,9
QS,QuantumScape,7.66,14,6,1,0,21,14,6,1,-34,-13,8
FR,First Industrial Realty Trust,49.05,-10,0,-6,12,-4,-6,5,1,12,12,8
AVB,AvalonBay Communities,204.25,-15,1,0,14,0,-19,12,2,13,8,8
LOAR,Loar Holdings,86.13,7,0,0,0,7,16,-22,7,0,1,8
LEN,Lennar (Class A),109.82,4,0,-23,62,43,-4,-2,-28,-1,-35,8
SBAC,SBA Communications,230.74,0,5,9,-18,-4,-6,4,10,3,11,7
PENN,Penn Entertainment,18.25,44,3,-16,-32,-1,48,13,-11,-42,8,7
SNDR,Schneider National,24.07,0,12,-16,0,-4,-10,31,-20,8,9,5
RVTY,Revvity,98.84,24,0,-13,-22,-11,24,8,-18,1,15,4
TSLA,"Tesla, Inc.",325.77,-2,14,0,8,20,-12,4,-17,8,-17,3
ALK,Alaska Air Group,48.99,2,-2,-3,0,-3,19,-11,-10,7,5,2
THO,Thor Industries,88.68,5,16,-19,0,2,-12,38,-22,-4,0,2
MOS,Mosaic Company (The),35.18,-1,52,9,-14,46,-27,2,8,-28,-45,1
CART,Maplebear Inc.,44.94,4,1,16,0,21,-5,-6,-10,0,-21,0
INVH,Invitation Homes,32.93,-14,0,-1,5,-10,-14,-2,14,12,10,0
ES,Eversource Energy,63.26,-1,35,8,-8,34,-9,-2,3,-26,-34,0
COLB,Columbia Banking System,23.54,7,1,-3,-7,-2,29,-17,-19,8,1,-1
NCNO,nCino,27.38,5,17,-19,0,3,5,-1,-21,13,-4,-1
DLB,Dolby Laboratories,74.81,7,0,1,0,8,16,-18,-13,6,-9,-1
AKAM,Akamai Technologies,79.61,23,0,-19,-5,-1,19,7,-19,-8,-1,-2
DD,DuPont,69.32,7,3,-14,17,13,16,-2,-28,-1,-15,-2
BFAM,Bright Horizons,120.52,-14,0,0,6,-8,-5,-11,8,13,5,-3
WBD,Warner Bros. Discovery,11.15,25,12,5,-40,2,19,32,-13,-43,-5,-3
DVA,DaVita,141.07,21,-51,0,18,-12,21,-17,-13,17,8,-4
WTW,Willis Towers Watson,301.92,16,-44,1,22,-5,-10,-8,-8,27,1,-4
AMKR,Amkor Technology,21.18,21,17,-33,0,5,21,13,-41,-3,-10,-5
U,Unity Technologies,23.41,-7,21,0,0,14,16,-5,3,-33,-19,-5
DHR,Danaher Corporation,201.51,9,14,-22,0,1,16,13,-33,-2,-6,-5
WST,West Pharmaceutical Services,218.89,0,15,-20,-5,-10,16,15,-20,-6,5,-5
DOCU,DocuSign,75.55,0,-12,-4,-10,-26,16,-6,1,9,20,-6
PSA,Public Storage,288.57,-14,0,-4,13,-5,-7,-8,3,11,-1,-6
ON,ON Semiconductor,53.68,12,17,-30,0,-1,5,38,-36,-13,-6,-7
AXTA,Axalta,29.9,0,-19,-9,20,-8,21,-22,-22,24,1,-7
LUV,Southwest Airlines,31.55,0,31,9,-37,3,-11,-2,1,2,-10,-7
APTV,Aptiv,67.97,0,32,0,-22,10,16,-2,3,-34,-17,-7
CCI,Crown Castle,100.34,-1,5,0,-26,-22,-6,4,13,3,14,-8
DBX,Dropbox,27.99,-10,0,12,7,9,-5,-19,1,6,-17,-8
UDR,"UDR, Inc.",40.82,-15,0,0,0,-15,-19,11,3,11,6,-9
DNB,Dun & Bradstreet,9.08,45,11,-19,0,37,-5,15,-21,-35,-46,-9
ACI,Albertsons,21.12,-8,-1,18,0,9,-10,-22,20,-7,-19,-10
RIVN,Rivian,13.9,0,0,0,0,0,19,-15,4,-19,-11,-11
F,Ford Motor Company,10.64,4,46,-43,-15,-8,-11,8,3,-3,-3,-11
CHTR,Charter Communications,394.1,23,0,11,-34,0,-2,-17,3,4,-12,-12
ACN,Accenture,296.12,0,-5,-16,12,-9,-1,-7,-12,17,-3,-12
BIO,Bio-Rad Laboratories,243.37,43,0,-20,-26,-3,47,3,-25,-35,-10,-13
BURL,Burlington Stores,229.1,0,-7,-3,0,-10,16,-16,-19,15,-4,-14
WBA,Walgreens Boots Alliance,11.38,7,32,0,-75,-36,7,47,1,-33,22,-14
SBUX,Starbucks,91.85,-20,0,3,1,-16,-26,31,-8,5,2,-14
JBHT,J. B. Hunt,143.28,9,1,-24,0,-14,24,4,-21,-8,-1,-15
WH,Wyndham Hotels & Resorts,80.76,0,-20,-4,9,-15,16,-20,-10,13,-1,-16
AMCR,Amcor,9.23,7,-2,-13,0,-8,16,-5,-28,9,-8,-16
FBIN,Fortune Brands Innovations,51.51,7,-2,-19,-3,-17,27,-21,-25,18,-1,-18
FND,Floor & Decor,75.78,9,-7,-28,-4,-30,33,4,-22,-4,11,-19
EGP,EastGroup Properties,168.49,-13,0,-1,6,-8,-11,0,3,-3,-11,-19
HOLX,Hologic,65.11,2,20,-28,0,-6,-7,27,-28,-5,-13,-19
EG,Everest Group,339.4,13,-13,-29,53,24,2,-13,-30,-3,-44,-20
BBY,Best Buy,68.43,0,1,-17,-4,-20,16,-2,-28,14,0,-20
GTLB,GitLab,44.24,1,-11,-14,0,-24,19,-19,-13,16,3,-21
GPK,Graphic Packaging,21.16,-14,-76,-12,56,-46,-6,-13,-25,69,25,-21
ZM,Zoom Communications,76.94,-17,0,0,0,-17,5,-15,3,2,-5,-22
TPL,Texas Pacific Land Corporation,1074.98,-56,-19,-2,56,-21,4,-19,3,11,-1,-22
TEAM,Atlassian,198.4,0,-11,-3,-4,-18,19,-21,-11,9,-4,-22
KNX,Knight-Swift,44.22,3,4,-18,0,-11,24,-10,-14,-11,-11,-22
HUBS,HubSpot,548.18,0,-11,-3,9,-5,-5,-19,-11,17,-18,-23
SEE,Sealed Air,31.37,0,32,-17,-22,-7,16,-3,1,-30,-16,-23
RH,RH,192.99,0,-6,-17,-5,-28,9,5,-16,7,5,-23
AA,Alcoa,29.92,7,1,-14,-18,-24,19,32,-20,-30,1,-23
VNOM,Viper Energy,38.55,-37,-4,-2,42,-1,-54,8,-21,45,-22,-23
BILL,Bill.com,45.27,25,0,-17,0,8,37,-20,-13,-35,-31,-23
SW,Smurfit Westrock,42.71,1,0,0,0,1,2,-10,-16,0,-24,-23
TTD,Trade Desk (The),68.01,-7,15,-20,2,-10,-5,-8,-20,18,-15,-25
AVTR,Avantor,13.74,9,0,-22,0,-13,5,18,-33,-3,-13,-26
BHF,Brighthouse Financial,53.84,-16,0,11,9,4,-26,-14,3,6,-31,-27
G,Genpact,42.24,0,-37,1,0,-36,16,-8,-8,8,8,-28
KDP,Keurig Dr Pepper,33.04,-10,-18,0,0,-28,-24,2,11,10,-1,-29
OKTA,"Okta, Inc.",98.15,-13,-13,17,-22,-31,-7,-17,22,4,2,-29
FMC,FMC Corporation,43.14,7,21,-33,-22,-27,26,25,-29,-24,-2,-29
S,SentinelOne,18.01,7,-9,-18,0,-20,19,-20,-21,12,-10,-30
OGN,Organon & Co.,9.98,0,0,-22,0,-22,16,13,-35,-2,-8,-30
LEA,Lear Corporation,94.02,7,32,-61,-15,-37,16,1,2,-13,6,-31
CDW,CDW,177.33,21,32,-35,2,20,22,-11,-56,-6,-51,-31
FDX,FedEx,220.98,-11,-1,-19,30,-1,-12,5,-21,-2,-30,-31
SITE,SiteOne Landscape Supply,121.31,0,4,-19,-7,-22,19,-2,-22,-6,-11,-33
EMN,Eastman Chemical Company,76.14,0,-9,-14,0,-23,16,-11,-28,13,-10,-33
HPQ,HP Inc.,24.74,3,-9,-18,0,-24,16,-17,-22,14,-9,-33
TECH,Bio-Techne,52.82,9,0,-20,-22,-33,16,8,-20,-4,0,-33
MDB,MongoDB Inc.,209.22,2,3,-19,-7,-21,19,-4,-20,-7,-12,-33
CCCS,CCC Intelligent Solutions,9.31,2,6,-21,0,-13,-5,9,-20,-4,-20,-33
NEE,NextEra Energy,71.01,-33,19,0,0,-14,-47,14,3,11,-19,-33
KMX,CarMax,66.68,-4,-1,-12,-34,-51,16,9,-16,9,18,-33
SHC,Sotera Health,11.38,0,-9,-20,0,-29,13,-16,3,-4,-4,-33
JKHY,Jack Henry & Associates,177.67,-14,0,9,2,-3,-12,-8,-20,9,-31,-34
LULU,Lululemon Athletica,231.57,0,-14,-4,-1,-19,16,-8,-13,-10,-15,-34
PLD,Prologis,104.4,-11,0,-16,0,-27,-6,-1,3,-3,-7,-34
CMCSA,Comcast,35.21,3,4,-28,-7,-28,16,9,-25,-6,-6,-34
AAP,Advance Auto Parts,46.25,-21,24,0,-26,-23,-13,31,3,-32,-11,-34
GFS,GlobalFoundries,38.76,21,10,-75,0,-44,25,8,-10,-15,8,-36
VKTX,Viking Therapeutics,28.18,7,3,-33,19,-4,15,-17,-26,-4,-32,-36
GTM,ZoomInfo,9.93,0,5,-16,0,-11,-5,36,-21,-35,-25,-36
PCG,PG&E Corporation,14.1,2,-16,-23,0,-37,2,-18,-22,38,0,-37
TGT,Target Corporation,97.62,0,0,-24,-9,-33,19,12,-32,-4,-5,-38
PCTY,Paylocity,177.08,-1,-10,0,-1,-12,-6,-12,-12,3,-27,-39
ENTG,Entegris,83.71,21,2,-37,-4,-18,16,8,-42,-3,-21,-39
GME,GameStop,23.86,0,-10,-3,-28,-41,14,-12,4,-5,1,-40
CZR,Caesars Entertainment,28.5,37,5,-19,-23,0,42,-19,-28,-35,-40,-40
PFE,Pfizer,24.25,0,13,-26,-21,-34,16,38,-34,-26,-6,-40
BC,Brunswick Corporation,55.46,-14,16,-31,-5,-34,-10,32,-22,-7,-7,-41
MTDR,Matador Resources,48.6,-19,12,-22,0,-29,-27,32,-15,-4,-14,-43
CAVA,Cava Group,77.67,6,-21,-7,0,-22,19,-20,-21,0,-22,-44
WY,Weyerhaeuser,26.31,0,0,-16,0,-16,-8,14,-28,-6,-28,-44
EQR,Equity Residential,67.46,-27,0,0,11,-16,-19,-23,3,11,-28,-44
IQV,IQVIA,158.15,0,0,-33,-4,-37,19,13,-35,-4,-7,-44
CROX,Crocs,100.05,0,-6,-35,0,-41,15,-18,3,-3,-3,-44
WTRG,Essential Utilities,36.97,-14,-11,0,-1,-26,-10,-27,15,3,-19,-45
PK,Park Hotels & Resorts,10.52,4,1,-19,-5,-19,19,-21,-21,-3,-26,-45
CHRW,C.H. Robinson,93.16,-14,0,0,0,-14,-10,-7,-20,6,-31,-45
IEX,IDEX Corporation,176.38,0,0,-21,0,-21,16,-16,-21,-4,-25,-46
CL,Colgate-Palmolive,87.81,-55,-9,-4,21,-47,-12,-4,-7,24,1,-46
VNO,Vornado Realty Trust,37.14,-28,0,0,2,-26,-32,-2,1,13,-20,-46
AZTA,Azenta,30.78,11,0,-46,-29,-64,11,26,-12,-7,18,-46
INTC,Intel,22.52,21,3,-62,-18,-56,21,8,-10,-10,9,-47
DAR,Darling Ingredients,38.32,0,9,0,-18,-9,-19,8,1,-28,-38,-47
AVY,Avery Dennison,175.94,-1,31,-28,2,4,-5,-7,-36,-3,-51,-47
POOL,Pool Corporation,294.25,0,-11,-16,-4,-31,29,-17,-22,-7,-17,-48
ESTC,Elastic NV,82.59,2,-6,-6,-4,-14,-5,-17,-11,-2,-35,-49
EL,Estée Lauder Companies (The),79.08,56,22,-113,-24,-59,7,35,1,-33,10,-49
GPC,Genuine Parts Company,119.07,-14,0,-6,0,-20,-11,-7,3,-15,-30,-50
CRL,Charles River Laboratories,151.5,9,17,-47,-24,-45,22,35,-56,-6,-5,-50
KRC,Kilroy Realty,34.6,-22,22,-13,-38,-51,-14,25,-19,9,1,-50
BG,Bunge Global,82.29,0,10,-37,0,-27,-29,6,3,-3,-23,-50
MOH,Molina Healthcare,291.01,-4,-24,-6,0,-34,9,-18,-2,-6,-17,-51
FRT,Federal Realty Investment Trust,94.86,-14,1,-16,0,-29,-11,-2,-22,12,-23,-52
RARE,Ultragenyx,37.12,0,12,-20,-36,-44,9,11,-28,-1,-9,-53
CERT,"Certara, Inc.",11.43,2,-10,-8,0,-16,16,-27,3,-30,-38,-54
ROST,Ross Stores,126.66,-80,-9,-6,33,-62,-7,-17,4,27,7,-55
HHH,Howard Hughes Holdings,67.3,-28,-5,-6,-4,-43,-10,5,-21,12,-14,-57
ADBE,Adobe Inc.,385.03,0,-2,-29,-4,-35,20,-9,-33,-3,-25,-60
SWK,Stanley Black & Decker,67.61,7,0,-22,-37,-52,16,-9,-28,12,-9,-61
DAY,Dayforce,55.11,-15,0,-13,-10,-38,-7,-2,-17,3,-23,-61
LSTR,Landstar,137.52,0,-2,-28,0,-30,12,-4,-35,-5,-32,-62
TTC,Toro Company (The),70.98,21,0,-28,-5,-12,22,-14,-41,-18,-51,-63
WDAY,"Workday, Inc.",237.2,-59,-4,-3,12,-54,-12,-18,1,20,-9,-63
EPAM,EPAM Systems,174.07,10,3,-19,-25,-31,21,-9,-10,-35,-33,-64
MHK,Mohawk Industries,103.37,9,-26,-19,-9,-45,19,-23,-27,12,-19,-64
YETI,Yeti Holdings,30.01,0,0,-28,-4,-32,-3,-3,-19,-8,-33,-65
HRL,Hormel Foods,30.26,-14,1,-3,-21,-37,-14,11,3,-28,-28,-65
PLTK,Playtika,4.8,9,0,-19,0,-10,19,-28,-20,-29,-58,-68
SIRI,Sirius XM,22.52,21,4,-76,-29,-80,33,36,-42,-15,12,-68
DUOL,Duolingo,398.6,-93,-2,46,0,-49,-35,-12,7,21,-19,-68
MAA,Mid-America Apartment Communities,147.47,-15,-18,0,0,-33,-19,-25,-1,9,-36,-69
SJM,J.M. Smucker Company (The),96.13,0,-12,-5,-2,-19,-14,-12,-3,-21,-50,-69
CE,Celanese,56.57,2,17,-36,-8,-25,19,-2,-54,-7,-44,-69
RGEN,Repligen,124.12,0,-12,-9,-15,-36,16,-2,-13,-35,-34,-70
FANG,Diamondback Energy,140.89,-28,1,-22,45,-4,-40,17,-41,-3,-67,-71
PVH,PVH Corp.,65.07,2,-15,-25,-1,-39,9,-15,-21,-5,-32,-71
ASH,Ashland Global,51.02,4,0,-34,-7,-37,23,-3,-46,-8,-34,-71
UA,Under Armour (Class C),6.43,32,24,-21,-35,0,-9,-3,-25,-35,-72,-72
GPN,Global Payments,78.26,21,-10,-20,-37,-46,16,-18,-17,-8,-27,-73
MKTX,MarketAxess,220.5,-7,16,-21,-27,-39,-3,8,3,-42,-34,-73
TSN,Tyson Foods,55.01,0,-37,-4,-26,-67,-6,-6,-4,9,-7,-74
M,"Macy's, Inc.",11.13,0,-6,-24,-13,-43,8,-18,-18,-4,-32,-75
SEG,Seaport Entertainment Group,18.07,-51,-3,0,0,-54,-14,14,-21,0,-21,-75
MGM,MGM Resorts International,33.8,2,12,-49,0,-35,15,6,-56,-7,-42,-77
OVV,Ovintiv,38.74,-24,14,-30,0,-40,-33,17,-17,-4,-37,-77
HSY,Hershey Company (The),166.98,-13,0,-38,-2,-53,-14,13,-7,-17,-25,-78
ARE,Alexandria Real Estate Equities,74.18,23,-2,-30,-28,-37,27,6,-41,-33,-41,-78
SON,Sonoco,43.88,0,0,-37,-3,-40,16,-8,-35,-12,-39,-79
WEN,Wendy's Company (The),11.75,0,-2,-30,-6,-38,-7,4,-25,-13,-41,-79
ELS,Equity Lifestyle Properties,62.6,-8,-2,-14,0,-24,-13,-16,-25,-1,-55,-79
DV,DoubleVerify,14.75,0,5,-63,0,-58,-2,-2,-11,-8,-23,-81
GLOB,Globant,91.49,0,-28,-19,-5,-52,16,-22,-19,-5,-30,-82
IPG,Interpublic Group of Companies (The),24.27,29,-2,-36,0,-9,-2,-23,-33,-15,-73,-82
MTCH,Match Group,30.42,-1,16,-19,-35,-39,-5,24,-26,-36,-43,-82
BRKR,Bruker,42.17,9,1,-53,-6,-49,22,8,-57,-7,-34,-83
BAX,Baxter International,30.5,0,0,-16,-36,-52,16,-2,-7,-39,-32,-84
REGN,Regeneron Pharmaceuticals,520.99,3,-19,-34,-2,-52,21,-16,-35,-2,-32,-84
IPGP,IPG Photonics,68.85,7,31,-79,-42,-83,22,38,-20,-42,-2,-85
UAA,Under Armour (Class A),6.82,24,22,-21,-42,-17,-9,-3,-21,-35,-68,-85
RNG,RingCentral,27.69,9,13,-19,-39,-36,16,-3,-19,-43,-49,-85
GMED,Globus Medical,58.84,0,-87,-8,-1,-96,16,-3,-13,10,10,-86
CC,Chemours,11.67,9,0,-58,-11,-60,13,9,-20,-28,-26,-86
WSC,WillScot Mobile Mini,27.95,19,3,-58,-4,-40,16,-17,-35,-10,-46,-86
REXR,Rexford Industrial,36.16,-14,17,-39,-16,-52,-6,32,-34,-30,-38,-90
ZTS,Zoetis,155.8,-63,-1,-28,-1,-93,10,-6,2,-3,3,-90
WFRD,Weatherford International,50.1,-28,3,-37,0,-62,2,12,-41,-3,-30,-92
MRK,Merck & Co.,78.89,-2,0,-40,-2,-44,-12,12,-44,-4,-48,-92
COLM,Columbia Sportswear,61.74,0,-75,-14,-4,-93,16,-18,-9,11,0,-93
INSP,Inspire Medical Systems,129.62,-3,-29,-16,-4,-52,16,-21,-21,-15,-41,-93
KVUE,Kenvue,21.11,-48,-16,0,0,-64,-27,-17,12,1,-31,-95
FCN,FTI Consulting,160.12,-2,-18,-30,0,-50,15,-17,-40,-3,-45,-95
COO,Cooper Companies (The),69.72,0,-19,-20,-3,-42,-5,-23,-25,-1,-54,-96
LCID,Lucid Motors,2.19,0,-20,-25,0,-45,9,-17,-10,-33,-51,-96
ALGN,Align Technology,187.72,20,17,-60,-23,-46,35,6,-55,-36,-50,-96
DOC,Healthpeak Properties,17.48,7,-58,-10,-29,-90,-2,12,-25,7,-8,-98
MPW,Medical Properties Trust,4.5,0,-32,0,-34,-66,16,-30,15,-33,-32,-98
SAIA,Saia,270.24,25,-89,-19,2,-81,19,-15,-21,-3,-20,-101
ONTO,Onto Innovation,100.23,5,-93,-19,0,-107,14,8,-14,-2,6,-101
BDX,Becton Dickinson,169.91,0,-85,-21,-3,-109,19,13,-12,-13,7,-102
CGNX,Cognex Corporation,31.61,8,14,-33,-29,-40,19,-2,-41,-38,-62,-102
DVN,Devon Energy,32.48,-25,14,-43,-3,-57,-39,11,2,-20,-46,-103
BRBR,BellRing Brands,57.26,-33,-36,-6,0,-75,-13,-28,-12,25,-28,-103
MTN,Vail Resorts,157.16,0,22,-26,-21,-25,-12,-12,-20,-34,-78,-103
AES,AES Corporation,10.83,0,-7,-35,-9,-51,13,2,-46,-22,-53,-104
LBTYA,Liberty Global (Series A),9.83,7,-2,-33,-29,-57,-6,-2,-31,-8,-47,-104
JAZZ,Jazz Pharmaceuticals,107.56,-61,0,-8,-4,-73,16,-3,-9,-37,-33,-106
UHAL,U-Haul,61.08,-62,-7,-8,20,-57,-26,-20,-21,18,-49,-106
CPT,Camden Property Trust,114.34,-53,0,0,0,-53,-63,-2,3,9,-53,-106
GNTX,Gentex,21.86,2,-7,-35,-6,-46,19,-21,-52,-6,-60,-106
MRNA,Moderna,27.53,7,0,-48,-2,-43,22,-3,-48,-37,-66,-109
BIRK,Birkenstock,49.26,-71,-2,-3,0,-76,-28,-9,3,0,-34,-110
LYB,LyondellBasell,58.4,-32,0,-37,-3,-72,9,8,-51,-5,-39,-111
HOG,Harley-Davidson,23.7,0,-2,-36,-7,-45,-12,-14,-31,-9,-66,-111
IFF,International Flavors & Fragrances,73.95,-60,-1,-16,-29,-106,16,-3,-28,9,-6,-112
KMB,Kimberly-Clark,126.85,-119,-9,-1,16,-113,-11,-9,-4,24,0,-113
LBTYK,Liberty Global (Series C),10.09,7,-2,-33,-28,-56,-6,13,-30,-34,-57,-113
TREX,"Trex Company, Inc.",53.56,-1,-9,-47,-11,-68,-1,-21,-19,-4,-45,-113
VSTS,Vestis,6.17,7,-101,-14,0,-108,16,-3,-20,0,-7,-115
RYN,Rayonier,22.68,0,-57,-13,-3,-73,-7,-3,-25,-7,-42,-115
ELV,Elevance Health,373.38,-6,-31,-37,0,-74,9,-46,-3,-1,-41,-115
TXG,10x Genomics,11.71,12,13,-69,0,-44,21,14,-68,-40,-73,-117
FTRE,Fortrea,5.2,-37,-9,-29,0,-75,9,6,-58,0,-43,-118
PINC,"Premier, Inc.",21.8,-81,43,10,-26,-54,-33,-7,8,-32,-64,-118
CLF,Cleveland-Cliffs,7.45,2,-11,-56,-14,-79,8,10,-56,-6,-44,-123
CHRD,Chord Energy,99.35,-23,13,-43,0,-53,-35,16,-47,-4,-70,-123
CPRI,Capri Holdings,17.52,2,1,-65,-9,-71,16,-9,-29,-30,-52,-123
UWMC,United Wholesale Mortgage,4.19,2,-66,-22,0,-86,1,-2,-35,-2,-38,-124
LINE,"Lineage, Inc.",44.84,2,-57,0,0,-55,-6,-40,-24,0,-70,-125
QDEL,QuidelOrtho,28.7,0,-8,-16,-36,-60,16,-21,-16,-45,-66,-126
AAL,American Airlines Group,11.12,7,0,-14,-74,-81,16,-10,-14,-37,-45,-126
LKQ,LKQ Corporation,37.09,-70,-9,-3,0,-82,-7,-15,-7,-15,-44,-126
TDC,Teradata,21.74,0,0,-72,-15,-87,14,-19,-20,-14,-39,-126
ETSY,Etsy,50.62,-63,22,-1,-28,-70,-23,-1,3,-35,-56,-126
KHC,Kraft Heinz,25.79,-14,-45,-35,-2,-96,16,-35,-7,-8,-34,-130
CLVT,Clarivate,4.42,5,3,-70,-4,-66,8,-2,-30,-40,-64,-130
OXY,Occidental Petroleum,43.16,-24,12,-48,0,-60,-19,14,-52,-14,-71,-131
DXC,DXC Technology,15.2,6,-6,-18,-71,-89,16,-2,-25,-32,-43,-132
OLN,Olin Corporation,20.2,0,-10,-53,-7,-70,16,-2,-55,-21,-62,-132
IAC,IAC Inc.,36.9,0,1,-33,-29,-61,-11,3,-28,-36,-72,-133
BMY,Bristol Myers Squibb,46.65,-55,-57,-2,-3,-117,-11,-1,-7,3,-16,-133
EXAS,Exact Sciences,51.81,-70,0,-21,-23,-114,2,-9,1,-14,-20,-134
LW,Lamb Weston,53.2,-49,0,-65,-6,-120,-12,24,-19,-12,-19,-139
UPS,United Parcel Service,100.62,0,0,-99,-14,-113,1,32,-27,-32,-26,-139
APLS,Apellis Pharmaceuticals,18.4,0,0,-63,-14,-77,16,-2,-61,-16,-63,-140
SLB,Schlumberger,33.82,-25,-4,-63,0,-92,-34,8,-14,-8,-48,-140
VFC,VF Corporation,11.61,-67,-9,-13,-41,-130,16,-20,-13,5,-12,-142
STZ,Constellation Brands,161.32,-2,-15,-38,-1,-56,-8,-19,-54,-6,-87,-143
PEP,PepsiCo,128.23,-14,-57,-35,-1,-107,-6,12,-32,-11,-37,-144
NOV,NOV Inc.,12.99,-20,1,-48,-10,-77,-34,13,-39,-13,-73,-150
FRPT,Freshpet,68.19,-92,-9,-17,-4,-122,-20,-13,-13,17,-29,-151
BIIB,Biogen,126.99,-5,0,-77,-25,-107,13,-2,-40,-16,-45,-152
ENOV,Enovis,32.27,2,-25,-58,-15,-96,16,-21,-18,-35,-58,-154
COP,ConocoPhillips,90.89,-22,0,-38,0,-60,-44,10,-54,-6,-94,-154
ANGI,Angi Inc.,15.58,0,17,-33,-49,-65,-9,-7,-31,-42,-89,-154
CNC,Centene,53.55,-35,-25,-37,-9,-106,7,-23,-6,-26,-48,-154
ALB,Albemarle Corporation,63.76,7,0,-121,-21,-135,16,8,-20,-23,-19,-154
HUM,Humana,240.0,2,-39,-82,-10,-129,8,-3,-13,-18,-26,-155
PRGO,Perrigo,26.57,0,3,0,-111,-108,16,-2,-8,-53,-47,-155
UHAL-B,U-Haul (Series N),54.52,-63,-9,-16,0,-88,-25,-19,-30,7,-67,-155
CIVI,Civitas Resources,28.49,-23,-2,-48,-4,-77,-37,12,-48,-7,-80,-157
SPB,Spectrum Brands,53.38,0,-132,-21,-2,-155,16,-22,-20,22,-4,-159
OMC,Omnicom Group,71.22,0,-136,-20,0,-156,-6,-23,-25,48,-6,-162
COLD,Americold,16.86,0,-60,-34,-9,-103,-10,-2,-34,-13,-59,-162
NKE,"Nike, Inc.",62.55,5,0,-70,-19,-84,23,-2,-71,-34,-84,-168
PII,Polaris Inc.,40.11,0,1,-93,-15,-107,-11,-1,-36,-15,-63,-170
GO,Grocery Outlet,12.66,-10,-8,-93,0,-111,-11,-29,3,-26,-63,-174
TMO,Thermo Fisher Scientific,412.12,9,-83,-15,-3,-92,26,-93,-14,-1,-82,-174
HAL,Halliburton,20.65,-27,-2,-56,-3,-88,-38,12,-55,-7,-88,-176
LEG,Leggett & Platt,9.13,-8,17,-125,-28,-144,16,8,-28,-36,-40,-184
MAN,ManpowerGroup,40.71,5,-58,-39,-26,-118,15,-8,-39,-34,-66,-184
RHI,Robert Half,41.42,0,-106,-22,-7,-135,12,-11,-20,-30,-49,-184
NWL,Newell Brands,5.19,-41,-4,-20,-29,-94,-40,2,-20,-34,-92,-186
ACHC,Acadia Healthcare,22.03,7,-84,-41,-9,-127,9,-21,-35,-14,-61,-188
WLK,Westlake Corporation,76.1,1,-89,-33,-2,-123,21,-38,-45,-4,-66,-189
REYN,Reynolds Consumer Products,21.28,-4,-98,-21,0,-123,-11,-28,-33,-1,-73,-196
XRAY,Dentsply Sirona,16.0,4,5,-74,-40,-105,16,-8,-61,-38,-91,-196
TRIP,Tripadvisor,12.92,-18,-2,-54,-50,-124,-11,-11,-11,-42,-75,-199
DOW,Dow Inc.,27.14,-41,-6,-36,0,-83,-58,-2,-51,-6,-117,-200
NFE,New Fortress Energy,2.38,0,-88,-64,-1,-153,9,-23,-15,-23,-52,-205
ZBH,Zimmer Biomet,91.76,0,-55,-58,-15,-128,21,-25,-57,-16,-77,-205
NSA,National Storage Affiliates,32.11,-63,-25,-8,-2,-98,-66,-26,-29,10,-111,-209
COTY,Coty,4.61,-49,-6,-57,-5,-117,-45,16,-59,-7,-95,-212
BF-B,Brown–Forman (Class B),26.23,0,-19,-96,-16,-131,-9,-18,-28,-26,-81,-212
GIS,General Mills,50.37,-60,-56,-34,-2,-152,-14,-2,-30,-17,-63,-215
HUN,Huntsman Corporation,10.44,0,-68,-38,-13,-119,-9,-24,-33,-31,-97,-216
BF-A,Brown–Forman (Class A),26.81,0,-19,-95,-16,-130,-11,-19,-35,-22,-87,-217
APA,APA Corporation,18.45,-28,14,-78,-10,-102,-34,18,-82,-17,-115,-217
FLO,Flowers Foods,16.04,0,-57,-30,-6,-93,-7,-49,-50,-21,-127,-220
FIVN,Five9,26.67,-63,0,-72,-33,-168,-5,-3,-10,-38,-56,-224
PAYC,Paycom,225.46,-85,0,12,-22,-95,-91,-6,3,-35,-129,-224
KSS,Kohl's,8.34,-46,0,-55,-29,-130,-9,-2,-56,-30,-97,-227
CRI,Carter's,30.52,0,-101,-55,-15,-171,-5,-25,-32,-7,-69,-240
TFX,Teleflex,119.57,0,-101,-35,-37,-173,16,-56,-31,-8,-79,-252
BMRN,BioMarin Pharmaceutical,54.1,-59,-57,-43,-18,-177,-28,-28,-8,-20,-84,-261
DJT,Trump Media & Technology Group,17.84,-154,-19,-49,0,-222,-5,-21,-17,-7,-50,-272
CPB,Campbell Soup Company,30.96,-80,-57,-25,-4,-166,-6,-67,-32,-3,-108,-274
ENPH,Enphase Energy,43.0,7,-116,-39,-18,-166,12,-57,-46,-22,-113,-279
WU,Western Union,8.46,-73,-57,-16,-44,-190,-9,-26,-51,-3,-89,-279
SRPT,Sarepta Therapeutics,17.21,-73,-114,-22,-5,-214,-30,-8,-43,-4,-85,-299
TAP,Molson Coors,47.25,-161,-43,-6,0,-210,-73,-17,-7,-1,-98,-308
CAG,Conagra Brands,20.49,-108,-50,-25,-5,-188,-33,-64,-7,-21,-125,-313
CLX,Clorox,118.0,-108,-120,-10,-3,-241,-12,-78,-20,11,-99,-340
SAM,Boston Beer Company,187.06,-173,-21,-28,-35,-257,-97,-31,-24,-42,-194,-451
WOLF,Wolfspeed,0.49,-75,-26,-127,-28,-256,-74,-25,-93,-35,-227,-483
