Symbol,Name,Close,1H Cloud Score,1D Cloud Score,1W Cloud Score,1M Cloud Score,Cloud Score Sum,1H TKx Score,1D TKx Score,1W TKx Score,1M TKx Score,TKx Score Sum,Total Score Sum
TJX,TJX Companies,144.09,7,51,157,200,415,9,-1,126,195,329,744
COOP,Mr. Cooper Group,210.79,-7,100,126,60,279,11,99,124,58,292,571
ORLY,O'Reilly Auto Parts,103.03,0,0,172,201,373,13,-2,63,91,165,538
SO,Southern Company,99.67,55,8,85,192,340,47,9,32,81,169,509
CASY,Casey's,560.97,14,27,122,89,252,15,23,126,80,244,496
WRB,W. R. Berkley Corporation,78.46,5,34,103,178,320,5,47,33,57,142,462
ORI,Old Republic International,43.5,3,45,156,60,264,-33,43,126,57,193,457
MPWR,Monolithic Power Systems,968.62,14,108,12,159,293,83,52,19,2,156,449
ATO,Atmos Energy,177.69,109,48,83,47,287,5,10,94,47,156,443
DUK,Duke Energy,127.81,56,8,85,185,334,49,10,31,18,108,442
MMC,Marsh McLennan,207.05,80,1,-12,177,246,3,6,-20,180,169,415
FIX,Comfort Systems USA,832.11,14,111,26,66,217,-5,123,19,57,194,411
HWM,Howmet Aerospace,193.03,6,25,157,31,219,6,25,101,59,191,410
AAPL,Apple Inc.,247.85,-28,75,7,253,307,-28,43,11,73,99,406
NRG,NRG Energy,165.62,-1,23,112,96,230,6,22,122,23,173,403
COR,Cencora,317.81,30,31,53,77,191,38,40,64,70,212,403
PLTR,Palantir Technologies,179.73,0,121,125,0,246,-14,19,128,22,155,401
L,Loews Corporation,102.64,0,108,121,57,286,2,43,19,26,90,376
ETR,Entergy,96.66,0,18,85,139,242,2,17,98,16,133,375
APH,Amphenol,122.64,-2,121,28,67,214,-12,123,19,29,159,373
LOPE,Grand Canyon Education,213.4,0,48,156,37,241,4,47,43,36,130,371
COST,Costco,946.51,28,-19,0,182,191,33,-30,-11,186,178,369
JPM,JPMorgan Chase,301.99,-7,110,132,160,395,-75,-1,19,28,-29,366
ACM,AECOM,132.54,14,114,25,67,220,6,43,19,73,141,361
MSI,Motorola Solutions,460.49,7,1,10,155,173,4,-14,10,187,187,360
DTE,DTE Energy,141.67,0,16,83,191,290,5,13,36,15,69,359
INSM,Insmed,161.34,74,88,73,18,253,-2,58,19,22,97,350
AVGO,Broadcom,344.13,14,111,28,118,271,31,-4,19,32,78,349
ORCL,Oracle Corporation,299.12,28,25,20,200,273,-2,22,19,29,68,341
FFIV,"F5, Inc.",343.35,49,107,103,16,275,6,21,19,19,65,340
GOOGL,Alphabet (Class A),245.43,5,97,17,178,297,6,-3,14,23,40,337
ROL,"Rollins, Inc.",56.88,-27,0,40,288,301,-40,7,32,37,36,337
GOOG,Alphabet (Class C),246.19,5,97,16,178,296,6,-2,13,23,40,336
CBOE,Cboe Global Markets,238.25,-3,-1,153,57,206,34,11,31,53,129,335
IDA,Idacorp,135.14,117,77,65,20,279,-7,16,35,12,56,335
WMT,Walmart,107.18,8,32,136,103,279,7,-4,19,31,53,332
SNX,TD Synnex,155.0,-21,108,24,65,176,1,114,17,23,155,331
NEM,Newmont,90.52,14,132,28,7,181,14,94,28,12,148,329
CIEN,Ciena,164.86,92,108,18,14,232,30,30,17,18,95,327
GD,General Dynamics,335.39,-16,130,17,56,187,-23,85,19,59,140,327
MDU,MDU Resources,19.14,126,16,4,60,206,51,18,19,32,120,326
PPL,PPL Corporation,37.85,13,66,85,25,189,11,12,97,16,136,325
BSX,Boston Scientific,96.24,0,-23,153,146,276,-12,-17,19,59,49,325
RTX,RTX Corporation,159.36,-24,107,86,56,225,-26,16,93,16,99,324
MLI,Mueller Industries,99.89,0,80,16,60,156,4,73,17,73,167,323
KRMN,Karman Holdings,76.94,196,45,0,0,241,35,36,11,0,82,323
WEC,WEC Energy Group,116.5,56,64,64,15,199,12,21,77,13,123,322
TIGO,Millicom,46.13,-8,188,86,4,270,-5,5,33,18,51,321
WELL,Welltower,169.36,-39,2,125,60,148,4,-1,142,26,171,319
CAT,Caterpillar Inc.,527.62,14,107,17,66,204,6,32,17,59,114,318
AAON,AAON,104.17,7,19,0,247,273,6,37,1,-1,43,316
MCD,McDonald's,304.58,8,0,1,244,253,16,-19,7,59,63,316
RL,Ralph Lauren Corporation,317.93,-1,110,103,36,248,-19,39,19,28,67,315
EVRG,Evergy,78.11,21,89,67,16,193,7,17,86,12,122,315
MNST,Monster Beverage,68.62,4,47,35,182,268,-10,21,28,6,45,313
CW,Curtiss-Wright,554.66,13,116,28,56,213,6,24,19,51,100,313
ANET,Arista Networks,138.77,-9,93,16,60,160,-10,89,15,58,152,312
ALL,Allstate,209.5,-28,19,106,161,258,2,12,20,19,53,311
NVT,Nvent Electric,99.57,14,108,17,14,153,26,121,17,-7,157,310
NEE,NextEra Energy,84.64,119,15,4,2,140,123,11,19,15,168,308
EXC,Exelon,47.38,116,11,64,16,207,75,10,3,12,100,307
CDNS,Cadence Design Systems,325.78,-29,-3,26,143,137,-25,-6,19,182,170,307
RBC,RBC Bearings,383.86,8,-10,102,166,266,-12,-31,23,59,39,305
LLY,Lilly (Eli),812.37,0,13,0,174,187,-12,30,1,98,117,304
WM,"Waste Management, Inc.",218.06,-2,-37,0,189,150,-9,2,-3,161,151,301
MLM,Martin Marietta Materials,656.86,79,63,15,62,219,28,5,19,29,81,300
SGI,Somnigroup International,87.37,14,108,50,66,238,14,1,19,28,62,300
BK,BNY Mellon,107.1,0,110,103,42,255,6,-2,19,21,44,299
DDS,Dillard's,621.72,6,90,23,56,175,6,44,16,57,123,298
AWI,Armstrong World Industries,198.81,6,115,103,23,247,6,5,19,21,51,298
FE,FirstEnergy,47.53,109,61,15,57,242,5,15,19,16,55,297
TPR,"Tapestry, Inc.",116.25,6,108,89,23,226,6,25,17,21,69,295
AYI,Acuity Brands,362.62,13,84,13,29,139,5,113,15,22,155,294
MCK,McKesson Corporation,782.21,26,19,51,60,156,31,36,1,69,137,293
V,Visa Inc.,348.4,0,1,146,135,282,-23,8,-2,28,11,293
J,Jacobs Solutions,158.0,5,106,15,108,234,4,17,16,21,58,292
IBM,IBM,276.18,-20,19,118,56,173,-32,27,65,58,118,291
GLW,Corning Inc.,84.62,0,107,28,19,154,-12,114,17,16,135,289
CRS,Carpenter Technology Corporation,242.08,-16,-3,155,37,173,-21,5,80,51,115,288
CME,CME Group,267.18,23,-1,63,138,223,30,12,-1,21,62,285
EME,Emcor,674.43,0,108,26,60,194,-12,27,17,59,91,285
LHX,L3Harris,300.12,-17,130,21,7,141,-19,123,21,16,141,282
GRMN,Garmin,249.34,-2,81,121,21,221,-19,42,15,23,61,282
URI,United Rentals,1000.18,5,108,16,66,195,5,5,17,59,86,281
AZO,AutoZone,4056.66,-42,0,103,88,149,14,-5,63,59,131,280
IONS,Ionis Pharmaceuticals,71.36,105,111,10,2,228,9,36,19,-12,52,280
HUBB,Hubbell Incorporated,427.42,6,0,10,184,200,6,-14,15,73,80,280
GE,GE Aerospace,300.09,0,119,28,29,176,2,30,39,31,102,278
AM,Antero Midstream,18.0,-28,0,157,25,154,-19,-1,87,57,124,278
FYBR,Frontier Communications,37.47,0,46,98,0,144,5,9,103,16,133,277
VMC,Vulcan Materials,308.96,7,60,15,62,144,16,68,19,29,132,276
NFLX,Netflix,1215.73,37,-1,125,22,183,-9,-19,96,22,90,273
CRH,CRH plc,120.12,7,62,16,66,151,6,71,13,29,119,270
PWR,Quanta Services,431.93,14,15,26,101,156,2,19,19,74,114,270
LYV,Live Nation Entertainment,152.74,0,-5,103,149,247,-1,-13,18,18,22,269
AU,AngloGold Ashanti,73.45,0,52,85,20,157,2,61,33,16,112,269
ABBV,AbbVie,229.18,-10,60,26,60,136,-12,67,12,66,133,269
SPOT,Spotify,683.41,0,-1,121,14,134,14,-5,104,22,135,269
OLLI,Ollie's Bargain Outlet,128.99,14,-1,124,18,155,25,-9,72,25,113,268
OGE,OGE Energy,46.52,10,13,77,47,147,13,14,77,16,120,267
AIZ,Assurant,221.86,6,49,10,154,219,4,11,11,21,47,266
CNP,Centerpoint Energy,39.48,7,62,58,47,174,3,20,52,17,92,266
BR,Broadridge Financial Solutions,235.03,-1,-22,123,147,247,2,-30,19,27,18,265
MA,Mastercard,567.83,-26,-3,135,157,263,-26,-21,19,28,0,263
KLAC,KLA Corporation,1025.23,-37,27,23,179,192,2,21,19,28,70,262
CMS,CMS Energy,74.34,92,7,85,25,209,19,10,7,16,52,261
DGX,Quest Diagnostics,185.5,4,47,77,20,148,21,-2,77,16,112,260
MS,Morgan Stanley,155.33,-1,108,85,66,258,-33,-2,19,18,2,260
SRE,Sempra,91.34,-9,63,9,183,246,-24,18,17,1,12,258
LITE,Lumentum,156.77,-26,106,23,5,108,6,114,17,12,149,257
IBKR,Interactive Brokers,69.38,-1,19,98,59,175,-12,18,17,59,82,257
DCI,Donaldson Company,81.94,-1,60,11,67,137,2,67,19,32,120,257
WPC,W. P. Carey,67.66,-35,105,38,4,112,5,97,35,7,144,256
BWXT,BWX Technologies,202.49,14,106,22,37,179,6,18,19,33,76,255
ETN,Eaton Corporation,374.35,-1,18,17,116,150,-12,25,17,74,104,254
TRV,Travelers Companies (The),275.64,-27,1,100,60,134,-26,55,33,58,120,254
SCI,Service Corporation International,82.01,-12,24,6,177,195,9,18,17,15,59,254
FLEX,Flex Ltd.,59.58,14,37,27,60,138,6,30,19,59,114,252
DASH,DoorDash,270.48,-1,107,106,0,212,-21,22,19,20,40,252
HPE,Hewlett Packard Enterprise,24.98,-1,104,10,44,157,-19,41,16,56,94,251
WDC,Western Digital,113.12,-37,108,21,20,112,-5,119,19,5,138,250
PSTG,Pure Storage,92.5,65,38,8,44,155,-12,30,15,59,92,247
HOOD,Robinhood Markets,134.96,-7,110,90,0,193,-12,27,19,20,54,247
HEI,HEICO (Common),313.01,-26,-4,34,191,195,-21,-12,25,59,51,246
GS,Goldman Sachs,770.74,-31,108,101,60,238,-33,-1,19,23,8,246
CINF,Cincinnati Financial,158.74,-15,51,94,64,194,-27,42,19,17,51,245
ULTA,Ulta Beauty,540.91,-15,118,21,6,130,-18,121,21,-11,113,243
NDAQ,"Nasdaq, Inc.",89.51,37,-16,85,146,252,-12,-32,19,16,-9,243
DRS,Leonardo DRS,43.83,-16,0,148,60,192,-19,18,19,31,49,241
AME,Ametek,185.73,4,1,13,108,126,4,-12,19,103,114,240
AXON,Axon Enterprise,704.67,-5,-24,154,96,221,-17,-15,19,32,19,240
TLN,Talen Energy,417.69,-7,120,48,0,161,-1,55,20,4,78,239
TT,Trane Technologies,424.14,3,0,25,166,194,-16,11,19,31,45,239
ADI,Analog Devices,235.32,-1,-3,20,181,197,5,-13,19,28,39,236
MEDP,Medpace,517.2,-7,82,13,34,122,5,92,13,4,114,236
AJG,Arthur J. Gallagher & Co.,303.85,-28,1,0,188,161,-35,12,-11,109,75,236
LDOS,Leidos,187.36,-16,120,11,25,140,-24,77,22,21,96,236
UI,Ubiquiti,754.21,14,37,61,12,124,6,72,19,12,109,233
XEL,Xcel Energy,80.85,-1,64,60,14,137,-17,33,68,11,95,232
AMGN,Amgen,293.81,0,10,1,167,178,5,4,7,38,54,232
FHN,First Horizon Corporation,23.0,0,108,61,6,175,-11,37,17,12,55,230
HII,Huntington Ingalls Industries,291.9,11,147,17,8,183,5,27,25,-11,46,229
BLK,BlackRock,1195.04,4,107,26,24,161,6,18,19,23,66,227
AN,AutoNation,221.03,4,45,26,63,138,5,5,19,59,88,226
CMI,Cummins,416.65,-20,80,14,67,141,-33,71,15,32,85,226
MO,Altria,65.4,-14,61,79,47,173,-9,8,35,18,52,225
NI,NiSource,42.92,-16,15,83,47,129,-33,15,98,16,96,225
WMB,Williams Companies,62.35,-28,19,121,54,166,-43,24,19,59,59,225
NVDA,Nvidia,180.07,-7,19,23,136,171,-11,17,19,28,53,224
ARMK,Aramark,39.87,83,0,24,42,149,-8,5,19,58,74,223
GWRE,Guidewire Software,240.2,26,0,119,23,168,27,-13,19,22,55,223
PTC,PTC Inc.,202.05,-2,0,15,184,197,6,-24,16,28,26,223
PGR,Progressive Corporation,240.47,-25,-88,-2,179,64,-18,-2,-12,191,159,223
AXS,AXIS Capital,98.88,42,1,95,47,185,5,-21,-2,55,37,222
HIG,Hartford (The),131.17,-28,1,103,59,135,2,-3,30,58,87,222
HEI-A,HEICO (Class A),246.48,-27,-4,35,184,188,-19,-5,26,32,34,222
LRCX,Lam Research,138.31,-20,30,18,154,182,5,22,19,-7,39,221
TTWO,Take-Two Interactive,257.75,0,31,54,15,100,6,38,54,22,120,220
COKE,Coca-Cola Consolidated,126.66,74,11,0,68,153,33,4,-25,54,66,219
JNJ,Johnson & Johnson,190.8,96,74,17,9,196,-8,9,14,8,23,219
FWONK,Liberty Formula 1 (Series C),103.73,-21,21,79,59,138,-31,35,19,58,81,219
HD,Home Depot (The),387.68,0,0,10,182,192,6,-11,11,21,27,219
PNR,Pentair,110.42,-20,108,18,64,170,-40,45,17,26,48,218
ALLE,Allegion,175.57,-20,120,18,23,141,-42,76,19,24,77,218
AMAT,Applied Materials,218.23,10,19,4,151,184,4,19,17,-7,33,217
RBA,RB Global,105.79,-45,-14,113,29,83,5,-9,116,21,133,216
FWONA,Liberty Formula 1 (Series A),94.91,-27,21,78,64,136,-31,35,18,58,80,216
MSFT,Microsoft,513.71,-19,0,25,175,181,-28,16,19,27,34,215
ITT,ITT Inc.,172.15,-28,114,25,101,212,-41,-3,19,28,3,215
VRT,Vertiv,175.09,77,19,18,10,124,29,18,16,28,91,215
THG,Hanover Insurance,177.74,-20,47,70,26,123,-26,39,62,16,91,214
LMT,Lockheed Martin,505.14,0,34,0,167,201,-23,36,4,-4,13,214
NEU,NewMarket,785.8,-26,130,28,31,163,-20,8,31,29,48,211
CHD,Church & Dwight,86.92,-14,-56,-25,346,251,-26,-19,-23,27,-41,210
PANW,Palo Alto Networks,207.54,-1,28,8,83,118,-15,29,19,59,92,210
ASTS,AST SpaceMobile,94.34,70,10,20,0,100,65,16,19,10,110,210
RSG,Republic Services,224.49,0,-54,0,179,125,11,-79,-10,162,84,209
BKNG,Booking Holdings,5281.11,0,-12,145,37,170,16,-25,19,28,38,208
AXP,American Express,332.92,0,37,26,101,164,6,-5,17,23,41,205
ALNY,Alnylam Pharmaceuticals,469.57,19,107,26,17,169,14,-16,19,17,34,203
USFD,US Foods,77.1,7,-32,152,37,164,5,-13,19,28,39,203
RGLD,Royal Gold,199.68,-2,38,70,20,126,7,46,5,18,76,202
PNW,Pinnacle West Capital,93.46,81,6,3,20,110,56,9,-2,28,91,201
CTAS,Cintas,188.22,-44,-42,-2,169,81,-63,-4,-2,189,120,201
TKO,TKO Group Holdings,189.94,-37,46,80,42,131,2,-4,19,52,69,200
AMD,Advanced Micro Devices,218.02,72,7,7,112,198,-17,9,19,-9,2,200
YUM,Yum! Brands,143.94,-49,-4,0,261,208,-67,-3,3,59,-8,200
EHC,Encompass Health,122.96,-69,42,152,31,156,-19,-3,33,31,42,198
C,Citigroup,99.81,4,108,28,20,160,6,-3,19,16,38,198
D,Dominion Energy,61.52,7,106,23,3,139,12,16,19,12,59,198
RKLB,Rocket Lab,68.01,63,28,58,0,149,-11,30,19,10,48,197
EXPE,Expedia Group,223.15,0,81,58,13,152,7,7,15,16,45,197
AMG,Affiliated Managers Group,239.26,0,114,20,24,158,5,-5,19,19,38,196
AEE,Ameren,104.22,0,16,65,15,96,7,10,70,12,99,195
IVZ,Invesco,23.42,-1,84,16,4,103,-20,80,16,15,91,194
CACI,CACI,514.79,0,13,11,156,180,-27,20,23,-3,13,193
BEPC,Brookfield Renewable Partners,39.25,89,17,19,0,125,9,26,19,12,66,191
LIN,Linde plc,459.48,-30,-4,22,112,100,-26,-10,19,108,91,191
PFGC,Performance Food Group,103.55,6,1,62,45,114,7,-9,19,59,76,190
AEP,American Electric Power,118.4,7,11,82,25,125,7,9,32,16,64,189
LOW,Lowe's,240.83,0,-5,0,168,163,6,-11,10,21,26,189
TDY,Teledyne Technologies,571.74,-21,107,61,16,163,-33,22,19,17,25,188
UTHR,United Therapeutics,433.61,-7,44,7,59,103,-27,44,7,61,85,188
EBAY,eBay,91.08,0,0,86,16,102,4,-28,91,18,85,187
NOC,Northrop Grumman,627.01,0,75,19,60,154,-16,9,26,14,33,187
TDG,TransDigm Group,1312.34,4,-44,6,159,125,4,-1,-2,59,60,185
CLF,Cleveland-Cliffs,13.94,105,73,1,-18,161,-11,33,12,-10,24,185
MDT,Medtronic,96.54,0,75,20,3,98,-30,89,12,15,86,184
ATI,ATI Inc.,84.79,6,1,25,45,77,5,27,19,54,105,182
CAH,Cardinal Health,154.22,-9,13,64,40,108,-14,27,1,59,73,181
GILD,Gilead Sciences,118.49,44,6,60,37,147,5,-30,17,41,33,180
BX,Blackstone Inc.,163.98,0,0,1,144,145,5,-7,14,23,35,180
ECG,Everus Construction Group,88.87,34,106,0,0,140,6,18,16,0,40,180
WFC,Wells Fargo,84.58,6,1,101,31,139,6,-7,19,21,39,178
UNP,Union Pacific Corporation,226.97,-28,0,0,200,172,-37,16,4,21,4,176
SOFI,SoFi,27.87,5,100,55,0,160,-12,-2,17,13,16,176
VTR,"Ventas, Inc.",67.95,-35,64,81,24,134,1,11,13,17,42,176
NET,Cloudflare,217.6,-7,108,48,0,149,-12,-1,19,21,27,176
CELH,Celsius Holdings,61.85,84,13,2,67,166,-12,5,27,-11,9,175
STE,Steris,237.73,-70,0,23,197,150,-19,-14,31,27,25,175
RPM,RPM International,113.99,0,-10,0,182,172,7,-18,16,-2,3,175
HCA,HCA Healthcare,418.22,-24,47,12,99,134,-30,15,25,31,41,175
FERG,Ferguson Enterprises,240.43,14,9,20,67,110,6,13,19,27,65,175
KO,Coca-Cola Company (The),67.53,11,-37,0,184,158,5,2,-7,16,16,174
AON,AON,360.61,-15,-4,0,179,160,-25,-25,6,58,14,174
TSCO,Tractor Supply Company,55.48,4,-14,16,87,93,5,-25,13,87,80,173
SCCO,Southern Copper,130.76,0,30,7,65,102,6,43,19,2,70,172
AFL,Aflac,111.5,-16,44,10,60,98,-30,43,3,57,73,171
H,Hyatt Hotels,147.63,13,13,6,57,89,5,5,15,57,82,171
PEG,Public Service Enterprise Group,82.43,7,-30,4,154,135,6,12,-1,19,36,171
ROST,Ross Stores,155.25,14,51,9,37,111,10,10,8,31,59,170
LNT,Alliant Energy,68.34,7,16,77,16,116,9,10,19,15,53,169
ROP,Roper Technologies,513.82,45,-52,-11,184,166,-18,2,-10,28,2,168
CVS,CVS Health,79.68,21,43,19,1,84,26,47,9,2,84,168
MP,MP Materials,98.69,21,9,41,0,71,20,16,54,6,96,167
XYL,Xylem Inc.,146.56,-2,108,17,24,147,-40,17,19,24,20,167
VMI,Valmont Industries,403.45,0,13,71,60,144,-19,13,16,12,22,166
SYY,Sysco,80.14,0,0,16,5,21,5,108,16,16,145,166
CSL,Carlisle Companies,330.27,5,-23,-6,180,156,8,-19,-3,22,8,164
FSLR,First Solar,224.29,-1,73,4,64,140,-16,28,19,-8,23,163
LH,Labcorp,280.01,0,58,64,17,139,-12,-1,17,20,24,163
ELAN,Elanco,20.22,-19,111,11,0,103,4,43,18,-8,57,160
MET,Metlife,82.9,4,39,4,60,107,4,11,17,20,52,159
SPGI,S&P Global,486.52,5,-19,2,174,162,-12,-31,17,23,-3,159
ARES,Ares Management,149.6,-1,-15,-3,61,42,4,-15,19,108,116,158
WTM,White Mountains Insurance Group,1933.02,55,8,2,61,126,2,1,-29,58,32,158
HLT,Hilton Worldwide,268.41,14,0,25,66,105,26,-19,17,28,52,157
INFA,Informatica,24.9,14,99,1,0,114,27,8,17,-9,43,157
CEG,Constellation Energy,389.6,70,13,25,0,108,-10,18,19,21,48,156
PM,Philip Morris International,159.07,12,-22,79,57,126,31,-28,-3,29,29,155
ROIV,Roivant Sciences,16.39,13,45,10,0,68,5,61,19,2,87,155
DKS,Dick's Sporting Goods,230.09,9,2,6,65,82,6,22,9,35,72,154
COF,Capital One,214.18,0,-5,103,23,121,5,-11,19,20,33,154
STLD,Steel Dynamics,147.0,6,22,9,57,94,3,36,19,1,59,153
THC,Tenet Healthcare,196.46,-27,45,23,59,100,-32,42,17,26,53,153
CWEN,Clearway Energy (Class C),31.52,14,7,67,6,94,6,10,31,12,59,153
PSA,Public Storage,302.16,83,13,1,3,100,28,8,19,-2,53,153
BRO,Brown & Brown,94.77,0,-2,-8,165,155,-17,6,-19,28,-2,153
AGNC,AGNC Investment,10.01,0,93,20,18,131,-19,4,17,19,21,152
KMI,Kinder Morgan,27.32,-37,0,101,46,110,-54,24,17,54,41,151
SNA,Snap-on,336.96,-43,29,7,61,54,2,23,12,59,96,150
CMA,Comerica,79.49,5,82,16,6,109,3,8,16,14,41,150
CLH,Clean Harbors,235.73,17,0,10,60,87,12,-27,19,59,63,150
SYK,Stryker Corporation,369.88,0,-23,2,161,140,-19,-20,17,31,9,149
EA,Electronic Arts,200.22,-1,54,13,9,75,10,16,25,23,74,149
CBRE,CBRE Group,154.4,0,0,101,24,125,6,-15,17,16,24,149
PAG,Penske Automotive Group,173.86,5,-9,24,64,84,6,-19,19,59,65,149
POST,Post Holdings,108.06,4,0,-7,89,86,17,3,-17,59,62,148
KR,Kroger,69.13,40,-34,88,69,163,5,-37,-1,17,-16,147
TER,Teradyne,136.97,-20,79,4,4,67,-36,109,12,-7,78,145
VST,Vistra Corp.,205.52,14,2,28,32,76,6,-1,17,47,69,145
FRHC,Freedom Holding,171.77,5,0,63,16,84,6,4,19,32,61,145
DDOG,Datadog,160.88,91,13,8,0,112,-10,25,16,1,32,144
DINO,HF Sinclair,52.54,10,110,9,3,132,6,-4,19,-10,11,143
ED,Consolidated Edison,101.88,41,1,2,49,93,5,10,-13,47,49,142
DTM,DT Midstream,109.99,-27,26,112,0,111,-40,25,19,27,31,142
WCC,Wesco International,219.17,0,1,16,60,77,-18,5,17,59,63,140
INCY,Incyte,85.9,0,94,12,1,107,3,5,15,9,32,139
CXT,Crane NXT,66.88,0,16,4,57,77,-19,8,15,58,62,139
MKL,Markel,1955.21,0,0,77,57,134,4,-44,17,28,5,139
RGA,Reinsurance Group of America,197.05,0,26,1,42,69,4,8,3,55,70,139
INTU,Intuit,657.27,-63,-39,26,193,117,4,-3,-1,22,22,139
LNG,Cheniere Energy,226.22,-24,-4,69,60,101,-19,-20,19,58,38,139
EXEL,Exelixis,39.52,0,0,73,16,89,5,22,-3,26,50,139
STAG,STAG Industrial,36.81,13,2,3,98,116,6,2,19,-6,21,137
NTAP,Netapp,120.54,6,51,7,59,123,6,-5,16,-3,14,137
RCL,Royal Caribbean Group,313.86,0,-5,130,30,155,-49,-18,19,29,-19,136
EQIX,Equinix,817.42,36,2,-17,36,57,47,21,-17,28,79,136
FICO,Fair Isaac,1648.44,-34,9,-2,168,141,-34,32,-37,33,-6,135
WTW,Willis Towers Watson,343.45,-28,53,17,26,68,3,24,9,31,67,135
MU,Micron Technology,187.04,0,34,7,24,65,6,43,19,2,70,135
AL,Air Lease Corporation,63.61,-1,38,26,24,87,7,-6,19,28,48,135
MRVL,Marvell Technology,86.16,-1,15,0,108,122,-12,17,9,-1,13,135
NLY,Annaly Capital Management,20.72,0,90,27,12,129,-15,-15,17,18,5,134
NTRA,Natera,172.9,35,39,10,20,104,9,-9,9,21,30,134
SCHW,Charles Schwab Corporation,93.4,-1,-3,86,13,95,5,-2,19,16,38,133
MTG,MGIC Investment Corporation,27.66,0,1,28,57,86,7,-9,19,30,47,133
BOKF,BOK Financial Corporation,113.3,0,77,9,24,110,2,-9,13,16,22,132
TMUS,T-Mobile US,229.41,0,-14,0,141,127,-10,-23,1,37,5,132
FTAI,FTAI Aviation,170.57,3,54,12,49,118,-33,-2,15,33,13,131
AFG,American Financial Group,140.8,-28,49,10,58,89,-36,49,13,16,42,131
APP,AppLovin,590.09,-49,53,114,0,118,-21,-2,15,20,12,130
MCO,Moody's Corporation,481.19,-14,-19,3,158,128,-11,-31,17,27,2,130
CWEN-A,Clearway Energy (Class A),29.64,0,7,67,8,82,-5,10,31,12,48,130
KNSL,Kinsale Capital Group,473.99,0,1,3,35,39,3,5,-4,87,91,130
WWD,"Woodward, Inc.",255.32,5,2,28,37,72,6,5,19,28,58,130
NFG,National Fuel Gas,84.53,-56,-3,69,54,64,-26,-1,80,12,65,129
RNR,RenaissanceRe,264.59,2,19,3,37,61,7,14,17,30,68,129
KKR,KKR & Co. Inc.,126.0,0,-14,0,105,91,5,-7,15,23,36,127
VRTX,Vertex Pharmaceuticals,412.21,0,0,-11,106,95,2,6,-15,39,32,127
EPR,EPR Properties,54.78,-49,0,66,31,48,9,27,19,23,78,126
NOW,ServiceNow,911.33,0,0,0,84,84,6,-6,17,24,41,125
JHG,Janus Henderson,43.86,-28,1,15,21,9,2,77,16,20,115,124
HR,Healthcare Realty Trust,18.44,7,76,11,2,96,10,-4,11,11,28,124
ITW,Illinois Tool Works,248.09,-50,-5,11,180,136,-44,-15,16,31,-12,124
CRWD,CrowdStrike,488.96,-1,19,54,0,72,-10,20,19,22,51,123
PAYX,Paychex,128.61,41,-54,-5,169,151,13,-47,-10,16,-28,123
MSA,MSA Safety,167.86,-27,-4,3,166,138,-38,10,19,-7,-16,122
ABT,Abbott Laboratories,133.28,0,37,65,15,117,-17,1,5,16,5,122
PRI,Primerica,272.24,-40,1,3,110,74,3,-5,17,32,47,121
AMKR,Amkor Technology,29.91,-19,93,1,4,79,6,29,13,-7,41,120
OMF,OneMain Financial,55.81,0,-8,26,62,80,5,-12,19,28,40,120
RVMD,Revolution Medicines,47.5,0,28,3,0,31,35,34,19,1,89,120
DOCS,Doximity,67.01,-21,78,63,0,120,-21,-3,9,14,-1,119
MTSI,MACOM Technology Solutions,131.54,7,1,8,60,76,6,-12,17,31,42,118
WSM,"Williams-Sonoma, Inc.",191.51,-1,0,17,67,83,6,-5,11,23,35,118
SSD,Simpson Manufacturing Company,169.51,0,-14,1,158,145,-20,-19,15,-3,-27,118
GL,Globe Life,139.84,4,1,54,16,75,25,-7,13,10,41,116
CPRT,Copart,44.77,0,-21,-22,178,135,3,-20,-32,30,-19,116
PFG,Principal Financial Group,81.29,-20,37,6,57,80,-33,32,16,20,35,115
SNDK,SanDisk,127.28,14,41,0,0,55,6,43,11,0,60,115
JCI,Johnson Controls,107.86,-20,1,84,21,86,-40,30,19,20,29,115
PH,Parker Hannifin,736.36,-28,0,26,67,65,1,-4,19,32,48,113
RBLX,Roblox Corporation,133.23,7,1,62,0,70,7,-3,25,13,42,112
STWD,Starwood Property Trust,18.91,-1,-8,27,60,78,6,-15,19,23,33,111
VICI,Vici Properties,31.11,-40,-7,67,17,37,2,-19,32,59,74,111
WSO,Watsco,366.36,-31,-52,-12,198,103,-40,9,-37,73,5,108
HON,Honeywell,208.54,0,-43,1,180,138,2,-55,-2,24,-31,107
EXAS,Exact Sciences,60.56,79,28,2,-27,82,5,36,2,-18,25,107
ADP,Automatic Data Processing,285.82,-28,-31,0,182,123,-28,-44,-3,59,-16,107
M,"Macy's, Inc.",17.83,0,74,7,-17,64,6,37,8,-8,43,107
CB,Chubb Limited,284.64,0,13,4,60,77,-25,10,-13,58,30,107
TSLA,"Tesla, Inc.",429.23,-37,47,7,12,29,-1,53,13,12,77,106
APO,Apollo Global Management,127.69,0,-15,-4,99,80,6,-7,-2,28,25,105
HRB,H&R Block,51.65,3,0,-10,54,47,14,5,-15,54,58,105
BRX,Brixmor Property Group,27.04,0,0,9,57,66,3,-12,19,28,38,104
AIT,Applied Industrial Technologies,253.04,-1,0,16,60,75,-38,-7,15,59,29,104
FAST,Fastenal,42.74,-47,-2,58,108,117,-37,-23,22,25,-13,104
DAL,Delta Air Lines,61.26,28,1,10,21,60,2,2,11,28,43,103
VLO,Valero Energy,162.19,-1,37,9,46,91,4,-3,18,-7,12,103
CSCO,Cisco,68.66,-16,0,57,16,57,-12,11,19,27,45,102
REG,Regency Centers,71.82,0,0,3,55,58,5,-1,19,21,44,102
PODD,Insulet,318.39,42,0,54,6,102,-14,-17,23,8,0,102
ZS,Zscaler,301.86,0,13,26,7,46,-5,21,19,20,55,101
AIG,American International Group,82.89,0,8,37,55,100,-21,8,-9,23,1,101
EXPD,Expeditors International,117.39,-34,0,1,133,100,2,-11,15,-5,1,101
MMM,3M,152.49,-28,-3,83,16,68,2,-4,19,16,33,101
CRUS,Cirrus Logic,121.01,-28,45,7,21,45,1,40,19,-5,55,100
SHW,Sherwin-Williams,335.35,-49,-18,-2,192,123,-44,-21,19,21,-25,98
TOL,Toll Brothers,133.31,0,0,1,63,64,4,-12,13,28,33,97
R,Ryder,181.94,-29,0,20,58,49,-36,9,17,58,48,97
KRC,Kilroy Realty,40.57,-41,98,15,0,72,2,-6,15,13,24,96
WTFC,Wintrust Financial,131.75,-1,0,18,51,68,4,-14,17,21,28,96
BRK-B,Berkshire Hathaway,495.99,-27,34,1,64,72,2,8,-14,28,24,96
STT,State Street Corporation,115.42,-1,2,26,18,45,4,12,18,16,50,95
MTZ,MasTec,205.34,-21,25,28,20,52,-21,30,19,15,43,95
XPO,"XPO, Inc.",129.42,-9,1,3,63,58,-12,4,16,29,37,95
OZK,Bank OZK,51.3,-20,0,26,58,64,2,-11,17,21,29,93
MUSA,Murphy USA,379.45,-1,0,-22,70,47,13,-11,-38,81,45,92
RJF,Raymond James Financial,162.56,-70,0,101,60,91,-33,-3,16,21,1,92
MSGS,Madison Square Garden Sports,220.14,-41,26,6,23,14,4,33,12,29,78,92
FR,First Industrial Realty Trust,51.93,5,40,3,16,64,5,-11,17,16,27,91
MKSI,MKS Instruments,132.7,0,29,6,1,36,6,40,15,-7,54,90
MAR,Marriott International,268.05,0,0,3,60,63,-20,1,16,29,26,89
LPX,Louisiana-Pacific,92.79,7,-20,-6,65,46,3,2,9,28,42,88
GWW,W. W. Grainger,960.04,0,-15,-12,96,69,-12,-18,-10,59,19,88
SYF,Synchrony Financial,72.81,6,0,26,23,55,6,-11,17,20,32,87
IRM,Iron Mountain,103.36,-11,22,5,59,75,-30,21,19,-1,9,84
RRC,Range Resources,36.12,-21,0,4,44,27,-19,26,-7,57,57,84
WAB,Wabtec,196.05,-20,0,4,51,35,-40,11,19,58,48,83
JBL,Jabil,200.58,-58,-8,28,67,29,-19,-6,20,59,54,83
VEEV,Veeva Systems,287.67,-20,13,54,10,57,-26,13,19,20,26,83
BYD,Boyd Gaming,83.36,-42,0,57,61,76,-54,12,19,29,6,82
BLD,TopBuild,439.05,39,5,11,48,103,-9,-22,15,-5,-21,82
FTNT,Fortinet,83.08,-20,0,-2,115,93,-39,23,-11,15,-12,81
EG,Everest Group,356.67,0,15,0,57,72,1,12,3,-7,9,81
WAT,Waters Corporation,333.06,71,5,-14,1,63,27,4,-29,16,18,81
XOM,ExxonMobil,112.3,-22,2,6,46,32,-19,-3,18,52,48,80
GEV,GE Vernova,644.75,14,2,5,0,21,35,4,20,0,59,80
PATH,UiPath,16.46,49,17,2,0,68,-7,27,3,-12,11,79
NNN,NNN Reit,42.22,-1,0,9,24,32,5,7,19,16,47,79
COHR,Coherent Corp.,109.45,-3,19,7,17,40,-13,18,16,17,38,78
O,Realty Income,58.81,-38,52,19,9,42,5,-3,19,15,36,78
PG,Procter & Gamble,149.14,-38,-17,-15,181,111,-28,-11,-23,28,-34,77
SMCI,Supermicro,53.11,0,10,0,60,70,-17,21,14,-11,7,77
KIM,Kimco Realty,21.38,-1,-5,3,57,54,4,-14,17,16,23,77
SF,Stifel,111.1,-30,0,17,61,48,2,-12,16,22,28,76
GGG,Graco Inc.,81.97,-42,-18,1,180,121,-42,-20,19,-2,-45,76
SNOW,Snowflake Inc.,240.98,0,33,24,0,57,-10,7,19,3,19,76
CNA,CNA Financial,47.05,7,0,1,59,67,7,-23,3,22,9,76
CVNA,Carvana,345.92,-49,-3,101,13,62,-52,28,19,18,13,75
T,AT&T,26.12,-120,-10,79,18,-33,1,-13,103,17,108,75
INTC,Intel,35.65,-1,44,4,0,47,-12,43,9,-14,26,73
EQH,Equitable Holdings,49.59,-30,-11,101,13,73,-33,-7,19,21,0,73
LECO,Lincoln Electric,236.72,0,0,16,67,83,3,-22,17,-9,-11,72
CMG,Chipotle Mexican Grill,42.08,7,0,-15,82,74,6,7,-13,-2,-2,72
PHM,PulteGroup,124.9,-42,0,10,67,35,2,-11,15,31,37,72
RPRX,Royalty Pharma,36.0,1,1,41,0,43,-12,4,35,2,29,72
SEIC,SEI Investments Company,83.45,-28,-28,101,37,82,-33,-25,19,28,-11,71
CFG,Citizens Financial Group,51.78,-31,1,17,6,-7,2,43,16,16,77,70
LPLA,LPL Financial,321.27,-1,-33,1,101,68,-12,-44,-2,59,1,69
EMR,Emerson Electric,129.78,-20,-6,25,66,65,-41,-3,19,28,3,68
PLD,Prologis,115.43,-28,37,8,0,17,3,36,19,-7,51,68
AMP,Ameriprise Financial,486.73,-3,-32,3,66,34,-28,-28,17,73,34,68
FNB,FNB Corporation,16.11,-28,0,10,57,39,4,-15,18,21,28,67
RS,"Reliance, Inc.",275.78,-32,-52,-5,117,28,-19,-17,-4,79,39,67
META,Meta Platforms,708.77,-1,-11,26,31,45,-12,-9,17,25,21,66
HSY,Hershey Company (The),189.43,-14,74,13,0,73,-28,28,13,-21,-8,65
QSR,Restaurant Brands International,68.65,5,9,3,42,59,4,14,-2,-10,6,65
LSCC,Lattice Semiconductor,71.0,-20,50,10,0,40,-12,43,11,-17,25,65
UNM,Unum,76.6,-28,1,7,42,22,-38,28,-3,56,43,65
BPOP,"Popular, Inc.",124.05,-28,1,26,61,60,-33,-3,19,21,4,64
LAMR,Lamar Advertising,120.06,-38,-4,10,66,34,3,-13,17,23,30,64
ESI,Element Solutions,25.27,-23,2,3,59,41,2,8,16,-3,23,64
EQT,EQT Corporation,53.3,-23,0,50,44,71,-30,12,-2,12,-8,63
HALO,Halozyme,66.68,0,0,16,21,37,7,-7,10,16,26,63
SNPS,Synopsys,443.76,-21,-25,-6,182,130,-20,-37,-3,-7,-67,63
TXRH,Texas Roadhouse,169.83,14,-47,-8,66,25,6,4,-5,33,38,63
ECL,Ecolab,273.1,-16,0,25,24,33,-20,8,19,21,28,61
BAM,Brookfield Asset Management,56.55,-20,-3,74,0,51,-12,-7,19,10,10,61
ROK,Rockwell Automation,343.98,-2,2,24,17,41,5,9,19,-13,20,61
DELL,Dell Technologies,148.75,-1,12,5,34,50,-19,17,19,-6,11,61
FLUT,Flutter Entertainment,250.0,0,-12,1,23,12,25,-23,17,29,48,60
TNL,Travel + Leisure Co.,60.76,0,0,18,18,36,4,-12,16,16,24,60
FIVE,Five Below,149.96,-1,2,9,0,10,6,41,20,-17,50,60
APG,APi Group,34.65,-1,0,27,0,26,-18,5,19,28,34,60
CORT,Corcept Therapeutics,72.13,-21,20,0,21,20,-21,18,3,40,40,60
A,Agilent Technologies,138.05,0,34,3,1,38,-22,40,10,-7,21,59
UHS,Universal Health Services,203.8,-21,40,1,24,44,-33,44,3,1,15,59
VKTX,Viking Therapeutics,33.03,74,4,-49,23,52,-9,10,14,-8,7,59
BBY,Best Buy,77.2,12,2,1,-8,7,6,42,7,-4,51,58
PSX,Phillips 66,130.83,-3,2,4,43,46,5,-4,18,-7,12,58
PCAR,Paccar,95.1,-52,-5,-31,161,73,-47,-11,6,36,-16,57
ES,Eversource Energy,70.58,-10,18,24,2,34,-22,22,19,4,23,57
JLL,Jones Lang LaSalle,294.73,5,0,13,16,34,5,-11,13,16,23,57
UAL,United Airlines Holdings,103.18,14,1,10,13,38,2,-14,13,18,19,57
NDSN,Nordson,233.51,5,38,3,3,49,-11,9,19,-9,8,57
LYFT,Lyft,20.15,-53,42,10,-3,-4,2,37,19,2,60,56
COIN,Coinbase,341.41,-7,0,18,0,11,-12,19,18,20,45,56
SPG,Simon Property Group,175.84,-47,77,10,37,77,-61,-1,17,23,-22,55
ACGL,Arch Capital Group,92.2,0,7,0,64,71,-23,6,3,-2,-16,55
NBIX,Neurocrine Biosciences,137.19,-10,45,9,27,71,-20,-6,16,-6,-16,55
PEGA,Pegasystems,55.84,0,1,28,7,36,-12,-3,17,17,19,55
NVR,"NVR, Inc.",7743.77,-42,-4,0,67,21,5,-15,12,31,33,54
SHC,Sotera Health,15.99,0,47,10,0,57,5,-11,11,-8,-3,54
FCX,Freeport-McMoRan,41.96,0,-3,2,60,59,-18,2,19,-8,-5,54
ALLY,Ally Financial,39.94,5,0,11,6,22,6,-9,17,18,32,54
K,Kellanova,82.93,6,12,3,23,44,5,6,-16,15,10,54
QS,QuantumScape,16.85,14,20,15,0,49,6,20,17,-38,5,54
SSNC,SS&C Technologies,82.85,-50,-4,99,16,61,-34,-7,16,17,-8,53
CFLT,"Confluent, Inc.",22.8,63,5,-12,0,56,-7,28,-27,2,-4,52
MPC,Marathon Petroleum,183.13,-42,34,8,51,51,-42,34,19,-10,1,52
AVT,Avnet,51.52,-1,0,10,47,56,3,-22,19,-4,-4,52
DNB,Dun & Bradstreet,9.15,29,52,-28,0,53,46,-13,2,-37,-2,51
AGO,Assured Guaranty,82.33,-46,-4,-2,58,6,2,21,-2,24,45,51
UBER,Uber,94.23,-25,27,27,1,30,-32,-1,25,28,20,50
TRGP,Targa Resources,150.42,-28,-4,-2,53,19,-19,-4,-2,56,31,50
ICE,Intercontinental Exchange,158.26,-70,-32,0,163,61,5,-38,-1,23,-11,50
EGP,EastGroup Properties,170.19,-1,13,3,10,25,1,11,19,-7,24,49
AWK,American Water Works,141.54,7,-2,35,0,40,-10,6,3,10,9,49
INGM,Ingram Micro,21.69,-1,25,0,0,24,-20,28,16,0,24,48
AMZN,Amazon,216.44,-8,-3,26,23,38,-12,-16,16,22,10,48
TEM,Tempus AI,89.83,-1,45,0,0,44,-14,6,12,0,4,48
NU,Nubank,14.91,-23,39,10,0,26,-17,-2,19,21,21,47
TXT,Textron,83.77,-23,1,3,55,36,-33,32,19,-7,11,47
TRMB,Trimble Inc.,78.06,-28,-4,88,6,62,-33,-14,17,14,-16,46
NTRS,Northern Trust,129.0,-30,1,25,13,9,4,-2,19,15,36,45
LOAR,Loar Holdings,81.28,12,5,1,0,18,4,35,-12,0,27,45
QGEN,Qiagen,47.52,15,-25,21,0,11,5,3,19,7,34,45
IQV,IQVIA,204.64,12,11,3,0,26,11,5,11,-8,19,45
TFSL,Third Federal S&L,13.49,0,1,12,7,20,3,-19,19,21,24,44
CHRW,C.H. Robinson,127.94,-29,76,12,4,63,-42,-2,15,10,-19,44
BURL,Burlington Stores,274.09,14,0,10,5,29,6,-23,12,19,14,43
ELF,e.l.f. Beauty,132.49,-13,34,0,33,54,-20,-1,17,-7,-11,43
LNC,Lincoln Financial,40.24,-1,0,27,3,29,5,-19,17,10,13,42
HLI,Houlihan Lokey,193.6,-80,0,26,46,-8,7,-5,19,28,49,41
RKT,Rocket Companies,16.94,0,0,13,0,13,16,-9,18,3,28,41
EXR,Extra Space Storage,147.84,14,2,1,1,18,6,2,-2,15,21,39
CG,Carlyle Group (The),59.61,-33,0,17,23,7,4,-9,16,20,31,38
FCNCA,First Citizens BancShares,1785.45,5,-28,-5,61,33,5,-21,-2,23,5,38
DLR,Digital Realty,171.9,-21,2,6,24,11,-34,21,19,21,27,38
SSB,SouthState Corporation,98.98,-23,0,9,24,10,3,-11,13,21,26,36
SPR,Spirit AeroSystems,38.67,-23,-4,27,0,0,2,-21,39,16,36,36
FHB,"First Hawaiian, Inc.",24.63,-1,-5,1,16,11,5,-12,16,16,25,36
FNF,Fidelity National Financial,56.95,-49,0,0,60,11,4,-7,4,23,24,35
VRSN,Verisign,265.17,-78,-10,45,11,-32,5,-8,61,9,67,35
CPNG,Coupang,31.75,-20,27,26,0,33,-35,-1,19,19,2,35
ADC,Agree Realty,73.17,21,2,2,18,43,26,-35,-14,15,-8,35
RMD,Resmed,270.04,-19,-1,26,15,21,-25,5,18,15,13,34
PCOR,Procore,72.27,-1,22,1,0,22,-15,-3,9,21,12,34
CFR,Frost Bank,129.02,4,0,7,6,17,4,-17,17,12,16,33
NCLH,Norwegian Cruise Line Holdings,23.76,-1,0,9,0,8,3,-12,12,22,25,33
PKG,Packaging Corporation of America,210.76,-49,1,4,63,19,-20,-6,12,28,14,33
DRI,Darden Restaurants,186.88,-31,-19,1,63,14,5,-14,-5,32,18,32
EXP,Eagle Materials,239.03,4,1,-24,59,40,-20,5,9,-2,-8,32
LAD,Lithia Motors,311.63,0,-7,-4,16,5,6,-12,10,23,27,32
WBS,Webster Bank,59.44,-29,0,17,16,4,5,-13,17,19,28,32
VOYA,Voya Financial,75.77,4,1,10,6,21,4,-7,17,-3,11,32
PSN,Parsons Corporation,85.99,0,20,3,1,24,-19,17,12,-3,7,31
LEN,Lennar (Class A),122.22,0,-4,-6,66,56,-12,-18,10,-5,-25,31
SFM,Sprouts Farmers Market,111.13,14,-56,-4,48,2,32,-54,-8,59,29,31
CSX,CSX Corporation,36.13,5,12,5,6,28,-19,11,19,-8,3,31
CI,Cigna,302.24,0,1,-2,60,59,-19,5,-12,-3,-29,30
GXO,GXO Logistics,54.16,0,2,10,0,12,2,8,18,-10,18,30
JAZZ,Jazz Pharmaceuticals,133.74,-1,48,3,-8,42,-15,40,4,-41,-12,30
ENTG,Entegris,90.94,-29,24,0,-8,-13,6,36,8,-7,43,30
CCL,Carnival Corporation & plc,28.95,0,-2,26,0,24,-20,-13,17,21,5,29
GTES,Gates Corporation,24.92,-19,0,26,17,24,-40,5,19,20,4,28
NSC,Norfolk Southern,290.19,-29,22,20,6,19,-42,16,19,16,9,28
WTRG,Essential Utilities,39.95,0,8,15,0,23,-15,10,3,7,5,28
VVV,Valvoline,35.53,7,-14,-4,33,22,6,-11,16,-6,5,27
OSK,Oshkosh Corporation,131.46,-1,0,20,6,25,4,-23,17,4,2,27
WST,West Pharmaceutical Services,261.26,-24,28,0,-9,-5,2,29,10,-10,31,26
EXE,Expand Energy,101.37,-26,0,50,0,24,-28,26,-8,12,2,26
IPGP,IPG Photonics,83.13,-1,107,10,-46,70,-19,5,15,-46,-45,25
DHI,D. R. Horton,156.7,-42,0,1,67,26,4,-14,13,-4,-1,25
IDXX,Idexx Laboratories,636.92,5,2,23,6,36,6,-26,19,-10,-11,25
MAS,Masco,68.13,-49,-4,-6,67,8,2,-18,10,23,17,25
PRU,Prudential Financial,103.72,4,-11,-22,57,28,5,-21,13,-1,-4,24
MANH,Manhattan Associates,200.35,-9,-16,0,67,42,-19,-10,12,-2,-19,23
NWSA,News Corp (Class A),26.66,-70,-9,0,60,-19,1,-2,19,23,41,22
VIK,Viking Holdings,61.51,7,1,0,0,8,7,-12,19,0,14,22
DHR,Danaher Corporation,206.28,0,10,-2,0,8,3,5,12,-6,14,22
AA,Alcoa,35.76,0,37,2,-22,17,-15,42,11,-34,4,21
EVR,Evercore,319.86,-102,2,16,60,-24,6,-6,17,28,45,21
HBAN,Huntington Bancshares,16.33,-47,-5,18,23,-11,4,-9,19,18,32,21
CHWY,Chewy,38.3,-1,-2,50,0,47,-5,-18,-10,7,-26,21
MCHP,Microchip Technology,64.59,-1,-4,0,0,-5,6,9,19,-9,25,20
HAYW,Hayward Holdings,15.43,0,0,3,0,3,2,-20,17,18,17,20
PEP,PepsiCo,151.56,27,3,0,0,30,19,-22,8,-15,-10,20
HIW,Highwoods Properties,29.9,-30,0,9,8,-13,-39,37,19,15,32,19
SARO,StandardAero,28.62,12,0,0,0,12,6,2,-2,0,6,18
DD,DuPont,77.57,-20,2,3,21,6,-36,37,16,-5,12,18
APA,APA Corporation,22.89,-28,48,1,-14,7,-29,46,14,-21,10,17
JEF,Jefferies Financial Group,53.83,-102,-5,-2,60,-49,4,-7,10,59,66,17
GLPI,Gaming and Leisure Properties,44.67,-44,-6,0,67,17,-44,-14,-2,59,-1,16
WDAY,"Workday, Inc.",237.18,0,20,-19,16,17,-12,28,-13,-4,-1,16
BWA,BorgWarner,41.75,-42,1,17,4,-20,-39,74,19,-18,36,16
GNRC,Generac,183.91,33,0,12,-36,9,6,-28,16,12,6,15
EWBC,East West Bancorp,103.44,-28,0,18,24,14,-33,-5,18,21,1,15
TPG,TPG Inc.,57.05,-1,-3,11,0,7,-20,-7,13,21,7,14
WFRD,Weatherford International,63.36,-47,79,0,0,32,-19,-1,9,-7,-18,14
HPQ,HP Inc.,28.53,13,2,0,1,16,6,-13,8,-3,-2,14
ALB,Albemarle Corporation,96.2,14,24,1,-25,14,-2,15,13,-27,-1,13
SNV,Synovus,47.86,-1,-17,1,23,6,5,-12,-2,16,7,13
ZION,Zions Bancorporation,55.27,-30,0,9,6,-15,3,-9,16,17,27,12
TTEK,Tetra Tech,33.31,-1,-18,-38,121,64,-20,-44,15,-3,-52,12
DUOL,Duolingo,332.18,0,0,0,0,0,-14,11,-10,25,12,12
AMH,American Homes 4 Rent,33.06,9,-54,-17,70,8,14,-23,-5,17,3,11
VNO,Vornado Realty Trust,39.79,-37,2,7,6,-22,3,-4,17,17,33,11
BKR,Baker Hughes,44.83,-42,0,13,37,8,-35,-3,13,28,3,11
FTI,TechnipFMC,35.97,-63,0,26,29,-8,-35,-5,19,39,18,10
SW,Smurfit Westrock,42.24,7,-23,-6,18,-4,3,-17,9,19,14,10
U,Unity Technologies,36.6,-7,0,15,0,8,-12,-8,19,2,1,9
ESAB,ESAB,120.4,5,0,1,0,6,-19,5,-2,19,3,9
CUBE,CubeSmart,40.91,7,1,0,3,11,6,-3,-2,-4,-3,8
LUV,Southwest Airlines,33.41,6,1,10,-41,-24,4,4,17,6,31,7
SMMT,Summit Therapeutics,21.75,-2,-27,4,16,-9,-4,5,-6,21,16,7
THO,Thor Industries,105.24,0,0,10,4,14,4,-18,15,-8,-7,7
HHH,Howard Hughes Holdings,79.74,-28,48,7,0,27,-43,-1,8,16,-20,7
LEN-B,Lennar (Class B),114.78,-42,-5,-2,64,15,1,-18,10,-3,-10,5
SAIL,SailPoint,22.32,-21,23,0,0,2,-36,28,11,0,3,5
COLB,Columbia Banking System,26.75,4,1,3,0,8,3,-19,14,-1,-3,5
LFUS,Littelfuse,260.85,3,1,12,4,20,-12,-11,17,-10,-16,4
HLNE,Hamilton Lane,124.89,0,-15,-7,27,5,10,-30,-4,23,-1,4
QCOM,Qualcomm,161.71,-33,2,0,24,-7,4,-3,17,-7,11,4
RLI,RLI Corp.,64.26,0,-92,-19,178,67,2,-26,-38,-2,-64,3
CTVA,Corteva,62.65,-30,-22,62,1,11,-27,-14,19,13,-9,2
BROS,Dutch Bros. Coffee,52.92,14,-22,-4,0,-12,26,-22,-3,13,14,2
TFC,Truist Financial,43.92,-40,-3,10,6,-27,2,-6,16,16,28,1
DKNG,DraftKings,34.36,0,-11,-3,0,-14,1,-19,11,22,15,1
KEY,Keycorp,18.01,-47,0,17,6,-24,4,-11,17,15,25,1
PK,Park Hotels & Resorts,11.06,0,0,0,0,0,6,-10,12,-7,1,1
PVH,PVH Corp.,83.07,-1,1,0,3,3,3,-5,8,-9,-3,0
WING,Wingstop,255.01,0,-29,-6,40,5,6,-42,-2,33,-5,0
MDB,MongoDB Inc.,313.82,-20,42,7,-11,18,-12,-7,11,-11,-19,-1
BHF,Brighthouse Financial,49.96,0,1,-2,0,-1,4,-3,-12,10,-1,-2
LW,Lamb Weston,64.18,6,13,0,-10,9,-12,5,12,-16,-11,-2
ADT,ADT Inc.,8.56,-32,0,40,0,8,-42,-13,34,10,-11,-3
CACC,Credit Acceptance,504.24,5,1,0,1,7,2,2,-7,-7,-10,-3
CRM,Salesforce,239.77,-1,-1,-22,24,0,21,-17,-30,23,-3,-3
AFRM,Affirm Holdings,72.92,-21,-6,21,0,-6,-19,-14,17,19,3,-3
F,Ford Motor Company,11.67,-34,2,11,0,-21,-36,42,19,-7,18,-3
PNFP,Pinnacle Financial Partners,91.82,-1,-17,-13,17,-14,5,-11,-4,20,10,-4
GLIBK,GCI Liberty (Series C),36.43,-1,0,0,0,-1,-11,8,0,0,-3,-4
MSCI,MSCI,553.81,-20,-3,1,16,-6,-22,-15,16,22,1,-5
RBRK,Rubrik,78.17,-6,-25,1,0,-30,-11,-17,53,0,25,-5
FOXA,Fox Corporation (Class A),58.09,-51,0,77,3,29,-66,-2,17,16,-35,-6
WAL,Western Alliance Bancorporation,82.09,-38,-4,1,6,-35,4,-11,16,20,29,-6
ROKU,"Roku, Inc.",94.36,-30,2,19,-21,-30,-33,37,14,6,24,-6
CR,Crane Co.,179.75,-1,-23,25,0,1,2,-35,19,7,-7,-6
FDX,FedEx,234.54,-28,2,-2,34,6,-36,18,11,-6,-13,-7
ADM,Archer Daniels Midland,61.85,0,8,11,0,19,-24,1,19,-22,-26,-7
CVX,Chevron Corporation,152.52,-84,0,16,50,-18,2,-10,10,8,10,-8
BLDR,Builders FirstSource,128.1,3,-3,-37,67,30,-23,-19,9,-5,-38,-8
PCG,PG&E Corporation,16.42,6,13,-39,3,-17,2,7,2,-3,8,-9
BIIB,Biogen,145.3,-21,44,0,-29,-6,-40,51,6,-20,-3,-9
PR,Permian Resources,12.35,-7,-12,-3,28,6,-19,-11,19,-4,-15,-9
LLYVK,Liberty Live (Series C),88.23,-70,-1,39,0,-32,15,-13,19,2,23,-9
EOG,EOG Resources,109.14,-2,-18,-7,47,20,-19,-21,12,-1,-29,-9
RDDT,Reddit,196.55,-5,0,6,0,1,-11,-10,11,0,-10,-9
VRSK,Verisk Analytics,243.35,-1,-56,-5,116,54,-61,-22,-11,30,-64,-10
INGR,Ingredion,120.92,1,-52,-7,36,-22,-19,-22,-5,58,12,-10
NUE,Nucor,138.55,5,-3,0,0,2,2,-20,16,-10,-12,-10
DE,Deere & Company,447.96,-20,-38,0,111,53,-23,-51,-2,12,-64,-11
MTD,Mettler Toledo,1302.57,0,10,3,0,13,-33,3,13,-7,-24,-11
MHK,Mohawk Industries,125.69,2,0,0,-13,-11,5,-14,11,-3,-1,-12
TMO,Thermo Fisher Scientific,525.73,0,11,3,0,14,-28,3,4,-5,-26,-12
MSM,MSC Industrial Direct,87.0,-40,-3,16,60,33,-42,-11,19,-11,-45,-12
VNOM,Viper Energy,36.58,-42,-4,-18,46,-18,-40,-4,-2,49,3,-15
PINS,Pinterest,33.12,7,-17,0,-2,-12,6,-17,15,-7,-3,-15
ALAB,Astera Labs,161.46,-15,0,6,0,-9,-12,-9,14,0,-7,-16
CF,CF Industries,86.73,-25,0,6,6,-13,-26,15,-2,10,-3,-16
TPL,Texas Pacific Land Corporation,908.5,-28,-4,-18,60,10,-35,8,-14,15,-26,-16
FOX,Fox Corporation (Class B),52.09,-51,-3,76,3,25,-66,-2,16,11,-41,-16
NXST,Nexstar Media Group,197.88,-20,0,18,6,4,-27,-21,16,12,-20,-16
HOG,Harley-Davidson,27.0,-1,0,0,-11,-12,5,-11,14,-13,-5,-17
WBD,Warner Bros. Discovery,17.99,-53,24,21,0,-8,-52,24,17,2,-9,-17
MASI,Masimo,147.43,-1,0,-8,-8,-17,2,10,-24,12,0,-17
UNH,UnitedHealth Group,359.92,0,30,-27,0,3,-19,42,-40,-3,-20,-17
HOLX,Hologic,65.91,-14,-2,0,0,-16,-12,8,12,-9,-1,-17
ADSK,Autodesk,306.49,-42,2,8,16,-16,-36,-6,19,21,-2,-18
SEE,Sealed Air,34.32,-20,38,5,-26,-3,-39,41,17,-34,-15,-18
HAS,Hasbro,73.14,-28,-4,23,5,-4,-24,-22,19,13,-14,-18
CNM,Core & Main,51.78,0,-26,1,0,-25,-20,-19,19,26,6,-19
APTV,Aptiv,82.73,-32,45,10,-26,-3,-38,41,19,-38,-16,-19
MRP,Millrose Properties,31.51,-21,0,0,0,-21,1,-12,12,0,1,-20
MTB,M&T Bank,187.04,-77,-5,10,24,-48,2,-7,17,16,28,-20
MDLZ,Mondelez International,62.14,0,0,-2,0,-2,1,-4,-4,-11,-18,-20
ZM,Zoom Communications,79.31,-21,0,9,-2,-14,-12,-9,9,6,-6,-20
PEN,"Penumbra, Inc.",254.9,0,-2,0,13,11,-5,-17,-15,5,-32,-21
RGEN,Repligen,148.52,0,13,3,-19,-3,2,16,3,-39,-18,-21
TROW,T. Rowe Price,106.08,5,0,3,-27,-19,4,-20,15,-2,-3,-22
ETSY,Etsy,71.91,4,15,6,-32,-7,-12,17,19,-39,-15,-22
AES,AES Corporation,14.39,0,10,0,-13,-3,-19,11,15,-26,-19,-22
BIO,Bio-Rad Laboratories,304.91,12,11,1,-30,-6,7,5,10,-39,-17,-23
GLIBA,GCI Liberty (Series A),36.33,-16,0,0,0,-16,-14,7,0,0,-7,-23
ONTO,Onto Innovation,130.37,-23,37,-35,0,-21,-40,40,4,-6,-2,-23
NTNX,Nutanix,67.96,-53,-1,7,24,-23,-40,-5,19,26,0,-23
LLYVA,Liberty Live (Series A),85.45,-70,-1,39,0,-32,-1,-12,19,2,8,-24
OLED,Universal Display Corporation,141.92,-7,-1,-46,-1,-55,6,13,19,-7,31,-24
OHI,Omega Healthcare Investors,39.65,-51,0,15,42,6,-60,-17,14,33,-30,-24
SUI,Sun Communities,123.21,-44,0,12,-26,-58,-43,45,19,13,34,-24
WMS,Advanced Drainage Systems,141.36,3,1,1,5,10,-42,-7,19,-5,-35,-25
RF,Regions Financial Corporation,25.15,-47,0,16,24,-7,-40,-11,17,16,-18,-25
CAR,Avis Budget Group,155.4,5,-13,18,-22,-12,9,-5,22,-39,-13,-25
BA,Boeing,214.39,-23,-4,17,0,-10,1,-22,19,-13,-15,-25
REYN,Reynolds Consumer Products,23.67,-20,49,-37,0,-8,-31,12,6,-5,-18,-26
GAP,Gap Inc.,20.63,-42,-5,0,20,-27,4,-12,-12,21,1,-26
TRU,TransUnion,78.94,3,-18,-4,0,-19,-11,-11,-2,16,-8,-27
BAC,Bank of America,50.05,-70,41,26,20,17,-76,-3,19,16,-44,-27
DG,Dollar General,103.7,14,-18,0,-19,-23,26,-33,31,-28,-4,-27
FITB,Fifth Third Bancorp,43.41,-86,0,9,24,-53,2,-11,16,18,25,-28
TKR,Timken Company,74.31,-28,-4,1,6,-25,2,-14,16,-7,-3,-28
EFX,Equifax,228.31,-28,-9,-13,18,-32,-26,-9,19,20,4,-28
CCI,Crown Castle,97.28,31,-35,0,-30,-34,-6,8,-4,7,5,-29
KDP,Keurig Dr Pepper,26.7,21,-36,-8,-2,-25,1,-30,27,-2,-4,-29
EL,Estée Lauder Companies (The),94.97,5,2,0,-28,-21,7,5,17,-37,-8,-29
DOV,Dover Corporation,162.57,-42,-33,-12,108,21,-46,-24,-2,21,-51,-30
MSTR,MicroStrategy,300.66,-28,-6,-2,21,-15,-40,5,-2,22,-15,-30
FANG,Diamondback Energy,141.77,-25,-3,-38,49,-17,-33,13,13,-7,-14,-31
IP,International Paper,46.67,7,-31,0,18,-6,-18,-23,-3,18,-26,-32
DLTR,Dollar Tree,95.57,14,-27,1,-17,-29,23,-36,34,-24,-3,-32
BJ,BJ's Wholesale Club,94.1,14,-75,-4,12,-53,14,-42,-11,60,21,-32
DOC,Healthpeak Properties,18.16,-31,29,-2,-33,-37,-42,32,3,11,4,-33
AMTM,Amentum,23.45,-25,-4,0,0,-29,-33,10,19,0,-4,-33
AOS,A. O. Smith,68.84,-42,-3,0,60,15,-49,-11,19,-7,-48,-33
RRX,Regal Rexnord,143.16,-21,-6,1,5,-21,-33,7,16,-3,-13,-34
ALK,Alaska Air Group,49.42,-2,-14,-4,1,-19,-19,-14,7,11,-15,-34
OWL,Blue Owl Capital,16.76,5,-39,-13,0,-47,6,-15,-2,23,12,-35
BG,Bunge Global,82.42,-24,0,0,0,-24,-31,8,19,-7,-11,-35
TWLO,Twilio,108.13,0,-1,1,-36,-36,-12,2,-2,13,1,-35
IR,Ingersoll Rand,77.23,-38,-4,-2,25,-19,-40,27,-1,-2,-16,-35
EIX,Edison International,56.08,6,1,-41,0,-34,5,-13,9,-3,-2,-36
BC,Brunswick Corporation,62.84,-30,0,0,-9,-39,4,-3,13,-11,3,-36
MPW,Medical Properties Trust,5.22,-25,28,6,-38,-29,-43,34,1,1,-7,-36
GPC,Genuine Parts Company,133.7,-42,0,10,0,-32,3,-8,19,-19,-5,-37
AR,Antero Resources,31.6,-28,-1,-3,12,-20,-19,-1,-9,12,-17,-37
ON,ON Semiconductor,49.54,0,-33,0,-3,-36,6,-6,15,-17,-2,-38
DAY,Dayforce,68.18,-33,41,9,-14,3,-36,-13,9,-2,-42,-39
CART,Maplebear Inc.,39.45,8,-24,-3,0,-19,-5,-14,-2,1,-20,-39
DECK,Deckers Brands,99.3,-45,-14,-33,95,3,2,-14,-29,-1,-42,-39
CTRA,Coterra,23.23,-20,-4,-14,46,8,-25,-17,-21,15,-48,-40
TYL,Tyler Technologies,506.52,0,-37,-3,19,-21,2,-39,-2,20,-19,-40
XYZ,"Block, Inc.",76.17,-1,0,3,-38,-36,-20,4,13,-1,-4,-40
USB,U.S. Bancorp,47.09,-84,1,9,6,-68,4,-9,16,17,28,-40
KMPR,Kemper Corporation,50.36,0,-14,-15,-2,-31,5,-19,-12,16,-10,-41
WYNN,Wynn Resorts,116.11,-56,0,17,5,-34,-54,38,19,-10,-7,-41
HXL,Hexcel,62.5,-20,0,3,0,-17,-31,5,13,-11,-24,-41
SITE,SiteOne Landscape Supply,124.07,0,-15,-5,-11,-31,6,-19,12,-10,-11,-42
TOST,"Toast, Inc.",37.8,6,-31,1,0,-24,6,-41,-2,19,-18,-42
FRT,Federal Realty Investment Trust,97.36,-46,0,1,3,-42,4,-11,10,-3,0,-42
HUBS,HubSpot,456.23,-1,-11,-19,-2,-33,4,-8,-27,21,-10,-43
LBTYA,Liberty Global (Series A),10.96,-44,0,-2,0,-46,6,-12,10,-1,3,-43
AGCO,AGCO,107.16,-1,-5,16,0,10,-28,-32,20,-15,-55,-45
FLS,Flowserve,51.24,-104,-4,1,29,-78,1,-7,12,27,33,-45
MTN,Vail Resorts,154.29,2,-7,0,-25,-30,5,2,15,-38,-16,-46
BXP,"BXP, Inc.",70.52,-40,0,7,0,-33,-44,-4,19,15,-14,-47
CRL,Charles River Laboratories,170.1,0,10,0,-28,-18,-39,5,15,-10,-29,-47
APLS,Apellis Pharmaceuticals,23.15,-6,0,-1,-18,-25,-14,2,10,-20,-22,-47
PYPL,PayPal,69.14,-16,0,-12,-41,-69,-18,16,12,11,21,-48
ALGM,Allegro MicroSystems,27.62,-1,-18,20,0,1,6,-54,17,-18,-49,-48
MIDD,Middleby,133.96,-32,-4,-12,0,-48,2,-18,1,15,0,-48
VLTO,Veralto,102.03,-39,-4,11,0,-32,-21,-14,18,0,-17,-49
VIRT,Virtu Financial,33.51,0,-32,0,16,-16,-5,-44,-2,16,-35,-51
APD,Air Products,262.0,-35,-16,-4,0,-55,2,-21,11,12,4,-51
BEN,Franklin Templeton Investments,22.92,-19,-7,17,0,-9,-12,-25,19,-24,-42,-51
OVV,Ovintiv,36.81,-28,-7,-2,0,-37,-19,-4,16,-8,-15,-52
LNW,Light & Wonder,79.81,-50,-12,-12,59,-15,-46,-20,2,27,-37,-52
VTRS,Viatris,9.93,-20,0,1,0,-19,-44,2,11,-3,-34,-53
KEYS,Keysight,164.8,-43,2,7,2,-32,-42,-3,17,7,-21,-53
GEHC,GE HealthCare,72.34,-21,-3,-2,0,-26,-42,-3,8,10,-27,-53
LBTYK,Liberty Global (Series C),11.02,-44,-3,-2,-1,-50,2,-12,8,-2,-4,-54
IT,Gartner,246.73,-1,-85,-30,0,-116,5,25,-28,59,61,-55
CPAY,Corpay,289.9,-1,-52,-7,23,-37,-20,-21,-4,27,-18,-55
ST,Sensata Technologies,31.09,0,-3,1,-17,-19,3,-19,17,-37,-36,-55
SOLV,Solventum,71.5,-29,-6,0,0,-35,-41,5,15,0,-21,-56
IOT,Samsara,38.04,-19,1,-19,0,-37,-16,1,-26,22,-19,-56
PB,Prosperity Bancshares,66.08,0,-55,-13,16,-52,5,-21,-4,16,-4,-56
ESTC,Elastic NV,81.76,-1,-1,-22,-8,-32,-11,-9,1,-6,-25,-57
RITM,Rithm Capital,10.9,-134,-14,26,34,-88,2,-19,19,28,30,-58
JHX,James Hardie Industries,22.41,7,0,-36,-3,-32,-17,5,-9,-5,-26,-58
RAL,Ralliant,42.44,-28,-1,0,0,-29,-42,12,0,0,-30,-59
RARE,Ultragenyx,31.68,35,0,-36,-40,-41,27,4,-44,-5,-18,-59
MOH,Molina Healthcare,194.86,-16,0,-22,-4,-42,-24,34,-18,-10,-18,-60
GM,General Motors,57.15,-50,1,16,13,-20,-68,-3,16,15,-40,-60
MOS,Mosaic Company (The),29.94,-28,-3,25,-18,-24,-26,-3,24,-32,-37,-61
BILL,Bill.com,49.9,-34,33,-33,0,-34,-28,33,7,-39,-27,-61
AUR,Aurora Innovation,5.41,-1,-14,-10,0,-25,-20,-7,-27,17,-37,-62
BAH,Booz Allen Hamilton,97.77,-27,-31,-39,103,6,-28,4,-41,-3,-68,-62
IPG,Interpublic Group of Companies (The),26.78,-27,1,0,0,-26,-23,-1,7,-19,-36,-62
HST,Host Hotels & Resorts,16.38,-77,0,7,4,-66,5,-10,17,-8,4,-62
LVS,Las Vegas Sands,48.03,-28,-2,15,-1,-16,-25,-22,16,-16,-47,-63
AS,Amer Sports,30.94,-28,-18,13,0,-33,-26,-24,19,0,-31,-64
NWS,News Corp (Class B),29.93,-70,-10,0,60,-20,-63,-2,-2,23,-44,-64
ELS,Equity Lifestyle Properties,62.25,0,11,-30,0,-19,-9,10,-41,-5,-45,-64
DOX,Amdocs,83.68,6,-46,0,1,-39,4,-33,-4,7,-26,-65
EXLS,EXL Service,41.03,-51,-10,0,67,6,-65,-18,-3,15,-71,-65
QRVO,Qorvo,87.86,-41,0,0,-33,-74,2,-3,17,-7,9,-65
OTIS,Otis Worldwide,90.81,-28,0,-13,0,-41,-49,20,-23,28,-24,-65
YETI,Yeti Holdings,33.97,0,-7,-44,-8,-59,5,-12,13,-12,-6,-65
OKE,Oneok,69.58,-43,-52,-22,56,-61,-19,-4,-34,53,-4,-65
RYN,Rayonier,24.18,-26,-1,-2,-1,-30,-42,10,7,-11,-36,-66
JKHY,Jack Henry & Associates,154.19,37,-53,-12,-2,-30,47,-84,-12,13,-36,-66
VFC,VF Corporation,14.48,0,2,-29,-45,-72,6,-5,6,-1,6,-66
COO,Cooper Companies (The),71.21,7,1,-36,-7,-35,7,8,-41,-5,-31,-66
CGNX,Cognex Corporation,45.23,-21,2,10,-33,-42,5,-3,15,-42,-25,-67
MAT,Mattel,17.78,-1,-3,-13,0,-17,-35,2,16,-33,-50,-67
DT,Dynatrace,48.19,-32,-8,-11,0,-51,-44,8,-2,22,-16,-67
DVN,Devon Energy,32.72,-28,-3,0,-7,-38,-19,-4,18,-24,-29,-67
HAL,Halliburton,22.44,-35,34,-2,-1,-4,-54,-3,4,-11,-64,-68
LII,Lennox International,530.58,-20,-36,-6,40,-22,-23,-49,-4,29,-47,-69
BSY,Bentley Systems,50.33,-37,-6,18,0,-25,-33,-22,19,-8,-44,-69
GTLB,GitLab,44.78,-20,0,-30,0,-50,-14,-3,1,-3,-19,-69
ELV,Elevance Health,350.34,0,9,-53,0,-44,-17,16,-19,-5,-25,-69
CAI,Caris Life Sciences,30.35,-20,-5,0,0,-25,-23,-21,0,0,-44,-69
SAIA,Saia,298.06,-9,-3,-35,0,-47,-20,3,2,-7,-22,-69
KNX,Knight-Swift,43.65,0,0,-34,-4,-38,-17,4,-4,-15,-32,-70
AVTR,Avantor,13.9,5,10,-38,-1,-24,7,3,-49,-7,-46,-70
REXR,Rexford Industrial,40.92,-28,2,1,-20,-45,3,-10,15,-34,-26,-71
REGN,Regeneron Pharmaceuticals,572.74,-30,0,-50,0,-80,4,5,5,-6,8,-72
TXN,Texas Instruments,173.87,-53,-30,0,24,-59,-24,-26,19,18,-13,-72
NSA,National Storage Affiliates,31.47,15,1,-24,-6,-14,7,-18,-45,-3,-59,-73
CERT,"Certara, Inc.",11.89,-20,24,-2,0,2,-43,18,-16,-34,-75,-73
CTSH,Cognizant,67.28,0,-54,-12,16,-50,-12,-19,-12,20,-23,-73
UDR,"UDR, Inc.",36.35,0,-53,-7,-2,-62,9,-21,-14,15,-11,-73
JBHT,J. B. Hunt,139.38,-9,-4,-40,-2,-55,-19,4,9,-12,-18,-73
EQR,Equity Residential,62.29,-68,-9,-5,15,-67,4,-13,-12,15,-6,-73
QXO,"QXO, Inc.",19.54,-21,-17,0,-16,-54,-19,-15,22,-8,-20,-74
ASH,Ashland Global,49.0,5,-18,-50,-11,-74,26,-22,8,-12,0,-74
KEX,Kirby Corporation,82.22,0,-53,-12,37,-28,3,-46,-3,-1,-47,-75
TW,Tradeweb,108.38,13,-49,-7,2,-41,-6,-45,-8,25,-34,-75
ONON,On Holding AG,42.18,-1,-53,-8,0,-62,-19,-11,-5,22,-13,-75
DBX,Dropbox,28.39,-78,0,0,11,-67,-20,-7,9,10,-8,-75
ABNB,Airbnb,122.91,7,-48,-12,0,-53,7,-22,-2,-7,-24,-77
CHE,Chemed Corporation,437.36,0,-10,-20,-1,-31,1,-19,-18,-10,-46,-77
PLNT,Planet Fitness,94.73,-56,-31,1,15,-71,3,-23,-2,16,-6,-77
DOCU,DocuSign,68.32,-21,-11,-3,-14,-49,-20,-10,-11,13,-28,-77
RVTY,Revvity,91.15,0,0,-29,-26,-55,3,10,-34,-1,-22,-77
OMC,Omnicom Group,78.56,-26,1,-36,3,-58,-23,-1,6,-3,-21,-79
PNC,PNC Financial Services,189.71,-84,-4,11,16,-61,-40,-11,16,16,-19,-80
KMB,Kimberly-Clark,120.15,-50,-23,-8,20,-61,3,-30,-20,28,-19,-80
TAP,Molson Coors,46.74,5,-25,-22,-2,-44,19,-27,-23,-5,-36,-80
HUM,Humana,261.51,-7,0,-1,-14,-22,-22,-19,5,-22,-58,-80
FOUR,Shift4,77.83,-1,-50,-9,0,-60,-24,-21,-2,26,-21,-81
OLN,Olin Corporation,24.55,-20,37,-69,-11,-63,2,-3,7,-25,-19,-82
S,SentinelOne,17.01,-21,-3,-34,0,-58,-12,-7,-4,-3,-26,-84
GMED,Globus Medical,58.11,-20,0,-24,-2,-46,-30,5,-29,14,-40,-86
FIS,Fidelity National Information Services,67.74,0,-50,-11,-39,-100,3,4,-6,13,14,-86
INVH,Invitation Homes,28.5,0,-58,-17,0,-75,7,-23,-12,16,-12,-87
CUZ,Cousins Properties,26.39,-44,-5,0,13,-36,-53,-12,-1,15,-51,-87
TTC,Toro Company (The),74.63,-28,-4,0,-2,-34,-23,-18,10,-22,-53,-87
CBSH,Commerce Bancshares,58.88,-40,-50,-3,13,-80,4,-25,-2,15,-8,-88
MRK,Merck & Co.,84.69,-1,11,-56,0,-46,-43,5,4,-8,-42,-88
MGM,MGM Resorts International,32.44,-62,-11,-2,0,-75,5,-23,16,-11,-13,-88
TECH,Bio-Techne,59.28,0,11,-36,-26,-51,-39,5,4,-8,-38,-89
SNDR,Schneider National,22.49,2,-33,-14,0,-45,-11,-27,-4,-2,-44,-89
PPC,Pilgrim's Pride,38.06,-49,-28,-2,23,-56,-6,-35,-13,20,-34,-90
DIS,Walt Disney Company (The),111.16,-64,-23,24,-2,-65,-31,-19,19,5,-26,-91
ALSN,Allison Transmission,82.1,-44,-18,-14,37,-39,-44,-14,-30,36,-52,-91
PRMB,Primo Brands,22.34,4,-94,-7,24,-73,2,-22,-19,20,-19,-92
NVST,Envista,19.45,-28,-3,13,0,-18,-42,-14,15,-34,-75,-93
FAF,First American Financial Corporation,60.3,-126,0,0,16,-110,4,-14,6,20,16,-94
LINE,"Lineage, Inc.",39.89,-20,-4,0,0,-24,-36,5,-40,0,-71,-95
WEX,WEX Inc.,152.15,-28,-7,0,-1,-36,-44,-18,13,-10,-59,-95
DPZ,Domino's,424.33,1,-50,-5,12,-42,-49,-20,-4,20,-53,-95
GFS,GlobalFoundries,35.12,-1,0,-91,0,-92,4,13,-3,-19,-5,-97
LBRDA,Liberty Broadband (Series A),61.19,-28,0,-12,-38,-78,-31,14,-12,10,-19,-97
BDX,Becton Dickinson,188.35,-17,1,-37,-7,-60,-28,5,2,-17,-38,-98
GPN,Global Payments,86.5,0,1,-36,-41,-76,-19,2,7,-12,-22,-98
LBRDK,Liberty Broadband (Series C),61.39,-28,0,-12,-38,-78,-33,14,-12,10,-21,-99
FTV,Fortive,49.03,-20,0,-30,0,-50,-40,24,-26,-7,-49,-99
ACI,Albertsons,19.28,7,-65,-6,0,-64,1,-27,-12,2,-36,-100
CLX,Clorox,119.37,-7,-7,-26,-7,-47,-5,-11,-36,-1,-53,-100
CAVA,Cava Group,64.71,14,-44,-23,0,-53,-16,2,-37,4,-47,-100
ARW,Arrow Electronics,115.82,-39,-20,10,0,-49,-41,-20,19,-10,-52,-101
Z,Zillow (Class C),72.33,-120,-11,1,0,-130,4,-11,13,22,28,-102
AMCR,Amcor,8.11,5,-43,-10,-1,-49,13,-52,-10,-4,-53,-102
COP,ConocoPhillips,88.17,-63,-5,-3,0,-71,-28,-4,11,-10,-31,-102
ZBRA,Zebra Technologies,288.97,-28,-17,-11,-9,-65,-40,-10,13,-1,-38,-103
ZG,Zillow (Class A),69.56,-120,-11,1,0,-130,4,-11,12,22,27,-103
APPF,AppFolio,227.54,-74,-10,0,30,-54,-68,-10,-2,30,-50,-104
ESS,Essex Property Trust,259.28,-53,-9,-3,16,-49,-59,-1,-12,16,-56,-105
CCCS,CCC Intelligent Solutions,9.32,0,-17,-37,0,-54,-35,-19,11,-8,-51,-105
BBWI,"Bath & Body Works, Inc.",26.11,0,-27,-34,-17,-78,6,-20,-5,-8,-27,-105
ACHC,Acadia Healthcare,24.93,-24,23,-57,-13,-71,-33,15,2,-18,-34,-105
KVUE,Kenvue,16.15,0,-36,-7,0,-43,-9,-46,-12,5,-62,-105
SLGN,Silgan Holdings,43.42,5,-54,-12,0,-61,1,-54,-6,15,-44,-105
PFE,Pfizer,24.52,-28,-1,0,-25,-54,-43,5,16,-30,-52,-106
COLM,Columbia Sportswear,51.41,-28,-14,-30,-8,-80,2,-18,-25,15,-26,-106
MTDR,Matador Resources,42.93,-21,-12,-38,0,-71,-19,-20,12,-8,-35,-106
VZ,Verizon,40.56,-49,-7,0,12,-44,-59,-28,9,16,-62,-106
LAZ,Lazard,49.68,-104,-6,11,22,-77,-49,-12,16,15,-30,-107
OKTA,"Okta, Inc.",89.09,-21,-8,-7,-26,-62,-49,8,-12,8,-45,-107
WH,Wyndham Hotels & Resorts,78.31,-42,-20,-12,13,-61,-36,-25,-2,17,-46,-107
BMY,Bristol Myers Squibb,43.8,-44,-9,-9,-7,-69,-21,-1,-23,7,-38,-107
UHAL,U-Haul,55.89,0,-55,-24,0,-79,5,-19,-37,22,-29,-108
CNXC,Concentrix,44.92,-20,-13,-4,0,-37,-21,-9,-7,-35,-72,-109
CROX,Crocs,83.98,4,-48,-51,-3,-98,6,2,-13,-7,-12,-110
DXCM,Dexcom,66.2,-1,-36,-8,-16,-61,-16,-19,-3,-11,-49,-110
SWKS,Skyworks Solutions,72.77,-84,0,0,-32,-116,2,-6,16,-7,5,-111
RH,RH,183.17,-45,-13,-33,-9,-100,1,-18,7,-2,-12,-112
TEAM,Atlassian,156.38,2,-68,-15,-8,-89,6,-16,-27,13,-24,-113
NYT,New York Times Company,54.94,-117,-10,11,18,-98,-33,-24,19,23,-15,-113
EW,Edwards Lifesciences,73.35,-35,-10,0,-16,-61,-33,-21,39,-37,-52,-113
NOV,NOV Inc.,12.55,-28,-3,-64,-14,-109,-29,30,10,-17,-6,-115
TTD,Trade Desk (The),50.73,-9,-47,-36,-3,-95,-23,7,-2,-2,-20,-115
CHTR,Charter Communications,266.38,-28,0,-13,-38,-79,-33,13,-13,-3,-36,-115
RYAN,Ryan Specialty,56.41,-17,-78,-12,0,-107,-28,10,-18,27,-9,-116
BRKR,Bruker,36.51,13,0,-69,-10,-66,24,10,-73,-11,-50,-116
WLK,Westlake Corporation,77.84,-20,-3,-49,-2,-74,-20,-17,3,-8,-42,-116
SBUX,Starbucks,81.15,-49,-30,-10,0,-89,4,-38,-2,9,-27,-116
KD,Kyndryl,27.94,-30,-50,-5,0,-85,-33,-15,-6,22,-32,-117
SJM,J.M. Smucker Company (The),102.38,-35,-2,-3,-6,-46,-49,-5,7,-25,-72,-118
FDS,FactSet,285.83,3,-61,-14,-2,-74,28,-57,-12,-3,-44,-118
NKE,"Nike, Inc.",67.65,-43,-6,0,-23,-72,2,-26,16,-38,-46,-118
LEA,Lear Corporation,99.83,-42,-4,0,-19,-65,-40,-15,18,-17,-54,-119
BFAM,Bright Horizons,98.43,-63,-26,-8,0,-97,-2,-32,-5,17,-22,-119
SAIC,SAIC,97.22,-22,-29,-7,0,-58,-26,-29,-4,-3,-62,-120
GEN,Gen Digital,26.83,-78,-22,24,18,-58,-77,-24,19,18,-64,-122
CNC,Centene,36.44,-18,0,-53,-13,-84,-24,38,-22,-30,-38,-122
CCK,Crown Holdings,90.75,-49,-40,26,7,-56,-49,-31,-1,14,-67,-123
TREX,"Trex Company, Inc.",53.16,4,-23,-63,-15,-97,2,-19,-3,-8,-28,-125
POOL,Pool Corporation,295.55,-49,-15,-32,-8,-104,2,-11,-1,-11,-21,-125
UWMC,United Wholesale Mortgage,5.43,-122,0,0,0,-122,4,-9,7,-6,-4,-126
ISRG,Intuitive Surgical,436.39,-23,-54,-12,24,-65,-20,-62,-7,28,-61,-126
DAR,Darling Ingredients,31.55,0,-12,-15,-22,-49,-19,-25,-2,-32,-78,-127
SEB,Seaboard Corporation,3412.28,-64,0,14,-1,-51,-77,-18,17,2,-76,-127
TDC,Teradata,21.33,-28,0,-88,-19,-135,2,22,1,-18,7,-128
SRPT,Sarepta Therapeutics,21.44,-7,7,-38,-9,-47,-26,10,-59,-8,-83,-130
GME,GameStop,23.22,-52,0,-3,-32,-87,-54,31,-12,-9,-44,-131
PAYC,Paycom,200.54,-9,-36,0,-26,-71,-19,-39,-3,1,-60,-131
ATR,AptarGroup,129.77,-26,-52,-12,22,-68,-9,-49,-4,-1,-63,-131
FCN,FTI Consulting,157.58,-14,-25,-46,0,-85,-19,-19,-3,-7,-48,-133
TGT,Target Corporation,88.95,-1,-33,-40,-13,-87,2,-39,-2,-8,-47,-134
MRNA,Moderna,26.23,-8,0,-64,-6,-78,-24,13,-4,-41,-56,-134
SBAC,SBA Communications,191.07,0,-50,-8,-22,-80,4,-50,-7,-1,-54,-134
FI,Fiserv,124.14,-31,-67,-23,37,-84,-28,-27,-24,29,-50,-134
LKQ,LKQ Corporation,29.83,-41,-22,-15,-4,-82,4,-15,-23,-19,-53,-135
GDDY,GoDaddy,132.27,-30,-68,-12,24,-86,-31,-15,-28,24,-50,-136
AXTA,Axalta,27.26,-44,-16,-25,0,-85,6,-18,-38,-2,-52,-137
IEX,IDEX Corporation,163.65,-20,0,-37,-4,-61,-37,5,-37,-8,-77,-138
ACN,Accenture,244.15,-15,-69,-32,-2,-118,-17,4,-28,21,-20,-138
LCID,Lucid Motors,21.93,-41,0,-13,0,-54,-40,19,-26,-37,-84,-138
ZBH,Zimmer Biomet,98.38,-31,-5,-6,-19,-61,-40,-21,3,-20,-78,-139
HSIC,Schein (Henry),63.36,-49,-15,-14,-2,-80,-46,-16,-4,5,-61,-141
CIVI,Civitas Resources,28.92,-28,-3,-64,-2,-97,-42,-1,8,-11,-46,-143
W,Wayfair,79.21,-44,1,13,-43,-73,-43,-4,19,-42,-70,-143
SIRI,Sirius XM,21.79,-35,-4,-2,-33,-74,-43,-16,9,-19,-69,-143
UGI,UGI Corporation,31.86,-62,-35,51,6,-40,-60,-48,-2,7,-103,-143
VNT,Vontier,39.14,-104,-3,14,0,-93,-52,-9,17,-7,-51,-144
OGN,Organon & Co.,9.55,-35,0,-38,0,-73,-44,30,-51,-6,-71,-144
CSGP,CoStar Group,75.72,-49,-15,-2,0,-66,-40,-38,-1,1,-78,-144
UHAL-B,U-Haul (Series N),50.82,5,-55,-32,0,-82,6,-19,-46,-3,-62,-144
CARR,Carrier Global,57.5,-28,-51,-8,0,-87,-39,-47,-3,28,-61,-148
AVB,AvalonBay Communities,185.4,-65,-7,-12,18,-66,-77,-7,-16,17,-83,-149
SMG,Scotts Miracle-Gro Company,56.2,-20,-33,-31,-41,-125,-19,-19,15,-3,-26,-151
COTY,Coty,4.3,37,0,-73,-9,-45,-10,-10,-75,-11,-106,-151
IRDM,Iridium Communications,19.04,0,-53,-13,-21,-87,-23,-19,-4,-21,-67,-154
TFX,Teleflex,122.27,-21,0,-51,-41,-113,-36,5,2,-12,-41,-154
TSN,Tyson Foods,52.85,-35,-7,-10,-30,-82,-42,-23,-20,13,-72,-154
WU,Western Union,8.27,11,0,-32,-48,-69,7,-19,-67,-7,-86,-155
KHC,Kraft Heinz,25.43,0,-27,-51,-2,-80,4,-45,-23,-12,-76,-156
MORN,"Morningstar, Inc.",225.08,-1,-53,-29,0,-83,2,-66,-7,-2,-73,-156
PENN,Penn Entertainment,17.18,-66,-6,-2,-36,-110,5,-15,9,-46,-47,-157
EEFT,Euronet Worldwide,87.71,0,-54,-12,-5,-71,-39,-54,-9,15,-87,-158
DVA,DaVita,126.61,-51,-36,-12,22,-77,-51,-22,-29,21,-81,-158
DV,DoubleVerify,11.23,0,-26,-79,0,-105,-12,-28,-2,-12,-54,-159
DLB,Dolby Laboratories,69.12,-42,-16,-12,-1,-71,-61,-26,-2,-1,-90,-161
BIRK,Birkenstock,42.62,-42,-28,-8,0,-78,-47,-26,-10,0,-83,-161
AAL,American Airlines Group,12.19,7,-14,-30,-78,-115,2,-20,8,-41,-51,-166
GTM,ZoomInfo,10.27,-98,-1,0,0,-99,-33,-10,15,-39,-67,-166
GNTX,Gentex,25.95,-84,0,0,-1,-85,-75,-9,13,-10,-81,-166
ADBE,Adobe Inc.,335.93,-21,-10,-45,-8,-84,-26,-3,-49,-7,-85,-169
OXY,Occidental Petroleum,42.28,-63,-4,-64,0,-131,-33,-2,15,-18,-38,-169
SWK,Stanley Black & Decker,67.02,-41,-4,-38,-41,-124,-40,-11,8,-4,-47,-171
CNH,CNH Industrial,10.27,-30,-43,-6,0,-79,-35,-59,-4,4,-94,-173
FBIN,Fortune Brands Innovations,49.82,-51,-16,-35,-7,-109,-49,-19,8,-4,-64,-173
KBR,"KBR, Inc.",44.89,-42,-14,-39,0,-95,-35,-24,-17,-3,-79,-174
NCNO,nCino,24.9,-113,-11,-35,0,-159,-12,-16,14,-3,-17,-176
SAM,Boston Beer Company,222.71,1,1,-44,-39,-81,-12,2,-40,-46,-96,-177
AKAM,Akamai Technologies,74.09,-30,-4,-35,-9,-78,-37,-15,-35,-12,-99,-177
SLM,Sallie Mae,26.29,-98,-42,0,24,-116,-40,-42,-2,23,-61,-177
GLOB,Globant,59.69,4,-104,-35,-9,-144,8,2,-35,-9,-34,-178
LSTR,Landstar,127.05,0,-55,-44,-2,-101,-19,2,-51,-9,-77,-178
IFF,International Flavors & Fragrances,61.66,3,-54,-32,-33,-116,4,-20,-44,-3,-63,-179
SFD,Smithfield Foods,21.49,-98,-19,0,0,-117,-49,-28,13,0,-64,-181
AVY,Avery Dennison,160.13,-20,-36,-44,0,-100,-43,-27,-4,-7,-81,-181
XP,XP Inc.,16.03,-105,-7,0,0,-112,-76,-8,25,-10,-69,-181
CL,Colgate-Palmolive,78.41,-73,-69,-15,25,-132,-26,-30,-23,28,-51,-183
RIVN,Rivian,13.1,-71,-4,0,0,-75,-82,-4,1,-23,-108,-183
STZ,Constellation Brands,141.28,0,-36,-54,-5,-95,-13,2,-70,-10,-91,-186
ZTS,Zoetis,143.46,-24,-26,-44,-5,-99,-46,-27,-11,-7,-91,-190
ENPH,Enphase Energy,36.44,-1,0,-55,-22,-78,-17,-7,-62,-26,-112,-190
SLB,Schlumberger,32.56,-40,-6,-79,-1,-126,-38,-13,-2,-12,-65,-191
GIS,General Mills,48.57,-35,-2,-50,-6,-93,-30,-1,-46,-21,-98,-191
ILMN,"Illumina, Inc.",91.0,-23,-6,-37,-42,-108,-41,-11,11,-42,-83,-191
CLVT,Clarivate,3.6,-33,-18,-86,-8,-145,2,-18,12,-44,-48,-193
EMN,Eastman Chemical Company,60.52,-40,-17,-30,-3,-90,-40,-19,-44,-4,-107,-197
MTCH,Match Group,32.44,-115,-7,1,-39,-160,2,-15,14,-40,-39,-199
CZR,Caesars Entertainment,22.14,-44,-7,-35,-27,-113,-42,-3,-3,-39,-87,-200
CAG,Conagra Brands,18.51,-25,-7,-41,-9,-82,-44,-26,-23,-25,-118,-200
FND,Floor & Decor,70.42,-125,-14,-44,-8,-191,3,-11,7,-8,-9,-200
ODFL,Old Dominion Freight Line,135.44,-20,-54,-35,0,-109,-21,-28,-40,-3,-92,-201
OC,Owens Corning,128.26,-151,-12,-33,60,-136,-54,-19,8,-2,-67,-203
G,Genpact,39.85,-63,-25,-6,0,-94,-76,-21,-24,12,-109,-203
WHR,Whirlpool Corporation,74.06,-40,-20,-14,-28,-102,-41,-17,-5,-38,-101,-203
PPG,PPG Industries,100.5,-44,-17,-55,-10,-126,-43,-23,-2,-10,-78,-204
NIQ,NIQ Global Intelligence,14.19,-126,0,0,0,-126,-68,-11,0,0,-79,-205
CHRD,Chord Energy,90.89,-84,-12,-59,0,-155,-34,-21,13,-8,-50,-205
MKC,McCormick & Company,65.81,-33,-69,-15,-4,-121,-6,-68,-23,12,-85,-206
RNG,RingCentral,27.47,-1,-3,-35,-43,-82,-75,-11,9,-47,-124,-206
NWL,Newell Brands,4.84,-36,-14,-36,-33,-119,-40,-17,7,-38,-88,-207
SON,Sonoco,39.58,-128,-16,-5,-2,-151,-46,-13,16,-16,-59,-210
WSC,WillScot Mobile Mini,22.09,6,-52,-74,-8,-128,-19,-46,-3,-14,-82,-210
DXC,DXC Technology,13.31,-1,-7,-34,-75,-117,2,-18,-41,-36,-93,-210
KMX,CarMax,44.0,-37,-18,-28,-38,-121,-40,-16,-32,-2,-90,-211
MAA,Mid-America Apartment Communities,133.73,-98,-54,-6,-1,-159,-31,-17,-17,13,-52,-211
CPB,Campbell Soup Company,30.34,-49,-5,-41,-8,-103,-49,-6,-48,-7,-110,-213
CE,Celanese,40.82,-29,-47,-52,-12,-140,-40,-17,-6,-11,-74,-214
BALL,Ball Corporation,47.58,-42,-42,-12,-13,-109,-46,-50,-2,-7,-105,-214
LULU,Lululemon Athletica,169.06,-41,-90,-20,-5,-156,-19,3,-29,-14,-59,-215
ARE,Alexandria Real Estate Equities,75.1,-49,-5,-46,-32,-132,-46,-7,4,-37,-86,-218
WY,Weyerhaeuser,23.9,-41,-23,-32,-1,-97,-41,-27,-44,-10,-122,-219
CHDN,Churchill Downs Incorporated,88.42,-49,-32,-40,0,-121,-44,-49,-3,-3,-99,-220
FRPT,Freshpet,51.58,1,-85,-33,-8,-125,-35,-42,-29,-1,-107,-232
PCTY,Paylocity,151.28,-110,-36,-7,-5,-158,-36,-40,-6,7,-75,-233
ALGN,Align Technology,129.76,0,-53,-76,-27,-156,2,-27,-12,-40,-77,-233
GPK,Graphic Packaging,17.51,-49,-33,-28,-1,-111,-51,-30,-41,-2,-124,-235
IAC,IAC Inc.,33.3,-119,-18,-11,-33,-181,2,-10,-6,-40,-54,-235
CPT,Camden Property Trust,102.09,-99,-15,-4,-1,-119,-104,-16,-12,13,-119,-238
INSP,Inspire Medical Systems,78.84,0,-105,-32,-8,-145,-18,-22,-37,-19,-96,-241
UA,Under Armour (Class C),4.75,-28,-47,-37,-39,-151,2,-49,-4,-39,-90,-241
DOW,Dow Inc.,21.92,-42,-17,-52,-3,-114,-42,-11,-67,-10,-130,-244
UAA,Under Armour (Class A),4.89,-28,-47,-37,-46,-158,2,-49,-4,-39,-90,-248
BAX,Baxter International,22.83,-26,-69,-32,-40,-167,2,-22,-23,-43,-86,-253
BMRN,BioMarin Pharmaceutical,52.47,-24,-27,-59,-22,-132,-33,-41,-24,-24,-122,-254
MKTX,MarketAxess,171.07,5,-57,-37,-31,-120,-5,-72,-11,-46,-134,-254
HUN,Huntsman Corporation,8.2,-31,-18,-54,-17,-120,-36,-18,-49,-35,-138,-258
EPAM,EPAM Systems,146.94,-41,-25,-35,-29,-130,-40,-23,-26,-39,-128,-258
CDW,CDW,150.34,-84,-50,-51,0,-185,-47,-15,-2,-10,-74,-259
CMCSA,Comcast,30.0,-74,-55,-44,-11,-184,-37,-19,-11,-10,-77,-261
PRGO,Perrigo,21.65,-23,-49,-11,-115,-198,3,1,-11,-57,-64,-262
AMT,American Tower,186.5,-77,-50,-6,-2,-135,-88,-49,-4,13,-128,-263
BRBR,BellRing Brands,34.72,0,-112,-22,0,-134,3,-104,-28,-1,-130,-264
SN,SharkNinja,91.4,-119,-11,0,0,-130,-117,-39,16,3,-137,-267
FLO,Flowers Foods,12.67,-38,-42,-46,-10,-136,-5,-35,-66,-25,-131,-267
COLD,Americold,13.41,6,-136,-50,-13,-193,-12,2,-50,-17,-77,-270
MAN,ManpowerGroup,37.97,-12,-35,-55,-30,-132,-19,-27,-55,-38,-139,-271
LYB,LyondellBasell,46.66,-32,-52,-53,-7,-144,-42,-17,-67,-9,-135,-279
FMC,FMC Corporation,30.42,-129,-33,-49,-26,-237,2,-23,-4,-28,-53,-290
XRAY,Dentsply Sirona,12.47,-44,-53,-90,-44,-231,5,-18,-4,-42,-59,-290
DJT,Trump Media & Technology Group,16.27,-25,-95,-65,0,-185,-38,-26,-33,-11,-108,-293
BF-B,Brown–Forman (Class B),27.53,-31,-30,-112,-20,-193,-23,-3,-44,-30,-100,-293
WEN,Wendy's Company (The),8.91,-38,-78,-46,-10,-172,-41,-25,-41,-17,-124,-296
HRL,Hormel Foods,23.92,-49,-63,-19,-25,-156,-55,-59,-6,-32,-152,-308
BF-A,Brown–Forman (Class A),27.35,-31,-27,-111,-20,-189,-49,1,-51,-26,-125,-314
UPS,United Parcel Service,84.02,-20,-55,-115,-18,-208,-33,6,-43,-36,-106,-314
CHH,Choice Hotels,101.46,-231,-49,-12,0,-292,2,-50,-26,16,-58,-350
RHI,Robert Half,32.6,-40,-182,-38,-11,-271,-42,-19,-36,-34,-131,-402
