Symbol,Name,Close,1H Cloud Score,1D Cloud Score,1W Cloud Score,1M Cloud Score,Cloud Score Sum,1H TKx Score,1D TKx Score,1W TKx Score,1M TKx Score,TKx Score Sum,Total Score Sum
TJX,TJX Companies,141.89,-1,59,158,200,416,-10,2,127,195,314,730
COOP,Mr. Cooper Group,210.79,-7,100,126,60,279,11,99,124,58,292,571
COR,Cencora,332.77,86,39,54,77,256,94,48,65,70,277,533
AAPL,Apple Inc.,262.74,38,83,8,253,382,6,51,12,73,142,524
WRB,W. R. Berkley Corporation,75.03,1,42,104,178,325,19,55,34,57,165,490
ORLY,O'Reilly Auto Parts,97.26,-43,-2,173,201,329,2,-10,64,91,147,476
RL,Ralph Lauren Corporation,335.64,48,118,104,36,306,56,47,20,28,151,457
RTX,RTX Corporation,178.66,28,115,87,56,286,35,24,94,16,169,455
GD,General Dynamics,350.79,28,138,18,56,240,30,93,20,59,202,442
APH,Amphenol,133.82,21,129,29,67,246,13,131,20,29,193,439
BSX,Boston Scientific,101.12,56,-2,154,146,354,-2,5,20,59,82,436
FIX,Comfort Systems USA,981.83,7,119,27,66,219,7,131,20,57,215,434
ORI,Old Republic International,40.53,-14,53,157,60,256,-5,-2,127,57,177,433
NRG,NRG Energy,170.35,6,31,113,96,246,7,30,123,23,183,429
ROL,"Rollins, Inc.",56.6,12,-8,41,288,333,30,-7,33,37,93,426
PLTR,Palantir Technologies,184.62,13,129,126,0,268,8,-2,129,22,157,425
WELL,Welltower,177.95,44,10,126,60,240,14,1,143,26,184,424
GOOG,Alphabet (Class C),260.52,61,105,17,178,361,18,7,14,23,62,423
GOOGL,Alphabet (Class A),259.91,61,105,18,178,362,18,2,15,23,58,420
L,Loews Corporation,100.07,0,116,122,57,295,24,51,20,26,121,416
HWM,Howmet Aerospace,198.45,14,33,158,31,236,8,4,102,59,173,409
CDNS,Cadence Design Systems,345.17,12,0,27,143,182,35,-14,20,182,223,405
ETR,Entergy,96.59,-2,26,86,139,249,9,25,99,16,149,398
LOPE,Grand Canyon Education,218.32,32,56,157,37,282,29,2,44,36,111,393
MPWR,Monolithic Power Systems,1074.25,14,116,13,159,302,8,60,20,2,90,392
RBC,RBC Bearings,412.26,35,3,103,166,307,34,-39,24,59,78,385
EHC,Encompass Health,126.14,42,50,153,31,276,54,-11,34,31,108,384
MDU,MDU Resources,19.98,182,24,5,60,271,32,26,20,32,110,381
TIGO,Millicom,47.37,17,196,87,4,304,12,13,34,18,77,381
CASY,Casey's,531.23,-27,0,123,89,185,-45,31,127,80,193,378
ACM,AECOM,132.85,13,122,26,67,228,5,51,20,74,150,378
CRS,Carpenter Technology Corporation,314.01,14,2,156,37,209,31,2,81,51,165,374
KLAC,KLA Corporation,1182.35,50,35,24,179,288,8,29,20,28,85,373
MA,Mastercard,573.81,28,0,136,157,321,33,-29,20,28,52,373
IBM,IBM,307.43,12,27,119,56,214,35,-2,66,58,157,371
MCK,McKesson Corporation,801.67,82,27,52,60,221,33,44,2,69,148,369
V,Visa Inc.,347.44,24,5,147,135,311,29,-4,-3,28,50,361
LLY,Lilly (Eli),825.73,7,21,1,174,203,19,38,2,98,157,360
DTE,DTE Energy,141.85,0,24,84,191,299,-12,21,37,15,61,360
MNST,Monster Beverage,69.68,9,55,36,182,282,13,29,29,6,77,359
SO,Southern Company,95.86,-27,16,86,192,267,-40,17,33,81,91,358
AWI,Armstrong World Industries,203.33,39,123,104,23,289,5,13,20,21,59,348
DUK,Duke Energy,127.36,0,16,86,185,287,-8,18,32,18,60,347
MEDP,Medpace,605.73,48,90,14,34,186,40,100,14,4,158,344
HCA,HCA Healthcare,447.11,39,55,13,99,206,54,23,26,31,134,340
EME,Emcor,748.23,13,116,27,60,216,10,35,18,59,122,338
GLW,Corning Inc.,87.42,12,115,29,19,175,7,122,18,16,163,338
AAON,AAON,106.24,9,27,1,247,284,7,45,2,-1,53,337
JPM,JPMorgan Chase,300.52,-2,1,133,160,292,5,-9,20,28,44,336
AVGO,Broadcom,354.11,7,119,29,118,273,7,2,20,32,61,334
CW,Curtiss-Wright,570.89,12,124,29,56,221,8,32,20,51,111,332
WMT,Walmart,106.21,0,40,137,103,280,-7,8,20,31,52,332
DCI,Donaldson Company,83.25,50,68,12,67,197,7,75,20,32,134,331
WDC,Western Digital,129.41,13,116,22,20,171,8,127,20,5,160,331
MS,Morgan Stanley,163.84,7,116,86,66,275,7,8,20,18,53,328
GRMN,Garmin,250.4,0,89,122,21,232,6,50,16,23,95,327
THC,Tenet Healthcare,210.39,41,53,24,59,177,56,50,18,26,150,327
DDS,Dillard's,607.06,1,98,24,56,179,20,52,17,57,146,325
HEI,HEICO (Common),316.77,14,-12,35,191,228,29,-20,26,59,94,322
COST,Costco,932.12,-6,-27,0,182,149,-8,5,-12,186,171,320
ATO,Atmos Energy,175.98,-14,56,84,47,173,-14,18,95,47,146,319
BK,BNY Mellon,108.01,12,118,104,42,276,7,-6,20,21,42,318
CAT,Caterpillar Inc.,522.78,0,115,18,66,199,2,40,18,59,119,318
AYI,Acuity Brands,368.61,12,92,14,29,147,10,121,16,22,169,316
SRE,Sempra,92.78,6,71,10,183,270,1,26,18,1,46,316
MSI,Motorola Solutions,439.06,-10,-8,11,155,148,-13,-22,11,187,163,311
CACI,CACI,585.81,35,21,12,156,224,32,28,24,1,85,309
PANW,Palo Alto Networks,217.08,28,36,9,83,156,35,37,20,59,151,307
NVT,nVent Electric,102.2,10,116,18,14,158,9,129,18,-7,149,307
PPL,PPL Corporation,37.35,-3,74,86,25,182,-9,20,98,16,125,307
HUBB,Hubbell Incorporated,434.31,14,0,11,184,209,7,1,16,73,97,306
MCD,McDonald's,305.74,0,0,2,244,246,-10,3,8,59,60,306
J,Jacobs Solutions,159.52,0,114,16,108,238,3,25,17,21,66,304
CBOE,Cboe Global Markets,238.5,0,0,154,57,211,12,-5,32,53,92,303
MSFT,Microsoft,523.5,21,1,26,175,223,33,-5,20,27,75,298
INTU,Intuit,683.18,34,0,27,193,254,35,-11,-2,22,44,298
YUM,Yum! Brands,143.35,-4,-1,0,261,256,-10,-11,4,59,42,298
GE,GE Aerospace,303.95,-1,127,29,29,184,5,38,40,31,114,298
PTC,PTC Inc.,204.71,43,0,16,184,243,7,2,17,28,54,297
EVRG,Evergy,77.96,-1,97,68,16,180,-8,25,87,12,116,296
AME,Ametek,187.07,41,0,14,108,163,6,2,20,103,131,294
AXP,American Express,357.66,42,45,27,101,215,35,2,18,23,78,293
CAH,Cardinal Health,161.89,37,21,65,40,163,33,35,2,59,129,292
MLI,Mueller Industries,102.95,35,88,17,60,200,-1,2,18,73,92,292
TRV,Travelers Companies (The),269.93,10,0,101,60,171,31,-4,34,58,119,290
NI,NiSource,43.62,0,23,84,47,154,-2,23,99,16,136,290
TPR,"Tapestry, Inc.",114.7,0,116,90,23,229,-12,33,18,21,60,289
CRH,CRH plc,120.18,7,70,17,66,160,7,79,14,29,129,289
PWR,Quanta Services,441.09,7,23,27,101,158,7,27,20,74,128,286
ROIV,Roivant Sciences,18.2,69,53,11,0,133,61,69,20,2,152,285
GWRE,Guidewire Software,250.54,82,7,120,23,232,5,5,20,22,52,284
EBAY,eBay,97.2,49,5,87,16,157,7,8,92,18,125,282
CTAS,Cintas,190.81,0,-50,-3,169,116,-9,-12,-3,189,165,281
CME,CME Group,269.48,6,0,64,138,208,33,20,-2,21,72,280
ANET,Arista Networks,153.86,14,101,17,60,192,15,-2,16,58,87,279
FYBR,Frontier Communications,37.57,1,54,99,0,154,13,-8,104,16,125,279
WM,"Waste Management, Inc.",214.65,-4,-45,-1,189,139,-11,-8,-4,161,138,277
LRCX,Lam Research,151.69,14,38,19,154,225,8,30,20,-7,51,276
TDG,TransDigm Group,1359.77,31,0,7,159,197,32,-9,-3,59,79,276
FLEX,Flex Ltd.,64.28,14,45,28,60,147,11,38,20,59,128,275
HII,Huntington Ingalls Industries,299.94,14,155,18,8,195,29,35,26,-11,79,274
TT,Trane Technologies,425.87,7,0,26,166,199,5,19,20,31,75,274
KO,Coca-Cola Company (The),69.71,67,4,4,184,259,-4,10,-8,16,14,273
AXON,Axon Enterprise,736.09,16,-32,155,96,235,30,-23,-1,32,38,273
AM,Antero Midstream,17.83,-29,0,158,25,154,-20,-9,88,57,116,270
CNP,Centerpoint Energy,39.42,-2,70,59,47,174,-4,28,53,17,94,268
IBKR,Interactive Brokers,68.75,0,27,99,59,185,8,-2,18,59,83,268
HEI-A,HEICO (Class A),247.31,7,-12,36,184,215,5,-13,27,32,51,266
PNR,Pentair,109.76,10,116,19,64,209,19,-7,18,26,56,265
RBA,RB Global,101.79,0,-22,114,29,121,21,-17,117,21,142,263
WEC,WEC Energy Group,115.81,-2,72,65,15,150,-8,29,78,13,112,262
SCI,Service Corporation International,81.65,0,32,7,177,216,-13,26,18,15,46,262
HON,Honeywell,216.09,31,0,1,180,212,28,1,-3,24,50,262
AU,AngloGold Ashanti,68.55,-28,60,86,20,138,3,69,34,16,122,260
BWXT,BWX Technologies,203.3,0,114,23,37,174,5,26,20,33,84,258
INSM,Insmed,159.59,-20,96,74,18,168,-20,66,20,22,88,256
HOOD,Robinhood Markets,139.79,2,118,91,0,211,7,-2,20,20,45,256
SNX,TD Synnex,154.91,6,116,25,65,212,6,-3,18,23,44,256
NEM,Newmont,83.35,-28,140,29,7,148,-36,102,29,12,107,255
HIG,Hartford (The),125.14,0,-7,104,59,156,19,-11,31,58,97,253
MMC,Marsh McLennan,186.6,-49,-7,-13,177,108,-16,-2,-21,180,141,249
XYL,Xylem Inc.,148.28,14,116,18,24,172,8,25,20,24,77,249
OGE,OGE Energy,46.37,0,21,78,47,146,-14,22,78,16,102,248
FERG,Ferguson Enterprises,249.25,70,17,21,67,175,5,21,20,27,73,248
STE,Steris,240.82,0,0,24,197,221,-11,-22,32,27,26,247
XEL,Xcel Energy,80.41,-28,72,61,14,119,5,41,69,11,126,245
CIEN,Ciena,179.06,14,116,19,14,163,7,38,18,18,81,244
SNDK,SanDisk,186.07,70,49,0,0,119,62,51,12,0,125,244
AGNC,AGNC Investment,10.19,22,101,21,18,162,33,12,18,19,82,244
ELAN,Elanco,22.05,42,119,12,0,173,8,51,19,-8,70,243
AMAT,Applied Materials,228.76,14,27,5,151,197,8,27,18,-7,46,243
AZO,AutoZone,3804.69,-45,-5,104,88,142,-11,-13,64,59,99,241
SNA,Snap-on,343.94,11,37,8,61,117,21,31,13,59,124,241
TER,Teradyne,144.26,14,87,5,4,110,8,117,13,-7,131,241
NVDA,Nvidia,186.26,0,27,24,136,187,7,-2,20,28,53,240
LYV,Live Nation Entertainment,152.92,-6,-13,104,149,234,-12,-21,19,18,4,238
UI,Ubiquiti,735.78,0,45,62,12,119,7,80,20,12,119,238
EXAS,Exact Sciences,64.63,135,36,3,-27,147,61,44,3,-18,90,237
DRS,Leonardo DRS,40.52,0,-8,149,60,201,8,-3,-1,31,35,236
VMI,Valmont Industries,418.06,14,21,72,60,167,19,21,17,12,69,236
ORCL,Oracle Corporation,283.36,-35,0,21,200,186,9,-8,20,29,50,236
BR,Broadridge Financial Solutions,232.3,9,-30,124,147,250,-2,-38,-2,27,-15,235
LHX,L3Harris,293.14,4,138,22,7,171,28,-3,22,16,63,234
DGX,Quest Diagnostics,182.17,-21,55,78,20,132,2,6,78,16,102,234
ETN,Eaton Corporation,376.36,0,2,18,116,136,7,-2,18,74,97,233
SYK,Stryker Corporation,382.06,43,-2,3,161,205,-8,6,-1,31,28,233
ADI,Analog Devices,237.99,0,0,21,181,202,-18,1,20,28,31,233
PSTG,Pure Storage,93.8,12,46,9,44,111,8,38,16,59,121,232
ABBV,AbbVie,228.05,0,68,27,60,155,-1,-3,13,66,75,230
VTR,"Ventas, Inc.",70.42,0,72,82,24,178,1,19,14,17,51,229
CSL,Carlisle Companies,339.01,35,-31,-7,180,177,29,2,-4,22,49,226
CMI,Cummins,421.53,7,88,15,67,177,6,-6,16,32,48,225
CINF,Cincinnati Financial,156.61,0,6,95,64,165,27,-5,20,17,59,224
ATI,ATI Inc.,89.25,14,2,26,45,87,28,35,20,54,137,224
RCL,Royal Caribbean Group,316.46,25,-13,131,30,173,27,-26,20,29,50,223
NOC,Northrop Grumman,605.56,2,83,20,60,165,19,-2,27,14,58,223
UHS,Universal Health Services,210.68,38,48,2,24,112,54,52,4,1,111,223
BLD,TopBuild,451.97,95,13,12,48,168,29,8,16,1,54,222
IDA,Idacorp,134.98,-3,85,66,20,168,-18,24,36,12,54,222
SPOT,Spotify,645.37,-7,-3,122,14,126,-18,-13,105,22,96,222
AIZ,Assurant,211.85,0,1,11,154,166,23,-2,12,21,54,220
APP,AppLovin,620.0,7,61,115,0,183,10,-10,16,20,36,219
ALL,Allstate,193.23,-84,-8,107,161,176,9,-7,21,19,42,218
RSG,Republic Services,223.15,11,-62,0,179,128,25,-87,-11,162,89,217
SOFI,SoFi,29.02,14,108,56,0,178,7,1,18,13,39,217
PCAR,Paccar,100.14,35,1,1,161,198,-5,-19,7,36,19,217
NTRA,Natera,192.51,91,47,11,20,169,8,8,10,21,47,216
KIM,Kimco Realty,22.34,56,4,4,57,121,60,1,18,16,95,216
IRM,Iron Mountain,105.26,7,30,6,59,102,7,29,20,58,114,216
AMGN,Amgen,291.85,-14,18,0,167,171,-14,12,8,38,44,215
CRWD,CrowdStrike,527.12,30,27,55,0,112,33,28,20,22,103,215
JCI,Johnson Controls,112.92,14,9,85,21,129,7,38,20,20,85,214
POST,Post Holdings,109.41,28,3,-8,89,112,31,11,1,59,102,214
LIN,Linde plc,445.98,-9,-12,23,112,114,-11,-18,20,108,99,213
CBRE,CBRE Group,162.96,56,0,102,24,182,-5,2,18,16,31,213
FSLR,First Solar,241.5,7,81,5,64,157,7,36,20,-8,55,212
STAG,STAG Industrial,38.63,69,10,4,98,181,6,10,20,-6,30,211
GS,Goldman Sachs,784.04,7,1,102,60,170,7,-9,20,23,41,211
FTAI,FTAI Aviation,181.99,16,62,13,49,140,31,-10,16,33,70,210
PH,Parker Hannifin,772.78,28,2,27,67,124,33,1,20,32,86,210
ITT,ITT Inc.,176.36,10,2,26,101,139,33,-11,20,28,70,209
MMM,3M,168.47,33,4,84,16,137,33,2,20,16,71,208
LMT,Lockheed Martin,485.36,-28,42,0,167,181,-19,44,5,-4,26,207
CHD,Church & Dwight,85.89,-14,-64,-26,346,242,-11,-27,-24,27,-35,207
HD,Home Depot (The),386.74,0,-2,11,182,191,1,-19,12,21,15,206
NDAQ,"Nasdaq, Inc.",88.44,-21,-24,86,146,187,-18,1,20,16,19,206
CLH,Clean Harbors,245.46,42,2,11,60,115,5,7,20,59,91,206
AJG,Arthur J. Gallagher & Co.,280.86,-84,-8,-2,188,94,21,-7,-12,109,111,205
AMG,Affiliated Managers Group,240.27,10,122,21,24,177,2,-13,20,19,28,205
A,Agilent Technologies,148.06,50,42,4,1,97,54,48,11,-7,106,203
LNT,Alliant Energy,68.94,18,24,78,16,136,14,18,20,15,67,203
WMB,Williams Companies,57.47,-29,-1,122,54,146,-20,-2,20,59,57,203
LDOS,Leidos,189.96,5,128,12,25,170,-9,-3,23,21,32,202
BRX,Brixmor Property Group,28.13,42,6,10,57,115,35,2,20,28,85,200
WFC,Wells Fargo,86.41,7,9,102,31,149,6,2,20,21,49,198
LITE,Lumentum,179.29,13,114,24,5,156,10,2,18,12,42,198
CMA,Comerica,78.23,11,90,17,6,124,27,16,17,14,74,198
MLM,Martin Marietta Materials,621.3,-3,71,16,62,146,-10,13,20,29,52,198
ARMK,Aramark,39.98,14,0,25,42,81,25,13,20,58,116,197
D,Dominion Energy,61.05,-3,114,24,3,138,3,24,20,12,59,197
DOV,Dover Corporation,177.4,49,0,0,108,157,54,-32,-3,21,40,197
H,Hyatt Hotels,148.81,35,21,7,57,120,-10,13,16,57,76,196
SSD,Simpson Manufacturing Company,175.32,48,-3,2,158,205,5,-27,16,-3,-9,196
STLD,Steel Dynamics,152.97,35,30,10,57,132,-2,44,20,1,63,195
COF,Capital One,224.98,38,1,104,23,166,7,-19,20,20,28,194
ITW,Illinois Tool Works,246.01,-4,-13,12,180,175,-7,-23,17,31,18,193
MO,Altria,64.67,0,0,80,47,127,14,-2,36,18,66,193
TTWO,Take-Two Interactive,255.09,-20,39,55,15,89,-20,46,55,22,103,192
UNP,Union Pacific Corporation,216.64,-15,-1,-1,200,183,-16,-2,5,21,8,191
SF,Stifel,117.91,35,3,18,61,117,33,2,17,22,74,191
ES,Eversource Energy,74.68,34,26,25,2,87,49,30,20,4,103,190
EA,Electronic Arts,200.85,12,62,14,9,97,19,24,26,23,92,189
CSCO,Cisco,70.63,43,8,58,16,125,-3,19,20,27,63,188
AIT,Applied Industrial Technologies,260.41,28,-8,17,60,97,30,-15,16,59,90,187
INCY,Incyte,91.27,13,102,13,1,129,19,13,16,9,57,186
WCC,Wesco International,225.63,11,2,17,60,90,6,13,18,59,96,186
SCCO,Southern Copper,129.31,-2,38,8,65,109,3,51,20,2,76,185
LOW,Lowe's,242.8,0,0,2,168,170,2,-19,11,21,15,185
AMD,Advanced Micro Devices,252.92,14,15,8,112,149,7,17,20,-9,35,184
TOL,Toll Brothers,137.93,37,0,2,63,102,60,-20,14,28,82,184
RJF,Raymond James Financial,162.41,0,-1,102,60,161,-5,-11,17,21,22,183
BYD,Boyd Gaming,78.75,-7,-1,58,61,111,30,-8,20,29,71,182
EXPE,Expedia Group,218.84,0,89,59,13,161,-5,-6,16,16,21,182
LPLA,LPL Financial,340.53,56,-41,2,101,118,4,4,-3,59,64,182
VICI,Vici Properties,31.2,14,-15,68,17,84,29,-27,33,59,94,178
AEE,Ameren,104.28,-4,24,67,15,102,-26,18,72,12,76,178
M,"Macy's, Inc.",18.72,56,82,8,0,146,28,2,9,-8,31,177
WAT,Waters Corporation,359.5,127,13,1,1,142,5,12,1,16,34,176
ROST,Ross Stores,156.79,9,59,10,37,115,3,18,9,31,61,176
PLD,Prologis,126.48,56,45,9,1,111,7,44,20,-7,64,175
XOM,ExxonMobil,115.4,21,6,7,46,80,34,-11,19,52,94,174
FR,First Industrial Realty Trust,56.1,61,48,4,16,129,9,2,18,16,45,174
ZS,Zscaler,322.99,19,21,27,7,74,31,29,20,20,100,174
THG,Hanover Insurance,174.74,3,0,71,26,100,-2,-4,63,16,73,173
WST,West Pharmaceutical Services,297.44,42,36,1,0,79,55,37,11,-10,93,172
WWD,"Woodward, Inc.",265.59,14,2,29,37,82,29,13,20,28,90,172
PG,Procter & Gamble,152.59,42,-25,-16,181,182,5,-19,-24,28,-10,172
AMKR,Amkor Technology,32.77,14,101,2,4,121,7,37,14,-7,51,172
ARES,Ares Management,149.35,23,-23,0,61,61,27,-23,-1,108,111,172
VRTX,Vertex Pharmaceuticals,421.83,42,0,-12,106,136,-2,14,-16,39,35,171
BKNG,Booking Holdings,5136.01,4,-20,146,37,167,-11,-33,20,28,4,171
ECG,Everus Construction Group,93.91,7,114,0,0,121,6,26,17,0,49,170
MSA,MSA Safety,168.34,3,-12,4,166,161,2,-6,20,-7,9,170
TSCO,Tractor Supply Company,56.26,14,-22,17,87,96,5,-33,14,87,73,169
FICO,Fair Isaac,1667.9,4,2,-3,168,171,8,-5,-38,33,-2,169
LEN,Lennar (Class A),127.59,42,0,0,66,108,54,1,11,-5,61,169
OMF,OneMain Financial,57.11,35,-16,27,62,108,33,-20,20,28,61,169
LH,Labcorp,279.61,-4,66,65,17,144,-19,5,18,20,24,168
MTG,MGIC Investment Corporation,27.38,21,0,29,57,107,28,-17,20,30,61,168
MU,Micron Technology,219.01,14,42,8,24,88,7,51,20,2,80,168
SPGI,S&P Global,489.45,9,-27,1,174,157,27,-39,-1,23,10,167
SHC,Sotera Health,16.85,56,55,11,0,122,35,5,12,-8,44,166
CR,Crane Co.,191.67,51,2,26,0,79,58,2,20,7,87,166
BLK,BlackRock,1136.69,-31,115,27,24,135,-38,26,20,23,31,166
PEG,Public Service Enterprise Group,83.11,-4,0,5,154,155,-26,20,-2,19,11,166
WPC,W. P. Carey,66.81,-7,113,39,4,149,-19,-7,36,7,17,166
TRMB,Trimble Inc.,81.41,31,0,89,6,126,29,-22,18,14,39,165
EMR,Emerson Electric,132.7,28,-1,26,66,119,9,-11,20,28,46,165
JBL,Jabil,212.43,10,-16,29,67,90,9,-14,21,59,75,165
GILD,Gilead Sciences,120.95,0,14,61,37,112,-15,8,18,41,52,164
CMS,CMS Energy,74.75,0,15,86,25,126,-5,18,8,16,37,163
JLL,Jones Lang LaSalle,316.84,61,8,14,16,99,32,2,14,16,64,163
FAST,Fastenal,42.87,0,-10,59,108,157,-11,-31,23,25,6,163
FHN,First Horizon Corporation,20.86,0,-8,62,6,60,28,45,18,12,103,163
RVMD,Revolution Medicines,54.46,56,36,4,0,96,4,42,20,1,67,163
ALNY,Alnylam Pharmaceuticals,463.35,-20,115,27,17,139,-22,8,20,17,23,162
HLI,Houlihan Lokey,199.18,24,0,27,46,97,30,-13,20,28,65,162
PGR,Progressive Corporation,219.08,-81,-96,-3,179,-1,-5,-10,-13,191,163,162
DINO,HF Sinclair,54.53,16,118,10,3,147,15,-12,20,-10,13,160
NOW,ServiceNow,930.8,35,0,1,84,120,30,-14,-1,24,39,159
HLT,Hilton Worldwide,267.81,24,-2,26,66,114,-5,3,18,28,44,158
FTI,TechnipFMC,39.48,21,2,27,29,79,33,-13,20,39,79,158
FTNT,Fortinet,85.56,8,0,0,115,123,33,-2,-12,15,34,157
IP,International Paper,48.89,63,0,0,18,81,56,6,-4,18,76,157
CXT,Crane NXT,66.02,-1,24,5,57,85,-18,16,16,58,72,157
WFRD,Weatherford International,70.39,34,87,0,0,121,30,2,10,-7,35,156
WTM,White Mountains Insurance Group,1911.21,34,16,3,61,114,5,9,-30,58,42,156
JEF,Jefferies Financial Group,56.79,20,-13,0,60,67,34,-15,11,59,89,156
GM,General Motors,69.67,42,9,17,13,81,54,-11,17,15,75,156
KRMN,Karman Holdings,84.08,16,53,0,0,69,30,44,12,0,86,155
FOXA,Fox Corporation (Class A),59.36,14,1,78,3,96,35,-10,18,16,59,155
AEP,American Electric Power,115.99,-25,19,83,25,102,-14,17,33,16,52,154
VEEV,Veeva Systems,293.14,9,21,55,10,95,23,-4,20,20,59,154
ADT,ADT Inc.,8.77,28,4,41,0,73,33,2,35,10,80,153
CRUS,Cirrus Logic,130.56,46,53,8,21,128,8,2,20,-5,25,153
MCO,Moody's Corporation,490.78,7,-27,4,158,142,5,-39,18,27,11,153
CWEN-A,Clearway Energy (Class A),29.88,2,3,68,8,81,9,18,32,12,71,152
MTSI,MACOM Technology Solutions,140.83,15,9,9,60,93,8,2,18,31,59,152
VRT,Vertiv,186.09,14,27,19,10,70,10,26,17,28,81,151
LECO,Lincoln Electric,241.81,52,2,17,67,138,2,2,18,-9,13,151
MSGS,Madison Square Garden Sports,228.32,22,34,7,23,86,28,-5,13,29,65,151
CWEN,Clearway Energy (Class C),31.9,2,3,68,6,79,9,18,32,12,71,150
IVZ,Invesco,23.0,0,92,17,4,113,7,-2,17,15,37,150
USFD,US Foods,74.29,-16,-40,153,37,134,-12,-21,20,28,15,149
RPRX,Royalty Pharma,37.27,52,9,42,0,103,-4,12,36,2,46,149
NFG,National Fuel Gas,81.67,-28,-4,70,54,92,-28,-9,81,12,56,148
SNPS,Synopsys,464.24,7,-33,0,182,156,9,-6,-4,-7,-8,148
REG,Regency Centers,72.63,11,6,4,55,76,30,1,20,21,72,148
FE,FirstEnergy,46.64,-14,69,16,57,128,-40,23,20,16,19,147
CVNA,Carvana,351.73,7,-11,102,13,111,6,-8,20,18,36,147
PFGC,Performance Food Group,100.26,-30,0,63,45,78,7,-17,20,59,69,147
BKR,Baker Hughes,47.3,24,5,14,37,80,35,-11,14,28,66,146
CVX,Chevron Corporation,155.57,42,0,17,50,109,36,-18,11,8,37,146
SCHW,Charles Schwab Corporation,94.4,-1,0,87,13,99,4,7,20,16,47,146
RKLB,Rocket Lab,64.55,-23,36,59,0,72,5,38,20,10,73,145
KNSL,Kinsale Capital Group,422.38,-7,-1,-1,35,26,24,13,-5,87,119,145
FOX,Fox Corporation (Class B),52.9,13,0,77,3,93,34,-10,17,11,52,145
KR,Kroger,67.11,-5,-42,89,69,111,12,7,-2,17,34,145
SNOW,Snowflake Inc.,257.86,14,41,25,0,80,27,15,20,3,65,145
URI,United Rentals,912.56,-14,0,17,66,69,-14,13,18,59,76,145
RPM,RPM International,111.52,-3,-18,-5,182,156,-1,-26,17,-2,-12,144
BAC,Bank of America,52.59,16,49,27,20,112,7,-11,20,16,32,144
QCOM,Qualcomm,168.95,38,10,0,24,72,60,1,18,-7,72,144
MTD,Mettler Toledo,1436.13,49,18,4,1,72,54,11,14,-7,72,144
BBY,Best Buy,83.26,68,10,2,1,81,7,50,8,-4,61,142
VMC,Vulcan Materials,292.8,-49,0,16,62,29,-13,76,20,29,112,141
CB,Chubb Limited,282.07,14,2,0,60,76,23,-4,-14,58,63,139
IONS,Ionis Pharmaceuticals,70.83,-15,119,11,2,117,-30,44,20,-12,22,139
NU,Nubank,15.84,17,47,11,0,75,33,-10,20,21,64,139
SHW,Sherwin-Williams,334.02,-1,-26,-3,192,162,-14,-29,-1,21,-23,139
META,Meta Platforms,738.51,38,-19,27,31,77,35,-17,18,25,61,138
AN,AutoNation,200.15,-15,-1,27,63,74,-14,-2,20,59,63,137
JAZZ,Jazz Pharmaceuticals,138.5,28,56,4,0,88,37,48,5,-41,49,137
LNG,Cheniere Energy,219.62,-6,-12,70,60,112,-5,-28,-2,58,23,135
NYT,New York Times Company,57.01,43,0,12,18,73,51,-32,20,23,62,135
UTHR,United Therapeutics,418.83,-54,52,8,59,65,2,-1,8,61,70,135
EXC,Exelon,48.03,7,19,65,16,107,-7,18,4,12,27,134
WAB,Wabtec,197.66,12,0,5,51,68,12,-3,-1,58,66,134
BX,Blackstone Inc.,154.62,-14,-7,2,144,125,-14,-15,15,23,9,134
NBIX,Neurocrine Biosciences,143.93,40,6,10,27,83,54,-14,17,-6,51,134
DASH,DoorDash,258.11,-46,1,107,0,62,2,30,20,20,72,134
NFLX,Netflix,1094.68,-21,-3,126,22,124,-19,7,-1,22,9,133
COHR,Coherent Corp.,129.4,14,27,8,17,66,7,26,17,17,67,133
ICE,Intercontinental Exchange,157.66,8,-40,0,163,131,26,-46,-2,23,1,132
LEN-B,Lennar (Class B),119.78,31,0,0,64,95,55,-26,11,-3,37,132
COKE,Coca-Cola Consolidated,127.66,-4,19,0,68,83,-18,12,1,54,49,132
MAR,Marriott International,271.33,24,4,4,60,92,-1,-6,17,29,39,131
HR,Healthcare Realty Trust,18.67,0,84,12,2,98,3,7,12,11,33,131
EQIX,Equinix,839.85,26,10,1,36,73,19,29,-18,28,58,131
WBD,Warner Bros. Discovery,21.13,31,32,22,0,85,24,2,18,2,46,131
MPC,Marathon Petroleum,196.24,16,42,9,51,118,9,-7,20,-10,12,130
VST,Vistra Corp.,201.47,1,1,29,32,63,7,-5,18,47,67,130
HAS,Hasbro,76.68,44,-1,24,5,72,54,-30,20,13,57,129
JNJ,Johnson & Johnson,190.41,0,82,18,9,109,-20,17,15,8,20,129
QGEN,Qiagen,49.33,52,5,22,1,80,10,11,20,7,48,128
DKS,Dick's Sporting Goods,225.37,0,10,7,65,82,-1,2,10,35,46,128
MTZ,MasTec,211.9,7,33,29,20,89,7,-3,20,15,39,128
O,Realty Income,59.99,0,60,20,9,89,2,1,20,15,38,127
PRI,Primerica,264.28,-2,-3,1,110,106,-16,-13,18,32,21,127
FRT,Federal Realty Investment Trust,101.33,44,8,2,3,57,60,2,11,-3,70,127
VLO,Valero Energy,171.11,16,45,10,46,117,9,-11,19,-7,10,127
MRVL,Marvell Technology,84.09,-45,23,0,108,86,6,25,10,-1,40,126
GTES,Gates Corporation,26.11,14,8,27,17,66,7,13,20,20,60,126
AL,Air Lease Corporation,63.58,0,46,27,24,97,-5,-14,20,28,29,126
EPR,EPR Properties,53.79,-9,-4,67,31,85,-15,-7,40,23,41,126
INTC,Intel,38.27,13,52,5,0,70,8,51,10,-14,55,125
FNF,Fidelity National Financial,57.12,22,0,0,60,82,30,-15,5,23,43,125
EXEL,Exelixis,38.74,9,0,74,16,99,11,-8,-4,26,25,124
MKSI,MKS Instruments,142.85,14,37,7,1,59,8,48,16,-7,65,124
CVS,CVS Health,81.92,0,51,20,1,72,-15,55,10,2,52,124
HHH,Howard Hughes Holdings,81.68,14,56,8,2,80,27,-9,9,16,43,123
DELL,Dell Technologies,158.66,7,20,6,34,67,17,25,20,-6,56,123
CELH,Celsius Holdings,63.39,0,21,3,67,91,2,13,28,-11,32,123
ADP,Automatic Data Processing,281.32,-13,-39,0,182,130,-10,-52,-4,59,-7,123
CEG,Constellation Energy,389.02,2,21,26,0,49,7,26,20,21,74,123
GWW,W. W. Grainger,968.46,38,-23,-13,96,98,2,-26,-11,59,24,122
BEPC,Brookfield Renewable Partners,40.6,4,25,20,0,49,7,34,20,12,73,122
SSNC,SS&C Technologies,84.58,7,-12,100,16,111,-9,-15,17,17,10,121
SYF,Synchrony Financial,74.86,43,1,27,23,94,8,-19,18,20,27,121
HRB,H&R Block,52.22,4,4,-11,54,51,19,13,-16,54,70,121
AGO,Assured Guaranty,82.37,23,0,-3,58,78,29,-7,-3,24,43,121
NDSN,Nordson,235.96,38,46,4,3,91,1,17,20,-9,29,120
TMO,Thermo Fisher Scientific,573.85,36,19,4,1,60,49,11,5,-5,60,120
ROK,Rockwell Automation,356.48,52,10,25,17,104,7,2,20,-13,16,120
SGI,Somnigroup International,82.89,-37,0,51,66,80,-17,9,20,28,40,120
GEHC,GE HealthCare,78.14,37,5,1,0,43,56,2,9,10,77,120
PEGA,Pegasystems,66.25,28,4,29,7,68,27,-11,18,17,51,119
NET,Cloudflare,217.77,13,2,49,0,64,23,-9,20,21,55,119
EVR,Evercore,323.9,6,0,17,60,83,3,-14,18,28,35,118
AXS,AXIS Capital,91.14,-50,-8,96,47,85,9,-29,-3,55,32,117
R,Ryder,161.3,-16,-2,21,58,61,-14,-6,18,58,56,117
WSM,"Williams-Sonoma, Inc.",189.26,6,0,18,67,91,3,-13,12,23,25,116
RRC,Range Resources,37.6,6,5,5,44,60,8,-2,-8,57,55,115
MSM,MSC Industrial Direct,88.04,14,-1,17,60,90,35,-19,20,-11,25,115
PM,Philip Morris International,157.81,2,-30,80,57,109,16,-36,-4,29,5,114
CRL,Charles River Laboratories,197.06,49,18,2,-28,41,53,13,16,-10,72,113
TRGP,Targa Resources,153.79,2,-12,-3,53,40,32,-12,-3,56,73,113
IQV,IQVIA,220.53,37,19,4,1,61,35,13,12,-8,52,113
F,Ford Motor Company,13.84,28,10,12,1,51,54,-6,20,-7,61,112
AFG,American Financial Group,132.24,0,0,11,58,69,19,-6,14,16,43,112
RS,"Reliance, Inc.",277.18,7,-60,-6,117,58,5,-25,-5,79,54,112
EXPD,Expeditors International,117.81,0,-2,2,133,133,-14,-19,16,-5,-22,111
PKG,Packaging Corporation of America,204.93,-2,0,0,63,61,23,-14,13,28,50,111
OLLI,Ollie's Bargain Outlet,117.02,-53,-9,125,18,81,-51,-17,73,25,30,111
EWBC,East West Bancorp,102.52,20,-8,19,24,55,29,-13,19,21,56,111
NLY,Annaly Capital Management,20.96,34,0,28,12,74,-6,6,18,18,36,110
KKR,KKR & Co. Inc.,121.29,0,-22,0,105,83,3,-15,16,23,27,110
DLR,Digital Realty,179.32,12,10,7,24,53,14,1,20,21,56,109
GGG,Graco Inc.,82.42,0,-26,2,180,156,-16,-28,-1,-2,-47,109
FLS,Flowserve,53.39,31,-12,1,29,49,35,-15,13,27,60,109
TECH,Bio-Techne,65.9,49,19,1,-26,43,56,13,5,-8,66,109
FFIV,"F5, Inc.",298.26,-54,-7,104,16,59,13,-2,20,19,50,109
AFL,Aflac,107.18,-55,52,11,60,68,-17,-5,4,57,39,107
LAMR,Lamar Advertising,120.16,11,-2,11,66,86,1,-21,18,23,21,107
MDT,Medtronic,93.66,-14,83,21,3,93,-12,-2,13,15,14,107
AON,AON,337.66,-71,-12,-1,179,95,-21,-33,7,58,11,106
SBUX,Starbucks,86.09,49,0,-11,0,38,60,1,-3,9,67,105
BG,Bunge Global,97.83,56,8,2,1,67,9,16,20,-7,38,105
GAP,Gap Inc.,23.44,39,2,1,20,62,33,2,-13,21,43,105
RGA,Reinsurance Group of America,189.42,0,0,0,42,42,7,-5,4,55,61,103
PFG,Principal Financial Group,79.64,0,0,7,57,64,7,-5,17,20,39,103
ROP,Roper Technologies,478.8,-14,-60,-12,184,98,-10,-2,-11,28,5,103
SEIC,SEI Investments Company,81.94,0,-36,102,37,103,5,-33,-1,28,-1,102
TSLA,"Tesla, Inc.",433.59,0,55,8,12,75,5,-5,14,12,26,101
DD,DuPont,81.03,44,10,4,21,79,8,2,17,-5,22,101
STT,State Street Corporation,116.43,15,5,27,18,65,5,-4,19,16,36,101
ULTA,Ulta Beauty,517.6,-71,126,22,6,83,9,-3,22,-11,17,100
BPOP,"Popular, Inc.",113.77,-10,-7,27,61,71,-1,-11,20,21,29,100
PHM,PulteGroup,120.55,0,-4,11,67,74,-2,-19,16,31,26,100
TNL,Travel + Leisure Co.,65.2,28,3,19,18,68,-3,2,17,16,32,100
ECL,Ecolab,277.51,2,6,26,24,58,-15,16,20,21,42,100
MKL,Markel,1879.82,-54,-8,78,57,73,-16,-4,18,28,26,99
HPE,Hewlett Packard Enterprise,23.49,-50,1,11,44,6,24,-4,17,56,93,99
EQT,EQT Corporation,53.71,-9,0,51,44,86,-16,20,-3,12,13,99
UNM,Unum,76.07,8,5,8,42,63,-10,-6,-4,56,36,99
FANG,Diamondback Energy,145.82,14,2,0,49,65,29,-3,14,-7,33,98
TKO,TKO Group Holdings,186.87,-93,0,81,42,30,8,-12,20,52,68,98
VNOM,Viper Energy,37.28,16,-12,-19,46,31,32,-12,-3,49,66,97
DHI,D. R. Horton,157.95,21,0,1,67,89,19,-22,14,-4,7,96
K,Kellanova,83.03,44,20,4,23,91,-7,14,-17,15,5,96
PAG,Penske Automotive Group,164.77,-16,-17,25,64,56,-12,-27,20,59,40,96
WYNN,Wynn Resorts,125.49,34,2,18,5,59,35,-8,20,-10,37,96
ZM,Zoom Communications,84.28,35,5,10,-2,48,49,-17,10,6,48,96
CFG,Citizens Financial Group,52.19,14,2,18,6,40,28,-6,17,16,55,95
ESI,Element Solutions,26.18,14,2,4,59,79,7,-5,17,-3,16,95
LYFT,Lyft,20.48,16,50,11,-3,74,7,-8,20,2,21,95
OSK,Oshkosh Corporation,139.49,14,2,21,6,43,27,2,18,4,51,94
NWS,News Corp (Class B),30.15,12,-18,1,60,55,29,-10,-3,23,39,94
TXRH,Texas Roadhouse,175.48,0,1,2,66,69,-14,12,-6,33,25,94
STWD,Starwood Property Trust,18.63,0,-16,28,60,72,2,-23,20,23,22,94
BRO,Brown & Brown,88.02,-53,-10,-9,165,93,-5,-4,-20,28,-1,92
RBLX,Roblox Corporation,127.7,-21,0,63,0,42,4,7,26,13,50,92
USB,U.S. Bancorp,48.26,28,2,10,6,46,28,-17,17,17,45,91
FNB,FNB Corporation,15.57,7,-7,11,57,68,5,-23,19,21,22,90
BC,Brunswick Corporation,71.93,42,6,2,0,50,35,2,14,-11,40,90
DTM,DT Midstream,105.6,-83,34,113,0,64,-19,-3,20,27,25,89
PODD,Insulet,320.81,0,0,55,6,61,-9,5,24,8,28,89
C,Citigroup,98.79,7,1,29,20,57,7,-11,20,16,32,89
RGLD,Royal Gold,182.47,-42,0,71,20,49,-38,54,6,18,40,89
GLPI,Gaming and Leisure Properties,44.8,-3,-14,0,67,50,-1,-22,1,59,37,87
TFSL,Third Federal S&L,13.63,21,3,13,7,44,29,-27,20,21,43,87
DDOG,Datadog,156.48,-1,21,9,0,29,7,33,17,1,58,87
LLYVA,Liberty Live (Series A),90.01,42,0,40,0,82,3,-20,20,2,5,87
FDX,FedEx,241.17,42,10,0,34,86,1,-6,12,-6,1,87
LLYVK,Liberty Live (Series C),92.78,42,0,40,0,82,3,-21,20,2,4,86
ALLY,Ally Financial,41.78,42,0,12,6,60,7,-17,18,18,26,86
PCOR,Procore,74.99,28,30,1,0,59,7,-11,10,21,27,86
AIG,American International Group,79.01,0,0,0,55,55,21,-3,-10,23,31,86
HAL,Halliburton,26.57,28,42,0,0,70,32,-11,5,-11,15,85
TKR,Timken Company,78.11,35,2,1,6,44,30,1,17,-7,41,85
WTFC,Wintrust Financial,129.09,7,-8,19,51,69,-1,-22,18,21,16,85
HBAN,Huntington Bancshares,16.06,7,-13,19,23,36,27,-17,20,18,48,84
LAD,Lithia Motors,331.56,17,1,1,16,35,35,-20,11,23,49,84
CPRT,Copart,44.65,0,-29,-23,178,126,-12,-28,-33,30,-43,83
MDB,MongoDB Inc.,333.57,16,50,8,0,74,7,1,12,-11,9,83
TMUS,T-Mobile US,217.77,-21,-22,0,141,98,-20,-31,-1,37,-15,83
ALGM,Allegro MicroSystems,30.9,56,-1,21,0,76,5,2,18,-18,7,83
OHI,Omega Healthcare Investors,40.49,0,0,16,42,58,2,-25,15,33,25,83
UBER,Uber,94.07,0,0,28,1,29,9,-9,26,28,54,83
FIVE,Five Below,156.23,50,10,10,0,70,7,2,21,-17,13,83
FWONA,Liberty Formula 1 (Series A),87.49,-83,-2,79,64,58,-47,-5,19,58,25,83
PSX,Phillips 66,134.98,16,3,5,43,67,16,-12,19,-7,16,83
PAYX,Paychex,124.57,-15,-62,-6,169,86,-13,4,-11,16,-4,82
APG,APi Group,34.76,7,-3,28,0,32,5,-3,20,28,50,82
BXP,"BXP, Inc.",74.18,21,4,8,0,33,26,-12,20,15,49,82
DAY,Dayforce,68.49,13,49,10,-14,58,37,-21,10,-2,24,82
FAF,First American Financial Corporation,63.73,27,0,1,16,44,33,-22,7,20,38,82
CLF,Cleveland-Cliffs,13.13,-28,81,1,-18,36,2,41,13,-10,46,82
MUSA,Murphy USA,379.58,7,-5,-23,70,49,9,-19,-39,81,32,81
XPO,"XPO, Inc.",125.76,-14,-2,4,63,51,-14,-2,17,29,30,81
NTAP,Netapp,116.63,-9,0,8,59,58,7,2,17,-3,23,81
RKT,Rocket Companies,17.87,32,0,14,0,46,30,-17,19,3,35,81
NTNX,Nutanix,70.02,14,-9,8,24,37,31,-13,-1,26,43,80
TFC,Truist Financial,44.2,21,-11,11,6,27,33,-14,17,16,52,79
APO,Apollo Global Management,125.01,7,-23,-5,99,78,-9,-15,-3,28,1,79
FRHC,Freedom Holding,157.36,-48,-7,64,16,25,7,-6,20,32,53,78
ED,Consolidated Edison,100.03,-14,0,0,49,35,-8,18,-14,47,43,78
LPX,Louisiana-Pacific,92.83,7,-28,-7,65,37,4,10,-1,28,41,78
TLN,Talen Energy,408.25,0,1,49,0,50,7,-5,21,4,27,77
NWSA,News Corp (Class A),26.32,0,-17,-3,60,40,3,-10,20,23,36,76
FITB,Fifth Third Bancorp,42.62,7,-8,10,24,33,27,-19,17,18,43,76
AMZN,Amazon,224.26,14,-11,27,23,53,8,-24,17,22,23,76
DAL,Delta Air Lines,60.94,6,1,11,21,39,-14,10,12,28,36,75
WMS,Advanced Drainage Systems,143.52,59,2,2,5,68,7,-15,20,-5,7,75
SPG,Simon Property Group,178.09,0,0,11,37,48,-6,-9,18,23,26,74
AA,Alcoa,39.43,14,45,3,-22,40,6,50,12,-34,34,74
BIO,Bio-Rad Laboratories,340.51,67,19,2,-30,58,31,13,11,-39,16,74
ADSK,Autodesk,312.93,15,0,9,16,40,5,-14,20,21,32,72
THO,Thor Industries,110.79,38,4,11,4,57,5,2,16,-8,15,72
INGM,Ingram Micro,21.73,0,33,0,0,33,-14,36,17,0,39,72
IR,Ingersoll Rand,79.78,27,0,-3,25,49,33,-6,-2,-2,23,72
LVS,Las Vegas Sands,57.6,27,2,16,4,49,51,-30,17,-16,22,71
WDAY,"Workday, Inc.",242.89,35,28,-20,16,59,33,-3,-14,-4,12,71
WBS,Webster Bank,56.47,4,-7,18,16,31,24,-21,18,19,40,71
KEY,Keycorp,17.83,12,-8,18,6,28,29,-19,18,15,43,71
IPGP,IPG Photonics,86.62,0,115,11,-46,80,7,13,16,-46,-10,70
SW,Smurfit Westrock,43.07,30,-31,-7,18,10,30,1,10,19,60,70
DLTR,Dollar Tree,99.06,70,-35,2,-17,20,34,5,35,-24,50,70
TDY,Teledyne Technologies,532.35,-21,-2,62,16,55,-19,-3,20,17,15,70
RITM,Rithm Capital,10.85,7,-22,27,34,46,3,-27,20,28,24,70
GEN,Gen Digital,27.22,24,-30,25,18,37,27,-32,20,18,33,70
BWA,BorgWarner,43.97,35,9,18,4,66,8,-6,20,-18,4,70
MAS,Masco,68.12,0,-3,0,67,64,-2,-26,11,23,6,70
HOLX,Hologic,73.99,43,8,1,0,52,-3,16,13,-9,17,69
AMP,Ameriprise Financial,479.16,0,-40,1,66,27,7,-36,-2,73,42,69
YETI,Yeti Holdings,35.6,38,2,0,-8,32,34,1,14,-12,37,69
VTRS,Viatris,10.35,44,7,2,0,53,-3,10,12,-3,16,69
DE,Deere & Company,473.01,44,-46,2,111,111,7,-59,-3,12,-43,68
PNW,Pinnacle West Capital,92.12,-9,14,4,20,29,-3,17,-3,28,39,68
CCL,Carnival Corporation & plc,29.37,35,-10,27,0,52,-2,-21,18,21,16,68
DHR,Danaher Corporation,223.01,28,18,0,0,46,2,13,13,-6,22,68
UNH,UnitedHealth Group,362.5,7,38,-28,0,17,2,50,1,-3,50,67
ISRG,Intuitive Surgical,546.53,38,3,1,24,66,51,-70,-8,28,1,67
CG,Carlyle Group (The),58.5,7,-7,18,23,41,5,-17,17,20,25,66
PVH,PVH Corp.,85.51,43,4,0,3,50,29,-13,9,-9,16,66
OTIS,Otis Worldwide,91.94,41,0,-14,0,27,33,2,-24,28,39,66
CTVA,Corteva,63.67,13,-30,63,1,47,29,-22,-1,13,19,66
CNM,Core & Main,54.64,48,-34,2,0,16,9,-6,20,26,49,65
Z,Zillow (Class C),77.16,35,-19,2,0,18,30,-19,14,22,47,65
WTW,Willis Towers Watson,328.25,-10,0,18,26,34,-5,-5,10,31,31,65
HXL,Hexcel,72.77,21,4,4,1,30,30,2,14,-11,35,65
VNT,Vontier,42.9,49,2,15,0,66,5,-17,18,-7,-1,65
INFA,Informatica,24.88,7,5,2,0,14,26,16,18,-9,51,65
ZG,Zillow (Class A),74.22,34,-19,2,0,17,32,-19,13,22,48,65
AFRM,Affirm Holdings,75.4,14,-14,22,0,22,27,-22,18,19,42,64
APPF,AppFolio,242.39,34,-18,2,30,48,7,-18,-3,30,16,64
IDXX,Idexx Laboratories,640.82,10,0,24,6,40,7,7,20,-10,24,64
NNN,NNN Reit,42.14,-1,0,10,24,33,2,-7,20,16,31,64
PRU,Prudential Financial,102.22,7,-19,-23,57,22,27,2,14,-1,42,64
JBHT,J. B. Hunt,165.13,49,7,2,0,58,-5,12,10,-12,5,63
COIN,Coinbase,354.44,0,0,19,0,19,7,-2,19,20,44,63
PATH,UiPath,16.5,0,25,3,0,28,7,35,4,-12,34,62
RF,Regions Financial Corporation,24.57,7,-8,17,24,40,7,-19,18,16,22,62
APA,APA Corporation,23.83,14,56,2,-14,58,16,-7,15,-21,3,61
RGEN,Repligen,166.23,52,21,4,-19,58,13,24,4,-39,2,60
HAYW,Hayward Holdings,15.57,7,0,4,0,11,5,8,18,18,49,60
TEM,Tempus AI,89.23,-25,53,0,0,28,5,14,13,0,32,60
NSC,Norfolk Southern,280.46,-15,30,21,6,42,-17,-2,20,16,17,59
WING,Wingstop,259.16,39,-37,0,40,42,-14,1,-3,33,17,59
FCNCA,First Citizens BancShares,1774.84,21,-36,-6,61,40,28,-29,-3,23,19,59
SPR,Spirit AeroSystems,39.48,7,-12,28,0,23,9,-29,40,16,36,59
NEE,NextEra Energy,84.42,-28,23,5,2,2,3,19,20,15,57,59
GL,Globe Life,133.59,-7,0,55,16,64,-15,-15,14,10,-6,58
QS,QuantumScape,16.82,0,28,16,0,44,6,28,18,-38,14,58
BROS,Dutch Bros. Coffee,56.91,70,-30,0,0,40,7,2,-4,13,18,58
WAL,Western Alliance Bancorporation,79.31,17,-12,1,6,12,28,-19,17,20,46,58
APLS,Apellis Pharmaceuticals,28.15,35,5,0,-18,22,35,10,11,-20,36,58
KMI,Kinder Morgan,25.86,-14,-2,0,46,30,-19,-7,-1,54,27,57
VNO,Vornado Realty Trust,39.37,0,0,8,6,14,20,-12,18,17,43,57
MP,MP Materials,70.79,-41,17,42,0,18,-47,24,55,6,38,56
LFUS,Littelfuse,269.26,14,9,13,4,40,6,2,18,-10,16,56
BURL,Burlington Stores,268.99,0,-5,11,5,11,5,8,13,19,45,56
BRK-B,Berkshire Hathaway,492.13,1,1,0,64,66,-17,-6,-15,28,-10,56
HALO,Halozyme,66.15,0,0,17,21,38,5,-15,11,16,17,55
LNC,Lincoln Financial,39.93,15,0,28,3,46,8,-27,18,10,9,55
LOAR,Loar Holdings,81.72,4,13,2,0,19,5,43,-13,0,35,54
BIIB,Biogen,149.9,15,52,0,-29,38,34,-5,7,-20,16,54
NVR,"NVR, Inc.",7431.27,-7,-12,-3,67,45,-13,-23,13,31,8,53
PR,Permian Resources,12.47,14,-20,0,28,22,34,-19,20,-4,31,53
ALLE,Allegion,167.3,-14,0,19,23,28,-14,-7,20,24,23,51
TGT,Target Corporation,94.26,56,0,-41,-13,2,58,2,-3,-8,49,51
CI,Cigna,301.84,0,6,-3,60,63,-9,13,-13,-3,-12,51
SMCI,Supermicro,48.27,-21,0,0,60,39,-21,29,15,-11,12,51
EGP,EastGroup Properties,177.28,0,21,4,10,35,-16,19,20,-7,16,51
WTRG,Essential Utilities,41.2,0,16,16,1,33,-11,18,4,7,18,51
DNB,Dun & Bradstreet,9.15,29,52,-28,0,53,46,-13,2,-37,-2,51
MRK,Merck & Co.,87.47,28,19,0,0,47,-7,13,5,-8,3,50
ZBRA,Zebra Technologies,308.86,35,-25,0,-9,1,54,-18,14,-1,49,50
FCX,Freeport-McMoRan,41.36,-1,-11,3,60,51,-3,10,-1,-8,-2,49
AVTR,Avantor,15.39,61,18,-39,-1,39,5,11,1,-7,10,49
APTV,Aptiv,86.21,28,53,11,-26,66,7,-6,20,-38,-17,49
AWK,American Water Works,141.58,-3,7,36,0,40,-19,14,4,10,9,49
ADM,Archer Daniels Midland,63.42,6,16,12,0,34,8,9,20,-22,15,49
KEYS,Keysight,169.53,14,2,8,2,26,9,-11,18,7,23,49
RVTY,Revvity,98.9,56,7,-30,-26,7,59,18,-35,-1,41,48
UWMC,United Wholesale Mortgage,5.86,28,0,0,0,28,35,-17,8,-6,20,48
SARO,StandardAero,28.94,14,2,0,0,16,25,10,-3,0,32,48
NTRS,Northern Trust,126.03,-1,0,26,13,38,-16,-10,20,15,9,47
PSN,Parsons Corporation,84.14,-1,28,0,1,28,-16,25,13,-3,19,47
EG,Everest Group,349.06,1,6,0,57,64,-12,-3,4,-7,-18,46
ABNB,Airbnb,127.98,63,0,0,0,63,-9,2,-3,-7,-17,46
T,AT&T,25.17,-21,-18,0,18,-21,-33,-21,104,17,67,46
CMG,Chipotle Mexican Grill,41.19,-6,0,-16,82,60,-13,15,-14,-2,-14,46
EXE,Expand Energy,103.77,0,5,51,0,56,-10,-3,-9,12,-10,46
TPL,Texas Pacific Land Corporation,928.93,0,0,-19,60,41,11,-6,-15,15,5,46
SAIL,SailPoint,22.33,-2,31,0,0,29,7,-2,12,0,17,46
AVT,Avnet,51.46,0,0,11,47,58,2,-30,20,-4,-12,46
VLTO,Veralto,104.66,30,-1,12,0,41,7,-22,19,0,4,45
PNC,PNC Financial Services,186.46,7,-12,12,16,23,8,-19,17,16,22,45
NEU,NewMarket,752.46,-81,0,29,31,-21,8,-4,32,29,65,44
ESS,Essex Property Trust,264.7,34,0,-4,16,46,4,-9,-13,16,-2,44
BLDR,Builders FirstSource,124.05,0,-11,-38,67,18,19,2,10,-5,26,44
AVB,AvalonBay Communities,189.43,28,-15,-13,18,18,40,-15,-17,17,25,43
PSA,Public Storage,302.34,-1,21,2,3,25,-16,16,20,-2,18,43
EXP,Eagle Materials,232.92,-2,0,-25,59,32,-10,13,10,-2,11,43
EXLS,EXL Service,41.19,11,-18,0,67,60,-2,-26,-4,15,-17,43
DBX,Dropbox,29.35,34,0,2,11,47,-9,-15,10,10,-4,43
AOS,A. O. Smith,68.9,-1,-11,0,60,48,1,-19,20,-7,-5,43
CF,CF Industries,86.47,7,0,7,6,20,22,-7,-3,10,22,42
LNW,Light & Wonder,75.83,0,-20,-13,59,26,19,-28,-2,27,16,42
FWONK,Liberty Formula 1 (Series C),94.53,-77,-6,80,59,56,-87,-5,20,58,-14,42
WSO,Watsco,362.29,-17,-60,-13,198,108,-20,-7,-38,-1,-66,42
EXR,Extra Space Storage,150.21,0,10,2,1,13,2,10,2,15,29,42
AR,Antero Resources,32.69,12,0,-4,12,20,29,-9,-10,12,22,42
CCK,Crown Holdings,98.87,37,0,27,7,71,-3,-39,-2,14,-30,41
ALB,Albemarle Corporation,105.66,13,32,2,-25,22,8,23,14,-27,18,40
ETSY,Etsy,73.86,13,23,7,-32,11,23,25,20,-39,29,40
OLED,Universal Display Corporation,147.07,0,0,0,0,0,6,21,20,-7,40,40
ADC,Agree Realty,74.82,0,10,3,18,31,-12,5,1,15,9,40
NOV,NOV Inc.,13.84,21,4,0,-14,11,32,2,11,-17,28,39
DT,Dynatrace,50.3,33,0,-12,0,21,5,-7,-3,22,17,38
QSR,Restaurant Brands International,67.42,-19,17,4,42,44,-16,22,-3,-10,-7,37
TXT,Textron,81.26,-14,-2,4,55,43,-14,-5,20,-7,-6,37
LW,Lamb Weston,66.39,11,21,0,-10,22,5,13,13,-16,15,37
SEE,Sealed Air,34.85,28,46,6,-26,54,5,-6,18,-34,-17,37
LSCC,Lattice Semiconductor,69.13,-31,58,11,0,38,5,-2,12,-17,-2,36
KRC,Kilroy Realty,40.88,17,0,16,0,33,-12,-14,16,13,3,36
DOCS,Doximity,66.84,-21,0,64,0,43,-20,-11,10,14,-7,36
MTB,M&T Bank,185.23,7,-13,11,24,29,-12,-15,18,16,7,36
EQR,Equity Residential,63.43,28,-17,-6,15,20,35,-21,-13,15,16,36
RRX,Regal Rexnord,147.34,14,0,2,5,21,6,-5,17,-3,15,36
UAL,United Airlines Holdings,99.28,-23,0,11,13,1,1,1,14,18,34,35
TRU,TransUnion,85.61,37,-26,0,0,11,30,-19,-3,16,24,35
U,Unity Technologies,37.3,7,0,16,0,23,5,-16,20,2,11,34
TTEK,Tetra Tech,33.8,10,-26,-39,121,66,7,-52,16,-3,-32,34
CERT,"Certara, Inc.",12.67,13,32,0,0,45,27,-5,1,-34,-11,34
NCLH,Norwegian Cruise Line Holdings,23.48,13,-7,10,0,16,3,-20,13,22,18,34
ROKU,"Roku, Inc.",96.33,0,10,20,-21,9,8,-5,15,6,24,33
CTRA,Coterra,23.56,14,-12,-15,46,33,31,-25,-22,15,-1,32
ST,Sensata Technologies,31.88,56,0,2,-17,41,7,2,18,-37,-10,31
EFX,Equifax,233.89,7,-17,-14,18,-6,35,-17,-1,20,37,31
CRM,Salesforce,254.89,35,5,-23,24,41,-9,7,-31,23,-10,31
ZION,Zions Bancorporation,53.1,12,-8,1,6,11,2,-17,17,17,19,30
FHB,"First Hawaiian, Inc.",24.79,7,-13,1,16,11,5,-20,17,16,18,29
HOG,Harley-Davidson,28.23,27,0,0,-11,16,30,-19,15,-13,13,29
AGCO,AGCO,108.67,48,-13,17,0,52,10,-40,21,-15,-24,28
MAT,Mattel,18.44,44,0,2,0,46,12,4,-1,-33,-18,28
CPNG,Coupang,31.15,-30,0,27,0,-3,1,-9,20,19,31,28
MET,Metlife,78.69,-55,0,5,60,10,-16,-4,18,20,18,28
GXO,GXO Logistics,54.67,0,10,11,0,21,-18,16,19,-10,7,28
ENTG,Entegris,91.54,0,32,0,-8,24,7,-5,9,-7,4,28
LAZ,Lazard,49.2,0,-14,12,22,20,-5,-20,17,15,7,27
PINS,Pinterest,33.98,63,-25,0,-2,36,7,-25,16,-7,-9,27
IPG,Interpublic Group of Companies (The),27.03,28,9,1,0,38,-3,3,8,-19,-11,27
ASTS,AST SpaceMobile,73.74,-29,18,21,0,10,-39,24,20,10,15,25
TPG,TPG Inc.,56.51,0,-11,12,0,1,4,-15,14,21,24,25
WEX,WEX Inc.,159.96,28,-15,0,0,13,33,-26,14,-10,11,24
BA,Boeing,221.35,7,-12,18,0,13,34,-30,20,-13,11,24
CFLT,"Confluent, Inc.",22.81,0,13,-13,0,0,14,36,-28,2,24,24
VRSK,Verisk Analytics,235.0,-3,-64,-6,116,43,-7,-30,-12,30,-19,24
AES,AES Corporation,14.56,2,18,0,-13,7,7,19,16,-26,16,23
HUM,Humana,290.66,35,5,0,-14,26,5,8,6,-22,-3,23
OZK,Bank OZK,45.73,-76,-7,27,58,2,1,-19,18,21,21,23
ALSN,Allison Transmission,82.8,20,-26,-15,37,16,24,-22,-31,36,7,23
GNRC,Generac,192.0,0,2,13,-36,-21,6,8,17,12,43,22
SUI,Sun Communities,124.06,6,0,13,-26,-7,3,-7,20,13,29,22
AVY,Avery Dennison,181.59,30,3,0,1,34,35,-35,-5,-7,-12,22
GTM,ZoomInfo,11.14,30,0,0,0,30,33,-18,16,-39,-8,22
TOST,"Toast, Inc.",38.35,62,-39,2,0,25,29,-49,-3,19,-4,21
RMD,Resmed,259.46,-28,-9,27,15,5,-14,-4,19,15,16,21
CPT,Camden Property Trust,105.06,33,-23,-5,0,5,40,-24,-13,13,16,21
CSX,CSX Corporation,36.13,-16,20,6,6,16,-27,19,20,-8,4,20
CGNX,Cognex Corporation,48.35,50,10,11,-33,38,6,2,16,-42,-18,20
CUBE,CubeSmart,42.06,0,9,0,3,12,1,8,2,-4,7,19
ABT,Abbott Laboratories,126.89,-56,0,66,15,25,-20,-8,6,16,-6,19
FLUT,Flutter Entertainment,243.7,-4,-20,2,23,1,19,-31,-1,29,16,17
IT,Gartner,250.3,28,0,-31,0,-3,-2,-8,-29,59,20,17
ESAB,ESAB,120.02,0,0,2,0,2,-15,13,-3,19,14,16
PK,Park Hotels & Resorts,11.04,29,0,0,0,29,-1,-18,13,-7,-13,16
SLGN,Silgan Holdings,44.58,49,-62,-13,0,-26,29,4,-7,15,41,15
RDDT,Reddit,214.27,7,0,7,0,14,7,-18,12,0,1,15
EQH,Equitable Holdings,48.88,7,-19,1,13,2,8,-15,-1,21,13,15
GLIBA,GCI Liberty (Series A),36.14,-6,0,0,0,-6,6,15,0,0,21,15
DOC,Healthpeak Properties,18.76,4,37,-3,-33,5,2,-7,4,11,10,15
CACC,Credit Acceptance,505.93,13,1,0,1,15,5,10,-8,-7,0,15
NVST,Envista,20.36,35,0,14,0,49,5,-22,16,-34,-35,14
JKHY,Jack Henry & Associates,155.86,93,-61,-13,-2,17,-8,3,-13,13,-5,12
IOT,Samsara,39.24,14,1,-20,0,-5,28,-7,-27,22,16,11
CORT,Corcept Therapeutics,72.56,-22,0,0,21,-1,-28,-4,4,40,12,11
GMED,Globus Medical,62.27,40,6,-25,0,21,-7,13,-30,14,-10,11
DOX,Amdocs,83.42,52,-54,0,1,-1,7,2,-5,7,11,10
ONTO,Onto Innovation,134.67,0,45,-36,0,9,7,-5,5,-6,1,10
OVV,Ovintiv,37.68,7,-15,0,0,-8,21,-12,17,-8,18,10
MSCI,MSCI,542.29,0,-11,-1,16,4,7,-23,-1,22,5,9
BRKR,Bruker,38.99,69,7,-70,-10,-4,80,18,-74,-11,13,9
RAL,Ralliant,43.37,10,0,0,0,10,5,-6,0,0,-1,9
SYY,Sysco,77.33,-19,-3,17,5,0,-18,-7,17,16,8,8
IFF,International Flavors & Fragrances,65.92,59,0,-33,-33,-7,60,2,-45,-3,14,7
COLM,Columbia Sportswear,53.6,42,-22,-31,-8,-19,35,2,-26,15,26,7
SSB,SouthState Corporation,90.44,-15,-7,-1,24,1,-10,-19,14,21,6,7
HUBS,HubSpot,469.38,27,-3,-20,-2,2,28,-16,-28,21,5,7
ZBH,Zimmer Biomet,103.04,56,3,-7,-19,33,-11,1,4,-20,-26,7
DRI,Darden Restaurants,184.81,-7,-27,0,63,29,-26,-22,-6,32,-22,7
OMC,Omnicom Group,78.96,29,9,-37,3,4,-4,3,7,-3,3,7
ALAB,Astera Labs,164.98,0,-6,7,0,1,8,-17,15,0,6,7
VFC,VF Corporation,16.34,35,5,-30,-45,-35,33,2,7,-1,41,6
TWLO,Twilio,112.61,12,0,2,-36,-22,8,10,-3,13,28,6
BAM,Brookfield Asset Management,54.37,-76,-11,75,0,-12,3,-15,20,10,18,6
COLB,Columbia Banking System,25.55,7,0,4,0,11,7,-27,15,-1,-6,5
XYZ,"Block, Inc.",79.54,13,5,4,-38,-16,10,-3,14,-1,20,4
MGM,MGM Resorts International,32.82,20,-19,0,0,1,28,-31,17,-11,3,4
KEX,Kirby Corporation,86.89,56,-61,-13,37,19,-12,2,-4,-1,-15,4
VOYA,Voya Financial,73.54,-1,0,11,6,16,-12,-15,18,-3,-12,4
CHRW,C.H. Robinson,126.03,-15,0,13,4,2,-14,-10,16,10,2,4
TW,Tradeweb,110.97,21,-57,-8,2,-42,29,1,-9,25,46,4
TTD,Trade Desk (The),51.99,0,0,-37,-3,-40,33,15,-3,-2,43,3
CNA,CNA Financial,45.4,-53,-8,0,59,-2,-14,-7,4,22,5,3
XP,XP Inc.,17.57,35,-15,2,0,22,7,-16,-1,-10,-20,2
AMTM,Amentum,22.54,-7,-12,0,0,-19,6,-5,20,0,21,2
NUE,Nucor,138.7,28,-11,1,0,18,5,-28,17,-10,-16,2
LBTYK,Liberty Global (Series C),11.14,35,0,-3,-1,31,-16,-20,9,-2,-29,2
UGI,UGI Corporation,33.72,38,-43,52,6,53,1,-56,-3,7,-51,2
AS,Amer Sports,31.78,5,-26,14,0,-7,21,-32,20,0,9,2
AMH,American Homes 4 Rent,33.36,28,-62,-18,70,18,3,-31,-6,17,-17,1
SLM,Sallie Mae,27.61,28,-50,1,24,3,28,-50,-3,23,-2,1
GLIBK,GCI Liberty (Series C),36.12,-8,0,0,0,-8,-7,16,0,0,9,1
CFR,Frost Bank,124.89,4,-8,8,6,10,5,-25,-1,12,-9,1
EOG,EOG Resources,106.53,-3,-26,-8,47,10,22,-29,-2,-1,-10,0
PEN,"Penumbra, Inc.",252.99,0,-10,0,0,-10,21,-1,-16,5,9,-1
RBRK,Rubrik,76.97,-5,-33,2,0,-36,-17,-2,54,0,35,-1
GEV,GE Vernova,584.23,-49,-1,6,0,-44,10,12,21,0,43,-1
HST,Host Hotels & Resorts,16.47,0,0,8,4,12,-5,-18,18,-8,-13,-1
JHG,Janus Henderson,41.63,-49,-6,16,21,-18,-14,-7,17,20,16,-2
NXST,Nexstar Media Group,190.92,-9,-8,19,6,8,-10,-29,17,12,-10,-2
SNV,Synovus,46.08,2,-25,1,23,1,4,-20,-3,16,-3,-2
CAI,Caris Life Sciences,31.07,-1,-13,0,0,-14,7,5,0,0,12,-2
VRSN,Verisign,247.35,-18,-18,46,11,21,-16,-16,-1,9,-24,-3
DUOL,Duolingo,311.97,-41,0,0,0,-41,5,19,-11,25,38,-3
MRP,Millrose Properties,32.4,0,0,0,0,0,4,-20,13,0,-3,-3
ACN,Accenture,247.68,27,0,-33,-2,-8,1,12,-29,21,5,-3
ESTC,Elastic NV,88.27,10,4,-23,-8,-17,34,-17,2,-6,13,-4
COP,ConocoPhillips,88.01,0,-13,-4,0,-17,23,-12,12,-10,13,-4
BEN,Franklin Templeton Investments,22.84,0,-15,18,0,3,28,-33,20,-24,-9,-6
PEP,PepsiCo,151.56,0,11,1,0,12,-15,3,9,-15,-18,-6
OC,Owens Corning,127.72,0,-20,-34,60,6,7,-27,9,-2,-13,-7
MASI,Masimo,147.75,0,0,-9,-8,-17,5,18,-25,12,10,-7
CUZ,Cousins Properties,26.61,-5,-13,0,13,-5,5,-20,-2,15,-2,-7
CCI,Crown Castle,98.5,1,0,1,-30,-28,2,16,-5,7,20,-8
MANH,Manhattan Associates,194.64,-19,-24,-1,67,23,-10,-18,-1,-2,-31,-8
VKTX,Viking Therapeutics,34.43,0,2,-50,23,-25,8,18,-1,-8,17,-8
NCNO,nCino,26.05,28,-19,-36,0,-27,30,-24,15,-3,18,-9
BSY,Bentley Systems,51.74,17,-14,19,0,22,-13,-30,20,-8,-31,-9
AMCR,Amcor,8.15,61,-51,-11,0,-1,5,1,-11,-4,-9,-10
MCHP,Microchip Technology,63.16,-7,-3,0,0,-10,-13,2,20,-9,0,-10
EL,Estée Lauder Companies (The),102.17,7,10,2,-28,-9,5,13,18,-37,-1,-10
VIK,Viking Holdings,60.34,0,0,1,0,1,-12,-20,20,0,-12,-11
GTLB,GitLab,48.5,35,5,-31,0,9,-9,-11,2,-3,-21,-12
JHX,James Hardie Industries,22.35,10,0,-37,-3,-30,19,13,-10,-5,17,-13
LII,Lennox International,496.16,-21,-44,-7,40,-32,-12,6,-5,29,18,-14
CSGP,CoStar Group,77.89,13,-23,0,16,6,27,-46,-2,1,-20,-14
KNX,Knight-Swift,45.33,0,1,-1,0,0,-12,12,1,-15,-14,-14
BOKF,BOK Financial Corporation,106.2,-56,0,10,24,-22,-19,-4,14,16,7,-15
CAR,Avis Budget Group,157.14,10,0,19,-22,7,7,-13,23,-39,-22,-15
HPQ,HP Inc.,27.65,0,0,-35,0,-35,12,2,9,-3,20,-15
DVN,Devon Energy,32.98,0,-11,0,-7,-18,19,-12,19,-24,2,-16
LEA,Lear Corporation,101.94,28,-12,0,-19,-3,7,-23,19,-17,-14,-17
QRVO,Qorvo,90.66,0,7,2,-33,-24,6,-11,19,-7,7,-17
SEB,Seaboard Corporation,3340.99,-2,-4,15,-1,8,-19,-26,18,2,-25,-17
SOLV,Solventum,71.45,-2,-14,0,0,-16,-11,-7,16,0,-2,-18
DIS,Walt Disney Company (The),111.68,0,-31,25,-2,-8,-8,-27,20,5,-10,-18
RLI,RLI Corp.,61.31,0,-100,-20,178,58,-2,-34,-39,-2,-77,-19
RNR,RenaissanceRe,243.5,-53,2,-1,37,-15,-49,-3,18,30,-4,-19
CNXC,Concentrix,46.96,28,-21,-5,0,2,39,-17,-8,-35,-21,-19
REYN,Reynolds Consumer Products,23.44,-19,57,-38,0,0,-18,-3,7,-5,-19,-19
PNFP,Pinnacle Financial Partners,88.25,2,-25,-14,17,-20,4,-19,-5,20,0,-20
DXCM,Dexcom,70.32,37,-44,-9,-16,-32,54,-27,-4,-11,12,-20
ON,ON Semiconductor,50.71,-1,0,0,-3,-4,-17,2,16,-17,-16,-20
MPW,Medical Properties Trust,5.14,-30,36,7,-38,-25,7,-5,2,1,5,-20
SN,SharkNinja,96.69,14,-19,2,0,-3,9,-47,17,3,-18,-21
HLNE,Hamilton Lane,118.67,-2,-23,-8,27,-6,3,-38,-5,23,-17,-23
LINE,"Lineage, Inc.",40.68,9,-6,0,0,3,2,13,-41,0,-26,-23
FRPT,Freshpet,54.1,50,-2,-34,-8,6,-2,4,-30,-1,-29,-23
PLNT,Planet Fitness,98.43,13,-39,1,15,-10,5,-31,-3,16,-13,-23
LUV,Southwest Airlines,32.19,-14,0,11,-41,-44,-15,12,18,6,21,-23
ARW,Arrow Electronics,119.91,0,-3,11,0,8,-14,-28,20,-10,-32,-24
PCG,PG&E Corporation,16.4,-12,21,-40,3,-28,-12,15,3,-3,3,-25
LKQ,LKQ Corporation,30.78,30,-30,-16,-4,-20,60,-23,-24,-19,-6,-26
OKE,Oneok,68.61,0,-60,-23,56,-27,-5,-12,-35,53,1,-26
GPC,Genuine Parts Company,130.93,-7,-1,11,0,3,-15,-16,20,-19,-30,-27
IEX,IDEX Corporation,167.98,43,0,-38,0,5,1,13,-38,-8,-32,-27
DKNG,DraftKings,33.0,-7,-19,-4,0,-30,-5,-27,12,22,2,-28
EIX,Edison International,57.8,1,9,-42,1,-31,-5,1,10,-3,3,-28
DECK,Deckers Brands,86.93,-7,-22,-34,95,32,-7,-22,-30,-1,-60,-28
LBTYA,Liberty Global (Series A),11.07,0,0,-3,0,-3,-16,-20,11,-1,-26,-29
SWKS,Skyworks Solutions,74.02,0,0,0,-32,-32,7,-14,17,-7,3,-29
NIQ,NIQ Global Intelligence,13.56,-7,0,0,0,-7,-4,-19,0,0,-23,-30
ACGL,Arch Capital Group,87.15,-56,-8,-18,64,-18,-5,-4,-2,-2,-13,-31
SLB,Schlumberger,35.82,29,2,-80,0,-49,54,-21,-3,-12,18,-31
ACI,Albertsons,18.65,0,-1,-7,0,-8,-18,5,-13,2,-24,-32
MOS,Mosaic Company (The),29.99,0,-11,26,-18,-3,15,-11,-1,-32,-29,-32
LULU,Lululemon Athletica,178.11,35,0,-21,-5,9,-2,4,-30,-14,-42,-33
RNG,RingCentral,29.97,32,0,0,-43,-11,34,-19,10,-47,-22,-33
MTN,Vail Resorts,152.72,11,0,0,-25,-14,9,10,-1,-38,-20,-34
FTV,Fortive,49.46,32,0,-31,0,1,5,-6,-27,-7,-35,-34
GNTX,Gentex,23.64,-7,-1,-1,-1,-10,-12,-17,14,-10,-25,-35
NKE,"Nike, Inc.",69.11,27,-14,0,-23,-10,30,-34,17,-38,-25,-35
ELF,e.l.f. Beauty,122.78,-35,0,0,33,-2,-35,-9,18,-7,-33,-35
DOCU,DocuSign,71.47,30,-19,-4,-14,-7,-12,-18,-12,13,-29,-36
BHF,Brighthouse Financial,46.68,-5,0,-3,0,-8,-14,-11,-13,10,-28,-36
VVV,Valvoline,33.71,-18,-22,-5,33,-12,-16,-19,17,-6,-24,-36
INVH,Invitation Homes,28.86,41,-66,-18,0,-43,3,1,-13,16,7,-36
CHDN,Churchill Downs Incorporated,101.0,35,0,-41,0,-6,33,-57,-4,-3,-31,-37
ASH,Ashland Global,50.51,61,-26,-51,-11,-27,-9,2,9,-12,-10,-37
SITE,SiteOne Landscape Supply,125.07,14,-23,0,-11,-20,6,-27,13,-10,-18,-38
SBAC,SBA Communications,198.72,56,-58,-9,-22,-33,3,1,-8,-1,-5,-38
DVA,DaVita,129.18,31,-44,-13,22,-4,5,-30,-30,21,-34,-38
TROW,T. Rowe Price,103.57,-5,-7,4,-27,-35,-15,-2,16,-2,-3,-38
VIRT,Virtu Financial,33.54,10,-40,0,16,-14,14,-52,-3,16,-25,-39
BJ,BJ's Wholesale Club,91.76,-5,-83,-5,12,-81,-7,1,-12,60,42,-39
PYPL,PayPal,69.76,0,0,-13,-41,-54,7,-3,-1,11,14,-40
MKC,McCormick & Company,66.86,0,-2,-16,-4,-22,-10,4,-24,12,-18,-40
CPAY,Corpay,284.34,24,-60,-8,23,-21,-12,-29,-5,27,-19,-40
CNH,CNH Industrial,10.77,33,-51,-7,0,-25,52,-67,-5,4,-16,-41
W,Wayfair,83.09,13,0,14,-43,-16,9,-12,20,-42,-25,-41
HIW,Highwoods Properties,29.73,-86,-5,10,8,-73,4,-7,20,15,32,-41
KD,Kyndryl,28.48,0,-58,-6,0,-64,31,-23,-7,22,23,-41
MIDD,Middleby,132.57,-2,-3,-13,0,-18,-15,-26,2,15,-24,-42
EW,Edwards Lifesciences,76.12,30,-18,0,-16,-4,-2,1,-1,-37,-39,-43
S,SentinelOne,17.66,11,-3,-35,0,-27,7,-15,-5,-3,-16,-43
APD,Air Products,254.89,0,-24,-5,0,-29,4,-29,-1,12,-14,-43
REXR,Rexford Industrial,42.17,0,10,2,-20,-8,-19,2,16,-34,-35,-43
AXTA,Axalta,29.04,43,-24,-26,24,17,6,-26,-39,-2,-61,-44
MHK,Mohawk Industries,119.88,-5,-1,0,-13,-19,-13,-22,12,-3,-26,-45
BILL,Bill.com,51.2,-1,41,-34,0,6,-14,-6,8,-39,-51,-45
CTSH,Cognizant,67.85,28,-62,-13,16,-31,5,-27,-13,20,-15,-46
CART,Maplebear Inc.,39.15,1,-32,-4,0,-35,12,-22,-3,1,-12,-47
ILMN,"Illumina, Inc.",100.08,36,0,0,-42,-6,7,-19,12,-42,-42,-48
BBWI,"Bath & Body Works, Inc.",26.99,28,-35,-35,-17,-59,21,2,-6,-8,9,-50
PFE,Pfizer,24.77,0,4,0,-25,-21,-10,-6,17,-30,-29,-50
TTC,Toro Company (The),74.59,0,-12,0,-2,-14,1,-26,11,-22,-36,-50
INGR,Ingredion,118.13,-16,-60,-8,36,-48,-26,-30,-6,58,-4,-52
CCCS,CCC Intelligent Solutions,9.1,9,-25,-38,0,-54,23,-27,12,-8,0,-54
GPN,Global Payments,87.36,14,5,-37,-41,-59,8,1,8,-12,5,-54
OKTA,"Okta, Inc.",89.05,0,-16,-8,-26,-50,5,-6,-13,8,-6,-56
SAIA,Saia,290.31,-14,-2,-36,0,-52,-12,11,3,-7,-5,-57
PRMB,Primo Brands,22.33,33,-102,-8,24,-53,-5,1,-20,20,-4,-57
SON,Sonoco,40.36,0,-24,-6,-2,-32,-5,-21,17,-16,-25,-57
MAA,Mid-America Apartment Communities,133.94,10,-62,-7,0,-59,33,-26,-18,13,2,-57
RIVN,Rivian,12.99,-2,-7,0,0,-9,-17,-12,2,-23,-50,-59
DAR,Darling Ingredients,34.56,14,2,0,-22,-6,14,-33,-3,-32,-54,-60
TFX,Teleflex,131.91,41,6,-52,-41,-46,-10,5,3,-12,-14,-60
PPC,Pilgrim's Pride,37.47,0,-36,-3,23,-16,-7,-43,-14,20,-44,-60
FBIN,Fortune Brands Innovations,50.77,31,-24,-36,-7,-36,-2,-27,9,-4,-24,-60
ELS,Equity Lifestyle Properties,61.56,-14,19,-31,0,-26,-6,18,-42,-5,-35,-61
ELV,Elevance Health,342.42,-21,17,-54,-4,-62,1,24,-20,-5,0,-62
REGN,Regeneron Pharmaceuticals,578.09,7,0,-51,0,-44,-11,-7,6,-6,-18,-62
FIS,Fidelity National Information Services,67.8,22,-58,-12,-39,-87,7,12,-7,13,25,-62
HSIC,Schein (Henry),63.81,12,-23,-15,-2,-28,-11,-24,-5,5,-35,-63
DG,Dollar General,101.95,-7,-26,0,-19,-52,-21,5,32,-28,-12,-64
ALK,Alaska Air Group,43.76,-20,-22,-5,-1,-48,-13,-22,8,11,-16,-64
WLK,Westlake Corporation,79.22,9,-11,-50,-2,-54,19,-25,4,-8,-10,-64
AAL,American Airlines Group,13.79,14,1,0,-78,-63,26,4,9,-41,-2,-65
OWL,Blue Owl Capital,16.67,4,-47,-14,0,-57,-5,-23,-3,23,-8,-65
EMN,Eastman Chemical Company,62.71,35,-25,-31,-3,-24,35,-27,-45,-4,-41,-65
GME,GameStop,23.28,0,-7,-4,-32,-43,8,-8,-13,-9,-22,-65
OXY,Occidental Petroleum,42.58,2,-12,-65,0,-75,21,-10,16,-18,9,-66
RYN,Rayonier,23.3,-23,-4,-3,-1,-31,-25,-7,8,-11,-35,-66
MDLZ,Mondelez International,60.76,-14,-2,-3,0,-19,-19,-12,-5,-11,-47,-66
PENN,Penn Entertainment,17.73,20,-14,-3,-36,-33,26,-23,10,-46,-33,-66
BMY,Bristol Myers Squibb,43.84,0,-17,-10,-7,-34,-7,-9,-24,7,-33,-67
ZTS,Zoetis,146.43,35,-34,-45,-5,-49,-2,3,-12,-7,-18,-67
FOUR,Shift4,76.29,0,-58,-10,0,-68,7,-29,-3,26,1,-67
TXN,Texas Instruments,169.11,-21,-38,-1,24,-36,-15,-34,-1,18,-32,-68
SJM,J.M. Smucker Company (The),102.13,-14,-5,-4,-6,-29,-10,-13,8,-25,-40,-69
TYL,Tyler Technologies,508.51,-1,-45,-4,19,-31,-9,-47,-3,20,-39,-70
DPZ,Domino's,414.83,0,-58,-6,12,-52,-6,-28,-5,20,-19,-71
KDP,Keurig Dr Pepper,27.17,0,-44,-9,-2,-55,-18,5,-1,-2,-16,-71
VZ,Verizon,38.83,-21,-15,-1,12,-25,-25,-36,-1,16,-46,-71
RH,RH,180.97,6,-21,-34,-9,-58,7,-26,8,-2,-13,-71
SWK,Stanley Black & Decker,70.21,28,-12,-39,-41,-64,7,-19,9,-4,-7,-71
RYAN,Ryan Specialty,53.24,0,-86,-13,0,-99,23,-4,-19,27,27,-72
BIRK,Birkenstock,41.97,-1,-36,-9,0,-46,19,-34,-11,0,-26,-72
WH,Wyndham Hotels & Resorts,74.76,-14,-28,-13,13,-42,-12,-33,-3,17,-31,-73
SNDR,Schneider National,22.9,-4,-41,-15,0,-60,-14,7,-5,-2,-14,-74
FI,Fiserv,125.18,28,-75,-24,37,-34,-9,-35,-25,29,-40,-74
CROX,Crocs,82.79,0,0,-52,-3,-55,-1,2,-14,-7,-20,-75
TEAM,Atlassian,162.65,40,-76,-16,-8,-60,-2,1,-28,13,-16,-76
COO,Cooper Companies (The),73.49,0,7,-37,-7,-37,-10,16,-42,-5,-41,-78
SFM,Sprouts Farmers Market,106.24,-9,-64,-5,48,-30,-37,-62,-9,59,-49,-79
NSA,National Storage Affiliates,31.57,0,9,-25,-6,-22,-16,8,-46,-3,-57,-79
SFD,Smithfield Foods,21.5,-14,-27,0,0,-41,-16,-36,14,0,-38,-79
UDR,"UDR, Inc.",36.23,0,-61,-8,-2,-71,-10,1,-15,15,-9,-80
SRPT,Sarepta Therapeutics,22.81,0,15,-39,-9,-33,3,18,-60,-8,-47,-80
BFAM,Bright Horizons,100.89,0,-34,-9,0,-43,-9,-40,-6,17,-38,-81
CIVI,Civitas Resources,28.54,0,-11,-65,-2,-78,8,-9,9,-11,-3,-81
IAC,IAC Inc.,33.93,28,-26,-12,-33,-43,27,-18,-7,-40,-38,-81
BDX,Becton Dickinson,185.82,-3,0,-38,-7,-48,-17,-3,3,-17,-34,-82
ONON,On Holding AG,41.7,-3,-61,-9,0,-73,-7,-19,-6,22,-10,-83
PB,Prosperity Bancshares,63.01,-9,-63,-14,16,-70,4,-29,-5,16,-14,-84
MSTR,MicroStrategy,289.08,-84,-14,-3,21,-80,-17,-6,-3,22,-4,-84
HSY,Hershey Company (The),179.37,-47,0,14,0,-33,-40,-4,14,-21,-51,-84
CHWY,Chewy,35.1,-57,-10,51,0,-16,-61,-4,-11,7,-69,-85
FND,Floor & Decor,72.51,7,-22,-45,-8,-68,2,-19,8,-8,-17,-85
MOH,Molina Healthcare,163.29,-14,-2,-23,-4,-43,-14,-2,-19,-10,-45,-88
ARE,Alexandria Real Estate Equities,77.43,22,-13,-47,-32,-70,29,-15,5,-37,-18,-88
QXO,"QXO, Inc.",18.38,-21,-25,0,-16,-62,-18,-23,23,-8,-26,-88
CHRD,Chord Energy,92.41,6,-20,-60,0,-74,8,-29,14,-8,-15,-89
AUR,Aurora Innovation,5.16,-33,-22,-11,0,-66,3,-15,-28,17,-23,-89
OLN,Olin Corporation,24.07,7,0,-70,-11,-74,9,-11,8,-25,-19,-93
KMPR,Kemper Corporation,47.76,-13,-22,-16,-2,-53,-16,-27,-13,16,-40,-93
G,Genpact,39.48,0,-33,-7,0,-40,-12,-29,-25,12,-54,-94
SMMT,Summit Therapeutics,19.27,-47,-35,-1,16,-67,-40,-1,-7,21,-27,-94
ADBE,Adobe Inc.,353.51,28,-1,-46,-8,-27,1,-11,-50,-7,-67,-94
KMB,Kimberly-Clark,118.91,-14,-31,-9,0,-54,-10,-38,-21,28,-41,-95
PPG,PPG Industries,103.51,35,-25,-56,-10,-56,4,-31,-3,-10,-40,-96
SIRI,Sirius XM,21.4,-5,-12,-3,-33,-53,-11,-24,10,-19,-44,-97
CPB,Campbell Soup Company,30.93,31,-2,-42,-8,-21,-7,-14,-49,-7,-77,-98
DOW,Dow Inc.,24.83,14,0,-53,-3,-42,21,1,-68,-10,-56,-98
SMG,Scotts Miracle-Gro Company,55.48,0,-41,-32,-41,-114,28,-27,16,-3,14,-100
PCTY,Paylocity,152.35,12,-44,-8,-5,-45,-9,-48,-7,7,-57,-102
CAVA,Cava Group,63.61,0,-52,-24,0,-76,-2,10,-38,4,-26,-102
GFS,GlobalFoundries,35.33,14,0,-92,0,-78,5,-6,-4,-19,-24,-102
GDDY,GoDaddy,130.9,-1,-76,-13,24,-66,-9,-23,-29,24,-37,-103
CDW,CDW,158.17,35,-58,-52,0,-75,7,-23,-3,-10,-29,-104
CZR,Caesars Entertainment,22.23,0,-15,-36,-27,-78,27,-11,-4,-39,-27,-105
DV,DoubleVerify,12.12,30,-34,-80,0,-84,30,-36,-3,-12,-21,-105
SAIC,SAIC,94.11,-7,-37,-8,0,-52,-9,-37,-5,-3,-54,-106
SAM,Boston Beer Company,231.6,7,1,-45,-39,-76,5,10,1,-46,-30,-106
MTCH,Match Group,32.62,0,-15,2,-39,-52,-7,-23,15,-40,-55,-107
POOL,Pool Corporation,293.75,-1,-23,-33,-8,-65,-12,-19,-2,-11,-44,-109
KBR,"KBR, Inc.",44.08,0,-22,-40,0,-62,5,-32,-18,-3,-48,-110
COLD,Americold,13.72,10,0,-51,-13,-54,1,10,-51,-17,-57,-111
CARR,Carrier Global,57.85,0,-59,-9,0,-68,-12,-55,-4,28,-43,-111
DLB,Dolby Laboratories,67.36,-19,-24,-13,-1,-57,-17,-34,-3,-1,-55,-112
LSTR,Landstar,130.14,-1,-2,-45,-2,-50,-12,10,-52,-9,-63,-113
CL,Colgate-Palmolive,78.0,-2,-77,-16,25,-70,-10,-38,-24,28,-44,-114
BALL,Ball Corporation,49.84,33,-50,-13,-13,-43,-3,-58,-3,-7,-71,-114
AMT,American Tower,191.53,0,-58,-7,-2,-67,2,-57,-5,13,-47,-114
CHE,Chemed Corporation,436.59,-5,-18,-21,-1,-45,-16,-27,-19,-10,-72,-117
CE,Celanese,42.2,14,-55,-53,-12,-106,30,-25,-7,-11,-13,-119
TSN,Tyson Foods,51.38,-14,-15,-11,-30,-70,-10,-31,-21,13,-49,-119
TDC,Teradata,21.39,8,-1,-89,-19,-101,5,-5,-1,-18,-19,-120
TAP,Molson Coors,45.43,-14,-33,-23,-2,-72,-26,6,-24,-5,-49,-121
NWL,Newell Brands,4.97,12,-22,-37,-33,-80,14,-25,8,-38,-41,-121
FCN,FTI Consulting,157.77,2,-33,-47,0,-78,-5,-27,-4,-7,-43,-121
AKAM,Akamai Technologies,75.03,7,-3,-36,-9,-41,-10,-23,-36,-12,-81,-122
ATR,AptarGroup,128.89,-2,-60,-13,22,-53,-8,-57,-5,-1,-71,-124
WHR,Whirlpool Corporation,73.66,8,-28,-15,-28,-63,7,-25,-6,-38,-62,-125
RARE,Ultragenyx,33.53,0,0,-37,-40,-77,-12,12,-45,-5,-50,-127
KVUE,Kenvue,15.0,-9,-44,-8,0,-61,-7,-54,-13,5,-69,-130
MRNA,Moderna,26.73,-21,0,-65,-6,-92,-14,21,-5,-41,-39,-131
ACHC,Acadia Healthcare,23.38,-80,31,-58,-13,-120,5,-3,3,-18,-13,-133
MTDR,Matador Resources,39.3,-21,-20,-39,0,-80,-16,-28,-1,-8,-53,-133
IRDM,Iridium Communications,18.13,-14,-61,-14,-21,-110,-6,8,-5,-21,-24,-134
EPAM,EPAM Systems,159.41,28,-33,-36,-29,-70,33,-31,-27,-39,-64,-134
PAYC,Paycom,199.52,-3,-44,0,-26,-73,-13,-47,-4,1,-63,-136
ALGN,Align Technology,135.2,37,-61,-77,-27,-128,35,6,-13,-40,-12,-140
WU,Western Union,8.97,7,1,-33,-48,-73,5,2,-68,-7,-68,-141
UHAL,U-Haul,55.57,0,-63,-25,0,-88,-11,-27,-38,22,-54,-142
CLX,Clorox,115.84,-16,-15,-27,-7,-65,-21,-19,-37,-1,-78,-143
WSC,WillScot Mobile Mini,22.47,8,-60,-75,-8,-135,4,6,-4,-14,-8,-143
CNC,Centene,34.05,-14,4,-54,-13,-77,-12,-2,-23,-30,-67,-144
FMC,FMC Corporation,30.45,12,-41,-50,-26,-105,24,-31,-5,-28,-40,-145
BAH,Booz Allen Hamilton,91.4,-7,-39,-40,0,-86,-9,-7,-42,-3,-61,-147
WY,Weyerhaeuser,23.89,0,-31,-33,-1,-65,8,-35,-45,-10,-82,-147
UPS,United Parcel Service,87.22,44,0,-116,-18,-90,2,14,-44,-36,-64,-154
GIS,General Mills,47.42,-9,-2,-51,-6,-68,-10,-9,-47,-21,-87,-155
KMX,CarMax,44.26,6,-26,-29,-38,-87,-11,-24,-33,-2,-70,-157
EEFT,Euronet Worldwide,82.27,-13,-62,-13,-5,-93,-12,-62,-10,15,-69,-162
CHH,Choice Hotels,97.29,-11,-57,-13,-1,-82,-11,-58,-27,16,-80,-162
GPK,Graphic Packaging,17.29,-2,-41,-29,-1,-73,-7,-38,-42,-2,-89,-162
CAG,Conagra Brands,18.3,-3,-15,-42,-9,-69,-10,-34,-24,-25,-93,-162
CLVT,Clarivate,3.64,16,-26,-87,-8,-105,7,-26,-1,-44,-64,-169
BMRN,BioMarin Pharmaceutical,54.51,14,-35,-60,-22,-103,26,-49,-25,-24,-72,-175
GLOB,Globant,59.74,28,-112,-36,-9,-129,-11,10,-36,-9,-46,-175
HUN,Huntsman Corporation,9.06,14,-26,-55,-17,-84,19,-26,-50,-35,-92,-176
DXC,DXC Technology,13.55,24,-15,-35,-75,-101,29,-26,-42,-36,-75,-176
XRAY,Dentsply Sirona,13.11,35,-61,-91,-44,-161,30,1,-5,-42,-16,-177
FDS,FactSet,285.3,0,-69,-15,-2,-86,-11,-65,-13,-3,-92,-178
CBSH,Commerce Bancshares,53.23,-96,-58,-4,13,-145,-14,-33,-3,15,-35,-180
MORN,"Morningstar, Inc.",219.53,5,-61,-30,-1,-87,-12,-74,-8,-2,-96,-183
UHAL-B,U-Haul (Series N),50.73,1,-63,-33,0,-95,-11,-27,-47,-3,-88,-183
CMCSA,Comcast,29.27,-16,-63,-45,-11,-135,-11,-27,-12,-10,-60,-195
KHC,Kraft Heinz,25.25,-7,-35,-52,-2,-96,-11,-53,-24,-12,-100,-196
MKTX,MarketAxess,170.69,-1,-65,-38,-31,-135,-9,4,-12,-46,-63,-198
OGN,Organon & Co.,9.15,-91,-7,-39,0,-137,3,-7,-52,-6,-62,-199
LBRDA,Liberty Broadband (Series A),56.06,-84,-7,-13,-38,-142,-48,-7,-13,10,-58,-200
LBRDK,Liberty Broadband (Series C),56.29,-84,-7,-13,-38,-142,-48,-7,-13,10,-58,-200
LYB,LyondellBasell,47.58,7,-60,-54,-7,-114,12,-25,-68,-9,-90,-204
ODFL,Old Dominion Freight Line,136.09,-14,-62,-36,0,-112,-14,-36,-41,-3,-94,-206
COTY,Coty,4.14,-34,-5,-74,-9,-122,-5,6,-76,-11,-86,-208
ENPH,Enphase Energy,36.25,-3,-3,-56,-22,-84,-21,-15,-63,-26,-125,-209
TREX,"Trex Company, Inc.",48.89,-49,-31,-64,-15,-159,-12,-27,-4,-8,-51,-210
STZ,Constellation Brands,139.6,-14,-44,-55,-5,-118,-24,10,-71,-10,-95,-213
CHTR,Charter Communications,244.21,-84,-7,-14,-38,-143,-48,-7,-14,-3,-72,-215
WEN,Wendy's Company (The),8.99,27,-86,-47,-10,-116,-7,-33,-42,-17,-99,-215
UA,Under Armour (Class C),4.64,0,-55,-38,-39,-132,14,-57,-5,-39,-87,-219
INSP,Inspire Medical Systems,77.52,-7,-113,-33,-8,-161,-10,8,-38,-19,-59,-220
LCID,Lucid Motors,18.49,-97,-3,-14,0,-114,-46,-6,-27,-37,-116,-230
HRL,Hormel Foods,23.83,0,-71,-20,-25,-116,-11,-67,-7,-32,-117,-233
UAA,Under Armour (Class A),4.8,-1,-55,-38,-46,-140,8,-57,-5,-39,-93,-233
BF-B,Brown–Forman (Class B),27.94,0,-3,-113,-20,-136,-19,-11,-45,-30,-105,-241
BAX,Baxter International,23.02,0,-77,-33,-40,-150,3,-30,-24,-43,-94,-244
FLO,Flowers Foods,12.55,-11,-50,-47,-10,-118,-10,-43,-67,-25,-145,-263
BF-A,Brown–Forman (Class A),27.58,-9,-35,-112,-20,-176,-21,7,-52,-26,-92,-268
PRGO,Perrigo,21.46,0,-57,-12,-115,-184,-11,-6,-12,-57,-86,-270
BRBR,BellRing Brands,33.05,-7,-120,-23,0,-150,-7,-112,-29,-1,-149,-299
DJT,Trump Media & Technology Group,15.84,-81,-103,-66,0,-250,8,-34,-34,-11,-71,-321
MAN,ManpowerGroup,33.12,-68,-43,-56,-30,-197,-40,-35,-56,-38,-169,-366
RHI,Robert Half,29.07,-96,-190,-39,-11,-336,-39,-27,-37,-34,-137,-473
