Symbol,Name,Close,1H Cloud Score,1D Cloud Score,1W Cloud Score,1M Cloud Score,Cloud Score Sum,1H TKx Score,1D TKx Score,1W TKx Score,1M TKx Score,TKx Score Sum,Total Score Sum
TJX,TJX Companies,132.62,70,10,148,198,426,-4,14,117,193,320,746
COOP,Mr. Cooper Group,191.17,77,67,119,58,321,-2,66,117,56,237,558
ORLY,O'Reilly Auto Parts,101.52,0,21,163,199,383,-32,27,54,89,138,521
ORI,Old Republic International,38.63,65,4,147,58,274,63,2,117,55,237,511
RBC,RBC Bearings,394.75,-1,71,93,164,327,-5,80,14,57,146,473
AAPL,Apple Inc.,231.65,55,34,0,251,340,55,2,2,71,130,470
SO,Southern Company,94.07,-14,40,76,190,292,12,56,23,79,170,462
PGR,Progressive Corporation,247.21,21,-47,105,177,256,17,2,-3,189,205,461
NFG,National Fuel Gas,87.38,0,151,60,52,263,17,82,71,10,180,443
MSI,Motorola Solutions,460.3,56,22,1,153,232,-7,32,1,185,211,443
MA,Mastercard,581.88,42,12,126,155,335,36,19,10,26,91,426
WM,"Waste Management, Inc.",226.8,-21,-3,95,187,258,-20,-2,27,159,164,422
EBAY,eBay,100.71,84,76,77,14,251,47,25,82,16,170,421
FAST,Fastenal,48.89,51,89,49,106,295,56,33,10,23,122,417
LYV,Live Nation Entertainment,160.94,42,68,94,147,351,33,6,9,16,64,415
GOOG,Alphabet (Class C),204.93,55,56,7,176,294,63,30,4,21,118,412
CASY,Casey's,507.53,-24,47,113,87,223,-5,-2,117,78,188,411
RSG,Republic Services,232.92,-2,-13,124,177,286,2,-38,-1,160,123,409
RBA,RB Global,114.9,51,78,104,27,260,-5,27,107,19,148,408
HUBB,Hubbell Incorporated,427.78,1,65,1,182,249,-2,83,6,71,158,407
PLTR,Palantir Technologies,177.14,0,80,116,0,196,-12,82,119,20,209,405
ICE,Intercontinental Exchange,181.21,-28,73,112,161,318,-32,74,22,21,85,403
SGI,Somnigroup International,80.09,44,67,41,64,216,68,80,10,26,184,400
MCD,McDonald's,308.85,12,3,52,242,309,12,23,-4,57,88,397
JPM,JPMorgan Chase,290.49,-1,69,123,158,349,8,-3,10,26,41,390
WRB,W. R. Berkley Corporation,70.79,21,-5,94,176,286,16,6,24,55,101,387
ATO,Atmos Energy,165.37,56,7,74,45,182,49,23,85,45,202,384
CTAS,Cintas,216.58,-10,-1,19,167,175,-5,13,13,187,208,383
TMUS,T-Mobile US,254.63,45,6,94,139,284,47,19,-8,35,93,377
LOW,Lowe's,252.12,70,19,0,166,255,68,31,1,19,119,374
CDNS,Cadence Design Systems,349.9,-34,36,17,141,160,-12,35,10,180,213,373
L,Loews Corporation,94.99,70,67,112,55,304,29,2,10,24,65,369
YUM,Yum! Brands,148.18,19,2,28,259,308,18,-13,-2,57,60,368
MSFT,Microsoft,520.14,-2,74,16,173,261,-12,82,10,25,105,366
WELL,Welltower,162.95,-21,64,116,58,217,-37,25,133,24,145,362
NDAQ,"Nasdaq, Inc.",94.68,-13,73,76,144,280,-25,80,10,14,79,359
ROL,"Rollins, Inc.",57.34,-14,17,31,286,320,-29,9,23,35,38,358
GOOGL,Alphabet (Class A),203.9,55,56,8,176,295,7,30,5,21,63,358
CBOE,Cboe Global Markets,247.87,-13,63,144,55,249,-23,58,22,51,108,357
EHC,Encompass Health,120.36,64,1,143,29,237,63,4,24,29,120,357
BSX,Boston Scientific,103.16,0,0,144,144,288,9,-8,10,57,68,356
MCO,Moody's Corporation,516.46,28,67,16,156,267,20,34,8,25,87,354
GS,Goldman Sachs,730.65,0,67,92,58,217,25,78,10,21,134,351
HIG,Hartford (The),130.6,70,9,94,57,230,30,13,21,56,120,350
ETR,Entergy,89.13,-7,25,76,137,231,-4,20,89,14,119,350
RTX,RTX Corporation,154.07,-13,66,77,54,184,-4,72,84,14,166,350
ORCL,Oracle Corporation,248.28,-20,66,11,198,255,-18,73,10,27,92,347
SHW,Sherwin-Williams,364.4,76,10,1,190,277,35,2,10,19,66,343
RPM,RPM International,123.17,41,18,0,180,239,37,27,7,30,101,340
DUK,Duke Energy,122.44,-7,23,76,183,275,-6,33,22,16,65,340
DTE,DTE Energy,138.88,-4,23,74,189,282,-5,20,27,13,55,337
HCA,HCA Healthcare,395.9,85,6,3,97,191,95,6,16,29,146,337
VMI,Valmont Industries,373.74,70,57,62,58,247,-5,77,7,10,89,336
AZO,AutoZone,4009.98,0,20,94,86,200,-5,27,54,57,133,333
LIN,Linde plc,480.3,58,10,13,110,191,23,2,10,106,141,332
V,Visa Inc.,344.49,14,-11,137,133,273,33,-11,10,26,58,331
ALL,Allstate,206.74,0,12,97,159,268,23,12,11,17,63,331
ARES,Ares Management,187.78,0,67,17,59,143,-12,80,10,106,184,327
ADP,Automatic Data Processing,302.03,-9,-4,85,180,252,10,-3,10,57,74,326
NEU,NewMarket,764.77,60,89,19,29,197,73,3,22,27,125,322
HD,Home Depot (The),399.46,70,19,1,180,270,-2,32,2,19,51,321
MPWR,Monolithic Power Systems,826.03,77,67,3,157,304,-2,11,10,-2,17,321
AVGO,Broadcom,306.2,3,70,19,116,208,-9,82,10,30,113,321
PPL,PPL Corporation,36.54,49,25,76,23,173,25,20,88,14,147,320
STE,Steris,245.65,49,6,14,195,264,43,-39,22,25,51,315
SPGI,S&P Global,556.59,0,67,16,172,255,-5,36,8,21,60,315
DGX,Quest Diagnostics,179.81,49,6,68,18,141,86,4,68,14,172,313
NFLX,Netflix,1238.89,43,0,116,20,179,48,-21,87,20,134,313
FERG,Ferguson Enterprises,231.33,28,69,11,65,173,25,80,10,25,140,313
LOPE,Grand Canyon Education,197.6,56,7,147,35,245,-7,6,34,34,67,312
BK,BNY Mellon,100.99,-2,69,94,40,201,9,73,10,19,111,312
SSNC,SS&C Technologies,86.84,55,43,90,14,202,19,68,7,15,109,311
NVDA,Nvidia,180.44,0,66,14,134,214,-13,74,10,26,97,311
MS,Morgan Stanley,144.63,0,67,76,64,207,-3,78,10,16,101,308
SPOT,Spotify,732.8,52,0,112,12,176,14,2,95,20,131,307
ALNY,Alnylam Pharmaceuticals,449.4,96,66,17,15,194,11,74,10,15,110,304
CHD,Church & Dwight,92.49,3,-15,-16,344,316,-6,-17,-14,25,-12,304
CMI,Cummins,399.42,63,39,5,65,172,63,30,6,30,129,301
MMC,Marsh McLennan,207.22,28,-48,-3,175,152,24,-43,-11,178,148,300
MNST,Monster Beverage,64.63,49,6,26,180,261,14,2,19,4,39,300
WCC,Wesco International,206.51,27,66,7,58,158,-4,80,8,57,141,299
AM,Antero Midstream,17.92,-6,0,148,23,165,-6,6,78,55,133,298
WSM,"Williams-Sonoma, Inc.",203.04,139,33,8,65,245,-5,35,2,21,53,298
URI,United Rentals,909.12,28,67,7,64,166,29,38,8,57,132,298
T,AT&T,28.88,47,7,70,16,140,40,9,94,15,158,298
ITW,Illinois Tool Works,258.65,42,38,2,178,260,-3,2,7,29,35,295
ITT,ITT Inc.,165.45,-3,73,16,99,185,-7,80,10,26,109,294
BR,Broadridge Financial Solutions,260.66,0,20,114,145,279,-36,14,10,25,13,292
PTC,PTC Inc.,205.85,-47,66,6,182,207,19,30,7,26,82,289
AON,AON,367.25,38,10,2,177,227,18,1,-15,56,60,287
CELH,Celsius Holdings,57.27,49,106,0,65,220,43,15,18,-9,67,287
MO,Altria,65.83,94,20,70,45,229,3,13,26,16,58,287
COR,Cencora,292.8,27,0,44,75,146,34,-18,55,68,139,285
HEI,HEICO (Common),307.91,-62,0,25,189,152,-12,72,16,57,133,285
ABBV,AbbVie,206.68,77,19,17,58,171,21,26,3,64,114,285
SNX,TD Synnex,147.49,42,67,15,63,187,-4,73,8,21,98,285
SF,Stifel,114.15,28,57,8,59,152,34,72,7,20,133,285
TRV,Travelers Companies (The),265.68,21,3,91,58,173,17,14,24,56,111,284
AMD,Advanced Micro Devices,177.51,30,66,3,110,209,-2,73,10,-7,74,283
AIZ,Assurant,212.56,70,8,1,152,231,26,4,2,19,51,282
LRCX,Lam Research,99.47,0,67,9,152,228,46,3,10,-5,54,282
NI,NiSource,41.94,-7,28,74,45,140,18,20,89,14,141,281
IBKR,Interactive Brokers,63.32,-20,67,89,57,193,-15,36,10,57,88,281
J,Jacobs Solutions,147.98,4,65,6,106,181,-6,80,7,19,100,281
CW,Curtiss-Wright,486.94,0,75,19,54,148,-8,82,10,49,133,281
AWI,Armstrong World Industries,193.94,31,74,94,21,220,-3,33,10,19,59,279
CBRE,CBRE Group,158.96,24,51,92,22,189,20,47,8,14,89,278
FIX,Comfort Systems USA,680.76,-8,70,17,64,143,-12,82,10,55,135,278
PHM,PulteGroup,128.69,70,40,1,65,176,23,44,6,29,102,278
SNPS,Synopsys,618.28,-1,54,7,180,240,-12,46,8,-5,37,277
NRG,NRG Energy,148.54,-56,0,103,94,141,-12,13,113,21,135,276
BLD,TopBuild,431.77,69,41,2,46,158,69,44,6,-3,116,274
LLYVA,Liberty Live (Series A),90.38,51,80,30,0,161,62,41,10,0,113,274
APH,Amphenol,109.22,0,80,19,65,164,-12,82,10,27,107,271
BX,Blackstone Inc.,171.61,28,38,4,142,212,-5,36,5,21,57,269
KLAC,KLA Corporation,874.99,-6,0,14,177,185,46,2,10,26,84,269
FFIV,"F5, Inc.",315.27,0,66,94,14,174,-12,80,10,17,95,269
BLK,BlackRock,1134.98,52,66,17,22,157,-2,80,10,21,109,266
SCI,Service Corporation International,80.67,70,0,2,175,247,-5,3,8,13,19,266
BWA,BorgWarner,41.36,84,69,8,2,163,76,33,10,-16,103,266
HWM,Howmet Aerospace,171.26,-25,0,148,29,152,-32,-4,92,57,113,265
WMT,Walmart,100.03,-10,17,127,101,235,-21,12,10,29,30,265
LLY,Lilly (Eli),701.24,4,-14,-3,172,159,21,-6,-7,96,104,263
COF,Capital One,215.38,28,73,94,21,216,28,-9,10,18,47,263
BPOP,"Popular, Inc.",117.91,44,74,17,59,194,37,2,10,19,68,262
LLYVK,Liberty Live (Series C),92.97,42,73,30,0,145,62,43,10,0,115,260
FYBR,Frontier Communications,37.1,28,5,89,0,122,26,4,94,14,138,260
CME,CME Group,273.78,-28,-1,54,136,161,1,28,50,19,98,259
OGE,OGE Energy,45.08,-7,23,68,45,129,15,33,68,14,130,259
PFGC,Performance Food Group,98.04,0,70,53,43,166,-3,28,10,57,92,258
GD,General Dynamics,313.77,1,89,8,54,152,-5,44,10,57,106,258
SCHW,Charles Schwab Corporation,96.11,-2,80,77,11,166,-12,80,10,14,92,258
OLLI,Ollie's Bargain Outlet,133.46,-30,67,115,16,168,-45,48,63,23,89,257
EME,Emcor,605.61,-21,67,17,58,121,-12,82,8,57,135,256
RJF,Raymond James Financial,163.36,-13,66,92,58,203,-12,38,7,19,52,255
SFM,Sprouts Farmers Market,145.64,-111,-15,145,46,65,-5,-13,151,57,190,255
DHI,D. R. Horton,165.65,77,40,1,65,183,25,44,4,-2,71,254
AAON,AAON,79.49,23,-1,-13,245,254,-2,-5,-25,31,-1,253
AJG,Arthur J. Gallagher & Co.,292.7,20,-37,0,186,169,21,-43,-2,107,83,252
INCY,Incyte,86.92,126,53,3,1,183,38,17,6,7,68,251
PEG,Public Service Enterprise Group,85.32,-14,46,4,152,188,-12,53,4,17,62,250
EVRG,Evergy,71.95,-2,48,58,14,118,-3,48,77,10,132,250
FTI,TechnipFMC,34.99,-2,67,17,27,109,23,71,10,37,141,250
AXS,AXIS Capital,95.25,0,-13,86,45,118,-5,2,82,53,132,250
STT,State Street Corporation,111.21,27,69,17,16,129,20,74,9,14,117,246
R,Ryder,180.01,26,52,11,56,145,-1,38,8,56,101,246
RCL,Royal Caribbean Group,313.96,5,67,121,28,221,-3,-9,10,27,25,246
SRE,Sempra,81.25,-2,22,0,181,201,16,22,8,-1,45,246
DELL,Dell Technologies,138.3,49,67,6,32,154,5,80,10,-4,91,245
TPR,"Tapestry, Inc.",100.74,-14,67,80,21,154,-10,73,8,19,90,244
C,Citigroup,93.73,41,67,19,18,145,-2,77,10,14,99,244
SSD,Simpson Manufacturing Company,187.03,30,19,1,156,206,-1,32,6,-1,36,242
INSM,Insmed,127.82,34,47,64,16,161,34,17,10,20,81,242
GRMN,Garmin,232.47,43,40,112,19,214,-1,1,6,21,27,241
GGG,Graco Inc.,84.39,28,-1,0,178,205,-5,1,10,29,35,240
MTG,MGIC Investment Corporation,27.5,84,4,19,55,162,35,4,10,28,77,239
ALAB,Astera Labs,185.79,149,65,0,0,214,-7,27,5,0,25,239
ACM,AECOM,119.52,6,73,16,65,160,-6,2,10,72,78,238
HAS,Hasbro,81.13,66,67,14,3,150,64,3,10,11,88,238
AME,Ametek,181.37,-4,12,4,106,118,-4,12,10,101,119,237
JLL,Jones Lang LaSalle,294.33,51,41,4,14,110,62,46,4,14,126,236
PWR,Quanta Services,380.72,-21,74,17,99,169,-12,-3,10,72,67,236
CG,Carlyle Group (The),63.87,55,58,8,21,142,-2,69,7,18,92,234
AMGN,Amgen,296.53,7,32,1,165,205,14,-7,-14,36,29,234
ADI,Analog Devices,231.56,28,0,11,179,218,-2,-18,10,26,16,234
CAT,Caterpillar Inc.,407.86,-52,66,8,64,86,9,73,8,57,147,233
KO,Coca-Cola Company (The),69.94,0,-3,28,182,207,-14,3,23,14,26,233
LDOS,Leidos,177.59,63,79,2,23,167,-5,36,13,19,63,230
JEF,Jefferies Financial Group,60.24,51,43,-20,58,132,-3,43,1,57,98,230
RDDT,Reddit,246.51,91,42,0,0,133,84,11,2,0,97,230
AFL,Aflac,105.36,55,3,1,58,117,63,2,-8,55,112,229
RGLD,Royal Gold,171.45,70,0,61,18,149,-9,5,68,16,80,229
OMF,OneMain Financial,57.24,19,67,17,60,163,28,2,10,26,66,229
AN,AutoNation,206.29,34,4,17,61,116,61,-15,10,57,113,229
VST,Vistra Corp.,197.4,-7,66,19,30,108,-12,79,8,45,120,228
ALLE,Allegion,167.16,26,79,9,21,135,26,35,10,22,93,228
TSCO,Tractor Supply Company,60.49,8,33,7,85,133,5,1,4,85,95,228
GILD,Gilead Sciences,118.31,42,61,51,35,189,-14,6,8,39,39,228
TKO,TKO Group Holdings,188.7,35,5,71,40,151,40,-23,10,50,77,228
CVX,Chevron Corporation,156.58,30,29,7,48,114,56,50,1,6,113,227
RL,Ralph Lauren Corporation,290.43,4,69,94,34,201,-6,-4,10,26,26,227
DDS,Dillard's,516.59,20,49,14,54,137,25,3,7,55,90,227
PCAR,Paccar,98.26,23,19,-22,159,179,-2,30,-14,34,48,227
NWS,News Corp (Class B),34.03,0,3,112,58,173,20,2,10,21,53,226
TDG,TransDigm Group,1387.9,-7,-3,19,157,166,-5,-4,10,57,58,224
WMB,Williams Companies,57.45,-4,-9,112,52,151,7,-1,10,57,73,224
CNM,Core & Main,64.12,28,69,19,0,116,-6,80,10,24,108,224
TRMB,Trimble Inc.,82.24,-14,67,79,4,136,-5,72,8,12,87,223
AXON,Axon Enterprise,754.24,-28,0,145,94,211,-37,9,10,30,12,223
FLUT,Flutter Entertainment,293.25,0,49,19,21,89,17,82,8,27,134,223
VMC,Vulcan Materials,291.68,73,19,6,60,158,-1,27,10,27,63,221
PH,Parker Hannifin,729.75,43,68,17,65,193,-6,-6,10,30,28,221
MLM,Martin Marietta Materials,610.04,70,22,6,60,158,-2,27,10,27,62,220
PNR,Pentair,104.96,49,67,9,62,187,-3,4,8,24,33,220
RMD,Resmed,284.98,21,73,17,13,124,-6,79,9,13,95,219
PAYX,Paychex,138.24,-35,-13,84,167,203,9,-6,-1,14,16,219
CACI,CACI,489.53,2,50,2,154,208,-5,2,14,-1,10,218
CSL,Carlisle Companies,381.56,21,-1,-3,178,195,-1,-6,10,20,23,218
PAG,Penske Automotive Group,180.5,63,9,15,62,149,-2,3,10,57,68,217
EXPD,Expeditors International,119.88,70,12,1,131,214,-3,3,6,-3,3,217
GM,General Motors,56.31,42,49,7,11,109,47,41,7,13,108,217
LNC,Lincoln Financial,40.57,84,36,18,1,139,25,36,8,8,77,216
VIK,Viking Holdings,60.7,28,67,0,0,95,29,82,10,0,121,216
SYK,Stryker Corporation,381.83,0,0,17,159,176,12,-9,8,29,40,216
BKNG,Booking Holdings,5454.46,0,0,136,35,171,20,-12,10,26,44,215
ANET,Arista Networks,137.31,0,52,7,58,117,-12,48,6,56,98,215
TOL,Toll Brothers,130.5,27,51,-23,61,116,23,44,4,26,97,213
WSO,Watsco,415.01,0,-11,-3,196,182,-4,-9,-28,71,30,212
VNT,Vontier,42.12,28,67,5,0,100,34,74,8,-5,111,211
BRK-B,Berkshire Hathaway,477.41,27,-52,124,62,161,27,1,-5,26,49,210
AMG,Affiliated Managers Group,218.82,35,73,11,22,141,-2,44,10,17,69,210
THO,Thor Industries,107.42,55,51,1,2,109,28,73,6,-6,101,210
CVNA,Carvana,349.85,0,79,92,11,182,4,-3,10,16,27,209
CRH,CRH plc,110.82,58,21,7,64,150,-2,30,4,27,59,209
META,Meta Platforms,785.4,28,67,17,29,141,33,4,8,23,68,209
DASH,DoorDash,247.86,-21,66,97,0,142,-40,79,10,18,67,209
NSC,Norfolk Southern,280.72,9,66,11,4,90,15,80,10,14,119,209
ECL,Ecolab,280.97,65,10,16,22,113,62,5,10,19,96,209
FWONA,Liberty Formula 1 (Series A),88.75,7,0,69,62,138,20,-15,9,56,70,208
FWONK,Liberty Formula 1 (Series C),99.52,7,0,70,57,134,20,-12,10,56,74,208
SEIC,SEI Investments Company,88.2,23,0,92,35,150,34,-12,10,26,58,208
OZK,Bank OZK,49.31,22,67,17,56,162,28,-9,8,19,46,208
BYD,Boyd Gaming,82.69,0,67,48,59,174,-1,-3,10,27,33,207
CXT,Crane NXT,59.61,42,57,0,55,154,-6,-4,6,56,52,206
AEP,American Electric Power,112.0,-7,31,73,23,120,16,33,23,14,86,206
LVS,Las Vegas Sands,53.67,31,67,6,2,106,33,73,7,-14,99,205
CLH,Clean Harbors,243.13,28,19,1,58,106,-1,32,10,57,98,204
AFG,American Financial Group,131.67,56,8,1,56,121,57,8,4,14,83,204
LECO,Lincoln Electric,237.14,-4,66,7,65,134,-4,73,8,-7,70,204
NXST,Nexstar Media Group,206.46,40,66,9,4,119,35,33,7,10,85,204
IBM,IBM,239.69,-48,-12,109,54,103,9,-20,56,56,101,204
MSA,MSA Safety,169.61,-40,0,0,164,124,-6,80,10,-5,79,203
AYI,Acuity Brands,313.6,34,43,4,27,108,-5,72,6,20,93,201
AIT,Applied Industrial Technologies,255.12,-6,36,7,58,95,-5,48,6,57,106,201
DCI,Donaldson Company,73.39,51,19,2,65,137,-3,26,10,30,63,200
ULTA,Ulta Beauty,521.09,26,77,12,4,119,-2,80,12,-9,81,200
CINF,Cincinnati Financial,151.03,0,10,85,62,157,17,1,10,15,43,200
GE,GE Aerospace,267.85,-7,78,19,27,117,-12,36,30,29,83,200
FNB,FNB Corporation,15.72,28,67,1,55,151,30,-10,9,19,48,199
ADT,ADT Inc.,8.69,27,87,31,0,145,19,2,25,8,54,199
HPE,Hewlett Packard Enterprise,21.17,42,63,1,42,148,-3,-9,7,54,49,197
HLT,Hilton Worldwide,267.79,27,67,16,64,174,-1,-10,8,26,23,197
CSX,CSX Corporation,36.33,28,66,2,4,100,23,70,10,-6,97,197
LNG,Cheniere Energy,230.15,-4,-6,60,58,108,14,8,10,56,88,196
MCK,McKesson Corporation,672.99,0,-7,42,58,93,17,-20,38,67,102,195
CMA,Comerica,67.91,24,41,7,4,76,28,72,7,12,119,195
SYF,Synchrony Financial,71.47,28,67,17,21,133,33,2,8,18,61,194
NVR,"NVR, Inc.",8226.81,28,36,-23,65,106,24,32,3,29,88,194
LEN,Lennar (Class A),131.96,72,23,-30,64,129,35,32,1,-3,65,194
AXP,American Express,305.53,28,0,17,99,144,36,-15,8,21,50,194
DAL,Delta Air Lines,60.25,43,39,1,19,102,59,4,2,26,91,193
EXPE,Expedia Group,207.43,44,40,49,11,144,23,6,6,14,49,193
FHN,First Horizon Corporation,21.84,24,67,52,4,147,34,-6,8,10,46,193
EVR,Evercore,307.38,27,66,7,58,158,-1,2,8,26,35,193
TT,Trane Technologies,423.39,-8,0,16,164,172,-12,-6,10,29,21,193
NOC,Northrop Grumman,583.78,0,34,10,58,102,8,54,17,12,91,193
AMED,Amedisys,100.99,84,83,12,-28,151,5,46,25,-34,42,193
LEN-B,Lennar (Class B),125.48,71,19,-28,62,124,35,33,1,-1,68,192
GNRC,Generac,198.94,91,51,3,-34,111,-5,69,7,10,81,192
NEM,Newmont,69.32,6,91,19,5,121,-11,53,19,10,71,192
RITM,Rithm Capital,12.3,0,67,17,32,116,5,34,10,26,75,191
GLW,Corning Inc.,65.45,6,66,19,17,108,-12,73,8,14,83,191
LH,Labcorp,270.37,40,17,55,15,127,34,4,8,18,64,191
RGA,Reinsurance Group of America,188.16,51,-11,-3,40,77,60,2,-1,53,114,191
CHRW,C.H. Robinson,121.23,84,35,3,4,126,23,28,6,8,65,191
ETN,Eaton Corporation,351.12,-63,67,8,114,126,-12,-3,8,72,65,191
AGNC,AGNC Investment,9.63,16,52,11,16,95,20,50,8,17,95,190
JBL,Jabil,215.28,-19,70,19,65,135,-12,-1,11,57,55,190
CAH,Cardinal Health,149.62,2,-4,55,38,91,12,-19,48,57,98,189
SPR,Spirit AeroSystems,41.15,24,81,18,0,123,27,-5,30,14,66,189
HON,Honeywell,216.65,0,-2,0,178,176,-5,-14,10,22,13,189
HOOD,Robinhood Markets,114.17,2,69,81,0,152,2,7,10,18,37,189
OSK,Oshkosh Corporation,138.62,28,66,11,4,109,-2,71,8,2,79,188
MP,MP Materials,74.99,0,50,32,0,82,9,47,45,4,105,187
SPG,Simon Property Group,173.35,26,36,1,35,98,25,35,8,21,89,187
ESI,Element Solutions,24.94,45,39,-20,57,121,55,3,7,-1,64,185
MAS,Masco,73.51,28,33,-20,65,106,22,33,1,21,77,183
AEE,Ameren,100.56,-7,23,57,13,86,-1,25,62,10,96,182
KRC,Kilroy Realty,38.72,22,57,6,0,85,19,60,6,11,96,181
THG,Hanover Insurance,169.6,0,6,61,24,91,21,2,53,14,90,181
CNA,CNA Financial,47.75,70,8,2,57,137,23,9,-9,20,43,180
INTU,Intuit,716.89,-63,0,17,191,145,8,-4,10,20,34,179
JNJ,Johnson & Johnson,176.66,73,33,8,7,121,15,31,5,6,57,178
UAL,United Airlines Holdings,100.96,43,40,1,11,95,59,4,4,16,83,178
RS,"Reliance, Inc.",286.37,0,-11,0,115,104,-3,-10,10,77,74,178
ZG,Zillow (Class A),81.37,14,40,54,0,108,17,30,3,20,70,178
KR,Kroger,69.7,-21,0,79,67,125,-25,12,50,15,52,177
WPC,W. P. Carey,65.12,0,64,29,2,95,-5,56,26,5,82,177
ADM,Archer Daniels Midland,59.58,62,68,2,0,132,11,44,10,-20,45,177
MKL,Markel,1929.42,0,0,68,55,123,23,-3,8,26,54,177
INFA,Informatica,24.73,16,58,0,0,74,21,80,8,-7,102,176
DRI,Darden Restaurants,207.43,13,-12,44,61,106,22,-31,48,30,69,175
FLEX,Flex Ltd.,49.0,-14,67,18,58,129,-12,-9,10,57,46,175
ELAN,Elanco,17.94,49,70,2,0,121,49,2,9,-6,54,175
LHX,L3Harris,270.56,-37,89,12,5,69,-2,82,12,14,106,175
IDA,Idacorp,125.46,2,36,56,18,112,-2,28,26,10,62,174
OHI,Omega Healthcare Investors,41.01,26,26,6,40,98,22,18,5,31,76,174
WBA,Walgreens Boots Alliance,11.98,119,67,0,-77,109,12,82,6,-35,65,174
NLY,Annaly Capital Management,20.82,17,49,18,10,94,20,35,8,16,79,173
UNP,Union Pacific Corporation,220.65,-35,-2,-6,198,155,13,-18,4,19,18,173
IDXX,Idexx Laboratories,650.92,70,74,14,4,162,-6,14,10,-8,10,172
MDT,Medtronic,93.0,47,34,11,1,93,15,48,3,13,79,172
KKR,KKR & Co. Inc.,142.3,-5,56,0,103,154,-6,-3,6,21,18,172
FTAI,FTAI Aviation,144.77,32,13,3,47,95,26,13,6,31,76,171
BA,Boeing,235.26,28,80,8,0,116,61,-5,10,-11,55,171
TPG,TPG Inc.,63.49,56,50,2,0,108,-2,41,4,19,62,170
NTAP,Netapp,108.79,42,10,0,57,109,53,2,7,-1,61,170
WDC,Western Digital,75.06,-7,67,12,18,90,-11,78,10,3,80,170
CNP,Centerpoint Energy,38.1,-19,21,49,45,96,-4,20,43,15,74,170
PSTG,Pure Storage,58.62,4,66,0,42,112,-7,2,6,57,58,170
LPLA,LPL Financial,351.01,-21,0,45,99,123,-19,-3,10,57,45,168
MEDP,Medpace,458.11,36,41,4,32,113,-3,51,4,2,54,167
EXEL,Exelixis,38.32,21,-14,64,14,85,17,-14,55,24,82,167
TDY,Teledyne Technologies,536.88,-14,66,52,14,118,-12,36,10,15,49,167
FAF,First American Financial Corporation,64.49,124,16,2,14,156,-1,13,-19,18,11,167
FITB,Fifth Third Bancorp,42.47,28,43,0,22,93,60,-11,7,16,72,165
RF,Regions Financial Corporation,25.62,21,66,7,22,116,24,3,8,14,49,165
WTW,Willis Towers Watson,330.53,84,12,8,24,128,-3,26,-15,29,37,165
SNA,Snap-on,326.02,28,22,0,59,109,-5,1,3,57,56,165
JHG,Janus Henderson,43.29,28,52,6,19,105,-2,36,7,18,59,164
HLI,Houlihan Lokey,190.7,0,69,17,44,130,-4,2,10,26,34,164
LITE,Lumentum,115.88,2,65,14,3,84,-12,73,8,10,79,163
K,Kellanova,80.18,49,7,69,21,146,-9,19,-7,13,16,162
SLM,Sallie Mae,30.31,-7,-1,90,22,104,-6,-1,44,21,58,162
BKR,Baker Hughes,42.81,-3,21,4,35,57,9,66,4,26,105,162
HEI-A,HEICO (Class A),240.71,-62,0,26,182,146,-32,-1,17,30,14,160
FNF,Fidelity National Financial,59.6,70,4,2,58,134,-1,16,-11,21,25,159
VRT,Vertiv,133.04,-21,66,9,8,62,-17,80,7,26,96,158
WTRG,Essential Utilities,39.17,77,5,6,0,88,44,19,2,5,70,158
NVT,Nvent Electric,88.02,0,67,8,12,87,-12,80,8,-5,71,158
AMZN,Amazon,231.06,20,57,17,21,115,19,-3,7,20,43,158
VTR,"Ventas, Inc.",67.76,-6,23,72,22,111,2,25,4,15,46,157
TLN,Talen Energy,377.83,1,79,39,0,119,11,14,11,2,38,157
CR,Crane Co.,189.18,-12,74,16,0,78,-12,76,10,5,79,157
PM,Philip Morris International,166.19,-13,-17,70,55,95,-21,-29,85,27,62,157
COHR,Coherent Corp.,93.4,-14,66,6,15,73,-12,73,7,15,83,156
Z,Zillow (Class C),85.11,14,40,11,0,65,17,49,4,20,90,155
DE,Deere & Company,488.99,-14,-2,49,109,142,-32,-10,45,10,13,155
VZ,Verizon,44.24,44,7,30,10,91,40,12,-2,14,64,155
LAZ,Lazard,54.0,28,50,2,20,100,33,2,7,13,55,155
THC,Tenet Healthcare,171.96,49,4,14,57,124,-2,1,8,24,31,155
XYL,Xylem Inc.,140.81,-6,67,8,22,91,-6,36,10,22,62,153
ROST,Ross Stores,146.94,70,10,0,35,115,-6,19,-4,29,38,153
BRX,Brixmor Property Group,26.47,11,49,0,55,115,-1,2,10,26,37,152
VICI,Vici Properties,32.5,-44,0,58,15,29,-6,48,23,57,122,151
HUM,Humana,286.39,128,9,0,-12,125,54,12,-20,-20,26,151
CPRT,Copart,47.09,40,-58,-13,176,145,-1,1,-23,28,5,150
WBS,Webster Bank,57.5,22,67,8,14,111,22,-8,8,17,39,150
CFG,Citizens Financial Group,48.29,24,55,8,4,91,34,2,7,14,57,148
EQH,Equitable Holdings,53.9,42,0,92,11,145,-3,-23,10,19,3,148
PNC,PNC Financial Services,191.2,28,57,2,14,101,35,-9,7,14,47,148
MRP,Millrose Properties,31.73,58,56,0,0,114,-3,34,3,0,34,148
XEL,Xcel Energy,71.94,-34,23,51,12,52,-5,32,59,9,95,147
F,Ford Motor Company,11.44,56,81,2,-17,122,19,1,10,-5,25,147
H,Hyatt Hotels,141.13,21,0,-3,55,73,23,-11,6,55,73,146
SOFI,SoFi,23.75,28,59,46,0,133,-9,3,8,11,13,146
RLI,RLI Corp.,66.69,0,-51,-10,176,115,16,-44,-29,87,30,145
WEC,WEC Energy Group,107.35,-14,23,55,13,77,-32,21,68,11,68,145
APP,AppLovin,438.78,0,12,105,0,117,-17,20,6,18,27,144
BRO,Brown & Brown,95.36,21,-76,-3,163,105,45,-22,-10,26,39,144
FE,FirstEnergy,43.47,23,20,6,55,104,-5,21,10,14,40,144
GWW,W. W. Grainger,969.53,0,-11,-3,94,80,23,-16,-1,57,63,143
PRU,Prudential Financial,105.92,42,0,-13,55,84,34,2,4,19,59,143
KMI,Kinder Morgan,26.67,-56,-8,92,44,72,11,-1,8,52,70,142
MSM,MSC Industrial Direct,86.93,21,67,7,58,153,-1,-11,10,-9,-11,142
VRTX,Vertex Pharmaceuticals,392.73,0,-9,-2,104,93,26,-9,-6,37,48,141
DOCS,Doximity,65.15,42,37,54,0,133,11,2,-17,12,8,141
KEY,Keycorp,18.05,22,67,8,4,101,28,-9,8,13,40,141
LFUS,Littelfuse,250.55,0,67,3,2,72,-3,72,8,-8,69,141
DKS,Dick's Sporting Goods,224.17,31,33,0,63,127,-2,4,-21,33,14,141
LNT,Alliant Energy,64.64,-13,27,68,14,96,-5,27,10,13,45,141
STLD,Steel Dynamics,126.42,21,-11,0,55,65,25,-17,10,57,75,140
SYY,Sysco,79.51,-7,54,7,3,57,-5,67,7,14,83,140
ACGL,Arch Capital Group,90.73,19,0,-8,62,73,13,3,-1,51,66,139
PNW,Pinnacle West Capital,91.35,-6,12,68,18,92,-6,5,22,26,47,139
GEV,GE Vernova,621.62,-21,79,0,0,58,-12,82,11,0,81,139
FSLR,First Solar,200.0,5,32,0,62,99,4,32,10,-6,40,139
EA,Electronic Arts,174.65,77,13,4,7,101,-4,5,16,21,38,139
DKNG,DraftKings,44.96,7,43,9,0,59,15,43,2,20,80,139
DTM,DT Midstream,103.4,-4,0,103,0,99,-2,7,10,25,40,139
NET,Cloudflare,200.84,-34,67,39,0,72,-40,77,10,19,66,138
WFC,Wells Fargo,77.11,-3,0,92,29,118,-1,-8,10,19,20,138
SKX,Skechers,62.99,0,65,-24,55,96,18,-9,7,26,42,138
XPO,"XPO, Inc.",127.38,22,4,-3,61,84,25,-7,7,27,52,136
O,Realty Income,58.47,44,11,10,7,72,40,1,10,13,64,136
KNSL,Kinsale Capital Group,442.17,18,-14,-3,33,34,17,-7,7,85,102,136
PSN,Parsons Corporation,79.55,62,52,-27,0,87,-5,51,3,-1,48,135
BOKF,BOK Financial Corporation,104.31,28,36,0,22,86,29,2,4,14,49,135
PANW,Palo Alto Networks,177.1,7,-12,0,81,76,-3,-5,10,57,59,135
STWD,Starwood Property Trust,19.88,45,0,18,58,121,-3,-14,10,21,14,135
FOXA,Fox Corporation (Class A),58.34,27,3,68,1,99,33,-19,8,14,36,135
WMS,Advanced Drainage Systems,138.91,49,9,0,3,61,60,7,10,-3,74,135
QRVO,Qorvo,89.34,44,67,0,-31,80,49,2,9,-5,55,135
JHX,James Hardie Industries,29.01,60,35,-27,3,71,63,2,1,-3,63,134
BWXT,BWX Technologies,173.48,0,65,13,35,113,-38,18,10,31,21,134
BEN,Franklin Templeton Investments,25.33,70,70,8,1,149,-5,2,10,-22,-15,134
NTRS,Northern Trust,125.94,-1,67,16,11,93,9,9,10,13,41,134
LPX,Louisiana-Pacific,99.58,28,14,0,63,105,22,4,-24,26,28,133
RKT,Rocket Companies,18.53,77,23,4,0,104,-1,20,9,1,29,133
VKTX,Viking Therapeutics,40.02,48,33,-40,21,62,42,29,5,-6,70,132
IVZ,Invesco,21.12,22,43,7,2,74,-2,39,7,13,57,131
CMS,CMS Energy,72.3,-14,14,76,23,99,-6,25,-1,14,32,131
UI,Ubiquiti,403.53,-14,39,52,10,87,-7,31,10,10,44,131
WWD,"Woodward, Inc.",245.25,-21,76,19,35,109,-12,-3,10,26,21,130
TNL,Travel + Leisure Co.,60.12,25,57,9,16,107,-1,2,7,14,22,129
AU,AngloGold Ashanti,54.3,0,11,76,18,105,-35,20,24,14,23,128
ECG,Everus Construction Group,75.8,28,65,0,0,93,-11,39,7,0,35,128
FOX,Fox Corporation (Class B),53.38,27,3,67,1,98,32,-18,7,9,30,128
MET,Metlife,77.33,28,0,0,58,86,40,-24,8,18,42,128
MRVL,Marvell Technology,76.18,-6,41,-21,106,120,-2,13,-21,18,8,128
SSB,SouthState Corporation,95.41,24,38,0,22,84,28,-8,4,19,43,127
TTWO,Take-Two Interactive,232.09,28,0,45,13,86,-2,-22,45,20,41,127
GPC,Genuine Parts Company,137.81,58,20,1,0,79,28,27,10,-17,48,127
AIG,American International Group,80.01,23,-25,28,53,79,35,-31,23,21,48,127
AMTM,Amentum,25.18,0,79,0,0,79,-7,44,10,0,47,126
U,Unity Technologies,38.02,28,56,6,0,90,30,30,10,-35,35,125
BAM,Brookfield Asset Management,61.4,-7,27,65,0,85,-8,30,10,8,40,125
UTHR,United Therapeutics,313.35,23,3,-10,57,73,19,3,-29,59,52,125
LMT,Lockheed Martin,437.56,23,-19,-29,165,140,21,-30,-4,-2,-15,125
NWSA,News Corp (Class A),29.47,17,3,9,58,87,20,-13,10,21,38,125
PFG,Principal Financial Group,77.64,17,0,-3,55,69,35,-5,7,18,55,124
D,Dominion Energy,61.11,0,65,14,1,80,-9,33,10,10,44,124
AMAT,Applied Materials,161.75,-7,-1,-1,149,140,-7,-12,8,-5,-16,124
APG,APi Group,35.28,4,74,18,0,96,-5,-3,10,26,28,124
CCL,Carnival Corporation & plc,29.75,24,66,17,0,107,-2,-8,8,19,17,124
TFC,Truist Financial,44.42,24,41,1,4,70,30,2,7,14,53,123
MANH,Manhattan Associates,214.81,4,61,-29,65,101,-1,-7,3,27,22,123
CB,Chubb Limited,274.31,44,-32,2,58,72,42,-43,-4,56,51,123
MTZ,MasTec,177.76,0,73,19,18,110,-12,2,10,13,13,123
W,Wayfair,78.74,28,67,4,-41,58,22,73,10,-40,65,123
WAL,Western Alliance Bancorporation,82.56,28,4,0,4,36,60,2,7,18,87,123
PG,Procter & Gamble,154.37,33,-44,-6,179,162,-9,-42,-14,26,-39,123
AMP,Ameriprise Financial,503.1,-3,0,0,64,61,-1,-17,8,71,61,122
QGEN,Qiagen,49.36,7,64,12,3,86,28,-7,10,5,36,122
VVV,Valvoline,39.32,56,8,0,31,95,22,2,7,-4,27,122
IPGP,IPG Photonics,78.61,27,66,1,-44,50,37,73,6,-44,72,122
HAYW,Hayward Holdings,15.88,28,38,2,0,68,-1,30,8,16,53,121
KDP,Keurig Dr Pepper,34.8,47,7,7,1,62,-8,37,18,12,59,121
FICO,Fair Isaac,1343.82,0,-29,-6,166,131,15,-28,-28,31,-10,121
MTD,Mettler Toledo,1313.58,51,52,-23,0,80,39,2,4,-5,40,120
COKE,Coca-Cola Consolidated,113.06,0,-1,0,85,84,5,-7,-15,52,35,119
HII,Huntington Ingalls Industries,266.25,0,106,8,6,120,-5,-3,16,-9,-1,119
PRI,Primerica,261.67,-3,-3,0,108,102,-2,-19,8,30,17,119
BAC,Bank of America,46.95,28,0,17,18,63,41,-9,10,14,56,119
GTES,Gates Corporation,24.12,0,67,17,15,99,-5,-4,10,18,19,118
DINO,HF Sinclair,44.81,28,69,0,1,98,25,-7,10,-8,20,118
EQT,EQT Corporation,52.85,7,-11,41,42,79,16,-28,41,10,39,118
POST,Post Holdings,108.52,41,-31,-6,87,91,12,-35,-8,57,26,117
SAIC,SAIC,117.58,62,27,-37,67,119,-5,2,2,-1,-2,117
USFD,US Foods,76.33,-49,0,143,35,129,-41,-7,10,26,-12,117
SN,SharkNinja,118.93,0,43,8,0,51,23,35,7,1,66,117
WEX,WEX Inc.,174.38,25,49,-43,1,32,22,67,4,-8,85,117
CIEN,Ciena,90.89,-14,67,9,12,74,-12,30,8,16,42,116
PINC,"Premier, Inc.",24.95,70,7,17,-28,66,61,8,15,-34,50,116
EOG,EOG Resources,119.29,15,0,-5,45,55,29,-22,3,51,61,116
UHS,Universal Health Services,178.49,70,-23,-11,22,58,60,3,-4,-1,58,116
GXO,GXO Logistics,52.55,30,67,1,0,98,23,-6,9,-8,18,116
DLTR,Dollar Tree,113.47,-14,84,6,-15,61,-32,83,25,-22,54,115
DOV,Dover Corporation,176.43,0,-1,-3,106,102,-4,-8,6,19,13,115
EXP,Eagle Materials,233.46,27,18,-15,57,87,-1,30,-29,27,27,114
RBLX,Roblox Corporation,117.34,-25,79,53,0,107,-19,-1,16,11,7,114
CEG,Constellation Energy,322.11,-21,67,16,0,62,-12,35,10,19,52,114
MDU,MDU Resources,16.47,-8,-1,0,58,49,-3,27,10,30,64,113
PODD,Insulet,321.26,46,4,45,4,99,37,-43,14,6,14,113
LAMR,Lamar Advertising,123.29,13,0,1,64,78,17,-11,8,21,35,113
TROW,T. Rowe Price,106.99,55,52,-23,-25,59,-2,36,6,13,53,112
WTFC,Wintrust Financial,127.13,10,4,9,49,72,22,-9,8,19,40,112
RPRX,Royalty Pharma,36.34,-34,70,32,0,68,7,49,26,-38,44,112
ZION,Zions Bancorporation,52.65,11,49,0,4,64,35,-10,7,15,47,111
EXC,Exelon,44.58,-9,12,55,14,72,-2,32,-1,10,39,111
EWBC,East West Bancorp,101.19,28,0,9,22,59,34,-10,9,19,52,111
COLB,Columbia Banking System,25.64,41,16,0,0,57,37,2,5,10,54,111
AFRM,Affirm Holdings,78.72,11,49,12,0,72,2,10,8,17,37,109
ES,Eversource Energy,65.54,0,70,15,-10,75,-5,25,10,2,32,107
AWK,American Water Works,143.9,3,11,26,1,41,11,25,22,8,66,107
MMM,3M,152.41,0,0,74,14,88,-6,1,10,14,19,107
GLPI,Gaming and Leisure Properties,46.21,0,-8,0,65,57,17,-16,-8,57,50,107
ARMK,Aramark,39.61,0,0,15,40,55,-5,-9,10,56,52,107
EMR,Emerson Electric,131.72,-2,0,16,64,78,-2,-5,10,26,29,107
PLNT,Planet Fitness,107.53,7,1,63,13,84,5,-8,10,14,21,105
HHH,Howard Hughes Holdings,73.78,49,7,0,0,56,59,2,-28,14,47,103
TER,Teradyne,109.43,28,38,-29,2,39,-2,68,3,-5,64,103
FRHC,Freedom Holding,171.64,-36,22,54,14,54,-14,23,10,30,49,103
XYZ,"Block, Inc.",75.78,0,45,-3,-36,6,16,64,4,13,97,103
VLTO,Veralto,107.26,0,67,2,0,69,-6,30,9,0,33,102
LNW,Light & Wonder,88.17,23,-7,-3,57,70,33,-11,-15,25,32,102
BURL,Burlington Stores,280.27,21,30,1,3,55,-2,29,3,17,47,102
WYNN,Wynn Resorts,109.42,28,69,8,3,108,-2,-6,10,-8,-6,102
UNM,Unum,68.79,-4,-13,0,40,23,28,-13,10,54,79,102
NUE,Nucor,145.48,28,44,0,3,75,25,3,7,-8,27,102
VOYA,Voya Financial,74.0,56,8,1,4,69,23,2,8,-1,32,101
HBAN,Huntington Bancshares,16.57,24,0,9,21,54,34,-13,10,16,47,101
PPC,Pilgrim's Pride,47.97,-14,0,86,21,93,-21,14,-4,18,7,100
ATI,ATI Inc.,72.46,-7,0,16,43,52,-8,-6,10,52,48,100
MAR,Marriott International,265.24,21,0,0,58,79,-1,-12,7,27,21,100
NYT,New York Times Company,60.16,20,8,2,16,46,19,3,10,21,53,99
CMG,Chipotle Mexican Grill,44.03,9,-17,-6,80,66,26,-18,-4,29,33,99
IONS,Ionis Pharmaceuticals,43.79,13,70,1,0,84,18,-4,10,-10,14,98
SFD,Smithfield Foods,25.32,4,62,0,0,66,15,13,4,0,32,98
ROK,Rockwell Automation,342.48,28,4,15,15,62,45,-8,10,-11,36,98
VRSK,Verisk Analytics,267.86,0,-15,0,114,99,12,-39,-2,28,-1,98
MSTR,MicroStrategy,366.48,-14,-2,99,19,102,-23,-12,10,20,-5,97
JCI,Johnson Controls,103.52,-7,0,75,19,87,-12,-6,10,18,10,97
AL,Air Lease Corporation,57.27,37,0,17,22,76,-2,-13,10,26,21,97
OC,Owens Corning,150.2,28,9,-24,58,71,22,2,-28,29,25,96
TFSL,Third Federal S&L,13.05,28,0,3,5,36,28,2,10,19,59,95
USB,U.S. Bancorp,45.95,28,0,0,4,32,39,1,7,15,62,94
PEN,"Penumbra, Inc.",252.79,24,0,32,11,67,25,5,-6,3,27,94
ROP,Roper Technologies,529.64,-79,-11,-2,182,90,7,-28,-1,26,4,94
GEN,Gen Digital,31.47,42,6,15,16,79,-2,-9,10,16,15,94
LII,Lennox International,591.68,0,34,0,38,72,-2,-8,4,27,21,93
DD,DuPont,73.07,21,38,-3,19,75,23,-9,7,-3,18,93
FTNT,Fortinet,79.1,-3,-11,-2,113,97,-2,-13,-2,13,-4,93
TEM,Tempus AI,73.81,42,4,0,0,46,42,2,3,0,47,93
SHC,Sotera Health,15.73,42,6,1,0,49,42,6,2,-6,44,93
APD,Air Products,290.48,11,38,0,16,65,22,-7,2,10,27,92
UGI,UGI Corporation,35.24,0,0,42,4,46,-1,-7,49,5,46,92
CSGP,CoStar Group,89.68,-39,49,6,14,30,2,44,23,-9,60,90
AUR,Aurora Innovation,6.38,51,0,-1,0,50,21,22,-18,15,40,90
MTB,M&T Bank,190.07,25,0,1,22,48,33,-13,8,14,42,90
CI,Cigna,296.86,28,-30,-6,58,50,42,1,-3,-1,39,89
ABT,Abbott Laboratories,131.75,0,-5,56,13,64,7,8,-4,14,25,89
MUSA,Murphy USA,393.61,7,-14,-13,68,48,-2,-9,-29,79,39,87
BMY,Bristol Myers Squibb,48.47,34,3,0,-5,32,63,1,-14,5,55,87
NTRA,Natera,163.02,44,0,1,18,63,5,2,-3,19,23,86
MTCH,Match Group,38.28,21,51,4,-37,39,21,59,5,-38,47,86
CWEN,Clearway Energy (Class C),29.77,0,-5,58,4,57,7,-11,22,10,28,85
FLS,Flowserve,52.62,-1,38,0,27,64,-3,-5,3,25,20,84
ALLY,Ally Financial,38.85,28,4,2,4,38,35,-13,8,16,46,84
STAG,STAG Industrial,34.76,9,0,0,96,105,-1,-26,10,-4,-21,84
RYN,Rayonier,26.32,49,9,-20,0,38,62,25,-32,-9,46,84
XOM,ExxonMobil,106.49,-1,-10,-2,44,31,15,-21,9,50,53,84
GWRE,Guidewire Software,211.55,-48,-7,110,21,76,8,-31,10,20,7,83
ROIV,Roivant Sciences,11.84,23,4,1,0,28,26,20,10,-1,55,83
SEB,Seaboard Corporation,3523.32,9,41,5,-23,32,19,53,8,-29,51,83
SNV,Synovus,49.48,28,0,0,21,49,21,-10,8,14,33,82
WAB,Wabtec,189.16,-2,-3,0,49,44,-12,-16,10,56,38,82
ALK,Alaska Air Group,57.36,28,33,0,2,63,23,4,-17,9,19,82
FHB,"First Hawaiian, Inc.",24.48,24,0,0,14,38,35,-13,7,14,43,81
PEP,PepsiCo,150.4,47,22,-42,0,27,59,47,-39,-13,54,81
VEEV,Veeva Systems,280.7,1,0,45,8,54,4,-5,10,18,27,81
ED,Consolidated Edison,100.78,-21,0,28,47,54,-33,19,-4,45,27,81
TXN,Texas Instruments,194.57,28,0,1,22,51,20,-17,10,16,29,80
CTVA,Corteva,71.76,23,0,53,0,76,2,-20,10,11,3,79
APO,Apollo Global Management,139.39,-21,0,-1,97,75,-18,-11,6,26,3,78
FCX,Freeport-McMoRan,42.35,28,0,0,58,86,2,-15,10,-6,-9,77
IQV,IQVIA,191.13,21,22,-40,0,3,30,48,2,-6,74,77
IRM,Iron Mountain,91.49,0,-8,-3,57,46,-6,-29,10,56,31,77
KIM,Kimco Realty,21.21,5,4,0,55,64,-5,-4,8,14,13,77
AGCO,AGCO,112.33,0,69,7,2,78,2,-2,11,-13,-2,76
CVS,CVS Health,68.62,47,2,10,-17,42,57,6,-1,-28,34,76
ROKU,"Roku, Inc.",90.29,9,48,10,-19,48,21,-3,5,4,27,75
FCNCA,First Citizens BancShares,1870.76,0,-1,-3,59,55,-1,-7,7,21,20,75
WTM,White Mountains Insurance Group,1763.08,-1,-1,-4,59,53,-3,-11,-20,56,22,75
CSCO,Cisco,66.21,-8,0,48,14,54,-17,2,10,25,20,74
SEG,Seaport Entertainment Group,26.37,26,31,0,0,57,18,27,-28,0,17,74
AOS,A. O. Smith,72.22,27,33,-42,58,76,-1,-7,10,-5,-3,73
GNTX,Gentex,27.32,28,32,-42,1,19,28,30,4,-8,54,73
VTRS,Viatris,10.61,47,7,-25,0,29,41,2,2,-1,44,73
MSCI,MSCI,556.86,0,-1,0,14,13,30,3,7,20,60,73
AMH,American Homes 4 Rent,34.78,0,-13,-8,68,47,16,-15,10,15,26,73
PKG,Packaging Corporation of America,193.39,-1,0,-3,61,57,-6,-8,3,26,15,72
GPK,Graphic Packaging,22.52,5,0,-19,58,44,-6,-5,-32,71,28,72
TXT,Textron,78.89,28,0,-4,53,77,-2,-8,10,-5,-5,72
SLGN,Silgan Holdings,46.48,3,-13,-3,80,67,-6,-13,10,13,4,71
AVT,Avnet,53.47,30,0,1,45,76,-2,-12,10,-2,-6,70
WING,Wingstop,336.84,0,0,0,38,38,-7,-1,8,31,31,69
ADC,Agree Realty,72.58,-32,0,63,16,47,2,12,-5,13,22,69
TW,Tradeweb,130.26,-63,-8,109,0,38,2,-4,10,23,31,69
APPF,AppFolio,265.34,-42,52,5,28,43,-51,44,5,28,26,69
CGNX,Cognex Corporation,42.69,27,49,1,-31,46,21,35,6,-40,22,68
CBSH,Commerce Bancshares,61.16,24,-9,0,11,26,34,-15,10,13,42,68
EL,Estée Lauder Companies (The),90.97,0,57,0,-26,31,-6,70,8,-35,37,68
PINS,Pinterest,35.81,0,52,0,0,52,17,-3,6,-5,15,67
UBER,Uber,92.62,13,1,18,0,32,7,-14,16,26,35,67
TKR,Timken Company,75.97,21,52,-3,4,74,-5,-5,7,-5,-8,66
PNFP,Pinnacle Financial Partners,92.23,35,-16,-4,15,30,33,-16,1,18,36,66
TTEK,Tetra Tech,35.79,-14,0,-29,119,76,-12,-3,6,-1,-10,66
DECK,Deckers Brands,102.91,0,-2,-24,93,67,-5,-7,-20,31,-1,66
VLO,Valero Energy,136.8,8,0,0,44,52,23,-14,9,-5,13,65
TMO,Thermo Fisher Scientific,489.52,27,18,-22,0,23,34,32,-21,-3,42,65
PII,Polaris Inc.,57.21,27,36,0,-17,46,28,3,5,-17,19,65
BLDR,Builders FirstSource,136.89,28,33,-28,65,98,-2,3,-32,-3,-34,64
BDX,Becton Dickinson,195.89,49,7,-28,-5,23,41,33,-19,-15,40,63
NBIX,Neurocrine Biosciences,132.9,16,4,-5,25,40,23,-3,7,-4,23,63
CRUS,Cirrus Logic,111.07,36,4,-23,19,36,41,-22,10,-3,26,62
DPZ,Domino's,451.3,3,-9,0,10,4,22,-9,27,18,58,62
VNOM,Viper Energy,37.79,9,-1,-9,44,43,-2,2,-28,47,19,62
NVST,Envista,20.66,35,52,4,0,91,-6,3,6,-32,-29,62
RH,RH,233.65,68,22,-24,-7,59,-2,18,-23,9,2,61
PEGA,Pegasystems,52.66,0,1,19,5,25,16,-4,8,15,35,60
SCCO,Southern Copper,95.81,0,0,0,62,62,-12,2,10,-2,-2,60
LSCC,Lattice Semiconductor,63.52,63,9,1,0,73,-2,2,2,-15,-13,60
BEPC,Brookfield Renewable Partners,33.44,-2,68,10,0,76,-35,-3,10,10,-18,58
LEA,Lear Corporation,102.41,28,4,0,-17,15,60,-11,9,-15,43,58
PSX,Phillips 66,123.61,9,0,0,41,50,20,-16,9,-5,8,58
OKE,Oneok,73.94,-4,-11,-13,54,26,16,-11,-25,51,31,57
AXTA,Axalta,30.41,28,0,-16,22,34,24,1,-29,26,22,56
MHK,Mohawk Industries,128.09,31,29,-26,-11,23,-1,33,2,-1,33,56
DHR,Danaher Corporation,210.77,28,7,-29,0,6,41,10,3,-4,50,56
NCLH,Norwegian Cruise Line Holdings,24.3,0,38,0,0,38,-3,-2,3,20,18,56
BJ,BJ's Wholesale Club,103.27,-21,-34,78,10,33,-32,-1,-2,58,23,56
QCOM,Qualcomm,157.84,21,3,-25,22,21,44,-12,8,-5,35,56
CPNG,Coupang,28.13,0,0,17,0,17,22,-11,10,17,38,55
EFX,Equifax,247.74,21,-11,-4,16,22,23,-19,10,18,32,54
GL,Globe Life,135.43,-21,19,45,14,57,-33,18,4,8,-3,54
TAP,Molson Coors,51.42,42,0,-13,0,29,50,-8,-14,-3,25,54
ZBRA,Zebra Technologies,317.94,0,53,-2,-7,44,-5,-3,4,13,9,53
BBY,Best Buy,71.61,52,4,-24,-6,26,63,1,-35,-2,27,53
OWL,Blue Owl Capital,19.04,-2,46,-4,0,40,-12,2,2,21,13,53
ASTS,AST SpaceMobile,48.09,-2,51,11,0,60,-19,-7,10,8,-8,52
CPAY,Corpay,317.59,10,-11,-3,21,17,23,-8,-5,25,35,52
SMMT,Summit Therapeutics,26.68,-28,1,9,14,-4,13,31,-8,19,55,51
FR,First Industrial Realty Trust,48.91,8,0,-3,14,19,19,-9,8,14,32,51
INGR,Ingredion,125.92,-7,-11,-3,34,13,-6,-22,10,56,38,51
PB,Prosperity Bancshares,67.16,28,-14,-4,14,24,28,-17,2,14,27,51
RNR,RenaissanceRe,238.96,-6,-1,-8,35,20,-5,-1,8,28,30,50
WH,Wyndham Hotels & Resorts,87.95,23,28,-3,11,59,-1,-6,-17,15,-9,50
DOX,Amdocs,87.34,0,-5,2,58,55,9,-29,10,5,-5,50
VIRT,Virtu Financial,41.76,-58,0,76,14,32,-65,-3,71,14,17,49
MPC,Marathon Petroleum,162.36,0,0,0,49,49,10,-12,10,-8,0,49
ETSY,Etsy,66.43,28,57,1,-30,56,-1,21,10,-37,-7,49
AS,Amer Sports,38.72,10,1,4,0,15,21,2,10,0,33,48
SITE,SiteOne Landscape Supply,139.54,22,34,-26,-9,21,-1,33,3,-8,27,48
MAT,Mattel,18.19,33,0,-4,0,29,60,-17,7,-31,19,48
HLNE,Hamilton Lane,155.57,1,4,0,25,30,-3,2,-3,21,17,47
LBTYA,Liberty Global (Series A),11.54,77,11,-40,-31,17,28,11,1,-10,30,47
SUI,Sun Communities,127.85,22,3,3,-24,4,17,4,10,11,42,46
BFAM,Bright Horizons,121.43,0,0,3,1,4,12,-1,15,15,41,45
BC,Brunswick Corporation,63.29,28,51,-38,-7,34,24,-9,4,-9,10,44
DBX,Dropbox,27.82,22,-13,0,9,18,35,-11,-7,8,25,43
AGO,Assured Guaranty,80.49,-40,-7,-2,56,7,-4,8,10,22,36,43
HSIC,Schein (Henry),67.82,28,-2,-5,0,21,38,-18,-3,3,20,41
NEE,NextEra Energy,75.43,9,9,2,1,21,6,-9,10,13,20,41
AMKR,Amkor Technology,23.75,28,52,-40,2,42,-2,1,4,-5,-2,40
HIW,Highwoods Properties,29.26,13,0,0,6,19,20,-22,10,13,21,40
PR,Permian Resources,13.44,0,0,-8,26,18,20,-7,10,-2,21,39
SNOW,Snowflake Inc.,199.08,0,0,15,0,15,16,-3,10,1,24,39
EIX,Edison International,55.53,35,11,-32,0,14,29,25,-29,-1,24,38
DIS,Walt Disney Company (The),115.37,0,0,15,-1,14,23,-12,10,3,24,38
KRMN,Karman Holdings,50.6,21,4,0,0,25,21,-10,2,0,13,38
GAP,Gap Inc.,20.68,28,-26,-5,18,15,25,-18,-3,19,23,38
HR,Healthcare Realty Trust,16.47,0,35,2,-9,28,-43,41,2,9,9,37
FBIN,Fortune Brands Innovations,58.75,28,19,-26,-5,16,22,33,-32,-2,21,37
ELF,e.l.f. Beauty,116.39,27,0,0,31,58,-2,-22,8,-5,-21,37
APLS,Apellis Pharmaceuticals,27.75,84,14,-70,-16,12,16,25,1,-18,24,36
FIVE,Five Below,134.97,1,69,0,-16,54,-10,-4,11,-15,-18,36
HXL,Hexcel,61.74,28,39,-29,1,39,-2,4,4,-9,-3,36
AES,AES Corporation,13.31,4,28,0,-11,21,4,28,6,-24,14,35
KMB,Kimberly-Clark,132.93,0,0,2,18,20,-3,3,-11,26,15,35
DVA,DaVita,135.43,5,-8,-3,20,14,30,-9,-20,19,20,34
DXCM,Dexcom,80.97,7,0,0,-14,-7,44,-4,10,-9,41,34
BIO,Bio-Rad Laboratories,285.82,23,33,-27,-28,1,30,38,1,-37,32,33
CFR,Frost Bank,124.16,0,-1,0,4,3,23,-11,8,10,30,33
MTSI,MACOM Technology Solutions,123.04,-49,0,0,58,9,-2,-11,8,29,24,33
FOUR,Shift4,90.85,0,-9,0,0,-9,28,-9,-2,24,41,32
CUZ,Cousins Properties,27.39,26,-2,0,11,35,-2,-24,10,13,-3,32
LYFT,Lyft,15.82,21,1,1,-1,22,21,-19,10,-2,10,32
AMT,American Tower,206.29,-1,-9,16,0,6,3,-8,20,11,26,32
HOLX,Hologic,67.83,4,55,-35,0,24,-5,15,3,-7,6,30
TSLA,"Tesla, Inc.",330.6,0,6,0,10,16,-12,12,4,10,14,30
EXLS,EXL Service,42.32,-1,-26,0,65,38,-1,-4,-16,13,-8,30
MGM,MGM Resorts International,35.92,11,4,-3,0,12,26,-6,7,-9,18,30
EEFT,Euronet Worldwide,95.95,5,-13,-3,-3,-14,33,-13,10,13,43,29
BXP,"BXP, Inc.",65.44,8,-9,-3,0,-4,16,-7,10,13,32,28
CCK,Crown Holdings,100.56,5,0,17,5,27,-6,-15,10,12,1,28
LAD,Lithia Motors,300.85,26,-14,-5,14,21,-1,-15,1,21,6,27
REG,Regency Centers,70.99,-30,0,5,53,28,-43,13,10,19,-1,27
MU,Micron Technology,120.84,0,6,2,22,30,-11,2,10,-5,-4,26
INTC,Intel,24.57,35,3,0,-20,18,35,2,-17,-12,8,26
NKE,"Nike, Inc.",76.99,21,35,0,-21,35,23,-5,7,-36,-11,24
TRGP,Targa Resources,163.23,-4,-2,0,51,45,-33,-23,-20,54,-22,23
UWMC,United Wholesale Mortgage,5.38,49,7,-29,0,27,38,3,-42,-4,-5,22
IP,International Paper,46.6,-1,-1,0,16,14,-6,-5,3,16,8,22
XP,XP Inc.,17.55,28,-3,0,0,25,21,-32,16,-8,-3,22
QXO,"QXO, Inc.",20.5,21,0,0,-14,7,30,-23,13,-6,14,21
APTV,Aptiv,74.17,28,4,1,-24,9,51,-13,10,-36,12,21
IR,Ingersoll Rand,78.32,0,-2,-21,23,0,-2,-13,7,29,21,21
ESS,Essex Property Trust,259.22,4,-12,-3,14,3,16,-9,-3,14,18,21
CHDN,Churchill Downs Incorporated,102.58,0,36,-31,0,5,22,-8,2,-1,15,20
AA,Alcoa,31.25,28,34,-21,-20,21,28,1,2,-32,-1,20
MIDD,Middleby,132.61,20,-8,-3,0,9,25,-11,-16,13,11,20
TOST,"Toast, Inc.",43.15,-57,0,77,0,20,-54,27,10,17,0,20
TRU,TransUnion,88.84,0,0,-1,3,2,-1,-4,8,14,17,19
ARW,Arrow Electronics,123.69,27,0,1,4,32,-2,-13,10,-8,-13,19
GMED,Globus Medical,60.58,45,0,-15,0,30,-5,2,-20,12,-11,19
RRX,Regal Rexnord,145.58,20,0,-3,3,20,-2,-5,7,-1,-1,19
DT,Dynatrace,48.24,0,-7,-2,0,-9,20,-20,7,20,27,18
EQR,Equity Residential,64.12,7,-12,-3,13,5,16,-13,-3,13,13,18
LBTYK,Liberty Global (Series C),11.64,77,11,-40,-30,18,24,48,-37,-36,-1,17
TTC,Toro Company (The),76.89,28,23,-35,-6,10,23,3,1,-20,7,17
EQIX,Equinix,781.31,4,-31,-8,34,-1,-12,11,-8,26,17,16
COP,ConocoPhillips,95.35,17,19,-45,0,-9,35,-5,2,-8,24,15
KEX,Kirby Corporation,96.44,-45,-12,-3,35,-25,-7,-5,10,42,40,15
NU,Nubank,13.11,7,0,1,0,8,-10,-13,10,19,6,14
MCHP,Microchip Technology,65.7,8,0,0,0,8,20,-17,10,-7,6,14
TYL,Tyler Technologies,571.99,-29,0,0,17,-12,2,4,1,18,25,13
FI,Fiserv,136.71,6,-26,-14,35,1,20,-20,-15,27,12,13
G,Genpact,43.66,13,-2,0,3,14,14,-10,-15,10,-1,13
FANG,Diamondback Energy,140.22,-3,-7,-29,47,8,9,-3,4,-5,5,13
ISRG,Intuitive Surgical,480.16,6,-13,-3,22,12,-2,-21,-2,26,1,13
EW,Edwards Lifesciences,78.25,0,16,4,-14,6,15,-4,30,-35,6,12
COIN,Coinbase,317.45,-1,0,9,0,8,-12,-11,9,18,4,12
PFE,Pfizer,25.16,42,9,-33,-23,-5,37,1,7,-28,17,12
SNDR,Schneider National,24.46,20,0,-5,0,15,-2,-13,2,10,-3,12
BAH,Booz Allen Hamilton,109.33,-14,0,-30,101,57,-6,-7,-32,-1,-46,11
REXR,Rexford Industrial,38.06,25,52,-46,-18,13,21,3,6,-32,-2,11
KEYS,Keysight,163.36,1,0,0,0,1,-6,2,8,5,9,10
VNO,Vornado Realty Trust,37.22,1,-6,0,4,-1,-3,-9,8,15,11,10
CARR,Carrier Global,65.41,-2,-10,-3,0,-15,-5,-6,10,26,25,10
CERT,"Certara, Inc.",11.01,49,-6,-15,0,28,18,2,-7,-32,-19,9
HST,Host Hotels & Resorts,15.72,13,0,-32,2,-17,33,-9,8,-6,26,9
PK,Park Hotels & Resorts,10.92,22,4,-26,-7,-7,25,-9,3,-5,14,7
CTSH,Cognizant,70.0,0,-13,-3,14,-2,15,-21,-3,18,9,7
BG,Bunge Global,81.79,0,7,0,0,7,-17,12,10,-5,0,7
PCOR,Procore,65.27,0,-6,-3,0,-9,19,-5,-17,19,16,7
CTRA,Coterra,24.04,-1,-23,-5,44,15,21,-30,-12,13,-8,7
HOG,Harley-Davidson,27.41,21,4,-43,-9,-27,38,1,5,-11,33,6
FRT,Federal Realty Investment Trust,93.9,20,-2,-23,0,-5,23,-12,1,-1,11,6
AVB,AvalonBay Communities,190.59,8,-12,-3,16,9,19,-30,-7,15,-3,6
CF,CF Industries,85.9,0,-7,0,4,-3,24,-33,10,8,9,6
QS,QuantumScape,9.02,4,41,6,0,51,-9,-8,8,-36,-45,6
NOW,ServiceNow,867.22,-93,-7,-3,82,-21,8,-12,8,22,26,5
HSY,Hershey Company (The),177.9,-44,33,4,0,-7,9,18,4,-19,12,5
FDX,FedEx,227.25,0,0,-26,32,6,12,-11,2,-4,-1,5
SJM,J.M. Smucker Company (The),110.76,1,19,2,-4,18,-6,24,-10,-23,-15,3
SBAC,SBA Communications,219.94,0,-9,16,-20,-13,3,-9,17,5,16,3
CPT,Camden Property Trust,106.85,0,-12,0,0,-12,16,-9,-3,11,15,3
WST,West Pharmaceutical Services,246.23,16,19,-27,-7,1,16,-7,1,-8,2,3
KD,Kyndryl,29.97,-3,-9,-2,0,-14,9,-20,8,20,17,3
ZS,Zscaler,274.9,-18,0,17,5,4,-9,-20,10,18,-1,3
ST,Sensata Technologies,31.86,22,4,0,-15,11,28,-9,8,-35,-8,3
SNDK,SanDisk,44.51,5,0,0,0,5,-7,2,2,0,-3,2
MASI,Masimo,153.85,13,-8,0,-6,-1,30,-23,-15,10,2,1
POOL,Pool Corporation,321.85,21,19,-23,-6,11,25,3,-29,-9,-10,1
GO,Grocery Outlet,18.34,1,8,0,0,9,-6,24,2,-28,-8,1
TXRH,Texas Roadhouse,172.89,-42,-6,0,64,16,-14,-42,10,31,-15,1
KMPR,Kemper Corporation,53.18,0,-8,-6,-1,-15,31,-27,-3,14,15,0
INGM,Ingram Micro,19.25,6,-1,0,0,5,-3,-9,7,0,-5,0
LUV,Southwest Airlines,31.5,19,-1,1,-39,-20,20,-13,8,4,19,-1
MKSI,MKS Instruments,100.18,45,7,-27,-13,12,-2,-12,6,-5,-13,-1
UDR,"UDR, Inc.",38.51,0,-12,-3,0,-15,15,-9,-5,13,14,-1
CRM,Salesforce,242.5,0,-12,-13,22,-3,12,-11,-21,21,1,-2
JAZZ,Jazz Pharmaceuticals,117.68,26,7,-3,-6,24,37,-8,-16,-39,-26,-2
OTIS,Otis Worldwide,87.45,27,-18,-4,0,5,-4,-15,-14,26,-7,-2
EXR,Extra Space Storage,137.07,0,-12,-3,0,-15,2,-12,10,13,13,-2
ABNB,Airbnb,125.1,1,-7,-3,0,-9,20,-6,-2,-5,7,-2
SWKS,Skyworks Solutions,74.48,41,0,-43,-30,-32,47,-19,7,-5,30,-2
HPQ,HP Inc.,26.74,47,4,-25,0,26,-1,2,-29,-1,-29,-3
WDAY,"Workday, Inc.",226.07,6,-15,-10,14,-5,19,-11,-4,-2,2,-3
CHH,Choice Hotels,122.0,0,-8,-3,0,-11,20,-9,-17,14,8,-3
OMC,Omnicom Group,76.3,27,4,-27,1,5,33,-8,-32,-1,-8,-3
CLF,Cleveland-Cliffs,10.42,20,32,-63,-16,-27,33,-5,3,-8,23,-4
GPN,Global Payments,86.79,21,19,-27,-39,-26,20,35,-24,-10,21,-5
NCNO,nCino,27.75,6,0,-26,0,-20,21,-10,5,-1,15,-5
ATR,AptarGroup,138.7,-14,-11,-3,20,-8,-24,-8,10,25,3,-5
DVN,Devon Energy,33.7,28,4,-50,-5,-23,54,-23,9,-22,18,-5
IRDM,Iridium Communications,25.01,24,-12,-4,-19,-11,28,-11,7,-19,5,-6
MAA,Mid-America Apartment Communities,140.89,1,-13,0,0,-12,12,-9,-8,11,6,-6
WBD,Warner Bros. Discovery,11.86,0,47,12,-42,17,20,-6,8,-45,-23,-6
RVMD,Revolution Medicines,36.3,0,-11,-14,0,-25,20,-37,10,26,19,-6
SWK,Stanley Black & Decker,74.06,28,33,-29,-39,-7,35,2,-35,-2,0,-7
WAT,Waters Corporation,291.54,20,-25,-5,0,-10,33,-24,-20,14,3,-7
OVV,Ovintiv,39.42,-3,0,-5,0,-8,5,-5,7,-6,1,-7
CART,Maplebear Inc.,43.95,-21,-2,0,0,-23,-21,30,7,0,16,-7
PYPL,PayPal,69.25,11,-2,-3,-39,-33,20,-6,3,9,26,-7
RRC,Range Resources,34.38,-77,-18,-1,42,-54,10,-29,10,55,46,-8
APA,APA Corporation,20.5,49,7,-85,-12,-41,42,5,5,-19,33,-8
SON,Sonoco,46.25,20,10,-44,0,-14,21,-8,7,-14,6,-8
SAIL,SailPoint,20.47,1,-7,0,0,-6,20,-24,2,0,-2,-8
CL,Colgate-Palmolive,85.07,21,-28,-6,23,10,-9,-21,-14,26,-18,-8
NDSN,Nordson,213.37,28,0,-36,0,-8,-5,1,10,-7,-1,-9
ADSK,Autodesk,286.85,-49,-4,0,14,-39,8,-7,10,19,30,-9
MDLZ,Mondelez International,62.09,0,-13,0,0,-13,3,-9,19,-9,4,-9
CNH,CNH Industrial,12.19,-14,-2,19,0,3,-6,-18,10,2,-12,-9
DOCU,DocuSign,70.91,0,-14,-3,-12,-29,19,-8,-2,11,20,-9
PLD,Prologis,106.62,5,0,-23,0,-18,17,-14,10,-5,8,-10
GTM,ZoomInfo,10.44,9,3,-3,0,9,16,-5,6,-37,-20,-11
TWLO,Twilio,105.67,0,-6,0,-34,-40,17,-6,6,11,28,-12
RBRK,Rubrik,85.9,-42,0,0,0,-42,-12,-3,44,0,29,-13
CCCS,CCC Intelligent Solutions,9.7,0,4,-28,0,-24,17,-2,2,-6,11,-13
GEHC,GE HealthCare,73.41,28,0,-20,0,8,-5,-6,-18,8,-21,-13
SW,Smurfit Westrock,42.71,-7,-1,-3,16,5,-6,-6,-23,17,-18,-13
DG,Dollar General,112.75,0,11,0,-17,-6,-6,3,22,-26,-7,-13
MORN,"Morningstar, Inc.",258.54,0,-12,-20,28,-4,-1,-25,-2,18,-10,-14
YETI,Yeti Holdings,33.98,7,34,-35,-6,0,-1,-7,4,-10,-14,-14
CFLT,"Confluent, Inc.",17.78,7,-12,-3,0,-8,19,-6,-18,-2,-7,-15
VAC,Marriott Vacations Worldwide,75.07,8,0,-3,-17,-12,24,-9,7,-25,-3,-15
SMCI,Supermicro,45.39,-56,0,0,58,2,-10,-3,5,-9,-17,-15
CACC,Credit Acceptance,474.87,21,-11,-3,0,7,-2,-22,7,-5,-22,-15
FND,Floor & Decor,83.43,28,33,-35,-6,20,-2,2,-29,-6,-35,-15
TREX,"Trex Company, Inc.",63.05,13,28,-54,-13,-26,19,-4,2,-6,11,-15
SPB,Spectrum Brands,56.6,28,0,-28,-4,-4,-2,-7,-27,24,-12,-16
PPG,PPG Industries,111.81,21,0,-46,-8,-33,28,-13,10,-8,17,-16
COO,Cooper Companies (The),73.22,28,0,-27,-5,-4,36,-13,-32,-3,-12,-16
NTNX,Nutanix,68.65,-48,-5,31,22,0,-40,-11,10,24,-17,-17
ALGM,Allegro MicroSystems,30.69,-1,0,11,0,10,-6,-13,8,-16,-27,-17
AAL,American Airlines Group,13.18,42,35,-21,-76,-20,61,2,-21,-39,3,-17
OXY,Occidental Petroleum,44.6,28,4,-55,0,-23,23,-8,6,-16,5,-18
BROS,Dutch Bros. Coffee,62.97,-14,-2,0,0,-16,-12,2,-3,11,-2,-18
ON,ON Semiconductor,51.08,0,0,-37,-1,-38,39,-10,6,-15,20,-18
QSR,Restaurant Brands International,65.29,-49,-7,0,40,-16,2,-8,10,-8,-4,-20
PVH,PVH Corp.,76.89,22,3,-32,0,-7,20,2,-28,-7,-13,-20
HRB,H&R Block,50.11,-29,-48,-1,52,-26,-26,-14,-6,52,6,-20
PSA,Public Storage,283.05,7,-12,-11,1,-15,15,-43,10,13,-5,-20
SBUX,Starbucks,90.59,0,0,-1,0,-1,-7,-4,-15,7,-19,-20
AVY,Avery Dennison,174.78,30,-1,-35,1,-5,-1,-18,7,-5,-17,-22
WY,Weyerhaeuser,25.85,21,-1,-23,0,-3,21,2,-35,-8,-20,-23
EGP,EastGroup Properties,162.92,5,-6,-5,8,2,2,-32,10,-5,-25,-23
CUBE,CubeSmart,39.52,6,-9,-23,0,-26,17,-22,10,-2,3,-23
KBR,"KBR, Inc.",49.61,0,0,-30,0,-30,12,3,-8,-1,6,-24
FTRE,Fortrea,8.03,28,10,-37,0,1,24,18,-65,-2,-25,-24
GLIBA,GCI Liberty (Series A),34.35,-1,0,0,0,-1,-25,1,0,0,-24,-25
BALL,Ball Corporation,53.85,0,-1,-3,-11,-15,-6,-9,10,-5,-10,-25
IPG,Interpublic Group of Companies (The),26.1,28,19,-43,0,4,35,-8,-40,-17,-30,-26
GLIBK,GCI Liberty (Series C),34.92,1,0,0,0,1,-28,1,0,0,-27,-26
TSN,Tyson Foods,56.8,7,0,-1,-28,-22,-6,2,-11,11,-4,-26
ILMN,"Illumina, Inc.",100.1,8,47,-28,-40,-13,30,-6,2,-40,-14,-27
MOS,Mosaic Company (The),32.46,0,-4,16,-16,-4,12,-20,15,-30,-23,-27
SOLV,Solventum,71.4,-7,-1,0,0,-8,-5,-21,6,0,-20,-28
KVUE,Kenvue,21.19,-14,-2,1,0,-15,-8,-5,-3,3,-13,-28
ONTO,Onto Innovation,107.0,42,0,-26,0,16,-6,-13,-21,-4,-44,-28
CNXC,Concentrix,48.2,0,-11,-3,0,-14,19,-9,8,-33,-15,-29
MDB,MongoDB Inc.,218.26,0,1,-26,-9,-34,15,-3,2,-9,5,-29
RAL,Ralliant,43.49,-8,0,0,0,-8,-10,-12,0,0,-22,-30
M,"Macy's, Inc.",12.82,21,33,-31,-15,8,-2,-5,-25,-6,-38,-30
MSGS,Madison Square Garden Sports,197.55,-23,-4,-4,21,-10,-37,-14,3,27,-21,-31
BIRK,Birkenstock,49.81,3,-11,-10,0,-18,-9,-4,-1,0,-14,-32
DLB,Dolby Laboratories,72.82,8,-11,-3,0,-6,-5,-9,-20,8,-26,-32
GTLB,GitLab,44.32,6,-8,-21,0,-23,16,-5,-20,-1,-10,-33
RIVN,Rivian,12.23,0,-14,-3,0,-17,16,-8,-3,-21,-16,-33
KSS,Kohl's,13.77,34,33,-62,-31,-26,31,-10,4,-32,-7,-33
INVH,Invitation Homes,30.56,1,-17,-8,0,-24,17,-37,-3,14,-9,-33
TRIP,Tripadvisor,17.61,0,32,0,-52,-20,-5,27,7,-44,-15,-35
OLED,Universal Display Corporation,141.44,0,0,-37,0,-37,20,-23,10,-5,2,-35
TECH,Bio-Techne,53.58,21,4,-27,-24,-26,30,-6,-27,-6,-9,-35
AMCR,Amcor,8.73,-14,-2,-1,0,-17,-6,-11,-1,-2,-20,-37
PATH,UiPath,10.96,0,-14,-11,0,-25,18,-18,-3,-10,-13,-38
GDDY,GoDaddy,145.98,0,-27,-3,22,-8,18,-51,-19,22,-30,-38
REYN,Reynolds Consumer Products,22.58,0,8,-28,0,-20,-2,27,-40,-3,-18,-38
SEE,Sealed Air,31.55,28,0,-24,-24,-20,23,-17,8,-32,-18,-38
ODFL,Old Dominion Freight Line,151.13,17,-13,-26,0,-22,22,-7,-31,-1,-17,-39
CWEN-A,Clearway Energy (Class A),27.8,-58,-5,58,6,1,-61,-11,22,10,-40,-39
JBHT,J. B. Hunt,143.47,19,0,-31,0,-12,23,-13,-28,-10,-28,-40
ALSN,Allison Transmission,86.99,-4,-26,-5,35,0,-9,-44,-21,34,-40,-40
SAIA,Saia,299.31,20,4,-26,4,2,-2,-7,-28,-5,-42,-40
UHAL,U-Haul,57.75,8,-14,-15,0,-21,-2,-9,-28,20,-19,-40
PCTY,Paylocity,171.91,-46,-6,-1,-3,-56,8,22,-19,5,16,-40
EMN,Eastman Chemical Company,65.57,12,-15,-21,-1,-25,35,-13,-35,-2,-15,-40
CHRD,Chord Energy,102.1,0,4,-50,0,-46,12,-5,4,-6,5,-41
FIS,Fidelity National Information Services,70.82,0,-9,-2,-37,-48,-2,-11,9,11,7,-41
ZM,Zoom Communications,73.16,5,-14,-3,0,-12,19,-50,-2,4,-29,-41
ESTC,Elastic NV,77.33,0,-11,-13,-6,-30,18,-7,-18,-4,-11,-41
CPB,Campbell Soup Company,32.5,4,0,-32,-6,-34,18,18,-39,-5,-8,-42
TPL,Texas Pacific Land Corporation,882.98,-2,-54,-9,58,-7,11,-54,-5,13,-35,-42
CAR,Avis Budget Group,155.74,0,0,9,-20,-11,-3,-5,13,-37,-32,-43
NNN,NNN Reit,41.31,-44,-2,0,22,-24,-29,-15,10,14,-20,-44
CIVI,Civitas Resources,33.22,34,5,-55,-6,-22,39,3,-55,-9,-22,-44
KHC,Kraft Heinz,27.67,5,3,-42,0,-34,18,-4,-14,-10,-10,-44
MTDR,Matador Resources,46.9,0,0,-29,0,-29,-2,-11,3,-6,-16,-45
EXE,Expand Energy,95.12,-46,-20,41,0,-25,-40,-31,41,10,-20,-45
VFC,VF Corporation,13.07,11,0,-20,-43,-52,23,-4,-20,7,6,-46
DV,DoubleVerify,15.83,7,4,-70,0,-59,21,20,-18,-10,13,-46
CHE,Chemed Corporation,445.23,24,-60,-11,0,-47,65,-48,-9,-8,0,-47
LKQ,LKQ Corporation,30.96,21,-44,-6,-2,-31,33,-18,-14,-17,-16,-47
ESAB,ESAB,110.32,-56,-8,-2,0,-66,-5,-3,10,17,19,-47
AVTR,Avantor,12.94,27,-11,-29,0,-13,35,-24,-40,-5,-34,-47
EG,Everest Group,331.88,0,-24,-36,55,-5,42,-42,-37,-5,-42,-47
WHR,Whirlpool Corporation,88.16,21,-12,-5,-26,-22,25,-18,3,-36,-26,-48
OGN,Organon & Co.,9.43,8,-9,-29,0,-30,37,-9,-42,-4,-18,-48
DAY,Dayforce,52.88,0,-11,-20,-12,-43,20,-6,-24,5,-5,-48
TFX,Teleflex,120.68,28,-1,-42,-39,-54,42,10,-38,-10,4,-50
CROX,Crocs,84.71,0,-7,-42,-1,-50,20,-11,-4,-5,0,-50
MRK,Merck & Co.,84.23,21,11,-47,0,-15,21,1,-51,-6,-35,-50
REGN,Regeneron Pharmaceuticals,580.3,14,4,-41,0,-23,18,1,-42,-4,-27,-50
ASH,Ashland Global,53.83,28,10,-41,-9,-12,23,1,-53,-10,-39,-51
RVTY,Revvity,90.78,13,-13,-20,-24,-44,33,-18,-25,3,-7,-51
CMCSA,Comcast,33.47,11,-14,-35,-9,-47,22,-16,-2,-8,-4,-51
CLVT,Clarivate,4.32,21,0,-77,-6,-62,53,-4,3,-42,10,-52
RYAN,Ryan Specialty,59.09,20,-37,-3,0,-20,-5,-43,-9,25,-32,-52
FCN,FTI Consulting,165.47,2,23,-37,0,-12,19,-8,-47,-5,-41,-53
GRAL,"Grail, Inc.",32.41,0,-14,0,0,-14,-12,-24,-3,0,-39,-53
PCG,PG&E Corporation,15.02,0,0,-30,1,-29,-9,14,-29,-1,-25,-54
SARO,StandardAero,26.55,-19,-3,0,0,-22,-18,-24,10,0,-32,-54
S,SentinelOne,16.8,0,-9,-25,0,-34,20,-11,-28,-1,-20,-54
IT,Gartner,238.65,0,-44,-21,0,-65,19,-47,-19,57,10,-55
MKC,McCormick & Company,69.69,0,-28,-6,-2,-36,12,-27,-14,10,-19,-55
ONON,On Holding AG,45.31,-14,-12,-2,0,-28,-16,-43,10,20,-29,-57
LW,Lamb Weston,54.16,5,3,-72,-8,-72,29,-3,3,-14,15,-57
SMG,Scotts Miracle-Gro Company,62.19,13,0,-22,-39,-48,-2,-13,6,-1,-10,-58
LBRDK,Liberty Broadband (Series C),61.58,6,-16,-3,-36,-49,2,-16,-3,8,-9,-58
CPRI,Capri Holdings,20.93,21,10,-72,-11,-52,21,2,3,-32,-6,-58
LBRDA,Liberty Broadband (Series A),61.24,6,-16,-3,-36,-49,2,-16,-3,8,-9,-58
RGEN,Repligen,124.29,21,-1,-16,-17,-13,28,-17,-20,-37,-46,-59
CC,Chemours,14.61,21,33,-65,-13,-24,20,2,-27,-30,-35,-59
OKTA,"Okta, Inc.",92.02,0,-48,0,-24,-72,16,-7,-3,6,12,-60
KNX,Knight-Swift,42.52,20,-2,-25,-2,-9,-2,-16,-21,-13,-52,-61
DOC,Healthpeak Properties,17.33,8,-8,-17,-31,-48,17,-8,-32,9,-14,-62
CRWD,CrowdStrike,427.79,-98,-7,45,0,-60,-12,-21,10,20,-3,-63
WLK,Westlake Corporation,84.0,21,3,-40,0,-16,20,-9,-52,-6,-47,-63
CRL,Charles River Laboratories,156.63,0,4,-54,-26,-76,22,-7,6,-8,13,-63
MTN,Vail Resorts,153.52,19,-2,-33,-23,-39,23,-17,6,-36,-24,-63
TXG,10x Genomics,13.36,9,48,-76,0,-19,-2,-5,4,-42,-45,-64
ACN,Accenture,247.06,0,-28,-23,-1,-52,14,-26,-19,19,-12,-64
IAC,IAC Inc.,35.45,0,-9,-2,-31,-42,19,-9,6,-38,-22,-64
UHAL-B,U-Haul (Series N),53.08,26,-14,-23,0,-11,-2,-13,-37,-1,-53,-64
KMX,CarMax,57.76,21,-24,-19,-36,-58,27,-22,-23,11,-7,-65
ZTS,Zoetis,153.77,9,-26,-35,-3,-55,37,-41,-2,-5,-11,-66
ELV,Elevance Health,309.57,42,-32,-44,-2,-36,7,-24,-10,-3,-30,-66
EPR,EPR Properties,52.56,-149,-5,57,29,-68,-35,-15,30,21,1,-67
WFRD,Weatherford International,55.28,0,38,-44,0,-6,-3,-5,-48,-5,-61,-67
TTD,Trade Desk (The),52.11,-42,-6,-27,-1,-76,-40,27,1,20,8,-68
BSY,Bentley Systems,53.13,-78,0,9,0,-69,2,-5,10,-6,1,-68
AKAM,Akamai Technologies,74.39,8,-12,-26,-7,-37,16,-11,-26,-10,-31,-68
ACI,Albertsons,19.19,-21,-24,0,0,-45,9,-20,-3,-9,-23,-68
PAYC,Paycom,217.18,-35,-11,19,-24,-51,-6,15,10,-37,-18,-69
CDW,CDW,163.7,0,-9,-42,0,-51,-1,-12,2,-8,-19,-70
UNH,UnitedHealth Group,304.14,28,-83,-18,-4,-77,38,1,-31,-1,7,-70
LCID,Lucid Motors,2.18,-1,0,-4,0,-5,-5,-8,-17,-35,-65,-70
PENN,Penn Entertainment,18.25,16,3,-3,-34,-18,21,-11,-18,-44,-52,-70
DNB,Dun & Bradstreet,9.1,-22,46,-26,0,-2,4,-7,-28,-37,-68,-70
ELS,Equity Lifestyle Properties,60.69,0,-37,-21,0,-58,17,4,-32,-3,-14,-72
CHTR,Charter Communications,267.7,6,-16,-4,-36,-50,2,-21,-4,-1,-24,-74
MOH,Molina Healthcare,167.48,21,-59,-13,-2,-53,20,-24,-9,-8,-21,-74
LINE,"Lineage, Inc.",40.69,-42,-7,0,0,-49,-6,11,-31,0,-26,-75
NOV,NOV Inc.,12.17,0,-11,-55,-12,-78,23,-6,1,-15,3,-75
CLX,Clorox,122.15,-35,-2,-17,-5,-59,3,-7,-27,13,-18,-77
DAR,Darling Ingredients,31.17,3,-12,-6,-20,-35,-2,-18,8,-30,-42,-77
IEX,IDEX Corporation,164.85,13,-13,-28,-2,-30,-1,-13,-28,-6,-48,-78
ENTG,Entegris,77.11,12,-1,-44,-6,-39,20,-5,-49,-5,-39,-78
BHF,Brighthouse Financial,45.74,0,-31,-3,0,-34,-3,-49,-3,8,-47,-81
EXAS,Exact Sciences,45.58,12,-18,-28,-25,-59,20,-25,-2,-16,-23,-82
BBWI,"Bath & Body Works, Inc.",28.67,0,-6,-25,-15,-46,-3,-11,-16,-6,-36,-82
TGT,Target Corporation,103.02,-1,33,-31,-11,-10,-30,2,-39,-6,-73,-83
DUOL,Duolingo,326.93,-31,-33,0,0,-64,6,-47,-1,23,-19,-83
DJT,Trump Media & Technology Group,18.52,23,-54,-56,0,-87,43,-10,-24,-9,0,-87
ALB,Albemarle Corporation,82.23,39,32,-128,-23,-80,9,5,4,-25,-7,-87
FMC,FMC Corporation,37.43,6,-11,-40,-24,-69,20,-14,2,-26,-18,-87
FTV,Fortive,48.15,7,-13,-21,0,-27,1,-39,-17,-5,-60,-87
CCI,Crown Castle,101.66,-89,1,7,-28,-109,1,-5,20,5,21,-88
IFF,International Flavors & Fragrances,65.81,0,-13,-23,-31,-67,19,-9,-35,-1,-26,-93
PRMB,Primo Brands,24.55,0,-53,0,22,-31,11,-82,-10,18,-63,-94
STZ,Constellation Brands,168.19,-8,0,-45,-3,-56,5,25,-61,-8,-39,-95
NWL,Newell Brands,5.46,10,0,-27,-31,-48,23,-9,-27,-36,-49,-97
BILL,Bill.com,40.44,0,-12,-24,0,-36,9,-13,-20,-37,-61,-97
GME,GameStop,22.94,11,-45,-10,-30,-74,-3,-10,-3,-7,-23,-97
ACHC,Acadia Healthcare,20.98,25,-24,-48,-11,-58,30,-15,-42,-16,-43,-101
HRL,Hormel Foods,28.48,0,-22,-10,-23,-55,-9,-18,10,-30,-47,-102
LOAR,Loar Holdings,70.15,0,-30,0,0,-30,-12,-57,-3,0,-72,-102
BMRN,BioMarin Pharmaceutical,57.54,-39,0,-50,-20,-109,13,29,-15,-22,5,-104
RARE,Ultragenyx,29.68,23,-27,-27,-38,-69,22,-19,-35,-3,-35,-104
LYB,LyondellBasell,53.37,7,-11,-44,-5,-53,23,-9,-58,-7,-51,-104
BAX,Baxter International,24.17,7,-28,-23,-38,-82,59,-27,-14,-41,-23,-105
ZBH,Zimmer Biomet,102.72,49,7,-65,-17,-26,-1,2,-64,-18,-81,-107
TDC,Teradata,21.08,11,-7,-79,-17,-92,19,-20,1,-16,-16,-108
DOW,Dow Inc.,23.37,13,-17,-43,-1,-48,23,-17,-58,-8,-60,-108
AZTA,Azenta,30.41,10,0,-53,-31,-74,-1,-8,-19,-9,-37,-111
DLR,Digital Realty,166.89,-80,-1,0,22,-59,-74,-7,10,19,-52,-111
LULU,Lululemon Athletica,198.57,7,-49,-11,-3,-56,20,-43,-20,-12,-55,-111
CRI,Carter's,26.07,21,-17,-62,-17,-75,20,-9,-39,-9,-37,-112
LSTR,Landstar,129.06,8,-14,-35,-1,-42,-2,-22,-42,-7,-73,-115
RNG,RingCentral,30.75,21,3,-26,-41,-43,18,-20,-26,-45,-73,-116
DDOG,Datadog,127.19,-84,-2,-2,0,-88,-40,-10,7,15,-28,-116
HUN,Huntsman Corporation,10.01,20,-17,-45,-15,-57,21,-9,-40,-33,-61,-118
OLN,Olin Corporation,21.29,21,3,-60,-9,-45,25,-13,-62,-23,-73,-118
WEN,Wendy's Company (The),10.57,21,-37,-37,-8,-61,18,-28,-32,-15,-57,-118
SAM,Boston Beer Company,220.31,13,0,-35,-37,-59,-2,17,-31,-44,-60,-119
COTY,Coty,4.91,13,0,-64,-7,-58,23,-11,-66,-9,-63,-121
AR,Antero Resources,32.02,-58,-20,-1,10,-69,-41,-31,10,10,-52,-121
IOT,Samsara,33.52,-80,-33,-10,0,-123,5,-6,-17,20,2,-121
BIIB,Biogen,138.66,21,3,-84,-27,-87,21,10,-47,-18,-34,-121
QDEL,QuidelOrtho,25.93,23,-26,-23,-38,-64,28,-18,-23,-47,-60,-124
CZR,Caesars Entertainment,25.33,2,-12,-26,-25,-61,22,-13,-35,-37,-63,-124
ALGN,Align Technology,142.42,7,-12,-67,-25,-97,19,-5,-3,-38,-27,-124
GFS,GlobalFoundries,33.06,0,-9,-82,0,-91,-1,-13,-2,-17,-33,-124
HAL,Halliburton,21.14,0,-1,-63,-5,-69,19,-4,-62,-9,-56,-125
INSP,Inspire Medical Systems,87.77,0,-64,-23,-6,-93,30,-18,-28,-17,-33,-126
EPAM,EPAM Systems,157.59,0,-13,-26,-27,-66,12,-19,-17,-37,-61,-127
SRPT,Sarepta Therapeutics,21.81,49,-149,-29,-7,-136,58,6,-50,-6,8,-128
FLO,Flowers Foods,15.7,-6,-1,-37,-8,-52,-6,10,-57,-23,-76,-128
ENOV,Enovis,29.57,49,-25,-65,-17,-58,7,-18,-25,-37,-73,-131
CAVA,Cava Group,69.95,-41,-3,-14,0,-58,-40,-7,-28,2,-73,-131
ARE,Alexandria Real Estate Equities,76.09,5,4,-37,-30,-58,16,-7,-48,-35,-74,-132
SLB,Schlumberger,33.0,0,-11,-70,-1,-82,-3,-17,-21,-10,-51,-133
ADBE,Adobe Inc.,354.91,7,-28,-36,-6,-63,19,-44,-40,-5,-70,-133
MAN,ManpowerGroup,41.28,11,-2,-46,-28,-65,23,-11,-46,-36,-70,-135
COLM,Columbia Sportswear,53.46,7,-110,-21,-6,-130,20,-24,-16,13,-7,-137
FRPT,Freshpet,61.26,-66,-44,-24,-6,-140,5,-1,-20,19,3,-137
BRKR,Bruker,33.5,0,-12,-60,-8,-80,25,-10,-64,-9,-58,-138
HUBS,HubSpot,439.47,-87,-46,-10,-1,-144,9,-6,-18,19,4,-140
TEAM,Atlassian,167.01,-84,-27,-6,-6,-123,8,-19,-18,11,-18,-141
VSTS,Vestis,4.69,-86,-11,-22,0,-119,9,-6,-27,0,-24,-143
MRNA,Moderna,28.02,5,-8,-55,-4,-62,20,-9,-55,-39,-83,-145
WSC,WillScot Mobile Mini,24.17,-1,-11,-65,-6,-83,-6,-5,-42,-12,-65,-148
SIRI,Sirius XM,23.03,20,2,-83,-31,-92,21,-12,-49,-17,-57,-149
NSA,National Storage Affiliates,30.35,9,-60,-15,-4,-70,18,-61,-36,-1,-80,-150
GLOB,Globant,66.45,-7,-63,-26,-7,-103,-5,-11,-26,-7,-49,-152
UA,Under Armour (Class C),5.01,-44,-6,-28,-37,-115,2,-8,6,-37,-37,-152
MPW,Medical Properties Trust,4.04,-7,-67,-7,-36,-117,16,-10,-7,-35,-36,-153
LEG,Leggett & Platt,9.36,21,0,-132,-30,-141,25,-9,7,-38,-15,-156
CNC,Centene,28.49,22,-60,-44,-11,-93,35,-58,-13,-28,-64,-157
BRBR,BellRing Brands,38.35,-9,-71,-13,0,-93,-9,-63,-19,27,-64,-157
UAA,Under Armour (Class A),5.16,-43,-6,-28,-44,-121,2,-8,5,-37,-38,-159
MKTX,MarketAxess,189.97,0,-16,-28,-29,-73,-9,-31,-2,-44,-86,-159
FIVN,Five9,26.04,6,-7,-79,-35,-115,19,-11,-17,-40,-49,-164
CAG,Conagra Brands,19.17,0,-85,-32,-7,-124,-6,2,-14,-23,-41,-165
JKHY,Jack Henry & Associates,160.35,-112,-12,-3,-1,-128,-5,-43,-3,11,-40,-168
DXC,DXC Technology,13.71,22,-27,-25,-73,-103,20,-21,-32,-34,-67,-170
UPS,United Parcel Service,88.5,15,-14,-106,-16,-121,35,-22,-34,-34,-55,-176
BF-A,Brown–Forman (Class A),30.26,0,0,-102,-18,-120,-18,25,-42,-24,-59,-179
BF-B,Brown–Forman (Class B),30.42,0,0,-103,-18,-121,-24,25,-35,-28,-62,-183
CE,Celanese,42.49,-105,-6,-43,-10,-164,3,-13,-1,-9,-20,-184
PRGO,Perrigo,22.69,0,-8,-2,-113,-123,-2,-7,-2,-55,-66,-189
WU,Western Union,8.36,34,-92,-23,-46,-127,-9,-9,-58,-5,-81,-208
GIS,General Mills,49.65,3,-91,-41,-4,-133,12,-37,-37,-19,-81,-214
FDS,FactSet,369.42,-170,-20,-5,0,-195,-3,-16,-3,-1,-23,-218
COLD,Americold,14.85,0,-95,-41,-11,-147,19,-37,-41,-15,-74,-221
NFE,New Fortress Energy,2.3,-42,-6,-71,-3,-122,-44,-9,-22,-25,-100,-222
XRAY,Dentsply Sirona,13.87,7,-12,-81,-42,-128,20,-9,-68,-40,-97,-225
RHI,Robert Half,36.32,9,-141,-29,-9,-170,22,-18,-27,-32,-55,-225
PLTK,Playtika,3.63,-98,-16,-26,0,-140,-14,-18,-27,-31,-90,-230
ENPH,Enphase Energy,34.83,6,-151,-46,-20,-211,2,-16,-53,-24,-91,-302
WOLF,Wolfspeed,1.35,-98,-4,-134,-30,-266,4,-20,-100,-37,-153,-419
