Symbol,Name,Close,1H Cloud Score,1D Cloud Score,1W Cloud Score,1M Cloud Score,Cloud Score Sum,1H TKx Score,1D TKx Score,1W TKx Score,1M TKx Score,TKx Score Sum,Total Score Sum
TJX,TJX Companies,141.75,-7,62,159,200,414,11,5,128,195,339,753
COR,Cencora,333.28,107,42,55,77,281,115,51,66,70,302,583
AAPL,Apple Inc.,269.73,59,86,9,253,407,27,54,13,73,167,574
COOP,Mr. Cooper Group,210.79,-7,100,126,60,279,11,99,124,58,292,571
APH,Amphenol,139.78,42,132,30,67,271,34,134,21,29,218,489
FIX,Comfort Systems USA,1010.74,28,122,28,66,244,28,134,21,57,240,484
NRG,NRG Energy,178.5,27,34,114,96,271,28,33,124,23,208,479
GOOG,Alphabet (Class C),275.83,82,108,18,178,386,39,10,15,23,87,473
GOOGL,Alphabet (Class A),275.04,82,108,19,178,387,39,5,16,23,83,470
PLTR,Palantir Technologies,198.82,34,132,127,0,293,29,-5,130,22,176,469
HWM,Howmet Aerospace,203.59,35,36,159,31,261,29,7,103,59,198,459
RTX,RTX Corporation,176.36,49,118,88,56,311,-4,27,95,16,134,445
MPWR,Monolithic Power Systems,1093.17,35,119,14,159,327,29,63,21,2,115,442
ORLY,O'Reilly Auto Parts,94.53,-64,-5,174,201,306,-21,-13,65,91,122,428
CRS,Carpenter Technology Corporation,323.72,35,5,157,37,234,52,5,82,51,190,424
KLAC,KLA Corporation,1236.72,71,38,25,179,313,29,32,21,28,110,423
MCK,McKesson Corporation,807.36,103,30,53,60,246,54,47,3,69,173,419
IBM,IBM,308.29,33,30,120,56,239,56,-5,67,58,176,415
RBC,RBC Bearings,408.92,56,6,104,166,332,-3,1,25,59,82,414
ETR,Entergy,95.47,-3,29,87,139,252,-5,28,100,16,139,391
HCA,HCA Healthcare,468.51,60,58,14,99,231,75,26,27,31,159,390
EME,Emcor,777.14,34,119,28,60,241,31,38,19,59,147,388
AVGO,Broadcom,386.11,28,122,30,118,298,28,5,21,32,86,384
CW,Curtiss-Wright,602.11,33,127,30,56,246,29,35,21,51,136,382
GD,General Dynamics,343.49,-2,141,19,56,214,-9,96,21,59,167,381
ACM,AECOM,133.42,8,125,27,67,227,5,54,21,74,154,381
JPM,JPMorgan Chase,305.61,16,4,134,160,314,26,-12,21,28,63,377
CDNS,Cadence Design Systems,341.53,33,-2,28,143,202,-12,-17,21,182,174,376
WELL,Welltower,177.08,1,13,127,60,201,-5,4,144,26,169,370
GLW,Corning Inc.,90.32,12,118,30,19,179,28,125,19,16,188,367
CAT,Caterpillar Inc.,585.69,15,118,19,66,218,23,43,19,59,144,362
BSX,Boston Scientific,100.31,-2,-5,155,146,294,-23,8,21,59,65,359
TIGO,Millicom,46.54,-2,199,88,4,289,-1,16,35,18,68,357
NVT,nVent Electric,106.27,31,119,19,14,183,30,132,19,-7,174,357
AAON,AAON,103.26,30,30,0,247,307,-3,48,3,-1,47,354
MSFT,Microsoft,542.56,42,4,27,175,248,54,3,21,27,105,353
ROL,"Rollins, Inc.",53.87,-8,-11,42,288,311,-20,-10,34,37,41,352
MS,Morgan Stanley,164.06,28,119,87,66,300,-2,11,21,18,48,348
GE,GE Aerospace,314.26,20,130,30,29,209,26,41,41,31,139,348
RL,Ralph Lauren Corporation,327.71,-2,121,105,36,260,-12,50,21,28,87,347
V,Visa Inc.,341.45,-3,-1,148,135,279,50,-7,-4,28,67,346
WRB,W. R. Berkley Corporation,71.41,-14,0,105,178,269,-12,-3,35,57,77,346
AXON,Axon Enterprise,759.65,37,-1,156,96,288,51,-26,-2,32,55,343
CAH,Cardinal Health,164.63,58,24,66,40,188,54,38,3,59,154,342
INSM,Insmed,166.73,14,99,75,18,206,21,69,21,22,133,339
ORI,Old Republic International,38.41,-35,0,158,60,183,-26,-5,128,57,154,337
PWR,Quanta Services,448.89,28,26,28,101,183,28,30,21,74,153,336
FYBR,Frontier Communications,37.73,22,57,100,0,179,34,2,105,16,157,336
ROIV,Roivant Sciences,18.75,90,56,12,0,158,82,72,21,2,177,335
WDC,Western Digital,141.42,12,119,23,20,174,3,130,21,5,159,333
HUBB,Hubbell Incorporated,472.98,13,2,12,184,211,28,4,17,73,122,333
EBAY,eBay,99.56,70,8,88,16,182,28,11,93,18,150,332
LLY,Lilly (Eli),813.31,0,24,0,174,198,-9,41,3,98,133,331
MLI,Mueller Industries,104.78,56,91,18,60,225,7,5,19,73,104,329
ANET,Arista Networks,162.1,35,104,18,60,217,36,1,17,58,112,329
LRCX,Lam Research,160.69,35,41,20,154,250,29,33,21,-7,76,326
DTE,DTE Energy,138.95,-21,27,85,191,282,-33,24,38,15,44,326
MNST,Monster Beverage,66.55,-7,58,37,182,270,-14,32,30,6,54,324
L,Loews Corporation,97.82,-10,119,123,57,289,-14,-2,21,26,31,320
DUK,Duke Energy,124.3,-21,19,87,185,270,-29,21,33,18,43,313
SRE,Sempra,92.23,0,74,11,183,268,-5,29,19,1,44,312
MCD,McDonald's,302.43,-7,-1,3,244,239,-3,6,9,59,71,310
EHC,Encompass Health,125.56,0,53,154,31,238,2,3,35,31,71,309
BWXT,BWX Technologies,213.77,16,117,24,37,194,26,29,21,33,109,303
SO,Southern Company,93.54,-48,19,87,192,250,-61,-1,34,81,53,303
CASY,Casey's,529.18,-48,-1,124,89,164,-66,-3,128,80,139,303
HOOD,Robinhood Markets,144.78,23,121,92,0,236,28,-5,21,20,64,300
SNX,TD Synnex,155.67,27,119,26,65,237,27,-6,19,23,63,300
WMT,Walmart,102.51,-20,43,138,103,264,-28,11,21,31,35,299
TT,Trane Technologies,427.62,28,0,27,166,221,26,22,-1,31,78,299
XYL,Xylem Inc.,153.05,35,119,19,24,197,29,28,21,24,102,299
PANW,Palo Alto Networks,217.21,49,39,10,83,181,-3,40,21,59,117,298
FERG,Ferguson Enterprises,249.3,91,20,22,67,200,26,24,21,27,98,298
BK,BNY Mellon,107.09,0,121,105,42,268,-3,-9,21,21,30,298
CIEN,Ciena,189.29,35,119,20,14,188,28,41,19,18,106,294
ELAN,Elanco,22.59,63,122,13,0,198,29,54,20,-8,95,293
MSI,Motorola Solutions,432.37,-31,-11,12,155,125,-7,-25,12,187,167,292
NVDA,Nvidia,207.05,21,30,25,136,212,28,3,21,28,80,292
EVRG,Evergy,76.94,-14,100,69,16,171,-7,28,88,12,121,292
AYI,Acuity Brands,361.08,-2,95,15,29,137,-9,124,17,22,154,291
FLEX,Flex Ltd.,66.12,35,48,29,60,172,-5,41,21,59,116,288
UI,Ubiquiti,773.31,21,48,63,12,144,28,83,21,12,144,288
ATO,Atmos Energy,171.67,-35,59,85,47,156,-35,21,96,47,129,285
AXP,American Express,358.32,63,48,28,101,240,-3,5,19,23,44,284
MA,Mastercard,554.99,-7,-3,137,157,284,-19,-32,21,28,-2,282
J,Jacobs Solutions,158.47,-12,117,17,108,230,-15,28,18,21,52,282
PSTG,Pure Storage,97.62,33,49,10,44,136,29,41,17,59,146,282
IBKR,Interactive Brokers,69.22,20,30,100,59,209,-3,-5,19,59,70,279
CBOE,Cboe Global Markets,232.78,-7,-1,155,57,204,-3,-8,33,53,75,279
CRH,CRH plc,118.48,-2,73,18,66,155,-3,82,15,29,123,278
ETN,Eaton Corporation,387.93,21,5,19,116,161,28,-5,19,74,116,277
ATI,ATI Inc.,103.02,35,5,27,45,112,49,38,21,54,162,274
DOV,Dover Corporation,180.81,70,0,0,108,178,75,3,-4,21,95,273
UHS,Universal Health Services,225.36,59,51,3,24,137,75,55,5,1,136,273
PPL,PPL Corporation,36.48,-24,77,87,25,165,-30,23,99,16,108,273
AMAT,Applied Materials,235.85,35,30,6,151,222,7,30,19,-7,49,271
HII,Huntington Ingalls Industries,298.36,35,158,19,8,220,-4,38,27,-11,50,270
DCI,Donaldson Company,83.58,1,71,13,67,152,-14,78,21,32,117,269
NI,NiSource,42.48,-8,26,85,47,150,-23,26,100,16,119,269
COST,Costco,912.57,-27,-30,0,182,125,-29,-1,-13,186,143,268
SOFI,SoFi,30.9,35,111,57,0,203,28,4,19,13,64,267
CRWD,CrowdStrike,545.67,51,30,56,0,137,54,31,21,22,128,265
ITT,ITT Inc.,195.56,31,1,27,101,160,54,1,21,28,104,264
JCI,Johnson Controls,113.34,35,12,86,21,154,28,41,21,20,110,264
CNP,Centerpoint Energy,38.97,-13,73,60,47,167,-6,31,54,17,96,263
TPR,"Tapestry, Inc.",112.9,-14,119,91,23,219,-33,36,19,21,43,262
WEC,WEC Energy Group,114.68,-13,75,66,15,143,-5,32,79,13,119,262
LOPE,Grand Canyon Education,204.42,-7,0,158,37,188,-14,5,45,36,72,260
PH,Parker Hannifin,775.15,49,5,28,67,149,54,4,21,32,111,260
HEI,HEICO (Common),310.62,-4,-15,36,191,208,-14,-23,27,59,49,257
GS,Goldman Sachs,783.22,28,4,103,60,195,28,-12,21,23,60,255
MEDP,Medpace,584.24,0,93,15,34,142,-10,103,15,4,112,254
TER,Teradyne,173.95,35,90,6,4,135,-9,120,14,-7,118,253
VMI,Valmont Industries,419.7,35,24,73,60,192,7,24,18,12,61,253
DDS,Dillard's,610.7,0,101,25,56,182,-2,-2,18,57,71,253
YUM,Yum! Brands,139.2,-25,-4,-1,261,231,-31,-14,5,59,19,250
LITE,Lumentum,214.34,34,117,25,5,181,31,5,19,12,67,248
STLD,Steel Dynamics,163.52,56,33,11,57,157,21,47,21,1,90,247
TRV,Travelers Companies (The),268.0,0,0,102,60,162,-4,-7,35,58,82,244
ORCL,Oracle Corporation,275.36,-7,-3,22,200,212,-8,-11,21,29,31,243
CMI,Cummins,441.36,28,91,16,67,202,-9,1,17,32,41,243
ADI,Analog Devices,234.97,-6,-1,22,181,196,-7,4,21,28,46,242
CSCO,Cisco,71.34,64,11,59,16,150,21,22,21,27,91,241
CACI,CACI,561.21,0,24,13,156,193,-9,31,25,1,48,241
ALNY,Alnylam Pharmaceuticals,481.98,6,118,28,17,169,21,11,21,17,70,239
THC,Tenet Healthcare,209.21,13,56,25,59,153,-14,53,19,26,84,237
SCCO,Southern Copper,141.83,19,41,9,65,134,24,54,21,2,101,235
AMD,Advanced Micro Devices,264.34,35,18,9,112,174,28,20,21,-9,60,234
SCI,Service Corporation International,80.13,-14,35,8,177,206,-6,-1,19,15,27,233
CTAS,Cintas,183.86,-20,-53,-4,169,92,-30,-15,-4,189,140,232
IDA,Idacorp,133.31,-13,88,67,20,162,-6,27,37,12,70,232
FSLR,First Solar,241.52,28,84,6,64,182,-3,39,21,-8,49,231
RBA,RB Global,99.86,-3,-25,115,29,116,-5,-20,118,21,114,230
APP,AppLovin,631.5,28,64,116,0,208,-3,-13,17,20,21,229
PTC,PTC Inc.,197.86,-9,-1,17,184,191,-14,5,18,28,37,228
M,"Macy's, Inc.",19.55,77,85,9,1,172,49,5,10,-8,56,228
AME,Ametek,184.19,-5,0,15,108,118,-19,5,21,103,110,228
WM,"Waste Management, Inc.",197.53,-25,-48,-2,189,114,-32,-11,-5,161,113,227
ROST,Ross Stores,158.33,30,62,11,37,140,24,21,10,31,86,226
AM,Antero Midstream,17.55,-50,-1,159,25,133,-41,-12,89,57,93,226
OLLI,Ollie's Bargain Outlet,123.55,0,-12,126,18,132,14,-20,74,25,93,225
ZS,Zscaler,320.98,40,24,28,7,99,52,32,21,20,125,224
EMR,Emerson Electric,136.46,49,0,27,66,142,30,3,21,28,82,224
VTR,"Ventas, Inc.",69.79,-7,75,83,24,175,-5,22,15,17,49,224
HEI-A,HEICO (Class A),242.86,-14,-15,37,184,192,-13,-16,28,32,31,223
JBL,Jabil,222.36,31,1,30,67,129,30,-17,22,59,94,223
META,Meta Platforms,752.0,59,0,28,31,118,56,2,19,25,102,220
MRVL,Marvell Technology,90.11,20,26,1,108,155,27,28,11,-1,65,220
AU,AngloGold Ashanti,67.31,-5,63,87,20,165,5,-1,35,16,55,220
AMGN,Amgen,291.73,-35,21,0,167,153,5,15,9,38,67,220
AZO,AutoZone,3709.11,-66,-8,105,88,119,-7,-16,65,59,101,220
STE,Steris,236.8,-6,0,25,197,216,-32,-25,33,27,3,219
WFC,Wells Fargo,86.07,28,12,103,31,174,-2,5,21,21,45,219
MU,Micron Technology,226.69,35,45,9,24,113,28,54,21,2,105,218
GM,General Motors,69.14,63,12,18,13,106,75,3,18,15,111,217
SHW,Sherwin-Williams,345.99,17,-1,1,192,209,20,-32,-2,21,7,216
TDG,TransDigm Group,1315.84,0,0,8,159,167,-9,2,-4,59,48,215
WCC,Wesco International,228.5,32,5,18,60,115,5,16,19,59,99,214
LDOS,Leidos,188.18,0,131,13,25,169,5,-6,24,21,44,213
RVMD,Revolution Medicines,58.07,77,39,5,0,121,25,45,21,1,92,213
SNDK,SanDisk,204.23,91,52,0,0,143,3,54,13,0,70,213
INTU,Intuit,656.29,-7,-1,28,193,213,-7,-14,-3,22,-2,211
XEL,Xcel Energy,79.74,-49,75,62,14,102,-16,44,70,11,109,211
SSD,Simpson Manufacturing Company,179.62,17,0,3,158,178,14,3,17,-3,31,209
CSL,Carlisle Companies,330.2,-1,-34,-8,180,137,50,5,-5,22,72,209
AEP,American Electric Power,122.15,7,22,84,25,138,1,20,34,16,71,209
CRUS,Cirrus Logic,131.21,67,56,9,21,153,29,5,21,1,56,209
ARES,Ares Management,150.5,44,-26,0,61,79,48,-26,-2,108,128,207
DRS,Leonardo DRS,38.46,-7,-11,150,60,192,-9,-6,-2,31,14,206
IONS,Ionis Pharmaceuticals,71.97,0,122,12,2,136,13,47,21,-12,69,205
CME,CME Group,261.53,-10,-1,65,138,192,-5,-1,-3,21,12,204
KRMN,Karman Holdings,85.73,37,56,0,0,93,51,47,13,0,111,204
INCY,Incyte,90.17,1,105,14,1,121,40,16,17,9,82,203
MTSI,MACOM Technology Solutions,152.66,36,12,10,60,118,29,5,19,31,84,202
EXPE,Expedia Group,219.84,0,92,60,13,165,13,-9,17,16,37,202
FTI,TechnipFMC,41.04,42,5,28,29,104,54,-16,21,39,98,202
MLM,Martin Marietta Materials,617.04,-3,74,17,62,150,3,-2,21,29,51,201
PCAR,Paccar,98.24,0,0,-1,161,160,-6,3,8,36,41,201
AMG,Affiliated Managers Group,238.01,-3,125,22,24,168,-8,1,21,19,33,201
VRT,Vertiv,199.28,35,30,20,10,95,31,29,18,28,106,201
CWEN-A,Clearway Energy (Class A),29.79,20,6,69,8,103,30,21,33,12,96,199
IRM,Iron Mountain,101.43,-4,33,7,59,95,-7,32,21,58,104,199
MMC,Marsh McLennan,180.03,-70,-10,-14,177,83,-37,-5,-22,180,116,199
FOXA,Fox Corporation (Class A),60.84,35,4,79,3,121,56,-13,19,16,78,199
KO,Coca-Cola Company (The),68.39,-7,0,5,184,182,-4,13,-9,16,16,198
ABBV,AbbVie,225.22,-14,71,28,60,145,-22,-6,14,66,52,197
CWEN,Clearway Energy (Class C),31.85,20,6,69,6,101,30,21,33,12,96,197
RKLB,Rocket Lab,66.15,0,39,60,0,99,26,41,21,10,98,197
NDAQ,"Nasdaq, Inc.",85.4,-42,-27,87,146,164,-9,4,21,16,32,196
HON,Honeywell,212.9,0,-1,2,180,181,-10,4,-4,24,14,195
HIG,Hartford (The),122.36,-14,-10,105,59,140,-21,-14,32,58,55,195
SNA,Snap-on,337.16,-8,40,9,61,102,-14,34,14,59,93,195
SNOW,Snowflake Inc.,269.67,35,44,26,0,105,48,18,21,3,90,195
OGE,OGE Energy,44.4,-14,24,79,47,136,-35,-1,79,16,59,195
IVZ,Invesco,24.11,21,95,18,4,138,28,-5,18,15,56,194
LYV,Live Nation Entertainment,149.21,-27,-16,105,149,211,-33,-24,20,18,-19,192
HD,Home Depot (The),378.09,-8,-5,12,182,181,-2,-22,13,21,10,191
GWRE,Guidewire Software,239.54,-2,0,121,23,142,-3,8,21,22,48,190
AGNC,AGNC Investment,10.06,-2,104,22,18,142,-5,15,19,19,48,190
FOX,Fox Corporation (Class B),54.36,34,3,78,3,118,55,-13,18,11,71,189
ECG,Everus Construction Group,92.05,28,117,0,0,145,-3,29,18,0,44,189
COHR,Coherent Corp.,138.1,35,30,9,17,91,28,29,18,17,92,183
DE,Deere & Company,473.56,65,-2,3,111,177,-6,3,-4,12,5,182
FLS,Flowserve,69.0,52,1,2,29,84,56,1,14,27,98,182
TKO,TKO Group Holdings,186.59,-2,0,82,42,122,1,-15,21,52,59,181
LHX,L3Harris,286.94,-11,141,23,7,160,-14,-6,23,16,19,179
AMKR,Amkor Technology,32.68,13,104,3,4,124,5,40,15,-7,53,177
DASH,DoorDash,266.12,2,4,108,0,114,23,-1,21,20,63,177
UTHR,United Therapeutics,455.31,7,55,9,59,130,-19,-4,9,61,47,177
NOC,Northrop Grumman,584.94,-8,86,21,60,159,-20,-5,28,14,17,176
BAC,Bank of America,52.63,37,52,28,20,137,-2,3,21,16,38,175
WSM,"Williams-Sonoma, Inc.",196.03,27,0,19,67,113,24,2,13,23,62,175
INTC,Intel,41.34,34,55,6,0,95,29,54,11,-14,80,175
WAB,Wabtec,201.41,33,1,6,51,91,33,-6,-2,58,83,174
CEG,Constellation Energy,401.77,23,24,27,0,74,28,29,21,21,99,173
HPE,Hewlett Packard Enterprise,24.3,1,4,12,44,61,45,-7,18,56,112,173
DELL,Dell Technologies,163.52,28,23,7,34,92,38,28,21,-6,81,173
MTZ,MasTec,221.38,28,36,30,20,114,28,-6,21,15,58,172
LOW,Lowe's,238.52,-4,-1,0,168,163,-2,-22,12,21,9,172
BEPC,Brookfield Renewable Partners,42.66,25,28,21,0,74,28,37,21,12,98,172
LMT,Lockheed Martin,485.48,-49,45,0,167,163,8,-3,6,-4,7,170
GEHC,GE HealthCare,77.35,58,8,2,0,68,77,5,10,10,102,170
ROK,Rockwell Automation,368.3,73,13,26,17,129,28,5,21,-13,41,170
AIZ,Assurant,208.12,-14,0,12,154,152,-12,-5,13,21,17,169
BBY,Best Buy,84.02,89,13,3,1,106,4,53,9,-4,62,168
ES,Eversource Energy,73.82,55,29,26,2,112,-2,33,21,4,56,168
MDU,MDU Resources,19.46,-2,27,6,60,91,-5,29,21,32,77,168
WWD,"Woodward, Inc.",267.17,35,5,30,37,107,-5,16,21,28,60,167
CINF,Cincinnati Financial,151.79,-12,0,96,64,148,-12,-8,21,17,18,166
LPLA,LPL Financial,343.68,6,0,3,101,110,-8,7,-4,59,54,164
NET,Cloudflare,227.4,34,5,50,0,89,44,-12,21,21,74,163
KR,Kroger,66.06,-11,-2,90,69,146,-7,10,-3,17,17,163
EXEL,Exelixis,39.42,30,0,75,16,121,32,-11,-5,26,42,163
WFRD,Weatherford International,73.19,55,90,0,0,145,7,5,11,-7,16,161
FTAI,FTAI Aviation,174.0,0,65,14,49,128,-5,-13,17,33,32,160
AWI,Armstrong World Industries,191.99,-14,0,105,23,114,-12,16,21,21,46,160
CVS,CVS Health,80.66,-3,54,21,1,73,16,58,11,2,87,160
COF,Capital One,218.65,0,0,105,23,128,-11,1,21,20,31,159
CMA,Comerica,76.8,0,93,18,6,117,-9,19,18,14,42,159
TTWO,Take-Two Interactive,251.78,-41,42,56,15,72,-41,49,56,22,86,158
SYK,Stryker Corporation,369.69,-11,-5,4,161,149,-29,9,-2,31,9,158
SPGI,S&P Global,473.21,-4,-30,-1,174,139,-4,1,-2,23,18,157
WMB,Williams Companies,56.97,-50,-4,123,54,123,-41,-5,21,59,34,157
GRMN,Garmin,219.61,-14,-1,123,21,129,-11,-1,17,23,28,157
MSA,MSA Safety,169.61,7,-15,5,166,163,-12,-9,21,-7,-7,156
CVNA,Carvana,353.8,28,-14,103,13,130,-2,-11,21,18,26,156
RS,"Reliance, Inc.",282.34,28,-63,0,117,82,26,-28,-6,79,71,153
R,Ryder,170.79,0,-5,22,58,75,10,-9,19,58,78,153
GAP,Gap Inc.,23.7,60,5,2,20,87,54,5,-14,21,66,153
XOM,ExxonMobil,116.53,42,9,8,46,105,-11,-14,20,52,47,152
DD,DuPont,82.21,65,13,5,21,104,29,5,18,-5,47,151
LVS,Las Vegas Sands,58.81,48,5,17,4,74,72,3,18,-16,77,151
ESI,Element Solutions,26.43,35,5,5,59,104,28,3,18,-3,46,150
HLI,Houlihan Lokey,198.45,45,0,28,46,119,-3,-16,21,28,30,149
AIT,Applied Industrial Technologies,253.91,0,-11,18,60,67,5,1,17,59,82,149
LNT,Alliant Energy,67.82,-13,27,79,16,109,-17,21,21,15,40,149
ARMK,Aramark,39.11,-3,0,26,42,65,-12,16,21,58,83,148
AL,Air Lease Corporation,63.76,5,49,28,24,106,9,-17,21,28,41,147
FICO,Fair Isaac,1566.3,-2,5,-4,168,167,-6,-8,-39,33,-20,147
STT,State Street Corporation,116.63,36,8,28,18,90,27,-7,20,16,56,146
MO,Altria,61.94,-13,-1,81,47,114,-19,-5,37,18,31,145
BKNG,Booking Holdings,5084.88,-2,-23,147,37,159,-5,-36,-1,28,-14,145
TSLA,"Tesla, Inc.",461.47,21,58,9,12,100,26,-8,15,12,45,145
EXPD,Expeditors International,117.63,-3,-1,3,133,132,-2,3,17,-5,13,145
FDX,FedEx,249.68,63,13,1,34,111,22,3,13,-6,32,143
DINO,HF Sinclair,54.0,7,121,11,3,142,-11,1,21,-10,1,143
EA,Electronic Arts,200.2,-12,65,15,9,77,-12,27,27,23,65,142
AEE,Ameren,102.29,-25,27,67,15,84,-47,21,72,12,58,142
NFLX,Netflix,1100.39,-42,-6,127,22,101,9,10,-2,22,39,140
CLF,Cleveland-Cliffs,14.11,0,84,2,-18,68,23,44,14,-10,71,139
RCL,Royal Caribbean Group,280.06,-14,-16,132,30,132,-14,-29,21,29,7,139
RJF,Raymond James Financial,158.26,-19,-4,103,60,140,-26,-14,18,21,-1,139
DGX,Quest Diagnostics,174.73,-42,-1,79,20,56,-21,9,79,16,83,139
PFG,Principal Financial Group,82.44,14,2,8,57,81,28,-8,18,20,58,139
SSNC,SS&C Technologies,83.28,0,-15,101,16,102,20,-18,18,17,37,139
MKSI,MKS Instruments,141.43,35,40,8,1,84,-7,51,17,-7,54,138
GILD,Gilead Sciences,118.54,-14,17,62,37,102,-36,11,19,41,35,137
RSG,Republic Services,210.47,-16,-65,-1,179,97,-20,-90,-12,162,40,137
AJG,Arthur J. Gallagher & Co.,262.06,-105,-11,-3,188,69,-19,-10,-13,109,67,136
UNP,Union Pacific Corporation,216.39,-36,-4,-2,200,158,-37,-5,-1,21,-22,136
FWONA,Liberty Formula 1 (Series A),87.81,-5,-5,80,64,134,-68,-8,20,58,2,136
FNB,FNB Corporation,15.49,28,-2,12,57,95,26,-26,20,21,41,136
MPC,Marathon Petroleum,195.77,37,45,10,51,143,-9,-10,21,-10,-8,135
VMC,Vulcan Materials,295.14,0,1,17,62,80,5,-2,21,29,53,133
ITW,Illinois Tool Works,242.14,-25,-16,-1,180,138,-28,-26,18,31,-5,133
MMM,3M,164.62,0,7,85,16,108,-17,5,21,16,25,133
DKS,Dick's Sporting Goods,225.6,-3,13,8,65,83,-2,5,11,35,49,132
H,Hyatt Hotels,143.67,-16,24,8,57,73,-31,16,17,57,59,132
CBRE,CBRE Group,152.71,-9,0,103,24,118,-26,5,19,16,14,132
THG,Hanover Insurance,168.61,-14,-2,72,26,82,-23,-7,64,16,50,132
VLO,Valero Energy,170.66,37,48,11,46,142,-9,-14,20,-7,-10,132
POST,Post Holdings,104.29,-7,-1,-9,89,72,-16,14,2,59,59,131
EXC,Exelon,47.21,-6,22,66,16,98,-5,21,5,12,33,131
FAST,Fastenal,41.09,-20,-13,60,108,135,-20,-34,24,25,-5,130
PEG,Public Service Enterprise Group,80.32,-14,-2,-1,154,137,-47,23,-3,19,-8,129
AMZN,Amazon,230.34,35,1,28,23,87,29,-27,18,22,42,129
TSCO,Tractor Supply Company,54.24,-8,-25,18,87,72,-9,-36,15,87,57,129
CMS,CMS Energy,72.3,-21,18,87,25,109,-26,21,9,16,20,129
MCO,Moody's Corporation,471.7,-4,-30,5,158,129,-4,-42,19,27,0,129
C,Citigroup,99.17,28,0,30,20,78,28,-14,21,16,51,129
CR,Crane Co.,193.07,72,1,27,0,100,-5,5,21,7,28,128
K,Kellanova,83.03,65,23,5,23,116,-2,17,-18,15,12,128
NU,Nubank,16.1,38,50,12,0,100,-1,-13,21,21,28,128
AN,AutoNation,196.54,-36,-4,28,63,51,1,-5,21,59,76,127
WBD,Warner Bros. Discovery,21.35,52,35,23,0,110,-10,5,19,2,16,126
MUSA,Murphy USA,392.57,28,3,-24,70,77,30,-22,-40,81,49,126
VST,Vistra Corp.,199.48,2,0,30,32,64,3,-8,19,47,61,125
SCHW,Charles Schwab Corporation,94.65,-2,1,88,13,100,-12,-1,21,16,24,124
UBER,Uber,95.76,21,0,29,1,51,30,-12,27,28,73,124
SF,Stifel,117.59,1,6,19,61,87,-8,5,18,22,37,124
CXT,Crane NXT,65.03,-22,27,6,57,68,-39,19,17,58,55,123
STAG,STAG Industrial,37.66,-4,13,5,98,112,-18,13,21,-6,10,122
ASTS,AST SpaceMobile,79.99,0,21,22,0,43,20,27,21,10,78,121
RBLX,Roblox Corporation,133.75,0,2,64,0,66,16,-1,27,13,55,121
SMCI,Supermicro,52.68,7,3,0,60,70,14,32,16,-11,51,121
KEX,Kirby Corporation,100.93,77,0,-14,37,100,21,5,-5,-1,20,120
LIN,Linde plc,432.0,-30,-15,-1,112,66,-32,-21,-1,108,54,120
PG,Procter & Gamble,148.82,-4,-28,-17,181,132,-19,4,-25,28,-12,120
TRMB,Trimble Inc.,79.44,-1,-2,90,6,93,-9,3,19,14,27,120
INGM,Ingram Micro,22.0,6,36,0,0,42,20,39,18,0,77,119
CLH,Clean Harbors,217.9,-7,-1,0,60,52,-2,10,-1,59,66,118
SPOT,Spotify,665.74,-28,-6,123,14,103,9,-16,-1,22,14,117
VEEV,Veeva Systems,286.64,-4,24,56,10,86,-4,-7,21,20,30,116
DLTR,Dollar Tree,101.33,91,0,3,-17,77,55,8,-1,-24,38,115
NEM,Newmont,79.67,-49,143,30,7,131,-57,-1,30,12,-16,115
NTRA,Natera,192.81,1,50,12,20,83,-12,11,11,21,31,114
BG,Bunge Global,96.12,77,11,3,1,92,-12,19,21,-7,21,113
FE,FirstEnergy,45.8,-35,72,17,57,111,-61,26,21,16,2,113
FRHC,Freedom Holding,156.5,0,-10,65,16,71,-2,-9,21,32,42,113
SNPS,Synopsys,455.44,0,-36,0,182,146,-12,-9,-5,-7,-33,113
PGR,Progressive Corporation,208.06,-102,-99,-4,179,-26,-26,-13,-14,191,138,112
COKE,Coca-Cola Consolidated,127.93,-12,22,0,68,78,-39,15,2,54,32,110
LSCC,Lattice Semiconductor,73.89,20,61,12,0,93,26,-5,13,-17,17,110
QCOM,Qualcomm,178.63,59,13,1,24,97,-11,4,19,1,13,110
TFSL,Third Federal S&L,13.4,42,6,14,7,69,-3,1,21,21,40,109
PLD,Prologis,123.54,0,48,10,1,59,-12,47,21,-7,49,108
TOL,Toll Brothers,134.72,-2,0,3,63,64,-2,3,15,28,44,108
WTM,White Mountains Insurance Group,1897.23,0,19,4,61,84,-15,12,-31,58,24,108
PEGA,Pegasystems,63.37,49,7,30,7,93,-7,-14,19,17,15,108
FTNT,Fortinet,84.23,0,0,-1,115,114,-3,-5,-13,15,-6,108
FR,First Industrial Realty Trust,55.68,0,51,5,16,72,-5,5,19,16,35,107
VRTX,Vertex Pharmaceuticals,417.16,-2,0,-13,106,91,-23,17,-17,39,16,107
BYD,Boyd Gaming,76.85,-28,-4,59,61,88,-20,-11,21,29,19,107
T,AT&T,25.14,-6,-21,0,18,-9,18,-24,105,17,116,107
APLS,Apellis Pharmaceuticals,30.09,56,8,0,-18,46,56,13,12,-20,61,107
FHB,"First Hawaiian, Inc.",24.44,28,-1,2,16,45,26,1,18,16,61,106
ISRG,Intuitive Surgical,537.65,59,6,2,24,91,-7,3,-9,28,15,106
GGG,Graco Inc.,80.81,-3,-29,0,180,148,-7,-31,-2,-2,-42,106
APTV,Aptiv,85.81,49,56,12,-26,91,28,3,21,-38,14,105
BRX,Brixmor Property Group,26.82,-13,0,11,57,55,-5,5,21,28,49,104
USFD,US Foods,73.04,-37,-43,154,37,111,-33,-24,21,28,-8,103
JNJ,Johnson & Johnson,186.6,-14,85,19,9,99,-41,20,16,8,3,102
NFG,National Fuel Gas,79.03,-49,-7,71,54,69,-49,-12,82,12,33,102
HAS,Hasbro,77.96,65,3,25,5,98,3,-33,21,13,4,102
HOLX,Hologic,73.96,64,11,2,0,77,-1,19,14,-9,23,100
HLT,Hilton Worldwide,260.57,-16,-5,27,66,72,-26,6,19,28,27,99
BROS,Dutch Bros. Coffee,57.87,91,-33,0,0,58,28,5,-5,13,41,99
NTRS,Northern Trust,127.23,16,0,27,13,56,20,-13,21,15,43,99
WTFC,Wintrust Financial,127.68,28,-11,20,51,88,-4,-25,19,21,11,99
PFGC,Performance Food Group,98.42,-51,-1,64,45,57,-19,-20,21,59,41,98
MDB,MongoDB Inc.,340.65,37,53,9,0,99,-7,4,13,-11,-1,98
PNR,Pentair,107.64,-2,0,20,64,82,-19,-10,19,26,16,98
CPNG,Coupang,32.08,18,1,28,0,47,22,-12,21,19,50,97
LNC,Lincoln Financial,40.07,36,0,29,3,68,29,-30,19,10,28,96
RPM,RPM International,108.44,-24,-21,-6,182,131,-22,-29,18,-2,-35,96
MSGS,Madison Square Garden Sports,224.42,0,37,8,23,68,-7,-8,14,29,28,96
CELH,Celsius Holdings,61.39,-21,24,4,67,74,-12,16,29,-11,22,96
GWW,W. W. Grainger,958.81,-6,-26,-14,96,50,-4,3,-12,59,46,96
FIVE,Five Below,161.57,71,13,11,0,95,-9,5,22,-17,1,96
RPRX,Royalty Pharma,36.69,-2,12,43,0,53,-12,15,37,2,42,95
EVR,Evercore,292.04,-7,-2,18,60,69,-4,-17,19,28,26,95
REYN,Reynolds Consumer Products,24.94,10,60,0,0,70,21,1,8,-5,25,95
HAL,Halliburton,27.5,49,45,0,0,94,5,1,6,-11,1,95
OMF,OneMain Financial,56.03,0,-19,28,62,71,-3,-23,21,28,23,94
BLD,TopBuild,432.21,-3,16,13,48,74,-9,11,17,1,20,94
PHM,PulteGroup,118.27,-3,-7,12,67,69,-2,-22,17,31,24,93
A,Agilent Technologies,143.25,-1,45,5,1,50,-14,51,12,-7,42,92
BKR,Baker Hughes,48.33,1,8,15,37,61,2,-14,15,28,31,92
FWONK,Liberty Formula 1 (Series C),95.98,-3,-9,81,59,128,-108,-8,21,58,-37,91
FCNCA,First Citizens BancShares,1786.76,41,-39,-7,61,56,48,-32,-4,23,35,91
CB,Chubb Limited,278.12,6,1,0,60,67,-12,-7,-15,58,24,91
F,Ford Motor Company,13.24,49,13,13,1,76,-3,3,21,-7,14,90
PODD,Insulet,316.32,-7,0,56,6,55,-7,8,25,8,34,89
URI,United Rentals,870.81,-35,-2,18,66,47,-35,-1,19,59,42,89
NOV,NOV Inc.,15.34,42,7,0,-14,35,53,5,12,-17,53,88
WSO,Watsco,368.38,1,-63,-14,198,122,16,-10,-39,-1,-34,88
SYF,Synchrony Financial,73.24,0,0,28,23,51,-6,3,19,20,36,87
NEU,NewMarket,742.35,-7,-1,30,31,53,-21,-7,33,29,34,87
OZK,Bank OZK,45.1,-2,-10,28,58,74,-5,-22,19,21,13,87
JEF,Jefferies Financial Group,52.89,-2,-16,-1,60,41,-7,-18,12,59,46,87
MAR,Marriott International,263.21,-10,-2,5,60,53,-16,1,18,29,32,85
JHG,Janus Henderson,44.26,21,3,17,21,62,-5,-10,18,20,23,85
BX,Blackstone Inc.,148.96,-35,-10,0,144,99,-35,-18,16,23,-14,85
SEIC,SEI Investments Company,80.61,0,-39,103,37,101,-7,-36,-2,28,-17,84
GTES,Gates Corporation,22.51,-7,-1,28,17,37,-10,16,21,20,47,84
MET,Metlife,78.36,-3,0,6,60,63,-12,-7,19,20,20,83
TKR,Timken Company,79.31,56,1,2,6,65,3,4,18,-7,18,83
FHN,First Horizon Corporation,20.73,-1,-11,63,6,57,-3,-2,19,12,26,83
PATH,UiPath,16.24,21,28,4,0,53,-2,38,5,-12,29,82
DDOG,Datadog,156.07,-2,24,10,0,32,-5,36,18,1,50,82
RGA,Reinsurance Group of America,189.67,0,0,0,42,42,-12,-8,5,55,40,82
PSX,Phillips 66,138.06,37,6,6,43,92,-9,-15,20,-7,-11,81
LECO,Lincoln Electric,234.28,-7,0,18,67,78,-12,5,19,-9,3,81
REG,Regency Centers,69.35,-13,-1,5,55,46,-6,-1,21,21,35,81
NDSN,Nordson,233.27,-2,49,5,3,55,-6,20,21,-9,26,81
KIM,Kimco Realty,21.42,-7,-1,5,57,54,-12,4,19,16,27,81
LAD,Lithia Motors,322.01,38,0,0,16,54,-9,1,12,23,27,81
LEN-B,Lennar (Class B),117.77,0,-1,0,64,63,5,3,12,-3,17,80
MTG,MGIC Investment Corporation,26.37,-16,-2,30,57,69,-20,-20,21,30,11,80
COLB,Columbia Banking System,26.35,28,2,5,0,35,28,1,16,-1,44,79
NLY,Annaly Capital Management,20.67,-3,0,29,12,38,-5,9,19,18,41,79
NWS,News Corp (Class B),30.26,33,-21,2,60,74,-1,-13,-4,23,5,79
NOW,ServiceNow,912.5,-2,-1,0,84,81,-7,-17,-2,24,-2,79
PRI,Primerica,260.63,-23,-6,0,110,81,-37,-16,19,32,-2,79
BC,Brunswick Corporation,68.34,63,9,3,0,75,-5,5,15,-11,4,79
TLN,Talen Energy,398.62,7,0,50,0,57,3,-8,22,4,21,78
BOKF,BOK Financial Corporation,105.94,-2,0,11,24,33,21,-7,15,16,45,78
BURL,Burlington Stores,281.66,9,1,12,5,27,7,11,14,19,51,78
HRB,H&R Block,50.82,-8,-1,-12,54,33,-8,16,-17,54,45,78
NEE,NextEra Energy,81.77,-10,26,6,2,24,-5,22,21,15,53,77
ICE,Intercontinental Exchange,150.63,-7,-43,-1,163,112,-6,-49,-3,23,-35,77
KKR,KKR & Co. Inc.,118.6,-13,-25,-1,105,66,-11,-18,17,23,11,77
MAT,Mattel,19.04,65,3,3,0,71,33,7,-2,-33,5,76
CI,Cigna,299.46,-1,9,-4,60,64,-2,16,1,-3,12,76
ENTG,Entegris,94.64,8,35,0,0,43,28,1,10,-7,32,75
HAYW,Hayward Holdings,17.19,13,1,5,0,19,7,11,19,18,55,74
ADT,ADT Inc.,8.6,-7,0,42,0,35,-12,5,36,10,39,74
COIN,Coinbase,348.56,21,0,20,0,41,-2,-5,20,20,33,74
EQIX,Equinix,796.56,-8,13,-1,36,40,-8,32,-19,28,33,73
TMUS,T-Mobile US,215.01,-42,-25,-1,141,73,-2,-34,-2,37,-1,72
BAM,Brookfield Asset Management,54.52,0,-14,76,0,62,-3,-18,21,10,10,72
HUM,Humana,292.56,56,8,0,-14,50,26,11,7,-22,22,72
LEN,Lennar (Class A),124.18,-2,-1,0,66,63,-2,4,12,-5,9,72
RRC,Range Resources,35.01,-7,0,0,44,37,-9,-5,-9,57,34,71
ADP,Automatic Data Processing,261.39,-35,-42,-1,182,104,-32,-55,-5,59,-33,71
CVX,Chevron Corporation,155.19,0,0,18,50,68,-19,1,12,8,2,70
CFLT,"Confluent, Inc.",23.67,14,16,-14,0,16,12,39,1,2,54,70
RNR,RenaissanceRe,247.59,0,1,0,37,38,-12,-6,19,30,31,69
SGI,Somnigroup International,81.76,-58,0,52,66,60,-38,-2,21,28,9,69
ECL,Ecolab,257.51,-14,-2,27,24,35,-6,-2,21,21,34,69
FCX,Freeport-McMoRan,42.2,7,-14,4,60,57,8,13,-2,-8,11,68
NYT,New York Times Company,56.09,-2,-1,13,18,28,-7,2,21,23,39,67
KRC,Kilroy Realty,41.14,38,0,17,0,55,-2,-17,17,13,11,66
APO,Apollo Global Management,124.9,0,-26,-6,99,67,-7,-18,-4,28,-1,66
RITM,Rithm Capital,10.98,7,-25,28,34,44,3,-30,21,28,22,66
LEA,Lear Corporation,104.13,49,0,1,-19,31,28,3,20,-17,34,65
SHC,Sotera Health,16.57,0,58,12,0,70,-18,8,13,-8,-5,65
AFG,American Financial Group,129.81,-9,-2,12,58,59,-16,-9,15,16,6,65
MSCI,MSCI,567.85,21,2,1,16,40,28,-26,1,22,25,65
DOCS,Doximity,66.81,-2,0,65,0,63,-10,-14,11,14,1,64
MAS,Masco,65.26,-7,-6,-1,67,53,-23,-1,12,23,11,64
KEYS,Keysight,170.55,35,0,9,2,46,5,-14,19,7,17,63
HXL,Hexcel,73.04,42,7,5,1,55,-1,5,15,-11,8,63
OLED,Universal Display Corporation,149.28,17,3,0,0,20,27,24,-1,-7,43,63
LH,Labcorp,248.19,-25,-2,66,17,56,-40,8,19,20,7,63
CHRW,C.H. Robinson,129.44,15,0,14,4,33,15,-13,17,10,29,62
BR,Broadridge Financial Solutions,219.88,-12,-33,0,147,102,-23,-41,-3,27,-40,62
TEM,Tempus AI,88.86,0,56,0,0,56,-7,-1,14,0,6,62
EQT,EQT Corporation,51.81,-30,0,52,44,66,-11,-1,-4,12,-4,62
IPGP,IPG Photonics,86.45,0,118,12,-46,84,-10,16,17,-46,-23,61
PKG,Packaging Corporation of America,196.67,-7,-1,-1,63,54,-18,-17,14,28,7,61
DAL,Delta Air Lines,58.77,-14,0,12,21,19,-12,13,13,28,42,61
AA,Alcoa,38.92,0,48,4,-22,30,-2,53,13,-34,30,60
EPR,EPR Properties,52.12,-30,-7,68,31,62,-36,-10,21,23,-2,60
NWSA,News Corp (Class A),26.04,-4,-20,-4,60,32,-4,-13,21,23,27,59
PCOR,Procore,71.79,-2,33,2,0,33,-7,1,11,21,26,59
TXRH,Texas Roadhouse,170.88,-13,0,0,66,53,-35,15,-7,33,6,59
DLR,Digital Realty,167.15,-7,-1,8,24,24,-11,4,21,21,35,59
NUE,Nucor,154.44,49,3,2,1,55,26,-31,18,-10,3,58
JAZZ,Jazz Pharmaceuticals,135.7,-7,59,5,-8,49,-7,51,6,-41,9,58
RGLD,Royal Gold,176.83,-63,0,72,20,29,5,-1,7,18,29,58
KNSL,Kinsale Capital Group,403.01,-28,-4,-2,35,1,-21,-3,-6,87,57,58
ALL,Allstate,189.27,-104,-11,0,161,46,-20,-10,22,19,11,57
EGP,EastGroup Properties,174.1,-6,24,5,10,33,-12,22,21,-7,24,57
BPOP,"Popular, Inc.",109.24,-31,-10,28,61,48,-19,-14,21,21,9,57
UGI,UGI Corporation,33.21,0,-2,53,6,57,-6,3,-4,7,0,57
LAMR,Lamar Advertising,116.37,-14,-5,12,66,59,-21,-24,19,23,-3,56
XP,XP Inc.,18.2,56,0,3,0,59,28,-19,-2,-10,-3,56
UNM,Unum,74.87,-14,8,9,42,45,-31,-9,-5,56,11,56
DTM,DT Midstream,106.48,-104,0,114,0,10,4,-6,21,27,46,56
APG,APi Group,34.45,-2,-6,29,0,21,-9,-6,21,28,34,55
TNL,Travel + Leisure Co.,63.75,-4,6,20,18,40,-24,5,18,16,15,55
IQV,IQVIA,218.04,0,22,5,1,28,5,16,13,-8,26,54
UNH,UnitedHealth Group,355.4,-5,41,-29,0,7,-5,53,2,-3,47,54
TXT,Textron,80.03,-4,-5,5,55,51,-3,-8,21,-7,3,54
ROP,Roper Technologies,446.46,-35,-63,-13,184,73,-31,-5,-12,28,-20,53
AMP,Ameriprise Financial,478.54,1,-43,2,66,26,-4,-39,-3,73,27,53
JLL,Jones Lang LaSalle,303.32,-2,0,15,16,29,-12,5,15,16,24,53
KMI,Kinder Morgan,25.92,-35,-5,0,46,6,4,-10,-2,54,46,52
TRGP,Targa Resources,151.39,0,-15,-4,53,34,-19,-15,-4,56,18,52
LPX,Louisiana-Pacific,89.15,-7,-31,-8,65,19,-7,13,-2,28,32,51
VIRT,Virtu Financial,34.39,31,-43,0,16,4,35,-1,-4,16,46,50
PAG,Penske Automotive Group,160.8,-37,-20,26,64,33,-33,-30,21,59,17,50
AON,AON,326.33,-92,-15,-2,179,70,-42,-36,-1,58,-21,49
GXO,GXO Logistics,54.05,-2,13,12,0,23,-4,19,20,-10,25,48
ELF,e.l.f. Beauty,126.98,0,0,0,33,33,14,-12,19,-7,14,47
FNF,Fidelity National Financial,54.96,-9,-1,-1,60,49,-14,-18,6,23,-3,46
WST,West Pharmaceutical Services,285.0,-9,39,2,-9,23,-19,40,12,-10,23,46
NBIX,Neurocrine Biosciences,138.11,-4,0,11,27,34,-4,3,18,-6,11,45
AGO,Assured Guaranty,80.92,-3,-2,-4,58,49,-14,-10,-4,24,-4,45
EWBC,East West Bancorp,99.9,0,-11,20,24,33,-14,-16,20,21,11,44
OHI,Omega Healthcare Investors,39.55,-14,-1,17,42,44,-21,-28,16,33,0,44
QRVO,Qorvo,95.56,21,10,2,-33,0,27,3,19,-7,42,42
BRO,Brown & Brown,80.3,-74,-13,-10,165,68,-26,-7,-21,28,-26,42
GL,Globe Life,131.77,-28,-1,56,16,43,-8,-18,15,10,-1,42
HALO,Halozyme,65.25,-5,-3,18,21,31,1,-18,12,16,11,42
ALLY,Ally Financial,39.97,-2,-1,13,6,16,-12,1,19,18,26,42
U,Unity Technologies,37.14,28,-2,17,0,43,-6,-19,21,2,-2,41
ROKU,"Roku, Inc.",98.56,21,13,21,-21,34,-7,-8,16,6,7,41
ADSK,Autodesk,297.01,-7,-1,10,16,18,-3,-17,21,21,22,40
AS,Amer Sports,32.15,26,-29,15,0,12,42,-35,21,0,28,40
ACN,Accenture,247.79,48,0,-34,-2,12,22,15,-30,21,28,40
SARO,StandardAero,28.64,35,5,0,0,40,-9,13,-4,0,0,40
RRX,Regal Rexnord,150.82,8,1,3,5,17,5,3,18,-3,23,40
CG,Carlyle Group (The),57.58,-2,-10,19,23,30,-8,-20,18,20,10,40
SPG,Simon Property Group,173.6,-13,0,12,37,36,-27,-12,19,23,3,39
GLPI,Gaming and Leisure Properties,43.65,-24,-17,-1,67,25,-22,-25,2,59,14,39
OSK,Oshkosh Corporation,124.9,-7,-1,22,6,20,-9,5,19,4,19,39
CNM,Core & Main,53.15,-2,-2,3,0,-1,-10,3,21,26,40,39
MTD,Mettler Toledo,1394.83,0,21,5,1,27,-10,14,15,-7,12,39
LOAR,Loar Holdings,80.02,0,16,0,0,16,-9,46,-14,0,23,39
FANG,Diamondback Energy,143.69,0,1,0,49,50,-14,-6,15,-7,-12,38
JBHT,J. B. Hunt,168.87,1,10,3,0,14,9,15,11,-12,23,37
IDXX,Idexx Laboratories,627.52,-8,0,25,6,23,-7,10,21,-10,14,37
VKTX,Viking Therapeutics,35.19,20,5,-51,23,-3,29,21,-2,-8,40,37
CFG,Citizens Financial Group,50.44,-2,0,19,6,23,-12,-9,18,16,13,36
PSN,Parsons Corporation,82.73,-3,31,0,1,29,-2,-2,14,-3,7,36
AIG,American International Group,77.98,-9,-2,0,55,44,-14,-6,-11,23,-8,36
WAT,Waters Corporation,343.6,-2,16,-1,1,14,-11,15,2,16,22,36
ALLE,Allegion,165.6,-35,0,20,23,8,-7,-10,21,24,28,36
O,Realty Income,58.38,-13,0,21,9,17,-21,4,21,15,19,36
SAIL,SailPoint,21.42,-7,34,0,0,27,-4,-1,13,0,8,35
XPO,"XPO, Inc.",124.77,-35,-5,5,63,28,-35,-5,18,29,7,35
WBS,Webster Bank,56.2,0,-10,19,16,25,-5,-24,19,19,9,34
QGEN,Qiagen,47.2,-13,0,23,0,10,-18,14,21,7,24,34
MKL,Markel,1825.24,-75,-11,79,57,50,-37,-7,-1,28,-17,33
NTAP,Netapp,114.11,-30,0,9,59,38,-19,-1,18,-3,-5,33
EXAS,Exact Sciences,62.72,-2,39,4,-27,14,-14,47,4,-18,19,33
RF,Regions Financial Corporation,24.08,0,-11,18,24,31,-12,-22,19,16,1,32
BEN,Franklin Templeton Investments,22.95,21,-18,19,0,22,49,-36,21,-24,10,32
ALAB,Astera Labs,173.6,7,-9,8,0,6,29,-20,16,0,25,31
SPR,Spirit AeroSystems,38.11,-6,-15,29,0,8,-2,-32,41,16,23,31
TFC,Truist Financial,43.94,1,-2,12,6,17,-3,-17,18,16,14,31
ZM,Zoom Communications,83.33,0,8,11,-2,17,-7,3,11,6,13,30
LLYVA,Liberty Live (Series A),87.64,-2,-1,41,0,38,-8,-23,21,2,-8,30
BLK,BlackRock,1098.0,-52,0,28,24,0,-12,-2,21,23,30,30
PAYX,Paychex,117.41,-36,-65,-7,169,61,-34,-1,-12,16,-31,30
QSR,Restaurant Brands International,66.03,-11,20,5,42,56,-37,25,-4,-10,-26,30
LLYVK,Liberty Live (Series C),90.4,-2,0,41,0,39,-8,-24,21,2,-9,30
VTRS,Viatris,10.26,0,10,3,0,13,-7,13,13,-3,16,29
STWD,Starwood Property Trust,18.27,-20,-19,29,60,50,-18,-26,-1,23,-22,28
TMO,Thermo Fisher Scientific,559.17,0,22,5,0,27,-14,14,6,-5,1,28
CTSH,Cognizant,71.69,12,1,-14,16,15,5,1,-14,20,12,27
DHI,D. R. Horton,148.29,-10,-2,0,67,55,-14,-25,15,-4,-28,27
RAL,Ralliant,43.62,31,0,0,0,31,3,-9,0,0,-6,25
EXP,Eagle Materials,233.15,-3,0,-26,59,30,-31,16,11,-2,-6,24
FITB,Fifth Third Bancorp,41.75,-2,-11,11,24,22,-12,-22,18,18,2,24
TDY,Teledyne Technologies,515.56,-42,-5,63,16,32,-40,-6,21,17,-8,24
BRK-B,Berkshire Hathaway,475.84,-21,-1,0,64,42,-38,-9,1,28,-18,24
MTB,M&T Bank,181.27,-2,-16,12,24,18,-12,-18,19,16,5,23
RDDT,Reddit,210.64,28,0,8,0,36,-5,-21,13,0,-13,23
CCK,Crown Holdings,95.49,-2,-1,28,7,32,-24,3,-3,14,-10,22
VNOM,Viper Energy,37.12,0,-15,-20,46,11,-19,-15,-4,49,11,22
TPL,Texas Pacific Land Corporation,924.27,-2,0,-20,60,38,-18,3,-16,15,-16,22
CSX,CSX Corporation,35.3,-37,23,7,6,-1,-12,22,21,-8,23,22
DAY,Dayforce,68.38,0,52,11,-14,49,-12,-24,11,-2,-27,22
ALGM,Allegro MicroSystems,30.76,0,-4,22,0,18,-2,5,19,-18,4,22
W,Wayfair,103.67,34,3,15,-43,9,30,3,21,-42,12,21
NNN,NNN Reit,41.1,-22,-2,11,24,11,-17,-10,21,16,10,21
HR,Healthcare Realty Trust,17.77,-14,0,13,2,1,-14,10,13,11,20,21
AXTA,Axalta,29.5,64,-27,-27,24,34,27,2,-40,-2,-13,21
NTNX,Nutanix,68.16,-2,-12,9,24,19,-9,-16,1,26,2,21
WTW,Willis Towers Watson,317.53,-31,-1,19,26,13,-26,-8,11,31,8,21
WTRG,Essential Utilities,39.18,-16,19,17,0,20,-32,21,5,7,1,21
BXP,"BXP, Inc.",70.38,-3,0,9,0,6,-7,-15,21,15,14,20
DHR,Danaher Corporation,214.09,-13,21,0,0,8,-12,16,14,-6,12,20
QS,QuantumScape,15.83,0,31,17,0,48,-8,-1,19,-38,-28,20
MSM,MSC Industrial Direct,84.24,-21,-4,18,60,53,-21,-22,21,-11,-33,20
D,Dominion Energy,59.03,-24,0,25,3,4,-17,-1,21,12,15,19
VNT,Vontier,42.8,0,0,16,0,16,-12,3,19,-7,3,19
TWLO,Twilio,111.64,33,0,3,-36,0,-3,13,-4,13,19,19
GLIBK,GCI Liberty (Series C),36.44,0,1,0,0,1,-2,19,0,0,17,18
AVT,Avnet,48.62,-18,-2,12,47,39,-19,3,-1,-4,-21,18
AES,AES Corporation,14.38,0,21,0,-13,8,-3,22,17,-26,10,18
IP,International Paper,44.25,-7,-1,-1,18,9,-14,9,-5,18,8,17
LNG,Cheniere Energy,211.07,-27,-15,0,60,18,-26,-31,-3,58,-2,16
LW,Lamb Weston,63.22,-5,24,0,-10,9,-7,16,14,-16,7,16
ALB,Albemarle Corporation,97.85,0,35,3,-25,13,-11,26,15,-27,3,16
USB,U.S. Bancorp,46.64,-2,0,11,6,15,-14,-20,18,17,1,16
BWA,BorgWarner,42.84,-2,0,19,4,21,-12,3,21,-18,-6,15
PNW,Pinnacle West Capital,89.11,-30,0,5,20,-5,-24,20,-4,28,20,15
THO,Thor Industries,103.61,-6,0,12,4,10,-9,5,17,-8,5,15
ED,Consolidated Edison,97.02,-35,-1,-1,49,12,-29,-1,-15,47,2,14
ADC,Agree Realty,73.1,-13,13,4,18,22,-33,8,2,15,-8,14
MRP,Millrose Properties,32.1,-2,0,0,0,-2,-2,3,14,0,15,13
TGT,Target Corporation,94.15,77,0,-42,-13,22,-2,5,-4,-8,-9,13
WMS,Advanced Drainage Systems,139.81,-3,0,3,5,5,-11,3,21,-5,8,13
LFUS,Littelfuse,252.89,-6,0,14,0,8,-9,5,19,-10,5,13
PNC,PNC Financial Services,181.06,-2,-15,13,16,12,-12,-22,18,16,0,12
TPG,TPG Inc.,56.23,0,-14,13,0,-1,-5,-18,15,21,13,12
HPQ,HP Inc.,27.71,-2,0,0,0,-2,2,5,10,-3,14,12
AFL,Aflac,105.71,-76,0,12,60,-4,-38,-8,5,57,16,12
EW,Edwards Lifesciences,82.7,51,3,1,-16,39,8,4,-2,-37,-27,12
EXLS,EXL Service,38.56,-7,-21,-1,67,38,-7,-29,-5,15,-26,12
KEY,Keycorp,17.4,0,-11,19,6,14,-14,-22,19,15,-2,12
WYNN,Wynn Resorts,120.87,-2,0,19,5,22,-10,-11,21,-10,-10,12
EXE,Expand Energy,100.38,-14,8,52,0,46,-31,-6,-10,12,-35,11
IOT,Samsara,39.34,35,4,-21,0,18,-3,2,-28,22,-7,11
HHH,Howard Hughes Holdings,78.9,-3,0,9,0,6,-9,-12,10,16,5,11
SITE,SiteOne Landscape Supply,132.17,35,-26,1,-11,-1,7,1,14,-10,12,11
WPC,W. P. Carey,66.28,-28,0,40,4,16,-40,-10,37,7,-6,10
LAZ,Lazard,47.86,-11,-17,13,22,7,-7,-23,18,15,3,10
APPF,AppFolio,238.95,0,-21,3,30,12,-7,-21,-4,30,-2,10
FFIV,"F5, Inc.",258.7,-16,-10,0,16,-10,-16,-5,21,19,19,9
INFA,Informatica,24.85,-4,8,3,0,7,-6,-2,19,-9,2,9
CTVA,Corteva,63.22,1,-33,64,1,33,-11,-25,-2,13,-25,8
GNRC,Generac,180.74,-2,0,14,-36,-24,-9,11,18,12,32,8
MRK,Merck & Co.,86.56,0,22,0,0,22,-28,16,6,-8,-14,8
LYFT,Lyft,20.01,-2,0,12,-3,7,-11,-11,21,2,1,8
AFRM,Affirm Holdings,72.66,-2,-17,23,0,4,-9,-25,19,19,4,8
HBAN,Huntington Bancshares,15.17,-21,-16,20,23,6,-17,-20,21,18,2,8
ONTO,Onto Innovation,137.08,13,48,-37,0,24,-9,-8,6,-6,-17,7
ACGL,Arch Capital Group,85.88,-20,-11,-19,64,14,5,-7,-3,-2,-7,7
RIVN,Rivian,13.7,21,0,0,0,21,21,-15,3,-23,-14,7
VNO,Vornado Realty Trust,37.65,-7,-3,9,6,5,-19,-15,19,17,2,7
GEV,GE Vernova,578.12,-3,-4,7,0,0,-14,-2,22,0,6,6
CRM,Salesforce,251.56,0,8,-24,24,8,-3,10,-32,23,-2,6
MDT,Medtronic,91.72,-35,0,22,3,-10,-8,-5,14,15,16,6
GLIBA,GCI Liberty (Series A),36.34,-2,0,0,0,-2,11,-3,0,0,8,6
CRL,Charles River Laboratories,180.15,-2,21,3,-28,-6,-12,16,17,-10,11,5
FAF,First American Financial Corporation,61.39,-2,0,2,16,16,-14,-25,8,20,-11,5
PSA,Public Storage,289.26,-22,24,-1,3,4,-37,19,21,-2,1,5
NVR,"NVR, Inc.",7332.5,-28,-15,-4,67,20,-34,-26,14,31,-15,5
CPRT,Copart,42.52,-19,-32,-24,178,103,-33,-31,-34,-1,-99,4
ADM,Archer Daniels Midland,60.52,-9,0,13,0,4,-12,12,21,-22,-1,3
CMG,Chipotle Mexican Grill,39.79,-27,-2,-17,82,36,-34,18,-15,-2,-33,3
ZION,Zions Bancorporation,51.53,0,-11,2,6,-3,-9,-20,18,17,6,3
UAL,United Airlines Holdings,95.94,-44,-2,12,13,-21,-9,-1,15,18,23,2
REGN,Regeneron Pharmaceuticals,652.7,28,3,-52,0,-21,20,2,7,-6,23,2
WAL,Western Alliance Bancorporation,76.19,0,-15,2,6,-7,-7,-22,18,20,9,2
CORT,Corcept Therapeutics,72.04,-43,-2,0,21,-24,-12,-7,5,40,26,2
PRU,Prudential Financial,101.27,-10,-22,-24,57,1,-12,-2,15,-1,0,1
RKT,Rocket Companies,16.23,-3,-2,15,0,10,-12,-20,20,3,-9,1
ETSY,Etsy,65.21,-7,26,8,-32,-5,-5,28,21,-39,5,0
WING,Wingstop,242.85,-14,-40,-1,40,-15,-14,-1,-4,33,14,-1
PK,Park Hotels & Resorts,10.98,-2,0,0,0,-2,-10,3,14,-7,0,-2
AGCO,AGCO,108.3,-2,-16,18,0,0,-12,3,22,-15,-2,-2
EXR,Extra Space Storage,141.88,-12,-1,0,0,-13,-21,13,3,15,10,-3
SWKS,Skyworks Solutions,78.74,16,2,0,-32,-14,-2,2,18,-7,11,-3
IR,Ingersoll Rand,79.71,1,-2,-4,25,20,-10,-9,-3,-2,-24,-4
AOS,A. O. Smith,65.61,-20,-14,-1,60,25,-21,-22,21,-7,-29,-4
BIIB,Biogen,148.18,0,55,0,-29,26,-10,-8,8,-20,-30,-4
Z,Zillow (Class C),71.49,-6,-22,3,0,-25,-18,1,15,22,20,-5
PEP,PepsiCo,146.2,-10,14,0,0,4,-10,6,10,-15,-9,-5
CCL,Carnival Corporation & plc,27.9,-14,-13,28,0,1,-23,-24,19,21,-7,-6
CF,CF Industries,84.16,-4,-1,8,6,9,-11,-10,-4,10,-15,-6
TECH,Bio-Techne,62.02,-2,22,0,-26,-6,-14,16,6,-8,0,-6
VIK,Viking Holdings,59.56,-15,-2,2,0,-15,-12,-2,21,0,7,-8
DT,Dynatrace,49.03,-1,0,-13,0,-14,-13,1,-4,22,6,-8
SBUX,Starbucks,84.16,0,-1,-12,0,-13,-4,4,-4,9,5,-8
VICI,Vici Properties,29.73,-17,-18,0,17,-18,-19,-30,-1,59,9,-9
MSTR,MicroStrategy,275.28,-11,-17,-4,21,-11,-7,-9,-4,22,2,-9
YETI,Yeti Holdings,34.58,0,-1,0,-8,-9,-8,4,15,-12,-1,-10
FRT,Federal Realty Investment Trust,95.49,-13,0,0,3,-10,-14,5,12,-3,0,-10
VOYA,Voya Financial,73.17,-15,0,12,6,3,-12,-18,19,-3,-14,-11
SEE,Sealed Air,33.7,-6,49,7,-26,24,-11,-9,19,-34,-35,-11
ABNB,Airbnb,126.5,0,0,-1,0,-1,-4,5,-4,-7,-10,-11
ESAB,ESAB,114.38,-7,0,0,0,-7,-36,16,-4,19,-5,-12
NVST,Envista,19.98,-1,-2,15,0,12,-8,1,17,-34,-24,-12
BA,Boeing,213.71,-4,-1,19,0,14,-2,-33,21,-13,-27,-13
VZ,Verizon,40.22,7,-18,0,12,1,11,-39,-2,16,-14,-13
NCLH,Norwegian Cruise Line Holdings,22.22,-14,-10,11,0,-13,-14,-23,14,22,-1,-14
NSC,Norfolk Southern,279.65,-36,0,22,6,-8,-38,-5,21,16,-6,-14
XYZ,"Block, Inc.",76.54,-2,8,5,-38,-27,-4,3,15,-1,13,-14
PYPL,PayPal,69.68,20,0,0,-41,-21,-3,1,-2,11,7,-14
FCN,FTI Consulting,168.81,23,2,-48,0,-23,19,1,-5,-7,8,-15
CUBE,CubeSmart,40.09,-9,0,0,3,-6,-20,11,3,-4,-10,-16
CARR,Carrier Global,60.77,14,-62,-10,0,-58,16,3,-5,28,42,-16
SLM,Sallie Mae,26.99,-2,-53,2,24,-29,-7,1,-4,23,13,-16
PR,Permian Resources,12.53,0,-23,0,28,5,-17,-22,21,-4,-22,-17
KDP,Keurig Dr Pepper,27.15,-1,-1,-10,-2,-14,-7,8,-2,-2,-3,-17
PVH,PVH Corp.,80.51,-7,0,0,0,-7,-14,3,10,-9,-10,-17
LNW,Light & Wonder,73.32,-14,-23,-14,59,8,-19,-31,-3,27,-26,-18
VRSK,Verisk Analytics,208.1,-16,-67,-7,116,26,-28,-33,-13,30,-44,-18
AVY,Avery Dennison,176.19,0,6,0,1,7,-16,3,-6,-7,-26,-19
OTIS,Otis Worldwide,93.4,6,1,-15,0,-8,-19,5,-25,28,-11,-19
PM,Philip Morris International,146.8,-13,-33,0,57,11,-16,-39,-5,29,-31,-20
DOX,Amdocs,84.16,19,-57,0,1,-37,11,5,-6,7,17,-20
BLDR,Builders FirstSource,115.32,-20,-14,-39,67,-6,-19,-2,11,-5,-15,-21
DBX,Dropbox,28.41,-7,-1,3,11,6,-30,-18,11,10,-27,-21
EQH,Equitable Holdings,47.64,-3,-22,0,13,-12,-10,-18,-2,21,-9,-21
ON,ON Semiconductor,51.41,-14,0,0,-3,-17,-9,5,17,-17,-4,-21
SW,Smurfit Westrock,37.84,-7,-34,-8,18,-31,-7,-1,-1,19,10,-21
IT,Gartner,249.78,0,0,-32,0,-32,-7,-11,-30,59,11,-21
LBTYK,Liberty Global (Series C),10.88,-3,-3,-4,-1,-11,5,-23,10,-2,-10,-21
RGEN,Repligen,148.51,-11,24,5,-19,-1,-14,27,5,-39,-21,-22
SN,SharkNinja,95.52,35,-22,3,0,16,-9,-50,18,3,-38,-22
AR,Antero Resources,31.65,-7,-2,-5,12,-2,-10,-12,-11,12,-21,-23
GMED,Globus Medical,61.46,0,9,-26,0,-17,-5,16,-31,14,-6,-23
PB,Prosperity Bancshares,65.12,6,-66,-15,16,-59,25,1,-6,16,36,-23
UWMC,United Wholesale Mortgage,5.65,0,0,0,0,0,-7,-20,9,-6,-24,-24
RMD,Resmed,253.61,-49,-12,28,15,-18,-35,-7,20,15,-7,-25
TROW,T. Rowe Price,103.54,0,-10,5,-27,-32,-3,-5,17,-2,7,-25
CFR,Frost Bank,121.5,-3,-11,9,6,1,-8,-28,-2,12,-26,-25
WU,Western Union,9.55,28,4,-34,-48,-50,26,5,1,-7,25,-25
TRU,TransUnion,80.41,-2,-29,-1,0,-32,-8,3,-4,16,7,-25
ZG,Zillow (Class A),68.8,-6,-22,3,0,-25,-15,-22,14,22,-1,-26
SLGN,Silgan Holdings,38.67,-7,-1,-14,0,-22,-2,7,-8,-1,-4,-26
CACC,Credit Acceptance,459.29,-7,-1,-1,0,-9,-14,13,-9,-7,-17,-26
RNG,RingCentral,29.67,53,0,0,-43,10,-1,1,11,-47,-36,-26
PINS,Pinterest,32.82,-3,-28,0,-2,-33,-7,3,17,-7,6,-27
LII,Lennox International,487.77,-42,-47,-8,40,-57,-2,9,-6,29,30,-27
TTC,Toro Company (The),75.19,7,-15,0,-2,-10,22,-29,12,-22,-17,-27
MP,MP Materials,64.25,-62,0,43,0,-19,-68,-3,56,6,-9,-28
EPAM,EPAM Systems,162.86,49,1,-37,-29,-16,54,1,-28,-39,-12,-28
VLTO,Veralto,99.49,-14,-4,13,0,-5,-18,-25,20,0,-23,-28
WDAY,"Workday, Inc.",231.48,-8,31,-21,16,18,-21,-6,-15,-4,-46,-28
DAR,Darling Ingredients,33.47,35,0,0,-22,13,-9,3,-4,-32,-42,-29
ESS,Essex Property Trust,247.03,-13,-2,-5,16,-4,-15,-12,-14,16,-25,-29
CERT,"Certara, Inc.",11.57,-12,35,-1,0,22,-12,-8,2,-34,-52,-30
EL,Estée Lauder Companies (The),97.35,-4,13,3,-28,-16,-12,16,19,-37,-14,-30
BSY,Bentley Systems,50.5,-6,-17,20,0,-3,-7,-33,21,-8,-27,-30
SUI,Sun Communities,119.63,-14,-2,0,-26,-42,-12,-10,21,13,12,-30
BIO,Bio-Rad Laboratories,320.03,-3,22,3,-30,-8,-12,16,12,-39,-23,-31
CTRA,Coterra,23.34,0,-15,-16,46,15,-12,-28,-23,15,-48,-33
SRPT,Sarepta Therapeutics,23.44,21,18,-40,-9,-10,24,21,-61,-8,-24,-34
AXS,AXIS Capital,88.2,-71,-11,0,47,-35,-19,-32,-4,55,0,-35
LBTYA,Liberty Global (Series A),10.68,-15,-1,-4,-1,-21,-4,-23,12,-1,-16,-37
MCHP,Microchip Technology,62.54,-14,-6,0,0,-20,-34,5,21,-9,-17,-37
ST,Sensata Technologies,32.68,7,1,3,-17,-6,-19,5,19,-37,-32,-38
HST,Host Hotels & Resorts,16.29,-13,-2,9,4,-2,-26,-21,19,-8,-36,-38
SYY,Sysco,74.32,-40,-6,18,5,-23,-39,-10,18,16,-15,-38
CGNX,Cognex Corporation,47.44,0,13,12,-33,-8,-10,5,17,-42,-30,-38
TTEK,Tetra Tech,31.85,-14,-29,-40,121,38,-17,-55,-1,-3,-76,-38
CROX,Crocs,84.64,21,0,-53,-3,-35,13,5,-15,-7,-4,-39
ALSN,Allison Transmission,81.61,-2,-29,-16,37,-10,-8,-25,-32,36,-29,-39
CUZ,Cousins Properties,25.39,-14,-16,-1,13,-18,-12,-23,-3,15,-23,-41
OVV,Ovintiv,36.9,-3,-18,-1,0,-22,-14,-15,18,-8,-19,-41
SSB,SouthState Corporation,88.37,-36,-10,-2,24,-24,-31,-22,15,21,-17,-41
GTLB,GitLab,48.01,0,0,-32,0,-32,-12,3,3,-3,-9,-41
LINE,"Lineage, Inc.",38.27,-7,-2,0,0,-9,-6,16,-42,0,-32,-41
AWK,American Water Works,130.11,-24,-3,-1,0,-28,-40,17,-1,10,-14,-42
SEB,Seaboard Corporation,3211.81,-23,-7,16,-1,-15,-19,-29,19,2,-27,-42
DRI,Darden Restaurants,182.41,-28,-30,0,63,5,-47,-25,-7,32,-47,-42
AUR,Aurora Innovation,5.11,0,-25,-12,0,-37,24,-18,-29,17,-6,-43
SNV,Synovus,44.06,-15,-28,-1,23,-21,-12,-23,-4,16,-23,-44
NCNO,nCino,25.79,49,-22,-37,0,-10,-4,-27,-1,-3,-35,-45
EFX,Equifax,214.54,-14,-20,-15,18,-31,-12,-20,-2,20,-14,-45
PPC,Pilgrim's Pride,38.1,2,-39,-4,23,-18,14,-46,-15,20,-27,-45
CNA,CNA Financial,44.06,-74,-11,-1,59,-27,-35,-10,5,22,-18,-45
ARW,Arrow Electronics,116.19,-8,-6,12,0,-2,-35,3,-1,-10,-43,-45
GTM,ZoomInfo,10.92,0,0,0,0,0,-3,-21,17,-39,-46,-46
TTD,Trade Desk (The),49.97,-7,0,-38,-3,-48,-10,18,-4,-2,2,-46
HOG,Harley-Davidson,26.97,-2,-1,0,-11,-14,-13,-22,16,-13,-32,-46
TOST,"Toast, Inc.",35.75,-7,-42,3,0,-46,-19,3,-4,19,-1,-47
DOC,Healthpeak Properties,17.58,-11,-1,-4,-33,-49,-14,-1,5,11,1,-48
NXST,Nexstar Media Group,188.62,-30,-11,20,6,-15,-31,-32,18,12,-33,-48
CAI,Caris Life Sciences,29.5,-22,-16,0,0,-38,-18,8,0,0,-10,-48
APA,APA Corporation,22.54,-9,0,3,-14,-20,-14,-10,16,-21,-29,-49
AMTM,Amentum,21.48,-28,-15,0,0,-43,-19,-8,21,0,-6,-49
KNX,Knight-Swift,44.51,-15,1,-2,0,-16,-33,15,-1,-15,-34,-50
IPG,Interpublic Group of Companies (The),25.76,-14,0,-1,0,-15,-24,-1,9,-19,-35,-50
DIS,Walt Disney Company (The),110.27,-7,-34,26,-2,-17,-29,-30,21,5,-33,-50
FTV,Fortive,50.35,7,1,-32,0,-24,5,3,-28,-7,-27,-51
WEX,WEX Inc.,154.05,-1,-18,0,0,-19,-9,-29,15,-10,-33,-52
BHF,Brighthouse Financial,46.29,-14,-3,-4,0,-21,-13,-14,-14,10,-31,-52
FLUT,Flutter Entertainment,236.82,-25,-23,-1,23,-26,-19,-34,-2,29,-26,-52
CCI,Crown Castle,92.33,-21,-2,-1,-30,-54,-19,19,-6,7,1,-53
JHX,James Hardie Industries,21.35,-2,-1,-38,-3,-44,-9,16,-11,-5,-9,-53
HLNE,Hamilton Lane,115.42,-13,-26,-9,27,-21,-8,-41,-6,23,-32,-53
EIX,Edison International,55.39,-9,12,-43,0,-40,-26,4,11,-3,-14,-54
CAR,Avis Budget Group,138.94,-13,-3,20,-22,-18,-5,-16,24,-39,-36,-54
MDLZ,Mondelez International,57.89,-11,-5,-4,0,-20,-3,-15,-6,-11,-35,-55
COP,ConocoPhillips,88.11,-3,-16,-5,0,-24,-19,-15,13,-10,-31,-55
SFD,Smithfield Foods,21.8,0,-30,0,0,-30,14,-39,-1,0,-26,-56
OWL,Blue Owl Capital,16.56,0,-50,-15,0,-65,16,-26,-4,23,9,-56
COLM,Columbia Sportswear,51.96,-2,-2,-32,-8,-44,-6,5,-27,15,-13,-57
DVA,DaVita,126.5,-1,-47,-14,22,-40,26,-33,-31,21,-17,-57
SOLV,Solventum,69.79,-15,-17,0,0,-32,-32,-10,17,0,-25,-57
ELV,Elevance Health,336.6,-10,20,-55,-4,-49,-9,27,-21,-5,-8,-57
ABT,Abbott Laboratories,124.51,-77,-3,0,15,-65,-4,-11,7,16,8,-57
ACI,Albertsons,18.28,-7,0,-8,0,-15,-39,8,-14,2,-43,-58
MANH,Manhattan Associates,178.47,-40,-27,-2,67,-2,-31,-21,-2,-2,-56,-58
PEN,"Penumbra, Inc.",233.36,-18,-13,0,0,-31,-12,-4,-17,5,-28,-59
IEX,IDEX Corporation,173.2,7,1,-39,0,-31,3,16,-39,-8,-28,-59
EOG,EOG Resources,106.01,-12,-29,-9,47,-3,-20,-32,-3,-1,-56,-59
ESTC,Elastic NV,86.46,0,0,-24,-8,-32,-5,-20,3,-6,-28,-60
OKE,Oneok,67.24,-6,-63,-24,56,-37,-26,-15,-36,53,-24,-61
AVTR,Avantor,11.58,-7,-1,-40,-1,-49,-21,14,2,-7,-12,-61
PCG,PG&E Corporation,15.77,-33,24,-41,3,-47,-33,18,4,-3,-14,-61
OC,Owens Corning,124.74,-20,-23,-35,60,-18,-21,-30,10,-2,-43,-61
VRSN,Verisign,232.84,-39,-21,0,11,-49,-1,-19,-2,9,-13,-62
MTN,Vail Resorts,148.38,-2,-1,-1,-25,-29,-6,13,-2,-38,-33,-62
MASI,Masimo,142.87,-14,-1,-10,-8,-33,-15,-1,-26,12,-30,-63
REXR,Rexford Industrial,41.49,-7,13,3,-20,-11,-40,5,17,-34,-52,-63
SLB,Schlumberger,36.85,50,5,-81,0,-26,3,-24,-4,-12,-37,-63
DVN,Devon Energy,32.05,-9,-14,0,-7,-30,-14,-15,20,-24,-33,-63
GEN,Gen Digital,25.86,-11,-33,0,18,-26,-19,-35,-1,18,-37,-63
EG,Everest Group,309.41,-20,-2,-1,0,-23,-33,-6,5,-7,-41,-64
MHK,Mohawk Industries,117.58,-26,-4,0,-13,-43,-34,3,13,-3,-21,-64
RH,RH,184.42,27,-24,-35,-9,-41,-1,-29,9,-2,-23,-64
SJM,J.M. Smucker Company (The),101.24,-7,-8,-5,-6,-26,-7,-16,9,-25,-39,-65
AVB,AvalonBay Communities,176.23,-13,-18,-14,18,-27,-19,-18,-18,17,-38,-65
PNFP,Pinnacle Financial Partners,84.38,-19,-28,-15,17,-45,-12,-22,-6,20,-20,-65
PFE,Pfizer,24.31,-4,-2,0,-25,-31,-14,-9,18,-30,-35,-66
TW,Tradeweb,105.44,-8,-60,-9,2,-75,-11,4,-10,25,8,-67
AMCR,Amcor,8.0,-4,-54,-12,-1,-71,16,4,-12,-4,4,-67
APD,Air Products,248.38,-7,-27,-6,0,-40,-6,-32,-2,12,-28,-68
DUOL,Duolingo,272.66,-62,-2,-1,0,-65,-14,-2,-12,25,-3,-68
MPW,Medical Properties Trust,4.85,-51,39,0,-38,-50,-14,-8,3,1,-18,-68
RARE,Ultragenyx,34.58,21,3,-38,-40,-54,21,15,-46,-5,-15,-69
ULTA,Ulta Beauty,506.07,-92,0,23,6,-63,-12,-6,23,-11,-6,-69
VFC,VF Corporation,14.55,-2,8,-31,-45,-70,-12,5,8,-1,0,-70
GPC,Genuine Parts Company,129.18,-28,-1,12,0,-17,-36,-19,21,-19,-53,-70
ZBRA,Zebra Technologies,270.58,-14,-28,-1,-9,-52,-14,-2,-1,-1,-18,-70
GME,GameStop,23.4,20,-10,-5,-32,-27,-9,-11,-14,-9,-43,-70
SNDR,Schneider National,22.63,-9,-44,-16,0,-69,-5,10,-6,-2,-3,-72
CNH,CNH Industrial,10.61,0,-54,-8,0,-62,-11,3,-6,4,-10,-72
PLNT,Planet Fitness,91.51,-11,-42,0,15,-38,-12,-34,-4,16,-34,-72
OMC,Omnicom Group,75.25,-14,0,-38,0,-52,-25,-1,8,-3,-21,-73
S,SentinelOne,16.9,-4,-6,-36,0,-46,-1,-18,-6,-3,-28,-74
MOS,Mosaic Company (The),28.65,-9,-14,27,-18,-14,-12,-14,-2,-32,-60,-74
NIQ,NIQ Global Intelligence,12.79,-28,0,0,0,-28,-25,-22,0,0,-47,-75
HUBS,HubSpot,466.39,0,-6,-21,-2,-29,-19,-19,-29,21,-46,-75
OKTA,"Okta, Inc.",87.65,-2,-19,-9,-26,-56,-4,-9,-14,8,-19,-75
DKNG,DraftKings,30.65,-28,-22,-5,0,-55,-26,-30,13,22,-21,-76
BJ,BJ's Wholesale Club,89.91,-14,-86,-6,12,-94,-28,-1,-13,60,18,-76
RBRK,Rubrik,71.92,-26,-36,3,0,-59,-12,-5,-1,0,-18,-77
ZBH,Zimmer Biomet,99.72,-7,0,-8,-19,-34,-32,4,5,-20,-43,-77
MKC,McCormick & Company,63.84,-14,-5,-17,-4,-40,-31,7,-25,12,-37,-77
DECK,Deckers Brands,83.86,-28,-25,-35,95,7,-28,-25,-31,-1,-85,-78
ELS,Equity Lifestyle Properties,59.85,-35,0,-32,0,-67,-7,-1,1,-5,-12,-79
CHE,Chemed Corporation,465.09,7,1,-22,0,-14,-37,1,-20,-10,-66,-80
DOCU,DocuSign,68.96,-7,-22,-5,-14,-48,-11,-21,-13,13,-32,-80
LULU,Lululemon Athletica,170.3,-3,-1,-22,-5,-31,-12,7,-31,-14,-50,-81
LUV,Southwest Airlines,30.67,-35,-2,12,-41,-66,-36,15,-1,6,-16,-82
CART,Maplebear Inc.,37.76,-20,-35,-5,0,-60,-18,-1,-4,1,-22,-82
RVTY,Revvity,95.32,-2,10,-31,-26,-49,-18,21,-36,-1,-34,-83
KD,Kyndryl,28.39,0,-61,-7,0,-68,-3,-26,-8,22,-15,-83
GNTX,Gentex,23.71,-28,-4,-2,-1,-35,-33,-20,15,-10,-48,-83
GLOB,Globant,59.44,0,-1,-37,-9,-47,-4,13,-37,-9,-37,-84
HIW,Highwoods Properties,28.43,-107,-8,11,8,-96,-14,-10,21,15,12,-84
EQR,Equity Residential,58.97,-13,-20,-7,-1,-41,-20,-24,-14,15,-43,-84
ILMN,"Illumina, Inc.",95.1,-2,-2,-1,-42,-47,-12,3,13,-42,-38,-85
TYL,Tyler Technologies,478.7,-7,-48,-5,19,-41,-10,-50,-4,20,-44,-85
FRPT,Freshpet,52.66,-6,-5,-35,-8,-54,-6,7,-31,-1,-31,-85
CPAY,Corpay,268.0,-7,-63,-9,23,-56,-19,-32,-6,27,-30,-86
MIDD,Middleby,124.96,-19,-6,-14,0,-39,-36,-29,3,15,-47,-86
KMB,Kimberly-Clark,116.78,-7,-34,-10,0,-51,-2,-41,-22,28,-37,-88
SWK,Stanley Black & Decker,69.95,0,-15,-40,-41,-96,-2,2,10,-4,6,-90
CPT,Camden Property Trust,97.62,-13,-26,-6,-1,-46,-16,-27,-14,13,-44,-90
JKHY,Jack Henry & Associates,149.94,-10,-64,-14,-2,-90,-6,6,-14,13,-1,-91
SMMT,Summit Therapeutics,18.67,-68,-38,-2,16,-92,-9,-4,-8,21,0,-92
HSIC,Schein (Henry),62.31,-9,-26,-16,-2,-53,-12,-27,-6,5,-40,-93
AMH,American Homes 4 Rent,31.87,-13,-65,-19,0,-97,-6,-1,-7,17,3,-94
QXO,"QXO, Inc.",18.5,-3,-28,0,-16,-47,-39,-26,24,-8,-49,-96
CIVI,Civitas Resources,28.77,7,-14,-66,-2,-75,-10,-12,10,-11,-23,-98
DOW,Dow Inc.,24.87,35,0,-54,-3,-22,-1,4,-69,-10,-76,-98
TXN,Texas Instruments,160.31,-42,-41,-2,24,-61,-16,-37,-2,18,-37,-98
AMT,American Tower,179.19,-14,-61,-8,-2,-85,-19,-2,-6,13,-14,-99
MGM,MGM Resorts International,31.22,-14,-22,-1,0,-37,-18,-34,-1,-11,-64,-101
LKQ,LKQ Corporation,30.04,-1,-33,-17,-4,-55,-5,3,-25,-19,-46,-101
PRMB,Primo Brands,21.5,-7,-105,-9,24,-97,-7,4,-21,20,-4,-101
INGR,Ingredion,115.73,-37,-63,-9,36,-73,-47,-33,-7,58,-29,-102
GPN,Global Payments,79.26,-8,-1,-38,-41,-88,-11,-1,9,-12,-15,-103
SON,Sonoco,39.71,-19,-27,-7,-2,-55,-26,-24,18,-16,-48,-103
DG,Dollar General,99.93,-28,-29,0,-19,-76,-42,8,33,-28,-29,-105
CSGP,CoStar Group,70.57,-7,-26,-1,-1,-35,-7,-49,-3,-11,-70,-105
MOH,Molina Healthcare,160.27,-35,-5,-24,-4,-68,-3,-5,-20,-10,-38,-106
COO,Cooper Companies (The),69.58,-12,10,-38,-7,-47,-31,19,-43,-5,-60,-107
DPZ,Domino's,406.07,-8,-61,-7,12,-64,-27,-31,-6,20,-44,-108
CNC,Centene,37.36,7,7,-55,-13,-54,5,-5,-24,-30,-54,-108
FOUR,Shift4,70.08,-14,-61,-11,0,-86,-12,-32,-4,26,-22,-108
DXCM,Dexcom,68.23,-4,-47,-10,-16,-77,-18,3,-5,-11,-31,-108
UPS,United Parcel Service,97.42,65,2,-117,-18,-68,23,17,-45,-36,-41,-109
CCCS,CCC Intelligent Solutions,9.0,-1,-28,-39,0,-68,-2,-30,-1,-8,-41,-109
FBIN,Fortune Brands Innovations,49.74,-3,-27,-37,-7,-74,-12,-30,10,-4,-36,-110
AAL,American Airlines Group,12.99,0,1,0,-78,-77,-9,7,10,-41,-33,-110
BALL,Ball Corporation,47.79,-7,-53,-14,-13,-87,-16,3,-4,-7,-24,-111
BDX,Becton Dickinson,181.54,-13,-2,-39,-7,-61,-38,1,4,-17,-50,-111
ALK,Alaska Air Group,41.78,-41,-25,-6,-1,-73,-34,-25,9,11,-39,-112
ASH,Ashland Global,49.65,-2,-29,-52,-11,-94,-10,5,-1,-12,-18,-112
ZTS,Zoetis,144.04,-2,-37,-46,-5,-90,-8,6,-13,-7,-22,-112
FND,Floor & Decor,69.12,-4,-25,-46,-8,-83,-9,-22,9,-8,-30,-113
SBAC,SBA Communications,190.43,-11,-61,-10,-22,-104,-3,4,-9,-1,-9,-113
RYN,Rayonier,22.6,-44,-7,-4,-1,-56,-46,-10,9,-11,-58,-114
TSN,Tyson Foods,50.72,-9,-18,-12,-30,-69,-2,-34,-22,13,-45,-114
FDS,FactSet,266.81,-7,-72,-16,-2,-97,-4,2,-14,-3,-19,-116
SAIA,Saia,276.76,-35,-5,-37,0,-77,-33,-3,4,-7,-39,-116
VVV,Valvoline,32.71,-39,-25,-6,0,-70,-37,-22,18,-6,-47,-117
WLK,Westlake Corporation,73.5,-9,-14,-51,-2,-76,-10,-28,5,-8,-41,-117
BMY,Bristol Myers Squibb,42.64,-21,-20,-11,-7,-59,-28,-12,-25,7,-58,-117
TFX,Teleflex,128.16,-2,9,-53,-41,-87,-31,8,4,-12,-31,-118
SIRI,Sirius XM,21.05,-26,-15,-4,-33,-78,-5,-27,11,-19,-40,-118
PPG,PPG Industries,99.15,-6,-28,-57,-10,-101,-5,1,-4,-10,-18,-119
CHRD,Chord Energy,91.06,0,-23,-61,0,-84,-10,-32,15,-8,-35,-119
OXY,Occidental Petroleum,40.59,-10,-15,-66,-1,-92,-14,-13,17,-18,-28,-120
NKE,"Nike, Inc.",65.36,-10,-17,-1,-23,-51,-12,-37,18,-38,-69,-120
WHR,Whirlpool Corporation,74.59,29,-31,-16,-28,-46,-1,-28,-7,-38,-74,-120
CHDN,Churchill Downs Incorporated,100.63,0,0,-42,0,-42,-11,-60,-5,-3,-79,-121
EMN,Eastman Chemical Company,61.08,-2,-28,-32,-3,-65,-7,1,-46,-4,-56,-121
WH,Wyndham Hotels & Resorts,73.53,-35,-31,-14,13,-67,-33,-36,-4,17,-56,-123
ADBE,Adobe Inc.,337.97,-7,-1,-47,-8,-63,-3,1,-51,-7,-60,-123
CL,Colgate-Palmolive,75.73,-23,-80,-17,25,-95,-31,-1,-25,28,-29,-124
CNXC,Concentrix,42.65,-11,-24,-6,0,-41,-19,-20,-9,-35,-83,-124
NSA,National Storage Affiliates,29.97,-15,-1,-26,-6,-48,-37,11,-47,-3,-76,-124
ONON,On Holding AG,39.29,-16,-64,-10,0,-90,-28,-22,-7,22,-35,-125
BFAM,Bright Horizons,92.68,-16,-37,-10,-1,-64,-30,-43,-7,17,-63,-127
AKAM,Akamai Technologies,73.04,-3,-1,-37,-9,-50,-2,-26,-37,-12,-77,-127
BBWI,"Bath & Body Works, Inc.",24.92,-9,-38,-36,-17,-100,-17,5,-7,-8,-27,-127
NWL,Newell Brands,4.93,33,-25,-38,-33,-63,-8,-28,9,-38,-65,-128
IFF,International Flavors & Fragrances,63.28,-2,-1,-34,-33,-70,-14,5,-46,-3,-58,-128
RYAN,Ryan Specialty,50.88,-14,-89,-14,0,-117,-11,-7,-20,27,-11,-128
SFM,Sprouts Farmers Market,104.95,-30,-67,-6,48,-55,-58,-65,-10,59,-74,-129
HSY,Hershey Company (The),175.22,-68,-1,15,-1,-55,-61,-7,15,-21,-74,-129
UDR,"UDR, Inc.",33.57,-21,-64,-9,-2,-96,-31,-2,-16,15,-34,-130
G,Genpact,37.89,-8,-36,-8,0,-52,-33,-32,-26,12,-79,-131
BIRK,Birkenstock,40.11,-14,-39,-10,0,-63,-19,-37,-12,0,-68,-131
BILL,Bill.com,49.15,-22,0,-35,0,-57,-35,-9,9,-39,-74,-131
WSC,WillScot Mobile Mini,22.16,29,-63,-76,-8,-118,-6,9,-5,-14,-16,-134
CPB,Campbell Soup Company,29.98,-7,-2,-43,-8,-60,-2,-17,-50,-7,-76,-136
INVH,Invitation Homes,27.5,-13,-69,-19,0,-101,-20,-1,-14,-1,-36,-137
COLD,Americold,12.54,-9,-2,-52,-13,-76,-6,13,-52,-17,-62,-138
MTCH,Match Group,32.02,-7,-18,3,-39,-61,-28,-26,16,-40,-78,-139
ODFL,Old Dominion Freight Line,136.23,-2,-65,-37,0,-104,9,1,-42,-3,-35,-139
SAM,Boston Beer Company,213.2,-5,0,-46,-39,-90,-18,13,2,-46,-49,-139
GDDY,GoDaddy,126.65,-8,-79,-14,24,-77,-30,-26,-30,24,-62,-139
PENN,Penn Entertainment,16.6,-7,-17,-4,-36,-64,-14,-26,11,-46,-75,-139
LSTR,Landstar,124.61,-9,-1,-46,-2,-58,-33,13,-53,-9,-82,-140
OLN,Olin Corporation,21.39,-14,-2,-71,-11,-98,-12,-14,9,-25,-42,-140
TEAM,Atlassian,159.34,-1,-79,-17,-8,-105,-23,4,-29,13,-35,-140
MTDR,Matador Resources,39.71,-42,-23,-40,0,-105,3,-31,-2,-8,-38,-143
KMPR,Kemper Corporation,45.3,-34,-25,-17,-2,-78,-37,-30,-14,16,-65,-143
GFS,GlobalFoundries,34.38,-5,0,-93,0,-98,-14,-9,-5,-19,-47,-145
CAVA,Cava Group,60.48,-21,-55,-25,0,-101,-23,13,-39,4,-45,-146
TDC,Teradata,21.05,-2,-1,-90,-19,-112,-6,-8,-2,-18,-34,-146
MAA,Mid-America Apartment Communities,126.17,-17,-65,-8,-1,-91,-21,-29,-19,13,-56,-147
FIS,Fidelity National Information Services,61.53,-20,-61,-13,-39,-133,-19,-1,-8,13,-15,-148
FI,Fiserv,70.65,-7,-78,-25,-1,-111,-3,-38,-26,29,-38,-149
SMG,Scotts Miracle-Gro Company,54.03,-3,-44,-33,-41,-121,5,-30,-1,-3,-29,-150
LBRDK,Liberty Broadband (Series C),55.62,-7,-10,-14,-38,-69,-69,-10,-14,10,-83,-152
MRNA,Moderna,24.72,-20,-2,-66,-6,-94,-10,-1,-6,-41,-58,-152
LBRDA,Liberty Broadband (Series A),55.38,-7,-10,-14,-38,-69,-69,-10,-14,10,-83,-152
ACHC,Acadia Healthcare,23.01,-101,34,-59,-13,-139,4,-6,4,-18,-16,-155
SAIC,SAIC,90.74,-28,-40,-9,0,-77,-30,-40,-6,-3,-79,-156
PAYC,Paycom,186.36,-19,-47,-1,-26,-93,-10,-50,-5,1,-64,-157
HUN,Huntsman Corporation,8.69,35,-29,-56,-17,-67,-5,1,-51,-35,-90,-157
BRKR,Bruker,37.72,-3,10,-71,-10,-74,-19,21,-75,-11,-84,-158
PCTY,Paylocity,141.37,-15,-47,-9,-5,-76,-30,-51,-8,7,-82,-158
POOL,Pool Corporation,283.55,-22,-26,-34,-8,-90,-33,-22,-3,-11,-69,-159
DLB,Dolby Laboratories,64.97,-40,-27,-14,-1,-82,-38,-37,-4,-1,-80,-162
TREX,"Trex Company, Inc.",48.65,-3,-34,-65,-15,-117,-2,-30,-5,-8,-45,-162
KBR,"KBR, Inc.",42.9,-19,-25,-41,0,-85,-21,-35,-19,-3,-78,-163
KVUE,Kenvue,14.32,-14,-47,-9,0,-70,-28,-57,-14,5,-94,-164
TAP,Molson Coors,43.52,-35,-36,-24,-2,-97,-47,9,-25,-5,-68,-165
IAC,IAC Inc.,31.72,-11,-29,-13,-33,-86,-11,-21,-8,-40,-80,-166
CHTR,Charter Communications,241.63,-7,-10,-15,-38,-70,-69,-10,-15,-3,-97,-167
KMX,CarMax,42.47,-4,-29,-30,-38,-101,-3,-27,-34,-2,-66,-167
CDW,CDW,157.37,0,-61,-53,0,-114,-14,-26,-4,-10,-54,-168
CZR,Caesars Entertainment,18.72,-14,-18,-37,-27,-96,-19,-14,-5,-39,-77,-173
ATR,AptarGroup,124.31,-23,-63,-14,22,-78,-29,-60,-6,-1,-96,-174
GIS,General Mills,46.58,-30,-5,-52,-6,-93,-2,-12,-48,-21,-83,-176
ARE,Alexandria Real Estate Equities,58.75,-14,-16,-48,-32,-110,-17,-18,6,-37,-66,-176
WY,Weyerhaeuser,23.21,-7,-34,-34,-1,-76,-7,-38,-46,-10,-101,-177
BMRN,BioMarin Pharmaceutical,51.86,-5,-38,-61,-22,-126,-5,3,-26,-24,-52,-178
HRL,Hormel Foods,21.49,-11,-74,-21,-25,-131,-7,-1,-8,-32,-48,-179
CE,Celanese,40.13,-3,-58,-54,-12,-127,-7,-28,-8,-11,-54,-181
CHWY,Chewy,33.58,-78,-13,0,0,-91,-82,-7,-12,7,-94,-185
DV,DoubleVerify,11.34,-2,-37,-81,0,-120,-12,-39,-4,-12,-67,-187
CHD,Church & Dwight,81.84,-35,-67,-27,0,-129,-32,-30,-25,27,-60,-189
IRDM,Iridium Communications,16.95,-35,-64,-15,-21,-135,-27,-2,-6,-21,-56,-191
UHAL,U-Haul,53.35,-20,-66,-26,0,-112,-32,-30,-39,22,-79,-191
CLX,Clorox,110.65,-37,-18,-28,-7,-90,-42,-22,-38,-1,-103,-193
KHC,Kraft Heinz,24.4,-7,-38,-53,-2,-100,-3,-56,-25,-12,-96,-196
MORN,"Morningstar, Inc.",209.19,-8,-64,-31,-1,-104,-5,-77,-9,-2,-93,-197
BAH,Booz Allen Hamilton,82.82,-28,-42,-41,-1,-112,-30,-10,-43,-3,-86,-198
CAG,Conagra Brands,17.38,-14,-18,-43,-9,-84,-31,-37,-25,-25,-118,-202
FMC,FMC Corporation,29.03,-5,-44,-51,-26,-126,-8,-34,-6,-28,-76,-202
ENPH,Enphase Energy,31.14,-7,-2,-57,-22,-88,-7,-18,-64,-26,-115,-203
GPK,Graphic Packaging,16.29,-18,-44,-30,-1,-93,-28,-41,-43,-2,-114,-207
CHH,Choice Hotels,94.18,-32,-60,-14,-1,-107,-32,-61,-28,16,-105,-212
CLVT,Clarivate,3.5,-3,-29,-88,-8,-128,-9,-29,-2,-44,-84,-212
EEFT,Euronet Worldwide,77.59,-34,-65,-14,-5,-118,-33,-65,-11,15,-94,-212
LCID,Lucid Motors,18.04,-118,-6,-15,0,-139,-1,-9,-28,-37,-75,-214
BF-B,Brown–Forman (Class B),26.8,-7,-2,-114,-20,-143,-2,2,-46,-30,-76,-219
RLI,RLI Corp.,58.44,-14,-103,-21,0,-138,-11,-37,-40,-2,-90,-228
CBSH,Commerce Bancshares,52.21,-117,-61,-5,13,-170,-35,-36,-4,15,-60,-230
UHAL-B,U-Haul (Series N),48.72,-19,-66,-34,0,-119,-32,-30,-48,-3,-113,-232
BAX,Baxter International,22.42,-6,-80,-34,-40,-160,-8,3,-25,-43,-73,-233
LYB,LyondellBasell,46.72,1,-63,-55,-7,-124,-5,-28,-69,-9,-111,-235
ALGN,Align Technology,132.04,-3,-64,-78,-27,-172,-19,9,-14,-40,-64,-236
CMCSA,Comcast,28.52,-37,-66,-46,-11,-160,-32,-30,-13,-10,-85,-245
DXC,DXC Technology,13.18,0,-18,-36,-75,-129,-11,-29,-43,-36,-119,-248
BF-A,Brown–Forman (Class A),26.71,-7,-38,-113,-20,-178,-2,10,-53,-26,-71,-249
OGN,Organon & Co.,6.33,-112,-10,-40,0,-162,-19,-10,-53,-6,-88,-250
MKTX,MarketAxess,158.85,-22,-68,-39,-31,-160,-30,-3,-13,-46,-92,-252
XRAY,Dentsply Sirona,12.86,0,-64,-92,-44,-200,-8,4,-6,-42,-52,-252
DJT,Trump Media & Technology Group,15.97,0,-106,-67,0,-173,-3,-37,-35,-11,-86,-259
COTY,Coty,3.96,-55,-8,-75,-9,-147,-26,-2,-77,-11,-116,-263
INSP,Inspire Medical Systems,75.21,-28,-116,-34,-8,-186,-31,11,-39,-19,-78,-264
UA,Under Armour (Class C),4.46,-14,-58,-39,-39,-150,-12,-60,-6,-39,-117,-267
FLO,Flowers Foods,12.17,-14,-53,-48,-10,-125,-6,-46,-68,-25,-145,-270
STZ,Constellation Brands,131.02,-35,-47,-56,-5,-143,-45,-2,-72,-10,-129,-272
UAA,Under Armour (Class A),4.63,-14,-58,-39,-46,-157,-12,-60,-6,-39,-117,-274
PRGO,Perrigo,21.28,-7,-60,-13,-115,-195,-6,-9,-13,-57,-85,-280
WEN,Wendy's Company (The),8.63,-15,-89,-48,-10,-162,-28,-36,-43,-17,-124,-286
BRBR,BellRing Brands,30.84,-28,-123,-24,0,-175,-28,-115,-30,-1,-174,-349
MAN,ManpowerGroup,30.64,-89,-46,-57,-30,-222,-61,-38,-57,-38,-194,-416
RHI,Robert Half,27.46,-117,-193,-40,-11,-361,-9,-30,-38,-34,-111,-472
