Symbol,Name,Close,1H Cloud Score,1D Cloud Score,1W Cloud Score,1M Cloud Score,Cloud Score Sum,1H TKx Score,1D TKx Score,1W TKx Score,1M TKx Score,TKx Score Sum,Total Score Sum
TJX,TJX Companies,139.83,-10,34,153,199,376,-1,38,122,194,353,729
GOOGL,Alphabet (Class A),254.65,140,80,13,177,410,87,54,10,22,173,583
GOOG,Alphabet (Class C),255.12,140,80,12,177,409,87,54,9,22,172,581
ORLY,O'Reilly Auto Parts,103.9,-21,45,168,200,392,-26,51,59,90,174,566
JPM,JPMorgan Chase,314.72,50,93,128,159,430,53,18,15,27,113,543
COOP,Mr. Cooper Group,214.46,-5,91,124,59,269,-6,90,122,57,263,532
GS,Goldman Sachs,804.82,72,91,97,59,319,63,102,15,22,202,521
RBA,RB Global,118.89,66,102,109,28,305,19,51,112,20,202,507
ITT,ITT Inc.,181.05,59,97,21,100,277,79,104,15,27,225,502
GLW,Corning Inc.,79.57,140,90,24,18,272,89,97,13,15,214,486
FIX,Comfort Systems USA,798.04,61,94,22,65,242,65,106,15,56,242,484
WELL,Welltower,165.21,-1,88,121,59,267,2,49,138,25,214,481
WDC,Western Digital,106.63,140,91,17,19,267,89,102,15,4,210,477
MS,Morgan Stanley,159.92,65,91,81,65,302,14,102,15,17,148,450
APP,AppLovin,648.83,134,36,110,0,280,89,44,11,19,163,443
HWM,Howmet Aerospace,190.23,84,8,153,30,275,5,8,97,58,168,443
PLTR,Palantir Technologies,182.38,63,104,121,0,288,8,2,124,21,155,443
KRC,Kilroy Realty,44.23,190,81,11,0,282,49,84,11,12,156,438
BK,BNY Mellon,108.72,49,93,99,41,282,17,97,15,20,149,431
WRB,W. R. Berkley Corporation,73.4,5,17,99,177,298,13,30,29,56,128,426
APH,Amphenol,123.99,74,104,24,66,268,7,106,15,28,156,424
LOPE,Grand Canyon Education,209.9,49,31,152,36,268,47,30,39,35,151,419
ORI,Old Republic International,39.8,-32,28,152,59,207,5,26,122,56,209,416
CASY,Casey's,547.06,0,10,118,88,216,-11,6,122,79,196,412
DDS,Dillard's,599.51,141,73,19,55,288,29,27,12,56,124,412
IBM,IBM,266.41,85,2,114,55,256,27,10,61,57,155,411
AAPL,Apple Inc.,245.29,30,58,3,252,343,35,26,7,-1,67,410
KLAC,KLA Corporation,1044.97,77,10,19,178,284,78,4,15,27,124,408
BX,Blackstone Inc.,187.62,72,62,9,143,286,77,9,10,22,118,404
MSI,Motorola Solutions,476.11,-20,46,6,154,186,-33,56,6,186,215,401
FTAI,FTAI Aviation,178.43,147,37,8,48,240,79,37,11,32,159,399
C,Citigroup,102.66,67,91,24,19,201,63,101,15,15,194,395
AMG,Affiliated Managers Group,242.89,140,97,16,23,276,13,68,15,18,114,390
HUBB,Hubbell Incorporated,441.25,2,89,6,183,280,7,20,11,72,110,390
PANW,Palo Alto Networks,208.2,175,11,4,82,272,30,12,15,58,115,387
PFGC,Performance Food Group,105.5,50,94,58,44,246,48,20,15,58,141,387
CDNS,Cadence Design Systems,373.34,18,2,22,142,184,11,-16,15,181,191,375
STE,Steris,248.76,49,30,19,196,294,5,23,27,26,81,375
LITE,Lumentum,168.7,133,89,19,4,245,8,97,13,11,129,374
EVR,Evercore,357.28,71,90,12,59,232,76,26,13,27,142,374
CIEN,Ciena,138.34,126,91,14,13,244,84,13,13,17,127,371
TLN,Talen Energy,423.45,72,103,44,0,219,86,38,16,3,143,362
FAST,Fastenal,47.55,0,113,128,107,348,-26,-6,19,27,14,362
LYV,Live Nation Entertainment,163.69,-13,92,99,148,326,-26,30,14,17,35,361
MA,Mastercard,583.96,0,36,131,156,323,-2,-4,15,27,36,359
CAT,Caterpillar Inc.,466.84,49,90,13,65,217,56,15,13,58,142,359
MPWR,Monolithic Power Systems,916.36,21,91,8,158,278,26,35,15,1,77,355
SGI,Somnigroup International,85.54,0,91,46,65,202,7,104,15,27,153,355
ACM,AECOM,132.48,49,97,21,66,233,7,26,15,72,120,353
AM,Antero Midstream,18.56,3,13,153,24,193,14,6,83,56,159,352
RTX,RTX Corporation,158.23,35,90,82,55,262,-9,-7,89,15,88,350
MLI,Mueller Industries,99.66,56,63,12,59,190,17,56,13,72,158,348
LRCX,Lam Research,126.9,73,13,14,153,253,79,5,15,-6,93,346
TIGO,Millicom,49.6,11,171,82,3,267,32,1,29,17,79,346
CMI,Cummins,423.64,56,63,10,66,195,53,54,11,31,149,344
SO,Southern Company,91.82,0,0,81,191,272,-22,-16,28,80,70,342
AZO,AutoZone,4140.23,-25,44,99,87,205,-33,51,59,58,135,340
TPR,"Tapestry, Inc.",114.22,54,91,85,22,252,47,8,13,20,88,340
GE,GE Aerospace,301.2,56,102,24,28,210,52,13,35,30,130,340
L,Loews Corporation,96.65,-1,91,117,56,263,9,26,15,25,75,338
JEF,Jefferies Financial Group,69.5,62,67,2,59,190,17,67,6,58,148,338
NRG,NRG Energy,164.3,0,6,108,95,209,-16,5,118,22,129,338
SNDK,SanDisk,102.25,141,24,0,0,165,140,26,7,0,173,338
RBC,RBC Bearings,379.45,0,-6,98,165,257,17,-14,19,58,80,337
ROL,"Rollins, Inc.",55.51,-32,-5,36,287,286,-1,-13,28,36,50,336
RJF,Raymond James Financial,174.11,27,90,97,59,273,17,13,12,20,62,335
ALLE,Allegion,179.34,50,103,14,22,189,49,59,15,23,146,335
YUM,Yum! Brands,145.65,-14,7,33,260,286,-14,7,-7,58,44,330
LHX,L3Harris,283.94,51,113,17,6,187,3,106,17,15,141,328
RSG,Republic Services,226.81,-41,-37,129,178,229,5,-62,-6,161,98,327
EXEL,Exelixis,40.09,66,0,69,15,150,84,5,60,25,174,324
PTC,PTC Inc.,206.01,0,90,11,183,284,7,-7,12,27,39,323
TRV,Travelers Companies (The),277.01,5,27,96,59,187,11,38,29,57,135,322
AWI,Armstrong World Industries,196.57,0,98,99,22,219,7,57,15,20,99,318
ABBV,AbbVie,222.38,49,43,22,59,173,21,50,8,65,144,317
OLLI,Ollie's Bargain Outlet,137.48,35,5,120,17,177,44,3,68,24,139,316
ETR,Entergy,88.68,0,1,81,138,220,1,-14,94,15,96,316
CG,Carlyle Group (The),68.16,56,82,13,22,173,19,93,12,19,143,316
NVT,Nvent Electric,99.01,74,91,13,13,191,14,104,13,-6,125,316
HPE,Hewlett Packard Enterprise,24.99,76,87,6,43,212,12,24,12,55,103,315
MCD,McDonald's,302.47,-58,27,57,243,269,-14,-2,3,58,45,314
AXON,Axon Enterprise,774.63,43,-7,150,95,281,7,-21,15,31,32,313
V,Visa Inc.,341.59,0,0,142,134,276,-2,-4,15,27,36,312
AMAT,Applied Materials,190.06,72,2,0,150,224,77,2,13,-6,86,310
COF,Capital One,228.35,26,97,99,22,244,14,17,15,19,65,309
HLI,Houlihan Lokey,208.87,62,93,22,45,222,17,26,15,27,85,307
COST,Costco,950.47,-12,-2,0,181,167,-26,-13,-7,185,139,306
ALL,Allstate,205.97,5,2,102,160,269,14,-11,16,18,37,306
CBRE,CBRE Group,164.14,-1,75,97,23,194,13,71,13,15,112,306
AJG,Arthur J. Gallagher & Co.,299.5,7,0,0,187,194,15,-4,-7,108,112,306
ANET,Arista Networks,149.57,6,76,12,59,153,12,72,11,57,152,305
DTE,DTE Energy,135.67,-1,0,79,190,268,4,-13,32,14,37,305
AME,Ametek,187.84,-7,36,9,107,145,6,36,15,102,159,304
SNX,TD Synnex,149.89,-9,91,20,64,166,6,97,13,22,138,304
LDOS,Leidos,187.44,56,103,7,24,190,14,60,18,20,112,302
SF,Stifel,114.95,2,81,13,60,156,14,96,12,21,143,299
TTWO,Take-Two Interactive,250.85,113,14,50,14,191,16,21,50,21,108,299
HD,Home Depot (The),415.77,-6,43,6,181,224,-8,56,7,20,75,299
J,Jacobs Solutions,149.12,49,89,11,107,256,17,-7,12,20,42,298
RL,Ralph Lauren Corporation,312.46,0,93,99,35,227,7,22,15,27,71,298
DUK,Duke Energy,121.08,-1,0,81,184,264,1,-11,27,17,34,298
SSNC,SS&C Technologies,88.58,-1,67,95,15,176,-1,92,12,16,119,295
ITW,Illinois Tool Works,261.87,-13,62,7,179,235,-8,26,12,30,60,295
EHC,Encompass Health,124.02,-5,25,148,30,198,9,28,29,30,96,294
LIN,Linde plc,478.76,4,34,18,111,167,4,1,15,107,127,294
GD,General Dynamics,323.9,-7,113,13,55,174,-23,68,15,58,118,292
WMT,Walmart,102.32,0,15,132,102,249,-10,6,15,30,41,290
PSTG,Pure Storage,87.84,132,21,4,43,200,7,13,11,58,89,289
AAON,AAON,91.53,14,2,-18,246,244,22,20,-30,32,44,288
SPOT,Spotify,734.82,16,5,117,13,151,14,2,100,21,137,288
WMB,Williams Companies,60.12,21,2,117,53,193,15,7,15,58,95,288
ETN,Eaton Corporation,374.62,56,1,13,115,185,6,8,13,73,100,285
DOCS,Doximity,72.82,78,61,59,0,198,42,26,5,13,86,284
NTAP,Netapp,125.07,140,34,3,58,235,12,26,12,-2,48,283
ADI,Analog Devices,245.3,5,22,16,180,223,-4,22,15,27,60,283
HEI,HEICO (Common),318.75,-3,0,30,190,217,-19,4,21,58,64,281
LOW,Lowe's,265.24,-7,43,5,167,208,-8,55,6,20,73,281
NFLX,Netflix,1226.64,5,0,121,21,147,23,-2,92,21,134,281
ULTA,Ulta Beauty,521.4,27,101,17,5,150,19,104,17,-10,130,280
URI,United Rentals,941.87,-10,91,12,65,158,-12,62,13,58,121,279
CRS,Carpenter Technology Corporation,239.57,-7,-20,151,36,160,-12,3,76,50,117,277
FWONA,Liberty Formula 1 (Series A),93.61,24,4,74,63,165,19,18,14,57,108,273
DASH,DoorDash,265.13,16,90,102,0,208,26,5,15,19,65,273
BPOP,"Popular, Inc.",128.02,14,98,22,60,194,18,26,15,20,79,273
ORCL,Oracle Corporation,308.75,0,8,16,199,223,2,5,15,28,50,273
AVGO,Broadcom,344.81,0,94,24,117,235,-19,11,15,31,38,273
CW,Curtiss-Wright,514.63,14,99,24,55,192,6,7,15,50,78,270
FFIV,"F5, Inc.",328.62,13,90,99,15,217,16,4,15,18,53,270
FWONK,Liberty Formula 1 (Series C),103.71,23,4,75,58,160,19,18,15,57,109,269
NEM,Newmont,81.72,7,115,24,6,152,5,77,24,11,117,269
HHH,Howard Hughes Holdings,82.88,140,31,3,1,175,48,26,4,15,93,268
MNST,Monster Beverage,64.09,0,30,31,181,242,-8,4,24,5,25,267
DGX,Quest Diagnostics,183.56,14,30,73,19,136,15,28,73,15,131,267
BSX,Boston Scientific,97.75,-56,-6,149,145,232,-54,15,15,58,34,266
CACI,CACI,498.48,58,9,7,155,229,17,3,19,-2,37,266
COR,Cencora,289.94,-30,14,49,76,109,4,23,60,69,156,265
SOFI,SoFi,29.52,72,83,51,0,206,7,27,13,12,59,265
KKR,KKR & Co. Inc.,149.0,56,2,2,104,164,65,2,11,22,100,264
WM,"Waste Management, Inc.",216.44,-77,-20,0,188,91,7,-26,32,160,173,264
LLY,Lilly (Eli),752.25,0,5,-8,173,170,-5,13,-12,97,93,263
MEDP,Medpace,497.88,50,65,9,33,157,17,75,9,3,104,261
HOOD,Robinhood Markets,124.76,16,93,86,0,195,19,10,15,19,63,258
NWS,News Corp (Class B),33.92,21,1,117,59,198,35,-13,15,22,59,257
TSLA,"Tesla, Inc.",425.87,77,30,3,11,121,79,36,9,11,135,256
MSFT,Microsoft,518.0,42,0,21,174,237,2,-24,15,26,19,256
CBOE,Cboe Global Markets,232.68,-2,-2,149,56,201,-9,-17,27,52,53,254
META,Meta Platforms,778.35,36,91,22,30,179,33,4,13,24,74,253
APO,Apollo Global Management,144.7,50,1,0,98,149,64,2,11,27,104,253
GRMN,Garmin,235.13,-13,64,117,20,188,7,25,11,22,65,253
CINF,Cincinnati Financial,156.1,2,34,90,63,189,8,25,15,16,64,253
MU,Micron Technology,162.68,84,17,3,23,127,84,26,15,1,126,253
IBKR,Interactive Brokers,65.01,14,2,99,58,173,7,1,13,58,79,252
R,Ryder,183.51,-13,76,16,57,136,-16,62,13,57,116,252
BRK-B,Berkshire Hathaway,492.95,0,17,129,63,209,1,25,-10,27,43,252
EME,Emcor,631.97,1,91,22,59,173,-4,10,13,58,77,250
GM,General Motors,58.98,49,73,12,12,146,13,65,12,14,104,250
BWXT,BWX Technologies,174.5,56,89,18,36,199,3,1,15,32,51,250
AXS,AXIS Capital,95.36,-32,0,91,46,105,6,-4,87,54,143,248
HIG,Hartford (The),130.93,-28,33,99,58,162,4,-2,26,57,85,247
SRE,Sempra,83.2,0,46,5,182,233,2,1,13,-2,14,247
HEI-A,HEICO (Class A),248.86,-7,0,31,183,207,-18,5,22,31,40,247
T,AT&T,28.99,-1,31,75,17,122,-24,33,99,16,124,246
CHRW,C.H. Robinson,136.06,49,59,8,5,121,52,52,11,9,124,245
SYY,Sysco,82.4,11,78,12,4,105,20,91,12,15,138,243
OMF,OneMain Financial,60.84,-7,91,22,61,167,7,26,15,27,75,242
ATO,Atmos Energy,162.93,-23,31,79,46,133,-23,-5,90,46,108,241
NU,Nubank,16.17,72,22,6,0,100,89,17,15,20,141,241
LMT,Lockheed Martin,472.94,82,17,-34,166,231,3,19,-9,-3,10,241
OZK,Bank OZK,52.59,2,91,22,57,172,17,19,13,20,69,241
CHD,Church & Dwight,90.34,-42,-39,-21,345,243,-8,-2,-19,26,-3,240
EVRG,Evergy,72.29,4,72,63,15,154,3,-10,82,11,86,240
PNR,Pentair,110.31,-1,91,14,63,167,7,28,13,25,73,240
AXP,American Express,341.05,24,20,22,100,166,18,20,13,22,73,239
BLK,BlackRock,1142.87,49,90,22,23,184,16,1,15,22,54,238
MDT,Medtronic,95.11,49,58,16,2,125,17,72,8,14,111,236
TKO,TKO Group Holdings,201.16,-1,29,76,41,145,3,22,15,51,91,236
VNT,Vontier,43.26,14,91,10,0,115,16,98,13,-6,121,236
INSM,Insmed,144.73,3,71,69,17,160,-1,41,15,21,76,236
UNP,Union Pacific Corporation,220.65,15,-19,-11,199,184,44,-11,-1,20,52,236
INTU,Intuit,687.54,14,-22,22,192,206,21,-28,15,21,29,235
VMI,Valmont Industries,375.01,-7,81,67,59,200,7,5,12,11,35,235
UNM,Unum,76.22,93,2,3,41,139,15,11,15,55,96,235
GL,Globe Life,145.42,49,43,50,15,157,17,42,9,9,77,234
PPL,PPL Corporation,35.7,-19,49,81,24,135,1,-10,93,15,99,234
AU,AngloGold Ashanti,67.8,7,35,81,19,142,4,44,29,15,92,234
ALAB,Astera Labs,245.2,83,89,2,0,174,-2,51,10,0,59,233
DCI,Donaldson Company,81.07,14,43,7,66,130,7,50,15,31,103,233
FHN,First Horizon Corporation,23.09,17,91,57,5,170,17,20,13,11,61,231
DRS,Leonardo DRS,41.43,0,-23,144,59,180,5,1,15,30,51,231
KMI,Kinder Morgan,27.43,2,0,97,45,144,14,7,13,53,87,231
NEU,NewMarket,814.91,-13,113,24,30,154,-5,27,27,28,77,231
PWR,Quanta Services,388.84,11,0,22,100,133,7,2,15,73,97,230
NTRS,Northern Trust,131.45,27,91,21,12,151,17,33,15,14,79,230
FYBR,Frontier Communications,37.2,-9,29,94,0,114,-26,28,99,15,116,230
WFC,Wells Fargo,84.62,26,7,97,30,160,18,15,15,20,68,228
PGR,Progressive Corporation,242.35,-21,-71,-1,178,85,-28,-11,-8,190,143,228
ADP,Automatic Data Processing,292.08,0,-14,0,181,167,15,-27,15,58,61,228
MLM,Martin Marietta Materials,617.7,0,46,11,61,118,15,51,15,28,109,227
PH,Parker Hannifin,755.19,-28,92,22,66,152,6,23,15,31,75,227
VMC,Vulcan Materials,298.02,6,43,11,61,121,12,51,15,28,106,227
BR,Broadridge Financial Solutions,241.46,-33,-5,119,146,227,-29,-13,15,26,-1,226
CMA,Comerica,69.86,5,65,12,5,87,17,96,12,13,138,225
ICE,Intercontinental Exchange,169.76,-35,-15,117,162,229,-32,-21,27,22,-4,225
FNB,FNB Corporation,16.29,0,91,6,56,153,17,21,14,20,72,225
CME,CME Group,261.46,0,-25,59,137,171,-2,-20,55,20,53,224
JLL,Jones Lang LaSalle,318.61,22,65,9,15,111,19,70,9,15,113,224
TPG,TPG Inc.,63.84,50,74,7,0,131,62,2,9,20,93,224
AYI,Acuity Brands,336.4,0,67,9,28,104,-8,96,11,21,120,224
TOL,Toll Brothers,139.66,-16,75,5,62,126,-8,68,9,27,96,222
NI,NiSource,40.32,0,-5,79,46,120,5,-12,94,15,102,222
PHM,PulteGroup,131.93,-16,64,6,66,120,-8,68,11,30,101,221
KEYS,Keysight,178.14,83,13,3,1,100,88,13,13,6,120,220
SCCO,Southern Copper,110.0,97,13,3,63,176,5,26,15,-3,43,219
IDA,Idacorp,125.97,42,60,61,19,182,4,-10,31,11,36,218
CRH,CRH plc,113.07,0,45,12,65,122,5,54,9,28,96,218
CNP,Centerpoint Energy,38.03,0,45,54,46,145,5,3,48,16,72,217
NOW,ServiceNow,961.22,73,1,0,83,157,14,10,13,23,60,217
USFD,US Foods,78.32,0,-15,148,36,169,2,4,15,27,48,217
JHG,Janus Henderson,44.81,1,76,11,20,108,17,60,12,19,108,216
TDY,Teledyne Technologies,565.15,11,90,57,15,173,7,5,15,16,43,216
ATI,ATI Inc.,80.71,31,0,21,44,96,41,10,15,53,119,215
SYF,Synchrony Financial,76.61,14,91,22,22,149,8,26,13,19,66,215
SCI,Service Corporation International,80.04,2,7,2,176,187,-1,1,13,14,27,214
WEC,WEC Energy Group,110.14,0,47,60,14,121,3,4,73,12,92,213
CRWD,CrowdStrike,502.53,49,2,50,0,101,73,3,15,21,112,213
AFRM,Affirm Holdings,92.2,25,73,17,0,115,32,34,13,18,97,212
PM,Philip Morris International,162.97,-14,-5,75,56,112,-7,-11,90,28,100,212
WPC,W. P. Carey,67.16,-8,88,34,3,117,-22,80,31,6,95,212
UTHR,United Therapeutics,418.01,19,27,3,58,107,14,27,3,60,104,211
RF,Regions Financial Corporation,27.16,14,90,12,23,139,17,27,13,15,72,211
ROIV,Roivant Sciences,15.03,121,28,6,0,155,-5,44,15,1,55,210
EQH,Equitable Holdings,54.23,17,12,97,12,138,13,23,15,20,71,209
XYL,Xylem Inc.,142.88,37,91,13,23,164,17,-10,15,23,45,209
AIZ,Assurant,209.66,-16,32,6,153,175,9,-3,7,20,33,208
FLEX,Flex Ltd.,58.65,12,20,23,59,114,7,13,15,58,93,207
WCC,Wesco International,208.76,-16,90,12,59,145,-7,-2,13,58,62,207
EBAY,eBay,91.1,0,0,82,15,97,16,-11,87,17,109,206
TDG,TransDigm Group,1281.85,-7,-27,2,158,126,6,1,15,58,80,206
CVNA,Carvana,391.44,21,3,97,12,133,30,11,15,17,73,206
MP,MP Materials,73.25,21,74,37,0,132,35,-16,50,5,74,206
NFG,National Fuel Gas,86.46,-7,8,65,53,119,-2,1,76,11,86,205
ARES,Ares Management,183.07,5,0,22,60,87,14,-18,15,107,118,205
MTZ,MasTec,200.96,56,8,24,19,107,56,13,15,14,98,205
LFUS,Littelfuse,262.53,-6,91,8,3,96,7,96,13,-9,107,203
BWA,BorgWarner,44.23,22,93,13,3,131,16,57,15,-17,71,202
PRI,Primerica,275.4,5,13,0,109,127,11,20,13,31,75,202
U,Unity Technologies,46.05,36,80,11,0,127,5,54,15,1,75,202
SNA,Snap-on,337.12,49,12,3,60,124,6,6,8,58,78,202
TSCO,Tractor Supply Company,59.66,0,7,12,86,105,9,-8,9,86,96,201
ESI,Element Solutions,26.51,0,63,2,58,123,41,27,12,-2,78,201
FTI,TechnipFMC,39.42,-15,91,22,28,126,8,13,15,38,74,200
UI,Ubiquiti,634.43,17,20,57,11,105,14,55,15,11,95,200
TER,Teradyne,119.82,14,62,0,3,79,26,92,8,-6,120,199
XEL,Xcel Energy,72.11,-10,47,56,13,106,3,16,64,10,93,199
AMGN,Amgen,285.41,7,-12,-3,166,158,13,-13,3,37,40,198
GWRE,Guidewire Software,244.85,0,11,115,22,148,3,11,15,21,50,198
CAH,Cardinal Health,149.53,-7,-21,60,39,71,5,10,53,58,126,197
IRM,Iron Mountain,99.89,64,5,1,58,128,-7,4,15,57,69,197
FSLR,First Solar,212.47,32,56,0,63,151,26,11,15,-7,45,196
LLYVA,Liberty Live (Series A),94.22,-13,104,35,0,126,-13,65,15,1,68,194
LYFT,Lyft,22.58,93,25,6,-2,122,35,20,15,1,71,193
NET,Cloudflare,225.86,3,91,44,0,138,7,13,15,20,55,193
AFG,American Financial Group,141.25,25,32,6,57,120,17,32,9,15,73,193
MTG,MGIC Investment Corporation,28.33,0,28,24,56,108,13,28,15,29,85,193
DE,Deere & Company,469.71,-1,-21,54,110,142,24,-34,50,11,51,193
EXPD,Expeditors International,120.15,-7,36,6,132,167,-8,27,11,-4,26,193
NWSA,News Corp (Class A),30.62,35,5,14,59,113,38,4,15,22,79,192
RPM,RPM International,122.47,-16,42,5,181,212,-30,-1,12,-1,-20,192
MKSI,MKS Instruments,128.65,72,12,2,1,87,77,23,11,-6,105,192
THG,Hanover Insurance,174.77,-30,30,66,25,91,5,22,58,15,100,191
TT,Trane Technologies,406.58,0,-17,21,165,169,7,-30,15,30,22,191
JBL,Jabil,224.32,15,2,24,66,107,7,2,16,58,83,190
LH,Labcorp,277.35,2,41,60,16,119,11,28,13,19,71,190
HCA,HCA Healthcare,402.2,0,30,8,98,136,5,-2,21,30,54,190
BKNG,Booking Holdings,5440.15,-14,-2,141,36,161,-5,-8,15,27,29,190
CFG,Citizens Financial Group,53.56,21,79,13,5,118,18,26,12,15,71,189
WBS,Webster Bank,61.56,2,91,13,15,121,17,20,13,18,68,189
ALNY,Alnylam Pharmaceuticals,453.61,-32,90,22,16,96,-36,98,15,16,93,189
NVDA,Nvidia,176.5,0,2,19,135,156,7,-17,15,27,32,188
DINO,HF Sinclair,52.5,28,93,5,2,128,30,23,15,-9,59,187
PNC,PNC Financial Services,205.52,17,81,7,15,120,18,22,12,15,67,187
VIK,Viking Holdings,62.19,-32,91,0,0,59,7,106,15,0,128,187
IVZ,Invesco,22.48,2,67,12,3,84,14,63,12,14,103,187
LAZ,Lazard,56.81,14,74,7,21,116,17,26,12,14,69,185
BAC,Bank of America,52.25,50,24,22,19,115,19,21,15,15,70,185
AN,AutoNation,217.84,-16,28,22,62,96,-8,24,15,58,89,185
XOM,ExxonMobil,112.83,47,10,2,45,104,-4,19,14,51,80,184
GTES,Gates Corporation,25.3,-7,91,22,16,122,7,20,15,19,61,183
DTM,DT Midstream,107.37,3,9,108,0,120,14,8,15,26,63,183
FITB,Fifth Third Bancorp,46.06,17,67,5,23,112,17,24,12,17,70,182
BRX,Brixmor Property Group,27.63,-13,73,5,56,121,-8,26,15,27,60,181
PG,Procter & Gamble,156.05,-12,0,-11,180,157,-7,23,-19,27,24,181
MMC,Marsh McLennan,196.78,-36,-72,-8,176,60,-32,-10,-16,179,121,181
AMKR,Amkor Technology,28.29,73,76,0,3,152,14,12,9,-6,29,181
HII,Huntington Ingalls Industries,274.87,2,130,13,7,152,7,10,21,-10,28,180
GGG,Graco Inc.,84.63,-1,-1,0,179,177,-8,-3,15,-1,3,180
JCI,Johnson Controls,108.68,6,8,80,20,114,17,13,15,19,64,178
THC,Tenet Healthcare,190.04,0,28,19,58,105,9,25,13,25,72,177
KEY,Keycorp,19.07,8,91,13,5,117,12,20,13,14,59,176
STT,State Street Corporation,113.27,4,93,22,17,136,13,-3,14,15,39,175
FOX,Fox Corporation (Class B),54.53,14,27,72,2,115,38,-1,12,10,59,174
FIVE,Five Below,151.91,23,93,5,0,121,28,24,16,-16,52,173
EXPE,Expedia Group,222.44,0,64,54,12,130,-13,30,11,15,43,173
NDAQ,"Nasdaq, Inc.",89.58,-32,-2,81,145,192,-34,-15,15,15,-19,173
ADT,ADT Inc.,8.57,-16,111,36,0,131,-23,26,30,9,42,173
PEGA,Pegasystems,59.73,83,11,24,6,124,9,10,13,16,48,172
SNPS,Synopsys,495.48,0,-8,-2,181,171,14,-20,13,-6,1,172
ECG,Everus Construction Group,82.25,50,89,0,0,139,19,1,12,0,32,171
ALLY,Ally Financial,44.23,44,20,7,5,76,43,21,13,17,94,170
MSA,MSA Safety,170.92,7,-4,0,165,168,17,-24,15,-6,2,170
WYNN,Wynn Resorts,129.51,14,93,13,4,124,19,21,15,-9,46,170
SPG,Simon Property Group,180.72,-3,60,6,36,99,-23,59,13,22,71,170
ELAN,Elanco,19.22,14,94,7,0,115,21,26,14,-7,54,169
CRUS,Cirrus Logic,120.11,42,28,3,20,93,42,23,15,-4,76,169
LLYVK,Liberty Live (Series C),97.0,-13,97,35,0,119,-33,67,15,1,50,169
CELH,Celsius Holdings,54.73,-31,130,0,66,165,-7,-3,23,-10,3,168
NXST,Nexstar Media Group,208.62,23,90,14,5,132,17,-4,12,11,36,168
LNG,Cheniere Energy,231.49,-20,-1,65,59,103,-4,-3,15,57,65,168
PCAR,Paccar,99.42,-7,12,-27,160,138,-12,3,2,35,28,166
AON,AON,351.22,-32,-4,0,178,142,-28,-8,2,57,23,165
ZG,Zillow (Class A),83.7,-1,64,59,0,122,-7,20,8,21,42,164
SPGI,S&P Global,506.92,-14,-2,0,173,157,-14,-14,13,22,7,164
QCOM,Qualcomm,166.82,50,18,0,23,91,46,20,13,-6,73,164
FOXA,Fox Corporation (Class A),60.61,21,27,73,2,123,13,-1,13,15,40,163
XP,XP Inc.,19.77,77,8,4,0,89,48,14,21,-9,74,163
WTFC,Wintrust Financial,135.06,0,28,14,50,92,17,20,13,20,70,162
DKS,Dick's Sporting Goods,221.77,-4,57,2,64,119,-2,5,5,34,42,161
GNTX,Gentex,28.66,30,56,0,2,88,19,54,9,-9,73,161
BKR,Baker Hughes,47.31,14,45,9,36,104,7,14,9,27,57,161
TXT,Textron,83.64,35,7,0,54,96,41,15,15,-6,65,161
ZION,Zions Bancorporation,58.66,14,73,5,5,97,17,19,12,16,64,161
MCO,Moody's Corporation,480.74,-13,-2,0,157,142,-8,-14,13,26,17,159
AFL,Aflac,108.05,0,27,6,59,92,-2,26,-13,56,67,159
HR,Healthcare Realty Trust,18.11,0,59,7,1,67,10,65,7,10,92,159
WSM,"Williams-Sonoma, Inc.",197.74,-6,57,13,66,130,-6,5,7,22,28,158
TEM,Tempus AI,88.24,81,28,0,0,109,15,26,8,0,49,158
AGNC,AGNC Investment,9.98,-9,76,16,17,100,-47,74,13,18,58,158
OGE,OGE Energy,44.13,0,-11,73,46,108,-24,-14,73,15,50,158
BOKF,BOK Financial Corporation,111.46,2,60,5,23,90,17,26,9,15,67,157
FLS,Flowserve,56.69,2,62,3,28,95,16,11,8,26,61,156
SSB,SouthState Corporation,101.4,0,62,5,23,90,17,20,9,20,66,156
RGLD,Royal Gold,191.61,1,21,66,19,107,1,29,1,17,48,155
CORT,Corcept Therapeutics,80.53,21,3,69,20,113,18,1,-16,39,42,155
SLM,Sallie Mae,28.43,0,-25,95,23,93,15,-25,49,22,61,154
IDXX,Idexx Laboratories,656.1,24,98,19,5,146,11,-9,15,-9,8,154
ROKU,"Roku, Inc.",101.69,24,72,15,-20,91,28,20,10,5,63,154
W,Wayfair,89.36,7,91,9,-42,65,17,97,15,-41,88,153
NTRA,Natera,181.16,29,22,6,19,76,26,26,5,20,77,153
MKL,Markel,1937.88,5,-5,73,56,129,11,-27,13,27,24,153
STLD,Steel Dynamics,139.27,28,5,5,56,94,26,19,15,-1,59,153
WSO,Watsco,389.42,0,-35,-8,197,154,-8,-33,-33,72,-2,152
NVR,"NVR, Inc.",8095.38,-34,60,-1,66,91,-34,56,8,30,60,151
ABT,Abbott Laboratories,136.04,29,20,61,14,124,19,-8,1,15,27,151
HALO,Halozyme,77.81,9,38,12,20,79,2,49,6,15,72,151
UAL,United Airlines Holdings,106.31,0,64,6,12,82,15,28,9,17,69,151
FICO,Fair Isaac,1477.4,-12,0,-11,167,144,-8,15,-33,32,6,150
H,Hyatt Hotels,142.99,0,2,2,56,60,7,16,11,56,90,150
MMM,3M,156.63,-13,12,79,15,93,1,25,15,15,56,149
MPC,Marathon Petroleum,185.39,28,17,4,50,99,26,17,15,-9,49,148
PEG,Public Service Enterprise Group,81.6,0,-13,0,153,140,2,-21,9,18,8,148
EPR,EPR Properties,56.74,0,7,62,30,99,-19,10,35,22,48,147
MO,Altria,64.86,-35,44,75,46,130,-28,-4,31,17,16,146
SHW,Sherwin-Williams,346.74,-42,-1,0,191,148,-34,-4,15,20,-3,145
GWW,W. W. Grainger,988.37,-7,0,-8,95,80,14,-1,-6,58,65,145
SYK,Stryker Corporation,376.6,-56,-6,0,160,98,5,-3,13,30,45,143
CTAS,Cintas,200.05,-178,-25,0,168,-35,-8,-20,18,188,178,143
SEIC,SEI Investments Company,86.7,-1,-11,97,36,121,-12,-8,15,27,22,143
F,Ford Motor Company,11.62,2,105,7,0,114,-5,25,15,-6,29,143
CCL,Carnival Corporation & plc,30.52,-36,90,22,2,78,11,20,13,20,64,142
GILD,Gilead Sciences,114.04,0,0,56,36,92,10,-13,13,40,50,142
MRP,Millrose Properties,34.34,-7,80,0,0,73,2,58,8,0,68,141
VTR,"Ventas, Inc.",67.12,-8,47,77,23,139,-25,2,9,16,2,141
MRVL,Marvell Technology,74.23,28,0,-26,107,109,30,-23,5,19,31,140
DHI,D. R. Horton,168.33,-35,64,6,66,101,-35,68,9,-3,39,140
BAM,Brookfield Asset Management,60.04,26,0,70,0,96,41,-21,15,9,44,140
CLH,Clean Harbors,234.55,-5,-1,6,59,59,17,-10,15,58,80,139
NLY,Annaly Capital Management,21.35,-11,73,23,11,96,-47,59,13,17,42,138
KRMN,Karman Holdings,66.12,77,28,0,0,105,7,19,7,0,33,138
DAL,Delta Air Lines,59.72,1,63,6,20,90,15,-2,7,27,47,137
HBAN,Huntington Bancshares,17.71,12,20,14,22,68,17,20,15,17,69,137
MSTR,MicroStrategy,344.78,14,-26,104,20,112,24,-36,15,21,24,136
RS,"Reliance, Inc.",287.9,-42,-35,-1,116,38,-8,12,15,78,97,135
MCK,McKesson Corporation,698.38,-24,2,47,59,84,-34,19,-2,68,51,135
SSD,Simpson Manufacturing Company,181.97,-42,43,6,157,164,-36,-2,11,-2,-29,135
FERG,Ferguson Enterprises,229.52,12,4,16,66,98,-3,-2,15,26,36,134
PAG,Penske Automotive Group,176.01,-46,33,20,63,70,-8,-2,15,58,63,133
WTW,Willis Towers Watson,336.66,7,36,13,25,81,9,7,5,30,51,132
INCY,Incyte,86.37,11,77,8,1,97,17,-1,11,8,35,132
TRMB,Trimble Inc.,82.77,7,0,84,5,96,7,3,13,13,36,132
KR,Kroger,65.56,-28,-17,84,68,107,-28,-20,55,16,23,130
STWD,Starwood Property Trust,20.22,-16,13,23,59,79,-7,21,15,22,51,130
FE,FirstEnergy,43.23,-1,44,11,56,110,-1,-9,15,15,20,130
LECO,Lincoln Electric,238.05,-46,90,12,66,122,7,-5,13,-8,7,129
EXP,Eagle Materials,231.23,-1,42,-20,58,79,-8,54,5,-1,50,129
D,Dominion Energy,59.87,0,89,19,2,110,3,-10,15,11,19,129
VRT,Vertiv,143.55,56,2,14,9,81,8,1,12,27,48,129
PFG,Principal Financial Group,81.75,0,20,2,56,78,5,15,12,19,51,129
NOC,Northrop Grumman,572.62,-15,58,15,59,117,-14,-10,22,13,11,128
MTCH,Match Group,38.53,11,75,9,-38,57,17,83,10,-39,71,128
AL,Air Lease Corporation,63.59,0,21,22,23,66,-5,24,15,27,61,127
USB,U.S. Bancorp,50.4,21,24,5,5,55,18,25,12,16,71,126
EWBC,East West Bancorp,108.95,2,20,14,23,59,13,20,14,20,67,126
FAF,First American Financial Corporation,66.33,-7,40,7,15,55,12,37,2,19,70,125
EA,Electronic Arts,172.99,43,37,9,8,97,-7,-8,21,22,28,125
MSGS,Madison Square Garden Sports,213.55,70,9,2,22,103,-1,16,8,-1,22,125
WBD,Warner Bros. Discovery,19.33,74,7,17,0,98,5,7,13,1,26,124
CSL,Carlisle Companies,338.01,-42,-6,-2,179,129,-39,-2,15,21,-5,124
VLO,Valero Energy,162.62,28,20,5,45,98,-2,19,14,-6,25,123
Z,Zillow (Class C),86.74,-1,64,16,0,79,-7,20,9,21,43,122
CSCO,Cisco,68.17,16,0,53,15,84,17,-20,15,26,38,122
LAMR,Lamar Advertising,123.67,-16,20,6,65,75,-8,20,13,22,47,122
JNJ,Johnson & Johnson,176.2,-2,57,13,8,76,-26,55,10,7,46,122
M,"Macy's, Inc.",17.57,35,57,3,-16,79,26,20,4,-7,43,122
LPLA,LPL Financial,335.75,-32,-16,50,100,102,-26,-27,15,58,20,122
VST,Vistra Corp.,211.18,0,8,24,31,63,-2,2,13,46,59,122
TFC,Truist Financial,45.97,2,65,6,5,78,18,-2,12,15,43,121
DD,DuPont,78.08,14,62,-8,20,88,5,20,12,-4,33,121
MTB,M&T Bank,201.92,5,20,6,23,54,18,20,13,15,66,120
FTNT,Fortinet,84.21,22,-35,-7,114,94,13,6,-7,14,26,120
NSC,Norfolk Southern,283.72,31,5,16,5,57,44,-11,15,15,63,120
VRSN,Verisign,282.19,-1,0,41,10,50,-8,12,57,8,69,119
COIN,Coinbase,342.33,63,0,14,0,77,7,2,14,19,42,119
POST,Post Holdings,103.75,-1,-10,-3,88,74,5,-5,-13,58,45,119
RBLX,Roblox Corporation,135.17,0,9,58,0,67,8,10,21,12,51,118
XPO,"XPO, Inc.",130.92,-6,10,1,62,67,-8,19,12,28,51,118
AMZN,Amazon,231.6,-1,13,22,22,56,5,23,12,21,61,117
MPW,Medical Properties Trust,5.01,95,11,2,-37,71,77,17,-12,-36,46,117
DELL,Dell Technologies,131.95,35,0,1,33,69,53,-15,15,-5,48,117
DRI,Darden Restaurants,184.72,-16,-2,49,62,93,-28,20,-1,31,22,115
SCHW,Charles Schwab Corporation,94.29,0,0,82,12,94,9,-18,15,15,21,115
NBIX,Neurocrine Biosciences,145.06,14,28,5,26,73,15,20,12,-5,42,115
PKG,Packaging Corporation of America,211.28,-16,21,0,62,67,-8,21,8,27,48,115
CVX,Chevron Corporation,156.15,-7,53,12,49,107,-7,1,6,7,7,114
WAL,Western Alliance Bancorporation,90.94,2,28,5,5,40,17,26,12,19,74,114
HUBS,HubSpot,521.08,77,1,-15,12,75,32,10,-23,20,39,114
SMCI,Supermicro,45.79,58,-15,0,59,102,7,4,10,-10,11,113
LVS,Las Vegas Sands,53.85,2,91,11,3,107,12,-5,12,-15,4,111
RDDT,Reddit,264.59,3,66,2,0,71,-2,35,7,0,40,111
PODD,Insulet,330.84,-27,28,50,5,56,5,23,19,7,54,110
LNC,Lincoln Financial,41.25,0,60,23,2,85,5,-2,13,9,25,110
MSM,MSC Industrial Direct,91.07,-6,20,12,59,85,-2,22,15,-10,25,110
ONTO,Onto Innovation,122.74,54,20,-31,0,43,75,23,-26,-5,67,110
AMD,Advanced Micro Devices,157.41,0,0,3,111,114,5,-17,15,-8,-5,109
TOST,"Toast, Inc.",41.11,14,-14,82,0,82,17,-24,15,18,26,108
FNF,Fidelity National Financial,58.69,-28,28,0,59,59,3,40,-16,22,49,108
RKT,Rocket Companies,20.51,-3,47,9,0,53,-6,44,14,2,54,107
EMR,Emerson Electric,132.34,-28,-4,21,65,54,3,7,15,27,52,106
KO,Coca-Cola Company (The),66.44,-83,-20,33,183,113,-6,-13,-3,15,-7,106
BLD,TopBuild,413.99,-7,65,7,47,112,-8,-5,11,-4,-6,106
MAR,Marriott International,268.44,3,1,1,59,64,5,-3,12,28,42,106
IONS,Ionis Pharmaceuticals,61.01,-14,94,6,1,87,-5,19,15,-11,18,105
FHB,"First Hawaiian, Inc.",25.67,1,20,5,15,41,17,20,12,15,64,105
VLTO,Veralto,106.92,-8,91,7,0,90,-4,4,14,0,14,104
NYT,New York Times Company,58.41,2,32,7,17,58,16,-7,15,22,46,104
RCL,Royal Caribbean Group,328.46,-61,3,126,29,97,-35,-1,15,28,7,104
CB,Chubb Limited,273.83,-31,0,0,59,28,5,23,-9,57,76,104
BYD,Boyd Gaming,83.29,-58,1,53,60,56,8,-4,15,28,47,103
ADSK,Autodesk,322.68,1,15,4,15,35,16,15,15,20,66,101
EFX,Equifax,257.55,50,7,-9,17,65,-6,7,15,19,35,100
DOCU,DocuSign,84.57,50,4,0,-13,41,41,12,-7,12,58,99
OHI,Omega Healthcare Investors,41.53,-32,50,11,41,70,-55,42,10,32,29,99
MDU,MDU Resources,16.7,7,-19,0,59,47,5,1,15,31,52,99
TRGP,Targa Resources,164.45,0,-1,0,52,51,16,2,-25,55,48,99
HON,Honeywell,209.37,-20,-26,-1,179,132,-34,-38,15,23,-34,98
MAS,Masco,72.23,-16,57,-2,66,105,-34,-1,6,22,-7,98
AEE,Ameren,99.13,-19,0,62,14,57,-24,-13,67,11,41,98
FRHC,Freedom Holding,169.82,3,0,59,15,77,-5,-21,15,31,20,97
CGNX,Cognex Corporation,46.49,14,73,6,-32,61,7,59,11,-41,36,97
AMP,Ameriprise Financial,489.52,-34,-15,0,65,16,7,-11,13,72,81,97
LSCC,Lattice Semiconductor,72.15,21,33,6,0,60,19,26,7,-16,36,96
UBER,Uber,98.5,7,10,23,0,40,5,2,21,27,55,95
RKLB,Rocket Lab,47.75,-9,11,54,0,56,2,13,15,9,39,95
VOYA,Voya Financial,76.61,2,32,6,5,45,13,26,13,-2,50,95
FCX,Freeport-McMoRan,44.94,-1,14,3,59,75,-8,19,15,-7,19,94
AGO,Assured Guaranty,83.68,12,-31,0,57,38,14,4,15,23,56,94
MTSI,MACOM Technology Solutions,127.12,-12,-2,4,59,49,-5,7,13,30,45,94
LNT,Alliant Energy,64.16,-16,0,73,15,72,2,-10,15,14,21,93
EXE,Expand Energy,98.5,26,-44,46,0,28,47,9,-4,11,63,91
APPF,AppFolio,281.67,1,0,10,29,40,8,4,10,29,51,91
GLPI,Gaming and Leisure Properties,46.61,-32,20,0,66,54,-28,20,-13,58,37,91
INFA,Informatica,24.83,8,82,0,0,90,-1,-4,13,-8,0,90
SEE,Sealed Air,34.1,83,21,1,-25,80,6,24,13,-33,10,90
ZS,Zscaler,294.27,14,2,22,6,44,7,4,15,19,45,89
MUSA,Murphy USA,382.46,-4,0,-18,69,47,-8,4,-34,80,42,89
AOS,A. O. Smith,73.09,0,13,0,59,72,-8,15,15,-6,16,88
FLUT,Flutter Entertainment,284.65,0,0,24,22,46,7,-6,13,28,42,88
TNL,Travel + Leisure Co.,61.01,-42,81,14,17,70,-35,26,12,15,18,88
HSY,Hershey Company (The),190.15,28,57,9,0,94,-7,11,9,-20,-7,87
GME,GameStop,26.06,70,0,-15,-31,24,65,14,-8,-8,63,87
LAD,Lithia Motors,332.47,-10,18,0,15,23,16,20,6,22,64,87
CPRT,Copart,45.82,-34,-4,-18,177,121,-33,-3,-28,29,-35,86
SNV,Synovus,50.97,0,0,4,22,26,17,15,13,15,60,86
RPRX,Royalty Pharma,36.27,7,0,37,0,44,9,1,31,1,42,86
VEEV,Veeva Systems,278.03,2,-2,50,9,59,9,-16,15,19,27,86
INTC,Intel,29.56,35,27,0,-21,41,27,26,5,-13,45,86
DECK,Deckers Brands,113.84,-11,17,-29,94,71,-8,14,-25,32,13,84
ADM,Archer Daniels Midland,61.55,1,92,7,0,100,-10,-1,15,-21,-17,83
VVV,Valvoline,38.67,-7,32,0,32,57,-8,26,12,-5,25,82
SNOW,Snowflake Inc.,230.31,6,16,20,0,42,7,16,15,2,40,82
TMUS,T-Mobile US,238.09,-72,0,0,140,68,-3,-6,-13,36,14,82
OSK,Oshkosh Corporation,133.2,-38,90,16,5,73,-2,-6,13,3,8,81
PVH,PVH Corp.,86.53,12,27,0,2,41,18,26,4,-8,40,81
WFRD,Weatherford International,63.79,28,62,-49,0,41,21,20,5,-6,40,81
MET,Metlife,79.16,-28,22,0,59,53,-26,22,13,19,28,81
NTNX,Nutanix,77.04,0,8,3,23,34,-1,7,15,25,46,80
COKE,Coca-Cola Consolidated,113.15,-25,-2,0,87,60,-29,15,-20,53,19,79
EOG,EOG Resources,116.11,-13,-1,-3,46,29,-6,-4,8,52,50,79
O,Realty Income,59.16,-9,35,15,8,49,-25,25,15,14,29,78
GPC,Genuine Parts Company,137.33,-13,44,6,0,37,-8,51,15,-18,40,77
AEP,American Electric Power,107.05,-28,-2,78,24,72,-26,-12,28,15,5,77
CTVA,Corteva,70.82,-35,-5,58,0,18,9,22,15,12,58,76
EXLS,EXL Service,43.37,0,-10,0,66,56,3,-1,4,14,20,76
TROW,T. Rowe Price,105.97,0,76,3,-26,53,16,-3,11,-1,23,76
COLB,Columbia Banking System,26.55,2,40,1,0,43,13,-2,10,11,32,75
CHWY,Chewy,38.48,0,0,46,0,46,30,-1,-6,6,29,75
COHR,Coherent Corp.,109.11,17,2,3,16,38,8,1,12,16,37,75
ROK,Rockwell Automation,347.82,14,7,20,16,57,17,-2,15,-12,18,75
PSX,Phillips 66,129.71,-8,20,0,42,54,-7,20,14,-6,21,75
WTM,White Mountains Insurance Group,1770.49,0,-8,-4,60,48,5,-11,-25,57,26,74
RITM,Rithm Capital,12.1,-15,0,22,33,40,-6,-2,15,27,34,74
CVS,CVS Health,74.93,9,26,15,0,50,18,30,5,-29,24,74
ELF,e.l.f. Beauty,139.82,0,17,0,32,49,-5,22,13,-6,24,73
MANH,Manhattan Associates,217.8,14,1,-34,66,47,16,3,8,-1,26,73
FR,First Industrial Realty Trust,51.69,-4,23,0,15,34,-8,19,13,15,39,73
PCOR,Procore,71.27,35,5,0,0,40,-4,11,5,20,32,72
QS,QuantumScape,13.42,39,3,11,0,53,40,3,13,-37,19,72
SAIL,SailPoint,22.75,37,6,0,0,43,9,11,7,0,27,70
CPNG,Coupang,32.88,0,10,22,0,32,-5,10,15,18,38,70
VZ,Verizon,43.49,-9,31,35,11,68,-7,-11,5,15,2,70
NCLH,Norwegian Cruise Line Holdings,25.23,-10,62,5,0,57,-27,11,8,21,13,70
AVT,Avnet,53.06,-7,8,6,46,53,8,-5,15,-3,15,68
VNO,Vornado Realty Trust,41.65,0,13,3,5,21,5,13,13,16,47,68
CUZ,Cousins Properties,28.84,-7,16,0,12,21,-2,20,15,14,47,68
CSX,CSX Corporation,32.96,35,-14,1,5,27,46,-14,15,-7,40,67
EXC,Exelon,43.4,2,-6,60,15,71,4,-13,-6,11,-4,67
TFSL,Third Federal S&L,13.2,-16,24,8,6,22,12,-2,15,20,45,67
LEN,Lennar (Class A),127.32,-36,47,-2,65,74,-8,-1,6,-4,-7,67
CEG,Constellation Energy,330.77,3,0,21,0,24,7,1,15,20,43,67
WMS,Advanced Drainage Systems,143.18,14,33,1,4,52,5,-1,15,-4,15,67
BXP,"BXP, Inc.",76.49,0,17,3,1,21,-1,18,15,14,46,67
APA,APA Corporation,23.46,35,31,0,-13,53,-6,29,10,-20,13,66
GEN,Gen Digital,28.99,0,-5,20,17,32,9,-7,15,17,34,66
RNR,RenaissanceRe,242.82,0,2,-13,36,25,8,-10,13,29,40,65
LEN-B,Lennar (Class B),121.31,-35,43,-1,63,70,-8,-1,6,-2,-5,65
SEB,Seaboard Corporation,3695.28,-15,65,10,-1,59,-8,-1,13,1,5,64
CFR,Frost Bank,127.14,0,0,3,5,8,17,15,13,11,56,64
CNXC,Concentrix,56.95,45,4,1,0,50,40,11,-3,-34,14,64
PNFP,Pinnacle Financial Partners,96.01,0,0,-9,16,7,17,15,6,19,57,64
ESS,Essex Property Trust,267.55,14,0,0,15,29,15,11,-8,15,33,62
MOS,Mosaic Company (The),33.97,52,3,21,-17,59,4,10,20,-31,3,62
APG,APi Group,34.96,-3,0,23,0,20,7,-7,15,27,42,62
AS,Amer Sports,37.46,14,-1,9,0,22,31,-7,15,0,39,61
RBRK,Rubrik,80.28,0,-8,0,0,-8,7,13,49,0,69,61
WAB,Wabtec,188.6,-34,-27,0,50,-11,7,-7,15,57,72,61
MHK,Mohawk Industries,130.73,-21,53,0,0,32,-33,57,7,-2,29,61
AIT,Applied Industrial Technologies,260.45,-30,0,12,59,41,-33,-17,11,58,19,60
TTEK,Tetra Tech,36.07,0,-1,-34,120,85,-8,-27,11,-2,-26,59
ASTS,AST SpaceMobile,45.08,11,0,16,0,27,38,-31,15,9,31,58
OTIS,Otis Worldwide,89.17,61,-1,-9,0,51,-4,3,-19,27,7,58
SHC,Sotera Health,15.62,-3,30,6,0,33,-5,30,7,-7,25,58
SARO,StandardAero,27.58,50,-27,0,0,23,18,1,15,0,34,57
ENTG,Entegris,93.28,46,7,-49,-7,-3,43,19,4,-6,60,57
RGA,Reinsurance Group of America,186.47,-36,9,-8,41,6,6,-3,-6,54,51,57
ES,Eversource Energy,67.01,7,1,20,0,28,5,5,15,3,28,56
HLT,Hilton Worldwide,268.6,-36,1,21,65,51,-33,-2,13,27,5,56
EQIX,Equinix,788.94,1,0,-13,35,23,15,4,-13,27,33,56
CLF,Cleveland-Cliffs,11.61,0,56,0,-17,39,2,16,8,-9,17,56
ALSN,Allison Transmission,88.3,-10,-1,-10,36,15,7,24,-26,35,40,55
DBX,Dropbox,30.59,-1,17,4,10,30,-12,22,5,9,24,54
PLNT,Planet Fitness,101.02,-43,-14,68,14,25,5,-6,15,15,29,54
EQT,EQT Corporation,49.17,-41,-35,46,43,13,-12,-4,46,11,41,54
IPGP,IPG Photonics,81.4,0,90,6,-45,51,17,20,11,-45,3,54
UHS,Universal Health Services,188.6,0,23,-1,23,45,-7,27,-9,-2,9,54
ARMK,Aramark,37.61,-34,-17,20,41,10,4,-33,15,57,43,53
NVST,Envista,20.92,-5,76,9,0,80,-8,3,11,-33,-27,53
VICI,Vici Properties,31.81,-70,-1,63,16,8,-40,-2,28,58,44,52
CXT,Crane NXT,56.47,-34,-1,-1,56,20,-33,-4,11,57,31,51
DNB,Dun & Bradstreet,9.15,29,52,-28,0,53,46,-13,2,-37,-2,51
HLNE,Hamilton Lane,150.36,2,0,-3,26,25,14,-13,3,22,26,51
ROST,Ross Stores,146.16,-42,34,5,36,33,-14,-2,4,30,18,51
MSCI,MSCI,560.23,-13,1,0,15,3,-13,27,12,21,47,50
UWMC,United Wholesale Mortgage,6.41,-3,31,0,0,28,-8,31,3,-5,21,49
CMS,CMS Energy,70.13,-28,-4,81,24,73,-26,-16,3,15,-24,49
TXN,Texas Instruments,179.3,0,-13,-2,23,8,17,-9,15,17,40,48
KIM,Kimco Realty,21.93,-55,28,4,56,33,-33,20,13,15,15,48
FCNCA,First Citizens BancShares,1865.65,-33,-11,-1,60,15,3,-4,12,22,33,48
NDSN,Nordson,225.1,0,21,0,2,23,-8,25,15,-8,24,47
HIW,Highwoods Properties,31.65,-5,17,5,7,24,-26,20,15,14,23,47
VRTX,Vertex Pharmaceuticals,382.89,-19,-33,-7,105,46,-25,-2,-11,38,0,46
SWKS,Skyworks Solutions,78.95,15,13,0,-31,-3,20,23,12,-6,49,46
IOT,Samsara,40.08,14,0,-15,0,-1,37,11,-22,21,47,46
LOAR,Loar Holdings,80.01,14,2,0,0,16,20,18,-8,0,30,46
PLD,Prologis,113.49,0,20,4,0,24,-6,19,15,-6,22,46
HST,Host Hotels & Resorts,17.41,-1,23,3,3,28,-8,20,13,-7,18,46
SOLV,Solventum,73.69,28,0,0,0,28,-3,10,11,0,18,46
RRC,Range Resources,34.51,-7,-42,0,43,-6,-11,9,-3,56,51,45
APD,Air Products,290.12,-1,3,0,17,19,12,-4,7,11,26,45
BEPC,Brookfield Renewable Partners,33.76,-1,0,15,0,14,-4,9,15,11,31,45
RMD,Resmed,273.22,0,0,22,14,36,-8,-11,14,14,9,45
REGN,Regeneron Pharmaceuticals,591.95,31,28,-46,0,13,45,-10,1,-5,31,44
ZM,Zoom Communications,84.15,-1,17,5,-1,20,-5,19,5,5,24,44
TKR,Timken Company,77.5,0,7,0,5,12,6,20,12,-6,32,44
MTD,Mettler Toledo,1265.09,0,76,-28,0,48,-2,-5,9,-6,-4,44
WWD,"Woodward, Inc.",238.09,-9,-3,24,36,48,-20,-27,15,27,-5,43
IR,Ingersoll Rand,81.6,11,0,-26,24,9,13,10,12,-1,34,43
ROP,Roper Technologies,504.4,-62,-35,-7,183,79,-6,-52,-6,27,-37,42
APTV,Aptiv,85.29,14,28,6,-25,23,17,24,15,-37,19,42
IP,International Paper,46.42,0,-14,0,17,3,19,-6,8,17,38,41
HXL,Hexcel,61.83,-7,63,-2,0,54,-12,-1,9,-10,-14,40
DLR,Digital Realty,172.09,0,1,2,23,26,-26,4,15,20,13,39
TRU,TransUnion,89.91,-1,-1,0,4,2,-2,10,13,15,36,38
WDAY,"Workday, Inc.",233.53,21,3,-15,15,24,15,11,-9,-3,14,38
VTRS,Viatris,9.9,0,31,-2,0,29,8,-4,7,-2,9,38
INGM,Ingram Micro,21.02,0,8,0,0,8,7,11,12,0,30,38
PSN,Parsons Corporation,81.9,21,3,0,0,24,18,-10,8,-2,14,38
CNM,Core & Main,50.93,0,-9,1,0,-8,7,-2,15,25,45,37
PRU,Prudential Financial,103.58,-32,2,-18,56,8,4,-4,9,20,29,37
HPQ,HP Inc.,28.17,0,28,-30,0,-2,7,29,4,-2,38,36
ED,Consolidated Edison,96.34,-19,-18,0,48,11,8,-21,-9,46,24,35
UGI,UGI Corporation,32.9,-30,-18,47,5,4,1,-31,54,6,30,34
XYZ,"Block, Inc.",77.01,21,4,1,-37,-11,27,-6,9,14,44,33
KNSL,Kinsale Capital Group,428.47,-68,-20,-2,34,-56,-1,-8,12,86,89,33
ALK,Alaska Air Group,57.21,-36,57,0,3,24,-33,28,3,10,8,32
LNW,Light & Wonder,87.24,-7,5,-8,58,48,-19,-3,-20,26,-16,32
RIVN,Rivian,14.38,14,4,1,0,19,28,14,-8,-22,12,31
DDOG,Datadog,138.83,1,1,4,0,6,6,8,12,-1,25,31
SAIC,SAIC,103.92,-18,-12,-3,68,35,3,-12,7,-2,-4,31
CI,Cigna,290.44,-35,0,-2,59,22,-7,25,-8,-2,8,30
IT,Gartner,256.38,41,-68,-26,0,-53,41,8,-24,58,83,30
ZBRA,Zebra Technologies,318.59,35,0,-7,-8,20,14,-27,9,14,10,30
MDLZ,Mondelez International,63.7,28,-37,1,0,-8,19,4,24,-10,37,29
NNN,NNN Reit,42.11,-15,0,5,23,13,-28,14,15,15,16,29
QXO,"QXO, Inc.",20.62,-8,11,0,-15,-12,17,12,18,-7,40,28
CERT,"Certara, Inc.",11.48,44,7,-20,0,31,41,1,-12,-33,-3,28
BC,Brunswick Corporation,63.34,-7,75,-43,-8,17,-8,20,9,-10,11,28
REXR,Rexford Industrial,41.97,-7,76,0,-19,50,-27,27,11,-33,-22,28
DOV,Dover Corporation,171.34,-42,-16,-8,107,41,-37,-7,11,20,-13,28
CRM,Salesforce,247.05,1,0,-18,23,6,14,11,-26,22,21,27
CWEN-A,Clearway Energy (Class A),26.73,-28,-21,63,7,21,2,-35,27,11,5,26
CWEN,Clearway Energy (Class C),28.08,-27,-21,63,5,20,2,-35,27,11,5,25
JAZZ,Jazz Pharmaceuticals,128.33,18,31,0,-7,42,20,23,-21,-40,-18,24
BSY,Bentley Systems,52.82,0,-6,14,0,8,13,-5,15,-7,16,24
WAT,Waters Corporation,300.98,27,-1,-10,0,16,-2,20,-25,15,8,24
CTRA,Coterra,23.29,-8,-1,-10,45,26,-12,13,-17,14,-2,24
DAY,Dayforce,68.8,-13,24,5,-13,3,-4,20,5,-1,20,23
SN,SharkNinja,114.96,0,0,13,0,13,17,-22,12,2,9,22
LUV,Southwest Airlines,32.51,21,0,6,-40,-13,19,-2,13,5,35,22
DVN,Devon Energy,33.97,-7,28,-3,-6,12,-5,24,14,-23,10,22
STAG,STAG Industrial,34.98,-59,0,0,97,38,-26,-1,15,-5,-17,21
ARE,Alexandria Real Estate Equities,86.24,89,28,-42,-31,44,49,17,-53,-36,-23,21
S,SentinelOne,19.09,21,2,-30,0,-7,13,12,4,-2,27,20
FDX,FedEx,231.97,7,1,-31,33,10,7,1,7,-5,10,20
AVB,AvalonBay Communities,193.03,-16,0,-8,17,-7,7,15,-12,16,26,19
PR,Permian Resources,13.25,-7,-1,-2,27,17,-5,-5,15,-3,2,19
DOC,Healthpeak Properties,18.47,35,12,-22,-32,-7,37,15,-37,10,25,18
PK,Park Hotels & Resorts,11.99,0,28,-31,0,-3,-1,20,8,-6,21,18
EQR,Equity Residential,65.05,-16,0,-1,14,-3,1,14,-8,14,21,18
CR,Crane Co.,182.04,-7,-6,21,0,8,7,-18,15,6,10,18
RVMD,Revolution Medicines,43.54,0,11,-1,0,10,-23,17,15,-1,8,18
LPX,Louisiana-Pacific,88.3,-37,-3,-2,64,22,-34,-3,5,27,-5,17
NEE,NextEra Energy,71.07,0,-4,-1,0,-5,4,-11,15,14,22,17
PATH,UiPath,11.86,21,0,-16,0,5,21,10,-8,-11,12,17
VNOM,Viper Energy,37.4,-16,0,-14,45,15,-8,-6,-33,48,1,16
HOG,Harley-Davidson,28.33,-16,28,-1,-10,1,-8,25,10,-12,15,16
CBSH,Commerce Bancshares,59.24,0,-33,-1,12,-22,17,-8,15,14,38,16
DOX,Amdocs,83.79,-16,-29,0,59,14,-3,-16,15,6,2,16
AUR,Aurora Innovation,6.06,35,2,-6,0,31,7,-15,-23,16,-15,16
CACC,Credit Acceptance,507.66,14,5,0,2,21,5,-2,-3,-6,-6,15
RRX,Regal Rexnord,143.36,0,-10,-4,4,-10,21,-6,12,-2,25,15
TTC,Toro Company (The),78.21,-7,47,-1,-1,38,-8,-1,6,-21,-24,14
OVV,Ovintiv,41.23,-7,4,0,3,0,-4,13,12,-7,14,14
ALGM,Allegro MicroSystems,31.45,19,-1,16,0,34,20,-37,13,-17,-21,13
PNW,Pinnacle West Capital,86.51,-33,-16,0,19,-30,2,-14,27,27,42,12
ACGL,Arch Capital Group,88.39,-31,0,-13,63,19,3,-4,-6,-1,-8,11
CNA,CNA Financial,45.48,-79,32,0,58,11,-1,-6,-14,21,0,11
CSGP,CoStar Group,87.12,-4,0,11,15,22,-8,-21,28,-10,-11,11
EGP,EastGroup Properties,166.08,-1,0,-2,9,6,-2,-2,15,-6,5,11
OWL,Blue Owl Capital,18.89,14,-22,-9,0,-17,17,-18,7,22,28,11
SUI,Sun Communities,128.09,-13,15,8,-25,-15,-30,28,15,12,25,10
PINS,Pinterest,35.79,0,0,0,-1,-1,-5,11,11,-6,11,10
CFLT,"Confluent, Inc.",20.05,14,0,-8,0,6,14,11,-23,1,3,9
ETSY,Etsy,65.02,56,2,2,-31,29,19,-18,15,-38,-22,7
A,Agilent Technologies,126.32,0,17,-28,0,-11,-5,23,6,-6,18,7
SMMT,Summit Therapeutics,18.85,0,-10,0,15,5,8,-24,-2,20,2,7
FRT,Federal Realty Investment Trust,99.62,-16,23,-2,2,7,-28,23,6,-2,-1,6
QGEN,Qiagen,45.94,0,-8,17,0,9,7,-31,15,6,-3,6
GLIBA,GCI Liberty (Series A),36.06,0,0,0,0,0,7,-2,0,0,5,5
PAYX,Paychex,129.96,-98,-37,-1,168,32,-7,-30,-6,15,-28,4
KDP,Keurig Dr Pepper,27.09,0,-19,-4,-1,-24,18,-13,23,-1,27,3
AIG,American International Group,76.96,-104,-1,33,54,-18,9,-5,-5,22,21,3
EIX,Edison International,55.65,0,35,-37,0,-2,5,-4,5,-2,4,2
RH,RH,224.67,0,46,-29,-8,9,-8,-1,3,-1,-7,2
MGM,MGM Resorts International,35.79,0,0,-2,0,-2,7,-6,12,-10,3,1
LCID,Lucid Motors,21.13,59,-23,-9,0,27,30,2,-22,-36,-26,1
GLIBK,GCI Liberty (Series C),35.44,-2,0,0,0,-2,9,-6,0,0,3,1
SWK,Stanley Black & Decker,76.66,-1,57,-34,-40,-18,-8,26,4,-3,19,1
OC,Owens Corning,145.58,-32,33,-29,59,31,-32,-2,4,-1,-31,0
FANG,Diamondback Energy,139.61,2,-12,-34,48,4,-2,-5,9,-6,-4,0
NCNO,nCino,29.61,-7,17,-31,0,-21,-4,17,10,-2,21,0
DIS,Walt Disney Company (The),113.72,-16,-6,20,-1,-3,-14,-2,15,4,3,0
HRB,H&R Block,50.28,-14,-72,-6,53,-39,-7,4,-11,53,39,0
QRVO,Qorvo,91.8,2,4,0,-32,-26,19,-2,14,-6,25,-1
ECL,Ecolab,265.6,-42,-2,21,23,0,-28,-8,15,20,-1,-1
LEA,Lear Corporation,105.34,-46,28,0,-18,-36,17,20,14,-16,35,-1
DT,Dynatrace,48.35,-3,-31,-7,0,-41,7,-1,12,21,39,-2
CF,CF Industries,85.09,-1,-31,2,5,-25,1,-2,15,9,23,-2
GTM,ZoomInfo,11.83,0,8,0,0,8,-1,18,11,-38,-10,-2
HSIC,Schein (Henry),67.86,-20,-1,-10,0,-31,5,15,4,4,28,-3
LBTYK,Liberty Global (Series C),11.88,0,35,-45,-31,-41,-2,72,4,-37,37,-4
RAL,Ralliant,43.41,14,0,0,0,14,17,-36,0,0,-19,-5
GAP,Gap Inc.,22.26,-28,1,0,19,-8,-35,23,-8,20,0,-8
GEHC,GE HealthCare,74.9,-11,11,-25,0,-25,-8,12,4,9,17,-8
CCK,Crown Holdings,94.64,-1,-23,22,6,4,-26,-14,15,13,-12,-8
TDC,Teradata,21.99,59,3,-84,-18,-40,45,5,-2,-17,31,-9
ESAB,ESAB,110.52,0,-32,-2,0,-34,-7,-2,15,18,24,-10
GEV,GE Vernova,623.93,0,1,1,0,2,-31,2,16,0,-13,-11
TMO,Thermo Fisher Scientific,482.9,0,42,-27,0,15,6,-2,-26,-4,-26,-11
CPAY,Corpay,301.73,-13,-35,-3,22,-29,-7,-4,3,26,18,-11
AGCO,AGCO,109.66,2,0,12,0,14,-12,-15,16,-14,-25,-11
BILL,Bill.com,52.35,2,16,-29,0,-11,19,16,3,-38,0,-11
SFD,Smithfield Foods,23.95,0,-2,0,0,-2,-8,-11,9,0,-10,-12
ESTC,Elastic NV,89.2,2,10,-18,-7,-13,13,16,-23,-5,1,-12
ON,ON Semiconductor,51.06,24,-16,-42,-2,-36,26,2,11,-16,23,-13
SJM,J.M. Smucker Company (The),108.81,4,1,0,-5,0,10,-2,3,-24,-13,-13
FOUR,Shift4,86.9,0,-33,-5,0,-38,-2,-4,5,25,24,-14
MCHP,Microchip Technology,65.15,2,-10,0,0,-8,-2,-11,15,-8,-6,-14
LBTYA,Liberty Global (Series A),11.74,0,35,-45,-32,-42,-2,35,6,-11,28,-14
ABNB,Airbnb,126.98,10,-31,-8,0,-29,21,-5,5,-6,15,-14
MDB,MongoDB Inc.,323.43,-16,25,3,-10,2,-31,17,7,-10,-17,-15
EXR,Extra Space Storage,139.28,-16,0,-8,0,-24,-33,11,15,14,7,-17
VRSK,Verisk Analytics,243.37,-56,-39,-1,115,19,-54,-5,-7,29,-37,-18
RLI,RLI Corp.,64.64,-58,-75,-15,177,29,-3,-9,-34,-1,-47,-18
K,Kellanova,77.41,-19,-3,0,22,0,-18,-2,-12,14,-18,-18
GPN,Global Payments,86.56,4,43,-32,-40,-25,17,-2,3,-11,7,-18
REYN,Reynolds Consumer Products,22.76,-6,32,-33,0,-7,-7,-3,2,-4,-12,-19
SBUX,Starbucks,84.56,3,-13,-6,0,-16,7,-21,3,8,-3,-19
TWLO,Twilio,106.47,2,-30,0,-35,-63,16,5,11,12,44,-19
BHF,Brighthouse Financial,57.55,5,1,1,1,8,-29,1,-8,9,-27,-19
CUBE,CubeSmart,40.21,-13,0,-28,2,-39,-8,16,15,-3,20,-19
OKE,Oneok,71.56,-7,-35,-18,55,-5,-2,-35,-30,52,-15,-20
GNRC,Generac,182.27,-7,0,8,-35,-34,2,-11,12,11,14,-20
BIO,Bio-Rad Laboratories,285.87,0,57,-32,-29,-4,16,-2,6,-38,-18,-22
BIRK,Birkenstock,47.66,0,-11,-4,0,-15,7,-9,-6,0,-8,-23
CPT,Camden Property Trust,107.95,-41,-6,0,0,-47,4,15,-8,12,23,-24
QSR,Restaurant Brands International,63.76,7,-31,-5,41,12,-10,-32,15,-9,-36,-24
GDDY,GoDaddy,144.76,-7,-51,-8,23,-43,13,7,-24,23,19,-24
OXY,Occidental Petroleum,46.1,0,21,-60,0,-39,-3,23,11,-17,14,-25
SON,Sonoco,46.31,-9,7,-1,0,-3,-24,5,12,-15,-22,-25
DG,Dollar General,102.1,-7,-1,0,-18,-26,17,-16,27,-27,1,-25
NUE,Nucor,133.28,-16,0,-1,0,-17,-8,-3,12,-9,-8,-25
ELV,Elevance Health,313.91,10,0,-49,-3,-42,16,20,-15,-4,17,-25
CMG,Chipotle Mexican Grill,39.3,0,-41,-11,81,29,-3,-42,-9,-1,-55,-26
GTLB,GitLab,50.2,5,10,-26,0,-11,-5,17,-25,-2,-15,-26
SW,Smurfit Westrock,43.83,-63,-6,-2,17,-54,-7,12,5,18,28,-26
FND,Floor & Decor,83.36,-6,12,-40,-7,-41,-8,26,3,-7,14,-27
CAR,Avis Budget Group,157.67,1,-12,14,-21,-18,1,10,18,-38,-9,-27
SAIA,Saia,309.93,0,5,-31,5,-21,-8,5,3,-6,-6,-27
CTSH,Cognizant,66.94,-3,-37,-8,15,-33,-3,-2,-8,19,6,-27
IQV,IQVIA,187.21,0,7,-45,0,-38,7,3,7,-7,10,-28
BG,Bunge Global,79.17,-16,0,0,0,-16,-13,-8,15,-6,-12,-28
ST,Sensata Technologies,31.27,-7,28,0,-16,5,-8,-2,13,-36,-33,-28
AES,AES Corporation,13.06,2,0,0,-12,-10,7,-12,11,-25,-19,-29
THO,Thor Industries,102.68,-56,75,6,3,28,-60,-1,11,-7,-57,-29
OMC,Omnicom Group,75.03,-16,28,-32,0,-20,-8,-1,2,-2,-9,-29
VFC,VF Corporation,14.44,-7,20,-25,-44,-56,-1,18,2,8,27,-29
HAS,Hasbro,74.15,-42,0,19,4,-19,-33,-5,15,12,-11,-30
DLTR,Dollar Tree,95.25,-7,-10,0,-16,-33,14,-19,30,-23,2,-31
WST,West Pharmaceutical Services,254.86,-6,11,-32,-8,-35,-8,12,6,-9,1,-34
BRO,Brown & Brown,91.74,-98,-100,-4,164,-38,-2,-6,-15,27,4,-34
INGR,Ingredion,122.59,-70,-35,-3,35,-73,-12,-5,-1,57,39,-34
BBY,Best Buy,72.24,-16,28,-29,-7,-24,-35,25,3,-3,-10,-34
DHR,Danaher Corporation,193.28,0,-9,-34,-1,-44,18,-12,8,-5,9,-35
KMB,Kimberly-Clark,124.65,-42,-6,-4,19,-33,-1,-13,-16,27,-3,-36
ARW,Arrow Electronics,121.72,-21,-3,6,5,-13,-27,-3,15,-9,-24,-37
REG,Regency Centers,70.26,-55,-4,0,54,-5,-66,-2,15,20,-33,-38
BLDR,Builders FirstSource,124.16,-35,0,-33,66,-2,-35,-2,5,-4,-36,-38
DAR,Darling Ingredients,31.93,27,-2,-11,-21,-7,-5,-8,13,-31,-31,-38
AMT,American Tower,193.27,0,-33,-2,-1,-36,-7,-32,25,12,-2,-38
BJ,BJ's Wholesale Club,95.98,-7,-58,0,11,-54,-12,-25,-7,59,15,-39
ILMN,"Illumina, Inc.",102.71,33,2,-33,-41,-39,31,3,7,-41,0,-39
PEN,"Penumbra, Inc.",255.84,-40,16,0,12,-12,-50,29,-11,4,-28,-40
PB,Prosperity Bancshares,65.98,-38,-38,-9,15,-70,12,-4,7,15,30,-40
CART,Maplebear Inc.,41.48,-20,-7,-1,0,-28,-26,2,12,0,-12,-40
KD,Kyndryl,31.35,-30,-33,-1,0,-64,-5,8,-2,21,22,-42
YETI,Yeti Holdings,34.59,-6,4,-40,-7,-49,-5,14,9,-11,7,-42
GXO,GXO Logistics,49.62,-16,0,6,0,-10,-31,-6,14,-9,-32,-42
EG,Everest Group,335.37,-28,-4,-41,56,-17,3,20,-42,-6,-25,-42
CNH,CNH Industrial,10.96,-7,-26,-2,0,-35,17,-42,15,3,-7,-42
CHE,Chemed Corporation,451.04,0,0,-16,0,-16,-1,-2,-14,-9,-26,-42
POOL,Pool Corporation,317.88,-6,11,-28,-7,-30,-8,4,2,-10,-12,-42
AA,Alcoa,32.45,-1,20,-26,-21,-28,-15,25,7,-33,-16,-44
DKNG,DraftKings,43.46,-77,0,0,0,-77,7,-2,7,21,33,-44
IPG,Interpublic Group of Companies (The),25.66,-16,43,-48,0,-21,-8,-1,3,-18,-24,-45
PYPL,PayPal,68.22,21,-26,-8,-40,-53,18,-30,8,10,6,-47
AR,Antero Resources,31.68,-16,-44,-1,11,-50,-13,9,-5,11,2,-48
IAC,IAC Inc.,36.21,0,-1,-7,-32,-40,21,12,-2,-39,-8,-48
RYN,Rayonier,25.7,-36,33,-2,0,-5,-33,-5,3,-10,-45,-50
KBR,"KBR, Inc.",48.78,-7,0,-35,0,-42,14,-7,-13,-2,-8,-50
FI,Fiserv,131.79,-12,-50,-19,36,-45,-3,-10,-20,28,-5,-50
CCCS,CCC Intelligent Solutions,9.53,-12,0,-33,0,-45,-4,-2,7,-7,-6,-51
VKTX,Viking Therapeutics,25.39,0,-23,-45,22,-46,7,-15,10,-7,-5,-51
ADBE,Adobe Inc.,365.78,21,0,-41,-7,-27,21,6,-45,-6,-24,-51
HAYW,Hayward Holdings,14.93,-42,0,0,0,-42,-36,-3,13,17,-9,-51
MOH,Molina Healthcare,175.19,-23,-1,-18,-3,-45,-1,17,-14,-9,-7,-52
ADC,Agree Realty,71.19,-26,-4,0,17,-13,-26,-18,-10,14,-40,-53
EXAS,Exact Sciences,53.3,-7,11,-33,-26,-55,6,19,-7,-17,1,-54
IRDM,Iridium Communications,18.07,0,-36,-9,-20,-65,21,-2,12,-20,11,-54
ONON,On Holding AG,45.22,14,-36,-4,0,-26,19,-67,-1,21,-28,-54
SPR,Spirit AeroSystems,38.51,-63,-7,23,0,-47,-54,-4,35,15,-8,-55
CLX,Clorox,121.67,-8,-1,-22,-6,-37,-7,7,-32,14,-18,-55
HOLX,Hologic,66.31,2,0,-40,0,-38,-5,-13,8,-8,-18,-56
CPB,Campbell Soup Company,33.42,12,13,-37,-7,-19,5,7,-44,-6,-38,-57
EL,Estée Lauder Companies (The),87.8,8,0,0,-27,-19,-8,-7,13,-36,-38,-57
WH,Wyndham Hotels & Resorts,83.13,-38,-3,-8,12,-37,-32,-8,3,16,-21,-58
FTV,Fortive,48.63,1,-1,-26,0,-26,-8,7,-22,-9,-32,-58
LII,Lennox International,539.93,-42,-19,-2,39,-24,-39,-32,9,28,-34,-58
TPL,Texas Pacific Land Corporation,872.67,-11,-78,-14,59,-44,-19,-1,-10,14,-16,-60
BDX,Becton Dickinson,187.08,-1,31,-33,-6,-9,-6,-6,-24,-16,-52,-61
UNH,UnitedHealth Group,336.61,0,13,-23,-5,-15,-33,25,-36,-2,-46,-61
TXRH,Texas Roadhouse,158.32,-33,-30,-4,65,-2,-25,-66,-1,32,-60,-62
BAH,Booz Allen Hamilton,102.1,-32,-14,-35,102,21,-31,-13,-37,-2,-83,-62
PENN,Penn Entertainment,19.09,-42,27,0,-35,-50,7,20,5,-45,-13,-63
CRL,Charles River Laboratories,155.29,0,-6,-59,-27,-92,16,11,11,-9,29,-63
OGN,Organon & Co.,10.45,0,11,-34,0,-23,-2,13,-47,-5,-41,-64
SBAC,SBA Communications,199.02,30,-33,-4,-21,-28,-7,-33,-3,6,-37,-65
RNG,RingCentral,31.24,0,27,-31,-42,-46,-2,24,5,-46,-19,-65
BA,Boeing,215.55,-77,-6,13,0,-70,7,-5,15,-12,5,-65
DPZ,Domino's,428.63,-56,-33,-1,11,-79,-35,-3,32,19,13,-66
CCI,Crown Castle,93.6,-14,-18,-1,-29,-62,-7,-29,25,6,-5,-67
DVA,DaVita,130.16,-56,-19,-8,21,-62,5,-5,-25,20,-5,-67
MAA,Mid-America Apartment Communities,140.86,-43,-37,-2,0,-82,4,11,-13,12,14,-68
KMPR,Kemper Corporation,51.83,-40,-32,-11,-1,-84,9,-2,-8,15,14,-70
LW,Lamb Weston,55.67,-7,27,-77,-9,-66,-12,15,8,-15,-4,-70
KVUE,Kenvue,18.35,-19,-19,-3,0,-41,3,-29,-8,4,-30,-71
DLB,Dolby Laboratories,71.58,-7,-19,-8,0,-34,-12,-9,-25,9,-37,-71
PSA,Public Storage,278.97,-37,0,-16,2,-51,-33,-1,15,-1,-20,-71
COP,ConocoPhillips,91.9,-7,0,-50,0,-57,-7,-5,7,-9,-14,-71
MIDD,Middleby,134.83,-47,0,-8,0,-55,-8,-1,-21,14,-16,-71
AVTR,Avantor,12.49,-1,0,-34,0,-35,18,-4,-45,-6,-37,-72
BEN,Franklin Templeton Investments,24.4,-77,0,13,0,-64,7,-8,15,-23,-9,-73
CIVI,Civitas Resources,30.79,-21,29,-60,-1,-53,-13,-3,4,-10,-22,-75
FCN,FTI Consulting,161.62,-16,-8,-42,0,-66,-7,-2,5,-6,-10,-76
ATR,AptarGroup,134.44,-56,-35,-8,21,-78,-8,-32,15,26,1,-77
CHRD,Chord Energy,100.41,-13,-1,-55,0,-69,-7,-4,9,-7,-9,-78
ISRG,Intuitive Surgical,438.53,-42,-37,-8,23,-64,7,-45,-3,27,-14,-78
CROX,Crocs,80.29,0,-31,-47,-2,-80,21,-4,-9,-6,2,-78
RGEN,Repligen,122.36,15,0,-21,-18,-24,20,-11,-25,-38,-54,-78
PCG,PG&E Corporation,14.91,-16,0,-35,2,-49,-32,38,-34,-2,-30,-79
LBRDK,Liberty Broadband (Series C),60.39,22,-40,-8,-37,-63,-7,-11,-8,9,-17,-80
LBRDA,Liberty Broadband (Series A),60.07,22,-40,-8,-37,-63,-7,-11,-8,9,-17,-80
SITE,SiteOne Landscape Supply,135.25,-55,0,-1,-10,-66,-12,-2,8,-9,-15,-81
SNDR,Schneider National,22.39,-18,-16,-10,0,-44,-34,-10,7,-1,-38,-82
OLED,Universal Display Corporation,141.9,1,-23,-42,0,-64,19,-47,15,-6,-19,-83
AMCR,Amcor,8.27,0,-26,-6,0,-32,-7,-35,-6,-3,-51,-83
LINE,"Lineage, Inc.",40.26,-11,-31,0,0,-42,-11,4,-36,0,-43,-85
WLK,Westlake Corporation,83.06,-16,27,-45,0,-34,-8,20,-57,-7,-52,-86
MTDR,Matador Resources,45.41,-40,-3,-34,0,-77,-7,-3,8,-7,-9,-86
PPC,Pilgrim's Pride,40.71,-63,-11,0,22,-52,-27,-18,-9,19,-35,-87
BIIB,Biogen,142.36,-7,27,-89,-28,-97,-7,34,2,-19,10,-87
AVY,Avery Dennison,164.3,-16,-19,-40,0,-75,-8,-10,12,-6,-12,-87
GIS,General Mills,50.36,7,0,-46,-5,-44,12,7,-42,-20,-43,-87
OKTA,"Okta, Inc.",93.36,14,-72,-3,-25,-86,7,-8,-8,7,-2,-88
DXCM,Dexcom,67.46,-27,-19,-4,-15,-65,-26,-2,15,-10,-23,-88
KNX,Knight-Swift,40.01,-16,-19,-30,-3,-68,-8,-3,5,-14,-20,-88
CARR,Carrier Global,60.38,-52,-34,-4,0,-90,-12,-30,15,27,0,-90
JBHT,J. B. Hunt,132.46,-16,-16,-36,-1,-69,-8,-9,5,-11,-23,-92
AKAM,Akamai Technologies,76.28,-41,4,-31,-8,-76,7,18,-31,-11,-17,-93
VIRT,Virtu Financial,35.47,-83,-15,0,15,-83,-74,-27,76,15,-10,-93
AXTA,Axalta,30.25,-38,12,-21,23,-24,-33,-1,-34,-1,-69,-93
TECH,Bio-Techne,53.15,2,0,-32,-25,-55,6,-6,-32,-7,-39,-94
PAYC,Paycom,216.37,-35,-19,24,-25,-55,6,-22,15,-38,-39,-94
COO,Cooper Companies (The),68.17,6,-16,-32,-6,-48,6,-11,-37,-4,-46,-94
NOV,NOV Inc.,12.63,-16,0,-60,-13,-89,-8,13,6,-16,-5,-94
OLN,Olin Corporation,24.14,-10,20,-65,-10,-65,-30,20,3,-24,-31,-96
INVH,Invitation Homes,29.64,-36,-41,-13,0,-90,-7,-6,-8,15,-6,-96
EMN,Eastman Chemical Company,65.12,-16,0,-26,-2,-44,-8,-2,-40,-3,-53,-97
CDW,CDW,161.15,-14,-33,-47,0,-94,-8,7,7,-9,-3,-97
PEP,PepsiCo,141.72,-84,46,-47,0,-85,3,-5,4,-14,-12,-97
WEX,WEX Inc.,163.43,-17,0,-48,0,-65,-34,-1,9,-9,-35,-100
DUOL,Duolingo,290.85,0,-57,-1,0,-58,9,-71,-6,24,-44,-102
BROS,Dutch Bros. Coffee,58.65,-75,-5,0,0,-80,-34,-5,5,12,-22,-102
PFE,Pfizer,24.03,-42,-1,-4,-24,-71,-6,-9,12,-29,-32,-103
BURL,Burlington Stores,263.03,-65,0,6,4,-55,-68,-6,8,18,-48,-103
PPG,PPG Industries,109.45,-16,0,-51,-9,-76,-28,-6,15,-9,-28,-104
CZR,Caesars Entertainment,25.56,0,-36,-31,-26,-93,26,-2,3,-38,-11,-104
ACHC,Acadia Healthcare,22.08,0,6,-53,-12,-59,-2,21,-47,-17,-45,-104
ELS,Equity Lifestyle Properties,60.54,-15,-2,-26,0,-43,-26,6,-37,-4,-61,-104
SIRI,Sirius XM,23.14,-43,18,-2,-32,-59,-55,22,5,-18,-46,-105
FBIN,Fortune Brands Innovations,55.77,-34,0,-31,-6,-71,-34,-2,4,-3,-35,-106
BMY,Bristol Myers Squibb,45.02,-40,-1,-5,-6,-52,-37,-5,-19,6,-55,-107
KHC,Kraft Heinz,26.41,0,-10,-47,-1,-58,9,-28,-19,-11,-49,-107
LKQ,LKQ Corporation,30.69,-34,-5,-11,-3,-53,-34,16,-19,-18,-55,-108
CE,Celanese,44.22,-11,-30,-48,-11,-100,-8,11,-2,-10,-9,-109
MTN,Vail Resorts,146.84,-1,-11,-38,-24,-74,-4,-6,11,-37,-36,-110
RVTY,Revvity,86.7,21,-37,-25,-25,-66,24,-42,-30,4,-44,-110
TYL,Tyler Technologies,534.32,-56,-20,0,18,-58,-55,-22,6,19,-52,-110
HAL,Halliburton,22.51,4,17,-68,0,-47,-2,15,-67,-10,-64,-111
SRPT,Sarepta Therapeutics,17.43,-2,0,-34,-8,-44,5,-10,-55,-7,-67,-111
BALL,Ball Corporation,48.73,-16,-25,-8,-12,-61,-27,-33,15,-6,-51,-112
AWK,American Water Works,135.03,-70,-10,31,0,-49,-62,-10,-1,9,-64,-113
KMX,CarMax,58.41,-16,-1,-24,-37,-78,-25,17,-28,-1,-37,-115
UDR,"UDR, Inc.",37.56,-42,-36,-3,-1,-82,-34,-4,-10,14,-34,-116
MRK,Merck & Co.,81.5,-40,35,-52,0,-57,7,-4,-56,-7,-60,-117
NWL,Newell Brands,5.53,-51,20,-32,-32,-95,-8,18,3,-37,-24,-119
EEFT,Euronet Worldwide,89.24,-19,-37,-8,-4,-68,-26,-37,-5,14,-54,-122
UHAL,U-Haul,56.3,-42,-38,-20,0,-100,-8,-2,-33,21,-22,-122
IEX,IDEX Corporation,161.05,-8,-37,-33,-3,-81,5,-8,-33,-7,-43,-124
AMTM,Amentum,22.34,-84,-3,0,0,-87,-35,-17,15,0,-37,-124
RYAN,Ryan Specialty,53.27,5,-61,-8,0,-64,-5,-67,-14,26,-60,-124
SAM,Boston Beer Company,223.09,3,13,-40,-38,-62,21,-2,-36,-45,-62,-124
LULU,Lululemon Athletica,169.56,0,-73,-16,-4,-93,18,-11,-25,-13,-31,-124
HUM,Humana,252.75,-59,0,-1,-13,-73,-29,-2,1,-21,-51,-124
TFX,Teleflex,122.56,-32,22,-47,-40,-97,-7,34,-43,-11,-27,-124
AMH,American Homes 4 Rent,33.43,-96,-37,-13,69,-77,-56,-6,-1,16,-47,-124
TSN,Tyson Foods,53.6,-42,-2,-6,-29,-79,-35,-6,-16,12,-45,-124
WTRG,Essential Utilities,37.03,-97,-4,11,-1,-91,-26,-7,-6,6,-33,-124
CAG,Conagra Brands,18.54,-16,-5,-37,-8,-66,-8,-9,-19,-24,-60,-126
FIS,Fidelity National Information Services,65.08,-16,-33,-7,-38,-94,-7,-35,-2,12,-32,-126
SMG,Scotts Miracle-Gro Company,58.03,-16,-16,-27,-40,-99,-34,-2,11,-2,-27,-126
EPAM,EPAM Systems,156.21,0,-8,-31,-28,-67,7,-6,-22,-38,-59,-126
CNC,Centene,31.77,-8,0,-49,-12,-69,-32,21,-18,-29,-58,-127
CHTR,Charter Communications,262.52,22,-40,-9,-37,-64,-7,-45,-9,-2,-63,-127
DOW,Dow Inc.,23.49,-13,0,-48,-2,-63,-8,16,-63,-9,-64,-127
JHX,James Hardie Industries,19.28,-24,-22,-32,-2,-80,-23,-18,-5,-4,-50,-130
ALB,Albemarle Corporation,81.82,35,7,-133,-24,-115,7,-6,9,-26,-16,-131
WHR,Whirlpool Corporation,82.64,-37,-3,-10,-27,-77,-34,17,-1,-37,-55,-132
ENPH,Enphase Energy,38.39,10,4,-51,-21,-58,-8,17,-58,-25,-74,-132
MRNA,Moderna,25.26,14,-32,-60,-5,-83,21,-33,2,-40,-50,-133
CL,Colgate-Palmolive,81.19,-56,-52,-11,24,-95,-33,-13,-19,27,-38,-133
MASI,Masimo,140.43,-7,-32,-4,-7,-50,-28,-47,-20,11,-84,-134
TEAM,Atlassian,169.06,-16,-51,-11,-7,-85,-47,9,-23,12,-49,-134
JKHY,Jack Henry & Associates,152.03,-16,-36,-8,-1,-61,-11,-67,-8,12,-74,-135
UHAL-B,U-Haul (Series N),50.59,-16,-38,-28,0,-82,-8,-2,-42,-2,-54,-136
BMRN,BioMarin Pharmaceutical,54.35,0,-10,-55,-21,-86,16,-24,-20,-23,-51,-137
TW,Tradeweb,112.06,-84,-32,-3,1,-118,-12,-28,-4,24,-20,-138
SFM,Sprouts Farmers Market,120.48,-132,-39,0,47,-124,-33,-37,-4,58,-16,-140
BFAM,Bright Horizons,109.04,-126,-9,-4,0,-139,-1,-15,-1,16,-1,-140
GFS,GlobalFoundries,32.89,0,-33,-87,0,-120,26,-37,5,-18,-24,-144
ASH,Ashland Global,49.74,-42,-1,-46,-10,-99,-34,-5,4,-11,-46,-145
KEX,Kirby Corporation,84.0,-112,-36,-8,36,-120,-55,-29,15,43,-26,-146
FMC,FMC Corporation,36.22,-10,-16,-45,-25,-96,-26,-6,7,-27,-52,-148
WING,Wingstop,253.27,-95,-12,-2,39,-70,-100,-25,13,32,-80,-150
MORN,"Morningstar, Inc.",235.13,-36,-36,-25,29,-68,-30,-49,-3,-1,-83,-151
ZBH,Zimmer Biomet,100.09,-75,31,-2,-18,-64,4,-4,-69,-19,-88,-152
BRKR,Bruker,33.17,35,-36,-65,-9,-75,-2,1,-69,-10,-80,-155
HRL,Hormel Foods,24.84,-3,-46,-15,-24,-88,5,-42,-2,-31,-70,-158
FRPT,Freshpet,51.42,-16,-68,-29,-7,-120,-8,-25,-25,20,-38,-158
AAL,American Airlines Group,12.44,-69,59,-26,-77,-113,-6,-3,4,-40,-45,-158
SLB,Schlumberger,34.43,-34,0,-75,0,-109,-33,19,-26,-11,-51,-160
G,Genpact,41.1,-70,-8,-2,0,-80,-68,-4,-20,11,-81,-161
NSA,National Storage Affiliates,29.89,-58,0,-20,-5,-83,-35,-1,-41,-2,-79,-162
MAT,Mattel,17.07,-56,-10,-9,0,-75,-65,-2,12,-32,-87,-162
COLM,Columbia Sportswear,53.33,-58,0,-26,-7,-91,-68,-1,-21,14,-76,-167
ODFL,Old Dominion Freight Line,140.8,-42,-37,-31,0,-110,-8,-11,-36,-2,-57,-167
LSTR,Landstar,124.66,-18,-38,-40,-1,-97,-12,-3,-47,-8,-70,-167
UA,Under Armour (Class C),4.74,-4,-30,-33,-38,-105,-4,-32,11,-38,-63,-168
GMED,Globus Medical,55.88,-98,-2,-20,-1,-121,-33,-4,-25,13,-49,-170
WSC,WillScot Mobile Mini,22.55,-13,-35,-70,-7,-125,-8,-29,3,-13,-47,-172
UAA,Under Armour (Class A),4.83,-3,-30,-33,-45,-111,-1,-32,10,-38,-61,-172
TTD,Trade Desk (The),44.47,-84,-30,-32,-2,-148,-8,-22,6,-1,-25,-173
ACI,Albertsons,17.91,-98,-48,-2,0,-148,-8,-10,-8,1,-25,-173
WY,Weyerhaeuser,24.12,-42,-6,-28,-1,-77,-38,-10,-40,-9,-97,-174
TREX,"Trex Company, Inc.",53.18,-58,-6,-59,-14,-137,-35,-2,7,-7,-37,-174
PCTY,Paylocity,164.17,-97,-19,-3,-4,-123,-33,-23,-2,6,-52,-175
CHDN,Churchill Downs Incorporated,95.28,-98,-15,-36,0,-149,-5,-32,7,-2,-32,-181
EW,Edwards Lifesciences,74.39,-74,-6,0,-15,-95,-82,-4,35,-36,-87,-182
DJT,Trump Media & Technology Group,17.44,2,-78,-61,0,-137,2,-9,-29,-10,-46,-183
DXC,DXC Technology,13.78,-7,0,-30,-74,-111,-3,-1,-37,-35,-76,-187
INSP,Inspire Medical Systems,79.89,-5,-88,-28,-7,-128,-3,-5,-33,-18,-59,-187
LYB,LyondellBasell,52.01,-34,-35,-49,-6,-124,-8,16,-63,-8,-63,-187
ZTS,Zoetis,145.77,-98,-9,-40,-4,-151,-14,-10,-7,-6,-37,-188
ACN,Accenture,239.73,-91,-52,-28,-1,-172,-7,-6,-24,20,-17,-189
PRMB,Primo Brands,22.45,-70,-77,-3,23,-127,-62,-5,-15,19,-63,-190
DV,DoubleVerify,12.73,-84,-9,-75,0,-168,-7,-11,4,-11,-25,-193
TAP,Molson Coors,46.57,-70,-8,-18,-1,-97,-66,-10,-19,-4,-99,-196
CAVA,Cava Group,63.55,-98,-27,-19,0,-144,7,-31,-33,3,-54,-198
GLOB,Globant,57.0,0,-87,-31,-8,-126,-2,-35,-31,-8,-76,-202
MKC,McCormick & Company,65.48,-43,-52,-11,-3,-109,-34,-51,-19,11,-93,-202
NKE,"Nike, Inc.",70.89,-103,0,-3,-22,-128,-40,-9,12,-37,-74,-202
CHH,Choice Hotels,110.87,-112,-32,-8,0,-152,-12,-33,-22,15,-52,-204
BBWI,"Bath & Body Works, Inc.",25.08,-72,-10,-30,-16,-128,-70,-3,-1,-7,-81,-209
WU,Western Union,8.14,-56,0,-28,-47,-131,-7,-2,-63,-6,-78,-209
CMCSA,Comcast,31.58,-58,-38,-40,-10,-146,-48,-2,-7,-9,-66,-212
IFF,International Flavors & Fragrances,63.52,-42,-37,-28,-32,-139,-31,-3,-40,-2,-76,-215
FDS,FactSet,289.26,-56,-44,-10,-1,-111,-55,-40,-8,-2,-105,-216
CLVT,Clarivate,4.0,-37,-1,-82,-7,-127,-54,-1,8,-43,-90,-217
MAN,ManpowerGroup,37.33,-16,-18,-51,-29,-114,-8,-10,-51,-37,-106,-220
BF-A,Brown–Forman (Class A),26.89,-1,-10,-107,-19,-137,-7,-7,-47,-25,-86,-223
BF-B,Brown–Forman (Class B),27.48,0,-13,-108,-19,-140,-8,-7,-40,-29,-84,-224
COTY,Coty,4.1,-1,-23,-69,-8,-101,-7,-35,-71,-10,-123,-224
RARE,Ultragenyx,28.11,-41,-6,-32,-39,-118,-62,-2,-40,-4,-108,-226
BRBR,BellRing Brands,36.01,-35,-95,-18,0,-148,-2,-87,-24,28,-85,-233
MKTX,MarketAxess,178.25,-16,-40,-33,-30,-119,-9,-55,-7,-45,-116,-235
APLS,Apellis Pharmaceuticals,23.0,-69,0,-75,-17,-161,-68,-2,6,-19,-83,-244
GPK,Graphic Packaging,19.5,-126,-16,-24,0,-166,-33,-13,-37,-1,-84,-250
TGT,Target Corporation,88.1,-154,-16,-36,-12,-218,-8,-22,3,-7,-34,-252
HUN,Huntsman Corporation,9.79,-42,-1,-50,-16,-109,-68,-1,-45,-34,-148,-257
BAX,Baxter International,23.03,-27,-52,-28,-39,-146,-47,-5,-19,-42,-113,-259
UPS,United Parcel Service,84.07,-1,-38,-111,-17,-167,-8,-10,-39,-35,-92,-259
SLGN,Silgan Holdings,42.81,-98,-37,-8,0,-143,-96,-37,-2,14,-121,-264
XRAY,Dentsply Sirona,13.16,-57,-36,-86,-43,-222,-8,-1,4,-41,-46,-268
ALGN,Align Technology,131.43,-44,-36,-72,-26,-178,-50,-10,-8,-39,-107,-285
FLO,Flowers Foods,13.09,-58,-25,-42,-9,-134,-54,-18,-62,-24,-158,-292
RHI,Robert Half,34.46,-16,-165,-34,-10,-225,-8,-2,-32,-33,-75,-300
PRGO,Perrigo,21.25,-97,-32,-7,-114,-250,2,-5,-7,-56,-66,-316
COLD,Americold,12.84,-16,-119,-46,-12,-193,-12,-61,-46,-16,-135,-328
WEN,Wendy's Company (The),9.33,-98,-61,-42,-9,-210,-63,-8,-37,-16,-124,-334
STZ,Constellation Brands,132.92,-176,-19,-50,-4,-249,-90,-22,-66,-9,-187,-436
