Symbol,Name,Close,1H Cloud Score,1D Cloud Score,1W Cloud Score,1M Cloud Score,Cloud Score Sum,1H TKx Score,1D TKx Score,1W TKx Score,1M TKx Score,TKx Score Sum,Total Score Sum
TJX,TJX Companies,125.27,31,0,143,197,371,-5,-24,112,192,275,646
ORLY,O'Reilly Auto Parts,91.65,33,0,158,198,389,14,-13,49,88,138,527
RSG,Republic Services,239.38,-59,0,119,176,236,1,-10,88,159,238,474
COST,Costco,985.98,0,0,112,179,291,7,-15,5,183,180,471
CASY,Casey's,512.51,22,19,108,86,235,27,19,112,77,235,470
TDG,TransDigm Group,1530.35,79,52,14,156,301,71,9,5,56,141,442
JBL,Jabil,221.76,101,42,14,64,221,100,52,6,56,214,435
ADI,Analog Devices,245.14,70,39,6,178,293,66,45,5,25,141,434
RCL,Royal Caribbean Group,330.19,70,39,116,27,252,93,52,5,26,176,428
RS,"Reliance, Inc.",327.66,55,49,6,114,224,66,54,5,76,201,425
YUM,Yum! Brands,150.55,64,5,23,258,350,-5,4,17,56,72,422
RJF,Raymond James Financial,157.6,101,38,87,57,283,106,10,2,18,136,419
CDNS,Cadence Design Systems,323.2,47,8,12,140,207,19,7,5,179,210,417
AJG,Arthur J. Gallagher & Co.,313.8,-27,-9,160,185,309,-7,-15,23,106,107,416
EMR,Emerson Electric,138.73,164,39,11,63,277,61,45,5,25,136,413
HUBB,Hubbell Incorporated,412.65,70,37,0,181,288,-4,55,1,70,122,410
ICE,Intercontinental Exchange,180.93,0,45,107,160,312,14,46,17,20,97,409
HWM,Howmet Aerospace,179.46,-2,52,143,28,221,-7,52,87,53,185,406
PGR,Progressive Corporation,251.64,-24,-19,100,176,233,-23,-15,17,188,167,400
CHD,Church & Dwight,98.05,30,0,-11,343,362,32,-9,-9,24,38,400
ORCL,Oracle Corporation,234.51,52,38,6,197,293,30,45,5,26,106,399
WELL,Welltower,151.77,-6,36,111,57,198,13,32,128,23,196,394
EME,Emcor,541.6,102,39,12,57,210,71,54,3,56,184,394
JPM,JPMorgan Chase,282.73,0,41,118,157,316,-7,52,5,25,75,391
COF,Capital One,217.51,70,45,89,20,224,91,52,5,17,165,389
KLAC,KLA Corporation,918.98,56,39,9,176,280,21,54,5,25,105,385
COR,Cencora,297.94,14,116,39,70,239,8,16,50,66,140,379
SO,Southern Company,91.28,0,12,71,189,272,-19,28,18,78,105,377
AXON,Axon Enterprise,790.69,-3,50,140,93,280,8,54,5,29,96,376
ORI,Old Republic International,37.54,-4,13,142,57,208,-7,8,112,54,167,375
WCC,Wesco International,195.54,87,38,2,57,184,79,52,3,56,190,374
IBM,IBM,290.43,0,44,104,53,201,14,52,51,55,172,373
OMF,OneMain Financial,58.92,87,39,12,59,197,92,50,5,25,172,369
MCO,Moody's Corporation,499.02,65,39,11,155,270,66,6,3,24,99,369
CBOE,Cboe Global Markets,232.69,28,35,139,54,256,36,9,17,50,112,368
CACI,CACI,489.03,58,22,0,153,233,57,13,9,56,135,368
PLTR,Palantir Technologies,139.72,4,52,111,0,167,13,54,114,19,200,367
IBKR,Interactive Brokers,56.61,53,39,89,56,237,59,8,5,56,128,365
MCK,McKesson Corporation,724.02,0,112,37,57,206,8,52,33,66,159,365
V,Visa Inc.,354.18,35,0,132,132,299,41,-9,5,25,62,361
BYD,Boyd Gaming,81.37,101,39,43,58,241,36,52,5,26,119,360
NRG,NRG Energy,151.27,-12,52,98,93,231,-7,8,108,20,129,360
SGI,Somnigroup International,71.68,70,39,36,63,208,68,52,5,25,150,358
HEI,HEICO (Common),318.17,-3,46,20,188,251,-6,44,11,56,105,356
WM,"Waste Management, Inc.",224.88,-84,-1,90,186,191,-7,-9,22,158,164,355
FAST,Fastenal,42.82,39,61,118,105,323,-5,5,8,24,32,355
SPGI,S&P Global,526.39,70,39,11,171,291,31,8,3,20,62,353
HON,Honeywell,239.8,51,39,11,177,278,45,3,5,21,74,352
INTU,Intuit,781.75,5,52,12,190,259,13,52,5,19,89,348
ETN,Eaton Corporation,357.06,69,39,3,113,224,-3,52,3,71,123,347
NVDA,Nvidia,160.0,70,38,9,133,250,20,46,5,25,96,346
AVGO,Broadcom,271.8,70,42,14,115,241,15,54,5,29,103,344
SNPS,Synopsys,551.29,53,26,2,179,260,64,18,3,-4,81,341
NFG,National Fuel Gas,82.8,-13,123,55,51,216,-4,54,66,9,125,341
SF,Stifel,107.5,87,29,3,58,177,99,44,2,19,164,341
PTC,PTC Inc.,178.97,52,38,-21,181,250,61,2,2,25,90,340
SLM,Sallie Mae,33.76,66,46,85,21,218,61,2,39,20,122,340
AAPL,Apple Inc.,210.04,34,6,-1,250,289,-5,6,-20,70,51,340
USFD,US Foods,78.66,51,42,138,34,265,43,1,5,25,74,339
SEIC,SEI Investments Company,92.4,68,45,87,34,234,66,8,5,25,104,338
UNM,Unum,80.94,52,8,180,39,279,-4,5,5,53,59,338
BPOP,"Popular, Inc.",114.45,73,46,12,58,189,74,52,5,18,149,338
AZO,AutoZone,3737.19,36,0,89,85,210,40,-20,49,56,125,335
ROL,"Rollins, Inc.",55.48,-12,0,26,285,299,-5,-11,18,34,36,335
PM,Philip Morris International,177.66,-7,112,65,54,224,5,-1,80,26,110,334
MSFT,Microsoft,496.66,5,46,11,172,234,15,54,5,24,98,332
CME,CME Group,275.64,74,13,49,135,271,14,-16,45,18,61,332
J,Jacobs Solutions,133.01,56,37,0,105,198,61,52,2,18,133,331
ACM,AECOM,114.95,52,45,11,64,172,31,52,5,71,159,331
WAB,Wabtec,211.78,54,41,14,48,157,61,52,5,55,173,330
LRCX,Lam Research,99.8,66,39,4,151,260,21,46,5,-4,68,328
NDAQ,"Nasdaq, Inc.",88.57,0,45,71,143,259,-1,52,5,13,69,328
URI,United Rentals,792.16,70,39,2,63,174,85,10,3,56,154,328
MS,Morgan Stanley,141.14,87,39,71,63,260,-3,50,5,15,67,327
MA,Mastercard,562.64,35,0,121,154,310,-5,-9,5,25,16,326
WMT,Walmart,97.09,-1,53,122,100,274,14,4,5,28,51,325
GD,General Dynamics,296.76,59,61,3,53,176,71,16,5,56,148,324
ADP,Automatic Data Processing,306.62,1,0,80,179,260,13,-12,5,56,62,322
SYF,Synchrony Financial,69.3,87,39,12,20,158,92,52,3,17,164,322
GGG,Graco Inc.,88.2,68,39,3,177,287,-5,7,5,28,35,322
BKNG,Booking Holdings,5702.17,64,51,131,34,280,9,2,5,25,41,321
BSY,Bentley Systems,55.92,107,42,4,0,153,110,54,5,-5,164,317
CTAS,Cintas,215.23,-23,0,14,164,155,-21,-11,8,186,162,317
BSX,Boston Scientific,102.42,-12,0,139,143,270,-23,7,5,56,45,315
TPR,"Tapestry, Inc.",92.2,101,39,75,20,235,14,45,3,18,80,315
BR,Broadridge Financial Solutions,237.64,-12,38,109,144,279,-3,9,5,24,35,314
MSI,Motorola Solutions,417.35,0,0,0,152,152,-5,4,-22,184,161,313
MPWR,Monolithic Power Systems,761.13,66,39,2,156,263,-4,49,5,-1,49,312
TRMB,Trimble Inc.,79.32,70,39,74,3,186,67,44,3,11,125,311
NFLX,Netflix,1275.1,-7,57,111,19,180,-24,54,82,19,131,311
SPOT,Spotify,721.93,-29,53,107,11,142,5,54,90,19,168,310
PWR,Quanta Services,377.58,6,46,12,98,162,17,54,5,71,147,309
SCI,Service Corporation International,82.24,68,22,3,174,267,5,22,3,12,42,309
STT,State Street Corporation,109.51,86,41,12,15,154,92,46,4,13,155,309
NEU,NewMarket,733.94,72,61,14,28,175,37,53,17,26,133,308
H,Hyatt Hotels,146.51,68,22,0,54,144,64,45,1,54,164,308
HLT,Hilton Worldwide,272.97,69,39,11,63,182,90,7,3,25,125,307
ITW,Illinois Tool Works,257.88,54,10,2,177,243,31,2,2,28,63,306
L,Loews Corporation,91.67,22,39,107,54,222,44,11,5,23,83,305
CAH,Cardinal Health,164.45,-3,61,50,37,145,8,52,43,56,159,304
MCD,McDonald's,291.67,0,-20,47,241,268,-15,-23,17,56,35,303
HEI-A,HEICO (Class A),247.27,-7,47,21,181,242,-26,45,12,29,60,302
EWBC,East West Bancorp,108.24,85,39,4,21,149,81,50,4,18,153,302
RTX,RTX Corporation,144.9,5,38,72,53,168,-4,44,79,13,132,300
RBC,RBC Bearings,381.64,-1,43,88,57,187,-4,52,9,56,113,300
CSL,Carlisle Companies,400.96,65,5,0,177,247,22,3,5,19,49,296
WWD,"Woodward, Inc.",249.96,101,48,14,34,197,18,50,5,25,98,295
TXN,Texas Instruments,216.62,74,39,4,21,138,93,43,5,15,156,294
SKX,Skechers,63.33,73,37,-19,54,145,77,44,2,25,148,293
OZK,Bank OZK,51.97,70,39,12,55,176,80,15,3,18,116,292
AMAT,Applied Materials,194.99,66,39,0,148,253,21,19,3,-4,39,292
EVR,Evercore,285.61,86,38,2,57,183,28,52,3,25,108,291
FERG,Ferguson Enterprises,222.68,69,41,6,64,180,30,52,5,24,111,291
LPLA,LPL Financial,383.74,29,40,40,98,207,21,1,5,56,83,290
KEX,Kirby Corporation,117.09,52,39,1,34,126,66,52,5,41,164,290
BK,BNY Mellon,92.67,28,41,89,39,197,24,45,5,18,92,289
AN,AutoNation,210.43,32,41,12,60,145,28,54,5,56,143,288
MSA,MSA Safety,174.35,34,41,0,163,238,-4,52,5,-4,49,287
WRB,W. R. Berkley Corporation,70.38,-24,0,89,175,240,-22,-4,19,54,47,287
RF,Regions Financial Corporation,24.67,81,38,2,21,142,83,45,3,13,144,286
SCHW,Charles Schwab Corporation,91.95,45,52,72,10,179,36,52,5,13,106,285
UNP,Union Pacific Corporation,236.58,68,10,1,197,276,-4,9,-14,18,9,285
FNB,FNB Corporation,15.8,69,39,2,54,164,80,19,4,18,121,285
CNM,Core & Main,62.41,69,41,14,0,124,80,52,5,23,160,284
WTFC,Wintrust Financial,132.84,70,39,4,48,161,50,52,3,18,123,284
MTB,M&T Bank,200.79,80,39,3,21,143,80,45,3,13,141,284
HBAN,Huntington Bancshares,17.48,68,39,4,20,131,83,50,5,15,153,284
LLY,Lilly (Eli),778.1,-2,0,-2,171,167,5,18,-2,95,116,283
AWI,Armstrong World Industries,166.71,70,46,89,20,225,29,5,5,18,57,282
SSNC,SS&C Technologies,83.21,52,15,85,13,165,61,40,2,14,117,282
BLK,BlackRock,1075.66,67,38,12,21,138,66,52,5,20,143,281
JCI,Johnson Controls,105.48,54,47,70,18,189,17,52,5,17,91,280
VMI,Valmont Industries,342.22,55,29,57,57,198,22,49,2,9,82,280
RL,Ralph Lauren Corporation,284.82,70,41,89,33,233,15,2,5,25,47,280
ADSK,Autodesk,314.94,79,42,49,13,183,64,10,5,18,97,280
PAG,Penske Automotive Group,179.73,30,40,10,61,141,22,54,5,56,137,278
LYV,Live Nation Entertainment,144.44,-12,40,89,146,263,-19,14,4,15,14,277
VRSN,Verisign,286.53,1,150,31,8,190,14,18,47,6,85,275
ARES,Ares Management,175.1,9,39,12,58,118,-5,52,5,105,157,275
FFIV,"F5, Inc.",302.45,45,38,89,13,185,15,52,5,16,88,273
KEY,Keycorp,18.49,80,39,3,3,125,87,45,3,12,147,272
CAT,Caterpillar Inc.,394.43,70,38,3,63,174,-6,45,3,56,98,272
FCNCA,First Citizens BancShares,2068.47,78,21,0,58,157,84,7,2,20,113,270
GLW,Corning Inc.,52.74,73,38,14,16,141,67,45,3,13,128,269
GRMN,Garmin,213.44,52,12,107,18,189,67,4,-12,20,79,268
MAR,Marriott International,280.07,69,39,4,57,169,64,7,2,26,99,268
SNX,TD Synnex,141.04,70,39,10,62,181,19,45,3,20,87,268
KD,Kyndryl,43.39,65,41,104,0,210,33,2,3,19,57,267
PNC,PNC Financial Services,198.03,80,29,2,13,124,83,44,2,13,142,266
WBS,Webster Bank,59.09,67,39,3,13,122,78,47,3,16,144,266
DOV,Dover Corporation,188.41,65,28,0,105,198,61,2,-14,18,67,265
GTES,Gates Corporation,23.95,70,39,12,14,135,61,47,5,17,130,265
PH,Parker Hannifin,707.1,66,40,12,64,182,-4,52,5,29,82,264
ROP,Roper Technologies,564.58,-4,0,24,181,201,-5,4,39,25,63,264
FHN,First Horizon Corporation,21.95,70,39,47,3,159,83,10,3,9,105,264
MMC,Marsh McLennan,213.17,-24,-20,0,174,130,-22,-15,-6,177,134,264
FYBR,Frontier Communications,36.58,73,0,84,0,157,2,3,89,13,107,264
FITB,Fifth Third Bancorp,43.45,80,15,2,21,118,85,44,2,15,146,264
PFGC,Performance Food Group,88.33,34,42,48,42,166,40,-4,5,56,97,263
ALLE,Allegion,148.54,74,51,4,20,149,83,5,5,21,114,263
CFG,Citizens Financial Group,47.55,83,27,3,3,116,87,44,2,13,146,262
DUK,Duke Energy,116.31,-7,0,71,182,246,-21,5,17,15,16,262
MSM,MSC Industrial Direct,90.73,52,39,2,57,150,61,54,5,-8,112,262
WFC,Wells Fargo,81.6,80,39,87,28,234,-5,9,5,18,27,261
ARMK,Aramark,42.77,70,43,10,39,162,-9,47,5,55,98,260
AMGN,Amgen,297.01,31,4,2,164,201,30,2,-9,35,58,259
WSO,Watsco,459.24,45,-34,-8,195,198,46,-32,-23,70,61,259
LIN,Linde plc,469.86,0,37,8,109,154,-10,5,5,105,105,259
MKL,Markel,2000.83,9,38,63,54,164,13,52,3,25,93,257
FWONK,Liberty Formula 1 (Series C),101.66,-9,42,65,56,154,-7,49,5,55,102,256
CTVA,Corteva,76.43,39,52,48,0,139,50,52,5,10,117,256
PANW,Palo Alto Networks,204.0,4,39,12,80,135,9,50,5,56,120,255
CVNA,Carvana,345.91,43,51,87,10,191,38,4,5,15,62,253
AMP,Ameriprise Financial,536.4,70,38,4,63,175,-5,10,3,70,78,253
LDOS,Leidos,162.15,74,51,0,22,147,71,8,8,18,105,252
GS,Goldman Sachs,696.76,0,39,87,57,183,-7,50,5,20,68,251
BX,Blackstone Inc.,156.34,66,10,0,105,181,61,8,-19,20,70,251
TT,Trane Technologies,426.74,-6,47,11,163,215,-5,7,5,28,35,250
ETR,Entergy,80.93,-14,0,69,130,185,-22,-11,84,13,64,249
AME,Ametek,181.33,0,39,3,105,147,-5,2,5,100,102,249
T,AT&T,28.3,-7,36,65,15,109,-15,52,89,14,140,249
ATI,ATI Inc.,87.83,24,46,11,42,123,17,52,5,51,125,248
PAYX,Paychex,144.91,0,-2,79,166,243,-5,-12,8,13,4,247
FTNT,Fortinet,107.53,17,38,49,112,216,11,2,5,12,30,246
JNPR,Juniper Networks,39.95,56,31,2,53,142,75,8,2,19,104,246
AM,Antero Midstream,17.69,-25,0,143,22,140,-26,5,73,54,106,246
EPR,EPR Properties,58.6,32,41,52,28,153,-5,52,25,20,92,245
ALGM,Allegro MicroSystems,36.35,101,38,6,0,145,70,39,3,-15,97,242
CW,Curtiss-Wright,481.14,4,47,14,53,118,17,54,5,48,124,242
CG,Carlyle Group (The),55.83,68,30,3,20,121,61,41,2,17,121,242
AVT,Avnet,56.26,70,39,2,44,155,66,16,5,-1,86,241
PFG,Principal Financial Group,81.48,69,10,2,54,135,80,5,2,17,104,239
KKR,KKR & Co. Inc.,137.95,66,28,0,102,196,17,21,-15,20,43,239
CR,Crane Co.,191.67,57,46,11,0,114,67,48,5,4,124,238
FWONA,Liberty Formula 1 (Series A),91.5,-9,41,64,61,157,-29,50,4,55,80,237
ZION,Zions Bancorporation,55.56,70,21,2,3,96,81,44,2,14,141,237
LECO,Lincoln Electric,219.34,69,38,2,64,173,22,45,3,-6,64,237
TNL,Travel + Leisure Co.,56.62,68,29,4,15,116,61,45,2,13,121,237
GILD,Gilead Sciences,111.06,44,33,46,34,157,47,-8,3,38,80,237
ATR,AptarGroup,160.12,70,45,0,19,134,71,3,5,24,103,237
AMG,Affiliated Managers Group,201.81,66,45,6,21,138,62,16,5,16,99,237
DTE,DTE Energy,130.24,-14,-1,69,188,242,-20,-20,22,12,-6,236
CBRE,CBRE Group,139.94,73,23,87,21,204,-4,19,3,13,31,235
SCCO,Southern Copper,102.96,57,38,3,61,159,21,51,5,-1,76,235
LAMR,Lamar Advertising,123.62,34,29,2,63,128,31,52,3,20,106,234
FHB,"First Hawaiian, Inc.",26.43,68,11,2,13,94,75,49,2,13,139,233
DE,Deere & Company,508.95,0,41,44,108,193,-5,-4,40,9,40,233
FIX,Comfort Systems USA,528.06,5,42,12,63,122,-3,54,5,54,110,232
ITT,ITT Inc.,157.63,0,45,11,98,154,-4,52,5,25,78,232
PCAR,Paccar,98.65,63,5,-17,158,209,-5,2,-9,33,21,230
MO,Altria,59.53,4,36,65,44,149,17,27,21,15,80,229
OLLI,Ollie's Bargain Outlet,127.08,-1,39,110,15,163,-34,20,58,22,66,229
NWS,News Corp (Class B),34.03,0,42,107,57,206,-12,7,5,20,20,226
WYNN,Wynn Resorts,110.52,101,41,3,2,147,73,7,5,-7,78,225
EHC,Encompass Health,118.13,-24,53,138,28,195,-22,5,19,28,30,225
SYK,Stryker Corporation,389.49,0,39,12,158,209,-21,5,3,28,15,224
ALL,Allstate,193.41,-10,-1,92,158,239,-22,-15,6,16,-15,224
MDLZ,Mondelez International,68.18,2,12,4,181,199,-7,26,14,-8,25,224
BEN,Franklin Templeton Investments,24.49,144,42,3,1,190,-3,52,5,-21,33,223
KR,Kroger,69.74,-3,12,74,66,149,5,9,45,14,73,222
R,Ryder,170.3,70,24,5,55,154,1,10,2,55,68,222
SAIC,SAIC,117.2,59,0,-32,66,93,60,4,9,56,129,222
ANSS,Ansys,366.93,52,39,12,10,113,64,18,5,22,109,222
VIRT,Virtu Financial,42.81,-3,53,71,13,134,-5,13,66,13,87,221
TSCO,Tractor Supply Company,56.77,31,5,1,84,121,29,15,-28,84,100,221
CMA,Comerica,63.09,68,13,2,3,86,78,44,2,11,135,221
C,Citigroup,85.57,87,39,14,17,157,-4,49,5,13,63,220
RPM,RPM International,112.59,31,1,-14,179,197,1,-10,2,29,22,219
AYI,Acuity Brands,304.02,87,15,3,26,131,24,44,1,19,88,219
WDC,Western Digital,64.03,101,39,7,17,164,-2,50,5,2,55,219
NTRS,Northern Trust,125.99,101,39,11,10,161,-4,45,5,12,58,219
ANET,Arista Networks,103.39,62,24,2,57,145,15,20,-16,55,74,219
AXP,American Express,316.98,0,39,12,98,149,-5,52,3,20,70,219
VRSK,Verisk Analytics,302.09,-7,0,63,113,169,-21,-11,54,27,49,218
SLGN,Silgan Holdings,56.57,31,45,14,79,169,25,7,5,12,49,218
TFC,Truist Financial,45.41,80,13,2,3,98,83,21,2,13,119,217
EBAY,eBay,75.32,0,48,72,13,133,-5,-4,77,15,83,216
ODFL,Old Dominion Freight Line,167.28,44,5,-21,186,214,-5,2,-26,31,2,216
KO,Coca-Cola Company (The),70.26,-5,0,23,181,199,-17,3,18,13,17,216
STWD,Starwood Property Trust,20.71,30,39,13,57,139,29,23,5,20,77,216
MMM,3M,153.75,70,39,69,13,191,2,4,5,13,24,215
RBA,RB Global,104.71,0,0,99,26,125,-24,-11,104,21,90,215
LHX,L3Harris,257.09,30,61,7,4,102,38,54,7,13,112,214
AAON,AAON,75.39,7,-19,-8,244,224,1,-21,-20,30,-10,214
WHR,Whirlpool Corporation,107.84,164,16,0,-25,155,69,38,-15,-35,57,212
APH,Amphenol,97.42,0,52,14,64,130,-3,54,5,26,82,212
DDOG,Datadog,145.97,99,29,2,0,130,20,46,2,14,82,212
SOFI,SoFi,19.96,87,31,41,0,159,17,22,3,10,52,211
LAZ,Lazard,50.07,73,22,0,19,114,73,10,2,12,97,211
ST,Sensata Technologies,32.07,81,39,0,-14,106,93,43,3,-34,105,211
DASH,DoorDash,241.42,0,38,92,0,130,7,51,5,17,80,210
LNW,Light & Wonder,100.02,59,9,2,56,126,61,9,-10,24,84,210
ARW,Arrow Electronics,132.04,76,46,3,3,128,31,52,5,-7,81,209
DRI,Darden Restaurants,217.63,-4,58,39,60,153,-13,-3,43,29,56,209
LVS,Las Vegas Sands,49.11,70,39,1,1,111,64,45,2,-13,98,209
AON,AON,354.66,-4,0,0,176,172,5,-15,-10,55,35,207
OSK,Oshkosh Corporation,125.63,52,38,6,3,99,61,43,3,1,108,207
VICI,Vici Properties,33.0,31,20,53,14,118,-5,20,18,56,89,207
KNSL,Kinsale Capital Group,485.34,7,24,11,32,74,13,33,2,84,132,206
CFR,Frost Bank,136.5,67,39,3,3,112,78,4,3,9,94,206
SN,SharkNinja,105.54,87,15,3,0,105,92,7,2,0,101,206
BRO,Brown & Brown,107.21,-24,-48,111,162,201,-23,8,-5,25,5,206
TMUS,T-Mobile US,235.97,0,-40,89,138,187,-15,2,-3,34,18,205
GOOG,Alphabet (Class C),175.16,0,28,0,175,203,-6,2,-14,20,2,205
HII,Huntington Ingalls Industries,247.95,57,78,3,5,143,50,9,11,-8,62,205
CLH,Clean Harbors,232.26,22,46,0,57,125,15,4,5,56,80,205
GOOGL,Alphabet (Class A),174.35,0,28,0,175,203,-6,2,-14,20,2,205
PNR,Pentair,105.79,69,39,4,61,173,-4,10,3,23,32,205
SHW,Sherwin-Williams,345.71,0,0,0,189,189,-10,2,5,18,15,204
HPE,Hewlett Packard Enterprise,20.83,66,35,2,41,144,-4,9,2,53,60,204
MANH,Manhattan Associates,202.75,69,33,-24,64,142,43,15,-22,26,62,204
FCX,Freeport-McMoRan,46.29,56,39,2,57,154,4,45,5,-5,49,203
VRTX,Vertex Pharmaceuticals,466.25,30,0,2,103,135,29,3,-1,36,67,202
CAR,Avis Budget Group,178.45,101,55,4,-19,141,24,65,8,-36,61,202
LNG,Cheniere Energy,236.6,-3,45,55,57,154,-22,10,5,55,48,202
MSCI,MSCI,581.05,66,37,0,13,116,62,2,2,19,85,201
SNV,Synovus,54.94,76,39,3,20,138,1,45,3,13,62,200
STE,Steris,232.52,-17,0,9,194,186,-17,-11,17,24,13,199
TXT,Textron,82.11,66,39,-30,52,127,22,49,5,-4,72,199
NSC,Norfolk Southern,261.33,87,38,6,3,134,-5,52,5,13,65,199
VST,Vistra Corp.,190.24,4,38,14,29,85,15,51,3,44,113,198
MPC,Marathon Petroleum,179.93,30,41,2,48,121,34,45,5,-7,77,198
UBER,Uber,97.48,66,51,13,0,130,23,8,11,25,67,197
AXS,AXIS Capital,98.44,-24,0,81,44,101,-22,-11,77,52,96,197
JHG,Janus Henderson,40.23,67,24,0,18,109,61,8,2,17,88,197
DDS,Dillard's,442.29,54,21,9,53,137,-4,7,2,54,59,196
PNFP,Pinnacle Financial Partners,118.15,70,39,2,14,125,43,7,3,17,70,195
TTWO,Take-Two Interactive,240.57,0,59,40,12,111,8,16,40,19,83,194
TDY,Teledyne Technologies,514.75,55,38,47,13,153,14,8,5,14,41,194
KMI,Kinder Morgan,28.13,-11,37,87,43,156,-26,10,3,51,38,194
QRVO,Qorvo,87.85,68,39,0,-30,77,70,47,3,-4,116,193
WMB,Williams Companies,57.69,-30,0,107,51,128,-26,30,5,56,65,193
IVZ,Invesco,16.69,70,15,2,1,88,80,11,2,12,105,193
FDS,FactSet,444.79,1,0,0,193,194,-7,-21,4,22,-2,192
NUE,Nucor,139.74,96,16,0,2,114,66,17,2,-7,78,192
ELAN,Elanco,14.75,52,42,0,-6,88,61,44,4,-5,104,192
TKO,TKO Group Holdings,173.08,-9,49,66,39,145,-23,16,5,49,47,192
WAL,Western Alliance Bancorporation,84.68,68,12,2,3,85,78,9,2,17,106,191
FTI,TechnipFMC,35.33,8,39,12,26,85,22,43,5,36,106,191
NVT,Nvent Electric,74.2,70,39,3,11,123,17,52,3,-4,68,191
EXPE,Expedia Group,177.55,45,12,44,10,111,64,2,1,13,80,191
CRWD,CrowdStrike,507.66,4,52,40,0,96,17,54,5,19,95,191
RBLX,Roblox Corporation,104.91,4,51,48,0,103,14,52,11,10,87,190
EQH,Equitable Holdings,54.79,0,39,87,10,136,-14,45,5,18,54,190
ZBRA,Zebra Technologies,323.1,70,25,-1,-6,88,61,44,-16,12,101,189
COHR,Coherent Corp.,90.4,59,38,0,14,111,17,45,2,14,78,189
MNST,Monster Beverage,61.61,-6,0,21,179,194,-14,-9,14,3,-6,188
MCHP,Microchip Technology,74.53,80,39,0,2,121,22,45,5,-6,66,187
XPO,"XPO, Inc.",132.35,70,21,0,60,151,-5,13,2,26,36,187
RMD,Resmed,256.55,20,45,12,12,89,31,51,4,12,98,187
HLI,Houlihan Lokey,184.54,29,41,12,43,125,20,10,5,25,60,185
SPR,Spirit AeroSystems,38.79,45,53,13,0,111,44,-10,25,13,72,183
HAS,Hasbro,76.5,74,39,9,2,124,-6,50,5,10,59,183
RITM,Rithm Capital,11.65,36,39,12,31,118,29,6,5,25,65,183
NOC,Northrop Grumman,504.8,22,6,5,57,90,44,26,12,11,93,183
ATO,Atmos Energy,151.98,-25,-5,69,44,83,-21,-4,80,44,99,182
CCL,Carnival Corporation & plc,28.86,70,38,12,0,120,-5,46,3,18,62,182
EVRG,Evergy,68.68,0,20,53,13,86,-5,20,72,9,96,182
HCA,HCA Healthcare,377.5,-4,53,9,96,154,-17,6,11,28,28,182
ULTA,Ulta Beauty,483.35,33,49,7,3,92,38,52,7,-8,89,181
HOOD,Robinhood Markets,91.26,0,41,76,0,117,-10,52,5,17,64,181
VNT,Vontier,38.25,68,39,0,0,107,27,46,3,-4,72,179
VLO,Valero Energy,148.67,24,39,1,43,107,30,41,4,-4,71,178
PSX,Phillips 66,129.97,30,38,0,40,108,30,40,4,-4,70,178
EXEL,Exelixis,43.51,-2,38,59,13,108,-6,3,50,23,70,178
ABBV,AbbVie,189.88,30,1,11,57,99,30,-7,-8,63,78,177
ESI,Element Solutions,24.39,70,11,-15,56,122,22,11,2,19,54,176
PEGA,Pegasystems,53.93,66,51,14,4,135,14,9,3,14,40,175
MTSI,MACOM Technology Solutions,137.36,-9,39,11,57,98,-6,51,3,28,76,174
STLD,Steel Dynamics,136.0,29,5,2,54,90,22,1,5,56,84,174
AMZN,Amazon,219.34,51,29,12,20,112,-4,44,2,19,61,173
DTM,DT Midstream,102.84,-26,45,98,0,117,-26,52,5,24,55,172
VLTO,Veralto,102.33,66,39,0,0,105,61,2,4,0,67,172
BLD,TopBuild,357.22,80,13,-24,45,114,43,16,1,-2,58,172
PLNT,Planet Fitness,106.35,-10,35,58,12,95,13,46,5,13,77,172
IDXX,Idexx Laboratories,538.95,64,46,9,3,122,-1,52,5,-7,49,171
EXPD,Expeditors International,117.35,33,7,0,130,170,-5,7,1,-2,1,171
IR,Ingersoll Rand,87.05,66,38,-16,22,110,22,8,2,28,60,170
NOW,ServiceNow,1023.04,5,40,3,81,129,15,2,3,21,41,170
CB,Chubb Limited,279.96,-15,-4,96,57,134,-21,-15,17,55,36,170
GLPI,Gaming and Leisure Properties,47.48,31,5,2,64,102,-5,19,-3,56,67,169
SSD,Simpson Manufacturing Company,162.77,30,5,-21,155,169,-5,4,-24,25,0,169
CINF,Cincinnati Financial,146.09,-1,45,80,61,185,-21,-14,5,14,-16,169
GXO,GXO Logistics,50.24,80,39,-32,0,87,40,45,4,-7,82,169
LOPE,Grand Canyon Education,178.75,-24,-2,142,34,150,-24,-19,29,33,19,169
DCI,Donaldson Company,70.67,52,39,0,64,155,-5,-15,5,29,14,169
FOUR,Shift4,102.56,70,19,3,0,92,17,48,-12,23,76,168
IONS,Ionis Pharmaceuticals,41.33,87,42,0,0,129,-5,48,5,-9,39,168
CWEN-A,Clearway Energy (Class A),29.82,-1,37,53,5,94,-1,48,17,9,73,167
ABT,Abbott Laboratories,133.38,-23,36,51,12,76,-19,54,43,13,91,167
CXT,Crane NXT,56.75,23,29,-20,54,86,27,-3,1,55,80,166
BOKF,BOK Financial Corporation,103.93,67,8,0,21,96,74,4,-21,13,70,166
SMG,Scotts Miracle-Gro Company,69.21,57,35,-17,-38,37,78,38,1,12,129,166
FICO,Fair Isaac,1703.58,-7,-1,-1,165,156,-5,8,-23,30,10,166
MSTR,MicroStrategy,396.73,4,4,94,18,120,16,5,5,19,45,165
NYT,New York Times Company,56.43,65,50,10,15,140,-5,5,5,20,25,165
PSTG,Pure Storage,57.09,6,38,2,41,87,15,6,1,56,78,165
NI,NiSource,38.99,-24,0,69,44,89,-21,-1,84,13,75,164
F,Ford Motor Company,11.68,49,53,2,0,104,44,15,5,-4,60,164
ZS,Zscaler,312.54,3,52,12,4,71,17,54,5,17,93,164
GEN,Gen Digital,29.94,33,42,10,15,100,-1,44,5,15,63,163
TKR,Timken Company,77.0,66,24,0,3,93,29,43,2,-4,70,163
CSCO,Cisco,68.6,0,39,43,13,95,-6,45,5,24,68,163
MLM,Martin Marietta Materials,559.53,45,48,0,59,152,-1,-19,5,26,11,163
CWEN,Clearway Energy (Class C),31.58,-3,37,53,3,90,-1,48,17,9,73,163
APG,APi Group,34.34,5,46,13,0,64,17,52,5,25,99,163
USB,U.S. Bancorp,47.67,66,39,2,3,110,29,8,2,14,53,163
CCK,Crown Holdings,108.25,31,49,12,4,96,29,21,5,11,66,162
VMC,Vulcan Materials,266.43,44,5,1,59,109,42,-21,5,26,52,161
CELH,Celsius Holdings,45.6,0,78,0,64,142,-21,34,13,-8,18,160
AOS,A. O. Smith,68.45,65,5,-37,57,90,66,3,5,-4,70,160
BEPC,Brookfield Renewable Partners,33.06,54,40,5,0,99,-4,51,5,9,61,160
HD,Home Depot (The),367.47,0,0,-7,179,172,-16,4,-19,18,-13,159
NET,Cloudflare,192.81,4,39,34,0,77,10,49,5,18,82,159
DLTR,Dollar Tree,104.41,33,56,0,-14,75,29,55,20,-21,83,158
PPC,Pilgrim's Pride,45.76,7,-23,81,20,85,2,-44,98,17,73,158
OGE,OGE Energy,43.62,-13,0,63,44,94,-17,5,63,13,64,158
AEP,American Electric Power,103.95,36,3,68,22,129,-7,5,18,13,29,158
AL,Air Lease Corporation,58.46,52,45,12,21,130,-4,2,5,25,28,158
BWXT,BWX Technologies,137.4,-7,37,8,34,72,-4,54,5,30,85,157
TRV,Travelers Companies (The),256.13,-24,0,86,57,119,-21,-15,19,55,38,157
XYL,Xylem Inc.,131.44,64,39,3,21,127,-4,8,5,21,30,157
DKS,Dick's Sporting Goods,207.79,59,5,0,62,126,3,11,-16,32,30,156
PEG,Public Service Enterprise Group,81.6,-10,18,0,151,159,-22,25,-22,16,-3,156
BKR,Baker Hughes,40.11,24,1,2,34,61,46,38,-14,25,95,156
AZEK,Azek,54.32,17,52,15,0,84,33,14,7,18,72,156
LMT,Lockheed Martin,463.01,0,0,-24,164,140,14,-2,5,-1,16,156
MTG,MGIC Investment Corporation,27.26,-9,52,14,54,111,-6,18,5,27,44,155
KIM,Kimco Realty,21.08,-1,38,0,54,91,-5,52,3,13,63,154
PB,Prosperity Bancshares,74.32,57,5,0,13,75,80,5,-19,13,79,154
ROK,Rockwell Automation,338.17,52,42,10,14,118,-4,44,5,-10,35,153
IRDM,Iridium Communications,31.89,52,21,2,-18,57,69,43,2,-18,96,153
PCOR,Procore,72.19,66,10,0,0,76,64,7,-12,18,77,153
DINO,HF Sinclair,44.88,37,41,0,1,79,30,46,5,-7,74,153
VOYA,Voya Financial,72.78,69,39,0,3,111,-4,13,3,30,42,153
BAH,Booz Allen Hamilton,107.54,39,-28,-25,100,86,55,1,-27,37,66,152
HIG,Hartford (The),122.44,-24,0,89,56,121,-21,-19,16,55,31,152
AMTM,Amentum,24.2,59,51,0,0,110,21,16,5,0,42,152
CNH,CNH Industrial,13.69,47,40,14,1,102,61,6,5,-22,50,152
VRT,Vertiv,125.97,6,38,4,7,55,17,52,2,25,96,151
CMI,Cummins,330.9,52,11,0,64,127,-8,2,1,29,24,151
SWKS,Skyworks Solutions,77.93,66,37,-38,-29,36,70,47,2,-4,115,151
BA,Boeing,218.51,45,52,3,0,100,52,3,5,-10,50,150
CARR,Carrier Global,74.9,67,46,3,0,116,-4,7,5,25,33,149
PG,Procter & Gamble,157.81,-7,-16,-1,178,154,-8,-14,-9,25,-6,148
XOM,ExxonMobil,114.2,7,5,1,43,56,22,17,4,49,92,148
VEEV,Veeva Systems,280.66,-6,42,40,7,83,-4,45,5,17,63,146
BBWI,"Bath & Body Works, Inc.",33.53,93,5,-20,-14,64,93,5,-11,-5,82,146
DT,Dynatrace,56.27,17,37,9,0,63,17,45,2,19,83,146
RLI,RLI Corp.,71.55,-58,-23,-6,174,87,13,-16,-24,86,59,146
CTSH,Cognizant,80.73,33,11,11,13,68,57,2,2,17,78,146
AGNC,AGNC Investment,9.41,30,24,6,15,75,29,22,3,16,70,145
PRI,Primerica,272.83,0,7,0,107,114,-6,5,3,29,31,145
TOST,"Toast, Inc.",43.57,17,40,72,0,129,9,-14,5,16,16,145
PSN,Parsons Corporation,74.89,52,24,-22,0,54,59,23,-25,34,91,145
DELL,Dell Technologies,124.44,6,39,0,31,76,15,52,5,-3,69,145
TOL,Toll Brothers,117.05,70,23,-18,60,135,-8,16,-24,25,9,144
PPL,PPL Corporation,33.58,-7,-16,71,22,70,-21,-1,83,13,74,144
MTZ,MasTec,168.34,4,45,14,17,80,-5,52,5,12,64,144
AFG,American Financial Group,125.76,21,6,0,55,82,39,11,-1,13,62,144
TTEK,Tetra Tech,36.37,30,37,-24,4,47,26,52,1,18,97,144
TFSL,Third Federal S&L,13.35,52,13,3,4,72,43,4,5,18,70,142
LH,Labcorp,257.45,-13,45,50,14,96,-19,45,3,17,46,142
APD,Air Products,292.17,60,10,0,15,85,22,40,-14,9,57,142
ALLY,Ally Financial,40.34,69,29,3,3,104,-3,23,3,15,38,142
PINS,Pinterest,35.76,66,24,0,0,90,15,40,1,-4,52,142
INFA,Informatica,24.34,66,30,-37,0,59,32,52,3,-6,81,140
APO,Apollo Global Management,145.01,6,21,0,96,123,1,9,-18,25,17,140
APPF,AppFolio,243.29,30,24,1,27,82,30,16,-15,27,58,140
EOG,EOG Resources,123.9,4,18,0,44,66,21,19,-16,50,74,140
DOX,Amdocs,92.59,0,48,12,57,117,15,-1,5,4,23,140
LOW,Lowe's,223.66,0,0,-15,165,150,-10,3,-22,18,-11,139
LBRDA,Liberty Broadband (Series A),99.1,69,50,42,-35,126,-5,5,5,7,12,138
UI,Ubiquiti,406.09,57,11,47,9,124,-3,3,5,9,14,138
NTAP,Netapp,106.61,7,24,-20,56,67,-5,52,2,21,70,137
PHM,PulteGroup,108.92,69,12,-18,64,127,-5,16,-29,28,10,137
LBRDK,Liberty Broadband (Series C),99.5,68,50,42,-35,125,-6,5,5,7,11,136
PR,Permian Resources,14.43,6,38,0,25,69,22,41,5,-1,67,136
STAG,STAG Industrial,36.4,8,39,2,95,144,-8,-2,5,-3,-8,136
WSM,"Williams-Sonoma, Inc.",169.58,52,5,3,64,124,-4,7,-12,20,11,135
SRE,Sempra,74.32,-15,0,-10,180,155,-20,-16,3,13,-20,135
LEA,Lear Corporation,106.05,52,39,0,-16,75,61,8,4,-14,59,134
EXP,Eagle Materials,215.17,69,-28,-10,56,87,43,2,-24,26,47,134
GEV,GE Vernova,530.2,6,51,0,0,57,17,54,6,0,77,134
BALL,Ball Corporation,58.78,31,39,0,-10,60,22,51,5,-4,74,134
MGM,MGM Resorts International,37.52,47,19,0,0,66,60,13,2,-8,67,133
CMG,Chipotle Mexican Grill,55.47,0,23,-1,79,101,-14,16,2,28,32,133
COIN,Coinbase,354.68,1,38,4,0,43,16,52,4,17,89,132
NWSA,News Corp (Class A),29.48,0,39,4,57,100,-6,12,5,20,31,131
UAL,United Airlines Holdings,81.24,45,12,0,10,67,61,2,-15,15,63,130
SNA,Snap-on,317.09,32,0,0,58,90,-4,2,-14,56,40,130
CBSH,Commerce Bancshares,65.11,47,5,2,3,57,51,5,5,12,73,130
DGX,Quest Diagnostics,172.52,-24,0,63,17,56,-21,19,63,13,74,130
CHH,Choice Hotels,131.88,47,5,0,14,66,61,2,-12,13,64,130
THC,Tenet Healthcare,172.41,0,48,9,56,113,-18,8,3,23,16,129
COKE,Coca-Cola Consolidated,113.82,52,-46,0,85,91,-5,3,-11,51,38,129
LYFT,Lyft,16.45,66,40,3,0,109,13,3,5,-1,20,129
GWW,W. W. Grainger,1036.55,0,0,0,93,93,-11,-14,5,56,36,129
LNT,Alliant Energy,61.26,30,0,63,13,106,29,-23,5,12,23,129
ESAB,ESAB,126.42,37,4,3,0,44,61,2,5,16,84,128
ISRG,Intuitive Surgical,527.18,0,0,89,21,110,-12,1,3,25,17,127
ZG,Zillow (Class A),70.23,20,12,49,0,81,38,2,-13,19,46,127
ALNY,Alnylam Pharmaceuticals,317.31,-1,38,12,14,63,-1,46,5,14,64,127
QGEN,Qiagen,47.83,0,36,7,2,45,-13,77,5,12,81,126
GWRE,Guidewire Software,230.48,-80,52,105,20,97,8,-3,5,19,29,126
CPNG,Coupang,29.99,1,45,12,0,58,-5,52,5,16,68,126
BAC,Bank of America,47.15,0,39,12,17,68,-6,46,5,13,58,126
XYZ,"Block, Inc.",67.84,66,17,-19,-35,29,69,36,-20,12,97,126
CRH,CRH plc,94.66,45,4,2,63,114,-4,2,-12,26,12,126
NNN,NNN Reit,43.22,33,37,3,21,94,-7,21,5,13,32,126
NTRA,Natera,158.46,-31,30,87,17,103,-28,28,5,18,23,126
BRK-B,Berkshire Hathaway,477.53,-24,-24,119,61,132,-16,-36,20,25,-7,125
LII,Lennox International,594.75,74,6,0,37,117,-5,5,-18,26,8,125
ADT,ADT Inc.,8.41,0,59,26,0,85,9,3,20,7,39,124
LFUS,Littelfuse,235.77,70,39,-20,0,89,-5,44,3,-7,35,124
COLB,Columbia Banking System,25.12,52,5,0,0,57,74,4,-21,9,66,123
ROKU,"Roku, Inc.",88.1,66,20,5,-18,73,16,44,-13,3,50,123
HST,Host Hotels & Resorts,16.19,30,39,-27,1,43,29,52,3,-5,79,122
IRM,Iron Mountain,99.59,-13,44,0,56,87,-24,-1,5,55,35,122
CART,Maplebear Inc.,48.71,49,8,18,0,75,43,2,2,0,47,122
CUBE,CubeSmart,42.6,24,45,-18,21,72,-5,50,5,-1,49,121
META,Meta Platforms,720.66,0,39,12,28,79,-27,44,3,22,42,121
AMD,Advanced Micro Devices,137.83,0,38,-37,109,110,-34,45,5,-6,10,120
BJ,BJ's Wholesale Club,107.64,-38,-6,73,9,38,12,-22,35,57,82,120
SNOW,Snowflake Inc.,223.49,10,42,10,0,62,10,52,5,-9,58,120
NTNX,Nutanix,76.12,19,8,26,21,74,17,1,5,23,46,120
NCLH,Norwegian Cruise Line Holdings,21.67,66,10,-1,0,75,1,40,-15,19,45,120
NEM,Newmont,57.62,-3,63,14,4,78,-7,25,14,9,41,119
SPG,Simon Property Group,163.5,51,8,0,34,93,-4,7,3,20,26,119
Z,Zillow (Class C),72.62,35,12,6,0,53,38,21,-13,19,65,118
MU,Micron Technology,124.41,0,38,4,21,63,10,44,5,-4,55,118
MKSI,MKS Instruments,104.45,66,24,-22,-12,56,21,44,1,-4,62,118
GE,GE Aerospace,247.04,-4,50,14,26,86,-31,8,25,28,30,116
G,Genpact,46.14,45,3,3,2,53,61,3,-10,9,63,116
MOS,Mosaic Company (The),37.29,35,59,11,-15,90,35,9,10,-29,25,115
AIZ,Assurant,190.26,-24,-4,-1,151,122,-21,-6,2,18,-7,115
HES,Hess Corporation,150.27,9,4,2,54,69,29,24,-6,-1,46,115
RGLD,Royal Gold,160.23,-14,-2,56,17,57,-14,-7,63,15,57,114
SFD,Smithfield Foods,23.88,32,34,0,0,66,-4,52,0,0,48,114
TXRH,Texas Roadhouse,188.25,0,40,4,63,107,-14,-14,5,30,7,114
PNW,Pinnacle West Capital,89.62,0,-4,63,17,76,-7,3,17,25,38,114
DD,DuPont,74.48,52,10,0,18,80,29,5,2,-2,34,114
VVV,Valvoline,38.97,47,24,-21,30,80,-5,40,2,-3,34,114
WH,Wyndham Hotels & Resorts,84.9,44,0,-6,10,48,61,2,-12,14,65,113
TRU,TransUnion,92.74,29,28,0,2,59,31,7,3,13,54,113
CSGP,CoStar Group,82.81,31,21,0,13,65,22,16,18,-8,48,113
MET,Metlife,79.67,-1,38,0,57,94,-12,10,3,17,18,112
APP,AppLovin,344.74,0,0,100,0,100,7,-13,1,17,12,112
SYY,Sysco,76.56,33,26,2,2,63,-5,39,2,13,49,112
UGI,UGI Corporation,35.14,-31,53,37,3,62,3,-1,44,4,50,112
XEL,Xcel Energy,67.57,-1,-4,46,11,52,-7,4,54,8,59,111
EL,Estée Lauder Companies (The),85.55,101,29,0,-25,105,-5,42,3,-34,6,111
AEE,Ameren,95.0,-7,-2,51,12,54,-7,-1,56,9,57,111
LAD,Lithia Motors,345.78,33,20,0,13,66,-4,45,-17,20,44,110
LITE,Lumentum,91.31,-3,37,9,2,45,7,45,3,9,64,109
RRX,Regal Rexnord,149.6,66,39,-23,2,84,-4,15,2,12,25,109
TRGP,Targa Resources,174.41,4,0,0,50,54,1,16,-15,53,55,109
SNDR,Schneider National,25.85,36,19,-18,1,38,45,38,-22,9,70,108
W,Wayfair,55.07,101,39,0,-40,100,-3,45,5,-39,8,108
CVX,Chevron Corporation,153.2,8,1,2,47,58,29,22,-7,5,49,107
NLY,Annaly Capital Management,19.52,17,21,13,9,60,21,7,3,15,46,106
CPRT,Copart,48.5,-4,-30,-8,175,133,-10,-26,-18,27,-27,106
WPC,W. P. Carey,62.3,-1,36,24,0,59,-7,28,21,4,46,105
PKG,Packaging Corporation of America,202.84,31,7,0,60,98,1,2,-21,25,7,105
JEF,Jefferies Financial Group,54.67,0,15,-15,57,57,-5,15,-18,56,48,105
FOXA,Fox Corporation (Class A),55.09,-14,38,63,0,87,-6,8,3,13,18,105
NBIX,Neurocrine Biosciences,128.72,31,30,-23,24,62,-6,49,2,-3,42,104
REG,Regency Centers,69.54,-14,0,63,52,101,-19,-1,5,18,3,104
HIW,Highwoods Properties,30.98,-1,45,6,5,55,-20,52,5,12,49,104
ABNB,Airbnb,136.98,31,24,0,0,55,61,-11,2,-4,48,103
BLDR,Builders FirstSource,127.26,74,5,-23,64,120,1,11,-27,-2,-17,103
NVR,"NVR, Inc.",7527.23,52,8,-18,64,106,-8,4,-27,28,-3,103
MUSA,Murphy USA,413.63,0,-41,-8,67,18,27,3,-24,78,84,102
NVST,Envista,20.16,67,24,1,0,92,-5,45,1,-31,10,102
OC,Owens Corning,144.76,48,5,-19,57,91,1,5,-23,28,11,102
AIG,American International Group,83.2,-24,36,23,52,87,-21,-3,18,20,14,101
FLS,Flowserve,53.44,59,10,0,26,95,-4,2,-16,24,6,101
BURL,Burlington Stores,249.66,40,2,0,2,44,61,1,-21,16,57,101
WEC,WEC Energy Group,103.64,-7,-9,50,12,46,-7,-11,63,10,55,101
GM,General Motors,52.17,46,21,0,10,77,-4,13,2,12,23,100
CSX,CSX Corporation,33.39,53,38,-31,3,63,-5,42,5,-5,37,100
MEDP,Medpace,322.64,76,13,-22,31,98,-5,23,-14,-3,1,99
OTIS,Otis Worldwide,99.69,66,6,3,0,75,1,7,-9,25,24,99
ECG,Everus Construction Group,65.36,29,37,0,0,66,20,11,2,0,33,99
HR,Healthcare Realty Trust,15.91,140,7,0,-38,109,-8,13,-24,8,-11,98
AS,Amer Sports,37.8,-4,39,0,0,35,14,44,5,0,63,98
POST,Post Holdings,106.57,-16,-3,-1,86,66,-14,-7,-3,56,32,98
DOCS,Doximity,61.52,5,9,49,0,63,15,20,-12,11,34,97
IP,International Paper,50.63,45,4,0,15,64,31,2,-15,15,33,97
WTM,White Mountains Insurance Group,1798.83,14,0,0,58,72,7,-22,-15,55,25,97
KDP,Keurig Dr Pepper,34.04,31,0,2,1,34,30,9,13,11,63,97
LUV,Southwest Airlines,33.97,40,38,10,-38,50,40,2,2,3,47,97
ACI,Albertsons,22.16,26,2,20,0,48,33,2,22,-8,49,97
GNRC,Generac,149.28,73,23,-15,-33,48,-4,41,2,9,48,96
IDA,Idacorp,115.79,4,8,51,17,80,-4,-11,21,9,15,95
CI,Cigna,312.05,-18,-2,0,57,37,-21,8,15,56,58,95
DNB,Dun & Bradstreet,9.12,90,18,-21,0,87,45,22,-23,-36,8,95
MRVL,Marvell Technology,71.93,-15,13,-16,105,87,-37,44,-16,17,8,95
CF,CF Industries,97.11,7,38,10,3,58,29,-5,5,7,36,94
HSIC,Schein (Henry),73.93,70,15,3,0,88,-5,8,1,2,6,94
ECL,Ecolab,268.91,0,37,11,21,69,-4,6,5,18,25,94
DIS,Walt Disney Company (The),121.85,0,39,10,0,49,-5,43,5,2,45,94
AMCR,Amcor,9.82,52,5,0,0,57,61,7,-30,-1,37,94
DAL,Delta Air Lines,50.52,47,11,-8,18,68,15,2,-16,25,26,94
CFLT,"Confluent, Inc.",25.44,52,8,-11,0,49,21,33,-13,3,44,93
ESS,Essex Property Trust,285.95,7,21,1,13,42,14,19,5,13,51,93
PARAA,Paramount Global (Class A),23.03,11,6,34,0,51,22,12,3,5,42,93
BRX,Brixmor Property Group,25.51,-11,21,0,54,64,-20,18,5,25,28,92
K,Kellanova,79.41,37,-19,64,20,102,-5,-16,-2,12,-11,91
OMC,Omnicom Group,74.65,39,0,-22,1,18,45,5,-27,49,72,90
TMO,Thermo Fisher Scientific,426.27,53,0,-17,-4,32,70,4,-16,-2,56,88
NXST,Nexstar Media Group,183.51,31,38,4,3,76,-4,5,2,9,12,88
AGCO,AGCO,109.77,47,41,2,1,91,-4,7,6,-12,-3,88
WBA,Walgreens Boots Alliance,11.52,52,39,0,-76,15,52,54,1,-34,73,88
INGR,Ingredion,136.85,2,5,2,33,42,-5,-10,5,55,45,87
CAVA,Cava Group,87.57,51,0,-9,0,42,64,2,-23,1,44,86
AFRM,Affirm Holdings,67.75,0,21,7,0,28,17,22,3,16,58,86
EQT,EQT Corporation,54.84,-31,45,36,41,91,-60,10,36,9,-5,86
NDSN,Nordson,221.49,40,38,-31,0,47,-4,44,5,-6,39,86
ALK,Alaska Air Group,50.04,47,5,-1,0,51,36,2,-12,8,34,85
BWA,BorgWarner,35.2,48,41,3,0,92,-2,5,5,-15,-7,85
MP,MP Materials,31.17,-31,22,27,0,18,5,19,40,3,67,85
CEG,Constellation Energy,312.83,-3,39,11,0,47,8,7,5,18,38,85
SMCI,Supermicro,49.1,7,15,0,57,79,-14,38,-11,-8,5,84
PRU,Prudential Financial,107.61,0,29,-8,54,75,-8,21,-22,18,9,84
JBHT,J. B. Hunt,153.1,54,8,-26,0,36,69,11,-23,-9,48,84
EXR,Extra Space Storage,149.88,31,36,-1,0,66,-5,5,5,12,17,83
SW,Smurfit Westrock,47.12,46,5,0,0,51,47,2,-18,0,31,82
BIO,Bio-Rad Laboratories,251.32,87,5,-22,-27,43,91,10,-27,-36,38,81
VTRS,Viatris,9.27,52,13,-20,-6,39,30,17,-24,18,41,80
AFL,Aflac,103.23,-10,-4,0,57,43,-21,7,-3,54,37,80
SBUX,Starbucks,94.94,31,7,5,2,45,1,38,-10,6,35,80
GAP,Gap Inc.,22.67,52,-11,0,17,58,-3,1,6,18,22,80
AMED,Amedisys,97.63,1,56,7,-39,25,6,19,20,9,54,79
ILMN,"Illumina, Inc.",99.33,145,19,-23,-39,102,-6,45,-23,-39,-23,79
EFX,Equifax,264.16,33,0,0,15,48,32,-24,5,17,30,78
UNH,UnitedHealth Group,307.68,-5,-55,-13,-3,-76,-16,13,-26,183,154,78
ED,Consolidated Edison,99.33,-5,-23,23,46,41,-13,-11,17,44,37,78
LLYVA,Liberty Live (Series A),76.63,-10,52,23,0,65,-6,13,5,0,12,77
KNX,Knight-Swift,47.04,48,5,-20,0,33,69,3,-16,-12,44,77
VAC,Marriott Vacations Worldwide,80.55,88,14,-20,-16,66,23,10,2,-24,11,77
TW,Tradeweb,134.6,-26,-1,104,0,77,-23,-4,5,22,0,77
ACGL,Arch Capital Group,90.24,-24,0,-3,61,34,3,-15,5,50,43,77
THG,Hanover Insurance,162.88,-31,0,56,23,48,-22,-11,48,13,28,76
O,Realty Income,57.48,0,35,5,6,46,-8,21,5,12,30,76
MAT,Mattel,20.09,54,38,9,0,101,-5,7,2,-30,-26,75
CNP,Centerpoint Energy,35.96,-6,-5,44,44,77,-21,-33,38,14,-2,75
ON,ON Semiconductor,57.63,29,24,-32,0,21,22,45,1,-14,54,75
THO,Thor Industries,91.92,35,23,-21,1,38,-5,45,1,-5,36,74
TYL,Tyler Technologies,585.46,2,11,0,16,29,13,38,-23,17,45,74
LLYVK,Liberty Live (Series C),78.13,-10,45,24,0,59,-6,15,5,0,14,73
TER,Teradyne,92.22,82,10,-24,-5,63,-8,40,-18,-4,10,73
HAYW,Hayward Holdings,14.52,39,10,0,0,49,3,2,3,15,23,72
QCOM,Qualcomm,159.41,7,24,-20,21,32,-6,47,3,-4,40,72
SUI,Sun Communities,127.22,31,30,4,-23,42,-5,20,5,10,30,72
QS,QuantumScape,8.18,59,13,1,0,73,17,13,3,-35,-2,71
DLR,Digital Realty,170.76,-7,45,0,21,59,-10,-1,5,18,12,71
FNF,Fidelity National Financial,55.18,-3,-1,0,57,53,-5,9,-6,20,18,71
FOX,Fox Corporation (Class B),50.53,-14,38,62,0,86,-34,8,2,8,-16,70
LPX,Louisiana-Pacific,89.91,31,0,-5,62,88,-5,-19,-19,25,-18,70
WEX,WEX Inc.,152.56,58,21,-38,-4,37,30,39,-29,-7,33,70
ACN,Accenture,303.33,38,0,-18,13,33,31,2,-14,18,37,70
RPRX,Royalty Pharma,35.5,0,42,27,0,69,-5,21,21,-37,0,69
FSLR,First Solar,165.41,38,4,-34,61,69,-4,4,5,-5,0,69
SNDK,SanDisk,46.2,0,15,0,0,15,15,39,0,0,54,69
PPG,PPG Industries,117.45,69,39,-41,0,67,-4,7,5,-7,1,68
APTV,Aptiv,71.45,45,39,2,-23,63,30,5,5,-35,5,68
NCNO,nCino,29.55,50,24,-21,0,53,21,3,-23,14,15,68
CACC,Credit Acceptance,525.74,39,15,2,2,58,-4,16,2,-4,10,68
TWLO,Twilio,122.16,2,31,42,-33,42,8,7,1,10,26,68
AMT,American Tower,220.8,0,17,11,5,33,-12,22,15,10,35,68
CIEN,Ciena,78.66,0,39,4,11,54,-6,2,3,15,14,68
MDT,Medtronic,88.57,38,5,6,0,49,-5,20,-9,12,18,67
MIDD,Middleby,148.05,45,10,9,0,64,1,1,-11,12,3,67
DG,Dollar General,112.65,-1,80,0,-16,63,-16,28,17,-25,4,67
RRC,Range Resources,38.45,-38,39,29,41,71,-64,-1,5,54,-6,65
DECK,Deckers Brands,105.28,32,-18,-19,92,87,-7,-30,-15,30,-22,65
CL,Colgate-Palmolive,92.14,35,4,-1,22,60,-1,-11,-9,25,4,64
EEFT,Euronet Worldwide,106.89,28,4,2,0,34,22,-9,5,12,30,64
PATH,UiPath,13.22,47,29,-6,0,70,15,-17,5,-9,-6,64
SARO,StandardAero,30.45,-1,39,0,0,38,-26,46,5,0,25,63
U,Unity Technologies,29.39,44,28,1,0,73,17,2,5,-34,-10,63
ES,Eversource Energy,64.56,30,42,10,-9,73,-7,-9,5,1,-10,63
CHTR,Charter Communications,411.54,68,7,13,-35,53,-6,5,5,5,9,62
UTHR,United Therapeutics,294.51,9,-19,-5,56,41,1,-14,-24,58,21,62
FIS,Fidelity National Information Services,79.87,-7,54,0,-36,11,-15,52,4,10,51,62
CRUS,Cirrus Logic,107.65,9,39,-18,18,48,-5,15,5,-2,13,61
ESTC,Elastic NV,86.14,47,-2,-8,-5,32,43,1,-13,-3,28,60
CHDN,Churchill Downs Incorporated,104.69,55,8,-26,0,37,-5,26,-27,29,23,60
ADM,Archer Daniels Midland,54.75,30,40,0,-10,60,-3,16,5,-19,-1,59
RGA,Reinsurance Group of America,198.16,0,0,0,39,39,-19,-17,3,52,19,58
KEYS,Keysight,163.47,0,39,11,0,50,-5,6,3,4,8,58
OLED,Universal Display Corporation,158.92,7,39,-32,0,14,-4,46,5,-4,43,57
TEAM,Atlassian,219.5,45,2,0,-5,42,15,2,-13,10,14,56
KRC,Kilroy Realty,35.04,7,29,-15,-39,-18,29,32,1,10,72,54
BC,Brunswick Corporation,59.29,31,23,-33,-6,15,31,39,-24,-8,38,53
RVTY,Revvity,100.67,69,0,-15,-23,31,24,15,-20,2,21,52
PFE,Pfizer,25.62,31,20,-28,-22,1,31,45,2,-27,51,52
VTR,"Ventas, Inc.",62.76,-1,-28,67,21,59,-5,-35,18,14,-8,51
OKE,Oneok,81.59,2,-11,-8,53,36,-8,-7,-20,50,15,51
AGO,Assured Guaranty,84.72,-15,0,0,55,40,-26,11,5,21,11,51
SEB,Seaboard Corporation,2975.0,31,13,0,-22,22,29,25,3,-28,29,51
HXL,Hexcel,57.42,52,11,-24,0,39,-4,40,-16,-8,12,51
CE,Celanese,60.33,47,24,-38,-9,24,29,5,1,-8,27,51
CTRA,Coterra,25.18,-3,0,6,43,46,1,-2,-7,12,4,50
WTW,Willis Towers Watson,305.18,61,-51,0,23,33,14,-15,-10,28,17,50
AMKR,Amkor Technology,22.1,66,24,-35,0,55,22,20,-43,-4,-5,50
FIVE,Five Below,128.78,0,41,0,-15,26,-19,50,6,-14,23,49
GEHC,GE HealthCare,75.19,54,8,-15,0,47,-5,13,-13,7,2,49
OVV,Ovintiv,41.12,7,21,-32,1,-3,30,24,2,-5,51,48
CMS,CMS Energy,69.39,-1,-31,71,22,61,-6,-37,17,13,-13,48
IT,Gartner,398.88,-1,-16,-16,57,24,1,-19,-14,56,24,48
TROW,T. Rowe Price,99.74,68,24,-18,-24,50,-4,8,-20,12,-4,46
DKNG,DraftKings,42.36,0,15,4,0,19,5,15,-13,19,26,45
ELF,e.l.f. Beauty,117.1,-7,31,-45,30,9,-8,45,3,-4,36,45
MASI,Masimo,162.25,-13,12,41,-5,35,-14,25,-10,9,10,45
HRB,H&R Block,55.3,3,-20,0,51,34,-7,-32,-1,51,11,45
S,SentinelOne,18.51,52,0,-20,0,32,21,2,-23,13,13,45
PYPL,PayPal,75.04,66,29,0,-38,57,-5,4,-19,8,-12,45
NEE,NextEra Energy,72.5,26,5,0,0,31,-3,-1,5,12,13,44
MAS,Masco,65.56,0,5,-15,64,54,-8,5,-27,20,-10,44
GPK,Graphic Packaging,22.08,31,-83,-14,57,-9,29,-20,-27,70,52,43
MTDR,Matador Resources,52.4,7,19,-24,1,3,22,39,-17,-5,39,42
SOLV,Solventum,75.09,-4,12,0,0,8,-7,40,1,0,34,42
EXC,Exelon,43.0,-7,-28,50,13,28,-21,4,21,9,13,41
CRM,Salesforce,273.69,7,1,-8,21,21,12,4,-16,20,20,41
CRL,Charles River Laboratories,158.39,54,24,-49,-25,4,1,42,1,-7,37,41
JLL,Jones Lang LaSalle,254.79,0,13,3,13,29,-4,18,-15,13,12,41
EPAM,EPAM Systems,183.37,55,10,-21,-26,18,66,3,-12,-36,21,39
UHS,Universal Health Services,182.31,0,0,-6,21,15,-9,5,3,25,24,39
JNJ,Johnson & Johnson,155.76,31,5,3,6,45,-5,3,-9,5,-6,39
CNXC,Concentrix,60.51,30,5,0,0,35,29,3,3,-32,3,38
VZ,Verizon,43.06,0,0,25,9,34,-12,-15,18,13,4,38
CUZ,Cousins Properties,29.02,-26,29,6,10,19,-20,22,5,12,19,38
EGP,EastGroup Properties,168.46,0,36,2,7,45,-5,-4,5,-4,-8,37
MORN,"Morningstar, Inc.",303.7,-4,39,-15,27,47,-31,1,2,17,-11,36
IPGP,IPG Photonics,73.09,52,38,-81,-43,-34,67,45,1,-43,70,36
GRAL,"Grail, Inc.",42.82,-14,19,0,0,5,-24,52,3,0,31,36
ALAB,Astera Labs,92.34,2,37,0,0,39,17,-3,-17,0,-3,36
ROST,Ross Stores,131.57,30,-16,-8,34,40,-15,-24,6,28,-5,35
TPG,TPG Inc.,53.54,7,22,-1,0,28,-5,13,-19,18,7,35
UDR,"UDR, Inc.",40.96,8,0,0,1,9,13,-4,5,12,26,35
CCI,Crown Castle,102.58,33,12,2,-27,20,-11,11,15,-1,14,34
LNC,Lincoln Financial,35.0,8,8,13,-5,24,-8,8,3,7,10,34
MDU,MDU Resources,16.38,-4,0,0,39,35,-7,-27,5,28,-1,34
OWL,Blue Owl Capital,19.36,5,18,0,0,23,-4,10,-16,20,10,33
SAIA,Saia,295.24,70,0,-21,3,52,1,7,-23,-4,-19,33
JKHY,Jack Henry & Associates,180.36,8,7,11,3,29,8,-15,1,10,4,33
MSGS,Madison Square Garden Sports,202.94,-3,13,-1,20,29,-8,7,-21,26,4,33
M,"Macy's, Inc.",12.55,38,5,-26,-14,3,53,2,-20,-5,30,33
EA,Electronic Arts,152.63,-11,15,0,6,10,-22,14,11,20,23,33
DPZ,Domino's,459.54,6,0,0,9,15,3,-25,22,17,17,32
DOCU,DocuSign,77.95,45,-19,-1,-11,14,17,-13,3,10,17,31
AAP,Advance Auto Parts,55.7,31,31,0,-27,35,29,-5,5,-33,-4,31
KMB,Kimberly-Clark,131.4,31,-16,1,17,33,-5,-16,-6,25,-2,31
IPG,Interpublic Group of Companies (The),25.38,74,5,-38,0,41,34,7,-35,-16,-10,31
FDX,FedEx,238.71,33,7,-21,31,50,-5,12,-23,-3,-19,31
GL,Globe Life,121.09,-13,0,40,13,40,-18,5,-4,7,-10,30
SIRI,Sirius XM,24.43,66,11,-78,-30,-31,78,43,-44,-16,61,30
DHI,D. R. Horton,131.4,0,12,-23,64,53,-8,16,-30,-1,-23,30
DLB,Dolby Laboratories,75.59,40,1,2,1,44,-8,2,-15,7,-14,30
SEG,Seaport Entertainment Group,20.88,24,3,0,0,27,33,-7,-23,0,3,30
SWK,Stanley Black & Decker,71.68,52,5,-24,-38,-5,61,5,-30,-1,35,30
BILL,Bill.com,48.37,70,7,-19,0,58,17,6,-15,-36,-28,30
CPAY,Corpay,332.23,0,0,0,20,20,-5,-13,3,24,9,29
BXP,"BXP, Inc.",68.3,0,37,-3,0,34,-18,-4,5,12,-5,29
OHI,Omega Healthcare Investors,36.3,-12,-2,0,39,25,-8,-12,-6,30,4,29
XP,XP Inc.,19.32,-10,53,7,0,50,-21,-4,11,-7,-21,29
FAF,First American Financial Corporation,59.98,-4,8,0,13,17,-5,13,-14,17,11,28
GTLB,GitLab,46.6,46,0,-16,0,30,21,-26,-15,17,-3,27
ALSN,Allison Transmission,94.88,0,0,0,34,34,-8,-16,-16,33,-7,27
CCCS,CCC Intelligent Solutions,9.73,29,13,-23,0,19,19,16,-22,-5,8,27
A,Agilent Technologies,121.03,8,13,-18,0,3,1,42,-15,-4,24,27
INGM,Ingram Micro,20.55,0,24,0,0,24,-8,8,2,0,2,26
RNR,RenaissanceRe,240.63,-24,1,-3,34,8,3,-15,3,27,18,26
AWK,American Water Works,141.04,2,-2,21,1,22,-12,-8,17,7,4,26
WFRD,Weatherford International,57.14,35,10,-39,0,6,47,19,-43,-4,19,25
NU,Nubank,13.59,0,10,3,0,13,-21,10,5,18,12,25
MTN,Vail Resorts,164.72,32,29,-28,-22,11,45,2,1,-35,13,24
REXR,Rexford Industrial,36.96,23,24,-41,-17,-11,25,39,1,-31,34,23
RKT,Rocket Companies,13.74,-14,13,-1,0,-2,-13,35,4,-1,25,23
AZTA,Azenta,33.49,56,4,-48,-30,-18,30,33,-14,-8,41,23
D,Dominion Energy,56.33,0,37,9,-33,13,-10,5,5,9,9,22
HHH,Howard Hughes Holdings,69.32,19,1,-8,-5,7,30,-6,-23,13,14,21
PVH,PVH Corp.,73.84,47,0,-27,-2,18,54,-22,-23,-6,3,21
CMCSA,Comcast,35.99,48,11,-30,-8,21,-12,16,2,-7,-1,20
MTD,Mettler Toledo,1206.39,9,24,-18,0,15,1,44,-36,-4,5,20
LSCC,Lattice Semiconductor,53.66,23,5,-15,0,13,22,11,-12,-14,7,20
CHRW,C.H. Robinson,98.36,45,7,0,3,55,-7,-14,-22,7,-36,19
SBAC,SBA Communications,234.23,0,12,11,-19,4,-12,11,12,4,15,19
TTD,Trade Desk (The),74.05,38,22,-22,3,41,-5,-15,-22,19,-23,18
VNOM,Viper Energy,37.82,-17,-11,-4,43,11,-10,-7,-23,46,6,17
HPQ,HP Inc.,25.82,48,0,-20,0,28,-4,2,-24,15,-11,17
SITE,SiteOne Landscape Supply,128.7,36,6,-21,-8,13,29,5,-24,-7,3,16
WDAY,"Workday, Inc.",240.44,17,-1,-5,13,24,15,-25,3,-1,-8,16
ENTG,Entegris,87.02,66,5,-39,-5,27,22,15,-44,-4,-11,16
RNG,RingCentral,29.63,54,20,-21,-40,13,61,7,-21,-44,3,16
FR,First Industrial Realty Trust,48.54,0,0,-8,13,5,-4,-1,3,13,11,16
GPC,Genuine Parts Company,126.66,38,6,0,0,44,-5,-14,5,-16,-30,14
DVA,DaVita,143.82,0,0,0,19,19,-15,7,-15,18,-5,14
EQIX,Equinix,767.39,-15,-3,-3,33,12,-12,-9,-3,25,1,13
KMPR,Kemper Corporation,62.89,-24,29,0,3,8,-20,10,2,13,5,13
AXTA,Axalta,30.62,31,-26,-11,21,15,-5,2,-24,25,-2,13
SON,Sonoco,46.55,31,5,-39,0,-3,25,2,2,-13,16,13
IEX,IDEX Corporation,182.57,31,1,-23,0,9,30,1,-23,-5,3,12
ADC,Agree Realty,71.39,-59,-9,58,15,5,-22,-3,18,12,5,10
GDDY,GoDaddy,177.01,-3,0,0,21,18,8,-23,-14,21,-8,10
DV,DoubleVerify,15.44,40,12,-65,0,-13,43,2,-13,-9,23,10
COO,Cooper Companies (The),74.28,45,-26,-22,-4,-7,45,1,-27,-2,17,10
IQV,IQVIA,164.52,39,4,-35,-5,3,29,20,-37,-5,7,10
MHK,Mohawk Industries,109.21,54,1,-21,-10,24,-5,5,-29,13,-16,8
EMN,Eastman Chemical Company,80.44,31,0,-16,0,15,22,2,-30,-1,-7,8
NKE,"Nike, Inc.",73.95,50,7,-72,-20,-35,68,7,2,-35,42,7
MRP,Millrose Properties,27.5,-17,28,0,0,11,-10,6,0,0,-4,7
PENN,Penn Entertainment,18.3,89,10,-18,-33,48,-5,20,-13,-43,-41,7
TPL,Texas Pacific Land Corporation,1044.41,-3,-26,-4,57,24,-8,-26,5,12,-17,7
CROX,Crocs,106.53,45,0,-37,0,8,-5,2,5,-4,-2,6
TTC,Toro Company (The),74.35,66,5,-30,-6,35,31,2,-43,-19,-29,6
DXCM,Dexcom,83.76,0,43,0,-13,30,-23,2,5,-8,-24,6
AVY,Avery Dennison,182.32,31,5,-30,1,7,-4,5,2,-4,-1,6
WING,Wingstop,326.69,-48,45,-2,37,32,-53,-6,3,30,-26,6
INCY,Incyte,67.67,-26,25,0,-30,-31,-20,47,1,6,34,3
WMS,Advanced Drainage Systems,119.04,9,23,-35,2,-1,-14,15,5,-2,4,3
FND,Floor & Decor,82.01,54,5,-30,-5,24,-4,11,-24,-5,-22,2
GTM,ZoomInfo,10.15,9,12,-18,0,3,15,43,-23,-36,-1,2
PCTY,Paylocity,185.13,19,0,0,-2,17,13,-19,-14,4,-16,1
CPT,Camden Property Trust,113.32,0,0,0,0,0,-5,-9,5,10,1,1
MAA,Mid-America Apartment Communities,150.29,21,-25,0,0,-4,29,-32,-3,10,4,0
FE,FirstEnergy,39.88,-23,-4,0,54,27,-21,-24,5,13,-27,0
CDW,CDW,180.63,7,39,-37,3,12,-8,2,1,-7,-12,0
AVB,AvalonBay Communities,201.51,-28,0,0,15,-13,2,-2,-2,14,12,-1
FBIN,Fortune Brands Innovations,53.11,52,0,-21,-4,27,-5,5,-27,-1,-28,-1
PARA,Paramount Global (Class B),12.65,-3,40,3,-38,2,-13,46,7,-44,-4,-2
SEE,Sealed Air,32.05,31,39,-19,-23,28,-5,2,3,-31,-31,-3
WBD,Warner Bros. Discovery,11.39,3,19,7,-41,-12,11,39,3,-44,9,-3
LEN-B,Lennar (Class B),105.08,-3,1,-23,61,36,-14,5,-30,-1,-40,-4
FTV,Fortive,52.8,12,0,-16,32,28,-5,-11,-12,-4,-32,-4
PSA,Public Storage,290.9,-4,0,-6,14,4,-10,-15,5,12,-8,-4
WLK,Westlake Corporation,83.08,46,0,-35,0,11,31,5,-47,-5,-16,-5
HUBS,HubSpot,558.24,18,-18,-5,10,5,11,-26,-13,18,-10,-5
RH,RH,199.66,30,0,-19,-6,5,-7,5,-18,8,-12,-7
RARE,Ultragenyx,39.47,24,19,-22,-37,-16,22,18,-30,-2,8,-8
WAT,Waters Corporation,347.77,-4,0,0,13,9,-19,4,-15,13,-17,-8
DAY,Dayforce,58.09,9,1,-15,-11,-16,31,-9,-19,4,7,-9
LEN,Lennar (Class A),110.42,-4,1,-25,63,35,-17,4,-30,-2,-45,-10
EQR,Equity Residential,66.59,-4,0,0,12,8,-5,-30,5,12,-18,-10
CNA,CNA Financial,45.07,-14,-23,0,56,19,-21,-24,-4,19,-30,-11
VNO,Vornado Realty Trust,37.65,-3,0,0,3,0,-19,-9,3,14,-11,-11
VKTX,Viking Therapeutics,30.2,9,5,-35,20,-1,22,1,-28,-5,-10,-11
PODD,Insulet,296.52,-30,0,40,3,13,-23,-15,9,5,-24,-11
PK,Park Hotels & Resorts,10.8,31,5,-21,-6,9,1,5,-23,-4,-21,-12
TGT,Target Corporation,102.01,45,5,-26,-10,14,-6,19,-34,-5,-26,-12
FCN,FTI Consulting,166.33,34,2,-32,0,4,28,2,-42,-4,-16,-12
AA,Alcoa,30.54,38,6,-16,-19,9,-7,39,-22,-31,-21,-12
GFS,GlobalFoundries,41.67,31,17,-77,0,-29,29,15,-12,-16,16,-13
MKC,McCormick & Company,72.91,-14,0,0,-1,-15,-17,19,-9,9,2,-13
DOC,Healthpeak Properties,18.2,33,0,-12,-30,-9,-5,19,-27,8,-5,-14
EXE,Expand Energy,106.38,-34,0,36,0,2,-58,-3,36,9,-16,-14
BROS,Dutch Bros. Coffee,66.09,-35,0,48,0,13,-28,-13,3,10,-28,-15
BBY,Best Buy,72.23,31,5,-19,-5,12,1,2,-30,-1,-28,-16
MRNA,Moderna,32.55,52,2,-50,-3,1,67,4,-50,-38,-17,-16
DHR,Danaher Corporation,200.68,3,21,-24,0,0,1,20,-35,-3,-17,-17
PLD,Prologis,106.84,8,5,-18,0,-5,-5,-8,5,-4,-12,-17
CC,Chemours,13.62,54,5,-60,-12,-13,31,16,-22,-29,-4,-17
WST,West Pharmaceutical Services,220.6,0,22,-22,-6,-6,-5,22,-22,-7,-12,-18
FI,Fiserv,170.51,0,-65,-9,34,-40,-5,10,-10,26,21,-19
AMH,American Homes 4 Rent,35.49,-59,0,-3,67,5,-21,-23,5,14,-25,-20
ZM,Zoom Communications,77.4,0,0,0,0,0,-6,-22,5,3,-20,-20
CPRI,Capri Holdings,18.8,47,8,-67,-10,-22,61,2,-31,-31,1,-21
SHC,Sotera Health,11.59,31,-2,-22,0,7,-5,-23,5,-5,-28,-21
LYB,LyondellBasell,63.7,30,1,-39,0,-8,30,15,-53,-6,-14,-22
ONTO,Onto Innovation,103.36,7,0,-21,0,-14,-4,15,-16,-3,-8,-22
CVS,CVS Health,66.96,-14,12,5,-16,-13,-21,18,20,-27,-10,-23
DAR,Darling Ingredients,37.74,-3,16,-1,-19,-7,-5,15,3,-29,-16,-23
FANG,Diamondback Energy,143.73,5,1,-24,46,28,1,-5,-43,-4,-51,-23
CHRD,Chord Energy,108.24,9,20,-45,1,-15,22,23,-49,-5,-9,-24
FMC,FMC Corporation,43.3,30,28,-35,-23,0,-2,32,-31,-25,-26,-26
HRL,Hormel Foods,31.09,8,8,0,-22,-6,5,-1,5,-29,-20,-26
EW,Edwards Lifesciences,76.39,0,13,0,-13,0,-23,4,25,-34,-28,-28
ASH,Ashland Global,53.98,37,1,-36,-8,-6,30,5,-48,-9,-22,-28
PAYC,Paycom,233.99,9,0,14,-23,0,14,-13,5,-36,-30,-30
PLTK,Playtika,4.93,40,5,-21,0,24,-5,3,-22,-30,-54,-30
DVN,Devon Energy,34.92,7,5,-45,-4,-37,22,1,4,-21,6,-31
PEP,PepsiCo,135.02,39,0,-37,0,2,-6,19,-34,-12,-33,-31
OXY,Occidental Petroleum,45.74,7,5,-50,0,-38,22,-2,1,-15,6,-32
KBR,"KBR, Inc.",47.37,-25,-12,-25,0,-62,-12,-12,-3,56,29,-33
REGN,Regeneron Pharmaceuticals,547.55,39,-26,-36,-3,-26,31,1,-37,-3,-8,-34
TSN,Tyson Foods,55.73,-4,-2,-1,-27,-34,-10,5,-6,10,-1,-35
UHAL,U-Haul,61.58,5,-14,-10,21,2,-6,-27,-23,19,-37,-35
PINC,"Premier, Inc.",21.91,2,0,12,-27,-13,15,-14,10,-33,-22,-35
TRIP,Tripadvisor,17.48,31,4,0,-51,-16,38,-18,2,-43,-21,-37
SLB,Schlumberger,36.53,9,0,-65,0,-56,43,1,-16,-9,19,-37
LSTR,Landstar,143.2,35,5,-30,0,10,-5,1,-37,-6,-47,-37
LKQ,LKQ Corporation,38.61,30,-16,-1,0,13,-4,-22,-9,-16,-51,-38
BMY,Bristol Myers Squibb,47.05,-4,0,-4,-4,-12,-13,-8,-9,4,-26,-38
PEN,"Penumbra, Inc.",247.96,-30,-28,27,10,-21,-29,-31,41,2,-17,-38
ZTS,Zoetis,157.57,10,0,-30,-2,-22,-5,-13,4,-4,-18,-40
CLF,Cleveland-Cliffs,8.89,40,4,-58,-15,-29,37,17,-58,-7,-11,-40
ETSY,Etsy,53.47,6,29,-3,-29,3,-4,-8,5,-36,-43,-40
BFAM,Bright Horizons,117.55,-25,-2,0,0,-27,-20,-18,10,14,-14,-41
FRT,Federal Realty Investment Trust,94.13,-4,5,-18,1,-16,-5,-9,-24,13,-25,-41
MTCH,Match Group,32.45,31,23,-21,-36,-3,-5,31,-28,-37,-39,-42
OKTA,"Okta, Inc.",97.51,-13,-20,19,-23,-37,-10,-24,24,5,-5,-42
SJM,J.M. Smucker Company (The),103.44,38,-19,-7,-3,9,-5,-19,-5,-22,-51,-42
ALGN,Align Technology,195.62,65,24,-62,-24,3,36,13,-57,-37,-45,-42
UHAL-B,U-Haul (Series N),55.84,29,0,-18,0,11,-4,-26,-32,8,-54,-43
IAC,IAC Inc.,38.94,45,8,-35,-30,-12,-6,10,1,-37,-32,-44
JAZZ,Jazz Pharmaceuticals,109.14,8,0,-10,-5,-7,22,-10,-11,-38,-37,-44
COP,ConocoPhillips,95.79,7,4,-40,1,-28,30,17,-56,-7,-16,-44
OLN,Olin Corporation,22.22,31,1,-55,-8,-31,61,4,-57,-22,-14,-45
WSC,WillScot Mobile Mini,28.53,64,5,-60,-5,4,-4,2,-37,-11,-50,-46
MDB,MongoDB Inc.,208.9,4,10,-21,-8,-15,9,-11,-22,-8,-32,-47
KMX,CarMax,68.38,0,0,-14,-35,-49,-6,16,-18,10,2,-47
POOL,Pool Corporation,302.93,31,-18,-18,-5,-10,-10,5,-24,-8,-37,-47
HOLX,Hologic,64.89,-18,27,-30,0,-21,-26,34,-30,-6,-28,-49
BRKR,Bruker,42.36,54,5,-55,-7,-3,6,15,-59,-8,-46,-49
AKAM,Akamai Technologies,80.61,7,6,-21,-6,-14,-20,14,-21,-9,-36,-50
MAN,ManpowerGroup,44.22,31,0,-41,-27,-37,60,3,-41,-35,-13,-50
MRK,Merck & Co.,81.38,31,0,-42,-3,-14,-5,19,-46,-5,-37,-51
AVTR,Avantor,13.74,0,0,-24,0,-24,-14,25,-35,-4,-28,-52
OGN,Organon & Co.,9.97,0,0,-24,0,-24,-8,20,-37,-3,-28,-52
HSY,Hershey Company (The),169.96,-4,5,-40,-3,-42,-5,20,-9,-18,-12,-54
DBX,Dropbox,27.36,-31,-1,14,8,-10,-23,-26,-2,7,-44,-54
TECH,Bio-Techne,52.68,8,0,-22,-23,-37,-5,15,-22,-5,-17,-54
GNTX,Gentex,23.0,47,4,-37,-7,7,-4,2,-54,-7,-63,-56
TREX,"Trex Company, Inc.",58.62,31,0,-49,-12,-30,-4,4,-21,-5,-26,-56
IFF,International Flavors & Fragrances,76.18,23,1,-18,-30,-24,-4,-10,-30,10,-34,-58
AR,Antero Resources,36.63,-50,0,36,9,-5,-65,-3,5,9,-54,-59
HOG,Harley-Davidson,24.64,31,1,-38,-8,-14,-5,2,-33,-10,-46,-60
ENOV,Enovis,34.75,47,0,-60,-16,-29,22,2,-20,-36,-32,-61
YETI,Yeti Holdings,31.94,0,6,-30,-5,-29,-7,5,-21,-9,-32,-61
WY,Weyerhaeuser,26.16,5,0,-18,0,-13,-6,-6,-30,-7,-49,-62
RYAN,Ryan Specialty,66.01,-24,-9,0,0,-33,-35,-15,-4,24,-30,-63
KVUE,Kenvue,20.71,-12,-23,0,0,-35,-20,-24,14,2,-28,-63
INVH,Invitation Homes,32.22,-59,-1,-3,0,-63,-20,-9,16,13,0,-63
BHF,Brighthouse Financial,52.09,-61,-3,13,10,-41,-13,-21,5,7,-22,-63
FRPT,Freshpet,70.37,0,-16,-19,-5,-40,-7,-20,-15,18,-24,-64
TSLA,"Tesla, Inc.",297.83,-47,0,-1,9,-39,-14,-1,-19,9,-25,-64
COLM,Columbia Sportswear,63.75,40,-82,-16,-5,-63,-5,2,-11,12,-2,-65
CZR,Caesars Entertainment,29.98,31,12,-21,-24,-2,-5,7,-30,-36,-64,-66
NOV,NOV Inc.,13.52,7,1,-50,-11,-53,22,20,-41,-14,-13,-66
ARE,Alexandria Real Estate Equities,77.03,30,0,-32,-29,-31,29,13,-43,-34,-35,-66
ROIV,Roivant Sciences,10.86,-38,0,-2,0,-40,-54,-1,5,23,-27,-67
AES,AES Corporation,11.08,24,0,-37,-10,-23,28,-1,-48,-23,-44,-67
UA,Under Armour (Class C),6.67,1,31,-23,-36,-27,-10,4,1,-36,-41,-68
EIX,Edison International,50.74,-7,-22,-27,0,-56,-14,-23,-24,49,-12,-68
EG,Everest Group,341.27,6,-20,-31,54,9,-21,-20,-32,-4,-77,-68
NWL,Newell Brands,5.72,31,5,-22,-30,-16,-5,9,-22,-35,-53,-69
TAP,Molson Coors,49.38,26,-50,-8,0,-32,-6,-24,-9,-2,-41,-73
CGNX,Cognex Corporation,33.13,53,21,-35,-30,9,-8,7,-43,-39,-83,-74
PII,Polaris Inc.,47.11,33,8,-95,-16,-70,45,5,-38,-16,-4,-74
ANGI,Angi Inc.,16.26,31,24,-35,-50,-30,-5,2,1,-43,-45,-75
UWMC,United Wholesale Mortgage,4.16,0,-2,-24,0,-26,-13,4,-37,-3,-49,-75
WTRG,Essential Utilities,37.1,-24,-18,1,-2,-43,-19,-34,17,4,-32,-75
INTC,Intel,23.59,7,1,-64,-19,-75,7,15,-12,-11,-1,-76
LOAR,Loar Holdings,78.8,-25,-2,0,0,-27,-29,-29,9,0,-49,-76
DOW,Dow Inc.,29.05,7,0,-38,0,-31,22,-9,-53,-7,-47,-78
RGEN,Repligen,128.6,8,1,-11,-16,-18,-12,2,-15,-36,-61,-79
LULU,Lululemon Athletica,238.41,0,-21,-6,-2,-29,-10,-15,-15,-11,-51,-80
TDC,Teradata,22.89,44,6,-74,-16,-40,-5,2,-22,-15,-40,-80
VFC,VF Corporation,12.43,31,-16,-15,-42,-42,-3,-27,-15,6,-39,-81
CLVT,Clarivate,4.49,50,10,-72,-5,-17,7,1,-32,-41,-65,-82
CIVI,Civitas Resources,31.85,7,1,-50,-5,-47,24,-2,-50,-8,-36,-83
BMRN,BioMarin Pharmaceutical,57.99,30,-64,-45,-19,-98,45,1,-10,-21,15,-83
ELS,Equity Lifestyle Properties,61.77,-1,-9,-16,0,-26,-5,-23,-27,-2,-57,-83
DJT,Trump Media & Technology Group,19.26,17,-26,-51,0,-60,30,-28,-19,-8,-25,-85
MOH,Molina Healthcare,231.02,-24,-31,-8,-1,-64,-17,5,-4,-7,-23,-87
AAL,American Airlines Group,11.57,52,7,-16,-75,-32,-4,2,-16,-38,-56,-88
TXG,10x Genomics,12.24,57,20,-71,0,6,-5,21,-70,-41,-95,-89
ELV,Elevance Health,349.46,-24,-4,-39,0,-67,-21,5,-5,-2,-23,-90
PCG,PG&E Corporation,13.66,-16,-23,-25,-1,-65,-17,-25,-24,39,-27,-92
STZ,Constellation Brands,170.61,30,-22,-40,-2,-34,31,-26,-56,-7,-58,-92
GPN,Global Payments,80.69,0,0,-22,-38,-60,-12,7,-19,-9,-33,-93
MKTX,MarketAxess,217.0,-6,0,-23,-28,-57,5,-3,5,-43,-36,-93
ACHC,Acadia Healthcare,24.12,44,-91,-43,-10,-100,54,2,-37,-15,4,-96
ALB,Albemarle Corporation,70.21,52,4,-123,-22,-89,22,15,-22,-24,-9,-98
LEG,Leggett & Platt,9.92,31,24,-127,-29,-101,22,15,2,-37,2,-99
LCID,Lucid Motors,2.3,6,-27,-27,0,-48,17,-24,-12,-34,-53,-101
UAA,Under Armour (Class A),7.01,0,29,-23,-43,-37,-10,4,-23,-36,-65,-102
HAL,Halliburton,22.16,7,0,-58,-4,-55,22,-4,-57,-8,-47,-102
NSA,National Storage Affiliates,32.21,3,-32,-10,-3,-42,-8,-33,-31,11,-61,-103
GME,GameStop,22.76,-14,-17,-5,-29,-65,-20,-19,6,-6,-39,-104
BRBR,BellRing Brands,57.52,-12,-43,-8,0,-63,-19,-35,-14,26,-42,-105
EXAS,Exact Sciences,53.55,-17,0,-23,-24,-64,-16,-16,3,-15,-44,-108
GLOB,Globant,93.01,8,-35,-21,-6,-54,1,-29,-21,-6,-55,-109
DUOL,Duolingo,389.45,-138,-5,48,0,-95,-26,-19,9,22,-14,-109
RYN,Rayonier,23.07,24,-64,-15,-4,-59,-5,-10,-27,-8,-50,-109
WEN,Wendy's Company (The),11.28,-19,-9,-32,-7,-67,-14,11,-27,-14,-44,-111
ADBE,Adobe Inc.,382.17,-4,0,-31,-5,-40,-16,-16,-35,-4,-71,-111
BIIB,Biogen,134.55,31,4,-79,-26,-70,24,-9,-42,-17,-44,-114
DXC,DXC Technology,16.04,38,1,-20,-72,-53,-4,3,-27,-33,-61,-114
CERT,"Certara, Inc.",11.4,0,-17,-10,0,-27,-20,-34,-2,-31,-87,-114
BAX,Baxter International,30.68,0,1,-18,-37,-54,-14,2,-9,-40,-61,-115
FIVN,Five9,29.13,17,5,-74,-34,-86,31,-10,-12,-39,-30,-116
RIVN,Rivian,13.14,-31,-7,-2,0,-40,-42,-22,6,-20,-78,-118
APA,APA Corporation,20.5,8,21,-80,-11,-62,44,1,-84,-18,-57,-119
LBTYA,Liberty Global (Series A),10.04,0,0,-35,-30,-65,-19,7,-33,-9,-54,-119
COTY,Coty,4.93,23,0,-59,-6,-42,-4,-6,-61,-8,-79,-121
LBTYK,Liberty Global (Series C),10.28,0,0,-35,-29,-64,-15,20,-32,-35,-62,-126
KHC,Kraft Heinz,26.42,31,-52,-37,-3,-61,-7,-42,-9,-9,-67,-128
QDEL,QuidelOrtho,30.83,38,-15,-18,-37,-32,-5,-28,-18,-46,-97,-129
SPB,Spectrum Brands,56.44,35,-139,-23,-3,-130,-4,1,-22,23,-2,-132
LINE,"Lineage, Inc.",43.53,-2,-64,0,0,-66,-51,7,-26,0,-70,-136
INSP,Inspire Medical Systems,133.54,7,-36,-18,-5,-52,-18,-28,-23,-16,-85,-137
KSS,Kohl's,9.09,33,5,-57,-30,-49,-5,5,-58,-31,-89,-138
CHE,Chemed Corporation,466.51,-38,-32,-6,0,-76,-36,-20,-4,-7,-67,-143
FTRE,Fortrea,4.78,-14,-16,-31,0,-61,-19,-5,-60,-1,-85,-146
UPS,United Parcel Service,102.43,0,0,-101,-15,-116,-8,39,-29,-33,-31,-147
GMED,Globus Medical,56.61,-14,-94,-10,-1,-119,-14,-10,-15,11,-28,-147
BDX,Becton Dickinson,174.63,1,-92,-23,-4,-118,-7,5,-14,-14,-30,-148
BG,Bunge Global,75.83,-37,0,-39,0,-76,-74,-2,5,-4,-75,-151
VSTS,Vestis,6.05,7,-108,-16,0,-117,-4,-10,-22,0,-36,-153
HUM,Humana,237.49,-14,-2,-84,-11,-111,-16,7,-15,-19,-43,-154
PRGO,Perrigo,27.14,1,10,0,-112,-101,-10,5,1,-54,-58,-159
BIRK,Birkenstock,48.36,-116,-9,-5,0,-130,-20,-16,5,0,-31,-161
LW,Lamb Weston,52.34,-22,0,-67,-7,-96,-29,-6,-21,-13,-69,-165
WU,Western Union,8.69,29,-64,-18,-45,-98,22,-33,-53,-4,-68,-166
XRAY,Dentsply Sirona,16.53,44,12,-76,-41,-61,-5,2,-63,-39,-105,-166
NFE,New Fortress Energy,3.79,38,-95,-66,-2,-125,-5,4,-17,-24,-42,-167
GIS,General Mills,51.85,-3,-63,-36,-3,-105,-8,-9,-32,-18,-67,-172
REYN,Reynolds Consumer Products,21.68,37,-105,-23,0,-91,-11,-35,-35,-2,-83,-174
MPW,Medical Properties Trust,4.22,-17,-39,-2,-35,-93,-8,-37,-2,-34,-81,-174
CLX,Clorox,125.97,30,-127,-12,-4,-113,32,-85,-22,12,-63,-176
GO,Grocery Outlet,12.9,0,-15,-95,0,-110,-4,-36,-1,-27,-68,-178
SAM,Boston Beer Company,197.93,27,-28,-30,-36,-67,-5,-38,-26,-43,-112,-179
ZBH,Zimmer Biomet,93.48,31,-62,-60,-16,-107,-5,5,-59,-17,-76,-183
COLD,Americold,16.43,-4,-67,-36,-10,-117,-7,-9,-36,-14,-66,-183
APLS,Apellis Pharmaceuticals,17.89,0,-2,-65,-15,-82,-14,-9,-63,-17,-103,-185
HUN,Huntsman Corporation,11.26,9,-75,-40,-14,-120,31,-31,-35,-32,-67,-187
BF-B,Brown–Forman (Class B),28.48,38,-26,-98,-17,-103,-5,-25,-30,-27,-87,-190
CNC,Centene,32.58,-24,-32,-39,-10,-105,-20,-30,-8,-27,-85,-190
SRPT,Sarepta Therapeutics,19.04,3,-121,-24,-6,-148,22,-15,-45,-5,-43,-191
BF-A,Brown–Forman (Class A),28.6,39,-26,-97,-17,-101,-5,-26,-37,-23,-91,-192
CAG,Conagra Brands,20.64,-4,-57,-27,-6,-94,-9,-71,-9,-22,-111,-205
RHI,Robert Half,42.54,7,-113,-24,-8,-138,-11,-18,-22,-31,-82,-220
CPB,Campbell Soup Company,31.04,-4,-64,-27,-5,-100,-14,-74,-34,-4,-126,-226
CRI,Carter's,32.14,31,-108,-57,-16,-150,-5,-32,-34,-8,-79,-229
ENPH,Enphase Energy,40.92,30,-123,-41,-19,-153,-6,1,-48,-23,-76,-229
FLO,Flowers Foods,15.77,-14,-64,-32,-7,-117,-14,-56,-52,-22,-144,-261
TFX,Teleflex,119.63,-4,-108,-37,-38,-187,-14,-63,-33,-9,-119,-306
WOLF,Wolfspeed,2.52,17,-33,-129,-29,-174,29,-32,-95,-36,-134,-308
