Symbol,Name,Close,1H Cloud Score,1D Cloud Score,1W Cloud Score,1M Cloud Score,Cloud Score Sum,1H TKx Score,1D TKx Score,1W TKx Score,1M TKx Score,TKx Score Sum,Total Score Sum
TJX,TJX Companies,124.55,-25,0,139,196,310,-25,-8,108,191,266,576
RSG,Republic Services,250.4,-27,21,115,175,284,1,12,84,158,255,539
ORLY,O'Reilly Auto Parts,90.56,-11,-2,154,197,338,-7,3,45,87,128,466
NDAQ,"Nasdaq, Inc.",86.92,93,29,67,142,331,86,36,1,12,135,466
COST,Costco,999.69,-39,32,108,178,279,-39,38,1,182,182,461
WM,"Waste Management, Inc.",235.9,-27,20,86,185,264,4,12,18,157,191,455
ORCL,Oracle Corporation,201.09,88,22,2,196,308,86,29,1,25,141,449
MA,Mastercard,587.59,69,31,117,153,370,15,36,1,24,76,446
V,Visa Inc.,371.47,69,32,128,131,360,15,36,1,24,76,436
PGR,Progressive Corporation,265.71,-30,-3,96,175,238,-39,29,13,187,190,428
IBM,IBM,280.86,56,28,100,52,236,55,36,47,54,192,428
JCI,Johnson Controls,103.66,249,31,66,17,363,7,36,1,16,60,423
MSFT,Microsoft,479.64,88,30,7,171,296,55,38,1,23,117,413
JPM,JPMorgan Chase,267.7,32,25,114,156,327,25,36,1,24,86,413
ROL,"Rollins, Inc.",57.06,-25,45,22,284,326,2,38,14,33,87,413
LLY,Lilly (Eli),815.57,64,1,0,170,235,80,2,1,94,177,412
CASY,Casey's,502.08,18,3,104,85,210,15,3,108,76,202,412
WRB,W. R. Berkley Corporation,73.36,-25,78,85,174,312,1,29,15,53,98,410
FAST,Fastenal,43.0,34,45,114,104,297,46,37,5,24,112,409
CTAS,Cintas,222.0,-18,43,10,165,200,-23,38,4,185,204,404
AJG,Arthur J. Gallagher & Co.,317.98,-41,-4,156,184,295,-44,26,19,105,106,401
CDNS,Cadence Design Systems,308.89,25,35,8,139,207,11,-3,1,178,187,394
SO,Southern Company,89.69,16,2,67,188,273,16,12,14,77,119,392
CTVA,Corteva,72.21,258,36,44,0,338,2,36,1,9,48,386
AMGN,Amgen,295.33,88,0,1,163,252,88,11,-5,34,128,380
ADI,Analog Devices,233.04,52,23,2,177,254,53,29,1,24,107,361
NET,Cloudflare,179.48,171,23,30,0,224,86,33,1,17,137,361
PM,Philip Morris International,181.77,10,96,61,53,220,2,38,76,25,141,361
KLAC,KLA Corporation,875.34,46,23,5,175,249,48,38,1,24,111,360
ICE,Intercontinental Exchange,178.75,0,29,103,159,291,4,30,13,19,66,357
PLTR,Palantir Technologies,135.87,22,36,107,0,165,22,38,110,18,188,353
RBA,RB Global,107.8,14,34,95,25,168,20,36,100,20,176,344
HWM,Howmet Aerospace,171.18,-8,36,139,27,194,-21,36,83,52,150,344
HEI,HEICO (Common),306.82,5,30,16,187,238,2,28,7,55,92,330
AXON,Axon Enterprise,778.45,0,34,136,92,262,1,38,1,28,68,330
MCK,McKesson Corporation,726.3,6,96,33,56,191,9,36,29,65,139,330
CF,CF Industries,93.39,255,22,6,2,285,2,34,1,6,43,328
RTX,RTX Corporation,141.81,69,22,68,52,211,2,28,75,12,117,328
NVDA,Nvidia,144.4,88,22,5,132,247,25,30,1,24,80,327
AME,Ametek,180.02,23,23,5,104,155,43,29,1,99,172,327
NFG,National Fuel Gas,83.39,3,107,51,50,211,7,38,62,8,115,326
COR,Cencora,292.96,3,100,35,69,207,8,-4,46,65,115,322
NRG,NRG Energy,150.93,-24,36,94,92,198,-38,38,104,19,123,321
DRI,Darden Restaurants,216.69,88,42,35,59,224,-9,36,39,28,94,318
ADP,Automatic Data Processing,309.42,-25,26,76,178,255,-23,29,1,55,62,317
CHD,Church & Dwight,98.67,-4,-47,-7,342,284,-2,10,-5,23,26,310
DTE,DTE Energy,135.07,6,5,65,187,263,21,-4,18,11,46,309
RBLX,Roblox Corporation,96.06,165,35,44,0,244,7,36,7,9,59,303
AM,Antero Midstream,18.07,-25,29,139,21,164,-17,34,69,53,139,303
PTC,PTC Inc.,171.2,32,22,-17,180,217,50,30,-18,24,86,303
GS,Goldman Sachs,625.09,38,23,83,56,200,48,34,1,19,102,302
YUM,Yum! Brands,143.01,-7,-15,19,257,254,-9,-11,13,55,48,302
BR,Broadridge Financial Solutions,239.32,-7,22,105,143,263,-23,36,1,23,37,300
NFLX,Netflix,1218.09,-2,41,107,18,164,2,38,78,18,136,300
SPOT,Spotify,698.05,0,37,103,10,150,7,38,86,18,149,299
HEI-A,HEICO (Class A),238.88,4,31,17,180,232,2,29,8,28,67,299
T,AT&T,28.14,38,20,61,14,133,32,36,85,13,166,299
WELL,Welltower,151.13,-25,20,107,56,158,-22,16,124,22,140,298
MPWR,Monolithic Power Systems,725.09,52,23,-17,155,213,24,33,1,24,82,295
MMC,Marsh McLennan,218.85,-31,-4,0,173,138,-39,22,-2,176,157,295
LYV,Live Nation Entertainment,141.36,0,24,85,145,254,-3,38,-8,14,41,295
LRCX,Lam Research,91.69,46,22,1,150,219,48,29,1,-3,75,294
INTU,Intuit,769.05,4,36,8,189,237,2,36,1,18,57,294
EPR,EPR Properties,57.28,86,25,48,27,186,30,36,21,19,106,292
CBOE,Cboe Global Markets,225.6,0,19,135,53,207,7,14,13,49,83,290
AN,AutoNation,193.29,53,25,8,59,145,50,38,1,55,144,289
ROP,Roper Technologies,572.91,4,22,20,180,226,9,-5,35,24,63,289
MNST,Monster Beverage,63.19,-2,73,17,178,266,-25,36,10,2,23,289
KO,Coca-Cola Company (The),71.64,23,5,19,180,227,22,11,14,12,59,286
ORI,Old Republic International,36.92,-40,0,138,56,154,-36,7,108,53,132,286
SCI,Service Corporation International,79.81,56,6,0,173,235,51,6,-18,11,50,285
ELF,e.l.f. Beauty,128.96,252,15,-41,29,255,48,29,-45,-3,29,284
DGX,Quest Diagnostics,177.79,39,37,59,16,151,59,3,59,12,133,284
AXS,AXIS Capital,102.07,-17,37,77,43,140,-17,36,73,51,143,283
CME,CME Group,269.69,-46,102,45,134,235,-45,32,41,17,45,280
FTI,TechnipFMC,34.74,76,23,8,25,132,85,27,1,35,148,280
TDG,TransDigm Group,1450.36,-17,36,10,155,184,2,36,1,55,94,278
HUBB,Hubbell Incorporated,391.23,0,21,-1,180,200,-16,39,-16,69,76,276
BWXT,BWX Technologies,137.43,95,21,4,33,153,53,38,1,29,121,274
NI,NiSource,39.58,18,20,65,43,146,22,12,80,12,126,272
PAYX,Paychex,153.24,-19,29,75,165,250,-23,29,4,12,22,272
LIN,Linde plc,470.74,0,21,4,108,133,-3,36,1,104,138,271
GRMN,Garmin,208.76,55,5,103,17,180,55,24,-8,19,90,270
CELH,Celsius Holdings,41.53,59,62,0,63,184,65,18,9,-7,85,269
DUK,Duke Energy,116.63,5,-8,67,181,245,15,-18,13,14,24,269
STE,Steris,241.95,-14,26,5,193,210,-13,36,13,23,59,269
EHC,Encompass Health,119.34,-17,37,134,27,181,-8,54,15,27,88,269
RS,"Reliance, Inc.",310.6,4,33,2,113,152,1,38,1,75,115,267
CAH,Cardinal Health,160.1,4,45,46,36,131,4,36,39,55,134,265
APH,Amphenol,94.4,88,36,10,63,197,4,38,1,25,68,265
GOOG,Alphabet (Class C),177.59,32,12,3,174,221,-2,34,-10,19,41,262
GOOGL,Alphabet (Class A),176.22,32,12,3,174,221,-2,34,-10,19,41,262
SHW,Sherwin-Williams,356.29,-6,32,0,188,214,-2,32,1,17,48,262
LH,Labcorp,259.93,83,29,46,13,171,51,29,-6,16,90,261
GWRE,Guidewire Software,252.26,67,36,101,19,223,-17,36,1,18,38,261
PAG,Penske Automotive Group,167.76,33,24,6,60,123,44,38,1,55,138,261
UNM,Unum,78.64,-25,23,176,38,212,-41,36,1,52,48,260
MS,Morgan Stanley,131.49,2,23,67,62,154,55,34,1,14,104,258
VRSK,Verisk Analytics,310.85,-25,32,59,112,178,-25,29,50,26,80,258
WCC,Wesco International,176.7,53,22,0,56,131,48,36,-15,55,124,255
AAPL,Apple Inc.,198.99,-10,-2,-1,249,236,-22,-12,-16,69,19,255
DE,Deere & Company,518.56,1,25,40,107,173,2,36,36,8,82,255
JBL,Jabil,179.58,57,26,10,63,156,4,36,2,55,97,253
MSI,Motorola Solutions,413.42,-25,-7,0,151,119,-37,4,-18,183,132,251
RBC,RBC Bearings,373.14,0,27,84,56,167,-12,36,5,55,84,251
GGG,Graco Inc.,85.16,32,23,0,176,231,-2,-7,1,27,19,250
EMR,Emerson Electric,126.54,53,23,7,62,145,51,29,1,24,105,250
EVR,Evercore,247.18,78,22,0,56,156,51,36,-17,24,94,250
TT,Trane Technologies,425.4,-18,31,7,162,182,2,36,1,27,66,248
ALL,Allstate,199.04,-25,22,88,157,242,-40,29,2,15,6,248
ECL,Ecolab,270.21,136,21,7,20,184,15,31,1,17,64,248
PWR,Quanta Services,358.58,0,30,8,97,135,2,38,1,70,111,246
L,Loews Corporation,88.81,0,23,103,53,179,14,29,1,22,66,245
VRSN,Verisign,281.52,43,134,27,7,211,-16,2,43,5,34,245
MCD,McDonald's,300.69,-40,-4,43,240,239,-60,-7,13,55,1,240
TMUS,T-Mobile US,227.89,-22,-24,85,137,176,-23,-34,87,33,63,239
SNPS,Synopsys,500.51,39,10,-18,178,209,50,2,-19,-3,30,239
COF,Capital One,198.35,53,29,85,19,186,-2,36,1,16,51,237
CAT,Caterpillar Inc.,361.3,35,22,0,62,119,47,29,-15,55,116,235
MDLZ,Mondelez International,67.48,17,4,1,180,202,16,10,10,-7,29,231
ABBV,AbbVie,191.3,74,2,8,56,140,32,2,-5,62,91,231
ETN,Eaton Corporation,330.89,4,23,0,112,139,2,36,-16,70,92,231
GEN,Gen Digital,30.38,56,26,6,14,102,85,28,1,14,128,230
AZO,AutoZone,3660.94,-30,0,85,84,139,-5,-4,45,55,91,230
TRV,Travelers Companies (The),264.21,-25,37,82,56,150,-25,36,15,54,80,230
HON,Honeywell,226.31,-7,23,7,176,199,-23,32,1,20,30,229
TTWO,Take-Two Interactive,235.91,38,43,36,11,128,50,-3,36,18,101,229
ACM,AECOM,112.21,16,29,7,63,115,7,36,1,70,114,229
WMB,Williams Companies,59.65,-18,22,103,50,157,1,14,1,55,71,228
UNP,Union Pacific Corporation,224.39,32,0,-5,196,223,-5,4,-11,17,5,228
WMT,Walmart,94.47,-27,37,118,99,227,-39,11,1,27,0,227
BKNG,Booking Holdings,5467.51,-11,35,127,33,184,-18,36,1,24,43,227
ATO,Atmos Energy,153.52,2,0,65,43,110,14,-16,76,43,117,227
EBAY,eBay,77.45,0,32,68,12,112,-9,36,73,14,114,226
C,Citigroup,77.82,80,23,10,16,129,51,33,1,12,97,226
ITW,Illinois Tool Works,246.57,0,7,-4,176,179,-6,29,-5,27,45,224
AVGO,Broadcom,255.34,0,26,10,114,150,7,38,1,28,74,224
URI,United Rentals,716.13,32,23,0,62,117,35,35,-20,55,105,222
BYD,Boyd Gaming,75.23,18,23,39,57,137,23,36,1,25,85,222
LPLA,LPL Financial,378.84,-7,24,36,97,150,-17,32,1,55,71,221
BK,BNY Mellon,89.32,32,25,85,38,180,-6,29,1,17,41,221
ITT,ITT Inc.,151.89,33,29,7,97,166,-7,36,1,24,54,220
RPM,RPM International,115.23,0,20,-10,178,188,-7,29,-18,28,32,220
HOOD,Robinhood Markets,75.07,63,25,72,0,160,7,36,1,16,60,220
OMF,OneMain Financial,52.83,38,23,8,58,127,32,34,1,24,91,218
ETR,Entergy,82.76,4,14,64,20,102,-12,36,80,12,116,218
STWD,Starwood Property Trust,20.28,52,23,9,56,140,49,7,1,19,76,216
NEU,NewMarket,669.51,27,45,10,27,109,30,37,13,25,105,214
ARES,Ares Management,170.0,0,23,8,57,88,-16,36,1,104,125,213
FWONK,Liberty Formula 1 (Series C),96.82,-1,26,61,55,141,-16,33,1,54,72,213
CBRE,CBRE Group,135.63,46,7,83,20,156,51,3,-10,12,56,212
SNX,TD Synnex,126.12,32,23,6,61,122,48,29,-8,19,88,210
KD,Kyndryl,40.4,51,25,100,0,176,-6,30,-8,18,34,210
MTSI,MACOM Technology Solutions,131.1,57,23,7,56,143,16,35,-12,27,66,209
QGEN,Qiagen,47.18,88,20,3,1,112,23,61,1,11,96,208
FTNT,Fortinet,102.76,0,22,45,111,178,2,16,1,11,30,208
RRC,Range Resources,39.51,18,23,25,40,106,24,24,1,53,102,208
AAON,AAON,75.2,-20,-3,-4,243,216,-16,-5,-16,29,-8,208
RCL,Royal Caribbean Group,267.45,0,23,112,26,161,-16,36,1,25,46,207
WSO,Watsco,445.06,3,-18,-4,194,175,-2,-16,-19,69,32,207
OLLI,Ollie's Bargain Outlet,114.7,0,23,106,14,143,-15,4,54,21,64,207
ABT,Abbott Laboratories,135.66,24,20,47,11,102,15,38,39,12,104,206
LAMR,Lamar Advertising,121.25,79,13,0,62,154,14,36,-18,19,51,205
AMD,Advanced Micro Devices,120.97,58,22,-33,108,155,25,29,1,-5,50,205
CW,Curtiss-Wright,473.43,16,31,10,52,109,10,38,1,47,96,205
LMT,Lockheed Martin,466.23,-11,1,-20,163,133,-11,12,1,70,72,205
OGE,OGE Energy,44.31,11,0,59,43,113,16,5,59,12,92,205
AMAT,Applied Materials,174.86,47,23,-21,147,196,48,3,-40,-3,8,204
RJF,Raymond James Financial,147.73,13,22,83,56,174,29,-5,-11,17,30,204
PANW,Palo Alto Networks,199.33,2,23,8,79,112,1,34,1,55,91,203
MCO,Moody's Corporation,480.38,-4,23,7,154,180,-23,31,-9,23,22,202
TXN,Texas Instruments,200.2,62,23,1,20,106,53,27,1,14,95,201
AZEK,Azek,54.29,59,41,12,0,112,64,3,4,18,89,201
SCHW,Charles Schwab Corporation,88.14,13,36,68,9,126,25,36,1,12,74,200
CACI,CACI,442.87,5,6,-3,152,160,-10,-10,5,55,40,200
FERG,Ferguson Enterprises,213.9,53,25,2,63,143,-3,36,1,23,57,200
FWONA,Liberty Formula 1 (Series A),87.47,-9,25,60,60,136,-16,34,-9,54,63,199
TPR,"Tapestry, Inc.",82.03,23,23,71,19,136,22,29,-6,17,62,198
IBKR,Interactive Brokers,205.21,-25,23,80,55,133,-19,38,-9,55,65,198
FICO,Fair Isaac,1805.75,33,-16,0,164,181,15,-9,-19,29,16,197
EVRG,Evergy,67.39,25,4,49,12,90,25,4,68,8,105,195
GTES,Gates Corporation,22.1,53,23,8,13,97,50,31,1,16,98,195
PR,Permian Resources,14.38,52,22,-19,24,79,58,25,-15,47,115,194
HIW,Highwoods Properties,31.53,60,29,2,4,95,51,36,1,11,99,194
GWW,W. W. Grainger,1081.53,0,23,0,92,115,-16,38,1,55,78,193
FIX,Comfort Systems USA,499.1,0,26,8,62,96,5,38,1,53,97,193
AVT,Avnet,51.52,51,23,0,43,117,51,-1,1,25,76,193
PCAR,Paccar,93.58,2,0,-13,157,146,-4,23,-5,32,46,192
SYK,Stryker Corporation,379.41,-6,23,8,157,182,-4,-3,-11,27,9,191
AON,AON,353.89,-25,0,0,175,150,-25,18,-6,54,41,191
ODFL,Old Dominion Freight Line,162.81,23,0,-17,185,191,-2,-7,-22,30,-1,190
BSX,Boston Scientific,98.59,-60,0,135,142,217,-78,-5,1,55,-27,190
HIG,Hartford (The),125.42,-25,37,85,55,152,-25,-3,12,54,38,190
VICI,Vici Properties,32.41,24,4,49,13,90,26,4,14,55,99,189
KKR,KKR & Co. Inc.,125.49,33,12,0,101,146,30,5,-11,19,43,189
RLI,RLI Corp.,73.89,-25,-7,-2,173,139,-25,10,-20,85,50,189
CB,Chubb Limited,287.03,-25,20,92,56,143,-44,23,13,54,46,189
MSA,MSA Safety,164.87,0,25,-26,162,161,-7,36,1,-3,27,188
J,Jacobs Solutions,127.5,32,21,0,104,157,-7,36,-15,17,31,188
SRE,Sempra,75.83,-42,21,-6,179,152,8,36,-20,12,36,188
USFD,US Foods,76.18,-20,26,134,33,173,-46,36,1,24,15,188
CUBE,CubeSmart,43.11,74,29,-14,20,109,32,34,1,12,79,188
DLR,Digital Realty,177.61,79,29,6,20,134,-2,36,1,17,52,186
EXPD,Expeditors International,114.64,25,3,-11,129,146,44,24,-28,-1,39,185
BRO,Brown & Brown,106.62,-40,-32,107,161,196,-44,10,-1,24,-11,185
CSL,Carlisle Companies,366.43,-12,35,-2,176,197,-23,-8,1,18,-12,185
PFGC,Performance Food Group,87.07,-10,26,44,41,101,-9,36,1,55,83,184
AMP,Ameriprise Financial,514.21,2,22,10,62,96,-7,36,-11,69,87,183
DOX,Amdocs,94.22,28,32,8,56,124,25,30,1,3,59,183
MU,Micron Technology,116.11,60,22,0,20,102,55,28,1,-3,81,183
LECO,Lincoln Electric,204.81,38,22,0,63,123,47,29,-11,-5,60,183
TSCO,Tractor Supply Company,51.96,39,0,0,83,122,11,-9,-24,83,61,183
UGI,UGI Corporation,36.27,15,37,33,2,87,16,36,40,3,95,182
DASH,DoorDash,217.2,14,22,88,0,124,6,35,1,16,58,182
CXT,Crane NXT,55.19,32,13,-16,53,82,29,26,-12,54,97,179
IRM,Iron Mountain,101.94,4,28,0,55,87,1,36,1,54,92,179
SPGI,S&P Global,507.98,-4,23,7,170,196,-23,-4,-9,19,-17,179
TKO,TKO Group Holdings,163.77,0,33,62,38,133,6,-11,1,48,44,177
MSTR,MicroStrategy,386.45,23,37,90,17,167,-2,-8,1,18,9,176
SCCO,Southern Copper,96.4,55,22,-12,60,125,-11,35,1,25,50,175
LOPE,Grand Canyon Education,184.1,-40,34,138,33,165,-44,-3,25,32,10,175
CR,Crane Co.,186.46,51,30,7,0,88,51,32,1,3,87,175
NDSN,Nordson,219.53,74,22,-27,0,69,80,28,1,-5,104,173
PEG,Public Service Enterprise Group,80.98,5,2,0,150,157,11,9,-19,15,16,173
SGI,Somnigroup International,64.67,0,23,32,62,117,-6,36,1,24,55,172
CVNA,Carvana,325.38,-4,35,83,9,123,-4,38,1,14,49,172
VRTX,Vertex Pharmaceuticals,458.45,15,-27,0,102,90,30,2,14,35,81,171
AMG,Affiliated Managers Group,182.95,57,29,2,20,108,51,-4,1,15,63,171
EXEL,Exelixis,41.76,-14,22,55,12,75,-9,36,46,22,95,170
NEE,NextEra Energy,73.53,66,10,0,0,76,77,5,1,11,94,170
CUZ,Cousins Properties,30.25,76,13,2,9,100,51,6,1,11,69,169
MKL,Markel,1930.47,-7,22,59,53,127,-9,36,-9,24,42,169
BRK-B,Berkshire Hathaway,487.76,-7,-8,115,60,160,-11,-20,16,24,9,169
CWEN-A,Clearway Energy (Class A),29.5,16,21,49,4,90,25,32,13,8,78,168
HLT,Hilton Worldwide,252.38,33,23,7,62,125,-2,30,-9,24,43,168
AXP,American Express,297.54,0,23,8,97,128,-4,36,-12,19,39,167
CWEN,Clearway Energy (Class C),31.4,14,21,49,2,86,27,32,13,8,80,166
VIRT,Virtu Financial,41.0,0,37,67,12,116,-16,-8,62,12,50,166
ARMK,Aramark,40.14,0,27,6,38,71,9,31,1,54,95,166
ARW,Arrow Electronics,123.75,51,30,0,2,83,51,36,1,-6,82,165
CINF,Cincinnati Financial,147.55,-18,29,76,60,147,-25,29,1,13,18,165
ES,Eversource Energy,65.62,74,26,6,-8,98,63,29,1,-26,67,165
MO,Altria,59.28,-4,20,61,43,120,3,11,17,14,45,165
SEIC,SEI Investments Company,83.93,-19,29,83,33,126,-23,36,1,24,38,164
BX,Blackstone Inc.,140.77,32,3,-4,140,171,-2,-9,-15,19,-7,164
TRMB,Trimble Inc.,72.63,43,23,70,2,138,-2,28,-11,10,25,163
SSNC,SS&C Technologies,81.67,34,8,81,12,135,-4,24,-6,13,27,162
SKX,Skechers,62.66,46,21,-15,53,105,16,28,-11,24,57,162
APO,Apollo Global Management,137.33,32,5,-1,95,131,32,-11,-14,24,31,162
MAR,Marriott International,264.32,32,23,7,56,118,-1,30,-10,25,44,162
MRVL,Marvell Technology,69.86,44,0,-12,104,136,-6,28,-12,16,26,162
BKR,Baker Hughes,38.53,60,0,0,33,93,32,22,-10,24,68,161
WAB,Wabtec,204.09,0,25,10,47,82,-12,36,1,54,79,161
RITM,Rithm Capital,11.41,32,23,8,30,93,49,-7,1,24,67,160
META,Meta Platforms,691.41,63,23,8,27,121,-2,28,-9,21,38,159
CPRT,Copart,49.94,-4,-14,-4,174,152,5,-10,-14,26,7,159
ANSS,Ansys,346.51,45,23,8,9,85,50,2,1,21,74,159
DTM,DT Midstream,105.01,-6,29,94,0,117,-18,36,1,23,42,159
POST,Post Holdings,112.91,23,-26,0,85,82,18,3,1,55,77,159
KMI,Kinder Morgan,27.48,-21,21,83,42,125,-36,29,-10,50,33,158
WFC,Wells Fargo,73.62,-16,23,83,27,117,-10,33,1,17,41,158
WDC,Western Digital,55.9,88,23,3,16,130,-8,34,1,1,28,158
GD,General Dynamics,278.33,5,45,0,52,102,2,-3,1,55,55,157
BXP,"BXP, Inc.",72.91,79,21,0,0,100,9,36,1,11,57,157
LAD,Lithia Motors,334.81,55,4,0,12,71,50,29,-13,19,85,156
EQH,Equitable Holdings,52.87,-4,23,83,9,111,-2,29,1,17,45,156
PPL,PPL Corporation,34.21,0,-8,67,21,80,4,-19,79,12,76,156
FFIV,"F5, Inc.",292.95,0,22,85,12,119,-16,36,1,15,36,155
EOG,EOG Resources,120.2,38,2,0,43,83,32,3,-12,49,72,155
ADSK,Autodesk,299.25,2,26,45,12,85,16,36,1,17,70,155
NSC,Norfolk Southern,250.95,87,22,2,2,113,-7,36,1,12,42,155
SOFI,SoFi,15.07,43,15,37,0,95,55,6,-11,9,59,154
PH,Parker Hannifin,666.75,0,24,8,63,95,-7,36,1,28,58,153
MPC,Marathon Petroleum,164.91,32,25,0,47,104,25,29,1,-6,49,153
WEC,WEC Energy Group,105.62,0,0,46,11,57,15,12,59,9,95,152
THG,Hanover Insurance,170.88,-18,21,52,22,77,-11,30,44,12,75,152
HCA,HCA Healthcare,370.14,-25,37,5,95,112,-23,29,7,27,40,152
ATI,ATI Inc.,83.54,3,30,7,41,81,-16,36,1,50,71,152
NWS,News Corp (Class B),31.77,-50,26,103,56,135,-1,-3,1,19,16,151
MTG,MGIC Investment Corporation,26.62,11,36,10,53,110,15,-1,1,26,41,151
CRWD,CrowdStrike,486.66,11,36,36,0,83,11,38,1,18,68,151
HBAN,Huntington Bancshares,15.96,53,23,8,19,103,-2,34,1,14,47,150
NTRA,Natera,163.38,0,14,83,16,113,7,12,1,17,37,150
KEX,Kirby Corporation,112.8,18,23,0,33,74,-2,36,1,40,75,149
WWD,"Woodward, Inc.",234.58,13,32,10,33,88,2,34,1,24,61,149
SYF,Synchrony Financial,61.6,32,23,8,19,82,25,36,-11,16,66,148
XYL,Xylem Inc.,127.29,53,23,0,20,96,-2,33,1,20,52,148
FYBR,Frontier Communications,36.22,-27,40,80,0,93,-32,-10,85,12,55,148
BEPC,Brookfield Renewable Partners,31.97,53,24,1,0,78,25,35,1,8,69,147
GLPI,Gaming and Leisure Properties,47.28,27,-31,0,63,59,29,3,1,55,88,147
AWI,Armstrong World Industries,154.48,0,30,85,19,134,-2,-3,1,17,13,147
BPOP,"Popular, Inc.",105.21,2,30,8,57,97,-4,36,1,17,50,147
ROK,Rockwell Automation,324.67,88,26,6,13,133,-6,28,1,-9,14,147
HES,Hess Corporation,141.07,63,0,0,53,116,24,8,-2,1,31,147
VNO,Vornado Realty Trust,40.83,53,12,2,2,69,51,28,-14,13,78,147
LNG,Cheniere Energy,234.32,-25,29,51,56,111,-25,6,1,54,36,147
MMM,3M,145.15,-4,23,65,12,96,9,28,1,12,50,146
CG,Carlyle Group (The),47.81,33,14,0,19,66,50,25,-11,16,80,146
AIZ,Assurant,197.51,-18,13,0,150,145,-34,27,-11,17,-1,144
MDT,Medtronic,87.77,53,3,2,0,58,76,4,-5,11,86,144
VMI,Valmont Industries,322.3,0,13,53,56,122,-12,33,-8,8,21,143
CLH,Clean Harbors,226.59,2,30,0,56,88,2,-4,1,55,54,142
SNA,Snap-on,320.2,0,8,40,57,105,-5,-3,-10,55,37,142
AFRM,Affirm Holdings,62.37,62,5,3,0,70,58,6,-8,15,71,141
SLGN,Silgan Holdings,54.81,18,29,10,78,135,-2,-4,1,11,6,141
STAG,STAG Industrial,36.48,2,23,0,94,119,-7,29,1,-2,21,140
LHX,L3Harris,248.07,9,45,3,3,60,27,38,3,12,80,140
SF,Stifel,96.44,36,13,0,57,106,-2,28,-11,18,33,139
H,Hyatt Hotels,133.28,32,6,-14,53,77,-2,29,-18,53,62,139
AMZN,Amazon,212.66,62,13,8,19,102,-2,28,-10,18,34,136
PEGA,Pegasystems,102.09,46,35,10,3,94,2,36,-11,13,40,134
STLD,Steel Dynamics,132.09,0,35,0,53,88,-11,1,1,55,46,134
HAS,Hasbro,68.99,27,23,5,1,56,34,34,1,9,78,134
PNR,Pentair,99.29,0,23,8,60,91,-1,36,-15,22,42,133
DDS,Dillard's,402.09,0,5,5,52,62,-6,31,-8,53,70,132
VST,Vistra Corp.,172.96,2,22,10,28,62,4,35,-12,43,70,132
RL,Ralph Lauren Corporation,267.0,-32,25,85,32,110,-37,34,1,24,22,132
DCI,Donaldson Company,69.67,-10,23,0,63,76,-7,34,1,28,56,132
GILD,Gilead Sciences,110.53,0,17,42,33,92,-13,18,-2,37,40,132
OLED,Universal Display Corporation,160.21,53,23,-28,0,48,55,30,1,-3,83,131
NVT,Nvent Electric,69.92,52,23,-17,10,68,49,36,-19,-3,63,131
ALGM,Allegro MicroSystems,30.04,53,22,2,0,77,51,23,-6,-14,54,131
INGR,Ingredion,138.77,18,29,3,32,82,-5,-2,1,54,48,130
KBR,"KBR, Inc.",53.47,32,27,-21,62,100,-14,-12,1,55,30,130
REG,Regency Centers,70.78,-7,21,59,51,124,-5,-8,1,17,5,129
COHR,Coherent Corp.,81.76,51,22,0,13,86,16,29,-15,13,43,129
MCHP,Microchip Technology,68.58,62,23,-37,1,49,55,29,1,-5,80,129
NOW,ServiceNow,1014.99,-13,24,8,80,99,-17,37,-11,20,29,128
FCNCA,First Citizens BancShares,1843.23,28,5,-4,57,86,43,-8,-12,19,42,128
PSTG,Pure Storage,55.03,2,22,0,40,64,-8,29,-12,55,64,128
WPC,W. P. Carey,63.03,26,20,20,0,66,30,12,17,3,62,128
EME,Emcor,473.09,-18,23,8,56,69,-23,38,-12,55,58,127
AIG,American International Group,85.0,-2,20,19,51,88,-17,23,14,19,39,127
RMD,Resmed,251.64,46,29,8,11,94,-2,35,-11,11,33,127
SBUX,Starbucks,94.38,52,0,1,1,54,51,22,-6,5,72,126
AGNC,AGNC Investment,9.4,42,8,2,14,66,44,6,-5,15,60,126
TYL,Tyler Technologies,587.05,44,3,1,15,63,44,22,-19,16,63,126
SSD,Simpson Manufacturing Company,156.24,-6,4,-17,154,135,-2,-11,-20,24,-9,126
MP,MP Materials,26.84,67,6,23,0,96,-11,3,36,2,30,126
ALLY,Ally Financial,36.77,69,13,0,2,84,32,7,-12,14,41,125
DKS,Dick's Sporting Goods,183.79,39,-20,-4,61,76,44,-14,-12,31,49,125
TXT,Textron,77.62,47,23,-26,51,95,-2,33,1,-3,29,124
CPAY,Corpay,348.86,38,6,2,19,65,44,2,-10,23,59,124
CTRA,Coterra,26.05,60,1,2,42,105,-4,15,-3,11,19,124
ZG,Zillow (Class A),70.2,59,7,45,0,111,-2,5,-9,18,12,123
WBS,Webster Bank,53.19,53,23,2,12,90,-2,31,-11,15,33,123
MTZ,MasTec,163.39,13,29,10,16,68,7,36,1,11,55,123
XOM,ExxonMobil,109.78,32,2,0,42,76,24,1,-26,48,47,123
TOST,"Toast, Inc.",42.66,-3,23,68,0,88,-16,35,1,15,35,123
EEFT,Euronet Worldwide,111.18,52,26,6,0,84,-1,28,1,11,39,123
HLI,Houlihan Lokey,175.06,0,25,8,42,75,-14,36,1,24,47,122
VEEV,Veeva Systems,286.34,0,26,36,6,68,8,29,1,16,54,122
RGLD,Royal Gold,178.48,-32,1,52,16,37,2,10,59,14,85,122
GE,GE Aerospace,240.83,-10,34,10,25,59,-20,34,21,27,62,121
EGP,EastGroup Properties,171.18,32,20,0,6,58,30,35,1,-3,63,121
NNN,NNN Reit,42.29,32,21,0,20,73,28,5,1,12,46,119
SARO,StandardAero,30.87,63,23,0,0,86,2,30,1,0,33,119
HD,Home Depot (The),363.49,-25,4,-3,178,154,-30,-8,-15,17,-36,118
APG,APi Group,48.24,16,30,9,0,55,2,36,1,24,63,118
BLK,BlackRock,989.34,0,22,8,20,50,11,36,1,19,67,117
TNL,Travel + Leisure Co.,49.94,52,13,8,14,87,-4,29,-8,12,29,116
BALL,Ball Corporation,55.13,51,23,-26,-9,39,44,35,1,-3,77,116
ANET,Arista Networks,97.05,4,8,0,56,68,2,4,-12,54,48,116
CSCO,Cisco,65.07,0,23,39,12,74,-11,29,1,23,42,116
JEF,Jefferies Financial Group,53.6,39,1,-11,56,85,-1,-9,-14,55,31,116
TXRH,Texas Roadhouse,186.12,-18,24,6,62,74,-18,29,1,29,41,115
BRX,Brixmor Property Group,25.69,32,5,0,53,90,-2,2,1,24,25,115
JLL,Jones Lang LaSalle,242.54,48,2,0,12,62,50,2,-11,12,53,115
APPF,AppFolio,229.55,51,8,0,26,85,20,-5,-11,26,30,115
PG,Procter & Gamble,162.32,-40,0,0,177,137,-53,12,-5,24,-22,115
ESAB,ESAB,125.32,0,25,91,0,116,-12,-5,1,15,-1,115
WTFC,Wintrust Financial,119.9,0,23,8,47,78,-4,36,-12,17,37,115
AL,Air Lease Corporation,57.56,11,29,8,20,68,-7,29,1,24,47,115
ADC,Agree Realty,74.24,0,0,54,14,68,16,5,14,11,46,114
DIS,Walt Disney Company (The),118.15,69,23,6,-39,59,25,27,1,1,54,113
HPE,Hewlett Packard Enterprise,18.08,-1,19,-15,40,43,-6,36,-12,52,70,113
OZK,Bank OZK,45.4,32,23,8,54,117,-4,-7,-10,17,-4,113
AEE,Ameren,96.54,4,-12,48,11,51,9,-8,53,8,62,113
DOV,Dover Corporation,178.7,1,12,0,104,117,-7,-5,-10,17,-5,112
VNOM,Viper Energy,41.41,32,0,-1,42,73,25,-12,-19,45,39,112
LITE,Lumentum,86.22,53,21,5,1,80,7,29,-12,8,32,112
MSM,MSC Industrial Direct,81.58,3,23,0,56,82,-2,38,1,-7,30,112
UNH,UnitedHealth Group,317.62,11,-39,-9,-2,-39,24,-34,-22,182,150,111
ZS,Zscaler,303.67,4,36,8,3,51,4,38,1,16,59,110
NWSA,News Corp (Class A),27.66,-7,23,8,56,80,13,-3,1,19,30,110
SPR,Spirit AeroSystems,37.63,-4,37,9,0,42,-4,38,21,12,67,109
NVST,Envista,18.96,80,8,-14,0,74,50,29,-14,-30,35,109
RRX,Regal Rexnord,142.08,39,23,-19,1,44,46,28,-20,11,65,109
VMC,Vulcan Materials,265.91,2,31,8,58,99,-11,-5,1,25,10,109
EWBC,East West Bancorp,93.44,33,23,0,20,76,-4,34,-14,17,33,109
NTRS,Northern Trust,108.92,32,23,7,9,71,-3,29,1,11,38,109
CHE,Chemed Corporation,553.76,-59,-16,-2,183,106,-2,-4,14,-6,2,108
MLM,Martin Marietta Materials,552.86,3,32,-1,58,92,-7,-3,1,25,16,108
CMI,Cummins,323.56,0,8,0,63,71,-7,28,-12,28,37,108
AR,Antero Resources,39.56,11,23,32,8,74,29,-1,-3,8,33,107
HOLX,Hologic,65.11,85,11,-26,0,70,50,18,-26,-5,37,107
EQT,EQT Corporation,54.73,-25,29,32,40,76,-38,29,32,8,31,107
TDY,Teledyne Technologies,498.55,0,22,43,12,77,-11,27,1,13,30,107
HSY,Hershey Company (The),168.76,74,0,-36,-2,36,89,4,-5,-17,71,107
X,U.S. Steel,53.94,13,18,10,24,65,9,14,14,4,41,106
ED,Consolidated Edison,102.99,0,-7,19,45,57,15,-23,13,43,48,105
CMS,CMS Energy,70.18,13,-15,67,21,86,15,-21,13,12,19,105
APP,AppLovin,378.02,-16,13,96,0,93,-25,29,-8,16,12,105
EQIX,Equinix,901.26,0,23,8,32,63,-19,36,1,24,42,105
IR,Ingersoll Rand,82.52,38,22,-12,21,69,-2,29,-19,27,35,104
NVR,"NVR, Inc.",7350.86,44,3,-14,63,96,16,-12,-23,27,8,104
FNB,FNB Corporation,13.95,32,23,-4,53,104,-2,3,-19,17,-1,103
SUI,Sun Communities,124.81,74,14,2,-22,68,21,4,1,9,35,103
KIM,Kimco Realty,20.98,0,22,0,53,75,-2,36,-19,12,27,102
PNW,Pinnacle West Capital,90.01,0,-8,59,16,67,16,-19,13,24,34,101
SNV,Synovus,48.43,34,23,0,19,76,-2,29,-14,12,25,101
LBRDK,Liberty Broadband (Series C),94.18,18,34,38,-34,56,44,-7,1,6,44,100
XPO,"XPO, Inc.",121.78,32,5,0,59,96,-2,-5,-14,25,4,100
MTB,M&T Bank,183.05,32,23,0,20,75,-2,29,-15,12,24,99
NU,Nubank,12.14,11,34,-1,0,44,48,-11,1,17,55,99
LOW,Lowe's,222.65,-16,0,-11,164,137,-29,-8,-18,17,-38,99
CVX,Chevron Corporation,144.91,32,0,-11,46,67,25,6,-3,4,32,99
CSGP,CoStar Group,82.86,47,5,0,12,64,50,-22,14,-7,35,99
AYI,Acuity Brands,269.95,38,3,0,25,66,-1,28,-12,18,33,99
CTSH,Cognizant,80.6,24,23,7,12,66,-3,29,-9,16,33,99
RPRX,Royalty Pharma,35.01,54,26,23,0,103,10,5,17,-36,-4,99
FOXA,Fox Corporation (Class A),53.42,-1,22,59,0,80,-13,23,-4,12,18,98
FITB,Fifth Third Bancorp,38.88,53,8,-1,20,80,-6,28,-18,14,18,98
LFUS,Littelfuse,227.84,48,23,-16,0,55,51,28,-30,-6,43,98
ACGL,Arch Capital Group,90.57,-25,1,0,60,36,-25,36,1,49,61,97
TOL,Toll Brothers,110.21,47,7,-14,59,99,-2,-4,-20,24,-2,97
R,Ryder,148.88,0,8,2,54,64,-4,-4,-14,54,32,96
NOC,Northrop Grumman,493.89,5,3,1,56,65,2,10,8,10,30,95
ROKU,"Roku, Inc.",77.21,87,4,1,-17,75,-1,28,-9,2,20,95
CARR,Carrier Global,72.65,26,30,0,0,56,19,-5,1,24,39,95
NEM,Newmont,55.35,4,47,10,3,64,4,9,10,8,31,95
RF,Regions Financial Corporation,22.03,32,22,0,20,74,-2,29,-18,12,21,95
WING,Wingstop,359.28,0,29,2,36,67,-2,29,-29,29,27,94
FIS,Fidelity National Information Services,80.63,52,38,0,-35,55,-7,36,1,9,39,94
NLY,Annaly Capital Management,19.43,30,5,9,8,52,44,-11,-5,14,42,94
VNT,Vontier,36.59,37,23,-4,0,56,24,30,-14,-3,37,93
THC,Tenet Healthcare,165.29,-25,32,5,55,67,1,29,-26,22,26,93
KRC,Kilroy Realty,35.7,59,13,0,-38,34,51,16,-17,9,59,93
XP,XP Inc.,19.69,0,37,3,0,40,16,35,7,-6,52,92
NYT,New York Times Company,55.4,-20,34,6,14,34,2,36,1,19,58,92
PYPL,PayPal,75.04,47,13,0,-37,23,48,29,-15,7,69,92
EFX,Equifax,269.45,32,35,2,14,83,-1,-8,1,16,8,91
EXR,Extra Space Storage,149.99,0,20,-4,0,16,27,36,1,11,75,91
A,Agilent Technologies,119.66,46,3,-14,0,35,44,26,-11,-3,56,91
LNT,Alliant Energy,61.17,0,0,59,12,71,15,-7,1,11,20,91
GXO,GXO Logistics,43.78,52,23,-28,0,47,46,29,-26,-6,43,90
OSK,Oshkosh Corporation,111.61,53,22,2,2,79,-2,27,-11,-3,11,90
SLM,Sallie Mae,31.56,-74,30,81,20,57,-19,-2,35,19,33,90
O,Realty Income,57.63,24,18,1,5,48,26,4,1,11,42,90
PHM,PulteGroup,103.94,46,7,-14,63,102,-2,-12,-25,27,-12,90
IDXX,Idexx Laboratories,524.67,6,30,5,2,43,16,36,1,-6,47,90
BEN,Franklin Templeton Investments,22.67,33,26,0,0,59,13,36,1,-20,30,89
VTR,"Ventas, Inc.",63.38,0,-12,63,20,71,10,-19,14,13,18,89
BAC,Bank of America,44.53,0,23,8,16,47,-2,30,1,12,41,88
DLTR,Dollar Tree,94.88,39,40,0,-13,66,-13,39,16,-20,22,88
FNF,Fidelity National Financial,55.74,31,-25,0,56,62,29,-20,-2,19,26,88
UTHR,United Therapeutics,284.67,-18,-3,-1,55,33,-13,31,-20,57,55,88
AEP,American Electric Power,102.24,0,-12,64,21,73,9,-21,14,12,14,87
FSLR,First Solar,167.26,35,22,-30,60,87,11,-8,1,-4,0,87
BWA,BorgWarner,33.41,18,25,0,0,43,25,32,1,-14,44,87
TPG,TPG Inc.,51.73,43,6,-4,0,45,51,-11,-15,17,42,87
K,Kellanova,80.12,-60,-3,60,19,16,-23,11,72,11,71,87
CI,Cigna,313.32,0,-8,-2,56,46,-5,-20,11,55,41,87
CCK,Crown Holdings,100.9,32,33,8,3,76,-6,5,1,10,10,86
SFD,Smithfield Foods,23.59,16,18,0,0,34,16,36,0,0,52,86
MKSI,MKS Instruments,94.49,46,8,-18,-11,25,48,28,-12,-3,61,86
IRDM,Iridium Communications,29.03,57,5,-12,-17,33,56,27,-14,-17,52,85
ADT,ADT Inc.,8.24,-25,43,22,0,40,-4,27,16,6,45,85
ZI,ZoomInfo,10.34,98,7,-14,0,91,21,26,-19,-34,-6,85
GL,Globe Life,120.24,-25,0,36,12,23,-12,21,47,6,62,85
KNSL,Kinsale Capital Group,469.16,-20,8,7,31,26,-23,17,-18,83,59,85
VLO,Valero Energy,133.07,18,23,-35,42,48,24,25,-10,-3,36,84
FHN,First Horizon Corporation,19.75,-5,23,43,2,63,-8,29,-9,8,20,83
LBRDA,Liberty Broadband (Series A),93.22,0,34,38,-34,38,44,-6,1,6,45,83
CL,Colgate-Palmolive,92.19,17,-9,0,21,29,24,11,-5,24,54,83
ZION,Zions Bancorporation,48.59,52,5,-1,2,58,-2,28,-14,13,25,83
PLNT,Planet Fitness,102.96,-19,19,54,11,65,-25,30,1,12,18,83
PPC,Pilgrim's Pride,45.28,-45,-7,77,19,44,-44,-28,94,16,38,82
PNC,PNC Financial Services,177.44,38,13,0,12,63,-6,28,-15,12,19,82
CHDN,Churchill Downs Incorporated,99.81,45,0,-22,0,23,44,10,-23,28,59,82
KEY,Keycorp,16.11,38,23,0,2,63,-4,29,-18,11,18,81
FHB,"First Hawaiian, Inc.",24.05,32,5,0,12,49,-2,33,-11,12,32,81
VRT,Vertiv,114.0,3,22,0,6,31,2,36,-12,24,50,81
ALNY,Alnylam Pharmaceuticals,306.08,2,22,8,13,45,-9,30,1,13,35,80
CNM,Core & Main,57.08,0,25,10,0,35,-14,36,1,22,45,80
QCOM,Qualcomm,158.93,32,8,-16,20,44,51,31,-43,-3,36,80
EXPE,Expedia Group,171.84,0,8,40,9,57,-9,29,-9,12,23,80
SYY,Sysco,75.05,58,10,0,1,69,-5,23,-19,12,11,80
DINO,HF Sinclair,38.38,38,25,-41,0,22,32,30,1,-6,57,79
GEV,GE Vernova,485.11,0,35,0,0,35,4,38,2,0,44,79
DHI,D. R. Horton,126.2,45,3,-19,63,92,-2,-14,-26,28,-14,78
EXE,Expand Energy,113.97,-25,43,32,0,50,-40,28,32,8,28,78
ESS,Essex Property Trust,287.55,24,5,1,12,42,20,3,1,12,36,78
NXST,Nexstar Media Group,169.59,18,22,5,2,47,24,22,-23,8,31,78
BJ,BJ's Wholesale Club,109.07,-66,-3,69,8,8,-11,-6,31,56,70,78
CFG,Citizens Financial Group,40.99,38,11,0,2,51,-2,28,-11,12,27,78
RNR,RenaissanceRe,244.41,-25,20,0,33,28,15,28,-20,26,49,77
Z,Zillow (Class C),71.35,58,5,2,0,65,-2,5,-9,18,12,77
CPT,Camden Property Trust,117.44,22,13,7,1,43,20,3,1,9,33,76
VZ,Verizon,42.96,-4,0,21,8,25,-1,26,14,12,51,76
ATR,AptarGroup,154.47,1,29,0,18,48,6,-3,1,23,27,75
LEN-B,Lennar (Class B),106.87,46,0,-19,60,87,-2,-12,-26,27,-13,74
FANG,Diamondback Energy,148.87,54,5,-20,45,84,24,8,-39,-3,-10,74
IDA,Idacorp,115.13,-41,0,47,16,22,15,12,17,8,52,74
GM,General Motors,49.23,18,5,0,9,32,20,29,-19,11,41,73
ROIV,Roivant Sciences,11.43,2,33,0,0,35,13,2,1,22,38,73
CPNG,Coupang,28.25,0,29,8,0,37,-16,36,1,15,36,73
RGA,Reinsurance Group of America,198.07,-8,23,0,38,53,-12,-1,-18,51,20,73
PINS,Pinterest,34.12,55,8,0,0,63,-1,24,-10,-3,10,73
BC,Brunswick Corporation,57.1,53,7,-29,-5,26,51,23,-20,-7,47,73
UI,Ubiquiti,401.57,0,24,43,8,75,-10,-1,1,8,-2,73
MET,Metlife,78.75,0,22,0,56,78,-7,-4,-11,16,-6,72
PKG,Packaging Corporation of America,192.47,-6,0,-4,59,49,-7,23,-17,24,23,72
STT,State Street Corporation,97.18,0,25,8,14,47,-6,30,-11,12,25,72
CEG,Constellation Energy,300.45,0,23,7,0,30,-15,38,1,17,41,71
DECK,Deckers Brands,107.69,0,-2,-15,91,74,-7,-14,-11,29,-3,71
GEHC,GE HealthCare,73.51,52,0,-11,0,41,44,-11,-9,6,30,71
APD,Air Products,283.46,12,3,0,14,29,20,24,-10,8,42,71
WTM,White Mountains Insurance Group,1760.98,-9,-3,0,57,45,-11,-6,-11,54,26,71
TRGP,Targa Resources,168.13,43,-49,0,49,43,8,-21,-11,52,28,71
OHI,Omega Healthcare Investors,36.66,-6,0,0,38,32,5,6,-2,29,38,70
CSX,CSX Corporation,32.26,56,22,-27,2,53,-6,26,1,-4,17,70
MAS,Masco,64.05,33,0,-11,63,85,-2,-10,-23,19,-16,69
FOX,Fox Corporation (Class B),49.11,-1,0,58,0,57,-13,23,-5,7,12,69
CHH,Choice Hotels,127.95,32,0,-4,13,41,-1,24,-8,12,27,68
CMG,Chipotle Mexican Grill,51.14,-4,7,-15,78,66,1,-9,-17,27,2,68
JNPR,Juniper Networks,36.01,4,18,0,52,74,13,-9,-28,18,-6,68
SAIC,SAIC,104.19,0,-9,-28,65,28,-11,-9,5,55,40,68
CHTR,Charter Communications,397.35,18,34,9,-34,27,44,-8,1,4,41,68
CAR,Avis Budget Group,124.59,30,39,0,-18,51,-2,49,4,-35,16,67
CRH,CRH plc,92.98,3,1,2,62,68,-9,-9,-8,25,-1,67
FDS,FactSet,422.98,-66,-2,-2,192,122,-56,-5,-15,21,-55,67
FAF,First American Financial Corporation,59.22,31,-28,0,12,15,62,-16,-10,16,52,67
PSA,Public Storage,295.78,-9,24,-2,13,26,-7,36,1,11,41,67
MTDR,Matador Resources,49.1,53,3,-20,0,36,25,23,-13,-4,31,67
UDR,"UDR, Inc.",41.65,24,4,0,5,33,20,2,1,11,34,67
UBER,Uber,85.63,1,35,9,0,45,-5,-5,7,24,21,66
AVB,AvalonBay Communities,207.32,24,4,0,14,42,27,3,-19,13,24,66
FCX,Freeport-McMoRan,41.37,0,23,-28,56,51,-11,29,1,-4,15,66
NTAP,Netapp,103.37,0,8,-16,55,47,-16,36,-21,20,19,66
AMED,Amedisys,97.0,18,40,3,-38,23,16,3,16,8,43,66
SNOW,Snowflake Inc.,212.9,2,26,6,0,34,2,36,1,-8,31,65
TTEK,Tetra Tech,36.1,22,21,-20,3,26,9,36,-23,17,39,65
COKE,Coca-Cola Consolidated,109.01,0,-30,0,83,53,-2,-30,-6,50,12,65
ISRG,Intuitive Surgical,512.51,-25,0,85,20,80,-23,-4,-12,24,-15,65
ESI,Element Solutions,21.57,32,0,-11,55,76,-5,-5,-20,18,-12,64
ACN,Accenture,317.95,33,0,-14,12,31,-2,28,-10,17,33,64
PRU,Prudential Financial,104.44,0,13,-4,53,62,-2,5,-18,17,2,64
OC,Owens Corning,138.54,32,-2,-15,56,71,-2,-14,-19,27,-8,63
HII,Huntington Ingalls Industries,228.37,6,62,0,4,72,2,-11,7,-7,-9,63
TSLA,"Tesla, Inc.",325.15,8,4,34,8,54,16,-1,-15,8,8,62
EXC,Exelon,43.37,4,-12,46,12,50,9,-22,17,8,12,62
MAT,Mattel,19.26,25,22,5,0,52,24,24,-9,-29,10,62
LNW,Light & Wonder,86.42,0,0,-12,55,43,-4,5,-6,23,18,61
IONS,Ionis Pharmaceuticals,36.08,63,26,-40,-9,40,-4,32,1,-8,21,61
BA,Boeing,205.16,-4,36,5,0,37,-4,36,1,-9,24,61
MANH,Manhattan Associates,192.96,5,17,-20,63,65,-6,-5,-18,25,-4,61
XYZ,"Block, Inc.",64.76,102,1,-15,-34,54,-8,20,-16,11,7,61
SNDK,SanDisk,41.49,38,0,0,0,38,-1,23,0,0,22,60
KR,Kroger,64.75,-53,-7,70,65,75,-51,-18,41,13,-15,60
GRAL,"Grail, Inc.",42.47,14,3,0,0,17,15,36,-8,0,43,60
DAY,Dayforce,60.18,54,8,-11,-10,41,13,17,-15,3,18,59
ULTA,Ulta Beauty,458.68,0,33,3,2,38,-11,36,3,-7,21,59
PSN,Parsons Corporation,69.86,48,8,-18,0,38,2,7,-21,33,21,59
CNA,CNA Financial,45.95,-43,-7,85,55,90,-42,-8,1,18,-31,59
W,Wayfair,46.96,88,23,-54,-39,18,48,29,1,-38,40,58
DELL,Dell Technologies,112.15,0,23,-16,30,37,-14,36,1,-2,21,58
LYFT,Lyft,15.31,-4,24,6,0,26,-5,34,1,2,32,58
EQR,Equity Residential,69.65,5,22,0,11,38,22,-14,1,11,20,58
APTV,Aptiv,69.94,28,23,0,-22,29,32,29,1,-34,28,57
RKT,Rocket Companies,14.0,18,2,-10,0,10,11,19,-1,18,47,57
MUSA,Murphy USA,414.14,-9,-25,-4,66,28,-4,-25,-20,77,28,56
JHG,Janus Henderson,36.86,30,8,0,17,55,-2,-4,-10,16,0,55
PRI,Primerica,259.82,-25,-2,0,106,79,-37,-4,-11,28,-24,55
DKNG,DraftKings,37.7,32,0,-12,0,20,35,-9,-9,18,35,55
AMT,American Tower,214.76,4,0,7,4,15,14,6,11,9,40,55
CRUS,Cirrus Logic,102.97,27,23,-14,17,53,-1,3,1,-1,2,55
CCL,Carnival Corporation & plc,23.53,-4,22,8,0,26,-7,30,-11,17,29,55
SMCI,Supermicro,43.91,13,0,-42,56,27,20,22,-7,-7,28,55
AMTM,Amentum,22.76,39,35,0,0,74,-12,-8,1,0,-19,55
CFR,Frost Bank,126.15,-4,23,9,2,30,-6,33,-11,8,24,54
INCY,Incyte,69.24,64,9,0,-29,44,-4,31,-22,5,10,54
BMY,Bristol Myers Squibb,50.67,74,-48,0,-3,23,24,9,-5,3,31,54
LDOS,Leidos,146.6,3,35,-4,21,55,-14,-8,4,17,-1,54
GLW,Corning Inc.,50.73,0,22,10,15,47,-23,29,-11,12,7,54
GAP,Gap Inc.,21.64,-3,32,-3,16,42,-1,-6,2,17,12,54
DUOL,Duolingo,472.35,-27,36,44,0,53,-23,-3,5,21,0,53
PSX,Phillips 66,121.78,25,22,-27,39,59,25,24,-52,-3,-6,53
ALLE,Allegion,138.34,-7,35,0,19,47,-10,-5,1,20,6,53
DHR,Danaher Corporation,204.48,52,5,-20,0,37,44,4,-31,-2,15,52
AS,Amer Sports,37.54,2,23,0,0,25,-2,28,1,0,27,52
TKR,Timken Company,72.43,46,8,-15,2,41,-1,27,-12,-3,11,52
OKE,Oneok,83.11,11,-49,-4,52,10,19,-11,-16,49,41,51
WSM,"Williams-Sonoma, Inc.",155.48,-10,0,0,63,53,-2,-11,-8,19,-2,51
AWK,American Water Works,140.2,-1,-1,17,4,19,16,-4,13,6,31,50
JNJ,Johnson & Johnson,155.92,32,5,3,5,45,-5,11,-5,4,5,50
SNDR,Schneider National,24.31,51,3,-14,0,40,-2,22,-18,8,10,50
WY,Weyerhaeuser,27.23,47,0,-14,0,33,44,5,-26,-6,17,50
MKC,McCormick & Company,75.53,57,-41,1,-2,15,29,3,-5,8,35,50
OVV,Ovintiv,40.46,59,5,-28,0,36,24,8,-15,-4,13,49
ECG,Everus Construction Group,60.72,13,21,0,0,34,-16,38,-8,0,14,48
BROS,Dutch Bros. Coffee,70.68,-14,15,44,0,45,-29,29,-6,9,3,48
HST,Host Hotels & Resorts,15.77,32,23,-23,2,34,-1,36,-18,-4,13,47
MDU,MDU Resources,16.59,-4,0,0,38,34,-4,-11,1,27,13,47
ALAB,Astera Labs,93.93,2,21,0,0,23,7,30,-13,0,24,47
THO,Thor Industries,87.76,53,7,-17,0,43,-2,29,-20,-4,3,46
DOCS,Doximity,57.72,2,0,45,0,47,-7,4,-8,10,-1,46
COIN,Coinbase,244.12,-7,22,0,0,15,-7,36,-14,16,31,46
DAL,Delta Air Lines,48.63,-4,0,-4,17,9,-4,29,-12,24,37,46
LEN,Lennar (Class A),111.89,46,0,-21,62,87,-2,-13,-26,-1,-42,45
FOUR,Shift4,94.89,2,3,0,0,5,-6,32,-8,22,40,45
VOYA,Voya Financial,67.65,27,23,-14,2,38,-2,-1,-19,29,7,45
KEYS,Keysight,163.13,28,23,7,0,58,-4,-5,-8,3,-14,44
USB,U.S. Bancorp,44.06,0,23,-1,2,24,-7,29,-15,13,20,44
KMPR,Kemper Corporation,63.72,1,13,0,2,16,2,24,-11,12,27,43
AGO,Assured Guaranty,84.18,0,0,0,54,54,-17,-15,1,20,-11,43
MASI,Masimo,165.35,0,6,37,-4,39,-7,9,-6,8,4,43
WHR,Whirlpool Corporation,87.91,53,1,-15,-24,15,51,22,-11,-34,28,43
CNXC,Concentrix,57.17,18,23,0,0,41,9,26,-3,-31,1,42
ALSN,Allison Transmission,101.32,-25,22,0,33,30,-37,29,-12,32,12,42
PFG,Principal Financial Group,76.66,0,0,-4,53,49,-7,-5,-11,16,-7,42
BSY,Bentley Systems,48.85,0,26,0,0,26,-20,38,1,-4,15,41
DT,Dynatrace,54.31,0,21,5,0,26,-23,29,-9,18,15,41
INVH,Invitation Homes,33.67,5,1,1,5,12,20,-15,12,12,29,41
FR,First Industrial Realty Trust,49.66,32,6,-4,12,46,-2,-10,-6,12,-6,40
TFSL,Third Federal S&L,12.99,-6,36,8,3,41,-11,-8,1,17,-1,40
AGCO,AGCO,101.68,32,25,0,0,57,-4,-4,2,-11,-17,40
EA,Electronic Arts,148.32,0,45,0,5,50,-22,-15,7,19,-11,39
CNP,Centerpoint Energy,35.86,-40,-1,40,43,42,-33,-17,34,13,-3,39
XEL,Xcel Energy,68.58,-49,-7,42,10,-4,-7,-7,50,7,43,39
CNH,CNH Industrial,12.81,32,24,10,0,66,-4,-4,1,-21,-28,38
IVZ,Invesco,14.93,25,3,-11,-4,13,32,-7,-11,11,25,38
MRP,Millrose Properties,27.36,-6,12,0,0,6,-2,33,0,0,31,37
ELAN,Elanco,14.23,32,26,-28,-5,25,32,28,-44,-4,12,37
KVUE,Kenvue,22.03,0,-7,34,0,27,7,-8,10,1,10,37
HRL,Hormel Foods,30.89,73,13,0,-21,65,-3,2,1,-28,-28,37
NTNX,Nutanix,74.51,-25,29,22,20,46,-28,-4,1,22,-9,37
LLYVA,Liberty Live (Series A),73.84,0,36,19,0,55,-16,-4,1,0,-19,36
TW,Tradeweb,138.65,-59,1,100,0,42,-23,-5,1,21,-6,36
AFG,American Financial Group,124.09,0,0,-3,54,51,-9,-19,1,12,-15,36
DG,Dollar General,110.72,0,64,0,-15,49,-15,12,13,-24,-14,35
MTD,Mettler Toledo,1192.56,50,8,-14,0,44,-2,28,-32,-3,-9,35
G,Genpact,43.62,18,-28,44,0,34,24,-25,-6,8,1,35
LSCC,Lattice Semiconductor,50.16,32,0,-11,-3,18,49,-11,-8,-13,17,35
TER,Teradyne,86.12,53,0,-20,-4,29,-2,24,-14,-3,5,34
AMKR,Amkor Technology,20.44,47,8,-31,0,24,48,4,-39,-3,10,34
RARE,Ultragenyx,39.72,55,3,-18,-36,4,54,2,-26,-1,29,33
MORN,"Morningstar, Inc.",304.86,-17,23,-11,26,21,-16,29,-17,16,12,33
PARAA,Paramount Global (Class A),22.46,0,0,30,0,30,9,-8,-3,4,2,32
BOKF,BOK Financial Corporation,95.26,32,0,-3,20,49,-4,-8,-17,12,-17,32
HHH,Howard Hughes Holdings,70.38,27,0,-4,-4,19,32,-13,-19,12,12,31
UAL,United Airlines Holdings,76.53,-7,0,0,9,2,-10,35,-11,14,28,30
LAZ,Lazard,44.33,3,6,-1,18,26,-16,28,-19,11,4,30
AZTA,Azenta,30.41,52,0,-44,-29,-21,51,17,-10,-7,51,30
ST,Sensata Technologies,28.56,53,23,-33,-13,30,46,27,-40,-33,0,30
NBIX,Neurocrine Biosciences,125.27,0,14,-19,23,18,-9,33,-11,-2,11,29
WDAY,"Workday, Inc.",250.93,18,10,-1,12,39,-7,-9,-14,20,-10,29
WYNN,Wynn Resorts,86.96,0,25,-2,-1,22,18,-6,1,-6,7,29
VTRS,Viatris,9.07,27,1,-16,-5,7,24,1,-20,17,22,29
IQV,IQVIA,159.43,52,0,-31,-4,17,44,4,-33,-4,11,28
LLYVK,Liberty Live (Series C),74.88,0,29,20,0,49,-17,-5,1,0,-21,28
GNRC,Generac,129.84,51,7,-11,-32,15,-2,25,-19,8,12,27
LII,Lennox International,550.93,-7,0,0,36,29,-6,-7,-14,25,-2,27
QRVO,Qorvo,82.18,53,23,-35,-29,12,25,31,-39,-3,14,26
PNFP,Pinnacle Financial Partners,105.42,-4,23,0,13,32,-7,-4,-11,16,-6,26
PLD,Prologis,108.43,-3,13,-14,0,-4,-2,34,1,-3,30,26
HRB,H&R Block,55.42,-25,-4,0,50,21,-34,-16,5,50,5,26
TWLO,Twilio,116.46,-7,15,38,-32,14,-18,29,-9,9,11,25
LPX,Louisiana-Pacific,90.04,-16,0,-1,61,44,-25,-3,-15,24,-19,25
F,Ford Motor Company,10.51,28,37,-41,-15,9,25,-7,1,-3,16,25
UHAL,U-Haul,63.21,25,0,-6,20,39,-3,-11,-19,18,-15,24
AMH,American Homes 4 Rent,36.55,-41,0,-1,66,24,-7,-7,1,13,0,24
FTV,Fortive,71.01,-4,1,-12,31,16,-7,25,-8,-3,7,23
WTRG,Essential Utilities,38.21,5,-2,1,0,4,21,-18,13,3,19,23
TRU,TransUnion,87.37,32,12,-2,1,43,-2,-8,-22,12,-20,23
CVS,CVS Health,65.89,27,-7,1,-15,6,24,2,16,-26,16,22
CACC,Credit Acceptance,504.77,32,5,0,0,37,-2,-4,-6,-3,-15,22
BIRK,Birkenstock,53.38,-5,25,6,0,26,-6,1,1,0,-4,22
WFRD,Weatherford International,52.29,52,0,-35,0,17,44,3,-39,-3,5,22
PINC,"Premier, Inc.",22.49,-15,34,8,-26,1,-14,60,6,-32,20,21
EXP,Eagle Materials,200.96,-7,-12,-6,55,30,-6,-9,-20,25,-10,20
CBSH,Commerce Bancshares,61.8,-10,23,0,9,22,-9,-5,1,11,-2,20
MOS,Mosaic Company (The),34.71,-32,43,7,-14,4,2,36,6,-28,16,20
MSGS,Madison Square Garden Sports,189.36,0,0,-11,19,8,12,-8,-17,25,12,20
DDOG,Datadog,123.45,4,13,-14,0,3,-9,30,-17,13,17,20
IP,International Paper,47.03,-7,-2,0,14,5,-9,21,-11,14,15,20
ABNB,Airbnb,138.71,0,8,0,0,8,-13,36,-9,-3,11,19
BLD,TopBuild,309.73,46,4,-20,44,74,-1,-16,-37,-1,-55,19
OTIS,Otis Worldwide,96.59,5,0,0,0,5,2,-7,-5,24,14,19
MIDD,Middleby,144.87,-6,0,5,0,-1,-7,23,-7,11,20,19
VKTX,Viking Therapeutics,28.69,22,3,-31,19,13,42,-8,-24,-4,6,19
GPC,Genuine Parts Company,122.17,-14,21,-4,0,3,-5,35,1,-15,16,19
TPL,Texas Pacific Land Corporation,1096.8,-6,-10,-1,56,39,-22,-10,1,11,-20,19
SOLV,Solventum,74.03,0,8,0,0,8,-6,24,-7,0,11,19
ROST,Ross Stores,133.99,-14,0,-4,33,15,-18,-8,2,27,3,18
CMA,Comerica,57.12,-4,0,-1,2,-3,-2,28,-15,10,21,18
WAL,Western Alliance Bancorporation,73.31,32,0,-3,2,31,-2,-10,-18,16,-14,17
NCNO,nCino,27.48,5,8,-17,0,-4,2,25,-19,13,21,17
HSIC,Schein (Henry),71.03,0,4,-3,0,1,-2,27,-10,1,16,17
ZBRA,Zebra Technologies,292.74,0,9,-12,-5,-8,-2,28,-12,11,25,17
FRT,Federal Realty Investment Trust,96.21,30,5,-14,2,23,-2,4,-20,12,-6,17
CHRW,C.H. Robinson,94.72,-9,21,0,0,12,-7,23,-18,6,4,16
WBA,Walgreens Boots Alliance,11.35,29,23,0,-75,-23,37,38,-4,-33,38,15
OWL,Blue Owl Capital,19.1,2,2,0,0,4,-1,5,-12,19,11,15
TECH,Bio-Techne,51.85,67,0,-18,-22,27,24,-14,-18,-4,-12,15
PEN,"Penumbra, Inc.",251.6,-17,-12,23,9,3,-11,-15,37,1,12,15
ON,ON Semiconductor,53.09,53,8,-28,0,33,-1,29,-34,-13,-19,14
BBY,Best Buy,72.2,47,0,-15,-4,28,-4,2,-26,14,-14,14
FDX,FedEx,225.38,32,0,-17,30,45,-1,-10,-19,-2,-32,13
AFL,Aflac,101.93,-25,-16,0,56,15,-37,-19,1,53,-2,13
DLB,Dolby Laboratories,75.29,28,0,1,0,29,-3,-9,-11,6,-17,12
NCLH,Norwegian Cruise Line Holdings,18.72,0,0,-11,0,-11,-9,24,-11,18,22,11
AOS,A. O. Smith,64.19,1,-1,-33,56,23,-2,-9,1,-3,-13,10
GPK,Graphic Packaging,21.64,-7,-67,-10,56,-28,-5,-4,-23,69,37,9
VLTO,Veralto,98.23,-10,23,0,0,13,-10,30,-24,0,-4,9
MEDP,Medpace,304.41,0,3,-18,30,15,-1,7,-10,-2,-6,9
MSCI,MSCI,554.29,-7,21,0,12,26,-17,-5,-14,18,-18,8
PPG,PPG Industries,112.35,32,23,-37,-6,12,-4,4,1,-6,-5,7
BHF,Brighthouse Financial,57.21,-24,26,9,9,20,-15,-5,1,6,-13,7
LVS,Las Vegas Sands,41.54,2,23,-13,-4,8,-2,29,-17,-12,-2,6
FIVE,Five Below,125.79,0,25,0,-14,11,-28,34,2,-13,-5,6
WEX,WEX Inc.,140.76,48,5,-34,-3,16,-2,23,-25,-6,-10,6
CIEN,Ciena,73.72,-39,23,10,10,4,-36,36,-12,14,2,6
SN,SharkNinja,87.43,-3,4,0,0,1,18,-5,-9,0,4,5
WST,West Pharmaceutical Services,225.37,46,6,-18,-5,29,-6,6,-18,-6,-24,5
SEG,Seaport Entertainment Group,20.46,2,0,0,0,2,17,5,-19,0,3,5
CRM,Salesforce,267.04,0,0,-4,20,16,-8,-10,-12,19,-11,5
FI,Fiserv,167.51,44,-49,-5,33,23,-3,-35,-6,25,-19,4
DXCM,Dexcom,82.84,-18,27,0,-12,-3,-23,36,1,-7,7,4
LW,Lamb Weston,55.94,82,11,-63,-6,24,-6,15,-17,-12,-20,4
HAYW,Hayward Holdings,14.1,0,23,-4,0,19,-4,-8,-17,14,-15,4
PB,Prosperity Bancshares,69.59,2,5,-3,12,16,-2,-8,-15,12,-13,3
DD,DuPont,68.73,34,3,-12,17,42,-2,-10,-26,-1,-39,3
TFC,Truist Financial,39.79,0,5,-1,2,6,-6,5,-14,12,-3,3
PENN,Penn Entertainment,16.65,52,0,-14,-32,6,44,4,-9,-42,-3,3
BFAM,Bright Horizons,124.58,-35,21,5,6,-3,-11,-2,6,13,6,3
WMS,Advanced Drainage Systems,115.92,39,7,-31,1,16,-2,-12,1,-1,-14,2
CRL,Charles River Laboratories,152.64,46,8,-45,-24,-15,51,26,-54,-6,17,2
ZM,Zoom Communications,77.68,-32,24,40,0,32,-27,-6,1,2,-30,2
JKHY,Jack Henry & Associates,179.8,-18,20,7,2,11,-23,22,-18,9,-10,1
REXR,Rexford Industrial,36.77,38,8,-37,-16,-7,47,23,-32,-30,8,1
UAA,Under Armour (Class A),6.85,32,13,-19,-42,-16,38,33,-19,-35,17,1
SWKS,Skyworks Solutions,72.47,52,21,-34,-28,11,-2,31,-37,-3,-11,0
RIVN,Rivian,14.02,0,25,0,0,25,-2,-6,2,-19,-25,0
CART,Maplebear Inc.,44.04,-19,0,14,0,-5,-26,38,-8,0,4,-1
SEE,Sealed Air,32.2,32,23,-15,-22,18,-5,34,-18,-30,-19,-1
ZTS,Zoetis,168.64,0,20,-26,2,-4,6,29,-29,-3,3,-1
ADM,Archer Daniels Midland,49.29,21,24,-37,-9,-1,25,-9,1,-18,-1,-2
FMC,FMC Corporation,43.25,76,12,-31,-22,35,-2,16,-27,-24,-37,-2
IT,Gartner,415.82,-81,0,-12,56,-37,-8,-3,-10,55,34,-3
ILMN,"Illumina, Inc.",88.01,34,3,-19,-38,-20,44,29,-19,-38,16,-4
DPZ,Domino's,450.22,-18,-3,-1,8,-14,-16,-8,18,16,10,-4
EW,Edwards Lifesciences,76.22,-19,35,0,-12,4,-32,36,21,-33,-8,-4
AKAM,Akamai Technologies,79.5,32,1,-17,-5,11,25,-15,-17,-8,-15,-4
LUV,Southwest Airlines,32.72,-3,22,7,-37,-11,-4,25,-16,2,7,-4
PK,Park Hotels & Resorts,10.45,25,0,-17,-5,3,25,-12,-19,-3,-9,-6
IEX,IDEX Corporation,183.85,32,12,-19,0,25,-1,-7,-19,-4,-31,-6
PFE,Pfizer,24.79,32,4,-24,-21,-9,32,29,-32,-26,3,-6
CFLT,"Confluent, Inc.",24.64,4,0,-7,0,-3,-14,17,-9,2,-4,-7
GPN,Global Payments,78.28,32,-1,-18,-37,-24,49,-9,-15,-8,17,-7
WAT,Waters Corporation,348.17,-7,0,0,12,5,-9,-4,-11,12,-12,-7
TTD,Trade Desk (The),71.06,-38,6,-18,2,-48,11,29,-18,18,40,-8
UA,Under Armour (Class C),6.44,32,15,-19,-35,-7,32,25,-23,-35,-1,-8
PARA,Paramount Global (Class B),11.91,-2,24,0,-37,-15,17,30,3,-43,7,-8
SITE,SiteOne Landscape Supply,124.6,49,4,-17,-7,29,-2,-9,-20,-6,-37,-8
ENTG,Entegris,79.37,39,0,-35,-4,0,46,-12,-40,-3,-9,-9
NOV,NOV Inc.,13.4,39,3,-46,-10,-14,51,4,-37,-13,5,-9
CMCSA,Comcast,35.22,28,5,-26,-7,0,25,-5,-23,-6,-9,-9
AVY,Avery Dennison,177.91,0,22,-26,2,-2,-7,36,-34,-3,-8,-10
PODD,Insulet,303.15,-41,24,36,2,21,-69,28,5,4,-32,-11
ASH,Ashland Global,52.0,32,0,-32,-7,-7,44,3,-44,-8,-5,-12
PATH,UiPath,12.86,-7,13,-2,0,4,-8,-1,1,-8,-16,-12
VVV,Valvoline,36.18,0,8,-17,29,20,-16,24,-39,-2,-33,-13
MAA,Mid-America Apartment Communities,150.35,-14,-9,0,0,-23,16,-16,1,9,10,-13
TROW,T. Rowe Price,94.57,27,8,-14,-23,-2,-2,-4,-16,11,-11,-13
SPG,Simon Property Group,158.4,-10,0,0,33,23,-39,-11,-6,19,-37,-14
WH,Wyndham Hotels & Resorts,81.96,-3,-11,-2,9,-7,-1,-11,-8,13,-7,-14
AES,AES Corporation,11.6,35,3,-33,-9,-4,67,-11,-44,-22,-10,-14
CHRD,Chord Energy,101.71,38,4,-41,1,2,25,7,-45,-4,-17,-15
LNC,Lincoln Financial,32.97,-4,0,9,-4,1,-2,-11,-9,6,-16,-15
GDDY,GoDaddy,178.01,-20,0,0,20,0,-18,-7,-10,20,-15,-15
INFA,Informatica,24.11,-1,14,-33,0,-20,-8,36,-18,-5,5,-15
IFF,International Flavors & Fragrances,78.28,33,8,-14,-29,-2,-2,5,-26,9,-14,-16
HXL,Hexcel,56.06,0,5,-20,0,-15,-7,24,-12,-7,-2,-17
INGM,Ingram Micro,19.5,0,8,0,0,8,-11,-5,-9,0,-25,-17
PAYC,Paycom,250.31,-19,36,10,-22,5,-25,36,1,-35,-23,-18
FE,FirstEnergy,40.66,-81,0,1,53,-27,4,-8,1,12,9,-18
AA,Alcoa,28.75,38,0,-12,-18,8,-1,23,-18,-30,-26,-18
CGNX,Cognex Corporation,30.97,38,5,-31,-29,-17,48,27,-39,-38,-2,-19
RYN,Rayonier,23.82,27,-48,-11,-3,-35,43,3,-23,-7,16,-19
AMCR,Amcor,9.19,32,-2,-11,0,19,-4,-18,-26,9,-39,-20
AXTA,Axalta,30.31,-7,-10,-7,20,-4,-7,-13,-20,24,-16,-20
VAC,Marriott Vacations Worldwide,67.1,26,0,-16,-15,-5,-2,25,-16,-23,-16,-21
SHC,Sotera Health,11.77,-10,28,-18,0,0,-11,-7,1,-4,-21,-21
CCI,Crown Castle,99.47,-3,0,-4,-26,-33,15,-17,11,3,12,-21
DV,DoubleVerify,15.31,53,0,-61,0,-8,-2,5,-9,-8,-14,-22
FND,Floor & Decor,77.1,25,0,-26,-4,-5,19,-12,-20,-4,-17,-22
AAP,Advance Auto Parts,51.4,0,15,0,-26,-11,-2,22,1,-32,-11,-22
ALK,Alaska Air Group,49.41,-10,0,0,0,-10,-10,-2,-8,7,-13,-23
CE,Celanese,57.31,46,8,-34,-8,12,-1,25,-52,-7,-35,-23
EXAS,Exact Sciences,53.83,-4,29,-19,-23,-17,-2,33,-23,-14,-6,-23
OXY,Occidental Petroleum,44.69,53,3,-46,0,10,25,5,-50,-14,-34,-24
BURL,Burlington Stores,236.63,-4,0,-1,1,-4,-12,-7,-17,15,-21,-25
COLB,Columbia Banking System,23.26,-3,5,-1,-7,-6,-2,-8,-17,8,-19,-25
SW,Smurfit Westrock,43.12,-3,0,0,0,-3,-7,-1,-14,0,-22,-25
D,Dominion Energy,55.42,-21,21,5,-32,-27,-44,36,1,8,1,-26
DOW,Dow Inc.,30.2,32,0,-34,0,-2,44,-14,-49,-6,-25,-27
U,Unity Technologies,24.75,-10,12,0,0,2,-33,36,1,-33,-29,-27
DVA,DaVita,136.54,0,-42,-1,18,-25,-1,-8,-11,17,-3,-28
KDP,Keurig Dr Pepper,32.76,-3,-9,0,0,-12,-9,-26,9,10,-16,-28
PCTY,Paylocity,182.5,-25,-1,33,-1,6,-25,-3,-10,3,-35,-29
FLS,Flowserve,47.59,-46,1,-2,25,-22,-14,-4,-12,23,-7,-29
DNB,Dun & Bradstreet,9.06,34,2,-17,0,19,-1,6,-19,-35,-49,-30
JBHT,J. B. Hunt,140.58,32,0,-22,-3,7,-4,-7,-19,-8,-38,-31
RYAN,Ryan Specialty,65.93,-39,-4,0,0,-43,-44,20,12,23,11,-32
LKQ,LKQ Corporation,39.01,-4,0,0,0,-4,-2,-6,-5,-15,-28,-32
PCOR,Procore,65.57,-7,0,-2,0,-9,-23,-9,-8,17,-23,-32
DBX,Dropbox,28.24,-12,1,10,7,6,-23,-10,-11,6,-38,-32
EMN,Eastman Chemical Company,79.44,-4,0,-12,0,-16,-2,-2,-26,13,-17,-33
LYB,LyondellBasell,60.18,27,0,-35,0,-8,43,-14,-49,-5,-25,-33
COP,ConocoPhillips,94.3,32,2,-36,1,-1,24,1,-52,-6,-33,-34
TGT,Target Corporation,99.31,32,0,-22,-9,1,-4,3,-30,-4,-35,-34
HUBS,HubSpot,573.73,-18,-2,-1,9,-12,-20,-10,-9,17,-22,-34
ADBE,Adobe Inc.,416.23,2,21,-27,-4,-8,-20,28,-31,-3,-26,-34
SMG,Scotts Miracle-Gro Company,63.83,0,19,-13,-37,-31,-13,22,-23,11,-3,-34
MOH,Molina Healthcare,292.34,-4,-15,-4,0,-23,-6,-9,9,-6,-12,-35
MDB,MongoDB Inc.,213.28,0,0,-17,-7,-24,-15,28,-18,-7,-12,-36
BAX,Baxter International,31.27,27,0,-14,-36,-23,42,-11,-5,-39,-13,-36
CIVI,Civitas Resources,31.08,32,0,-46,-4,-18,31,3,-46,-7,-19,-37
YETI,Yeti Holdings,31.46,0,0,-26,-4,-30,-6,23,-17,-8,-8,-38
ELS,Equity Lifestyle Properties,62.81,1,-12,-12,0,-23,16,-7,-23,-1,-15,-38
ACI,Albertsons,21.2,-53,-1,16,0,-38,2,-13,18,-7,0,-38
M,"Macy's, Inc.",11.94,32,0,-22,-13,-3,-6,-9,-16,-4,-35,-38
DAR,Darling Ingredients,32.21,24,0,-17,-18,-11,32,-10,-21,-28,-27,-38
UHS,Universal Health Services,173.1,-25,-1,-2,20,-8,-25,-4,-26,24,-31,-39
CCCS,CCC Intelligent Solutions,9.02,1,0,-19,0,-18,2,-1,-18,-4,-21,-39
DVN,Devon Energy,34.24,39,5,-41,-3,0,25,2,-47,-20,-40,-40
ETSY,Etsy,59.1,0,13,0,-28,-15,-14,23,1,-35,-25,-40
CROX,Crocs,103.43,0,6,-33,0,-27,-2,-9,1,-3,-13,-40
MRK,Merck & Co.,81.85,46,-51,-38,0,-43,46,3,-42,-4,3,-40
RGEN,Repligen,132.04,50,-3,-7,-15,25,-1,-18,-11,-35,-65,-40
SON,Sonoco,45.31,2,21,-35,-3,-15,-5,24,-33,-12,-26,-41
WBD,Warner Bros. Discovery,10.46,16,3,3,-40,-18,8,23,-11,-43,-23,-41
MHK,Mohawk Industries,105.1,31,-17,-17,-9,-12,-2,-14,-25,12,-29,-41
SLB,Schlumberger,35.64,28,0,-61,0,-33,24,-13,-12,-8,-9,-42
SWK,Stanley Black & Decker,67.79,27,0,-20,-37,-30,-1,3,-26,12,-12,-42
MKTX,MarketAxess,226.7,43,7,-19,-27,4,11,-16,1,-42,-46,-42
BLDR,Builders FirstSource,114.38,43,-91,-19,63,-4,-2,-13,-23,-1,-39,-43
SBAC,SBA Communications,225.38,-33,0,7,-18,-44,6,-17,8,3,0,-44
HAL,Halliburton,21.98,38,0,-54,-3,-19,32,3,-53,-7,-25,-44
GTLB,GitLab,44.51,-11,-2,-12,0,-25,-15,-10,-11,16,-20,-45
ONTO,Onto Innovation,99.58,46,-84,-17,0,-55,48,-24,-12,-2,10,-45
HOG,Harley-Davidson,24.77,32,8,-34,-7,-1,-2,-5,-29,-9,-45,-46
RH,RH,178.46,-4,-2,-15,-5,-26,-2,-11,-14,7,-20,-46
DOC,Healthpeak Properties,17.42,24,-49,-8,-29,-62,29,3,-23,7,16,-46
DOCU,DocuSign,76.73,-32,-3,-2,-10,-47,-28,29,-11,9,-1,-48
HPQ,HP Inc.,24.81,-10,-2,-16,0,-28,-6,-8,-20,14,-20,-48
OKTA,"Okta, Inc.",100.58,-25,-4,15,-22,-36,-28,-8,20,4,-12,-48
LOAR,Loar Holdings,84.5,-18,0,0,0,-18,-23,-13,5,0,-31,-49
TEAM,Atlassian,200.43,-9,-2,-1,-4,-16,-21,-12,-9,9,-33,-49
OGN,Organon & Co.,10.22,33,-56,-20,0,-43,25,4,-33,-2,-6,-49
NSA,National Storage Affiliates,33.67,-7,-16,-6,-2,-31,16,-17,-27,10,-18,-49
BG,Bunge Global,76.32,0,0,-35,0,-35,-4,-8,1,-3,-14,-49
S,SentinelOne,18.1,-1,0,-16,0,-17,-15,-11,-19,12,-33,-50
ESTC,Elastic NV,85.15,-9,0,-4,-4,-17,-14,-8,-9,-2,-33,-50
FTRE,Fortrea,6.22,52,0,-27,0,25,-6,-14,-56,0,-76,-51
UHAL-B,U-Haul (Series N),56.5,0,0,-14,0,-14,-6,-10,-28,7,-37,-51
GFS,GlobalFoundries,38.2,41,1,-73,0,-31,-2,4,-8,-15,-21,-52
KMB,Kimberly-Clark,133.12,-53,0,0,16,-37,-58,18,-2,24,-18,-55
REGN,Regeneron Pharmaceuticals,521.14,0,-10,-32,-2,-44,30,-7,-33,-2,-12,-56
GME,GameStop,21.75,-12,-1,-1,-28,-42,-9,-3,2,-5,-15,-57
EPAM,EPAM Systems,176.15,2,0,-17,-25,-40,-2,28,-8,-35,-17,-57
JAZZ,Jazz Pharmaceuticals,110.15,0,-2,-6,-4,-12,-6,4,-7,-37,-46,-58
KNX,Knight-Swift,43.69,-10,0,-16,0,-26,-8,-1,-12,-11,-32,-58
MGM,MGM Resorts International,33.01,32,3,-47,0,-12,25,-11,-54,-7,-47,-59
TREX,"Trex Company, Inc.",57.03,32,0,-45,-11,-24,-2,-12,-17,-4,-35,-59
IAC,IAC Inc.,36.91,25,3,-31,-29,-32,44,-9,-26,-36,-27,-59
CERT,"Certara, Inc.",11.28,-4,-1,-6,0,-11,-2,-18,1,-30,-49,-60
OLN,Olin Corporation,21.27,41,0,-51,-7,-17,44,-14,-53,-21,-44,-61
UWMC,United Wholesale Mortgage,4.37,26,-57,-20,0,-51,23,2,-33,-2,-10,-61
BIIB,Biogen,133.08,74,0,-75,-25,-26,-5,23,-38,-16,-36,-62
EG,Everest Group,337.17,-25,-4,-27,53,-3,-25,-4,-28,-3,-60,-63
BAH,Booz Allen Hamilton,100.58,-95,-12,-21,99,-29,-39,-8,-23,36,-34,-63
TSN,Tyson Foods,55.17,-11,-28,-2,-26,-67,-5,2,-2,9,4,-63
LSTR,Landstar,139.97,0,0,-26,0,-26,-2,3,-33,-5,-37,-63
HR,Healthcare Realty Trust,14.69,29,-48,-5,-37,-61,30,-20,-20,7,-3,-64
POOL,Pool Corporation,299.35,-7,-2,-14,-4,-27,-2,-8,-20,-7,-37,-64
GNTX,Gentex,22.3,18,0,-33,-6,-21,25,-12,-50,-6,-43,-64
LULU,Lululemon Athletica,247.67,-32,-5,-2,-1,-40,-32,28,-11,-10,-25,-65
DXC,DXC Technology,15.88,46,0,-16,-71,-41,43,-13,-23,-32,-25,-66
WTW,Willis Towers Watson,298.56,-40,-35,0,22,-53,-44,10,-6,27,-13,-66
LEA,Lear Corporation,93.64,25,23,-59,-15,-26,25,3,-55,-13,-40,-66
FRPT,Freshpet,77.98,-26,0,-15,-4,-45,-23,-4,-11,17,-21,-66
COTY,Coty,5.09,52,0,-55,-5,-8,-2,7,-57,-7,-59,-67
CZR,Caesars Entertainment,27.36,18,0,-17,-23,-22,25,-10,-26,-35,-46,-68
NWL,Newell Brands,5.49,34,0,-18,-29,-13,-2,-5,-18,-34,-59,-72
VFC,VF Corporation,12.69,0,0,-11,-41,-52,-4,-11,-11,5,-21,-73
PII,Polaris Inc.,41.85,52,8,-91,-15,-46,-1,23,-34,-15,-27,-73
COO,Cooper Companies (The),70.89,0,-10,-18,-3,-31,-7,-14,-23,-1,-45,-76
GMED,Globus Medical,60.46,33,-78,-6,0,-51,-1,-24,-11,10,-26,-77
ENOV,Enovis,32.4,28,-16,-56,-15,-59,44,-12,-16,-35,-19,-78
LINE,"Lineage, Inc.",45.33,29,-48,0,0,-19,-6,-31,-22,0,-59,-78
IPG,Interpublic Group of Companies (The),23.95,1,-12,-34,0,-45,25,-14,-31,-15,-35,-80
GLOB,Globant,98.64,0,-19,-17,-5,-41,-4,-13,-17,-5,-39,-80
LBTYA,Liberty Global (Series A),9.93,17,-49,-31,-29,-92,46,3,-29,-8,12,-80
AVTR,Avantor,13.6,32,-87,-20,0,-75,19,9,-31,-3,-6,-81
NUE,Nucor,118.16,0,0,-46,0,-46,-8,1,-23,-6,-36,-82
SJM,J.M. Smucker Company (The),96.18,-18,-3,-3,-2,-26,-31,-3,-1,-21,-56,-82
KMX,CarMax,66.71,53,-72,-10,-34,-63,-2,-13,-14,9,-20,-83
CDW,CDW,175.76,-7,23,-33,2,-15,-7,-2,-54,-6,-69,-84
CPRI,Capri Holdings,17.75,0,0,-63,-9,-72,21,24,-27,-30,-12,-84
APA,APA Corporation,19.84,60,5,-76,-10,-21,25,9,-80,-17,-63,-84
BRKR,Bruker,39.8,52,0,-51,-6,-5,-2,-16,-55,-7,-80,-85
WSC,WillScot Mobile Mini,27.91,32,0,-56,-4,-28,-6,-8,-33,-10,-57,-85
INTC,Intel,20.95,25,0,-60,-18,-53,-3,-12,-8,-10,-33,-86
COLD,Americold,17.45,32,-51,-32,-9,-60,44,-25,-32,-13,-26,-86
BIO,Bio-Rad Laboratories,231.87,24,-16,-18,-26,-36,24,-16,-23,-35,-50,-86
UPS,United Parcel Service,100.79,32,0,-97,-14,-79,24,23,-25,-32,-10,-89
LCID,Lucid Motors,2.15,0,-11,-23,0,-34,-6,-8,-8,-33,-55,-89
COLM,Columbia Sportswear,62.29,0,-66,-12,-4,-82,-2,-9,-7,11,-7,-89
EIX,Edison International,49.67,-42,-6,-23,-1,-72,-39,-7,-20,48,-18,-90
BILL,Bill.com,44.07,-7,0,-15,0,-22,-11,-11,-11,-35,-68,-90
MRNA,Moderna,27.61,32,0,-46,-2,-16,-4,11,-46,-37,-76,-92
MTN,Vail Resorts,152.96,0,13,-24,-21,-32,-5,-3,-18,-34,-60,-92
PLTK,Playtika,4.8,-1,-11,-17,0,-29,-2,-19,-18,-29,-68,-97
MTCH,Match Group,30.84,-1,7,-17,-35,-46,-7,15,-24,-36,-52,-98
SIRI,Sirius XM,22.02,32,3,-74,-29,-68,-2,27,-40,-15,-30,-98
EL,Estée Lauder Companies (The),70.25,88,13,-111,-24,-34,-2,26,-56,-33,-65,-99
QS,QuantumScape,4.51,31,2,-75,0,-42,25,-10,-39,-34,-58,-100
PEP,PepsiCo,131.58,4,-48,-33,-1,-78,15,3,-30,-11,-23,-101
ALB,Albemarle Corporation,63.38,46,0,-119,-21,-94,44,-12,-18,-23,-9,-103
MPW,Medical Properties Trust,4.49,-3,-23,-1,-34,-61,-2,-21,13,-33,-43,-104
ELV,Elevance Health,384.74,3,-22,-35,0,-54,-12,-37,-1,-1,-51,-105
LBTYK,Liberty Global (Series C),10.16,18,-49,-31,-28,-90,43,4,-28,-34,-15,-105
INSP,Inspire Medical Systems,130.1,-16,-20,-14,-4,-54,-6,-12,-19,-15,-52,-106
PRGO,Perrigo,27.27,16,3,0,-111,-92,19,25,-6,-53,-15,-107
TXG,10x Genomics,10.6,32,4,-67,0,-31,25,5,-66,-40,-76,-107
QDEL,QuidelOrtho,30.27,-4,0,-14,-36,-54,17,-12,-14,-45,-54,-108
OMC,Omnicom Group,72.06,0,-127,-18,0,-145,25,-14,-23,48,36,-109
CNC,Centene,54.94,-4,-15,-35,-9,-63,-4,-13,-4,-26,-47,-110
WLK,Westlake Corporation,79.57,32,-80,-31,-2,-81,44,-29,-43,-4,-32,-113
BDX,Becton Dickinson,174.87,5,-76,-19,-3,-93,-2,4,-10,-13,-21,-114
BRBR,BellRing Brands,59.27,-39,-27,-4,0,-70,-40,-19,-10,25,-44,-114
RVTY,Revvity,95.74,32,-66,-11,-22,-67,24,-58,-16,1,-49,-116
NKE,"Nike, Inc.",62.81,50,0,-68,-19,-37,-2,24,-69,-34,-81,-118
CAVA,Cava Group,77.17,-37,-12,-5,0,-54,-35,-11,-19,0,-65,-119
MAN,ManpowerGroup,42.64,18,-49,-37,-26,-94,30,14,-37,-34,-27,-121
LEG,Leggett & Platt,9.57,46,8,-123,-28,-97,44,-7,-26,-36,-25,-122
TDC,Teradata,22.3,3,7,-70,-15,-75,-6,-10,-18,-14,-48,-123
BMRN,BioMarin Pharmaceutical,57.46,4,-48,-41,-18,-103,25,-19,-6,-20,-20,-123
KHC,Kraft Heinz,26.36,-12,-36,-33,-2,-83,-5,-26,-5,-8,-44,-127
FIVN,Five9,28.13,0,0,-70,-33,-103,-7,28,-8,-38,-25,-128
RNG,RingCentral,26.71,0,4,-17,-39,-52,-7,-9,-17,-43,-76,-128
ANGI,Angi Inc.,16.14,-3,8,-31,-49,-75,-2,18,-29,-42,-55,-130
GIS,General Mills,54.22,0,-47,-32,-2,-81,-8,3,-28,-17,-50,-131
TMO,Thermo Fisher Scientific,415.64,32,-74,-13,-3,-58,24,-84,-12,-1,-73,-131
CLF,Cleveland-Cliffs,7.24,0,-2,-54,-14,-70,-4,1,-54,-6,-63,-133
HUN,Huntsman Corporation,11.79,27,-59,-36,-13,-81,25,-15,-31,-31,-52,-133
ZBH,Zimmer Biomet,93.31,27,-46,-56,-15,-90,44,-16,-55,-16,-43,-133
TTC,Toro Company (The),69.91,-39,0,-26,-5,-70,-2,-5,-39,-18,-64,-134
CLVT,Clarivate,4.32,0,13,-68,-4,-59,-1,-7,-28,-40,-76,-135
SAIA,Saia,256.05,-10,-80,-17,2,-105,-2,-6,-19,-3,-30,-135
NFE,New Fortress Energy,3.08,46,-79,-62,-1,-96,10,-14,-13,-23,-40,-136
FCN,FTI Consulting,161.14,-25,-9,-28,0,-62,-25,-8,-38,-3,-74,-136
TAP,Molson Coors,51.18,-95,-34,-4,12,-121,-7,-8,-5,3,-17,-138
VSTS,Vestis,6.2,-10,-92,-12,0,-114,-8,1,-18,0,-25,-139
IPGP,IPG Photonics,68.53,0,22,-77,-42,-97,-13,29,-18,-42,-44,-141
FBIN,Fortune Brands Innovations,51.78,32,-135,-17,-3,-123,-2,-12,-23,18,-19,-142
ALGN,Align Technology,182.43,33,8,-58,-23,-40,-2,-14,-53,-36,-105,-145
KSS,Kohl's,8.7,0,0,-53,-29,-82,-4,24,-54,-30,-64,-146
CC,Chemours,11.56,38,-97,-56,-11,-126,44,-19,-18,-28,-21,-147
AAL,American Airlines Group,10.84,-9,0,-12,-74,-95,-4,-1,-12,-37,-54,-149
SEB,Seaboard Corporation,2713.8,-3,0,-90,-21,-114,-23,9,-5,-27,-46,-160
TRIP,Tripadvisor,14.05,-7,4,-52,-50,-105,-7,-2,-9,-42,-60,-165
ARE,Alexandria Real Estate Equities,72.71,32,-56,-28,-28,-80,45,-58,-39,-33,-85,-165
GO,Grocery Outlet,13.15,-25,-2,-91,0,-118,-4,-20,1,-26,-49,-167
REYN,Reynolds Consumer Products,21.71,-3,-89,-19,0,-111,-7,-19,-31,-1,-58,-169
XRAY,Dentsply Sirona,16.06,1,13,-72,-40,-98,-4,27,-59,-38,-74,-172
ACHC,Acadia Healthcare,22.3,0,-75,-39,-9,-123,9,-12,-33,-14,-50,-173
BBWI,"Bath & Body Works, Inc.",25.98,-106,-10,-16,-13,-145,-9,-11,-7,-4,-31,-176
HUM,Humana,233.54,3,-30,-80,-10,-117,-1,-33,-11,-18,-63,-180
SPB,Spectrum Brands,54.49,-16,-123,-19,-2,-160,-14,-13,-18,22,-23,-183
PVH,PVH Corp.,64.21,-60,-6,-23,-1,-90,-65,-6,-19,-5,-95,-185
DJT,Trump Media & Technology Group,20.06,-88,-10,-47,0,-145,-6,-12,-15,-7,-40,-185
RHI,Robert Half,44.0,-11,-97,-20,-7,-135,-7,-2,-18,-30,-57,-192
CAG,Conagra Brands,22.01,-42,-41,-23,-5,-111,-4,-55,-5,-21,-85,-196
SRPT,Sarepta Therapeutics,37.72,-7,-105,-20,-5,-137,-16,1,-41,-4,-60,-197
CPB,Campbell Soup Company,33.03,-14,-48,-23,-4,-89,-18,-58,-30,-3,-109,-198
WU,Western Union,9.1,-7,-48,-14,-44,-113,-24,-17,-49,-3,-93,-206
WEN,Wendy's Company (The),11.28,-4,-50,-28,-6,-88,-27,-56,-23,-13,-119,-207
FLO,Flowers Foods,16.19,-10,-48,-28,-6,-92,-7,-40,-48,-21,-116,-208
CRI,Carter's,31.91,2,-92,-53,-15,-158,-4,-16,-30,-7,-57,-215
PCG,PG&E Corporation,14.2,-102,-7,-21,0,-130,-105,-9,-20,38,-96,-226
STZ,Constellation Brands,168.03,-106,-6,-36,-1,-149,-11,-10,-52,-6,-79,-228
ENPH,Enphase Energy,44.45,25,-107,-37,-18,-137,17,-48,-44,-22,-97,-234
APLS,Apellis Pharmaceuticals,19.03,0,-87,-61,-14,-162,-7,2,-59,-16,-80,-242
CLX,Clorox,126.65,-42,-111,-8,-3,-164,-10,-69,-18,11,-86,-250
TFX,Teleflex,121.75,0,-92,-33,-37,-162,-7,-47,-29,-8,-91,-253
BF-B,Brown–Forman (Class B),26.88,-105,-10,-94,-16,-225,-4,-9,-26,-26,-65,-290
BF-A,Brown–Forman (Class A),27.17,-105,-10,-93,-16,-224,-4,-10,-33,-22,-69,-293
SAM,Boston Beer Company,212.29,-107,-12,-26,-35,-180,-31,-22,-22,-42,-117,-297
WOLF,Wolfspeed,1.42,-9,-17,-125,-28,-179,-8,-16,-91,-35,-150,-329
