Symbol,Name,Close,1H Cloud Score,1D Cloud Score,1W Cloud Score,1M Cloud Score,Cloud Score Sum,1H TKx Score,1D TKx Score,1W TKx Score,1M TKx Score,TKx Score Sum,Total Score Sum
TJX,TJX Companies,125.16,24,0,142,197,363,33,-23,111,192,313,676
JPM,JPMorgan Chase,291.96,95,40,117,157,409,92,51,4,25,172,581
ORLY,O'Reilly Auto Parts,92.7,26,1,157,198,382,7,-12,48,88,131,513
GS,Goldman Sachs,710.59,142,38,86,57,323,87,49,4,20,160,483
YUM,Yum! Brands,150.36,57,4,22,258,341,61,3,16,56,136,477
RSG,Republic Services,242.42,-52,0,118,176,242,-16,-9,87,159,221,463
ICE,Intercontinental Exchange,183.08,57,44,106,160,367,7,45,16,20,88,455
CASY,Casey's,526.16,15,18,107,86,226,20,18,111,77,226,452
COST,Costco,992.21,2,0,111,179,292,-15,-14,4,183,158,450
SO,Southern Company,91.62,66,11,70,189,336,-12,27,17,78,110,446
AJG,Arthur J. Gallagher & Co.,316.07,-20,-8,159,185,316,-3,-14,22,106,111,427
TDG,TransDigm Group,1524.14,72,51,13,156,292,64,8,4,56,132,424
JBL,Jabil,225.41,94,41,13,64,212,93,51,5,56,205,417
ADI,Analog Devices,241.85,63,38,5,178,284,59,44,4,25,132,416
PGR,Progressive Corporation,253.52,-17,-18,99,176,240,-16,-14,16,188,174,414
ROL,"Rollins, Inc.",56.23,-5,60,25,285,365,6,-10,17,34,47,412
HWM,Howmet Aerospace,180.28,0,51,142,28,221,1,51,86,53,191,412
RCL,Royal Caribbean Group,328.82,63,38,115,27,243,86,51,4,26,167,410
RS,"Reliance, Inc.",323.86,48,48,5,114,215,59,53,4,76,192,407
FAST,Fastenal,42.48,32,60,117,105,314,50,4,10,25,89,403
NDAQ,"Nasdaq, Inc.",90.54,63,44,70,143,320,13,51,4,13,81,401
RJF,Raymond James Financial,157.29,94,37,86,57,274,99,9,1,18,127,401
HUBB,Hubbell Incorporated,412.84,63,36,0,181,280,14,54,-19,70,119,399
CDNS,Cadence Design Systems,320.46,40,7,11,140,198,12,6,4,179,201,399
MS,Morgan Stanley,143.77,80,38,70,63,251,79,49,4,15,147,398
EMR,Emerson Electric,138.43,157,38,10,63,268,54,44,4,25,127,395
ETN,Eaton Corporation,358.53,62,38,2,113,215,54,51,2,71,178,393
WELL,Welltower,154.2,2,35,110,57,204,6,31,127,23,187,391
CHD,Church & Dwight,98.56,23,0,-10,343,356,25,-8,-8,24,33,389
CTAS,Cintas,217.68,-16,58,13,165,220,-14,-10,7,186,169,389
MSI,Motorola Solutions,426.29,58,6,0,152,216,5,3,-21,184,171,387
ORI,Old Republic International,37.8,0,12,141,57,210,1,7,111,54,173,383
ORCL,Oracle Corporation,232.3,45,37,5,197,284,23,44,4,26,97,381
INTU,Intuit,783.55,45,51,11,190,297,7,51,4,19,81,378
HEI,HEICO (Common),325.52,9,45,19,188,261,7,43,10,56,116,377
EME,Emcor,550.93,95,38,11,57,201,64,53,2,56,175,376
PM,Philip Morris International,181.19,0,111,64,54,229,-15,53,79,26,143,372
NRG,NRG Energy,158.69,-5,51,97,93,236,2,7,107,20,136,372
COF,Capital One,218.15,63,44,88,20,215,84,51,4,17,156,371
WM,"Waste Management, Inc.",226.89,-77,0,89,186,198,1,-8,21,158,172,370
AXON,Axon Enterprise,802.01,0,49,139,93,281,1,53,4,29,87,368
UNM,Unum,81.71,45,7,179,39,270,37,4,4,53,98,368
KLAC,KLA Corporation,912.9,49,38,8,176,271,14,53,4,25,96,367
IBM,IBM,292.47,1,43,103,53,200,7,51,50,55,163,363
COR,Cencora,302.5,7,115,38,70,230,1,15,49,66,131,361
MA,Mastercard,565.12,28,5,120,154,307,32,-8,4,25,53,360
MPWR,Monolithic Power Systems,740.81,59,38,1,156,254,54,48,4,-1,105,359
WCC,Wesco International,190.27,80,37,1,57,175,72,51,2,56,181,356
MCK,McKesson Corporation,735.57,2,111,36,57,206,1,51,32,66,150,356
AAPL,Apple Inc.,209.94,27,5,0,250,282,17,5,-19,70,73,355
NFG,National Fuel Gas,83.62,-6,122,54,51,221,6,53,65,9,133,354
ITT,ITT Inc.,158.82,62,44,10,98,214,60,51,4,25,140,354
PLTR,Palantir Technologies,139.12,0,51,110,0,161,6,53,113,19,191,352
V,Visa Inc.,356.64,28,5,131,132,296,34,-8,4,25,55,351
CACI,CACI,505.54,51,21,0,153,225,50,12,8,56,126,351
OMF,OneMain Financial,59.37,80,38,11,59,188,85,49,4,25,163,351
MCO,Moody's Corporation,502.38,58,38,10,155,261,59,5,2,24,90,351
CBOE,Cboe Global Markets,235.15,21,34,138,54,247,29,8,16,50,103,350
AME,Ametek,182.38,45,38,2,105,190,54,1,4,100,159,349
UNP,Union Pacific Corporation,235.34,61,9,1,197,268,63,8,-14,18,75,343
AXP,American Express,322.67,63,38,11,98,210,60,51,2,20,133,343
IBKR,Interactive Brokers,57.78,46,38,83,56,223,52,7,4,56,119,342
BYD,Boyd Gaming,80.84,94,38,42,58,232,29,51,4,26,110,342
CAT,Caterpillar Inc.,391.43,63,37,2,63,165,75,44,2,56,177,342
FDS,FactSet,447.93,66,0,0,193,259,78,-20,3,22,83,342
BSX,Boston Scientific,103.84,-5,15,138,143,291,-16,6,4,56,50,341
SGI,Somnigroup International,71.93,63,38,35,63,199,61,51,4,25,141,340
GGG,Graco Inc.,87.62,61,38,2,177,278,23,6,4,28,61,339
SPGI,S&P Global,530.22,63,38,10,171,282,24,7,2,20,53,335
WFC,Wells Fargo,82.33,73,38,86,28,225,80,8,4,18,110,335
HON,Honeywell,239.35,44,38,10,177,269,38,2,4,21,65,334
BEN,Franklin Templeton Investments,24.55,137,41,2,1,181,117,51,4,-21,151,332
WMT,Walmart,99.35,15,52,121,100,288,7,3,4,28,42,330
VIRT,Virtu Financial,44.84,95,52,70,13,230,9,12,65,13,99,329
NVDA,Nvidia,158.24,63,37,8,133,241,13,45,4,25,87,328
AVGO,Broadcom,274.18,63,41,13,115,232,8,53,4,29,94,326
MSFT,Microsoft,497.83,10,45,10,172,237,8,53,4,24,89,326
MCD,McDonald's,293.5,16,-19,46,241,284,-8,-22,16,56,42,326
BR,Broadridge Financial Solutions,240.51,-5,37,108,144,284,5,8,4,24,41,325
PTC,PTC Inc.,174.87,45,37,-20,181,243,54,1,1,25,81,324
ADP,Automatic Data Processing,307.54,11,0,79,179,269,6,-11,4,56,55,324
SNPS,Synopsys,536.62,46,25,1,179,251,57,17,2,-4,72,323
SF,Stifel,107.45,80,28,2,58,168,92,43,1,19,155,323
ARES,Ares Management,174.85,2,38,11,58,109,54,51,4,105,214,323
AZO,AutoZone,3786.6,29,2,88,85,204,33,-19,48,56,118,322
SLM,Sallie Mae,34.39,59,45,84,21,209,54,1,38,20,113,322
NFLX,Netflix,1289.07,0,56,110,19,185,-17,53,81,19,136,321
BPOP,"Popular, Inc.",113.47,66,45,11,58,180,67,51,4,18,140,320
SEIC,SEI Investments Company,92.68,61,44,86,34,225,59,7,4,25,95,320
ROP,Roper Technologies,565.92,25,0,23,181,229,24,3,38,25,90,319
CME,CME Group,282.49,67,12,48,135,262,7,-15,44,18,54,316
RTX,RTX Corporation,145.93,10,37,71,53,171,9,43,78,13,143,314
J,Jacobs Solutions,132.35,49,36,0,105,190,54,51,1,18,124,314
DUK,Duke Energy,117.32,39,2,70,182,293,-14,4,16,15,21,314
ACM,AECOM,115.33,45,44,10,64,163,24,51,4,71,150,313
WAB,Wabtec,213.16,47,40,13,48,148,54,51,4,55,164,312
HEI-A,HEICO (Class A),254.05,0,46,20,181,247,-19,44,11,29,65,312
MNST,Monster Beverage,62.86,24,88,20,179,311,-7,-8,13,3,1,312
RBC,RBC Bearings,387.4,1,42,87,57,187,9,51,8,56,124,311
PH,Parker Hannifin,706.58,59,39,11,64,173,54,51,4,29,138,311
AMP,Ameriprise Financial,536.43,63,37,3,63,166,64,9,2,70,145,311
URI,United Rentals,783.94,63,38,1,63,165,78,9,2,56,145,310
USFD,US Foods,78.77,44,41,137,34,256,36,-11,4,25,54,310
LRCX,Lam Research,98.15,59,38,3,151,251,14,45,4,-4,59,310
NWS,News Corp (Class B),33.92,80,41,106,57,284,-5,6,4,20,25,309
GD,General Dynamics,294.64,52,60,2,53,167,64,15,4,56,139,306
NTRS,Northern Trust,128.47,94,38,10,10,152,92,44,4,12,152,304
SYF,Synchrony Financial,69.7,80,38,11,20,149,85,51,2,17,155,304
BKNG,Booking Holdings,5810.0,57,50,130,34,271,2,1,4,25,32,303
WDC,Western Digital,65.22,94,38,6,17,155,92,49,4,2,147,302
PWR,Quanta Services,385.45,10,45,11,98,164,10,53,4,71,138,302
MSA,MSA Safety,171.51,27,40,0,163,230,20,51,4,-4,71,301
WRB,W. R. Berkley Corporation,70.74,-17,0,88,175,246,-15,-3,18,54,54,300
BSY,Bentley Systems,55.5,100,41,3,0,144,103,53,4,-5,155,299
C,Citigroup,87.61,80,38,13,17,148,86,48,4,13,151,299
FIX,Comfort Systems USA,541.34,62,41,11,63,177,10,53,4,54,121,298
CAH,Cardinal Health,167.63,2,60,49,37,148,1,51,42,56,150,298
TPR,"Tapestry, Inc.",92.44,94,38,74,20,226,7,44,2,18,71,297
BAC,Bank of America,48.65,80,38,11,17,146,88,45,4,13,150,296
LIN,Linde plc,469.75,32,36,7,109,184,-3,4,4,105,110,294
TRMB,Trimble Inc.,78.65,63,38,73,3,177,60,43,2,11,116,293
NEU,NewMarket,737.9,66,60,13,28,167,31,52,16,26,125,292
T,AT&T,28.41,32,35,64,15,146,-8,51,88,14,145,291
STT,State Street Corporation,109.28,79,40,11,15,145,85,45,3,13,146,291
HLT,Hilton Worldwide,270.72,62,38,10,63,173,83,6,2,25,116,289
ITW,Illinois Tool Works,254.6,47,9,1,177,234,24,1,1,28,54,288
LYV,Live Nation Entertainment,147.31,-5,39,88,146,268,-12,13,3,15,19,287
L,Loews Corporation,91.44,15,38,106,54,213,37,10,4,23,74,287
APH,Amphenol,98.57,67,51,13,64,195,8,53,4,26,91,286
SPOT,Spotify,736.4,-22,52,106,11,147,-23,53,89,19,138,285
EWBC,East West Bancorp,107.81,78,38,3,21,140,74,49,3,18,144,284
SCI,Service Corporation International,81.9,61,21,2,174,258,-10,21,2,12,25,283
PCAR,Paccar,96.63,56,4,-16,158,202,54,1,-8,33,80,282
MMC,Marsh McLennan,213.15,-17,-19,0,174,138,-15,-14,-5,177,143,281
FYBR,Frontier Communications,36.49,66,0,83,0,149,28,2,88,13,131,280
DASH,DoorDash,246.9,96,37,91,0,224,-15,50,4,17,56,280
HOOD,Robinhood Markets,93.49,95,40,75,0,210,-3,51,4,17,69,279
CSL,Carlisle Companies,397.09,58,4,0,177,239,15,2,4,19,40,279
SKX,Skechers,63.35,66,36,-18,54,138,70,43,1,25,139,277
WWD,"Woodward, Inc.",253.52,94,47,13,34,188,11,49,4,25,89,277
TXN,Texas Instruments,213.38,67,38,3,21,129,86,42,4,15,147,276
AMAT,Applied Materials,190.77,59,38,0,148,245,14,18,2,-4,30,275
EVR,Evercore,283.25,79,37,1,57,174,21,51,2,25,99,273
FERG,Ferguson Enterprises,223.14,62,40,5,64,171,23,51,4,24,102,273
KEX,Kirby Corporation,115.63,45,38,0,34,117,59,51,4,41,155,272
RBA,RB Global,105.64,2,49,98,26,175,-17,-10,103,21,97,272
OZK,Bank OZK,50.43,63,38,11,55,167,71,14,2,18,105,272
ODFL,Old Dominion Freight Line,164.31,37,4,-20,186,207,57,1,-25,31,64,271
BK,BNY Mellon,93.22,21,40,88,39,188,17,44,4,18,83,271
PNR,Pentair,105.02,62,38,3,61,164,72,9,2,23,106,270
AN,AutoNation,211.24,25,40,11,60,136,21,53,4,56,134,270
EVRG,Evergy,69.29,65,19,52,13,149,22,19,71,9,121,270
PAYX,Paychex,145.7,11,-1,78,166,254,6,-11,7,13,15,269
RF,Regions Financial Corporation,24.58,74,37,1,21,133,76,44,2,13,135,268
FWONK,Liberty Formula 1 (Series C),103.04,-2,41,64,56,159,2,48,4,55,109,268
H,Hyatt Hotels,145.51,59,21,0,54,134,57,44,-21,54,134,268
SCHW,Charles Schwab Corporation,92.64,38,51,71,10,170,29,51,4,13,97,267
MDLZ,Mondelez International,68.82,24,11,3,181,219,18,25,13,-8,48,267
FNB,FNB Corporation,15.52,62,38,1,54,155,73,18,3,18,112,267
CNM,Core & Main,61.91,62,40,13,0,115,73,51,4,23,151,266
GOOG,Alphabet (Class C),177.59,41,27,1,175,244,14,1,-13,20,22,266
GOOGL,Alphabet (Class A),176.79,41,27,2,175,245,13,1,-13,20,21,266
WTFC,Wintrust Financial,130.61,63,38,3,48,152,43,51,2,18,114,266
HBAN,Huntington Bancshares,17.52,61,38,3,20,122,76,49,4,15,144,266
R,Ryder,169.36,63,23,5,55,146,54,9,2,55,120,266
MTB,M&T Bank,200.74,73,38,2,21,134,73,44,2,13,132,266
TT,Trane Technologies,434.5,1,46,10,163,220,7,6,4,28,45,265
AWI,Armstrong World Industries,167.12,63,45,88,20,216,22,4,4,18,48,264
CBRE,CBRE Group,142.59,66,22,86,21,195,36,18,2,13,69,264
VRSN,Verisign,287.39,1,149,30,8,188,7,17,46,6,76,264
SSNC,SS&C Technologies,83.29,45,14,84,13,156,54,39,1,14,108,264
SNV,Synovus,54.6,69,38,2,20,129,76,44,2,13,135,264
BLK,BlackRock,1076.32,60,37,11,21,129,59,51,4,20,134,263
RL,Ralph Lauren Corporation,285.81,63,40,88,33,224,8,1,4,25,38,262
ADSK,Autodesk,315.35,72,41,48,13,174,57,9,4,18,88,262
VMI,Valmont Industries,337.93,48,28,56,57,189,15,48,1,9,73,262
LPLA,LPL Financial,381.0,22,39,39,98,198,14,-10,4,56,64,262
JCI,Johnson Controls,105.98,47,46,69,18,180,10,51,4,17,82,262
PAG,Penske Automotive Group,180.92,23,39,9,61,132,15,53,4,56,128,260
TMUS,T-Mobile US,237.73,48,-39,88,138,235,-9,1,-2,34,24,259
AM,Antero Midstream,17.95,-18,0,142,22,146,-19,4,72,54,111,257
ARMK,Aramark,42.42,63,42,9,39,153,-2,46,4,55,103,256
KO,Coca-Cola Company (The),71.03,26,5,22,181,234,-10,2,17,13,22,256
FFIV,"F5, Inc.",299.15,38,37,88,13,176,8,51,4,16,79,255
KEY,Keycorp,18.31,73,38,2,3,116,80,44,2,12,138,254
FCNCA,First Citizens BancShares,2074.23,71,20,1,58,150,77,6,1,20,104,254
GRMN,Garmin,214.4,45,11,106,18,180,60,3,-11,20,72,252
HPE,Hewlett Packard Enterprise,20.91,59,34,1,41,135,54,8,1,53,116,251
DE,Deere & Company,510.28,0,40,43,108,191,15,-3,39,9,60,251
GLW,Corning Inc.,52.42,66,37,13,16,132,60,44,2,13,119,251
MAR,Marriott International,278.4,62,38,3,57,160,57,6,1,26,90,250
DTE,DTE Energy,131.15,-7,0,68,188,249,-13,-19,21,12,1,250
DOV,Dover Corporation,187.33,58,27,0,105,190,54,1,-13,18,60,250
SNX,TD Synnex,139.51,63,38,9,62,172,12,44,2,20,78,250
KD,Kyndryl,42.65,58,40,103,0,201,26,1,2,19,48,249
WSO,Watsco,458.32,38,-33,-7,195,193,39,-31,-22,70,56,249
PRI,Primerica,272.79,63,6,1,107,177,36,4,2,29,71,248
PNC,PNC Financial Services,196.29,73,28,1,13,115,76,43,1,13,133,248
WBS,Webster Bank,58.22,60,38,2,13,113,71,46,2,16,135,248
PFGC,Performance Food Group,89.07,27,41,47,42,157,33,-3,4,56,90,247
GTES,Gates Corporation,23.67,63,38,11,14,126,54,46,4,17,121,247
DDS,Dillard's,455.2,47,20,8,53,128,58,6,1,54,119,247
FWONA,Liberty Formula 1 (Series A),93.31,-2,40,63,61,162,-22,49,3,55,85,247
FITB,Fifth Third Bancorp,43.07,73,14,1,21,109,78,43,1,15,137,246
JNPR,Juniper Networks,39.95,56,31,2,53,142,75,8,2,19,104,246
FHN,First Horizon Corporation,21.85,63,38,46,3,150,76,9,2,9,96,246
EBAY,eBay,75.89,2,47,71,13,133,24,-3,76,15,112,245
ALLE,Allegion,148.16,67,50,3,20,140,76,4,4,21,105,245
CFG,Citizens Financial Group,47.08,76,26,2,3,107,80,43,1,13,137,244
HAS,Hasbro,76.55,67,38,8,2,115,66,49,4,10,129,244
MSM,MSC Industrial Direct,89.38,45,38,1,57,141,54,53,4,-8,103,244
AMGN,Amgen,293.03,24,3,1,164,192,23,1,-8,35,51,243
CW,Curtiss-Wright,491.73,15,46,13,53,127,10,53,4,48,115,242
WMB,Williams Companies,58.5,-23,37,106,51,171,-19,29,4,56,70,241
EPR,EPR Properties,58.81,25,40,51,28,144,22,51,4,20,97,241
PANW,Palo Alto Networks,201.43,0,38,11,80,129,2,49,4,56,111,240
MKL,Markel,1983.9,2,37,62,54,155,6,51,2,25,84,239
NI,NiSource,39.64,-17,35,68,44,130,-14,27,83,13,109,239
CTVA,Corteva,76.6,32,51,47,0,130,43,51,4,10,108,238
ALL,Allstate,194.55,-3,0,91,158,246,-15,-14,5,16,-8,238
BX,Blackstone Inc.,153.05,59,9,0,105,173,54,7,-18,20,63,236
CVNA,Carvana,357.33,36,50,86,10,182,31,3,4,15,53,235
LDOS,Leidos,164.33,67,50,0,22,139,64,7,7,18,96,235
EHC,Encompass Health,119.4,-17,52,137,28,200,-15,4,18,28,35,235
VRSK,Verisk Analytics,308.13,1,2,62,113,178,-14,-10,53,27,56,234
RPM,RPM International,111.15,24,0,-13,179,190,23,-9,1,29,44,234
OLLI,Ollie's Bargain Outlet,127.98,0,38,109,15,162,-27,19,57,22,71,233
CCL,Carnival Corporation & plc,29.31,63,37,11,0,111,57,45,2,18,122,233
LLY,Lilly (Eli),772.61,-21,0,-1,171,149,-29,17,-1,95,82,231
ATI,ATI Inc.,87.61,17,45,10,42,114,10,51,4,51,116,230
NSC,Norfolk Southern,259.98,80,37,5,3,125,35,51,4,13,103,228
FTNT,Fortinet,106.67,10,37,48,112,207,4,1,4,12,21,228
SYK,Stryker Corporation,392.5,1,38,11,158,208,-14,4,2,28,20,228
IDXX,Idexx Laboratories,545.1,57,45,8,3,113,65,51,4,-7,113,226
KKR,KKR & Co. Inc.,135.57,59,27,0,102,188,10,20,-14,20,36,224
ALGM,Allegro MicroSystems,35.38,94,37,5,0,136,63,38,2,-15,88,224
CG,Carlyle Group (The),54.97,61,29,2,20,112,54,40,1,17,112,224
VICI,Vici Properties,32.88,24,19,52,14,109,22,19,17,56,114,223
AVT,Avnet,55.13,63,38,1,44,146,59,15,4,-1,77,223
GILD,Gilead Sciences,111.79,37,32,45,34,148,40,-7,2,38,73,221
MO,Altria,60.26,7,35,64,44,150,10,26,20,15,71,221
NYT,New York Times Company,56.5,58,49,9,15,131,62,4,4,20,90,221
ATR,AptarGroup,160.95,63,44,1,19,127,64,2,4,24,94,221
PFG,Principal Financial Group,80.21,62,9,1,54,126,73,4,1,17,95,221
BRO,Brown & Brown,107.78,-17,-47,110,162,208,-16,7,-4,25,12,220
CR,Crane Co.,190.94,50,45,10,0,105,60,47,4,4,115,220
LECO,Lincoln Electric,217.86,62,37,1,64,164,15,44,2,-6,55,219
TNL,Travel + Leisure Co.,55.81,61,28,3,15,107,54,44,1,13,112,219
ZION,Zions Bancorporation,55.16,63,20,1,3,87,74,43,1,14,132,219
AMG,Affiliated Managers Group,200.99,59,44,5,21,129,54,15,4,16,89,218
SCCO,Southern Copper,104.44,50,37,2,61,150,14,50,4,-1,67,217
PNFP,Pinnacle Financial Partners,117.31,63,38,1,14,116,76,6,2,17,101,217
LAMR,Lamar Advertising,122.15,27,28,1,63,119,24,51,2,20,97,216
FHB,"First Hawaiian, Inc.",26.27,61,10,1,13,85,68,48,1,13,130,215
XPO,"XPO, Inc.",129.82,63,20,0,60,143,31,12,1,26,70,213
STE,Steris,233.29,-10,0,8,194,192,-10,-10,16,24,20,212
VOYA,Voya Financial,72.41,62,38,0,3,103,65,12,2,30,109,212
FICO,Fair Isaac,1869.71,10,2,0,165,177,20,7,-22,30,35,212
DRI,Darden Restaurants,216.0,-7,57,38,60,148,-6,-2,42,29,63,211
FNF,Fidelity National Financial,57.6,63,0,2,57,122,66,8,-5,20,89,211
SHW,Sherwin-Williams,346.18,2,0,0,189,191,-3,1,4,18,20,211
AXS,AXIS Capital,98.64,-17,0,80,44,107,-15,-10,76,52,103,210
LNG,Cheniere Energy,238.74,0,44,54,57,155,-15,9,4,55,53,208
WYNN,Wynn Resorts,108.67,94,40,2,2,138,66,6,4,-7,69,207
SAIC,SAIC,117.52,52,0,-31,66,87,53,3,8,56,120,207
AON,AON,353.17,-7,-1,0,176,168,6,-14,-9,55,38,206
TSCO,Tractor Supply Company,56.78,24,4,1,84,113,22,14,-27,84,93,206
AAON,AAON,73.45,0,-18,-7,244,219,-5,-20,-19,30,-14,205
FCX,Freeport-McMoRan,45.13,49,38,1,57,145,17,44,4,-5,60,205
AL,Air Lease Corporation,59.04,45,44,11,21,121,54,1,4,25,84,205
KMI,Kinder Morgan,28.35,-4,36,86,43,161,-19,9,2,51,43,204
LOW,Lowe's,224.97,57,0,-14,165,208,-3,2,-21,18,-4,204
VRTX,Vertex Pharmaceuticals,459.4,23,0,1,103,127,22,2,17,36,77,204
CWEN-A,Clearway Energy (Class A),30.75,17,36,52,5,110,22,47,16,9,94,204
ANSS,Ansys,363.09,45,38,11,10,104,57,17,4,22,100,204
ANET,Arista Networks,101.48,55,23,1,57,136,8,19,-15,55,67,203
CMA,Comerica,62.97,61,12,1,3,77,71,43,1,11,126,203
NOW,ServiceNow,1035.14,48,39,2,81,170,8,1,2,21,32,202
DKS,Dick's Sporting Goods,207.06,52,4,0,62,118,57,10,-15,32,84,202
KIM,Kimco Realty,21.2,23,37,0,54,114,22,51,2,13,88,202
TKO,TKO Group Holdings,176.25,-2,48,65,39,150,-16,15,4,49,52,202
CWEN,Clearway Energy (Class C),32.55,17,36,52,3,108,22,47,16,9,94,202
KR,Kroger,71.44,0,11,73,66,150,-15,8,44,14,51,201
SLGN,Silgan Holdings,56.5,24,44,13,79,160,18,6,4,12,40,200
ROK,Rockwell Automation,339.02,45,41,9,14,109,54,43,4,-10,91,200
TFC,Truist Financial,45.19,73,12,1,3,89,76,20,1,13,110,199
WHR,Whirlpool Corporation,108.5,157,15,1,-25,148,62,37,-14,-35,50,198
STWD,Starwood Property Trust,20.61,23,38,12,57,130,22,22,4,20,68,198
NCLH,Norwegian Cruise Line Holdings,21.47,59,9,0,0,68,85,39,-14,19,129,197
COKE,Coca-Cola Consolidated,115.96,45,-45,0,85,85,68,2,-9,51,112,197
ATO,Atmos Energy,152.81,-18,-4,68,44,90,-14,-3,79,44,106,196
LHX,L3Harris,256.47,23,60,6,4,93,31,53,6,13,103,196
ST,Sensata Technologies,31.56,74,38,0,-14,98,86,42,2,-34,96,194
LAZ,Lazard,49.8,66,21,0,19,106,66,9,1,12,88,194
DDOG,Datadog,152.41,92,28,1,0,121,13,45,1,14,73,194
LNW,Light & Wonder,98.84,52,8,1,56,117,54,8,-9,24,77,194
EQH,Equitable Holdings,54.7,0,38,86,10,134,-7,44,4,18,59,193
MTSI,MACOM Technology Solutions,137.98,-2,38,10,57,103,10,50,2,28,90,193
ALLY,Ally Financial,40.42,62,28,2,3,95,59,22,2,15,98,193
SOFI,SoFi,19.25,80,30,40,0,150,10,21,2,10,43,193
MMM,3M,151.83,62,38,68,13,181,-9,3,4,13,11,192
EXEL,Exelixis,44.17,0,37,58,13,108,10,2,49,23,84,192
ARW,Arrow Electronics,130.32,69,45,2,3,119,24,51,4,-7,72,191
MLM,Martin Marietta Materials,556.45,38,47,0,59,144,35,-18,4,26,47,191
PG,Procter & Gamble,160.5,24,-15,0,178,187,-1,-13,-8,25,3,190
LVS,Las Vegas Sands,48.36,63,38,0,0,101,57,44,1,-13,89,190
MANH,Manhattan Associates,201.07,62,32,-23,64,135,36,14,-21,26,55,190
UI,Ubiquiti,418.13,50,10,46,9,115,60,2,4,9,75,190
MTG,MGIC Investment Corporation,27.41,-2,51,13,54,116,26,17,4,27,74,190
TTWO,Take-Two Interactive,242.53,7,58,39,12,116,1,15,39,19,74,190
OSK,Oshkosh Corporation,124.54,45,37,5,3,90,54,42,2,1,99,189
DCI,Donaldson Company,70.12,45,38,0,64,147,23,-14,4,29,42,189
KNSL,Kinsale Capital Group,474.51,0,23,10,32,65,6,32,1,84,123,188
SN,SharkNinja,105.88,80,14,2,0,96,85,6,1,0,92,188
CLH,Clean Harbors,234.71,15,45,0,57,117,8,3,4,56,71,188
CFR,Frost Bank,135.21,60,38,2,3,103,71,3,2,9,85,188
GLPI,Gaming and Leisure Properties,47.6,24,4,1,64,93,22,18,-2,56,94,187
HII,Huntington Ingalls Industries,253.54,50,77,2,5,134,43,8,10,-8,53,187
AYI,Acuity Brands,306.85,80,14,2,26,122,17,43,-15,19,64,186
IRM,Iron Mountain,100.29,-6,43,0,56,93,-17,51,4,55,93,186
MSCI,MSCI,588.0,59,36,2,13,110,55,1,1,19,76,186
VST,Vistra Corp.,193.77,1,37,13,29,80,8,50,2,44,104,184
CB,Chubb Limited,279.87,-8,-3,95,57,141,-14,-14,16,55,43,184
CAR,Avis Budget Group,181.32,94,54,3,-19,132,17,64,7,-36,52,184
RBLX,Roblox Corporation,107.73,7,50,47,0,104,8,51,10,10,79,183
LOPE,Grand Canyon Education,180.07,-17,-1,141,34,157,-17,-18,28,33,26,183
TXT,Textron,81.37,59,38,-29,52,120,15,48,4,-4,63,183
DTM,DT Midstream,104.76,-19,44,97,0,122,-19,51,4,24,60,182
SSD,Simpson Manufacturing Company,159.45,23,4,-20,155,162,15,3,-23,25,20,182
SNA,Snap-on,317.16,25,0,0,58,83,54,1,-13,56,98,181
JLL,Jones Lang LaSalle,258.56,66,12,2,13,93,71,17,-14,13,87,180
HCA,HCA Healthcare,378.93,-9,52,8,96,147,-10,5,10,28,33,180
IONS,Ionis Pharmaceuticals,41.78,80,41,0,0,121,17,47,4,-9,59,180
JHG,Janus Henderson,40.01,60,23,0,18,101,54,7,1,17,79,180
MPC,Marathon Petroleum,176.42,23,40,1,48,112,27,44,4,-7,68,180
UBER,Uber,96.67,59,50,12,0,121,16,7,10,25,58,179
AMZN,Amazon,223.48,44,28,11,20,103,13,43,1,19,76,179
CRWD,CrowdStrike,505.48,2,51,39,0,92,10,53,4,19,86,178
GEN,Gen Digital,30.1,26,41,9,15,91,24,43,4,15,86,177
ABT,Abbott Laboratories,133.68,-16,35,50,12,81,-12,53,42,13,96,177
DOX,Amdocs,91.82,1,47,11,57,116,8,45,4,4,61,177
QRVO,Qorvo,87.05,61,38,0,-30,69,63,46,3,-4,108,177
WSM,"Williams-Sonoma, Inc.",168.33,45,4,2,64,115,46,6,-11,20,61,176
IVZ,Invesco,16.72,63,14,1,1,79,73,10,1,12,96,175
CINF,Cincinnati Financial,146.3,0,44,79,61,184,-14,-13,4,14,-9,175
BEPC,Brookfield Renewable Partners,33.87,47,39,4,0,90,22,50,4,9,85,175
ELAN,Elanco,14.48,45,41,0,-6,80,54,43,3,-5,95,175
ZBRA,Zebra Technologies,317.15,63,24,0,-6,81,54,43,-15,12,94,175
NVT,Nvent Electric,74.52,63,38,2,11,114,10,51,2,-4,59,173
BWXT,BWX Technologies,143.86,1,36,7,34,78,8,53,4,30,95,173
XYL,Xylem Inc.,131.0,57,38,2,21,118,23,7,4,21,55,173
FTI,TechnipFMC,34.78,1,38,11,26,76,15,42,4,36,97,173
WAL,Western Alliance Bancorporation,83.65,61,11,1,3,76,71,8,1,17,97,173
EXPD,Expeditors International,116.1,26,6,0,130,162,38,6,-31,-2,11,173
PPC,Pilgrim's Pride,45.23,0,-22,80,20,78,24,-43,97,17,95,173
COHR,Coherent Corp.,88.05,52,37,0,14,103,10,44,1,14,69,172
PHM,PulteGroup,108.17,62,11,-17,64,120,36,15,-28,28,51,171
FAF,First American Financial Corporation,62.54,67,7,1,13,88,67,12,-13,17,83,171
MCHP,Microchip Technology,71.49,73,38,0,2,113,15,44,4,-6,57,170
TRV,Travelers Companies (The),259.05,-17,0,85,57,125,-14,-14,18,55,45,170
LBRDA,Liberty Broadband (Series A),97.78,62,49,41,-35,117,37,4,4,7,52,169
RMD,Resmed,256.41,13,44,11,12,80,24,50,3,12,89,169
NEM,Newmont,60.16,21,62,13,4,100,23,24,13,9,69,169
OGE,OGE Energy,43.98,-6,0,62,44,100,-10,4,62,13,69,169
PLNT,Planet Fitness,106.85,-3,34,57,12,100,6,45,4,13,68,168
PEG,Public Service Enterprise Group,82.3,-3,17,0,151,165,-15,24,-22,16,3,168
TDY,Teledyne Technologies,515.47,46,37,46,13,142,1,7,4,14,26,168
HD,Home Depot (The),367.57,1,0,-6,179,174,-9,3,-18,18,-6,168
PNW,Pinnacle West Capital,90.09,25,-3,62,17,101,23,2,16,25,66,167
SPR,Spirit AeroSystems,38.86,38,52,12,0,102,37,-9,24,13,65,167
MSTR,MicroStrategy,395.34,17,3,93,18,131,9,4,4,19,36,167
CSCO,Cisco,68.93,1,38,42,13,94,1,44,4,24,73,167
HLI,Houlihan Lokey,185.42,22,40,11,43,116,13,9,4,25,51,167
JEF,Jefferies Financial Group,55.62,2,14,-14,57,59,54,14,-17,56,107,166
RITM,Rithm Capital,11.61,29,38,11,31,109,22,5,4,25,56,165
HIG,Hartford (The),123.5,-17,0,88,56,127,-14,-18,15,55,38,165
CARR,Carrier Global,74.65,60,45,2,0,107,23,6,4,25,58,165
NOC,Northrop Grumman,508.17,15,5,4,57,81,37,25,11,11,84,165
MTZ,MasTec,171.97,11,44,13,17,85,13,51,4,12,80,165
GNRC,Generac,148.33,66,22,-14,-33,41,73,40,1,9,123,164
CELH,Celsius Holdings,45.7,0,77,0,64,141,-14,33,12,-8,23,164
ULTA,Ulta Beauty,476.49,26,48,6,3,83,31,51,6,-8,80,163
LBRDK,Liberty Broadband (Series C),98.32,61,49,41,-35,116,32,4,4,7,47,163
ABBV,AbbVie,187.55,23,0,11,57,91,23,-6,-8,63,72,163
VNT,Vontier,37.88,61,38,1,0,100,20,45,2,-4,63,163
EXPE,Expedia Group,177.81,38,11,43,10,102,57,1,-12,13,59,161
PSX,Phillips 66,126.39,23,37,0,40,100,23,39,3,-4,61,161
DIS,Walt Disney Company (The),123.19,58,38,9,0,105,8,42,4,2,56,161
VLO,Valero Energy,143.75,17,38,0,43,98,23,40,3,-4,62,160
ZS,Zscaler,315.45,10,51,11,4,76,10,53,4,17,84,160
PPL,PPL Corporation,33.69,0,-15,70,22,77,-14,2,82,13,83,160
ESI,Element Solutions,24.67,63,10,-14,56,115,15,10,1,19,45,160
ALNY,Alnylam Pharmaceuticals,324.13,2,37,11,14,64,31,45,4,14,94,158
ECL,Ecolab,271.76,33,36,10,21,100,31,5,4,18,58,158
CRH,CRH plc,94.38,38,3,1,63,105,36,1,-11,26,52,157
PEGA,Pegasystems,54.68,59,50,13,4,126,7,8,2,14,31,157
APG,APi Group,34.32,10,45,12,0,67,10,51,4,25,90,157
CSX,CSX Corporation,33.05,46,37,-30,3,56,60,41,4,-5,100,156
LMT,Lockheed Martin,468.93,1,5,-23,164,147,7,-1,4,-1,9,156
AZEK,Azek,54.32,17,52,15,0,84,33,14,7,18,72,156
W,Wayfair,55.03,94,38,1,-40,93,54,44,4,-39,63,156
SPG,Simon Property Group,164.97,44,7,1,34,86,41,6,2,20,69,155
VLTO,Veralto,102.73,59,38,0,0,97,54,1,3,0,58,155
AEP,American Electric Power,104.19,29,2,67,22,120,1,4,17,13,35,155
IR,Ingersoll Rand,87.0,59,37,-15,22,103,15,7,1,28,51,154
OC,Owens Corning,142.31,41,4,-18,57,84,60,4,-22,28,70,154
GXO,GXO Logistics,49.88,73,38,-31,0,80,33,44,3,-7,73,153
FOUR,Shift4,103.22,63,18,2,0,83,10,47,-11,23,69,152
LH,Labcorp,257.81,-6,44,49,14,101,-12,44,2,17,51,152
BOKF,BOK Financial Corporation,101.59,60,7,0,21,88,67,3,-20,13,63,151
EL,Estée Lauder Companies (The),85.78,94,28,0,-25,97,45,41,2,-34,54,151
RLI,RLI Corp.,71.2,-51,-22,-4,175,98,5,-15,-23,86,53,151
LII,Lennox International,592.08,67,5,0,37,109,29,4,-17,26,42,151
SRE,Sempra,74.38,-8,0,-9,180,163,-13,-15,2,13,-13,150
SOLV,Solventum,76.23,56,11,0,0,67,54,39,-10,0,83,150
VVV,Valvoline,39.04,40,23,-20,30,73,38,39,1,-3,75,148
HSIC,Schein (Henry),73.45,63,14,2,0,79,73,7,-13,2,69,148
UGI,UGI Corporation,35.3,-24,52,36,3,67,-17,51,43,4,81,148
CPRT,Copart,48.81,26,-29,-7,175,165,-3,-25,-17,27,-18,147
AEE,Ameren,95.88,10,-1,51,12,72,6,3,56,9,74,146
NET,Cloudflare,192.9,2,38,33,0,73,3,48,4,18,73,146
USB,U.S. Bancorp,47.79,59,38,1,3,101,22,7,1,14,44,145
ETR,Entergy,81.71,-7,0,64,17,74,-15,-10,83,13,71,145
DELL,Dell Technologies,124.75,16,38,0,31,85,8,51,4,-3,60,145
VMC,Vulcan Materials,267.04,37,4,0,59,100,35,-20,4,26,45,145
GWW,W. W. Grainger,1035.21,9,0,0,93,102,-4,-13,4,56,43,145
NNN,NNN Reit,43.31,26,36,2,21,85,22,20,4,13,59,144
AOS,A. O. Smith,68.07,58,4,-36,57,83,59,2,4,-4,61,144
CCK,Crown Holdings,108.1,24,48,11,4,87,22,20,4,11,57,144
TOL,Toll Brothers,116.32,63,22,-17,60,128,-1,15,-23,25,16,144
NTAP,Netapp,105.48,0,23,-19,56,60,10,51,1,21,83,143
STLD,Steel Dynamics,133.5,22,4,1,54,81,15,-13,4,56,62,143
APO,Apollo Global Management,141.54,0,20,0,96,116,10,8,-17,25,26,142
NWSA,News Corp (Class A),29.38,0,38,3,57,98,8,11,4,20,43,141
DGX,Quest Diagnostics,173.95,-17,0,62,17,62,-14,18,62,13,79,141
BKR,Baker Hughes,39.1,17,0,1,34,52,39,37,-13,25,88,140
CMG,Chipotle Mexican Grill,55.46,2,22,0,79,103,-7,15,1,28,37,140
PCOR,Procore,71.5,59,9,1,0,69,57,6,-11,18,70,139
BRK-B,Berkshire Hathaway,478.0,-17,-23,118,61,139,-9,-35,19,25,0,139
DLTR,Dollar Tree,104.25,26,55,0,-14,67,20,54,19,-21,72,139
PB,Prosperity Bancshares,73.71,50,4,0,13,67,73,4,-18,13,72,139
AFRM,Affirm Holdings,71.18,63,20,6,0,89,10,21,2,16,49,138
NVST,Envista,19.68,60,23,0,0,83,59,44,-17,-31,55,138
ILMN,"Illumina, Inc.",97.18,138,18,-22,-39,95,59,44,-22,-39,42,137
CXT,Crane NXT,55.4,16,28,-19,54,79,20,-2,-15,55,58,137
DINO,HF Sinclair,44.35,30,40,0,1,71,23,45,4,-7,65,136
DLR,Digital Realty,171.61,1,44,0,21,66,-3,51,4,18,70,136
NTRA,Natera,158.68,-24,29,86,17,108,-21,27,4,18,28,136
VEEV,Veeva Systems,281.03,-1,41,39,7,86,-15,44,4,17,50,136
AMTM,Amentum,24.2,52,50,0,0,102,14,15,4,0,33,135
SWKS,Skyworks Solutions,76.21,59,36,-37,-29,29,63,46,1,-4,106,135
LFUS,Littelfuse,231.72,63,38,-19,0,82,15,43,2,-7,53,135
NDSN,Nordson,218.81,33,37,-30,0,40,54,43,4,-6,95,135
SFD,Smithfield Foods,24.1,25,33,0,0,58,26,51,0,0,77,135
LAD,Lithia Motors,345.84,26,19,1,13,59,28,44,-16,20,76,135
IRDM,Iridium Communications,32.03,45,20,1,-18,48,62,42,1,-18,87,135
STAG,STAG Industrial,36.19,1,38,1,95,135,-1,-1,4,-3,-1,134
VRT,Vertiv,126.28,0,37,3,7,47,10,51,1,25,87,134
CNH,CNH Industrial,13.47,40,39,13,1,93,54,5,4,-22,41,134
CMI,Cummins,327.85,45,10,0,64,119,-1,1,-15,29,14,133
BWA,BorgWarner,34.82,41,40,2,0,83,57,4,4,-15,50,133
PSTG,Pure Storage,56.12,0,37,1,41,79,8,5,-15,56,54,133
AFG,American Financial Group,126.41,14,5,0,55,74,32,10,4,13,59,133
SYY,Sysco,76.72,26,25,1,2,54,27,38,1,13,79,133
GM,General Motors,51.81,39,20,1,10,70,38,12,1,12,63,133
BBWI,"Bath & Body Works, Inc.",32.8,86,4,-19,-14,57,86,4,-10,-5,75,132
THC,Tenet Healthcare,173.12,0,47,8,56,111,-11,7,2,23,21,132
INFA,Informatica,24.49,67,29,-36,0,60,25,51,2,-6,72,132
BA,Boeing,218.51,38,51,2,0,91,45,2,4,-10,41,132
AIZ,Assurant,191.59,-17,-3,0,151,131,-14,-5,1,18,0,131
PSN,Parsons Corporation,74.38,45,23,-21,0,47,52,22,-24,34,84,131
K,Kellanova,79.62,30,-18,63,20,95,40,-15,-1,12,36,131
XOM,ExxonMobil,111.12,0,4,0,43,47,15,16,3,49,83,130
F,Ford Motor Company,11.6,42,52,1,-16,79,37,14,4,-4,51,130
WPC,W. P. Carey,62.68,0,35,23,0,58,20,27,20,4,71,129
QGEN,Qiagen,47.52,0,35,6,2,43,-6,76,4,12,86,129
TOST,"Toast, Inc.",44.84,10,39,71,0,120,2,-13,4,16,9,129
AGCO,AGCO,108.54,40,40,1,1,82,47,6,5,-12,46,128
RGLD,Royal Gold,168.31,-7,-1,55,17,64,-7,-6,62,15,64,128
DT,Dynatrace,56.64,10,36,8,0,54,10,44,1,19,74,128
BLDR,Builders FirstSource,124.91,67,4,-22,64,113,33,10,-26,-2,15,128
CTSH,Cognizant,80.46,26,10,10,13,59,50,1,1,17,69,128
TKR,Timken Company,75.52,59,23,-18,3,67,22,42,1,-4,61,128
PKG,Packaging Corporation of America,201.3,24,6,0,60,90,32,1,-20,25,38,128
GEV,GE Vernova,530.41,10,50,0,0,60,10,53,5,0,68,128
AGNC,AGNC Investment,9.37,23,23,5,15,66,22,21,2,16,61,127
APD,Air Products,289.01,53,9,0,15,77,15,39,-13,9,50,127
NUE,Nucor,137.04,89,15,-49,2,57,59,16,1,-7,69,126
RRX,Regal Rexnord,149.02,59,38,-22,2,77,22,14,1,12,49,126
GWRE,Guidewire Software,233.54,-73,51,104,20,102,1,-2,4,19,22,124
NBIX,Neurocrine Biosciences,127.94,23,29,-22,24,54,24,48,1,-3,70,124
META,Meta Platforms,718.64,0,38,11,28,77,-20,43,2,22,47,124
MEDP,Medpace,319.05,69,12,-21,31,91,27,22,-13,-3,33,124
IDA,Idacorp,116.24,25,7,50,17,99,6,-10,20,9,25,124
SMG,Scotts Miracle-Gro Company,68.14,50,34,-16,-38,30,71,37,-26,12,94,124
APPF,AppFolio,240.89,23,23,0,27,73,23,15,-14,27,51,124
DECK,Deckers Brands,105.77,25,-17,-18,92,82,54,-29,-14,30,41,123
GE,GE Aerospace,248.61,0,49,13,26,88,-24,7,24,28,35,123
EOG,EOG Resources,119.28,-5,17,0,44,56,14,18,-15,50,67,123
MAT,Mattel,20.0,47,37,8,0,92,54,6,1,-30,31,123
REG,Regency Centers,69.91,-7,0,62,52,107,-12,6,4,18,16,123
QCOM,Qualcomm,158.08,0,23,-19,21,25,54,46,2,-4,98,123
EXP,Eagle Materials,211.9,62,-27,-9,56,82,36,1,-23,26,40,122
WEC,WEC Energy Group,104.31,1,-8,49,12,54,6,-10,62,10,68,122
GAP,Gap Inc.,22.67,45,-10,0,17,52,67,-21,5,18,69,121
FOXA,Fox Corporation (Class A),54.84,-7,37,62,0,92,7,7,2,13,29,121
BJ,BJ's Wholesale Club,110.51,-31,-5,72,9,45,5,-21,34,57,75,120
COIN,Coinbase,357.03,0,37,3,0,40,9,51,3,17,80,120
ISRG,Intuitive Surgical,534.64,0,7,88,21,116,-5,-19,2,25,3,119
DG,Dollar General,116.18,47,79,0,-16,110,-9,27,16,-25,9,119
CBSH,Commerce Bancshares,64.95,40,4,1,10,55,44,4,4,12,64,119
XEL,Xcel Energy,67.88,1,-3,45,11,54,1,3,53,8,65,119
PR,Permian Resources,13.77,0,37,-2,25,60,15,40,4,-1,58,118
AMD,Advanced Micro Devices,134.83,-7,37,-36,109,103,-27,44,4,-6,15,118
FSLR,First Solar,177.13,31,3,-33,61,62,54,3,4,-5,56,118
LEA,Lear Corporation,102.68,45,38,0,-16,67,54,7,3,-14,50,117
MET,Metlife,79.18,-3,37,3,57,94,-5,9,2,17,23,117
RRC,Range Resources,38.77,-31,38,28,41,76,-57,39,4,54,40,116
BAH,Booz Allen Hamilton,110.44,32,-27,-24,99,80,48,-23,-26,37,36,116
BLD,TopBuild,343.75,73,12,-23,45,107,36,15,-40,-2,9,116
UAL,United Airlines Holdings,81.12,38,11,1,10,60,54,1,-14,15,56,116
CUBE,CubeSmart,42.57,1,44,-17,21,49,15,49,4,-1,67,116
POST,Post Holdings,106.76,-9,-2,0,86,75,-7,-6,-2,56,41,116
LNT,Alliant Energy,61.95,23,2,62,13,100,22,-22,4,12,16,116
INGR,Ingredion,136.36,0,4,1,33,38,27,-9,4,55,77,115
ADT,ADT Inc.,8.45,2,58,25,0,85,2,2,19,7,30,115
CHH,Choice Hotels,131.5,40,4,0,14,58,54,1,-11,13,57,115
CHDN,Churchill Downs Incorporated,103.49,48,7,-25,0,30,57,25,-26,29,85,115
TROW,T. Rowe Price,98.89,61,23,-17,-24,43,71,7,-19,12,71,114
MUSA,Murphy USA,424.91,16,-40,-7,67,36,20,2,-23,78,77,113
AIG,American International Group,83.03,-17,35,22,52,92,-14,-2,17,20,21,113
XYZ,"Block, Inc.",69.42,59,16,-18,-35,22,62,35,-19,12,90,112
PINS,Pinterest,35.63,59,23,0,0,82,8,39,-13,-4,30,112
TXRH,Texas Roadhouse,185.95,-7,39,3,63,98,-7,-13,4,30,14,112
FLS,Flowserve,52.17,52,9,1,26,88,14,1,-15,24,24,112
LYFT,Lyft,16.07,59,39,2,0,100,6,2,4,-1,11,111
CI,Cigna,313.56,-11,-1,3,57,48,-14,7,14,56,63,111
CPAY,Corpay,332.16,23,0,0,20,43,54,-12,2,24,68,111
ZG,Zillow (Class A),70.43,13,11,48,0,72,31,1,-12,19,39,111
FIS,Fidelity National Information Services,80.86,1,53,0,0,54,-8,51,3,10,56,110
ESAB,ESAB,124.83,30,3,2,0,35,54,1,4,16,75,110
MRVL,Marvell Technology,71.56,-8,12,-15,105,94,-30,43,-15,17,15,109
COLB,Columbia Banking System,25.1,45,4,0,0,49,67,3,-20,9,59,108
NXST,Nexstar Media Group,176.68,24,37,3,3,67,27,4,1,9,41,108
ROKU,"Roku, Inc.",88.06,59,19,4,-18,64,9,43,-12,3,43,107
HST,Host Hotels & Resorts,16.01,23,38,-26,1,36,22,51,2,-5,70,106
CART,Maplebear Inc.,48.87,42,7,17,0,66,36,1,1,0,38,104
HIW,Highwoods Properties,30.8,-5,44,5,5,49,-13,51,4,12,54,103
NVR,"NVR, Inc.",7575.0,45,7,-17,64,99,-1,3,-26,28,4,103
BRX,Brixmor Property Group,25.85,-4,20,0,54,70,-13,17,4,25,33,103
TFSL,Third Federal S&L,13.29,45,12,2,4,63,15,3,4,18,40,103
SBUX,Starbucks,93.66,24,6,4,2,36,33,37,-9,6,67,103
DHI,D. R. Horton,130.99,65,11,-22,64,118,-1,15,-29,-1,-16,102
SNOW,Snowflake Inc.,225.71,3,41,9,0,53,3,51,4,-9,49,102
TTEK,Tetra Tech,36.4,23,36,-23,4,40,19,51,-26,18,62,102
Z,Zillow (Class C),72.39,28,11,5,0,44,31,20,-12,19,58,102
APP,AppLovin,345.32,0,28,99,0,127,-19,-12,-11,17,-25,102
GEHC,GE HealthCare,74.6,47,7,-14,0,40,54,12,-12,7,61,101
EXR,Extra Space Storage,148.96,24,35,0,0,59,22,4,4,12,42,101
RPRX,Royalty Pharma,35.6,0,41,26,0,67,30,20,20,-37,33,100
G,Genpact,46.07,38,2,2,2,44,54,2,-9,9,56,100
WH,Wyndham Hotels & Resorts,84.19,37,-1,-5,10,41,54,1,-11,14,58,99
HES,Hess Corporation,143.38,2,3,1,54,60,22,23,-5,-1,39,99
CL,Colgate-Palmolive,93.35,28,3,0,22,53,38,-10,-8,25,45,98
ES,Eversource Energy,64.41,23,41,9,-9,64,37,-8,4,1,34,98
HR,Healthcare Realty Trust,15.88,133,6,0,-38,101,-1,12,-23,8,-4,97
MOS,Mosaic Company (The),37.69,28,58,10,-15,81,28,8,9,-29,16,97
AFL,Aflac,102.88,-3,-3,2,57,53,-14,6,-2,54,44,97
CSGP,CoStar Group,81.6,24,20,0,13,57,15,15,17,-8,39,96
TRU,TransUnion,91.51,22,27,0,2,51,24,6,2,13,45,96
UHS,Universal Health Services,181.54,51,0,-5,21,67,-2,4,2,25,29,96
EQT,EQT Corporation,56.15,-24,44,35,41,96,-53,9,35,9,0,96
CNA,CNA Financial,45.17,-7,-22,88,56,115,-14,-23,-3,19,-21,94
SNDR,Schneider National,25.33,29,18,-17,1,31,38,37,-21,9,63,94
AS,Amer Sports,38.28,0,38,0,0,38,7,43,4,0,54,92
MAS,Masco,65.31,41,4,-14,64,95,-1,4,-26,20,-3,92
UNH,UnitedHealth Group,303.76,0,-54,-12,-3,-69,-9,12,-25,183,161,92
JNJ,Johnson & Johnson,155.27,24,4,2,6,36,57,2,-8,5,56,92
MDT,Medtronic,87.68,31,4,5,0,40,29,19,-8,12,52,92
CVX,Chevron Corporation,147.38,1,0,1,47,49,22,21,-6,5,42,91
TW,Tradeweb,139.95,-19,0,103,0,84,-16,-3,4,22,7,91
PRU,Prudential Financial,106.46,0,28,-7,54,75,-1,20,-21,18,16,91
LLYVA,Liberty Live (Series A),77.87,-3,51,22,0,70,4,12,4,0,20,90
ED,Consolidated Edison,99.71,0,-22,22,46,46,-6,-10,16,44,44,90
CHTR,Charter Communications,408.34,61,6,12,-35,44,32,4,4,5,45,89
LLYVK,Liberty Live (Series C),79.54,-3,44,23,0,64,7,14,4,0,25,89
THG,Hanover Insurance,162.24,-24,0,55,23,54,-15,-10,47,13,35,89
WTM,White Mountains Insurance Group,1788.0,9,-1,0,58,66,2,-21,-14,55,22,88
D,Dominion Energy,56.44,63,36,8,-33,74,-3,4,4,9,14,88
ABNB,Airbnb,136.97,24,23,0,0,47,54,-10,1,-4,41,88
NLY,Annaly Capital Management,19.33,10,20,12,9,51,14,6,2,15,37,88
BALL,Ball Corporation,58.44,24,38,-29,-10,23,15,50,4,-4,65,88
MKSI,MKS Instruments,102.18,59,23,-21,-12,49,14,43,-15,-4,38,87
SUI,Sun Communities,128.26,24,29,3,-23,33,20,19,4,10,53,86
LPX,Louisiana-Pacific,89.56,24,0,-4,62,82,15,-18,-18,25,4,86
CNP,Centerpoint Energy,35.97,-2,-4,43,44,81,-14,-32,37,14,5,86
OTIS,Otis Worldwide,99.78,59,5,2,0,66,-4,6,-8,25,19,85
CACC,Credit Acceptance,531.9,32,14,1,2,49,24,15,1,-4,36,85
MU,Micron Technology,119.93,-23,37,3,21,38,3,43,4,-4,46,84
HRB,H&R Block,55.03,0,-19,0,51,32,23,-31,8,51,51,83
NTNX,Nutanix,76.98,12,7,25,21,65,10,-19,4,23,18,83
CMS,CMS Energy,69.64,4,-30,70,22,66,24,-36,16,13,17,83
SAIA,Saia,286.16,63,0,-20,3,46,57,6,-22,-4,37,83
THO,Thor Industries,91.15,28,22,-20,1,31,36,44,-23,-5,52,83
SMCI,Supermicro,47.12,0,14,0,57,71,-7,37,-10,-8,12,83
MDU,MDU Resources,16.51,32,0,0,39,71,6,-26,4,28,12,83
DOCS,Doximity,60.89,0,8,48,0,56,8,19,-11,11,27,83
ECG,Everus Construction Group,64.38,22,36,0,0,58,13,10,1,0,24,82
TRGP,Targa Resources,172.5,0,0,0,50,50,-22,15,-14,53,32,82
PARA,Paramount Global (Class B),12.52,78,39,2,-38,81,-6,45,6,-44,1,82
IP,International Paper,49.87,38,3,0,15,56,24,1,-14,15,26,82
DD,DuPont,73.01,45,9,-15,18,57,22,4,1,-2,25,82
DNB,Dun & Bradstreet,9.11,83,17,-20,0,80,38,21,-22,-36,1,81
LUV,Southwest Airlines,33.78,33,37,10,-38,42,33,1,2,3,39,81
FOX,Fox Corporation (Class B),50.38,-7,37,61,0,91,-27,7,1,8,-11,80
O,Realty Income,57.53,1,34,4,6,45,-1,20,4,12,35,80
KDP,Keurig Dr Pepper,33.79,24,0,1,1,26,23,8,12,11,54,80
DAL,Delta Air Lines,50.01,40,10,-7,18,61,8,1,-15,25,19,80
CF,CF Industries,95.18,0,37,9,3,49,24,-4,4,7,31,80
PPG,PPG Industries,115.45,62,38,-40,-7,53,23,6,4,-7,26,79
CFLT,"Confluent, Inc.",25.82,45,7,-10,0,42,14,32,-12,3,37,79
ACI,Albertsons,22.74,19,1,19,0,39,26,1,21,-8,40,79
PYPL,PayPal,76.18,59,28,0,-38,49,36,3,-18,8,29,78
PARAA,Paramount Global (Class A),23.08,5,5,33,0,43,16,11,2,5,34,77
CEG,Constellation Energy,318.25,0,38,10,0,48,1,6,4,18,29,77
TYL,Tyler Technologies,590.02,12,10,1,16,39,6,37,-22,17,38,77
HAYW,Hayward Holdings,14.11,32,9,-7,0,34,24,1,2,15,42,76
OMC,Omnicom Group,73.84,32,-1,-21,1,11,38,4,-26,49,65,76
LITE,Lumentum,91.09,-4,36,8,2,42,-22,44,2,9,33,75
ADM,Archer Daniels Midland,54.58,23,39,0,-10,52,23,15,4,-19,23,75
TMO,Thermo Fisher Scientific,417.45,46,0,-16,-4,26,63,3,-15,-2,49,75
VZ,Verizon,42.81,31,-1,24,9,63,-5,-14,17,13,11,74
CIEN,Ciena,80.14,0,38,3,11,52,3,1,2,15,21,73
TER,Teradyne,90.61,75,9,-23,-5,56,-1,39,-17,-4,17,73
AMT,American Tower,219.92,1,16,10,5,32,-5,21,14,10,40,72
CAVA,Cava Group,84.3,44,-1,-8,0,35,57,1,-22,1,37,72
CRUS,Cirrus Logic,106.19,2,38,-17,18,41,15,14,4,-2,31,72
ALK,Alaska Air Group,50.57,40,4,0,0,44,29,1,-11,8,27,71
FND,Floor & Decor,80.7,47,4,-29,-5,17,71,10,-23,-5,53,70
ESS,Essex Property Trust,283.61,-5,20,0,13,28,7,18,4,13,42,70
JBHT,J. B. Hunt,149.53,47,7,-25,0,29,62,10,-22,-9,41,70
WBA,Walgreens Boots Alliance,11.55,45,38,0,-76,7,45,53,-1,-34,63,70
EFX,Equifax,264.32,26,5,0,15,46,25,-23,4,17,23,69
EXC,Exelon,43.18,15,-27,49,13,50,-14,3,20,9,18,68
SARO,StandardAero,30.77,0,38,0,0,38,-19,45,4,0,30,68
MIDD,Middleby,145.4,38,9,8,0,55,23,-13,-10,12,12,67
SW,Smurfit Westrock,46.86,39,4,0,0,43,40,1,-17,0,24,67
OLED,Universal Display Corporation,155.56,0,38,-31,0,7,15,45,4,-4,60,67
BIO,Bio-Rad Laboratories,247.01,80,4,-21,-27,36,84,9,-26,-36,31,67
MGM,MGM Resorts International,37.04,40,18,-50,0,8,53,12,1,-8,58,66
VTRS,Viatris,9.2,45,12,-19,-6,32,23,16,-23,18,34,66
AMCR,Amcor,9.68,45,4,-14,0,35,54,6,-29,-1,30,65
VTR,"Ventas, Inc.",63.01,1,-27,66,21,61,7,-34,17,14,4,65
ACGL,Arch Capital Group,89.41,-17,-3,-2,61,39,-15,-14,4,50,25,64
BURL,Burlington Stores,250.45,33,1,0,2,36,54,-22,-20,16,28,64
NEE,NextEra Energy,74.76,19,4,0,1,24,21,2,4,12,39,63
HXL,Hexcel,57.37,45,10,-23,0,32,15,39,-15,-8,31,63
MHK,Mohawk Industries,107.23,47,0,-20,-10,17,57,4,-28,13,46,63
FDX,FedEx,235.13,26,6,-20,31,43,34,11,-22,-3,20,63
AGO,Assured Guaranty,84.79,-8,0,0,55,47,-19,10,4,21,16,63
KNX,Knight-Swift,46.21,41,4,-19,0,26,62,2,-15,-12,37,63
VAC,Marriott Vacations Worldwide,79.23,81,13,-19,-16,59,16,9,1,-24,2,61
ALSN,Allison Transmission,95.08,24,0,0,34,58,-1,-15,-15,33,2,60
KEYS,Keysight,162.48,0,38,10,0,48,1,5,2,4,12,60
RGA,Reinsurance Group of America,194.4,-6,0,0,39,33,-12,-16,2,52,26,59
KMB,Kimberly-Clark,131.7,24,-15,0,17,26,28,-15,-5,25,33,59
CHRW,C.H. Robinson,96.76,38,6,0,3,47,38,-13,-21,7,11,58
MASI,Masimo,162.22,-6,11,40,-5,40,-7,24,-9,9,17,57
UTHR,United Therapeutics,290.39,2,-18,-4,56,36,-1,-13,-23,58,21,57
ELF,e.l.f. Beauty,122.4,0,30,-44,30,16,-1,44,2,-4,41,57
ACN,Accenture,300.48,31,0,-17,13,27,24,1,-13,18,30,57
WEX,WEX Inc.,149.59,51,20,-37,-4,30,23,38,-28,-7,26,56
CROX,Crocs,106.34,38,0,-36,0,2,53,1,4,-4,54,56
EGP,EastGroup Properties,167.49,-6,35,1,7,37,20,-3,4,-4,17,54
NCNO,nCino,28.81,43,23,-20,0,46,14,2,-22,14,8,54
SNDK,SanDisk,45.26,-6,14,0,0,8,8,38,0,0,46,54
QS,QuantumScape,7.01,52,12,0,0,64,10,12,2,-35,-11,53
OKE,Oneok,80.18,-7,-10,-7,53,29,-1,-6,-19,50,24,53
FIVE,Five Below,129.14,0,40,0,-15,25,-12,49,5,-14,28,53
TTD,Trade Desk (The),73.58,31,21,-21,3,34,33,-14,-21,19,17,51
APTV,Aptiv,72.01,38,38,1,-23,54,23,4,4,-35,-4,50
PATH,UiPath,13.16,40,28,-5,0,63,8,-16,4,-9,-13,50
CUZ,Cousins Properties,29.09,-19,28,5,10,24,-13,21,4,12,24,48
FR,First Industrial Realty Trust,48.67,0,0,-7,13,6,15,11,2,13,41,47
GRAL,"Grail, Inc.",44.85,-7,18,0,0,11,-17,51,2,0,36,47
EEFT,Euronet Worldwide,106.01,21,3,1,-2,23,15,-8,4,12,23,46
OHI,Omega Healthcare Investors,36.51,-5,-1,0,39,33,-1,-11,-5,30,13,46
TPG,TPG Inc.,52.97,0,21,0,0,21,13,12,-18,18,25,46
EA,Electronic Arts,153.51,-4,14,2,6,18,-15,13,10,20,28,46
GL,Globe Life,121.2,-6,2,39,13,48,-11,4,-3,7,-3,45
MP,MP Materials,31.04,-24,21,26,0,23,-38,18,39,3,22,45
GPC,Genuine Parts Company,125.52,31,5,0,0,36,34,-13,4,-16,9,45
U,Unity Technologies,27.84,37,27,0,0,64,10,1,4,-34,-19,45
RH,RH,198.41,23,3,-18,-6,2,47,4,-17,8,42,44
TGT,Target Corporation,101.59,38,4,-25,-10,7,57,18,-33,-5,37,44
MSGS,Madison Square Garden Sports,204.88,0,12,0,20,32,-1,6,-20,26,11,43
TWLO,Twilio,121.48,0,30,41,-33,38,1,6,-12,10,5,43
XP,XP Inc.,19.5,-3,52,6,0,55,-14,-3,10,-7,-14,41
WTW,Willis Towers Watson,305.33,54,-50,2,23,29,7,-14,-9,28,12,41
TEAM,Atlassian,216.05,38,1,0,-5,34,8,1,-12,10,7,41
OWL,Blue Owl Capital,19.31,0,17,0,0,17,10,9,-15,20,24,41
RVTY,Revvity,98.71,62,0,-14,-23,25,17,14,-19,2,14,39
IT,Gartner,399.59,0,-15,-15,57,27,-13,-18,-13,56,12,39
BC,Brunswick Corporation,58.21,24,22,-32,-6,8,24,38,-23,-8,31,39
ROST,Ross Stores,130.77,23,-15,-7,34,35,-7,-23,5,28,3,38
AMKR,Amkor Technology,21.45,59,23,-34,0,48,15,19,-42,-4,-12,36
PFE,Pfizer,25.24,24,19,-27,-22,-6,24,44,1,-27,42,36
LEN-B,Lennar (Class B),104.02,0,0,-22,61,39,-7,4,-29,28,-4,35
RKT,Rocket Companies,13.53,-7,12,0,0,5,-6,34,3,-1,30,35
VNOM,Viper Energy,36.58,-10,-10,-3,43,20,-3,-6,-22,46,15,35
SEB,Seaboard Corporation,2992.62,24,12,0,-22,14,22,24,2,-28,20,34
GPK,Graphic Packaging,21.77,24,-82,-13,57,-14,22,-19,-26,70,47,33
FI,Fiserv,173.32,14,-64,-8,34,-24,30,9,-9,26,56,32
RNR,RenaissanceRe,239.29,-17,0,-2,34,15,2,-14,2,27,17,32
S,SentinelOne,18.19,45,0,-19,0,26,14,1,-22,13,6,32
OVV,Ovintiv,39.29,0,20,-31,0,-11,23,23,1,-5,42,31
MORN,"Morningstar, Inc.",304.73,-4,38,-14,27,47,-24,-10,1,17,-16,31
EQIX,Equinix,776.77,-8,-2,-2,33,21,-5,-8,-2,25,10,31
LNC,Lincoln Financial,34.28,1,7,12,-5,15,-1,7,2,7,15,30
CCI,Crown Castle,101.83,26,11,1,-27,11,-4,10,14,-1,19,30
HPQ,HP Inc.,25.35,41,0,-19,0,22,15,1,-23,15,8,30
AWK,American Water Works,139.93,0,-1,20,0,19,-5,-7,16,7,11,30
INGM,Ingram Micro,20.19,0,23,0,0,23,-1,7,1,0,7,30
BXP,"BXP, Inc.",67.33,-7,36,-2,0,27,-11,-3,4,12,2,29
NU,Nubank,13.36,0,9,2,0,11,-14,9,4,18,17,28
AXTA,Axalta,30.19,24,-25,-10,21,10,15,1,-23,25,18,28
CRM,Salesforce,269.77,0,0,-7,21,14,5,3,-15,20,13,27
MTDR,Matador Resources,49.08,0,18,-23,0,-5,15,38,-16,-5,32,27
DLB,Dolby Laboratories,74.74,33,-1,1,0,33,-1,1,-14,7,-7,26
ESTC,Elastic NV,86.24,40,-1,-7,-5,27,36,-23,-12,-3,-2,25
EPAM,EPAM Systems,179.97,48,9,-20,-26,11,59,2,-11,-36,14,25
ADC,Agree Realty,71.91,-52,-8,57,15,12,-15,-2,17,12,12,24
KMPR,Kemper Corporation,63.05,-17,28,0,3,14,-13,9,1,13,10,24
SBAC,SBA Communications,233.55,1,11,10,-19,3,-5,10,11,4,20,23
DVA,DaVita,142.86,2,0,0,19,21,-8,6,-14,18,2,23
FTV,Fortive,53.02,5,4,-15,32,26,22,-10,-11,-4,-3,23
AVY,Avery Dennison,180.32,24,4,-29,1,0,22,4,1,-4,23,23
ON,ON Semiconductor,54.65,22,23,-31,0,14,15,44,-37,-14,8,22
CNXC,Concentrix,56.67,23,4,0,0,27,22,2,2,-32,-6,21
UDR,"UDR, Inc.",40.93,1,0,0,1,2,6,-3,4,12,19,21
AMED,Amedisys,96.46,-24,55,6,-39,-2,-24,18,19,9,22,20
WING,Wingstop,325.67,-41,44,-1,37,39,-46,-5,2,30,-19,20
PENN,Penn Entertainment,18.32,82,9,-17,-33,41,15,19,-12,-43,-21,20
DOCU,DocuSign,77.65,38,-18,0,-11,9,10,-12,2,10,10,19
MRP,Millrose Properties,28.04,-10,27,0,0,17,-3,5,0,0,2,19
M,"Macy's, Inc.",12.44,31,4,-25,-14,-4,46,1,-19,-5,23,19
CMCSA,Comcast,35.44,41,10,-29,-8,14,-5,15,1,-7,4,18
WST,West Pharmaceutical Services,221.57,24,21,-21,-6,18,7,21,-21,-7,0,18
SEG,Seaport Entertainment Group,20.21,17,2,0,0,19,26,-6,-22,0,-2,17
IPG,Interpublic Group of Companies (The),25.16,67,4,-37,0,34,27,6,-34,-16,-17,17
AAP,Advance Auto Parts,54.24,24,30,0,-27,27,22,-4,4,-33,-11,16
SEE,Sealed Air,31.74,24,38,-18,-23,21,23,1,2,-31,-5,16
BILL,Bill.com,47.48,63,6,-18,0,51,10,5,-14,-36,-35,16
KRC,Kilroy Realty,34.55,0,28,-14,-39,-25,20,31,-20,10,41,16
SWK,Stanley Black & Decker,69.3,45,4,-23,-38,-12,54,4,-29,-1,28,16
SIRI,Sirius XM,23.62,59,10,-77,-30,-38,71,42,-43,-16,54,16
GTLB,GitLab,46.56,39,0,-15,0,24,14,-25,-14,17,-8,16
A,Agilent Technologies,119.26,1,12,-17,0,-4,-3,41,-14,-4,20,16
CCCS,CCC Intelligent Solutions,9.7,22,12,-22,0,12,14,15,-21,-5,3,15
FE,FirstEnergy,39.84,-16,-3,0,54,35,-14,-23,4,13,-20,15
CPT,Camden Property Trust,113.35,0,0,0,0,0,9,-8,4,10,15,15
ALAB,Astera Labs,89.6,-16,36,0,0,20,12,-2,-16,0,-6,14
DPZ,Domino's,453.23,1,-3,0,9,7,-8,-24,21,17,6,13
FBIN,Fortune Brands Innovations,52.43,45,-1,-20,-4,20,15,4,-26,-1,-8,12
TPL,Texas Pacific Land Corporation,1034.0,-7,-25,-3,57,22,-1,-25,4,12,-10,12
AVB,AvalonBay Communities,202.51,-21,2,0,15,-4,4,-1,-1,14,16,12
AA,Alcoa,29.83,31,5,-15,-19,2,24,38,-21,-31,10,12
DKNG,DraftKings,40.6,-5,14,3,0,12,-22,14,-12,19,-1,11
TSN,Tyson Foods,55.74,32,-1,0,-27,4,-3,4,-5,10,6,10
YETI,Yeti Holdings,32.2,33,5,-29,-5,4,31,4,-20,-9,6,10
PSA,Public Storage,292.03,2,0,-5,14,11,-3,-14,4,12,-1,10
AZTA,Azenta,31.43,49,3,-47,-30,-25,23,32,-13,-8,34,9
DAR,Darling Ingredients,37.86,0,15,0,-19,-4,26,14,2,-29,13,9
MTD,Mettler Toledo,1188.33,2,23,-17,0,8,-3,43,-35,-4,1,9
DXCM,Dexcom,82.93,-2,42,0,-13,27,-16,1,4,-8,-19,8
GDDY,GoDaddy,178.69,0,0,0,21,21,1,-22,-13,21,-13,8
DOC,Healthpeak Properties,17.97,26,0,-11,-30,-15,22,18,-26,8,22,7
HHH,Howard Hughes Holdings,68.74,12,-2,-7,-5,-2,23,-5,-22,13,9,7
WFRD,Weatherford International,52.97,24,9,-38,0,-5,40,18,-42,-4,12,7
KMX,CarMax,68.78,24,0,-13,-35,-24,22,15,-17,10,30,6
WSC,WillScot Mobile Mini,28.26,57,4,-59,-5,-3,54,1,-36,-11,8,5
WDAY,"Workday, Inc.",241.05,10,0,-4,13,19,8,-24,2,-1,-15,4
HSY,Hershey Company (The),175.57,24,4,-39,0,-11,20,19,-8,-18,13,2
ENTG,Entegris,83.0,59,4,-38,-5,20,15,14,-43,-4,-18,2
RNG,RingCentral,29.59,47,19,-20,-40,6,54,6,-20,-44,-4,2
SITE,SiteOne Landscape Supply,126.56,29,5,-20,-8,6,22,4,-23,-7,-4,2
PODD,Insulet,300.71,-23,0,39,3,19,-16,-14,8,5,-17,2
LSCC,Lattice Semiconductor,50.88,16,4,-14,-4,2,15,10,-11,-14,0,2
WMS,Advanced Drainage Systems,115.68,2,22,-34,2,-8,-7,14,4,-2,9,1
MKC,McCormick & Company,73.39,-7,0,0,-1,-8,-10,18,-8,9,9,1
LEN,Lennar (Class A),109.23,0,0,-24,63,39,-10,3,-29,-2,-38,1
PEP,PepsiCo,134.46,32,0,-36,-2,-6,34,18,-33,-12,7,1
EQR,Equity Residential,66.71,-6,0,0,12,6,6,-29,4,12,-7,-1
EXE,Expand Energy,108.89,-27,0,35,0,8,-51,-2,35,9,-9,-1
IPGP,IPG Photonics,71.35,45,37,-80,-43,-41,60,44,-21,-43,40,-1
PLD,Prologis,106.31,1,4,-17,0,-12,18,-7,4,-4,11,-1
DHR,Danaher Corporation,199.61,1,20,-23,0,-2,18,19,-34,-3,0,-2
GNTX,Gentex,22.76,40,3,-36,-7,0,57,1,-53,-7,-2,-2
BROS,Dutch Bros. Coffee,66.47,-28,0,47,0,19,-21,-12,2,10,-21,-2
SON,Sonoco,46.37,24,4,-38,0,-10,18,1,1,-13,7,-3
ETSY,Etsy,53.7,17,28,-2,-29,14,22,-7,4,-36,-17,-3
WAT,Waters Corporation,346.86,-6,0,0,13,7,-12,3,-14,13,-10,-3
DV,DoubleVerify,15.43,33,11,-64,0,-20,36,1,-12,-9,16,-4
JKHY,Jack Henry & Associates,180.51,1,6,10,3,20,1,-14,-21,10,-24,-4
IQV,IQVIA,162.48,32,3,-34,-5,-4,22,19,-36,-5,0,-4
PK,Park Hotels & Resorts,10.61,24,4,-20,-6,2,15,4,-22,-4,-7,-5
AMH,American Homes 4 Rent,35.41,-52,0,-2,67,13,-14,-22,4,14,-18,-5
EMN,Eastman Chemical Company,78.25,24,-1,-15,0,8,15,1,-29,-1,-14,-6
SHC,Sotera Health,11.41,24,-1,-21,0,2,15,-22,4,-5,-8,-6
VNO,Vornado Realty Trust,37.4,-5,0,0,3,-2,-12,-8,2,14,-4,-6
BBY,Best Buy,70.52,24,4,-18,-5,5,17,1,-29,-1,-12,-7
TTC,Toro Company (The),73.6,59,4,-29,-6,28,24,1,-42,-19,-36,-8
NKE,"Nike, Inc.",76.55,43,6,-71,-20,-42,61,6,1,-35,33,-9
ONTO,Onto Innovation,98.75,0,-1,-20,0,-21,16,14,-15,-3,12,-9
PLTK,Playtika,4.85,33,4,-20,0,17,23,2,-21,-30,-26,-9
MAA,Mid-America Apartment Communities,150.1,14,-24,0,0,-10,23,-31,-2,10,0,-10
ZM,Zoom Communications,77.15,0,0,0,0,0,4,-21,4,3,-10,-10
INCY,Incyte,67.27,-19,24,0,-30,-25,-13,46,-25,6,14,-11
PCTY,Paylocity,183.9,12,0,0,-2,10,6,-18,-13,4,-21,-11
PVH,PVH Corp.,73.04,40,-21,-26,-2,-9,47,-21,-22,-6,-2,-11
GTM,ZoomInfo,10.05,2,11,-17,0,-4,8,42,-22,-36,-8,-12
MTN,Vail Resorts,163.13,25,28,-27,-22,4,38,1,-21,-35,-17,-13
CVS,CVS Health,66.67,-7,11,4,-16,-8,-14,17,19,-27,-5,-13
UHAL,U-Haul,60.51,-5,-13,-9,21,-6,21,-26,-22,19,-8,-14
FMC,FMC Corporation,43.22,23,27,-34,-23,-7,17,31,-30,-25,-7,-14
LKQ,LKQ Corporation,38.27,23,-15,0,0,8,23,-21,-8,-16,-22,-14
KBR,"KBR, Inc.",46.95,-18,-11,-24,0,-53,-5,-11,-2,56,38,-15
HUBS,HubSpot,555.24,11,-17,-4,10,0,4,-25,-12,18,-15,-15
SJM,J.M. Smucker Company (The),103.54,31,-18,-6,-3,4,24,-18,-4,-22,-20,-16
WBD,Warner Bros. Discovery,11.02,0,18,6,-41,-17,4,38,2,-44,0,-17
MTCH,Match Group,31.83,24,22,-20,-36,-10,24,30,-27,-37,-10,-20
UA,Under Armour (Class C),6.64,70,30,-22,-36,42,-3,3,-26,-36,-62,-20
DAY,Dayforce,56.6,2,0,-14,-11,-23,24,-8,-18,4,2,-21
RARE,Ultragenyx,39.61,17,18,-21,-37,-23,15,17,-29,-2,1,-22
WLK,Westlake Corporation,78.73,39,-1,-34,-3,1,24,4,-46,-5,-23,-22
UHAL-B,U-Haul (Series N),54.99,22,-1,-17,0,4,21,-25,-31,8,-27,-23
PEN,"Penumbra, Inc.",248.24,-23,-27,26,10,-14,-22,-30,40,2,-10,-24
EW,Edwards Lifesciences,76.71,0,12,0,-13,-1,-16,3,24,-34,-23,-24
IEX,IDEX Corporation,179.33,24,0,-22,0,2,23,-22,-22,-5,-26,-24
HOG,Harley-Davidson,24.35,24,0,-37,-8,-21,38,1,-32,-10,-3,-24
LSTR,Landstar,142.52,28,4,-29,0,3,24,-10,-36,-6,-28,-25
BFAM,Bright Horizons,117.24,-18,-1,0,0,-19,-13,-17,9,14,-7,-26
ZTS,Zoetis,156.98,3,0,-29,-2,-28,15,-12,3,-4,2,-26
GPN,Global Payments,80.06,59,0,-21,-38,0,-5,6,-18,-9,-26,-26
FCN,FTI Consulting,166.0,27,1,-31,0,-3,21,1,-41,-4,-23,-26
VFC,VF Corporation,12.5,24,-15,-14,-42,-47,54,-26,-14,6,20,-27
CE,Celanese,58.07,40,23,-37,-9,17,15,4,-55,-8,-44,-27
CRL,Charles River Laboratories,153.9,47,23,-48,-25,-3,-1,41,-57,-7,-24,-27
GFS,GlobalFoundries,38.95,24,16,-76,0,-36,22,14,-11,-16,9,-27
MRK,Merck & Co.,80.9,24,0,-41,-3,-20,24,18,-45,-5,-8,-28
REXR,Rexford Industrial,36.74,16,23,-40,-17,-18,18,38,-35,-31,-10,-28
OKTA,"Okta, Inc.",97.47,-6,-19,18,-23,-30,-3,-23,23,5,2,-28
TDC,Teradata,22.83,37,5,-73,-16,-47,52,1,-21,-15,17,-30
MRNA,Moderna,29.92,45,1,-49,-3,-6,60,3,-49,-38,-24,-30
BMY,Bristol Myers Squibb,46.49,-6,0,-3,-4,-13,-6,-7,-8,4,-17,-30
FRT,Federal Realty Investment Trust,94.25,-6,4,-17,1,-18,6,-8,-23,13,-12,-30
COO,Cooper Companies (The),73.3,38,-25,-21,-4,-12,38,-29,-26,-2,-19,-31
CC,Chemours,12.41,47,4,-59,-12,-20,24,15,-21,-29,-11,-31
TXG,10x Genomics,11.93,50,19,-70,0,-1,59,20,-69,-41,-31,-32
UAA,Under Armour (Class A),6.99,62,28,-22,-43,25,-3,3,-22,-36,-58,-33
HRL,Hormel Foods,30.51,1,7,-4,-22,-18,-7,17,4,-29,-15,-33
TREX,"Trex Company, Inc.",57.67,24,0,-48,-12,-36,24,3,-20,-5,2,-34
NWL,Newell Brands,5.71,24,4,-21,-30,-23,36,8,-21,-35,-12,-35
ROIV,Roivant Sciences,10.74,-31,0,-1,0,-32,-47,17,4,23,-3,-35
CPRI,Capri Holdings,18.51,40,7,-66,-10,-29,54,1,-30,-31,-6,-35
FRPT,Freshpet,67.93,-6,-15,-18,-5,-44,23,-19,-14,18,8,-36
HOLX,Hologic,64.37,-11,26,-29,0,-14,-20,33,-29,-6,-22,-36
LYB,LyondellBasell,60.73,23,0,-38,0,-15,23,14,-52,-6,-21,-36
FANG,Diamondback Energy,137.93,-7,0,-23,46,16,-3,-4,-42,-4,-53,-37
TSLA,"Tesla, Inc.",293.92,-40,0,0,9,-31,-7,10,-18,9,-6,-37
AAL,American Airlines Group,11.59,45,6,-15,-75,-39,54,1,-15,-38,2,-37
CHRD,Chord Energy,103.14,2,19,-44,1,-22,15,22,-48,-5,-16,-38
DBX,Dropbox,27.4,-24,0,13,8,-3,-16,-25,-1,7,-35,-38
LULU,Lululemon Athletica,237.49,30,-20,-5,-2,3,-3,-14,-14,-11,-42,-39
TECH,Bio-Techne,51.54,1,0,-21,-23,-43,15,14,-21,-5,3,-40
IAC,IAC Inc.,38.15,38,7,-34,-30,-19,36,9,-29,-37,-21,-40
PINC,"Premier, Inc.",22.0,2,2,11,-27,-12,8,-13,9,-33,-29,-41
ASH,Ashland Global,52.43,30,0,-35,-8,-13,23,4,-47,-9,-29,-42
COLM,Columbia Sportswear,62.94,33,-81,-15,-5,-68,23,1,-10,12,26,-42
TAP,Molson Coors,48.98,19,-49,-7,0,-37,27,-23,-8,-2,-6,-43
CZR,Caesars Entertainment,29.42,24,11,-20,-24,-9,24,6,-29,-36,-35,-44
IFF,International Flavors & Fragrances,75.01,16,0,-17,-30,-31,15,-9,-29,10,-13,-44
POOL,Pool Corporation,296.17,24,-17,-17,-5,-15,-3,4,-23,-8,-30,-45
PAYC,Paycom,232.39,2,0,13,-23,-8,7,-12,4,-36,-37,-45
AR,Antero Resources,37.03,-43,0,35,9,1,-58,-2,4,9,-47,-46
RYAN,Ryan Specialty,66.4,-17,-8,0,0,-25,-28,-14,-3,24,-21,-46
OGN,Organon & Co.,9.73,-3,0,-23,0,-26,-1,19,-36,-3,-21,-47
INVH,Invitation Homes,32.3,-52,0,-2,0,-54,-13,-8,15,13,7,-47
DVN,Devon Energy,32.69,0,4,-44,-4,-44,15,-1,3,-21,-4,-48
KVUE,Kenvue,20.92,-5,-22,0,0,-27,-13,-23,13,2,-21,-48
VKTX,Viking Therapeutics,27.51,2,4,-34,20,-8,15,-23,-27,-5,-40,-48
BHF,Brighthouse Financial,50.72,-54,-2,12,10,-34,-6,-20,4,7,-15,-49
AKAM,Akamai Technologies,79.06,0,5,-20,-6,-21,-13,13,-20,-9,-29,-50
WY,Weyerhaeuser,25.66,-6,-1,-17,0,-24,15,-5,-29,-7,-26,-50
SLB,Schlumberger,34.95,2,0,-64,0,-62,36,-1,-15,-9,11,-51
EIX,Edison International,50.49,0,-21,-26,-1,-48,-7,-22,-23,49,-3,-51
AVTR,Avantor,13.5,-6,-1,-23,0,-30,-7,24,-34,-4,-21,-51
TRIP,Tripadvisor,17.18,24,3,0,-51,-24,31,-17,1,-43,-28,-52
CTRA,Coterra,24.82,-48,0,5,43,0,-59,-1,-6,12,-54,-54
CLF,Cleveland-Cliffs,8.49,33,3,-57,-15,-36,30,16,-57,-7,-18,-54
MDB,MongoDB Inc.,209.98,1,9,-20,-8,-18,2,-10,-21,-8,-37,-55
JAZZ,Jazz Pharmaceuticals,107.59,1,-1,-9,-5,-14,15,-9,-10,-38,-42,-56
ALGN,Align Technology,193.83,58,23,-61,-24,-4,29,12,-56,-37,-52,-56
CDW,CDW,177.35,0,38,-36,3,5,-1,1,-57,-7,-64,-59
OLN,Olin Corporation,21.07,24,0,-54,-8,-38,54,3,-56,-22,-21,-59
COP,ConocoPhillips,92.54,0,3,-39,0,-36,23,16,-55,-7,-23,-59
WTRG,Essential Utilities,36.88,-17,-17,0,-2,-36,-12,-33,16,4,-25,-61
LOAR,Loar Holdings,80.38,-18,-1,0,0,-19,-22,-28,8,0,-42,-61
BRKR,Bruker,41.29,47,4,-54,-7,-10,-1,14,-58,-8,-53,-63
MAN,ManpowerGroup,42.96,24,0,-40,-27,-43,53,2,-40,-35,-20,-63
ELS,Equity Lifestyle Properties,62.05,0,-8,-15,0,-23,7,-22,-26,-2,-43,-66
LBTYA,Liberty Global (Series A),9.93,45,-1,-34,-30,-20,-12,6,-32,-9,-47,-67
REGN,Regeneron Pharmaceuticals,538.0,32,-25,-35,-3,-31,24,-22,-36,-3,-37,-68
MOH,Molina Healthcare,232.67,-17,-30,-7,-1,-55,-10,4,-3,-7,-16,-71
AES,AES Corporation,11.52,17,2,-36,-10,-27,21,3,-47,-23,-46,-73
CGNX,Cognex Corporation,31.87,46,20,-34,-30,2,-1,6,-42,-39,-76,-74
ELV,Elevance Health,346.99,-17,-3,-38,0,-58,-14,4,-4,-2,-16,-74
ANGI,Angi Inc.,16.07,24,23,-34,-50,-37,36,1,-32,-43,-38,-75
PCG,PG&E Corporation,13.63,-9,-22,-24,-1,-56,-12,-24,-23,39,-20,-76
BDX,Becton Dickinson,172.95,26,-91,-22,-4,-91,35,4,-13,-14,12,-79
ARE,Alexandria Real Estate Equities,75.02,23,0,-31,-29,-37,22,12,-42,-34,-42,-79
EG,Everest Group,334.01,-17,-19,-30,54,-12,-14,-19,-31,-4,-68,-80
RYN,Rayonier,22.7,17,-63,-14,-4,-64,22,-9,-26,-8,-21,-85
NOV,NOV Inc.,12.74,-6,0,-49,-11,-66,15,19,-40,-14,-20,-86
LBTYK,Liberty Global (Series C),10.22,37,-1,-34,-29,-27,-12,19,-31,-35,-59,-86
BRBR,BellRing Brands,57.31,-5,-42,-7,0,-54,-12,-34,-13,26,-33,-87
PII,Polaris Inc.,45.9,26,7,-94,-16,-77,38,4,-37,-16,-11,-88
GME,GameStop,22.61,-7,-16,-4,-29,-56,-13,-18,5,-6,-32,-88
DXC,DXC Technology,15.59,31,0,-19,-72,-60,24,2,-26,-33,-33,-93
EXAS,Exact Sciences,52.48,-10,0,-22,-24,-56,-9,-15,2,-15,-37,-93
WEN,Wendy's Company (The),11.32,-12,-8,-31,-7,-58,-7,10,-26,-14,-37,-95
DUOL,Duolingo,396.45,-131,-4,47,0,-88,-19,-18,8,22,-7,-95
DJT,Trump Media & Technology Group,18.73,10,-25,-50,0,-65,23,-27,-18,-8,-30,-95
CIVI,Civitas Resources,29.16,0,0,-49,-5,-54,17,-1,-49,-8,-41,-95
COTY,Coty,4.95,16,0,-58,-6,-48,24,-5,-60,-8,-49,-97
MKTX,MarketAxess,222.02,2,1,-22,-28,-47,-10,-2,4,-43,-51,-98
OXY,Occidental Petroleum,43.36,0,4,-49,0,-45,15,-1,-53,-15,-54,-99
RGEN,Repligen,124.53,1,-18,-10,-16,-43,-7,1,-14,-36,-56,-99
UPS,United Parcel Service,100.88,38,0,-100,-15,-77,-1,38,-28,-33,-24,-101
DOW,Dow Inc.,27.5,0,-12,-37,0,-49,15,-8,-52,-7,-52,-101
NSA,National Storage Affiliates,31.77,-6,-31,-9,-3,-49,-1,-32,-30,11,-52,-101
KHC,Kraft Heinz,26.08,24,-51,-36,-3,-66,23,-41,-8,-9,-35,-101
STZ,Constellation Brands,170.41,23,-21,-39,-2,-39,24,-25,-55,-7,-63,-102
KSS,Kohl's,9.02,26,4,-56,-30,-56,38,4,-57,-31,-46,-102
ENOV,Enovis,33.02,40,-31,-59,-16,-66,15,1,-19,-36,-39,-105
CERT,"Certara, Inc.",10.94,-4,-16,-9,0,-29,-13,-33,-1,-31,-78,-107
ACHC,Acadia Healthcare,23.34,37,-90,-42,-10,-105,47,1,-36,-15,-3,-108
CLVT,Clarivate,4.4,43,9,-71,-5,-24,-4,-8,-31,-41,-84,-108
ALB,Albemarle Corporation,65.52,45,3,-122,-22,-96,15,14,-21,-24,-16,-112
HAL,Halliburton,20.91,0,0,-57,-4,-61,15,-3,-56,-8,-52,-113
BAX,Baxter International,29.7,-4,-1,-17,-37,-59,-7,1,-8,-40,-54,-113
ADBE,Adobe Inc.,376.82,-17,-1,-30,-5,-53,-9,-15,-34,-4,-62,-115
RIVN,Rivian,12.75,-37,-6,-1,0,-44,-35,-21,5,-20,-71,-115
LEG,Leggett & Platt,9.57,24,23,-126,-29,-108,15,14,1,-37,-7,-115
GLOB,Globant,90.9,1,-34,-20,-6,-59,-4,-28,-20,-6,-58,-117
LCID,Lucid Motors,2.11,-7,-26,-26,0,-59,10,-23,-11,-34,-58,-117
NFE,New Fortress Energy,3.57,31,-94,-65,-2,-130,47,3,-16,-24,10,-120
INTC,Intel,22.0,-3,0,-63,-19,-85,-29,14,-11,-11,-37,-122
CHE,Chemed Corporation,461.13,-31,-31,-5,0,-67,-29,-19,-3,-7,-58,-125
BIIB,Biogen,130.1,24,3,-78,-26,-77,17,-8,-41,-17,-49,-126
FTRE,Fortrea,4.44,-7,-15,-30,0,-52,-12,-4,-59,-1,-76,-128
FIVN,Five9,27.82,10,4,-73,-34,-93,24,-9,-11,-39,-35,-128
BMRN,BioMarin Pharmaceutical,57.42,23,-63,-44,-19,-103,38,-34,-9,-21,-26,-129
GMED,Globus Medical,55.97,-7,-93,-9,-1,-110,-7,-9,-14,11,-19,-129
QDEL,QuidelOrtho,29.21,31,-14,-17,-37,-37,-7,-27,-17,-46,-97,-134
APA,APA Corporation,19.41,1,20,-79,-11,-69,37,-2,-83,-18,-66,-135
INSP,Inspire Medical Systems,126.83,-3,-35,-17,-5,-60,-11,-27,-22,-16,-76,-136
SPB,Spectrum Brands,54.9,28,-138,-22,-3,-135,24,-28,-21,23,-2,-137
BG,Bunge Global,74.86,-30,-1,-38,0,-69,-67,-1,4,-4,-68,-137
HUM,Humana,237.15,-7,-1,-83,-11,-102,-9,6,-14,-19,-36,-138
VSTS,Vestis,5.88,-3,-107,-15,0,-125,15,-9,-21,0,-15,-140
PRGO,Perrigo,26.74,25,9,0,-112,-78,-3,4,-9,-54,-62,-140
BIRK,Birkenstock,48.81,-109,-8,-4,0,-121,-13,-15,4,0,-24,-145
GO,Grocery Outlet,13.26,2,-14,-94,0,-106,17,-35,4,-27,-41,-147
LW,Lamb Weston,51.02,-15,-1,-66,-7,-89,-22,-5,-20,-13,-60,-149
SAM,Boston Beer Company,198.58,20,-27,-29,-36,-72,26,-37,-25,-43,-79,-151
BF-A,Brown–Forman (Class A),28.13,32,-25,-96,-17,-106,38,-25,-36,-23,-46,-152
BF-B,Brown–Forman (Class B),27.78,31,-25,-97,-17,-108,36,-24,-29,-27,-44,-152
XRAY,Dentsply Sirona,15.96,37,11,-75,-41,-68,15,1,-62,-39,-85,-153
MPW,Medical Properties Trust,4.2,-10,-38,-1,-35,-84,-1,-36,-1,-34,-72,-156
GIS,General Mills,51.83,0,-62,-35,-3,-100,-1,-8,-31,-18,-58,-158
ZBH,Zimmer Biomet,92.58,24,-61,-59,-16,-112,23,4,-58,-17,-48,-160
LINE,"Lineage, Inc.",42.75,-34,-63,0,0,-97,-44,6,-25,0,-63,-160
COLD,Americold,16.32,-9,-66,-35,-10,-120,11,-8,-35,-14,-46,-166
REYN,Reynolds Consumer Products,21.59,30,-104,-22,0,-96,-4,-34,-34,-2,-74,-170
CNC,Centene,33.06,-17,-31,-38,-10,-96,-13,-29,-7,-27,-76,-172
WU,Western Union,8.53,22,-63,-17,-45,-103,15,-32,-52,-4,-73,-176
APLS,Apellis Pharmaceuticals,17.42,-7,-1,-64,-15,-87,-7,-8,-62,-17,-94,-181
CLX,Clorox,124.57,23,-126,-11,-4,-118,25,-84,-21,12,-68,-186
CAG,Conagra Brands,20.41,-7,-56,-26,-6,-95,-2,-70,-8,-22,-102,-197
HUN,Huntsman Corporation,10.65,2,-74,-39,-14,-125,24,-30,-34,-32,-72,-197
SRPT,Sarepta Therapeutics,17.33,-4,-120,-23,-6,-153,15,-14,-44,-5,-48,-201
CRI,Carter's,31.42,24,-107,-56,-16,-155,24,-31,-33,-8,-48,-203
RHI,Robert Half,41.15,0,-112,-23,-8,-143,-4,-17,-21,-31,-73,-216
CPB,Campbell Soup Company,30.82,-7,-63,-26,-5,-101,-7,-73,-33,-4,-117,-218
FLO,Flowers Foods,15.71,-7,-63,-31,-7,-108,-7,-55,-51,-22,-135,-243
ENPH,Enphase Energy,42.46,23,-122,-40,-19,-158,14,-63,-47,-23,-119,-277
TFX,Teleflex,116.56,-6,-107,-36,-38,-187,-7,-62,-32,-9,-110,-297
WOLF,Wolfspeed,2.33,10,-32,-128,-29,-179,22,-31,-94,-36,-139,-318
