Symbol,Name,Close,1H Cloud Score,1D Cloud Score,1W Cloud Score,1M Cloud Score,Cloud Score Sum,1H TKx Score,1D TKx Score,1W TKx Score,1M TKx Score,TKx Score Sum,Total Score Sum
TJX,TJX Companies,124.18,0,-1,143,197,339,-19,-26,112,192,259,598
ORLY,O'Reilly Auto Parts,92.38,47,2,158,198,405,28,1,49,88,166,571
RSG,Republic Services,239.94,-1,-1,119,176,293,-12,-12,88,159,223,516
CASY,Casey's,524.42,36,21,108,86,251,5,21,112,77,215,466
RCL,Royal Caribbean Group,341.42,84,41,116,27,268,107,54,5,26,192,460
RS,"Reliance, Inc.",332.05,69,51,6,114,240,80,56,5,76,217,457
YUM,Yum! Brands,152.37,78,7,23,258,366,12,6,17,56,91,457
RJF,Raymond James Financial,160.17,115,40,87,57,299,120,12,2,18,152,451
EMR,Emerson Electric,140.68,178,41,11,63,293,75,47,5,25,152,445
WM,"Waste Management, Inc.",225.64,-1,-3,90,186,272,3,-11,22,158,172,444
HUBB,Hubbell Incorporated,422.36,84,39,0,181,304,8,57,1,70,136,440
COST,Costco,970.17,-14,0,112,179,277,-12,-17,5,183,159,436
ORCL,Oracle Corporation,235.01,66,40,6,197,309,44,47,5,26,122,431
HWM,Howmet Aerospace,178.51,-7,54,143,28,218,13,54,87,53,207,425
SO,Southern Company,93.29,11,14,71,189,285,10,30,18,78,136,421
KLAC,KLA Corporation,928.22,70,41,9,176,296,35,56,5,25,121,417
CDNS,Cadence Design Systems,322.45,61,10,12,140,223,-6,9,5,179,187,410
AJG,Arthur J. Gallagher & Co.,313.59,-41,-11,160,185,293,2,-17,23,106,114,407
WCC,Wesco International,201.26,101,40,2,57,200,93,54,3,56,206,406
ICE,Intercontinental Exchange,181.81,0,47,107,160,314,5,48,17,20,90,404
PLTR,Palantir Technologies,142.49,18,54,111,0,183,27,56,114,19,216,399
PTC,PTC Inc.,194.58,66,40,1,181,288,75,4,2,25,106,394
TDG,TransDigm Group,1540.74,93,54,14,156,317,3,11,5,56,75,392
BYD,Boyd Gaming,85.39,115,41,43,58,257,50,54,5,26,135,392
FAST,Fastenal,43.56,53,63,118,105,339,12,7,8,25,52,391
SGI,Somnigroup International,72.92,84,41,36,63,224,82,54,5,25,166,390
CHD,Church & Dwight,99.09,44,0,-11,343,376,7,-11,-9,24,11,387
ADI,Analog Devices,245.12,84,41,6,178,309,-7,47,5,25,70,379
NVDA,Nvidia,164.1,84,40,9,133,266,34,48,5,25,112,378
JPM,JPMorgan Chase,288.1,-3,43,118,157,315,-21,54,5,25,63,378
AVGO,Broadcom,275.37,84,44,14,115,257,29,56,5,29,119,376
SF,Stifel,109.63,101,31,3,58,193,113,46,2,19,180,373
SNPS,Synopsys,566.87,67,28,2,179,276,78,20,3,-4,97,373
USFD,US Foods,80.25,65,44,138,34,281,57,3,5,25,90,371
PGR,Progressive Corporation,249.36,-38,-21,100,176,217,-37,-17,17,188,151,368
AAPL,Apple Inc.,212.42,48,8,0,250,306,2,8,-20,70,60,366
WSO,Watsco,476.37,59,1,0,195,255,60,2,-23,70,109,364
MSFT,Microsoft,501.52,19,48,11,172,250,29,56,5,24,114,364
J,Jacobs Solutions,136.21,70,39,1,105,215,75,54,2,18,149,364
AXON,Axon Enterprise,733.04,-7,52,140,93,278,-7,56,5,29,83,361
LRCX,Lam Research,101.07,80,41,4,151,276,35,48,5,-4,84,360
URI,United Rentals,819.37,84,41,2,63,190,99,12,3,56,170,360
GD,General Dynamics,303.34,73,63,3,53,192,85,18,5,56,164,356
SYF,Synchrony Financial,71.15,101,41,12,20,174,106,54,3,17,180,354
NDAQ,"Nasdaq, Inc.",90.71,14,47,71,143,275,6,54,5,13,78,353
GGG,Graco Inc.,88.77,82,41,3,177,303,7,9,5,28,49,352
WELL,Welltower,152.71,4,38,111,57,210,-10,-1,128,23,140,350
MCK,McKesson Corporation,714.54,-6,114,37,57,202,-6,54,33,66,147,349
BSY,Bentley Systems,56.68,121,44,4,0,169,124,56,5,-5,180,349
TPR,"Tapestry, Inc.",97.64,115,41,75,20,251,28,47,3,18,96,347
MA,Mastercard,563.61,49,0,121,154,324,2,-11,5,25,21,345
SPGI,S&P Global,529.9,84,41,11,171,307,5,10,3,20,38,345
EME,Emcor,547.63,116,41,12,57,226,3,56,3,56,118,344
IBM,IBM,287.34,-7,46,104,53,196,-12,54,51,55,148,344
TRMB,Trimble Inc.,80.83,84,41,74,3,202,81,46,3,11,141,343
NEU,NewMarket,733.76,86,63,14,28,191,51,55,17,26,149,340
H,Hyatt Hotels,152.25,82,24,0,54,160,78,47,1,54,180,340
PM,Philip Morris International,180.96,2,114,65,54,235,1,-3,80,26,104,339
HLT,Hilton Worldwide,277.52,83,41,11,63,198,104,9,3,25,141,339
CBOE,Cboe Global Markets,234.29,42,37,139,54,272,-12,11,17,50,66,338
ITW,Illinois Tool Works,262.06,68,12,2,177,259,45,4,2,28,79,338
NRG,NRG Energy,151.36,-26,54,98,93,219,-21,10,108,20,117,336
ORI,Old Republic International,36.62,-18,-1,142,57,180,-21,10,112,54,155,335
RTX,RTX Corporation,146.4,19,40,72,53,184,11,46,79,13,149,333
HEI,HEICO (Common),311.32,-17,48,20,188,239,-20,46,11,56,93,332
AZO,AutoZone,3726.28,50,0,89,85,224,2,1,49,56,108,332
IBKR,Interactive Brokers,58.92,67,41,84,56,248,11,10,5,56,82,330
BSX,Boston Scientific,103.85,-26,0,139,143,256,4,9,5,56,74,330
MCD,McDonald's,298.43,7,-22,47,241,273,7,-25,17,56,55,328
CSL,Carlisle Companies,416.11,79,7,0,177,263,36,5,5,19,65,328
MCO,Moody's Corporation,505.72,79,41,11,155,286,7,8,3,24,42,328
ACM,AECOM,115.58,66,47,11,64,188,10,54,5,71,140,328
V,Visa Inc.,355.85,49,2,132,132,315,-7,-11,5,25,12,327
TXN,Texas Instruments,219.75,88,41,4,21,154,107,45,5,15,172,326
OZK,Bank OZK,51.65,84,41,12,55,192,94,17,3,18,132,324
AMAT,Applied Materials,198.02,80,41,0,148,269,35,21,3,-4,55,324
MSA,MSA Safety,175.06,48,43,0,163,254,14,54,5,-4,69,323
EVR,Evercore,300.45,100,40,2,57,199,42,54,3,25,124,323
COF,Capital One,220.8,84,47,89,20,240,7,54,5,17,83,323
FERG,Ferguson Enterprises,224.4,83,43,6,64,196,44,54,5,24,127,323
LPLA,LPL Financial,380.83,43,42,40,98,223,35,3,5,56,99,322
KEX,Kirby Corporation,116.99,66,41,1,34,142,80,54,5,41,180,322
UNP,Union Pacific Corporation,237.0,82,12,2,197,293,14,11,-15,18,28,321
BK,BNY Mellon,93.63,42,43,89,39,213,38,47,5,18,108,321
BR,Broadridge Financial Solutions,238.57,-1,40,109,144,292,1,-2,5,24,28,320
RF,Regions Financial Corporation,24.85,95,40,2,21,158,97,47,3,13,160,318
NFG,National Fuel Gas,82.24,-27,125,55,51,204,-18,56,66,9,113,317
SCHW,Charles Schwab Corporation,93.0,59,54,72,10,195,50,54,5,13,122,317
FNB,FNB Corporation,16.0,83,41,2,54,180,94,21,4,18,137,317
WTFC,Wintrust Financial,133.32,84,41,4,48,177,64,54,3,18,139,316
CNM,Core & Main,62.33,83,43,14,0,140,94,54,5,23,176,316
INTU,Intuit,747.68,-9,54,12,190,247,-11,54,5,19,67,314
AWI,Armstrong World Industries,169.54,84,48,89,20,241,43,7,5,18,73,314
GRMN,Garmin,217.79,66,14,107,18,205,81,6,1,20,108,313
BLK,BlackRock,1104.48,81,40,12,21,154,80,54,5,20,159,313
RL,Ralph Lauren Corporation,289.87,84,43,89,33,249,29,4,5,25,63,312
DOV,Dover Corporation,190.52,79,30,0,105,214,75,4,1,18,98,312
MMC,Marsh McLennan,214.67,0,-22,0,174,152,5,-17,-6,177,159,311
ADP,Automatic Data Processing,306.74,3,0,80,179,262,1,-14,5,56,48,310
CAT,Caterpillar Inc.,408.36,84,40,3,63,190,14,47,3,56,120,310
ARES,Ares Management,180.09,23,41,12,58,134,11,54,5,105,175,309
DUK,Duke Energy,118.17,7,1,71,182,261,7,7,17,15,46,307
VRSN,Verisign,285.29,15,152,31,8,206,28,20,47,6,101,307
ROL,"Rollins, Inc.",55.62,-26,0,26,285,285,-19,-13,18,34,20,305
KEY,Keycorp,18.48,94,41,3,3,141,101,47,3,12,163,304
PWR,Quanta Services,380.08,20,48,12,98,178,-7,56,5,71,125,303
NFLX,Netflix,1249.78,-7,59,111,19,182,-38,56,82,19,119,301
ARMK,Aramark,43.63,84,45,10,39,178,14,49,5,55,123,301
MAR,Marriott International,282.4,83,41,4,57,185,78,9,2,26,115,300
SNX,TD Synnex,142.26,84,41,10,62,197,33,47,3,20,103,300
MSI,Motorola Solutions,417.74,-2,0,0,152,150,-19,6,-22,184,149,299
PFGC,Performance Food Group,90.4,48,44,48,42,182,54,2,5,56,117,299
WBS,Webster Bank,59.52,81,41,3,13,138,92,49,3,16,160,298
LLY,Lilly (Eli),790.44,14,1,0,171,186,19,-1,-2,95,111,297
GTES,Gates Corporation,24.74,84,41,12,14,151,75,49,5,17,146,297
FYBR,Frontier Communications,36.68,87,2,84,0,173,16,5,89,13,123,296
FHN,First Horizon Corporation,22.1,84,41,47,3,175,97,12,3,9,121,296
FITB,Fifth Third Bancorp,44.05,94,17,2,21,134,99,46,2,15,162,296
ALLE,Allegion,151.55,88,53,4,20,165,97,7,5,21,130,295
MSM,MSC Industrial Direct,91.66,66,41,2,57,166,75,56,5,-8,128,294
CFG,Citizens Financial Group,47.9,97,29,3,3,132,101,46,2,13,162,294
SEIC,SEI Investments Company,93.79,82,47,87,34,250,2,10,5,25,42,292
JCI,Johnson Controls,106.33,68,49,70,18,205,11,54,5,17,87,292
PH,Parker Hannifin,714.19,80,42,12,64,198,6,54,5,29,94,292
AMGN,Amgen,300.26,45,6,2,164,217,44,4,-9,35,74,291
WAB,Wabtec,213.75,68,43,14,48,173,4,54,5,55,118,291
FWONK,Liberty Formula 1 (Series C),103.89,7,44,65,56,172,7,51,5,55,118,290
KKR,KKR & Co. Inc.,143.06,80,30,1,102,213,31,23,1,20,75,288
CTAS,Cintas,216.53,-37,0,14,164,141,-35,-13,8,186,146,287
AN,AutoNation,214.86,46,43,12,60,161,7,56,5,56,124,285
RBC,RBC Bearings,378.91,-6,45,88,57,184,-18,54,9,56,101,285
DTE,DTE Energy,133.64,7,0,69,188,264,7,-22,22,12,19,283
OMF,OneMain Financial,59.82,101,41,12,59,213,-12,52,5,25,70,283
FWONA,Liberty Formula 1 (Series A),93.23,-3,43,64,61,165,7,52,4,55,118,283
SPOT,Spotify,708.92,-43,55,107,11,130,-12,56,90,19,153,283
BX,Blackstone Inc.,164.04,80,12,0,104,196,75,10,-19,20,86,282
AMP,Ameriprise Financial,542.12,84,40,4,63,191,6,12,3,70,91,282
PAG,Penske Automotive Group,183.96,44,42,10,61,157,7,56,5,56,124,281
ATI,ATI Inc.,88.1,38,48,11,42,139,31,54,5,51,141,280
HEI-A,HEICO (Class A),242.11,-21,49,21,181,230,-40,47,12,29,48,278
GILD,Gilead Sciences,114.52,58,35,46,34,173,61,2,3,38,104,277
BPOP,"Popular, Inc.",113.72,87,48,12,58,205,-5,54,5,18,72,277
TT,Trane Technologies,434.37,3,49,11,163,226,7,9,5,28,49,275
EPR,EPR Properties,59.77,46,43,52,28,169,7,54,25,20,106,275
ALGM,Allegro MicroSystems,37.5,115,40,6,0,161,84,41,3,-15,113,274
UNM,Unum,80.48,-2,10,180,39,227,-18,7,5,53,47,274
CAH,Cardinal Health,162.14,-17,63,50,37,133,-12,54,43,56,141,274
CG,Carlyle Group (The),58.51,82,32,3,20,137,75,43,2,17,137,274
AVT,Avnet,56.3,84,41,2,44,171,80,18,5,-1,102,273
RBA,RB Global,107.71,9,2,99,26,136,11,1,104,21,137,273
PFG,Principal Financial Group,81.61,83,12,2,54,151,94,7,2,17,120,271
VMI,Valmont Industries,340.11,69,31,57,57,214,-5,51,2,9,57,271
ETN,Eaton Corporation,357.8,2,41,3,113,159,-17,54,3,71,111,270
TNL,Travel + Leisure Co.,57.89,82,31,4,15,132,75,47,2,13,137,269
ZION,Zions Bancorporation,56.28,84,23,2,3,112,95,46,2,14,157,269
FFIV,"F5, Inc.",300.0,59,40,89,13,201,-7,54,5,16,68,269
LECO,Lincoln Electric,223.73,83,40,2,64,189,36,47,3,-6,80,269
AMG,Affiliated Managers Group,206.92,80,47,6,21,154,76,18,5,16,115,269
PCAR,Paccar,99.22,77,7,-17,158,225,12,4,-9,33,40,265
OLLI,Ollie's Bargain Outlet,126.74,-9,41,110,15,157,2,22,58,22,104,261
TXT,Textron,85.22,80,41,0,52,173,36,51,5,-4,88,261
AME,Ametek,181.4,0,41,3,105,149,3,4,5,100,112,261
RPM,RPM International,114.38,45,3,-14,179,213,15,1,2,29,47,260
SYK,Stryker Corporation,394.83,7,41,12,158,218,4,7,3,28,42,260
WRB,W. R. Berkley Corporation,69.16,-38,0,89,175,226,-36,-6,19,54,31,257
WYNN,Wynn Resorts,111.94,115,43,3,2,163,87,9,5,-7,94,257
MKL,Markel,1992.03,23,40,63,54,180,-5,54,3,25,77,257
HON,Honeywell,236.74,0,41,11,177,229,-5,5,5,21,26,255
ANSS,Ansys,374.32,66,41,12,10,129,78,20,5,22,125,254
TSCO,Tractor Supply Company,57.44,45,7,1,84,137,43,17,-28,84,116,253
LYV,Live Nation Entertainment,144.47,-26,42,89,146,251,-33,16,4,15,2,253
NWS,News Corp (Class B),34.45,6,44,107,57,214,4,9,5,20,38,252
BEN,Franklin Templeton Investments,25.13,158,44,3,1,206,7,54,5,-21,45,251
DE,Deere & Company,519.23,9,43,44,108,204,4,-6,40,9,47,251
ANET,Arista Networks,106.31,76,26,2,57,161,29,22,-16,55,90,251
PAYX,Paychex,145.31,0,-4,79,166,241,1,-14,8,13,8,249
LIN,Linde plc,470.48,0,39,8,109,156,-24,7,5,105,93,249
TFC,Truist Financial,45.49,94,15,2,3,114,97,23,2,13,135,249
ATO,Atmos Energy,154.37,5,0,69,44,118,12,-6,80,44,130,248
R,Ryder,176.01,84,26,6,55,171,7,12,3,55,77,248
STWD,Starwood Property Trust,20.96,44,41,13,57,155,43,25,5,20,93,248
MMM,3M,157.34,84,41,69,13,207,16,6,5,13,40,247
MPWR,Monolithic Power Systems,740.63,-1,41,0,156,196,-5,51,5,-1,50,246
LHX,L3Harris,259.93,44,63,7,4,118,52,56,7,13,128,246
JNPR,Juniper Networks,39.95,56,31,2,53,142,75,8,2,19,104,246
CACI,CACI,480.0,0,24,0,153,177,-13,15,9,56,67,244
LAZ,Lazard,52.03,87,24,1,19,131,87,12,2,12,113,244
SOFI,SoFi,20.98,101,33,41,0,175,31,24,3,10,68,243
ST,Sensata Technologies,32.33,95,41,0,-14,122,107,45,3,-34,121,243
LNW,Light & Wonder,100.97,73,11,2,56,142,75,11,-10,24,100,242
EBAY,eBay,77.23,14,50,72,13,149,7,-6,77,15,93,242
SSNC,SS&C Technologies,83.59,66,17,85,13,181,3,42,2,14,61,242
GS,Goldman Sachs,709.08,0,41,87,57,185,-21,52,5,20,56,241
LVS,Las Vegas Sands,50.5,84,41,1,1,127,78,47,2,-13,114,241
ARW,Arrow Electronics,133.23,90,48,3,3,144,45,54,5,-7,97,241
BKNG,Booking Holdings,5716.85,0,53,131,34,218,-12,4,5,25,22,240
PNR,Pentair,107.67,83,41,4,61,189,13,12,3,23,51,240
OSK,Oshkosh Corporation,126.61,66,40,6,3,115,75,45,3,1,124,239
SN,SharkNinja,111.14,101,17,3,0,121,106,9,2,0,117,238
CFR,Frost Bank,137.54,81,41,3,3,128,92,6,3,9,110,238
KNSL,Kinsale Capital Group,489.14,21,26,11,32,90,27,35,2,84,148,238
AAON,AAON,80.0,21,-21,-8,244,236,15,-23,-20,30,2,238
STT,State Street Corporation,110.15,100,43,12,15,170,2,48,4,13,67,237
FDS,FactSet,449.98,11,0,0,193,204,5,2,4,22,33,237
CME,CME Group,275.19,0,0,49,135,184,-13,2,45,18,52,236
VICI,Vici Properties,33.63,45,22,53,14,134,6,22,18,56,102,236
AON,AON,359.1,12,0,1,176,189,19,-17,-10,55,47,236
AXP,American Express,325.67,6,41,12,98,157,1,54,3,20,78,235
VRTX,Vertex Pharmaceuticals,479.53,44,2,2,103,151,43,5,-1,36,83,234
SCI,Service Corporation International,80.74,-1,24,3,174,200,-6,24,3,12,33,233
SHW,Sherwin-Williams,351.76,7,2,0,189,198,7,4,5,18,34,232
HPE,Hewlett Packard Enterprise,21.27,80,37,2,41,160,5,11,2,53,71,231
MS,Morgan Stanley,143.08,1,41,71,63,176,-17,52,5,15,55,231
MPC,Marathon Petroleum,182.26,44,43,2,48,137,48,47,5,-7,93,230
JHG,Janus Henderson,41.43,81,26,1,18,126,75,10,2,17,104,230
EWBC,East West Bancorp,108.14,99,41,4,21,165,-9,52,4,18,65,230
VST,Vistra Corp.,195.81,18,40,14,29,101,29,53,3,44,129,230
SSD,Simpson Manufacturing Company,168.12,44,7,-21,155,185,13,6,1,25,45,230
L,Loews Corporation,90.48,-5,41,107,54,197,-9,13,5,23,32,229
ROP,Roper Technologies,549.59,-18,-1,24,181,186,-19,-2,39,25,43,229
KR,Kroger,70.71,0,14,74,66,154,5,11,45,14,75,229
BLD,TopBuild,385.0,94,15,0,45,154,57,18,1,-2,74,228
PNFP,Pinnacle Financial Partners,119.59,84,41,2,14,141,57,9,3,17,86,227
TDY,Teledyne Technologies,527.81,69,40,47,13,169,28,10,5,14,57,226
WMT,Walmart,94.87,-15,0,122,100,207,-13,-1,5,28,19,226
JBL,Jabil,220.99,0,44,14,64,122,-12,54,6,56,104,226
LAMR,Lamar Advertising,125.34,48,31,2,63,144,4,54,3,20,81,225
ELAN,Elanco,15.05,66,44,1,-6,105,75,46,4,-5,120,225
T,AT&T,27.6,-21,38,65,15,97,-29,54,89,14,128,225
QRVO,Qorvo,90.32,82,41,0,-30,93,84,49,3,-4,132,225
SPR,Spirit AeroSystems,39.83,59,55,13,0,127,58,2,25,13,98,225
IVZ,Invesco,17.41,84,17,2,1,104,94,13,2,12,121,225
NUE,Nucor,143.32,110,18,0,2,130,80,19,2,-7,94,224
XPO,"XPO, Inc.",134.0,84,23,0,60,167,14,15,2,26,57,224
MTB,M&T Bank,203.98,94,41,3,21,159,1,47,3,13,64,223
EXPE,Expedia Group,183.04,59,14,44,10,127,78,4,1,13,96,223
WAL,Western Alliance Bancorporation,85.12,82,14,2,3,101,92,11,2,17,122,223
FIX,Comfort Systems USA,534.3,6,44,12,63,125,-17,56,5,54,98,223
COHR,Coherent Corp.,93.71,73,40,1,14,128,31,47,2,14,94,222
SNV,Synovus,55.11,90,41,3,20,154,4,47,3,13,67,221
GOOG,Alphabet (Class C),178.69,5,30,0,175,210,1,4,-14,20,11,221
ITT,ITT Inc.,157.59,-1,47,11,98,155,-18,54,5,25,66,221
CVNA,Carvana,345.81,57,53,87,10,207,-12,6,5,15,14,221
AM,Antero Midstream,17.45,-39,0,143,22,126,-40,7,73,54,94,220
MCHP,Microchip Technology,75.06,94,41,0,2,137,36,47,5,-6,82,219
BRO,Brown & Brown,107.8,-38,-50,111,162,185,2,10,-5,25,32,217
HLI,Houlihan Lokey,190.66,43,43,12,43,141,34,12,5,25,76,217
GOOGL,Alphabet (Class A),177.63,0,30,0,175,205,1,4,-14,20,11,216
AMD,Advanced Micro Devices,144.16,7,40,0,109,156,14,47,5,-6,60,216
NOC,Northrop Grumman,513.76,36,8,5,57,106,58,28,12,11,109,215
RITM,Rithm Capital,11.75,50,41,12,31,134,43,8,5,25,81,215
CINF,Cincinnati Financial,147.84,5,47,80,61,193,2,1,5,14,22,215
CXT,Crane NXT,59.32,37,31,1,54,123,41,-5,1,55,92,215
HOOD,Robinhood Markets,98.74,14,43,76,0,133,5,54,5,17,81,214
VIRT,Virtu Financial,44.06,0,55,71,13,139,-19,15,66,13,75,214
NI,NiSource,39.61,0,2,69,44,115,5,-3,84,13,99,214
VNT,Vontier,38.62,82,41,2,0,125,41,48,3,-4,88,213
VRSK,Verisk Analytics,302.79,-21,0,63,113,155,-10,-13,54,27,58,213
VMC,Vulcan Materials,270.74,58,7,1,59,125,56,1,5,26,88,213
MLM,Martin Marietta Materials,564.52,59,50,1,59,169,11,1,5,26,43,212
SLM,Sallie Mae,33.7,7,48,85,21,161,-12,4,39,20,51,212
CW,Curtiss-Wright,474.5,-2,49,14,53,114,-12,56,5,48,97,211
FCNCA,First Citizens BancShares,2131.56,92,23,0,58,173,7,9,2,20,38,211
HBAN,Huntington Bancshares,17.56,82,41,4,20,147,-9,52,5,15,63,210
VLO,Valero Energy,154.81,38,41,1,43,123,44,43,4,-4,87,210
PSX,Phillips 66,134.42,44,40,0,40,124,44,42,4,-4,86,210
PANW,Palo Alto Networks,192.13,-7,41,12,80,126,23,-1,5,56,83,209
FCX,Freeport-McMoRan,47.19,70,41,2,57,170,-9,47,5,-5,38,208
ESI,Element Solutions,25.11,84,13,-15,56,138,36,13,2,19,70,208
CNH,CNH Industrial,13.8,61,42,14,1,118,75,8,5,1,89,207
STLD,Steel Dynamics,137.31,43,7,2,54,106,36,1,5,56,98,204
DASH,DoorDash,238.21,-2,40,92,0,130,-2,53,5,17,73,203
CAR,Avis Budget Group,189.09,115,57,4,-19,157,7,67,8,-36,46,203
OGE,OGE Energy,44.53,4,2,63,44,113,7,7,63,13,90,203
PPL,PPL Corporation,34.33,7,0,71,22,100,9,-3,83,13,102,202
IR,Ingersoll Rand,88.71,80,40,-16,22,126,36,10,2,28,76,202
PHM,PulteGroup,115.22,83,14,-18,64,143,12,18,1,28,59,202
APH,Amphenol,98.29,0,54,14,64,132,-17,56,5,26,70,202
EHC,Encompass Health,117.49,-38,55,138,28,183,-36,7,19,28,18,201
HD,Home Depot (The),373.3,7,2,0,179,188,7,6,-19,18,12,200
FOUR,Shift4,103.73,84,21,3,0,108,31,50,-12,23,92,200
HCA,HCA Healthcare,378.26,-1,55,9,96,159,-7,8,11,28,40,199
GLPI,Gaming and Leisure Properties,48.21,45,7,2,64,118,6,21,-3,56,80,198
SMG,Scotts Miracle-Gro Company,69.45,71,37,-17,-38,53,92,40,1,12,145,198
MDLZ,Mondelez International,67.15,-14,14,4,181,185,-21,28,14,-8,13,198
BOKF,BOK Financial Corporation,104.45,81,10,0,21,112,88,6,-21,13,86,198
AEP,American Electric Power,106.04,50,5,68,22,145,14,7,18,13,52,197
PSTG,Pure Storage,57.56,20,40,2,41,103,29,8,1,56,94,197
ODFL,Old Dominion Freight Line,171.1,9,7,-21,186,181,7,4,-26,31,16,197
PNC,PNC Financial Services,198.21,94,31,2,13,140,-5,46,2,13,56,196
F,Ford Motor Company,11.9,63,55,2,0,120,58,17,5,-4,76,196
DCI,Donaldson Company,71.64,66,41,0,64,171,7,-17,5,29,24,195
APG,APi Group,34.61,19,48,13,0,80,31,54,5,25,115,195
ALL,Allstate,194.68,-24,0,92,158,226,-36,-17,6,16,-31,195
IONS,Ionis Pharmaceuticals,42.34,101,44,0,0,145,4,50,5,-9,50,195
TKR,Timken Company,78.54,80,26,0,3,109,43,45,2,-4,86,195
EXP,Eagle Materials,226.67,83,1,-10,56,130,57,4,-24,26,63,193
AOS,A. O. Smith,70.45,79,7,-37,57,106,80,5,5,-4,86,192
WFC,Wells Fargo,82.33,0,41,87,28,156,2,11,5,18,36,192
CWEN-A,Clearway Energy (Class A),30.46,14,39,53,5,111,5,50,17,9,81,192
APO,Apollo Global Management,148.15,20,23,0,96,139,15,11,1,25,52,191
MTSI,MACOM Technology Solutions,137.09,-6,41,11,57,103,4,53,3,28,88,191
CWEN,Clearway Energy (Class C),32.24,14,39,53,3,109,6,50,17,9,82,191
CMI,Cummins,340.11,66,13,0,64,143,14,4,1,29,48,191
KO,Coca-Cola Company (The),69.77,-19,0,23,181,185,-31,5,18,13,5,190
UBER,Uber,96.39,80,53,13,0,146,-2,10,11,25,44,190
EXEL,Exelixis,45.15,-3,40,59,13,109,2,5,50,23,80,189
DKS,Dick's Sporting Goods,214.67,73,7,1,62,143,17,13,-16,32,46,189
VOYA,Voya Financial,73.22,83,41,0,3,127,13,15,3,30,61,188
RBLX,Roblox Corporation,105.01,18,53,48,0,119,-6,54,11,10,69,188
LDOS,Leidos,163.0,88,53,0,22,163,-12,10,8,18,24,187
PCOR,Procore,72.98,80,12,2,0,94,78,9,-12,18,93,187
PB,Prosperity Bancshares,74.71,71,7,0,13,91,94,7,-19,13,95,186
DINO,HF Sinclair,46.02,51,43,0,1,95,44,48,5,-7,90,185
FTI,TechnipFMC,35.36,22,41,12,26,101,-3,45,5,36,83,184
GWRE,Guidewire Software,224.89,-7,54,105,20,172,-7,-5,5,19,12,184
PLNT,Planet Fitness,108.33,5,37,58,12,112,5,48,5,13,71,183
XYL,Xylem Inc.,131.62,78,41,3,21,143,4,10,5,21,40,183
CARR,Carrier Global,76.71,81,48,3,0,132,11,9,5,25,50,182
RLI,RLI Corp.,70.71,-1,-25,-6,174,142,-4,-18,-24,86,40,182
SAIC,SAIC,116.33,73,1,-32,66,108,3,6,9,56,74,182
TOL,Toll Brothers,122.7,84,25,-18,60,151,12,18,-24,25,31,182
BA,Boeing,226.05,59,54,3,0,116,66,5,5,-10,66,182
DRI,Darden Restaurants,212.87,-18,60,39,60,141,-27,-5,43,29,40,181
TMUS,T-Mobile US,228.1,-10,-42,89,138,175,-29,4,-3,34,6,181
CELH,Celsius Holdings,45.18,-3,80,0,64,141,-1,36,13,-8,40,181
XOM,ExxonMobil,114.93,21,7,1,43,72,36,19,4,49,108,180
HII,Huntington Ingalls Industries,258.13,71,80,3,5,159,6,11,11,-8,20,179
EVRG,Evergy,69.42,7,22,53,13,95,-19,22,72,9,84,179
ETR,Entergy,82.11,0,0,68,21,89,5,-13,84,13,89,178
BBWI,"Bath & Body Works, Inc.",33.67,107,7,-20,-14,80,107,7,-11,-5,98,178
CSCO,Cisco,68.78,0,41,43,13,97,5,47,5,24,81,178
ROK,Rockwell Automation,345.05,66,44,10,14,134,2,46,5,-10,43,177
AGNC,AGNC Investment,9.44,44,26,6,15,91,43,24,3,16,86,177
TTWO,Take-Two Interactive,235.34,-7,61,40,12,106,-7,18,40,19,70,176
MSTR,MicroStrategy,421.69,18,6,94,18,136,8,7,5,19,39,175
APD,Air Products,294.0,74,12,0,15,101,36,42,-14,9,73,174
WWD,"Woodward, Inc.",246.39,0,50,14,34,98,-6,52,5,25,76,174
CB,Chubb Limited,280.56,-29,-6,96,57,118,1,-17,17,55,56,174
FTNT,Fortinet,100.19,-4,0,49,112,157,-5,4,5,12,16,173
KIM,Kimco Realty,21.37,7,40,0,54,101,2,54,3,13,72,173
MANH,Manhattan Associates,199.78,83,35,-24,64,158,-7,17,-22,26,14,172
APPF,AppFolio,245.37,44,26,1,27,98,44,18,-15,27,74,172
FHB,"First Hawaiian, Inc.",26.21,82,13,2,13,110,-5,51,2,13,61,171
KMI,Kinder Morgan,27.79,-25,39,87,43,144,-40,12,3,51,26,170
STE,Steris,230.74,-31,0,9,194,172,-31,-13,17,24,-3,169
WSM,"Williams-Sonoma, Inc.",177.34,66,7,3,64,140,11,9,-12,20,28,168
TKO,TKO Group Holdings,172.94,-23,51,66,39,133,-37,18,5,49,35,168
META,Meta Platforms,727.46,2,41,12,28,83,14,46,3,22,85,168
ABBV,AbbVie,194.96,44,3,12,57,116,7,-9,-9,63,52,168
GE,GE Aerospace,252.58,1,52,14,26,93,11,10,25,28,74,167
AXS,AXIS Capital,97.0,-38,0,81,44,87,-36,-13,77,52,80,167
WMB,Williams Companies,57.78,-44,0,107,51,114,-40,32,5,56,53,167
GEV,GE Vernova,539.54,20,53,0,0,73,31,56,6,0,93,166
MGM,MGM Resorts International,38.83,61,21,0,1,83,74,15,2,-8,83,166
EQH,Equitable Holdings,53.77,-14,41,87,10,124,-28,47,5,18,42,166
NTRA,Natera,163.43,0,32,87,17,136,9,-2,5,18,30,166
LEA,Lear Corporation,107.71,66,41,0,-16,91,75,10,4,-14,75,166
NBIX,Neurocrine Biosciences,134.9,45,32,1,24,102,14,51,2,-3,64,166
NET,Cloudflare,181.93,-7,41,34,0,68,24,51,5,18,98,166
CMA,Comerica,64.0,82,15,2,3,102,2,46,2,11,61,163
CLH,Clean Harbors,231.41,0,48,0,57,105,-10,6,5,56,57,162
CBSH,Commerce Bancshares,66.09,61,7,2,3,73,65,7,5,12,89,162
LOW,Lowe's,227.96,7,0,-15,165,157,4,5,-22,18,5,162
EXPD,Expeditors International,119.28,7,9,1,130,147,7,9,1,-2,15,162
SRE,Sempra,74.86,-29,0,-10,180,141,4,1,3,13,21,162
CRWD,CrowdStrike,487.18,-5,54,40,0,89,-7,56,5,19,73,162
KD,Kyndryl,41.58,-2,43,104,0,145,-9,4,3,19,17,162
CRH,CRH plc,95.89,59,6,2,63,130,14,4,-12,26,32,162
UGI,UGI Corporation,35.8,5,55,37,3,100,17,-3,44,4,62,162
LFUS,Littelfuse,237.58,84,41,-20,0,105,13,46,3,-7,55,160
ESAB,ESAB,128.15,51,6,3,0,60,75,4,5,16,100,160
DELL,Dell Technologies,127.93,20,41,1,31,93,10,54,5,-3,66,159
ZG,Zillow (Class A),76.17,34,14,49,0,97,52,4,-13,19,62,159
SNDR,Schneider National,26.95,50,21,0,1,72,59,40,-22,9,86,158
CMG,Chipotle Mexican Grill,56.42,0,25,-1,79,103,6,18,2,28,54,157
AMCR,Amcor,9.81,66,7,0,0,73,75,9,1,-1,84,157
QGEN,Qiagen,48.52,7,38,7,2,54,7,79,5,12,103,157
LII,Lennox International,617.16,88,8,1,37,134,8,7,-18,26,23,157
AZEK,Azek,54.32,17,52,15,0,84,33,14,7,18,72,156
MNST,Monster Beverage,59.16,-20,-2,21,179,178,-28,-11,14,3,-22,156
TOST,"Toast, Inc.",44.26,31,42,72,0,145,-12,1,5,16,10,155
ROKU,"Roku, Inc.",90.26,80,22,5,-18,89,30,46,-13,3,66,155
CCK,Crown Holdings,107.47,45,51,12,4,112,4,23,5,11,43,155
DLTR,Dollar Tree,108.37,47,58,1,-14,92,7,57,20,-21,63,155
GWW,W. W. Grainger,1048.15,10,0,0,93,103,7,-16,5,56,52,155
SNA,Snap-on,320.32,46,1,0,58,105,4,4,-14,56,50,155
PEG,Public Service Enterprise Group,82.19,0,20,0,151,171,-36,27,-23,16,-16,155
GXO,GXO Logistics,51.67,94,41,-32,0,103,7,47,4,-7,51,154
CTVA,Corteva,74.83,-5,54,48,0,97,-12,54,5,10,57,154
ADT,ADT Inc.,8.55,12,61,26,0,99,23,5,20,7,55,154
NCLH,Norwegian Cruise Line Holdings,23.16,80,12,0,0,92,15,42,-15,19,61,153
RMD,Resmed,258.07,8,47,12,12,79,4,53,4,12,73,152
CBRE,CBRE Group,141.23,0,25,87,21,133,-18,21,3,13,19,152
SCCO,Southern Copper,102.19,0,40,3,61,104,-9,53,5,-1,48,152
WHR,Whirlpool Corporation,108.36,178,18,2,-25,173,-12,40,-15,-35,-22,151
ALLY,Ally Financial,40.52,83,31,3,3,120,-12,25,3,15,31,151
ZBRA,Zebra Technologies,330.37,84,27,0,-6,105,4,46,-16,12,46,151
WH,Wyndham Hotels & Resorts,89.32,58,2,0,10,70,75,4,-12,14,81,151
MKSI,MKS Instruments,106.95,80,26,-22,-12,72,35,46,1,-4,78,150
THC,Tenet Healthcare,173.67,4,50,9,56,119,-5,10,3,23,31,150
Z,Zillow (Class C),78.91,49,14,6,0,69,52,23,-13,19,81,150
ULTA,Ulta Beauty,476.23,47,51,7,3,108,-12,54,7,-8,41,149
DTM,DT Midstream,102.65,-40,47,98,0,105,-40,54,5,24,43,148
SLGN,Silgan Holdings,55.33,-4,47,14,79,136,-14,9,5,12,12,148
HES,Hess Corporation,152.1,23,6,2,54,85,43,26,-6,-1,62,147
CPNG,Coupang,30.44,6,47,12,0,65,7,54,5,16,82,147
DD,DuPont,76.11,66,12,0,18,96,43,7,2,-2,50,146
CSGP,CoStar Group,86.03,45,23,1,13,82,36,18,18,-8,64,146
LNT,Alliant Energy,62.58,44,1,63,13,121,7,1,5,12,25,146
TRU,TransUnion,95.01,43,30,0,2,75,45,9,3,13,70,145
NEM,Newmont,59.77,6,65,14,4,89,5,27,14,9,55,144
NVT,Nvent Electric,74.69,5,41,3,11,60,31,54,3,-4,84,144
HIW,Highwoods Properties,31.29,7,47,6,5,65,7,54,5,12,78,143
COIN,Coinbase,388.97,15,40,4,0,59,9,54,4,17,84,143
PNW,Pinnacle West Capital,91.32,7,1,63,17,88,7,5,17,25,54,142
W,Wayfair,58.83,115,41,2,-40,118,11,47,5,-39,24,142
LAD,Lithia Motors,356.59,47,22,2,13,84,7,47,-17,20,57,141
EL,Estée Lauder Companies (The),92.09,115,31,0,-25,121,7,44,3,-34,20,141
USB,U.S. Bancorp,47.55,80,41,2,3,126,-11,10,2,14,15,141
VVV,Valvoline,39.05,61,26,-21,30,96,3,42,2,-3,44,140
NTAP,Netapp,106.42,0,26,-20,56,62,1,54,2,21,78,140
CVX,Chevron Corporation,154.19,22,3,2,47,74,43,24,-7,5,65,139
IDA,Idacorp,117.93,19,10,51,17,97,10,2,21,9,42,139
WEC,WEC Energy Group,105.69,9,0,50,12,71,7,-13,63,10,67,138
NLY,Annaly Capital Management,19.82,31,23,13,9,76,35,9,3,15,62,138
NVST,Envista,20.72,81,26,1,0,108,13,47,1,-31,30,138
LOPE,Grand Canyon Education,174.18,-38,-4,142,34,134,-38,-21,29,33,3,137
PKG,Packaging Corporation of America,207.3,45,9,0,60,114,15,4,-21,25,23,137
SKX,Skechers,63.13,0,39,-19,54,74,-11,46,2,25,62,136
MU,Micron Technology,123.1,0,40,4,21,65,24,46,5,-4,71,136
PPC,Pilgrim's Pride,44.89,-4,-25,81,20,72,-5,-46,98,17,64,136
NVR,"NVR, Inc.",7697.56,66,10,-18,64,122,7,6,-27,28,14,136
RRX,Regal Rexnord,151.73,80,41,-23,2,100,5,17,2,12,36,136
BLDR,Builders FirstSource,135.14,88,7,-23,64,136,15,13,-27,-2,-1,135
HR,Healthcare Realty Trust,16.18,154,9,0,-38,125,11,15,-24,8,10,135
NSC,Norfolk Southern,263.15,7,40,6,3,56,7,54,5,13,79,135
AEE,Ameren,96.26,6,0,51,12,69,4,-3,56,9,66,135
ZS,Zscaler,296.11,-7,54,12,4,63,-7,56,5,17,71,134
AMZN,Amazon,222.28,6,31,12,20,69,-2,46,2,19,65,134
DAL,Delta Air Lines,56.79,61,13,0,18,92,29,4,-16,25,42,134
OC,Owens Corning,150.23,62,7,-19,57,107,15,7,-23,28,27,134
BURL,Burlington Stores,252.74,54,4,0,2,60,75,3,-21,16,73,133
BWXT,BWX Technologies,136.47,-21,39,8,34,60,-18,56,5,30,73,133
XEL,Xcel Energy,68.45,7,-6,46,11,58,6,6,54,8,74,132
FOXA,Fox Corporation (Class A),56.73,0,40,63,0,103,3,10,3,13,29,132
DDS,Dillard's,436.96,0,23,9,53,85,-18,9,2,54,47,132
THG,Hanover Insurance,163.49,-7,0,56,23,72,12,-13,48,13,60,132
LUV,Southwest Airlines,37.33,54,40,11,-38,67,54,4,3,3,64,131
ECG,Everus Construction Group,67.33,43,39,0,0,82,34,13,2,0,49,131
ABNB,Airbnb,137.0,45,26,0,0,71,75,-13,2,-4,60,131
BALL,Ball Corporation,58.4,45,41,0,-10,76,1,53,5,-4,55,131
LNG,Cheniere Energy,234.09,-17,0,55,57,95,-36,12,5,55,36,131
HAS,Hasbro,77.1,9,41,9,2,61,3,52,5,10,70,131
SMCI,Supermicro,50.36,21,17,0,57,95,14,40,-11,-8,35,130
FLS,Flowserve,54.17,73,12,0,26,111,7,4,-16,24,19,130
MTZ,MasTec,168.84,0,47,14,17,78,-19,54,5,12,52,130
GM,General Motors,53.13,60,23,2,10,95,6,15,2,12,35,130
GNRC,Generac,151.98,87,25,-15,-33,64,12,43,2,9,66,130
IP,International Paper,52.44,59,6,0,15,80,45,4,-15,15,49,129
TXRH,Texas Roadhouse,186.41,-5,42,4,63,104,4,-16,5,30,23,127
LMT,Lockheed Martin,464.31,0,0,-24,164,140,-13,-4,5,-1,-13,127
WDC,Western Digital,65.05,0,41,7,17,65,3,52,5,2,62,127
TRV,Travelers Companies (The),255.97,-38,0,86,57,105,-35,-17,19,55,22,127
DNB,Dun & Bradstreet,9.11,104,20,-21,0,103,59,24,-23,-36,24,127
NWSA,News Corp (Class A),29.65,5,41,4,57,107,-20,14,5,20,19,126
FICO,Fair Isaac,1584.37,-21,-3,-1,165,140,-19,-2,-23,30,-14,126
ESS,Essex Property Trust,286.68,21,23,1,13,58,28,21,5,13,67,125
AGCO,AGCO,113.81,61,43,2,1,107,14,9,6,-12,17,124
MRVL,Marvell Technology,73.35,-29,15,-16,105,75,2,46,-16,17,49,124
BRK-B,Berkshire Hathaway,477.91,-38,-26,119,61,116,1,-38,20,25,8,124
FOX,Fox Corporation (Class B),51.89,-1,40,62,0,101,3,10,2,8,23,124
PR,Permian Resources,14.19,20,40,-3,25,82,-5,43,5,-1,42,124
NXST,Nexstar Media Group,184.93,45,40,4,3,92,13,7,2,9,31,123
C,Citigroup,87.06,0,41,14,17,72,-18,51,5,13,51,123
LPX,Louisiana-Pacific,96.49,45,1,0,62,108,7,1,-19,25,14,122
ABT,Abbott Laboratories,133.6,-37,38,51,12,64,4,-2,43,13,58,122
CF,CF Industries,95.76,21,40,10,3,74,43,-7,5,7,48,122
HIG,Hartford (The),121.93,-38,0,89,56,107,-35,-21,16,55,15,122
GLW,Corning Inc.,52.27,0,40,14,16,70,-12,47,3,13,51,121
NDSN,Nordson,223.07,54,40,-31,1,64,12,46,5,-6,57,121
WING,Wingstop,330.13,0,47,-2,37,82,13,-8,3,30,38,120
WBA,Walgreens Boots Alliance,11.56,66,41,0,-76,31,66,56,1,-34,89,120
BWA,BorgWarner,35.8,62,43,3,1,109,13,7,5,-15,10,119
BKR,Baker Hughes,39.71,38,3,0,34,75,-7,40,-14,25,44,119
PARAA,Paramount Global (Class A),22.98,22,8,34,0,64,33,14,3,5,55,119
VRT,Vertiv,120.68,-7,40,4,7,44,-7,54,2,25,74,118
GEN,Gen Digital,29.68,-2,44,10,15,67,-15,46,5,15,51,118
VEEV,Veeva Systems,281.79,-1,44,40,7,90,8,-2,5,17,28,118
CAVA,Cava Group,91.48,65,2,-9,0,58,78,4,-23,1,60,118
HST,Host Hotels & Resorts,16.58,44,41,-27,1,59,7,54,3,-5,59,118
LH,Labcorp,253.62,-27,47,50,14,84,-33,47,3,17,34,118
STAG,STAG Industrial,35.94,-2,41,2,95,136,-22,1,5,-3,-19,117
DGX,Quest Diagnostics,171.52,-38,0,63,17,42,1,-2,63,13,75,117
MO,Altria,58.54,-14,1,65,44,96,-14,-2,21,15,20,116
PRI,Primerica,267.34,-10,0,0,107,97,-20,7,3,29,19,116
PG,Procter & Gamble,158.46,-21,-18,-1,178,138,-22,-16,-9,25,-22,116
JBHT,J. B. Hunt,154.63,68,10,-26,0,52,83,13,-23,-9,64,116
ALNY,Alnylam Pharmaceuticals,322.67,-2,40,12,14,64,-15,48,5,14,52,116
GAP,Gap Inc.,23.09,66,0,0,17,83,5,3,6,18,32,115
ED,Consolidated Edison,101.06,11,-25,23,46,55,12,-13,17,44,60,115
JEF,Jefferies Financial Group,55.69,0,17,-15,57,59,1,17,-18,56,56,115
EOG,EOG Resources,121.21,0,20,0,44,64,-4,21,-16,50,51,115
WTM,White Mountains Insurance Group,1797.06,1,-1,0,58,58,14,2,-15,55,56,114
IDXX,Idexx Laboratories,540.94,0,48,9,3,60,1,54,5,-7,53,113
BIO,Bio-Rad Laboratories,260.18,101,7,-22,-27,59,105,12,-27,-36,54,113
AMED,Amedisys,97.67,15,58,7,-39,41,20,21,20,9,70,111
BAC,Bank of America,46.95,-6,41,12,17,64,-20,48,5,13,46,110
VAC,Marriott Vacations Worldwide,83.37,102,16,-20,-16,82,37,12,2,-24,27,109
MP,MP Materials,45.29,7,24,27,0,58,-13,21,40,3,51,109
KNX,Knight-Swift,48.22,62,7,-20,0,49,83,5,-16,-12,60,109
ISRG,Intuitive Surgical,526.15,-7,0,89,21,103,-26,3,3,25,5,108
NTRS,Northern Trust,126.61,0,41,11,10,62,-18,47,5,12,46,108
WTW,Willis Towers Watson,309.9,75,0,3,23,101,5,-17,-10,28,6,107
ON,ON Semiconductor,59.51,43,26,-32,0,37,36,47,1,-14,70,107
TTEK,Tetra Tech,36.52,12,39,-24,4,31,3,54,1,18,76,107
UTHR,United Therapeutics,300.21,23,0,-5,56,74,15,-16,-24,58,33,107
WEX,WEX Inc.,154.21,72,23,-38,0,57,44,41,-29,-7,49,106
CNP,Centerpoint Energy,36.15,0,-7,44,44,81,8,-35,38,14,25,106
TER,Teradyne,98.63,96,12,-24,-5,79,7,42,-18,-4,27,106
HAYW,Hayward Holdings,15.23,53,12,1,0,66,17,4,3,15,39,105
IRDM,Iridium Communications,32.06,66,23,2,-18,73,2,45,2,-18,31,104
THO,Thor Industries,94.57,49,25,-21,1,54,6,47,1,-5,49,103
PPG,PPG Industries,119.09,83,41,-41,0,83,13,9,5,-7,20,103
TROW,T. Rowe Price,102.97,82,26,-18,-24,66,14,10,1,12,37,103
QS,QuantumScape,9.08,73,15,1,0,89,31,15,3,-35,14,103
AFG,American Financial Group,127.83,11,8,0,55,74,3,13,-1,13,28,102
CCL,Carnival Corporation & plc,29.11,0,40,12,0,52,-19,48,3,18,50,102
DT,Dynatrace,52.81,-7,39,9,0,41,-7,47,2,19,61,102
APP,AppLovin,346.42,1,0,100,0,101,-2,-15,1,17,1,102
MAT,Mattel,20.21,68,40,9,0,117,4,9,2,-30,-15,102
MDT,Medtronic,89.4,52,7,6,0,65,12,22,-9,12,37,102
KRC,Kilroy Realty,36.49,21,31,0,-39,13,43,34,1,10,88,101
AIG,American International Group,82.46,-38,38,23,52,75,-7,-5,18,20,26,101
AYI,Acuity Brands,302.48,0,17,3,26,46,-12,46,1,19,54,100
CR,Crane Co.,186.78,-6,48,11,0,53,-12,50,5,4,47,100
TRGP,Targa Resources,170.75,0,0,0,50,50,-7,18,-15,53,49,99
SYY,Sysco,77.47,7,28,2,2,39,4,41,2,13,60,99
LITE,Lumentum,92.62,1,39,9,2,51,-12,47,3,9,47,98
ES,Eversource Energy,66.11,44,44,10,-9,89,12,-11,5,1,7,96
BEPC,Brookfield Renewable Partners,33.34,0,42,5,0,47,-18,53,5,9,49,96
AL,Air Lease Corporation,58.99,0,47,12,21,80,-18,4,5,25,16,96
U,Unity Technologies,29.15,58,30,1,0,89,31,4,5,-34,6,95
DOCS,Doximity,60.1,19,11,49,0,79,-5,22,-12,11,16,95
CHDN,Churchill Downs Incorporated,106.8,69,10,-26,0,53,12,28,-27,29,42,95
POST,Post Holdings,107.55,-30,-5,-1,86,50,1,-9,-3,56,45,95
WPC,W. P. Carey,62.49,-1,38,24,0,61,-21,30,21,4,34,95
CHH,Choice Hotels,134.66,61,7,0,14,82,7,4,-12,13,12,94
CHRW,C.H. Robinson,100.85,59,9,0,3,71,13,2,1,7,23,94
IRM,Iron Mountain,98.99,-27,46,0,56,75,-38,-3,5,55,19,94
SWKS,Skyworks Solutions,77.7,80,39,-38,-29,52,-5,49,2,-4,42,94
AMT,American Tower,220.99,5,19,11,5,40,5,24,15,10,54,94
UAL,United Airlines Holdings,91.69,59,14,2,10,85,4,4,-15,15,8,93
MUSA,Murphy USA,427.01,13,-43,-8,67,29,5,5,-24,78,64,93
CART,Maplebear Inc.,48.45,63,10,18,0,91,-5,4,2,0,1,92
RPRX,Royalty Pharma,36.12,7,44,27,0,78,7,23,21,-37,14,92
SBUX,Starbucks,95.13,45,9,5,2,61,-5,40,-10,6,31,92
PSN,Parsons Corporation,75.28,66,26,-22,0,70,-12,25,-25,34,22,92
NYT,New York Times Company,56.38,0,52,10,15,77,-19,7,5,20,13,90
NOW,ServiceNow,968.37,-7,0,0,81,74,-12,4,3,21,16,90
SNOW,Snowflake Inc.,214.33,-7,44,10,0,47,-7,54,5,-9,43,90
MET,Metlife,78.36,-15,40,0,57,82,-26,12,3,17,6,88
ATR,AptarGroup,158.33,0,47,0,19,66,-12,5,5,24,22,88
DLR,Digital Realty,170.49,-2,47,0,21,66,2,-3,5,18,22,88
HXL,Hexcel,59.57,66,13,-24,0,55,14,42,-16,-8,32,87
SNDK,SanDisk,46.93,0,17,0,0,17,29,41,0,0,70,87
EXC,Exelon,43.63,7,-30,50,13,40,10,6,21,9,46,86
RGA,Reinsurance Group of America,196.59,-3,0,0,39,36,13,-19,3,52,49,85
CUBE,CubeSmart,42.3,-2,47,-18,21,48,-19,52,5,-1,37,85
BC,Brunswick Corporation,61.51,45,25,-33,-6,31,45,41,-24,-8,54,85
PEGA,Pegasystems,51.63,-7,53,14,4,64,-7,11,3,14,21,85
PFE,Pfizer,25.78,45,22,-28,-22,17,45,47,2,-27,67,84
CE,Celanese,62.42,61,26,-38,-9,40,43,7,1,-8,43,83
AIZ,Assurant,189.93,-38,-6,-1,151,106,-35,-8,2,18,-23,83
INGR,Ingredion,136.35,-2,7,2,33,40,-19,2,5,55,43,83
DIS,Walt Disney Company (The),121.51,-2,41,10,0,49,-19,45,5,2,33,82
RGLD,Royal Gold,159.79,-28,-4,56,17,41,-28,-9,63,15,41,82
NNN,NNN Reit,43.12,-1,39,3,21,62,-21,23,5,13,20,82
AMKR,Amkor Technology,21.88,80,26,-35,0,71,36,22,-43,-4,11,82
OVV,Ovintiv,40.91,21,23,-32,1,13,44,26,2,-5,67,80
CEG,Constellation Energy,313.81,0,41,11,0,52,-5,9,5,18,27,79
DDOG,Datadog,137.53,-5,31,0,0,26,-12,48,2,14,52,78
MDU,MDU Resources,16.6,0,0,0,39,39,4,1,5,29,39,78
FIVE,Five Below,130.1,0,43,0,-15,28,6,52,6,-14,50,78
MTG,MGIC Investment Corporation,25.86,-23,0,14,54,45,-20,20,5,27,32,77
ECL,Ecolab,266.83,-7,39,11,21,64,-18,8,5,18,13,77
BJ,BJ's Wholesale Club,106.7,-52,-8,73,9,22,-13,-24,35,57,55,77
AS,Amer Sports,38.14,-4,41,0,0,37,-12,46,5,0,39,76
DKNG,DraftKings,44.6,13,17,4,0,34,19,17,-13,19,42,76
KEYS,Keysight,164.91,7,41,11,0,59,2,8,3,4,17,76
MAS,Masco,67.51,11,7,-15,64,67,8,7,-27,20,8,75
INCY,Incyte,70.33,7,27,0,-30,4,14,49,1,6,70,74
MTDR,Matador Resources,52.06,21,21,-24,1,19,36,41,-17,-5,55,74
JNJ,Johnson & Johnson,157.65,45,7,3,6,61,12,5,-9,5,13,74
FIS,Fidelity National Information Services,80.23,-21,56,0,0,35,-29,54,4,10,39,74
CPRT,Copart,47.99,-18,-32,-8,175,117,-24,-28,-18,27,-43,74
CRL,Charles River Laboratories,163.66,68,26,-49,-25,20,15,44,1,-7,53,73
TPG,TPG Inc.,55.98,21,24,0,0,45,13,15,-19,18,27,72
TW,Tradeweb,134.6,-40,-1,104,0,63,-12,-6,5,22,9,72
SFD,Smithfield Foods,24.11,0,36,0,0,36,-18,54,0,0,36,72
CSX,CSX Corporation,33.55,8,40,-31,3,20,7,44,5,-5,51,71
PRU,Prudential Financial,107.18,-4,31,-8,54,73,-22,23,-22,18,-3,70
NEE,NextEra Energy,74.64,40,7,1,1,49,7,-3,5,12,21,70
AMH,American Homes 4 Rent,35.74,0,0,-3,67,64,12,-25,5,14,6,70
ALAB,Astera Labs,96.99,16,39,0,0,55,31,1,-17,0,15,70
ACI,Albertsons,22.29,40,4,20,0,64,-12,4,22,-8,6,70
CNXC,Concentrix,59.54,44,7,0,0,51,43,5,3,-32,19,70
TTD,Trade Desk (The),76.85,52,24,-22,3,57,14,1,-22,19,12,69
HRB,H&R Block,56.76,17,-22,0,51,46,7,-34,-1,51,23,69
BXP,"BXP, Inc.",70.28,7,39,0,0,46,12,-6,5,12,23,69
BRX,Brixmor Property Group,25.59,-25,23,0,54,52,-34,20,5,25,16,68
IPGP,IPG Photonics,75.09,66,40,-81,-43,-18,81,47,1,-43,86,68
OWL,Blue Owl Capital,19.59,19,20,0,0,39,13,12,-16,20,29,68
DHI,D. R. Horton,139.64,14,14,-23,64,69,12,18,-30,-1,-1,68
CMS,CMS Energy,70.54,10,-33,71,22,70,7,-39,17,13,-2,68
SEG,Seaport Entertainment Group,21.97,38,5,0,0,43,47,1,-23,0,25,68
LSCC,Lattice Semiconductor,54.9,37,7,0,0,44,36,13,-12,-14,23,67
VTR,"Ventas, Inc.",63.27,7,-30,67,21,65,7,-37,18,14,2,67
COO,Cooper Companies (The),76.7,59,1,-22,-4,34,59,3,-27,-2,33,67
GPK,Graphic Packaging,22.6,45,-85,-14,57,3,43,-22,-27,70,64,67
UI,Ubiquiti,399.66,-4,13,47,9,65,-17,5,5,9,2,67
CI,Cigna,308.64,-32,-4,0,57,21,-35,10,15,56,46,67
AMTM,Amentum,24.01,0,53,0,0,53,-10,18,5,0,13,66
FE,FirstEnergy,40.51,7,0,1,54,62,12,-26,5,13,4,66
MSCI,MSCI,580.68,0,39,0,13,52,-12,4,2,19,13,65
M,"Macy's, Inc.",12.73,52,7,-26,-14,19,67,4,-20,-5,46,65
COKE,Coca-Cola Consolidated,114.2,0,-48,0,85,37,-19,5,-10,51,27,64
SAIA,Saia,306.63,84,0,-21,3,66,15,9,-23,-4,-3,63
SIRI,Sirius XM,24.49,80,13,-78,-30,-15,92,45,-44,-16,77,62
SWK,Stanley Black & Decker,73.84,66,7,-24,-38,11,75,7,-30,-1,51,62
EXR,Extra Space Storage,148.82,0,38,-1,0,37,1,7,5,12,25,62
AFRM,Affirm Holdings,68.54,0,23,7,0,30,-12,24,3,16,31,61
VLTO,Veralto,103.12,9,41,0,0,50,3,4,4,0,11,61
UHS,Universal Health Services,184.04,5,0,-6,21,20,5,7,3,25,40,60
SW,Smurfit Westrock,48.02,60,7,0,0,67,7,4,-18,0,-7,60
NTNX,Nutanix,73.6,-7,0,26,21,40,-7,-1,5,23,20,60
NCNO,nCino,28.86,64,26,-21,0,69,-5,5,-23,14,-9,60
EEFT,Euronet Worldwide,107.36,42,6,2,0,50,4,-11,5,12,10,60
JLL,Jones Lang LaSalle,259.77,7,15,3,13,38,3,20,-15,13,21,59
COLB,Columbia Banking System,25.19,66,7,0,0,73,-8,6,-21,9,-14,59
PINS,Pinterest,35.79,6,26,0,0,32,-12,42,1,-4,27,59
AWK,American Water Works,142.71,11,0,21,1,33,12,-10,17,7,26,59
DPZ,Domino's,469.94,20,0,1,9,30,17,-27,22,17,29,59
LBRDA,Liberty Broadband (Series A),96.74,0,52,42,-35,59,-19,7,5,7,0,59
AAP,Advance Auto Parts,59.6,45,33,0,-27,51,43,-7,5,-33,8,59
LBRDK,Liberty Broadband (Series C),97.22,0,52,42,-35,59,-20,7,5,7,-1,58
GTM,ZoomInfo,10.36,23,14,-18,0,19,29,45,1,-36,39,58
SPG,Simon Property Group,163.45,0,10,0,34,44,-18,9,3,20,14,58
HHH,Howard Hughes Holdings,71.19,33,3,-8,-5,23,44,1,-23,13,35,58
VTRS,Viatris,9.26,66,15,-20,-6,55,-11,19,-24,18,2,57
WFRD,Weatherford International,57.28,49,12,-39,0,22,61,21,-43,-4,35,57
CRUS,Cirrus Logic,106.31,-5,41,-18,18,36,1,17,5,-2,21,57
MTN,Vail Resorts,169.67,46,31,-28,-22,27,59,4,1,-35,29,56
FDX,FedEx,238.73,47,9,-21,31,66,2,14,-23,-3,-10,56
AZTA,Azenta,34.15,70,6,-48,-30,-2,44,35,-14,-8,57,55
DXCM,Dexcom,85.48,9,45,0,-13,41,12,4,5,-8,13,54
MRP,Millrose Properties,29.49,10,30,0,0,40,6,8,0,0,14,54
DG,Dollar General,112.26,-4,82,0,-16,62,-30,30,17,-25,-8,54
D,Dominion Energy,58.16,11,39,9,-33,26,7,7,5,9,28,54
TWLO,Twilio,117.33,-3,33,42,-33,39,-5,9,1,10,15,54
PENN,Penn Entertainment,19.32,103,12,0,-33,82,6,22,-13,-43,-28,54
MASI,Masimo,166.44,-27,14,41,-5,23,5,27,-10,9,31,54
HSIC,Schein (Henry),74.52,8,17,3,0,28,12,10,1,2,25,53
QCOM,Qualcomm,159.11,-2,26,-20,21,25,-20,49,3,-4,28,53
LLYVA,Liberty Live (Series A),77.08,-24,54,23,0,53,-20,15,5,0,0,53
O,Realty Income,56.93,-14,37,5,6,34,-22,23,5,12,18,52
MIDD,Middleby,150.15,12,12,9,0,33,15,3,-11,12,19,52
AFL,Aflac,102.28,-24,-6,0,57,27,-35,9,-3,54,25,52
DOX,Amdocs,89.19,-12,0,12,57,57,-11,-3,5,4,-5,52
OKE,Oneok,80.9,-6,-13,-8,53,26,4,-9,-20,50,25,51
CIEN,Ciena,78.45,-7,41,4,11,49,-20,4,3,15,2,51
UNH,UnitedHealth Group,299.39,-19,-57,-13,-3,-92,-30,15,-26,183,142,50
KMB,Kimberly-Clark,131.96,45,-18,1,17,45,3,-18,-6,25,4,49
LLYVK,Liberty Live (Series C),78.84,-24,47,24,0,47,-20,17,5,0,2,49
EQT,EQT Corporation,54.52,-45,47,36,41,79,-74,-2,36,9,-31,48
ENTG,Entegris,88.0,80,7,-39,-5,43,36,17,-44,-4,5,48
DECK,Deckers Brands,104.97,0,-20,-19,92,53,-21,1,-15,30,-5,48
A,Agilent Technologies,124.18,11,15,-18,0,8,15,44,-15,-4,40,48
SITE,SiteOne Landscape Supply,131.49,50,8,-21,-8,29,43,7,-24,-7,19,48
EFX,Equifax,265.05,47,0,0,15,62,-11,-26,5,17,-15,47
ACGL,Arch Capital Group,88.55,-38,-2,-3,61,18,-10,-17,5,50,28,46
OTIS,Otis Worldwide,99.96,7,8,3,0,18,3,9,-9,25,28,46
OLED,Universal Display Corporation,157.76,-1,41,-32,0,8,-11,48,5,-4,38,46
BAH,Booz Allen Hamilton,107.69,0,-30,-25,100,45,-13,3,-27,37,0,45
SEB,Seaboard Corporation,3014.79,45,15,0,-22,38,5,27,3,-28,7,45
ROIV,Roivant Sciences,11.57,6,2,0,0,8,12,-3,5,23,37,45
INGM,Ingram Micro,21.15,2,26,0,0,28,5,10,2,0,17,45
MEDP,Medpace,328.51,9,15,-22,31,33,4,25,-14,-3,12,45
IEX,IDEX Corporation,185.39,45,3,-23,0,25,44,3,-23,-5,19,44
AXTA,Axalta,30.94,45,-28,-11,21,27,12,4,-24,25,17,44
HPQ,HP Inc.,25.73,62,0,-20,0,42,7,4,-24,15,2,44
FND,Floor & Decor,85.28,68,7,-30,0,45,14,13,-24,-5,-2,43
MHK,Mohawk Industries,113.82,68,3,-21,-10,40,12,7,-29,13,3,43
TFSL,Third Federal S&L,13.18,0,15,3,4,22,-8,6,5,18,21,43
FNF,Fidelity National Financial,51.21,-17,-3,-1,57,36,-19,11,-6,20,6,42
DV,DoubleVerify,15.38,54,14,-65,0,3,57,4,-13,-9,39,42
CTRA,Coterra,25.09,0,0,0,43,43,-3,-4,-7,12,-2,41
MTD,Mettler Toledo,1237.77,12,26,-18,0,20,15,46,-36,-4,21,41
AVY,Avery Dennison,184.51,45,7,-30,1,23,12,7,2,-4,17,40
TYL,Tyler Technologies,559.86,-12,13,0,16,17,-11,40,-23,17,23,40
KDP,Keurig Dr Pepper,33.65,9,0,2,1,12,-7,11,13,11,28,40
EMN,Eastman Chemical Company,81.56,45,1,-16,1,31,36,4,-30,-1,9,40
NU,Nubank,13.03,-7,12,0,0,5,-1,12,5,18,34,39
SARO,StandardAero,30.01,-15,41,0,0,26,-40,48,5,0,13,39
ADM,Archer Daniels Midland,54.74,0,42,0,-10,32,3,18,5,-19,7,39
WMS,Advanced Drainage Systems,122.21,12,25,-35,2,4,14,17,5,-2,34,38
TTC,Toro Company (The),75.94,80,7,-30,-6,51,45,4,-43,-19,-13,38
K,Kellanova,79.64,1,-21,64,20,64,-19,-18,-2,12,-27,37
EGP,EastGroup Properties,166.74,-5,38,0,7,40,1,-6,5,-4,-4,36
CCI,Crown Castle,103.96,11,14,2,-27,0,8,13,15,-1,35,35
CPAY,Corpay,335.48,0,1,0,20,21,2,-15,3,24,14,35
LEN-B,Lennar (Class B),110.79,9,3,-23,61,50,8,7,-30,-1,-16,34
LEN,Lennar (Class A),116.46,8,3,-25,63,49,10,6,-30,-2,-16,33
INFA,Informatica,24.27,-1,32,-37,0,-6,-12,54,3,-6,39,33
ADSK,Autodesk,286.19,-7,0,0,13,6,-8,12,5,18,27,33
GFS,GlobalFoundries,41.22,45,19,-77,0,-13,43,17,1,-16,45,32
MOS,Mosaic Company (The),35.9,-5,61,11,-15,52,-12,11,10,-29,-20,32
DOC,Healthpeak Properties,18.54,47,1,0,-30,18,12,21,-27,8,14,32
LNC,Lincoln Financial,34.26,0,10,13,-5,18,-7,10,3,7,13,31
GPC,Genuine Parts Company,126.0,52,8,0,0,60,-19,1,5,-16,-29,31
RNR,RenaissanceRe,238.42,-7,0,-3,34,24,-6,-17,3,27,7,31
SUI,Sun Communities,125.84,-2,32,4,-23,11,-19,22,5,10,18,29
WBD,Warner Bros. Discovery,11.64,17,21,7,-41,4,25,41,3,-44,25,29
RH,RH,213.48,44,2,-19,-6,21,11,7,-18,8,8,29
IAC,IAC Inc.,41.67,59,10,1,-30,40,12,12,1,-37,-12,28
ROST,Ross Stores,130.85,0,-18,-8,34,8,12,-26,6,28,20,28
VNO,Vornado Realty Trust,38.51,6,2,0,3,11,11,-11,3,14,17,28
PK,Park Hotels & Resorts,11.35,45,7,-21,0,31,15,7,-23,-4,-5,26
WAT,Waters Corporation,353.16,0,1,0,13,14,7,6,-15,13,11,25
REGN,Regeneron Pharmaceuticals,559.63,53,0,-36,0,17,45,3,-37,-3,8,25
WLK,Westlake Corporation,86.51,60,0,-35,0,25,45,7,-47,-5,0,25
MAA,Mid-America Apartment Communities,151.16,35,-27,1,0,9,43,-34,-3,10,16,25
ACHC,Acadia Healthcare,24.7,58,0,-43,-10,5,68,4,-37,-15,20,25
SEE,Sealed Air,32.7,45,41,-19,-23,44,5,4,3,-31,-19,25
AGO,Assured Guaranty,83.22,-29,0,-1,55,25,-40,13,5,21,-1,24
FR,First Industrial Realty Trust,49.08,4,1,-8,13,10,1,-3,3,13,14,24
FI,Fiserv,169.7,-10,0,-9,34,15,-19,12,-10,26,9,24
OHI,Omega Healthcare Investors,36.67,0,-4,0,39,35,-22,-14,-6,30,-12,23
REXR,Rexford Industrial,36.94,37,26,-41,-17,5,7,41,1,-31,18,23
PARA,Paramount Global (Class B),12.77,0,42,3,-38,7,3,48,7,-44,14,21
HOLX,Hologic,66.86,8,29,-30,0,7,14,36,-30,-6,14,21
ELF,e.l.f. Beauty,115.38,-21,33,-45,30,-3,-22,47,3,-4,24,21
VKTX,Viking Therapeutics,31.29,23,7,-35,20,15,36,3,-28,-5,6,21
CL,Colgate-Palmolive,90.62,-1,-2,-1,22,18,-15,2,-9,25,3,21
AA,Alcoa,31.58,52,8,-16,-19,25,7,41,-22,-31,-5,20
CACC,Credit Acceptance,530.25,0,17,2,2,21,-18,18,2,-4,-2,19
ALK,Alaska Air Group,54.19,7,7,0,1,15,4,4,-12,8,4,19
FTV,Fortive,53.04,26,2,-16,32,44,4,-13,-12,-4,-25,19
CCCS,CCC Intelligent Solutions,9.75,43,15,-23,0,35,-7,18,-22,-5,-16,19
FSLR,First Solar,165.03,-2,6,-34,61,31,-18,6,5,-5,-12,19
DAY,Dayforce,58.26,23,3,-15,-11,0,45,-11,-19,4,19,19
GEHC,GE HealthCare,76.5,7,10,-15,0,2,7,15,-13,7,16,18
SOLV,Solventum,75.88,-18,14,0,0,-4,-21,42,1,0,22,18
CTSH,Cognizant,76.71,-6,0,0,13,7,-13,4,2,17,10,17
IT,Gartner,387.68,-15,-18,-16,57,8,-13,-21,-14,56,8,16
FCN,FTI Consulting,164.58,48,0,-32,0,16,42,4,-42,-4,0,16
DLB,Dolby Laboratories,75.71,9,3,2,1,15,5,4,-15,7,1,16
MRNA,Moderna,34.29,66,4,-50,-3,17,81,6,-50,-38,-1,16
BBY,Best Buy,73.71,45,7,-19,-5,28,15,4,-30,-1,-12,16
CC,Chemours,14.04,68,7,-60,-12,3,45,18,-22,-29,12,15
AES,AES Corporation,12.4,38,2,-37,-10,-7,42,2,1,-23,22,15
MTCH,Match Group,33.6,45,25,1,-36,35,12,33,-28,-37,-20,15
CUZ,Cousins Properties,29.01,-40,31,6,10,7,-34,24,5,12,7,14
POOL,Pool Corporation,311.19,45,2,-18,-5,24,14,7,-24,-8,-11,13
WST,West Pharmaceutical Services,229.25,14,24,-22,-6,10,8,24,-22,-7,3,13
GRAL,"Grail, Inc.",43.4,-28,21,0,0,-7,-38,54,3,0,19,12
TRIP,Tripadvisor,18.17,45,6,0,-51,0,52,1,2,-43,12,12
UHAL,U-Haul,62.16,19,0,-10,21,30,14,-29,-23,19,-19,11
REG,Regency Centers,69.25,-28,0,0,52,24,-33,-3,5,18,-13,11
ONTO,Onto Innovation,102.88,21,0,-21,0,0,13,17,-16,-3,11,11
CPRI,Capri Holdings,19.72,61,10,-67,-10,-6,75,4,-31,-31,17,11
EW,Edwards Lifesciences,78.8,7,15,1,-13,10,4,6,25,-34,1,11
SON,Sonoco,47.01,45,7,-39,0,13,4,4,2,-13,-3,10
AVB,AvalonBay Communities,202.69,0,1,0,15,16,-14,-4,-2,14,-6,10
LYB,LyondellBasell,65.34,44,3,-39,0,8,44,17,-53,-6,2,10
MSGS,Madison Square Garden Sports,203.8,-17,15,-1,20,17,-22,9,-21,26,-8,9
EA,Electronic Arts,151.23,-25,17,0,6,-2,-36,16,11,20,11,9
CRM,Salesforce,263.92,-7,0,-8,21,6,-7,6,-16,20,3,9
CGNX,Cognex Corporation,34.74,67,23,-35,-30,25,13,9,1,-39,-16,9
CHRD,Chord Energy,108.04,23,22,-45,1,1,36,25,-49,-5,7,8
CDW,CDW,179.69,-1,41,-37,3,6,4,4,1,-7,2,8
HRL,Hormel Foods,31.52,22,10,1,-22,11,19,2,5,-29,-3,8
SBAC,SBA Communications,232.76,-2,14,11,-19,4,-26,13,12,4,3,7
VZ,Verizon,42.01,-13,-2,25,9,19,-26,-17,18,13,-12,7
ALSN,Allison Transmission,95.51,-5,0,0,34,29,-22,-18,-16,33,-23,6
G,Genpact,45.28,0,5,3,2,10,-8,5,-10,9,-4,6
KBR,"KBR, Inc.",47.14,-7,-14,-25,0,-46,13,-14,-3,56,52,6
BMY,Bristol Myers Squibb,48.5,14,0,0,-4,10,10,-10,-9,4,-5,5
CPT,Camden Property Trust,113.41,-1,0,0,0,-1,2,-11,5,10,6,5
JKHY,Jack Henry & Associates,179.56,-2,9,11,3,21,-10,-17,1,10,-16,5
ASH,Ashland Global,54.46,51,3,-36,-8,10,44,7,-48,-9,-6,4
GL,Globe Life,119.18,-27,0,40,13,26,-32,7,-4,7,-22,4
CFLT,"Confluent, Inc.",24.5,-7,10,-11,0,-8,-13,35,-13,3,12,4
EQR,Equity Residential,67.08,4,0,0,12,16,2,-32,5,12,-13,3
SHC,Sotera Health,11.89,45,0,-22,0,23,5,-25,5,-5,-20,3
VNOM,Viper Energy,37.12,-31,-13,-4,43,-5,-7,-9,-23,46,7,2
LYFT,Lyft,15.32,-3,0,3,0,0,-8,5,5,-1,1,1
DVA,DaVita,143.4,-1,0,0,19,18,-29,9,-15,18,-17,1
DVN,Devon Energy,33.96,21,7,-45,-4,-21,36,3,4,-21,22,1
XP,XP Inc.,18.6,-24,55,7,0,38,-35,-6,11,-7,-37,1
UDR,"UDR, Inc.",40.48,-2,-1,0,0,-3,-8,-6,5,12,3,0
PODD,Insulet,297.46,-44,0,40,3,-1,4,-17,9,5,1,0
RKT,Rocket Companies,13.79,-28,15,0,0,-13,-27,37,4,-1,13,0
TSLA,"Tesla, Inc.",309.93,0,0,-1,9,8,3,-3,-19,9,-10,-2
OXY,Occidental Petroleum,45.87,21,7,-50,0,-22,36,-4,1,-15,18,-4
RRC,Range Resources,37.67,-52,0,29,41,18,-78,-3,5,54,-22,-4
PCTY,Paylocity,182.92,33,-1,0,-2,30,-5,-21,-14,4,-36,-6
DHR,Danaher Corporation,205.52,7,23,-24,0,6,4,22,-35,-3,-12,-6
OMC,Omnicom Group,73.42,0,0,-22,1,-21,-14,7,-27,49,15,-6
DOCU,DocuSign,76.39,-2,-21,-1,-11,-35,31,-15,3,10,29,-6
SLB,Schlumberger,36.65,23,0,-65,0,-42,57,3,-16,-9,35,-7
CLF,Cleveland-Cliffs,9.78,54,6,-58,-15,-13,51,19,-58,-7,5,-8
FANG,Diamondback Energy,143.03,6,3,-24,46,31,15,-7,-43,-4,-39,-8
FAF,First American Financial Corporation,56.54,-18,-1,-1,13,-7,-19,15,-14,17,-1,-8
PLD,Prologis,108.39,7,7,-18,0,-4,3,-10,5,-4,-6,-10
ALGN,Align Technology,204.38,79,26,-62,-24,19,50,15,-57,-37,-29,-10
BROS,Dutch Bros. Coffee,63.72,-49,0,48,0,-1,-7,-15,3,10,-9,-10
MRK,Merck & Co.,84.05,45,2,-42,0,5,14,21,-46,-5,-16,-11
LKQ,LKQ Corporation,39.22,44,-18,0,0,26,12,-24,-9,-16,-37,-11
XYZ,"Block, Inc.",68.75,6,19,-19,-35,-29,-12,38,-20,12,18,-11
WSC,WillScot Mobile Mini,30.7,78,7,-60,0,25,7,4,-37,-11,-37,-12
ETSY,Etsy,58.17,20,31,0,-29,22,7,-10,5,-36,-34,-12
COP,ConocoPhillips,95.39,21,6,-40,1,-12,44,19,-56,-7,0,-12
OLN,Olin Corporation,22.64,45,3,-55,-8,-15,75,6,-57,-22,2,-13
PATH,UiPath,12.89,0,0,-6,0,-6,-6,2,5,-9,-8,-14
UHAL-B,U-Haul (Series N),56.8,43,1,-18,0,26,12,-28,-32,8,-40,-14
TEAM,Atlassian,200.05,-3,-1,-1,-5,-10,-5,4,-13,10,-4,-14
APTV,Aptiv,70.58,0,41,2,-23,20,-13,7,5,-35,-36,-16
RYN,Rayonier,23.53,38,0,-15,-4,19,12,-12,-27,-8,-35,-16
WTRG,Essential Utilities,37.54,5,-20,1,0,-14,12,-36,17,4,-3,-17
PVH,PVH Corp.,74.32,61,0,-27,-2,32,4,-24,-23,-6,-49,-17
JAZZ,Jazz Pharmaceuticals,112.48,22,0,-10,-5,7,36,-12,-11,-38,-25,-18
TECH,Bio-Techne,54.42,22,0,-22,-23,-23,14,17,-22,-5,4,-19
EQIX,Equinix,759.54,-29,-5,-3,33,-4,-26,-11,-3,25,-15,-19
MAN,ManpowerGroup,44.93,45,0,-41,-27,-23,74,5,-41,-35,3,-20
CHTR,Charter Communications,401.49,-5,9,13,-35,-18,-20,7,5,5,-3,-21
GTLB,GitLab,45.1,0,-1,-16,0,-17,-7,1,-15,17,-4,-21
GNTX,Gentex,23.27,61,6,-37,-7,23,12,4,-54,-7,-45,-22
ADC,Agree Realty,71.0,-73,-11,58,15,-11,-36,-5,18,12,-11,-22
TREX,"Trex Company, Inc.",64.11,45,2,-49,-12,-14,12,6,-21,-5,-8,-22
RVTY,Revvity,102.4,11,1,-15,-23,-26,4,17,-20,2,3,-23
TMO,Thermo Fisher Scientific,429.36,6,0,-17,-4,-15,3,6,-16,-2,-9,-24
TPL,Texas Pacific Land Corporation,1051.03,-17,-28,-4,57,8,-22,-28,5,12,-33,-25
EG,Everest Group,340.38,20,-22,-31,54,21,12,-22,-32,-4,-46,-25
FBIN,Fortune Brands Innovations,54.85,12,0,-21,-4,-13,8,7,-27,-1,-13,-26
GDDY,GoDaddy,170.77,-17,-1,0,21,3,-12,-25,-14,21,-30,-27
IFF,International Flavors & Fragrances,76.62,37,3,-18,-30,-8,12,-12,-30,10,-20,-28
ENOV,Enovis,35.92,61,2,-60,-16,-13,36,4,-20,-36,-16,-29
FRT,Federal Realty Investment Trust,94.66,-1,7,-18,1,-11,4,-11,-24,13,-18,-29
DAR,Darling Ingredients,38.29,0,18,0,-19,-1,-19,17,3,-29,-28,-29
MORN,"Morningstar, Inc.",298.92,-18,0,-15,27,-6,-45,3,2,17,-23,-29
CROX,Crocs,105.81,0,0,-37,0,-37,3,4,5,-4,8,-29
AVTR,Avantor,13.7,-1,0,-24,0,-25,7,27,-35,-4,-5,-30
VFC,VF Corporation,12.93,45,-18,-15,-42,-30,7,1,-15,6,-1,-31
PYPL,PayPal,75.71,0,31,0,-38,-7,-19,6,-19,8,-24,-31
CZR,Caesars Entertainment,31.52,45,14,-21,-24,14,12,9,-30,-36,-45,-31
OKTA,"Okta, Inc.",94.41,-7,-22,19,-23,-33,-2,-26,24,5,1,-32
MDB,MongoDB Inc.,209.32,5,12,-21,-8,-12,23,-13,-22,-8,-20,-32
SJM,J.M. Smucker Company (The),104.64,52,-21,-7,-3,21,-5,-21,-5,-22,-53,-32
TGT,Target Corporation,104.78,7,7,-26,-10,-22,7,21,-34,-5,-11,-33
S,SentinelOne,17.92,-2,-1,-20,0,-23,-5,4,-23,13,-11,-34
ESTC,Elastic NV,84.75,0,-1,-8,-5,-14,-7,3,-13,-3,-20,-34
WDAY,"Workday, Inc.",229.26,-7,-3,-5,13,-2,-7,-27,3,-1,-32,-34
PSA,Public Storage,288.74,-18,0,-6,14,-10,-24,-17,5,12,-24,-34
KVUE,Kenvue,20.92,-2,-25,0,0,-27,3,-26,14,2,-7,-34
NOV,NOV Inc.,13.77,21,3,-50,-11,-37,36,22,-41,-14,3,-34
HUBS,HubSpot,553.92,5,-20,-5,10,-10,-1,-28,-13,18,-24,-34
RGEN,Repligen,134.01,22,3,-11,-16,-2,14,4,-15,-36,-33,-35
RIVN,Rivian,13.32,0,-9,-2,0,-11,14,-24,6,-20,-24,-35
ACN,Accenture,288.27,-7,-2,-18,0,-27,-11,-1,-14,18,-8,-35
ARE,Alexandria Real Estate Equities,79.29,44,0,-32,-29,-17,43,15,-43,-34,-19,-36
NWL,Newell Brands,5.9,45,7,-22,-30,0,8,11,-22,-35,-38,-38
AKAM,Akamai Technologies,79.44,-4,8,-21,-6,-23,-1,16,-21,-9,-15,-38
YETI,Yeti Holdings,32.88,7,8,-30,-5,-20,4,7,-21,-9,-19,-39
CMCSA,Comcast,35.42,-2,13,-30,-8,-27,-26,18,2,-7,-13,-40
CERT,"Certara, Inc.",11.5,6,-19,-10,0,-23,13,2,-2,-31,-18,-41
PII,Polaris Inc.,50.07,47,10,-95,-16,-54,59,7,-38,-16,12,-42
CNA,CNA Financial,43.92,-28,-25,0,56,3,-35,-26,-4,19,-46,-43
ZM,Zoom Communications,75.04,-7,0,0,0,-7,-20,-24,5,3,-36,-43
INTC,Intel,23.81,21,3,-64,-19,-59,21,17,-12,-11,15,-44
ZTS,Zoetis,159.06,2,0,-30,-2,-30,1,-15,4,-4,-14,-44
ILMN,"Illumina, Inc.",100.1,7,21,-23,-39,-34,4,47,-23,-39,-11,-45
TAP,Molson Coors,49.79,40,-52,-8,0,-20,12,-26,-9,-2,-25,-45
EXE,Expand Energy,105.19,-48,-2,36,0,-14,-72,-5,36,9,-32,-46
OGN,Organon & Co.,10.04,1,0,-24,0,-23,-5,22,-37,-3,-23,-46
ANGI,Angi Inc.,16.84,45,26,-35,-50,-14,6,4,1,-43,-32,-46
IQV,IQVIA,165.58,7,1,-35,-5,-32,4,22,-37,-5,-16,-48
PEP,PepsiCo,136.05,9,0,-37,0,-28,4,21,-34,-12,-21,-49
CLVT,Clarivate,4.47,64,12,-72,-5,-1,21,3,-32,-41,-49,-50
INVH,Invitation Homes,32.38,-73,0,-3,6,-70,2,-11,16,13,20,-50
UA,Under Armour (Class C),6.64,-1,33,-23,-36,-27,6,6,1,-36,-23,-50
QDEL,QuidelOrtho,31.55,52,0,-18,-37,-3,13,2,-18,-46,-49,-52
DOW,Dow Inc.,30.22,21,0,-38,0,-17,36,-11,-53,-7,-35,-52
HUN,Huntsman Corporation,11.88,23,0,-40,-14,-31,45,1,-35,-32,-21,-52
FRPT,Freshpet,70.74,0,-18,-19,-5,-42,7,-22,-15,18,-12,-54
UWMC,United Wholesale Mortgage,4.16,-7,-1,-24,0,-32,12,6,-37,-3,-22,-54
CIVI,Civitas Resources,31.81,21,3,-50,-5,-31,38,-4,-50,-8,-24,-55
BMRN,BioMarin Pharmaceutical,58.83,44,-66,-45,-19,-86,59,3,-10,-21,31,-55
WY,Weyerhaeuser,26.17,0,0,-18,0,-18,7,-8,-30,-7,-38,-56
RYAN,Ryan Specialty,64.64,-38,-11,0,0,-49,-10,-17,-4,24,-7,-56
KMPR,Kemper Corporation,61.61,-38,0,-1,3,-36,-34,-1,2,13,-20,-56
PLTK,Playtika,4.89,0,7,-21,0,-14,3,5,-22,-30,-44,-58
PAYC,Paycom,229.32,0,0,14,-23,-9,-6,-15,5,-36,-52,-61
EXAS,Exact Sciences,53.27,-2,0,-23,-24,-49,-2,2,3,-15,-12,-61
BILL,Bill.com,46.39,-1,9,-19,0,-11,-7,8,-15,-36,-50,-61
TSN,Tyson Foods,54.64,-18,-4,-1,-27,-50,-24,7,-6,10,-13,-63
BHF,Brighthouse Financial,52.1,-75,-5,13,10,-57,5,-23,5,7,-6,-63
MKC,McCormick & Company,72.44,-28,-2,-1,-1,-32,-31,-1,-9,9,-32,-64
INSP,Inspire Medical Systems,139.25,21,-38,-18,-5,-40,13,1,-23,-16,-25,-65
ALB,Albemarle Corporation,74.26,66,6,-123,-22,-73,36,17,-22,-24,7,-66
LEG,Leggett & Platt,10.32,45,26,-127,-29,-85,36,17,2,-37,18,-67
GPN,Global Payments,81.22,7,0,-22,-38,-53,4,9,-19,-9,-15,-68
FMC,FMC Corporation,42.66,-2,30,-35,-23,-30,-16,34,-31,-25,-38,-68
HOG,Harley-Davidson,25.11,7,3,-38,-8,-36,6,4,-33,-10,-33,-69
BRBR,BellRing Brands,58.28,5,-45,-8,0,-48,4,-37,-14,26,-21,-69
EIX,Edison International,51.3,-21,-24,-27,0,-72,3,-25,-24,49,3,-69
KMX,CarMax,66.94,-13,0,-14,-35,-62,-20,18,-18,10,-10,-72
BIIB,Biogen,135.33,45,6,-79,-26,-54,38,2,-42,-17,-19,-73
BFAM,Bright Horizons,116.6,-39,-4,-1,0,-44,-34,-20,10,14,-30,-74
LULU,Lululemon Athletica,238.52,-2,-23,-6,-2,-33,2,-17,-15,-11,-41,-74
LSTR,Landstar,145.73,7,7,-30,0,-16,-19,3,-37,-6,-59,-75
HAL,Halliburton,22.17,21,0,-58,-4,-41,36,-6,-57,-8,-35,-76
LCID,Lucid Motors,2.33,20,-29,-27,0,-36,31,-26,-12,-34,-41,-77
HSY,Hershey Company (The),164.63,-18,7,-40,-3,-54,-19,22,-9,-18,-24,-78
LBTYA,Liberty Global (Series A),10.23,7,0,-35,-30,-58,12,9,-33,-9,-21,-79
ELS,Equity Lifestyle Properties,61.82,-1,-11,-16,0,-28,2,-25,-27,-2,-52,-80
PINC,"Premier, Inc.",21.47,-14,0,12,-27,-29,-12,-16,10,-33,-51,-80
FTRE,Fortrea,5.27,7,0,-31,0,-24,12,-7,-60,-1,-56,-80
UAA,Under Armour (Class A),7.09,0,31,-23,-43,-35,6,6,-23,-36,-47,-82
RARE,Ultragenyx,31.04,-7,-1,-22,-37,-67,-4,20,-30,-2,-16,-83
IPG,Interpublic Group of Companies (The),24.98,0,7,-38,0,-31,-14,9,-35,-16,-56,-87
APA,APA Corporation,20.41,22,23,-80,-11,-46,58,3,-84,-18,-41,-87
COLM,Columbia Sportswear,63.56,7,-84,-16,-5,-98,6,4,-11,12,11,-87
ZBH,Zimmer Biomet,95.15,45,0,-60,-16,-31,12,7,-59,-17,-57,-88
LBTYK,Liberty Global (Series C),10.53,8,0,-35,-29,-56,12,22,-32,-35,-33,-89
EPAM,EPAM Systems,177.64,-2,12,-21,-26,-37,-11,5,-12,-36,-54,-91
BG,Bunge Global,76.55,-51,0,-39,0,-90,2,-4,5,-4,-1,-91
AR,Antero Resources,35.85,-64,-2,36,9,-21,-79,-5,5,9,-70,-91
MKTX,MarketAxess,218.83,0,0,-23,-28,-51,2,-5,5,-43,-41,-92
BRKR,Bruker,43.59,8,7,-55,-7,-47,4,17,-59,-8,-46,-93
DBX,Dropbox,27.32,-45,-1,0,8,-38,-37,-28,-2,7,-60,-98
NSA,National Storage Affiliates,32.23,0,-34,-10,-3,-47,3,-35,-31,11,-52,-99
GME,GameStop,23.09,-28,-19,-5,-29,-81,3,-21,6,-6,-18,-99
KSS,Kohl's,9.66,47,7,-57,-30,-33,14,7,-58,-31,-68,-101
COTY,Coty,5.11,37,0,-59,-6,-28,4,-8,-61,-8,-73,-101
SPB,Spectrum Brands,57.63,49,-141,-23,-3,-118,13,3,-22,23,17,-101
DUOL,Duolingo,380.32,-152,-7,48,0,-111,-1,-21,9,22,9,-102
RNG,RingCentral,28.61,0,22,-21,-40,-39,-12,9,-21,-44,-68,-107
LOAR,Loar Holdings,78.7,-39,-4,0,0,-43,-43,-31,9,0,-65,-108
DJT,Trump Media & Technology Group,18.93,31,-28,-51,0,-48,-5,-30,-19,-8,-62,-110
STZ,Constellation Brands,172.11,44,-24,-40,-2,-22,1,-28,-56,-7,-90,-112
PEN,"Penumbra, Inc.",243.68,-44,-30,27,10,-37,-43,-33,-1,2,-75,-112
MOH,Molina Healthcare,228.57,-38,-33,-8,-1,-80,-31,7,-4,-7,-35,-115
ELV,Elevance Health,345.85,-38,-6,-39,0,-83,-35,7,-5,-2,-35,-118
LINE,"Lineage, Inc.",43.08,-16,-66,0,0,-82,-9,-2,-26,0,-37,-119
NKE,"Nike, Inc.",74.62,0,9,-72,-20,-83,-14,9,2,-35,-38,-121
AAL,American Airlines Group,12.95,7,9,-16,-75,-75,1,4,-16,-38,-49,-124
PCG,PG&E Corporation,13.53,-30,-25,-25,-1,-81,-31,-27,-24,39,-43,-124
ADBE,Adobe Inc.,371.33,-18,-2,-31,-5,-56,-11,-18,-35,-4,-68,-124
WEN,Wendy's Company (The),11.29,-33,-11,-32,-7,-83,2,-2,-27,-14,-41,-124
VSTS,Vestis,6.23,21,-110,-16,0,-105,13,-12,-22,0,-21,-126
PRGO,Perrigo,27.27,8,12,0,-112,-92,11,7,1,-54,-35,-127
BDX,Becton Dickinson,177.44,7,-94,-23,-4,-114,7,7,-14,-14,-14,-128
BAX,Baxter International,29.69,-13,-2,-18,-37,-70,-9,-1,-9,-40,-59,-129
XRAY,Dentsply Sirona,16.62,58,14,-76,-41,-45,13,4,-63,-39,-85,-130
UPS,United Parcel Service,102.91,0,0,-101,-15,-116,5,41,-29,-33,-16,-132
GLOB,Globant,87.5,-7,-37,-21,-6,-71,-5,-31,-21,-6,-63,-134
TXG,10x Genomics,12.62,1,22,-71,0,-48,2,23,-70,-41,-86,-134
TDC,Teradata,22.28,-2,8,-74,-16,-84,-19,4,-22,-15,-52,-136
FIVN,Five9,27.85,31,7,-74,-34,-70,-4,-12,-12,-39,-67,-137
APLS,Apellis Pharmaceuticals,19.53,14,0,-65,-15,-66,13,-11,-63,-17,-78,-144
REYN,Reynolds Consumer Products,21.91,8,-107,-23,0,-122,12,1,-35,-2,-24,-146
GMED,Globus Medical,57.79,-28,-96,-10,-1,-135,3,-12,-15,11,-13,-148
CLX,Clorox,127.85,44,-129,-12,-4,-101,46,-87,-22,12,-51,-152
BIRK,Birkenstock,47.79,-130,-11,-5,0,-146,-3,-18,5,0,-16,-162
BF-B,Brown–Forman (Class B),29.1,52,-28,-98,-17,-91,12,-27,-30,-27,-72,-163
SRPT,Sarepta Therapeutics,19.07,17,-123,-24,-6,-136,36,-17,-45,-5,-31,-167
CRI,Carter's,33.11,45,-110,-57,-16,-138,12,1,-34,-8,-29,-167
BF-A,Brown–Forman (Class A),29.21,53,-28,-97,-17,-89,7,-28,-37,-23,-81,-170
DXC,DXC Technology,15.11,-4,-1,-20,-72,-97,-18,5,-27,-33,-73,-170
WU,Western Union,8.6,43,-66,-18,-45,-86,3,-35,-53,-4,-89,-175
KHC,Kraft Heinz,26.48,1,-54,-37,-3,-93,-21,-44,-9,-9,-83,-176
HUM,Humana,232.17,-28,-4,-84,-11,-127,-30,9,-15,-19,-55,-182
CNC,Centene,32.49,-38,-34,-39,-10,-121,2,-32,-8,-27,-65,-186
LW,Lamb Weston,51.33,-36,-2,-67,-7,-112,-43,-8,-21,-13,-85,-197
GO,Grocery Outlet,12.88,-3,-17,-95,0,-115,-18,-38,-1,-27,-84,-199
RHI,Robert Half,42.92,8,-115,-24,-8,-139,12,-20,-22,-31,-61,-200
ENPH,Enphase Energy,42.99,44,-125,-41,-19,-141,7,3,-48,-23,-61,-202
GIS,General Mills,51.37,-17,-65,-36,-3,-121,-22,-11,-32,-18,-83,-204
SAM,Boston Beer Company,197.55,0,-30,-30,-36,-96,1,-40,-26,-43,-108,-204
MPW,Medical Properties Trust,4.16,-31,-41,-2,-35,-109,-22,-39,-2,-34,-97,-206
COLD,Americold,16.57,-18,-69,-36,-10,-133,-21,-11,-36,-14,-82,-215
NFE,New Fortress Energy,3.51,0,-97,-66,-2,-165,-19,6,-17,-24,-54,-219
CAG,Conagra Brands,19.48,-18,-59,-27,-6,-110,-23,-73,-9,-22,-127,-237
CPB,Campbell Soup Company,30.49,-18,-66,-27,-5,-116,-28,-76,-34,-4,-142,-258
TFX,Teleflex,119.85,-2,-110,-37,-38,-187,6,-65,-33,-9,-101,-288
FLO,Flowers Foods,15.84,-28,-66,-32,-7,-133,-28,-58,-52,-22,-160,-293
WOLF,Wolfspeed,1.61,31,-35,-129,-29,-162,-6,-34,-95,-36,-171,-333
