Symbol,Name,Close,1H Cloud Score,1D Cloud Score,1W Cloud Score,1M Cloud Score,Cloud Score Sum,1H TKx Score,1D TKx Score,1W TKx Score,1M TKx Score,TKx Score Sum,Total Score Sum
TJX,TJX Companies,125.47,38,0,143,197,378,-12,-25,112,192,267,645
ORLY,O'Reilly Auto Parts,92.58,40,1,158,198,397,21,-14,49,88,144,541
RSG,Republic Services,240.43,-66,0,119,176,229,-5,-11,88,159,231,460
COST,Costco,982.08,-7,0,112,179,284,-5,-16,5,183,167,451
ADI,Analog Devices,242.66,77,40,6,178,301,73,46,5,25,149,450
CASY,Casey's,522.15,29,20,108,86,243,-5,20,112,77,204,447
RCL,Royal Caribbean Group,333.45,77,40,116,27,260,100,53,5,26,184,444
YUM,Yum! Brands,150.81,71,6,23,258,358,5,5,17,56,83,441
RS,"Reliance, Inc.",328.0,62,50,6,114,232,73,55,5,76,209,441
RJF,Raymond James Financial,158.59,108,39,87,57,291,113,11,2,18,144,435
CDNS,Cadence Design Systems,322.91,54,9,12,140,215,26,8,5,179,218,433
HWM,Howmet Aerospace,181.41,6,53,143,28,230,6,53,87,53,199,429
EMR,Emerson Electric,139.77,171,40,11,63,285,68,46,5,25,144,429
WM,"Waste Management, Inc.",225.75,-1,-2,90,186,273,-14,-10,22,158,156,429
HUBB,Hubbell Incorporated,417.69,77,38,0,181,296,1,56,1,70,128,424
ORCL,Oracle Corporation,235.88,59,39,6,197,301,37,46,5,26,114,415
SO,Southern Company,91.97,4,13,71,189,277,3,29,18,78,128,405
KLAC,KLA Corporation,923.3,63,40,9,176,288,28,55,5,25,113,401
AJG,Arthur J. Gallagher & Co.,315.22,-34,-10,160,185,301,-14,-16,23,106,99,400
AXON,Axon Enterprise,805.81,6,51,140,93,290,15,55,5,29,104,394
ICE,Intercontinental Exchange,182.12,2,46,107,160,315,-7,47,17,20,77,392
WCC,Wesco International,198.3,94,39,2,57,192,86,53,3,56,198,390
WELL,Welltower,152.19,0,37,111,57,205,-3,33,128,23,181,386
JPM,JPMorgan Chase,283.04,0,42,118,157,317,-14,53,5,25,69,386
PGR,Progressive Corporation,250.42,-31,-20,100,176,225,-30,-16,17,188,159,384
PLTR,Palantir Technologies,143.1,11,53,111,0,175,20,55,114,19,208,383
COR,Cencora,300.12,6,117,39,70,232,15,17,50,66,148,380
PTC,PTC Inc.,210.62,59,39,1,181,280,68,3,2,25,98,378
BYD,Boyd Gaming,84.13,108,40,43,58,249,43,53,5,26,127,376
MCK,McKesson Corporation,727.51,2,113,37,57,209,15,53,33,66,167,376
TDG,TransDigm Group,1526.66,86,53,14,156,309,-4,10,5,56,67,376
V,Visa Inc.,357.56,42,1,132,132,307,48,-10,5,25,68,375
FAST,Fastenal,43.4,46,62,118,105,331,5,6,8,25,44,375
SGI,Somnigroup International,73.59,77,40,36,63,216,75,53,5,25,158,374
CHD,Church & Dwight,98.4,37,0,-11,343,369,-3,-10,-9,24,2,371
HON,Honeywell,238.73,58,40,11,177,286,52,4,5,21,82,368
ORI,Old Republic International,37.44,-11,14,142,57,202,-14,9,112,54,161,363
NVDA,Nvidia,162.83,77,39,9,133,258,27,47,5,25,104,362
AVGO,Broadcom,277.82,77,43,14,115,249,22,55,5,29,111,360
SNPS,Synopsys,551.15,60,27,2,179,268,71,19,3,-4,89,357
SF,Stifel,108.52,94,30,3,58,185,106,45,2,19,172,357
IBM,IBM,289.92,0,45,104,53,202,-5,53,51,55,154,356
USFD,US Foods,79.84,58,43,138,34,273,50,2,5,25,82,355
BPOP,"Popular, Inc.",114.15,80,47,12,58,197,81,53,5,18,157,354
ETN,Eaton Corporation,359.76,76,40,3,113,232,-10,53,3,71,117,349
NRG,NRG Energy,150.26,-19,53,98,93,225,-14,9,108,20,123,348
MSFT,Microsoft,503.48,12,47,11,172,242,22,55,5,24,106,348
WSO,Watsco,473.0,52,0,0,195,247,53,1,-23,70,101,348
J,Jacobs Solutions,134.17,63,38,0,105,206,68,53,2,18,141,347
HEI,HEICO (Common),316.81,-10,47,20,188,245,-13,45,11,56,99,344
LRCX,Lam Research,99.84,73,40,4,151,268,28,47,5,-4,76,344
URI,United Rentals,804.72,77,40,2,63,182,92,11,3,56,162,344
AAPL,Apple Inc.,211.11,41,7,-1,250,297,-12,7,-20,70,45,342
GD,General Dynamics,299.99,66,62,3,53,184,78,17,5,56,156,340
JBL,Jabil,221.26,108,43,14,64,229,-5,53,6,56,110,339
SYF,Synchrony Financial,70.18,94,40,12,20,166,99,53,3,17,172,338
EME,Emcor,547.81,109,40,12,57,218,4,55,3,56,118,336
CBOE,Cboe Global Markets,232.55,35,36,139,54,264,-5,10,17,50,72,336
BSY,Bentley Systems,56.06,114,43,4,0,161,117,55,5,-5,172,333
TPR,"Tapestry, Inc.",95.31,108,40,75,20,243,21,46,3,18,88,331
NDAQ,"Nasdaq, Inc.",89.82,7,46,71,143,267,-8,53,5,13,63,330
NFG,National Fuel Gas,82.22,-20,124,55,51,210,-11,55,66,9,119,329
MS,Morgan Stanley,141.58,94,40,71,63,268,-10,51,5,15,61,329
TRMB,Trimble Inc.,79.65,77,40,74,3,194,74,45,3,11,133,327
INTU,Intuit,769.69,-2,53,12,190,253,-4,53,5,19,73,326
MA,Mastercard,564.92,42,0,121,154,317,-12,-10,5,25,8,325
H,Hyatt Hotels,147.21,75,23,0,54,152,71,46,1,54,172,324
NEU,NewMarket,730.94,79,62,14,28,183,44,54,17,26,141,324
SPGI,S&P Global,528.76,77,40,11,171,299,-7,9,3,20,25,324
GGG,Graco Inc.,88.44,75,40,3,177,295,-12,8,5,28,29,324
HLT,Hilton Worldwide,272.48,76,40,11,63,190,97,8,3,25,133,323
ITW,Illinois Tool Works,259.72,61,11,2,177,251,38,3,2,28,71,322
ROL,"Rollins, Inc.",55.81,-19,1,26,285,293,-12,-12,18,34,28,321
PM,Philip Morris International,177.82,-14,113,65,54,218,-5,-2,80,26,99,317
RTX,RTX Corporation,146.18,12,39,72,53,176,4,45,79,13,141,317
CACI,CACI,485.4,65,23,0,153,241,-6,14,9,56,73,314
NFLX,Netflix,1288.25,0,58,111,19,188,-31,55,82,19,125,313
CSL,Carlisle Companies,412.76,72,6,0,177,255,29,4,5,19,57,312
IBKR,Interactive Brokers,57.84,60,40,84,56,240,4,9,3,56,72,312
ACM,AECOM,115.59,59,46,11,64,180,3,53,5,70,131,311
TXN,Texas Instruments,216.45,81,40,4,21,146,100,44,5,15,164,310
ADP,Automatic Data Processing,307.77,2,0,80,179,261,-1,-13,5,56,47,308
OZK,Bank OZK,51.7,77,40,12,55,184,87,16,3,18,124,308
AMAT,Applied Materials,195.39,73,40,0,148,261,28,20,3,-4,47,308
FERG,Ferguson Enterprises,223.99,76,42,6,64,188,37,53,5,24,119,307
MSA,MSA Safety,173.37,41,42,0,163,246,7,53,5,-4,61,307
MSI,Motorola Solutions,418.01,0,0,0,152,152,-12,5,-22,184,155,307
EVR,Evercore,291.84,93,39,2,57,191,35,53,3,25,116,307
MCO,Moody's Corporation,502.4,72,40,11,155,278,-5,7,3,24,29,307
LPLA,LPL Financial,381.16,36,41,40,98,215,28,2,5,56,91,306
KEX,Kirby Corporation,116.56,59,40,0,34,133,73,53,5,41,172,305
BK,BNY Mellon,93.02,35,42,89,39,205,31,46,5,18,100,305
UNP,Union Pacific Corporation,236.46,75,11,2,197,285,7,10,-15,18,20,305
PWR,Quanta Services,382.1,13,47,12,98,170,4,55,5,71,135,305
COF,Capital One,217.97,77,46,89,20,232,-5,53,5,17,70,302
RF,Regions Financial Corporation,24.66,88,39,2,21,150,90,46,3,13,152,302
LLY,Lilly (Eli),786.53,7,0,0,171,178,12,19,-2,95,124,302
BSX,Boston Scientific,102.95,-19,0,139,143,263,-30,8,5,56,39,302
CTAS,Cintas,216.64,-30,0,14,164,148,-28,-12,8,186,154,302
SCHW,Charles Schwab Corporation,92.3,52,53,72,10,187,43,53,5,13,114,301
FNB,FNB Corporation,15.83,76,40,2,54,172,87,20,4,18,129,301
WTFC,Wintrust Financial,132.63,77,40,4,48,169,57,53,3,18,131,300
CNM,Core & Main,62.23,76,42,14,0,132,87,53,5,23,168,300
WMT,Walmart,96.82,-8,54,122,100,268,-6,5,5,28,32,300
AWI,Armstrong World Industries,168.02,77,47,89,20,233,36,6,5,18,65,298
BR,Broadridge Financial Solutions,238.75,-19,39,109,144,273,-3,-1,5,24,25,298
AZO,AutoZone,3745.09,43,0,89,85,217,-3,-21,49,56,81,298
BLK,BlackRock,1088.04,74,39,12,21,146,73,53,5,20,151,297
RL,Ralph Lauren Corporation,290.42,77,42,89,33,241,22,3,5,25,55,296
VMI,Valmont Industries,339.82,62,30,57,57,206,29,50,2,9,90,296
SPOT,Spotify,722.25,-36,54,107,11,136,-5,55,90,19,159,295
CAT,Caterpillar Inc.,402.19,77,39,3,63,182,7,46,3,56,112,294
MCD,McDonald's,292.97,0,-21,47,241,267,-22,-24,17,56,27,294
ARES,Ares Management,176.84,16,40,12,58,126,4,53,5,105,167,293
VRSN,Verisign,289.62,8,151,31,8,198,21,19,47,6,93,291
HEI-A,HEICO (Class A),246.01,-14,48,21,181,236,-33,46,12,29,54,290
WWD,"Woodward, Inc.",252.25,108,49,14,34,205,4,51,5,25,85,290
FFIV,"F5, Inc.",302.33,52,39,89,13,193,22,53,5,16,96,289
RBC,RBC Bearings,379.82,-8,44,88,57,181,-11,53,9,56,107,288
KEY,Keycorp,18.47,87,40,3,3,133,94,46,3,12,155,288
CAH,Cardinal Health,164.24,-10,62,50,37,139,-5,53,43,56,147,286
ARMK,Aramark,43.0,77,44,10,39,170,7,48,5,55,115,285
SNX,TD Synnex,141.5,77,40,10,62,189,26,46,3,20,95,284
MAR,Marriott International,279.17,76,40,4,57,177,71,8,2,26,107,284
GRMN,Garmin,217.03,59,13,107,18,197,74,5,-12,20,87,284
PFGC,Performance Food Group,90.18,41,43,48,42,174,47,1,5,56,109,283
WBS,Webster Bank,58.89,74,40,3,13,130,85,48,3,16,152,282
PNC,PNC Financial Services,196.19,87,30,2,13,132,90,45,2,13,150,282
DOV,Dover Corporation,188.17,72,29,0,105,206,68,3,-14,18,75,281
OMF,OneMain Financial,59.01,94,40,12,59,205,-5,51,5,25,76,281
GTES,Gates Corporation,24.49,77,40,12,14,143,68,48,5,17,138,281
FHN,First Horizon Corporation,21.94,77,40,47,3,167,90,11,3,9,113,280
FYBR,Frontier Communications,36.57,80,1,84,0,165,9,4,89,13,115,280
FITB,Fifth Third Bancorp,43.47,87,16,2,21,126,92,45,2,15,154,280
ALLE,Allegion,150.06,81,52,4,20,157,90,6,5,21,122,279
CFG,Citizens Financial Group,47.4,90,28,3,3,124,94,45,2,13,154,278
MSM,MSC Industrial Direct,90.69,59,40,2,57,158,68,55,5,-8,120,278
SEIC,SEI Investments Company,92.61,75,46,87,34,242,-4,9,5,25,35,277
JCI,Johnson Controls,106.5,61,48,70,18,197,4,53,5,17,79,276
UNM,Unum,79.27,-5,9,180,39,223,-11,6,5,53,53,276
AMGN,Amgen,296.45,38,5,2,164,209,37,3,-9,35,66,275
MMC,Marsh McLennan,214.14,-31,-21,0,174,122,-3,-16,-6,177,152,274
MKL,Markel,2000.59,16,39,63,54,172,20,53,3,25,101,273
WAB,Wabtec,213.13,61,42,14,48,165,-5,53,5,55,108,273
WRB,W. R. Berkley Corporation,69.74,-31,0,89,175,233,-29,-5,19,54,39,272
PANW,Palo Alto Networks,206.06,11,40,12,80,143,16,51,5,56,128,271
OLLI,Ollie's Bargain Outlet,127.43,-2,40,110,15,163,4,21,58,22,105,268
BX,Blackstone Inc.,158.67,73,11,0,105,189,68,9,-19,20,78,267
PH,Parker Hannifin,707.68,73,41,12,64,190,-11,53,5,29,76,266
LYV,Live Nation Entertainment,143.63,-19,41,89,146,257,-26,15,4,15,8,265
AN,AutoNation,213.06,39,42,12,60,153,-4,55,5,56,112,265
ATI,ATI Inc.,87.81,31,47,11,42,131,24,53,5,51,133,264
MPWR,Monolithic Power Systems,751.13,5,40,2,156,203,7,50,5,-1,61,264
WFC,Wells Fargo,81.75,87,40,87,28,242,-12,10,5,18,21,263
FTNT,Fortinet,107.64,24,39,49,112,224,18,3,5,12,38,262
DUK,Duke Energy,117.16,-1,0,71,182,252,-28,6,17,15,10,262
GILD,Gilead Sciences,113.24,51,34,46,34,165,54,1,3,38,96,261
PAG,Penske Automotive Group,181.57,37,41,10,61,149,-5,55,5,56,111,260
CG,Carlyle Group (The),56.87,75,31,3,20,129,68,42,2,17,129,258
ALGM,Allegro MicroSystems,36.89,108,39,6,0,153,77,40,3,-15,105,258
AVT,Avnet,56.13,77,40,2,44,163,73,17,5,-1,94,257
AMP,Ameriprise Financial,539.28,77,39,4,63,183,-12,11,3,70,72,255
KKR,KKR & Co. Inc.,139.21,73,29,0,102,204,24,22,-15,20,51,255
PFG,Principal Financial Group,80.87,76,11,2,54,143,87,6,2,17,112,255
LIN,Linde plc,471.18,0,38,8,109,155,-17,6,5,105,99,254
AMG,Affiliated Managers Group,203.83,73,46,6,21,146,69,17,5,16,107,253
TNL,Travel + Leisure Co.,56.4,75,30,4,15,124,68,46,2,13,129,253
LECO,Lincoln Electric,220.47,76,39,2,64,181,29,46,3,-6,72,253
ZION,Zions Bancorporation,55.67,77,22,2,3,104,88,45,2,14,149,253
TT,Trane Technologies,433.53,1,48,11,163,223,-12,8,5,28,29,252
LAMR,Lamar Advertising,124.52,41,30,2,63,136,38,53,3,20,114,250
SCI,Service Corporation International,81.65,0,23,3,174,200,12,23,3,12,50,250
FHB,"First Hawaiian, Inc.",26.16,75,12,2,13,102,82,50,2,13,147,249
PCAR,Paccar,98.68,70,6,-17,158,217,5,3,-9,33,32,249
EPR,EPR Properties,58.99,39,42,52,28,161,-12,53,25,20,86,247
JNPR,Juniper Networks,39.95,56,31,2,53,142,75,8,2,19,104,246
CME,CME Group,275.64,4,0,49,135,188,-6,1,45,18,58,246
GS,Goldman Sachs,696.54,0,40,87,57,184,-14,51,5,20,62,246
AME,Ametek,182.29,1,40,3,105,149,-12,3,5,100,96,245
RBA,RB Global,105.83,2,1,99,26,128,4,-12,104,21,117,245
BKNG,Booking Holdings,5664.67,0,52,131,34,217,-5,3,5,25,28,245
ROP,Roper Technologies,558.57,-11,0,24,181,194,-12,-1,39,25,51,245
FWONK,Liberty Formula 1 (Series C),101.42,-16,43,65,56,148,-14,50,5,55,96,244
KD,Kyndryl,42.85,72,42,104,0,218,-2,3,3,19,23,241
L,Loews Corporation,90.97,2,40,107,54,203,-2,12,5,23,38,241
WYNN,Wynn Resorts,110.08,108,42,3,2,155,80,8,5,-7,86,241
PAYX,Paychex,145.96,3,-3,79,166,245,-12,-13,8,13,-4,241
ANSS,Ansys,366.87,59,40,12,10,121,71,19,5,22,117,238
CMA,Comerica,62.8,75,14,2,3,94,85,45,2,11,143,237
T,AT&T,28.11,-14,37,65,15,103,-22,53,89,14,134,237
TSCO,Tractor Supply Company,57.22,38,6,1,84,129,36,16,-28,84,108,237
ANET,Arista Networks,106.29,69,25,2,57,153,22,21,-16,55,82,235
FIX,Comfort Systems USA,535.03,12,43,12,63,130,-10,55,5,54,104,234
TFC,Truist Financial,45.15,87,14,2,3,106,90,22,2,13,127,233
AM,Antero Midstream,17.55,-32,0,143,22,133,-33,6,73,54,100,233
RPM,RPM International,114.15,38,2,-14,179,205,8,-11,2,29,28,233
STWD,Starwood Property Trust,20.75,37,40,13,57,147,36,24,5,20,85,232
MMM,3M,156.03,77,40,69,13,199,9,5,5,13,32,231
ATO,Atmos Energy,153.11,0,-6,69,44,107,5,-5,80,44,124,231
R,Ryder,170.04,77,25,6,55,163,-2,11,3,55,67,230
BEN,Franklin Templeton Investments,24.88,151,43,3,1,198,-5,53,5,-21,32,230
LHX,L3Harris,259.01,37,62,7,4,110,45,55,7,13,120,230
DE,Deere & Company,509.33,2,42,44,108,196,-12,-5,40,9,32,228
EWBC,East West Bancorp,107.17,92,40,4,21,157,-2,51,4,18,71,228
VRSK,Verisk Analytics,303.72,-14,0,63,113,162,-3,-12,54,27,66,228
ITT,ITT Inc.,157.77,0,46,11,98,155,-11,53,5,25,72,227
ST,Sensata Technologies,32.12,88,40,0,-14,114,100,44,3,-34,113,227
SOFI,SoFi,20.23,94,32,41,0,167,24,23,3,10,60,227
LAZ,Lazard,50.81,80,23,0,19,122,80,11,2,12,105,227
DASH,DoorDash,246.06,7,39,92,0,138,14,52,5,17,88,226
AAON,AAON,76.88,14,-20,-8,244,230,8,-22,-20,30,-4,226
LNW,Light & Wonder,101.12,66,10,2,56,134,68,10,-10,24,92,226
LVS,Las Vegas Sands,49.6,77,40,1,1,119,71,46,2,-13,106,225
FWONA,Liberty Formula 1 (Series A),91.17,-16,42,64,61,151,-36,51,4,55,74,225
ARW,Arrow Electronics,132.58,83,47,3,3,136,38,53,5,-7,89,225
CW,Curtiss-Wright,483.02,6,48,14,53,121,-5,55,5,48,103,224
PNR,Pentair,106.85,76,40,4,61,181,6,11,3,23,43,224
SSNC,SS&C Technologies,83.32,59,16,85,13,173,-6,41,2,14,51,224
OSK,Oshkosh Corporation,125.43,59,39,6,3,107,68,44,3,1,116,223
KNSL,Kinsale Capital Group,488.96,14,25,11,32,82,20,34,2,84,140,222
AON,AON,356.73,5,0,0,176,181,12,-16,-10,55,41,222
CFR,Frost Bank,137.03,74,40,3,3,120,85,5,3,9,102,222
STT,State Street Corporation,109.19,93,42,12,15,162,-4,47,4,13,60,222
SN,SharkNinja,108.72,94,16,3,0,113,99,8,2,0,109,222
DTE,DTE Energy,131.41,-21,0,69,188,236,-27,-21,22,12,-14,222
NWS,News Corp (Class B),34.07,0,43,107,57,207,-19,8,5,20,14,221
WDC,Western Digital,64.65,108,40,7,17,172,-9,51,5,2,49,221
SKX,Skechers,63.21,80,38,-19,54,153,-4,45,2,25,68,221
MANH,Manhattan Associates,202.9,76,34,-24,64,150,50,16,-22,26,70,220
CVNA,Carvana,351.07,50,52,87,10,199,-5,5,5,15,20,219
SYK,Stryker Corporation,392.05,0,40,12,158,210,-28,6,3,28,9,219
VRTX,Vertex Pharmaceuticals,479.14,37,1,2,103,143,36,4,-1,36,75,218
GOOG,Alphabet (Class C),177.66,7,29,0,175,211,-3,3,-14,20,6,217
EBAY,eBay,76.32,7,49,72,13,141,-12,-5,77,15,75,216
TXT,Textron,82.46,73,40,-30,52,135,29,50,5,-4,80,215
MPC,Marathon Petroleum,179.24,37,42,2,48,129,41,46,5,-7,85,214
JHG,Janus Henderson,41.04,74,25,1,18,118,68,9,2,17,96,214
AXP,American Express,317.39,0,40,12,98,150,-12,53,3,20,64,214
VST,Vistra Corp.,197.03,11,39,14,29,93,22,52,3,44,121,214
APH,Amphenol,98.23,6,53,14,64,137,-10,55,5,26,76,213
UBER,Uber,96.58,73,52,13,0,138,30,9,11,25,75,213
EHC,Encompass Health,117.71,-31,54,138,28,189,-29,6,19,28,24,213
BLD,TopBuild,379.41,87,14,0,45,146,50,17,1,-2,66,212
PNFP,Pinnacle Financial Partners,118.67,77,40,2,14,133,50,8,3,17,78,211
GOOGL,Alphabet (Class A),176.62,1,29,0,175,205,-3,3,-14,20,6,211
RLI,RLI Corp.,71.25,0,-24,-6,175,145,20,-17,-24,86,65,210
ALL,Allstate,194.11,-17,0,92,158,233,-29,-16,6,16,-23,210
MDLZ,Mondelez International,66.83,-7,13,4,181,191,-14,27,14,-8,19,210
FDS,FactSet,447.82,4,0,0,193,197,-14,1,4,22,13,210
TDY,Teledyne Technologies,520.18,62,39,47,13,161,21,9,5,14,49,210
TTWO,Take-Two Interactive,242.09,7,60,40,12,119,15,17,40,19,91,210
SLM,Sallie Mae,33.13,0,47,85,21,153,-5,3,39,20,57,210
CTVA,Corteva,76.21,46,53,48,0,147,-5,53,5,10,63,210
MTB,M&T Bank,200.38,87,40,3,21,151,-3,46,3,13,59,210
QRVO,Qorvo,89.87,75,40,0,-30,85,77,48,3,-4,124,209
IVZ,Invesco,16.96,77,16,2,1,96,87,12,2,12,113,209
VIRT,Virtu Financial,43.01,-10,54,71,13,128,-12,14,66,13,81,209
VICI,Vici Properties,32.94,38,21,53,14,126,-12,21,18,56,83,209
SPR,Spirit AeroSystems,39.95,52,54,13,0,119,51,1,25,13,90,209
NUE,Nucor,139.69,103,17,0,2,122,73,18,2,-7,86,208
HBAN,Huntington Bancshares,17.42,75,40,4,20,139,-2,51,5,15,69,208
ELAN,Elanco,14.79,59,43,0,-6,96,68,45,4,-5,112,208
XPO,"XPO, Inc.",132.21,77,22,0,60,159,7,14,2,26,49,208
CRWD,CrowdStrike,513.52,11,53,40,0,104,24,55,5,19,103,207
NVT,Nvent Electric,75.2,77,40,3,11,131,24,53,3,-4,76,207
FTI,TechnipFMC,35.19,15,40,12,26,93,29,44,5,36,114,207
WAL,Western Alliance Bancorporation,84.57,75,13,2,3,93,85,10,2,17,114,207
EXPE,Expedia Group,176.06,52,13,44,10,119,71,3,1,13,88,207
FCX,Freeport-McMoRan,45.57,63,40,2,57,162,-2,46,5,-5,44,206
GLW,Corning Inc.,52.6,80,39,14,16,149,-5,46,3,13,57,206
KR,Kroger,70.26,-10,13,74,66,143,-6,10,45,14,63,206
HPE,Hewlett Packard Enterprise,20.82,73,36,2,41,152,-11,10,2,53,54,206
RBLX,Roblox Corporation,106.66,11,52,48,0,111,21,53,11,10,95,206
COHR,Coherent Corp.,91.25,66,39,0,14,119,24,46,2,14,86,205
SNV,Synovus,54.62,83,40,3,20,146,-5,46,3,13,57,203
MCHP,Microchip Technology,74.68,87,40,0,2,129,29,46,5,-6,74,203
KO,Coca-Cola Company (The),69.49,-12,-1,23,181,191,-24,4,18,13,11,202
HLI,Houlihan Lokey,189.17,36,42,12,43,133,27,11,5,25,68,201
SHW,Sherwin-Williams,351.53,0,1,0,189,190,-17,3,5,18,9,199
GWRE,Guidewire Software,231.16,0,53,105,20,178,1,-4,5,19,21,199
NOC,Northrop Grumman,507.96,29,7,5,57,98,51,27,12,11,101,199
HCA,HCA Healthcare,378.45,-11,54,9,96,148,5,7,11,28,51,199
RITM,Rithm Capital,11.72,43,40,12,31,126,36,7,5,25,73,199
CLH,Clean Harbors,230.48,29,47,0,57,133,-3,5,5,56,63,196
DDOG,Datadog,142.75,106,30,2,0,138,-5,47,2,14,58,196
DRI,Darden Restaurants,215.83,-11,59,39,60,147,-20,-4,43,29,48,195
VNT,Vontier,38.28,75,40,0,0,115,34,47,3,-4,80,195
TMUS,T-Mobile US,232.32,-3,-41,89,138,183,-22,3,-3,34,12,195
VLO,Valero Energy,149.04,31,40,1,43,115,37,42,4,-4,79,194
PSX,Phillips 66,130.49,37,39,0,40,116,37,41,4,-4,78,194
ESI,Element Solutions,24.79,77,12,-15,56,130,29,12,2,19,62,192
BRO,Brown & Brown,108.13,-31,-49,111,162,193,-30,9,-5,25,-1,192
PEGA,Pegasystems,53.54,73,52,14,4,143,21,10,3,14,48,191
AMZN,Amazon,222.47,58,30,12,20,120,4,45,2,19,70,190
FCNCA,First Citizens BancShares,2095.02,85,22,0,58,165,-5,8,2,20,25,190
LNG,Cheniere Energy,235.87,-10,46,55,57,148,-29,11,5,55,42,190
SSD,Simpson Manufacturing Company,165.89,37,6,-21,155,177,6,5,-24,25,12,189
STLD,Steel Dynamics,136.06,36,6,2,54,98,29,-1,5,56,89,187
PHM,PulteGroup,113.77,76,13,-18,64,135,5,17,1,28,51,186
IR,Ingersoll Rand,87.7,73,39,-16,22,118,29,9,2,28,68,186
LDOS,Leidos,162.03,81,52,0,22,155,-5,9,8,18,30,185
FOUR,Shift4,104.54,77,20,3,0,100,24,49,-12,23,84,184
CCL,Carnival Corporation & plc,28.84,77,39,12,0,128,-12,47,3,18,56,184
STE,Steris,231.29,-24,0,9,194,179,-24,-12,17,24,5,184
HOOD,Robinhood Markets,94.54,7,42,76,0,125,-17,53,5,17,58,183
KMI,Kinder Morgan,27.8,-18,38,87,43,150,-33,11,3,51,32,182
BOKF,BOK Financial Corporation,104.01,74,9,0,21,104,81,5,-21,13,78,182
AXS,AXIS Capital,98.08,-31,0,81,44,94,-29,-12,77,52,88,182
CAR,Avis Budget Group,177.79,108,56,4,-19,149,-5,66,8,-36,33,182
SMG,Scotts Miracle-Gro Company,68.97,64,36,-17,-38,45,85,39,1,12,137,182
PSTG,Pure Storage,58.21,13,39,2,41,95,22,7,1,56,86,181
AEP,American Electric Power,104.76,43,4,68,22,137,7,6,18,13,44,181
CXT,Crane NXT,57.44,30,30,-20,54,94,34,-4,1,55,86,180
TKO,TKO Group Holdings,171.8,-16,50,66,39,139,-30,17,5,49,41,180
MTSI,MACOM Technology Solutions,139.85,2,40,11,57,110,-13,52,3,28,70,180
F,Ford Motor Company,11.83,56,54,2,0,112,51,16,5,-4,68,180
WMB,Williams Companies,57.85,-37,0,107,51,121,-33,31,5,56,59,180
TKR,Timken Company,77.68,73,25,0,3,101,36,44,2,-4,78,179
APG,APi Group,34.46,12,47,13,0,72,24,53,5,25,107,179
CCK,Crown Holdings,107.98,38,50,12,4,104,36,22,5,11,74,178
EQH,Equitable Holdings,53.19,-7,40,87,10,130,-21,46,5,18,48,178
IONS,Ionis Pharmaceuticals,42.84,94,43,0,0,137,-5,49,5,-9,40,177
EVRG,Evergy,68.8,-1,21,53,13,86,-12,21,72,9,90,176
MLM,Martin Marietta Materials,566.99,52,49,1,59,161,4,-20,5,26,15,176
AOS,A. O. Smith,69.48,72,6,-37,57,98,73,4,5,-4,78,176
EXEL,Exelixis,44.06,0,39,59,13,111,-13,4,50,23,64,175
CMI,Cummins,334.51,59,12,0,64,135,7,3,1,29,40,175
NET,Cloudflare,193.61,11,40,34,0,85,17,50,5,18,90,175
CR,Crane Co.,190.97,64,47,11,0,122,-5,49,5,4,53,175
VMC,Vulcan Materials,269.96,51,6,1,59,117,49,-22,5,26,58,175
DKS,Dick's Sporting Goods,210.38,66,6,1,62,135,10,12,-16,32,38,173
VOYA,Voya Financial,72.93,76,40,0,3,119,6,14,3,30,53,172
PPL,PPL Corporation,33.76,0,-17,71,22,76,2,-2,83,13,96,172
MNST,Monster Beverage,59.54,-13,-1,21,179,186,-21,-10,14,3,-14,172
PCOR,Procore,73.27,73,11,2,0,86,71,8,-12,18,85,171
GLPI,Gaming and Leisure Properties,47.45,38,6,2,64,110,-12,20,-3,56,61,171
BKR,Baker Hughes,39.34,31,2,0,34,67,53,39,-14,25,103,170
PB,Prosperity Bancshares,74.29,64,6,0,13,83,87,6,-19,13,87,170
CWEN-A,Clearway Energy (Class A),30.62,7,38,53,5,103,-8,49,17,9,67,170
ATR,AptarGroup,159.73,77,46,0,19,142,-5,4,5,24,28,170
DCI,Donaldson Company,70.91,59,40,0,64,163,-12,-16,5,29,6,169
ODFL,Old Dominion Freight Line,168.04,2,6,-21,186,173,-12,3,-26,31,-4,169
DINO,HF Sinclair,44.75,44,42,0,1,87,37,47,5,-7,82,169
CNH,CNH Industrial,13.69,54,41,14,1,110,68,7,5,-22,58,168
CWEN,Clearway Energy (Class C),32.4,7,38,53,3,101,-8,49,17,9,67,168
SWKS,Skyworks Solutions,77.62,73,38,-38,-29,44,77,48,2,-4,123,167
BA,Boeing,226.52,52,53,3,0,108,59,4,5,-10,58,166
CARR,Carrier Global,75.9,74,47,3,0,124,4,8,5,25,42,166
TOL,Toll Brothers,121.39,77,24,-18,60,143,5,17,-24,25,23,166
GEN,Gen Digital,30.16,40,43,10,15,108,-8,45,5,15,57,165
XOM,ExxonMobil,113.78,14,6,1,43,64,29,18,4,49,100,164
META,Meta Platforms,732.8,7,40,12,28,87,7,45,3,22,77,164
AMD,Advanced Micro Devices,138.45,0,39,-37,109,111,7,46,5,-6,52,163
SAIC,SAIC,116.32,66,0,-32,66,100,-7,5,9,56,63,163
BEPC,Brookfield Renewable Partners,33.61,61,41,5,0,107,-11,52,5,9,55,162
CSCO,Cisco,69.29,4,40,43,13,100,-13,46,5,24,62,162
BBWI,"Bath & Body Works, Inc.",32.94,100,6,-20,-14,72,100,6,-11,-5,90,162
DT,Dynatrace,56.19,24,38,9,0,71,24,46,2,19,91,162
AGNC,AGNC Investment,9.49,37,25,6,15,83,36,23,3,16,78,161
DTM,DT Midstream,102.13,-33,46,98,0,111,-33,53,5,24,49,160
MSTR,MicroStrategy,415.39,11,5,94,18,128,1,6,5,19,31,159
ZS,Zscaler,316.53,10,53,12,4,79,3,55,5,17,80,159
XYL,Xylem Inc.,131.58,71,40,3,21,135,-11,9,5,21,24,159
HII,Huntington Ingalls Industries,248.96,64,79,3,5,151,-6,10,11,-8,7,158
APD,Air Products,294.19,67,11,0,15,93,29,41,-14,9,65,158
NTRA,Natera,161.83,-1,31,87,17,134,2,-1,5,18,24,158
CBRE,CBRE Group,139.77,0,24,87,21,132,-11,20,3,13,25,157
SLGN,Silgan Holdings,55.49,0,46,14,79,139,-7,8,5,12,18,157
SCCO,Southern Copper,99.89,0,39,3,61,103,-2,52,5,-1,54,157
PPC,Pilgrim's Pride,45.3,0,-24,81,20,77,9,-45,98,17,79,156
APO,Apollo Global Management,146.65,13,22,0,96,131,8,10,-18,25,25,156
AZEK,Azek,54.32,17,52,15,0,84,33,14,7,18,72,156
APPF,AppFolio,246.4,37,25,1,27,90,37,17,-15,27,66,156
CELH,Celsius Holdings,46.09,0,79,0,64,143,-28,35,13,-8,12,155
ROK,Rockwell Automation,340.21,59,43,10,14,126,-11,45,5,-10,29,155
CINF,Cincinnati Financial,146.71,-8,46,80,61,179,-28,-15,5,14,-24,155
GE,GE Aerospace,250.18,-2,51,14,26,89,4,9,25,28,66,155
HD,Home Depot (The),371.04,0,1,-7,179,173,-23,5,-19,18,-19,154
CB,Chubb Limited,279.98,-22,-5,96,57,126,-28,-16,17,55,28,154
LOPE,Grand Canyon Education,176.39,-31,-3,142,34,142,-31,-20,29,33,11,153
ABBV,AbbVie,190.5,37,2,12,57,108,-2,-8,-9,63,44,152
WSM,"Williams-Sonoma, Inc.",173.09,59,6,3,64,132,4,8,-12,20,20,152
KIM,Kimco Realty,21.15,0,39,0,54,93,-12,53,3,13,57,150
LEA,Lear Corporation,107.43,59,40,0,-16,83,68,9,4,-14,67,150
NI,NiSource,39.34,-31,1,69,44,83,-28,-2,84,13,67,150
NOW,ServiceNow,1013.8,3,41,3,81,128,-5,3,3,21,22,150
GEV,GE Vernova,535.77,13,52,0,0,65,24,55,6,0,85,150
UGI,UGI Corporation,35.63,0,54,37,3,94,10,-2,44,4,56,150
MGM,MGM Resorts International,37.69,54,20,0,0,74,67,14,2,-8,75,149
PR,Permian Resources,14.15,13,39,-3,25,74,29,42,5,-1,75,149
WHR,Whirlpool Corporation,107.9,171,17,2,-25,165,-5,39,-15,-35,-16,149
ALLY,Ally Financial,40.37,76,30,3,3,112,-5,24,3,15,37,149
NBIX,Neurocrine Biosciences,133.51,38,31,0,24,93,7,50,2,-3,56,149
PLNT,Planet Fitness,105.55,-17,36,58,12,89,-5,47,5,13,60,149
EXP,Eagle Materials,219.44,76,-29,-10,56,93,50,3,-24,26,55,148
VRT,Vertiv,128.47,13,39,4,7,63,4,53,2,25,84,147
THC,Tenet Healthcare,171.41,-7,49,9,56,107,5,9,3,23,40,147
ULTA,Ulta Beauty,475.07,40,50,7,3,100,-5,53,7,-8,47,147
OGE,OGE Energy,44.15,-20,1,63,44,88,-24,6,63,13,58,146
MTZ,MasTec,169.32,11,46,14,17,88,-12,53,5,12,58,146
CBSH,Commerce Bancshares,65.28,54,6,2,3,65,58,6,5,12,81,146
CRH,CRH plc,96.46,52,5,2,63,122,7,3,-12,26,24,146
EOG,EOG Resources,122.19,1,19,0,44,64,28,20,-16,50,82,146
BWXT,BWX Technologies,137.59,-14,38,8,34,66,-11,55,5,30,79,145
LFUS,Littelfuse,237.01,77,40,-20,0,97,6,45,3,-7,47,144
ESAB,ESAB,126.37,44,5,3,0,52,68,3,5,16,92,144
MTG,MGIC Investment Corporation,26.58,-16,53,14,54,105,-13,19,5,27,38,143
PEG,Public Service Enterprise Group,81.58,-17,19,0,151,153,-29,26,-23,16,-10,143
MSCI,MSCI,581.83,73,38,0,13,124,-5,3,2,19,19,143
ZG,Zillow (Class A),72.92,27,13,49,0,89,45,3,-13,19,54,143
DELL,Dell Technologies,126.68,13,40,1,31,85,3,53,5,-3,58,143
FICO,Fair Isaac,1590.78,-14,-2,-1,165,148,-12,-1,-23,30,-6,142
TRV,Travelers Companies (The),255.31,-31,0,86,57,112,-28,-16,19,55,30,142
LII,Lennox International,601.96,81,7,0,37,125,1,6,-18,26,15,140
ROKU,"Roku, Inc.",88.63,73,21,5,-18,81,23,45,-13,3,58,139
USB,U.S. Bancorp,47.3,73,40,2,3,118,-4,9,2,14,21,139
TOST,"Toast, Inc.",44.64,24,41,72,0,137,-5,-15,5,16,1,138
ADT,ADT Inc.,8.51,5,60,26,0,91,16,4,20,7,47,138
CART,Maplebear Inc.,48.05,56,9,18,0,83,50,3,2,0,55,138
ADSK,Autodesk,307.06,0,43,49,13,105,-1,11,5,18,33,138
HIG,Hartford (The),121.88,-31,0,89,56,114,-28,-20,16,55,23,137
DDS,Dillard's,433.93,0,22,9,53,84,-11,8,2,54,53,137
NCLH,Norwegian Cruise Line Holdings,21.96,73,11,0,0,84,8,41,-15,19,53,137
AMTM,Amentum,24.08,66,52,0,0,118,-3,17,5,0,19,137
NTNX,Nutanix,76.56,26,9,26,21,82,24,2,5,23,54,136
SNOW,Snowflake Inc.,221.77,17,43,10,0,70,17,53,5,-9,66,136
WH,Wyndham Hotels & Resorts,86.06,51,1,0,10,62,68,3,-12,14,73,135
RMD,Resmed,255.95,1,46,12,12,71,-4,52,4,12,64,135
LMT,Lockheed Martin,462.94,0,0,-24,164,140,-6,-3,5,-1,-5,135
MKSI,MKS Instruments,105.85,73,25,-22,-12,64,28,45,1,-4,70,134
Z,Zillow (Class C),75.51,42,13,6,0,61,45,22,-13,19,73,134
GXO,GXO Logistics,50.31,87,40,-32,0,95,-4,46,4,-7,39,134
EXPD,Expeditors International,117.28,0,8,0,130,138,-12,8,1,-2,-5,133
LOW,Lowe's,225.55,0,0,-15,165,150,-17,4,-22,18,-17,133
THG,Hanover Insurance,165.81,0,0,56,23,79,5,-12,48,13,54,133
DLTR,Dollar Tree,104.79,40,57,0,-14,83,-5,56,20,-21,50,133
ZBRA,Zebra Technologies,321.78,77,26,-1,-6,96,-5,45,-16,12,36,132
PG,Procter & Gamble,157.48,-14,-17,-1,178,146,-15,-15,-9,25,-14,132
HES,Hess Corporation,150.88,16,5,2,54,77,36,25,-6,-1,54,131
SNA,Snap-on,318.02,39,0,0,58,97,-11,3,-14,56,34,131
DD,DuPont,75.58,59,11,0,18,88,36,6,2,-2,42,130
LH,Labcorp,259.06,-20,46,50,14,90,-26,46,3,17,40,130
MO,Altria,57.74,-7,0,65,44,102,-7,-1,21,15,28,130
CSGP,CoStar Group,84.5,38,22,1,13,74,29,17,18,-8,56,130
NTAP,Netapp,106.68,4,25,-20,56,65,-12,53,2,21,64,129
PRI,Primerica,269.46,-3,0,0,107,104,-13,6,3,29,25,129
TRU,TransUnion,93.61,36,29,0,2,67,38,8,3,13,62,129
C,Citigroup,85.75,0,40,14,17,71,-11,50,5,13,57,128
CMG,Chipotle Mexican Grill,55.95,0,24,-1,79,102,-21,17,2,28,26,128
COIN,Coinbase,373.86,8,39,4,0,51,2,53,4,17,76,127
MU,Micron Technology,122.21,0,39,4,21,64,17,45,5,-4,63,127
APP,AppLovin,352.95,7,1,100,0,108,14,-14,1,17,18,126
NWSA,News Corp (Class A),29.4,0,40,4,57,101,-13,13,5,20,25,126
WTM,White Mountains Insurance Group,1804.41,17,0,0,58,75,10,1,-15,55,51,126
ETR,Entergy,81.46,-21,0,68,21,68,-29,-12,84,13,56,124
SNDR,Schneider National,26.06,43,20,-18,1,46,52,39,-22,9,78,124
W,Wayfair,56.56,108,40,0,-40,108,4,46,5,-39,16,124
GWW,W. W. Grainger,1044.86,3,0,0,93,96,-18,-15,5,56,28,124
CVX,Chevron Corporation,153.01,15,2,2,47,66,36,23,-7,5,57,123
ALNY,Alnylam Pharmaceuticals,320.89,0,39,12,14,65,-8,47,5,14,58,123
IDA,Idacorp,117.23,12,9,51,17,89,2,1,21,9,33,122
NLY,Annaly Capital Management,19.72,24,22,13,9,68,28,8,3,15,54,122
NVST,Envista,20.38,74,25,1,0,100,6,46,1,-31,22,122
CPNG,Coupang,30.16,1,46,12,0,59,-12,53,5,16,62,121
QGEN,Qiagen,47.94,0,37,7,2,46,-20,78,5,12,75,121
ISRG,Intuitive Surgical,527.68,0,0,89,21,110,-19,2,3,25,11,121
PKG,Packaging Corporation of America,203.97,38,8,0,60,106,8,3,-21,25,15,121
AIG,American International Group,83.06,-31,37,23,52,81,5,-4,18,20,39,120
NEM,Newmont,58.77,3,64,14,4,85,-14,26,14,9,35,120
SRE,Sempra,74.49,-22,0,-10,180,148,-27,-17,3,13,-28,120
HR,Healthcare Realty Trust,16.15,147,8,0,-38,117,4,14,-24,8,2,119
BAC,Bank of America,46.83,-2,40,12,17,67,-13,47,5,13,52,119
BLDR,Builders FirstSource,133.0,81,6,-23,64,128,8,12,-27,-2,-9,119
OC,Owens Corning,147.31,55,6,-19,57,99,8,6,-23,28,19,118
BURL,Burlington Stores,253.32,47,3,0,2,52,68,2,-21,16,65,117
NSC,Norfolk Southern,260.08,0,39,6,3,48,-2,53,5,13,69,117
ABNB,Airbnb,136.87,38,25,0,0,63,68,-12,2,-4,54,117
SFD,Smithfield Foods,24.06,39,35,0,0,74,-11,53,0,0,42,116
VVV,Valvoline,39.06,54,25,-21,30,88,-12,41,2,-3,28,116
DOX,Amdocs,91.49,-5,49,12,57,113,-4,-2,5,4,3,116
LUV,Southwest Airlines,34.54,47,39,11,-38,59,47,3,3,3,56,115
WING,Wingstop,334.06,0,46,0,37,83,6,-7,3,30,32,115
ECG,Everus Construction Group,67.46,36,38,0,0,74,27,12,2,0,41,115
LAD,Lithia Motors,349.66,40,21,2,13,76,-11,46,-17,20,38,114
STAG,STAG Industrial,36.15,-7,40,2,95,130,-15,-3,5,-3,-16,114
GNRC,Generac,150.96,80,24,-15,-33,56,5,42,2,9,58,114
SMCI,Supermicro,50.02,14,16,0,57,87,7,39,-11,-8,27,114
DOCS,Doximity,63.25,12,10,49,0,71,22,21,-12,11,42,113
IP,International Paper,51.36,52,5,0,15,72,38,3,-15,15,41,113
EL,Estée Lauder Companies (The),86.61,108,30,0,-25,113,-12,43,3,-34,0,113
VEEV,Veeva Systems,284.5,1,43,40,7,91,1,-1,5,17,22,113
TRGP,Targa Resources,170.7,0,0,0,50,50,8,17,-15,53,63,113
NTRS,Northern Trust,126.99,0,40,11,10,61,-11,46,5,12,52,113
INFA,Informatica,24.36,73,31,-37,0,67,-5,53,3,-6,45,112
RRX,Regal Rexnord,150.67,73,40,-23,2,92,-11,16,2,12,19,111
DNB,Dun & Bradstreet,9.11,97,19,-21,0,95,52,23,-23,-36,16,111
AMCR,Amcor,9.81,59,6,0,0,65,68,8,-30,-1,45,110
DAL,Delta Air Lines,50.66,54,12,-8,18,76,22,3,-16,25,34,110
BRK-B,Berkshire Hathaway,479.2,-31,-25,119,61,124,-23,-37,20,25,-15,109
AGCO,AGCO,109.95,54,42,2,1,99,7,8,6,-12,9,108
ESS,Essex Property Trust,284.78,14,22,0,13,49,21,20,5,13,59,108
CF,CF Industries,98.75,14,39,10,3,66,36,-6,5,7,42,108
IRM,Iron Mountain,99.25,-20,45,0,56,81,-31,-2,5,55,27,108
PNW,Pinnacle West Capital,89.91,0,-5,63,17,75,-14,4,17,25,32,107
NXST,Nexstar Media Group,183.44,38,39,4,3,84,6,6,2,9,23,107
TFSL,Third Federal S&L,13.26,59,14,3,4,80,-1,5,5,18,27,107
HAS,Hasbro,76.68,2,40,9,2,53,-13,51,5,10,53,106
AYI,Acuity Brands,302.92,0,16,3,26,45,-5,45,1,19,60,105
NVR,"NVR, Inc.",7705.31,59,9,-18,64,114,-15,5,-27,28,-9,105
TXRH,Texas Roadhouse,186.55,-2,41,4,63,106,-21,-15,5,30,-1,105
GM,General Motors,52.55,53,22,2,10,87,-11,14,2,12,17,104
XEL,Xcel Energy,67.84,-1,-5,46,11,51,-14,5,54,8,53,104
WBA,Walgreens Boots Alliance,11.56,59,40,0,-76,23,59,55,1,-34,81,104
NDSN,Nordson,222.13,47,39,-31,0,55,5,45,5,-6,49,104
ED,Consolidated Edison,99.96,4,-24,23,46,49,5,-12,17,44,54,103
CEG,Constellation Energy,317.11,6,40,11,0,57,15,8,5,18,46,103
IDXX,Idexx Laboratories,540.56,1,47,9,3,60,-8,53,5,-7,43,103
FLS,Flowserve,53.81,66,11,0,26,103,-11,3,-16,24,0,103
PARAA,Paramount Global (Class A),23.0,15,7,34,0,56,26,13,3,5,47,103
CAVA,Cava Group,89.55,58,1,-9,0,50,71,3,-23,1,52,102
BWA,BorgWarner,35.37,55,42,3,0,100,6,6,5,-15,2,102
LNT,Alliant Energy,61.72,37,0,63,13,113,-5,-24,5,12,-12,101
AL,Air Lease Corporation,57.99,0,46,12,21,79,-11,3,5,25,22,101
WEC,WEC Energy Group,104.23,2,-10,50,12,54,-14,-12,63,10,47,101
HST,Host Hotels & Resorts,16.16,37,40,-27,1,51,-2,53,3,-5,49,100
MET,Metlife,78.24,-8,39,0,57,88,-19,11,3,17,12,100
JBHT,J. B. Hunt,152.67,61,9,-26,0,44,76,12,-23,-9,56,100
JEF,Jefferies Financial Group,54.68,0,16,-15,57,58,-12,16,-18,56,42,100
ABT,Abbott Laboratories,133.24,-30,37,51,12,70,-26,-1,43,13,29,99
HIW,Highwoods Properties,30.97,-1,46,6,5,56,-27,53,5,12,43,99
AIZ,Assurant,190.45,-31,-5,-1,151,114,-28,-7,2,18,-15,99
RGLD,Royal Gold,160.4,-21,-3,56,17,49,-21,-8,63,15,49,98
BAH,Booz Allen Hamilton,106.99,46,-29,-25,100,92,-6,2,-27,37,6,98
BIO,Bio-Rad Laboratories,252.46,94,6,-22,-27,51,98,11,-27,-36,46,97
PATH,UiPath,13.33,54,30,-6,0,78,22,1,5,-9,19,97
DGX,Quest Diagnostics,173.62,-31,1,63,17,50,-28,-1,63,13,47,97
SBUX,Starbucks,95.24,38,8,5,2,53,8,39,-10,6,43,96
NYT,New York Times Company,55.84,0,51,10,15,76,-12,6,5,20,19,95
AMED,Amedisys,97.9,8,57,7,-39,33,13,20,20,9,62,95
AEE,Ameren,95.19,-14,-3,51,12,46,-14,-2,56,9,49,95
UTHR,United Therapeutics,300.49,16,0,-5,56,67,8,-15,-24,58,27,94
WTW,Willis Towers Watson,308.48,68,0,3,23,94,-3,-16,-10,28,-1,93
KNX,Knight-Swift,47.63,55,6,-20,0,41,76,4,-16,-12,52,93
FOXA,Fox Corporation (Class A),55.21,-21,39,63,0,81,-13,9,3,13,12,93
VAC,Marriott Vacations Worldwide,80.6,95,15,-20,-16,74,30,11,2,-24,19,93
WPC,W. P. Carey,61.78,-8,37,24,0,53,-14,29,21,4,40,93
BJ,BJ's Wholesale Club,107.49,-45,-7,73,9,30,-6,-23,35,57,63,93
CTSH,Cognizant,79.94,40,12,11,13,76,-6,3,2,17,16,92
CUBE,CubeSmart,42.48,0,46,-18,21,49,-12,51,5,-1,43,92
LITE,Lumentum,90.45,-10,38,9,2,39,-5,46,3,9,53,92
AS,Amer Sports,38.48,6,40,0,0,46,-5,45,5,0,45,91
ON,ON Semiconductor,57.77,36,25,-32,0,29,29,46,1,-14,62,91
PSN,Parsons Corporation,75.7,59,25,-22,0,62,-5,24,-25,34,28,90
CPRT,Copart,47.64,-11,-31,-8,175,125,-17,-27,-18,27,-35,90
TTEK,Tetra Tech,36.3,5,38,-24,4,23,-5,53,1,18,67,90
ECL,Ecolab,268.23,0,38,11,21,70,-11,7,5,18,19,89
DIS,Walt Disney Company (The),120.62,0,40,10,0,50,-12,44,5,2,39,89
INGR,Ingredion,136.08,-2,6,2,33,39,-12,1,5,55,49,88
HAYW,Hayward Holdings,14.6,46,11,0,0,57,10,3,3,15,31,88
IRDM,Iridium Communications,31.33,59,22,2,-18,65,-5,44,2,-18,23,88
TW,Tradeweb,136.6,-33,0,104,0,71,-5,-5,5,22,17,88
CNP,Centerpoint Energy,36.11,-13,-6,44,44,69,1,-34,38,14,19,88
QS,QuantumScape,8.35,66,14,1,0,81,24,14,3,-35,6,87
PPG,PPG Industries,118.2,76,40,-41,0,75,6,8,5,-7,12,87
AFG,American Financial Group,126.22,4,7,0,55,66,-3,12,-1,13,21,87
BALL,Ball Corporation,57.96,38,40,-30,-10,38,-4,52,5,-4,49,87
FIS,Fidelity National Information Services,80.01,-14,55,0,0,41,-22,53,4,10,45,86
MDT,Medtronic,89.02,45,6,6,0,57,5,21,-9,12,29,86
WEX,WEX Inc.,151.14,65,22,-38,-4,45,37,40,-29,-7,41,86
KRC,Kilroy Realty,35.46,14,30,0,-39,5,36,33,1,10,80,85
NCNO,nCino,29.25,57,25,-21,0,61,28,4,-23,14,23,84
TWLO,Twilio,121.58,9,32,42,-33,50,15,8,1,10,34,84
MOS,Mosaic Company (The),37.33,42,60,11,-15,98,-5,10,10,-29,-14,84
MRVL,Marvell Technology,72.3,-22,14,-16,105,81,-44,45,-16,17,2,83
POST,Post Holdings,105.76,-23,-4,-1,86,58,-21,-8,-3,56,24,82
ES,Eversource Energy,65.1,37,43,10,-9,81,5,-10,5,1,1,82
NNN,NNN Reit,42.87,-7,38,3,21,55,-14,22,5,13,26,81
CI,Cigna,309.65,-25,-3,0,57,29,-28,9,15,56,52,81
BRX,Brixmor Property Group,25.55,-18,22,0,54,58,-27,19,5,25,22,80
PRU,Prudential Financial,106.6,0,30,-8,54,76,-15,22,-22,18,3,79
GAP,Gap Inc.,22.64,59,-12,-1,17,63,-10,2,6,18,16,79
U,Unity Technologies,29.36,51,29,1,0,81,24,3,5,-34,-2,79
CHDN,Churchill Downs Incorporated,105.37,62,9,-26,0,45,5,27,-27,29,34,79
SNDK,SanDisk,46.2,0,16,0,0,16,22,40,0,0,62,78
ESTC,Elastic NV,86.64,54,0,-8,-5,41,50,2,-13,-3,36,77
MAT,Mattel,20.14,61,39,9,0,109,-12,8,2,-30,-32,77
THO,Thor Industries,93.15,42,24,-21,1,46,-12,46,1,-5,30,76
KDP,Keurig Dr Pepper,33.65,2,0,2,1,5,37,10,13,11,71,76
MUSA,Murphy USA,423.91,6,-42,-8,67,23,-5,4,-24,78,53,76
UI,Ubiquiti,403.01,0,12,47,9,68,-10,4,5,9,8,76
CHH,Choice Hotels,131.43,54,6,0,14,74,-2,3,-12,13,2,76
TER,Teradyne,92.75,89,11,-24,-5,71,-15,41,-18,-4,4,75
CFLT,"Confluent, Inc.",25.56,59,9,-11,0,57,-6,34,-13,3,18,75
SYY,Sysco,76.35,0,27,2,2,31,-12,40,2,13,43,74
RGA,Reinsurance Group of America,195.28,-7,0,-1,39,31,6,-18,3,52,43,74
UAL,United Airlines Holdings,80.18,52,13,0,10,75,-5,3,-15,15,-2,73
EXC,Exelon,43.14,0,-29,50,13,34,3,5,21,9,38,72
TEAM,Atlassian,220.95,52,3,0,-5,50,22,3,-13,10,22,72
AFRM,Affirm Holdings,69.05,6,22,7,0,35,-5,23,3,16,37,72
HXL,Hexcel,59.44,59,12,-24,0,47,7,41,-16,-8,24,71
COKE,Coca-Cola Consolidated,113.38,0,-47,0,85,38,-12,4,-10,51,33,71
DLR,Digital Realty,171.21,0,46,0,21,67,-17,-2,5,18,4,71
CL,Colgate-Palmolive,91.54,42,-1,-1,22,62,-8,1,-9,25,9,71
LPX,Louisiana-Pacific,90.49,38,0,-5,62,95,-12,-20,-19,25,-26,69
BC,Brunswick Corporation,59.63,38,24,-33,-6,23,38,40,-24,-8,46,69
MP,MP Materials,30.03,-38,23,27,0,12,-6,20,40,3,57,69
PFE,Pfizer,25.56,38,21,-28,-22,9,38,46,2,-27,59,68
ACI,Albertsons,22.32,33,3,20,0,56,-5,3,22,-8,12,68
CE,Celanese,60.74,54,25,-38,-9,32,36,6,1,-8,35,67
AFL,Aflac,101.89,-17,-5,0,57,35,-28,8,-3,54,31,66
TROW,T. Rowe Price,101.46,75,25,-18,-24,58,7,9,-20,12,8,66
AMKR,Amkor Technology,22.06,73,25,-35,0,63,29,21,-43,-4,3,66
LLYVA,Liberty Live (Series A),76.4,-17,53,23,0,59,-13,14,5,0,6,65
LBRDA,Liberty Broadband (Series A),97.28,0,51,42,-35,58,-12,6,5,7,6,64
UNH,UnitedHealth Group,302.63,-12,-56,-13,-3,-84,-23,14,-26,183,148,64
O,Realty Income,56.93,-7,36,5,6,40,-15,22,5,12,24,64
RPRX,Royalty Pharma,35.87,0,43,27,0,70,-12,22,21,-37,-6,64
AMT,American Tower,221.82,0,18,11,5,34,-19,23,15,10,29,63
PINS,Pinterest,35.9,5,25,0,0,30,-5,41,1,-4,33,63
OVV,Ovintiv,40.51,14,22,-32,0,4,37,25,2,-5,59,63
CIEN,Ciena,79.33,0,40,4,11,55,-13,3,3,15,8,63
SPG,Simon Property Group,162.98,0,9,0,34,43,-11,8,3,20,20,63
G,Genpact,45.68,52,4,3,2,61,-1,4,-10,9,2,63
LBRDK,Liberty Broadband (Series C),97.79,0,51,42,-35,58,-13,6,5,7,5,63
OKE,Oneok,81.16,2,-12,-8,53,35,5,-8,-20,50,27,62
AMH,American Homes 4 Rent,35.54,-2,0,-3,67,62,5,-24,5,14,0,62
ACGL,Arch Capital Group,87.89,-31,-1,-3,61,26,-3,-16,5,50,36,62
EQT,EQT Corporation,54.88,-38,46,36,41,85,-67,-1,36,9,-23,62
LLYVK,Liberty Live (Series C),78.17,-17,46,24,0,53,-13,16,5,0,8,61
XYZ,"Block, Inc.",69.01,73,18,-19,-35,37,-5,37,-20,12,24,61
QCOM,Qualcomm,159.35,0,25,-20,21,26,-13,48,3,-4,34,60
S,SentinelOne,18.52,59,0,-20,0,39,28,3,-23,13,21,60
DKNG,DraftKings,42.81,6,16,4,0,26,12,16,-13,19,34,60
MAS,Masco,66.9,4,6,-15,64,59,1,6,-27,20,0,59
NU,Nubank,13.64,5,11,3,0,19,6,11,5,18,40,59
FOX,Fox Corporation (Class B),50.61,-21,39,62,0,80,-41,9,2,8,-22,58
JNJ,Johnson & Johnson,156.27,38,6,3,6,53,5,4,-9,5,5,58
MTDR,Matador Resources,51.34,14,20,-24,1,11,29,40,-17,-5,47,58
COLB,Columbia Banking System,25.06,59,6,0,0,65,-1,5,-21,9,-8,57
CRL,Charles River Laboratories,158.95,61,25,-49,-25,12,8,43,1,-7,45,57
FNF,Fidelity National Financial,55.11,-10,-2,0,57,45,-12,10,-6,20,12,57
TPG,TPG Inc.,54.2,14,23,0,0,37,6,14,-19,18,19,56
GPK,Graphic Packaging,22.45,38,-84,-14,57,-3,36,-21,-27,70,58,55
VTRS,Viatris,9.23,59,14,-20,-6,47,-4,18,-24,18,8,55
CHRW,C.H. Robinson,99.13,52,8,0,3,63,6,1,-22,7,-8,55
RNR,RenaissanceRe,240.27,0,0,-3,34,31,10,-16,3,27,24,55
DG,Dollar General,112.32,-8,81,0,-16,57,-23,29,17,-25,-2,55
CNXC,Concentrix,59.97,37,6,0,0,43,36,4,3,-32,11,54
KEYS,Keysight,163.83,0,40,11,0,51,-12,7,3,4,2,53
CTRA,Coterra,25.15,0,0,0,43,43,8,-3,-7,12,10,53
BXP,"BXP, Inc.",69.03,0,38,-3,0,35,5,-5,5,12,17,52
IPGP,IPG Photonics,73.81,59,39,-81,-43,-26,74,46,1,-43,78,52
OLED,Universal Display Corporation,157.3,0,40,-32,0,8,-4,47,5,-4,44,52
OWL,Blue Owl Capital,19.43,12,19,0,0,31,6,11,-16,20,21,52
TYL,Tyler Technologies,579.23,-5,12,0,16,23,-4,39,-23,17,29,52
DHI,D. R. Horton,138.41,7,13,-23,64,61,5,17,-30,-1,-9,52
SARO,StandardAero,30.07,-8,40,0,0,32,-33,47,5,0,19,51
LYFT,Lyft,15.67,0,41,3,0,44,-1,4,5,-1,7,51
CSX,CSX Corporation,33.33,1,39,-31,3,12,-4,43,5,-5,39,51
COO,Cooper Companies (The),74.95,52,0,-22,-4,26,52,2,-27,-2,25,51
ALAB,Astera Labs,99.89,9,38,0,0,47,24,-4,-17,0,3,50
M,"Macy's, Inc.",12.51,45,6,-26,-14,11,60,3,-20,-5,38,49
EFX,Equifax,265.96,40,0,0,15,55,-4,-25,5,17,-7,48
SAIA,Saia,301.6,77,0,-21,3,59,8,8,-23,-4,-11,48
FE,FirstEnergy,40.14,0,-5,1,54,50,5,-25,5,13,-2,48
EXR,Extra Space Storage,148.72,0,37,-1,0,36,-12,6,5,12,11,47
EEFT,Euronet Worldwide,107.12,35,5,2,0,42,-2,-10,5,12,5,47
AWK,American Water Works,141.75,4,0,21,1,26,5,-9,17,7,20,46
SWK,Stanley Black & Decker,72.91,59,6,-24,-38,3,68,6,-30,-1,43,46
SIRI,Sirius XM,24.28,73,12,-78,-30,-23,85,44,-44,-16,69,46
DPZ,Domino's,464.03,13,0,1,9,23,10,-26,22,17,23,46
BILL,Bill.com,47.72,77,8,-19,0,66,24,7,-15,-36,-20,46
NEE,NextEra Energy,73.65,33,6,1,0,40,-10,-2,5,12,5,45
AAP,Advance Auto Parts,58.37,38,32,0,-27,43,36,-6,5,-33,2,45
K,Kellanova,79.2,0,-20,64,20,64,-12,-17,-2,12,-19,45
DOCU,DocuSign,79.55,52,-20,0,-11,21,24,-14,3,10,23,44
FIVE,Five Below,128.86,0,42,0,-15,27,-26,51,6,-14,17,44
CRM,Salesforce,270.93,3,0,-8,21,16,19,5,-16,20,28,44
SEG,Seaport Entertainment Group,20.99,31,4,0,0,35,40,-8,-23,0,9,44
LNC,Lincoln Financial,34.42,0,9,13,-5,17,7,9,3,7,26,43
VTR,"Ventas, Inc.",62.76,0,-29,67,21,59,-12,-36,18,14,-16,43
CMS,CMS Energy,69.76,3,-32,71,22,64,-13,-38,17,13,-21,43
CCCS,CCC Intelligent Solutions,9.76,36,14,-23,0,27,26,17,-22,-5,16,43
HRB,H&R Block,55.63,10,-21,0,51,40,-14,-33,-1,51,3,43
VLTO,Veralto,102.37,2,40,0,0,42,-7,3,4,0,0,42
WFRD,Weatherford International,56.44,42,11,-39,0,14,54,20,-43,-4,27,41
GTLB,GitLab,46.88,53,0,-16,0,37,28,-27,-15,17,3,40
CRUS,Cirrus Logic,105.03,-7,40,-18,18,33,-12,16,5,-2,7,40
MTN,Vail Resorts,166.28,39,30,-28,-22,19,52,3,1,-35,21,40
AZTA,Azenta,33.39,63,5,-48,-30,-10,37,34,-14,-8,49,39
SW,Smurfit Westrock,47.24,53,6,0,0,59,-5,3,-18,0,-20,39
DXCM,Dexcom,84.88,2,44,0,-13,33,5,3,5,-8,5,38
HSIC,Schein (Henry),74.16,1,16,3,0,20,5,9,1,2,17,37
AGO,Assured Guaranty,83.51,-22,0,-1,55,32,-33,12,5,21,5,37
FI,Fiserv,170.99,-3,0,-9,34,22,-12,11,-10,26,15,37
SUI,Sun Communities,127.36,1,31,4,-23,13,-12,21,5,10,24,37
TTD,Trade Desk (The),75.67,45,23,-22,3,49,7,-16,-22,19,-12,37
JLL,Jones Lang LaSalle,255.44,0,14,3,13,30,-11,19,-15,13,6,36
MIDD,Middleby,148.64,5,11,9,0,25,8,2,-11,12,11,36
LSCC,Lattice Semiconductor,53.82,30,6,-15,0,21,29,12,-12,-14,15,36
HHH,Howard Hughes Holdings,70.1,26,2,-8,-5,15,37,-7,-23,13,20,35
UHS,Universal Health Services,182.55,0,0,-6,21,15,-16,6,3,25,18,33
MASI,Masimo,165.51,-20,13,41,-5,29,-21,26,-10,9,4,33
FDX,FedEx,236.51,40,8,-21,31,58,-12,13,-23,-3,-25,33
ELF,e.l.f. Beauty,117.77,-14,32,-45,30,3,-15,46,3,-4,30,33
A,Agilent Technologies,121.31,4,14,-18,0,0,8,43,-15,-4,32,32
SITE,SiteOne Landscape Supply,129.74,43,7,-21,-8,21,36,6,-24,-7,11,32
ENTG,Entegris,86.99,73,6,-39,-5,35,29,16,-44,-4,-3,32
IT,Gartner,394.51,-8,-17,-16,57,16,-6,-20,-14,56,16,32
AXTA,Axalta,30.93,38,-27,-11,21,21,5,3,-24,25,9,30
MDU,MDU Resources,16.55,0,0,0,39,39,-14,-28,5,28,-9,30
SOLV,Solventum,74.19,-11,13,0,0,2,-14,41,1,0,28,30
ROIV,Roivant Sciences,11.21,0,1,-2,0,-1,5,-2,5,23,31,30
OTIS,Otis Worldwide,99.32,0,7,3,0,10,-5,8,-9,25,19,29
KMB,Kimberly-Clark,131.49,38,-17,1,17,39,-12,-17,-6,25,-10,29
IEX,IDEX Corporation,184.45,38,2,-23,0,17,37,2,-23,-5,11,28
WDAY,"Workday, Inc.",240.19,24,-2,-5,13,30,22,-26,3,-1,-2,28
MHK,Mohawk Industries,112.33,61,2,-21,-10,32,5,6,-29,13,-5,27
SEB,Seaboard Corporation,3020.0,38,14,0,-22,30,-4,26,3,-28,-3,27
REG,Regency Centers,69.0,-21,0,0,52,31,-26,-2,5,18,-5,26
FSLR,First Solar,165.91,0,5,-34,61,32,-11,5,5,-5,-6,26
DV,DoubleVerify,15.61,47,13,-65,0,-5,50,3,-13,-9,31,26
CUZ,Cousins Properties,28.85,-33,30,6,10,13,-27,23,5,12,13,26
MTD,Mettler Toledo,1216.96,5,25,-18,0,12,8,45,-36,-4,13,25
INCY,Incyte,68.73,-33,26,0,-30,-37,7,48,1,6,62,25
GRAL,"Grail, Inc.",42.13,-21,20,0,0,-1,-31,53,3,0,25,24
DECK,Deckers Brands,104.9,0,-19,-19,92,54,-14,-31,-15,30,-30,24
CACC,Credit Acceptance,521.26,0,16,2,2,20,-11,17,2,-4,4,24
AVY,Avery Dennison,183.51,38,6,-30,1,15,5,6,2,-4,9,24
ADM,Archer Daniels Midland,53.96,0,41,0,-10,31,-10,17,5,-19,-7,24
VNOM,Viper Energy,37.21,-24,-12,-4,43,3,5,-8,-23,46,20,23
ROST,Ross Stores,131.21,0,-17,-8,34,9,5,-25,6,28,14,23
EMN,Eastman Chemical Company,80.27,38,0,-16,0,22,29,3,-30,-1,1,23
VZ,Verizon,42.62,-6,-1,25,9,27,-19,-16,18,13,-4,23
FND,Floor & Decor,83.49,61,6,-30,-5,32,7,12,-24,-5,-10,22
TTC,Toro Company (The),75.2,73,6,-30,-6,43,38,3,-43,-19,-21,22
WMS,Advanced Drainage Systems,119.5,5,24,-35,2,-4,7,16,5,-2,26,22
EGP,EastGroup Properties,167.01,-6,37,0,7,38,-12,-5,5,-4,-16,22
MRP,Millrose Properties,28.95,3,29,0,0,32,-17,7,0,0,-10,22
EA,Electronic Arts,152.64,-18,16,0,6,4,-29,15,11,20,17,21
MSGS,Madison Square Garden Sports,202.19,-10,14,-1,20,23,-15,8,-21,26,-2,21
INGM,Ingram Micro,20.86,0,25,0,0,25,-15,9,2,0,-4,21
CPAY,Corpay,331.27,0,0,0,20,20,-12,-14,3,24,1,21
D,Dominion Energy,57.15,4,38,9,-33,18,-17,6,5,9,3,21
MEDP,Medpace,320.81,2,14,-22,31,25,-12,24,-14,-3,-5,20
CCI,Crown Castle,103.42,4,13,2,-27,-8,1,12,15,-1,27,19
ALSN,Allison Transmission,94.83,0,0,0,34,34,-15,-17,-16,33,-15,19
GTM,ZoomInfo,10.43,16,13,-18,0,11,22,44,-23,-36,7,18
LEN-B,Lennar (Class B),110.33,2,2,-23,61,42,1,6,-30,-1,-24,18
HPQ,HP Inc.,25.63,55,0,-20,0,35,-11,3,-24,15,-17,18
LEN,Lennar (Class A),115.4,1,2,-25,63,41,3,5,-30,-2,-24,17
FAF,First American Financial Corporation,59.97,-11,9,0,13,11,-12,14,-14,17,5,16
GL,Globe Life,117.64,-20,-1,40,13,32,-25,6,-4,7,-16,16
GFS,GlobalFoundries,40.98,38,18,-77,0,-21,36,16,1,-16,37,16
XP,XP Inc.,19.18,-17,54,7,0,44,-28,-5,11,-7,-29,15
VNO,Vornado Realty Trust,37.89,-1,1,0,3,3,4,-10,3,14,11,14
PCTY,Paylocity,184.85,26,0,0,-2,24,20,-20,-14,4,-10,14
GPC,Genuine Parts Company,125.24,45,7,0,0,52,-12,-15,5,-16,-38,14
OHI,Omega Healthcare Investors,36.39,-19,-3,0,39,17,-15,-13,-6,30,-4,13
RH,RH,203.54,37,1,-19,-6,13,4,6,-18,8,0,13
WBD,Warner Bros. Discovery,11.5,10,20,7,-41,-4,18,40,3,-44,17,13
PARA,Paramount Global (Class B),12.61,-6,41,3,-38,0,2,47,7,-44,12,12
MAA,Mid-America Apartment Communities,150.28,28,-26,0,0,2,36,-33,-3,10,10,12
RKT,Rocket Companies,13.94,-21,14,0,0,-7,-20,36,4,-1,19,12
UDR,"UDR, Inc.",40.73,0,0,0,1,1,-1,-5,5,12,11,12
BROS,Dutch Bros. Coffee,66.32,-42,0,48,0,6,7,-14,3,10,6,12
IAC,IAC Inc.,39.94,52,9,0,-30,31,5,11,1,-37,-20,11
RRC,Range Resources,37.45,-45,0,29,41,25,-71,-2,5,54,-14,11
WLK,Westlake Corporation,85.5,53,0,-35,0,18,38,6,-47,-5,-8,10
PENN,Penn Entertainment,18.47,96,11,-18,-33,56,-12,21,-13,-43,-47,9
JKHY,Jack Henry & Associates,179.71,-6,8,11,3,16,-3,-16,1,10,-8,8
DVA,DaVita,141.84,0,0,0,19,19,-22,8,-15,18,-11,8
RARE,Ultragenyx,41.44,31,20,-22,-37,-8,29,19,-30,-2,16,8
KBR,"KBR, Inc.",47.72,0,-13,-25,0,-38,6,-13,-3,56,46,8
SBAC,SBA Communications,234.35,-7,13,11,-19,-2,-19,12,12,4,9,7
REGN,Regeneron Pharmaceuticals,552.58,46,0,-36,-3,7,38,2,-37,-3,0,7
HUBS,HubSpot,560.39,25,-19,-5,10,11,18,-27,-13,18,-4,7
VKTX,Viking Therapeutics,30.39,16,6,-35,20,7,29,2,-28,-5,-2,5
DAY,Dayforce,59.06,16,2,-15,-11,-8,38,-10,-19,4,13,5
REXR,Rexford Industrial,36.76,30,25,-41,-17,-3,-2,40,1,-31,8,5
HOLX,Hologic,65.84,1,28,-30,0,-1,7,35,-30,-6,6,5
FCN,FTI Consulting,166.07,41,3,-32,0,12,35,3,-42,-4,-8,4
DOC,Healthpeak Properties,18.25,40,0,-12,-30,-2,5,20,-27,8,6,4
PK,Park Hotels & Resorts,10.84,38,6,-21,-6,17,8,6,-23,-4,-13,4
AA,Alcoa,30.61,45,7,-16,-19,17,-2,40,-22,-31,-15,2
CPT,Camden Property Trust,112.95,0,0,0,0,0,-3,-10,5,10,2,2
WAT,Waters Corporation,349.22,-11,0,0,13,2,-4,5,-15,13,-1,1
FR,First Industrial Realty Trust,48.3,-7,0,-8,13,-2,-11,-2,3,13,3,1
GEHC,GE HealthCare,75.5,0,9,-15,0,-6,-2,14,-13,7,6,0
MRNA,Moderna,32.8,59,3,-50,-3,9,74,5,-50,-38,-9,0
BBY,Best Buy,72.45,38,6,-19,-5,20,8,3,-30,-1,-20,0
SEE,Sealed Air,32.46,38,40,-19,-23,36,-12,3,3,-31,-37,-1
CC,Chemours,13.75,61,6,-60,-12,-5,38,17,-22,-29,4,-1
AES,AES Corporation,13.27,31,1,-37,-10,-15,35,1,1,-23,14,-1
ALK,Alaska Air Group,49.72,0,6,-1,0,5,-6,3,-12,8,-7,-2
MTCH,Match Group,32.87,38,24,0,-36,26,5,32,-28,-37,-28,-2
OMC,Omnicom Group,72.5,0,-1,-22,0,-23,-7,6,-27,49,21,-2
ACN,Accenture,297.34,0,-1,-18,13,-6,-4,3,-14,18,3,-3
POOL,Pool Corporation,308.5,38,1,-18,-5,16,7,6,-24,-8,-19,-3
EQIX,Equinix,764.72,-22,-4,-3,33,4,-19,-10,-3,25,-7,-3
WST,West Pharmaceutical Services,226.19,7,23,-22,-6,2,1,23,-22,-7,-5,-3
ONTO,Onto Innovation,102.7,14,0,-21,0,-7,6,16,-16,-3,3,-4
FTV,Fortive,52.96,19,1,-16,32,36,-12,-12,-12,-4,-40,-4
CPRI,Capri Holdings,19.53,54,9,-67,-10,-14,68,3,-31,-31,9,-5
ADC,Agree Realty,70.99,-66,-10,58,15,-3,-29,-4,18,12,-3,-6
LYB,LyondellBasell,64.85,37,2,-39,0,0,37,16,-53,-6,-6,-6
SON,Sonoco,46.8,38,6,-39,0,5,-4,3,2,-13,-12,-7
CHRD,Chord Energy,106.92,16,21,-45,1,-7,29,24,-49,-5,-1,-8
HRL,Hormel Foods,31.26,15,9,0,-22,2,12,1,5,-29,-11,-9
TPL,Texas Pacific Land Corporation,1048.02,-10,-27,-4,57,16,-15,-27,5,12,-25,-9
APTV,Aptiv,70.91,1,40,2,-23,20,-6,6,5,-35,-30,-10
GDDY,GoDaddy,175.13,-10,0,0,21,11,-5,-24,-14,21,-22,-11
CHTR,Charter Communications,403.75,0,8,13,-35,-14,-13,6,5,5,3,-11
CDW,CDW,180.78,1,40,-37,3,7,-15,3,1,-7,-18,-11
OKTA,"Okta, Inc.",99.1,5,-21,19,-23,-20,4,-25,24,5,8,-12
BMY,Bristol Myers Squibb,47.65,7,0,-4,-4,-1,3,-9,-9,4,-11,-12
ASH,Ashland Global,53.99,44,2,-36,-8,2,37,6,-48,-9,-14,-12
DLB,Dolby Laboratories,75.49,2,2,2,0,6,-15,3,-15,7,-20,-14
DVN,Devon Energy,34.58,14,6,-45,-4,-29,29,2,4,-21,14,-15
MORN,"Morningstar, Inc.",299.68,-11,0,-15,27,1,-38,2,2,17,-17,-16
PAYC,Paycom,234.09,16,0,14,-23,7,21,-14,5,-36,-24,-17
UHAL,U-Haul,61.59,12,-15,-10,21,8,7,-28,-23,19,-25,-17
AVB,AvalonBay Communities,200.66,-35,0,0,15,-20,-7,-3,-2,14,2,-18
OXY,Occidental Petroleum,45.55,14,6,-50,0,-30,29,-3,1,-15,12,-18
PSA,Public Storage,288.96,-11,0,-6,14,-3,-17,-16,5,12,-16,-19
FANG,Diamondback Energy,142.13,2,2,-24,46,26,8,-6,-43,-4,-45,-19
SLB,Schlumberger,36.24,16,0,-65,0,-49,50,2,-16,-9,27,-22
EPAM,EPAM Systems,181.73,62,11,-21,-26,26,-4,4,-12,-36,-48,-22
AKAM,Akamai Technologies,80.61,5,7,-21,-6,-15,7,15,-21,-9,-8,-23
SHC,Sotera Health,11.61,38,-3,-22,0,13,-12,-24,5,-5,-36,-23
LKQ,LKQ Corporation,38.86,37,-17,0,0,20,5,-23,-9,-16,-43,-23
TRIP,Tripadvisor,17.33,38,5,0,-51,-8,45,-19,2,-43,-15,-23
DHR,Danaher Corporation,200.96,0,22,-24,0,-2,-4,21,-35,-3,-21,-23
FMC,FMC Corporation,43.62,37,29,-35,-23,8,-9,33,-31,-25,-32,-24
CLF,Cleveland-Cliffs,8.86,47,5,-58,-15,-21,44,18,-58,-7,-3,-24
EQR,Equity Residential,66.54,-11,0,0,12,1,-12,-31,5,12,-26,-25
PYPL,PayPal,74.83,0,30,0,-38,-8,-12,5,-19,8,-18,-26
PODD,Insulet,297.65,-37,0,40,3,6,-30,-16,9,5,-32,-26
ALGN,Align Technology,200.45,72,25,-62,-24,11,43,14,-57,-37,-37,-26
SJM,J.M. Smucker Company (The),104.19,45,-20,-7,-3,15,5,-20,-5,-22,-42,-27
CNA,CNA Financial,44.54,-21,-24,0,56,11,-28,-25,-4,19,-38,-27
MRK,Merck & Co.,83.72,38,1,-42,0,-3,7,20,-46,-5,-24,-27
UHAL-B,U-Haul (Series N),56.08,36,0,-18,0,18,5,-27,-32,8,-46,-28
ZM,Zoom Communications,77.37,0,0,0,0,0,-13,-23,5,3,-28,-28
MKC,McCormick & Company,72.22,-21,-1,-1,-1,-24,-24,20,-9,9,-4,-28
WTRG,Essential Utilities,37.35,0,-19,1,-2,-20,5,-35,17,4,-9,-29
COP,ConocoPhillips,94.54,14,5,-40,0,-21,37,18,-56,-7,-8,-29
OLN,Olin Corporation,22.18,38,2,-55,-8,-23,68,5,-57,-22,-6,-29
RYN,Rayonier,23.52,31,0,-15,-4,12,5,-11,-27,-8,-41,-29
KMPR,Kemper Corporation,62.37,-31,0,0,3,-28,-27,11,2,13,-1,-29
EXE,Expand Energy,105.16,-41,-1,36,0,-6,-65,-4,36,9,-24,-30
JAZZ,Jazz Pharmaceuticals,111.66,15,0,-10,-5,0,29,-11,-11,-38,-31,-31
PLD,Prologis,106.42,0,6,-18,0,-12,-12,-9,5,-4,-20,-32
PVH,PVH Corp.,72.49,54,-1,-27,-2,24,-4,-23,-23,-6,-56,-32
CMCSA,Comcast,35.61,0,12,-30,-8,-26,-19,17,2,-7,-7,-33
MDB,MongoDB Inc.,217.13,11,11,-21,-8,-7,16,-12,-22,-8,-26,-33
EW,Edwards Lifesciences,77.19,0,14,0,-13,1,-30,5,25,-34,-34,-33
TECH,Bio-Techne,52.59,15,0,-22,-23,-30,7,16,-22,-5,-4,-34
DAR,Darling Ingredients,37.11,-10,17,-1,-19,-13,-12,16,3,-29,-22,-35
MAN,ManpowerGroup,44.69,38,0,-41,-27,-30,67,4,-41,-35,-5,-35
CVS,CVS Health,66.64,-21,13,5,-16,-19,-28,19,20,-27,-16,-35
TMO,Thermo Fisher Scientific,418.54,0,0,-17,-4,-21,-3,5,-16,-2,-16,-37
EG,Everest Group,340.1,13,-21,-31,54,15,5,-21,-32,-4,-52,-37
GNTX,Gentex,23.03,54,5,-37,-7,15,5,3,-54,-7,-53,-38
TREX,"Trex Company, Inc.",60.27,38,1,-49,-12,-22,5,5,-21,-5,-16,-38
OGN,Organon & Co.,9.91,-2,0,-24,0,-26,5,21,-37,-3,-14,-40
RVTY,Revvity,100.14,4,0,-15,-23,-34,-4,16,-20,2,-6,-40
RYAN,Ryan Specialty,66.22,-31,-10,0,0,-41,-3,-16,-4,24,1,-40
ETSY,Etsy,54.13,13,30,-3,-29,11,-11,-9,5,-36,-51,-40
RNG,RingCentral,29.05,61,21,-21,-40,21,-5,8,-21,-44,-62,-41
FBIN,Fortune Brands Innovations,54.03,5,0,-21,-4,-20,1,6,-27,-1,-21,-41
IFF,International Flavors & Fragrances,76.56,30,2,-18,-30,-16,5,-11,-30,10,-26,-42
WSC,WillScot Mobile Mini,29.09,71,6,-60,-5,12,-11,3,-37,-11,-56,-44
FRT,Federal Realty Investment Trust,94.65,0,6,-18,1,-11,-12,-10,-24,13,-33,-44
EXAS,Exact Sciences,55.29,7,1,-23,-24,-39,5,1,3,-15,-6,-45
CROX,Crocs,104.76,0,0,-37,0,-37,-12,3,5,-4,-8,-45
ENOV,Enovis,35.56,54,1,-60,-16,-21,29,3,-20,-36,-24,-45
CZR,Caesars Entertainment,29.58,38,13,-21,-24,6,5,8,-30,-36,-53,-47
AVTR,Avantor,13.57,-7,0,-24,0,-31,-4,26,-35,-4,-17,-48
TSN,Tyson Foods,55.08,-11,-3,-1,-27,-42,-17,6,-6,10,-7,-49
NOV,NOV Inc.,13.43,14,2,-50,-11,-45,29,21,-41,-14,-5,-50
CGNX,Cognex Corporation,33.33,60,22,-35,-30,17,6,8,-43,-39,-68,-51
ARE,Alexandria Real Estate Equities,77.08,37,0,-32,-29,-24,36,14,-43,-34,-27,-51
RGEN,Repligen,129.85,15,2,-11,-16,-10,7,3,-15,-36,-41,-51
NWL,Newell Brands,5.87,38,6,-22,-30,-8,1,10,-22,-35,-46,-54
CERT,"Certara, Inc.",11.48,0,-18,-10,0,-28,6,1,-2,-31,-26,-54
UWMC,United Wholesale Mortgage,4.26,0,0,-24,0,-24,5,5,-37,-3,-30,-54
TAP,Molson Coors,49.55,33,-51,-8,0,-26,5,-25,-9,-2,-31,-57
ZTS,Zoetis,157.47,0,0,-30,-2,-32,-12,-14,4,-4,-26,-58
BFAM,Bright Horizons,116.69,-32,-3,-1,0,-36,-27,-19,10,14,-22,-58
PII,Polaris Inc.,47.86,40,9,-95,-16,-62,52,6,-38,-16,4,-58
KMX,CarMax,67.25,-6,0,-14,-35,-55,-13,17,-18,10,-4,-59
INTC,Intel,23.46,14,2,-64,-19,-67,14,16,-12,-11,7,-60
TGT,Target Corporation,102.43,0,6,-26,-10,-30,-13,20,-34,-5,-32,-62
IQV,IQVIA,162.01,0,0,-35,-5,-40,-4,21,-37,-5,-25,-65
DOW,Dow Inc.,29.83,14,0,-38,0,-24,29,-10,-53,-7,-41,-65
PINC,"Premier, Inc.",21.59,-7,0,12,-27,-22,-5,-15,10,-33,-43,-65
PLTK,Playtika,4.89,0,6,-21,0,-15,-2,4,-22,-30,-50,-65
CLVT,Clarivate,4.51,57,11,-72,-5,-9,14,2,-32,-41,-57,-66
YETI,Yeti Holdings,32.29,0,7,-30,-5,-28,-14,6,-21,-9,-38,-66
HSY,Hershey Company (The),162.0,-11,6,-40,-3,-48,-12,21,-9,-18,-18,-66
QDEL,QuidelOrtho,31.61,45,0,-18,-37,-10,6,1,-18,-46,-57,-67
DBX,Dropbox,27.67,-38,0,14,8,-16,-30,-27,-2,7,-52,-68
BMRN,BioMarin Pharmaceutical,59.67,37,-65,-45,-19,-92,52,2,-10,-21,23,-69
CIVI,Civitas Resources,31.22,14,2,-50,-5,-39,31,-3,-50,-8,-30,-69
ILMN,"Illumina, Inc.",97.5,0,20,-23,-39,-42,-13,46,-23,-39,-29,-71
DJT,Trump Media & Technology Group,19.03,24,-27,-51,0,-54,37,-29,-19,-8,-19,-73
ANGI,Angi Inc.,16.49,38,25,-35,-50,-22,-12,3,1,-43,-51,-73
WY,Weyerhaeuser,26.14,0,0,-18,0,-18,-13,-7,-30,-7,-57,-75
AR,Antero Resources,35.57,-57,-1,36,9,-13,-72,-4,5,9,-62,-75
PEP,PepsiCo,134.46,2,0,-37,-2,-37,-13,20,-34,-12,-39,-76
VFC,VF Corporation,12.47,38,-17,-15,-42,-36,-4,-28,-15,6,-41,-77
LSTR,Landstar,142.88,0,6,-30,0,-24,-12,2,-37,-6,-53,-77
FRPT,Freshpet,70.13,-5,-17,-19,-5,-46,-14,-21,-15,18,-32,-78
RIVN,Rivian,13.2,-38,-8,-2,0,-48,7,-23,6,-20,-30,-78
KVUE,Kenvue,20.75,-19,-24,0,0,-43,-27,-25,14,2,-36,-79
BHF,Brighthouse Financial,52.06,-68,-4,13,10,-49,-20,-22,5,7,-30,-79
TSLA,"Tesla, Inc.",295.82,-54,0,-1,9,-46,-21,-2,-19,9,-33,-79
INVH,Invitation Homes,32.28,-66,-2,-3,0,-71,-27,-10,16,13,-8,-79
UA,Under Armour (Class C),6.59,-6,32,-23,-36,-33,-17,5,1,-36,-47,-80
IPG,Interpublic Group of Companies (The),24.67,0,6,-38,0,-32,-7,8,-35,-16,-50,-82
ACHC,Acadia Healthcare,24.42,51,-92,-43,-10,-94,61,3,-37,-15,12,-82
ELS,Equity Lifestyle Properties,62.04,0,-10,-16,0,-26,-3,-24,-27,-2,-56,-82
ALB,Albemarle Corporation,70.8,59,5,-123,-22,-81,29,16,-22,-24,-1,-82
LEG,Leggett & Platt,10.07,38,25,-127,-29,-93,29,16,2,-37,10,-83
EIX,Edison International,50.62,-14,-23,-27,-1,-65,-21,-24,-24,49,-20,-85
DUOL,Duolingo,391.29,-145,-6,48,0,-103,4,-20,9,22,15,-88
BIIB,Biogen,132.94,38,5,-79,-26,-62,31,1,-42,-17,-27,-89
LCID,Lucid Motors,2.29,13,-28,-27,0,-42,24,-25,-12,-34,-47,-89
HAL,Halliburton,22.04,14,0,-58,-4,-48,29,-5,-57,-8,-41,-89
LOAR,Loar Holdings,78.4,-32,-3,0,0,-35,-36,-30,9,0,-57,-92
LBTYA,Liberty Global (Series A),10.09,0,0,-35,-30,-65,5,8,-33,-9,-29,-94
LULU,Lululemon Athletica,235.89,-6,-22,-6,-2,-36,-17,-16,-15,-11,-59,-95
PEN,"Penumbra, Inc.",244.18,-37,-29,27,10,-29,-36,-32,-1,2,-67,-96
HOG,Harley-Davidson,24.69,0,2,-38,-8,-44,-12,3,-33,-10,-52,-96
GLOB,Globant,92.75,15,-36,-21,-6,-48,8,-30,-21,-6,-49,-97
GPN,Global Payments,80.64,0,0,-22,-38,-60,-19,8,-19,-9,-39,-99
MOH,Molina Healthcare,237.18,-31,-32,-8,-1,-72,-24,6,-4,-7,-29,-101
FIVN,Five9,28.75,24,6,-74,-34,-78,38,-11,-12,-39,-24,-102
COLM,Columbia Sportswear,63.17,0,-83,-16,-5,-104,-2,3,-11,12,2,-102
LINE,"Lineage, Inc.",42.82,-9,-65,0,0,-74,-2,-1,-26,0,-29,-103
APA,APA Corporation,20.44,15,22,-80,-11,-54,51,2,-84,-18,-49,-103
ZBH,Zimmer Biomet,95.2,38,0,-60,-16,-38,5,6,-59,-17,-65,-103
ELV,Elevance Health,346.33,-31,-5,-39,0,-75,-28,6,-5,-2,-29,-104
LBTYK,Liberty Global (Series C),10.37,1,0,-35,-29,-63,5,21,-32,-35,-41,-104
INSP,Inspire Medical Systems,134.27,14,-37,-18,-5,-46,6,-29,-23,-16,-62,-108
ADBE,Adobe Inc.,373.32,-11,-1,-31,-5,-48,-4,-17,-35,-4,-60,-108
PCG,PG&E Corporation,13.48,-23,-24,-25,-1,-73,-24,-26,-24,39,-35,-108
BAX,Baxter International,29.78,-6,-1,-18,-37,-62,-2,3,-9,-40,-48,-110
MKTX,MarketAxess,219.29,-13,1,-23,-28,-63,-5,-4,5,-43,-47,-110
BRKR,Bruker,42.13,1,6,-55,-7,-55,-4,16,-59,-8,-55,-110
UAA,Under Armour (Class A),6.93,-7,30,-23,-43,-43,-17,5,-23,-36,-71,-114
CHE,Chemed Corporation,471.61,-45,-33,-6,0,-84,2,-21,-4,-7,-30,-114
SPB,Spectrum Brands,56.74,42,-140,-23,-3,-124,6,2,-22,23,9,-115
NKE,"Nike, Inc.",73.58,0,8,-72,-20,-84,-7,8,2,-35,-32,-116
KSS,Kohl's,9.36,40,6,-57,-30,-41,7,6,-58,-31,-76,-117
GME,GameStop,23.16,-21,-18,-5,-29,-73,-27,-20,6,-6,-47,-120
BRBR,BellRing Brands,57.69,-19,-44,-8,0,-71,-26,-36,-14,26,-50,-121
NSA,National Storage Affiliates,31.89,-7,-33,-10,-3,-53,-15,-34,-31,11,-69,-122
COTY,Coty,4.98,30,0,-59,-6,-35,-11,-7,-61,-8,-87,-122
STZ,Constellation Brands,169.03,37,-23,-40,-2,-28,-6,-27,-56,-7,-96,-124
TDC,Teradata,22.73,0,7,-74,-16,-83,-12,3,-22,-15,-46,-129
FTRE,Fortrea,5.04,-21,-17,-31,0,-69,5,-6,-60,-1,-62,-131
WEN,Wendy's Company (The),11.21,-26,-10,-32,-7,-75,-21,-1,-27,-14,-63,-138
VSTS,Vestis,6.14,14,-109,-16,0,-111,6,-11,-22,0,-27,-138
AAL,American Airlines Group,11.47,0,8,-16,-75,-83,-6,3,-16,-38,-57,-140
PRGO,Perrigo,27.23,1,11,0,-112,-100,4,6,1,-54,-43,-143
XRAY,Dentsply Sirona,16.57,51,13,-76,-41,-53,6,3,-63,-39,-93,-146
TXG,10x Genomics,12.11,0,21,-71,0,-50,-12,22,-70,-41,-101,-151
DXC,DXC Technology,15.7,4,2,-20,-72,-86,-11,4,-27,-33,-67,-153
UPS,United Parcel Service,102.17,-1,0,-101,-15,-117,-15,40,-29,-33,-37,-154
BDX,Becton Dickinson,175.37,0,-93,-23,-4,-120,-14,6,-14,-14,-36,-156
APLS,Apellis Pharmaceuticals,19.22,7,0,-65,-15,-73,6,-10,-63,-17,-84,-157
GMED,Globus Medical,57.29,-21,-95,-10,-1,-127,-21,-11,-15,11,-36,-163
CLX,Clorox,126.0,37,-128,-12,-4,-107,39,-86,-22,12,-57,-164
BG,Bunge Global,75.65,-44,0,-39,0,-83,-81,-3,5,-4,-83,-166
NFE,New Fortress Energy,3.68,45,-96,-66,-2,-119,-12,5,-17,-24,-48,-167
KHC,Kraft Heinz,26.44,0,-53,-37,-3,-93,-14,-43,-9,-9,-75,-168
HUM,Humana,236.64,-21,-3,-84,-11,-119,-23,8,-15,-19,-49,-168
HUN,Huntsman Corporation,11.59,16,-76,-40,-14,-114,38,-32,-35,-32,-61,-175
BF-B,Brown–Forman (Class B),28.32,45,-27,-98,-17,-97,5,-26,-30,-27,-78,-175
BIRK,Birkenstock,48.45,-123,-10,-5,0,-138,-27,-17,5,0,-39,-177
SRPT,Sarepta Therapeutics,19.36,10,-122,-24,-6,-142,29,-16,-45,-5,-37,-179
LW,Lamb Weston,51.26,-29,-1,-67,-7,-104,-36,-7,-21,-13,-77,-181
WU,Western Union,8.65,36,-65,-18,-45,-92,-3,-34,-53,-4,-94,-186
GO,Grocery Outlet,13.08,0,-16,-95,0,-111,-11,-37,-1,-27,-76,-187
GIS,General Mills,51.19,-10,-64,-36,-3,-113,-15,-10,-32,-18,-75,-188
MPW,Medical Properties Trust,4.14,-24,-40,-2,-35,-101,-15,-38,-2,-34,-89,-190
BF-A,Brown–Forman (Class A),28.59,46,-27,-97,-17,-95,-12,-27,-37,-23,-99,-194
REYN,Reynolds Consumer Products,21.74,1,-106,-23,0,-128,5,-36,-35,-2,-68,-196
COLD,Americold,16.26,-11,-68,-36,-10,-125,-14,-10,-36,-14,-74,-199
CNC,Centene,33.06,-31,-33,-39,-10,-113,-27,-31,-8,-27,-93,-206
RHI,Robert Half,42.9,1,-114,-24,-8,-145,5,-19,-22,-31,-67,-212
CRI,Carter's,32.47,38,-109,-57,-16,-144,5,-33,-34,-8,-70,-214
SAM,Boston Beer Company,193.83,-6,-29,-30,-36,-101,-12,-39,-26,-43,-120,-221
CAG,Conagra Brands,20.36,-11,-58,-27,-6,-102,-16,-72,-9,-22,-119,-221
ENPH,Enphase Energy,42.86,37,-124,-41,-19,-147,-13,2,-48,-23,-82,-229
CPB,Campbell Soup Company,30.74,-11,-65,-27,-5,-108,-21,-75,-34,-4,-134,-242
FLO,Flowers Foods,15.65,-21,-65,-32,-7,-125,-21,-57,-52,-22,-152,-277
WOLF,Wolfspeed,2.01,24,-34,-129,-29,-168,36,-33,-95,-36,-128,-296
TFX,Teleflex,118.93,-11,-109,-37,-38,-195,-3,-64,-33,-9,-109,-304
