Symbol,Name,Close,1H Cloud Score,1D Cloud Score,1W Cloud Score,1M Cloud Score,Cloud Score Sum,1H TKx Score,1D TKx Score,1W TKx Score,1M TKx Score,TKx Score Sum,Total Score Sum
TJX,TJX Companies,144.32,36,42,155,199,432,42,4,124,194,364,796
WELL,Welltower,179.39,49,96,123,59,327,58,57,140,25,280,607
ORLY,O'Reilly Auto Parts,105.65,26,53,170,200,449,-1,-5,61,90,145,594
ORI,Old Republic International,42.75,56,36,154,59,305,61,34,124,56,275,580
COOP,Mr. Cooper Group,210.79,-7,98,126,59,276,11,97,124,57,289,565
LOPE,Grand Canyon Education,218.29,105,39,154,36,334,103,38,41,35,217,551
AAPL,Apple Inc.,255.41,86,66,5,252,409,7,34,9,72,122,531
RTX,RTX Corporation,167.2,91,98,84,55,328,53,7,91,15,166,494
GLW,Corning Inc.,83.11,196,98,26,18,338,21,105,15,15,156,494
WRB,W. R. Berkley Corporation,75.39,61,25,101,177,364,-3,38,31,56,122,486
CASY,Casey's,558.73,19,18,120,88,245,19,14,124,79,236,481
ETR,Entergy,93.39,49,9,83,138,279,57,8,96,15,176,455
APP,AppLovin,704.09,190,44,112,0,346,24,52,13,19,108,454
L,Loews Corporation,100.19,52,99,119,56,326,50,34,17,25,126,452
IBM,IBM,286.41,141,10,116,55,322,-9,18,63,57,129,451
DTE,DTE Energy,140.2,56,7,81,190,334,60,4,34,14,112,446
JPM,JPMorgan Chase,310.7,-4,101,130,159,386,-12,26,17,27,58,444
SO,Southern Company,94.78,56,2,83,191,332,10,-24,30,80,96,428
YUM,Yum! Brands,153.15,41,15,35,260,351,-4,15,1,58,70,421
PLTR,Palantir Technologies,184.9,9,112,123,0,244,15,10,126,21,172,416
HWM,Howmet Aerospace,194.84,15,16,155,30,216,26,16,99,58,199,415
FIX,Comfort Systems USA,834.2,14,102,24,65,205,23,114,17,56,210,415
LMT,Lockheed Martin,499.02,138,25,0,166,329,59,27,2,-3,85,414
AZO,AutoZone,4241.52,22,52,101,87,262,38,-6,61,58,151,413
LHX,L3Harris,300.45,55,121,19,6,201,59,114,19,15,207,408
ITT,ITT Inc.,180.79,4,105,23,100,232,20,112,17,27,176,408
UNP,Union Pacific Corporation,234.78,71,7,1,199,278,100,7,2,20,129,407
ATO,Atmos Energy,169.35,46,39,81,46,212,56,1,92,46,195,407
GD,General Dynamics,340.71,28,121,15,55,219,36,76,17,58,187,406
ROL,"Rollins, Inc.",58.13,28,4,38,287,357,-2,-21,30,36,43,400
AM,Antero Midstream,19.42,59,21,155,24,259,-16,14,85,56,139,398
GS,Goldman Sachs,786.06,-14,99,99,59,243,-5,110,17,22,144,387
CTAS,Cintas,203.6,29,-33,2,168,166,33,-28,20,188,213,379
APH,Amphenol,124.66,9,112,26,66,213,6,114,17,28,165,378
BK,BNY Mellon,106.83,-4,101,101,41,239,-5,105,17,20,137,376
EVRG,Evergy,76.23,53,80,65,15,213,59,8,84,11,162,375
ALL,Allstate,210.68,61,10,104,160,335,-1,3,18,18,38,373
MS,Morgan Stanley,156.92,-14,99,83,65,233,-5,110,17,17,139,372
AJG,Arthur J. Gallagher & Co.,305.93,63,4,0,187,254,14,3,-9,108,116,370
NI,NiSource,43.05,56,6,81,46,189,61,6,96,15,178,367
COR,Cencora,311.75,32,22,51,76,181,23,31,62,69,185,366
LYV,Live Nation Entertainment,158.87,-7,100,101,148,342,-5,-4,16,17,24,366
SRE,Sempra,89.25,49,54,7,182,292,51,9,15,-2,73,365
NRG,NRG Energy,161.89,-2,14,110,95,217,-9,13,120,22,146,363
PWR,Quanta Services,420.72,67,6,24,100,197,63,10,17,73,163,360
TRV,Travelers Companies (The),277.21,14,35,98,59,206,20,46,31,57,154,360
SNX,TD Synnex,164.41,33,99,22,64,218,-1,105,15,22,141,359
RBC,RBC Bearings,384.73,15,-1,100,165,279,23,-22,21,58,80,359
MNST,Monster Beverage,67.41,23,38,33,181,275,39,12,26,5,82,357
CDNS,Cadence Design Systems,351.97,-31,10,24,142,145,6,7,17,181,211,356
SCCO,Southern Copper,122.57,153,21,5,63,242,61,34,17,1,113,355
DDS,Dillard's,628.91,49,81,21,55,206,42,35,14,56,147,353
MPWR,Monolithic Power Systems,915.66,4,99,10,158,271,20,43,17,1,81,352
BWXT,BWX Technologies,187.17,112,97,20,36,265,26,9,17,32,84,349
IBKR,Interactive Brokers,68.77,70,10,101,58,239,26,9,17,58,110,349
ACM,AECOM,130.46,9,105,23,66,203,20,34,17,72,143,346
RL,Ralph Lauren Corporation,317.68,14,101,101,35,251,21,30,17,27,95,346
GOOGL,Alphabet (Class A),244.85,-18,88,15,177,262,-12,62,12,22,84,346
GOOG,Alphabet (Class C),245.54,-18,88,14,177,261,-12,62,11,22,83,344
DRS,Leonardo DRS,44.54,55,0,146,59,260,26,9,17,30,82,342
RSG,Republic Services,227.28,-2,-45,131,178,262,-4,-70,-8,161,79,341
WMB,Williams Companies,63.67,77,10,119,53,259,-9,15,17,58,81,340
V,Visa Inc.,347.84,10,0,144,134,288,19,-12,17,27,51,339
WEC,WEC Energy Group,112.98,49,55,62,14,180,59,12,75,12,158,338
SSNC,SS&C Technologies,88.07,0,75,97,15,187,20,100,14,16,150,337
ULTA,Ulta Beauty,556.25,42,109,19,5,175,41,112,19,-10,162,337
AMAT,Applied Materials,217.66,128,10,2,150,290,25,10,15,-6,44,334
XEL,Xcel Energy,80.29,46,55,58,13,172,59,24,66,10,159,331
MA,Mastercard,574.0,0,0,133,156,289,9,-12,17,27,41,330
MCD,McDonald's,300.52,-7,0,59,243,295,-19,-10,5,58,34,329
GRMN,Garmin,255.19,28,72,119,20,239,22,33,13,22,90,329
OGE,OGE Energy,45.7,53,4,75,46,178,54,5,75,15,149,327
EHC,Encompass Health,124.53,-6,33,150,30,207,23,36,31,30,120,327
CW,Curtiss-Wright,542.33,31,107,26,55,219,26,15,17,50,108,327
AFG,American Financial Group,146.49,81,40,8,57,186,73,40,11,15,139,325
DUK,Duke Energy,122.38,0,0,83,184,267,11,1,29,17,58,325
PPL,PPL Corporation,36.58,48,57,83,24,212,-1,3,95,15,112,324
ANET,Arista Networks,149.27,9,84,14,59,166,7,80,13,57,157,323
HCA,HCA Healthcare,426.08,56,38,10,98,202,61,6,23,30,120,322
CINF,Cincinnati Financial,159.79,28,42,92,63,225,31,33,17,16,97,322
DTM,DT Midstream,114.02,59,17,110,0,186,70,16,17,26,129,315
SCI,Service Corporation International,82.76,58,15,4,176,253,24,9,15,14,62,315
IDA,Idacorp,131.94,53,68,63,19,203,60,7,33,11,111,314
AME,Ametek,187.48,14,44,11,107,176,21,-3,17,102,137,313
SPG,Simon Property Group,185.81,49,68,8,36,161,47,67,15,22,151,312
HIG,Hartford (The),132.89,29,41,101,58,229,8,-10,28,57,83,312
WMT,Walmart,101.96,-7,23,134,102,252,-2,14,17,30,59,311
TDY,Teledyne Technologies,575.03,67,98,59,15,239,26,13,17,16,72,311
EME,Emcor,654.93,14,99,24,59,196,23,18,15,58,114,310
PGR,Progressive Corporation,246.43,16,-79,0,178,115,33,-19,-10,190,194,309
WDC,Western Digital,130.58,21,99,19,19,158,18,110,17,4,149,307
HEI,HEICO (Common),319.82,4,5,32,190,231,-4,-3,23,58,74,305
KLAC,KLA Corporation,1128.65,10,18,21,178,227,21,12,17,27,77,304
CRS,Carpenter Technology Corporation,251.62,14,-28,153,36,175,7,-7,78,50,128,303
WM,"Waste Management, Inc.",219.85,6,-28,0,188,166,12,-34,-1,160,137,303
CORT,Corcept Therapeutics,84.2,77,11,71,20,179,74,9,1,39,123,302
BRK-B,Berkshire Hathaway,498.16,51,25,131,63,270,12,3,-12,27,30,300
ABBV,AbbVie,244.38,16,51,24,59,150,17,58,10,65,150,300
TIGO,Millicom,47.64,-21,179,84,3,245,-3,9,31,17,54,299
RJF,Raymond James Financial,165.9,-7,98,99,59,249,-5,21,14,20,50,299
THG,Hanover Insurance,181.58,28,38,68,25,159,35,30,60,15,140,299
CAT,Caterpillar Inc.,480.83,9,98,15,65,187,16,23,15,58,112,299
AVGO,Broadcom,333.3,-3,102,26,117,242,-12,19,17,31,55,297
LLY,Lilly (Eli),825.34,10,4,-10,173,177,12,21,-14,97,116,293
DASH,DoorDash,267.58,21,98,104,0,223,21,13,17,19,70,293
AIZ,Assurant,217.48,53,40,8,153,254,7,2,9,20,38,292
AU,AngloGold Ashanti,71.68,28,43,83,19,173,21,52,31,15,119,292
J,Jacobs Solutions,152.51,10,97,13,107,227,22,8,14,20,64,291
AWI,Armstrong World Industries,196.09,9,106,101,22,238,21,-5,17,20,53,291
MSFT,Microsoft,519.6,19,0,23,174,216,25,7,17,26,75,291
AAON,AAON,95.97,10,10,-20,246,246,16,28,-32,32,44,290
NFG,National Fuel Gas,92.5,50,16,67,53,186,6,9,78,11,104,290
HUBB,Hubbell Incorporated,430.34,2,0,8,183,193,16,-5,13,72,96,289
LITE,Lumentum,171.54,9,97,21,4,131,26,105,15,11,157,288
LDOS,Leidos,191.63,12,111,9,24,156,21,68,20,20,129,285
AYI,Acuity Brands,363.13,14,75,11,28,128,19,104,13,21,157,285
CBOE,Cboe Global Markets,241.89,0,0,151,56,207,-5,2,29,52,78,285
CAH,Cardinal Health,157.93,28,4,62,39,133,21,18,55,58,152,285
MLI,Mueller Industries,99.97,-2,71,14,59,142,-9,64,15,72,142,284
STE,Steris,241.2,-7,0,21,196,210,23,-5,29,26,73,283
VMC,Vulcan Materials,301.56,28,51,13,61,153,26,59,17,28,130,283
CHD,Church & Dwight,87.92,0,-47,-23,345,275,11,-10,-21,26,6,281
HOOD,Robinhood Markets,139.12,21,101,88,0,210,17,18,17,19,71,281
MCK,McKesson Corporation,765.08,49,10,49,59,167,23,27,-4,68,114,281
CMI,Cummins,424.77,9,71,12,66,158,16,62,13,31,122,280
DGX,Quest Diagnostics,181.9,-2,38,75,19,130,24,36,75,15,150,280
ALLE,Allegion,176.74,3,111,16,22,152,20,67,17,23,127,279
INSM,Insmed,147.29,11,79,71,17,178,14,49,17,21,101,279
TPR,"Tapestry, Inc.",113.79,6,99,87,22,214,14,16,15,20,65,279
UNM,Unum,78.28,149,10,5,41,205,1,19,-1,55,74,279
URI,United Rentals,963.05,9,99,14,65,187,21,-2,15,58,92,279
MSI,Motorola Solutions,456.8,-76,54,8,154,140,-51,-5,8,186,138,278
PNR,Pentair,110.49,3,99,16,63,181,21,36,15,25,97,278
RBA,RB Global,107.5,-51,-5,111,28,83,2,59,114,20,195,278
HEI-A,HEICO (Class A),252.36,2,8,33,183,226,-3,-1,24,31,51,277
NEM,Newmont,85.94,9,123,26,6,164,-12,85,26,11,110,274
WPC,W. P. Carey,68.46,7,96,36,3,142,3,88,33,6,130,272
TER,Teradyne,141.13,70,70,2,3,145,23,100,10,-6,127,272
KMI,Kinder Morgan,28.29,42,6,99,45,192,-5,15,15,53,78,270
R,Ryder,190.0,17,84,18,57,176,25,-3,15,57,94,270
CRH,CRH plc,119.86,16,53,14,65,148,21,62,11,28,122,270
ETN,Eaton Corporation,373.72,9,9,15,115,148,18,16,15,73,122,270
ICE,Intercontinental Exchange,162.6,-7,-23,119,162,251,-5,-29,29,22,17,268
TT,Trane Technologies,425.42,28,-25,23,165,191,26,2,17,30,75,266
GE,GE Aerospace,300.88,5,110,26,28,169,9,21,37,30,97,266
SGI,Somnigroup International,83.26,0,99,48,65,212,15,-5,17,27,54,266
NVT,Nvent Electric,100.12,9,99,15,13,136,8,112,15,-6,129,265
AEE,Ameren,103.44,46,7,63,14,130,54,1,68,11,134,264
BR,Broadridge Financial Solutions,234.6,-7,-13,121,146,247,-5,-21,17,26,17,264
UI,Ubiquiti,674.37,73,28,59,11,171,2,63,17,11,93,264
DCI,Donaldson Company,82.04,10,51,9,66,136,21,58,17,31,127,263
NVDA,Nvidia,187.17,22,10,21,135,188,22,8,17,27,74,262
HPE,Hewlett Packard Enterprise,24.94,7,95,8,43,153,8,32,14,55,109,262
FWONA,Liberty Formula 1 (Series A),93.8,0,12,76,63,151,12,26,16,57,111,262
NSC,Norfolk Southern,298.62,87,13,18,5,123,100,7,17,15,139,262
FYBR,Frontier Communications,37.4,13,37,96,0,146,3,-4,101,15,115,261
COST,Costco,917.13,-68,-10,0,181,103,3,-21,-9,185,158,261
MMC,Marsh McLennan,201.31,17,-80,-10,176,103,14,-18,-18,179,157,260
VTR,"Ventas, Inc.",70.33,28,55,79,23,185,45,2,11,16,74,259
C,Citigroup,98.71,-14,99,26,19,130,-12,109,17,15,129,259
AXS,AXIS Capital,94.2,-5,-3,93,46,131,-3,-12,89,54,128,259
ORCL,Oracle Corporation,289.22,-35,16,18,199,198,2,13,17,28,60,258
LRCX,Lam Research,142.79,21,21,16,153,211,21,13,17,-6,45,256
TLN,Talen Energy,426.92,13,111,46,0,170,19,46,18,3,86,256
NEU,NewMarket,840.06,14,121,26,30,191,7,1,29,28,65,256
MO,Altria,66.29,28,52,77,46,203,14,-12,33,17,52,255
SYY,Sysco,82.84,10,86,14,4,114,12,99,14,15,140,254
NOC,Northrop Grumman,605.4,42,66,17,59,184,49,-18,24,13,68,252
FFIV,"F5, Inc.",327.21,2,98,101,15,216,-12,12,17,18,35,251
MTZ,MasTec,215.0,112,16,26,19,173,26,21,17,14,78,251
BPOP,"Popular, Inc.",125.2,-5,106,24,60,185,-5,34,17,20,66,251
FE,FirstEnergy,45.99,46,52,13,56,167,45,6,17,15,83,250
MDU,MDU Resources,17.58,63,7,2,59,131,61,9,17,31,118,249
PFGC,Performance Food Group,102.34,-53,102,60,44,153,-7,28,17,58,96,249
SPOT,Spotify,700.78,-5,1,119,13,128,-12,10,102,21,121,249
TKO,TKO Group Holdings,198.86,0,37,78,41,156,-5,30,17,51,93,249
LH,Labcorp,279.01,28,49,62,16,155,23,36,15,19,93,248
MEDP,Medpace,543.04,15,73,11,33,132,17,83,11,3,114,246
AXON,Axon Enterprise,710.89,-41,-15,152,95,191,13,-6,17,31,55,246
GM,General Motors,61.33,42,81,14,12,149,-5,73,14,14,96,245
TDG,TransDigm Group,1299.89,14,-35,4,158,141,21,6,17,58,102,243
ADI,Analog Devices,239.25,-13,30,18,180,215,-12,-4,17,27,28,243
CME,CME Group,265.82,0,-33,61,137,165,-4,3,57,20,76,241
THC,Tenet Healthcare,201.3,56,36,21,58,171,-3,33,15,25,70,241
LIN,Linde plc,466.58,-9,0,20,111,122,-5,-1,17,107,118,240
HII,Huntington Ingalls Industries,286.07,28,138,15,7,188,20,18,23,-10,51,239
FLEX,Flex Ltd.,58.01,9,28,25,59,121,21,21,17,58,117,238
PH,Parker Hannifin,755.21,9,100,24,66,199,-3,-6,17,31,39,238
CIEN,Ciena,151.72,29,99,16,13,157,26,21,15,17,79,236
TTWO,Take-Two Interactive,255.37,23,22,52,14,111,23,29,52,21,125,236
RGLD,Royal Gold,200.03,35,29,68,19,151,28,37,3,17,85,236
IONS,Ionis Pharmaceuticals,65.79,42,102,8,1,153,49,27,17,-11,82,235
JEF,Jefferies Financial Group,63.48,-39,75,4,59,99,-5,75,8,58,136,235
LNT,Alliant Energy,67.12,47,7,75,15,144,58,1,17,14,90,234
FWONK,Liberty Formula 1 (Series C),102.42,-1,12,77,58,146,-12,26,17,57,88,234
NWS,News Corp (Class B),32.47,-7,-1,119,59,170,19,4,17,22,62,232
KRMN,Karman Holdings,73.46,133,36,0,0,169,26,27,9,0,62,231
AFL,Aflac,110.74,40,35,8,59,142,-2,34,1,56,89,231
XYL,Xylem Inc.,147.88,22,99,15,23,159,22,8,17,23,70,229
CACI,CACI,515.66,8,4,9,155,176,21,11,21,-2,51,227
AN,AutoNation,223.57,9,36,24,62,131,25,-5,17,58,95,226
HLI,Houlihan Lokey,200.66,-17,101,24,45,153,-5,34,17,27,73,226
AON,AON,360.13,6,-12,0,178,172,5,-16,4,57,50,222
ADT,ADT Inc.,8.67,6,119,38,0,163,22,-4,32,9,59,222
AMG,Affiliated Managers Group,230.89,-27,105,18,23,119,-9,76,17,18,102,221
WTW,Willis Towers Watson,344.13,63,44,15,25,147,22,15,7,30,74,221
BLK,BlackRock,1140.36,33,98,24,23,178,-5,9,17,22,43,221
IVZ,Invesco,23.09,28,75,14,3,120,1,71,14,14,100,220
BYD,Boyd Gaming,87.03,49,9,55,60,173,-2,3,17,28,46,219
ITW,Illinois Tool Works,259.97,0,0,9,179,188,-7,-6,14,30,31,219
SNA,Snap-on,345.23,30,20,5,60,115,22,14,10,58,104,219
BWA,BorgWarner,44.27,8,101,15,3,127,26,65,17,-17,91,218
NDAQ,"Nasdaq, Inc.",86.91,-7,-7,83,145,214,-5,-23,17,15,4,218
NFLX,Netflix,1170.89,-14,-6,123,21,124,-11,-10,94,21,94,218
CXT,Crane NXT,66.04,49,7,2,56,114,46,-12,13,57,104,218
INTU,Intuit,679.5,0,-30,24,192,186,-11,4,17,21,31,217
VMI,Valmont Industries,391.19,28,4,69,59,160,26,4,14,11,55,215
PRI,Primerica,276.86,-6,21,1,109,125,15,28,15,31,89,214
SHW,Sherwin-Williams,341.21,-7,-9,0,191,175,14,-12,17,20,39,214
VICI,Vici Properties,32.92,12,4,65,16,97,38,-10,30,58,116,213
AMGN,Amgen,298.5,10,1,1,166,178,14,-21,5,37,35,213
FTI,TechnipFMC,39.77,0,99,24,28,151,-14,21,17,38,62,213
UTHR,United Therapeutics,438.41,7,35,5,58,105,7,35,5,60,107,212
PHM,PulteGroup,134.45,3,72,8,66,149,20,-2,13,30,61,210
MSA,MSA Safety,172.48,12,0,1,165,178,19,1,17,-6,31,209
TOL,Toll Brothers,139.93,1,83,7,62,153,21,-3,11,27,56,209
ELAN,Elanco,20.8,28,102,9,0,139,26,34,16,-7,69,208
PTC,PTC Inc.,202.44,-8,0,13,183,188,-6,-15,14,27,20,208
CNP,Centerpoint Energy,38.33,-13,53,56,46,142,-11,11,50,16,66,208
MLM,Martin Marietta Materials,620.03,16,54,13,61,144,22,-4,17,28,63,207
WAB,Wabtec,198.56,54,0,2,50,106,25,2,17,57,101,207
PKG,Packaging Corporation of America,214.84,28,29,2,62,121,19,29,10,27,85,206
JHG,Janus Henderson,44.11,-7,84,13,20,110,-5,68,14,19,96,206
ROST,Ross Stores,153.2,42,42,7,36,127,42,1,6,30,79,206
CVNA,Carvana,395.81,9,11,99,12,131,21,19,17,17,74,205
EQT,EQT Corporation,56.15,49,1,48,43,141,49,3,1,11,64,205
PEG,Public Service Enterprise Group,82.52,20,-21,2,153,154,19,3,11,18,51,205
O,Realty Income,60.48,28,43,17,8,96,44,33,17,14,108,204
MET,Metlife,81.93,55,30,2,59,146,22,2,15,19,58,204
MDT,Medtronic,94.79,3,66,18,2,89,10,80,10,14,114,203
FNF,Fidelity National Financial,60.35,28,36,2,59,125,49,4,2,22,77,202
OHI,Omega Healthcare Investors,42.31,14,58,13,41,126,40,-8,12,32,76,202
UHS,Universal Health Services,203.41,56,31,2,23,112,56,35,1,-2,90,202
BRX,Brixmor Property Group,27.37,-1,81,7,56,143,17,-3,17,27,58,201
WSO,Watsco,404.0,34,-43,-10,197,178,26,-41,-35,72,22,200
FTAI,FTAI Aviation,173.15,0,45,10,48,103,6,45,13,32,96,199
PANW,Palo Alto Networks,206.75,2,19,6,82,109,-5,20,17,58,90,199
NTRS,Northern Trust,131.16,-3,99,23,12,131,-4,41,17,14,68,199
HR,Healthcare Realty Trust,18.38,9,67,9,1,86,20,73,9,10,112,198
JCI,Johnson Controls,108.89,14,4,82,20,120,21,21,17,19,78,198
EVR,Evercore,332.48,-38,98,14,59,133,-11,34,15,27,65,198
D,Dominion Energy,60.91,28,97,21,2,148,15,7,17,11,50,198
FHN,First Horizon Corporation,22.34,-7,99,59,5,156,-12,28,15,11,42,198
DKS,Dick's Sporting Goods,232.89,7,65,4,64,140,4,13,7,34,58,198
EXE,Expand Energy,109.16,82,1,48,0,131,45,17,-6,11,67,198
KR,Kroger,66.48,6,-25,86,68,135,16,-28,57,16,61,196
MRVL,Marvell Technology,83.85,84,6,-28,107,169,-7,8,7,19,27,196
F,Ford Motor Company,12.26,28,113,9,0,150,1,33,17,-6,45,195
W,Wayfair,86.4,19,99,11,-42,87,26,105,17,-41,107,194
EPR,EPR Properties,58.32,14,5,64,30,113,24,18,17,22,81,194
FAST,Fastenal,47.67,0,0,56,107,163,-5,-14,23,27,31,194
PM,Philip Morris International,160.85,-9,-13,77,56,111,-20,-19,92,28,81,192
AEP,American Electric Power,112.72,42,2,80,24,148,19,-20,30,15,44,192
AXP,American Express,328.57,-14,28,24,100,138,-12,28,15,22,53,191
OLLI,Ollie's Bargain Outlet,127.58,-29,0,122,17,110,-25,11,70,24,80,190
ESI,Element Solutions,25.62,0,71,1,58,130,13,35,14,-2,60,190
MSGS,Madison Square Garden Sports,229.69,42,17,4,22,85,42,24,10,28,104,189
ES,Eversource Energy,71.62,63,9,22,1,95,61,13,17,3,94,189
RPM,RPM International,117.17,-3,-1,-2,181,175,10,-9,14,-1,14,189
MCO,Moody's Corporation,480.01,0,-10,1,157,148,22,-22,15,26,41,189
DHI,D. R. Horton,172.45,4,72,8,66,150,35,-5,11,-3,38,188
ADP,Automatic Data Processing,292.1,3,-22,0,181,162,4,-35,-1,58,26,188
PSTG,Pure Storage,85.69,2,29,6,43,80,15,21,13,58,107,187
ALNY,Alnylam Pharmaceuticals,460.66,10,98,24,16,148,12,-7,17,16,38,186
EXPD,Expeditors International,121.53,0,44,8,132,184,-6,-2,13,-4,1,185
HD,Home Depot (The),397.09,-62,51,8,181,178,-21,-2,9,20,6,184
PAG,Penske Automotive Group,176.69,8,0,22,63,93,26,-10,17,58,91,184
WFC,Wells Fargo,80.85,-7,15,99,30,137,-14,23,17,20,46,183
CSL,Carlisle Companies,331.63,0,-14,-4,179,161,11,-10,-1,21,21,182
REG,Regency Centers,72.08,43,7,1,54,105,49,-10,17,20,76,181
MTG,MGIC Investment Corporation,28.1,-7,36,26,56,111,-12,36,17,29,70,181
JNJ,Johnson & Johnson,186.04,33,65,15,8,121,48,-8,12,7,59,180
WYNN,Wynn Resorts,132.03,28,101,15,4,148,-5,29,17,-9,32,180
OZK,Bank OZK,50.69,-21,99,24,57,159,-12,-2,15,20,21,180
CMS,CMS Energy,72.36,29,0,83,24,136,21,1,5,15,42,178
ATI,ATI Inc.,82.98,15,0,23,44,82,6,18,17,53,94,176
BKNG,Booking Holdings,5352.11,-15,-3,143,36,161,-14,-16,17,27,14,175
LLYVK,Liberty Live (Series C),94.5,-7,105,37,0,135,26,-4,17,1,40,175
IRM,Iron Mountain,102.3,6,13,3,58,80,8,12,17,57,94,174
VNT,Vontier,41.78,-41,99,12,0,70,-12,106,15,-6,103,173
STT,State Street Corporation,113.49,0,101,24,17,142,-4,3,16,15,30,172
BSX,Boston Scientific,95.84,-7,-14,0,145,124,-19,-8,17,58,48,172
GGG,Graco Inc.,84.54,0,-9,1,179,171,-5,-11,17,-1,0,171
FSLR,First Solar,224.82,9,64,2,63,138,3,19,17,-7,32,170
POST,Post Holdings,108.05,43,0,-5,88,126,12,-13,-15,58,42,168
RRC,Range Resources,39.75,49,1,2,43,95,5,17,-5,56,73,168
TSLA,"Tesla, Inc.",459.47,26,38,5,11,80,21,44,11,11,87,167
STLD,Steel Dynamics,141.0,24,13,7,56,100,24,27,17,-1,67,167
RBLX,Roblox Corporation,134.08,13,17,60,0,90,23,18,23,12,76,166
ECG,Everus Construction Group,82.85,23,97,0,0,120,23,9,14,0,46,166
SNPS,Synopsys,488.77,14,-16,0,181,179,22,-28,-1,-6,-13,166
LNG,Cheniere Energy,232.03,-4,-1,67,59,121,-19,-11,17,57,44,165
FOXA,Fox Corporation (Class A),61.9,19,35,75,2,131,-3,7,15,15,34,165
VEEV,Veeva Systems,293.16,33,4,52,9,98,26,4,17,19,66,164
RNR,RenaissanceRe,256.66,53,10,1,36,100,14,5,15,29,63,163
DRI,Darden Restaurants,192.41,0,-10,51,62,103,37,-5,-3,31,60,163
FTNT,Fortinet,85.19,8,0,0,114,122,21,14,-9,14,40,162
EA,Electronic Arts,201.55,23,45,11,8,87,23,7,23,22,75,162
FOX,Fox Corporation (Class B),55.96,22,35,74,2,133,-3,7,14,10,28,161
PFG,Principal Financial Group,83.04,10,28,4,56,98,7,23,14,19,63,161
TMUS,T-Mobile US,233.24,-7,-5,0,140,128,9,-14,2,36,33,161
EXEL,Exelixis,41.19,17,0,71,15,103,21,13,-1,25,58,161
ROIV,Roivant Sciences,15.75,18,36,8,0,62,28,52,17,1,98,160
PCAR,Paccar,97.69,-2,0,-29,160,129,-6,-2,4,35,31,160
DOCS,Doximity,70.62,-14,69,61,0,116,-11,34,7,13,43,159
CB,Chubb Limited,281.42,42,4,2,59,107,5,1,-11,57,52,159
KO,Coca-Cola Company (The),66.77,3,-28,1,183,159,11,-21,-5,15,0,159
CFG,Citizens Financial Group,52.74,0,87,15,5,107,-12,34,14,15,51,158
NEE,NextEra Energy,78.67,56,6,2,1,65,60,2,17,14,93,158
PG,Procter & Gamble,153.1,0,-8,-13,180,159,-5,-2,-21,27,-1,158
RCL,Royal Caribbean Group,316.02,-24,0,128,29,133,-12,-9,17,28,24,157
EXC,Exelon,45.05,53,2,62,15,132,12,1,1,11,25,157
RKT,Rocket Companies,20.03,0,55,11,0,66,20,52,16,2,90,156
GLPI,Gaming and Leisure Properties,47.15,3,5,1,66,75,27,-5,1,58,81,156
DD,DuPont,78.24,9,70,1,20,100,17,28,14,-4,55,155
GL,Globe Life,140.94,-21,51,52,15,97,-12,50,11,9,58,155
EXPE,Expedia Group,217.95,0,72,56,12,140,-12,-2,13,15,14,154
NET,Cloudflare,217.02,-37,99,46,0,108,-12,21,17,20,46,154
FNB,FNB Corporation,16.04,-21,99,8,56,142,-19,-6,16,20,11,153
LLYVA,Liberty Live (Series A),91.72,-7,112,37,0,142,-5,-3,17,1,10,152
AL,Air Lease Corporation,63.6,-2,29,24,23,74,2,32,17,27,78,152
ROKU,"Roku, Inc.",103.54,9,80,17,-20,86,21,28,12,5,66,152
EBAY,eBay,87.58,-9,0,84,15,90,-26,-19,89,17,61,151
AIG,American International Group,79.64,28,-5,35,54,112,37,-13,-7,22,39,151
AGNC,AGNC Investment,9.94,0,84,18,17,119,2,-3,15,18,32,151
FICO,Fair Isaac,1513.23,-6,0,-13,167,148,-19,23,-35,32,1,149
KRC,Kilroy Realty,42.15,-32,89,13,0,70,-38,92,13,12,79,149
TXT,Textron,85.21,21,15,1,54,91,22,23,17,-6,56,147
HON,Honeywell,210.11,0,-34,0,179,145,8,-46,17,23,2,147
WCC,Wesco International,212.8,3,0,14,59,76,7,-10,15,58,70,146
CSCO,Cisco,68.72,14,0,55,15,84,16,2,17,26,61,145
COKE,Coca-Cola Consolidated,118.93,11,2,0,87,100,19,-6,-22,53,44,144
BKR,Baker Hughes,48.33,-1,53,11,36,99,-15,22,11,27,45,144
H,Hyatt Hotels,144.01,21,4,4,56,85,-5,-5,13,56,59,144
SOFI,SoFi,25.75,-24,91,53,0,120,-38,35,15,12,24,144
MMM,3M,156.04,7,2,81,15,105,11,-5,17,15,38,143
CRWD,CrowdStrike,499.98,10,10,52,0,72,21,11,17,21,70,142
FIVE,Five Below,155.19,5,101,7,0,113,-5,32,18,-16,29,142
BOKF,BOK Financial Corporation,111.27,0,68,7,23,98,-17,34,11,15,43,141
USFD,US Foods,75.26,-56,-23,150,36,107,-6,-4,17,27,34,141
MSM,MSC Industrial Direct,91.26,13,28,14,59,114,22,-2,17,-10,27,141
RS,"Reliance, Inc.",283.12,-2,-43,-3,116,68,4,-8,-2,78,72,140
LAMR,Lamar Advertising,122.29,-2,28,8,65,99,8,-4,15,22,41,140
CHRW,C.H. Robinson,132.65,-27,67,10,5,55,1,60,13,9,83,138
ZS,Zscaler,304.51,28,4,24,6,62,26,12,17,19,74,136
INCY,Incyte,86.69,10,85,10,0,105,19,-9,13,8,31,136
JBL,Jabil,214.9,-35,0,26,66,57,-7,10,18,58,79,136
MU,Micron Technology,182.11,14,25,5,23,67,17,34,17,1,69,136
GPC,Genuine Parts Company,138.21,0,52,8,0,60,17,59,17,-18,75,135
CSX,CSX Corporation,35.0,91,3,3,5,102,21,2,17,-7,33,135
TNL,Travel + Leisure Co.,60.06,-2,89,16,17,120,-12,-3,14,15,14,134
ABT,Abbott Laboratories,133.46,-8,28,63,14,97,12,7,3,15,37,134
CPRT,Copart,45.07,-5,-12,-20,177,140,5,-11,-30,29,-7,133
WWD,"Woodward, Inc.",254.05,34,2,26,36,98,26,-35,17,27,35,133
VIK,Viking Holdings,60.49,-1,99,0,0,98,21,-3,17,0,35,133
RGA,Reinsurance Group of America,193.46,20,17,-10,41,68,20,-11,1,54,64,132
AMD,Advanced Micro Devices,164.04,9,0,5,111,125,21,-25,17,-8,5,130
XOM,ExxonMobil,111.98,-14,18,4,45,53,-17,27,16,51,77,130
RKLB,Rocket Lab,47.99,-3,19,56,0,72,10,21,17,9,57,129
STAG,STAG Industrial,35.76,7,2,1,97,107,19,-9,17,-5,22,129
HHH,Howard Hughes Holdings,85.31,10,39,5,1,55,19,34,6,15,74,129
TSCO,Tractor Supply Company,55.9,-56,-5,14,86,39,8,-16,11,86,89,128
EMR,Emerson Electric,131.19,0,-12,23,65,76,13,-6,17,27,51,127
LVS,Las Vegas Sands,54.78,28,99,13,3,143,-2,-13,14,-15,-16,127
HALO,Halozyme,74.92,-38,46,14,20,42,4,57,8,15,84,126
INTC,Intel,35.94,91,35,2,-21,107,-9,34,7,-13,19,126
KIM,Kimco Realty,21.5,-5,36,1,56,88,12,-5,15,15,37,125
NVR,"NVR, Inc.",8041.61,0,4,0,66,70,20,-6,10,30,54,124
CELH,Celsius Holdings,57.47,21,4,0,66,91,28,-11,25,-10,32,123
VRSK,Verisk Analytics,249.41,13,-47,-3,115,78,38,-13,-9,29,45,123
SYK,Stryker Corporation,364.2,-50,-14,0,160,96,-7,-11,15,30,27,123
CWEN-A,Clearway Energy (Class A),28.2,7,0,65,7,79,3,1,29,11,44,123
HIW,Highwoods Properties,32.06,8,25,7,7,47,16,28,17,14,75,122
CG,Carlyle Group (The),60.73,-42,0,15,22,-5,-7,101,14,19,127,122
SCHW,Charles Schwab Corporation,92.25,-2,-1,84,12,93,-5,2,17,15,29,122
BEPC,Brookfield Renewable Partners,35.8,26,8,17,0,51,26,17,17,11,71,122
VRT,Vertiv,161.53,14,10,16,9,49,21,9,14,27,71,120
VRTX,Vertex Pharmaceuticals,404.08,21,-41,-9,105,76,29,-10,-13,38,44,120
CMA,Comerica,69.09,0,73,14,5,92,1,-1,14,13,27,119
GWRE,Guidewire Software,230.26,-56,0,117,22,83,2,-4,17,21,36,119
BX,Blackstone Inc.,168.11,-41,0,11,143,113,-45,17,12,22,6,119
AMKR,Amkor Technology,29.47,5,84,1,3,93,1,20,11,-6,26,119
KEY,Keycorp,18.5,-14,99,15,5,105,-13,-2,15,14,14,119
DINO,HF Sinclair,51.99,-14,101,7,2,96,-19,31,17,-9,20,116
SNDK,SanDisk,121.2,21,32,0,0,53,20,34,9,0,63,116
BAC,Bank of America,50.65,-7,32,24,19,68,-13,29,17,15,48,116
FRHC,Freedom Holding,166.14,-6,0,61,15,70,-5,2,17,31,45,115
AGO,Assured Guaranty,83.81,0,0,0,57,57,6,12,17,23,58,115
ZION,Zions Bancorporation,56.46,-21,81,7,5,72,-14,27,14,16,43,115
NWSA,News Corp (Class A),28.95,-7,0,16,59,68,-5,12,17,22,46,114
ALAB,Astera Labs,194.37,-46,97,4,0,55,-12,59,12,0,59,114
EG,Everest Group,353.3,42,6,0,56,104,11,3,1,-6,9,113
WFRD,Weatherford International,69.87,10,70,0,0,80,4,28,7,-6,33,113
GILD,Gilead Sciences,111.13,-9,-2,58,36,83,-5,-21,15,40,29,112
VRSN,Verisign,275.0,-15,-1,43,10,37,-12,20,59,8,75,112
NOW,ServiceNow,912.42,-16,0,-1,83,66,-11,18,15,23,45,111
CLF,Cleveland-Cliffs,12.44,42,64,0,-17,89,-5,24,10,-9,20,109
M,"Macy's, Inc.",17.95,28,65,5,-16,82,-1,28,6,-7,26,108
CVS,CVS Health,76.87,7,34,17,0,58,3,38,7,1,49,107
MUSA,Murphy USA,394.6,3,1,-20,69,53,12,-2,-36,80,54,107
ED,Consolidated Edison,98.14,0,-26,0,48,22,49,1,-11,46,85,107
RYN,Rayonier,26.93,27,41,1,0,69,41,1,5,-10,37,106
HRB,H&R Block,51.13,4,0,-8,53,49,22,-5,-13,53,57,106
INFA,Informatica,24.86,12,90,0,0,102,9,-12,15,-8,4,106
NNN,NNN Reit,42.99,8,4,7,23,42,37,-5,17,15,64,106
COF,Capital One,213.49,-39,0,101,22,84,-12,-2,17,19,22,106
WTRG,Essential Utilities,38.82,40,4,13,0,57,40,1,1,6,48,105
SNOW,Snowflake Inc.,230.69,9,24,22,0,55,7,24,17,2,50,105
SMCI,Supermicro,52.4,14,1,0,59,74,16,12,12,-10,30,104
TRMB,Trimble Inc.,79.42,-7,0,86,5,84,-5,-5,15,13,18,102
SPGI,S&P Global,481.69,-70,-10,0,173,93,-6,-22,15,22,9,102
LFUS,Littelfuse,257.98,-2,99,10,3,110,-12,-2,15,-9,-8,102
RVMD,Revolution Medicines,45.89,20,19,0,0,39,21,25,17,-1,62,101
MPC,Marathon Petroleum,192.35,0,25,6,50,81,-14,25,17,-9,19,100
CNA,CNA Financial,45.97,0,-1,0,58,57,35,-14,1,21,43,100
TRGP,Targa Resources,168.13,-1,1,0,52,52,-19,10,1,55,47,99
COIN,Coinbase,346.2,18,1,16,0,35,19,10,16,19,64,99
U,Unity Technologies,38.26,-38,88,13,0,63,-44,62,17,1,36,99
COHR,Coherent Corp.,114.65,7,10,5,16,38,21,9,14,16,60,98
CVX,Chevron Corporation,154.58,-21,61,14,49,103,-19,-1,8,7,-5,98
FR,First Industrial Realty Trust,52.08,6,31,1,15,53,17,-2,15,15,45,98
RF,Regions Financial Corporation,26.19,-46,98,14,23,89,-19,-2,15,15,9,98
EWBC,East West Bancorp,105.72,-21,28,16,23,46,-12,28,16,20,52,98
EQH,Equitable Holdings,49.26,-40,-2,99,12,69,-40,31,17,20,28,97
DOC,Healthpeak Properties,19.2,55,20,0,-32,43,20,23,1,10,54,97
LSCC,Lattice Semiconductor,73.62,5,41,8,1,55,15,34,9,-16,42,97
LPX,Louisiana-Pacific,90.17,4,-11,-4,64,53,21,-11,7,27,44,97
BBY,Best Buy,77.33,24,36,1,-7,54,7,33,5,-3,42,96
BC,Brunswick Corporation,64.14,0,83,0,-8,75,22,-2,11,-10,21,96
LPLA,LPL Financial,316.99,-7,-24,0,100,69,-13,-35,17,58,27,96
GNTX,Gentex,27.93,-21,64,0,0,43,-12,62,11,-9,52,95
SF,Stifel,111.74,-7,0,15,60,68,-5,-3,14,21,27,95
VLO,Valero Energy,167.65,-5,28,7,45,75,-18,27,16,-6,19,94
CPNG,Coupang,32.42,0,18,24,0,42,-1,18,17,18,52,94
CRUS,Cirrus Logic,125.71,1,36,5,20,62,-12,31,17,-4,32,94
LEN-B,Lennar (Class B),121.99,0,1,0,63,64,33,-9,8,-2,30,94
CHWY,Chewy,39.53,28,2,48,0,78,26,-9,-8,6,15,93
BRO,Brown & Brown,92.76,0,-108,-6,164,50,47,-14,-17,27,43,93
ELF,e.l.f. Beauty,135.18,0,25,1,32,58,-4,30,15,-6,35,93
LEN,Lennar (Class A),128.22,0,4,-4,65,65,33,-9,8,-4,28,93
DDOG,Datadog,152.74,28,4,6,0,38,26,16,14,-1,55,93
AOS,A. O. Smith,73.1,0,4,0,59,63,21,-2,17,-6,30,93
UBER,Uber,96.64,-2,18,25,0,41,-9,10,23,27,51,92
CWEN,Clearway Energy (Class C),29.85,7,-29,65,5,48,3,1,29,11,44,92
MTSI,MACOM Technology Solutions,126.48,0,-3,6,59,62,-12,-3,15,30,30,92
DELL,Dell Technologies,149.68,14,3,3,33,53,19,8,17,-5,39,92
FITB,Fifth Third Bancorp,44.34,-23,75,7,23,82,-19,-2,14,17,10,92
PSX,Phillips 66,134.59,-2,28,2,42,70,-16,28,16,-6,22,92
VNO,Vornado Realty Trust,41.23,1,21,5,5,32,7,21,15,16,59,91
ARES,Ares Management,154.05,-42,-6,1,60,13,-40,-6,17,107,78,91
NTNX,Nutanix,75.57,0,16,5,23,44,-11,15,17,25,46,90
TFC,Truist Financial,45.56,-4,73,8,5,82,-27,6,14,15,8,90
TEM,Tempus AI,88.02,2,36,0,0,38,7,34,10,0,51,89
AMP,Ameriprise Financial,486.69,-8,-23,0,65,34,-13,-19,15,72,55,89
PLD,Prologis,116.49,9,28,6,0,43,8,27,17,-6,46,89
BXP,"BXP, Inc.",76.34,0,25,5,0,30,2,26,17,14,59,89
ECL,Ecolab,269.59,28,-1,23,23,73,-5,-16,17,20,16,89
CGNX,Cognex Corporation,45.83,4,81,8,-32,61,-12,67,13,-41,27,88
ARMK,Aramark,38.33,20,-25,22,41,58,-3,-41,17,57,30,88
SUI,Sun Communities,128.49,-1,23,10,-25,7,16,36,17,12,81,88
AIT,Applied Industrial Technologies,257.98,-25,0,14,59,48,-39,8,13,58,40,88
HSY,Hershey Company (The),188.82,-2,65,11,0,74,4,19,11,-20,14,88
GTES,Gates Corporation,25.22,6,4,24,16,50,6,-5,17,19,37,87
WSM,"Williams-Sonoma, Inc.",194.82,-20,0,15,66,61,-18,13,9,22,26,87
CEG,Constellation Energy,350.74,7,4,23,0,34,6,9,17,20,52,86
AR,Antero Resources,34.98,49,0,0,11,60,5,17,-7,11,26,86
IR,Ingersoll Rand,83.51,29,4,-28,24,29,26,18,14,-1,57,86
A,Agilent Technologies,138.6,10,25,1,0,36,16,31,8,-6,49,85
INGM,Ingram Micro,22.17,14,16,0,0,30,21,19,14,0,54,84
ROK,Rockwell Automation,349.39,14,15,22,16,67,22,-10,17,-12,17,84
SEIC,SEI Investments Company,84.07,-48,-19,99,36,68,-12,-16,17,27,16,84
RPRX,Royalty Pharma,36.31,5,0,39,0,44,9,-4,33,1,39,83
FERG,Ferguson Enterprises,225.45,-13,0,18,66,71,-37,4,17,26,10,81
CBRE,CBRE Group,156.67,-57,0,99,23,65,-9,-6,15,15,15,80
MKSI,MKS Instruments,131.38,6,20,4,0,30,12,31,13,-6,50,80
PNC,PNC Financial Services,198.43,-21,89,9,15,92,-39,-2,14,15,-12,80
LYFT,Lyft,21.8,-1,33,8,-2,38,-5,28,17,1,41,79
CNM,Core & Main,52.6,35,-17,3,0,21,26,-10,17,25,58,79
HAL,Halliburton,24.9,53,25,0,0,78,-14,23,2,-10,1,79
DLR,Digital Realty,171.43,-4,2,4,23,25,5,12,17,20,54,79
UGI,UGI Corporation,33.49,7,-26,49,5,35,20,-39,56,6,43,78
KEYS,Keysight,173.1,-7,21,5,1,20,16,21,15,6,58,78
FDX,FedEx,239.51,55,9,-33,33,64,1,9,9,-5,14,78
ADSK,Autodesk,315.46,-14,23,6,15,30,-12,23,17,20,48,78
WMS,Advanced Drainage Systems,140.81,0,41,1,4,46,10,8,17,-4,31,77
PLNT,Planet Fitness,103.07,3,-22,70,14,65,-6,-14,17,15,12,77
SEE,Sealed Air,35.57,28,29,3,-25,35,28,32,15,-33,42,77
SEB,Seaboard Corporation,3694.0,-1,73,12,0,84,-14,-9,15,1,-7,77
KNSL,Kinsale Capital Group,417.48,-2,-28,-4,34,0,9,-16,-2,86,77,77
EGP,EastGroup Properties,171.95,28,4,1,9,42,21,2,17,-6,34,76
APG,APi Group,34.4,0,0,25,0,25,22,-15,17,27,51,76
VST,Vistra Corp.,201.51,-42,1,26,31,16,-13,10,15,46,58,74
SHC,Sotera Health,16.18,7,38,8,0,53,21,-2,9,-7,21,74
LOW,Lowe's,247.96,-63,0,7,167,111,-64,-2,8,20,-38,73
WTFC,Wintrust Financial,131.55,-47,36,16,50,55,-13,-5,15,20,17,72
ETSY,Etsy,70.47,112,6,4,-31,91,-6,8,17,-38,-19,72
PSN,Parsons Corporation,85.24,21,11,1,0,33,22,8,10,-2,38,71
SSB,SouthState Corporation,98.45,-46,70,7,23,54,-12,-2,11,20,17,71
MHK,Mohawk Industries,128.9,0,61,0,-12,49,20,-5,9,-2,22,71
OXY,Occidental Petroleum,47.73,10,29,0,0,39,4,31,13,-17,31,70
EXLS,EXL Service,43.7,3,-1,0,66,68,-2,-9,-1,14,2,70
FCX,Freeport-McMoRan,39.07,0,-6,0,59,53,13,-6,17,-7,17,70
NDSN,Nordson,228.36,9,29,1,2,41,22,-2,17,-8,29,70
MTB,M&T Bank,195.3,-14,28,8,23,45,-33,28,15,15,25,70
NU,Nubank,15.2,-29,30,8,0,9,-1,25,17,20,61,70
MAR,Marriott International,261.63,-14,-2,1,59,44,-6,-11,14,28,25,69
K,Kellanova,82.43,21,3,1,22,47,32,-10,-14,14,22,69
T,AT&T,27.53,-57,-1,77,17,36,-80,-4,101,16,33,69
WBS,Webster Bank,58.98,-39,99,15,15,90,-51,-4,15,18,-22,68
APTV,Aptiv,87.12,11,36,8,-25,30,26,32,17,-37,38,68
WBD,Warner Bros. Discovery,19.33,0,15,19,0,34,3,15,15,1,34,68
BG,Bunge Global,82.52,28,1,0,0,29,43,-16,17,-6,38,67
XPO,"XPO, Inc.",126.93,-41,-1,1,62,21,8,-4,14,28,46,67
RBRK,Rubrik,82.41,13,-16,0,0,-3,26,-8,51,0,69,66
VNOM,Viper Energy,38.74,0,0,-16,45,29,-16,4,1,48,37,66
CUZ,Cousins Properties,29.04,8,2,1,12,23,14,-3,17,14,42,65
EFX,Equifax,253.83,0,0,0,17,17,-3,15,17,19,48,65
AMZN,Amazon,220.6,-1,-2,24,22,43,-6,-7,14,21,22,65
RMD,Resmed,270.95,1,0,24,14,39,15,-19,16,14,26,65
APO,Apollo Global Management,129.93,-37,-6,-2,98,53,-39,10,13,27,11,64
PNW,Pinnacle West Capital,88.19,18,-24,1,19,14,16,-22,29,27,50,64
APPF,AppFolio,256.79,-11,-1,12,29,29,-5,-1,12,29,35,64
MDB,MongoDB Inc.,321.84,6,33,5,-10,34,5,25,9,-10,29,63
QSR,Restaurant Brands International,66.14,7,0,1,41,49,1,5,17,-9,14,63
HBAN,Huntington Bancshares,17.03,-47,28,16,22,19,-19,28,17,17,43,62
VZ,Verizon,43.84,3,0,37,11,51,8,-19,7,15,11,62
NLY,Annaly Capital Management,20.62,-67,81,25,11,50,-14,-6,15,17,12,62
KKR,KKR & Co. Inc.,127.46,-42,-5,-1,104,56,-40,10,13,22,5,61
ASTS,AST SpaceMobile,56.93,7,1,18,0,26,2,7,17,9,35,61
DBX,Dropbox,29.51,-15,25,6,10,26,-12,30,7,9,34,60
ACGL,Arch Capital Group,90.3,15,0,-15,63,63,9,-12,1,-1,-3,60
NTAP,Netapp,118.51,-42,42,5,58,63,-51,34,14,-2,-5,58
OTIS,Otis Worldwide,92.35,24,0,-11,0,13,28,11,-21,27,45,58
MOH,Molina Healthcare,192.79,33,0,-20,-3,10,47,25,-16,-9,47,57
CI,Cigna,291.61,5,0,-4,59,60,14,-5,-10,-2,-3,57
WST,West Pharmaceutical Services,271.52,28,19,-34,-8,5,33,20,8,-9,52,57
MP,MP Materials,67.62,-22,0,39,0,17,-25,7,52,5,39,56
LCID,Lucid Motors,24.3,115,0,-11,0,104,1,10,-24,-36,-49,55
LECO,Lincoln Electric,232.02,-7,0,14,66,73,-12,-13,15,-8,-18,55
DIS,Walt Disney Company (The),112.95,-1,-14,22,-1,6,37,-10,17,4,48,54
FRT,Federal Realty Investment Trust,99.65,0,31,0,2,33,17,-2,8,-2,21,54
THO,Thor Industries,104.04,-16,83,8,3,78,-21,-9,13,-7,-24,54
BLD,TopBuild,394.54,0,0,9,47,56,1,-13,13,-4,-3,53
BIIB,Biogen,154.25,7,35,0,-28,14,12,42,4,-19,39,53
PSA,Public Storage,290.68,20,4,-18,2,8,37,-9,17,-1,44,52
TPL,Texas Pacific Land Corporation,957.75,11,0,-16,59,54,5,-9,-12,14,-2,52
AA,Alcoa,33.86,9,28,0,-21,16,26,33,9,-33,35,51
DNB,Dun & Bradstreet,9.15,29,52,-28,0,53,46,-13,2,-37,-2,51
JAZZ,Jazz Pharmaceuticals,136.95,12,39,1,-7,45,12,31,2,-40,5,50
REYN,Reynolds Consumer Products,24.58,21,40,-35,0,26,21,3,4,-4,24,50
ROP,Roper Technologies,497.98,-49,-43,-9,183,82,9,-60,-8,27,-32,50
FLUT,Flutter Entertainment,252.42,-14,-3,26,22,31,-11,-14,15,28,18,49
HAYW,Hayward Holdings,15.24,5,0,1,0,6,21,-11,15,17,42,48
LOAR,Loar Holdings,79.36,2,4,0,0,6,26,26,-10,0,42,48
APA,APA Corporation,25.07,8,39,1,-13,35,-17,37,12,-20,12,47
OMC,Omnicom Group,77.46,28,36,-34,2,32,22,-9,4,-2,15,47
LNC,Lincoln Financial,40.11,-24,68,25,2,71,-38,-10,15,9,-24,47
AMTM,Amentum,25.17,14,1,0,0,15,14,1,17,0,32,47
SAIL,SailPoint,22.79,4,14,0,0,18,1,19,9,0,29,47
WING,Wingstop,262.59,3,-20,-4,39,18,15,-33,15,32,29,47
REXR,Rexford Industrial,41.86,0,84,1,-19,66,1,-1,13,-33,-20,46
EW,Edwards Lifesciences,76.32,28,-1,0,-15,12,44,-12,37,-36,33,45
ESS,Essex Property Trust,266.67,0,0,0,15,15,5,19,-10,15,29,44
EOG,EOG Resources,111.32,-22,-9,-5,46,10,-16,-12,10,52,34,44
ZM,Zoom Communications,81.28,-15,25,7,-1,16,-12,27,7,5,27,43
EXP,Eagle Materials,230.99,0,5,-22,58,41,-3,-2,7,-1,1,42
QCOM,Qualcomm,166.49,-16,26,0,23,33,-28,28,15,-6,9,42
EXR,Extra Space Storage,141.16,0,0,-10,0,-10,25,-4,17,14,52,42
VLTO,Veralto,106.07,2,0,9,0,11,19,-5,16,0,30,41
SPR,Spirit AeroSystems,38.5,-7,-3,25,0,15,-14,-12,37,15,26,41
HAS,Hasbro,75.3,4,0,21,4,29,-5,-13,17,12,11,40
PRU,Prudential Financial,103.01,-1,-2,-20,56,33,-12,-12,11,20,7,40
RLI,RLI Corp.,63.27,-4,-83,-17,177,73,20,-17,-36,-1,-34,39
CLH,Clean Harbors,227.98,-40,-6,8,59,21,-39,-18,17,58,18,39
DVN,Devon Energy,35.32,-2,36,0,-6,28,-14,32,16,-23,11,39
PCOR,Procore,70.87,-14,13,0,0,-1,-7,19,7,20,39,38
BAM,Brookfield Asset Management,55.74,-27,-2,72,0,43,-38,7,17,9,-5,38
NBIX,Neurocrine Biosciences,137.05,-35,36,7,26,34,-33,28,14,-5,4,38
AVT,Avnet,52.19,-41,16,8,46,29,8,-13,17,-3,9,38
MKL,Markel,1885.38,-37,-13,75,56,81,-50,-35,15,27,-43,38
USB,U.S. Bancorp,47.88,-21,32,7,5,23,-48,33,14,16,15,38
QS,QuantumScape,14.57,7,11,13,0,31,18,11,15,-37,7,38
VIRT,Virtu Financial,34.12,-7,-23,0,15,-15,-5,-35,78,15,53,38
GXO,GXO Logistics,53.21,37,8,8,0,53,-9,-14,16,-9,-16,37
PEGA,Pegasystems,57.06,-31,19,26,6,20,-33,18,15,16,16,36
BLDR,Builders FirstSource,126.75,0,0,-35,66,31,12,-10,7,-4,5,36
LAD,Lithia Motors,323.55,0,1,0,15,16,-9,-3,8,22,18,34
DAY,Dayforce,68.95,0,32,7,-13,26,6,-4,7,-1,8,34
OMF,OneMain Financial,55.79,-47,0,24,61,38,-46,-3,17,27,-5,33
CCK,Crown Holdings,96.79,28,-31,24,6,27,-2,-22,17,13,6,33
MRP,Millrose Properties,33.58,-28,88,0,0,60,-35,-3,10,0,-28,32
ONTO,Onto Innovation,137.25,7,28,-33,0,2,1,31,2,-5,29,31
CR,Crane Co.,181.22,0,-14,23,0,9,24,-26,17,6,21,30
NTRA,Natera,161.57,-43,30,8,19,14,-45,34,7,20,16,30
IPG,Interpublic Group of Companies (The),26.5,28,51,-50,0,29,23,-9,5,-18,1,30
MSCI,MSCI,552.43,-7,-1,0,15,7,-7,-6,14,21,22,29
DE,Deere & Company,451.78,-40,-29,0,110,41,-33,-42,52,11,-12,29
SOLV,Solventum,73.04,2,0,0,0,2,18,-5,13,0,26,28
PVH,PVH Corp.,85.15,-15,35,0,2,22,-27,34,6,-8,5,27
IDXX,Idexx Laboratories,619.89,-7,0,21,5,19,16,-17,17,-9,7,26
STWD,Starwood Property Trust,19.47,-72,0,25,59,12,-19,-6,17,22,14,26
CF,CF Industries,86.43,-3,0,4,5,6,-12,6,17,9,20,26
PATH,UiPath,12.97,14,8,0,0,22,-5,18,1,-11,3,25
GLIBA,GCI Liberty (Series A),37.33,17,0,0,0,17,18,-10,0,0,8,25
JLL,Jones Lang LaSalle,297.16,-45,73,11,15,54,-54,-2,11,15,-30,24
ENTG,Entegris,94.01,0,15,0,-7,8,-11,27,6,-6,16,24
IQV,IQVIA,203.78,11,2,1,0,14,13,-6,9,-7,9,23
SMMT,Summit Therapeutics,20.49,48,-18,0,15,45,-6,-32,-4,20,-22,23
FCNCA,First Citizens BancShares,1759.77,-21,-19,-3,60,17,-19,-12,14,22,5,22
CERT,"Certara, Inc.",13.38,23,15,0,0,38,22,9,-14,-33,-16,22
UWMC,United Wholesale Mortgage,6.26,-59,39,0,0,-20,2,39,5,-5,41,21
AWK,American Water Works,136.08,0,-18,33,0,15,14,-18,1,9,6,21
VOYA,Voya Financial,74.24,-41,40,8,5,12,-39,34,15,-2,8,20
VTRS,Viatris,10.1,10,1,0,0,11,14,-12,9,-2,9,20
SARO,StandardAero,27.45,9,-35,0,0,-26,20,9,17,0,46,20
EXAS,Exact Sciences,56.44,16,19,0,-26,9,10,27,-9,-17,11,20
LW,Lamb Weston,61.98,14,4,0,-9,9,22,-7,10,-15,10,19
GLIBK,GCI Liberty (Series C),37.31,21,0,0,0,21,12,-14,0,0,-2,19
GME,GameStop,27.71,21,4,0,-31,-6,20,22,-10,-8,24,18
COLB,Columbia Banking System,25.97,0,48,1,0,49,-44,-10,12,11,-31,18
MAS,Masco,70.21,-72,0,-4,66,-10,7,-9,8,22,28,18
HST,Host Hotels & Resorts,17.04,-14,31,5,3,25,-14,-1,15,-7,-7,18
DT,Dynatrace,48.29,2,-3,-9,0,-10,1,-9,14,21,27,17
ARW,Arrow Electronics,121.73,0,-11,8,5,2,18,-11,17,-9,15,17
RAL,Ralliant,44.12,5,0,0,0,5,8,3,0,0,11,16
GEN,Gen Digital,28.11,-15,-13,22,17,11,-14,-15,17,17,5,16
EQR,Equity Residential,64.11,-5,0,-3,14,6,9,-4,-10,14,9,15
AMH,American Homes 4 Rent,32.83,-1,-45,-15,69,8,8,-14,-3,16,7,15
SW,Smurfit Westrock,42.67,-5,-14,-4,17,-6,4,-8,7,18,21,15
GEHC,GE HealthCare,75.49,9,2,-27,0,-16,20,-5,6,9,30,14
CNC,Centene,35.76,49,0,-51,-12,-14,47,29,-20,-29,27,13
IPGP,IPG Photonics,79.47,0,98,8,-45,61,-12,-4,13,-45,-48,13
LII,Lennox International,537.06,3,-27,-4,39,11,15,-40,-2,28,1,12
HLT,Hilton Worldwide,256.74,-92,-2,23,65,-6,-14,-10,15,27,18,12
OSK,Oshkosh Corporation,128.74,-7,0,18,5,16,-9,-14,15,3,-5,11
TMO,Thermo Fisher Scientific,534.44,10,2,0,0,12,10,-10,2,-4,-2,10
TFSL,Third Federal S&L,13.14,-35,32,10,6,13,-31,-10,17,20,-4,9
IP,International Paper,46.25,0,-22,0,17,-5,12,-14,-1,17,14,9
HXL,Hexcel,63.99,9,4,1,0,14,2,-9,11,-10,-6,8
BAH,Booz Allen Hamilton,102.66,7,-22,-37,102,50,20,-21,-39,-2,-42,8
MTD,Mettler Toledo,1289.25,7,1,1,0,9,7,-13,11,-6,-1,8
CTRA,Coterra,23.94,6,0,-12,45,39,-19,-8,-19,14,-32,7
LBTYA,Liberty Global (Series A),11.58,0,43,0,-32,11,1,-3,8,-11,-5,6
WDAY,"Workday, Inc.",232.12,-1,11,-17,15,8,-7,19,-11,-3,-2,6
MSTR,MicroStrategy,338.47,7,-34,1,20,-6,17,-44,17,21,11,5
ESTC,Elastic NV,86.65,0,18,-20,-7,-9,-7,24,2,-5,14,5
QGEN,Qiagen,46.32,7,-16,19,0,10,10,-39,17,6,-6,4
BHF,Brighthouse Financial,53.2,0,9,0,1,10,-14,9,-10,9,-6,4
CFLT,"Confluent, Inc.",19.73,0,0,-10,0,-10,19,19,-25,1,14,4
FANG,Diamondback Energy,143.5,0,0,-36,48,12,-17,4,11,-6,-8,4
DLB,Dolby Laboratories,72.17,4,-7,-10,0,-13,23,-17,1,9,16,3
META,Meta Platforms,717.33,-46,-2,24,30,6,-54,12,15,24,-3,3
NXST,Nexstar Media Group,196.12,-43,0,16,5,-22,12,-12,14,11,25,3
FLS,Flowserve,52.73,-41,0,1,28,-12,-40,19,10,26,15,3
XP,XP Inc.,18.22,-42,16,6,0,-20,-13,22,23,-9,23,3
GWW,W. W. Grainger,944.01,-63,-6,-10,95,16,-55,-9,-8,58,-14,2
TXN,Texas Instruments,180.34,-5,-21,0,23,-3,-12,-17,17,17,5,2
OVV,Ovintiv,40.54,-21,12,0,0,-9,-17,21,14,-7,11,2
CFR,Frost Bank,125.78,-6,-2,5,5,2,-19,-8,15,11,-1,1
ESAB,ESAB,111.46,14,-40,-4,0,-30,5,-10,17,18,30,0
CAI,Caris Life Sciences,30.3,0,0,0,0,0,12,-12,0,0,0,0
DAL,Delta Air Lines,56.11,-43,0,8,20,-15,-12,-10,9,27,14,-1
WAL,Western Alliance Bancorporation,86.0,-35,36,7,5,13,-46,-2,14,19,-15,-2
AS,Amer Sports,34.96,0,-9,11,0,2,-7,-15,17,0,-5,-3
PR,Permian Resources,12.81,-21,-3,-1,27,2,-17,-2,17,-3,-5,-3
KMB,Kimberly-Clark,123.23,0,-14,-6,19,-1,10,-21,-18,27,-2,-3
SLM,Sallie Mae,27.4,-35,-33,0,23,-45,2,-33,51,22,42,-3
CRL,Charles River Laboratories,170.45,10,1,0,-27,-16,16,-8,13,-9,12,-4
EIX,Edison International,56.28,10,4,-39,0,-25,20,-4,7,-2,21,-4
GAP,Gap Inc.,21.65,-41,9,0,19,-13,1,-3,-10,20,8,-5
WAT,Waters Corporation,319.52,8,0,-12,0,-4,13,-2,-27,15,-1,-5
PODD,Insulet,305.91,-41,0,52,5,16,-41,-8,21,7,-21,-5
CAR,Avis Budget Group,158.92,-2,-4,16,-21,-11,5,18,20,-38,5,-6
COP,ConocoPhillips,95.46,0,7,-1,0,6,-16,4,9,-9,-12,-6
AVB,AvalonBay Communities,191.37,-2,0,-10,17,5,-14,1,-14,16,-11,-6
AES,AES Corporation,15.36,7,1,1,-12,-3,7,2,13,-25,-3,-6
BILL,Bill.com,53.74,8,24,-31,0,1,1,24,5,-38,-8,-7
RGEN,Repligen,145.81,14,4,1,-18,1,21,7,1,-38,-9,-8
ADC,Agree Realty,71.72,1,-12,1,17,7,7,-26,-12,14,-17,-10
RIVN,Rivian,14.6,-8,12,3,0,7,-19,22,2,-22,-17,-10
PPC,Pilgrim's Pride,41.24,0,-19,0,22,3,5,-26,-11,19,-13,-10
PEN,"Penumbra, Inc.",249.55,-1,0,0,12,11,-5,-8,-13,4,-22,-11
TTEK,Tetra Tech,33.19,-55,-9,-36,120,20,-7,-35,13,-2,-31,-11
DVA,DaVita,132.78,14,-27,-10,21,-2,11,-13,-27,20,-9,-11
SYF,Synchrony Financial,69.83,-45,0,24,22,1,-45,-2,15,19,-13,-12
EQIX,Equinix,774.19,-20,-1,-15,35,-1,-35,12,-15,27,-11,-12
SIRI,Sirius XM,22.64,0,26,-4,-32,-10,16,-7,7,-18,-2,-12
CBSH,Commerce Bancshares,59.34,0,-41,-1,12,-30,2,-16,17,14,17,-13
BA,Boeing,215.17,-5,-3,15,0,7,-13,-13,17,-12,-21,-14
MDLZ,Mondelez International,63.14,-19,-5,1,0,-23,8,12,-2,-10,8,-15
MPW,Medical Properties Trust,5.39,12,19,4,-37,-2,12,25,-14,-36,-13,-15
FTV,Fortive,50.08,9,0,-28,0,-19,21,15,-24,-9,3,-16
ACHC,Acadia Healthcare,24.57,42,14,-55,-12,-11,55,6,-49,-17,-5,-16
BMY,Bristol Myers Squibb,47.42,8,1,-7,-6,-4,16,-13,-21,6,-12,-16
NYT,New York Times Company,55.67,-54,-1,9,17,-29,-12,-15,17,22,12,-17
IOT,Samsara,38.15,0,1,-17,0,-16,3,-1,-24,21,-1,-17
WTM,White Mountains Insurance Group,1648.0,-34,-16,-6,60,4,-32,-19,-27,57,-21,-17
UNH,UnitedHealth Group,348.22,2,21,-25,-5,-7,-4,33,-38,-2,-11,-18
MOS,Mosaic Company (The),33.81,-10,0,23,-17,-4,-24,18,22,-31,-15,-19
DOV,Dover Corporation,166.37,-98,-24,-10,107,-25,-12,-15,13,20,6,-19
FHB,"First Hawaiian, Inc.",24.54,-46,-1,7,15,-25,-21,-3,14,15,5,-20
NUE,Nucor,135.4,-2,0,0,0,-2,-12,-11,14,-9,-18,-20
GMED,Globus Medical,58.68,9,0,-22,-1,-14,20,-12,-27,13,-6,-20
CACC,Credit Acceptance,479.49,0,-5,-2,0,-7,8,-10,-5,-6,-13,-20
DHR,Danaher Corporation,212.92,12,1,-36,0,-23,17,-20,10,-5,2,-21
CUBE,CubeSmart,40.5,0,0,-30,2,-28,-2,-5,17,-3,7,-21
MGM,MGM Resorts International,34.7,-2,-2,0,0,-4,-7,-14,14,-10,-17,-21
MIDD,Middleby,134.11,0,-1,-10,0,-11,7,-9,-23,14,-11,-22
LEA,Lear Corporation,101.23,0,0,0,-18,-18,1,-6,16,-16,-5,-23
PNFP,Pinnacle Financial Partners,93.32,-23,-8,-11,16,-26,-12,-2,-2,19,3,-23
HOLX,Hologic,67.02,0,0,-42,0,-42,19,-2,10,-8,19,-23
ALLY,Ally Financial,38.76,-45,0,9,5,-31,-54,29,15,17,7,-24
CCI,Crown Castle,95.73,28,-26,0,-29,-27,35,-37,-2,6,2,-25
SWKS,Skyworks Solutions,76.36,-21,21,0,-31,-31,-33,31,14,-6,6,-25
TXRH,Texas Roadhouse,162.86,3,-38,-6,65,24,-4,-74,-3,32,-49,-25
ATR,AptarGroup,134.16,3,-43,-10,21,-29,20,-40,-2,26,4,-25
LBTYK,Liberty Global (Series C),11.72,0,43,0,-31,12,-3,-3,6,-37,-37,-25
PFE,Pfizer,27.23,14,2,1,-24,-7,14,-17,14,-29,-18,-25
RRX,Regal Rexnord,143.18,0,-18,1,4,-13,-10,-14,14,-2,-12,-25
KEX,Kirby Corporation,84.11,-1,-44,-10,36,-19,-12,-37,-1,43,-7,-26
HPQ,HP Inc.,26.68,-40,36,-32,0,-36,10,-4,6,-2,10,-26
VFC,VF Corporation,15.35,3,28,-27,-44,-40,3,-1,4,8,14,-26
ALSN,Allison Transmission,85.93,-47,-9,-12,36,-32,4,-5,-28,35,6,-26
OGN,Organon & Co.,10.98,10,19,-36,0,-7,14,21,-49,-5,-19,-26
MASI,Masimo,142.54,14,-40,-6,-7,-39,22,1,-22,11,12,-27
PB,Prosperity Bancshares,66.96,10,-46,-11,15,-32,4,-12,-2,15,5,-27
TPG,TPG Inc.,56.16,-37,-1,9,0,-29,-40,10,11,20,1,-28
SBUX,Starbucks,84.35,0,-21,-8,0,-29,17,-29,5,8,1,-28
PK,Park Hotels & Resorts,11.02,-53,36,0,0,-17,-14,-1,10,-6,-11,-28
HUBS,HubSpot,439.91,-14,-2,-17,-1,-34,-7,18,-25,20,6,-28
FAF,First American Financial Corporation,63.84,-63,48,9,15,9,-56,-5,4,19,-38,-29
SAIC,SAIC,101.13,6,-20,-5,0,-19,14,-20,-2,-2,-10,-29
SNV,Synovus,48.67,-56,-8,6,22,-36,-20,-3,15,15,7,-29
VKTX,Viking Therapeutics,27.38,11,-31,-47,22,-45,10,1,12,-7,16,-29
CIVI,Civitas Resources,35.43,7,37,-62,-1,-19,4,-11,6,-10,-11,-30
MANH,Manhattan Associates,199.4,-47,-7,-36,66,-24,-14,-1,10,-1,-6,-30
LNW,Light & Wonder,84.56,-63,-3,-10,58,-18,-5,-11,-22,26,-12,-30
ALB,Albemarle Corporation,84.49,0,15,0,-24,-9,-12,6,11,-26,-21,-30
OLN,Olin Corporation,25.62,9,28,-67,-10,-40,30,-2,5,-24,9,-31
CSGP,CoStar Group,83.47,-60,-6,13,15,-38,16,-29,30,-10,7,-31
LAZ,Lazard,51.52,-41,0,9,21,-11,-45,-3,14,14,-20,-31
BURL,Burlington Stores,252.51,-21,-1,0,4,-18,-27,-14,10,18,-13,-31
CCL,Carnival Corporation & plc,28.36,-47,0,24,0,-23,-40,-4,15,20,-9,-32
DPZ,Domino's,428.25,-1,-41,-3,11,-34,-5,-11,-2,19,1,-33
Z,Zillow (Class C),73.49,-57,-2,0,0,-59,-5,-2,11,21,25,-34
LUV,Southwest Airlines,32.28,-14,-2,8,-40,-48,-13,7,15,5,14,-34
TSN,Tyson Foods,54.49,12,0,-8,-29,-25,11,-14,-18,12,-9,-34
BFAM,Bright Horizons,107.95,0,-17,-6,0,-23,-2,-23,-3,16,-12,-35
ZG,Zillow (Class A),71.18,-57,-2,0,0,-59,-5,-2,10,21,24,-35
GEV,GE Vernova,606.37,-32,0,3,0,-29,-35,10,18,0,-7,-36
BIRK,Birkenstock,46.23,7,-19,-6,0,-18,7,-17,-8,0,-18,-36
SSD,Simpson Manufacturing Company,167.4,-98,-5,1,157,55,-92,-10,13,-2,-91,-36
CTVA,Corteva,61.46,-91,-13,60,0,-44,-16,-5,17,12,8,-36
APD,Air Products,268.6,-50,-7,-2,17,-42,-2,-12,9,11,6,-36
TTD,Trade Desk (The),49.31,34,-38,-34,-2,-40,26,-30,8,-1,3,-37
POOL,Pool Corporation,308.95,0,-6,-30,-7,-43,12,-2,4,-10,4,-39
ZBH,Zimmer Biomet,98.89,0,0,-4,-18,-22,12,-12,1,-19,-18,-40
OLED,Universal Display Corporation,144.34,0,0,-44,0,-44,-12,4,17,-6,3,-41
MRK,Merck & Co.,90.12,14,2,-54,0,-38,14,-12,2,-7,-3,-41
CRM,Salesforce,235.69,-14,-2,-20,23,-13,-14,-8,-28,22,-28,-41
CARR,Carrier Global,59.46,0,-42,-6,0,-48,18,-38,-1,27,6,-42
PCG,PG&E Corporation,15.67,13,4,-37,2,-18,21,-7,-36,-2,-24,-42
ADM,Archer Daniels Midland,59.4,-15,0,9,0,-6,-25,-9,17,-21,-38,-44
UAL,United Airlines Holdings,93.13,-47,0,8,12,-27,-40,-5,11,17,-17,-44
ST,Sensata Technologies,30.58,0,0,1,-16,-15,1,-10,15,-36,-30,-45
NKE,"Nike, Inc.",74.24,7,0,1,-22,-14,9,-17,14,-37,-31,-45
NOV,NOV Inc.,13.55,9,7,-62,-13,-59,1,21,8,-16,14,-45
DKNG,DraftKings,35.14,-25,-2,-1,0,-28,-37,-10,9,21,-17,-45
AFRM,Affirm Holdings,74.39,-45,1,19,0,-25,-48,-5,15,18,-20,-45
BALL,Ball Corporation,50.47,13,-33,-10,-12,-42,26,-41,17,-6,-4,-46
RITM,Rithm Capital,11.23,-71,-5,24,33,-19,-62,-10,17,27,-28,-47
ELS,Equity Lifestyle Properties,60.98,9,2,-28,0,-17,12,1,-39,-4,-30,-47
TECH,Bio-Techne,59.91,11,2,-34,-25,-46,18,-14,2,-7,-1,-47
NCLH,Norwegian Cruise Line Holdings,24.19,-46,0,7,0,-39,-37,-3,10,21,-9,-48
JBHT,J. B. Hunt,132.68,0,-24,-38,-1,-63,36,-17,7,-11,15,-48
ELV,Elevance Health,332.75,11,0,-51,-3,-43,9,7,-17,-4,-5,-48
RDDT,Reddit,202.58,-49,0,4,0,-45,-11,-1,9,0,-3,-48
COLM,Columbia Sportswear,52.66,0,-5,-28,-7,-40,9,-9,-23,14,-9,-49
SJM,J.M. Smucker Company (The),108.51,0,0,-1,-5,-6,-26,2,5,-24,-43,-49
KMPR,Kemper Corporation,50.75,-6,-5,-13,-1,-25,-19,-10,-10,15,-24,-49
REGN,Regeneron Pharmaceuticals,599.46,7,1,-48,0,-40,11,-18,3,-5,-9,-49
BIO,Bio-Rad Laboratories,298.38,7,2,0,-29,-20,10,-10,8,-38,-30,-50
MAT,Mattel,17.29,4,-18,-11,0,-25,3,-10,14,-32,-25,-50
ISRG,Intuitive Surgical,437.97,-1,-45,-10,23,-33,14,-53,-5,27,-17,-50
SFD,Smithfield Foods,23.41,-35,-10,0,0,-45,2,-19,11,0,-6,-51
G,Genpact,41.85,0,-16,-4,4,-16,-13,-12,-22,11,-36,-52
UDR,"UDR, Inc.",36.92,-2,-44,-5,-1,-52,10,-12,-12,14,0,-52
DUOL,Duolingo,304.01,0,-65,0,0,-65,-5,2,-8,24,13,-52
TWLO,Twilio,102.73,0,-38,0,-35,-73,4,-8,13,12,21,-52
TKR,Timken Company,75.11,-47,-3,1,5,-44,-12,-5,14,-6,-9,-53
BSY,Bentley Systems,52.35,-47,-7,16,0,-38,-12,-13,17,-7,-15,-53
NVST,Envista,20.36,0,0,11,0,11,-40,-5,13,-33,-65,-54
OKE,Oneok,72.97,-4,-43,-20,55,-12,-19,-43,-32,52,-42,-54
LKQ,LKQ Corporation,31.12,6,-13,-13,-3,-23,14,-6,-21,-18,-31,-54
HUM,Humana,246.73,-6,-1,-3,-13,-23,-4,-10,3,-21,-32,-55
OKTA,"Okta, Inc.",91.68,1,-2,-5,-25,-31,-5,-16,-10,7,-24,-55
TAP,Molson Coors,46.04,4,-16,-20,-1,-33,21,-18,-21,-4,-22,-55
LINE,"Lineage, Inc.",39.54,0,-39,0,0,-39,23,-2,-38,0,-17,-56
PEP,PepsiCo,143.11,5,0,-49,0,-44,8,-13,6,-14,-13,-57
GTM,ZoomInfo,10.26,-35,16,0,0,-19,-12,-1,13,-38,-38,-57
SWK,Stanley Black & Decker,73.65,-57,65,-36,-40,-68,10,-2,6,-3,11,-57
HSIC,Schein (Henry),65.59,-38,-6,-12,-1,-57,4,-7,-2,4,-1,-58
PENN,Penn Entertainment,19.09,-3,35,2,-35,-1,-14,-6,7,-45,-58,-59
QRVO,Qorvo,90.44,-20,12,0,-32,-40,-32,4,15,-6,-19,-59
SLGN,Silgan Holdings,43.08,9,-45,-10,0,-46,21,-45,-4,14,-14,-60
HOG,Harley-Davidson,28.22,-72,36,0,-10,-46,-13,-2,12,-12,-15,-61
CLX,Clorox,122.68,3,-1,-24,-6,-28,-12,-2,-34,14,-34,-62
ZTS,Zoetis,147.25,12,-17,-42,-4,-51,22,-18,-9,-6,-11,-62
LBRDA,Liberty Broadband (Series A),63.05,31,-48,-10,-37,-64,-3,5,-10,9,1,-63
LBRDK,Liberty Broadband (Series C),63.35,31,-48,-10,-37,-64,-3,5,-10,9,1,-63
AGCO,AGCO,104.9,-43,-3,14,0,-32,-12,-23,18,-14,-31,-63
TGT,Target Corporation,89.14,4,-24,-38,-12,-70,36,-30,5,-7,4,-66
INVH,Invitation Homes,29.0,-5,-49,-15,0,-69,12,-14,-10,15,3,-66
BDX,Becton Dickinson,191.01,9,1,-35,-6,-31,20,-14,-26,-16,-36,-67
EL,Estée Lauder Companies (The),86.18,0,0,0,-27,-27,-4,-15,15,-36,-40,-67
CMG,Chipotle Mexican Grill,38.95,-13,-49,-13,81,6,-12,-50,-11,-1,-74,-68
XYZ,"Block, Inc.",73.4,-35,0,0,-37,-72,-7,-14,11,14,4,-68
PAYX,Paychex,123.98,-154,-45,-3,168,-34,-4,-38,-8,15,-35,-69
CROX,Crocs,84.99,25,-39,-49,-2,-65,25,-12,-11,-6,-4,-69
GNRC,Generac,167.85,-49,0,10,-35,-74,-1,-19,14,11,5,-69
NIQ,NIQ Global Intelligence,15.4,-63,0,0,0,-63,-5,-2,0,0,-7,-70
HLNE,Hamilton Lane,128.72,-42,-6,-5,26,-27,-42,-21,-2,22,-43,-70
IT,Gartner,251.05,-6,-76,-28,0,-110,-8,16,-26,58,40,-70
RYAN,Ryan Specialty,54.48,0,-69,-10,0,-79,-3,1,-16,26,8,-71
GTLB,GitLab,44.11,-45,18,-28,0,-55,-12,25,-27,-2,-16,-71
S,SentinelOne,17.43,-40,-1,-32,0,-73,-14,20,-2,-2,2,-71
OWL,Blue Owl Capital,16.12,-42,-30,-11,0,-83,-14,-6,9,22,11,-72
KD,Kyndryl,30.02,-48,-41,-3,0,-92,8,-6,-4,21,19,-73
DECK,Deckers Brands,101.17,-67,-5,-31,94,-9,-64,-5,-27,32,-64,-73
JHX,James Hardie Industries,19.68,10,-30,-34,-2,-56,20,-26,-7,-4,-17,-73
AMCR,Amcor,8.19,1,-34,-8,0,-41,20,-43,-8,-3,-34,-75
QXO,"QXO, Inc.",18.66,-64,-8,0,-15,-87,4,-6,20,-7,11,-76
SRPT,Sarepta Therapeutics,19.32,10,0,-36,-8,-34,20,1,-57,-7,-43,-77
CHTR,Charter Communications,275.03,31,-48,-11,-37,-65,-3,4,-11,-2,-12,-77
PINS,Pinterest,31.84,-54,-8,-2,-1,-65,-12,-8,13,-6,-13,-78
DG,Dollar General,99.67,-24,-9,0,-18,-51,-5,-24,29,-27,-27,-78
PYPL,PayPal,66.66,-13,-34,-10,-40,-97,-9,7,10,10,18,-79
MCHP,Microchip Technology,64.1,-35,-18,0,0,-53,-35,-1,17,-8,-27,-80
AVTR,Avantor,13.66,9,1,-36,0,-26,11,-12,-47,-6,-54,-80
CL,Colgate-Palmolive,79.01,-10,-60,-13,24,-59,-6,-21,-21,27,-21,-80
CHE,Chemed Corporation,440.9,-14,-1,-18,0,-33,-13,-10,-16,-9,-48,-81
KDP,Keurig Dr Pepper,25.59,-56,-27,-6,-1,-90,6,-21,25,-1,9,-81
NSA,National Storage Affiliates,30.31,0,0,-22,-5,-27,-2,-9,-43,-2,-56,-83
DOCU,DocuSign,68.94,-35,-2,-1,-13,-51,-35,-1,-9,12,-33,-84
AVY,Avery Dennison,162.5,0,-27,-42,0,-69,9,-18,-2,-6,-17,-86
LULU,Lululemon Athletica,177.56,56,-81,-18,-4,-47,19,-19,-27,-13,-40,-87
MTDR,Matador Resources,45.17,-21,-3,-36,0,-60,-19,-11,10,-7,-27,-87
GIS,General Mills,50.69,6,0,-48,-5,-47,9,15,-44,-20,-40,-87
SMG,Scotts Miracle-Gro Company,58.36,0,-24,-29,-40,-93,4,-10,13,-2,5,-88
TOST,"Toast, Inc.",35.59,-55,-22,0,0,-77,-14,-32,17,18,-11,-88
RARE,Ultragenyx,30.0,21,0,-34,-39,-52,20,-10,-42,-4,-36,-88
AUR,Aurora Innovation,5.22,-35,-5,-8,0,-48,-37,6,-25,16,-40,-88
FCN,FTI Consulting,161.05,1,-16,-44,0,-59,-12,-10,-1,-6,-29,-88
INGR,Ingredion,121.65,-126,-43,-5,35,-139,9,-13,-3,57,50,-89
TREX,"Trex Company, Inc.",51.95,0,-14,-61,-14,-89,18,-10,-1,-7,0,-89
CPT,Camden Property Trust,105.62,-36,-6,-2,0,-44,-41,-7,-10,12,-46,-90
TTC,Toro Company (The),75.97,-63,0,0,-1,-64,-5,-9,8,-21,-27,-91
WY,Weyerhaeuser,24.97,4,-14,-30,0,-40,18,-18,-42,-9,-51,-91
ILMN,"Illumina, Inc.",102.29,7,1,-35,-41,-68,10,-2,9,-41,-24,-92
ACN,Accenture,243.72,21,-60,-30,-1,-70,-2,-14,-26,20,-22,-92
ON,ON Semiconductor,48.34,-16,-24,-44,-2,-86,-14,10,13,-16,-7,-93
RVTY,Revvity,91.8,12,-45,-27,-25,-85,19,1,-32,4,-8,-93
APLS,Apellis Pharmaceuticals,23.11,2,0,-77,-17,-92,19,-10,8,-19,-2,-94
MAA,Mid-America Apartment Communities,138.02,-35,-45,-4,0,-84,1,-8,-15,12,-10,-94
CAG,Conagra Brands,19.29,7,0,-39,-8,-40,8,-17,-21,-24,-54,-94
AKAM,Akamai Technologies,75.84,0,4,-33,-8,-37,-7,-6,-33,-11,-57,-94
VVV,Valvoline,35.83,-63,-5,-2,32,-38,-64,-2,14,-5,-57,-95
CPAY,Corpay,286.31,-69,-43,-5,22,-95,-12,-12,-2,26,0,-95
MKC,McCormick & Company,67.78,16,-60,-13,-3,-60,34,-59,-21,11,-35,-95
SLB,Schlumberger,35.09,7,1,-77,0,-69,-14,-4,1,-11,-28,-97
FIS,Fidelity National Information Services,66.51,4,-41,-9,-38,-84,22,-43,-4,12,-13,-97
ONON,On Holding AG,40.96,-29,-44,-6,0,-79,-35,-2,-3,21,-19,-98
TRU,TransUnion,82.22,-57,-9,-2,0,-68,-58,-2,15,15,-30,-98
ZBRA,Zebra Technologies,291.74,-44,-8,-9,-8,-69,-54,-1,11,14,-30,-99
GPK,Graphic Packaging,19.58,0,-24,-26,0,-50,10,-21,-39,-1,-51,-101
CZR,Caesars Entertainment,25.94,-2,-1,-33,-26,-62,-6,6,-1,-38,-39,-101
KNX,Knight-Swift,38.93,-7,-27,-32,-3,-69,-5,-11,-2,-14,-32,-101
COO,Cooper Companies (The),68.06,3,-24,-34,-6,-61,21,-19,-39,-4,-41,-102
KBR,"KBR, Inc.",47.77,-35,-5,-37,0,-77,7,-15,-15,-2,-25,-102
DOX,Amdocs,81.25,-49,-37,-2,0,-88,5,-24,-2,6,-15,-103
RH,RH,200.88,-56,-4,-31,-8,-99,1,-9,5,-1,-4,-103
SAIA,Saia,293.7,-56,-6,-33,0,-95,1,-2,-2,-6,-9,-104
CTSH,Cognizant,66.53,-59,-45,-10,15,-99,-5,-10,-10,19,-6,-105
CNXC,Concentrix,48.24,-28,-4,-2,0,-34,-51,19,-5,-34,-71,-105
CHRD,Chord Energy,100.49,-21,-3,-57,0,-81,-17,-12,11,-7,-25,-106
UHAL,U-Haul,56.98,0,-46,-22,0,-68,-14,-10,-35,21,-38,-106
MTN,Vail Resorts,154.02,8,-19,-40,-24,-75,5,-14,13,-37,-33,-108
CHDN,Churchill Downs Incorporated,96.58,0,-23,-38,0,-61,-5,-40,-1,-2,-48,-109
GFS,GlobalFoundries,34.49,0,-1,-89,0,-90,-4,4,-1,-18,-19,-109
ALGM,Allegro MicroSystems,28.41,-35,-9,18,0,-26,-37,-45,15,-17,-84,-110
EEFT,Euronet Worldwide,88.2,-1,-45,-10,-4,-60,-12,-45,-7,14,-50,-110
IEX,IDEX Corporation,164.12,9,-45,-35,-3,-74,22,-16,-35,-7,-36,-110
BJ,BJ's Wholesale Club,90.75,-63,-66,-2,11,-120,-7,-33,-9,59,10,-110
ABNB,Airbnb,122.31,-38,-39,-10,0,-87,-12,-13,7,-6,-24,-111
CART,Maplebear Inc.,37.45,-76,-15,-1,0,-92,-28,-5,14,0,-19,-111
DAR,Darling Ingredients,31.35,-21,-3,-13,-21,-58,-21,-16,15,-31,-53,-111
SN,SharkNinja,100.33,-56,-2,15,0,-43,-54,-30,14,2,-68,-111
CE,Celanese,42.36,0,-38,-50,-11,-99,10,-8,-4,-10,-12,-111
PRMB,Primo Brands,21.91,-14,-85,-5,23,-81,-20,-13,-17,19,-31,-112
ADBE,Adobe Inc.,343.65,-14,-1,-43,-7,-65,-11,14,-47,-6,-50,-115
AMT,American Tower,193.33,-14,-41,-4,-1,-60,-25,-40,-2,12,-55,-115
CPB,Campbell Soup Company,31.99,-35,0,-39,-7,-81,2,15,-46,-6,-35,-116
TROW,T. Rowe Price,101.06,-46,0,1,-26,-71,-46,-11,13,-1,-45,-116
PPG,PPG Industries,104.08,-50,-8,-53,-9,-120,10,-14,17,-9,4,-116
MTCH,Match Group,34.63,-52,0,11,-38,-79,-5,-6,12,-39,-38,-117
ARE,Alexandria Real Estate Equities,83.47,-35,36,-44,-31,-74,-35,25,2,-36,-44,-118
FRPT,Freshpet,54.1,14,-76,-31,-7,-100,21,-33,-27,20,-19,-119
BBWI,"Bath & Body Works, Inc.",25.65,-21,-18,-32,-16,-87,-13,-11,-3,-7,-34,-121
IRDM,Iridium Communications,17.65,0,-44,-11,-20,-75,-15,-10,-2,-20,-47,-122
DLTR,Dollar Tree,90.3,-63,-18,0,-16,-97,-7,-27,32,-23,-25,-122
MRNA,Moderna,27.56,9,-40,-62,-5,-98,13,4,-2,-40,-25,-123
TFX,Teleflex,123.94,3,4,-49,-40,-82,19,-5,-45,-11,-42,-124
CCCS,CCC Intelligent Solutions,9.0,-68,-8,-35,0,-111,-7,-10,9,-7,-15,-126
FOUR,Shift4,76.91,-56,-41,-7,0,-104,-42,-12,7,25,-22,-126
ODFL,Old Dominion Freight Line,139.18,-7,-45,-33,0,-85,16,-19,-38,-2,-43,-128
DOW,Dow Inc.,23.04,0,-8,-50,-2,-60,7,-2,-65,-9,-69,-129
KHC,Kraft Heinz,26.26,-1,-18,-49,-1,-69,8,-36,-21,-11,-60,-129
CLVT,Clarivate,3.79,-2,-9,-84,-7,-102,15,-9,10,-43,-27,-129
CDW,CDW,158.94,-21,-41,-49,0,-111,-12,-6,9,-9,-18,-129
WH,Wyndham Hotels & Resorts,80.37,-94,-11,-10,12,-103,-33,-16,5,16,-28,-131
FI,Fiserv,126.09,-68,-58,-21,36,-111,-12,-18,-22,28,-24,-135
AXTA,Axalta,28.06,-94,-7,-23,23,-101,11,-9,-36,-1,-35,-136
TYL,Tyler Technologies,500.63,-112,-28,-1,18,-123,-11,-30,8,19,-14,-137
FBIN,Fortune Brands Innovations,52.98,-90,-7,-33,-6,-136,4,-10,6,-3,-3,-139
CNH,CNH Industrial,10.55,-41,-34,-4,0,-79,-14,-50,-2,3,-63,-142
GPN,Global Payments,85.12,-14,1,-34,-40,-87,-39,-10,5,-11,-55,-142
NCNO,nCino,26.14,-50,-2,-33,0,-85,-60,-7,12,-2,-57,-142
WEX,WEX Inc.,159.61,-73,0,-50,0,-123,-13,-9,11,-9,-20,-143
GDDY,GoDaddy,132.17,-49,-59,-10,23,-95,-41,-6,-26,23,-50,-145
UHAL-B,U-Haul (Series N),51.14,-1,-46,-30,0,-77,-13,-10,-44,-2,-69,-146
BMRN,BioMarin Pharmaceutical,54.85,7,-18,-57,-21,-89,20,-32,-22,-23,-57,-146
PCTY,Paylocity,153.08,-47,-27,-5,-4,-83,-35,-31,-4,6,-64,-147
PAYC,Paycom,199.13,-14,-27,0,-25,-66,-14,-30,-1,-38,-83,-149
TDC,Teradata,21.4,-13,0,-86,-18,-117,-32,13,2,-17,-34,-151
YETI,Yeti Holdings,33.87,-62,-3,-42,-7,-114,-35,-3,11,-11,-38,-152
WU,Western Union,8.08,0,-5,-30,-47,-82,9,-10,-65,-6,-72,-154
OC,Owens Corning,141.26,-88,-3,-31,59,-63,-88,-10,6,-1,-93,-156
STZ,Constellation Brands,138.99,12,-27,-52,-4,-71,20,-30,-68,-9,-87,-158
UA,Under Armour (Class C),4.89,9,-38,-35,-38,-102,22,-40,-2,-38,-58,-160
SON,Sonoco,43.02,-65,-7,-3,-1,-76,-80,-4,14,-15,-85,-161
IAC,IAC Inc.,34.2,-56,-9,-9,-32,-106,-11,-1,-4,-39,-55,-161
CAVA,Cava Group,61.66,-35,-35,-21,0,-91,1,-39,-35,3,-70,-161
UAA,Under Armour (Class A),5.03,10,-38,-35,-45,-108,22,-40,-2,-38,-58,-166
HRL,Hormel Foods,24.79,3,-54,-17,-24,-92,11,-50,-4,-31,-74,-166
LSTR,Landstar,121.57,0,-46,-42,-1,-89,-14,-11,-49,-8,-82,-171
DXCM,Dexcom,66.08,-83,-27,-6,-15,-131,-21,-10,-1,-10,-42,-173
CMCSA,Comcast,30.91,-11,-46,-42,-10,-109,-38,-10,-9,-9,-66,-175
RNG,RingCentral,28.12,-49,0,-33,-42,-124,-12,-2,7,-46,-53,-177
EMN,Eastman Chemical Company,61.94,-72,-8,-28,-2,-110,-12,-10,-42,-3,-67,-177
ENPH,Enphase Energy,37.02,-45,0,-53,-21,-119,1,25,-60,-25,-59,-178
ALK,Alaska Air Group,48.51,-92,-5,-2,0,-99,-89,-5,5,10,-79,-178
KMX,CarMax,46.04,-72,-9,-26,-37,-144,2,-7,-30,-1,-36,-180
ASH,Ashland Global,48.18,-98,-9,-48,-10,-165,1,-13,6,-11,-17,-182
WHR,Whirlpool Corporation,79.03,-93,-11,-12,-27,-143,9,-8,-3,-37,-39,-182
BRKR,Bruker,34.73,7,-44,-67,-9,-113,11,1,-71,-10,-69,-182
TEAM,Atlassian,149.54,-72,-59,-13,-7,-151,-12,-7,-25,12,-32,-183
WEN,Wendy's Company (The),9.45,2,-69,-44,-9,-120,7,-16,-39,-16,-64,-184
FND,Floor & Decor,73.29,-62,-5,-42,-7,-116,-64,-2,5,-7,-68,-184
BAX,Baxter International,23.36,7,-60,-30,-39,-122,13,-13,-21,-42,-63,-185
FLO,Flowers Foods,13.09,0,-33,-44,-9,-86,10,-26,-64,-24,-104,-190
BEN,Franklin Templeton Investments,22.53,-133,-5,15,0,-123,-46,-16,17,-23,-68,-191
DXC,DXC Technology,13.8,2,0,-32,-74,-104,-7,-9,-39,-35,-90,-194
EPAM,EPAM Systems,152.27,-35,-16,-33,-28,-112,-7,-14,-24,-38,-83,-195
COTY,Coty,3.98,0,-31,-71,-8,-110,-5,-1,-73,-10,-89,-199
PRGO,Perrigo,22.51,18,-40,-9,-114,-145,20,-13,-9,-56,-58,-203
WLK,Westlake Corporation,76.77,-72,-5,-47,-1,-125,-64,-8,1,-7,-78,-203
SBAC,SBA Communications,191.76,-34,-41,-6,-21,-102,-63,-41,-5,6,-103,-205
KVUE,Kenvue,15.85,-75,-27,-5,0,-107,-56,-37,-10,4,-99,-206
SITE,SiteOne Landscape Supply,127.48,-111,-6,-3,-10,-130,-68,-10,10,-9,-77,-207
ALGN,Align Technology,127.51,0,-44,-74,-26,-144,1,-18,-10,-39,-66,-210
JKHY,Jack Henry & Associates,146.26,-72,-44,-10,-1,-127,-11,-75,-10,12,-84,-211
MORN,"Morningstar, Inc.",227.02,-92,-44,-27,29,-134,-16,-57,-5,-1,-79,-213
NWL,Newell Brands,5.22,-107,-5,-34,-32,-178,4,-8,5,-37,-36,-214
XRAY,Dentsply Sirona,12.94,0,-44,-88,-43,-175,12,-9,-2,-41,-40,-215
TW,Tradeweb,107.59,-140,-40,-5,1,-184,-16,-36,-6,24,-34,-218
SNDR,Schneider National,20.84,-74,-24,-12,-1,-111,-90,-18,-2,-1,-111,-222
BRBR,BellRing Brands,36.23,-5,-103,-20,0,-128,-4,-95,-26,28,-97,-225
BF-B,Brown–Forman (Class B),27.53,2,-21,-110,-19,-148,7,-15,-42,-29,-79,-227
SAM,Boston Beer Company,221.65,0,1,-42,-38,-79,-55,-10,-38,-45,-148,-227
BF-A,Brown–Forman (Class A),27.3,0,-18,-109,-19,-146,7,-15,-49,-25,-82,-228
MAN,ManpowerGroup,38.19,-1,-26,-53,-29,-109,-12,-18,-53,-37,-120,-229
BROS,Dutch Bros. Coffee,51.53,-131,-13,-2,0,-146,-90,-13,7,12,-84,-230
GLOB,Globant,56.88,-7,-95,-33,-8,-143,-6,-43,-33,-8,-90,-233
WSC,WillScot Mobile Mini,21.15,-69,-43,-72,-7,-191,7,-37,-1,-13,-44,-235
FDS,FactSet,286.89,-112,-52,-12,-1,-177,-6,-48,-10,-2,-66,-243
ACI,Albertsons,17.34,-154,-56,-4,0,-214,-7,-18,-10,1,-34,-248
IFF,International Flavors & Fragrances,60.96,-98,-45,-30,-32,-205,9,-11,-42,-2,-46,-251
DJT,Trump Media & Technology Group,16.62,-38,-86,-63,0,-187,-10,-17,-31,-10,-68,-255
MKTX,MarketAxess,170.87,-20,-48,-35,-30,-133,-12,-63,-9,-45,-129,-262
HUN,Huntsman Corporation,9.12,-98,-9,-52,-16,-175,3,-9,-47,-34,-87,-262
DV,DoubleVerify,11.28,-140,-17,-77,0,-234,-7,-19,6,-11,-31,-265
UPS,United Parcel Service,84.38,2,-46,-113,-17,-174,1,-18,-41,-35,-93,-267
SFM,Sprouts Farmers Market,107.12,-188,-47,-2,47,-190,-89,-45,-6,58,-82,-272
INSP,Inspire Medical Systems,72.3,-61,-96,-30,-7,-194,-15,-13,-35,-18,-81,-275
FMC,FMC Corporation,31.7,-66,-24,-47,-25,-162,-82,-14,-2,-27,-125,-287
CHH,Choice Hotels,105.99,-168,-40,-10,0,-218,-26,-41,-24,15,-76,-294
AAL,American Airlines Group,11.27,-125,-5,-28,-77,-235,-42,-11,6,-40,-87,-322
LYB,LyondellBasell,48.41,-90,-43,-51,-6,-190,-64,-8,-65,-8,-145,-335
RHI,Robert Half,33.99,-72,-173,-36,-10,-291,1,-10,-34,-33,-76,-367
COLD,Americold,12.3,-72,-127,-48,-12,-259,1,-69,-48,-16,-132,-391
