Symbol,Name,Close,1H Cloud Score,1D Cloud Score,1W Cloud Score,1M Cloud Score,Cloud Score Sum,1H TKx Score,1D TKx Score,1W TKx Score,1M TKx Score,TKx Score Sum,Total Score Sum
TJX,TJX Companies,142.55,21,53,157,200,431,23,-3,126,195,341,772
COOP,Mr. Cooper Group,210.79,-7,100,126,60,279,11,99,124,58,292,571
SO,Southern Company,98.41,69,10,85,192,356,61,11,32,81,185,541
ORLY,O'Reilly Auto Parts,101.18,-1,0,172,201,372,-7,-4,63,91,143,515
MPWR,Monolithic Power Systems,1026.83,28,110,12,159,309,97,54,19,2,172,481
ATO,Atmos Energy,176.35,123,50,83,47,303,19,12,94,47,172,475
DUK,Duke Energy,127.42,70,10,85,185,350,63,12,31,18,124,474
CASY,Casey's,561.55,2,29,122,89,242,-3,25,126,80,228,470
FIX,Comfort Systems USA,837.88,28,113,26,66,233,12,125,19,57,213,446
JPM,JPMorgan Chase,298.57,-5,112,132,160,399,-1,-3,19,28,43,442
WRB,W. R. Berkley Corporation,73.67,-12,36,103,178,305,-6,49,33,57,133,438
COR,Cencora,319.4,44,33,53,77,207,52,42,64,70,228,435
ORI,Old Republic International,40.91,-13,47,156,60,250,-47,45,126,57,181,431
HWM,Howmet Aerospace,191.7,7,27,157,31,222,20,27,101,59,207,429
PLTR,Palantir Technologies,178.12,-3,123,125,0,245,12,21,128,22,183,428
NRG,NRG Energy,169.99,4,25,112,96,237,20,24,122,23,189,426
AAPL,Apple Inc.,247.43,-42,77,7,253,295,-4,45,11,73,125,420
APH,Amphenol,127.38,14,123,28,67,232,12,125,19,29,185,417
ETR,Entergy,96.02,0,20,85,139,244,16,19,98,16,149,393
ACM,AECOM,131.0,28,116,25,67,236,20,45,19,73,157,393
DTE,DTE Energy,141.51,14,18,83,191,306,19,15,36,15,85,391
AVGO,Broadcom,354.14,28,113,28,118,287,45,-6,19,32,90,377
INSM,Insmed,163.11,88,90,73,18,269,6,60,19,22,107,376
WELL,Welltower,172.11,2,4,125,60,191,18,-3,142,26,183,374
IDA,Idacorp,135.56,130,79,65,20,294,12,18,35,12,77,371
SNX,TD Synnex,154.97,-1,110,24,65,198,15,116,17,23,171,369
GOOG,Alphabet (Class C),251.88,19,99,16,178,312,20,1,13,23,57,369
WMT,Walmart,106.47,22,34,136,103,295,21,2,19,31,73,368
LOPE,Grand Canyon Education,208.36,-1,50,156,37,242,-2,49,43,36,126,368
GOOGL,Alphabet (Class A),251.39,19,99,17,178,313,20,-5,14,23,52,365
NEM,Newmont,98.25,28,134,28,7,197,28,96,28,12,164,361
BSX,Boston Scientific,97.78,14,-25,153,146,288,12,-19,19,59,71,359
RL,Ralph Lauren Corporation,323.28,6,112,103,36,257,14,41,19,28,102,359
CIEN,Ciena,170.82,106,110,18,14,248,44,32,17,18,111,359
MDU,MDU Resources,19.0,140,18,4,60,222,65,20,19,32,136,358
PPL,PPL Corporation,37.31,27,68,85,25,205,25,14,97,16,152,357
L,Loews Corporation,98.17,-13,110,121,57,275,-8,45,19,26,82,357
WEC,WEC Energy Group,116.21,70,66,64,15,215,26,23,77,13,139,354
CAT,Caterpillar Inc.,541.06,28,109,17,66,220,20,34,17,59,130,350
ORCL,Oracle Corporation,313.03,42,27,20,200,289,12,-2,19,29,58,347
EVRG,Evergy,77.51,35,91,67,16,209,21,19,86,12,138,347
NVT,Nvent Electric,100.53,28,110,17,14,169,40,123,17,-7,173,342
ROL,"Rollins, Inc.",55.22,-41,-2,40,288,285,-11,-1,32,37,57,342
MCD,McDonald's,305.37,22,0,1,244,267,30,-21,7,59,75,342
MNST,Monster Beverage,70.16,7,49,35,182,273,10,23,28,6,67,340
NEE,NextEra Energy,85.06,133,17,4,2,156,137,13,19,15,184,340
EXC,Exelon,47.36,130,13,64,16,223,89,12,3,12,116,339
BK,BNY Mellon,106.67,10,112,103,42,267,20,2,19,21,62,329
MS,Morgan Stanley,159.99,14,110,85,66,275,14,2,19,18,53,328
GLW,Corning Inc.,86.74,10,109,28,19,166,12,116,17,16,161,327
TPR,"Tapestry, Inc.",116.53,20,110,89,23,242,20,27,17,21,85,327
EME,Emcor,687.55,14,110,26,60,210,12,29,17,59,117,327
AYI,Acuity Brands,361.02,27,86,13,29,155,19,115,15,22,171,326
KLAC,KLA Corporation,1098.91,8,29,23,179,239,16,23,19,28,86,325
MCK,McKesson Corporation,775.34,40,21,51,60,172,45,38,1,69,153,325
YUM,Yum! Brands,143.35,0,-6,0,261,255,12,-5,3,59,69,324
J,Jacobs Solutions,156.07,19,108,15,108,250,18,19,16,21,74,324
MSI,Motorola Solutions,437.21,-13,-2,10,155,150,-8,-16,10,187,173,323
IBM,IBM,276.01,-34,21,118,56,161,9,29,65,58,161,322
LLY,Lilly (Eli),819.32,-6,15,0,174,183,5,32,1,98,136,319
URI,United Rentals,1005.47,19,110,16,66,211,19,7,17,59,102,313
ANET,Arista Networks,146.0,-23,95,16,60,148,1,91,15,58,165,313
IONS,Ionis Pharmaceuticals,73.04,119,113,10,2,244,23,38,19,-12,68,312
MMC,Marsh McLennan,186.43,-7,-1,-12,177,157,-14,8,-20,180,154,311
AWI,Armstrong World Industries,198.03,1,117,103,23,244,20,7,19,21,67,311
HUBB,Hubbell Incorporated,428.6,20,0,10,184,214,20,-16,15,73,92,306
SRE,Sempra,91.15,-6,65,9,183,251,14,20,17,1,52,303
AAON,AAON,100.01,-1,21,0,247,267,-3,39,1,-1,36,303
WMB,Williams Companies,62.53,-7,21,121,54,189,10,26,19,59,114,303
GD,General Dynamics,330.57,-30,132,17,56,175,-37,87,19,59,128,303
PWR,Quanta Services,437.42,28,17,26,101,172,16,21,19,74,130,302
WDC,Western Digital,125.91,0,110,21,20,151,6,121,19,5,151,302
SGI,Somnigroup International,85.0,28,110,50,66,254,-3,3,19,28,47,301
COST,Costco,925.56,0,-21,0,182,161,-3,-32,-11,186,140,301
GE,GE Aerospace,299.84,4,121,28,29,182,16,32,39,31,118,300
V,Visa Inc.,335.33,-11,-1,146,135,269,-5,10,-2,28,31,300
RTX,RTX Corporation,157.02,-38,109,86,56,213,-40,18,93,16,87,300
AU,AngloGold Ashanti,78.55,13,54,85,20,172,16,63,33,16,128,300
OGE,OGE Energy,46.42,24,15,77,47,163,27,16,77,16,136,299
TIGO,Millicom,46.44,-22,190,86,4,258,-19,7,33,18,39,297
CNP,Centerpoint Energy,39.85,20,64,58,47,189,16,22,52,17,107,296
CW,Curtiss-Wright,550.26,1,118,28,56,203,-4,26,19,51,92,295
AZO,AutoZone,4007.14,-3,0,103,88,188,-9,-7,63,59,106,294
CMS,CMS Energy,74.75,106,9,85,25,225,33,12,7,16,68,293
CRS,Carpenter Technology Corporation,238.2,-30,-5,155,37,157,-4,7,80,51,134,291
PSTG,Pure Storage,91.88,79,40,8,44,171,14,32,15,59,120,291
GRMN,Garmin,246.74,-13,83,121,21,212,-5,44,15,23,77,289
DGX,Quest Diagnostics,186.85,18,49,77,20,164,35,-4,77,16,124,288
BWXT,BWX Technologies,209.05,28,108,22,37,195,20,20,19,33,92,287
DASH,DoorDash,266.66,-4,109,106,0,211,13,24,19,20,76,287
CBOE,Cboe Global Markets,236.38,-7,-1,153,57,202,-12,13,31,53,85,287
DDS,Dillard's,597.26,-1,92,23,56,170,-3,46,16,57,116,286
LHX,L3Harris,284.28,-31,132,21,7,129,-5,125,21,16,157,286
NI,NiSource,43.24,-5,17,83,47,142,12,17,98,16,143,285
FLEX,Flex Ltd.,63.33,28,39,27,60,154,20,32,19,59,130,284
DCI,Donaldson Company,82.24,8,62,11,67,148,16,69,19,32,136,284
FYBR,Frontier Communications,37.51,0,48,98,0,146,19,-2,103,16,136,282
ETN,Eaton Corporation,375.47,-6,20,17,116,147,12,27,17,74,130,277
GS,Goldman Sachs,758.55,-45,110,101,60,226,12,-3,19,23,51,277
STE,Steris,240.3,2,1,23,197,223,12,-16,31,27,54,277
CDNS,Cadence Design Systems,324.16,-43,-5,26,143,121,-39,-8,19,182,154,275
RBC,RBC Bearings,368.99,-12,-12,102,166,244,-26,-33,23,59,23,267
WM,"Waste Management, Inc.",213.3,-16,-39,-1,189,133,-23,-2,-3,161,133,266
UI,Ubiquiti,755.3,28,39,61,12,140,20,74,19,12,125,265
MA,Mastercard,549.68,-40,-5,135,157,247,-6,-23,19,28,18,265
CMI,Cummins,422.68,-34,82,14,67,129,12,73,15,32,132,261
XEL,Xcel Energy,81.11,0,66,60,14,140,7,35,68,11,121,261
LRCX,Lam Research,142.41,1,32,18,154,205,19,24,19,-7,55,260
LYV,Live Nation Entertainment,151.68,-3,-7,103,149,242,-3,-15,18,18,18,260
TRV,Travelers Companies (The),261.73,-41,-1,100,60,118,-6,57,33,58,142,260
BLK,BlackRock,1171.54,18,109,26,24,177,20,20,19,23,82,259
ADI,Analog Devices,241.65,7,0,20,181,208,19,-15,19,28,51,259
JNJ,Johnson & Johnson,192.09,110,76,17,9,212,12,11,14,8,45,257
IBKR,Interactive Brokers,68.52,-15,21,98,59,163,-3,20,17,59,93,256
CRH,CRH plc,116.95,-3,64,16,66,143,-3,73,13,29,112,255
SCI,Service Corporation International,81.37,-3,26,6,177,206,-3,20,17,15,49,255
ITT,ITT Inc.,170.92,-42,116,25,101,200,12,-5,19,28,54,254
COKE,Coca-Cola Consolidated,130.65,88,13,1,68,170,47,6,-25,54,82,252
TTWO,Take-Two Interactive,259.27,14,33,54,15,116,20,40,54,22,136,252
AMGN,Amgen,295.73,1,12,1,167,181,19,6,7,38,70,251
ALNY,Alnylam Pharmaceuticals,481.17,33,109,26,17,185,28,2,19,17,66,251
GWRE,Guidewire Software,244.0,40,1,119,23,183,41,-15,19,22,67,250
AME,Ametek,184.53,2,0,13,108,123,18,-14,19,103,126,249
AMD,Advanced Micro Devices,234.57,86,9,7,112,214,14,11,19,-9,35,249
AMAT,Applied Materials,227.72,24,21,4,151,200,18,21,17,-7,49,249
AM,Antero Midstream,17.96,-42,0,157,25,140,-33,-3,87,57,108,248
ALL,Allstate,194.94,-42,-2,106,161,223,-14,-1,20,19,24,247
VRT,Vertiv,177.84,91,21,18,10,140,43,20,16,28,107,247
MEDP,Medpace,521.59,6,84,13,34,137,-1,94,13,4,110,247
VMC,Vulcan Materials,296.22,-7,62,15,62,132,-5,70,19,29,113,245
HCA,HCA Healthcare,419.64,0,49,12,99,160,12,17,25,31,85,245
ABBV,AbbVie,226.91,-24,62,26,60,124,-26,69,12,66,121,245
MLI,Mueller Industries,98.57,0,82,16,60,158,-3,-1,17,73,86,244
HEI,HEICO (Common),307.42,-40,-6,34,191,179,-5,-14,25,59,65,244
TT,Trane Technologies,416.09,-7,-1,25,166,183,-3,13,19,31,60,243
GILD,Gilead Sciences,117.87,58,8,60,37,163,19,2,17,41,79,242
ASTS,AST SpaceMobile,89.48,84,12,20,0,116,79,18,19,10,126,242
CTAS,Cintas,184.29,-58,-44,-2,169,65,-7,-6,-2,189,174,239
RBA,RB Global,100.32,-8,-16,113,29,118,-5,-11,116,21,121,239
MSFT,Microsoft,511.55,-33,0,25,175,167,8,18,19,27,72,239
EBAY,eBay,91.18,7,0,86,16,109,18,2,91,18,129,238
RGLD,Royal Gold,206.68,14,40,70,20,144,21,48,5,18,92,236
CACI,CACI,517.86,0,15,11,156,182,12,22,23,-3,54,236
VTR,"Ventas, Inc.",69.55,7,66,81,24,178,15,13,13,17,58,236
NFLX,Netflix,1183.22,-5,-3,125,22,139,-23,1,96,22,96,235
PNR,Pentair,108.71,-13,110,18,64,179,14,-1,17,26,56,235
PNW,Pinnacle West Capital,93.0,95,8,3,20,126,70,11,-2,28,107,233
HD,Home Depot (The),387.48,2,0,10,182,194,20,-13,11,21,39,233
FWONA,Liberty Formula 1 (Series A),91.92,-41,23,78,64,124,-5,37,18,58,108,232
THC,Tenet Healthcare,199.17,1,47,23,59,130,14,44,17,26,101,231
PEG,Public Service Enterprise Group,84.35,21,0,4,154,179,20,14,-1,19,52,231
LMT,Lockheed Martin,493.0,-14,36,0,167,189,3,38,4,-4,41,230
SPOT,Spotify,664.76,-11,-3,121,14,121,-11,-7,104,22,108,229
AJG,Arthur J. Gallagher & Co.,280.27,-42,-2,-1,188,143,-11,-1,-11,109,86,229
AEE,Ameren,105.18,14,18,65,15,112,21,12,70,12,115,227
ALLE,Allegion,177.44,9,122,18,23,172,12,-1,19,24,54,226
BEPC,Brookfield Renewable Partners,40.85,103,19,19,0,141,23,28,19,12,82,223
CHD,Church & Dwight,87.3,-28,-58,-25,346,235,5,-21,-23,27,-12,223
HOOD,Robinhood Markets,131.43,-21,112,90,0,181,-26,29,19,20,42,223
AEP,American Electric Power,117.51,21,13,82,25,141,21,11,32,16,80,221
ULTA,Ulta Beauty,537.49,-29,120,21,6,118,-32,123,21,-11,101,219
CME,CME Group,262.42,-4,-1,63,138,196,-12,14,-1,21,22,218
SNA,Snap-on,344.32,7,31,7,61,106,16,25,12,59,112,218
CELH,Celsius Holdings,64.29,98,15,2,67,182,12,7,27,-11,35,217
TER,Teradyne,139.27,0,81,4,4,89,12,111,12,-7,128,217
PTC,PTC Inc.,202.0,1,0,15,184,200,-2,-26,16,28,16,216
VMI,Valmont Industries,405.92,14,15,71,60,160,12,15,16,12,55,215
TLN,Talen Energy,417.8,-21,122,48,0,149,-15,57,20,4,66,215
EHC,Encompass Health,122.93,-83,44,152,31,144,12,-5,33,31,71,215
APP,AppLovin,605.64,0,55,114,0,169,14,-4,15,20,45,214
CAH,Cardinal Health,153.22,-2,15,64,40,117,7,29,1,59,96,213
DRS,Leonardo DRS,39.6,-30,-2,148,60,176,-33,20,19,31,37,213
LOW,Lowe's,243.12,6,0,1,168,175,20,-13,10,21,38,213
LDOS,Leidos,184.36,-30,122,11,25,128,-38,79,22,21,84,212
ECG,Everus Construction Group,90.54,48,108,0,0,156,20,20,16,0,56,212
KR,Kroger,68.89,54,-36,88,69,175,19,1,-1,17,36,211
FSLR,First Solar,237.7,14,75,4,64,157,12,30,19,-8,53,210
IRM,Iron Mountain,105.8,10,24,5,59,98,12,23,19,58,112,210
WPC,W. P. Carey,68.18,0,107,38,4,149,19,-1,35,7,60,209
AXON,Axon Enterprise,652.17,-19,-26,154,96,205,-31,-17,19,32,3,208
D,Dominion Energy,60.63,-1,108,23,3,133,26,18,19,12,75,208
FERG,Ferguson Enterprises,235.54,28,11,20,67,126,20,15,19,27,81,207
WFC,Wells Fargo,84.0,20,3,101,31,155,20,-9,19,21,51,206
FE,FirstEnergy,46.8,0,63,15,57,135,19,17,19,16,71,206
JCI,Johnson Controls,109.4,14,3,84,21,122,12,32,19,20,83,205
T,AT&T,26.19,0,-12,79,18,85,15,-15,103,17,120,205
KO,Coca-Cola Company (The),67.57,25,-39,3,184,173,19,4,-7,16,32,205
OLLI,Ollie's Bargain Outlet,123.07,-11,-3,124,18,128,-9,-11,72,25,77,205
IVZ,Invesco,22.8,-12,86,16,4,94,-3,82,16,15,110,204
NDAQ,"Nasdaq, Inc.",87.92,-5,-18,85,146,208,-5,-34,19,16,-4,204
HII,Huntington Ingalls Industries,282.66,-6,149,17,8,168,-8,29,25,-11,35,203
LH,Labcorp,283.72,9,60,64,17,150,14,1,17,20,52,202
ROST,Ross Stores,155.18,28,53,9,37,127,24,12,8,31,75,202
CVS,CVS Health,81.4,35,45,19,1,100,40,49,9,2,100,200
TKO,TKO Group Holdings,187.9,-51,48,80,42,119,16,-6,19,52,81,200
NVDA,Nvidia,181.81,-21,21,23,136,159,-25,19,19,28,41,200
MDT,Medtronic,95.03,-6,77,20,3,94,-13,91,12,15,105,199
ELAN,Elanco,20.51,0,113,11,0,124,18,45,18,-8,73,197
TSCO,Tractor Supply Company,55.18,18,-16,16,87,105,19,-27,13,87,92,197
SCCO,Southern Copper,133.27,7,32,7,65,111,20,45,19,2,86,197
AFL,Aflac,106.73,-13,46,10,60,103,-11,45,3,57,94,197
CEG,Constellation Energy,396.48,84,15,25,0,124,12,20,19,21,72,196
AXP,American Express,323.24,0,39,26,101,166,-3,-7,17,23,30,196
UNP,Union Pacific Corporation,224.04,-42,0,-2,200,156,-5,18,4,21,38,194
FTAI,FTAI Aviation,169.68,17,56,12,49,134,14,-4,15,33,58,192
XYL,Xylem Inc.,144.87,-16,110,17,24,135,-5,19,19,24,57,192
PGR,Progressive Corporation,221.76,-39,-90,-2,179,48,-32,-4,-12,191,143,191
PANW,Palo Alto Networks,205.53,-11,30,8,83,110,-29,31,19,59,80,190
HIG,Hartford (The),123.99,-42,-1,103,59,119,-12,-5,30,58,71,190
HEI-A,HEICO (Class A),239.6,-41,-6,35,184,172,-33,-7,26,32,18,190
AIZ,Assurant,207.76,-13,0,10,154,151,-7,13,11,21,38,189
INTU,Intuit,646.82,-3,-41,26,193,175,-3,-5,-1,22,13,188
MLM,Martin Marietta Materials,624.04,-4,65,15,62,138,-5,7,19,29,50,188
LIN,Linde plc,444.08,-44,-6,22,112,84,-11,-12,19,108,104,188
EXPE,Expedia Group,213.57,-3,83,58,13,151,-4,9,15,16,36,187
ROIV,Roivant Sciences,17.11,27,47,10,0,84,19,63,19,2,103,187
CWEN,Clearway Energy (Class C),32.24,28,9,67,6,110,20,12,31,12,75,185
PSA,Public Storage,306.79,97,15,1,3,116,42,10,19,-2,69,185
C,Citigroup,96.26,0,110,28,20,158,-3,-5,19,16,27,185
LITE,Lumentum,163.24,1,108,23,5,137,20,-2,17,12,47,184
AMG,Affiliated Managers Group,233.72,-5,116,20,24,155,-3,-7,19,19,28,183
AGNC,AGNC Investment,9.93,-3,95,20,18,130,11,6,17,19,53,183
NET,Cloudflare,211.41,-8,110,48,0,150,-4,-3,19,21,33,183
USFD,US Foods,74.95,-4,-34,152,37,151,-1,-15,19,28,31,182
LNT,Alliant Energy,67.58,0,18,77,16,111,23,12,19,15,69,180
SYK,Stryker Corporation,369.25,1,-25,2,161,139,14,-22,17,31,40,179
VST,Vistra Corp.,210.4,28,4,28,32,92,20,2,17,47,86,178
SOFI,SoFi,26.59,-5,102,55,0,152,-1,-4,17,13,25,177
R,Ryder,182.56,-1,0,20,58,77,12,11,17,58,98,175
NTRA,Natera,180.68,49,41,10,20,120,23,2,9,21,55,175
WCC,Wesco International,218.5,1,3,16,60,80,12,7,17,59,95,175
CBRE,CBRE Group,155.47,14,0,101,24,139,20,-17,17,16,36,175
AON,AON,343.18,-29,-6,0,179,144,-7,-27,6,58,30,174
JBL,Jabil,209.77,4,-10,28,67,89,14,-8,20,59,85,174
UTHR,United Therapeutics,432.37,-12,46,7,59,100,-41,46,7,61,73,173
FWONK,Liberty Formula 1 (Series C),100.32,-35,0,79,59,103,-45,37,19,58,69,172
CXT,Crane NXT,66.8,-2,18,4,57,77,12,10,15,58,95,172
PFGC,Performance Food Group,100.56,0,0,62,45,107,-2,-11,19,59,65,172
INCY,Incyte,87.34,14,96,12,1,123,17,7,15,9,48,171
RCL,Royal Caribbean Group,298.46,-7,-7,130,30,146,-4,-20,19,29,24,170
HPE,Hewlett Packard Enterprise,22.52,-8,0,10,44,46,9,43,16,56,124,170
DTM,DT Midstream,109.65,-41,28,112,0,99,-2,27,19,27,71,170
STAG,STAG Industrial,37.61,27,4,3,98,132,20,4,19,-6,37,169
RSG,Republic Services,218.24,-14,-56,0,179,109,-11,-81,-10,162,60,169
SPG,Simon Property Group,176.71,-3,79,10,37,123,8,-3,17,23,45,168
CINF,Cincinnati Financial,151.46,-29,0,94,64,129,-41,44,19,17,39,168
EQIX,Equinix,812.59,50,4,-17,36,73,61,23,-17,28,95,168
EA,Electronic Arts,200.35,0,56,13,9,78,24,18,25,23,90,168
CWEN-A,Clearway Energy (Class A),30.22,14,9,67,8,98,14,12,31,12,69,167
BX,Blackstone Inc.,157.96,-3,-1,1,144,141,-2,-9,14,23,26,167
CSL,Carlisle Companies,319.1,-2,-25,-6,180,147,22,-21,-3,22,20,167
AMKR,Amkor Technology,31.52,9,95,1,4,109,20,31,13,-7,57,166
NTAP,Netapp,119.37,20,53,7,59,139,20,-7,16,-3,26,165
NOC,Northrop Grumman,598.97,-12,77,19,60,144,-30,11,26,14,21,165
BKNG,Booking Holdings,4949.0,-14,-14,145,37,154,-10,-27,19,28,10,164
TDY,Teledyne Technologies,561.54,-35,109,61,16,151,-47,24,19,17,13,164
PCAR,Paccar,95.15,0,-7,-31,161,123,12,-13,6,36,41,164
KMI,Kinder Morgan,27.2,-51,0,101,46,96,-3,-1,17,54,67,163
ATI,ATI Inc.,81.22,-5,0,25,45,65,-4,29,19,54,98,163
MU,Micron Technology,202.52,9,36,7,24,76,20,45,19,2,86,162
ITW,Illinois Tool Works,246.86,-64,-7,11,180,120,12,-17,16,31,42,162
DKS,Dick's Sporting Goods,230.29,23,4,6,65,98,20,-1,9,35,63,161
RKLB,Rocket Lab,66.99,0,30,58,0,88,12,32,19,10,73,161
EPR,EPR Properties,54.47,0,0,66,31,97,23,-1,19,23,64,161
AN,AutoNation,213.65,-9,0,26,63,80,-5,7,19,59,80,160
TSLA,"Tesla, Inc.",428.58,-3,49,7,12,65,14,55,13,12,94,159
HR,Healthcare Realty Trust,18.33,21,78,11,2,112,24,1,11,11,47,159
MKL,Markel,1883.01,-12,-2,77,57,120,-8,2,17,28,39,159
MRVL,Marvell Technology,88.24,-3,17,1,108,123,8,19,9,-1,35,158
AXS,AXIS Capital,92.1,-8,-2,95,47,132,-5,-23,-2,55,25,157
RPM,RPM International,112.68,0,-12,-4,182,166,-3,-20,16,-2,-9,157
WAB,Wabtec,193.6,-3,0,4,51,52,14,13,19,58,104,156
NFG,National Fuel Gas,85.24,-70,0,69,54,53,12,-3,80,12,101,154
TDG,TransDigm Group,1248.98,-13,-46,6,159,106,-7,-3,-2,59,47,153
FFIV,"F5, Inc.",295.32,-12,-1,103,16,106,-14,23,19,19,47,153
SCHW,Charles Schwab Corporation,93.4,-1,-1,86,13,97,19,1,19,16,55,152
SSD,Simpson Manufacturing Company,171.7,6,-16,1,158,149,11,-21,15,-3,2,151
CVNA,Carvana,344.59,-5,-5,101,13,104,12,-2,19,18,47,151
CRUS,Cirrus Logic,123.24,4,47,7,21,79,15,42,19,-5,71,150
H,Hyatt Hotels,144.26,-5,15,6,57,73,-3,7,15,57,76,149
TXRH,Texas Roadhouse,172.71,28,0,0,66,94,20,6,-5,33,54,148
EXPD,Expeditors International,118.25,0,0,1,133,134,16,-13,15,-5,13,147
CSCO,Cisco,69.08,1,2,57,16,76,12,13,19,27,71,147
SNDK,SanDisk,144.27,28,43,0,0,71,20,45,11,0,76,147
RBLX,Roblox Corporation,134.5,21,3,62,0,86,21,1,25,13,60,146
TMUS,T-Mobile US,226.45,-5,-16,0,141,120,13,-25,1,37,26,146
MTSI,MACOM Technology Solutions,137.82,21,3,8,60,92,20,-14,17,31,54,146
ARES,Ares Management,141.24,-3,-17,-3,61,38,-3,-17,19,108,107,145
SPGI,S&P Global,472.05,-9,-21,-1,174,143,-5,-33,17,23,2,145
BAC,Bank of America,50.43,14,43,26,20,103,12,-5,19,16,42,145
BLD,TopBuild,434.78,53,7,11,48,119,12,2,15,-5,24,143
THG,Hanover Insurance,168.47,-34,-1,70,26,61,-40,41,62,16,79,140
M,"Macy's, Inc.",17.95,14,76,7,-17,80,20,39,8,-8,59,139
STLD,Steel Dynamics,142.65,-6,24,9,57,84,-3,38,19,1,55,139
EXAS,Exact Sciences,61.29,93,30,2,-27,98,19,38,2,-18,41,139
CLH,Clean Harbors,231.96,0,-2,10,60,68,-9,1,19,59,70,138
MO,Altria,64.26,-28,0,79,47,98,-23,10,35,18,40,138
CMA,Comerica,73.9,-4,84,16,6,102,-5,10,16,14,35,137
COF,Capital One,203.17,-6,-7,103,23,113,-3,-13,19,20,23,136
VEEV,Veeva Systems,292.93,-6,15,54,10,73,9,15,19,20,63,136
DOCS,Doximity,67.3,-35,80,63,0,108,9,-5,9,14,27,135
DAL,Delta Air Lines,60.4,42,3,10,21,76,16,4,11,28,59,135
HRB,H&R Block,51.32,17,0,-10,54,61,28,7,-15,54,74,135
ARMK,Aramark,38.48,-7,-1,24,42,58,-7,7,19,58,77,135
MSGS,Madison Square Garden Sports,218.42,0,28,6,23,57,-1,35,12,29,75,132
NOW,ServiceNow,894.1,-5,-1,0,84,78,20,-8,17,24,53,131
KRC,Kilroy Realty,40.45,-1,100,15,0,114,-4,-8,15,13,16,130
MMM,3M,151.41,-13,-1,83,16,85,16,-6,19,16,45,130
O,Realty Income,59.31,0,54,19,9,82,19,-5,19,15,48,130
PAG,Penske Automotive Group,169.2,0,-11,24,64,77,-4,-21,19,59,53,130
EXEL,Exelixis,39.2,0,0,73,16,89,19,-2,-3,26,40,129
AL,Air Lease Corporation,63.55,4,40,26,24,94,-4,-8,19,28,35,129
PLD,Prologis,121.16,14,39,8,1,62,17,38,19,-7,67,129
UHS,Universal Health Services,204.24,0,42,1,24,67,12,46,3,1,62,129
REG,Regency Centers,71.73,14,0,3,55,72,19,-3,19,21,56,128
BRO,Brown & Brown,87.41,-11,-4,-8,165,142,-31,8,-19,28,-14,128
PHM,PulteGroup,123.87,0,0,10,67,77,16,-13,15,31,49,126
FRHC,Freedom Holding,165.26,-6,-1,63,16,72,-3,6,19,32,54,126
MP,MP Materials,83.84,0,11,41,0,52,-5,18,54,6,73,125
XPO,"XPO, Inc.",131.08,-4,3,3,63,65,8,6,16,29,59,124
MKSI,MKS Instruments,137.87,14,31,6,1,52,20,42,15,-7,70,122
MCO,Moody's Corporation,468.38,-28,-21,3,158,112,-3,-33,17,27,8,120
AIT,Applied Industrial Technologies,244.73,-15,-2,16,60,59,-4,-9,15,59,61,120
SHW,Sherwin-Williams,331.45,-63,-20,-2,192,107,-4,-23,19,21,13,120
RJF,Raymond James Financial,160.12,-84,-1,101,60,76,12,-5,16,21,44,120
DINO,HF Sinclair,50.63,-4,112,9,3,120,-3,-6,19,-10,0,120
ED,Consolidated Edison,101.08,0,3,2,49,54,19,12,-13,47,65,119
FR,First Industrial Realty Trust,54.42,19,42,3,16,80,19,-13,17,16,39,119
VRTX,Vertex Pharmaceuticals,408.6,-6,0,-11,106,89,-2,8,-15,39,30,119
MTZ,MasTec,203.46,-35,27,28,20,40,12,32,19,15,78,118
PAYX,Paychex,126.49,55,-56,-5,169,163,-4,-49,-10,16,-47,116
RVMD,Revolution Medicines,49.69,14,30,3,0,47,12,36,19,1,68,115
HSY,Hershey Company (The),186.7,-5,76,13,0,84,9,30,13,-21,31,115
ADP,Automatic Data Processing,280.36,-41,-33,0,182,108,-4,-46,-3,59,6,114
LNG,Cheniere Energy,220.07,-38,-6,69,60,85,-6,-22,-1,58,29,114
BWA,BorgWarner,42.81,0,3,17,4,24,12,76,19,-18,89,113
TRMB,Trimble Inc.,77.88,-3,-6,88,6,85,12,-16,17,14,27,112
EVR,Evercore,310.95,0,0,16,60,76,-1,-8,17,28,36,112
GGG,Graco Inc.,81.55,-56,-20,0,180,104,12,-22,19,-2,7,111
FICO,Fair Isaac,1618.93,-48,11,-2,168,129,-48,34,-37,33,-18,111
GTES,Gates Corporation,25.9,9,2,26,17,54,10,7,19,20,56,110
RPRX,Royalty Pharma,36.35,10,3,41,0,54,13,6,35,2,56,110
MTG,MGIC Investment Corporation,26.57,-7,-1,28,57,77,-5,-11,19,30,33,110
WSM,"Williams-Sonoma, Inc.",187.29,0,0,17,67,84,-1,-7,11,23,26,110
GWW,W. W. Grainger,955.01,2,-17,-12,96,69,12,-20,-10,59,41,110
TOL,Toll Brothers,134.39,0,0,1,63,64,18,-14,13,28,45,109
STT,State Street Corporation,112.16,-5,4,26,18,43,17,14,18,16,65,108
KIM,Kimco Realty,21.62,14,-1,3,57,73,18,-16,17,16,35,108
POST,Post Holdings,103.5,-14,-2,-7,89,66,-6,5,-17,59,41,107
VICI,Vici Properties,30.74,-54,-9,67,17,21,16,-21,32,59,86,107
WBD,Warner Bros. Discovery,18.3,0,26,21,0,47,14,26,17,2,59,106
CLF,Cleveland-Cliffs,13.56,0,75,0,-18,57,12,35,12,-10,49,106
ESI,Element Solutions,25.38,0,4,3,59,66,16,10,16,-3,39,105
A,Agilent Technologies,141.07,8,36,3,1,48,12,42,10,-7,57,105
KKR,KKR & Co. Inc.,117.5,-7,-16,-2,105,80,-4,-9,15,23,25,105
LPLA,LPL Financial,333.6,14,-35,1,101,81,12,-46,-2,59,23,104
HLT,Hilton Worldwide,257.47,-4,-2,25,66,85,-5,-21,17,28,19,104
HLI,Houlihan Lokey,188.54,-3,-1,26,46,68,-4,-7,19,28,36,104
BYD,Boyd Gaming,82.1,-56,-1,57,61,61,-4,-2,19,29,42,103
RNR,RenaissanceRe,251.83,-11,21,0,37,47,-7,16,17,30,56,103
EMR,Emerson Electric,128.91,-34,-8,25,66,49,12,-5,19,28,54,103
OMF,OneMain Financial,53.26,-5,-10,26,62,73,-3,-14,19,28,30,103
WWD,"Woodward, Inc.",246.89,-13,0,28,37,52,-4,7,19,28,50,102
CMG,Chipotle Mexican Grill,41.77,21,0,-15,82,88,20,9,-13,-2,14,102
SMCI,Supermicro,53.82,-3,12,0,60,69,7,23,14,-11,33,102
KNSL,Kinsale Capital Group,438.54,-7,-1,-1,35,26,-14,7,-4,87,76,102
CRWD,CrowdStrike,482.24,-13,21,54,0,62,-24,22,19,22,39,101
FTNT,Fortinet,83.15,-34,0,-2,115,79,-7,25,-11,15,22,101
INFA,Informatica,24.84,-7,101,1,0,95,-13,10,17,-9,5,100
KRMN,Karman Holdings,76.86,9,47,0,0,56,-5,38,11,0,44,100
WTM,White Mountains Insurance Group,1845.01,0,10,2,61,73,-5,3,-29,58,27,100
MAR,Marriott International,258.97,-7,-1,3,60,55,-4,3,16,29,44,99
BBY,Best Buy,78.54,26,4,1,1,32,20,44,7,-4,67,99
RRC,Range Resources,35.68,-35,0,4,44,13,8,28,-7,57,86,99
ROP,Roper Technologies,500.06,-11,-54,-11,184,108,-32,4,-10,28,-10,98
VKTX,Viking Therapeutics,34.71,88,6,-49,23,68,12,12,14,-8,30,98
BR,Broadridge Financial Solutions,226.24,-15,-24,0,147,108,-5,-32,-1,27,-11,97
CPRT,Copart,44.05,-7,-23,-22,178,126,-5,-22,-32,30,-29,97
COHR,Coherent Corp.,115.96,-3,21,7,17,42,2,20,16,17,55,97
NEU,NewMarket,782.87,-39,0,28,31,20,6,10,31,29,76,96
MET,Metlife,77.82,-13,0,4,60,51,-5,13,17,20,45,96
BURL,Burlington Stores,274.37,28,0,10,5,43,20,2,12,19,53,96
DLR,Digital Realty,173.98,9,4,6,24,43,14,-1,19,21,53,96
PFG,Principal Financial Group,78.4,-34,-1,6,57,28,-3,34,16,20,67,95
INTC,Intel,36.83,-3,46,4,0,47,8,45,9,-14,48,95
PM,Philip Morris International,155.96,-2,-24,79,57,110,-11,-30,-3,29,-15,95
VRSN,Verisign,259.63,-7,-12,45,11,37,-2,-10,61,9,58,95
FHN,First Horizon Corporation,19.93,-14,-2,61,6,51,-25,39,17,12,43,94
SF,Stifel,108.44,-4,-1,17,61,73,-3,-14,16,22,21,94
MSA,MSA Safety,165.04,-41,-6,3,166,122,-52,12,19,-7,-28,94
PG,Procter & Gamble,149.63,-52,-19,-15,181,95,7,-13,-23,28,-1,94
LECO,Lincoln Electric,238.42,10,0,16,67,93,17,-24,17,-9,1,94
DD,DuPont,78.11,2,4,3,21,30,14,39,16,-5,64,94
OHI,Omega Healthcare Investors,40.34,0,0,15,42,57,9,-19,14,33,37,94
EQT,EQT Corporation,53.23,-37,0,50,44,57,12,14,-2,12,36,93
LPX,Louisiana-Pacific,90.2,-3,-22,-6,65,34,17,4,9,28,58,92
PH,Parker Hannifin,726.17,-42,-1,26,67,50,-3,-6,19,32,42,92
SNOW,Snowflake Inc.,240.14,-5,35,24,0,54,7,9,19,3,38,92
PRI,Primerica,258.37,-54,-1,0,110,55,-5,-7,17,32,37,92
LAMR,Lamar Advertising,118.03,-5,-1,10,66,70,-3,-15,17,23,22,92
STWD,Starwood Property Trust,18.33,-6,-10,27,60,71,-4,-17,19,23,21,92
AWK,American Water Works,143.21,21,1,35,1,58,12,8,3,10,33,91
DELL,Dell Technologies,151.31,-3,14,5,34,50,8,19,19,-6,40,90
APO,Apollo Global Management,120.84,-3,-17,-4,99,75,-2,-9,-2,28,15,90
BRX,Brixmor Property Group,26.82,-5,0,9,57,61,-5,-14,19,28,28,89
RGA,Reinsurance Group of America,187.94,-13,0,0,42,29,-8,10,3,55,60,89
ES,Eversource Energy,71.35,-12,20,24,2,34,7,24,19,4,54,88
HHH,Howard Hughes Holdings,79.7,-5,50,7,0,52,14,-3,8,16,35,87
NNN,NNN Reit,42.28,0,0,9,24,33,19,-1,19,16,53,86
ZS,Zscaler,299.13,-6,15,26,7,42,-19,23,19,20,43,85
UNM,Unum,73.7,-42,0,7,42,7,-5,30,-3,56,78,85
LSCC,Lattice Semiconductor,70.21,-13,52,10,0,49,-3,45,11,-17,36,85
JLL,Jones Lang LaSalle,298.13,19,2,13,16,50,19,-13,13,16,35,85
INGM,Ingram Micro,21.7,0,27,0,0,27,12,30,16,0,58,85
MAS,Masco,68.03,0,-6,-6,67,55,16,-20,10,23,29,84
CHRW,C.H. Robinson,125.96,-43,78,12,4,51,12,-4,15,10,33,84
ECL,Ecolab,270.63,-12,0,25,24,37,-4,10,19,21,46,83
F,Ford Motor Company,11.74,0,4,11,0,15,12,44,19,-7,68,83
HON,Honeywell,203.14,-13,-45,0,180,122,-4,-57,-2,24,-39,83
EXP,Eagle Materials,238.5,18,3,-24,59,56,12,7,9,-2,26,82
SEIC,SEI Investments Company,80.5,-42,-30,101,37,66,-4,-27,19,28,16,82
ELF,e.l.f. Beauty,135.82,-3,36,1,33,67,8,-3,17,-7,15,82
EGP,EastGroup Properties,175.95,14,15,3,10,42,15,13,19,-7,40,82
NVR,"NVR, Inc.",7603.58,-1,-6,-2,67,58,-2,-17,12,31,24,82
SHC,Sotera Health,16.32,14,49,10,0,73,19,-13,11,-8,9,82
QGEN,Qiagen,48.13,10,0,21,1,32,19,5,19,7,50,82
AVT,Avnet,52.42,14,2,10,47,73,17,-24,19,-4,8,81
CORT,Corcept Therapeutics,79.51,-35,22,0,21,8,9,20,3,40,72,80
VLO,Valero Energy,156.37,-15,39,9,46,79,-5,-5,18,-7,1,80
NDSN,Nordson,232.14,0,40,3,3,46,12,11,19,-9,33,79
META,Meta Platforms,712.06,-4,-13,26,31,40,8,-11,17,25,39,79
IDXX,Idexx Laboratories,637.28,19,0,23,6,48,20,1,19,-10,30,78
ROK,Rockwell Automation,348.02,10,4,24,17,55,19,-2,19,-13,23,78
QSR,Restaurant Brands International,67.39,0,11,3,42,56,18,16,-2,-10,22,78
ENTG,Entegris,90.53,0,26,0,-8,18,20,38,8,-7,59,77
LOAR,Loar Holdings,80.71,26,7,1,0,34,18,37,-12,0,43,77
XOM,ExxonMobil,110.65,-36,0,6,46,16,-5,-5,18,52,60,76
GNRC,Generac,192.65,47,2,12,-36,25,20,2,16,12,50,75
HALO,Halozyme,66.86,0,0,16,21,37,21,-9,10,16,38,75
FDX,FedEx,236.87,0,4,-2,34,36,14,20,11,-6,39,75
SAIL,SailPoint,22.01,-3,25,0,0,22,12,30,11,0,53,75
BPOP,"Popular, Inc.",113.35,-42,-1,26,61,44,-5,-5,19,21,30,74
EXR,Extra Space Storage,151.96,28,4,1,1,34,20,4,1,15,40,74
LLYVK,Liberty Live (Series C),89.27,0,0,39,0,39,29,-15,19,2,35,74
DRI,Darden Restaurants,187.46,0,-21,1,63,43,19,-16,-5,32,30,73
DOV,Dover Corporation,166.17,7,-35,-12,108,68,12,-26,-2,21,5,73
TNL,Travel + Leisure Co.,59.98,0,0,18,18,36,18,-14,16,16,36,72
GL,Globe Life,133.6,-7,0,54,16,63,-5,-9,13,10,9,72
SNPS,Synopsys,440.56,-35,-27,-6,182,114,-34,2,-3,-7,-42,72
MUSA,Murphy USA,379.17,0,-2,-22,70,46,-4,-13,-38,81,26,72
FAST,Fastenal,41.97,-61,-4,58,108,101,-51,-25,22,25,-29,72
GM,General Motors,57.34,0,3,16,13,32,12,-5,16,15,38,70
CSX,CSX Corporation,35.96,9,14,5,6,34,12,13,19,-8,36,70
CVX,Chevron Corporation,151.72,0,0,16,50,66,-3,-12,10,8,3,69
OZK,Bank OZK,47.02,-34,-1,26,58,49,-5,-13,17,21,20,69
SYF,Synchrony Financial,70.26,1,-1,26,23,49,-4,-13,17,20,20,69
LYFT,Lyft,19.88,0,44,10,-3,51,-2,-2,19,2,17,68
FCX,Freeport-McMoRan,41.72,0,-5,2,60,57,-5,4,19,-8,10,67
PEGA,Pegasystems,54.58,-11,0,28,7,24,14,-5,17,17,43,67
CPNG,Coupang,31.48,-34,29,26,0,21,11,-3,19,19,46,67
WTFC,Wintrust Financial,120.35,-15,-2,18,51,52,-7,-16,17,21,15,67
APTV,Aptiv,83.5,0,47,10,-26,31,12,43,19,-38,36,67
AOS,A. O. Smith,69.36,0,-5,0,60,55,12,-13,19,-7,11,66
TPL,Texas Pacific Land Corporation,937.81,1,0,-18,60,43,12,10,-14,15,23,66
APG,APi Group,34.42,-9,-2,27,0,16,-4,7,19,28,50,66
WTRG,Essential Utilities,41.35,10,10,15,1,36,7,12,3,7,29,65
WST,West Pharmaceutical Services,267.19,0,30,0,-9,21,13,31,10,-10,44,65
TEM,Tempus AI,91.05,-6,47,0,0,41,4,8,12,0,24,65
WAT,Waters Corporation,334.93,85,7,-14,1,79,-7,6,-29,16,-14,65
IPGP,IPG Photonics,86.42,7,109,10,-46,80,9,7,15,-46,-15,65
PODD,Insulet,316.32,0,0,54,6,60,-8,-19,23,8,4,64
NLY,Annaly Capital Management,20.51,-3,0,27,12,36,9,-17,17,18,27,63
UBER,Uber,92.51,-39,29,27,1,18,-5,-3,25,28,45,63
ADC,Agree Realty,74.55,35,4,2,18,59,40,-37,-14,15,4,63
RS,"Reliance, Inc.",269.21,-46,-54,-5,117,12,-5,-19,-4,79,51,63
ADT,ADT Inc.,8.53,-3,0,40,0,37,-3,-15,34,10,26,63
CNA,CNA Financial,45.12,-11,-2,0,59,46,-7,-1,3,22,17,63
RITM,Rithm Capital,10.69,-4,-16,26,34,40,-3,-21,19,28,23,63
TXT,Textron,81.65,-37,0,3,55,21,-4,34,19,-7,42,63
VNO,Vornado Realty Trust,39.52,0,4,7,6,17,17,-6,17,17,45,62
CB,Chubb Limited,268.27,-14,-1,-1,60,44,-39,12,-13,58,18,62
NU,Nubank,14.73,-37,41,10,0,14,12,-4,19,21,48,62
IQV,IQVIA,205.78,10,13,3,0,26,25,7,11,-8,35,61
JHG,Janus Henderson,42.19,-7,0,15,21,29,-3,-1,16,20,32,61
WTW,Willis Towers Watson,327.79,-42,0,17,26,1,-6,26,9,31,60,61
ONTO,Onto Innovation,135.69,1,39,-35,0,5,14,42,4,-6,54,59
LLYVA,Liberty Live (Series A),86.64,0,-1,39,0,38,14,-14,19,2,21,59
ALLY,Ally Financial,38.46,-2,-1,11,6,14,20,-11,17,18,44,58
LEN-B,Lennar (Class B),114.82,0,-7,-2,64,55,15,-20,10,-3,2,57
AA,Alcoa,37.14,8,39,2,-22,27,9,44,11,-34,30,57
NTRS,Northern Trust,124.58,-7,-1,25,13,30,-3,-4,19,15,27,57
HAYW,Hayward Holdings,15.24,0,0,3,0,3,16,2,17,18,53,56
AFG,American Financial Group,131.3,-42,0,10,58,26,-50,51,13,16,30,56
ESAB,ESAB,121.76,19,0,1,0,20,12,7,-2,19,36,56
NSC,Norfolk Southern,288.49,-43,24,20,6,7,-4,18,19,16,49,56
SFM,Sprouts Farmers Market,111.57,28,-58,-4,48,14,46,-56,-8,59,41,55
GXO,GXO Logistics,54.62,7,4,10,0,21,16,10,18,-10,34,55
OLED,Universal Display Corporation,150.27,6,1,0,0,7,20,15,19,-7,47,54
OSK,Oshkosh Corporation,136.03,14,0,20,6,40,18,-25,17,4,14,54
ABT,Abbott Laboratories,127.63,-14,0,65,15,66,-31,-2,5,16,-12,54
CCL,Carnival Corporation & plc,28.21,-3,-4,26,0,19,12,-15,17,21,35,54
PCOR,Procore,70.61,-6,24,0,0,18,10,-5,9,21,35,53
WSO,Watsco,369.37,-45,-54,-12,198,87,5,-1,-37,-1,-34,53
QCOM,Qualcomm,164.09,2,4,0,24,30,18,-5,17,-7,23,53
JAZZ,Jazz Pharmaceuticals,134.21,-6,50,3,-8,39,8,42,4,-41,13,52
BG,Bunge Global,95.35,14,2,1,1,18,12,10,19,-7,34,52
GLPI,Gaming and Leisure Properties,44.59,-58,-8,0,67,1,10,-16,-2,59,51,52
DNB,Dun & Bradstreet,9.15,29,52,-28,0,53,46,-13,2,-37,-2,51
LEN,Lennar (Class A),122.87,0,-6,-6,66,54,12,-20,10,-5,-3,51
AMP,Ameriprise Financial,467.8,-17,-34,-1,66,14,-5,-30,-1,73,37,51
EXE,Expand Energy,98.61,-40,0,50,0,10,9,28,-8,12,41,51
CFG,Citizens Financial Group,48.38,-45,0,17,6,-22,-4,45,16,16,73,51
SYY,Sysco,78.81,0,0,16,5,21,-2,-1,16,16,29,50
MPW,Medical Properties Trust,5.26,0,30,6,-38,-2,14,36,1,1,52,50
BAM,Brookfield Asset Management,54.12,-34,-5,74,0,35,-5,-9,19,10,15,50
USB,U.S. Bancorp,45.62,-5,-1,9,6,9,18,-11,16,17,40,49
PATH,UiPath,15.94,0,19,2,0,21,7,29,3,-12,27,48
UAL,United Airlines Holdings,98.19,-6,0,10,13,17,16,-16,13,18,31,48
PEP,PepsiCo,152.7,41,5,0,0,46,33,-24,8,-15,2,48
SARO,StandardAero,27.89,26,0,0,0,26,20,4,-2,0,22,48
ALB,Albemarle Corporation,95.3,28,26,1,-25,30,14,17,13,-27,17,47
K,Kellanova,82.9,2,14,3,23,42,-2,8,-16,15,5,47
NBIX,Neurocrine Biosciences,137.46,-3,0,9,27,33,12,-8,16,-6,14,47
RMD,Resmed,270.09,-33,-3,26,15,5,2,7,18,15,42,47
VIK,Viking Holdings,60.17,21,0,0,0,21,21,-14,19,0,26,47
EG,Everest Group,340.89,-14,0,-2,57,41,-5,14,3,-7,5,46
CUBE,CubeSmart,41.88,21,3,0,3,27,20,2,1,-4,19,46
MTD,Mettler Toledo,1359.84,7,12,3,0,22,12,5,13,-7,23,45
ADM,Archer Daniels Midland,63.01,13,10,11,0,34,11,3,19,-22,11,45
HAS,Hasbro,74.4,2,-6,23,5,24,12,-24,19,13,20,44
MPC,Marathon Petroleum,181.13,-56,36,8,51,39,-3,-1,19,-10,5,44
BRK-B,Berkshire Hathaway,488.74,-41,0,0,64,23,-3,10,-14,28,21,44
BOKF,BOK Financial Corporation,104.7,-14,-1,9,24,18,-5,2,13,16,26,44
NYT,New York Times Company,55.65,1,-12,11,18,18,9,-26,19,23,25,43
CCI,Crown Castle,98.07,45,0,1,-30,16,14,10,-4,7,27,43
WMS,Advanced Drainage Systems,140.39,17,3,1,5,26,12,-9,19,-5,17,43
FIVE,Five Below,151.96,8,4,9,0,21,20,-1,20,-17,22,43
PSX,Phillips 66,128.33,-4,0,4,43,43,-5,-6,18,-7,0,43
DE,Deere & Company,457.17,2,-40,1,111,74,12,-53,-2,12,-31,43
FLUT,Flutter Entertainment,249.96,13,-14,1,23,23,-2,-25,17,29,19,42
LFUS,Littelfuse,267.2,17,3,12,4,36,12,-13,17,-10,6,42
DHR,Danaher Corporation,210.92,0,12,0,0,12,17,7,12,-6,30,42
FNB,FNB Corporation,14.66,-42,-1,10,57,24,-5,-17,18,21,17,41
NCLH,Norwegian Cruise Line Holdings,22.84,-5,-1,9,0,3,17,-14,12,22,37,40
DDOG,Datadog,151.14,-3,15,8,0,20,-24,27,16,1,20,40
DUOL,Duolingo,330.99,0,0,0,0,0,12,13,-10,25,40,40
LUV,Southwest Airlines,33.29,20,3,10,-41,-8,18,6,17,6,47,39
CNM,Core & Main,51.99,6,-28,1,0,-21,12,2,19,26,59,38
FOXA,Fox Corporation (Class A),56.99,-65,-2,77,3,13,-5,-4,17,16,24,37
MCHP,Microchip Technology,65.36,7,0,1,0,8,20,-1,19,-9,29,37
RRX,Regal Rexnord,143.74,1,-8,1,5,-1,14,9,16,-3,36,35
Z,Zillow (Class C),74.01,7,-13,1,0,-5,18,-13,13,22,40,35
FTI,TechnipFMC,35.7,-77,-2,26,29,-24,8,-7,19,39,59,35
REYN,Reynolds Consumer Products,23.5,-5,51,-37,0,9,10,14,6,-5,25,34
LAZ,Lazard,48.63,-7,-8,11,22,18,-1,-14,16,15,16,34
MDB,MongoDB Inc.,314.43,-6,44,7,-11,34,9,-9,11,-11,0,34
PKG,Packaging Corporation of America,205.36,-63,0,4,63,4,-3,-8,12,28,29,33
TMO,Thermo Fisher Scientific,536.38,6,13,3,0,22,7,5,4,-5,11,33
QS,QuantumScape,15.46,-3,22,15,0,34,-3,22,17,-38,-2,32
VNT,Vontier,41.4,7,0,14,0,21,12,-11,17,-7,11,32
WFRD,Weatherford International,63.06,-61,81,0,0,20,12,-3,9,-7,11,31
AIG,American International Group,77.04,-11,-1,-1,55,42,-35,10,-9,23,-11,31
SUI,Sun Communities,123.68,0,0,12,-26,-14,14,-1,19,13,45,31
WDAY,"Workday, Inc.",227.6,-14,22,-19,16,5,12,30,-13,-4,25,30
VTRS,Viatris,10.09,2,1,1,0,4,14,4,11,-3,26,30
COIN,Coinbase,330.16,-21,0,18,0,-3,-26,21,18,20,33,30
ROKU,"Roku, Inc.",95.33,-44,4,19,-21,-42,12,39,14,6,71,29
ZG,Zillow (Class A),70.62,0,-13,1,0,-12,18,-13,12,22,39,27
FOX,Fox Corporation (Class B),51.27,-65,-5,76,3,9,-5,-4,16,11,18,27
THO,Thor Industries,104.54,8,0,10,4,22,18,-20,15,-8,5,27
BROS,Dutch Bros. Coffee,54.54,28,-24,-4,0,0,40,-24,-3,13,26,26
GAP,Gap Inc.,20.64,0,-7,0,20,13,18,-14,-12,21,13,26
OTIS,Otis Worldwide,90.66,0,0,-13,0,-13,12,22,-23,28,39,26
HST,Host Hotels & Resorts,16.18,0,-1,7,4,10,19,-12,17,-8,16,26
BKR,Baker Hughes,44.64,-56,0,13,37,-6,-5,-5,13,28,31,25
SEB,Seaboard Corporation,3427.1,0,0,14,-1,13,12,-20,17,2,11,24
RAL,Ralliant,43.03,0,-3,0,0,-3,12,14,0,0,26,23
HOLX,Hologic,68.48,1,2,0,0,3,7,10,12,-9,20,23
EWBC,East West Bancorp,94.31,-42,-2,18,24,-2,-7,-7,18,21,25,23
PCG,PG&E Corporation,16.51,20,15,-39,3,-1,16,9,2,-3,24,23
DKNG,DraftKings,35.2,11,-13,-3,0,-5,15,-21,11,22,27,22
SSNC,SS&C Technologies,79.52,-64,-6,99,16,45,-48,-9,16,17,-24,21
DOC,Healthpeak Properties,18.45,0,31,-2,-33,-4,12,-1,3,11,25,21
SEE,Sealed Air,34.15,-34,40,5,-26,-15,10,43,17,-34,36,21
FRT,Federal Realty Investment Trust,98.06,2,2,1,3,8,18,-13,10,-3,12,20
JBHT,J. B. Hunt,169.7,7,1,1,0,9,8,6,9,-12,11,20
GEHC,GE HealthCare,73.38,0,-5,-2,0,-7,14,-5,8,10,27,20
TFSL,Third Federal S&L,12.68,-12,-1,12,7,6,-5,-21,19,21,14,20
LW,Lamb Weston,64.94,2,15,0,-10,7,9,7,12,-16,12,19
GEV,GE Vernova,602.0,-7,0,5,0,-2,-5,6,20,0,21,19
LAD,Lithia Motors,305.8,0,-9,-4,16,3,-4,-14,10,23,15,18
TRGP,Targa Resources,146.24,-42,-6,-2,53,3,-33,-6,-2,56,15,18
GPC,Genuine Parts Company,133.78,0,0,10,0,10,17,-10,19,-19,7,17
AES,AES Corporation,14.81,2,12,0,-13,1,14,13,15,-26,16,17
RKT,Rocket Companies,16.54,0,-2,13,0,11,-4,-11,18,3,6,17
LNC,Lincoln Financial,38.04,-15,0,27,3,15,-4,-21,17,10,2,17
ON,ON Semiconductor,53.0,10,0,0,-3,7,20,-8,15,-17,10,17
BIIB,Biogen,142.27,-35,46,0,-29,-18,-4,53,6,-20,35,17
GLIBA,GCI Liberty (Series A),36.17,-5,0,0,0,-5,12,9,0,0,21,16
AMZN,Amazon,214.47,-22,-5,26,23,22,-26,-18,16,22,-6,16
CRL,Charles River Laboratories,175.0,7,12,1,-28,-8,11,7,15,-10,23,15
ICE,Intercontinental Exchange,153.33,-84,-34,0,163,45,-12,-40,-1,23,-30,15
GLIBK,GCI Liberty (Series C),36.1,-7,0,0,0,-7,12,10,0,0,22,15
CG,Carlyle Group (The),56.99,-47,-1,17,23,-8,-3,-11,16,20,22,14
CR,Crane Co.,181.31,9,-25,25,0,9,16,-37,19,7,5,14
MHK,Mohawk Industries,126.98,16,0,0,-13,3,19,-16,11,-3,11,14
MRP,Millrose Properties,32.3,1,0,0,0,1,15,-14,12,0,13,14
TPG,TPG Inc.,54.89,-15,-5,11,0,-9,-3,-9,13,21,22,13
PK,Park Hotels & Resorts,10.88,1,-1,0,0,0,20,-12,12,-7,13,13
BLDR,Builders FirstSource,122.93,-7,-5,-37,67,18,12,-21,9,-5,-5,13
INGR,Ingredion,120.46,-3,-54,-7,36,-28,11,-24,-5,58,40,12
LBTYA,Liberty Global (Series A),10.8,-1,-1,-2,0,-4,20,-14,10,-1,15,11
TECH,Bio-Techne,61.61,7,13,0,-26,-6,14,7,4,-8,17,11
CHWY,Chewy,38.11,-15,-4,50,0,31,-19,2,-10,7,-20,11
VZ,Verizon,40.37,0,-9,0,12,3,12,-30,9,16,7,10
U,Unity Technologies,34.72,-11,0,15,0,4,-5,-10,19,2,6,10
IP,International Paper,46.65,21,-33,0,18,6,14,-25,-3,18,4,10
SMMT,Summit Therapeutics,21.99,-5,-29,4,16,-14,1,7,-6,21,23,9
XP,XP Inc.,16.4,0,-9,1,0,-8,12,-10,25,-10,17,9
PINS,Pinterest,32.61,21,-19,0,-2,0,20,-19,15,-7,9,9
SPR,Spirit AeroSystems,38.19,-37,-6,27,0,-16,-7,-23,39,16,25,9
FCNCA,First Citizens BancShares,1637.02,-9,-30,-5,61,17,-7,-23,-2,23,-9,8
VVV,Valvoline,34.58,0,-16,-4,33,13,-2,-13,16,-6,-5,8
FNF,Fidelity National Financial,55.08,-63,-1,-2,60,-6,-5,-9,4,23,13,7
RGEN,Repligen,154.55,10,15,3,-19,9,16,18,3,-39,-2,7
HIW,Highwoods Properties,29.71,-44,-1,9,8,-28,2,-1,19,15,35,7
CFLT,"Confluent, Inc.",22.55,0,7,-12,0,-5,7,30,-27,2,12,7
BIO,Bio-Rad Laboratories,313.36,25,13,1,-30,9,20,7,10,-39,-2,7
BC,Brunswick Corporation,62.54,0,0,0,-9,-9,18,-5,13,-11,15,6
KNX,Knight-Swift,47.05,7,1,0,0,8,11,6,-4,-15,-2,6
PSN,Parsons Corporation,83.17,-12,22,0,1,11,-33,19,12,-3,-5,6
ALSN,Allison Transmission,81.73,0,-20,-14,37,3,12,-16,-30,36,2,5
CRM,Salesforce,246.0,7,0,-22,24,9,2,1,-30,23,-4,5
TKR,Timken Company,74.07,1,-6,1,0,-4,16,-16,16,-7,9,5
WBS,Webster Bank,54.12,-43,-1,17,16,-11,-5,-15,17,19,16,5
LBTYK,Liberty Global (Series C),10.95,0,-1,-2,-1,-4,16,-14,8,-2,8,4
FHB,"First Hawaiian, Inc.",22.78,-15,-7,-1,16,-7,-7,-14,16,16,11,4
GNTX,Gentex,26.19,0,0,0,-1,-1,13,-11,13,-10,5,4
EL,Estée Lauder Companies (The),96.83,19,4,1,-28,-4,21,7,17,-37,8,4
AGO,Assured Guaranty,79.18,-60,-6,-2,58,-10,-7,-1,-2,24,14,4
VOYA,Voya Financial,71.74,-13,-1,10,6,2,-5,-9,17,-3,0,2
SSB,SouthState Corporation,91.43,-37,-1,0,24,-14,-5,-13,13,21,16,2
CI,Cigna,291.0,-14,-1,-2,60,43,-33,7,-12,-3,-41,2
ETSY,Etsy,71.46,0,16,6,-32,-10,12,18,19,-39,10,0
PRU,Prudential Financial,99.83,-7,-13,-22,57,15,-4,-23,13,-1,-15,0
ACGL,Arch Capital Group,86.22,-14,-2,-17,64,31,-37,8,-1,-2,-32,-1
APA,APA Corporation,23.0,-42,50,1,-14,-5,12,-1,14,-21,4,-1
SOLV,Solventum,71.45,-3,-8,0,0,-11,-4,-1,15,0,10,-1
AGCO,AGCO,108.96,6,-7,16,0,15,12,-34,20,-15,-17,-2
CERT,"Certara, Inc.",12.65,0,26,0,0,26,2,20,-16,-34,-28,-2
DHI,D. R. Horton,152.91,-56,-1,0,67,10,-5,-16,13,-4,-12,-2
UNH,UnitedHealth Group,356.38,-6,32,-27,0,-1,-3,44,-40,-3,-2,-3
DG,Dollar General,103.86,28,-20,0,-19,-11,40,-35,31,-28,8,-3
NWSA,News Corp (Class A),25.9,-84,-11,-2,60,-37,-4,-4,19,23,34,-3
KDP,Keurig Dr Pepper,27.73,35,-38,-8,0,-11,15,-32,27,-2,8,-3
MAT,Mattel,18.11,2,-5,1,0,-2,12,4,16,-33,-1,-3
QRVO,Qorvo,91.68,7,1,0,-33,-25,16,-5,17,-7,21,-4
CFR,Frost Bank,120.74,-13,-2,0,6,-9,-5,-19,17,12,5,-4
BXP,"BXP, Inc.",70.38,-54,0,7,0,-47,14,-6,19,15,42,-5
DECK,Deckers Brands,99.07,0,-16,-33,95,46,-5,-16,-29,-1,-51,-5
HBAN,Huntington Bancshares,15.36,-61,-7,18,23,-27,-4,-11,19,18,22,-5
HOG,Harley-Davidson,26.8,0,-1,0,-11,-12,19,-13,14,-13,7,-5
ADSK,Autodesk,299.78,-56,-1,8,16,-33,-5,-8,19,21,27,-6
MIDD,Middleby,134.02,0,-6,-12,0,-18,16,-20,1,15,12,-6
AFRM,Affirm Holdings,69.08,-35,-8,21,0,-22,-5,-16,17,19,15,-7
IPG,Interpublic Group of Companies (The),26.33,-7,3,0,0,-4,12,-3,7,-19,-3,-7
MDLZ,Mondelez International,61.6,0,0,-2,0,-2,15,-6,-4,-11,-6,-8
PVH,PVH Corp.,81.74,1,0,0,0,1,-1,-7,8,-9,-9,-8
BJ,BJ's Wholesale Club,92.99,28,-77,-4,12,-41,28,-44,-11,60,33,-8
EIX,Edison International,56.72,20,3,-41,0,-18,19,-15,9,-3,10,-8
RF,Regions Financial Corporation,23.34,-61,-2,16,24,-23,-5,-13,17,16,15,-8
ACI,Albertsons,19.23,21,0,-6,0,15,15,-29,-12,2,-24,-9
JEF,Jefferies Financial Group,48.8,-116,-7,-2,60,-65,-5,-9,10,59,55,-10
TRU,TransUnion,78.33,0,-20,-4,0,-24,12,-13,-2,16,13,-11
SWKS,Skyworks Solutions,74.5,2,2,0,-32,-28,16,-8,16,-7,17,-11
WING,Wingstop,246.45,0,-31,-6,40,3,-2,-44,-2,33,-15,-12
IR,Ingersoll Rand,75.82,-52,-6,-2,25,-35,-3,29,-1,-2,23,-12
SW,Smurfit Westrock,41.32,-5,-25,-6,18,-18,-3,-19,9,19,6,-12
XYZ,"Block, Inc.",74.55,-5,0,3,-38,-40,10,6,13,-1,28,-12
EFX,Equifax,227.25,-42,-11,-13,18,-48,7,-11,19,20,35,-13
UGI,UGI Corporation,32.16,0,-37,51,6,20,12,-50,-2,7,-33,-13
DIS,Walt Disney Company (The),109.89,-11,-25,24,-2,-14,-3,-21,19,5,0,-14
CAI,Caris Life Sciences,31.95,7,-7,0,0,0,9,-23,0,0,-14,-14
ZBRA,Zebra Technologies,294.01,1,-19,0,-9,-27,12,-12,13,-1,12,-15
NVST,Envista,19.72,0,-5,13,0,8,12,-16,15,-34,-23,-15
REXR,Rexford Industrial,43.1,14,4,1,-20,-1,17,-12,15,-34,-14,-15
ARW,Arrow Electronics,118.0,0,-22,10,0,-12,10,-22,19,-10,-3,-15
FANG,Diamondback Energy,139.48,-39,-5,-38,49,-33,-4,15,13,-7,17,-16
RBRK,Rubrik,78.59,-20,-27,1,0,-46,-25,1,53,0,29,-17
ZM,Zoom Communications,79.83,-35,0,9,-2,-28,7,-11,9,6,11,-17
SNV,Synovus,44.12,-15,-19,-1,23,-12,-5,-14,-2,16,-5,-17
TTEK,Tetra Tech,32.81,-12,-20,-38,121,51,-34,-46,15,-3,-68,-17
RDDT,Reddit,199.04,-19,-1,6,0,-14,-3,-12,11,0,-4,-18
TOST,"Toast, Inc.",37.42,20,-33,1,0,-12,20,-43,-2,19,-6,-18
COLB,Columbia Banking System,24.09,-7,-1,3,0,-5,-5,-21,14,-1,-13,-18
AMH,American Homes 4 Rent,32.63,3,-56,-17,70,0,-5,-25,-5,17,-18,-18
HPQ,HP Inc.,27.22,27,0,-34,0,-7,-1,-15,8,-3,-11,-18
EQH,Equitable Holdings,47.21,-44,-13,0,13,-44,-5,-9,19,21,26,-18
HLNE,Hamilton Lane,117.63,-4,-17,-7,27,-1,-5,-32,-4,23,-18,-19
MANH,Manhattan Associates,192.84,-23,-18,-38,67,-12,-6,-12,12,-2,-8,-20
LINE,"Lineage, Inc.",41.04,1,0,0,0,1,12,7,-40,0,-21,-20
RIVN,Rivian,12.93,-3,-1,0,0,-4,12,-6,1,-23,-16,-20
CAR,Avis Budget Group,151.13,0,-15,18,-22,-19,23,-7,22,-39,-1,-20
CCK,Crown Holdings,92.32,0,-42,26,7,-9,9,-33,-1,14,-11,-20
TWLO,Twilio,106.19,-3,-3,0,-36,-42,7,4,-2,13,22,-20
TROW,T. Rowe Price,103.16,-7,-1,3,-27,-32,-3,2,15,-2,12,-20
DAY,Dayforce,68.31,-47,43,9,-14,-9,-4,-15,9,-2,-12,-21
WH,Wyndham Hotels & Resorts,77.96,0,-22,-12,13,-21,12,-27,-2,17,0,-21
KEYS,Keysight,162.34,-57,0,7,0,-50,10,-5,17,7,29,-21
APLS,Apellis Pharmaceuticals,24.15,-3,0,-1,-18,-22,6,4,10,-20,0,-22
GMED,Globus Medical,58.56,0,0,-24,-2,-26,12,7,-29,14,4,-22
NWS,News Corp (Class B),29.47,-84,-12,0,60,-36,-3,-4,-2,23,14,-22
SN,SharkNinja,93.88,0,-13,1,0,-12,12,-41,16,3,-10,-22
NSA,National Storage Affiliates,32.34,29,3,-24,-6,2,21,2,-45,-3,-25,-23
ALGM,Allegro MicroSystems,29.33,14,-20,20,0,14,20,-56,17,-18,-37,-23
EQR,Equity Residential,61.49,-7,-11,-5,15,-8,-4,-15,-12,15,-16,-24
CGNX,Cognex Corporation,46.32,8,4,10,-33,-11,19,-5,15,-42,-13,-24
MASI,Masimo,147.21,-6,0,-8,-8,-22,-3,12,-24,12,-3,-25
KMB,Kimberly-Clark,119.69,-5,-25,-8,20,-18,17,-32,-20,28,-7,-25
OMC,Omnicom Group,77.24,-7,3,-36,3,-37,12,-3,6,-3,12,-25
EOG,EOG Resources,106.63,-15,-20,-7,47,5,-6,-23,-1,-1,-31,-26
ZION,Zions Bancorporation,46.97,-44,-2,-1,6,-41,-7,-11,16,17,15,-26
TFC,Truist Financial,41.07,-54,-5,10,6,-43,-7,-8,16,16,17,-26
ST,Sensata Technologies,31.82,14,0,1,-17,-2,17,-21,17,-37,-24,-26
HXL,Hexcel,61.22,-34,0,3,0,-31,-4,7,13,-11,5,-26
CACC,Credit Acceptance,474.96,-7,-2,-4,0,-13,-5,4,-7,-7,-15,-28
SFD,Smithfield Foods,21.71,0,-21,0,0,-21,10,-30,13,0,-7,-28
KEY,Keycorp,16.78,-61,-2,17,6,-40,-7,-13,17,15,12,-28
LEA,Lear Corporation,100.48,0,-6,0,-19,-25,12,-17,18,-17,-4,-29
BHF,Brighthouse Financial,45.12,-14,-1,-2,0,-17,-5,-5,-12,10,-12,-29
UWMC,United Wholesale Mortgage,5.28,-13,-1,0,0,-14,-5,-11,7,-6,-15,-29
RARE,Ultragenyx,33.98,49,0,-36,-40,-27,41,6,-44,-5,-2,-29
CTVA,Corteva,61.0,-44,-24,62,1,-5,-41,-16,19,13,-25,-30
SAIA,Saia,304.6,-4,0,-35,0,-39,8,5,2,-7,8,-31
PNFP,Pinnacle Financial Partners,84.81,-15,-19,-13,17,-30,-5,-13,-4,20,-2,-32
WYNN,Wynn Resorts,115.91,-70,0,17,5,-48,8,-2,19,-10,15,-33
HAL,Halliburton,21.81,-49,36,-2,-1,-16,-5,-5,4,-11,-17,-33
GTLB,GitLab,48.3,1,1,-30,0,-28,1,-5,1,-3,-6,-34
CART,Maplebear Inc.,38.99,0,-26,-3,0,-29,12,-16,-2,1,-5,-34
VRSK,Verisk Analytics,229.1,-7,-58,-5,116,46,-75,-24,-11,30,-80,-34
REGN,Regeneron Pharmaceuticals,569.43,0,0,-50,0,-50,18,-1,5,-6,16,-34
JHX,James Hardie Industries,21.69,0,-1,-36,-3,-40,12,7,-9,-5,5,-35
BILL,Bill.com,49.66,-48,35,-33,0,-46,8,35,7,-39,11,-35
CTRA,Coterra,22.58,-34,-6,-14,46,-8,-3,-19,-21,15,-28,-36
WAL,Western Alliance Bancorporation,70.33,-52,-6,-1,6,-53,-6,-13,16,20,17,-36
SNDR,Schneider National,23.6,8,-35,-14,0,-41,9,1,-4,-2,4,-37
ZBH,Zimmer Biomet,99.94,14,0,-6,-19,-11,14,-23,3,-20,-26,-37
W,Wayfair,83.24,4,3,13,-43,-23,14,-6,19,-42,-15,-38
AVTR,Avantor,14.56,19,12,-38,-1,-8,21,5,-49,-7,-30,-38
AR,Antero Resources,30.8,-42,-1,-3,12,-34,-4,-3,-9,12,-4,-38
ALK,Alaska Air Group,47.78,-16,-16,-4,0,-36,-5,-16,7,11,-3,-39
NUE,Nucor,132.63,-13,-5,0,0,-18,-5,-22,16,-10,-21,-39
DPZ,Domino's,416.99,0,-52,-5,12,-45,12,-22,-4,20,6,-39
QXO,"QXO, Inc.",18.92,-13,-19,0,-16,-48,12,-17,22,-8,9,-39
IOT,Samsara,36.42,-11,-1,-19,0,-31,-3,-1,-26,22,-8,-39
MSCI,MSCI,533.07,-34,-5,-1,16,-24,-36,-17,16,22,-15,-39
PR,Permian Resources,12.09,-21,-14,-3,28,-10,-33,-13,19,-4,-31,-41
JKHY,Jack Henry & Associates,152.98,51,-55,-12,-2,-18,61,-86,-12,13,-24,-42
CUZ,Cousins Properties,26.5,-58,-7,0,13,-52,9,-14,-1,15,9,-43
AS,Amer Sports,30.62,-42,-20,13,0,-49,12,-26,19,0,5,-44
ELV,Elevance Health,348.18,0,11,-53,0,-42,4,18,-19,-5,-2,-44
MSM,MSC Industrial Direct,85.43,-54,-5,16,60,17,-56,-13,19,-11,-61,-44
CPT,Camden Property Trust,101.86,0,-17,-4,-1,-22,-5,-18,-12,13,-22,-44
BFAM,Bright Horizons,98.86,0,-28,-8,0,-36,14,-34,-5,17,-8,-44
RVTY,Revvity,93.95,14,1,-29,-26,-40,17,12,-34,-1,-6,-46
ALAB,Astera Labs,163.61,-29,0,6,0,-23,-26,-11,14,0,-23,-46
LVS,Las Vegas Sands,49.13,-42,-4,15,0,-31,9,-24,16,-16,-15,-46
MTB,M&T Bank,178.61,-91,-7,10,24,-64,-7,-9,17,16,17,-47
VNOM,Viper Energy,36.22,-56,-6,-18,46,-34,-54,-6,-2,49,-13,-47
DLTR,Dollar Tree,94.03,28,-29,1,-17,-17,-2,-38,34,-24,-30,-47
NXST,Nexstar Media Group,189.34,-34,-2,18,6,-12,-41,-23,16,12,-36,-48
ASH,Ashland Global,48.93,19,-20,-50,-11,-62,40,-24,8,-12,12,-50
SBUX,Starbucks,84.35,7,-32,-10,0,-35,18,-40,-2,9,-15,-50
BA,Boeing,211.88,-37,-6,17,0,-26,-7,-24,19,-13,-25,-51
DOX,Amdocs,82.5,10,-48,0,1,-37,18,-35,-4,7,-14,-51
KEX,Kirby Corporation,84.73,14,-55,-12,37,-16,17,-48,-3,-1,-35,-51
DT,Dynatrace,47.37,-46,-10,-11,0,-67,-3,-1,-2,22,16,-51
GEN,Gen Digital,26.47,-92,-24,24,18,-74,12,-26,19,18,23,-51
VLTO,Veralto,101.89,-53,-6,11,0,-48,-5,-16,18,0,-3,-51
FITB,Fifth Third Bancorp,40.39,-100,-2,9,24,-69,-5,-13,16,18,16,-53
ABNB,Airbnb,122.89,21,-50,-12,0,-41,21,-24,-2,-7,-12,-53
ELS,Equity Lifestyle Properties,62.22,0,13,-30,0,-17,-2,12,-41,-5,-36,-53
AUR,Aurora Innovation,5.24,-5,-16,-10,0,-31,-3,-9,-27,17,-22,-53
OWL,Blue Owl Capital,15.89,-2,-41,-13,0,-56,-2,-17,-2,23,2,-54
VIRT,Virtu Financial,33.1,-2,-34,0,16,-20,-2,-46,-2,16,-34,-54
CPAY,Corpay,277.45,-11,-54,-7,23,-49,-5,-23,-4,27,-5,-54
YETI,Yeti Holdings,33.5,0,-9,-44,-8,-61,19,-14,13,-12,6,-55
SITE,SiteOne Landscape Supply,120.91,0,-17,-5,-11,-33,-3,-21,12,-10,-22,-55
TAP,Molson Coors,47.05,19,-27,-22,-2,-32,33,-29,-23,-5,-24,-56
BSY,Bentley Systems,50.31,-51,-8,18,0,-41,-2,-24,19,-8,-15,-56
OVV,Ovintiv,36.43,-42,-9,-2,0,-53,-5,-6,16,-8,-3,-56
MSTR,MicroStrategy,283.73,-42,-8,-2,21,-31,-54,7,-2,22,-27,-58
DBX,Dropbox,28.37,-92,-1,0,11,-82,13,-9,9,10,23,-59
TYL,Tyler Technologies,496.53,-4,-39,-3,19,-27,-10,-41,-2,20,-33,-60
AMTM,Amentum,22.65,-39,-6,0,0,-45,-47,12,19,0,-16,-61
PEN,"Penumbra, Inc.",253.97,-9,-4,0,0,-13,-19,-19,-15,5,-48,-61
TXN,Texas Instruments,175.49,-67,-32,0,24,-75,5,-28,19,18,14,-61
NTNX,Nutanix,66.75,-67,-3,0,24,-46,-54,-7,19,26,-16,-62
CF,CF Industries,83.01,-39,-2,6,6,-29,-40,-1,-2,10,-33,-62
BEN,Franklin Templeton Investments,22.09,-33,-9,17,0,-25,-5,-27,19,-24,-37,-62
FND,Floor & Decor,70.88,2,-16,-44,-8,-66,17,-13,7,-8,3,-63
APPF,AppFolio,223.28,-88,-12,-1,30,-71,-8,-12,-2,30,8,-63
FLS,Flowserve,50.42,-118,-6,0,29,-95,1,-9,12,27,31,-64
IEX,IDEX Corporation,165.0,1,0,-37,-4,-40,12,7,-37,-8,-26,-66
LII,Lennox International,523.63,-34,-38,-6,40,-38,-2,-51,-4,29,-28,-66
COO,Cooper Companies (The),71.57,7,1,-36,-7,-35,4,10,-41,-5,-32,-67
OLN,Olin Corporation,23.91,0,39,-69,-11,-41,-3,-5,7,-25,-26,-67
SAIC,SAIC,96.88,-3,-31,-7,0,-41,11,-31,-4,-3,-27,-68
NKE,"Nike, Inc.",66.84,-3,-8,0,-23,-34,16,-28,16,-38,-34,-68
CHE,Chemed Corporation,430.91,-1,-12,-20,-1,-34,15,-21,-18,-10,-34,-68
ESS,Essex Property Trust,257.71,-67,-11,-3,16,-65,-5,-3,-12,16,-4,-69
OKE,Oneok,67.22,-57,-54,-22,56,-77,-5,-6,-34,53,8,-69
ACHC,Acadia Healthcare,24.74,-38,25,-57,-13,-83,12,17,2,-18,13,-70
HUBS,HubSpot,432.45,-15,-13,-19,-2,-49,-5,-10,-27,21,-21,-70
TTC,Toro Company (The),74.16,-42,-6,0,-2,-50,12,-20,10,-22,-20,-70
KMPR,Kemper Corporation,47.36,-14,-16,-15,-2,-47,-7,-21,-12,16,-24,-71
ONON,On Holding AG,41.99,-8,-55,-8,0,-71,-5,-13,-5,22,-1,-72
DVN,Devon Energy,32.02,-42,-5,-2,-7,-56,-5,-6,18,-24,-17,-73
FTV,Fortive,48.69,-34,0,-30,0,-64,-3,26,-26,-7,-10,-74
MTCH,Match Group,32.34,0,-9,1,-39,-47,16,-17,14,-40,-27,-74
INVH,Invitation Homes,28.44,2,-60,-17,0,-75,21,-25,-12,16,0,-75
TSN,Tyson Foods,52.15,-7,-9,-10,-30,-56,12,-25,-20,13,-20,-76
CL,Colgate-Palmolive,78.09,0,-71,-15,25,-61,12,-32,-23,28,-15,-76
PYPL,PayPal,66.07,-30,-2,-12,-41,-85,-32,18,12,11,9,-76
AMCR,Amcor,8.15,19,-45,-10,0,-36,27,-54,-10,-4,-41,-77
APD,Air Products,253.17,-49,-18,-4,0,-71,-7,-23,11,12,-7,-78
VFC,VF Corporation,14.17,0,0,-29,-45,-74,-2,-7,6,-1,-4,-78
GFS,GlobalFoundries,34.57,0,0,-91,0,-91,18,15,-3,-19,11,-80
SJM,J.M. Smucker Company (The),103.93,-49,-4,-3,-6,-62,7,-7,7,-25,-18,-80
AMT,American Tower,191.44,8,-52,-6,-2,-52,14,-51,-4,13,-28,-80
AXTA,Axalta,27.75,1,-18,-25,0,-42,20,-20,-38,-2,-40,-82
CTSH,Cognizant,65.47,-13,-56,-12,16,-65,-5,-21,-12,20,-18,-83
PB,Prosperity Bancshares,61.87,-13,-57,-13,16,-67,-5,-23,-4,16,-16,-83
LKQ,LKQ Corporation,29.82,0,-24,-15,-4,-43,18,-17,-23,-19,-41,-84
SRPT,Sarepta Therapeutics,23.35,2,9,-38,-9,-36,7,12,-59,-8,-48,-84
LNW,Light & Wonder,76.39,-64,-14,-12,59,-31,-60,-22,2,27,-53,-84
GPN,Global Payments,83.65,-5,0,-36,-41,-82,-1,4,7,-12,-2,-84
PRMB,Primo Brands,22.21,2,-96,-7,24,-77,16,-24,-19,20,-7,-84
PENN,Penn Entertainment,16.93,-3,-8,-2,-36,-49,19,-17,9,-46,-35,-84
TFX,Teleflex,123.94,0,0,-51,-41,-92,10,7,2,-12,7,-85
BRKR,Bruker,38.22,27,1,-69,-10,-51,38,12,-73,-11,-34,-85
CCCS,CCC Intelligent Solutions,8.77,-7,-19,-37,0,-63,-5,-21,11,-8,-23,-86
MOH,Molina Healthcare,188.6,-30,0,-22,-4,-56,-38,36,-18,-10,-30,-86
NOV,NOV Inc.,12.7,-42,-1,-64,-14,-121,10,32,10,-17,35,-86
HUM,Humana,267.34,-21,0,-1,-14,-36,-36,2,5,-22,-51,-87
COLM,Columbia Sportswear,50.86,0,-16,-30,-8,-54,-3,-20,-25,15,-33,-87
BDX,Becton Dickinson,185.32,-31,0,-37,-7,-75,-5,7,2,-17,-13,-88
DXCM,Dexcom,66.34,-3,-38,-8,-16,-65,12,-21,-3,-11,-23,-88
ESTC,Elastic NV,80.58,-15,-3,-22,-8,-48,-25,-11,1,-6,-41,-89
TW,Tradeweb,106.54,0,-51,-7,2,-56,-3,-47,-8,25,-33,-89
UDR,"UDR, Inc.",35.93,0,-55,-7,-2,-64,-3,-23,-14,15,-25,-89
DAR,Darling Ingredients,31.69,8,-14,-15,-22,-43,12,-27,-2,-32,-49,-92
SLGN,Silgan Holdings,43.51,7,-56,-12,0,-61,15,-56,-6,15,-32,-93
MOS,Mosaic Company (The),29.42,-42,-5,25,-18,-40,-40,-5,24,-32,-53,-93
MRNA,Moderna,27.13,-3,0,-64,-6,-73,9,15,-4,-41,-21,-94
AVB,AvalonBay Communities,184.48,-79,-9,-12,18,-82,-5,-9,-16,17,-13,-95
EW,Edwards Lifesciences,72.64,-49,-12,0,-16,-77,3,-23,39,-37,-18,-95
EXLS,EXL Service,39.66,-65,-12,-1,67,-11,-79,-20,-3,15,-87,-98
UHAL,U-Haul,55.96,0,-57,-24,0,-81,19,-21,-37,22,-17,-98
IRDM,Iridium Communications,18.73,-1,-55,-13,-21,-90,12,2,-4,-21,-11,-101
PLNT,Planet Fitness,92.63,-70,-33,0,15,-88,-3,-25,-2,16,-14,-102
LBRDK,Liberty Broadband (Series C),58.8,-42,-1,-12,-38,-93,-6,-1,-12,10,-9,-102
LBRDA,Liberty Broadband (Series A),58.56,-42,-1,-12,-38,-93,-6,-1,-12,10,-9,-102
WLK,Westlake Corporation,76.04,-34,-5,-49,-2,-90,11,-19,3,-8,-13,-103
RYN,Rayonier,24.79,-40,0,-2,-1,-43,-56,-1,7,-11,-61,-104
TTD,Trade Desk (The),49.9,-23,-49,-36,-3,-111,1,9,-2,-2,6,-105
SLB,Schlumberger,32.94,0,-8,-79,-1,-88,12,-15,-2,-12,-17,-105
SIRI,Sirius XM,21.31,-49,-6,-2,-33,-90,12,-18,9,-19,-16,-106
EMN,Eastman Chemical Company,60.15,0,-19,-30,-3,-52,14,-21,-44,-4,-55,-107
MTDR,Matador Resources,42.96,-35,-14,-38,0,-87,-3,-22,12,-8,-21,-108
RYAN,Ryan Specialty,52.22,-31,-80,-12,0,-123,-6,12,-18,27,15,-108
PPG,PPG Industries,101.0,0,-19,-55,-10,-84,12,-25,-2,-10,-25,-109
TGT,Target Corporation,90.07,14,-35,-40,-13,-74,16,-41,-2,-8,-35,-109
BMY,Bristol Myers Squibb,43.4,-58,-11,-9,-7,-85,-5,-3,-23,7,-24,-109
IAC,IAC Inc.,32.84,-3,-20,-11,-33,-67,16,-12,-6,-40,-42,-109
DOCU,DocuSign,67.12,-35,-13,-3,-14,-65,-34,-12,-11,13,-44,-109
FIS,Fidelity National Information Services,65.82,-13,-52,-11,-39,-115,-7,6,-6,13,6,-109
KD,Kyndryl,27.51,-44,-52,-5,0,-101,-7,-17,-6,22,-8,-109
CAVA,Cava Group,63.37,-7,-46,-23,0,-76,-5,4,-37,4,-34,-110
EEFT,Euronet Worldwide,86.14,1,-56,-12,-5,-72,12,-56,-9,15,-38,-110
SBAC,SBA Communications,197.38,14,-52,-8,-22,-68,18,-52,-7,-1,-42,-110
CPB,Campbell Soup Company,30.7,0,-7,-41,-8,-56,9,-8,-48,-7,-54,-110
IT,Gartner,236.28,-15,-87,-30,0,-132,-7,-2,-28,59,22,-110
DVA,DaVita,125.21,-65,-38,-12,22,-93,14,-24,-29,21,-18,-111
KVUE,Kenvue,14.1,-6,-38,-7,0,-51,-5,-48,-12,5,-60,-111
MRK,Merck & Co.,83.86,-15,13,-56,0,-58,-57,7,4,-8,-54,-112
PNC,PNC Financial Services,178.24,-98,-6,11,16,-77,-54,-13,16,16,-35,-112
FOUR,Shift4,74.11,-15,-52,-9,0,-76,-38,-23,-2,26,-37,-113
ARE,Alexandria Real Estate Equities,75.27,0,-7,-46,-32,-85,14,-9,4,-37,-28,-113
MTN,Vail Resorts,149.64,-13,-9,-42,-25,-89,-5,4,15,-38,-24,-113
LCID,Lucid Motors,20.54,-55,0,-13,0,-68,-4,21,-26,-37,-46,-114
ISRG,Intuitive Surgical,434.69,-37,-56,-12,24,-81,9,-64,-7,28,-34,-115
MGM,MGM Resorts International,31.67,-76,-13,-2,0,-91,-4,-25,16,-11,-24,-115
CARR,Carrier Global,56.74,-42,-53,-8,0,-103,12,-49,-3,28,-12,-115
CNC,Centene,35.63,-32,0,-53,-13,-98,-6,40,-22,-30,-18,-116
S,SentinelOne,16.82,-35,-5,-34,0,-74,-26,-9,-4,-3,-42,-116
HSIC,Schein (Henry),62.02,-63,-17,-14,-2,-96,-3,-18,-4,5,-20,-116
CBSH,Commerce Bancshares,52.39,-54,-52,-3,13,-96,-7,-27,-2,15,-21,-117
CHTR,Charter Communications,255.34,-42,-1,-13,-38,-94,-6,-1,-13,-3,-23,-117
BBWI,"Bath & Body Works, Inc.",26.0,1,-29,-34,-17,-79,-4,-22,-5,-8,-39,-118
BALL,Ball Corporation,48.06,0,-44,-12,-13,-69,12,-52,-2,-7,-49,-118
ILMN,"Illumina, Inc.",95.91,0,-8,-37,-42,-87,11,-13,11,-42,-33,-120
BIRK,Birkenstock,42.31,-56,-30,-8,0,-94,11,-28,-10,0,-27,-121
DLB,Dolby Laboratories,68.17,-56,-18,-12,-1,-87,-3,-28,-2,-1,-34,-121
FAF,First American Financial Corporation,59.14,-140,-2,0,16,-126,-6,-16,6,20,4,-122
PPC,Pilgrim's Pride,37.27,-63,-30,-2,23,-72,-20,-37,-13,20,-50,-122
ZTS,Zoetis,143.36,0,-28,-44,-5,-77,1,-29,-11,-7,-46,-123
CROX,Crocs,83.16,2,-50,-51,-3,-102,-1,-1,-13,-7,-22,-124
WEX,WEX Inc.,147.62,-42,-9,-52,-1,-104,-5,-20,13,-10,-22,-126
TEAM,Atlassian,150.15,0,-70,-15,-8,-93,-2,-18,-27,13,-34,-127
TDC,Teradata,20.85,-42,-1,-88,-19,-150,16,24,1,-18,23,-127
GME,GameStop,22.95,-66,-1,-3,-32,-102,-5,-2,-12,-9,-28,-130
FBIN,Fortune Brands Innovations,49.62,-65,-18,-35,-7,-125,12,-21,8,-4,-5,-130
CLX,Clorox,117.6,-21,-9,-26,-7,-63,-19,-13,-36,-1,-69,-132
CDW,CDW,151.1,0,-52,-51,0,-103,-1,-17,-2,-10,-30,-133
PAYC,Paycom,200.49,-23,-38,0,-26,-87,-3,-41,-3,1,-46,-133
PFE,Pfizer,24.23,-42,-3,0,-25,-70,-57,7,16,-30,-64,-134
COP,ConocoPhillips,86.9,-77,-7,-3,0,-87,-42,-6,11,-10,-47,-134
OKTA,"Okta, Inc.",87.74,-35,-10,-7,-26,-78,-63,10,-12,8,-57,-135
RH,RH,176.18,-59,-15,-33,-9,-116,-4,-20,7,-2,-19,-135
GTM,ZoomInfo,10.16,-112,-3,0,0,-115,14,-12,15,-39,-22,-137
SWK,Stanley Black & Decker,67.91,-55,-6,-38,-41,-140,12,-13,8,-4,3,-137
UHAL-B,U-Haul (Series N),50.29,0,-57,-32,0,-89,20,-21,-46,-3,-50,-139
LSTR,Landstar,130.83,7,-57,-44,-2,-96,12,4,-51,-9,-44,-140
CNXC,Concentrix,44.83,-34,-15,-4,0,-53,-35,-11,-7,-35,-88,-141
AVY,Avery Dennison,159.35,-34,-38,-44,0,-116,12,-29,-4,-7,-28,-144
TREX,"Trex Company, Inc.",50.99,-7,-25,-63,-15,-110,-4,-21,-3,-8,-36,-146
CNH,CNH Industrial,10.44,-44,-45,-6,0,-95,10,-61,-4,4,-51,-146
SAM,Boston Beer Company,225.62,7,3,-44,-39,-73,9,4,-40,-46,-73,-146
KHC,Kraft Heinz,25.12,0,-29,-51,-2,-82,18,-47,-23,-12,-64,-146
AAL,American Airlines Group,11.9,1,-1,-30,-78,-108,16,-22,8,-41,-39,-147
ENPH,Enphase Energy,37.55,10,2,-55,-22,-65,14,-9,-62,-26,-83,-148
AKAM,Akamai Technologies,72.99,-44,-6,-35,-9,-94,8,-17,-35,-12,-56,-150
DOW,Dow Inc.,21.9,0,-19,-52,-3,-74,14,-13,-67,-10,-76,-150
POOL,Pool Corporation,290.14,-63,-17,-32,-8,-120,-7,-13,-1,-11,-32,-152
G,Genpact,38.96,-77,-27,-6,0,-110,-7,-23,-24,12,-42,-152
OGN,Organon & Co.,9.38,-49,-1,-38,0,-88,-7,-1,-51,-6,-65,-153
IFF,International Flavors & Fragrances,62.59,17,-56,-32,-33,-104,18,-22,-44,-3,-51,-155
SMG,Scotts Miracle-Gro Company,53.92,-34,-35,-31,-41,-141,-5,-21,15,-3,-14,-155
BAH,Booz Allen Hamilton,97.26,-41,-33,-39,0,-113,2,-1,-41,-3,-43,-156
SLM,Sallie Mae,25.18,-112,-44,-1,24,-133,-3,-44,-2,23,-26,-159
KBR,"KBR, Inc.",43.75,-56,-16,-39,0,-111,-3,-26,-17,-3,-49,-160
CAG,Conagra Brands,18.27,-39,-9,-41,-9,-98,14,-28,-23,-25,-62,-160
RNG,RingCentral,26.81,-15,-5,-35,-43,-98,-11,-13,9,-47,-62,-160
FDS,FactSet,277.82,-5,-63,-14,-2,-84,-5,-59,-12,-3,-79,-163
ATR,AptarGroup,129.17,-40,-54,-12,22,-84,-23,-51,-4,-1,-79,-163
MKC,McCormick & Company,66.61,0,-71,-15,-4,-90,7,-70,-23,12,-74,-164
NIQ,NIQ Global Intelligence,13.49,-140,0,0,0,-140,-11,-13,0,0,-24,-164
CZR,Caesars Entertainment,21.75,-58,-9,-35,-27,-129,12,-5,-3,-39,-35,-164
FCN,FTI Consulting,151.67,-28,-27,-46,0,-101,-33,-21,-3,-7,-64,-165
FI,Fiserv,118.0,-45,-69,-23,37,-100,-42,-29,-24,29,-66,-166
ACN,Accenture,234.07,-29,-71,-32,-2,-134,-31,6,-28,21,-32,-166
GDDY,GoDaddy,128.01,-44,-70,-12,24,-102,-45,-17,-28,24,-66,-168
OC,Owens Corning,126.31,-165,-14,-33,60,-152,-2,-21,8,-2,-17,-169
FMC,FMC Corporation,29.97,0,-35,-49,-26,-110,-2,-25,-4,-28,-59,-169
DV,DoubleVerify,10.86,-14,-28,-79,0,-121,-5,-30,-2,-12,-49,-170
CIVI,Civitas Resources,27.99,-42,-5,-64,-2,-113,-56,-3,8,-11,-62,-175
SON,Sonoco,40.16,-142,-18,-5,-2,-167,7,-15,16,-16,-8,-175
CSGP,CoStar Group,74.33,-63,-17,-2,-1,-83,-54,-40,-1,1,-94,-177
WU,Western Union,8.08,1,-2,-32,-48,-81,-3,-21,-67,-7,-98,-179
FRPT,Freshpet,53.67,8,-87,-33,-8,-120,13,-44,-29,-1,-61,-181
WHR,Whirlpool Corporation,72.22,-54,-22,-14,-28,-118,-4,-19,-5,-38,-66,-184
WSC,WillScot Mobile Mini,22.11,2,-54,-74,-8,-134,12,-48,-3,-14,-53,-187
INSP,Inspire Medical Systems,77.31,0,-107,-32,-8,-147,12,2,-37,-19,-42,-189
ODFL,Old Dominion Freight Line,138.14,-34,-56,-35,0,-125,8,-30,-40,-3,-65,-190
COTY,Coty,4.14,-3,-2,-73,-9,-87,-5,-12,-75,-11,-103,-190
MORN,"Morningstar, Inc.",210.35,-15,-55,-29,-1,-100,-14,-68,-7,-2,-91,-191
KMX,CarMax,43.26,-51,-20,-28,-38,-137,-4,-18,-32,-2,-56,-193
BMRN,BioMarin Pharmaceutical,52.96,-3,-29,-59,-22,-113,10,-43,-24,-24,-81,-194
CE,Celanese,39.98,-43,-49,-52,-12,-156,-3,-19,-6,-11,-39,-195
HRL,Hormel Foods,23.75,0,-65,-19,-25,-109,12,-61,-6,-32,-87,-196
OXY,Occidental Petroleum,41.04,-77,-6,-64,0,-147,-47,-4,15,-18,-54,-201
WY,Weyerhaeuser,23.65,-55,-25,-32,-1,-113,-5,-29,-44,-10,-88,-201
ADBE,Adobe Inc.,329.12,-35,-12,-45,-8,-100,-40,-5,-49,-7,-101,-201
RLI,RLI Corp.,59.2,-14,-94,-19,0,-127,-12,-28,-38,-2,-80,-207
NCNO,nCino,24.04,-127,-13,-35,0,-175,-26,-18,14,-3,-33,-208
GLOB,Globant,56.56,-13,-106,-35,-9,-163,-7,4,-35,-9,-47,-210
STZ,Constellation Brands,139.3,-14,-38,-54,-5,-111,-27,4,-70,-10,-103,-214
BF-A,Brown–Forman (Class A),28.38,7,-29,-111,-20,-153,14,1,-51,-26,-62,-215
BAX,Baxter International,22.96,1,-71,-32,-40,-142,16,-24,-23,-43,-74,-216
CLVT,Clarivate,3.55,-47,-20,-86,-8,-161,-5,-20,12,-44,-57,-218
FLO,Flowers Foods,12.6,-3,-44,-46,-10,-103,9,-37,-66,-25,-119,-222
ALGN,Align Technology,129.84,0,-55,-76,-27,-158,16,-29,-12,-40,-65,-223
LULU,Lululemon Athletica,164.63,-55,-92,-20,-5,-172,-7,-1,-29,-14,-51,-223
GIS,General Mills,47.72,-49,-4,-50,-6,-109,-44,-3,-46,-21,-114,-223
WEN,Wendy's Company (The),8.88,0,-80,-46,-10,-136,-3,-27,-41,-17,-88,-224
XRAY,Dentsply Sirona,12.64,10,-55,-90,-44,-179,19,-20,-4,-42,-47,-226
HUN,Huntsman Corporation,8.4,-45,-20,-54,-17,-136,12,-20,-49,-35,-92,-228
BF-B,Brown–Forman (Class B),28.28,6,-32,-112,-20,-158,4,-5,-44,-30,-75,-233
CHRD,Chord Energy,89.19,-98,-14,-59,0,-171,-48,-23,13,-8,-66,-237
DXC,DXC Technology,12.83,-15,-9,-34,-75,-133,-7,-20,-41,-36,-104,-237
NWL,Newell Brands,4.81,-50,-16,-36,-33,-135,-54,-19,7,-38,-104,-239
COLD,Americold,13.68,10,-138,-50,-13,-191,12,4,-50,-17,-51,-242
EPAM,EPAM Systems,142.23,-55,-27,-35,-29,-146,-7,-25,-26,-39,-97,-243
MAA,Mid-America Apartment Communities,131.41,-112,-56,-6,-1,-175,-45,-20,-17,13,-69,-244
PRGO,Perrigo,21.54,0,-51,-11,-115,-177,-4,3,-11,-57,-69,-246
CMCSA,Comcast,29.26,-88,-57,-44,-11,-200,-5,-21,-11,-10,-47,-247
UPS,United Parcel Service,85.65,2,-57,-115,-18,-188,10,8,-43,-36,-61,-249
CHDN,Churchill Downs Incorporated,86.74,-63,-34,-40,-1,-138,-58,-51,-3,-3,-115,-253
LYB,LyondellBasell,45.85,-46,-54,-53,-7,-160,-3,-19,-67,-9,-98,-258
MAN,ManpowerGroup,35.56,-26,-37,-55,-30,-148,11,-29,-55,-38,-111,-259
UA,Under Armour (Class C),4.62,-42,-49,-37,-39,-167,-4,-51,-4,-39,-98,-265
PCTY,Paylocity,148.55,-124,-38,-7,-5,-174,-50,-42,-6,7,-91,-265
GPK,Graphic Packaging,17.18,-63,-35,-28,-1,-127,-65,-32,-41,-2,-140,-267
UAA,Under Armour (Class A),4.77,-42,-49,-37,-46,-174,-5,-51,-4,-39,-99,-273
MKTX,MarketAxess,171.13,0,-59,-37,-31,-127,-19,-74,-11,-46,-150,-277
BRBR,BellRing Brands,33.21,-11,-114,-22,0,-147,-4,-106,-28,-1,-139,-286
DJT,Trump Media & Technology Group,15.77,-39,-97,-65,0,-201,-52,-28,-33,-11,-124,-325
RHI,Robert Half,32.02,-54,-184,-38,-11,-287,11,-21,-36,-34,-80,-367
CHH,Choice Hotels,98.57,-245,-51,-12,0,-308,-5,-52,-26,16,-67,-375
