Symbol,Name,Close,1H Cloud Score,1D Cloud Score,1W Cloud Score,1M Cloud Score,Cloud Score Sum,1H TKx Score,1D TKx Score,1W TKx Score,1M TKx Score,TKx Score Sum,Total Score Sum
TJX,TJX Companies,140.44,1,37,154,199,391,7,41,123,194,365,756
JPM,JPMorgan Chase,313.44,71,96,129,159,455,74,21,16,27,138,593
ORLY,O'Reilly Auto Parts,103.46,-42,48,169,200,375,3,54,60,90,207,582
GLW,Corning Inc.,79.92,161,93,25,18,297,110,100,14,15,239,536
AAPL,Apple Inc.,252.24,51,61,4,252,368,56,29,8,72,165,533
WDC,Western Digital,109.69,161,94,18,19,292,110,105,16,4,235,527
WELL,Welltower,170.97,14,91,122,59,286,23,52,139,25,239,525
COOP,Mr. Cooper Group,212.82,-12,94,125,59,266,-27,93,123,57,246,512
ORI,Old Republic International,41.33,21,31,153,59,264,26,29,123,56,234,498
APP,AppLovin,641.58,155,39,111,0,305,110,47,12,19,188,493
HWM,Howmet Aerospace,190.25,105,11,154,30,300,26,11,98,58,193,493
WRB,W. R. Berkley Corporation,74.81,26,20,100,177,323,34,33,30,56,153,476
APH,Amphenol,123.13,95,107,25,66,293,28,109,16,28,181,474
LOPE,Grand Canyon Education,211.28,70,34,153,36,293,68,33,40,35,176,469
IBM,IBM,267.58,106,5,115,55,281,48,13,62,57,180,461
PLTR,Palantir Technologies,179.57,84,107,122,0,313,-5,5,125,21,146,459
KLAC,KLA Corporation,1069.62,98,13,20,178,309,99,7,16,27,149,458
FIX,Comfort Systems USA,791.46,82,97,23,65,267,-5,109,16,56,176,443
CASY,Casey's,547.06,-1,13,119,88,219,11,9,123,79,222,441
BK,BNY Mellon,108.12,70,96,100,41,307,-5,100,16,20,131,438
FAST,Fastenal,47.52,14,116,129,107,366,19,-9,22,27,59,425
RTX,RTX Corporation,161.38,56,93,83,55,287,18,2,90,15,125,412
MSI,Motorola Solutions,455.24,-41,49,7,154,169,-16,59,7,186,236,405
SO,Southern Company,94.39,21,1,82,191,295,18,-19,29,80,108,403
NRG,NRG Energy,165.58,21,9,109,95,234,19,8,119,22,168,402
AM,Antero Midstream,19.46,24,16,154,24,218,35,9,84,56,184,402
MCD,McDonald's,304.27,0,30,58,243,331,12,-5,4,58,69,400
GE,GE Aerospace,300.29,77,105,25,28,235,73,16,36,30,155,390
TPR,"Tapestry, Inc.",113.41,75,94,86,22,277,68,11,14,20,113,390
GS,Goldman Sachs,792.39,0,94,98,59,251,-5,105,16,22,138,389
YUM,Yum! Brands,149.45,6,10,34,260,310,16,10,-8,58,76,386
MS,Morgan Stanley,157.88,0,94,82,65,241,-5,105,16,17,133,374
ETR,Entergy,91.58,14,4,82,138,238,22,3,95,15,135,373
HUBB,Hubbell Incorporated,431.31,-12,92,7,183,270,-5,23,12,72,102,372
L,Loews Corporation,99.28,17,94,118,56,285,15,29,16,25,85,370
LYV,Live Nation Entertainment,162.02,-34,95,100,148,309,-5,33,15,17,60,369
WM,"Waste Management, Inc.",219.42,9,-23,1,188,175,28,-29,33,160,192,367
ROL,"Rollins, Inc.",56.1,0,-8,37,287,316,2,-16,29,36,51,367
TIGO,Millicom,47.2,-2,174,83,3,258,53,4,30,17,104,362
CDNS,Cadence Design Systems,356.87,0,5,23,142,170,-7,2,16,181,192,362
AMAT,Applied Materials,201.48,93,5,1,150,249,98,5,14,-6,111,360
RSG,Republic Services,227.4,0,-40,130,178,268,3,-65,-7,161,92,360
MLI,Mueller Industries,99.59,77,66,13,59,215,-1,59,14,72,144,359
C,Citigroup,101.64,88,94,25,19,226,-4,104,16,15,131,357
GOOGL,Alphabet (Class A),247.09,0,83,14,177,274,-11,57,11,22,79,353
AZO,AutoZone,4175.26,-1,47,100,87,233,3,-1,60,58,120,353
MPWR,Monolithic Power Systems,906.75,42,94,9,158,303,-5,38,16,1,50,353
LDOS,Leidos,187.33,77,106,8,24,215,35,63,19,20,137,352
GOOG,Alphabet (Class C),247.77,0,83,13,177,273,-11,57,10,22,78,351
ALL,Allstate,209.37,26,5,103,160,294,35,-14,17,18,56,350
ITT,ITT Inc.,176.02,-4,100,22,100,218,-19,107,16,27,131,349
DTE,DTE Energy,138.8,21,2,80,190,293,25,-16,33,14,56,349
FTAI,FTAI Aviation,178.14,168,40,9,48,265,-1,40,12,32,83,348
AJG,Arthur J. Gallagher & Co.,304.55,28,0,0,187,215,36,-7,-8,108,129,344
RJF,Raymond James Financial,171.9,48,93,98,59,298,-5,16,13,20,44,342
WMB,Williams Companies,62.85,42,5,118,53,218,36,10,16,58,120,338
DUK,Duke Energy,123.64,17,2,82,184,285,22,-14,28,17,53,338
TRV,Travelers Companies (The),276.6,26,30,97,59,212,-4,41,30,57,124,336
EHC,Encompass Health,125.81,21,28,149,30,228,16,31,30,30,107,335
CAT,Caterpillar Inc.,469.8,70,93,14,65,242,1,18,14,58,91,333
LMT,Lockheed Martin,486.01,103,20,0,166,289,24,22,1,-3,44,333
ADI,Analog Devices,248.54,26,25,17,180,248,13,25,16,27,81,329
GD,General Dynamics,323.66,-5,116,14,55,180,1,71,16,58,146,326
LHX,L3Harris,283.99,20,116,18,6,160,24,109,18,15,166,326
COR,Cencora,308.36,14,17,50,76,157,9,26,61,69,165,322
ATO,Atmos Energy,166.79,11,34,80,46,171,21,-8,91,46,150,321
NEM,Newmont,83.43,28,118,25,6,177,26,80,25,11,142,319
STE,Steris,245.89,-7,33,20,196,242,-5,26,28,26,75,317
DGX,Quest Diagnostics,186.82,35,33,74,19,161,36,31,74,15,156,317
SGI,Somnigroup International,82.09,-21,94,47,65,185,-19,107,16,27,131,316
SNX,TD Synnex,150.29,0,94,21,64,179,-1,100,14,22,135,314
CIEN,Ciena,138.47,147,94,15,13,269,-2,16,14,17,45,314
HLI,Houlihan Lokey,205.5,83,96,23,45,247,-5,29,16,27,67,314
UNP,Union Pacific Corporation,230.34,36,2,-12,199,225,65,2,1,20,88,313
CTAS,Cintas,199.96,-6,-28,0,168,134,-6,-23,19,188,178,312
RBC,RBC Bearings,378.58,-1,-9,99,165,254,-5,-17,20,58,56,310
RL,Ralph Lauren Corporation,312.0,5,96,100,35,236,4,25,16,27,72,308
HOOD,Robinhood Markets,126.8,37,96,87,0,220,40,13,16,19,88,308
COST,Costco,945.02,-33,-5,0,181,143,2,-16,-8,185,163,306
IBKR,Interactive Brokers,64.45,35,5,100,58,198,28,4,14,58,104,302
HIG,Hartford (The),131.84,14,36,100,58,208,14,-5,27,57,93,301
URI,United Rentals,935.14,-5,94,13,65,167,-3,65,14,58,134,301
BWXT,BWX Technologies,175.09,77,92,19,36,224,24,4,16,32,76,300
TLN,Talen Energy,417.44,93,106,45,0,244,-5,41,17,3,56,300
CBOE,Cboe Global Markets,243.08,12,0,150,56,218,19,-20,28,52,79,297
RBA,RB Global,110.7,-16,0,110,28,122,-13,54,113,20,174,296
ACM,AECOM,129.46,0,100,22,66,188,-9,29,16,72,108,296
V,Visa Inc.,338.66,-11,-2,143,134,264,-5,-7,16,27,31,295
LRCX,Lam Research,128.31,94,16,15,153,278,-1,8,16,-6,17,295
ORCL,Oracle Corporation,308.36,21,11,17,199,248,-5,8,16,28,47,295
WMT,Walmart,102.71,-15,18,133,102,238,2,9,16,30,57,295
R,Ryder,184.56,-6,79,17,57,147,11,65,14,57,147,294
HEI,HEICO (Common),316.7,-5,-1,31,190,215,-9,7,22,58,78,293
EVRG,Evergy,73.71,18,75,64,15,172,24,3,83,11,121,293
SSNC,SS&C Technologies,87.92,-7,70,96,15,174,-5,95,13,16,119,293
AME,Ametek,186.15,-17,39,10,107,139,-5,39,16,102,152,291
AAON,AAON,91.01,35,5,-19,246,267,-2,23,-31,32,22,289
PPL,PPL Corporation,36.49,13,52,82,24,171,22,-13,94,15,118,289
MNST,Monster Beverage,64.93,0,33,32,181,246,4,7,25,5,41,287
MA,Mastercard,568.51,-14,0,132,156,274,-23,-7,16,27,13,287
AWI,Armstrong World Industries,193.0,-21,101,100,22,202,-11,60,16,20,85,287
FWONA,Liberty Formula 1 (Series A),95.24,45,7,75,63,190,3,21,15,57,96,286
UNM,Unum,76.85,114,5,4,41,164,36,14,16,55,121,285
LIN,Linde plc,474.07,-5,37,19,111,162,-4,4,16,107,123,285
BSX,Boston Scientific,98.03,-77,-9,150,145,209,5,-3,16,58,76,285
NI,NiSource,42.39,21,1,80,46,148,26,1,95,15,137,285
SOFI,SoFi,28.44,93,86,52,0,231,-3,30,14,12,53,284
SRE,Sempra,87.25,14,49,6,182,251,16,4,14,-2,32,283
DOCS,Doximity,74.27,99,64,60,0,223,12,29,6,13,60,283
FWONK,Liberty Formula 1 (Series C),104.8,44,7,76,58,185,3,21,16,57,97,282
EME,Emcor,626.75,0,94,23,59,176,21,13,14,58,106,282
SF,Stifel,112.29,-6,84,14,60,152,-4,99,13,21,129,281
GRMN,Garmin,236.55,0,67,118,20,205,14,28,12,22,76,281
BPOP,"Popular, Inc.",127.0,35,101,23,60,219,-5,29,16,20,60,279
ANET,Arista Networks,142.62,-5,79,13,59,146,-11,75,12,57,133,279
PWR,Quanta Services,402.87,32,1,23,100,156,28,5,16,73,122,278
AXON,Axon Enterprise,698.02,-6,-10,151,95,230,-2,-1,16,31,44,274
SCCO,Southern Copper,119.54,118,16,4,63,201,26,29,16,1,72,273
INTU,Intuit,694.73,35,-25,23,192,225,42,-31,16,21,48,273
CW,Curtiss-Wright,511.87,19,102,25,55,201,-4,10,16,50,72,273
MP,MP Materials,71.23,42,77,38,0,157,56,2,51,5,114,271
DDS,Dillard's,611.09,14,76,20,55,165,7,30,13,56,106,271
TDY,Teledyne Technologies,564.25,32,93,58,15,198,28,8,16,16,68,266
AIZ,Assurant,215.2,18,35,7,153,213,30,-6,8,20,52,265
HD,Home Depot (The),409.57,-27,46,7,181,207,-29,59,8,20,58,265
SCI,Service Corporation International,81.08,23,10,3,176,212,20,4,14,14,52,264
CNP,Centerpoint Energy,38.96,17,48,55,46,166,25,6,49,16,96,262
UTHR,United Therapeutics,438.41,40,30,4,58,132,35,30,4,60,129,261
DRS,Leonardo DRS,42.53,20,-26,145,59,198,12,4,16,30,62,260
COF,Capital One,224.35,-4,100,100,22,218,-13,20,16,19,42,260
AXS,AXIS Capital,96.59,0,0,92,46,138,-14,-7,88,54,121,259
PFGC,Performance Food Group,104.59,-18,97,59,44,182,-21,23,16,58,76,258
BRK-B,Berkshire Hathaway,497.01,16,20,130,63,229,14,-1,-11,27,29,258
AU,AngloGold Ashanti,66.6,28,38,82,19,167,-1,47,30,15,91,258
JEF,Jefferies Financial Group,66.71,-4,70,3,59,128,-5,70,7,58,130,258
WEC,WEC Energy Group,112.01,14,50,61,14,139,24,7,74,12,117,256
MTZ,MasTec,206.05,77,11,25,19,132,77,16,16,14,123,255
ULTA,Ulta Beauty,535.7,7,104,18,5,134,6,107,18,-10,121,255
MDT,Medtronic,95.75,70,61,17,2,150,6,75,9,14,104,254
IRM,Iron Mountain,101.27,85,8,2,58,153,20,7,16,57,100,253
FYBR,Frontier Communications,37.32,-30,32,95,0,97,9,31,100,15,155,252
NFG,National Fuel Gas,92.15,15,11,66,53,145,14,4,77,11,106,251
SPOT,Spotify,707.82,-7,8,118,13,132,-9,5,101,21,118,250
UI,Ubiquiti,638.34,38,23,58,11,130,35,58,16,11,120,250
HEI-A,HEICO (Class A),249.8,-28,3,32,183,190,-3,8,23,31,59,249
XEL,Xcel Energy,77.93,11,50,57,13,131,24,19,65,10,118,249
TER,Teradyne,133.2,35,65,1,3,104,47,95,9,-6,145,249
CAH,Cardinal Health,154.51,14,2,61,39,116,8,13,54,58,133,249
ABBV,AbbVie,219.99,0,46,23,59,128,-7,53,9,65,120,248
BX,Blackstone Inc.,178.09,-6,65,10,143,212,-10,12,11,22,35,247
LOW,Lowe's,257.27,-28,46,6,167,191,-29,58,7,20,56,247
FSLR,First Solar,219.09,53,59,1,63,176,47,14,16,-7,70,246
MMC,Marsh McLennan,199.67,0,-75,-9,176,92,4,-13,-17,179,153,245
AXP,American Express,340.56,45,23,23,100,191,-5,23,14,22,54,245
GL,Globe Life,143.3,70,46,51,15,182,-2,45,10,9,62,244
AFG,American Financial Group,144.45,46,35,7,57,145,38,35,10,15,98,243
J,Jacobs Solutions,147.51,0,92,12,107,211,-5,3,13,20,31,242
JBL,Jabil,225.37,36,5,25,66,132,28,5,17,58,108,240
HCA,HCA Healthcare,416.52,21,33,9,98,161,26,1,22,30,79,240
DASH,DoorDash,260.74,-1,93,103,0,195,2,8,16,19,45,240
LH,Labcorp,279.2,23,44,61,16,144,32,31,14,19,96,240
AVGO,Broadcom,339.29,-21,97,25,117,218,-40,14,16,31,21,239
PRI,Primerica,273.31,14,16,0,109,139,32,23,14,31,100,239
CMI,Cummins,417.77,0,66,11,66,143,-5,57,12,31,95,238
TDG,TransDigm Group,1300.46,16,-30,3,158,147,16,1,16,58,91,238
NFLX,Netflix,1203.85,-7,-1,122,21,135,-6,-5,93,21,103,238
CINF,Cincinnati Financial,154.52,0,37,91,63,191,-13,28,16,16,47,238
CME,CME Group,264.43,10,-28,60,137,179,5,-23,56,20,58,237
NWS,News Corp (Class B),33.59,42,0,118,59,219,-4,-16,16,22,18,237
AMG,Affiliated Managers Group,237.28,-4,100,17,23,136,-5,71,16,18,100,236
WFC,Wells Fargo,84.11,47,10,98,30,185,-3,18,16,20,51,236
AYI,Acuity Brands,340.92,0,70,10,28,108,-4,99,12,21,128,236
AMGN,Amgen,279.09,28,-15,-4,166,175,34,-16,4,37,59,234
MCK,McKesson Corporation,760.84,14,5,48,59,126,21,22,-3,68,108,234
KMI,Kinder Morgan,27.83,7,1,98,45,151,5,10,14,53,82,233
DTM,DT Midstream,110.55,24,12,109,0,145,35,11,16,26,88,233
ALLE,Allegion,175.31,0,106,15,22,143,-12,62,16,23,89,232
IDA,Idacorp,128.29,18,63,62,19,162,25,2,32,11,70,232
FHN,First Horizon Corporation,22.8,38,94,58,5,195,-11,23,14,11,37,232
LLY,Lilly (Eli),741.93,-14,8,-9,173,158,-26,16,-13,97,74,232
FFIV,"F5, Inc.",324.06,-8,93,100,15,200,-9,7,16,18,32,232
CG,Carlyle Group (The),63.99,-7,85,14,22,114,-11,96,13,19,117,231
VMI,Valmont Industries,368.06,-7,84,68,59,204,-5,8,13,11,27,231
NEU,NewMarket,817.58,-32,116,25,30,139,6,30,28,28,92,231
HII,Huntington Ingalls Industries,277.51,23,133,14,7,177,28,13,22,-10,53,230
ETN,Eaton Corporation,372.15,8,4,14,115,141,-9,11,14,73,89,230
SPG,Simon Property Group,183.12,14,63,7,36,120,12,62,14,22,110,230
OGE,OGE Energy,45.31,18,1,74,46,139,19,-17,74,15,91,230
AMKR,Amkor Technology,29.35,94,79,0,3,176,35,15,10,-6,54,230
CRS,Carpenter Technology Corporation,233.39,-28,-23,152,36,137,-33,-2,77,50,92,229
INSM,Insmed,140.99,-6,74,70,17,155,-7,44,16,21,74,229
WPC,W. P. Carey,67.31,-29,91,35,3,100,8,83,32,6,129,229
MSFT,Microsoft,509.98,0,0,22,174,196,-11,2,16,26,33,229
OMF,OneMain Financial,60.12,-12,94,23,61,166,-11,29,16,27,61,227
AN,AutoNation,220.52,-1,31,23,62,115,11,27,16,58,112,227
THC,Tenet Healthcare,196.65,21,31,20,58,130,30,28,14,25,97,227
NVT,Nvent Electric,97.31,0,94,14,13,121,-9,107,14,-6,106,227
FTI,TechnipFMC,39.54,0,94,23,28,145,11,16,16,38,81,226
FLEX,Flex Ltd.,57.58,33,23,24,59,139,-4,16,16,58,86,225
PH,Parker Hannifin,748.77,-1,95,23,66,183,-4,-1,16,31,42,225
SNDK,SanDisk,99.88,162,27,0,0,189,-2,29,8,0,35,224
EVR,Evercore,338.96,-3,93,13,59,162,-9,29,14,27,61,223
SYY,Sysco,81.82,0,81,13,4,98,2,94,13,15,124,222
PEGA,Pegasystems,60.18,104,14,25,6,149,30,13,14,16,73,222
HPE,Hewlett Packard Enterprise,24.46,-5,90,7,43,135,-9,27,13,55,86,221
MO,Altria,65.13,0,47,76,46,169,9,-7,32,17,51,220
BKNG,Booking Holdings,5523.43,1,0,142,36,179,9,-11,16,27,41,220
CRUS,Cirrus Logic,126.32,63,31,4,20,118,63,26,16,-4,101,219
NVDA,Nvidia,176.88,19,5,20,135,179,-6,3,16,27,40,219
CRH,CRH plc,112.6,0,48,13,65,126,-3,57,10,28,92,218
OLLI,Ollie's Bargain Outlet,134.78,0,1,121,17,139,-21,6,69,24,78,217
GM,General Motors,59.91,7,76,13,12,108,14,68,13,14,109,217
TKO,TKO Group Holdings,195.87,-22,32,77,41,128,-5,25,16,51,87,215
LNG,Cheniere Energy,236.56,7,2,66,59,134,14,-6,16,57,81,215
LITE,Lumentum,152.78,-7,92,20,4,109,-20,100,14,11,105,214
QCOM,Qualcomm,173.55,71,21,0,23,115,67,23,14,-6,98,213
T,AT&T,28.33,-22,34,76,17,105,-45,36,100,16,107,212
BKR,Baker Hughes,49.89,35,48,10,36,129,28,17,10,27,82,211
ADP,Automatic Data Processing,291.16,6,-17,0,181,170,-5,-30,16,58,39,209
MEDP,Medpace,497.19,0,68,10,33,111,7,78,10,3,98,209
PNR,Pentair,109.01,-12,94,15,63,160,-21,31,14,25,49,209
MRVL,Marvell Technology,80.07,49,1,-27,107,130,51,3,6,19,79,209
TSLA,"Tesla, Inc.",442.77,98,33,4,11,146,2,39,10,11,62,208
TT,Trane Technologies,403.9,0,-20,22,165,167,28,-33,16,30,41,208
VMC,Vulcan Materials,293.82,-5,46,12,61,114,-5,54,16,28,93,207
EBAY,eBay,93.37,9,1,83,15,108,7,-14,88,17,98,206
MLM,Martin Marietta Materials,606.8,-9,49,12,61,113,-5,54,16,28,93,206
PM,Philip Morris International,163.06,-35,-8,76,56,89,10,-14,91,28,115,204
KRC,Kilroy Realty,43.71,0,84,12,0,96,-3,87,12,12,108,204
CORT,Corcept Therapeutics,83.88,42,6,70,20,138,39,4,-17,39,65,203
OZK,Bank OZK,51.13,-10,94,23,57,164,-17,22,14,20,39,203
SNA,Snap-on,339.55,20,15,4,60,99,27,9,9,58,103,202
DCI,Donaldson Company,79.93,-7,46,8,66,113,-11,53,16,31,89,202
VIK,Viking Holdings,60.21,-13,94,0,0,81,-5,109,16,0,120,201
ADT,ADT Inc.,8.6,-14,114,37,0,137,-5,29,31,9,64,201
CACI,CACI,496.85,7,12,8,155,182,-5,6,20,-2,19,201
RCL,Royal Caribbean Group,327.03,0,6,127,29,162,-1,-4,16,28,39,201
DKS,Dick's Sporting Goods,230.19,14,60,3,64,141,11,8,6,34,59,200
PTC,PTC Inc.,203.54,-14,0,12,183,181,-11,-10,13,27,19,200
BYD,Boyd Gaming,84.41,14,4,54,60,132,29,-7,16,28,66,198
MPC,Marathon Petroleum,193.11,49,20,5,50,124,47,20,16,-9,74,198
VNT,Vontier,42.3,-6,94,11,0,99,-10,101,14,-6,99,198
CFG,Citizens Financial Group,53.15,42,82,14,5,143,-3,29,13,15,54,197
LLYVK,Liberty Live (Series C),95.51,-34,100,36,0,102,8,70,16,1,95,197
VTR,"Ventas, Inc.",68.49,2,50,78,23,153,10,5,10,16,41,194
ARES,Ares Management,168.14,-7,-1,23,60,75,-5,-1,16,107,117,192
JHG,Janus Henderson,44.35,-10,79,12,20,101,-5,63,13,19,90,191
LPLA,LPL Financial,333.16,0,-19,51,100,132,15,-30,16,58,59,191
EXPD,Expeditors International,120.96,-28,39,7,132,150,3,30,12,-4,41,191
BAC,Bank of America,51.68,71,27,23,19,140,-5,24,16,15,50,190
CHD,Church & Dwight,86.86,-63,-42,-22,345,218,-29,-5,-20,26,-28,190
LFUS,Littelfuse,259.99,-10,94,9,3,96,-10,99,14,-9,94,190
MTG,MGIC Investment Corporation,28.52,1,31,25,56,113,1,31,16,29,77,190
NTRS,Northern Trust,129.54,0,94,22,12,128,-5,36,16,14,61,189
WSM,"Williams-Sonoma, Inc.",199.54,1,60,14,66,141,10,8,8,22,48,189
LLYVA,Liberty Live (Series A),92.83,-34,107,36,0,109,-5,68,16,1,80,189
FIVE,Five Below,154.15,44,96,6,0,146,15,27,17,-16,43,189
TOL,Toll Brothers,137.19,-37,78,6,62,109,-29,71,10,27,79,188
KO,Coca-Cola Company (The),66.44,-7,-23,34,183,187,5,-16,-4,15,0,187
PHM,PulteGroup,130.9,-37,67,7,66,103,-29,71,12,30,84,187
WCC,Wesco International,207.66,-37,93,13,59,128,-9,-5,14,58,58,186
EXPE,Expedia Group,217.83,-6,67,55,12,128,-3,33,12,15,57,185
CBRE,CBRE Group,157.12,-22,78,98,23,177,-20,-1,14,15,8,185
ONTO,Onto Innovation,130.94,75,23,-32,0,66,96,26,1,-5,118,184
GGG,Graco Inc.,84.11,-12,-4,0,179,163,11,-6,16,-1,20,183
ALNY,Alnylam Pharmaceuticals,458.96,0,93,23,16,132,21,-2,16,16,51,183
NET,Cloudflare,217.48,-2,94,45,0,137,-7,16,16,20,45,182
LYFT,Lyft,22.07,114,28,7,-2,147,-5,23,16,1,35,182
WTW,Willis Towers Watson,343.5,28,39,14,25,106,30,10,6,30,76,182
SYF,Synchrony Financial,74.62,-10,94,23,22,129,-10,29,14,19,52,181
D,Dominion Energy,61.02,14,92,20,2,128,24,2,16,11,53,181
NSC,Norfolk Southern,293.51,52,8,17,5,82,65,2,16,15,98,180
BR,Broadridge Financial Solutions,236.03,-54,-8,120,146,204,-50,-16,16,26,-24,180
NOC,Northrop Grumman,586.27,7,61,16,59,143,14,-13,23,13,37,180
CMA,Comerica,68.93,-13,68,13,5,73,-19,99,13,13,106,179
ICE,Intercontinental Exchange,168.04,-56,-18,118,162,206,-53,-24,28,22,-27,179
PGR,Progressive Corporation,240.0,-42,-74,-2,178,60,-49,-14,-9,190,118,178
FOXA,Fox Corporation (Class A),60.15,42,30,74,2,148,-2,2,14,15,29,177
EQH,Equitable Holdings,52.59,-5,15,98,12,120,-5,26,16,20,57,177
AFL,Aflac,109.33,5,30,7,59,101,5,29,-14,56,76,177
PANW,Palo Alto Networks,200.69,-3,14,5,82,98,-11,15,16,58,78,176
BLK,BlackRock,1127.98,0,93,23,23,139,-5,4,16,22,37,176
PEG,Public Service Enterprise Group,82.39,11,-16,1,153,149,23,-24,10,18,27,176
AON,AON,353.75,-53,-7,0,178,118,8,-11,3,57,57,175
STT,State Street Corporation,113.06,19,96,23,17,155,-4,-6,15,15,20,175
PFG,Principal Financial Group,81.84,17,23,3,56,99,26,18,13,19,76,175
USFD,US Foods,77.2,-21,-18,149,36,146,-21,7,16,27,29,175
VLO,Valero Energy,170.82,49,23,6,45,123,20,22,15,-6,51,174
WBD,Warner Bros. Discovery,19.83,95,10,18,0,123,26,10,14,1,51,174
FNF,Fidelity National Financial,59.86,2,31,1,59,93,14,43,1,22,80,173
AGO,Assured Guaranty,84.88,33,1,0,57,91,35,7,16,23,81,172
XOM,ExxonMobil,114.55,14,13,3,45,75,8,22,15,51,96,171
THG,Hanover Insurance,175.09,-51,33,67,25,74,-2,25,59,15,97,171
DINO,HF Sinclair,53.22,20,96,6,2,124,14,26,16,-9,47,171
AEE,Ameren,100.83,11,2,62,14,89,19,-16,67,11,81,170
MTB,M&T Bank,199.43,26,23,7,23,79,39,23,14,15,91,170
DE,Deere & Company,468.94,-5,-24,55,110,136,9,-37,51,11,34,170
IVZ,Invesco,22.17,-6,70,13,3,80,-4,66,13,14,89,169
FE,FirstEnergy,44.08,11,47,12,56,126,10,1,16,15,42,168
XYL,Xylem Inc.,141.46,0,94,14,23,131,-5,3,16,23,37,168
MDU,MDU Resources,17.16,28,2,1,59,90,26,4,16,31,77,167
PKG,Packaging Corporation of America,215.27,8,24,1,62,95,12,24,9,27,72,167
ITW,Illinois Tool Works,259.54,-34,0,8,179,153,-29,-1,13,30,13,166
TMUS,T-Mobile US,238.4,-7,0,0,140,133,5,-9,1,36,33,166
NBIX,Neurocrine Biosciences,146.73,35,31,6,26,98,36,23,13,-5,67,165
ABT,Abbott Laboratories,133.89,50,23,62,14,149,-3,2,2,15,16,165
SYK,Stryker Corporation,370.95,-15,-9,0,160,136,-9,-6,14,30,29,165
TTWO,Take-Two Interactive,244.22,-7,17,51,14,75,-7,24,51,21,89,164
WSO,Watsco,390.83,0,-38,-9,197,150,12,-36,-34,72,14,164
FOX,Fox Corporation (Class B),54.3,35,30,73,2,140,-2,2,13,10,23,163
TFC,Truist Financial,45.89,15,68,7,5,95,39,1,13,15,68,163
GWRE,Guidewire Software,236.51,-21,14,116,22,131,-20,14,16,21,31,162
JLL,Jones Lang LaSalle,303.31,-10,68,10,15,83,-19,73,10,15,79,162
FNB,FNB Corporation,16.1,-11,94,7,56,146,-19,-1,15,20,15,161
FTNT,Fortinet,83.63,43,-38,-8,114,111,34,9,-8,14,49,160
RF,Regions Financial Corporation,26.65,-11,93,13,23,118,-17,30,14,15,42,160
RGLD,Royal Gold,189.41,0,24,67,19,110,-2,32,2,17,49,159
MMM,3M,154.63,-7,15,80,15,103,-3,28,16,15,56,159
WBS,Webster Bank,60.17,-4,94,14,15,119,-16,23,14,18,39,158
KRMN,Karman Holdings,66.95,98,31,0,0,129,-1,22,8,0,29,158
FERG,Ferguson Enterprises,226.23,33,7,17,66,123,-2,-5,16,26,35,158
CCL,Carnival Corporation & plc,30.38,-12,93,23,2,106,-5,23,14,20,52,158
CVNA,Carvana,374.8,0,6,98,12,116,-5,14,16,17,42,158
HUBS,HubSpot,515.39,98,1,-16,12,95,53,13,-24,20,62,157
PNC,PNC Financial Services,203.96,1,84,8,15,108,-4,25,13,15,49,157
U,Unity Technologies,44.43,-3,83,12,0,92,-9,57,16,1,65,157
EXEL,Exelixis,38.92,-6,-1,70,15,78,-16,8,61,25,78,156
PSTG,Pure Storage,84.85,0,24,5,43,72,-2,16,12,58,84,156
CVX,Chevron Corporation,159.15,7,56,13,49,125,12,4,7,7,30,155
MET,Metlife,80.64,20,25,0,59,104,19,-1,14,19,51,155
CVS,CVS Health,76.36,30,29,16,0,75,39,33,6,1,79,154
IONS,Ionis Pharmaceuticals,63.97,7,97,7,1,112,14,22,16,-11,41,153
MRP,Millrose Properties,34.46,-13,83,0,0,70,11,61,9,0,81,151
AEP,American Electric Power,108.87,7,0,79,24,110,12,-15,29,15,41,151
F,Ford Motor Company,11.62,0,108,8,0,116,-4,28,16,-6,34,150
AMD,Advanced Micro Devices,160.87,21,0,4,111,136,26,-20,16,-8,14,150
WFRD,Weatherford International,67.48,49,65,0,0,114,12,23,6,-6,35,149
EPR,EPR Properties,56.17,-3,0,63,30,90,8,13,16,22,59,149
FICO,Fair Isaac,1543.06,-33,0,-12,167,122,11,18,-34,32,27,149
KEY,Keycorp,18.76,-5,94,14,5,108,-11,23,14,14,40,148
BRX,Brixmor Property Group,27.29,-34,76,6,56,104,-29,29,16,27,43,147
SNPS,Synopsys,467.81,0,-11,-3,181,167,-6,-23,14,-6,-21,146
CXT,Crane NXT,62.59,14,2,1,56,73,11,-7,12,57,73,146
BWA,BorgWarner,43.35,-7,96,14,3,106,-19,60,16,-17,40,146
LAZ,Lazard,54.97,-6,77,8,21,100,-10,29,13,14,46,146
BOKF,BOK Financial Corporation,112.09,7,63,6,23,99,-9,29,10,15,45,144
TSCO,Tractor Supply Company,57.33,-21,0,13,86,78,-19,-11,10,86,66,144
LNT,Alliant Energy,65.47,12,2,74,15,103,23,-13,16,14,40,143
JCI,Johnson Controls,106.53,-5,0,81,20,96,-5,16,16,19,46,142
XPO,"XPO, Inc.",130.18,-6,13,0,62,69,9,22,13,28,72,141
VRT,Vertiv,141.6,77,5,15,9,106,-9,4,13,27,35,141
AFRM,Affirm Holdings,81.53,-10,76,18,0,84,-13,37,14,18,56,140
HALO,Halozyme,75.64,-3,41,13,20,71,-5,52,7,15,69,140
AMP,Ameriprise Financial,491.8,0,-18,0,65,47,20,-14,14,72,92,139
CB,Chubb Limited,278.26,7,0,0,59,66,26,-1,-10,57,72,138
MSA,MSA Safety,169.74,-4,-1,0,165,160,-5,-27,16,-6,-22,138
ASTS,AST SpaceMobile,54.49,32,2,17,0,51,59,2,16,9,86,137
KR,Kroger,65.55,-49,-20,85,68,84,4,-23,56,16,53,137
PG,Procter & Gamble,152.4,-33,-3,-12,180,132,-28,26,-20,27,5,137
RRC,Range Resources,36.84,14,0,1,43,58,14,12,-4,56,78,136
AIT,Applied Industrial Technologies,259.37,-5,0,13,59,67,-4,3,12,58,69,136
WYNN,Wynn Resorts,125.92,0,96,14,4,114,-9,24,16,-9,22,136
GILD,Gilead Sciences,113.67,0,0,57,36,93,5,-16,14,40,43,136
CHRW,C.H. Robinson,133.31,0,62,9,5,76,-17,55,12,9,59,135
SMCI,Supermicro,46.19,79,-18,0,59,120,7,7,11,-10,15,135
FLS,Flowserve,55.35,-6,65,4,28,91,-5,14,9,26,44,135
SEIC,SEI Investments Company,85.97,-13,-14,98,36,107,-5,-11,16,27,27,134
CSL,Carlisle Companies,331.86,-63,-9,-3,179,104,-2,-5,16,21,30,134
APO,Apollo Global Management,137.15,-2,-1,-1,98,94,-4,5,12,27,40,134
KKR,KKR & Co. Inc.,137.94,-7,0,3,104,100,-5,5,12,22,34,134
VRSN,Verisign,285.21,-5,2,42,10,49,4,15,58,8,85,134
ELAN,Elanco,18.77,0,97,8,0,105,-9,29,15,-7,28,133
ESI,Element Solutions,25.34,-12,66,-1,58,111,-19,30,13,-2,22,133
POST,Post Holdings,106.63,8,0,-4,88,92,5,-8,-14,58,41,133
WTFC,Wintrust Financial,131.68,-12,31,15,50,84,-10,23,14,20,47,131
RKLB,Rocket Lab,48.68,-2,14,55,0,67,23,16,16,9,64,131
CMS,CMS Energy,71.66,10,0,82,24,116,14,-19,4,15,14,130
ATI,ATI Inc.,76.98,-4,-2,22,44,60,-12,13,16,53,70,130
NDAQ,"Nasdaq, Inc.",87.12,-53,-2,82,145,172,-55,-18,16,15,-42,130
O,Realty Income,59.98,0,38,16,8,62,9,28,16,14,67,129
WAB,Wabtec,192.32,19,-2,1,50,68,-3,-10,16,57,60,128
HR,Healthcare Realty Trust,17.7,-13,62,8,1,58,-16,68,8,10,70,128
CELH,Celsius Holdings,51.89,-52,133,0,66,147,-28,-6,24,-10,-20,127
FITB,Fifth Third Bancorp,45.18,-12,70,6,23,87,-17,27,13,17,40,127
UAL,United Airlines Holdings,101.37,-12,67,7,12,74,-5,31,10,17,53,127
ALAB,Astera Labs,205.31,-11,92,3,0,84,-23,54,11,0,42,126
SLM,Sallie Mae,28.44,0,-28,96,23,91,-10,-28,50,22,34,125
AGNC,AGNC Investment,9.76,-30,79,17,17,83,-68,77,14,18,41,124
DRI,Darden Restaurants,186.61,-37,-5,50,62,70,2,23,-2,31,54,124
NWSA,News Corp (Class A),30.22,0,8,15,59,82,-4,7,16,22,41,123
ROST,Ross Stores,149.46,7,37,6,36,86,7,-5,5,30,37,123
ADSK,Autodesk,323.87,13,18,5,15,51,18,18,16,20,72,123
EXE,Expand Energy,103.11,47,0,47,0,94,10,12,-5,11,28,122
PLNT,Planet Fitness,103.24,7,-17,69,14,73,26,-9,16,15,48,121
EQT,EQT Corporation,53.06,14,0,47,43,104,14,-7,-1,11,17,121
CSX,CSX Corporation,33.83,56,-1,2,5,62,67,-17,16,-7,59,121
TRGP,Targa Resources,172.2,20,2,0,52,74,12,5,-26,55,46,120
AL,Air Lease Corporation,63.54,-11,24,23,23,59,-10,27,16,27,60,119
MUSA,Murphy USA,393.65,5,2,-19,69,57,9,7,-35,80,61,118
CLH,Clean Harbors,232.94,-5,-1,7,59,60,-4,-13,16,58,57,117
PSX,Phillips 66,136.56,7,23,1,42,73,12,23,15,-6,44,117
SSB,SouthState Corporation,100.24,-11,65,6,23,83,-19,23,10,20,34,117
PVH,PVH Corp.,89.52,20,30,0,2,52,39,29,5,-8,65,117
CEG,Constellation Energy,339.29,24,3,22,0,49,28,4,16,20,68,117
SPGI,S&P Global,490.82,-35,-5,0,173,133,-35,-17,14,22,-16,117
VST,Vistra Corp.,202.13,-7,11,25,31,60,-8,5,14,46,57,117
EA,Electronic Arts,167.32,-7,40,10,8,51,19,2,22,22,65,116
UBER,Uber,97.77,28,13,24,0,65,-3,5,22,27,51,116
NTAP,Netapp,123.28,-7,37,4,58,92,-16,29,13,-2,24,116
MKL,Markel,1928.92,-2,-8,74,56,120,-15,-30,14,27,-4,116
PCAR,Paccar,96.89,-28,0,-28,160,104,-33,6,3,35,11,115
NOW,ServiceNow,932.85,-4,0,0,83,79,-14,13,14,23,36,115
ZION,Zions Bancorporation,56.9,-6,76,6,5,81,-17,22,13,16,34,115
EMR,Emerson Electric,131.93,0,-7,22,65,80,-8,-1,16,27,34,114
JNJ,Johnson & Johnson,176.65,4,60,14,8,86,13,-3,11,7,28,114
TRMB,Trimble Inc.,79.9,-3,0,85,5,87,-6,6,14,13,27,114
CGNX,Cognex Corporation,45.53,35,76,7,-32,86,-5,62,12,-41,28,114
HON,Honeywell,208.6,-41,-29,-2,179,107,8,-41,16,23,6,113
TPG,TPG Inc.,60.49,-2,77,8,0,83,-5,5,10,20,30,113
FRHC,Freedom Holding,170.25,3,0,60,15,78,11,-24,16,31,34,112
MCO,Moody's Corporation,475.13,-34,-5,0,157,118,-29,-17,14,26,-6,112
UHS,Universal Health Services,199.72,21,26,1,23,71,21,30,-10,-2,39,110
EXLS,EXL Service,43.65,5,0,0,66,71,24,-4,5,14,39,110
NXST,Nexstar Media Group,199.06,-8,93,15,5,105,-12,-7,13,11,5,110
DAL,Delta Air Lines,57.7,-8,66,7,20,85,-6,-5,8,27,24,109
EXC,Exelon,44.22,18,2,61,15,96,25,-16,-7,11,13,109
ADM,Archer Daniels Midland,61.49,5,95,8,0,108,10,-4,16,-21,1,109
REG,Regency Centers,71.38,8,2,0,54,64,14,-5,16,20,45,109
LNC,Lincoln Financial,40.78,2,63,24,2,91,-3,-5,14,9,15,106
ES,Eversource Energy,69.1,28,4,21,0,53,26,8,16,3,53,106
DHI,D. R. Horton,167.45,-56,67,7,66,84,-56,71,10,-3,22,106
TNL,Travel + Leisure Co.,60.37,-63,84,15,17,53,-4,29,13,15,53,106
LSCC,Lattice Semiconductor,72.15,42,36,7,0,85,-1,29,8,-16,20,105
H,Hyatt Hotels,140.05,-21,0,-1,56,34,-17,19,12,56,70,104
RNR,RenaissanceRe,250.32,18,5,-14,36,45,29,-13,14,29,59,104
ECG,Everus Construction Group,79.79,0,92,0,0,92,-5,4,13,0,12,104
THO,Thor Industries,108.56,7,78,7,3,95,8,-4,12,-7,9,104
VEEV,Veeva Systems,277.86,2,-5,51,9,57,30,-19,16,19,46,103
DELL,Dell Technologies,132.05,56,3,2,33,94,-5,3,16,-5,9,103
IDXX,Idexx Laboratories,626.91,-7,101,20,5,119,-12,-12,16,-9,-17,102
WTM,White Mountains Insurance Group,1756.9,16,-11,-5,60,60,25,-14,-26,57,42,102
NCLH,Norwegian Cruise Line Holdings,25.23,-11,65,6,0,60,-2,14,9,21,42,102
RBLX,Roblox Corporation,133.09,-5,12,59,0,66,-11,13,22,12,36,102
RGA,Reinsurance Group of America,191.02,5,12,-9,41,49,10,-6,-7,54,51,100
W,Wayfair,82.94,-19,94,10,-42,43,-18,100,16,-41,57,100
AIG,American International Group,77.91,2,0,34,54,90,2,-8,-6,22,10,100
RPM,RPM International,118.29,-37,0,-1,181,143,-51,-4,13,-1,-43,100
EQIX,Equinix,790.0,22,0,-14,35,43,36,7,-14,27,56,99
PODD,Insulet,327.0,-6,31,51,5,81,-6,-3,20,7,18,99
OHI,Omega Healthcare Investors,41.41,-53,53,12,41,53,5,-3,11,32,45,98
SHW,Sherwin-Williams,342.77,-63,-4,0,191,124,-55,-7,16,20,-26,98
HSY,Hershey Company (The),190.88,8,60,10,0,78,16,14,10,-20,20,98
ROKU,"Roku, Inc.",98.2,0,75,16,-20,71,-12,23,11,5,27,98
LAD,Lithia Motors,335.26,-1,21,0,15,35,8,23,7,22,60,95
BAM,Brookfield Asset Management,59.11,0,0,71,0,71,-3,2,16,9,24,95
SWKS,Skyworks Solutions,80.66,36,16,0,-31,21,41,26,13,-6,74,95
SCHW,Charles Schwab Corporation,92.34,-5,-1,83,12,89,-5,-21,16,15,5,94
STLD,Steel Dynamics,136.45,0,8,6,56,70,-13,22,16,-1,24,94
DD,DuPont,75.79,-7,65,-9,20,69,-7,23,13,-4,25,94
INTC,Intel,31.22,56,30,0,-21,65,6,29,6,-13,28,93
WAL,Western Alliance Bancorporation,89.01,0,31,6,5,42,-11,29,13,19,50,92
EWBC,East West Bancorp,105.79,-12,23,15,23,49,-17,23,15,20,41,90
COHR,Coherent Corp.,106.48,38,5,4,16,63,-6,4,13,16,27,90
CRWD,CrowdStrike,476.35,0,5,51,0,56,-9,6,16,21,34,90
MSM,MSC Industrial Direct,88.92,-13,23,13,59,82,-23,25,16,-10,8,90
GNTX,Gentex,28.31,-6,59,0,0,53,-21,57,10,-9,37,90
RIVN,Rivian,15.79,35,7,2,0,44,49,17,1,-22,45,89
LVS,Las Vegas Sands,52.99,-2,94,12,3,107,-9,-8,13,-15,-19,88
LAMR,Lamar Advertising,123.04,-37,23,7,65,58,-29,23,14,22,30,88
MU,Micron Technology,161.78,0,20,4,23,47,-5,29,16,1,41,88
MDLZ,Mondelez International,64.39,49,0,2,1,52,40,7,-1,-10,36,88
EOG,EOG Resources,116.93,-12,-4,-4,46,26,8,-7,9,52,62,88
HBAN,Huntington Bancshares,17.36,-12,23,15,22,48,-16,23,16,17,40,88
IR,Ingersoll Rand,80.96,32,0,-27,24,29,34,13,13,-1,59,88
PAG,Penske Automotive Group,173.9,-67,0,21,63,17,2,-5,16,58,71,88
NTRA,Natera,163.82,-8,25,7,19,43,-10,29,6,20,45,88
APPF,AppFolio,279.7,2,0,11,29,42,-2,7,11,29,45,87
TXT,Textron,82.77,0,10,0,54,64,-5,18,16,-6,23,87
RMD,Resmed,274.31,18,0,23,14,55,16,-14,15,14,31,86
TFSL,Third Federal S&L,13.32,0,27,9,6,42,13,-5,16,20,44,86
INCY,Incyte,84.15,-8,80,9,0,81,-12,-4,12,8,4,85
SAIL,SailPoint,22.17,58,9,0,0,67,-4,14,8,0,18,85
ARMK,Aramark,37.61,-6,-20,21,41,36,12,-36,16,57,49,85
DLR,Digital Realty,172.02,0,4,3,23,30,12,7,16,20,55,85
DBX,Dropbox,31.38,1,20,5,10,36,9,25,6,9,49,85
GWW,W. W. Grainger,952.93,-28,-1,-9,95,57,-20,-4,-7,58,27,84
NU,Nubank,16.01,0,25,7,0,32,-4,20,16,20,52,84
KNSL,Kinsale Capital Group,429.44,0,-23,-3,34,8,1,-11,-1,86,75,83
ROP,Roper Technologies,505.59,-14,-38,-8,183,123,-6,-55,-7,27,-41,82
RDDT,Reddit,235.71,-14,69,3,0,58,-23,38,8,0,23,81
GTES,Gates Corporation,24.33,-12,0,23,16,27,-4,23,16,19,54,81
FAF,First American Financial Corporation,65.24,-28,43,8,15,38,-21,40,3,19,41,79
MSGS,Madison Square Garden Sports,217.48,7,12,3,22,44,7,19,9,-1,34,78
CWEN-A,Clearway Energy (Class A),27.2,7,-24,64,7,54,23,-38,28,11,24,78
COKE,Coca-Cola Consolidated,114.47,-46,-2,0,87,39,9,-1,-22,53,39,78
USB,U.S. Bancorp,49.17,-4,27,6,5,34,-13,28,13,16,44,78
VOYA,Voya Financial,75.64,-6,35,7,5,41,-4,29,14,-2,37,78
BRO,Brown & Brown,93.24,7,-103,-5,164,63,12,-9,-16,27,14,77
ECL,Ecolab,267.05,0,-5,22,23,40,12,-11,16,20,37,77
CWEN,Clearway Energy (Class C),28.55,7,-24,64,5,52,23,-38,28,11,24,76
FLUT,Flutter Entertainment,279.8,-2,0,25,22,45,-2,-9,14,28,31,76
CF,CF Industries,91.66,18,1,3,5,27,22,1,16,9,48,75
MTSI,MACOM Technology Solutions,126.63,-33,-5,5,59,26,-5,10,14,30,49,75
VICI,Vici Properties,31.89,-91,-1,64,16,-12,3,-5,29,58,85,73
RKT,Rocket Companies,19.58,-24,50,10,0,36,-27,47,15,2,37,73
RPRX,Royalty Pharma,35.77,0,0,38,0,38,-3,4,32,1,34,72
SNOW,Snowflake Inc.,222.54,0,19,21,0,40,-5,19,16,2,32,72
PNW,Pinnacle West Capital,87.11,9,-19,1,19,10,23,-17,28,27,61,71
ROIV,Roivant Sciences,14.7,-5,31,7,0,33,-26,47,16,1,38,71
M,"Macy's, Inc.",17.38,0,60,4,-16,48,2,23,5,-7,23,71
FR,First Industrial Realty Trust,51.11,-14,26,0,15,27,-7,22,14,15,44,71
LUV,Southwest Airlines,33.06,42,0,7,-40,9,40,2,14,5,61,70
SUI,Sun Communities,127.99,-3,18,9,-25,-1,12,31,16,12,71,70
IT,Gartner,263.01,62,-71,-27,0,-36,62,11,-25,58,106,70
SPR,Spirit AeroSystems,38.54,0,-10,24,0,14,11,-7,36,15,55,69
META,Meta Platforms,760.71,-11,1,23,30,43,-19,7,14,24,26,69
FHB,"First Hawaiian, Inc.",25.15,-11,23,6,15,33,-17,23,13,15,34,67
ED,Consolidated Edison,98.76,13,-21,1,48,41,14,-24,-10,46,26,67
BEPC,Brookfield Renewable Partners,34.39,0,3,16,0,19,9,12,16,11,48,67
HIW,Highwoods Properties,31.32,-12,20,6,7,21,-7,23,16,14,46,67
MSTR,MicroStrategy,323.31,-9,-29,105,20,87,-19,-39,16,21,-21,66
GAP,Gap Inc.,22.84,-6,4,0,19,17,12,26,-9,20,49,66
NEE,NextEra Energy,73.8,21,1,1,1,24,25,-14,16,14,41,65
MAR,Marriott International,262.16,-13,-3,0,59,43,-13,-6,13,28,22,65
LECO,Lincoln Electric,233.64,-7,0,13,66,72,-5,-8,14,-8,-7,65
MSCI,MSCI,566.7,0,4,0,15,19,12,-1,13,21,45,64
APA,APA Corporation,24.42,7,34,0,-13,28,12,32,11,-20,35,63
TPL,Texas Pacific Land Corporation,936.49,9,0,-15,59,53,11,-4,-11,14,10,63
WWD,"Woodward, Inc.",237.58,-5,-2,25,36,54,-4,-30,16,27,9,63
CLF,Cleveland-Cliffs,11.73,7,59,0,-17,49,-5,19,9,-9,14,63
ZG,Zillow (Class A),76.49,-22,0,60,0,38,-28,23,9,21,25,63
CSCO,Cisco,67.32,-7,-2,54,15,60,-16,-23,16,26,3,63
INFA,Informatica,24.84,0,85,0,0,85,-22,-7,14,-8,-23,62
ALLY,Ally Financial,41.96,-10,23,8,5,26,-19,24,14,17,36,62
PCOR,Procore,72.8,14,8,0,0,22,-1,14,6,20,39,61
SHC,Sotera Health,15.68,-9,33,7,0,31,-5,33,8,-7,29,60
GEN,Gen Digital,29.1,0,-8,21,17,30,7,-10,16,17,30,60
GPC,Genuine Parts Company,138.63,-34,47,7,0,20,-12,54,16,-18,40,60
ZS,Zscaler,284.4,-3,0,23,6,26,-8,7,16,19,34,60
WDAY,"Workday, Inc.",241.5,42,6,-16,15,47,12,14,-10,-3,13,60
HAS,Hasbro,75.22,0,0,20,4,24,15,-8,16,12,35,59
AVT,Avnet,52.82,-6,11,7,46,58,-4,-8,16,-3,1,59
QS,QuantumScape,12.48,60,6,12,0,78,-2,6,14,-37,-19,59
PR,Permian Resources,13.67,14,0,0,27,41,12,-8,16,-3,17,58
OVV,Ovintiv,42.78,14,7,0,3,24,12,16,13,-7,34,58
NVST,Envista,20.56,-11,79,10,0,78,-5,6,12,-33,-20,58
RS,"Reliance, Inc.",284.37,-63,-38,-2,116,13,-29,-3,-1,78,45,58
AR,Antero Resources,33.92,14,0,0,11,25,15,12,-6,11,32,57
VNOM,Viper Energy,39.61,7,1,-15,45,38,14,-9,-34,48,19,57
VNO,Vornado Realty Trust,40.91,-7,16,4,5,18,-7,16,14,16,39,57
HHH,Howard Hughes Holdings,79.53,-9,34,4,0,29,-21,29,5,15,28,57
MAS,Masco,71.57,-37,60,-3,66,86,-55,-4,7,22,-30,56
DVN,Devon Energy,35.21,7,31,-4,-6,28,9,27,15,-23,28,56
NVR,"NVR, Inc.",8035.72,-55,63,-2,66,72,-55,-1,9,30,-17,55
STWD,Starwood Property Trust,19.98,-37,0,24,59,46,-28,-1,16,22,9,55
PLD,Prologis,112.83,-7,23,5,0,21,2,22,16,-6,34,55
TXN,Texas Instruments,184.43,14,-16,0,23,21,13,-12,16,17,34,55
HLT,Hilton Worldwide,263.1,-57,0,22,65,30,-11,-5,14,27,25,55
COLB,Columbia Banking System,26.15,0,43,2,0,45,-9,-5,11,11,8,53
AOS,A. O. Smith,71.97,-21,16,0,59,54,-29,18,16,-6,-1,53
KEYS,Keysight,174.41,0,16,4,1,21,-4,16,14,6,32,53
BXP,"BXP, Inc.",75.46,0,20,4,0,24,-22,21,16,14,29,53
BHF,Brighthouse Financial,54.18,26,4,0,1,31,18,4,-9,9,22,53
FCX,Freeport-McMoRan,37.67,-7,-1,-1,59,50,-5,-1,16,-7,3,53
UWMC,United Wholesale Mortgage,6.45,-24,34,0,0,10,9,34,4,-5,42,52
CNM,Core & Main,49.89,0,-12,0,0,-12,28,-5,16,25,64,52
EFX,Equifax,257.43,-13,10,-10,17,4,2,10,16,19,47,51
DNB,Dun & Bradstreet,9.15,29,52,-28,0,53,46,-13,2,-37,-2,51
APTV,Aptiv,85.06,35,31,7,-25,48,-4,27,16,-37,2,50
TEM,Tempus AI,79.23,-8,31,0,0,23,-12,29,9,0,26,49
EXP,Eagle Materials,226.68,-22,0,-21,58,15,-29,57,6,-1,33,48
GEV,GE Vernova,628.55,2,4,2,0,8,18,5,17,0,40,48
CPNG,Coupang,32.02,-10,13,23,0,26,-26,13,16,18,21,47
DECK,Deckers Brands,111.23,-32,20,-30,94,52,-29,17,-26,32,-6,46
NTNX,Nutanix,74.76,-21,11,4,23,17,-22,10,16,25,29,46
EQR,Equity Residential,65.17,0,0,-2,14,12,12,17,-9,14,34,46
FDX,FedEx,233.75,20,4,-32,33,25,14,4,8,-5,21,46
WMS,Advanced Drainage Systems,138.21,-5,36,0,4,35,-5,3,16,-4,10,45
NDSN,Nordson,223.15,-12,24,0,2,14,-5,28,16,-8,31,45
PRU,Prudential Financial,103.32,-12,0,-19,56,25,-5,-7,10,20,18,43
NNN,NNN Reit,42.0,-36,0,6,23,-7,2,17,16,15,50,43
GME,GameStop,26.24,91,0,-16,-31,44,-1,17,-9,-8,-1,43
ACGL,Arch Capital Group,90.76,3,1,-14,63,53,5,-7,-7,-1,-10,43
SSD,Simpson Manufacturing Company,176.57,-63,0,0,157,94,-57,-5,12,-2,-52,42
LCID,Lucid Motors,22.98,80,-26,-10,0,44,51,5,-23,-36,-3,41
TDC,Teradata,22.43,80,6,-85,-18,-17,66,8,1,-17,58,41
MKSI,MKS Instruments,123.92,0,15,3,0,18,-9,26,12,-6,23,41
QRVO,Qorvo,93.27,23,7,0,-32,-2,40,-5,14,-6,43,41
FANG,Diamondback Energy,144.57,20,0,-35,48,33,12,-8,10,-6,8,41
NLY,Annaly Capital Management,20.8,-32,76,24,11,79,-68,-1,14,17,-38,41
ELF,e.l.f. Beauty,128.91,-21,20,0,32,31,-26,25,14,-6,7,38
RVMD,Revolution Medicines,43.53,0,14,-2,0,12,-9,20,16,-1,26,38
IPGP,IPG Photonics,79.12,-6,93,7,-45,49,-2,23,12,-45,-12,37
BURL,Burlington Stores,267.17,0,0,7,4,11,7,-9,9,18,25,36
REXR,Rexford Industrial,41.74,-28,79,0,-19,32,-5,30,12,-33,4,36
CPRT,Copart,45.39,-55,-7,-19,177,96,-54,-6,-29,29,-60,36
ETSY,Etsy,64.09,77,1,3,-31,50,4,3,16,-38,-15,35
CHWY,Chewy,37.42,-4,-1,47,0,42,-2,-4,-7,6,-7,35
TOST,"Toast, Inc.",37.52,-20,-17,83,0,46,-19,-27,16,18,-12,34
ALSN,Allison Transmission,86.83,-12,-4,-11,36,9,-10,27,-27,35,25,34
RAL,Ralliant,43.94,35,0,0,0,35,38,-39,0,0,-1,34
RBRK,Rubrik,79.12,0,-11,0,0,-11,-2,-3,50,0,45,34
AVB,AvalonBay Communities,192.77,-7,0,-9,17,1,11,18,-13,16,32,33
CUZ,Cousins Properties,28.62,-28,19,0,12,3,-23,23,16,14,30,33
AMZN,Amazon,220.21,-22,-2,23,22,21,-21,-2,13,21,11,32
BBY,Best Buy,74.18,0,31,-30,-7,-6,8,28,4,-3,37,31
COIN,Coinbase,321.77,-9,-3,15,0,3,-11,5,15,19,28,31
RITM,Rithm Capital,11.68,-36,0,23,33,20,-27,-5,16,27,11,31
GLPI,Gaming and Leisure Properties,45.74,-53,-1,0,66,12,-49,23,-14,58,18,30
VZ,Verizon,43.18,-30,34,36,11,51,-28,-14,6,15,-21,30
SNV,Synovus,49.6,-21,-3,5,22,3,-21,18,14,15,26,29
CTVA,Corteva,69.6,-56,-8,59,0,-5,-19,25,16,12,34,29
ROK,Rockwell Automation,342.29,-6,10,21,16,41,-12,-5,16,-12,-13,28
CAR,Avis Budget Group,161.78,18,0,15,-21,12,22,13,19,-38,16,28
INGM,Ingram Micro,20.53,-6,11,0,0,5,-5,14,13,0,22,27
HPQ,HP Inc.,27.49,-5,31,-31,0,-5,-3,32,5,-2,32,27
DDOG,Datadog,136.5,0,-1,5,0,4,-2,11,13,-1,21,25
SEB,Seaboard Corporation,3650.35,-36,68,11,0,43,-29,-4,14,1,-18,25
DOCU,DocuSign,83.99,0,7,0,-13,-6,12,15,-8,12,31,25
RYN,Rayonier,26.18,0,36,-3,0,33,6,-8,4,-10,-8,25
AWK,American Water Works,136.42,0,-13,32,0,19,11,-13,-2,9,5,24
MOS,Mosaic Company (The),35.92,7,2,22,-17,14,7,13,21,-31,10,24
APG,APi Group,33.95,-14,-1,24,0,9,-19,-10,16,27,14,23
CCK,Crown Holdings,96.2,5,-26,23,6,8,2,-17,16,13,14,22
Z,Zillow (Class C),78.99,-22,0,17,0,-5,-28,23,10,21,26,21
ESS,Essex Property Trust,264.37,-7,0,-1,15,7,-6,14,-9,15,14,21
FRT,Federal Realty Investment Trust,99.16,-37,26,-3,2,-12,2,26,7,-2,33,21
XP,XP Inc.,19.23,-7,11,5,0,9,-19,17,22,-9,11,20
PATH,UiPath,12.32,42,3,-17,0,28,-1,13,-9,-11,-8,20
FCNCA,First Citizens BancShares,1831.39,-54,-14,-2,60,-10,2,-7,13,22,30,20
DKNG,DraftKings,42.96,-2,0,0,0,-2,-2,-5,8,21,22,20
GXO,GXO Logistics,51.01,2,3,7,0,12,11,-9,15,-9,8,20
CI,Cigna,291.43,-56,0,-3,59,0,2,28,-9,-2,19,19
NYT,New York Times Company,57.39,-19,0,8,17,6,-15,-10,16,22,13,19
MANH,Manhattan Associates,212.05,-12,-2,-35,66,17,-13,6,9,-1,1,18
HLNE,Hamilton Lane,142.79,-7,-1,-4,26,14,-7,-16,4,22,3,17
SMMT,Summit Therapeutics,20.51,13,-13,0,15,15,12,-27,-3,20,2,17
LNW,Light & Wonder,84.72,-28,0,-9,58,21,-3,-6,-21,26,-4,17
SJM,J.M. Smucker Company (The),110.32,13,1,1,-5,10,31,-5,4,-24,6,16
ZM,Zoom Communications,83.02,-17,20,6,-1,8,-26,22,6,5,7,15
AES,AES Corporation,13.36,23,3,0,-12,14,28,-15,12,-25,0,14
MHK,Mohawk Industries,127.85,-42,56,-1,-12,1,-54,60,8,-2,12,13
PSN,Parsons Corporation,80.67,2,6,0,0,8,-5,3,9,-2,5,13
KEX,Kirby Corporation,83.36,-1,-39,-9,36,-13,-1,-32,16,43,26,13
SBUX,Starbucks,84.26,20,-16,-7,0,-3,28,-24,4,8,16,13
TTEK,Tetra Tech,33.63,-20,-4,-35,120,61,-29,-30,12,-2,-49,12
UGI,UGI Corporation,32.84,-51,-21,48,5,-19,4,-34,55,6,31,12
EGP,EastGroup Properties,165.07,-3,0,-3,9,3,-3,2,16,-6,9,12
HST,Host Hotels & Resorts,17.36,-22,26,4,3,11,-29,23,14,-7,1,12
BA,Boeing,215.15,-1,-9,14,0,4,11,-8,16,-12,7,11
DVA,DaVita,133.59,9,-22,-9,21,-1,26,-8,-26,20,12,11
QSR,Restaurant Brands International,64.49,13,-34,0,41,20,19,-35,16,-9,-9,11
VVV,Valvoline,37.29,-28,0,-1,32,3,-29,29,13,-5,8,11
WTRG,Essential Utilities,37.79,5,0,12,0,17,5,-10,-7,6,-6,11
VRSK,Verisk Analytics,242.86,-77,-42,-2,115,-6,3,-8,-8,29,16,10
JAZZ,Jazz Pharmaceuticals,129.61,1,34,0,-7,28,-5,26,1,-40,-18,10
OMC,Omnicom Group,77.09,2,31,-33,2,2,11,-4,3,-2,8,10
EG,Everest Group,345.54,7,1,-42,56,22,13,23,-43,-6,-13,9
KIM,Kimco Realty,21.62,-76,31,0,56,11,-54,23,14,15,-2,9
UNH,UnitedHealth Group,351.78,14,16,-24,0,6,12,28,-37,-2,1,7
HOG,Harley-Davidson,28.89,-37,31,0,-10,-16,-4,28,11,-12,23,7
AMTM,Amentum,22.57,0,-6,0,0,-6,15,-20,16,0,11,5
DOX,Amdocs,83.0,-14,-32,0,59,13,-11,-19,16,6,-8,5
GLIBK,GCI Liberty (Series C),35.91,0,0,0,0,0,12,-9,0,0,3,3
XYZ,"Block, Inc.",76.52,1,7,2,-37,-27,14,-9,10,14,29,2
EIX,Edison International,55.04,-7,38,-38,0,-7,2,3,6,-2,9,2
TKR,Timken Company,75.65,-12,0,-1,5,-8,-21,23,13,-6,9,1
CTRA,Coterra,23.74,-29,-4,-11,45,1,6,-3,-18,14,-1,0
SFD,Smithfield Foods,24.07,0,-5,0,0,-5,9,-14,10,0,5,0
HSIC,Schein (Henry),67.78,-3,-1,-11,0,-15,14,-2,-1,4,15,0
GTM,ZoomInfo,11.5,0,11,0,0,11,-6,21,12,-38,-11,0
MDB,MongoDB Inc.,315.25,-37,28,4,-10,-15,-4,20,8,-10,14,-1
BLD,TopBuild,394.09,-28,0,8,47,27,-29,-8,12,-4,-29,-2
ELV,Elevance Health,326.24,31,0,-50,-3,-22,37,2,-16,-4,19,-3
BSY,Bentley Systems,52.27,-12,-2,15,0,1,-6,-8,16,-7,-5,-4
TRU,TransUnion,87.12,-22,-4,-1,4,-23,-23,13,14,15,19,-4
VRTX,Vertex Pharmaceuticals,376.71,-40,-36,-8,105,21,-46,-5,-12,38,-25,-4
TXRH,Texas Roadhouse,161.76,0,-33,-5,65,27,7,-69,-2,32,-32,-5
OKE,Oneok,73.65,7,-38,-19,55,5,7,-38,-31,52,-10,-5
OXY,Occidental Petroleum,46.88,1,24,-61,0,-36,9,26,12,-17,30,-6
APD,Air Products,272.33,-15,-2,-1,17,-1,-18,-7,8,11,-6,-7
CRM,Salesforce,245.88,2,0,-19,23,6,-5,-3,-27,22,-13,-7
LOAR,Loar Holdings,77.31,-5,0,0,0,-5,-14,21,-9,0,-2,-7
CFR,Frost Bank,125.57,-12,-3,0,5,-10,-19,-3,14,11,3,-7
SOLV,Solventum,71.81,-7,-1,0,0,-8,-24,13,12,0,1,-7
MOH,Molina Healthcare,190.72,7,0,-19,-3,-15,12,20,-15,-9,8,-7
HAL,Halliburton,24.44,18,20,-69,0,-31,14,18,1,-10,23,-8
IPG,Interpublic Group of Companies (The),26.33,2,46,-49,0,-1,11,-4,4,-18,-7,-8
CPT,Camden Property Trust,107.2,-1,-1,-1,0,-3,-6,-2,-9,12,-5,-8
BC,Brunswick Corporation,62.67,-28,78,-44,-8,-2,-29,23,10,-10,-6,-8
VFC,VF Corporation,14.82,0,23,-26,-44,-47,6,21,3,8,38,-9
DIS,Walt Disney Company (The),113.44,-37,-9,21,-1,-26,2,-5,16,4,17,-9
GLIBA,GCI Liberty (Series A),36.2,0,0,0,0,0,-5,-5,0,0,-10,-10
MCHP,Microchip Technology,65.82,3,-13,0,0,-10,6,-14,16,-8,0,-10
DAY,Dayforce,68.83,-34,27,6,-13,-14,-25,23,6,-1,3,-11
PNFP,Pinnacle Financial Partners,95.12,-12,-3,-10,16,-9,-20,-1,-1,19,-3,-12
CIVI,Civitas Resources,33.31,14,32,-61,-1,-16,14,-6,5,-10,3,-13
REYN,Reynolds Consumer Products,23.08,2,35,-34,0,3,-9,-6,3,-4,-16,-13
BILL,Bill.com,52.21,-1,19,-30,0,-12,13,19,4,-38,-2,-14
PK,Park Hotels & Resorts,11.56,-18,31,-32,0,-19,-22,23,9,-6,4,-15
AGCO,AGCO,107.26,-8,-1,13,0,4,-4,-18,17,-14,-19,-15
IP,International Paper,46.25,-11,-17,0,17,-11,-21,-9,9,17,-4,-15
CR,Crane Co.,178.99,-10,-9,22,0,3,-19,-21,16,6,-18,-15
AUR,Aurora Innovation,5.83,0,0,-7,0,-7,-2,1,-24,16,-9,-16
RRX,Regal Rexnord,142.99,1,-13,-5,4,-13,-5,-9,13,-2,-3,-16
DOC,Healthpeak Properties,18.66,20,15,-23,-32,-20,12,18,-38,10,2,-18
GPN,Global Payments,87.12,25,46,-33,-40,-2,-4,-5,4,-11,-16,-18
GEHC,GE HealthCare,73.96,-32,14,-26,0,-44,-3,15,5,9,26,-18
G,Genpact,42.67,1,-11,-3,4,-9,7,-7,-21,11,-10,-19
A,Agilent Technologies,124.41,-11,20,-29,0,-20,-26,26,7,-6,1,-19
ONON,On Holding AG,45.76,35,-39,-5,0,-9,40,-70,-2,21,-11,-20
DOV,Dover Corporation,167.28,-63,-19,-9,107,16,-58,-10,12,20,-36,-20
KD,Kyndryl,31.52,-13,-36,0,0,-49,12,-1,-3,21,29,-20
OLED,Universal Display Corporation,147.15,22,0,-43,0,-21,40,-50,16,-6,0,-21
ZBRA,Zebra Technologies,308.48,-9,-3,-8,-8,-28,-19,2,10,14,7,-21
ESTC,Elastic NV,85.81,-12,13,-19,-7,-25,-11,19,1,-5,4,-21
LEN-B,Lennar (Class B),119.3,-56,1,-2,63,6,-29,-4,7,-2,-28,-22
ISRG,Intuitive Surgical,443.84,0,-40,-9,23,-26,28,-48,-4,27,3,-23
ON,ON Semiconductor,50.93,45,-19,-43,-2,-19,-5,5,12,-16,-4,-23
MAA,Mid-America Apartment Communities,140.39,0,-40,-3,0,-43,25,-3,-14,12,20,-23
ESAB,ESAB,108.06,-11,-35,-3,0,-49,-4,-5,16,18,25,-24
SARO,StandardAero,26.19,-9,-30,0,0,-39,-5,4,16,0,15,-24
VLTO,Veralto,105.59,-29,0,8,0,-21,-25,7,15,0,-3,-24
STAG,STAG Industrial,34.65,-80,-1,0,97,16,-47,-4,16,-5,-40,-24
PENN,Penn Entertainment,19.68,3,30,1,-35,-1,17,-1,6,-45,-23,-24
LEN,Lennar (Class A),125.7,-57,1,-3,65,6,-29,-4,7,-4,-30,-24
QGEN,Qiagen,45.07,-9,-11,18,0,-2,-10,-34,16,6,-22,-24
HXL,Hexcel,61.15,-13,0,-3,0,-16,-5,-4,10,-10,-9,-25
SEE,Sealed Air,33.24,-11,24,0,-25,-12,-21,27,14,-33,-13,-25
DT,Dynatrace,48.15,-5,-34,-8,0,-47,-8,-4,13,21,22,-25
TMO,Thermo Fisher Scientific,469.25,-18,45,-28,0,-1,-17,-5,1,-4,-25,-26
CNXC,Concentrix,55.52,0,7,2,0,9,-16,14,1,-34,-35,-26
CFLT,"Confluent, Inc.",19.75,-6,0,-9,0,-15,-3,14,-24,1,-12,-27
EW,Edwards Lifesciences,74.65,-6,-9,0,-15,-30,9,-7,36,-36,2,-28
VTRS,Viatris,9.7,-13,1,-3,-1,-16,-11,-7,8,-2,-12,-28
TTC,Toro Company (The),76.5,-28,50,-2,-1,19,-29,-4,7,-21,-47,-28
ENTG,Entegris,93.47,0,10,-50,-7,-47,-3,22,5,-6,18,-29
NUE,Nucor,136.39,-37,0,0,0,-37,10,-6,13,-9,8,-29
S,SentinelOne,18.19,-5,0,-31,0,-36,-6,15,-1,-2,6,-30
AS,Amer Sports,34.14,-21,-4,10,0,-15,-21,-10,16,0,-15,-30
BG,Bunge Global,78.99,-37,0,0,0,-37,8,-11,16,-6,7,-30
OWL,Blue Owl Capital,17.28,-7,-25,-10,0,-42,-18,-1,8,22,11,-31
LPX,Louisiana-Pacific,83.37,-58,-6,-3,64,-3,-55,-6,6,27,-28,-31
LBTYK,Liberty Global (Series C),11.67,-13,38,-46,-31,-52,-23,75,5,-37,20,-32
ALGM,Allegro MicroSystems,31.08,0,-4,17,0,13,-2,-40,14,-17,-45,-32
WAT,Waters Corporation,292.55,-9,-2,-11,0,-22,-23,23,-26,15,-11,-33
MTDR,Matador Resources,47.33,0,-6,-35,0,-41,12,-6,9,-7,8,-33
CSGP,CoStar Group,84.05,-25,-1,12,15,1,-29,-24,29,-10,-34,-33
IOT,Samsara,36.94,-11,0,-16,0,-27,-19,14,-23,21,-7,-34
GNRC,Generac,167.38,-14,0,9,-35,-40,-5,-14,13,11,5,-35
SWK,Stanley Black & Decker,75.09,-22,60,-35,-40,-37,-29,29,5,-3,2,-35
COP,ConocoPhillips,95.62,7,2,-51,3,-39,12,-8,8,-9,3,-36
SN,SharkNinja,107.57,-21,0,14,0,-7,-19,-25,13,2,-29,-36
CHE,Chemed Corporation,456.28,7,0,-17,0,-10,3,-5,-15,-9,-26,-36
CMG,Chipotle Mexican Grill,39.53,0,-44,-12,81,25,-5,-45,-10,-1,-61,-36
WST,West Pharmaceutical Services,259.94,6,14,-33,-8,-21,-29,15,7,-9,-16,-37
OTIS,Otis Worldwide,88.73,-12,-4,-10,0,-26,-25,6,-20,27,-12,-38
CBSH,Commerce Bancshares,59.0,-12,-36,-2,12,-38,-19,-11,16,14,0,-38
TSN,Tyson Foods,54.46,0,0,-7,-29,-36,11,-9,-17,12,-3,-39
GTLB,GitLab,47.23,-10,13,-27,0,-24,-7,20,-26,-2,-15,-39
VIRT,Virtu Financial,35.23,-104,-18,0,15,-107,6,-30,77,15,68,-39
ARW,Arrow Electronics,120.93,-42,-6,7,5,-36,-5,-6,16,-9,-4,-40
CTSH,Cognizant,68.41,-24,-40,-9,15,-58,12,-5,-9,19,17,-41
LBTYA,Liberty Global (Series A),11.52,-13,38,-46,-32,-53,-23,38,7,-11,11,-42
CPB,Campbell Soup Company,33.72,13,16,-38,-7,-16,14,10,-45,-6,-27,-43
TROW,T. Rowe Price,103.43,-11,0,0,-26,-37,-11,-6,12,-1,-6,-43
NOV,NOV Inc.,13.18,9,2,-61,-13,-63,12,16,7,-16,19,-44
HRB,H&R Block,49.45,-35,-75,-7,53,-64,-28,7,-12,53,20,-44
CHRD,Chord Energy,104.32,6,1,-56,0,-49,8,-7,10,-7,4,-45
PEN,"Penumbra, Inc.",253.74,-61,19,0,12,-30,-5,-3,-12,4,-16,-46
PAYX,Paychex,128.27,-119,-40,-2,168,7,-28,-33,-7,15,-53,-46
DLB,Dolby Laboratories,71.61,-4,-2,-9,0,-15,-2,-12,-26,9,-31,-46
FOUR,Shift4,80.77,-21,-36,-6,0,-63,-7,-7,6,25,17,-46
WH,Wyndham Hotels & Resorts,82.38,-59,-6,-9,12,-62,6,-11,4,16,15,-47
PINS,Pinterest,32.99,-19,-3,-1,-1,-24,-26,-3,12,-6,-23,-47
ARE,Alexandria Real Estate Equities,85.89,0,31,-43,-31,-43,11,20,1,-36,-4,-47
HOLX,Hologic,66.39,-3,0,-41,0,-44,11,-16,9,-8,-4,-48
NIQ,NIQ Global Intelligence,15.78,-28,0,0,0,-28,-32,11,0,0,-21,-49
CACC,Credit Acceptance,485.04,-12,0,-1,0,-13,-21,-5,-4,-6,-36,-49
VKTX,Viking Therapeutics,26.64,21,-26,-46,22,-29,-7,-18,11,-7,-21,-50
CNA,CNA Financial,46.01,-100,0,0,58,-42,-5,-9,-15,21,-8,-50
YETI,Yeti Holdings,34.78,-27,7,-41,-7,-68,1,17,10,-11,17,-51
EXAS,Exact Sciences,53.13,0,14,-34,-26,-46,-3,22,-8,-17,-6,-52
MGM,MGM Resorts International,34.54,-21,-3,-3,0,-27,-19,-9,13,-10,-25,-52
OSK,Oshkosh Corporation,129.15,-59,0,17,5,-37,-23,-9,14,3,-15,-52
PCTY,Paylocity,165.16,-12,-22,-4,-4,-42,12,-26,-3,6,-11,-53
CERT,"Certara, Inc.",11.46,0,10,-21,0,-11,-2,4,-13,-33,-44,-55
BIRK,Birkenstock,45.33,-7,-14,-5,0,-26,-11,-12,-7,0,-30,-56
PEP,PepsiCo,142.19,0,0,-48,0,-48,9,-8,5,-14,-8,-56
ADC,Agree Realty,70.67,-47,-7,0,17,-37,-1,-21,-11,14,-19,-56
BIO,Bio-Rad Laboratories,276.45,-7,60,-33,-29,-9,-11,-5,7,-38,-47,-56
REGN,Regeneron Pharmaceuticals,576.5,-11,31,-47,0,-27,-14,-13,2,-5,-30,-57
QXO,"QXO, Inc.",19.24,-29,-3,0,-15,-47,-21,-1,19,-7,-10,-57
EXR,Extra Space Storage,137.66,-37,-3,-9,0,-49,-54,14,16,14,-10,-59
CPAY,Corpay,296.17,-34,-38,-4,22,-54,-28,-7,4,26,-5,-59
PSA,Public Storage,280.66,-58,0,-17,2,-73,2,-4,16,-1,13,-60
CNC,Centene,34.65,14,0,-50,-12,-48,12,24,-19,-29,-12,-60
PB,Prosperity Bancshares,65.4,-13,-41,-10,15,-49,-19,-7,-1,15,-12,-61
CUBE,CubeSmart,39.75,-34,-1,-29,0,-64,-29,19,16,-3,3,-61
BBWI,"Bath & Body Works, Inc.",26.78,2,-13,-31,-16,-58,12,-6,-2,-7,-3,-61
SW,Smurfit Westrock,43.24,-84,-9,-3,17,-79,-3,-3,6,18,18,-61
PYPL,PayPal,67.86,0,-29,-9,-40,-78,-5,2,9,10,16,-62
KDP,Keurig Dr Pepper,26.25,-21,-22,-5,-1,-49,-21,-16,24,-1,-14,-63
GDDY,GoDaddy,143.22,-14,-54,-9,23,-54,-6,-1,-25,23,-9,-63
ABNB,Airbnb,123.08,-3,-34,-9,0,-46,-10,-8,6,-6,-18,-64
ALK,Alaska Air Group,52.9,-57,0,-1,3,-55,-54,31,4,10,-9,-64
FTV,Fortive,48.19,-6,-4,-27,0,-37,-5,10,-23,-9,-27,-64
NCNO,nCino,28.56,-15,0,-32,0,-47,-25,-2,11,-2,-18,-65
DG,Dollar General,104.5,-28,-4,0,-18,-50,2,-19,28,-27,-16,-66
DUOL,Duolingo,301.1,21,-60,0,0,-39,30,-74,-7,24,-27,-66
K,Kellanova,76.96,-40,-6,0,22,-24,-39,-5,-13,14,-43,-67
CZR,Caesars Entertainment,26.34,13,0,-32,-26,-45,10,1,4,-38,-23,-68
TTD,Trade Desk (The),46.88,0,-33,-33,-2,-68,19,-25,7,-1,0,-68
UHAL,U-Haul,57.34,0,-41,-21,0,-62,12,-5,-34,21,-6,-68
RGEN,Repligen,124.56,36,3,-22,-18,-1,-5,2,-26,-38,-67,-68
RLI,RLI Corp.,64.87,-79,-78,-16,177,4,-24,-12,-35,-1,-72,-68
TWLO,Twilio,103.19,-6,-33,0,-35,-74,-16,-3,12,12,5,-69
CLX,Clorox,123.1,-29,-4,-23,-6,-62,2,10,-33,14,-7,-69
DLTR,Dollar Tree,95.91,-28,-13,0,-16,-57,2,-22,31,-23,-12,-69
CHDN,Churchill Downs Incorporated,98.09,2,-18,-37,0,-53,12,-35,8,-2,-17,-70
PFE,Pfizer,24.07,0,-4,-5,-24,-33,-10,-12,13,-29,-38,-71
EL,Estée Lauder Companies (The),85.32,-7,0,0,-27,-34,-5,-10,14,-36,-37,-71
MPW,Medical Properties Trust,4.87,0,14,0,-37,-23,-19,20,-13,-36,-48,-71
AA,Alcoa,31.24,-14,23,-27,-21,-39,-36,28,8,-33,-33,-72
OGN,Organon & Co.,10.41,-8,14,-35,0,-29,-6,16,-48,-5,-43,-72
SON,Sonoco,45.08,-30,-2,-2,0,-34,-45,8,13,-15,-39,-73
KBR,"KBR, Inc.",49.51,7,1,-36,0,-28,-21,-10,-14,-2,-47,-75
MTD,Mettler Toledo,1243.01,-19,0,-29,0,-48,-23,-8,10,-6,-27,-75
WING,Wingstop,253.07,-116,-15,-3,39,-95,1,-28,14,32,19,-76
LEA,Lear Corporation,101.66,-67,31,0,-18,-54,-21,-1,15,-16,-23,-77
FND,Floor & Decor,79.48,-27,0,-41,-7,-75,-29,29,4,-7,-3,-78
IQV,IQVIA,181.26,-10,0,-46,-1,-57,-21,-1,8,-7,-21,-78
OC,Owens Corning,143.35,-53,0,-30,59,-24,-53,-5,5,-1,-54,-78
PAYC,Paycom,217.52,0,-22,25,-25,-22,-9,-25,16,-38,-56,-78
KHC,Kraft Heinz,26.74,14,-13,-48,0,-47,30,-31,-20,-11,-32,-79
CART,Maplebear Inc.,42.46,-41,-10,0,0,-51,-47,5,13,0,-29,-80
GIS,General Mills,51.12,16,0,-47,-5,-36,8,10,-43,-20,-45,-81
SAIA,Saia,300.15,-21,-1,-32,0,-54,-29,8,-1,-6,-28,-82
SLB,Schlumberger,34.61,-2,0,-76,0,-78,11,22,-27,-11,-5,-83
CCI,Crown Castle,93.68,-3,-21,-2,-29,-55,-2,-32,-1,6,-29,-84
INGR,Ingredion,122.17,-91,-38,-4,35,-98,-33,-8,-2,57,14,-84
ST,Sensata Technologies,30.45,-13,0,0,-16,-29,-29,-5,14,-36,-56,-85
BDX,Becton Dickinson,186.03,-22,34,-34,-6,-28,-7,-9,-25,-16,-57,-85
TECH,Bio-Techne,51.26,-7,-1,-33,-25,-66,-4,-9,1,-7,-19,-85
KMB,Kimberly-Clark,123.92,-63,-9,-5,19,-58,-22,-16,-17,27,-28,-86
BLDR,Builders FirstSource,119.23,-56,-3,-34,66,-27,-56,-5,6,-4,-59,-86
CAVA,Cava Group,63.41,0,-30,-20,0,-50,28,-34,-34,3,-37,-87
MTCH,Match Group,36.1,-17,0,10,-38,-45,-13,-1,11,-39,-42,-87
DXCM,Dexcom,67.5,-48,-22,-5,-15,-90,1,-5,16,-10,2,-88
BJ,BJ's Wholesale Club,93.52,-28,-61,-1,11,-79,-33,-28,-8,59,-10,-89
RH,RH,212.61,-21,0,-30,-8,-59,-29,-4,4,-1,-30,-89
LULU,Lululemon Athletica,179.23,21,-76,-17,-4,-76,39,-14,-26,-13,-14,-90
CNH,CNH Industrial,10.88,-6,-29,-3,0,-38,-10,-45,-1,3,-53,-91
SAIC,SAIC,100.07,-39,-15,-4,0,-58,-15,-15,-1,-2,-33,-91
RYAN,Ryan Specialty,55.24,26,-64,-9,0,-47,14,-70,-15,26,-45,-92
POOL,Pool Corporation,310.85,-27,-1,-29,-7,-64,-29,7,3,-10,-29,-93
RNG,RingCentral,30.67,-14,30,-32,-42,-58,-23,27,6,-46,-36,-94
DHR,Danaher Corporation,185.91,-16,-12,-35,-1,-64,-19,-15,9,-5,-30,-94
ACHC,Acadia Healthcare,24.6,7,9,-54,-12,-50,20,1,-48,-17,-44,-94
MIDD,Middleby,134.57,-68,0,-9,0,-77,-5,-4,-22,14,-17,-94
KMPR,Kemper Corporation,51.78,-61,0,-12,-1,-74,-21,-5,-9,15,-20,-94
AMT,American Tower,192.89,-3,-36,-3,-1,-43,-28,-35,-1,12,-52,-95
TYL,Tyler Technologies,522.88,-77,-23,-1,18,-83,-13,-25,7,19,-12,-95
HAYW,Hayward Holdings,14.7,-63,-1,0,0,-64,-57,-6,14,17,-32,-96
ZBH,Zimmer Biomet,98.97,-10,34,-3,-18,3,-5,-7,-70,-19,-101,-98
CCCS,CCC Intelligent Solutions,9.3,-33,-3,-34,0,-70,-25,-5,8,-7,-29,-99
SIRI,Sirius XM,22.58,-64,21,-3,-32,-78,-7,-2,6,-18,-21,-99
FI,Fiserv,130.6,-33,-53,-20,36,-70,-24,-13,-21,28,-30,-100
MRNA,Moderna,25.89,35,-35,-61,-5,-66,42,-36,-1,-40,-35,-101
COO,Cooper Companies (The),68.36,20,-19,-33,-6,-38,-7,-14,-38,-4,-63,-101
PCG,PG&E Corporation,14.65,-37,-1,-36,2,-72,9,-2,-35,-2,-30,-102
ADBE,Adobe Inc.,353.29,-7,0,-42,-7,-56,-7,9,-46,-6,-50,-106
MTN,Vail Resorts,148.98,0,-14,-39,-24,-77,5,-9,12,-37,-29,-106
LBRDA,Liberty Broadband (Series A),60.17,-3,-43,-9,-37,-92,-3,-14,-9,9,-17,-109
LBRDK,Liberty Broadband (Series C),60.49,-3,-43,-9,-37,-92,-3,-14,-9,9,-17,-109
JHX,James Hardie Industries,18.25,-13,-25,-33,-2,-73,-5,-21,-6,-4,-36,-109
GFS,GlobalFoundries,33.13,20,-36,-88,0,-104,47,-40,6,-18,-5,-109
HUM,Humana,261.87,-80,3,-2,-13,-92,7,-5,2,-21,-17,-109
JBHT,J. B. Hunt,132.88,-37,-19,-37,-1,-94,1,-12,6,-11,-16,-110
BAH,Booz Allen Hamilton,99.25,-53,-17,-36,102,-4,-52,-16,-38,-2,-108,-112
AKAM,Akamai Technologies,76.23,-19,1,-32,-8,-58,-11,-1,-32,-11,-55,-113
DAR,Darling Ingredients,31.08,-21,-5,-12,-21,-59,-26,-11,14,-31,-54,-113
IAC,IAC Inc.,34.61,-21,-4,-8,-32,-65,-21,15,-3,-39,-48,-113
BEN,Franklin Templeton Investments,23.58,-98,0,14,0,-84,-11,-11,16,-23,-29,-113
ALB,Albemarle Corporation,81.59,56,10,-134,-24,-92,-9,1,10,-26,-24,-116
LII,Lennox International,522.48,-63,-22,-3,39,-49,-60,-35,-1,28,-68,-117
CROX,Crocs,77.48,-11,-34,-48,-2,-95,-1,-7,-10,-6,-24,-119
SRPT,Sarepta Therapeutics,18.28,1,0,-35,-8,-42,-3,-13,-56,-7,-79,-121
ILMN,"Illumina, Inc.",94.41,-8,-1,-34,-41,-84,-11,6,8,-41,-38,-122
BIIB,Biogen,137.68,-28,30,-90,-28,-116,-28,37,3,-19,-7,-123
MASI,Masimo,140.35,-28,-35,-5,-7,-75,12,-50,-21,11,-48,-123
KVUE,Kenvue,16.84,-40,-22,-4,0,-66,-21,-32,-9,4,-58,-124
FCN,FTI Consulting,160.76,-37,-11,-43,0,-91,-28,-5,6,-6,-33,-124
INVH,Invitation Homes,29.22,-57,-44,-14,0,-115,-7,-9,-9,15,-10,-125
CDW,CDW,160.46,-35,-36,-48,0,-119,-5,-1,8,-9,-7,-126
SITE,SiteOne Landscape Supply,130.62,-76,-1,-2,-10,-89,-33,-5,9,-9,-38,-127
SBAC,SBA Communications,195.22,-3,-36,-5,-21,-65,-28,-36,-4,6,-62,-127
CL,Colgate-Palmolive,81.14,-77,-55,-12,24,-120,2,-16,-20,27,-7,-127
ACN,Accenture,239.07,-16,-55,-29,-1,-101,-12,-9,-25,20,-26,-127
LINE,"Lineage, Inc.",37.35,-32,-34,0,0,-66,-32,7,-37,0,-62,-128
CRL,Charles River Laboratories,149.48,-13,-9,-60,-27,-109,-19,-3,12,-9,-19,-128
OKTA,"Okta, Inc.",89.84,-5,-75,-4,-25,-109,-6,-11,-9,7,-19,-128
IRDM,Iridium Communications,17.42,-15,-39,-10,-20,-84,-20,-5,-1,-20,-46,-130
PPG,PPG Industries,105.48,-15,-3,-52,-9,-79,-49,-9,16,-9,-51,-130
MAT,Mattel,17.11,-77,-13,-10,0,-100,-8,-5,13,-32,-32,-132
OLN,Olin Corporation,23.46,-31,23,-66,-10,-84,-51,23,4,-24,-48,-132
AMCR,Amcor,7.99,-19,-29,-7,-1,-56,-28,-38,-7,-3,-76,-132
AVY,Avery Dennison,162.26,-37,-22,-41,0,-100,-29,-13,13,-6,-35,-135
PPC,Pilgrim's Pride,41.31,-84,-14,0,22,-76,-48,-21,-10,19,-60,-136
CARR,Carrier Global,58.97,-73,-37,-5,0,-115,-33,-33,16,27,-23,-138
AVTR,Avantor,12.02,-22,-2,-35,0,-59,-21,-7,-46,-6,-80,-139
SNDR,Schneider National,21.58,-39,-19,-11,-1,-70,-55,-13,-1,-1,-70,-140
ATR,AptarGroup,131.51,-77,-38,-9,21,-103,-29,-35,-1,26,-39,-142
KNX,Knight-Swift,39.15,-37,-22,-31,-3,-93,-29,-6,-1,-14,-50,-143
WEX,WEX Inc.,161.42,-38,0,-49,0,-87,-55,-4,10,-9,-58,-145
UHAL-B,U-Haul (Series N),51.21,-37,-41,-29,0,-107,11,-5,-43,-2,-39,-146
EMN,Eastman Chemical Company,63.84,-37,-3,-27,-2,-69,-29,-5,-41,-3,-78,-147
DPZ,Domino's,425.24,-77,-36,-2,11,-104,-56,-6,-1,19,-44,-148
MRK,Merck & Co.,79.65,-61,-1,-53,-1,-116,-19,-7,1,-7,-32,-148
ELS,Equity Lifestyle Properties,59.87,-36,-5,-27,0,-68,-47,9,-38,-4,-80,-148
BROS,Dutch Bros. Coffee,54.07,-96,-8,-1,0,-105,-55,-8,6,12,-45,-150
EPAM,EPAM Systems,156.43,0,-11,-32,-28,-71,-10,-9,-23,-38,-80,-151
MORN,"Morningstar, Inc.",237.22,-57,-39,-26,29,-93,-1,-52,-4,-1,-58,-151
ENPH,Enphase Energy,37.99,-10,0,-52,-21,-83,-5,20,-59,-25,-69,-152
CAI,Caris Life Sciences,30.38,-119,0,0,0,-119,-26,-7,0,0,-33,-152
TW,Tradeweb,110.68,-105,-35,-4,1,-143,3,-31,-5,24,-9,-152
PRMB,Primo Brands,22.33,-91,-80,-4,23,-152,4,-8,-16,19,-1,-153
FBIN,Fortune Brands Innovations,53.9,-55,-2,-32,-6,-95,-55,-5,5,-3,-58,-153
AXTA,Axalta,28.42,-59,-2,-22,23,-60,-54,-4,-35,-1,-94,-154
LW,Lamb Weston,53.78,-28,0,-78,-9,-115,-33,-2,9,-15,-41,-156
CHTR,Charter Communications,263.4,-3,-43,-10,-37,-93,-3,-48,-10,-2,-63,-156
BMY,Bristol Myers Squibb,44.15,-61,-4,-6,-6,-77,-58,-8,-20,6,-80,-157
WY,Weyerhaeuser,24.6,-63,-9,-29,0,-101,7,-13,-41,-9,-56,-157
BALL,Ball Corporation,48.71,-37,-28,-9,-12,-86,-48,-36,16,-6,-74,-160
TFX,Teleflex,123.27,-53,25,-48,-40,-116,-28,37,-44,-11,-46,-162
UDR,"UDR, Inc.",37.06,-63,-39,-4,-1,-107,-55,-7,-11,14,-59,-166
GMED,Globus Medical,55.32,-119,-5,-21,-1,-146,-2,-7,-26,13,-22,-168
CE,Celanese,42.38,-32,-33,-49,-11,-125,-29,-3,-3,-10,-45,-170
DOW,Dow Inc.,23.13,-34,-3,-49,-2,-88,-29,19,-64,-9,-83,-171
EEFT,Euronet Worldwide,87.95,-40,-40,-9,-4,-93,-47,-40,-6,14,-79,-172
LKQ,LKQ Corporation,30.38,-55,-8,-12,-3,-78,-55,-1,-20,-18,-94,-172
SMG,Scotts Miracle-Gro Company,57.36,-37,-19,-28,-40,-124,-55,-5,12,-2,-50,-174
AMH,American Homes 4 Rent,32.75,-117,-40,-14,69,-102,-77,-9,-2,16,-72,-174
FIS,Fidelity National Information Services,64.13,-37,-36,-8,-38,-119,-28,-38,-3,12,-57,-176
CAG,Conagra Brands,18.52,-37,-8,-38,-8,-91,-29,-12,-20,-24,-85,-176
IEX,IDEX Corporation,159.69,-29,-40,-34,-3,-106,-21,-11,-34,-7,-73,-179
RVTY,Revvity,84.5,-7,-40,-26,-25,-98,-10,-45,-31,4,-82,-180
KMX,CarMax,57.06,-37,-4,-25,-37,-103,-46,-2,-29,-1,-78,-181
WLK,Westlake Corporation,78.88,-37,0,-46,-1,-84,-29,-3,-58,-7,-97,-181
JKHY,Jack Henry & Associates,151.5,-37,-39,-9,-1,-86,-32,-70,-9,12,-99,-185
ODFL,Old Dominion Freight Line,141.04,-63,-40,-32,0,-135,2,-14,-37,-2,-51,-186
SAM,Boston Beer Company,220.44,-16,16,-41,-38,-79,-20,-5,-37,-45,-107,-186
RARE,Ultragenyx,28.77,-62,0,-33,-39,-134,-5,-5,-41,-4,-55,-189
BFAM,Bright Horizons,107.51,-147,-12,-5,0,-164,-22,-18,-2,16,-26,-190
SFM,Sprouts Farmers Market,115.67,-153,-42,-1,47,-149,-54,-40,-5,58,-41,-190
MAN,ManpowerGroup,39.1,2,-21,-52,-29,-100,11,-13,-52,-37,-91,-191
TEAM,Atlassian,163.83,-37,-54,-12,-7,-110,-68,-2,-24,12,-82,-192
BRBR,BellRing Brands,36.57,0,-98,-19,0,-117,12,-90,-25,28,-75,-192
NKE,"Nike, Inc.",71.21,-124,0,-4,-22,-150,-7,-12,13,-37,-43,-193
ASH,Ashland Global,49.3,-63,-4,-47,-10,-124,-55,-8,5,-11,-69,-193
FMC,FMC Corporation,34.23,-31,-19,-46,-25,-121,-47,-9,8,-27,-75,-196
CMCSA,Comcast,31.6,-79,-41,-41,-10,-171,-3,-5,-8,-9,-25,-196
BMRN,BioMarin Pharmaceutical,53.78,-18,-13,-56,-21,-108,-19,-27,-21,-23,-90,-198
WHR,Whirlpool Corporation,79.66,-58,-6,-11,-27,-102,-55,-3,-2,-37,-97,-199
BRKR,Bruker,32.03,-6,-39,-66,-9,-120,-3,4,-70,-10,-79,-199
NWL,Newell Brands,5.47,-72,1,-33,-32,-136,-29,-3,4,-37,-65,-201
DXC,DXC Technology,13.95,-12,0,-31,-74,-117,-9,-4,-38,-35,-86,-203
APLS,Apellis Pharmaceuticals,22.76,-90,-1,-76,-17,-184,-2,-5,7,-19,-19,-203
DJT,Trump Media & Technology Group,17.01,-3,-81,-62,0,-146,-5,-12,-30,-10,-57,-203
FRPT,Freshpet,49.39,-37,-71,-30,-7,-145,-29,-28,-26,20,-63,-208
NSA,National Storage Affiliates,29.74,-79,0,-21,-5,-105,-56,-4,-42,-2,-104,-209
HRL,Hormel Foods,24.72,-24,-49,-16,-24,-113,-21,-45,-3,-31,-100,-213
GLOB,Globant,58.01,5,-90,-32,-8,-125,-11,-38,-32,-8,-89,-214
COLM,Columbia Sportswear,53.71,-79,0,-27,-7,-113,-89,-4,-22,14,-101,-214
LSTR,Landstar,122.89,-39,-41,-41,-1,-122,-33,-6,-48,-8,-95,-217
BF-B,Brown–Forman (Class B),27.62,2,-16,-109,-19,-142,4,-10,-41,-29,-76,-218
WSC,WillScot Mobile Mini,21.42,-34,-38,-71,-7,-150,-29,-32,4,-13,-70,-220
UAA,Under Armour (Class A),4.84,-12,-33,-34,-45,-124,-22,-35,-1,-38,-96,-220
PRGO,Perrigo,21.4,0,-35,-8,-114,-157,7,-8,-8,-56,-65,-222
TREX,"Trex Company, Inc.",50.73,-79,-9,-60,-14,-162,-56,-5,8,-7,-60,-222
ACI,Albertsons,17.73,-119,-51,-3,0,-173,-29,-13,-9,1,-50,-223
WU,Western Union,8.17,-77,0,-29,-47,-153,1,-5,-64,-6,-74,-227
UA,Under Armour (Class C),4.74,-25,-33,-34,-38,-130,-25,-35,-1,-38,-99,-229
INSP,Inspire Medical Systems,77.92,-26,-91,-29,-7,-153,-24,-8,-34,-18,-84,-237
ZTS,Zoetis,141.61,-119,-12,-41,-4,-176,-35,-13,-8,-6,-62,-238
DV,DoubleVerify,12.21,-105,-12,-76,0,-193,-28,-14,5,-11,-48,-241
AAL,American Airlines Group,11.95,-90,0,-27,-77,-194,-7,-6,5,-40,-48,-242
TAP,Molson Coors,45.32,-91,-11,-19,-1,-122,-87,-13,-20,-4,-124,-246
MKC,McCormick & Company,65.19,-64,-55,-12,-3,-134,-55,-54,-20,11,-118,-252
LYB,LyondellBasell,51.38,-55,-38,-50,-6,-149,-29,-3,-64,-8,-104,-253
CHH,Choice Hotels,110.91,-133,-35,-9,0,-177,-33,-36,-23,15,-77,-254
MKTX,MarketAxess,179.08,-37,-43,-34,-30,-144,-2,-58,-8,-45,-113,-257
CLVT,Clarivate,3.83,-58,-4,-83,-7,-152,-75,-4,9,-43,-113,-265
UPS,United Parcel Service,83.91,-6,-41,-112,-17,-176,-1,-13,-40,-35,-89,-265
IFF,International Flavors & Fragrances,62.53,-63,-40,-29,-32,-164,-52,-6,-41,-2,-101,-265
FDS,FactSet,286.16,-77,-47,-11,-1,-136,-76,-43,-9,-2,-130,-266
TGT,Target Corporation,88.31,-175,-19,-37,-12,-243,1,-25,4,-7,-27,-270
ALGN,Align Technology,128.11,-65,-39,-73,-26,-203,-9,-13,-9,-39,-70,-273
BF-A,Brown–Forman (Class A),27.15,-22,-13,-108,-19,-162,-28,-10,-48,-25,-111,-273
COTY,Coty,3.96,-22,-26,-70,-8,-126,-28,-38,-72,-10,-148,-274
GPK,Graphic Packaging,19.32,-147,-19,-25,0,-191,-54,-16,-38,-1,-109,-300
HUN,Huntsman Corporation,9.48,-63,-4,-51,-16,-134,-89,-4,-46,-34,-173,-307
BAX,Baxter International,22.55,-48,-55,-29,-39,-171,-68,-8,-20,-42,-138,-309
SLGN,Silgan Holdings,42.19,-119,-40,-9,0,-168,-117,-40,-3,14,-146,-314
XRAY,Dentsply Sirona,12.87,-78,-39,-87,-43,-247,-29,-4,-1,-41,-75,-322
FLO,Flowers Foods,13.04,-79,-28,-43,-9,-159,-75,-21,-63,-24,-183,-342
RHI,Robert Half,34.61,-37,-168,-35,-10,-250,-29,-5,-33,-33,-100,-350
COLD,Americold,12.45,-37,-122,-47,-12,-218,-33,-64,-47,-16,-160,-378
WEN,Wendy's Company (The),9.3,-119,-64,-43,-9,-235,-84,-11,-38,-16,-149,-384
STZ,Constellation Brands,133.33,-197,-22,-51,-4,-274,-111,-25,-67,-9,-212,-486
