Symbol,Name,Close,1H Cloud Score,1D Cloud Score,1W Cloud Score,1M Cloud Score,Cloud Score Sum,1H TKx Score,1D TKx Score,1W TKx Score,1M TKx Score,TKx Score Sum,Total Score Sum
RSG,Republic Services,248.5,-4,23,115,175,309,-2,14,84,158,254,563
TJX,TJX Companies,124.32,-42,0,139,196,293,-42,-10,108,191,247,540
ORCL,Oracle Corporation,211.06,105,24,2,196,327,103,31,1,25,160,487
WM,"Waste Management, Inc.",234.64,0,22,86,185,293,-2,14,18,157,187,480
IBM,IBM,281.83,73,30,100,52,255,72,38,47,54,211,466
WRB,W. R. Berkley Corporation,73.13,0,80,85,174,339,18,31,15,53,117,456
CTAS,Cintas,222.51,-6,45,10,163,212,12,40,4,185,241,453
MSFT,Microsoft,479.05,105,32,7,171,315,72,40,1,23,136,451
LLY,Lilly (Eli),807.64,81,3,0,170,254,97,4,1,94,196,450
CASY,Casey's,506.49,35,5,104,85,229,32,5,108,76,221,450
ORLY,O'Reilly Auto Parts,88.1,-13,-4,154,197,334,-24,5,45,87,113,447
ROL,"Rollins, Inc.",56.72,-4,47,22,284,349,-2,40,14,33,85,434
PGR,Progressive Corporation,266.45,-47,-5,96,175,219,12,-1,13,187,211,430
CTVA,Corteva,74.19,273,38,44,0,355,19,38,1,9,67,422
AMGN,Amgen,295.45,105,0,1,163,269,105,13,-5,34,147,416
AJG,Arthur J. Gallagher & Co.,316.33,-58,-6,156,184,276,16,-1,19,105,139,415
PM,Philip Morris International,183.32,27,98,61,53,239,19,40,76,25,160,399
KLAC,KLA Corporation,892.72,63,25,5,175,268,65,40,1,24,130,398
HWM,Howmet Aerospace,171.6,7,38,139,27,211,14,38,83,52,187,398
NRG,NRG Energy,153.94,0,38,94,92,224,9,40,104,19,172,396
PLTR,Palantir Technologies,141.36,39,38,107,0,184,39,40,110,18,207,391
SO,Southern Company,88.93,33,0,67,188,288,-2,14,14,77,103,391
COST,Costco,984.37,-56,34,108,178,264,-56,-1,1,182,126,390
NDAQ,"Nasdaq, Inc.",86.69,110,31,67,142,350,-14,38,1,12,37,387
ICE,Intercontinental Exchange,179.78,9,31,103,159,302,21,32,13,19,85,387
ORI,Old Republic International,37.27,0,3,138,56,197,16,9,108,53,186,383
CF,CF Industries,100.73,287,24,6,2,319,19,36,1,6,62,381
JPM,JPMorgan Chase,270.39,8,27,114,156,305,5,38,1,24,68,373
HEI,HEICO (Common),304.37,22,32,16,187,257,19,30,7,55,111,368
MCK,McKesson Corporation,719.51,23,98,33,56,210,25,38,29,65,157,367
RTX,RTX Corporation,146.49,86,24,68,52,230,19,30,75,12,136,366
NFG,National Fuel Gas,83.79,20,109,51,50,230,24,40,62,8,134,364
COR,Cencora,292.5,20,102,35,69,226,25,2,46,65,138,364
WELL,Welltower,150.61,-3,22,107,56,182,17,18,124,22,181,363
AXON,Axon Enterprise,780.29,8,36,136,92,272,18,40,1,28,87,359
CDNS,Cadence Design Systems,300.7,0,37,8,139,184,-10,2,1,178,171,355
RBLX,Roblox Corporation,100.41,182,37,44,0,263,24,38,7,9,78,341
MNST,Monster Beverage,63.87,7,75,17,178,277,13,38,10,2,63,340
HEI-A,HEICO (Class A),236.78,21,33,17,180,251,19,31,8,28,86,337
MA,Mastercard,568.64,-14,33,117,153,289,-15,38,1,24,48,337
AXS,AXIS Capital,103.43,0,39,77,43,159,15,38,73,51,177,336
BSX,Boston Scientific,101.5,0,2,135,142,279,5,-7,1,55,54,333
SPOT,Spotify,715.58,13,39,103,10,165,24,40,86,18,168,333
V,Visa Inc.,355.51,-14,34,128,131,279,-14,38,1,24,49,328
NFLX,Netflix,1225.53,4,43,107,18,172,19,40,78,18,155,327
FAST,Fastenal,42.24,1,47,114,104,266,-8,39,6,24,61,327
DGX,Quest Diagnostics,182.08,56,39,59,16,170,76,5,59,12,152,322
TDG,TransDigm Group,1425.66,2,38,10,155,205,19,38,1,55,113,318
FTI,TechnipFMC,34.67,93,25,8,25,151,102,29,1,35,167,318
AM,Antero Midstream,18.18,-42,31,139,21,149,9,36,69,53,167,316
EHC,Encompass Health,120.58,5,39,134,27,205,11,56,15,27,109,314
BWXT,BWX Technologies,139.73,112,23,4,33,172,70,40,1,29,140,312
CBOE,Cboe Global Markets,224.34,0,21,135,53,209,22,16,13,49,100,309
CAH,Cardinal Health,162.42,21,47,46,36,150,21,38,39,55,153,303
STE,Steris,241.06,-6,28,5,193,220,8,38,13,23,82,302
ALL,Allstate,199.61,0,24,88,157,269,16,-1,2,15,32,301
RBA,RB Global,106.72,31,36,95,25,187,-5,-1,100,20,114,301
LH,Labcorp,263.86,100,31,46,13,190,68,31,-6,16,109,299
MMC,Marsh McLennan,216.63,-48,-6,0,173,119,-2,-1,-2,176,171,290
INTU,Intuit,767.87,7,38,8,189,242,-9,38,1,18,48,290
ADP,Automatic Data Processing,307.51,-41,28,76,178,241,-39,31,1,55,48,289
PAYX,Paychex,153.71,-36,31,75,165,235,5,31,4,12,52,287
CHD,Church & Dwight,97.82,-14,-49,-7,342,272,-19,12,-5,23,11,283
YUM,Yum! Brands,141.93,-7,-17,19,257,252,-26,-13,13,55,29,281
TT,Trane Technologies,426.61,1,33,7,162,203,7,38,1,27,73,276
PWR,Quanta Services,361.81,9,32,8,97,146,19,40,1,70,130,276
NI,NiSource,39.36,0,22,65,43,130,39,14,80,12,145,275
MCD,McDonald's,296.34,-57,-6,43,240,220,-4,-9,13,55,55,275
LRCX,Lam Research,93.4,63,25,0,150,238,5,32,1,-3,35,273
BRO,Brown & Brown,107.12,0,-34,107,161,234,16,-1,-1,24,38,272
BR,Broadridge Financial Solutions,238.99,-24,24,105,143,248,-40,38,1,23,22,270
GEN,Gen Digital,30.01,73,28,6,14,121,102,30,1,14,147,268
PR,Permian Resources,14.66,69,24,1,24,118,75,27,1,47,150,268
NVDA,Nvidia,144.67,7,24,5,132,168,42,32,1,24,99,267
ACM,AECOM,113.07,33,31,7,63,134,24,38,1,69,132,266
RS,"Reliance, Inc.",305.5,0,35,2,113,150,-1,40,1,75,115,265
VRSK,Verisk Analytics,309.48,-42,34,59,112,163,-5,31,50,26,102,265
HUBB,Hubbell Incorporated,391.91,1,23,-1,180,203,-33,41,-16,69,61,264
DTE,DTE Energy,133.16,-6,0,65,187,246,-5,-6,18,11,18,264
LOPE,Grand Canyon Education,186.74,-1,36,138,33,206,5,-5,25,32,57,263
MSI,Motorola Solutions,407.37,-42,-9,0,151,100,-9,6,-18,183,162,262
GS,Goldman Sachs,627.96,55,25,83,56,219,-14,36,1,19,42,261
IBKR,Interactive Brokers,209.77,7,25,80,55,167,7,40,-9,55,93,260
DUK,Duke Energy,115.4,-4,-10,67,181,234,-4,2,13,14,25,259
UNM,Unum,78.85,-42,25,176,38,197,8,-1,1,52,60,257
ELF,e.l.f. Beauty,126.21,269,17,-41,29,274,-2,31,-45,-3,-19,255
ETN,Eaton Corporation,337.86,7,25,0,112,144,19,38,-16,70,111,255
DRI,Darden Restaurants,224.77,7,44,35,59,145,5,38,39,28,110,255
LPLA,LPL Financial,379.73,0,26,36,97,159,5,34,1,55,95,254
WMB,Williams Companies,59.15,-7,24,103,50,170,12,16,1,55,84,254
ADI,Analog Devices,231.77,7,25,2,177,211,-14,31,1,24,42,253
LIN,Linde plc,466.6,-6,23,4,108,129,-20,38,1,104,123,252
ROP,Roper Technologies,565.66,-11,24,20,180,213,-14,-7,35,24,38,251
DE,Deere & Company,524.44,7,27,40,107,181,-14,38,36,8,68,249
HIG,Hartford (The),125.88,-4,39,85,55,175,12,-5,12,54,73,248
LMT,Lockheed Martin,467.03,2,3,-20,163,148,14,14,1,70,99,247
MTSI,MACOM Technology Solutions,131.11,74,25,7,56,162,33,37,-12,27,85,247
RRC,Range Resources,41.74,35,25,25,40,125,41,26,1,53,121,246
AN,AutoNation,193.04,70,27,8,59,164,-14,40,1,55,82,246
QGEN,Qiagen,47.44,105,22,3,1,131,40,63,1,11,115,246
L,Loews Corporation,88.6,17,25,103,53,198,25,-1,1,22,47,245
AME,Ametek,178.63,0,25,0,104,129,-15,31,1,99,116,245
VRSN,Verisign,281.08,7,136,27,7,177,16,4,43,5,68,245
OLLI,Ollie's Bargain Outlet,120.8,7,25,106,14,152,12,6,54,21,93,245
CACI,CACI,445.79,22,8,-3,152,179,16,-12,5,55,64,243
CW,Curtiss-Wright,469.9,33,33,10,52,128,25,40,1,47,113,241
LYV,Live Nation Entertainment,142.31,0,26,85,145,256,-20,-2,-8,14,-16,240
GOOG,Alphabet (Class C),177.97,2,14,3,174,193,1,36,-10,19,46,239
HON,Honeywell,224.07,-24,25,7,176,184,-2,34,1,20,53,237
PTC,PTC Inc.,172.51,7,24,-17,180,194,5,32,-18,24,43,237
FWONK,Liberty Formula 1 (Series C),97.49,-3,28,61,55,141,5,35,1,54,95,236
RBC,RBC Bearings,369.15,-3,29,84,56,166,-29,38,5,55,69,235
ARES,Ares Management,167.05,-4,25,8,57,86,4,38,1,104,147,233
KMI,Kinder Morgan,27.68,0,23,83,42,148,14,31,-10,50,85,233
PANW,Palo Alto Networks,198.07,7,25,8,79,119,18,36,1,55,110,229
TSCO,Tractor Supply Company,51.69,56,0,0,83,139,28,1,-24,83,88,227
EMR,Emerson Electric,128.68,70,25,7,62,164,7,31,1,24,63,227
CME,CME Group,267.51,-5,0,45,134,174,-4,-2,41,17,52,226
FIX,Comfort Systems USA,500.91,8,28,8,62,106,22,40,1,53,116,222
GWRE,Guidewire Software,253.7,1,38,101,19,159,5,38,1,18,62,221
T,AT&T,27.97,0,22,61,14,97,-12,38,85,13,124,221
MU,Micron Technology,119.84,77,24,0,20,121,72,30,1,-3,100,221
AVGO,Broadcom,252.1,0,28,10,114,152,-2,40,1,28,67,219
GOOGL,Alphabet (Class A),176.75,2,14,3,174,193,-19,36,-10,19,26,219
ABBV,AbbVie,190.86,91,4,8,56,159,-2,4,-5,62,59,218
AAPL,Apple Inc.,198.37,-27,-4,-1,249,217,-39,-14,-16,69,0,217
TRV,Travelers Companies (The),265.21,-42,39,82,56,135,12,-1,15,54,80,215
CAT,Caterpillar Inc.,362.47,52,24,0,62,138,5,31,-15,55,76,214
LNG,Cheniere Energy,233.61,-5,31,51,56,133,17,8,1,54,80,213
EBAY,eBay,77.74,0,34,68,12,114,-26,38,73,14,99,213
KO,Coca-Cola Company (The),70.55,-11,0,19,180,188,-15,13,14,12,24,212
AIZ,Assurant,200.02,0,15,0,150,165,12,29,-11,17,47,212
BK,BNY Mellon,90.47,7,27,85,38,157,5,31,1,17,54,211
ABT,Abbott Laboratories,133.98,41,22,47,11,121,-2,40,39,12,89,210
ITT,ITT Inc.,151.91,7,31,7,97,142,5,38,1,24,68,210
MPWR,Monolithic Power Systems,706.89,0,25,-17,155,163,-14,35,1,24,46,209
JBL,Jabil,180.91,7,28,10,63,108,6,38,2,55,101,209
NWS,News Corp (Class B),32.29,1,28,103,56,188,5,-5,1,19,20,208
NEE,NextEra Energy,73.81,83,12,0,0,95,94,7,1,11,113,208
VIRT,Virtu Financial,41.94,8,39,67,12,126,16,-10,62,12,80,206
CWEN-A,Clearway Energy (Class A),30.3,33,23,49,4,109,42,34,13,8,97,206
MKL,Markel,1955.76,7,24,59,53,143,9,38,-9,24,62,205
IRM,Iron Mountain,102.09,8,30,0,55,93,18,38,1,54,111,204
CWEN,Clearway Energy (Class C),32.22,31,23,49,2,105,44,34,13,8,99,204
ETR,Entergy,81.76,-6,0,64,20,78,-6,38,80,12,124,202
DTM,DT Midstream,104.96,-3,31,94,0,122,17,38,1,23,79,201
TMUS,T-Mobile US,230.91,-39,-26,85,137,157,-40,-36,87,33,44,201
ATI,ATI Inc.,85.21,20,32,7,41,100,12,38,1,50,101,201
ATO,Atmos Energy,152.01,-3,-1,65,43,104,-5,-18,76,43,96,200
GGG,Graco Inc.,85.03,0,25,-1,176,200,-19,-9,1,27,0,200
MDLZ,Mondelez International,67.2,4,6,0,180,190,-5,12,10,-7,10,200
FICO,Fair Isaac,1813.59,50,-18,0,164,196,5,-11,-19,29,4,200
TKO,TKO Group Holdings,168.41,7,35,62,38,142,5,2,1,48,56,198
GD,General Dynamics,279.26,22,47,0,52,121,19,2,1,55,77,198
BKR,Baker Hughes,38.99,77,0,1,33,111,49,24,-10,24,87,198
DASH,DoorDash,221.71,9,24,88,0,121,23,37,1,16,77,198
WMT,Walmart,94.32,-44,39,118,99,212,-56,13,1,27,-15,197
BKNG,Booking Holdings,5368.36,-28,37,127,33,169,-35,38,1,24,28,197
EME,Emcor,486.03,8,25,8,56,97,16,40,-12,55,99,196
ARMK,Aramark,40.33,8,29,6,38,81,26,33,1,54,114,195
SHW,Sherwin-Williams,335.77,-23,-2,-1,188,162,-19,34,1,17,33,195
AON,AON,349.97,-42,-1,0,175,132,13,-1,-6,54,60,192
MTG,MGIC Investment Corporation,26.94,28,38,10,53,129,32,4,1,26,63,192
AZO,AutoZone,3602.82,-47,-2,85,84,120,-22,-6,45,55,72,192
FTNT,Fortinet,101.98,-3,24,45,111,177,-15,18,1,11,15,192
EOG,EOG Resources,122.6,54,4,0,43,101,48,5,-12,49,90,191
MPC,Marathon Petroleum,166.77,49,27,0,47,123,42,31,1,-6,68,191
MS,Morgan Stanley,130.91,0,25,67,62,154,-15,36,1,14,36,190
PEG,Public Service Enterprise Group,81.16,1,4,0,150,155,28,11,-19,15,35,190
CRWD,CrowdStrike,479.35,28,38,36,0,102,28,40,1,18,87,189
CB,Chubb Limited,286.39,-42,-1,92,56,105,15,-1,13,54,81,186
HOOD,Robinhood Markets,76.74,8,27,72,0,107,24,38,1,16,79,186
AMAT,Applied Materials,176.54,64,25,-21,147,215,7,5,-40,-3,-31,184
POST,Post Holdings,113.49,40,0,0,85,125,-3,5,1,55,58,183
SEIC,SEI Investments Company,84.24,-36,31,83,33,111,7,38,1,24,70,181
RJF,Raymond James Financial,148.47,7,24,83,56,170,12,-7,-11,17,11,181
UNP,Union Pacific Corporation,224.67,0,0,-5,196,191,-22,6,-11,17,-10,181
RCL,Royal Caribbean Group,264.58,-14,25,112,26,149,-33,38,1,25,31,180
PAG,Penske Automotive Group,171.15,7,26,6,60,99,-16,40,1,55,80,179
MDT,Medtronic,87.95,70,1,2,0,73,93,6,-5,11,105,178
LHX,L3Harris,247.79,26,47,3,3,79,44,40,3,12,99,178
SCHW,Charles Schwab Corporation,89.0,7,38,68,9,122,5,38,1,12,56,178
RLI,RLI Corp.,72.79,-42,-9,-2,174,121,-6,-2,-20,85,57,178
BYD,Boyd Gaming,74.76,7,25,39,57,128,-14,38,1,25,50,178
APH,Amphenol,93.38,7,38,10,63,118,-6,40,1,25,60,178
TRGP,Targa Resources,171.52,60,-1,1,49,109,25,2,-11,52,68,177
CLH,Clean Harbors,226.97,19,32,0,56,107,19,-6,1,55,69,176
EXPD,Expeditors International,115.14,42,5,-11,129,165,14,26,-28,-1,11,176
PPC,Pilgrim's Pride,45.95,0,-9,77,19,87,9,-30,94,16,89,176
CBRE,CBRE Group,134.1,63,9,83,20,175,-6,5,-10,12,1,176
MSA,MSA Safety,165.92,0,27,-26,162,163,-24,38,1,-3,12,175
RGLD,Royal Gold,179.76,0,3,52,16,71,19,12,59,14,104,175
MP,MP Materials,34.62,84,8,23,0,115,15,5,36,2,58,173
OGE,OGE Energy,43.88,-3,0,59,43,99,-4,7,59,12,74,173
AIG,American International Group,85.45,7,22,19,51,99,16,25,14,19,74,173
KR,Kroger,66.03,0,-10,70,65,125,14,-21,41,13,47,172
MCO,Moody's Corporation,476.81,-21,25,7,154,165,-40,33,-9,23,7,172
EQT,EQT Corporation,58.17,14,31,32,40,117,16,-2,32,8,54,171
RPM,RPM International,108.76,-14,0,-10,178,154,-24,31,-18,28,17,171
COF,Capital One,197.72,0,31,85,19,135,-19,38,1,16,36,171
CINF,Cincinnati Financial,146.7,-35,31,76,60,132,-6,31,1,13,39,171
VMI,Valmont Industries,326.33,7,15,53,56,131,5,35,-8,8,40,171
AAON,AAON,73.7,-37,-5,-4,243,197,-33,-7,-16,29,-27,170
EXE,Expand Energy,118.61,8,45,32,0,85,14,30,32,8,84,169
BRK-B,Berkshire Hathaway,490.25,-24,-10,115,60,141,10,-22,16,24,28,169
HCA,HCA Healthcare,368.82,0,39,5,95,139,-3,-1,7,27,30,169
FWONA,Liberty Formula 1 (Series A),87.93,-26,27,60,60,121,-33,36,-9,54,48,169
GWW,W. W. Grainger,1071.45,-14,25,0,92,103,-33,40,1,55,63,166
WSO,Watsco,430.14,-14,-20,-4,194,156,-23,-18,-19,69,9,165
WWD,"Woodward, Inc.",234.92,7,34,10,33,84,19,36,1,24,80,164
JCI,Johnson Controls,104.49,7,33,66,17,123,-14,38,1,16,41,164
KNSL,Kinsale Capital Group,470.47,16,10,7,31,64,16,19,-18,83,100,164
VST,Vistra Corp.,177.28,13,24,10,28,75,21,37,-12,43,89,164
SCI,Service Corporation International,78.33,-4,8,0,173,177,-16,8,-18,11,-15,162
STLD,Steel Dynamics,132.12,0,37,1,53,91,12,3,1,55,71,162
XOM,ExxonMobil,112.48,49,4,0,42,95,41,3,-26,48,66,161
BJ,BJ's Wholesale Club,108.9,-6,-1,69,8,70,12,-8,31,56,91,161
EPR,EPR Properties,56.29,-4,27,48,27,98,-15,38,21,19,63,161
CTRA,Coterra,26.5,77,3,2,42,124,12,17,-3,11,37,161
NTRA,Natera,168.18,9,16,83,16,124,4,14,1,17,36,160
CELH,Celsius Holdings,43.47,7,64,0,63,134,4,20,9,-7,26,160
EVRG,Evergy,67.22,1,6,49,12,68,9,6,68,8,91,159
MO,Altria,58.81,-6,22,61,43,120,-5,13,17,14,39,159
SGI,Somnigroup International,64.78,0,25,32,62,119,-23,38,1,24,40,159
USFD,US Foods,76.71,-37,28,134,33,158,-63,38,1,24,0,158
SKX,Skechers,62.54,63,23,-15,53,124,-9,30,-11,24,34,158
AMP,Ameriprise Financial,513.02,0,24,0,62,86,-24,38,-11,69,72,158
CHE,Chemed Corporation,552.23,-2,-18,-2,183,161,-6,-6,14,-6,-4,157
MSTR,MicroStrategy,382.15,0,39,90,17,146,2,-10,1,18,11,157
FERG,Ferguson Enterprises,213.41,0,27,2,63,92,3,38,1,23,65,157
SYK,Stryker Corporation,377.12,-23,25,8,157,167,-21,-5,-11,27,-10,157
DDS,Dillard's,413.97,7,7,5,52,71,7,33,-8,53,85,156
ITW,Illinois Tool Works,244.46,-14,0,-4,176,158,-23,-2,-5,27,-3,155
VRTX,Vertex Pharmaceuticals,450.91,35,-29,0,102,108,-6,4,14,35,47,155
HIW,Highwoods Properties,31.52,77,31,2,4,114,-9,38,1,11,41,155
PFGC,Performance Food Group,87.54,-27,28,44,41,86,-26,38,1,55,68,154
PLNT,Planet Fitness,104.99,7,21,54,11,93,16,32,1,12,61,154
TPR,"Tapestry, Inc.",84.26,7,25,71,19,122,-12,31,-6,17,30,152
J,Jacobs Solutions,129.7,7,23,0,104,134,-24,38,-15,17,16,150
AR,Antero Resources,42.14,28,25,32,8,93,46,2,1,8,57,150
UGI,UGI Corporation,35.9,0,39,33,2,74,-6,38,40,3,75,149
BEPC,Brookfield Renewable Partners,32.46,70,26,1,0,97,5,37,1,8,51,148
WAB,Wabtec,203.5,0,27,10,47,84,-29,38,1,54,64,148
SLM,Sallie Mae,31.82,0,32,81,20,133,-36,-4,35,19,14,147
NEU,NewMarket,638.98,-3,47,10,27,81,-11,39,13,25,66,147
PPL,PPL Corporation,33.67,-6,-2,67,21,80,-4,-21,79,12,66,146
KD,Kyndryl,40.34,0,27,100,0,127,-23,32,-8,18,19,146
EQH,Equitable Holdings,53.04,-2,25,83,9,115,-19,31,1,17,30,145
SPGI,S&P Global,505.25,-21,25,7,170,181,-40,-6,-9,19,-36,145
THG,Hanover Insurance,169.51,-35,23,52,22,62,-5,32,44,12,83,145
TTWO,Take-Two Interactive,238.6,7,45,36,11,99,-11,2,36,18,45,144
GILD,Gilead Sciences,110.84,0,19,42,33,94,-6,20,-2,37,49,143
CVNA,Carvana,290.07,-21,37,83,9,108,-21,40,1,14,34,142
TXT,Textron,77.25,64,25,-26,51,114,-5,35,1,-3,28,142
FFIV,"F5, Inc.",290.38,0,24,85,12,121,-33,38,1,15,21,142
WCC,Wesco International,176.11,0,24,0,56,80,-17,38,-15,55,61,141
AXP,American Express,294.31,-14,25,8,97,116,-21,38,-12,19,24,140
MTZ,MasTec,163.72,9,31,10,16,66,24,38,1,11,74,140
SCCO,Southern Copper,96.51,0,24,-12,60,72,5,37,1,25,68,140
URI,United Rentals,688.6,-3,25,-1,62,83,-15,37,-20,55,57,140
ADSK,Autodesk,299.28,7,28,45,12,92,-9,38,1,17,47,139
DLTR,Dollar Tree,98.99,56,42,0,-13,85,17,41,16,-20,54,139
HES,Hess Corporation,141.74,80,0,1,53,134,-4,10,-2,1,5,139
GRMN,Garmin,203.91,-10,7,103,17,117,-15,26,-8,19,22,139
ODFL,Old Dominion Freight Line,159.42,-9,0,-17,185,159,-19,-9,-22,30,-20,139
CSCO,Cisco,65.5,2,25,39,12,78,6,31,1,23,61,139
MRVL,Marvell Technology,70.39,7,0,-12,104,99,4,30,-12,16,38,137
PCAR,Paccar,92.69,-12,0,-13,157,132,-21,-1,-5,32,5,137
RPRX,Royalty Pharma,35.09,71,28,23,0,122,27,7,17,-36,15,137
OMF,OneMain Financial,52.89,0,25,8,58,91,-16,36,1,24,45,136
ZS,Zscaler,305.01,8,38,8,3,57,21,40,1,16,78,135
CXT,Crane NXT,56.57,7,15,-16,53,59,5,28,-12,54,75,134
TRMB,Trimble Inc.,72.87,7,25,70,2,104,1,30,-11,10,30,134
TW,Tradeweb,138.14,0,3,100,0,103,16,-7,1,21,31,134
EVR,Evercore,247.02,6,24,-1,56,85,3,38,-17,24,48,133
SNPS,Synopsys,479.41,-6,12,-18,178,166,-15,4,-19,-3,-33,133
NYT,New York Times Company,56.03,0,36,6,14,56,19,38,1,19,77,133
NEM,Newmont,58.14,21,49,10,3,83,21,11,10,8,50,133
DOX,Amdocs,93.42,7,34,8,56,105,-8,32,1,3,28,133
NOC,Northrop Grumman,497.33,22,5,1,56,84,19,12,8,10,49,133
VICI,Vici Properties,32.16,0,6,49,13,68,-10,6,14,55,65,133
FOXA,Fox Corporation (Class A),55.32,7,24,59,0,90,7,25,-4,12,40,130
APG,APi Group,48.66,7,32,9,0,48,19,38,1,24,82,130
BPOP,"Popular, Inc.",104.47,-2,32,8,57,95,-21,38,1,17,35,130
WFC,Wells Fargo,73.12,-33,25,83,27,102,-27,35,1,17,26,128
EXEL,Exelixis,41.74,-31,24,55,12,60,1,-1,46,22,68,128
BEN,Franklin Templeton Investments,22.81,50,28,0,0,78,30,38,1,-20,49,127
PH,Parker Hannifin,662.02,-14,26,8,63,83,-24,38,1,28,43,126
SLGN,Silgan Holdings,54.57,7,31,10,78,126,-6,-6,1,11,0,126
CUZ,Cousins Properties,30.36,93,15,2,9,119,-14,8,1,11,6,125
WEC,WEC Energy Group,104.14,-9,-1,46,11,47,-5,14,59,9,77,124
SFD,Smithfield Foods,23.9,33,20,0,0,53,33,38,0,0,71,124
ALNY,Alnylam Pharmaceuticals,308.87,20,24,8,13,65,12,32,1,13,58,123
IRDM,Iridium Communications,29.37,74,7,-12,-17,52,73,29,-14,-17,71,123
FOX,Fox Corporation (Class B),50.79,7,24,58,0,89,7,25,-5,7,34,123
VLO,Valero Energy,137.8,35,25,-35,42,67,41,27,-10,-3,55,122
STAG,STAG Industrial,36.05,-3,25,0,94,116,-24,31,1,-2,6,122
MSM,MSC Industrial Direct,82.1,0,25,0,56,81,7,40,1,-7,41,122
SF,Stifel,97.46,7,15,0,57,79,5,30,-11,18,42,121
XPO,"XPO, Inc.",122.59,49,7,0,59,115,2,-7,-14,25,6,121
THC,Tenet Healthcare,164.34,2,34,5,55,96,-2,31,-26,22,25,121
CPRT,Copart,48.39,-21,-16,-4,174,133,-14,-12,-14,26,-14,119
KEX,Kirby Corporation,113.12,1,25,0,33,59,-19,38,1,40,60,119
H,Hyatt Hotels,134.71,1,8,-14,53,48,5,31,-18,53,71,119
ACGL,Arch Capital Group,91.11,-5,3,0,60,58,12,-1,1,49,61,119
OSK,Oshkosh Corporation,111.53,70,24,2,2,98,5,29,-11,-3,20,118
TXRH,Texas Roadhouse,192.89,4,26,0,62,92,-35,31,1,29,26,118
DINO,HF Sinclair,40.81,55,27,-41,0,41,49,32,1,-6,76,117
SNX,TD Synnex,125.28,0,25,6,61,92,-17,31,-8,19,25,117
AMD,Advanced Micro Devices,126.4,7,24,-33,108,106,-17,31,1,-5,10,116
KKR,KKR & Co. Inc.,123.4,0,14,0,101,115,-14,7,-11,19,1,116
FSLR,First Solar,175.28,52,24,-30,60,106,11,1,1,-4,9,115
AWI,Armstrong World Industries,151.66,-16,32,85,19,120,-19,-5,1,17,-6,114
CSL,Carlisle Companies,358.86,-29,0,-2,176,145,-40,-10,1,18,-31,114
DIS,Walt Disney Company (The),119.49,86,25,6,-39,78,5,29,1,1,36,114
NET,Cloudflare,179.26,1,25,30,0,56,4,35,1,17,57,113
GL,Globe Life,120.62,0,0,36,12,48,12,-1,47,6,64,112
HAS,Hasbro,69.75,44,25,5,1,75,-9,36,1,9,37,112
FANG,Diamondback Energy,151.01,71,7,-20,45,103,41,10,-39,-3,9,112
KBR,"KBR, Inc.",53.11,1,29,-21,62,71,-1,-14,1,55,41,112
APPF,AppFolio,227.74,68,10,0,26,104,-9,2,-11,26,8,112
INGR,Ingredion,137.7,-2,31,3,32,64,-5,-4,1,54,46,110
ANET,Arista Networks,95.06,2,10,0,56,68,-8,6,-12,54,40,108
NVT,Nvent Electric,70.42,8,25,-17,10,26,66,38,-19,-3,82,108
NWSA,News Corp (Class A),28.25,7,25,0,56,88,5,-5,1,19,20,108
FDS,FactSet,421.4,-83,-4,-2,192,103,5,-7,-15,21,4,107
TYL,Tyler Technologies,589.43,61,5,1,15,82,4,24,-19,16,25,107
VEEV,Veeva Systems,284.57,1,28,36,6,71,-12,31,1,16,36,107
GEV,GE Vernova,487.94,7,37,0,0,44,21,40,2,0,63,107
VRT,Vertiv,116.5,7,24,0,6,37,19,38,-12,24,69,106
SSNC,SS&C Technologies,80.52,0,1,81,12,94,-21,26,-6,13,12,106
MTDR,Matador Resources,50.58,70,5,-20,0,55,42,25,-13,-4,50,105
AEE,Ameren,94.79,-11,-2,48,11,46,-5,2,53,8,58,104
ED,Consolidated Edison,101.62,-4,-9,19,45,51,-4,1,13,43,53,104
TTEK,Tetra Tech,35.97,39,23,-20,3,45,26,38,-23,17,58,103
XYL,Xylem Inc.,127.57,1,25,-1,20,45,2,35,1,20,58,103
CVX,Chevron Corporation,146.1,49,0,0,46,95,-1,8,-3,4,8,103
STWD,Starwood Property Trust,20.07,0,25,9,56,90,-16,9,1,19,13,103
RL,Ralph Lauren Corporation,270.28,-49,27,85,32,95,-54,36,1,24,7,102
LNT,Alliant Energy,60.46,-4,-1,59,12,66,32,-9,1,11,35,101
HPE,Hewlett Packard Enterprise,18.22,0,21,-15,40,46,-23,38,-12,52,55,101
CI,Cigna,314.55,1,-10,-2,56,45,12,-22,11,55,56,101
CMS,CMS Energy,69.54,-4,-17,67,21,67,32,-23,13,12,34,101
X,U.S. Steel,54.86,7,20,10,24,61,5,16,14,4,39,100
RNR,RenaissanceRe,247.47,7,22,0,33,62,32,-1,-20,26,37,99
JEF,Jefferies Financial Group,53.9,7,1,-11,56,53,4,1,-14,55,46,99
VTR,"Ventas, Inc.",62.83,-3,-14,63,20,66,27,-21,14,13,33,99
CPNG,Coupang,28.34,0,31,8,0,39,5,38,1,15,59,98
LECO,Lincoln Electric,204.51,7,24,0,63,94,-11,31,-11,-5,4,98
UNH,UnitedHealth Group,307.79,28,-41,-9,-2,-24,-2,-36,-22,182,122,98
PSTG,Pure Storage,51.68,-14,24,-1,40,49,-25,31,-12,55,49,98
HII,Huntington Ingalls Industries,229.26,23,64,0,4,91,19,-13,7,-7,6,97
PNR,Pentair,97.77,-16,25,0,60,69,-18,38,-15,22,27,96
MMM,3M,145.12,-3,25,65,12,99,-14,-2,1,12,-3,96
NTRS,Northern Trust,110.92,7,25,7,9,48,5,31,1,11,48,96
AEP,American Electric Power,101.91,0,-14,64,21,71,-3,2,14,12,25,96
TOST,"Toast, Inc.",42.64,-20,26,68,0,74,-33,38,1,15,21,95
CMI,Cummins,322.44,0,10,0,63,73,-24,30,-12,28,22,95
SRE,Sempra,73.78,-59,1,-6,179,115,-10,-2,-20,12,-20,95
REG,Regency Centers,70.4,-24,23,59,51,109,-22,-10,1,17,-14,95
ECL,Ecolab,266.14,0,23,7,20,50,-6,33,1,17,45,95
BAC,Bank of America,44.43,0,25,8,16,49,1,32,1,12,46,95
RKT,Rocket Companies,13.74,35,4,-10,0,29,28,21,-1,18,66,95
ESAB,ESAB,123.73,-3,27,91,0,115,-29,-7,1,15,-20,95
DLR,Digital Realty,176.1,0,31,6,20,57,-19,38,1,17,37,94
AGNC,AGNC Investment,9.34,59,10,2,14,85,-9,8,-5,15,9,94
ADT,ADT Inc.,8.27,-3,45,22,0,64,-21,29,16,6,30,94
UTHR,United Therapeutics,288.58,-35,-5,-1,55,14,10,33,-20,57,80,94
WDC,Western Digital,57.41,7,25,3,16,51,5,36,1,1,43,94
BSY,Bentley Systems,50.04,13,28,0,0,41,16,40,1,-4,53,94
DOV,Dover Corporation,179.73,0,14,0,104,118,-24,-7,-10,17,-24,94
FAF,First American Financial Corporation,58.76,48,-30,-4,12,26,79,-18,-10,16,67,93
SNDK,SanDisk,44.19,55,1,0,0,56,12,25,0,0,37,93
BLK,BlackRock,981.89,-3,24,8,20,49,-15,38,1,19,43,92
SAIC,SAIC,105.04,0,-11,-28,65,26,17,-11,5,55,66,92
SSD,Simpson Manufacturing Company,155.83,-23,6,-17,154,120,-19,-13,-20,24,-28,92
AGO,Assured Guaranty,85.52,16,1,0,54,71,16,-17,1,20,20,91
PSX,Phillips 66,123.6,42,24,-27,39,78,42,26,-52,-3,13,91
AMZN,Amazon,216.16,7,15,8,19,49,4,30,-10,18,42,91
GE,GE Aerospace,236.54,-27,36,10,25,44,-37,36,21,27,47,91
CIEN,Ciena,73.77,0,25,0,10,35,16,38,-12,14,56,91
C,Citigroup,78.07,7,25,10,16,58,-15,35,1,12,33,91
NTAP,Netapp,104.19,2,10,-16,55,51,3,38,-21,20,40,91
SBUX,Starbucks,93.48,69,0,1,1,71,-3,24,-6,5,20,91
META,Meta Platforms,702.19,7,25,8,27,67,-19,30,-9,21,23,90
RMD,Resmed,251.74,0,31,8,11,50,2,37,-11,11,39,89
CNA,CNA Financial,45.41,-60,-9,85,55,71,9,-10,1,18,18,89
ULTA,Ulta Beauty,471.99,2,35,3,2,42,12,38,3,-7,46,88
FCX,Freeport-McMoRan,41.94,2,25,-28,56,55,5,31,1,-4,33,88
LITE,Lumentum,85.69,8,23,5,1,37,24,31,-12,8,51,88
GTES,Gates Corporation,22.11,7,25,8,13,53,-15,33,1,16,35,88
SYF,Synchrony Financial,61.29,7,25,8,19,59,-14,38,-11,16,29,88
OVV,Ovintiv,41.41,76,7,-28,1,56,41,10,-15,-4,32,88
PODD,Insulet,306.59,0,26,36,2,64,14,-1,5,4,22,86
KIM,Kimco Realty,20.94,-4,24,0,53,73,-19,38,-19,12,12,85
LAMR,Lamar Advertising,119.48,-14,15,0,62,63,-17,38,-18,19,22,85
DELL,Dell Technologies,113.71,3,25,-16,30,42,5,38,1,-2,42,84
APO,Apollo Global Management,134.12,0,7,-1,95,101,-14,-13,-14,24,-17,84
O,Realty Income,57.41,41,21,1,5,68,-3,7,1,11,16,84
CSGP,CoStar Group,81.94,64,7,0,12,83,-9,2,14,-7,0,83
AMG,Affiliated Managers Group,184.45,7,31,2,20,60,5,2,1,15,23,83
LDOS,Leidos,148.23,20,37,-4,21,74,-2,-10,4,17,9,83
AFL,Aflac,102.72,0,-18,0,56,38,12,-21,1,53,45,83
BALL,Ball Corporation,56.02,68,25,-26,-9,58,-11,37,1,-3,24,82
PNW,Pinnacle West Capital,88.9,-4,-2,59,16,69,-4,-21,13,24,12,81
PG,Procter & Gamble,160.87,-57,-2,0,177,118,-70,14,-5,24,-37,81
AL,Air Lease Corporation,56.85,-11,31,8,20,48,-24,31,1,24,32,80
WTFC,Wintrust Financial,118.29,-14,25,0,47,58,-21,38,-12,17,22,80
ZI,ZoomInfo,10.34,98,0,-14,0,84,21,28,-19,-34,-4,80
TXN,Texas Instruments,199.24,7,25,0,20,52,-16,29,1,14,28,80
R,Ryder,149.79,0,10,2,54,66,-21,-6,-14,54,13,79
AVT,Avnet,51.5,0,25,0,43,68,-17,2,1,25,11,79
TDY,Teledyne Technologies,488.59,-15,24,43,12,64,-28,29,1,13,15,79
ADC,Agree Realty,73.74,-6,-1,54,14,61,-14,7,14,11,18,79
SARO,StandardAero,30.53,2,25,0,0,27,19,32,1,0,52,79
SPR,Spirit AeroSystems,37.0,-21,39,9,0,27,-21,40,21,12,52,79
JLL,Jones Lang LaSalle,240.58,65,4,0,12,81,-8,4,-11,12,-3,78
MLM,Martin Marietta Materials,542.76,-10,34,-1,58,81,-24,-5,1,25,-3,78
HD,Home Depot (The),353.58,-42,0,-3,178,133,-47,-10,-15,17,-55,78
PRI,Primerica,260.66,-42,-2,0,106,62,5,-6,-11,28,16,78
CMG,Chipotle Mexican Grill,52.55,7,9,-15,78,79,-14,2,-17,27,-2,77
PEGA,Pegasystems,100.09,0,37,10,3,50,-14,38,-11,13,26,76
EQIX,Equinix,888.17,-17,25,8,32,48,-36,38,1,24,27,75
APP,AppLovin,370.49,-33,15,96,0,78,-42,31,-8,16,-3,75
ISRG,Intuitive Surgical,519.05,-42,1,85,20,64,5,-6,-12,24,11,75
CCK,Crown Holdings,101.54,7,35,8,3,53,4,7,1,10,22,75
MOS,Mosaic Company (The),36.01,2,45,7,-14,40,19,38,6,-28,35,75
XP,XP Inc.,20.03,7,39,3,0,49,-12,37,7,-6,26,75
IDA,Idacorp,112.4,-12,-2,47,16,49,-14,14,17,8,25,74
COIN,Coinbase,261.65,6,24,0,0,30,4,38,-14,16,44,74
HLT,Hilton Worldwide,247.27,-14,25,7,62,80,-19,-2,-9,24,-6,74
RITM,Rithm Capital,11.3,0,25,8,30,63,-6,-9,1,24,10,73
AMED,Amedisys,97.35,35,42,3,-38,42,2,5,16,8,31,73
FYBR,Frontier Communications,36.24,-44,1,80,0,37,-49,-12,85,12,36,73
WING,Wingstop,349.59,-9,31,2,36,60,-19,31,-29,29,12,72
OZK,Bank OZK,44.86,-3,25,8,54,84,-21,1,-10,17,-13,71
IDXX,Idexx Laboratories,528.8,8,32,5,2,47,-9,38,1,-6,24,71
DG,Dollar General,113.66,7,66,0,-15,58,9,14,13,-24,12,70
HOLX,Hologic,65.2,102,13,-26,0,89,-8,20,-26,-5,-19,70
BRX,Brixmor Property Group,25.54,0,7,0,53,60,-19,4,1,24,10,70
BXP,"BXP, Inc.",72.82,7,23,0,0,30,-10,38,1,11,40,70
BX,Blackstone Inc.,138.24,-4,0,-4,103,95,-19,-11,-15,19,-26,69
VMC,Vulcan Materials,261.14,-14,33,0,58,77,-28,-7,1,25,-9,68
BROS,Dutch Bros. Coffee,70.83,-31,17,44,0,30,4,31,-6,9,38,68
WTM,White Mountains Insurance Group,1762.01,-20,-5,0,57,32,1,-8,-11,54,36,68
CVS,CVS Health,67.73,44,2,1,-15,32,41,4,16,-26,35,67
AZEK,Azek,52.98,0,43,12,0,55,-15,5,4,18,12,67
CUBE,CubeSmart,43.09,-2,31,-14,20,35,-17,36,1,12,32,67
CG,Carlyle Group (The),47.05,7,16,0,19,42,-8,27,-11,16,24,66
BAH,Booz Allen Hamilton,102.17,0,-14,-21,99,64,-1,-10,-23,36,2,66
DUOL,Duolingo,474.67,-44,38,44,0,38,7,-5,5,21,28,66
VNOM,Viper Energy,41.41,0,2,0,42,44,-5,1,-19,45,22,66
CNP,Centerpoint Energy,35.88,-56,-1,40,43,26,11,-19,34,13,39,65
GLPI,Gaming and Leisure Properties,45.93,-12,-33,0,63,18,-14,5,1,55,47,65
DCI,Donaldson Company,69.04,-27,25,-1,63,60,-24,-1,1,28,4,64
AFG,American Financial Group,123.97,9,0,-3,54,60,12,-21,1,12,4,64
AMTM,Amentum,22.57,8,37,0,0,45,16,2,1,0,19,64
CR,Crane Co.,182.32,0,32,7,0,39,-14,34,1,3,24,63
JNPR,Juniper Networks,36.0,7,20,0,52,79,5,-11,-28,18,-16,63
SNOW,Snowflake Inc.,209.1,0,28,6,0,34,-2,38,1,-8,29,63
CNM,Core & Main,56.03,-5,27,10,0,32,-31,38,1,22,30,62
HBAN,Huntington Bancshares,15.69,-14,25,0,19,30,-19,36,1,14,32,62
MAR,Marriott International,257.91,-14,25,0,56,67,-18,-2,-10,25,-5,62
CEG,Constellation Energy,307.92,0,25,7,0,32,12,-1,1,17,29,61
LOW,Lowe's,216.06,-33,-2,-11,164,118,-46,-10,-18,17,-57,61
WPC,W. P. Carey,62.81,0,22,20,0,42,-15,14,17,3,19,61
EWBC,East West Bancorp,92.62,-2,25,0,20,43,-21,36,-14,17,18,61
ECG,Everus Construction Group,59.77,0,23,0,0,23,5,40,-8,0,37,60
SNA,Snap-on,312.17,-14,-2,0,57,41,-22,-5,-10,55,18,59
STT,State Street Corporation,97.6,0,27,8,14,49,-23,32,-11,12,10,59
ATR,AptarGroup,151.7,-3,31,0,18,46,-7,-5,1,23,12,58
BHF,Brighthouse Financial,58.45,0,28,9,9,46,12,-7,1,6,12,58
SOFI,SoFi,14.93,8,17,37,0,62,-10,8,-11,9,-4,58
NOW,ServiceNow,1005.5,-30,26,8,80,84,-34,-2,-11,20,-27,57
AMT,American Tower,215.04,21,3,7,4,35,-6,8,11,9,22,57
NSC,Norfolk Southern,252.14,0,24,2,2,28,-24,38,1,12,27,55
HLI,Houlihan Lokey,172.69,-14,27,8,42,63,-31,-2,1,24,-8,55
TSLA,"Tesla, Inc.",329.11,12,7,34,8,61,4,-4,-15,8,-7,54
ANSS,Ansys,338.91,0,25,8,9,42,-14,4,1,21,12,54
GRAL,"Grail, Inc.",42.53,31,5,0,0,36,-12,38,-8,0,18,54
FHN,First Horizon Corporation,19.46,-22,25,43,2,48,-25,31,-9,8,5,53
PFG,Principal Financial Group,76.7,-1,0,-4,53,48,7,-7,-11,16,5,53
PRU,Prudential Financial,104.96,0,15,-4,53,64,-19,7,-18,17,-13,51
PEN,"Penumbra, Inc.",260.98,7,-14,23,9,25,5,-17,37,1,26,51
OHI,Omega Healthcare Investors,36.08,-6,-1,0,38,31,-15,8,-2,29,20,51
OTIS,Otis Worldwide,96.44,22,0,0,0,22,19,-9,-5,24,29,51
EA,Electronic Arts,151.13,18,1,0,5,24,17,-17,7,19,26,50
COHR,Coherent Corp.,80.75,0,24,0,13,37,-17,31,-15,13,12,49
NVR,"NVR, Inc.",7220.25,0,5,-14,63,54,-10,1,-23,27,-5,49
NNN,NNN Reit,42.02,0,23,0,20,43,-14,7,1,12,6,49
UBER,Uber,85.14,0,37,9,0,46,-22,-7,7,24,2,48
XEL,Xcel Energy,66.78,-14,-9,42,10,29,-29,-9,50,7,19,48
LAD,Lithia Motors,332.18,7,6,0,12,25,-14,31,-13,19,23,48
MANH,Manhattan Associates,192.71,1,19,-20,63,63,-23,1,-18,25,-15,48
NBIX,Neurocrine Biosciences,124.99,0,16,-19,23,20,5,35,-11,-2,27,47
RF,Regions Financial Corporation,21.66,-2,24,-1,20,41,-19,31,-18,12,6,47
DDOG,Datadog,121.96,5,15,-14,0,6,13,32,-17,13,41,47
TPL,Texas Pacific Land Corporation,1092.82,-7,-12,0,56,37,9,-12,1,11,9,46
ROK,Rockwell Automation,324.37,0,28,6,13,47,-23,30,1,-9,-1,46
CCL,Carnival Corporation & plc,23.84,0,24,8,0,32,-24,32,-11,17,14,46
ROIV,Roivant Sciences,11.08,-7,35,-3,0,25,-7,4,1,22,20,45
EEFT,Euronet Worldwide,107.62,-14,28,6,0,20,-18,30,1,11,24,44
FNB,FNB Corporation,13.75,-14,25,-4,53,60,-19,5,-19,17,-16,44
PHM,PulteGroup,102.44,0,9,-14,63,58,-19,2,-25,27,-15,43
KMPR,Kemper Corporation,63.65,7,15,0,2,24,19,-1,-11,12,19,43
EXPE,Expedia Group,164.61,-14,0,40,9,35,-26,31,-9,12,8,43
KRC,Kilroy Realty,35.58,76,15,-11,-38,42,-9,18,-17,9,1,43
EGP,EastGroup Properties,170.54,-3,22,0,6,25,-17,37,1,-3,18,43
AYI,Acuity Brands,268.41,0,1,-1,25,25,-18,30,-12,18,18,43
LLYVA,Liberty Live (Series A),75.02,2,38,19,0,59,-11,-6,1,0,-16,43
FE,FirstEnergy,39.78,-7,-1,0,53,45,-5,-10,1,12,-2,43
ADM,Archer Daniels Midland,54.36,37,26,-37,-9,17,41,2,1,-18,26,43
GLW,Corning Inc.,50.79,1,24,10,15,50,-40,31,-11,12,-8,42
CARR,Carrier Global,71.04,0,32,0,0,32,-8,-7,1,24,10,42
MET,Metlife,78.43,-14,24,0,56,66,-24,-6,-11,16,-25,41
WBS,Webster Bank,51.51,-14,25,0,12,23,-19,33,-11,15,18,41
EXC,Exelon,42.67,0,-14,46,12,44,-4,-24,17,8,-3,41
FCNCA,First Citizens BancShares,1816.9,-2,7,-4,57,58,-14,-10,-12,19,-17,41
TOL,Toll Brothers,108.5,0,9,-14,59,54,-19,2,-20,24,-13,41
PKG,Packaging Corporation of America,189.46,-23,0,-4,59,32,-24,25,-17,24,8,40
MTB,M&T Bank,180.36,-14,25,0,20,31,-19,31,-15,12,9,40
EFX,Equifax,267.45,0,37,0,14,51,-18,-10,1,16,-11,40
SNV,Synovus,47.85,-14,25,0,19,30,-19,31,-14,12,10,40
IR,Ingersoll Rand,81.61,-14,24,-12,21,19,-19,31,-19,27,20,39
UI,Ubiquiti,379.74,-17,26,43,8,60,-27,-3,1,8,-21,39
RGA,Reinsurance Group of America,198.1,-25,25,0,38,38,-29,-3,-18,51,1,39
EXR,Extra Space Storage,148.99,-14,22,-4,0,4,-16,38,1,11,34,38
K,Kellanova,80.32,-77,-5,60,19,-3,-40,-2,72,11,41,38
DKNG,DraftKings,37.88,49,1,-12,0,38,-10,1,-9,18,0,38
LAZ,Lazard,44.16,7,8,-1,18,32,16,-2,-19,11,6,38
ALAB,Astera Labs,95.22,7,23,0,0,30,-12,32,-13,0,7,37
CL,Colgate-Palmolive,90.12,-6,-2,-2,21,11,-6,13,-5,24,26,37
CRH,CRH plc,90.51,-6,0,0,62,56,-26,-11,-8,25,-20,36
DECK,Deckers Brands,103.63,-14,-4,-15,91,58,-24,-16,-11,29,-22,36
QCOM,Qualcomm,156.88,49,10,-16,20,63,-14,33,-43,-3,-27,36
APD,Air Products,280.48,1,0,0,14,15,-4,26,-10,8,20,35
HRB,H&R Block,54.84,-42,-6,0,50,2,-4,-18,5,50,33,35
AS,Amer Sports,37.15,-2,25,0,0,23,-19,30,1,0,12,35
COKE,Coca-Cola Consolidated,107.16,-9,-32,0,83,42,-19,-32,-6,50,-7,35
VNO,Vornado Realty Trust,40.76,0,15,2,2,19,-15,31,-14,13,15,34
ESS,Essex Property Trust,285.14,1,7,0,12,20,-5,5,1,12,13,33
NU,Nubank,12.39,7,36,-1,0,42,-14,-13,1,17,-9,33
AWK,American Water Works,140.46,1,-2,17,0,16,-4,2,13,6,17,33
PINS,Pinterest,35.22,7,10,0,0,17,3,26,-10,-3,16,33
HSY,Hershey Company (The),170.42,91,0,-36,-2,53,-5,6,-5,-17,-21,32
CSX,CSX Corporation,32.55,6,24,-27,2,5,2,28,1,-4,27,32
FDX,FedEx,226.77,49,0,-17,30,62,2,-12,-19,-2,-31,31
ACI,Albertsons,21.51,0,0,16,0,16,19,-15,18,-7,15,31
CAR,Avis Budget Group,127.56,7,41,0,-18,30,-19,51,4,-35,1,31
DT,Dynatrace,54.49,2,23,5,0,30,-40,31,-9,18,0,30
TNL,Travel + Leisure Co.,49.22,-14,15,0,14,15,-21,31,-8,12,14,29
GM,General Motors,49.26,35,7,0,9,51,-13,-1,-19,11,-22,29
NOV,NOV Inc.,13.7,56,5,-46,-10,5,68,6,-37,-13,24,29
DHI,D. R. Horton,123.65,0,0,-19,63,44,-19,2,-26,28,-15,29
VOYA,Voya Financial,68.01,7,25,-14,2,20,1,-3,-19,29,8,28
PNC,PNC Financial Services,175.16,-3,15,0,12,24,-23,30,-15,12,4,28
LNW,Light & Wonder,84.22,-16,-2,-12,55,25,-21,7,-6,23,3,28
DOCS,Doximity,55.96,0,-2,45,0,43,-24,6,-8,10,-16,27
JKHY,Jack Henry & Associates,180.69,1,22,7,2,32,5,-1,-18,9,-5,27
CFG,Citizens Financial Group,41.04,0,13,0,2,15,-19,30,-11,12,12,27
WHR,Whirlpool Corporation,93.05,70,2,-15,-24,33,14,24,-11,-34,-7,26
KEY,Keycorp,15.94,-3,25,-1,2,23,-21,31,-18,11,3,26
LEN-B,Lennar (Class B),104.75,0,0,-19,60,41,-19,2,-26,28,-15,26
BA,Boeing,201.72,-21,38,0,0,17,-21,38,1,-9,9,26
D,Dominion Energy,54.74,-13,23,5,-32,-17,-4,38,1,8,43,26
JNJ,Johnson & Johnson,155.25,0,7,3,5,15,-2,13,-5,4,10,25
ALSN,Allison Transmission,95.38,-42,24,0,33,15,-8,-2,-12,32,10,25
ARW,Arrow Electronics,124.87,7,32,-33,2,8,-17,38,1,-6,16,24
AGCO,AGCO,103.1,7,27,0,0,34,5,-6,2,-11,-10,24
CHRD,Chord Energy,105.76,55,6,-41,1,21,42,9,-45,-4,2,23
ALLE,Allegion,136.08,-24,37,0,19,32,-25,-7,1,20,-11,21
LLYVK,Liberty Live (Series C),76.25,2,31,20,0,53,-34,1,1,0,-32,21
ALGM,Allegro MicroSystems,31.18,7,24,2,0,33,-17,25,-6,-14,-12,21
DKS,Dick's Sporting Goods,178.63,-2,-22,-4,61,33,-16,-16,-12,31,-13,20
MUSA,Murphy USA,388.33,-26,-27,-4,66,9,-19,-27,-20,77,11,20
NXST,Nexstar Media Group,169.09,-1,24,0,2,25,-14,24,-23,8,-5,20
CPT,Camden Property Trust,116.16,-4,15,7,0,18,-14,5,1,9,1,19
VNT,Vontier,36.24,0,25,-4,0,21,-17,32,-14,-3,-2,19
KVUE,Kenvue,21.66,0,-9,34,0,25,-8,-10,10,1,-7,18
FNF,Fidelity National Financial,54.79,0,-27,0,56,29,-6,-22,-2,19,-11,18
CPAY,Corpay,332.4,-2,1,0,19,18,-14,1,-10,23,0,18
USB,U.S. Bancorp,43.15,-14,25,-1,2,12,-24,31,-15,13,5,17
WSM,"Williams-Sonoma, Inc.",157.74,-26,0,0,63,37,-18,-13,-8,19,-20,17
ZION,Zions Bancorporation,47.86,-2,7,-1,2,6,-19,30,-14,13,10,16
CTSH,Cognizant,80.14,-14,25,7,12,30,-20,-1,-9,16,-14,16
FHB,"First Hawaiian, Inc.",23.27,-13,0,-1,12,-2,-19,35,-11,12,17,15
OKE,Oneok,82.14,1,-51,-4,52,-2,-3,-13,-16,49,17,15
VTRS,Viatris,8.98,44,1,-16,-5,24,-9,3,-20,17,-9,15
AVB,AvalonBay Communities,207.3,8,6,0,14,28,-12,5,-19,13,-13,15
SMCI,Supermicro,43.68,7,1,-42,56,22,-17,24,-7,-7,-7,15
ES,Eversource Energy,64.39,-6,28,6,-8,20,-11,31,1,-26,-5,15
JHG,Janus Henderson,36.95,7,10,0,17,34,-19,-6,-10,16,-19,15
DXCM,Dexcom,83.0,-35,29,-1,-12,-19,1,38,1,-7,33,14
VZ,Verizon,42.5,-21,-1,21,8,7,-18,-1,14,12,7,14
CRUS,Cirrus Logic,104.01,3,25,-14,17,31,-18,1,1,-1,-17,14
F,Ford Motor Company,10.62,45,39,-41,-15,28,-13,1,1,-3,-14,14
OXY,Occidental Petroleum,45.34,70,5,-46,0,29,42,7,-50,-14,-15,14
CNXC,Concentrix,57.91,7,25,0,0,32,-12,28,-3,-31,-18,14
EQR,Equity Residential,69.11,-2,24,0,11,33,-15,-16,1,11,-19,14
ESI,Element Solutions,21.58,0,0,-11,55,44,-22,-7,-20,18,-31,13
PARAA,Paramount Global (Class A),22.6,1,1,30,0,32,-10,-10,-3,4,-19,13
OLED,Universal Display Corporation,155.98,0,25,-28,0,-3,-14,32,1,-3,16,13
FOUR,Shift4,91.52,-17,5,0,0,-12,-23,34,-8,22,25,13
ZG,Zillow (Class A),69.7,0,9,45,-39,15,-19,7,-9,18,-3,12
NLY,Annaly Capital Management,19.23,0,7,9,8,24,-9,-13,-5,14,-13,11
MDU,MDU Resources,16.19,-21,-1,0,38,16,-21,-13,1,28,-5,11
AMKR,Amkor Technology,20.45,64,10,-31,0,43,4,6,-39,-3,-32,11
MAT,Mattel,19.34,6,24,5,0,35,-12,26,-9,-29,-24,11
PLD,Prologis,106.84,-6,15,-14,0,-5,-19,36,1,-3,15,10
LBRDK,Liberty Broadband (Series C),89.32,-14,36,38,-34,26,-14,-9,1,6,-16,10
ALLY,Ally Financial,36.63,0,15,-1,2,16,-17,9,-12,14,-6,10
WBA,Walgreens Boots Alliance,11.39,46,25,0,-75,-4,11,40,-4,-33,14,10
G,Genpact,44.05,7,-30,44,1,22,-14,-1,-6,8,-13,9
TECH,Bio-Techne,51.63,84,0,-18,-22,44,-14,1,-18,-4,-35,9
SYY,Sysco,74.78,0,12,0,1,13,-22,25,-19,12,-4,9
PSN,Parsons Corporation,69.21,0,10,-18,0,-8,-4,9,-21,33,17,9
AFRM,Affirm Holdings,60.87,0,7,3,0,10,-16,8,-8,15,-1,9
FITB,Fifth Third Bancorp,38.32,-14,1,-1,20,6,-23,30,-18,14,3,9
INVH,Invitation Homes,33.39,1,0,0,5,6,-5,-17,12,12,2,8
MASI,Masimo,162.53,-14,0,37,-4,19,-24,11,-6,8,-11,8
OC,Owens Corning,136.56,-2,-4,-15,56,35,-19,-16,-19,27,-27,8
CHH,Choice Hotels,123.62,-11,-2,-4,13,-4,-18,26,-8,12,12,8
MRP,Millrose Properties,27.33,-23,14,0,0,-9,-18,35,0,0,17,8
LBRDA,Liberty Broadband (Series A),88.6,-15,36,38,-34,25,-16,-8,1,6,-17,8
NDSN,Nordson,218.45,0,24,-27,0,-3,-16,30,1,-5,10,7
FIS,Fidelity National Information Services,80.92,0,40,0,-35,5,-24,38,-21,9,2,7
SNDR,Schneider National,24.31,0,5,-14,0,-9,2,24,-18,8,16,7
MAS,Masco,62.47,-10,0,-11,63,42,-19,-12,-23,19,-35,7
SOLV,Solventum,74.49,0,10,0,0,10,-23,26,-7,0,-4,6
SLB,Schlumberger,35.91,45,0,-61,0,-16,41,1,-12,-8,22,6
Z,Zillow (Class C),70.95,0,7,2,0,9,-19,7,-9,18,-3,6
LPX,Louisiana-Pacific,88.54,-16,0,-1,61,44,-42,-5,-15,24,-38,6
HHH,Howard Hughes Holdings,70.57,44,1,-4,-4,37,-10,-15,-19,12,-32,5
SBAC,SBA Communications,230.12,8,3,7,-18,0,13,-19,8,3,5,5
BWA,BorgWarner,33.35,0,27,-28,0,-1,-15,34,1,-14,6,5
ABNB,Airbnb,137.19,0,10,-1,0,9,-30,38,-9,-3,-4,5
DAL,Delta Air Lines,49.49,-21,1,-4,17,-7,1,-2,-12,24,11,4
COP,ConocoPhillips,95.01,49,4,-36,1,18,41,3,-52,-6,-14,4
WYNN,Wynn Resorts,88.59,7,27,-2,-1,31,-14,-8,1,-6,-27,4
ZBRA,Zebra Technologies,293.11,0,11,-12,-5,-6,-19,30,-12,11,10,4
NTNX,Nutanix,72.41,-42,31,22,20,31,-45,-6,1,22,-28,3
MORN,"Morningstar, Inc.",301.9,-34,25,-11,26,6,-33,31,-17,16,-3,3
ROKU,"Roku, Inc.",82.16,7,6,1,-17,-3,-18,30,-9,2,5,2
NCNO,nCino,26.91,0,10,-17,0,-7,-14,27,-19,13,7,0
MCHP,Microchip Technology,68.19,0,25,-37,1,-11,-16,31,1,-5,11,0
INFA,Informatica,24.15,0,16,-33,0,-17,2,38,-18,-5,17,0
KEYS,Keysight,162.26,0,25,7,0,32,-21,-7,-8,3,-33,-1
UAL,United Airlines Holdings,78.51,-24,1,0,9,-14,-27,37,-11,14,13,-1
CIVI,Civitas Resources,32.96,49,0,-46,-4,-1,48,5,-46,-7,0,-1
OWL,Blue Owl Capital,18.89,0,4,-1,0,3,-18,7,-12,19,-4,-1
DVN,Devon Energy,34.61,56,7,-41,-3,19,42,4,-47,-20,-21,-2
TFSL,Third Federal S&L,12.68,-23,38,0,3,18,-28,-10,1,17,-20,-2
UDR,"UDR, Inc.",41.17,-3,0,0,0,-3,-15,4,1,11,1,-2
PSA,Public Storage,294.73,-26,26,-2,13,11,-24,-1,1,11,-13,-2
LVS,Las Vegas Sands,42.82,7,25,-13,-4,15,-19,31,-17,-12,-17,-2
HAL,Halliburton,22.92,55,2,-54,0,3,49,5,-53,-7,-6,-3
CNH,CNH Industrial,12.99,7,26,10,0,43,-21,-6,1,-21,-47,-4
FIVE,Five Below,126.47,3,27,0,-14,16,-45,36,2,-13,-20,-4
BFAM,Bright Horizons,123.47,-52,23,5,6,-18,-2,-4,6,13,13,-5
LEN,Lennar (Class A),109.43,-2,0,-21,62,39,-19,2,-26,-1,-44,-5
TWLO,Twilio,116.72,-24,17,38,-32,-1,-35,31,-9,9,-4,-5
APTV,Aptiv,69.18,7,25,0,-22,10,-14,31,1,-34,-16,-6
WFRD,Weatherford International,51.92,69,2,-35,0,36,-5,5,-39,-3,-42,-6
KDP,Keurig Dr Pepper,33.1,0,-11,0,0,-11,14,-28,9,10,5,-6
TKR,Timken Company,71.63,0,10,-15,2,-3,-18,29,-12,-3,-4,-7
EG,Everest Group,339.22,0,-6,-27,53,20,10,-6,-28,-3,-27,-7
EXP,Eagle Materials,197.48,-14,-14,-6,55,21,-23,-11,-20,25,-29,-8
LII,Lennox International,543.66,-24,-2,-1,36,9,-19,-9,-14,25,-17,-8
PNFP,Pinnacle Financial Partners,103.55,-21,25,-1,13,16,-24,-6,-11,16,-25,-9
PINC,"Premier, Inc.",22.32,-32,36,8,-26,-14,-31,62,6,-32,5,-9
A,Agilent Technologies,119.1,0,5,-14,0,-9,-15,28,-11,-3,-1,-10
PYPL,PayPal,72.26,0,15,-1,-37,-23,-11,31,-15,7,12,-11
THO,Thor Industries,88.28,8,9,-17,0,0,-18,31,-20,-4,-11,-11
AZTA,Azenta,30.69,69,0,-44,-29,-4,-9,19,-10,-7,-7,-11
GPC,Genuine Parts Company,120.46,-31,23,-4,0,-12,-22,37,1,-15,1,-11
LFUS,Littelfuse,221.52,0,25,-16,0,9,-14,30,-30,-6,-20,-11
IQV,IQVIA,159.27,69,0,-31,-4,34,-14,6,-33,-4,-45,-11
MSGS,Madison Square Garden Sports,190.73,0,1,-11,19,9,-18,-10,-17,25,-20,-11
DPZ,Domino's,454.63,-35,-5,0,8,-32,-3,-11,18,16,20,-12
IP,International Paper,46.56,-24,-2,0,14,-12,-26,23,-11,14,0,-12
HST,Host Hotels & Resorts,15.64,-14,25,-23,2,-10,-18,38,-18,-4,-2,-12
AMH,American Homes 4 Rent,36.07,-58,0,-1,66,7,-24,-9,1,13,-19,-12
FR,First Industrial Realty Trust,49.04,-4,8,-4,12,12,-19,-12,-6,12,-25,-13
MIDD,Middleby,143.99,-23,0,5,0,-18,-24,25,-7,11,5,-13
MKSI,MKS Instruments,93.57,7,10,-18,-11,-12,-16,30,-12,-3,-1,-13
SUI,Sun Communities,123.15,-6,16,0,-22,-12,-17,6,1,9,-1,-13
TPG,TPG Inc.,50.15,0,8,-4,0,4,-6,-13,-15,17,-17,-13
CMA,Comerica,55.48,-21,0,-1,2,-20,-19,30,-15,10,6,-14
GAP,Gap Inc.,21.17,-20,0,-3,16,-7,-18,-8,2,17,-7,-14
RYAN,Ryan Specialty,65.48,-56,-6,0,0,-62,13,-1,12,23,47,-15
GDDY,GoDaddy,178.04,-37,0,0,20,-17,1,-9,-10,20,2,-15
LYFT,Lyft,14.98,-21,26,-1,0,4,-22,-1,1,2,-20,-16
WDAY,"Workday, Inc.",245.51,-10,12,-1,12,13,-24,-11,-14,20,-29,-16
U,Unity Technologies,24.4,-27,14,0,0,-13,-9,38,1,-33,-3,-16
INCY,Incyte,71.17,7,11,0,-29,-11,-21,33,-22,5,-5,-16
MEDP,Medpace,300.72,-10,1,-18,30,3,-18,9,-10,-2,-21,-18
BG,Bunge Global,86.29,14,3,-35,0,-18,12,-10,1,-3,0,-18
RRX,Regal Rexnord,142.25,0,25,-19,1,7,-17,1,-20,11,-25,-18
WAT,Waters Corporation,347.93,0,0,0,12,12,-26,-6,-11,12,-31,-19
ACN,Accenture,314.38,-6,0,-14,12,-8,-19,1,-10,17,-11,-19
GXO,GXO Logistics,43.31,0,25,-28,0,-3,-15,31,-26,-6,-16,-19
BIRK,Birkenstock,52.83,-22,27,-1,0,4,-23,-2,1,0,-24,-20
FTV,Fortive,70.81,-3,1,-12,31,17,-24,-2,-8,-3,-37,-20
ROST,Ross Stores,131.14,-31,-2,-4,33,-4,-35,-10,2,27,-16,-20
WTRG,Essential Utilities,37.38,-7,-4,0,-1,-12,-5,-20,13,3,-9,-21
PFE,Pfizer,24.4,49,6,-24,-21,10,-4,31,-32,-26,-31,-21
CBSH,Commerce Bancshares,60.8,-27,25,0,2,0,-26,-7,1,11,-21,-21
NCLH,Norwegian Cruise Line Holdings,18.55,-14,0,-11,-3,-28,-26,26,-11,18,7,-21
BLD,TopBuild,300.57,0,6,-20,44,30,-16,2,-37,-1,-52,-22
IONS,Ionis Pharmaceuticals,35.22,-7,28,-40,-9,-28,-21,34,1,-8,6,-22
MKTX,MarketAxess,224.75,60,9,-19,-27,23,-5,1,1,-42,-45,-22
ELAN,Elanco,13.99,0,28,-28,-5,-5,1,30,-44,-4,-17,-22
CFR,Frost Bank,123.73,-21,25,0,2,6,-24,-1,-11,8,-28,-22
AOS,A. O. Smith,64.3,-10,-3,-33,56,10,-19,-11,1,-3,-32,-22
DBX,Dropbox,28.66,-29,3,10,7,-9,3,-12,-11,6,-14,-23
CHDN,Churchill Downs Incorporated,97.39,-2,0,-22,0,-24,-17,12,-23,28,0,-24
ILMN,"Illumina, Inc.",90.27,51,5,-19,-38,-1,3,31,-19,-38,-23,-24
ZTS,Zoetis,164.37,-14,22,-26,0,-18,-6,31,-29,-3,-7,-25
VVV,Valvoline,36.41,0,10,-17,29,22,-33,26,-39,-2,-48,-26
DNB,Dun & Bradstreet,9.06,51,4,-17,0,38,-18,8,-19,-35,-64,-26
MSCI,MSCI,547.25,-24,23,0,12,11,-34,-7,-14,18,-37,-26
DAR,Darling Ingredients,38.59,41,2,-17,-18,8,14,1,-21,-28,-34,-26
CFLT,"Confluent, Inc.",23.69,0,0,-7,0,-7,-31,19,-9,2,-19,-26
CACC,Credit Acceptance,495.63,0,1,-1,0,0,-19,2,-6,-3,-26,-26
TER,Teradyne,87.7,7,0,-20,-4,-17,-19,26,-14,-3,-10,-27
MTD,Mettler Toledo,1182.91,0,10,-14,0,-4,-19,30,-32,-3,-24,-28
HR,Healthcare Realty Trust,14.89,46,-50,0,-37,-41,47,-22,-20,7,12,-29
SEG,Seaport Entertainment Group,19.81,-3,0,0,0,-3,-14,7,-19,0,-26,-29
HAYW,Hayward Holdings,13.79,-16,25,-4,0,5,-21,-10,-17,14,-34,-29
GPK,Graphic Packaging,21.53,-24,-69,-10,56,-47,-22,-6,-23,69,18,-29
CRM,Salesforce,263.8,-14,-2,-4,20,0,-25,-12,-12,19,-30,-30
LNC,Lincoln Financial,33.1,0,0,9,-4,5,-19,-13,-9,6,-35,-30
TFC,Truist Financial,39.4,-14,0,-1,2,-13,-23,7,-14,12,-18,-31
IVZ,Invesco,14.84,7,1,-11,-4,-7,-15,-9,-11,11,-24,-31
HSIC,Schein (Henry),70.79,0,1,-3,0,-2,-19,-1,-10,1,-29,-31
RH,RH,189.46,14,0,-15,-5,-6,-5,-13,-14,7,-25,-31
DAY,Dayforce,58.34,-14,10,-11,-10,-25,-14,19,-15,3,-7,-32
BOKF,BOK Financial Corporation,92.88,-11,-2,-3,20,4,-21,-10,-17,12,-36,-32
CART,Maplebear Inc.,43.86,-36,1,14,0,-21,-43,40,-8,0,-11,-32
UHAL,U-Haul,63.03,-13,0,-6,20,1,-20,-13,-19,18,-34,-33
LUV,Southwest Airlines,32.2,-20,24,7,-37,-26,-21,27,-16,2,-8,-34
RIVN,Rivian,13.77,-17,27,0,0,10,-19,-8,2,-19,-44,-34
NVST,Envista,18.99,0,10,-14,0,-4,-17,31,-14,-30,-30,-34
EW,Edwards Lifesciences,74.81,-36,37,0,-12,-11,-49,38,21,-33,-23,-34
AVY,Avery Dennison,176.42,-12,24,-26,2,-12,-24,38,-34,-3,-23,-35
GNRC,Generac,126.33,0,9,-11,-32,-34,-19,27,-19,8,-3,-37
CHRW,C.H. Robinson,93.82,-26,0,0,0,-26,-24,25,-18,6,-11,-37
DLB,Dolby Laboratories,75.19,0,0,-1,0,-1,-20,-11,-11,6,-36,-37
PB,Prosperity Bancshares,67.72,-14,0,-3,12,-5,-19,-10,-15,12,-32,-37
FRT,Federal Realty Investment Trust,95.65,-12,7,-14,2,-17,-19,6,-20,12,-21,-38
WAL,Western Alliance Bancorporation,72.19,-4,0,-3,2,-5,-19,-12,-18,16,-33,-38
FTRE,Fortrea,5.78,69,-2,-27,0,40,-6,-16,-56,0,-78,-38
WTW,Willis Towers Watson,297.75,-57,-37,0,22,-72,13,-1,-6,27,33,-39
WMS,Advanced Drainage Systems,116.02,0,9,-31,1,-21,-19,1,1,-1,-18,-39
DD,DuPont,67.96,0,1,-12,17,6,-19,1,-26,-1,-45,-39
GEHC,GE HealthCare,72.86,1,0,-11,0,-10,-14,-13,-9,6,-30,-40
SW,Smurfit Westrock,43.25,0,0,0,0,0,-24,-3,-14,0,-41,-41
KMB,Kimberly-Clark,130.71,-70,-2,0,16,-56,-5,-2,-2,24,15,-41
IT,Gartner,409.13,-98,-2,-12,56,-56,-25,-5,-10,55,15,-41
MAA,Mid-America Apartment Communities,149.56,-6,-11,0,0,-17,-16,-18,1,9,-24,-41
TRU,TransUnion,85.9,-14,14,-2,0,-2,-19,-10,-22,12,-39,-41
MKC,McCormick & Company,73.9,0,-43,0,-2,-45,-5,5,-5,8,3,-42
MOH,Molina Healthcare,290.12,-7,-17,-4,0,-28,-6,-11,9,-6,-14,-42
CRL,Charles River Laboratories,151.09,63,10,-45,-24,4,-15,28,-54,-6,-47,-43
BC,Brunswick Corporation,57.07,0,9,-29,-5,-25,-16,25,-20,-7,-18,-43
ON,ON Semiconductor,53.89,7,10,-28,0,-11,-18,31,-34,-13,-34,-45
HXL,Hexcel,54.46,-9,0,-20,0,-29,-24,26,-12,-7,-17,-46
PATH,UiPath,12.48,-24,15,-2,0,-11,-25,-3,1,-8,-35,-46
APA,APA Corporation,20.5,77,7,-76,-10,-2,42,11,-80,-17,-44,-46
LOAR,Loar Holdings,82.1,-35,0,0,0,-35,-2,-15,5,0,-12,-47
DOW,Dow Inc.,30.57,49,0,-34,0,15,-9,1,-49,-6,-63,-48
WEX,WEX Inc.,143.44,7,7,-34,-3,-23,-19,25,-25,-6,-25,-48
PAYC,Paycom,246.4,-36,38,10,-22,-10,-42,38,1,-35,-38,-48
DHR,Danaher Corporation,201.1,1,7,-20,0,-12,-9,6,-31,-2,-36,-48
BBY,Best Buy,71.24,0,0,-15,-4,-19,-21,4,-26,14,-29,-48
SN,SharkNinja,87.13,-20,1,0,0,-19,-14,-7,-9,0,-30,-49
AAP,Advance Auto Parts,48.45,-14,17,0,-26,-23,-19,24,1,-32,-26,-49
LYB,LyondellBasell,61.22,44,0,-35,0,9,-5,1,-49,-5,-58,-49
DVA,DaVita,137.84,0,-44,-1,18,-27,-18,-10,-11,17,-22,-49
SPG,Simon Property Group,157.81,-27,0,0,33,6,-56,-13,-6,19,-56,-50
XYZ,"Block, Inc.",64.83,3,3,-15,-34,-43,-25,22,-16,11,-8,-51
OGN,Organon & Co.,10.19,50,-58,-20,0,-28,5,6,-33,-2,-24,-52
INGM,Ingram Micro,19.31,-18,10,0,0,-8,-28,-7,-9,0,-44,-52
WH,Wyndham Hotels & Resorts,79.92,-20,-13,-2,9,-26,-18,-13,-8,13,-26,-52
CCCS,CCC Intelligent Solutions,8.9,0,0,-19,0,-19,-14,2,-18,-4,-34,-53
CCI,Crown Castle,98.99,-3,0,-4,-26,-33,-15,-19,11,3,-20,-53
PARA,Paramount Global (Class B),11.99,-19,26,0,-37,-30,-16,32,3,-43,-24,-54
WST,West Pharmaceutical Services,224.38,0,8,-18,-5,-15,-23,8,-18,-6,-39,-54
WY,Weyerhaeuser,26.73,0,0,-14,0,-14,-16,7,-26,-6,-41,-55
VLTO,Veralto,97.76,-27,25,0,0,-2,-27,-2,-24,0,-53,-55
CHTR,Charter Communications,375.31,-10,0,9,-34,-35,-16,-10,1,4,-21,-56
JBHT,J. B. Hunt,142.46,0,0,-22,0,-22,2,-9,-19,-8,-34,-56
FCN,FTI Consulting,162.08,16,-11,-28,0,-23,16,-10,-38,-3,-35,-58
AVTR,Avantor,13.44,0,0,-20,0,-20,-15,11,-31,-3,-38,-58
AXTA,Axalta,29.54,-24,-12,-7,20,-23,-24,-15,-20,24,-35,-58
SMG,Scotts Miracle-Gro Company,62.25,-11,21,-13,-37,-40,-30,24,-23,11,-18,-58
BRBR,BellRing Brands,62.82,7,-29,-4,0,-26,-26,-21,-10,25,-32,-58
HRL,Hormel Foods,30.27,-9,15,-1,-21,-16,-20,4,1,-28,-43,-59
BMY,Bristol Myers Squibb,48.65,-6,-50,0,-3,-59,-9,11,-5,3,0,-59
ALK,Alaska Air Group,48.78,-27,0,-1,0,-28,-27,-4,-8,7,-32,-60
PPG,PPG Industries,109.05,-14,25,-37,-6,-32,-21,-2,1,-6,-28,-60
SEE,Sealed Air,31.41,-14,25,-15,-22,-26,-22,36,-18,-30,-34,-60
CMCSA,Comcast,35.1,2,7,-26,-7,-24,-9,2,-23,-6,-36,-60
BURL,Burlington Stores,236.0,-21,0,-1,1,-21,-29,-9,-17,15,-40,-61
FI,Fiserv,164.9,0,-51,-5,33,-23,-20,-37,-6,25,-38,-61
NUE,Nucor,121.65,2,2,-46,0,-42,7,3,-23,-6,-19,-61
AES,AES Corporation,11.47,52,5,-33,-9,15,1,-13,-44,-22,-78,-63
PCOR,Procore,65.65,-24,0,-2,0,-26,-35,-11,-8,17,-37,-63
SITE,SiteOne Landscape Supply,119.61,-2,6,-17,-7,-20,-19,2,-20,-6,-43,-63
WBD,Warner Bros. Discovery,10.77,7,5,3,-40,-25,-9,25,-11,-43,-38,-63
QRVO,Qorvo,80.79,0,25,-35,-29,-39,-16,33,-39,-3,-25,-64
SWKS,Skyworks Solutions,71.98,0,23,-34,-28,-39,-19,33,-37,-3,-26,-65
FLS,Flowserve,47.33,-63,1,-2,25,-39,-31,-6,-12,23,-26,-65
LSCC,Lattice Semiconductor,47.86,-1,0,-11,-3,-15,-16,-13,-8,-13,-50,-65
MDB,MongoDB Inc.,202.62,-14,0,-17,-7,-38,-32,30,-18,-7,-27,-65
IEX,IDEX Corporation,179.92,-11,14,-19,0,-16,-18,-9,-19,-4,-50,-66
COLB,Columbia Banking System,22.58,-20,0,-1,-7,-28,-19,-10,-17,8,-38,-66
YETI,Yeti Holdings,30.53,-14,0,-26,-4,-44,-23,25,-17,-8,-23,-67
ETSY,Etsy,53.9,-14,15,0,-28,-27,-31,25,1,-35,-40,-67
CROX,Crocs,102.26,-3,1,-33,0,-35,-19,-11,1,-3,-32,-67
TSN,Tyson Foods,54.92,-12,-30,-2,-26,-70,-10,4,-2,9,1,-69
AA,Alcoa,29.01,0,1,-12,-18,-29,-18,25,-18,-30,-41,-70
EMN,Eastman Chemical Company,77.03,-21,-2,-12,0,-35,-19,-4,-26,13,-36,-71
ST,Sensata Technologies,28.55,7,25,-33,-13,-14,-13,29,-40,-33,-57,-71
LKQ,LKQ Corporation,38.03,-21,-2,-1,0,-24,-19,-8,-5,-15,-47,-71
AMCR,Amcor,9.19,0,-2,-11,0,-13,-21,-20,-26,9,-58,-71
TROW,T. Rowe Price,93.22,-14,10,-14,-23,-41,-19,-6,-16,11,-30,-71
AKAM,Akamai Technologies,80.01,7,1,-17,-5,-14,-16,-17,-17,-8,-58,-72
HUBS,HubSpot,549.14,-35,-4,-1,9,-31,-37,-12,-9,17,-41,-72
ZM,Zoom Communications,77.87,-49,26,0,0,-23,-44,-8,1,2,-49,-72
IFF,International Flavors & Fragrances,76.75,-11,10,-14,-29,-44,-19,7,-26,9,-29,-73
LW,Lamb Weston,55.31,0,13,-63,-6,-56,-5,17,-17,-12,-17,-73
REGN,Regeneron Pharmaceuticals,522.83,7,-12,-32,-2,-39,9,-9,-33,-2,-35,-74
PK,Park Hotels & Resorts,10.35,-2,1,-17,-5,-23,-16,-14,-19,-3,-52,-75
SJM,J.M. Smucker Company (The),95.36,-35,-5,-3,-2,-45,-4,-5,-1,-21,-31,-76
UHS,Universal Health Services,170.34,-42,-2,-2,20,-26,-42,-6,-26,24,-50,-76
VKTX,Viking Therapeutics,26.96,-13,1,-31,19,-24,-14,-10,-24,-4,-52,-76
MRK,Merck & Co.,80.97,63,-53,-38,-2,-30,-5,5,-42,-4,-46,-76
FND,Floor & Decor,74.77,0,0,-26,-4,-30,-10,-14,-20,-4,-48,-78
TGT,Target Corporation,97.37,0,0,-22,-9,-31,-21,5,-30,-4,-50,-81
RARE,Ultragenyx,37.13,0,5,-18,-36,-49,-9,4,-26,-1,-32,-81
CE,Celanese,56.28,0,10,-34,-8,-32,-18,27,-52,-7,-50,-82
TTD,Trade Desk (The),70.24,-55,8,-18,2,-63,-18,-1,-18,18,-19,-82
DOCU,DocuSign,75.7,-49,-5,-2,-10,-66,-45,31,-11,9,-16,-82
GTLB,GitLab,42.07,-28,-4,-12,0,-44,-32,-12,-11,16,-39,-83
HPQ,HP Inc.,24.52,-27,-2,-16,0,-45,-23,-10,-20,14,-39,-84
W,Wayfair,48.38,7,25,-54,-39,-61,-17,31,1,-38,-23,-84
EIX,Edison International,48.35,-59,-8,-23,-1,-91,-13,-9,-20,48,6,-85
OKTA,"Okta, Inc.",99.29,-42,-6,15,-22,-55,-45,-10,20,4,-31,-86
UHAL-B,U-Haul (Series N),55.24,-14,-2,-14,0,-30,-23,-12,-28,7,-56,-86
TEAM,Atlassian,200.31,-26,-4,-1,-4,-35,-38,-14,-9,9,-52,-87
JAZZ,Jazz Pharmaceuticals,109.61,-12,-4,-6,-4,-26,-23,6,-7,-37,-61,-87
SHC,Sotera Health,11.32,-27,-2,-18,0,-47,-28,-9,1,-4,-40,-87
S,SentinelOne,17.59,-18,-2,-16,0,-36,-32,-13,-19,12,-52,-88
ESTC,Elastic NV,81.18,-26,-2,-4,-4,-36,-31,-10,-9,-2,-52,-88
ELS,Equity Lifestyle Properties,61.8,-13,-14,-12,0,-39,-17,-9,-23,-1,-50,-89
RGEN,Repligen,126.15,0,-5,-7,-15,-27,-18,1,-11,-35,-63,-90
UAA,Under Armour (Class A),6.62,-9,15,-19,-42,-55,-16,35,-19,-35,-35,-90
EXAS,Exact Sciences,53.27,-21,31,-19,-23,-32,-19,-2,-23,-14,-58,-90
VAC,Marriott Vacations Worldwide,67.41,1,0,-16,-15,-30,-19,-2,-16,-23,-60,-90
FMC,FMC Corporation,42.74,0,14,-31,-22,-39,-19,18,-27,-24,-52,-91
DV,DoubleVerify,14.65,-2,0,-61,0,-63,-19,7,-9,-8,-29,-92
NSA,National Storage Affiliates,33.12,-14,-18,-6,-2,-40,-17,-19,-27,10,-53,-93
ENTG,Entegris,78.23,4,0,-35,-4,-35,-16,1,-40,-3,-58,-93
SON,Sonoco,44.53,-11,23,-35,-3,-26,-21,-1,-33,-12,-67,-93
UA,Under Armour (Class C),6.26,-9,17,-19,-35,-46,-16,27,-23,-35,-47,-93
MHK,Mohawk Industries,103.07,0,-19,-17,-9,-45,-19,-16,-25,12,-48,-93
KNX,Knight-Swift,43.36,-27,0,-16,0,-43,-25,-3,-12,-11,-51,-94
GME,GameStop,23.31,-29,-3,-1,-28,-61,-26,-5,2,-5,-34,-95
LSTR,Landstar,139.02,-11,0,-26,0,-37,-19,-1,-33,-5,-58,-95
REXR,Rexford Industrial,36.36,0,10,-37,-16,-43,-16,25,-32,-30,-53,-96
SWK,Stanley Black & Decker,65.76,-6,0,-20,-37,-63,-18,-2,-26,12,-34,-97
COO,Cooper Companies (The),69.72,0,-12,-18,-3,-33,-24,-16,-23,-1,-64,-97
CERT,"Certara, Inc.",10.75,-21,-3,-6,0,-30,-19,-20,1,-30,-68,-98
PENN,Penn Entertainment,16.49,7,0,-14,-32,-39,-14,6,-9,-42,-59,-98
PCTY,Paylocity,179.04,-42,-3,0,-1,-46,-42,-5,-10,3,-54,-100
HOG,Harley-Davidson,24.38,-6,10,-34,-7,-37,-19,-7,-29,-9,-64,-101
POOL,Pool Corporation,290.47,-24,-4,-14,-4,-46,-19,-10,-20,-7,-56,-102
M,"Macy's, Inc.",11.89,-14,0,-22,-13,-49,-23,-11,-16,-4,-54,-103
LBTYA,Liberty Global (Series A),9.98,34,-51,-31,-29,-77,5,5,-29,-8,-27,-104
FRPT,Freshpet,72.51,-43,-2,-15,-4,-64,-40,-6,-11,17,-40,-104
MTN,Vail Resorts,155.48,3,15,-24,-21,-27,-22,-5,-18,-34,-79,-106
BLDR,Builders FirstSource,111.71,0,-93,-19,63,-49,-19,-15,-23,-1,-58,-107
SAIA,Saia,265.6,8,-82,-17,2,-89,12,-8,-19,-3,-18,-107
BAX,Baxter International,30.82,0,0,-14,-36,-50,-15,1,-5,-39,-58,-108
NWL,Newell Brands,5.8,7,1,-18,-29,-39,-19,1,-18,-34,-70,-109
ELV,Elevance Health,376.7,-7,-24,-35,0,-66,-3,-39,-1,-1,-44,-110
BIO,Bio-Rad Laboratories,230.84,40,-18,-18,-26,-22,-14,-18,-23,-35,-90,-112
GNTX,Gentex,22.08,7,0,-33,-6,-32,-10,-14,-50,-6,-80,-112
VFC,VF Corporation,12.41,-18,-2,-11,-41,-72,-21,-13,-11,5,-40,-112
LCID,Lucid Motors,2.15,-2,-13,-23,0,-38,-23,-10,-8,-33,-74,-112
GFS,GlobalFoundries,37.59,-2,3,-73,0,-72,-19,1,-8,-15,-41,-113
RYN,Rayonier,22.94,-9,-50,-11,-3,-73,-15,5,-23,-7,-40,-113
GMED,Globus Medical,58.86,-9,-80,-6,0,-95,-18,1,-11,10,-18,-113
ASH,Ashland Global,50.2,-10,-2,-32,-7,-51,-16,5,-44,-8,-63,-114
GLOB,Globant,95.81,-14,-21,-17,-5,-57,-21,-15,-17,-5,-58,-115
IPG,Interpublic Group of Companies (The),23.49,3,-14,-34,0,-45,-9,-16,-31,-15,-71,-116
ADBE,Adobe Inc.,401.61,-14,1,-27,-4,-44,-37,-2,-31,-3,-73,-117
TREX,"Trex Company, Inc.",55.57,-6,-2,-45,-11,-64,-19,-14,-17,-4,-54,-118
INTC,Intel,20.73,-5,0,-60,-18,-83,-20,1,-8,-10,-37,-120
EPAM,EPAM Systems,172.49,-14,0,-17,-25,-56,-19,-2,-8,-35,-64,-120
CDW,CDW,172.3,-24,25,-33,0,-32,-24,-4,-54,-6,-88,-120
DOC,Healthpeak Properties,17.15,-6,-51,-8,-29,-94,-15,5,-23,7,-26,-120
PEP,PepsiCo,131.41,4,-50,-33,-1,-80,-4,5,-30,-11,-40,-120
IAC,IAC Inc.,37.87,7,1,-31,-29,-52,4,-11,-26,-36,-69,-121
CGNX,Cognex Corporation,30.54,-3,7,-31,-29,-56,-17,29,-39,-38,-65,-121
QS,QuantumScape,4.47,48,4,-75,0,-23,-14,-12,-39,-34,-99,-122
BDX,Becton Dickinson,172.14,0,-78,-19,-3,-100,-5,6,-10,-13,-22,-122
GPN,Global Payments,76.85,-14,-3,-18,-37,-72,-16,-11,-15,-8,-50,-122
TXG,10x Genomics,11.01,49,6,-67,0,-12,-12,7,-66,-40,-111,-123
RVTY,Revvity,96.35,7,-68,-11,-22,-94,-15,1,-16,1,-29,-123
COLM,Columbia Sportswear,61.67,-14,-68,-12,-4,-98,-19,-11,-7,11,-26,-124
MGM,MGM Resorts International,34.3,7,5,-47,0,-35,-17,-13,-54,-7,-91,-126
CNC,Centene,54.7,-11,-18,-35,-9,-73,-7,-16,-4,-26,-53,-126
CLF,Cleveland-Cliffs,7.34,0,-4,-54,-14,-72,2,3,-54,-6,-55,-127
MTCH,Match Group,30.79,-18,9,-17,-35,-61,-24,17,-24,-36,-67,-128
LEA,Lear Corporation,92.56,0,25,-59,-15,-49,-16,5,-55,-13,-79,-128
MPW,Medical Properties Trust,4.43,-6,-25,-1,-34,-66,-19,-23,13,-33,-62,-128
BILL,Bill.com,42.01,-24,-2,-15,0,-41,-28,-13,-11,-35,-87,-128
LBTYK,Liberty Global (Series C),10.2,35,-51,-31,-28,-75,2,6,-28,-34,-54,-129
UWMC,United Wholesale Mortgage,4.1,-5,-59,-20,0,-84,-14,4,-33,-2,-45,-129
DXC,DXC Technology,15.88,7,0,-16,-71,-80,4,1,-23,-32,-50,-130
LULU,Lululemon Athletica,241.26,-49,-7,-2,-1,-59,-49,-1,-11,-10,-71,-130
ONTO,Onto Innovation,98.85,0,-86,-17,0,-103,-17,1,-12,-2,-30,-133
COTY,Coty,5.04,0,0,-55,-5,-60,-19,9,-57,-7,-74,-134
PLTK,Playtika,4.74,-18,-13,-17,0,-48,-19,-21,-18,-29,-87,-135
KHC,Kraft Heinz,25.78,-13,-38,-33,-2,-86,-10,-28,-5,-8,-51,-137
LINE,"Lineage, Inc.",43.67,-10,-50,0,0,-60,-22,-33,-22,0,-77,-137
PII,Polaris Inc.,41.33,0,10,-91,-15,-96,-18,25,-34,-15,-42,-138
CZR,Caesars Entertainment,26.23,-10,-2,-17,-23,-52,-14,-12,-26,-35,-87,-139
BRKR,Bruker,39.08,0,-2,-51,-6,-59,-19,1,-55,-7,-80,-139
KMX,CarMax,65.88,0,-74,-10,-34,-118,-19,2,-14,9,-22,-140
GIS,General Mills,53.54,-11,-49,-32,-2,-94,-9,5,-28,-17,-49,-143
CLVT,Clarivate,4.29,-2,15,-68,-4,-59,-18,2,-28,-40,-84,-143
INSP,Inspire Medical Systems,129.67,-33,-22,-14,-4,-73,-23,-14,-19,-15,-71,-144
RNG,RingCentral,27.06,0,6,-17,-39,-50,-24,-11,-17,-43,-95,-145
GO,Grocery Outlet,12.96,-6,-1,-91,0,-98,-1,-22,1,-26,-48,-146
SIRI,Sirius XM,21.9,0,1,-74,-29,-102,-19,29,-40,-15,-45,-147
SEB,Seaboard Corporation,2725.69,-11,0,-90,-21,-122,-5,11,-5,-27,-26,-148
WSC,WillScot Mobile Mini,26.46,-14,0,-56,-4,-74,-23,-10,-33,-10,-76,-150
UPS,United Parcel Service,101.11,7,0,-97,-14,-104,-15,25,-25,-32,-47,-151
CPRI,Capri Holdings,17.41,-6,0,-63,-9,-78,-17,-2,-27,-30,-76,-154
IPGP,IPG Photonics,68.06,-2,24,-77,-42,-97,-30,31,-18,-42,-59,-156
PRGO,Perrigo,26.7,-4,0,0,-111,-115,-9,27,-6,-53,-41,-156
MRNA,Moderna,26.02,-16,-1,-46,-2,-65,-21,13,-46,-37,-91,-156
FIVN,Five9,27.72,-14,0,-70,-33,-117,-24,30,-8,-38,-40,-157
CAVA,Cava Group,74.51,-54,-14,-5,0,-73,-52,-13,-19,0,-84,-157
ANGI,Angi Inc.,15.75,-20,10,-31,-49,-90,-19,20,-29,-42,-70,-160
KSS,Kohl's,8.93,0,0,-53,-29,-82,-21,26,-54,-30,-79,-161
QDEL,QuidelOrtho,29.2,-21,-1,-14,-36,-72,-17,-14,-14,-45,-90,-162
BIIB,Biogen,131.04,-13,0,-75,-25,-113,-22,25,-38,-16,-51,-164
TDC,Teradata,22.05,-14,1,-70,-15,-98,-23,-12,-18,-14,-67,-165
OLN,Olin Corporation,20.3,-3,-3,-51,-7,-64,-16,-16,-53,-21,-106,-170
TTC,Toro Company (The),68.96,-56,0,-26,-5,-87,-19,-7,-39,-18,-83,-170
OMC,Omnicom Group,70.66,-16,-129,-18,0,-163,-17,-16,-23,48,-8,-171
ENOV,Enovis,32.24,0,-18,-56,-15,-89,-17,-14,-16,-35,-82,-171
HUM,Humana,235.42,1,-32,-80,-10,-121,12,-35,-11,-18,-52,-173
ALGN,Align Technology,182.58,0,10,-58,-23,-71,-19,1,-53,-36,-107,-178
VSTS,Vestis,5.82,-27,-94,-12,0,-133,-25,-2,-18,0,-45,-178
TAP,Molson Coors,49.61,-112,-36,-4,12,-140,-24,-10,-5,-1,-40,-180
BMRN,BioMarin Pharmaceutical,56.24,-10,-50,-41,-18,-119,-15,-21,-6,-20,-62,-181
AAL,American Airlines Group,10.92,-26,0,-12,-74,-112,-21,-3,-12,-37,-73,-185
NKE,"Nike, Inc.",61.91,-6,0,-68,-19,-93,-19,26,-69,-34,-96,-189
COLD,Americold,16.76,-10,-53,-32,-9,-104,-16,-27,-32,-13,-88,-192
EL,Estée Lauder Companies (The),74.57,7,15,-111,-24,-113,-19,28,-56,-33,-80,-193
ALB,Albemarle Corporation,60.97,0,0,-119,-21,-140,-16,1,-18,-23,-56,-196
MAN,ManpowerGroup,41.09,-6,-51,-37,-26,-120,-6,-1,-37,-34,-78,-198
TRIP,Tripadvisor,13.39,-24,6,-52,-50,-120,-24,-4,-9,-42,-79,-199
WLK,Westlake Corporation,76.41,0,-82,-31,-2,-115,-10,-31,-43,-4,-88,-203
REYN,Reynolds Consumer Products,21.39,-16,-91,-19,0,-126,-24,-21,-31,-1,-77,-203
FBIN,Fortune Brands Innovations,50.9,-9,-137,-17,-3,-166,-19,-14,-23,18,-38,-204
TMO,Thermo Fisher Scientific,404.34,-2,-76,-13,-3,-94,-14,-86,-12,-1,-113,-207
LEG,Leggett & Platt,9.43,0,10,-123,-28,-141,-11,1,-26,-36,-72,-213
BBWI,"Bath & Body Works, Inc.",25.83,-123,-12,-16,-13,-164,-26,-13,-7,-4,-50,-214
HUN,Huntsman Corporation,10.84,-12,-61,-36,-13,-122,-16,-17,-31,-31,-95,-217
ACHC,Acadia Healthcare,21.1,-21,-77,-39,-9,-146,-11,-14,-33,-14,-72,-218
SPB,Spectrum Brands,52.88,-33,-125,-19,-2,-179,-31,-15,-18,22,-42,-221
NFE,New Fortress Energy,2.62,-12,-81,-62,-1,-156,-14,-16,-13,-23,-66,-222
PVH,PVH Corp.,65.15,-77,-8,-23,-1,-109,-82,-8,-19,-5,-114,-223
DJT,Trump Media & Technology Group,18.68,-105,-12,-47,0,-164,-23,-14,-15,-7,-59,-223
CC,Chemours,10.94,0,-99,-56,-11,-166,-14,2,-18,-28,-58,-224
ENPH,Enphase Energy,45.93,42,-109,-37,-18,-122,10,-50,-44,-22,-106,-228
RHI,Robert Half,43.23,-28,-99,-20,-7,-154,-24,-4,-18,-30,-76,-230
XRAY,Dentsply Sirona,15.94,-15,15,-72,-40,-112,-21,-1,-59,-38,-119,-231
ZBH,Zimmer Biomet,92.19,-9,-48,-56,-15,-128,-16,-18,-55,-16,-105,-233
CAG,Conagra Brands,21.6,-59,-43,-23,-5,-130,-21,-57,-5,-21,-104,-234
SRPT,Sarepta Therapeutics,20.93,-24,-107,-20,-5,-156,-33,-1,-41,-4,-79,-235
CPB,Campbell Soup Company,32.25,-31,-50,-23,-4,-108,-35,-60,-30,-3,-128,-236
CRI,Carter's,31.58,0,-94,-53,-15,-162,-21,-18,-30,-7,-76,-238
WU,Western Union,8.65,-24,-50,-14,-44,-132,-41,-19,-49,-3,-112,-244
WEN,Wendy's Company (The),11.23,-21,-52,-28,-6,-107,-44,-58,-23,-13,-138,-245
FLO,Flowers Foods,16.03,-27,-50,-28,-6,-111,-24,-42,-48,-21,-135,-246
ARE,Alexandria Real Estate Equities,72.69,1,-58,-28,-28,-113,-15,-60,-39,-33,-147,-260
PCG,PG&E Corporation,13.59,-119,-9,-21,0,-149,-122,-11,-20,38,-115,-264
STZ,Constellation Brands,162.79,-123,-8,-36,-1,-168,-28,-12,-52,-6,-98,-266
APLS,Apellis Pharmaceuticals,18.28,-7,-89,-61,-14,-171,-24,4,-59,-16,-95,-266
TFX,Teleflex,121.18,-11,-94,-33,-37,-175,-24,-49,-29,-8,-110,-285
CLX,Clorox,123.9,-59,-113,-8,-3,-183,-27,-71,-18,11,-105,-288
BF-B,Brown–Forman (Class B),25.93,-122,-12,-94,-16,-244,-21,-11,-26,-26,-84,-328
BF-A,Brown–Forman (Class A),26.5,-122,-12,-93,-16,-243,-21,-12,-33,-22,-88,-331
SAM,Boston Beer Company,207.45,-124,-14,-26,-35,-199,-48,-24,-22,-42,-136,-335
WOLF,Wolfspeed,1.29,-26,-19,-125,-28,-198,-25,-18,-91,-35,-169,-367
