Symbol,Name,Close,1H Cloud Score,1D Cloud Score,1W Cloud Score,1M Cloud Score,Cloud Score Sum,1H TKx Score,1D TKx Score,1W TKx Score,1M TKx Score,TKx Score Sum,Total Score Sum
TJX,TJX Companies,143.81,28,54,157,200,439,-6,-4,126,195,311,750
COOP,Mr. Cooper Group,210.79,-7,100,126,60,279,11,99,124,58,292,571
ORLY,O'Reilly Auto Parts,101.58,-8,0,172,201,365,-14,-5,63,91,135,500
MPWR,Monolithic Power Systems,1004.65,35,111,12,159,317,104,55,19,2,180,497
AAPL,Apple Inc.,252.3,3,78,7,253,341,3,46,11,73,133,474
CASY,Casey's,566.79,9,30,122,89,250,-10,26,126,80,222,472
COR,Cencora,324.71,51,34,53,77,215,59,43,64,70,236,451
APH,Amphenol,125.68,21,124,28,67,240,19,126,19,29,193,433
JPM,JPMorgan Chase,297.62,-12,113,132,160,393,-8,-4,19,28,35,428
WRB,W. R. Berkley Corporation,74.05,-19,37,103,178,299,-13,50,33,57,127,426
ORI,Old Republic International,41.48,-20,48,156,60,244,-54,46,126,57,175,419
PLTR,Palantir Technologies,178.14,0,124,125,0,249,-3,22,128,22,169,418
DUK,Duke Energy,128.55,77,11,85,185,358,-3,13,31,18,59,417
NRG,NRG Energy,168.76,11,26,112,96,245,-1,25,122,23,169,414
SO,Southern Company,97.79,0,11,85,192,288,-5,12,32,81,120,408
FIX,Comfort Systems USA,827.28,-6,114,26,66,200,-6,126,19,57,196,396
WELL,Welltower,175.1,9,5,125,60,199,25,-4,142,26,189,388
IDA,Idacorp,136.06,137,80,65,20,302,19,19,35,12,85,387
GOOG,Alphabet (Class C),253.82,26,100,16,178,320,27,2,13,23,65,385
GOOGL,Alphabet (Class A),253.32,26,100,17,178,321,27,-6,14,23,58,379
RL,Ralph Lauren Corporation,327.69,13,113,103,36,265,21,42,19,28,110,375
ETR,Entergy,95.83,-1,21,85,139,244,-4,20,98,16,130,374
HWM,Howmet Aerospace,189.64,5,28,157,31,221,-6,-1,101,59,153,374
BSX,Boston Scientific,99.24,21,-26,153,146,294,19,-20,19,59,77,371
CAT,Caterpillar Inc.,527.1,35,110,17,66,228,27,35,17,59,138,366
LOPE,Grand Canyon Education,211.39,0,51,156,37,244,-9,50,43,36,120,364
DTE,DTE Energy,141.95,3,19,83,191,296,-3,16,36,15,64,360
MNST,Monster Beverage,70.23,14,50,35,182,281,17,24,28,6,75,356
MCD,McDonald's,307.98,29,0,1,244,274,37,-22,7,59,81,355
EXC,Exelon,47.79,137,14,64,16,231,96,13,3,12,124,355
WMT,Walmart,107.74,29,35,136,103,303,-2,3,19,31,51,354
L,Loews Corporation,98.84,-20,111,121,57,269,-15,46,19,26,76,345
IBM,IBM,281.25,0,22,118,56,196,-5,30,65,58,148,344
SNX,TD Synnex,153.3,-8,111,24,65,192,-6,117,17,23,151,343
KLAC,KLA Corporation,1107.05,15,30,23,179,247,23,24,19,28,94,341
NEM,Newmont,90.77,35,135,28,7,205,-1,97,28,12,136,341
ACM,AECOM,130.84,0,117,25,67,209,-6,46,19,73,132,341
AVGO,Broadcom,349.42,35,114,28,118,295,-4,-7,19,32,40,335
WEC,WEC Energy Group,116.85,77,67,64,15,223,-3,24,77,13,111,334
ATO,Atmos Energy,176.4,3,51,83,47,184,-6,13,94,47,148,332
YUM,Yum! Brands,145.25,0,-7,0,261,254,19,-6,3,59,75,329
IONS,Ionis Pharmaceuticals,73.07,126,114,10,2,252,30,39,19,-12,76,328
ROL,"Rollins, Inc.",55.82,-48,-3,40,288,277,-18,-2,32,37,49,326
CIEN,Ciena,170.97,113,111,18,14,256,-1,33,17,18,67,323
MS,Morgan Stanley,158.68,21,111,85,66,283,-1,3,19,18,39,322
TPR,"Tapestry, Inc.",116.82,27,111,89,23,250,-2,28,17,21,64,314
TIGO,Millicom,47.24,-29,191,86,4,252,3,8,33,18,62,314
WDC,Western Digital,126.19,3,111,21,20,155,13,122,19,5,159,314
AYI,Acuity Brands,356.49,34,87,13,29,163,-4,116,15,22,149,312
CNP,Centerpoint Energy,39.72,27,65,58,47,197,23,23,52,17,115,312
EHC,Encompass Health,124.57,7,45,152,31,235,19,-6,33,31,77,312
J,Jacobs Solutions,155.38,26,109,15,108,258,-5,20,16,21,52,310
NVT,Nvent Electric,99.33,35,111,17,14,177,-2,124,17,-7,132,309
DGX,Quest Diagnostics,189.48,25,50,77,20,172,42,1,77,16,136,308
EME,Emcor,688.7,5,111,26,60,202,-1,30,17,59,105,307
MSI,Motorola Solutions,445.1,-20,-3,10,155,142,-15,-17,10,187,165,307
ANET,Arista Networks,143.1,-30,96,16,60,142,-1,92,15,58,164,306
LLY,Lilly (Eli),802.58,-13,16,-1,174,176,-5,33,1,98,127,303
PPL,PPL Corporation,37.44,0,69,85,25,179,-5,15,97,16,123,302
FLEX,Flex Ltd.,62.14,35,40,27,60,162,27,33,19,59,138,300
GLW,Corning Inc.,84.49,-6,110,28,19,151,-2,117,17,16,148,299
COST,Costco,936.11,7,-22,0,182,167,-10,-33,-11,186,132,299
MDU,MDU Resources,19.17,147,19,4,60,230,-5,21,19,32,67,297
MMC,Marsh McLennan,189.63,-14,-2,-12,177,149,-21,9,-20,180,148,297
FYBR,Frontier Communications,37.53,6,49,98,0,153,26,-3,103,16,142,295
PWR,Quanta Services,434.02,35,18,26,101,180,-2,22,19,74,113,293
AWI,Armstrong World Industries,199.19,4,118,103,23,248,-4,8,19,21,44,292
ORCL,Oracle Corporation,291.3,0,28,20,200,248,-1,-3,19,29,44,292
EVRG,Evergy,77.98,3,92,67,16,178,-5,20,86,12,113,291
GE,GE Aerospace,300.23,11,122,28,29,190,-2,33,39,31,101,291
GD,General Dynamics,331.2,-37,133,17,56,169,-44,88,19,59,122,291
AAON,AAON,97.3,-8,22,-1,247,260,-10,40,1,-1,30,290
HUBB,Hubbell Incorporated,425.77,27,-1,10,184,220,-2,-17,15,73,69,289
RTX,RTX Corporation,157.95,-45,110,86,56,207,-47,19,93,16,81,288
MCK,McKesson Corporation,786.22,47,22,51,60,180,-1,39,1,69,108,288
V,Visa Inc.,341.88,-18,-2,146,135,261,-12,11,-2,28,25,286
BK,BNY Mellon,105.99,-7,113,103,42,251,-4,-1,19,21,35,286
INSM,Insmed,165.76,5,91,73,18,187,-5,61,19,22,97,284
STE,Steris,240.19,3,0,23,197,223,19,-17,31,27,60,283
WMB,Williams Companies,62.44,-14,22,121,54,183,-5,27,19,59,100,283
CW,Curtiss-Wright,545.28,-7,119,28,56,196,-11,27,19,51,86,282
SRE,Sempra,91.29,-13,66,9,183,245,-4,21,17,1,35,280
AZO,AutoZone,4033.02,-10,0,103,88,181,-16,-8,63,59,98,279
URI,United Rentals,979.92,3,111,16,66,196,-2,8,17,59,82,278
OGE,OGE Energy,46.5,31,16,77,47,171,-4,17,77,16,106,277
GRMN,Garmin,249.06,-20,84,121,21,206,-12,45,15,23,71,277
CRS,Carpenter Technology Corporation,238.23,-37,-6,155,37,149,-11,8,80,51,128,277
NI,NiSource,43.24,0,18,83,47,148,-4,18,98,16,128,276
DCI,Donaldson Company,82.77,15,63,11,67,156,-2,70,19,32,119,275
CBOE,Cboe Global Markets,239.8,-14,0,153,57,196,-19,14,31,53,79,275
DDS,Dillard's,594.03,-8,93,23,56,164,-10,47,16,57,110,274
LHX,L3Harris,283.85,-38,133,21,7,123,-12,126,21,16,151,274
BWXT,BWX Technologies,203.12,35,109,22,37,203,-3,21,19,33,70,273
JNJ,Johnson & Johnson,193.24,117,77,17,9,220,19,12,14,8,53,273
ADI,Analog Devices,242.88,14,1,20,181,216,26,-16,19,28,57,273
AU,AngloGold Ashanti,73.86,-2,55,85,20,158,-2,64,33,16,111,269
ABBV,AbbVie,229.6,-31,63,26,60,118,3,70,12,66,151,269
COKE,Coca-Cola Consolidated,131.71,95,14,1,68,178,54,7,-25,54,90,268
ALNY,Alnylam Pharmaceuticals,481.46,40,110,26,17,193,35,3,19,17,74,267
SGI,Somnigroup International,84.21,-2,111,50,66,225,-10,4,19,28,41,266
CMS,CMS Energy,74.77,113,10,85,25,233,-3,13,7,16,33,266
AMAT,Applied Materials,225.0,31,22,4,151,208,25,22,17,-7,57,265
AMD,Advanced Micro Devices,233.15,93,10,7,112,222,21,12,19,-9,43,265
SCI,Service Corporation International,82.3,3,27,6,177,213,-2,21,17,15,51,264
DASH,DoorDash,263.07,-11,110,106,0,205,-5,25,19,20,59,264
MEDP,Medpace,528.54,13,85,13,34,145,5,95,13,4,117,262
MSFT,Microsoft,513.51,0,0,25,175,200,-4,19,19,27,61,261
LYV,Live Nation Entertainment,155.2,7,-8,103,149,251,-10,-16,18,18,10,261
CDNS,Cadence Design Systems,326.11,-50,-6,26,143,113,-46,-9,19,182,146,259
KO,Coca-Cola Company (The),68.45,32,0,3,184,219,26,5,-7,16,40,259
HCA,HCA Healthcare,426.11,4,50,12,99,165,19,18,25,31,93,258
GILD,Gilead Sciences,122.84,65,9,60,37,171,26,3,17,41,87,258
CHD,Church & Dwight,88.49,1,-59,-25,346,263,12,-22,-23,27,-6,257
ETN,Eaton Corporation,373.3,-13,21,17,116,141,-5,28,17,74,114,255
XEL,Xcel Energy,81.15,3,67,60,14,144,-4,36,68,11,111,255
EBAY,eBay,92.03,14,0,86,16,116,25,3,91,18,137,253
UI,Ubiquiti,749.1,35,40,61,12,148,-1,75,19,12,105,253
VTR,"Ventas, Inc.",70.62,14,67,81,24,186,22,14,13,17,66,252
RBC,RBC Bearings,372.51,-19,-13,102,166,236,-33,-34,23,59,15,251
WM,"Waste Management, Inc.",215.48,-23,-40,0,189,126,-30,-3,-3,161,125,251
MA,Mastercard,561.07,-47,-6,135,157,239,-13,-24,19,28,10,249
HD,Home Depot (The),391.91,9,0,10,182,201,27,-14,11,21,45,246
TRV,Travelers Companies (The),262.03,-48,-2,100,60,110,-13,58,33,58,136,246
PEG,Public Service Enterprise Group,84.76,28,0,4,154,186,27,15,-1,19,60,246
THC,Tenet Healthcare,200.0,6,48,23,59,136,21,45,17,26,109,245
AEE,Ameren,105.52,21,19,66,15,121,28,13,71,12,124,245
IBKR,Interactive Brokers,66.2,-22,22,98,59,157,-10,21,17,59,87,244
CRH,CRH plc,117.41,-10,65,16,66,137,-10,74,13,29,106,243
UNP,Union Pacific Corporation,226.05,-4,1,-2,200,195,2,19,4,21,46,241
ALLE,Allegion,177.49,16,123,18,23,180,19,-2,19,24,60,240
LRCX,Lam Research,141.54,0,33,18,154,205,-2,25,19,-7,35,240
TTWO,Take-Two Interactive,261.28,21,34,54,15,124,-2,41,54,22,115,239
MLI,Mueller Industries,98.57,0,83,16,60,159,-10,-2,17,73,78,237
AMGN,Amgen,298.81,5,13,1,167,186,-4,7,7,38,48,234
NFLX,Netflix,1199.37,0,-4,125,22,143,-30,2,96,22,90,233
CELH,Celsius Holdings,64.88,105,16,2,67,190,19,8,27,-11,43,233
AM,Antero Midstream,18.06,-49,0,157,25,133,-40,-4,87,57,100,233
VMC,Vulcan Materials,295.43,-14,63,15,62,126,-12,71,19,29,107,233
AME,Ametek,185.46,6,0,13,108,127,-2,-15,19,103,105,232
ALL,Allstate,195.93,-49,-3,106,161,215,-21,-2,20,19,16,231
ITW,Illinois Tool Works,249.4,0,-8,11,180,183,19,-18,16,31,48,231
ITT,ITT Inc.,172.87,-49,117,25,101,194,-5,-6,19,28,36,230
TT,Trane Technologies,415.76,-14,-2,25,166,175,-10,14,19,31,54,229
HEI,HEICO (Common),306.99,-47,-7,34,191,171,-12,-15,25,59,57,228
LOW,Lowe's,244.71,13,0,1,168,182,27,-14,10,21,44,226
KR,Kroger,69.0,61,-37,88,69,181,26,2,-1,17,44,225
NVDA,Nvidia,183.24,-28,22,23,136,153,3,20,19,28,70,223
CTAS,Cintas,188.11,-65,-45,-2,169,57,-14,-7,-2,189,166,223
RBA,RB Global,99.01,-15,-17,113,29,110,-12,-12,116,21,113,223
CACI,CACI,515.28,0,16,11,156,183,-4,23,23,-3,39,222
APP,AppLovin,599.03,0,56,114,0,170,21,-5,15,20,51,221
PNR,Pentair,108.81,-6,111,18,64,187,-7,-2,17,26,34,221
FWONA,Liberty Formula 1 (Series A),90.94,-48,24,78,64,118,-12,38,18,58,102,220
WPC,W. P. Carey,68.45,3,108,38,4,153,26,-2,35,7,66,219
BLK,BlackRock,1161.4,-2,110,26,24,158,-3,21,19,23,60,218
CVS,CVS Health,82.53,42,46,19,1,108,47,50,9,2,108,216
CME,CME Group,267.98,0,-2,63,138,199,-19,15,-1,21,16,215
LH,Labcorp,285.96,16,61,64,17,158,21,-1,17,20,57,215
SYK,Stryker Corporation,374.37,8,-26,2,161,145,21,1,17,31,70,215
LMT,Lockheed Martin,495.26,-21,37,0,167,183,-7,39,4,-4,32,215
PTC,PTC Inc.,202.88,8,0,15,184,207,-9,-27,16,28,8,215
AJG,Arthur J. Gallagher & Co.,280.59,-49,-3,-1,188,135,-18,-2,-11,109,78,213
SPOT,Spotify,671.09,-18,-4,121,14,113,-18,-8,104,22,100,213
ELAN,Elanco,21.42,7,114,11,0,132,25,46,18,-8,81,213
T,AT&T,26.33,3,-13,79,18,87,22,-16,103,17,126,213
GWRE,Guidewire Software,244.17,47,2,119,23,191,-5,-16,19,22,20,211
HOOD,Robinhood Markets,129.94,-28,113,90,0,175,-33,30,19,20,36,211
IRM,Iron Mountain,104.6,2,25,5,59,91,19,24,19,58,120,211
VMI,Valmont Industries,404.87,21,16,71,60,168,-2,16,16,12,42,210
NEE,NextEra Energy,84.53,140,18,4,2,164,-3,14,19,15,45,209
BEPC,Brookfield Renewable Partners,39.96,110,20,19,0,149,-1,29,19,12,59,208
ULTA,Ulta Beauty,533.52,-36,121,21,6,112,-39,124,21,-11,95,207
NFG,National Fuel Gas,85.68,0,0,69,54,123,-4,-4,80,12,84,207
CAH,Cardinal Health,156.41,2,16,64,40,122,-5,30,1,59,85,207
FSLR,First Solar,231.96,21,76,4,64,165,-2,31,19,-8,40,205
AEP,American Electric Power,117.5,28,14,82,25,149,-5,12,32,16,55,204
BR,Broadridge Financial Solutions,228.96,-22,-25,123,147,223,-12,-33,-1,27,-19,204
TLN,Talen Energy,406.23,-28,123,48,0,143,-22,58,20,4,60,203
ROIV,Roivant Sciences,17.26,34,48,10,0,92,26,64,19,2,111,203
TER,Teradyne,138.12,0,82,4,4,90,-4,112,12,-7,113,203
XYL,Xylem Inc.,145.94,-1,111,17,24,151,-12,20,19,24,51,202
PSA,Public Storage,307.75,104,16,1,3,124,49,11,19,-2,77,201
LDOS,Leidos,184.53,-37,123,11,25,122,-45,80,22,21,78,200
PSTG,Pure Storage,91.82,5,41,8,44,98,-5,33,15,59,102,200
ECG,Everus Construction Group,88.55,55,109,0,0,164,-2,21,16,0,35,199
DRS,Leonardo DRS,39.34,-37,-3,148,60,168,-40,21,19,31,31,199
SNA,Snap-on,339.74,3,32,7,61,103,-1,26,12,59,96,199
LITE,Lumentum,164.7,8,109,23,5,145,27,-3,17,12,53,198
AXP,American Express,346.51,7,40,26,101,174,-10,-8,17,23,22,196
RGLD,Royal Gold,193.73,-7,41,70,20,124,-3,49,5,18,69,193
IVZ,Invesco,22.79,-19,87,16,4,88,-10,83,16,15,104,192
AXON,Axon Enterprise,670.68,-26,-27,154,96,197,-38,-18,19,32,-5,192
FERG,Ferguson Enterprises,236.94,35,12,20,67,134,-5,16,19,27,57,191
HII,Huntington Ingalls Industries,279.96,-13,150,17,8,162,-15,30,25,-11,29,191
WFC,Wells Fargo,83.27,27,4,101,31,163,-2,-10,19,21,28,191
NTRA,Natera,181.7,56,42,10,20,128,30,3,9,21,63,191
CEG,Constellation Energy,386.43,91,16,25,0,132,-2,21,19,21,59,191
OLLI,Ollie's Bargain Outlet,124.62,-18,-4,124,18,120,-16,-12,72,25,69,189
NDAQ,"Nasdaq, Inc.",88.59,-12,-19,85,146,200,-12,-35,19,16,-12,188
CBRE,CBRE Group,157.14,21,0,101,24,146,27,-18,17,16,42,188
MDT,Medtronic,95.78,-13,78,20,3,88,-20,92,12,15,99,187
JBL,Jabil,209.35,11,-11,28,67,95,21,-9,20,59,91,186
STAG,STAG Industrial,38.19,34,5,3,98,140,27,5,19,-6,45,185
AFL,Aflac,107.73,-20,47,10,60,97,-18,46,3,57,88,185
USFD,US Foods,76.1,7,-35,152,37,161,-8,-16,19,28,23,184
FE,FirstEnergy,46.96,0,64,15,57,136,-5,18,19,16,48,184
C,Citigroup,97.08,5,111,28,20,164,-10,-6,19,16,19,183
JCI,Johnson Controls,108.84,3,4,84,21,112,-2,33,19,20,70,182
INTU,Intuit,661.8,0,-42,26,193,177,-10,-6,-1,22,5,182
ROST,Ross Stores,156.34,35,54,9,37,135,-5,13,8,31,47,182
AMG,Affiliated Managers Group,235.53,-2,117,20,24,159,-10,-8,19,19,20,179
SPG,Simon Property Group,178.12,0,80,10,37,127,15,-4,17,23,51,178
MU,Micron Technology,202.41,16,37,7,24,84,27,46,19,2,94,178
TSCO,Tractor Supply Company,55.22,25,-17,16,87,111,-6,-28,13,87,66,177
PANW,Palo Alto Networks,207.93,-18,31,8,83,104,-37,32,19,59,73,177
TSLA,"Tesla, Inc.",439.27,5,50,7,12,74,21,56,13,12,102,176
AIZ,Assurant,209.08,-20,0,10,154,144,-14,14,11,21,32,176
MLM,Martin Marietta Materials,625.4,-11,66,15,62,132,-12,8,19,29,44,176
PGR,Progressive Corporation,225.6,-46,-91,-2,179,40,-39,-5,-12,191,135,175
HR,Healthcare Realty Trust,18.6,28,79,11,2,120,31,2,11,11,55,175
HEI-A,HEICO (Class A),239.14,-48,-7,35,184,164,-40,-8,26,32,10,174
HIG,Hartford (The),124.46,-49,-2,103,59,111,-19,-6,30,58,63,174
D,Dominion Energy,60.57,-8,109,23,3,127,-4,19,19,12,46,173
EXPE,Expedia Group,214.73,-1,84,58,13,154,-11,-1,15,16,19,173
LIN,Linde plc,450.81,-51,-7,22,112,76,-18,-13,19,108,96,172
TKO,TKO Group Holdings,189.29,-58,49,80,42,113,-5,-7,19,52,59,172
CWEN,Clearway Energy (Class C),31.69,35,10,67,6,118,-4,13,31,12,52,170
SOFI,SoFi,26.53,-12,103,55,0,146,-8,1,17,13,23,169
PNW,Pinnacle West Capital,93.16,102,9,3,20,134,-4,12,-2,28,34,168
CMI,Cummins,411.83,-41,83,14,67,123,-2,-1,15,32,44,167
TXRH,Texas Roadhouse,177.48,35,1,1,66,103,27,7,-5,33,62,165
SCCO,Southern Copper,129.74,-5,33,7,65,100,-2,46,19,2,65,165
CXT,Crane NXT,66.86,2,19,4,57,82,-2,11,15,58,82,164
PFGC,Performance Food Group,101.22,0,0,62,45,107,-9,-12,19,59,57,164
AGNC,AGNC Investment,9.98,-10,96,20,18,124,-4,7,17,19,39,163
CSCO,Cisco,70.12,8,3,57,16,84,19,14,19,27,79,163
SNDK,SanDisk,140.24,35,44,0,0,79,27,46,11,0,84,163
SSD,Simpson Manufacturing Company,174.23,13,-17,1,158,155,18,-22,15,-3,8,163
UTHR,United Therapeutics,433.42,-19,47,7,59,94,-48,47,7,61,67,161
MTSI,MACOM Technology Solutions,136.85,28,4,8,60,100,27,-15,17,31,60,160
INCY,Incyte,87.56,21,97,12,1,131,-4,8,15,9,28,159
FWONK,Liberty Formula 1 (Series C),99.0,-42,-1,79,59,95,-52,38,19,58,63,158
PG,Procter & Gamble,151.39,7,-20,-15,181,153,14,-14,-23,28,5,158
AON,AON,346.72,-36,-7,0,179,136,-14,-28,6,58,22,158
DTM,DT Midstream,108.92,-48,29,112,0,93,-9,28,19,27,65,158
EXPD,Expeditors International,119.93,5,0,1,133,139,23,-14,15,-5,19,158
CLH,Clean Harbors,237.13,7,0,10,60,77,1,2,19,59,81,158
LNT,Alliant Energy,68.07,3,19,77,16,115,-5,13,19,15,42,157
CINF,Cincinnati Financial,152.94,-36,1,94,64,123,-48,45,19,17,33,156
EXAS,Exact Sciences,61.23,100,31,2,-27,106,26,39,2,-18,49,155
BX,Blackstone Inc.,156.27,-6,-2,1,144,137,-9,-10,14,23,18,155
RCL,Royal Caribbean Group,300.23,-14,-8,130,30,138,-11,-21,19,29,16,154
NOC,Northrop Grumman,594.51,-19,78,19,60,138,-37,12,26,14,15,153
RSG,Republic Services,219.86,-21,-57,0,179,101,-18,-82,-10,162,52,153
GGG,Graco Inc.,82.32,0,-21,1,180,160,-2,-23,19,-2,-8,152
EPR,EPR Properties,54.47,0,0,66,31,97,-5,-2,39,23,55,152
FTAI,FTAI Aviation,166.68,-4,57,12,49,114,-5,-5,15,33,38,152
FICO,Fair Isaac,1611.9,-55,12,-2,168,123,-2,35,-37,33,29,152
TDY,Teledyne Technologies,562.34,-42,110,61,16,145,-54,25,19,17,7,152
HRB,H&R Block,52.59,24,1,-10,54,69,35,8,-15,54,82,151
AN,AutoNation,214.85,-3,0,26,63,86,-12,-1,19,59,65,151
WCC,Wesco International,213.62,-7,0,16,60,69,-2,8,17,59,82,151
ATI,ATI Inc.,80.31,-12,0,25,45,58,-11,30,19,54,92,150
HPE,Hewlett Packard Enterprise,22.95,-15,1,10,44,40,-7,44,16,56,109,149
H,Hyatt Hotels,145.38,-1,16,6,57,78,-10,8,15,57,70,148
KMI,Kinder Morgan,27.38,-58,0,101,46,89,-10,-2,17,54,59,148
BKNG,Booking Holdings,5062.82,-21,-15,145,37,146,-17,-28,19,28,2,148
NTAP,Netapp,119.07,27,54,7,59,147,-5,-8,16,-3,0,147
R,Ryder,182.38,0,0,20,58,78,-5,-1,17,58,69,147
PCAR,Paccar,94.69,0,-8,-31,161,122,-4,-14,6,36,24,146
RKLB,Rocket Lab,66.25,0,31,58,0,89,-5,33,19,10,57,146
PLD,Prologis,124.11,21,40,8,1,70,24,39,19,-7,75,145
EA,Electronic Arts,200.3,0,57,13,9,79,-1,19,25,23,66,145
MKL,Markel,1892.62,-19,-3,77,57,112,-15,3,17,28,33,145
DKS,Dick's Sporting Goods,228.86,30,5,6,65,106,-4,-2,9,35,38,144
O,Realty Income,59.95,7,55,19,9,90,26,-6,19,15,54,144
AMKR,Amkor Technology,31.29,5,96,1,4,106,-2,32,13,-7,36,142
RPM,RPM International,112.12,-6,-13,-4,182,159,-10,-21,16,-2,-17,142
AL,Air Lease Corporation,63.66,11,41,26,24,102,1,-9,19,28,39,141
UHS,Universal Health Services,204.6,3,43,1,24,71,19,47,3,1,70,141
AXS,AXIS Capital,92.56,-15,-3,95,47,124,-12,-24,-2,55,17,141
VRTX,Vertex Pharmaceuticals,416.82,7,0,-11,106,102,5,9,-15,39,38,140
MRVL,Marvell Technology,87.96,-10,18,1,108,117,-5,20,9,-1,23,140
GS,Goldman Sachs,750.84,-52,0,101,60,109,-7,-4,19,23,31,140
CWEN-A,Clearway Energy (Class A),29.85,3,10,67,8,88,-4,13,31,12,52,140
WAB,Wabtec,194.22,-1,0,4,51,54,-5,14,19,58,86,140
FFIV,"F5, Inc.",300.37,-19,-2,103,16,98,-21,24,19,19,41,139
BLD,TopBuild,435.05,60,8,11,48,127,-2,3,15,-5,11,138
MKSI,MKS Instruments,136.47,21,32,6,1,60,27,43,15,-7,78,138
CSL,Carlisle Companies,323.87,-2,-26,-6,180,146,-5,-22,-3,22,-8,138
BAC,Bank of America,51.3,21,44,26,20,111,-2,-6,19,16,27,138
TDG,TransDigm Group,1265.79,-20,-47,6,159,98,-14,-4,-2,59,39,137
TMUS,T-Mobile US,229.33,5,-17,0,141,129,-4,-26,1,37,8,137
COF,Capital One,211.35,3,-8,103,23,121,-10,-14,19,20,15,136
SCHW,Charles Schwab Corporation,94.13,7,-2,86,13,104,-5,2,19,16,32,136
FR,First Industrial Realty Trust,55.12,26,43,3,16,88,26,-14,17,16,45,133
RBLX,Roblox Corporation,132.9,28,4,62,0,94,-2,2,25,13,38,132
RVMD,Revolution Medicines,54.12,21,31,3,0,55,19,37,19,1,76,131
SPGI,S&P Global,473.1,-16,-22,0,174,136,-12,-34,17,23,-6,130
ARES,Ares Management,141.86,-10,-18,-3,61,30,-10,-18,19,108,99,129
THG,Hanover Insurance,170.97,-41,0,70,26,55,-47,42,62,16,73,128
STLD,Steel Dynamics,142.74,-13,25,9,57,78,-10,39,19,1,49,127
MSGS,Madison Square Garden Sports,218.91,0,29,6,23,58,-8,36,12,29,69,127
MO,Altria,65.04,-35,1,79,47,92,-30,11,35,18,34,126
GTES,Gates Corporation,25.94,16,3,26,17,62,17,8,19,20,64,126
AIT,Applied Industrial Technologies,247.8,0,-3,16,60,73,-11,-10,15,59,53,126
CVNA,Carvana,333.84,-12,-6,101,13,96,-4,-3,19,18,30,126
RPRX,Royalty Pharma,37.0,17,4,41,0,62,20,7,35,2,64,126
DAL,Delta Air Lines,59.65,49,4,10,21,84,-2,5,11,28,42,126
CMA,Comerica,74.92,-11,85,16,6,96,-12,11,16,14,29,125
PH,Parker Hannifin,733.67,0,-2,26,67,91,-10,-7,19,32,34,125
CORT,Corcept Therapeutics,78.71,0,23,0,21,44,16,21,3,40,80,124
VST,Vistra Corp.,201.34,-4,5,28,32,61,-5,3,17,47,62,123
KIM,Kimco Realty,21.84,21,0,3,57,81,25,-17,17,16,41,122
CRUS,Cirrus Logic,126.21,11,48,7,21,87,22,-1,19,-5,35,122
ARMK,Aramark,38.72,-14,-2,24,42,50,-14,8,19,58,71,121
PAG,Penske Automotive Group,169.6,0,-12,24,64,76,-11,-22,19,59,45,121
A,Agilent Technologies,141.92,15,37,3,1,56,19,43,10,-7,65,121
MMM,3M,152.67,0,-2,83,16,97,-5,-7,19,16,23,120
EMR,Emerson Electric,129.32,0,-9,25,66,82,-4,-6,19,28,37,119
TOL,Toll Brothers,135.73,2,0,1,63,66,25,-15,13,28,51,117
DINO,HF Sinclair,51.86,0,113,9,3,125,-10,-7,19,-10,-8,117
VEEV,Veeva Systems,283.74,-13,16,54,10,67,-5,16,19,20,50,117
LPLA,LPL Financial,337.95,21,-36,1,101,87,19,-47,-2,59,29,116
DOCS,Doximity,67.58,-42,81,63,0,102,-3,-6,9,14,14,116
EQT,EQT Corporation,54.07,0,0,50,44,94,-4,15,-2,12,21,115
BBY,Best Buy,79.7,33,5,1,1,40,27,45,7,-4,75,115
BRO,Brown & Brown,87.9,-18,-5,-8,165,134,-38,9,-19,28,-20,114
MP,MP Materials,80.77,-6,12,41,0,47,-12,19,54,6,67,114
CHRW,C.H. Robinson,127.36,0,79,12,4,95,-2,-5,15,10,18,113
EQIX,Equinix,813.86,57,5,-17,36,81,-4,24,-17,28,31,112
COHR,Coherent Corp.,116.41,3,22,7,17,49,9,21,16,17,63,112
REG,Regency Centers,72.23,21,1,3,55,80,-4,-4,19,21,32,112
VRT,Vertiv,173.98,0,22,18,10,50,-5,21,16,28,60,110
ES,Eversource Energy,72.57,1,21,24,2,48,14,25,19,4,62,110
XPO,"XPO, Inc.",129.93,-11,4,3,63,59,-2,7,16,29,50,109
MTG,MGIC Investment Corporation,26.92,-2,0,28,57,83,-12,-12,19,30,25,108
AWK,American Water Works,143.82,28,2,35,1,66,19,9,3,10,41,107
PHM,PulteGroup,124.52,0,0,10,67,77,-2,-14,15,31,30,107
INTC,Intel,36.99,0,47,4,0,51,15,46,9,-14,56,107
NSC,Norfolk Southern,289.94,-4,25,20,6,47,5,19,19,16,59,106
OHI,Omega Healthcare Investors,41.06,5,0,15,42,62,16,-20,14,33,43,105
EVR,Evercore,316.11,0,0,16,60,76,-8,-9,17,28,28,104
MCO,Moody's Corporation,471.05,-35,-22,3,158,104,-10,-34,17,27,0,104
SHW,Sherwin-Williams,330.74,-70,-21,-2,192,99,-11,-24,19,21,5,104
FRHC,Freedom Holding,162.18,-13,-2,63,16,64,-10,-1,19,32,40,104
XOM,ExxonMobil,112.22,-2,1,6,46,51,-12,-6,18,52,52,103
EXEL,Exelixis,39.25,0,0,73,16,89,-6,-3,-3,26,14,103
SNPS,Synopsys,447.58,-42,-28,-6,182,106,7,-1,-3,-7,-4,102
OMF,OneMain Financial,54.13,0,-11,26,62,77,-10,-15,19,28,22,99
TRMB,Trimble Inc.,77.39,0,-7,88,6,87,-2,-17,17,14,12,99
NOW,ServiceNow,903.94,-12,0,0,84,72,-5,-9,17,24,27,99
LNG,Cheniere Energy,218.88,-45,-7,69,60,77,-13,-23,-1,58,21,98
MTZ,MasTec,201.87,-42,28,28,20,34,-3,33,19,15,64,98
HLT,Hilton Worldwide,260.28,-1,-3,25,66,87,-12,-22,17,28,11,98
ADP,Automatic Data Processing,282.11,-48,-34,0,182,100,-11,-47,-3,59,-2,98
EGP,EastGroup Properties,179.85,21,16,3,10,50,22,14,19,-7,48,98
WTM,White Mountains Insurance Group,1913.54,2,11,2,61,76,-12,4,-29,58,21,97
ED,Consolidated Edison,101.17,0,4,2,49,55,-5,13,-13,47,42,97
QGEN,Qiagen,48.26,17,0,21,1,39,26,6,19,7,58,97
HLI,Houlihan Lokey,190.18,-1,-2,26,46,69,-11,-8,19,28,28,97
GWW,W. W. Grainger,955.54,3,-18,-12,96,69,-1,-21,-10,59,27,96
HSY,Hershey Company (The),187.81,-12,77,13,0,78,-5,31,13,-21,18,96
RJF,Raymond James Financial,161.47,-91,0,101,60,70,-5,-6,16,21,26,96
WSM,"Williams-Sonoma, Inc.",186.1,-5,-1,17,67,78,-8,-8,11,23,18,96
CPRT,Copart,44.33,0,-24,-22,178,132,-12,-23,-32,30,-37,95
GLPI,Gaming and Leisure Properties,44.82,0,-9,0,67,58,-3,-17,-2,59,37,95
AVT,Avnet,52.07,21,3,10,47,81,24,-25,19,-4,14,95
BRX,Brixmor Property Group,27.22,7,1,9,57,74,-12,-15,19,28,20,94
POST,Post Holdings,105.82,-21,-3,-7,89,58,-13,6,-17,59,35,93
VRSN,Verisign,264.74,0,-13,45,11,43,-9,-11,61,9,50,93
ECL,Ecolab,276.89,2,1,25,24,52,-11,11,19,21,40,92
ELF,e.l.f. Beauty,136.92,0,37,1,33,71,15,-4,17,-7,21,92
KNSL,Kinsale Capital Group,447.66,-14,0,0,35,21,-21,8,-4,87,70,91
MUSA,Murphy USA,387.28,7,0,-22,70,55,7,-14,-38,81,36,91
GNRC,Generac,190.49,54,3,12,-36,33,27,3,16,12,58,91
RNR,RenaissanceRe,250.94,-18,22,0,37,41,-14,17,17,30,50,91
SF,Stifel,110.17,0,0,17,61,78,-10,-15,16,22,13,91
EXR,Extra Space Storage,151.5,35,5,1,1,42,27,5,1,15,48,90
ESI,Element Solutions,25.59,0,5,3,59,67,-1,11,16,-3,23,90
CRWD,CrowdStrike,484.56,-20,22,54,0,56,-31,23,19,22,33,89
WWD,"Woodward, Inc.",247.53,-20,0,28,37,45,-11,8,19,28,44,89
MAS,Masco,67.9,0,-7,-6,67,54,23,-21,10,23,35,89
KKR,KKR & Co. Inc.,117.58,-14,-17,-2,105,72,-11,-10,15,23,17,89
MPC,Marathon Petroleum,184.47,-4,37,8,51,92,-10,-2,19,-10,-3,89
PM,Philip Morris International,158.04,0,-25,79,57,111,-18,-31,-3,29,-23,88
FTNT,Fortinet,83.43,-41,0,-2,115,72,-14,26,-11,15,16,88
CMG,Chipotle Mexican Grill,41.86,28,0,-15,82,95,-2,10,-13,-2,-7,88
LAMR,Lamar Advertising,119.07,0,-2,10,66,74,-10,-16,17,23,14,88
WBD,Warner Bros. Discovery,18.17,0,27,21,0,48,21,-1,17,2,39,87
BYD,Boyd Gaming,82.39,-63,-2,57,61,53,-11,-3,19,29,34,87
LLYVK,Liberty Live (Series C),91.42,7,0,39,0,46,36,-16,19,2,41,87
SMCI,Supermicro,52.18,-10,13,0,60,63,-4,24,14,-11,23,86
CSX,CSX Corporation,36.59,16,15,5,6,42,19,14,19,-8,44,86
WAT,Waters Corporation,334.59,92,8,-14,1,87,5,7,-29,16,-1,86
M,"Macy's, Inc.",17.81,21,77,7,-17,88,-2,-1,8,-8,-3,85
DOV,Dover Corporation,166.51,14,-36,-12,108,74,19,-27,-2,21,11,85
ROP,Roper Technologies,504.69,-18,-55,-11,184,100,-39,5,-10,28,-16,84
GM,General Motors,58.37,7,4,16,13,40,19,-6,16,15,44,84
PFG,Principal Financial Group,78.63,-41,0,6,57,22,-10,35,16,20,61,83
APO,Apollo Global Management,121.39,-1,-18,-4,99,76,-9,-10,-2,28,7,83
HON,Honeywell,202.94,-4,-46,0,180,130,-11,-58,-2,24,-47,83
MET,Metlife,78.45,-20,0,4,60,44,-12,14,17,20,39,83
CLF,Cleveland-Cliffs,13.32,-7,76,0,-18,51,-7,36,12,-10,31,82
LECO,Lincoln Electric,235.02,17,0,16,67,100,-1,-25,17,-9,-18,82
NU,Nubank,14.99,-1,42,10,0,51,-5,-5,19,21,30,81
WST,West Pharmaceutical Services,270.61,7,31,0,-9,29,20,32,10,-10,52,81
WTRG,Essential Utilities,41.25,17,11,15,1,44,14,13,3,7,37,81
MAR,Marriott International,260.84,-14,-2,3,60,47,-11,-1,16,29,33,80
FHN,First Horizon Corporation,20.26,-21,-3,61,6,43,-32,40,17,12,37,80
RRC,Range Resources,35.97,-42,0,4,44,6,-5,29,-7,57,74,80
PODD,Insulet,318.55,7,0,54,6,67,1,-20,23,8,12,79
CVX,Chevron Corporation,153.08,7,0,16,50,73,1,-13,10,8,6,79
KRMN,Karman Holdings,75.03,-7,48,0,0,41,-12,39,11,0,38,79
NEU,NewMarket,772.82,-46,0,28,31,13,-5,11,31,29,66,79
EXP,Eagle Materials,237.32,25,4,-24,59,64,-1,8,9,-2,14,78
DRI,Darden Restaurants,188.2,0,-22,1,63,42,26,-17,-5,32,36,78
BURL,Burlington Stores,274.61,35,0,10,5,50,-7,3,12,19,27,77
ASTS,AST SpaceMobile,83.62,0,13,20,0,33,-4,19,19,10,44,77
VICI,Vici Properties,30.87,-61,-10,67,17,13,-5,-22,32,59,64,77
ADC,Agree Realty,75.04,42,5,2,18,67,47,-38,-14,15,10,77
PRI,Primerica,264.01,-61,-2,0,110,47,-12,-8,17,32,29,76
STT,State Street Corporation,111.12,-13,0,26,18,31,-4,15,18,16,45,76
STWD,Starwood Property Trust,18.56,-13,-11,27,60,63,-11,-18,19,23,13,76
LEN,Lennar (Class A),125.81,7,0,0,66,73,19,-21,10,-5,3,76
RGA,Reinsurance Group of America,187.7,-20,0,0,42,22,-15,11,3,55,54,76
SNOW,Snowflake Inc.,240.74,-12,36,24,0,48,-5,10,19,3,27,75
NVR,"NVR, Inc.",7639.06,0,-7,-2,67,58,-9,-18,12,31,16,74
ALLY,Ally Financial,39.81,7,0,11,6,24,27,-12,17,18,50,74
NNN,NNN Reit,42.76,6,1,9,24,40,1,-2,19,16,34,74
INGM,Ingram Micro,21.5,0,28,0,0,28,-2,31,16,0,45,73
DELL,Dell Technologies,149.57,-10,15,5,34,44,-4,20,19,-6,29,73
LSCC,Lattice Semiconductor,70.15,-20,53,10,0,43,-10,46,11,-17,30,73
LLYVA,Liberty Live (Series A),88.58,7,0,39,0,46,21,-15,19,2,27,73
ZS,Zscaler,300.15,-13,16,26,7,36,-26,24,19,20,37,73
META,Meta Platforms,716.67,3,-14,26,31,46,-4,-12,17,25,26,72
JLL,Jones Lang LaSalle,300.65,26,3,13,16,58,-1,-14,13,16,14,72
ESAB,ESAB,121.96,26,1,1,0,28,19,8,-2,19,44,72
NLY,Annaly Capital Management,20.8,1,0,27,12,40,-4,1,17,18,32,72
AOS,A. O. Smith,69.71,0,-6,0,60,54,19,-14,19,-7,17,71
FDX,FedEx,237.8,7,5,0,34,46,21,-1,11,-6,25,71
GXO,GXO Logistics,55.24,14,5,10,0,29,23,11,18,-10,42,71
DLR,Digital Realty,172.73,0,5,6,24,35,-3,-2,19,21,35,70
OLED,Universal Display Corporation,149.0,13,2,0,0,15,27,16,19,-7,55,70
NDSN,Nordson,233.23,3,41,3,3,50,-2,12,19,-9,20,70
HHH,Howard Hughes Holdings,79.74,-1,51,7,0,57,-7,-4,8,16,13,70
SHC,Sotera Health,16.16,21,50,10,0,81,-1,-14,11,-8,-12,69
DD,DuPont,79.57,9,5,3,21,38,21,-1,16,-5,31,69
BG,Bunge Global,97.48,21,3,1,1,26,19,11,19,-7,42,68
IPGP,IPG Photonics,84.78,0,110,10,-46,74,16,8,15,-46,-7,67
OSK,Oshkosh Corporation,131.91,21,0,20,6,47,25,-26,17,4,20,67
SYF,Synchrony Financial,71.51,8,-2,26,23,55,-11,-14,17,20,12,67
ONTO,Onto Innovation,134.06,0,40,-35,0,5,21,43,4,-6,62,67
MSA,MSA Safety,165.14,-48,-7,3,166,114,-59,-1,19,-7,-48,66
SEIC,SEI Investments Company,80.77,-49,-31,101,37,58,-11,-28,19,28,8,66
VLO,Valero Energy,157.77,-22,40,9,46,73,-12,-6,18,-7,-7,66
BRK-B,Berkshire Hathaway,492.48,-2,1,0,64,63,-10,-1,-14,28,3,66
K,Kellanova,83.1,9,15,3,23,50,6,9,-16,15,14,64
ROK,Rockwell Automation,347.67,17,5,24,17,63,-2,-3,19,-13,1,64
LPX,Louisiana-Pacific,90.12,-10,-23,-6,65,26,-5,5,9,28,37,63
TPL,Texas Pacific Land Corporation,938.96,2,0,-18,60,44,19,-1,-14,15,19,63
LEN-B,Lennar (Class B),117.38,1,-8,-2,64,55,22,-21,10,-3,8,63
CUBE,CubeSmart,42.17,28,4,0,3,35,27,3,1,-4,27,62
NBIX,Neurocrine Biosciences,140.09,5,1,9,27,42,19,-9,16,-6,20,62
PEP,PepsiCo,153.72,48,6,0,0,54,40,-25,8,-15,8,62
QCOM,Qualcomm,163.44,3,5,0,24,32,25,-6,17,-7,29,61
ADT,ADT Inc.,8.61,2,1,40,0,43,-10,-16,34,10,18,61
ADM,Archer Daniels Midland,63.18,20,11,11,0,42,18,4,19,-22,19,61
MTD,Mettler Toledo,1349.8,14,13,3,0,30,19,6,13,-7,31,61
BPOP,"Popular, Inc.",115.76,-49,-2,26,61,36,-12,-6,19,21,22,58
NET,Cloudflare,209.94,-15,0,48,0,33,-11,-4,19,21,25,58
RITM,Rithm Capital,10.84,0,-17,26,34,43,-10,-22,19,28,15,58
GL,Globe Life,134.78,-14,0,54,16,56,-12,-10,13,10,1,57
QSR,Restaurant Brands International,67.38,0,12,3,42,57,-5,17,-2,-10,0,57
LFUS,Littelfuse,265.26,24,4,12,4,44,19,-14,17,-10,12,56
HAS,Hasbro,74.79,9,-7,23,5,30,19,-25,19,13,26,56
FAST,Fastenal,42.46,-68,-5,58,108,93,-58,-26,22,25,-37,56
NYT,New York Times Company,56.18,8,-13,11,18,24,16,-27,19,23,31,55
LUV,Southwest Airlines,33.52,27,4,10,-41,0,25,7,17,6,55,55
DE,Deere & Company,458.5,9,-41,1,111,80,19,-54,-2,12,-25,55
JAZZ,Jazz Pharmaceuticals,136.04,0,51,3,-8,46,2,43,4,-41,8,54
LYFT,Lyft,19.52,-7,45,10,-3,45,-9,-3,19,2,9,54
ENTG,Entegris,90.93,0,27,0,-8,19,-5,39,8,-7,35,54
SAIL,SailPoint,21.91,-10,26,0,0,16,-5,31,11,0,37,53
FCX,Freeport-McMoRan,41.17,-7,-6,2,60,49,-12,5,19,-8,4,53
OZK,Bank OZK,45.9,-41,-2,26,58,41,-12,-14,17,21,12,53
PAYX,Paychex,126.54,0,-57,-5,169,107,-11,-50,-10,16,-55,52
APG,APi Group,34.23,-16,-3,27,0,8,-11,8,19,28,44,52
WSO,Watsco,370.95,-52,-55,-12,198,79,12,-2,-37,-1,-28,51
DHR,Danaher Corporation,208.98,0,13,0,0,13,24,8,12,-6,38,51
HALO,Halozyme,67.04,0,0,16,21,37,-2,-10,10,16,14,51
TNL,Travel + Leisure Co.,60.1,0,0,18,18,36,-2,-15,16,16,15,51
WTFC,Wintrust Financial,122.66,-22,-3,18,51,44,-14,-17,17,21,7,51
DNB,Dun & Bradstreet,9.15,29,52,-28,0,53,46,-13,2,-37,-2,51
TEM,Tempus AI,87.81,-13,48,0,0,35,-5,9,12,0,16,51
TXT,Textron,81.36,-44,0,3,55,14,-11,35,19,-7,36,50
UBER,Uber,92.3,-46,30,27,1,12,-12,-4,25,28,37,49
IP,International Paper,46.58,28,-34,0,18,12,21,1,-3,18,37,49
CB,Chubb Limited,268.21,-21,-2,-1,60,36,-46,13,-13,58,12,48
WTW,Willis Towers Watson,330.05,-49,0,17,26,-6,-13,27,9,31,54,48
RS,"Reliance, Inc.",271.52,-53,-55,-5,117,4,-12,-20,-4,79,43,47
CNA,CNA Financial,45.51,-18,-3,0,59,38,-14,-2,3,22,9,47
VNT,Vontier,42.52,14,1,14,0,29,19,-12,17,-7,17,46
VTRS,Viatris,10.18,9,2,1,0,12,21,5,11,-3,34,46
F,Ford Motor Company,11.93,0,5,11,0,16,19,-1,19,-7,30,46
FLS,Flowserve,50.51,0,-7,0,29,22,-5,-10,12,27,24,46
JHG,Janus Henderson,41.75,-14,-1,15,21,21,-10,-2,16,20,24,45
DHI,D. R. Horton,153.73,0,-2,0,67,65,-12,-17,13,-4,-20,45
BWA,BorgWarner,42.6,0,4,17,4,25,19,-1,19,-18,19,44
CPNG,Coupang,31.19,-41,30,26,0,15,-7,-4,19,19,27,42
SYY,Sysco,79.91,0,0,16,5,21,-9,-2,16,16,21,42
IDXX,Idexx Laboratories,635.24,6,0,23,6,35,-5,2,19,-10,6,41
NTRS,Northern Trust,124.83,-14,-2,25,13,22,-10,-5,19,15,19,41
UNM,Unum,75.46,-49,0,7,42,0,-12,-1,-3,56,40,40
FLUT,Flutter Entertainment,251.81,20,-15,1,23,29,-9,-26,17,29,11,40
HOLX,Hologic,69.87,8,3,0,0,11,14,11,12,-9,28,39
APPF,AppFolio,235.65,0,-13,1,30,18,6,-13,-2,30,21,39
AA,Alcoa,35.99,0,40,2,-22,20,-3,45,11,-34,19,39
ABT,Abbott Laboratories,128.54,-21,0,65,15,59,-38,-3,5,16,-20,39
PSX,Phillips 66,129.26,-1,1,4,43,47,-12,-7,18,-7,-8,39
BROS,Dutch Bros. Coffee,54.91,35,-25,-4,0,6,47,-25,-3,13,32,38
PEGA,Pegasystems,53.36,-18,-1,28,7,16,-6,-6,17,17,22,38
TMO,Thermo Fisher Scientific,538.05,1,14,3,0,18,14,6,4,-5,19,37
CCL,Carnival Corporation & plc,28.32,0,-5,26,0,21,-7,-16,17,21,15,36
JBHT,J. B. Hunt,164.88,14,2,1,0,17,15,7,9,-12,19,36
HAYW,Hayward Holdings,15.22,0,0,3,0,3,-5,3,17,18,33,36
WMS,Advanced Drainage Systems,140.86,24,4,1,5,34,-2,-10,19,-5,2,36
EG,Everest Group,349.14,-21,1,0,57,37,-12,15,3,-7,-1,36
VNO,Vornado Realty Trust,39.22,0,0,7,6,13,-5,-7,17,17,22,35
AMP,Ameriprise Financial,470.07,-24,-35,-1,66,6,-12,-31,-1,73,29,35
LW,Lamb Weston,65.02,9,16,0,-10,15,16,8,12,-16,20,35
CCI,Crown Castle,97.48,52,0,0,-30,22,-1,11,-4,7,13,35
BAM,Brookfield Asset Management,54.18,-41,-6,74,0,27,-12,-10,19,10,7,34
FRT,Federal Realty Investment Trust,98.95,9,3,1,3,16,25,-14,10,-3,18,34
LOAR,Loar Holdings,79.72,5,8,1,0,14,-7,38,-12,0,19,33
BOKF,BOK Financial Corporation,107.83,-21,0,9,24,12,-12,3,13,16,20,32
PATH,UiPath,15.44,-6,20,2,0,16,-5,30,3,-12,16,32
PCOR,Procore,70.04,-13,25,0,0,12,-5,-6,9,21,19,31
LAZ,Lazard,48.61,-1,-9,11,22,23,-8,-15,16,15,8,31
RMD,Resmed,268.08,-40,-4,26,15,-3,-7,8,18,15,34,31
EXE,Expand Energy,100.79,-47,0,50,0,3,-5,29,-8,12,28,31
CRL,Charles River Laboratories,178.53,14,13,1,-28,0,18,8,15,-10,31,31
AES,AES Corporation,14.57,6,13,0,-13,6,21,14,15,-26,24,30
SEB,Seaboard Corporation,3412.8,0,0,14,-1,13,19,-21,17,2,17,30
ON,ON Semiconductor,52.53,17,0,0,-3,14,27,-9,15,-17,16,30
BXP,"BXP, Inc.",71.07,0,0,7,0,7,-5,-7,19,15,22,29
DDOG,Datadog,152.86,-10,16,8,0,14,-31,28,16,1,14,28
FIVE,Five Below,154.26,15,5,9,0,29,-2,-2,20,-17,-1,28
IQV,IQVIA,204.48,2,14,3,0,19,-2,8,11,-8,9,28
DOC,Healthpeak Properties,18.55,0,32,-2,-33,-3,19,-2,3,11,31,28
THO,Thor Industries,104.7,3,0,10,4,17,25,-21,15,-8,11,28
MHK,Mohawk Industries,127.41,23,0,0,-13,10,26,-17,11,-3,17,27
WYNN,Wynn Resorts,117.81,0,0,17,5,22,-1,-3,19,-10,5,27
MRP,Millrose Properties,32.7,8,0,0,0,8,22,-15,12,0,19,27
GEHC,GE HealthCare,74.07,2,-6,-2,0,-6,21,-6,8,10,33,27
TECH,Bio-Techne,61.87,14,14,0,-26,2,21,8,4,-8,25,27
MPW,Medical Properties Trust,5.13,-7,31,6,-38,-8,-4,37,1,1,35,27
CNM,Core & Main,52.19,13,-29,1,0,-15,-2,-1,19,26,42,27
CR,Crane Co.,183.74,16,-26,25,0,15,23,-38,19,7,11,26
FNB,FNB Corporation,15.08,-49,-2,10,57,16,-12,-18,18,21,9,25
MDB,MongoDB Inc.,318.5,-1,45,7,-11,40,-5,-10,11,-11,-15,25
ZM,Zoom Communications,80.02,0,0,9,-2,7,14,-12,9,6,17,24
FOXA,Fox Corporation (Class A),58.07,-72,0,77,3,8,-12,-5,17,16,16,24
RGEN,Repligen,152.6,17,16,3,-19,17,23,19,3,-39,6,23
INGR,Ingredion,121.43,3,-55,-7,36,-23,18,-25,-5,58,46,23
KNX,Knight-Swift,47.04,14,2,0,0,16,18,7,-4,-15,6,22
KRC,Kilroy Realty,40.28,-1,0,15,0,14,-11,-9,15,13,8,22
QS,QuantumScape,15.35,-10,23,15,0,28,-10,23,17,-38,-8,20
EL,Estée Lauder Companies (The),100.79,26,5,1,-28,4,28,8,17,-37,16,20
UAL,United Airlines Holdings,99.1,-13,0,10,13,10,-4,-17,13,18,10,20
BKR,Baker Hughes,45.19,-63,0,13,37,-13,-2,-6,13,28,33,20
SEE,Sealed Air,34.52,0,41,5,-26,20,17,-1,17,-34,-1,19
AIG,American International Group,77.37,-18,-2,0,55,35,-42,11,-9,23,-17,18
DBX,Dropbox,29.1,2,0,1,11,14,-5,-10,9,10,4,18
NCLH,Norwegian Cruise Line Holdings,22.93,-1,-2,9,0,6,-7,-15,12,22,12,18
RRX,Regal Rexnord,140.4,0,-9,1,5,-3,-2,10,16,-3,21,18
COIN,Coinbase,336.08,-28,0,18,0,-10,-33,22,18,20,27,17
USB,U.S. Bancorp,45.69,-12,-2,9,6,1,-5,-12,16,17,16,17
REYN,Reynolds Consumer Products,23.62,-12,52,-37,0,3,-3,15,6,-5,13,16
GAP,Gap Inc.,21.61,4,0,0,20,24,-2,-15,-12,21,-8,16
DUOL,Duolingo,324.02,-6,-1,0,0,-7,-6,14,-10,25,23,16
PCG,PG&E Corporation,16.42,27,16,-39,3,7,-1,10,2,-3,8,15
VZ,Verizon,40.55,0,-10,0,12,2,19,-31,9,16,13,15
FTI,TechnipFMC,35.92,-84,-3,26,29,-32,-4,-8,19,39,46,14
PKG,Packaging Corporation of America,203.27,-70,0,0,63,-7,-10,-9,12,28,21,14
SUI,Sun Communities,123.76,0,0,12,-26,-14,-3,-2,19,13,27,13
SFM,Sprouts Farmers Market,111.78,35,-59,-4,48,20,-2,-57,-8,59,-8,12
QRVO,Qorvo,92.08,14,2,1,-33,-16,23,-6,18,-7,28,12
TXN,Texas Instruments,176.61,0,-33,1,24,-8,12,-29,19,18,20,12
FOX,Fox Corporation (Class B),51.88,-72,-6,76,3,1,-12,-5,16,11,10,11
MAT,Mattel,18.41,9,0,1,0,10,19,-1,16,-33,1,11
APTV,Aptiv,82.76,0,48,10,-26,32,-1,-1,19,-38,-21,11
AGCO,AGCO,107.62,13,-8,16,0,21,19,-35,20,-15,-11,10
LAD,Lithia Motors,311.81,1,-10,-4,16,3,-11,-15,10,23,7,10
GNTX,Gentex,25.99,-1,0,0,-1,-2,20,-12,13,-10,11,9
KDP,Keurig Dr Pepper,28.03,42,-39,-8,0,-5,22,-33,27,-2,14,9
MCHP,Microchip Technology,65.13,2,0,0,0,2,-1,-2,19,-9,7,9
FAF,First American Financial Corporation,59.78,0,-3,0,16,13,-13,-17,6,20,-4,9
RKT,Rocket Companies,16.65,0,-3,13,0,10,-11,-12,18,3,-2,8
WDAY,"Workday, Inc.",234.26,-21,23,-19,16,-1,-5,31,-13,-4,9,8
VLTO,Veralto,102.72,0,-7,11,0,4,2,-17,18,0,3,7
ROKU,"Roku, Inc.",94.2,-51,5,19,-21,-48,-5,40,14,6,55,7
EWBC,East West Bancorp,95.91,-49,-3,18,24,-10,-14,-8,18,21,17,7
Z,Zillow (Class C),72.97,0,-14,1,0,-13,-1,-14,13,22,20,7
WFRD,Weatherford International,62.3,-68,82,0,0,14,-5,-4,9,-7,-7,7
DECK,Deckers Brands,99.82,3,-17,-33,95,48,5,-17,-29,-1,-42,6
GEV,GE Vernova,599.92,-14,0,5,0,-9,-12,7,20,0,15,6
EIX,Edison International,56.65,27,4,-41,0,-10,26,-16,9,-3,16,6
ZG,Zillow (Class A),69.83,0,-14,1,0,-13,-2,-14,12,22,18,5
VIK,Viking Holdings,60.76,5,0,0,0,5,-4,-15,19,0,0,5
MDLZ,Mondelez International,62.46,7,0,-2,0,5,22,-7,-4,-11,0,5
CRM,Salesforce,243.04,0,-1,-22,24,1,9,2,-30,23,4,5
BIIB,Biogen,142.93,-42,47,0,-29,-24,-11,54,6,-20,29,5
SSNC,SS&C Technologies,79.66,-71,-7,99,16,37,-55,-10,16,17,-32,5
TFSL,Third Federal S&L,12.93,-19,-2,12,7,-2,-12,-22,19,21,6,4
ACI,Albertsons,19.75,28,0,-6,0,22,22,-30,-12,2,-18,4
VVV,Valvoline,34.87,5,-17,-4,33,17,-9,-14,16,-6,-13,4
SWKS,Skyworks Solutions,75.31,9,3,0,-32,-20,23,-9,16,-7,23,3
GLIBA,GCI Liberty (Series A),36.54,0,0,0,0,0,-7,10,0,0,3,3
LNC,Lincoln Financial,38.53,-22,0,27,3,8,-11,-22,17,10,-6,2
TRGP,Targa Resources,148.63,-49,-7,-2,53,-5,-40,-7,-2,56,7,2
SOLV,Solventum,72.15,0,-9,0,0,-9,-2,-2,15,0,11,2
IR,Ingersoll Rand,77.22,0,-7,-2,25,16,-10,-1,-1,-2,-14,2
MANH,Manhattan Associates,196.82,-30,-19,0,67,18,-13,-13,12,-2,-16,2
HST,Host Hotels & Resorts,16.27,0,-2,7,4,9,-4,-13,17,-8,-8,1
ALB,Albemarle Corporation,92.74,-3,27,1,-25,0,-4,18,13,-27,0,0
CUZ,Cousins Properties,26.8,0,-8,0,13,5,-4,-15,-1,15,-5,0
AMZN,Amazon,213.05,-29,-6,26,23,14,-33,-19,16,22,-14,0
ICE,Intercontinental Exchange,153.58,-91,-35,0,163,37,-19,-41,-1,23,-38,-1
REXR,Rexford Industrial,43.76,21,5,1,-20,7,24,-13,15,-34,-8,-1
GPC,Genuine Parts Company,133.08,0,0,10,0,10,-1,-11,19,-19,-12,-2
CG,Carlyle Group (The),57.12,-54,-2,17,23,-16,-10,-12,16,20,14,-2
CHWY,Chewy,37.44,-22,-5,50,0,23,-26,3,-10,7,-26,-3
TPG,TPG Inc.,54.9,-22,-6,11,0,-17,-10,-10,13,21,14,-3
CFLT,"Confluent, Inc.",22.42,0,8,-12,0,-4,-5,31,-27,2,1,-3
SARO,StandardAero,27.28,0,0,0,0,0,-7,5,-2,0,-4,-4
SMMT,Summit Therapeutics,20.98,-12,-30,4,16,-22,-5,8,-6,21,18,-4
VKTX,Viking Therapeutics,33.54,0,7,-49,23,-19,-4,13,14,-8,15,-4
SSB,SouthState Corporation,92.44,-44,-2,9,24,-13,-12,-14,13,21,8,-5
OTIS,Otis Worldwide,91.27,6,0,-13,0,-7,-2,-1,-23,28,2,-5
HIW,Highwoods Properties,30.03,-51,0,9,8,-34,-3,-2,19,15,29,-5
BIO,Bio-Rad Laboratories,311.52,32,14,1,-30,17,-1,8,10,-39,-22,-5
U,Unity Technologies,35.23,-18,0,15,0,-3,-12,-11,19,2,-2,-5
GMED,Globus Medical,59.62,5,1,-24,0,-18,19,8,-29,14,12,-6
PSN,Parsons Corporation,82.78,-19,23,0,1,5,-40,20,12,-3,-11,-6
BC,Brunswick Corporation,63.91,7,1,1,-9,0,-2,-6,13,-11,-6,-6
NSA,National Storage Affiliates,32.26,36,4,-24,-6,10,28,3,-45,-3,-17,-7
BSY,Bentley Systems,51.29,0,-9,18,0,9,-2,-25,19,-8,-16,-7
XP,XP Inc.,16.55,0,-10,1,0,-9,-2,-11,25,-10,2,-7
SPR,Spirit AeroSystems,38.34,-44,-7,27,0,-24,-14,-24,39,16,17,-7
ARW,Arrow Electronics,119.21,2,-23,10,0,-11,17,-23,19,-10,3,-8
AVB,AvalonBay Communities,187.03,0,-10,-12,18,-4,5,-10,-16,17,-4,-8
FCNCA,First Citizens BancShares,1694.37,-16,-31,-5,61,9,-14,-24,-2,23,-17,-8
DKNG,DraftKings,34.08,0,-14,-3,0,-17,-2,-22,11,22,9,-8
KMB,Kimberly-Clark,121.44,6,-26,-8,20,-8,24,-33,-20,28,-1,-9
CI,Cigna,299.28,-21,1,-2,60,38,-40,8,-12,-3,-47,-9
CFG,Citizens Financial Group,49.3,-52,0,17,6,-29,-11,-1,16,16,20,-9
FNF,Fidelity National Financial,55.24,-70,-2,-2,60,-14,-12,-10,4,23,5,-9
PVH,PVH Corp.,81.83,8,0,0,0,8,-8,-8,8,-9,-17,-9
GLIBK,GCI Liberty (Series C),36.55,-14,0,0,0,-14,-7,11,0,0,4,-10
NVST,Envista,19.97,0,-6,13,0,7,19,-17,15,-34,-17,-10
CGNX,Cognex Corporation,46.03,15,5,10,-33,-3,26,-6,15,-42,-7,-10
AFG,American Financial Group,131.07,-49,0,10,58,19,-57,-1,13,16,-29,-10
CERT,"Certara, Inc.",11.98,-7,27,0,0,20,-2,21,-16,-34,-31,-11
ALGM,Allegro MicroSystems,29.05,21,-21,20,0,20,27,-57,17,-18,-31,-11
PINS,Pinterest,32.38,28,-20,0,-2,6,-5,-20,15,-7,-17,-11
WBS,Webster Bank,54.26,-50,-2,17,16,-19,-12,-16,17,19,8,-11
ZBRA,Zebra Technologies,293.13,0,-20,0,-9,-29,19,-13,13,-1,18,-11
ESS,Essex Property Trust,259.57,0,-12,-3,16,1,-12,-4,-12,16,-12,-11
TAP,Molson Coors,47.33,26,-28,-22,0,-24,40,1,-23,-5,13,-11
FHB,"First Hawaiian, Inc.",23.22,-22,-8,0,16,-14,-14,-15,16,16,3,-11
LBTYA,Liberty Global (Series A),10.99,0,0,-2,0,-2,-4,-15,10,-1,-10,-12
ETSY,Etsy,70.47,0,18,6,-32,-8,-4,20,19,-39,-4,-12
DIS,Walt Disney Company (The),110.65,0,-26,24,-2,-4,-10,-22,19,5,-8,-12
VOYA,Voya Financial,73.21,-20,0,10,6,-4,-12,-10,17,-3,-8,-12
AGO,Assured Guaranty,79.98,-67,-7,-2,58,-18,-14,-2,-2,24,6,-12
CFR,Frost Bank,122.5,-20,-3,7,6,-10,-12,-20,17,12,-3,-13
PK,Park Hotels & Resorts,10.8,0,-2,0,0,-2,-3,-13,12,-7,-11,-13
RAL,Ralliant,42.37,-6,-4,0,0,-10,-2,-1,0,0,-3,-13
CCK,Crown Holdings,93.83,2,-43,26,7,-8,16,-34,-1,14,-5,-13
DT,Dynatrace,48.15,0,-11,-11,0,-22,-10,-2,-2,22,8,-14
INFA,Informatica,24.83,-14,0,1,0,-13,-20,11,17,-9,-1,-14
RARE,Ultragenyx,32.64,56,0,-36,-40,-20,48,7,-44,-5,6,-14
BLDR,Builders FirstSource,122.54,-14,-6,-37,67,10,-7,-22,9,-5,-25,-15
CAI,Caris Life Sciences,31.51,1,-8,0,0,-7,16,-24,0,0,-8,-15
UNH,UnitedHealth Group,356.49,-13,33,-27,0,-7,-10,45,-40,-3,-8,-15
ACGL,Arch Capital Group,86.52,-21,-3,-17,64,23,-44,9,-1,-2,-38,-15
IPG,Interpublic Group of Companies (The),26.4,0,4,0,0,4,-4,-4,7,-19,-20,-16
PRU,Prudential Financial,100.64,-14,-14,-22,57,7,-11,-24,13,-1,-23,-16
SN,SharkNinja,93.87,0,-14,1,0,-13,19,-42,16,3,-4,-17
WING,Wingstop,257.12,4,-32,-6,40,6,-9,-45,-2,33,-23,-17
LBTYK,Liberty Global (Series C),11.06,0,-2,-2,-1,-5,-4,-15,8,-2,-13,-18
SW,Smurfit Westrock,41.39,-2,-26,-6,18,-16,-10,-20,9,19,-2,-18
TKR,Timken Company,73.14,0,-7,0,0,-7,-3,-17,16,-7,-11,-18
SJM,J.M. Smucker Company (The),105.3,2,0,-3,-6,-7,14,-8,7,-25,-12,-19
SAIA,Saia,306.86,0,0,-35,0,-35,15,6,2,-7,16,-19
HPQ,HP Inc.,27.35,34,0,-34,0,0,-8,-16,8,-3,-19,-19
NWSA,News Corp (Class A),26.01,-91,-12,-2,60,-45,-11,-5,19,23,26,-19
ABNB,Airbnb,125.92,28,0,-12,0,16,-1,-25,-2,-7,-35,-19
ALSN,Allison Transmission,80.89,-6,-21,-14,37,-4,-5,-17,-30,36,-16,-20
XYZ,"Block, Inc.",75.21,-1,0,3,-38,-36,-3,7,13,-1,16,-20
HBAN,Huntington Bancshares,15.52,-68,-8,18,23,-35,-11,-12,19,18,14,-21
HUM,Humana,274.98,0,0,0,-14,-14,7,3,5,-22,-7,-21
AVTR,Avantor,14.78,26,13,-38,-1,0,28,6,-49,-7,-22,-22
DAY,Dayforce,68.26,-54,44,9,-14,-15,2,-16,9,-2,-7,-22
ADSK,Autodesk,303.65,-63,-2,8,16,-41,-12,-9,19,21,19,-22
SNDR,Schneider National,23.22,15,-36,-14,0,-35,16,2,-4,-2,12,-23
SFD,Smithfield Foods,22.2,0,-22,0,0,-22,17,-31,13,0,-1,-23
ZBH,Zimmer Biomet,101.94,21,1,-6,-19,-3,21,-24,3,-20,-20,-23
AFRM,Affirm Holdings,67.89,-42,-9,21,0,-30,-12,-17,17,19,7,-23
CACC,Credit Acceptance,491.34,0,-3,0,0,-3,-12,5,-7,-7,-21,-24
APA,APA Corporation,22.52,-49,51,1,-14,-11,-4,-2,14,-21,-13,-24
RF,Regions Financial Corporation,23.57,-68,-3,16,24,-31,-12,-14,17,16,7,-24
TRU,TransUnion,78.4,2,-21,-4,0,-23,-2,-14,-2,16,-2,-25
UWMC,United Wholesale Mortgage,5.41,0,-2,0,0,-2,-12,-12,7,-6,-23,-25
JEF,Jefferies Financial Group,51.7,-123,-8,-2,60,-73,-12,-10,10,59,47,-26
UGI,UGI Corporation,32.41,3,-38,51,6,22,-2,-51,-2,7,-48,-26
EQR,Equity Residential,62.2,0,-12,-5,15,-2,-11,-16,-12,15,-24,-26
MIDD,Middleby,133.49,0,-7,-12,0,-19,-2,-21,1,15,-7,-26
APLS,Apellis Pharmaceuticals,24.52,-1,0,-1,-18,-20,-3,5,10,-20,-8,-28
HOG,Harley-Davidson,26.73,0,-2,0,-11,-13,-2,-14,14,-13,-15,-28
LII,Lennox International,523.09,-41,-39,-6,40,-46,-9,1,-4,29,17,-29
AMH,American Homes 4 Rent,32.78,1,-57,-17,70,-3,-12,-26,-5,17,-26,-29
RVTY,Revvity,93.41,21,2,-29,-26,-32,24,13,-34,-1,2,-30
GTLB,GitLab,45.33,0,0,-30,0,-30,8,-6,1,-3,0,-30
FANG,Diamondback Energy,139.18,-46,-6,-38,49,-41,-11,16,13,-7,11,-30
EFX,Equifax,226.88,-49,-12,-13,18,-56,-2,-12,19,20,25,-31
RBRK,Rubrik,77.19,-27,-28,1,0,-54,-32,2,53,0,23,-31
W,Wayfair,82.3,3,4,13,-43,-23,21,-7,19,-42,-9,-32
TTEK,Tetra Tech,32.67,-19,-21,-38,121,43,-41,-47,15,-3,-76,-33
SNV,Synovus,45.3,-22,-20,-1,23,-20,-12,-15,-2,16,-13,-33
RDDT,Reddit,195.03,-26,-2,6,0,-22,-10,-13,11,0,-12,-34
EQH,Equitable Holdings,47.4,-51,-14,0,13,-52,-12,-10,19,21,18,-34
TWLO,Twilio,106.66,-6,-4,1,-36,-45,-5,5,-2,13,11,-34
TROW,T. Rowe Price,103.69,-14,-2,3,-27,-40,-10,3,15,-2,6,-34
COLB,Columbia Banking System,24.34,-14,-2,3,0,-13,-12,-22,14,-1,-21,-34
HLNE,Hamilton Lane,118.0,-11,-18,-7,27,-9,-12,-33,-4,23,-26,-35
OMC,Omnicom Group,77.48,0,4,-36,3,-29,-5,-4,6,-3,-6,-35
BILL,Bill.com,51.08,0,36,-33,0,3,-5,-1,7,-39,-38,-35
TOST,"Toast, Inc.",37.5,27,-34,1,0,-6,-2,-44,-2,19,-29,-35
WH,Wyndham Hotels & Resorts,78.24,0,-23,-12,13,-22,-1,-28,-2,17,-14,-36
CPT,Camden Property Trust,102.41,0,-18,-4,-1,-23,5,-19,-12,13,-13,-36
BJ,BJ's Wholesale Club,94.19,35,-78,-4,12,-35,-5,-45,-11,60,-1,-36
LINE,"Lineage, Inc.",39.85,0,-1,0,0,-1,-4,8,-40,0,-36,-37
RIVN,Rivian,13.02,0,-2,0,0,-2,-6,-7,1,-23,-35,-37
NWS,News Corp (Class B),29.54,-91,-13,0,60,-44,-10,-5,-2,23,6,-38
SBUX,Starbucks,85.36,14,-33,-10,0,-29,25,-41,-2,9,-9,-38
MASI,Masimo,146.69,-13,0,-8,-8,-29,-10,13,-24,12,-9,-38
HXL,Hexcel,61.79,-41,0,3,0,-38,-11,8,13,-11,-1,-39
KEX,Kirby Corporation,85.63,21,-56,-12,37,-10,24,-49,-3,-1,-29,-39
BFAM,Bright Horizons,100.56,0,-29,-8,0,-37,21,-35,-5,17,-2,-39
ST,Sensata Technologies,31.26,21,-1,1,-17,4,-1,-22,17,-37,-43,-39
DG,Dollar General,105.75,35,-21,1,-19,-4,-2,-36,31,-28,-35,-39
ELV,Elevance Health,348.65,-5,12,-53,0,-46,11,19,-19,-5,6,-40
PLNT,Planet Fitness,94.26,0,-34,0,15,-19,-10,-26,-2,16,-22,-41
ZION,Zions Bancorporation,49.67,-51,-3,0,6,-48,-14,-12,16,17,7,-41
EW,Edwards Lifesciences,74.64,0,-13,0,-16,-29,10,-24,39,-37,-12,-41
EOG,EOG Resources,105.86,-22,-21,-7,47,-3,-13,-24,-1,-1,-39,-42
TFC,Truist Financial,42.62,-61,-6,10,6,-51,-14,-9,16,16,9,-42
BHF,Brighthouse Financial,46.54,-21,0,-2,0,-23,-12,-6,-12,10,-20,-43
KEY,Keycorp,16.95,-68,-3,17,6,-48,-14,-14,17,15,4,-44
LEA,Lear Corporation,99.47,0,-7,0,-19,-26,-1,-18,18,-17,-18,-44
TTC,Toro Company (The),74.12,0,-7,0,-2,-9,-2,-21,10,-22,-35,-44
QXO,"QXO, Inc.",18.99,0,-20,0,-16,-36,-5,-18,22,-8,-9,-45
BDX,Becton Dickinson,189.12,0,1,-37,-7,-43,5,8,2,-17,-2,-45
AXTA,Axalta,28.44,8,-19,-25,24,-12,27,-21,-38,-2,-34,-46
CTVA,Corteva,61.41,-51,-25,62,1,-13,-48,-17,19,13,-33,-46
KEYS,Keysight,162.2,-64,-1,7,0,-58,-7,-6,17,7,11,-47
HAL,Halliburton,22.26,-56,37,-2,-1,-22,-12,-6,4,-11,-25,-47
PNFP,Pinnacle Financial Partners,86.98,-22,-20,-13,17,-38,-12,-14,-4,20,-10,-48
JHX,James Hardie Industries,21.68,3,-2,-36,-3,-38,-4,8,-9,-5,-10,-48
DLTR,Dollar Tree,96.45,35,-30,1,-17,-11,-9,-39,34,-24,-38,-49
LVS,Las Vegas Sands,48.55,-49,-5,15,-1,-40,16,-25,16,-16,-9,-49
VRSK,Verisk Analytics,232.34,-14,-59,-5,116,38,-82,-25,-11,30,-88,-50
CAR,Avis Budget Group,150.39,0,-16,18,-22,-20,-5,-8,22,-39,-30,-50
KMPR,Kemper Corporation,49.23,0,-17,-15,-2,-34,2,-22,-12,16,-16,-50
COO,Cooper Companies (The),71.97,14,2,-36,-7,-27,11,11,-41,-5,-24,-51
IEX,IDEX Corporation,166.27,8,0,-37,-4,-33,19,8,-37,-8,-18,-51
CTRA,Coterra,22.81,-41,-7,-14,46,-16,-10,-20,-21,15,-36,-52
CPAY,Corpay,285.5,0,-55,-7,23,-39,-12,-24,-4,27,-13,-52
WAL,Western Alliance Bancorporation,72.48,-59,-7,-1,6,-61,-13,-14,16,20,9,-52
DPZ,Domino's,416.15,2,-53,-5,12,-44,-2,-23,-4,20,-9,-53
CART,Maplebear Inc.,38.49,-1,-27,-3,0,-31,-4,-17,-2,1,-22,-53
AR,Antero Resources,30.76,-49,-2,-3,12,-42,-11,-4,-9,12,-12,-54
MSCI,MSCI,534.2,-41,-6,0,16,-31,-43,-18,16,22,-23,-54
RYN,Rayonier,24.89,-47,0,-2,-1,-50,2,-2,7,-11,-4,-54
IOT,Samsara,36.54,-18,-2,-19,0,-39,-10,-2,-26,22,-16,-55
ALK,Alaska Air Group,47.3,-23,-17,-4,0,-44,-12,-17,7,11,-11,-55
REGN,Regeneron Pharmaceuticals,578.25,0,1,-50,0,-49,-3,-2,5,-6,-6,-55
NUE,Nucor,131.77,-20,-6,0,0,-26,-12,-23,16,-10,-29,-55
OWL,Blue Owl Capital,16.18,5,-42,-13,0,-50,-9,-18,-2,23,-6,-56
PR,Permian Resources,12.29,-28,-15,-3,28,-18,-40,-14,19,-4,-39,-57
FND,Floor & Decor,71.31,3,-17,-44,-8,-66,24,-14,7,-8,9,-57
ELS,Equity Lifestyle Properties,62.37,0,14,-30,0,-16,-9,13,-41,-5,-42,-58
MSM,MSC Industrial Direct,85.92,-61,-6,16,60,9,-63,-14,19,-11,-69,-60
VIRT,Virtu Financial,33.21,0,-35,0,16,-19,-9,-47,-2,16,-42,-61
ALAB,Astera Labs,159.8,-36,-1,6,0,-31,-33,-12,14,0,-31,-62
VNOM,Viper Energy,36.35,-63,-7,-18,46,-42,-61,-7,-2,49,-21,-63
MTB,M&T Bank,180.69,-98,-8,10,24,-72,-14,-10,17,16,9,-63
SITE,SiteOne Landscape Supply,119.96,0,-18,-5,-11,-34,-10,-22,12,-10,-30,-64
CL,Colgate-Palmolive,79.13,7,-72,-15,25,-55,19,-33,-23,28,-9,-64
NXST,Nexstar Media Group,190.04,-41,-3,18,6,-20,-48,-24,16,12,-44,-64
TYL,Tyler Technologies,505.6,0,-40,-3,19,-24,-17,-42,-2,20,-41,-65
DVA,DaVita,125.89,0,-39,-12,22,-29,-3,-25,-29,21,-36,-65
AMCR,Amcor,8.15,26,-46,-10,0,-30,34,-55,-10,-4,-35,-65
DOX,Amdocs,82.94,17,-49,0,1,-31,-2,-36,-4,7,-35,-66
BA,Boeing,212.93,-44,-7,17,0,-34,-14,-25,19,-13,-33,-67
AMT,American Tower,191.34,15,-53,-6,-2,-46,21,-52,-4,13,-22,-68
AUR,Aurora Innovation,5.12,-12,-17,-10,0,-39,-10,-10,-27,17,-30,-69
BRKR,Bruker,36.97,34,2,-69,-10,-43,45,13,-73,-11,-26,-69
FITB,Fifth Third Bancorp,40.9,-107,-3,9,24,-77,-12,-14,16,18,8,-69
AS,Amer Sports,30.82,-49,-21,13,0,-57,-5,-27,19,0,-13,-70
ISRG,Intuitive Surgical,446.14,3,-57,-12,24,-42,16,-65,-7,28,-28,-70
NTNX,Nutanix,67.66,-74,-4,7,24,-47,-61,-8,19,26,-24,-71
BAH,Booz Allen Hamilton,98.01,-48,-34,-39,103,-18,-7,-2,-41,-3,-53,-71
OVV,Ovintiv,35.96,-49,-10,-2,0,-61,-12,-7,16,-8,-11,-72
FTV,Fortive,48.65,0,0,-30,0,-30,-10,-1,-26,-7,-44,-74
AMTM,Amentum,22.39,-46,-7,0,0,-53,-54,13,19,0,-22,-75
YETI,Yeti Holdings,33.75,3,-10,-44,-8,-59,-2,-15,13,-12,-16,-75
SRPT,Sarepta Therapeutics,22.5,0,10,-38,-9,-37,14,13,-59,-8,-40,-77
CHE,Chemed Corporation,440.74,4,-13,-20,-1,-30,3,-22,-18,-10,-47,-77
SWK,Stanley Black & Decker,67.84,0,-7,-38,-41,-86,19,-14,8,-4,9,-77
GEN,Gen Digital,26.52,-99,-25,24,18,-82,-5,-27,19,18,5,-77
PEN,"Penumbra, Inc.",249.13,-16,-5,0,0,-21,-26,-20,-15,5,-56,-77
BEN,Franklin Templeton Investments,22.28,-40,-10,17,0,-33,-12,-28,19,-24,-45,-78
DXCM,Dexcom,66.59,2,-39,-8,-16,-61,19,-22,-3,-11,-17,-78
CF,CF Industries,83.5,-46,-3,6,6,-37,-47,-2,-2,10,-41,-78
FBIN,Fortune Brands Innovations,50.12,0,-19,-35,-7,-61,1,-22,8,-4,-17,-78
TFX,Teleflex,128.13,6,1,-51,-41,-85,17,-1,2,-12,6,-79
LKQ,LKQ Corporation,30.03,0,-25,-15,-4,-44,25,-18,-23,-19,-35,-79
DAR,Darling Ingredients,31.67,15,-15,-15,-22,-37,19,-28,-2,-32,-43,-80
SAIC,SAIC,97.49,0,-32,-7,0,-39,-3,-32,-4,-3,-42,-81
COLM,Columbia Sportswear,52.23,7,-17,-30,-8,-48,-2,-21,-25,15,-33,-81
MSTR,MicroStrategy,289.87,-49,-9,-2,21,-39,-61,-1,-2,22,-42,-81
SLGN,Silgan Holdings,43.16,14,-57,-12,0,-55,22,-57,-6,15,-26,-81
MKC,McCormick & Company,67.54,3,-72,-15,-4,-88,14,1,-23,12,4,-84
GPN,Global Payments,85.4,0,0,-36,-41,-77,-8,5,7,-12,-8,-85
OKE,Oneok,68.1,-64,-55,-22,56,-85,-12,-7,-34,53,0,-85
VFC,VF Corporation,14.29,0,0,-29,-45,-74,-9,-8,6,-1,-12,-86
HUBS,HubSpot,436.77,-22,-14,-19,-2,-57,-12,-11,-27,21,-29,-86
ASH,Ashland Global,48.86,26,-21,-50,-11,-56,-2,-25,8,-12,-31,-87
ONON,On Holding AG,41.82,-15,-56,-8,0,-79,-12,-14,-5,22,-9,-88
TSN,Tyson Foods,52.49,0,-10,-10,-30,-50,-5,-26,-20,13,-38,-88
DVN,Devon Energy,31.73,-49,-6,-2,-7,-64,-12,-7,18,-24,-25,-89
ACHC,Acadia Healthcare,24.17,-45,26,-57,-13,-89,-2,18,2,-18,0,-89
PYPL,PayPal,67.41,-37,-3,-12,-41,-93,-39,19,12,11,3,-90
NKE,"Nike, Inc.",67.37,0,-9,0,-23,-32,-7,-29,16,-38,-58,-90
CLX,Clorox,119.74,0,-10,-26,-7,-43,2,-14,-36,-1,-49,-92
APD,Air Products,253.16,-56,-19,-4,0,-79,-14,-24,11,12,-15,-94
CNH,CNH Industrial,10.44,0,-46,-6,0,-52,17,-62,-4,4,-45,-97
UDR,"UDR, Inc.",36.08,1,-56,-7,-2,-64,-10,-24,-14,15,-33,-97
MTCH,Match Group,32.42,0,-10,1,-39,-48,-5,-18,14,-40,-49,-97
TGT,Target Corporation,90.85,21,-36,-40,-13,-68,23,-42,-2,-8,-29,-97
TW,Tradeweb,106.92,0,-52,-7,2,-57,-10,-48,-8,25,-41,-98
INVH,Invitation Homes,28.51,6,-61,-17,0,-72,-4,-26,-12,16,-26,-98
SBAC,SBA Communications,196.28,21,-53,-8,-22,-62,25,-53,-7,-1,-36,-98
MOH,Molina Healthcare,192.66,-37,0,-22,-4,-63,-45,37,-18,-10,-36,-99
PB,Prosperity Bancshares,63.18,-20,-58,-13,16,-75,-12,-24,-4,16,-24,-99
CTSH,Cognizant,66.07,-20,-57,-12,16,-73,-12,-22,-12,20,-26,-99
SLB,Schlumberger,32.65,0,-9,-79,-1,-89,19,-16,-2,-12,-11,-100
JKHY,Jack Henry & Associates,152.93,58,-56,-12,-2,-12,-3,-87,-12,13,-89,-101
CCCS,CCC Intelligent Solutions,8.8,-14,-20,-37,0,-71,-12,-22,11,-8,-31,-102
LNW,Light & Wonder,76.1,-71,-15,-12,59,-39,-67,-23,-1,27,-64,-103
PPG,PPG Industries,101.57,0,-20,-55,-10,-85,19,-26,-2,-10,-19,-104
PRMB,Primo Brands,22.11,3,-97,-7,24,-77,-4,-25,-19,20,-28,-105
CPB,Campbell Soup Company,30.85,0,-8,-41,-8,-57,16,-9,-48,-7,-48,-105
ESTC,Elastic NV,81.15,-22,-4,-22,-8,-56,-32,-12,1,-6,-49,-105
ZTS,Zoetis,144.38,0,-29,-44,-5,-78,19,-30,-11,-7,-29,-107
MOS,Mosaic Company (The),29.32,-49,-6,25,-18,-48,-47,-6,24,-32,-61,-109
CNXC,Concentrix,44.85,-41,-16,-4,0,-61,4,-12,-7,-35,-50,-111
BBWI,"Bath & Body Works, Inc.",26.49,8,-30,-34,-17,-73,-2,-23,-5,-8,-38,-111
MTN,Vail Resorts,149.58,-20,-10,-42,-25,-97,4,5,15,-38,-14,-111
BALL,Ball Corporation,48.36,0,-45,-12,-13,-70,19,-53,-2,-7,-43,-113
MRNA,Moderna,26.0,-10,0,-64,-6,-80,-4,16,-4,-41,-33,-113
ILMN,"Illumina, Inc.",95.46,1,-9,-37,-42,-87,18,-14,11,-42,-27,-114
EXLS,EXL Service,40.33,-72,-13,-1,67,-19,-86,-21,-3,15,-95,-114
PENN,Penn Entertainment,16.26,-6,-9,-2,-36,-53,-7,-18,9,-46,-62,-115
EEFT,Euronet Worldwide,87.33,8,-57,-12,-5,-66,-1,-57,-9,15,-52,-118
LBRDA,Liberty Broadband (Series A),58.04,-49,-2,-12,-38,-101,-13,-2,-12,10,-17,-118
LBRDK,Liberty Broadband (Series C),58.33,-49,-2,-12,-38,-101,-13,-2,-12,10,-17,-118
GFS,GlobalFoundries,34.6,0,0,-91,0,-91,-5,-1,-3,-19,-28,-119
TTD,Trade Desk (The),49.97,-30,-50,-36,-3,-119,-7,10,-2,-2,-1,-120
PAYC,Paycom,200.7,-2,-39,0,-26,-67,-10,-42,-3,1,-54,-121
OLN,Olin Corporation,23.41,-7,0,-69,-11,-87,-10,-6,7,-25,-34,-121
UHAL,U-Haul,55.46,0,-58,-24,0,-82,-2,-22,-37,22,-39,-121
RYAN,Ryan Specialty,52.88,-38,-81,-12,0,-131,-13,13,-18,27,9,-122
FIS,Fidelity National Information Services,66.86,-20,-53,-11,-39,-123,-14,7,-6,13,0,-123
MRK,Merck & Co.,84.79,-22,14,-56,0,-64,-64,8,4,-8,-60,-124
MTDR,Matador Resources,43.0,-42,-15,-38,0,-95,-10,-23,12,-8,-29,-124
CAVA,Cava Group,62.85,-14,-47,-23,0,-84,-12,5,-37,4,-40,-124
DOCU,DocuSign,67.91,-42,-14,-3,-14,-73,-41,-13,-11,13,-52,-125
BMY,Bristol Myers Squibb,43.63,-65,-12,-9,-7,-93,-12,-4,-23,7,-32,-125
EMN,Eastman Chemical Company,61.3,0,-20,-30,-3,-53,-2,-22,-44,-4,-72,-125
KD,Kyndryl,27.6,-51,-53,-5,0,-109,-14,-18,-6,22,-16,-125
CROX,Crocs,82.99,9,-51,-51,-3,-96,-8,-2,-13,-7,-30,-126
IT,Gartner,235.74,-22,-88,-30,0,-140,-14,-3,-28,59,14,-126
AVY,Avery Dennison,159.48,0,-39,-44,0,-83,-2,-30,-4,-7,-43,-126
KVUE,Kenvue,15.3,-13,-39,-7,0,-59,-12,-49,-12,5,-68,-127
IRDM,Iridium Communications,18.58,-8,-56,-13,-21,-98,-7,3,-4,-21,-29,-127
CDW,CDW,152.46,0,-53,-51,0,-104,7,-18,-2,-10,-23,-127
PNC,PNC Financial Services,179.4,-105,-7,11,16,-85,-61,-14,16,16,-43,-128
FOUR,Shift4,73.87,-22,-53,-9,0,-84,-45,-24,-2,26,-45,-129
CNC,Centene,35.26,-39,0,-53,-13,-105,-13,41,-22,-30,-24,-129
WLK,Westlake Corporation,75.18,-41,-6,-49,-2,-98,-7,-20,3,-8,-32,-130
SAM,Boston Beer Company,223.88,14,4,-44,-39,-65,16,5,-40,-46,-65,-130
TEAM,Atlassian,151.97,5,-71,-15,-8,-89,-9,-19,-27,13,-42,-131
MGM,MGM Resorts International,31.59,-83,-14,-2,0,-99,-11,-26,16,-11,-32,-131
S,SentinelOne,16.68,-42,-6,-34,0,-82,-33,-10,-4,-3,-50,-132
SIRI,Sirius XM,21.38,-56,-7,-2,-33,-98,-5,-19,9,-19,-34,-132
HSIC,Schein (Henry),62.99,-70,-18,-14,-2,-104,-10,-19,-4,5,-28,-132
CHTR,Charter Communications,253.01,-49,-2,-13,-38,-102,-13,-2,-13,-3,-31,-133
CBSH,Commerce Bancshares,53.64,-61,-53,-3,13,-104,-14,-28,-2,15,-29,-133
ARE,Alexandria Real Estate Equities,75.0,0,-8,-46,-32,-86,-5,-10,4,-37,-48,-134
IAC,IAC Inc.,32.73,-5,-21,-11,-33,-70,-5,-13,-6,-40,-64,-134
DLB,Dolby Laboratories,68.8,-63,-19,-12,-1,-95,-10,-29,-2,-1,-42,-137
PPC,Pilgrim's Pride,37.35,-70,-31,-2,23,-80,-27,-38,-13,20,-58,-138
CAG,Conagra Brands,18.57,0,-10,-41,-9,-60,-2,-29,-23,-25,-79,-139
KHC,Kraft Heinz,25.52,1,-30,-51,-2,-82,25,-48,-23,-12,-58,-140
CARR,Carrier Global,56.19,-49,-54,-8,0,-111,-5,-50,-3,28,-30,-141
NOV,NOV Inc.,12.66,-49,-2,-64,-14,-129,-4,-1,10,-17,-12,-141
WEX,WEX Inc.,150.5,-49,-10,-52,-1,-112,-12,-21,13,-10,-30,-142
IFF,International Flavors & Fragrances,63.76,24,-57,-32,-33,-98,25,-23,-44,-3,-45,-143
BIRK,Birkenstock,41.93,-63,-31,-8,0,-102,-5,-29,-10,0,-44,-146
GME,GameStop,23.07,-73,-2,-3,-32,-110,-12,-3,-12,-9,-36,-146
ATR,AptarGroup,129.27,-47,-55,-12,22,-92,2,-52,-4,-1,-55,-147
LSTR,Landstar,130.08,14,-58,-44,-2,-90,-5,5,-51,-9,-60,-150
LCID,Lucid Motors,19.64,-62,0,-13,0,-75,-11,-1,-26,-37,-75,-150
COP,ConocoPhillips,86.47,-84,-8,-3,0,-95,-49,-7,11,-10,-55,-150
RH,RH,174.4,-66,-16,-33,-9,-124,-11,-21,7,-2,-27,-151
G,Genpact,39.45,-84,-28,-6,0,-118,3,-24,-24,12,-33,-151
TDC,Teradata,20.75,-49,-2,-88,-19,-158,-7,25,1,-18,1,-157
PFE,Pfizer,24.52,-49,-4,0,-25,-78,-64,-1,16,-30,-79,-157
FDS,FactSet,286.75,7,-64,-14,-2,-73,-12,-60,-12,-3,-87,-160
OKTA,"Okta, Inc.",87.41,-42,-11,-7,-26,-86,-70,-1,-12,8,-75,-161
TREX,"Trex Company, Inc.",50.72,-14,-26,-63,-15,-118,-11,-22,-3,-8,-44,-162
WSC,WillScot Mobile Mini,21.14,-6,-55,-74,-8,-143,-4,1,-3,-14,-20,-163
UHAL-B,U-Haul (Series N),50.21,0,-58,-32,0,-90,-2,-22,-46,-3,-73,-163
GTM,ZoomInfo,10.07,-119,-4,0,0,-123,-5,-13,15,-39,-42,-165
DOW,Dow Inc.,21.9,0,-20,-52,-3,-75,-2,-14,-67,-10,-93,-168
POOL,Pool Corporation,290.28,-70,-18,-32,-8,-128,-14,-14,-1,-11,-40,-168
OGN,Organon & Co.,9.28,-56,-2,-38,0,-96,-14,-2,-51,-6,-73,-169
FRPT,Freshpet,51.32,15,-88,-33,-8,-114,20,-45,-29,-1,-55,-169
AAL,American Airlines Group,11.86,0,-2,-30,-78,-110,-4,-23,8,-41,-60,-170
SMG,Scotts Miracle-Gro Company,54.34,-41,-36,-31,-41,-149,-12,-22,15,-3,-22,-171
AKAM,Akamai Technologies,72.86,-51,-7,-35,-9,-102,-5,-18,-35,-12,-70,-172
SLM,Sallie Mae,25.68,-119,-45,0,24,-140,-10,-45,-2,23,-34,-174
RNG,RingCentral,26.71,-22,-6,-35,-43,-106,-18,-14,9,-47,-70,-176
KBR,"KBR, Inc.",43.37,-63,-17,-39,0,-119,-10,-27,-17,-3,-57,-176
ENPH,Enphase Energy,36.56,1,0,-55,-22,-76,-2,-10,-62,-26,-100,-176
COTY,Coty,4.34,3,0,-73,-9,-79,-12,1,-75,-11,-97,-176
SON,Sonoco,40.03,-149,-19,-5,-2,-175,14,-16,16,-16,-2,-177
UPS,United Parcel Service,86.42,9,0,-115,-18,-124,17,9,-43,-36,-53,-177
WU,Western Union,8.3,8,0,-32,-48,-72,-10,-22,-67,-7,-106,-178
NIQ,NIQ Global Intelligence,13.54,-147,0,0,0,-147,-18,-14,0,0,-32,-179
ACN,Accenture,238.36,-36,-72,-32,-2,-142,-38,7,-28,21,-38,-180
FCN,FTI Consulting,152.24,-35,-28,-46,0,-109,-40,-22,-3,-7,-72,-181
FI,Fiserv,121.69,-52,-70,-23,37,-108,-49,-30,-24,29,-74,-182
GDDY,GoDaddy,128.76,-51,-71,-12,24,-110,-52,-18,-28,24,-74,-184
OC,Owens Corning,126.96,-172,-15,-33,60,-160,-9,-22,8,-2,-25,-185
FMC,FMC Corporation,29.4,-7,-36,-49,-26,-118,-9,-26,-4,-28,-67,-185
DV,DoubleVerify,10.89,-21,-29,-79,0,-129,-12,-31,-2,-12,-57,-186
BMRN,BioMarin Pharmaceutical,53.3,0,-30,-59,-22,-111,17,-44,-24,-24,-75,-186
STZ,Constellation Brands,140.47,-21,-39,-54,-5,-119,7,5,-70,-10,-68,-187
HRL,Hormel Foods,24.03,2,-66,-19,-25,-108,19,-62,-6,-32,-81,-189
CZR,Caesars Entertainment,21.44,-65,-10,-35,-27,-137,-5,-6,-3,-39,-53,-190
CIVI,Civitas Resources,27.65,-49,-6,-64,-2,-121,-63,-4,8,-11,-70,-191
ODFL,Old Dominion Freight Line,138.01,-41,-57,-35,0,-133,15,-31,-40,-3,-59,-192
CSGP,CoStar Group,73.99,-70,-18,-2,-1,-91,-61,-41,-1,1,-102,-193
CHDN,Churchill Downs Incorporated,90.54,0,-35,-40,0,-75,-65,-52,-3,-3,-123,-198
WHR,Whirlpool Corporation,72.75,-61,-23,-14,-28,-126,-11,-20,-5,-38,-74,-200
BF-A,Brown–Forman (Class A),28.54,14,-30,-111,-20,-147,21,2,-51,-26,-54,-201
INSP,Inspire Medical Systems,78.0,0,-108,-32,-8,-148,-2,3,-37,-19,-55,-203
MORN,"Morningstar, Inc.",214.48,-22,-56,-29,-1,-108,-21,-69,-7,-2,-99,-207
KMX,CarMax,42.91,-58,-21,-28,-38,-145,-11,-19,-32,-2,-64,-209
BAX,Baxter International,23.09,2,-72,-32,-40,-142,23,-25,-23,-43,-68,-210
ALGN,Align Technology,130.46,2,-56,-76,-27,-157,-2,1,-12,-40,-53,-210
CE,Celanese,40.19,-50,-50,-52,-12,-164,-10,-20,-6,-11,-47,-211
FLO,Flowers Foods,12.76,0,-45,-46,-10,-101,16,-38,-66,-25,-113,-214
OXY,Occidental Petroleum,40.9,-84,-7,-64,0,-155,-54,-5,15,-18,-62,-217
ADBE,Adobe Inc.,333.24,-42,-13,-45,-8,-108,-47,-6,-49,-7,-109,-217
WY,Weyerhaeuser,23.59,-62,-26,-32,-1,-121,-12,-30,-44,-10,-96,-217
BF-B,Brown–Forman (Class B),28.71,13,-33,-112,-20,-152,11,-6,-44,-30,-69,-221
RLI,RLI Corp.,59.63,-21,-95,-19,0,-135,-19,-29,-38,-2,-88,-223
GLOB,Globant,57.78,-20,-107,-35,-9,-171,-14,5,-35,-9,-53,-224
NCNO,nCino,23.76,-134,-14,-35,0,-183,-33,-19,14,-3,-41,-224
COLD,Americold,13.64,17,-139,-50,-13,-185,19,5,-50,-17,-43,-228
WEN,Wendy's Company (The),8.88,0,-81,-46,-10,-137,-10,-28,-41,-17,-96,-233
CLVT,Clarivate,3.58,-54,-21,-86,-8,-169,-12,-21,12,-44,-65,-234
LULU,Lululemon Athletica,167.39,-62,-93,-20,-5,-180,-14,-2,-29,-14,-59,-239
GIS,General Mills,48.39,-56,-5,-50,-6,-117,-51,-4,-46,-21,-122,-239
PRGO,Perrigo,21.61,0,-52,-11,-115,-178,-2,-1,-11,-57,-71,-249
HUN,Huntsman Corporation,8.23,-52,-21,-54,-17,-144,-2,-21,-49,-35,-107,-251
CHRD,Chord Energy,89.72,-105,-15,-59,0,-179,-55,-24,13,-8,-74,-253
DXC,DXC Technology,12.85,-22,-10,-34,-75,-141,-14,-21,-41,-36,-112,-253
NWL,Newell Brands,4.84,-57,-17,-36,-33,-143,-61,-20,7,-38,-112,-255
MKTX,MarketAxess,171.27,0,-60,-37,-31,-128,4,-75,-11,-46,-128,-256
XRAY,Dentsply Sirona,12.49,0,-56,-90,-44,-190,-2,-21,-4,-42,-69,-259
EPAM,EPAM Systems,144.52,-62,-28,-35,-29,-154,-14,-26,-26,-39,-105,-259
MAA,Mid-America Apartment Communities,132.71,-119,-57,-6,-1,-183,-52,-21,-17,13,-77,-260
CMCSA,Comcast,29.52,-95,-58,-44,-11,-208,-12,-22,-11,-10,-55,-263
LYB,LyondellBasell,46.19,-53,-55,-53,-7,-168,-10,-20,-67,-9,-106,-274
PCTY,Paylocity,150.2,-131,-39,-7,-5,-182,-57,-43,-6,7,-99,-281
UA,Under Armour (Class C),4.61,-49,-50,-37,-39,-175,-11,-52,-4,-39,-106,-281
GPK,Graphic Packaging,17.17,-70,-36,-28,-1,-135,-72,-33,-41,-2,-148,-283
MAN,ManpowerGroup,33.7,-33,-38,-55,-30,-156,-5,-30,-55,-38,-128,-284
UAA,Under Armour (Class A),4.77,-49,-50,-37,-46,-182,-12,-52,-4,-39,-107,-289
BRBR,BellRing Brands,32.99,-18,-115,-22,0,-155,-11,-107,-28,-1,-147,-302
DJT,Trump Media & Technology Group,16.18,-46,-98,-65,0,-209,-59,-29,-33,-11,-132,-341
RHI,Robert Half,31.36,-61,-185,-38,-11,-295,-4,-22,-36,-34,-96,-391
CHH,Choice Hotels,99.64,-252,-52,-12,0,-316,-12,-53,-26,16,-75,-391
