Symbol,Name,Close,1H Cloud Score,1D Cloud Score,1W Cloud Score,1M Cloud Score,Cloud Score Sum,1H TKx Score,1D TKx Score,1W TKx Score,1M TKx Score,TKx Score Sum,Total Score Sum
TJX,TJX Companies,134.6,84,12,149,198,443,12,16,118,193,339,782
ORLY,O'Reilly Auto Parts,103.05,2,23,164,199,388,4,29,55,89,177,565
COOP,Mr. Cooper Group,191.4,0,69,120,58,247,-16,68,118,56,226,473
ORI,Old Republic International,39.03,79,6,148,58,291,1,4,118,55,178,469
PGR,Progressive Corporation,250.67,35,-49,106,177,269,5,4,-4,189,194,463
FAST,Fastenal,49.92,65,91,123,106,385,7,35,11,23,76,461
MA,Mastercard,585.57,56,14,127,155,352,50,21,11,26,108,460
RBC,RBC Bearings,397.7,-12,73,94,164,319,-19,82,15,57,135,454
LYV,Live Nation Entertainment,163.0,56,70,95,147,368,47,8,10,16,81,449
SGI,Somnigroup International,81.37,58,69,42,64,233,82,82,11,26,201,434
WM,"Waste Management, Inc.",228.51,-35,-5,96,187,243,6,-4,28,159,189,432
MCD,McDonald's,310.59,26,5,53,242,326,26,25,-5,57,103,429
CDNS,Cadence Design Systems,346.93,-6,38,18,141,191,10,37,11,180,238,429
RSG,Republic Services,234.74,7,-15,125,177,294,16,-40,-2,160,134,428
SO,Southern Company,94.18,-28,42,77,190,281,-14,58,24,79,147,428
YUM,Yum! Brands,152.0,33,4,29,259,325,32,1,-3,57,87,412
TMUS,T-Mobile US,258.23,59,8,95,139,301,61,21,-9,35,108,409
MSI,Motorola Solutions,460.42,0,24,2,153,179,3,34,2,185,224,403
WELL,Welltower,163.55,-35,66,117,58,206,9,27,134,24,194,400
HUBB,Hubbell Incorporated,432.86,0,67,2,182,251,-16,85,7,71,147,398
EHC,Encompass Health,122.18,78,3,144,29,254,77,6,25,29,137,391
PLTR,Palantir Technologies,157.72,-7,82,117,0,192,-26,84,120,20,198,390
EBAY,eBay,99.88,98,78,78,14,268,-4,27,83,16,122,390
CASY,Casey's,509.08,-38,49,114,87,212,-19,-4,118,78,173,385
WRB,W. R. Berkley Corporation,71.56,35,1,95,176,307,-12,8,25,55,76,383
CBOE,Cboe Global Markets,246.36,-13,65,145,55,252,-3,60,23,51,131,383
ROL,"Rollins, Inc.",57.95,-28,19,32,286,309,1,11,24,35,71,380
SFM,Sprouts Farmers Market,147.17,0,-17,146,46,175,7,-15,152,57,201,376
JPM,JPMorgan Chase,290.63,0,71,124,158,353,-12,-5,11,26,20,373
AZO,AutoZone,4130.48,14,22,95,86,217,14,29,55,57,155,372
HCA,HCA Healthcare,402.73,99,8,4,97,208,109,8,17,29,163,371
LIN,Linde plc,480.05,72,12,14,110,208,37,4,11,106,158,366
L,Loews Corporation,95.97,84,69,113,55,321,1,4,11,24,40,361
RTX,RTX Corporation,153.67,-7,68,78,54,193,-6,74,85,14,167,360
CTAS,Cintas,216.33,-24,-3,20,167,160,-19,15,14,187,197,357
LOPE,Grand Canyon Education,203.03,70,9,148,35,262,12,8,35,34,89,351
AAPL,Apple Inc.,230.48,0,36,0,251,287,-14,4,3,71,64,351
OLLI,Ollie's Bargain Outlet,135.66,0,69,116,16,201,12,50,64,23,149,350
RBA,RB Global,114.84,0,80,105,27,212,-19,29,108,19,137,349
COST,Costco,980.85,1,-26,1,180,156,7,5,-3,184,193,349
MPWR,Monolithic Power Systems,845.17,91,69,4,157,321,5,13,11,-2,27,348
FERG,Ferguson Enterprises,232.44,42,71,12,65,190,39,82,11,25,157,347
DGX,Quest Diagnostics,182.84,63,8,69,18,158,100,6,69,14,189,347
BR,Broadridge Financial Solutions,262.91,1,22,115,145,283,8,16,11,25,60,343
SPOT,Spotify,719.44,66,0,113,12,191,28,4,96,20,148,339
ALNY,Alnylam Pharmaceuticals,458.57,110,68,18,15,211,25,76,11,15,127,338
NDAQ,"Nasdaq, Inc.",93.75,-27,75,77,144,269,-39,82,11,14,68,337
MMC,Marsh McLennan,210.94,42,-50,-4,175,163,7,1,-12,178,174,337
BSX,Boston Scientific,103.74,0,1,145,144,290,-12,-10,11,57,46,336
ADP,Automatic Data Processing,305.43,6,-6,86,180,266,6,-5,11,57,69,335
LOW,Lowe's,256.37,84,21,1,166,272,7,33,2,19,61,333
T,AT&T,28.99,61,9,71,16,157,54,11,95,15,175,332
PTC,PTC Inc.,209.9,2,68,7,182,259,5,32,8,26,71,330
HIG,Hartford (The),131.82,84,11,95,57,247,-11,15,22,56,82,329
RPM,RPM International,126.27,55,20,1,180,256,5,29,8,30,72,328
ETR,Entergy,88.81,-21,27,77,137,220,-18,22,90,14,108,328
ALL,Allstate,210.45,7,14,98,159,278,5,14,12,17,48,326
WCC,Wesco International,211.86,41,68,8,58,175,3,82,9,57,151,326
CELH,Celsius Holdings,60.47,63,108,1,65,237,61,17,19,-9,88,325
MO,Altria,66.58,112,22,71,45,250,17,15,27,16,75,325
ORCL,Oracle Corporation,234.34,-34,68,12,198,244,-32,75,11,27,81,325
CHD,Church & Dwight,94.05,17,-17,-17,344,327,6,-19,-15,25,-3,324
STE,Steris,247.48,63,8,15,195,281,-9,1,23,25,40,321
DUK,Duke Energy,123.75,-21,25,77,183,264,-20,35,23,16,54,318
ABBV,AbbVie,206.21,91,21,17,58,187,35,28,3,64,130,317
NVDA,Nvidia,175.65,-7,68,15,134,210,-6,76,11,26,107,317
SHW,Sherwin-Williams,367.86,90,12,2,190,294,-12,4,11,19,22,316
NFG,National Fuel Gas,86.13,-14,153,61,52,252,-17,-1,72,10,64,316
SSNC,SS&C Technologies,87.86,69,45,91,14,219,3,70,8,15,96,315
DTE,DTE Energy,139.66,-18,25,75,189,271,-19,22,28,13,44,315
ITT,ITT Inc.,167.53,0,75,17,99,191,3,82,11,26,122,313
GS,Goldman Sachs,721.51,-7,69,93,58,213,-12,80,11,21,100,313
ARES,Ares Management,180.66,-7,69,18,59,139,-26,82,11,106,173,312
PHM,PulteGroup,130.38,84,42,2,65,193,37,46,7,29,119,312
LLYVA,Liberty Live (Series A),90.83,65,82,31,0,178,76,43,11,0,130,308
ICE,Intercontinental Exchange,178.23,-42,0,113,161,232,-46,76,23,21,74,306
AWI,Armstrong World Industries,195.26,45,76,95,21,237,4,35,11,19,69,306
WMT,Walmart,101.31,-6,19,128,101,242,7,14,11,29,61,303
AVGO,Broadcom,294.92,-7,72,20,116,201,-23,84,11,30,102,303
APH,Amphenol,110.01,3,82,20,65,170,10,84,11,27,132,302
V,Visa Inc.,342.5,28,-13,138,133,286,-9,-13,11,26,15,301
GOOGL,Alphabet (Class A),201.53,3,58,9,176,246,-4,32,6,21,55,301
SPGI,S&P Global,554.52,-6,69,17,172,252,-19,38,9,21,49,301
SNPS,Synopsys,612.61,-6,56,8,180,238,11,48,9,-5,63,301
BWA,BorgWarner,42.06,98,71,9,2,180,90,35,11,-16,120,300
GOOG,Alphabet (Class C),202.43,2,58,8,176,244,-4,32,5,21,54,298
MS,Morgan Stanley,144.06,-5,69,77,64,205,-17,80,11,16,90,295
LLYVK,Liberty Live (Series C),93.5,57,75,31,0,163,76,45,11,0,132,295
FYBR,Frontier Communications,37.08,42,7,90,0,139,40,6,95,14,155,294
SCI,Service Corporation International,81.69,84,1,3,175,263,3,5,9,13,30,293
MCO,Moody's Corporation,512.0,-6,69,17,156,236,-14,36,9,25,56,292
FIX,Comfort Systems USA,683.54,-13,72,18,64,141,1,84,11,55,151,292
URI,United Rentals,915.73,42,69,8,64,183,2,40,9,57,108,291
RJF,Raymond James Financial,164.24,-5,68,93,58,214,9,40,8,19,76,290
DHI,D. R. Horton,168.1,91,42,2,65,200,39,46,5,-2,88,288
IBKR,Interactive Brokers,62.35,-34,69,95,57,187,-7,38,9,57,97,284
FFIV,"F5, Inc.",315.23,-6,68,95,14,171,1,82,11,17,111,282
BK,BNY Mellon,101.09,-16,71,95,40,190,-13,75,11,19,92,282
RCL,Royal Caribbean Group,330.07,19,69,122,28,238,14,-11,11,27,41,279
VMI,Valmont Industries,374.1,0,59,63,58,180,2,79,8,10,99,279
CBRE,CBRE Group,159.98,38,53,93,22,206,1,49,9,14,73,279
NEU,NewMarket,778.77,74,91,20,29,214,8,5,23,27,63,277
AJG,Arthur J. Gallagher & Co.,300.98,34,-39,1,186,182,35,-45,-3,107,94,276
INSM,Insmed,127.21,48,49,65,16,178,48,19,11,20,98,276
COR,Cencora,294.75,41,1,45,75,162,-12,1,56,68,113,275
LLY,Lilly (Eli),703.32,7,-16,-4,172,159,35,-8,-8,96,115,274
AM,Antero Midstream,17.42,-20,-1,149,23,151,-20,8,79,55,122,273
HAS,Hasbro,80.05,80,69,15,3,167,78,5,11,11,105,272
ATO,Atmos Energy,165.87,1,9,75,45,130,-14,25,86,45,142,272
HD,Home Depot (The),406.98,7,21,2,180,210,5,34,3,19,61,271
ACM,AECOM,120.78,20,75,17,65,177,7,4,11,72,94,271
JLL,Jones Lang LaSalle,299.24,65,43,5,14,127,76,48,5,14,143,270
EME,Emcor,606.94,-35,69,18,58,110,9,84,9,57,159,269
J,Jacobs Solutions,147.77,0,67,7,106,180,-20,82,8,19,89,269
HALO,Halozyme,70.0,140,16,8,19,183,42,27,2,14,85,268
GGG,Graco Inc.,86.22,42,0,1,178,221,3,3,11,29,46,267
ITW,Illinois Tool Works,263.96,2,40,3,178,223,3,4,8,29,44,267
PAYX,Paychex,139.01,2,-15,85,167,239,23,-8,-2,14,27,266
SSD,Simpson Manufacturing Company,191.88,44,21,2,156,223,3,34,7,-1,43,266
R,Ryder,181.32,40,54,11,56,161,1,40,8,56,105,266
AIZ,Assurant,213.69,84,10,2,152,248,-12,6,3,19,16,264
AXON,Axon Enterprise,758.78,-42,0,146,94,198,14,11,11,30,66,264
IBM,IBM,241.27,0,-14,110,54,150,23,-22,57,56,114,264
CMI,Cummins,402.21,77,41,6,65,189,5,32,7,30,74,263
AMGN,Amgen,295.32,21,34,2,165,222,28,-9,-15,36,40,262
TSCO,Tractor Supply Company,62.26,22,35,8,85,150,19,3,5,85,112,262
DDS,Dillard's,519.23,34,51,15,54,154,39,5,8,55,107,261
BRK-B,Berkshire Hathaway,485.47,41,0,125,62,228,7,3,-6,26,30,258
MSFT,Microsoft,509.71,-16,76,17,173,250,-26,-2,11,25,8,258
AME,Ametek,185.28,0,14,5,106,125,1,14,11,101,127,252
GM,General Motors,57.06,56,51,8,11,126,61,43,8,13,125,251
AAON,AAON,82.22,37,0,-14,245,268,-16,-7,-26,31,-18,250
DASH,DoorDash,248.24,-35,68,98,0,131,9,81,11,18,119,250
TPR,"Tapestry, Inc.",97.93,-28,69,81,21,143,3,75,9,19,106,249
GD,General Dynamics,316.24,0,91,9,54,154,-19,46,11,57,95,249
BPOP,"Popular, Inc.",119.2,58,76,18,59,211,2,4,11,19,36,247
TRV,Travelers Companies (The),268.87,7,5,92,58,162,-12,16,25,56,85,247
AON,AON,373.03,7,12,3,177,199,4,3,-16,56,47,246
EXPD,Expeditors International,121.37,84,14,2,131,231,6,5,7,-3,15,246
PWR,Quanta Services,379.25,-35,76,18,99,158,9,-5,11,72,87,245
SYK,Stryker Corporation,390.21,14,1,18,159,192,26,-11,9,29,53,245
PNR,Pentair,107.09,63,69,10,62,204,2,6,9,24,41,245
PG,Procter & Gamble,158.42,47,0,-7,179,219,14,1,-15,26,26,245
SRE,Sempra,82.64,7,24,0,181,212,1,24,9,-1,33,245
ECL,Ecolab,283.72,79,12,17,22,130,76,7,11,19,113,243
FLUT,Flutter Entertainment,290.97,0,51,20,21,92,31,84,9,27,151,243
PAG,Penske Automotive Group,183.82,77,11,16,62,166,3,5,11,57,76,242
NI,NiSource,42.32,-21,30,75,45,129,-14,22,90,14,112,241
PPL,PPL Corporation,36.73,0,27,77,23,127,-13,22,89,14,112,239
AXS,AXIS Capital,96.46,0,-15,87,45,117,-19,4,83,53,121,238
HWM,Howmet Aerospace,171.9,-39,0,149,29,139,-46,-6,93,57,98,237
HPE,Hewlett Packard Enterprise,21.36,56,65,2,42,165,8,2,8,54,72,237
MNST,Monster Beverage,63.94,1,8,27,180,216,-7,4,20,4,21,237
FWONK,Liberty Formula 1 (Series C),101.68,21,0,71,57,149,34,-14,11,56,87,236
SCHW,Charles Schwab Corporation,95.76,-16,82,78,11,155,-26,82,11,14,81,236
FWONA,Liberty Formula 1 (Series A),90.59,21,0,70,62,153,34,-17,10,56,83,236
NRG,NRG Energy,148.34,-70,0,104,94,128,-26,-2,114,21,107,235
AMD,Advanced Micro Devices,166.56,-7,68,0,110,171,-16,75,11,-7,63,234
SNX,TD Synnex,146.2,-1,69,16,63,147,-18,75,9,21,87,234
CRH,CRH plc,112.43,72,23,8,64,167,3,32,5,27,67,234
LHX,L3Harris,272.24,0,91,13,5,109,13,84,13,14,124,233
PFGC,Performance Food Group,99.33,-5,72,54,43,164,2,-1,11,57,69,233
CME,CME Group,271.48,-42,-3,55,136,146,-14,30,51,19,86,232
ANET,Arista Networks,132.75,0,54,8,58,120,-4,50,7,56,109,229
BYD,Boyd Gaming,83.89,14,69,49,59,191,5,-5,11,27,38,229
CRS,Carpenter Technology Corporation,241.49,-35,0,147,35,147,-26,-14,72,49,81,228
EVRG,Evergy,72.44,-16,50,59,14,107,-17,50,78,10,121,228
DCI,Donaldson Company,75.04,65,21,3,65,154,5,28,11,30,74,228
DAL,Delta Air Lines,60.52,57,41,2,19,119,73,6,3,26,108,227
AMED,Amedisys,100.99,84,84,12,-40,140,5,47,25,10,87,227
VMC,Vulcan Materials,292.92,87,21,7,60,175,-15,29,11,27,52,227
NWS,News Corp (Class B),34.58,13,5,113,58,189,7,-1,11,21,38,227
INCY,Incyte,85.48,140,55,4,0,199,-5,19,7,7,28,227
OMF,OneMain Financial,58.23,33,69,18,60,180,5,4,11,26,46,226
LEN,Lennar (Class A),134.25,86,25,-31,64,144,49,34,2,-3,82,226
ALLE,Allegion,169.85,40,81,10,21,152,4,37,11,22,74,226
CHRW,C.H. Robinson,123.82,98,37,4,4,143,37,30,7,8,82,225
LEN-B,Lennar (Class B),128.44,85,21,-29,62,139,49,35,2,-1,85,224
AGNC,AGNC Investment,9.61,30,54,12,16,112,34,52,9,17,112,224
CVNA,Carvana,344.3,-2,81,93,11,183,18,-5,11,16,40,223
OGE,OGE Energy,45.11,-21,25,69,45,118,-14,35,69,14,104,222
PEG,Public Service Enterprise Group,84.59,-28,48,0,152,172,-26,55,4,17,50,222
SPG,Simon Property Group,174.9,40,38,2,35,115,39,37,9,21,106,221
WSO,Watsco,425.03,7,-13,-4,196,186,3,-11,-29,71,34,220
DRS,Leonardo DRS,41.17,-7,-1,140,58,190,-3,-7,11,29,30,220
HLT,Hilton Worldwide,271.63,41,69,17,64,191,5,-12,9,26,28,219
BX,Blackstone Inc.,167.28,-14,40,5,142,173,-19,38,6,21,46,219
BKNG,Booking Holdings,5590.39,13,0,137,35,185,10,-14,11,26,33,218
NFLX,Netflix,1214.4,0,-1,117,20,136,-5,-23,88,20,80,216
FTI,TechnipFMC,34.82,-5,69,18,27,109,-14,73,11,37,107,216
KO,Coca-Cola Company (The),70.14,0,-5,29,182,206,-33,5,24,14,10,216
LRCX,Lam Research,100.33,-13,69,10,152,218,-13,5,11,-5,-2,216
KRC,Kilroy Realty,39.12,36,59,7,0,102,33,62,7,11,113,215
MCK,McKesson Corporation,676.87,7,-9,43,58,99,31,-22,39,67,115,214
BLD,TopBuild,433.51,83,43,3,46,175,-12,46,7,-3,38,213
CNM,Core & Main,65.17,2,71,20,0,93,3,82,11,24,120,213
RMD,Resmed,286.07,0,75,18,13,106,3,81,10,13,107,213
SF,Stifel,112.76,-4,59,9,59,123,-12,74,8,20,90,213
LNC,Lincoln Financial,40.57,98,38,19,1,156,1,38,9,8,56,212
TOL,Toll Brothers,132.23,41,53,-24,61,131,4,46,5,26,81,212
JNJ,Johnson & Johnson,177.8,87,35,9,7,138,29,33,6,6,74,212
UAL,United Airlines Holdings,102.14,57,42,2,11,112,73,6,5,16,100,212
PCAR,Paccar,99.46,0,21,-23,159,157,3,32,-15,34,54,211
CAT,Caterpillar Inc.,416.1,0,68,9,64,141,5,-2,9,57,69,210
AN,AutoNation,210.81,48,6,18,61,133,6,2,11,57,76,209
OHI,Omega Healthcare Investors,41.27,40,28,7,40,115,36,20,6,31,93,208
CACI,CACI,486.82,0,52,3,154,209,-19,4,15,-1,-1,208
MAS,Masco,74.52,42,35,0,65,142,7,35,2,21,65,207
WBA,Walgreens Boots Alliance,12.06,133,69,0,-77,125,26,84,7,-35,82,207
ADT,ADT Inc.,8.84,41,89,32,0,162,7,4,26,8,45,207
PM,Philip Morris International,168.79,7,-19,71,55,114,10,-31,86,27,92,206
XEL,Xcel Energy,73.23,3,25,52,12,92,11,34,60,9,114,206
VST,Vistra Corp.,193.56,-21,68,20,30,97,-26,81,9,45,109,206
KR,Kroger,70.72,-35,3,80,67,115,9,14,51,15,89,204
RL,Ralph Lauren Corporation,285.19,-7,71,95,34,193,-20,-6,11,26,11,204
NVR,"NVR, Inc.",8260.13,42,38,0,65,145,-9,34,4,29,58,203
NSC,Norfolk Southern,285.38,7,68,12,4,91,5,82,11,14,112,203
VNT,Vontier,42.66,42,69,6,0,117,6,76,9,-5,86,203
LECO,Lincoln Electric,240.61,-18,68,8,65,123,2,75,9,-7,79,202
HOOD,Robinhood Markets,107.4,-5,71,82,0,148,16,9,11,18,54,202
DRI,Darden Restaurants,207.87,27,-14,45,61,119,36,-33,49,30,82,201
KLAC,KLA Corporation,875.38,-20,0,15,177,172,-13,4,11,26,28,200
BLK,BlackRock,1128.89,-7,68,18,22,101,-16,82,11,21,98,199
DKS,Dick's Sporting Goods,227.57,45,35,1,63,144,14,6,1,33,54,198
F,Ford Motor Company,11.59,70,83,3,0,156,33,3,11,-5,42,198
WDC,Western Digital,75.74,-1,69,13,18,99,5,80,11,3,99,198
CSX,CSX Corporation,36.51,42,68,3,4,117,4,72,11,-6,81,198
UNP,Union Pacific Corporation,223.72,1,-4,-6,198,189,5,-20,4,19,8,197
MEDP,Medpace,462.42,50,43,5,32,130,6,53,5,2,66,196
COF,Capital One,214.59,0,75,95,21,191,-13,-11,11,18,5,196
PH,Parker Hannifin,744.58,0,70,18,65,153,1,1,11,30,43,196
C,Citigroup,93.71,0,69,20,18,107,-16,79,11,14,88,195
TDG,TransDigm Group,1397.56,-21,-5,20,157,151,-19,-6,11,57,43,194
NEM,Newmont,67.38,-4,93,20,5,114,-5,55,20,10,80,194
STT,State Street Corporation,111.25,0,71,18,16,105,-11,76,10,14,89,194
THO,Thor Industries,107.44,69,53,2,2,126,-8,75,7,-6,68,194
NXST,Nexstar Media Group,207.72,54,68,10,4,136,5,35,8,10,58,194
TT,Trane Technologies,428.91,-22,0,17,164,159,2,-8,11,29,34,193
GLW,Corning Inc.,64.52,-4,68,20,17,101,-7,75,9,14,91,192
FNB,FNB Corporation,15.83,42,69,2,55,168,7,-12,10,19,24,192
ADI,Analog Devices,230.59,0,0,12,179,191,-16,-20,11,26,1,192
MDLZ,Mondelez International,62.67,7,-15,0,182,174,17,-11,20,-9,17,191
VZ,Verizon,44.96,58,9,31,10,108,54,14,1,14,83,191
AFL,Aflac,106.91,69,5,2,58,134,7,4,-9,55,57,191
MSA,MSA Safety,171.28,-54,71,0,164,181,5,-2,11,-5,9,190
NOC,Northrop Grumman,586.24,2,36,11,58,107,-3,56,18,12,83,190
ROP,Roper Technologies,532.49,9,-13,-3,182,175,21,-30,-2,26,15,190
GRMN,Garmin,233.46,0,42,113,19,174,-15,3,7,21,16,190
TKO,TKO Group Holdings,184.88,49,7,72,40,168,-14,-25,11,50,22,190
AEP,American Electric Power,112.64,0,33,74,23,130,-13,35,24,14,60,190
WMB,Williams Companies,56.56,-18,-11,113,52,136,-12,-3,11,57,53,189
PODD,Insulet,327.37,60,6,46,4,116,51,1,15,6,73,189
THC,Tenet Healthcare,178.0,63,6,15,57,141,12,3,9,24,48,189
DELL,Dell Technologies,135.17,0,69,7,32,108,-8,82,11,-4,81,189
RITM,Rithm Capital,12.32,1,69,18,32,120,-6,36,11,26,67,187
BRX,Brixmor Property Group,27.0,25,51,1,55,132,14,4,11,26,55,187
ADM,Archer Daniels Midland,59.99,76,70,3,0,149,1,46,11,-20,38,187
HEI,HEICO (Common),304.36,-76,0,26,189,139,-26,-2,17,57,46,185
LH,Labcorp,275.95,54,19,56,15,144,7,6,9,18,40,184
CSL,Carlisle Companies,386.94,2,0,-4,178,176,-15,-8,11,20,8,184
NET,Cloudflare,196.49,-48,69,40,0,61,14,79,11,19,123,184
AEE,Ameren,101.86,4,25,57,13,99,-15,27,62,10,84,183
HUM,Humana,288.35,142,11,0,-12,141,68,14,-21,-20,41,182
FLEX,Flex Ltd.,49.8,-28,69,19,58,118,7,-11,11,57,64,182
LITE,Lumentum,117.92,-5,67,15,3,80,7,75,9,10,101,181
AYI,Acuity Brands,320.03,0,45,5,27,77,3,74,7,20,104,181
WPC,W. P. Carey,65.53,7,66,30,2,105,-14,58,27,5,76,181
EXPE,Expedia Group,208.09,58,42,50,11,161,-9,8,7,14,20,181
CW,Curtiss-Wright,479.55,-7,77,20,54,144,-22,-2,11,49,36,180
AIT,Applied Industrial Technologies,262.82,-20,38,8,58,84,-19,50,7,57,95,179
LNT,Alliant Energy,66.04,7,29,69,14,119,7,29,11,13,60,179
GE,GE Aerospace,265.84,-21,80,20,27,106,-26,38,31,29,72,178
CINF,Cincinnati Financial,152.36,1,12,86,62,161,-12,3,11,15,17,178
GILD,Gilead Sciences,117.96,0,63,52,35,150,-28,8,9,39,28,178
CXT,Crane NXT,60.56,0,59,1,55,115,5,-6,7,56,62,177
AXP,American Express,306.2,42,0,18,99,159,5,-17,9,21,18,177
LNG,Cheniere Energy,230.3,-1,-8,61,58,110,-10,10,11,56,67,177
ZG,Zillow (Class A),80.0,28,42,55,0,125,-5,32,4,20,51,176
DE,Deere & Company,489.71,-28,-4,50,109,127,5,-12,46,10,49,176
POST,Post Holdings,109.86,55,1,-7,87,136,26,-37,-9,57,37,173
MRP,Millrose Properties,32.54,72,58,0,0,130,2,36,4,0,42,172
FSLR,First Solar,210.8,19,34,0,62,115,18,34,11,-6,57,172
CG,Carlyle Group (The),62.58,0,60,9,21,90,-16,71,8,18,81,171
O,Realty Income,59.0,58,13,11,7,89,54,3,11,13,81,170
IDA,Idacorp,126.57,6,38,57,18,119,-16,30,27,10,51,170
BRO,Brown & Brown,96.89,35,-78,0,163,120,59,-24,-11,26,50,170
OSK,Oshkosh Corporation,139.0,0,68,12,4,84,2,73,9,2,86,170
THG,Hanover Insurance,172.58,4,8,62,24,98,5,-2,54,14,71,169
JEF,Jefferies Financial Group,59.78,0,45,-21,58,82,-17,45,2,57,87,169
CAH,Cardinal Health,149.02,1,-6,56,38,89,-5,-21,49,57,80,169
UHS,Universal Health Services,182.61,84,1,-12,22,95,74,5,-5,-1,73,168
CLH,Clean Harbors,245.01,0,21,2,58,81,-15,34,11,57,87,168
LPLA,LPL Financial,351.45,-35,0,46,99,110,-5,-5,11,57,58,168
WSM,"Williams-Sonoma, Inc.",202.93,-4,35,9,65,105,2,37,3,21,63,168
CPRT,Copart,47.82,54,-60,-14,176,156,5,3,-24,28,12,168
AMG,Affiliated Managers Group,217.64,0,75,12,22,109,-16,46,11,17,58,167
RGLD,Royal Gold,166.71,0,-1,62,18,79,-4,7,69,16,88,167
ULTA,Ulta Beauty,516.01,0,79,13,4,96,-16,82,13,-9,70,166
VIK,Viking Holdings,59.27,6,69,0,0,75,-5,84,11,0,90,165
ETN,Eaton Corporation,348.88,-77,69,9,114,115,-26,-5,9,72,50,165
SKX,Skechers,63.06,13,67,-25,55,110,32,-11,8,26,55,165
RF,Regions Financial Corporation,25.73,35,68,8,22,133,3,5,9,14,31,164
CR,Crane Co.,191.99,-26,76,17,0,67,3,78,11,5,97,164
MSM,MSC Industrial Direct,89.02,35,69,8,58,170,5,-13,11,-9,-6,164
OZK,Bank OZK,49.55,0,69,18,56,143,3,-11,9,19,20,163
VTR,"Ventas, Inc.",67.97,0,25,73,22,120,-5,27,5,15,42,162
MP,MP Materials,69.27,-9,52,33,0,76,-14,49,46,4,85,161
GPC,Genuine Parts Company,138.76,72,22,2,0,96,42,29,11,-17,65,161
APG,APi Group,35.38,18,76,19,0,113,9,1,11,26,47,160
VRT,Vertiv,129.03,-35,68,10,8,51,-7,82,8,26,109,160
LDOS,Leidos,178.72,0,81,3,23,107,-19,38,14,19,52,159
HON,Honeywell,216.74,-14,-4,1,178,161,-19,-16,11,22,-2,159
BKR,Baker Hughes,42.96,0,23,5,35,63,-3,68,5,26,96,159
AMZN,Amazon,227.74,34,59,18,21,132,-3,1,8,20,26,158
INFA,Informatica,24.74,12,60,0,0,72,2,82,9,-7,86,158
PANW,Palo Alto Networks,181.65,21,-14,0,81,88,9,-7,11,57,70,158
DINO,HF Sinclair,45.54,42,71,0,1,114,39,1,11,-8,43,157
W,Wayfair,78.97,42,69,5,-41,75,36,75,11,-40,82,157
VVV,Valvoline,39.12,70,10,0,31,111,36,4,8,-4,44,155
KNSL,Kinsale Capital Group,461.94,32,0,1,33,66,5,-9,8,85,89,155
UTHR,United Therapeutics,313.3,37,5,-11,57,88,33,5,-30,59,67,155
AFG,American Financial Group,132.74,70,10,2,56,138,-12,10,5,14,17,155
PEP,PepsiCo,152.16,61,24,0,0,85,73,49,-40,-13,69,154
EVR,Evercore,301.46,-4,68,8,58,130,-15,4,9,26,24,154
Z,Zillow (Class C),83.5,28,42,12,0,82,-4,51,5,20,72,154
SEIC,SEI Investments Company,88.21,0,0,93,35,128,2,-14,11,26,25,153
APP,AppLovin,412.12,-7,14,106,0,113,-7,22,7,18,40,153
DKNG,DraftKings,45.02,1,45,10,0,56,29,45,3,20,97,153
MTD,Mettler Toledo,1323.25,65,54,-24,0,95,53,4,5,-5,57,152
PSTG,Pure Storage,57.25,-4,68,-1,42,105,-21,4,7,57,47,152
INTU,Intuit,700.96,-77,0,18,191,132,-5,-6,11,20,20,152
XYL,Xylem Inc.,141.84,-20,69,9,22,80,1,38,11,22,72,152
ESI,Element Solutions,24.99,59,41,-21,57,136,3,5,8,-1,15,151
PINC,"Premier, Inc.",26.22,84,9,18,-28,83,75,10,16,-34,67,150
NTRS,Northern Trust,127.32,10,69,17,11,107,7,11,11,13,42,149
WBS,Webster Bank,57.87,36,69,9,14,128,5,-10,9,17,21,149
RS,"Reliance, Inc.",287.17,-14,-13,0,115,88,-16,-12,11,77,60,148
CNP,Centerpoint Energy,38.16,-33,23,50,45,85,-18,22,44,15,63,148
RGA,Reinsurance Group of America,189.11,65,-13,-4,40,88,5,4,-2,53,60,148
TRMB,Trimble Inc.,81.11,-6,69,80,4,147,-19,-1,9,12,1,148
LMT,Lockheed Martin,441.0,37,-21,-30,165,151,35,-32,-5,-2,-4,147
MKL,Markel,1953.82,7,0,69,55,131,-14,-5,9,26,16,147
USFD,US Foods,77.03,-63,0,144,35,116,2,-9,11,26,30,146
PLNT,Planet Fitness,108.32,21,3,64,13,101,19,1,11,14,45,146
TDY,Teledyne Technologies,543.24,-28,68,53,14,107,-26,38,11,15,38,145
KKR,KKR & Co. Inc.,139.02,-19,58,0,103,142,-20,-5,7,21,3,145
SOFI,SoFi,22.74,-1,61,47,0,107,12,5,9,11,37,144
HLI,Houlihan Lokey,192.18,-13,71,18,44,120,-18,4,11,26,23,143
LPX,Louisiana-Pacific,98.46,42,16,0,63,121,-11,6,1,26,22,143
GWRE,Guidewire Software,213.57,0,-9,111,21,123,22,-33,11,20,20,143
MANH,Manhattan Associates,215.83,18,63,-30,65,116,4,-9,4,27,26,142
MLM,Martin Marietta Materials,607.75,0,24,7,60,91,-16,29,11,27,51,142
ELAN,Elanco,17.52,63,72,3,0,138,-5,4,10,-6,3,141
KDP,Keurig Dr Pepper,35.18,61,9,8,1,79,12,39,-1,12,62,141
GLPI,Gaming and Leisure Properties,46.96,14,0,1,65,80,31,-18,-9,57,61,141
NTAP,Netapp,109.16,56,12,0,57,125,5,4,8,-1,16,141
FITB,Fifth Third Bancorp,42.82,42,45,1,22,110,4,2,8,16,30,140
CRUS,Cirrus Logic,113.11,50,6,0,19,75,55,1,11,-3,64,139
ACGL,Arch Capital Group,91.81,33,1,-9,62,87,-2,5,-2,51,52,139
NLY,Annaly Capital Management,20.75,7,51,19,10,87,-10,37,9,16,52,139
NVT,Nvent Electric,88.16,-11,69,9,12,79,-26,82,9,-5,60,139
WWD,"Woodward, Inc.",244.84,-35,78,20,35,98,8,-5,11,26,40,138
PRI,Primerica,267.62,7,0,0,108,115,5,-21,9,30,23,138
AL,Air Lease Corporation,58.11,51,0,18,22,91,7,2,11,26,46,137
SPR,Spirit AeroSystems,39.74,-5,83,19,0,97,-7,1,31,14,39,136
KEY,Keycorp,18.16,36,69,9,4,118,7,-11,9,13,18,136
TLN,Talen Energy,367.81,-7,81,40,0,114,-8,16,12,2,22,136
CMA,Comerica,67.57,0,43,8,4,55,-13,74,8,12,81,136
FICO,Fair Isaac,1385.01,7,-31,-7,166,135,29,-30,-29,31,1,136
TNL,Travel + Leisure Co.,60.49,39,59,10,16,124,-15,4,8,14,11,135
LVS,Las Vegas Sands,53.58,0,69,7,2,78,-12,75,8,-14,57,135
RLI,RLI Corp.,67.84,7,-53,-11,176,119,5,-46,-30,87,16,135
SEG,Seaport Entertainment Group,26.51,40,33,0,0,73,32,29,1,0,62,135
CMS,CMS Energy,73.03,0,16,77,23,116,-20,27,-2,14,19,135
GWW,W. W. Grainger,995.07,14,-13,-4,94,91,5,-18,-2,57,42,133
LNW,Light & Wonder,91.42,37,0,-4,57,90,47,-13,-16,25,43,133
COKE,Coca-Cola Consolidated,119.03,14,0,0,86,100,6,-9,-16,52,33,133
CVX,Chevron Corporation,152.0,-5,31,8,48,82,-9,52,2,6,51,133
SLM,Sallie Mae,30.25,-21,-3,91,22,89,-20,-3,45,21,43,132
HEI-A,HEICO (Class A),237.81,-76,0,27,182,133,-46,-3,18,30,-1,132
AOS,A. O. Smith,72.82,41,35,0,58,134,1,-9,11,-5,-2,132
XPO,"XPO, Inc.",131.47,36,6,0,61,103,2,-9,8,27,28,131
FOXA,Fox Corporation (Class A),58.1,41,5,69,1,116,-9,1,9,14,15,131
CSGP,CoStar Group,88.95,0,51,7,14,72,-2,46,24,-9,59,131
BOKF,BOK Financial Corporation,105.29,42,38,0,22,102,5,4,5,14,28,130
SYF,Synchrony Financial,71.61,2,69,18,21,110,-12,4,9,18,19,129
META,Meta Platforms,751.58,-14,69,18,29,102,-12,6,9,23,26,128
MTZ,MasTec,175.27,-9,75,20,18,104,-4,4,11,13,24,128
CB,Chubb Limited,273.8,58,-34,3,58,85,-9,1,-5,56,43,128
GTES,Gates Corporation,24.51,0,69,18,15,102,3,-6,11,18,26,128
LFUS,Littelfuse,252.29,-5,69,4,2,70,-17,74,9,-8,58,128
HAYW,Hayward Holdings,16.14,42,40,3,0,85,-15,32,9,16,42,127
SHC,Sotera Health,16.17,56,8,2,0,66,56,8,3,-6,61,127
TEM,Tempus AI,73.0,56,6,0,0,62,56,4,4,0,64,126
CHWY,Chewy,40.95,50,-28,42,0,64,56,2,-2,5,61,125
SNA,Snap-on,324.67,-3,24,0,59,80,-19,3,4,57,45,125
NWSA,News Corp (Class A),29.85,31,5,10,58,104,4,-15,11,21,21,125
FHN,First Horizon Corporation,21.72,0,69,53,4,126,-12,-8,9,10,-1,125
CVS,CVS Health,70.97,61,4,11,0,76,71,8,-2,-28,49,125
FOX,Fox Corporation (Class B),53.15,41,5,68,1,115,-9,1,8,9,9,124
WEC,WEC Energy Group,108.46,-28,25,56,13,66,-46,23,69,11,57,123
GXO,GXO Logistics,53.32,44,69,2,0,115,5,1,10,-8,8,123
DOV,Dover Corporation,179.72,2,0,-4,106,104,3,-10,7,19,19,123
CI,Cigna,302.17,42,-32,0,58,68,56,3,-4,-1,54,122
CFG,Citizens Financial Group,48.4,38,57,9,4,108,-12,4,8,14,14,122
CMG,Chipotle Mexican Grill,43.23,23,-19,-7,80,77,40,-20,-5,29,44,121
NTRA,Natera,160.12,58,0,2,18,78,19,4,1,19,43,121
APPF,AppFolio,270.12,-56,54,6,28,32,9,46,6,28,89,121
BWXT,BWX Technologies,165.83,-7,67,14,35,109,-52,20,11,31,10,119
MAR,Marriott International,266.7,35,0,0,58,93,5,-14,8,27,26,119
SYY,Sysco,79.47,-21,56,8,3,46,-19,69,8,14,72,118
BMY,Bristol Myers Squibb,48.37,48,5,0,-5,48,77,3,-15,5,70,118
DOCS,Doximity,63.64,56,39,0,0,95,25,4,-18,12,23,118
EQH,Equitable Holdings,52.47,0,0,93,11,104,-17,1,11,19,14,118
PNC,PNC Financial Services,192.94,42,59,3,14,118,-12,-11,8,14,-1,117
ADC,Agree Realty,73.5,0,0,64,16,80,16,14,-6,13,37,117
LII,Lennox International,613.08,14,36,1,38,89,6,-10,5,27,28,117
PNW,Pinnacle West Capital,92.07,-20,14,69,18,81,-20,7,23,26,36,117
EXEL,Exelixis,37.55,-1,-16,65,14,62,-10,-16,56,24,54,116
GEV,GE Vernova,603.15,-35,81,0,0,46,-26,84,12,0,70,116
GNRC,Generac,199.11,0,53,4,-34,23,3,71,8,10,92,115
JHG,Janus Henderson,42.6,-13,54,7,19,67,-16,38,8,18,48,115
FTAI,FTAI Aviation,141.06,0,15,4,47,66,-4,15,7,31,49,115
MTG,MGIC Investment Corporation,27.46,0,6,20,55,81,-12,6,11,28,33,114
WTFC,Wintrust Financial,127.83,24,6,10,49,89,8,-11,9,19,25,114
STLD,Steel Dynamics,128.22,35,-13,0,55,77,-12,-19,11,57,37,114
BJ,BJ's Wholesale Club,104.54,0,-36,79,10,53,9,-3,-3,58,61,114
UBER,Uber,95.35,27,3,19,0,49,21,1,17,26,65,114
VRSK,Verisk Analytics,271.02,7,-17,0,114,104,26,-41,-3,28,10,114
DTM,DT Midstream,101.94,-18,-2,104,0,84,-16,9,11,25,29,113
PRU,Prudential Financial,106.29,56,0,-14,55,97,-12,4,5,19,16,113
ALK,Alaska Air Group,57.13,42,35,0,2,79,37,6,-18,9,34,113
JCI,Johnson Controls,104.53,-9,0,76,19,86,5,-8,11,18,26,112
VRTX,Vertex Pharmaceuticals,390.44,0,-11,-3,104,90,3,-11,-7,37,22,112
U,Unity Technologies,37.2,42,58,7,0,107,-4,32,11,-35,4,111
K,Kellanova,80.06,0,1,70,21,92,-7,21,-8,13,19,111
VEEV,Veeva Systems,284.18,15,2,46,8,71,18,-7,11,18,40,111
PPC,Pilgrim's Pride,47.79,-28,0,87,21,80,2,16,-5,18,31,111
WFC,Wells Fargo,77.54,-17,0,93,29,105,-15,-10,11,19,5,110
AMTM,Amentum,24.36,-7,81,0,0,74,-21,46,11,0,36,110
NOW,ServiceNow,886.95,2,-9,-4,82,71,22,-14,9,22,39,110
ECG,Everus Construction Group,75.42,-9,67,0,0,58,2,41,8,0,51,109
SNV,Synovus,49.53,42,0,0,21,63,35,-12,9,14,46,109
BEPC,Brookfield Renewable Partners,33.58,0,70,11,0,81,12,-5,11,10,28,109
IQV,IQVIA,192.38,35,24,-41,0,18,44,50,3,-6,91,109
AU,AngloGold Ashanti,52.14,-12,13,77,18,96,-49,22,25,14,12,108
MET,Metlife,78.72,42,0,0,58,100,7,-26,9,18,8,108
TXN,Texas Instruments,195.95,42,0,2,22,66,34,-19,11,16,42,108
ARMK,Aramark,39.48,-6,0,16,40,50,1,-11,11,56,57,107
CTVA,Corteva,72.39,37,0,54,0,91,16,-22,11,11,16,107
EXP,Eagle Materials,233.23,0,20,-16,57,61,-15,32,1,27,45,106
FTNT,Fortinet,78.08,0,-13,-3,113,97,14,-15,-3,13,9,106
TPG,TPG Inc.,60.67,0,52,3,0,55,-16,43,5,19,51,106
PFG,Principal Financial Group,78.6,31,0,-4,55,82,5,-7,8,18,24,106
ROKU,"Roku, Inc.",88.78,23,50,11,-19,65,35,-5,6,4,40,105
VTRS,Viatris,10.69,61,9,-26,0,44,55,4,3,-1,61,105
MDT,Medtronic,89.9,-7,36,12,0,41,-4,50,4,13,63,104
CWEN,Clearway Energy (Class C),30.34,0,0,59,4,63,21,-13,23,10,41,104
MUSA,Murphy USA,396.21,21,-16,-14,68,59,7,-11,-30,79,45,104
BAM,Brookfield Asset Management,60.01,-21,29,66,0,74,-22,32,11,8,29,103
D,Dominion Energy,61.3,-13,67,15,1,70,-23,35,11,10,33,103
TFC,Truist Financial,44.2,38,43,2,4,87,-10,4,8,14,16,103
SN,SharkNinja,119.31,0,45,9,0,54,3,37,8,1,49,103
EPR,EPR Properties,53.55,0,-7,58,29,80,7,-17,11,21,22,102
CNA,CNA Financial,48.48,7,10,3,57,77,4,11,-10,20,25,102
SSB,SouthState Corporation,96.33,38,40,0,22,100,-12,-10,5,19,2,102
AGCO,AGCO,113.55,9,71,8,2,90,16,-4,12,-13,11,101
FE,FirstEnergy,43.42,-13,22,7,55,71,-19,23,11,14,29,100
SFD,Smithfield Foods,25.12,18,64,0,0,82,-2,15,5,0,18,100
HII,Huntington Ingalls Industries,265.39,-7,108,9,6,116,-19,-5,17,-9,-16,100
BAC,Bank of America,48.1,42,2,18,18,80,5,-11,11,14,19,99
MMM,3M,154.32,0,2,75,14,91,-20,3,11,14,8,99
WMS,Advanced Drainage Systems,143.98,63,11,0,3,77,5,9,11,-3,22,99
STWD,Starwood Property Trust,20.0,2,0,19,58,79,3,-16,11,21,19,98
WAB,Wabtec,192.75,1,-5,1,49,46,3,-18,11,56,52,98
AWK,American Water Works,145.2,5,13,27,1,46,-7,27,23,8,51,97
SITE,SiteOne Landscape Supply,142.5,36,36,0,-9,63,3,35,4,-8,34,97
STAG,STAG Industrial,36.09,7,0,1,96,104,-15,1,11,-4,-7,97
IVZ,Invesco,20.83,-5,45,8,2,50,-16,41,8,13,46,96
WTW,Willis Towers Watson,335.45,7,14,9,24,54,1,28,-16,29,42,96
AFRM,Affirm Holdings,73.7,-2,51,13,0,62,-5,12,9,17,33,95
TMO,Thermo Fisher Scientific,498.02,41,20,-23,0,38,48,34,-22,-3,57,95
CIEN,Ciena,88.76,-28,69,10,12,63,-26,32,9,16,31,94
GNTX,Gentex,27.7,42,34,0,1,77,-12,32,5,-8,17,94
VLTO,Veralto,108.1,0,69,3,0,72,-20,32,10,0,22,94
DECK,Deckers Brands,105.49,14,0,-25,93,82,10,-9,-21,31,11,93
BDX,Becton Dickinson,198.03,63,9,-29,-5,38,55,35,-20,-15,55,93
DLTR,Dollar Tree,112.37,-28,86,7,-15,50,-46,85,26,-22,43,93
IONS,Ionis Pharmaceuticals,42.47,27,72,2,0,101,-3,-6,11,-10,-8,93
KIM,Kimco Realty,21.69,8,6,0,55,69,7,-6,9,14,24,93
AMP,Ameriprise Financial,506.25,-17,0,0,64,47,-15,-19,9,71,46,93
VLO,Valero Energy,137.93,22,0,0,44,66,37,-16,10,-5,26,92
AMAT,Applied Materials,162.22,-21,-3,-2,149,123,-21,-14,9,-5,-31,92
JBL,Jabil,206.1,-33,0,20,65,52,-26,-3,12,57,40,92
CEG,Constellation Energy,317.31,-35,69,17,0,51,-26,37,11,19,41,92
NBIX,Neurocrine Biosciences,132.76,30,6,-6,25,55,37,-5,8,-4,36,91
NYT,New York Times Company,59.69,34,10,3,16,63,-9,5,11,21,28,91
DD,DuPont,73.76,35,40,-4,19,90,7,-11,8,-3,1,91
VRSN,Verisign,269.17,4,-6,37,9,44,-5,-8,53,7,47,91
FLS,Flowserve,52.74,-4,40,0,27,63,5,-7,4,25,27,90
TAP,Molson Coors,51.55,56,0,-14,0,42,64,2,-15,-3,48,90
CWEN-A,Clearway Energy (Class A),28.48,0,-7,59,6,58,12,-13,23,10,32,90
TFSL,Third Federal S&L,13.17,42,2,4,5,53,3,4,11,19,37,90
FCNCA,First Citizens BancShares,1902.7,13,-3,-4,59,65,5,-9,8,21,25,90
QGEN,Qiagen,49.21,7,66,13,3,89,-7,-9,11,5,0,89
WING,Wingstop,330.79,0,0,0,38,38,14,-3,9,31,51,89
CCL,Carnival Corporation & plc,29.57,0,68,18,0,86,-16,-10,9,19,2,88
RBLX,Roblox Corporation,118.29,-39,81,54,0,96,-33,-3,17,11,-8,88
LAZ,Lazard,53.74,0,52,3,20,75,-12,4,8,13,13,88
DHR,Danaher Corporation,212.26,42,9,-30,0,21,55,12,4,-4,67,88
EXC,Exelon,44.72,-23,14,56,14,61,-16,34,-2,10,26,87
LEA,Lear Corporation,103.07,42,6,0,-17,31,74,-13,10,-15,56,87
IDXX,Idexx Laboratories,636.48,-7,76,15,4,88,-20,16,11,-8,-1,87
RPRX,Royalty Pharma,36.0,-48,72,33,0,57,-10,51,27,-38,30,87
VOYA,Voya Financial,74.34,70,10,2,4,86,-12,4,9,-1,0,86
WYNN,Wynn Resorts,112.91,7,71,9,3,90,1,-8,11,-8,-4,86
H,Hyatt Hotels,139.99,0,0,-4,55,51,-14,-13,7,55,35,86
TTWO,Take-Two Interactive,228.32,0,0,46,13,59,-16,-24,46,20,26,85
HBAN,Huntington Bancshares,16.62,38,0,10,21,69,4,-15,11,16,16,85
AMH,American Homes 4 Rent,34.98,2,-15,-9,68,46,30,-17,11,15,39,85
NUE,Nucor,145.83,42,46,0,3,91,-12,5,8,-8,-7,84
AIG,American International Group,81.31,37,-27,29,53,92,5,-33,-1,21,-8,84
CPNG,Coupang,28.86,14,0,18,0,32,36,-13,11,17,51,83
TER,Teradyne,110.62,0,40,-30,2,12,1,70,4,-5,70,82
FR,First Industrial Realty Trust,50.61,22,1,0,14,37,33,-11,9,14,45,82
FIVE,Five Below,141.42,15,71,1,-16,71,12,2,12,-15,11,82
PKG,Packaging Corporation of America,198.23,2,0,-4,61,59,3,-10,4,26,23,82
ROK,Rockwell Automation,343.55,42,6,16,15,79,2,1,11,-11,3,82
COLB,Columbia Banking System,25.81,56,18,0,0,74,-12,4,6,10,8,82
XYZ,"Block, Inc.",74.33,-6,47,-4,-36,1,-4,66,5,13,80,81
FRHC,Freedom Holding,169.41,-50,24,55,14,43,-28,25,11,30,38,81
ALAB,Astera Labs,170.95,0,67,0,0,67,-21,29,6,0,14,81
EMR,Emerson Electric,131.61,-16,0,17,64,65,-16,-7,11,26,14,79
LBTYA,Liberty Global (Series A),11.38,91,13,-41,-31,32,42,13,2,-10,47,79
CORT,Corcept Therapeutics,70.15,-6,-1,65,19,77,-28,4,-12,38,2,79
FNF,Fidelity National Financial,59.48,0,6,3,58,67,-15,18,-12,21,12,79
BA,Boeing,225.0,-5,82,9,0,86,-10,2,11,-11,-8,78
ABT,Abbott Laboratories,131.28,0,-7,57,13,63,-5,10,-5,14,14,77
BLDR,Builders FirstSource,138.17,0,35,-29,65,71,3,5,1,-3,6,77
MTCH,Match Group,37.83,35,53,5,-37,56,-8,61,6,-38,21,77
PEGA,Pegasystems,52.3,0,3,20,5,28,30,-6,9,15,48,76
OC,Owens Corning,152.32,42,11,-25,58,86,-14,4,-29,29,-10,76
LAMR,Lamar Advertising,120.72,2,0,0,64,66,-7,-13,9,21,10,76
HR,Healthcare Realty Trust,16.48,-13,37,3,-9,18,3,43,3,9,58,76
INTC,Intel,25.32,49,5,0,-20,34,49,4,1,-12,42,76
VICI,Vici Properties,32.47,-58,0,59,15,16,-20,-2,24,57,59,75
ROST,Ross Stores,147.88,0,12,1,35,48,-20,21,-5,29,25,73
EL,Estée Lauder Companies (The),89.98,-9,59,0,-26,24,3,72,9,-35,49,73
ATI,ATI Inc.,72.03,-21,0,17,43,39,-22,-8,11,52,33,72
APD,Air Products,290.22,25,40,0,16,81,-13,-9,3,10,-9,72
XOM,ExxonMobil,107.43,1,-12,-3,44,30,5,-23,10,50,42,72
ZION,Zions Bancorporation,53.15,2,51,0,4,57,4,-12,8,15,15,72
RNR,RenaissanceRe,243.77,7,0,-9,35,33,5,-3,9,28,39,72
SEB,Seaboard Corporation,3551.0,2,43,6,-23,28,8,55,9,-29,43,71
NEE,NextEra Energy,76.51,23,11,3,1,38,20,-11,11,13,33,71
ES,Eversource Energy,65.71,0,72,16,-10,78,-19,-2,11,2,-8,70
EQT,EQT Corporation,50.55,-14,-13,42,42,57,-9,-30,42,10,13,70
MTSI,MACOM Technology Solutions,120.96,-7,-1,0,58,50,-6,-13,9,29,19,69
BURL,Burlington Stores,277.9,-4,32,2,3,33,-16,31,4,17,36,69
ROIV,Roivant Sciences,11.75,37,6,2,0,45,-9,22,11,-1,23,68
KEX,Kirby Corporation,98.5,0,-14,-4,35,17,5,-7,11,42,51,68
APTV,Aptiv,76.12,42,6,2,-24,26,65,2,11,-36,42,68
UI,Ubiquiti,388.82,-28,0,53,10,35,-21,33,11,10,33,68
HHH,Howard Hughes Holdings,74.36,63,9,0,0,72,6,4,-29,14,-5,67
MSTR,MicroStrategy,336.17,-28,-4,100,19,87,-37,-14,11,20,-20,67
MRVL,Marvell Technology,71.96,-20,0,-22,106,64,-16,-1,1,18,2,66
SAIC,SAIC,116.87,0,29,-38,67,58,2,4,3,-1,8,66
DIS,Walt Disney Company (The),116.29,14,0,16,-1,29,37,-14,11,3,37,66
NCLH,Norwegian Cruise Line Holdings,24.44,0,40,0,0,40,5,-4,4,20,25,65
UGI,UGI Corporation,34.51,-14,0,43,4,33,-15,-9,50,5,31,64
TTEK,Tetra Tech,35.93,-28,0,-30,119,61,2,-5,7,-1,3,64
MPC,Marathon Petroleum,164.39,2,0,0,49,51,24,-14,11,-8,13,64
PSN,Parsons Corporation,78.66,0,54,-28,0,26,-19,53,4,-1,37,63
BXP,"BXP, Inc.",66.87,22,0,-4,0,18,30,-9,11,13,45,63
DOX,Amdocs,87.48,0,-7,3,58,54,-9,1,11,5,8,62
ELF,e.l.f. Beauty,119.86,41,2,0,31,74,8,-24,9,-5,-12,62
EOG,EOG Resources,117.43,0,0,-6,45,39,-8,-24,4,51,23,62
LYFT,Lyft,15.57,35,3,2,-1,39,35,-21,11,-2,23,62
USB,U.S. Bancorp,46.23,42,2,0,4,48,-12,3,8,15,14,62
NKE,"Nike, Inc.",76.9,35,37,0,-21,51,37,2,8,-36,11,62
WEX,WEX Inc.,171.14,0,51,-44,1,8,-12,69,5,-8,54,62
TXRH,Texas Roadhouse,175.84,0,-8,0,64,56,7,-44,11,31,5,61
WTM,White Mountains Insurance Group,1813.53,0,1,-5,59,55,-16,-13,-21,56,6,61
DXCM,Dexcom,80.9,21,0,-1,-14,6,58,-6,11,-9,54,60
AVT,Avnet,53.53,0,0,2,45,47,3,1,11,-2,13,60
VKTX,Viking Therapeutics,24.34,-7,-1,-41,21,-28,56,31,6,-6,87,59
COHR,Coherent Corp.,87.77,-28,0,0,15,-13,-26,75,8,15,72,59
MDU,MDU Resources,16.39,-22,-3,0,58,33,-17,-1,11,30,23,56
TKR,Timken Company,76.89,0,54,0,4,58,2,-7,8,-5,-2,56
CGNX,Cognex Corporation,43.41,41,51,2,-31,63,-12,37,7,-40,-8,55
ED,Consolidated Edison,101.1,-35,0,29,47,41,-47,21,-5,45,14,55
RDDT,Reddit,228.16,0,44,0,0,44,-5,13,3,0,11,55
TSLA,"Tesla, Inc.",329.32,0,8,0,10,18,7,14,5,10,36,54
EA,Electronic Arts,170.67,0,15,5,7,27,-18,7,17,21,27,54
IRM,Iron Mountain,91.59,-6,-10,-4,57,37,-20,-31,11,56,16,53
HSY,Hershey Company (The),180.8,0,35,5,0,40,7,20,5,-19,13,53
FRT,Federal Realty Investment Trust,96.7,34,1,-24,1,12,37,1,2,-1,39,51
AXTA,Axalta,31.07,42,0,-17,22,47,5,3,-30,26,4,51
EWBC,East West Bancorp,101.22,0,0,10,22,32,2,-12,10,19,19,51
GPK,Graphic Packaging,22.75,2,0,-20,58,40,-20,-7,-33,71,11,51
ADSK,Autodesk,289.23,0,-6,0,14,8,22,-9,11,19,43,51
NU,Nubank,13.13,21,0,2,0,23,13,-15,11,19,28,51
DVN,Devon Energy,33.58,42,6,-51,-5,-8,68,2,10,-22,58,50
BEN,Franklin Templeton Investments,24.81,-6,72,9,1,76,-19,4,11,-22,-26,50
CSCO,Cisco,66.76,-22,0,49,14,41,-31,4,11,25,9,50
PSX,Phillips 66,122.13,23,0,0,41,64,-2,-18,10,-5,-15,49
CBSH,Commerce Bancshares,61.92,38,-11,0,11,38,4,-17,11,13,11,49
REG,Regency Centers,71.78,0,1,6,53,60,-57,15,11,19,-12,48
MU,Micron Technology,122.09,0,8,3,22,33,5,4,11,-5,15,48
RKT,Rocket Companies,18.43,0,25,5,0,30,-15,22,10,1,18,48
PCOR,Procore,65.34,14,-8,-4,0,2,33,-7,1,19,46,48
PNFP,Pinnacle Financial Partners,93.15,49,-18,-5,15,41,5,-18,2,18,7,48
CUZ,Cousins Properties,27.94,40,-4,0,11,47,3,-26,11,13,1,48
LBTYK,Liberty Global (Series C),11.36,91,13,-41,-30,33,38,50,-38,-36,14,47
EXLS,EXL Service,43.17,14,-28,0,65,51,6,-6,-17,13,-4,47
APO,Apollo Global Management,137.13,-35,-1,-2,97,59,-32,-13,7,26,-12,47
ESS,Essex Property Trust,262.36,18,-14,0,14,18,30,-11,-4,14,29,47
DBX,Dropbox,28.31,36,0,0,9,45,4,-13,1,8,0,45
PFE,Pfizer,25.32,56,11,-34,-23,10,51,3,8,-28,34,44
DVA,DaVita,136.66,7,-10,-4,20,13,44,-11,-21,19,31,44
FOUR,Shift4,90.27,0,-11,-1,0,-12,42,-11,1,24,56,44
SLGN,Silgan Holdings,45.61,-6,-15,-4,80,55,-20,-15,11,13,-11,44
HRB,H&R Block,51.22,0,-50,-2,52,0,14,-16,-7,52,43,43
REXR,Rexford Industrial,39.47,39,54,-47,-18,28,35,5,7,-32,15,43
MSCI,MSCI,568.26,7,0,0,14,21,-11,5,8,20,22,43
FBIN,Fortune Brands Innovations,59.92,42,21,-27,0,36,6,35,-33,-2,6,42
ZS,Zscaler,274.78,0,0,18,5,23,12,-22,11,18,19,42
TROW,T. Rowe Price,106.25,-5,54,-24,-25,0,-16,38,7,13,42,42
PEN,"Penumbra, Inc.",253.2,38,0,0,11,49,-11,7,-7,3,-8,41
MCHP,Microchip Technology,64.65,22,0,0,0,22,34,-19,11,-7,19,41
SWKS,Skyworks Solutions,74.93,55,0,-44,-30,-19,56,1,8,-5,60,41
MSGS,Madison Square Garden Sports,196.67,3,-6,-5,21,13,13,-16,4,27,28,41
CHDN,Churchill Downs Incorporated,103.76,7,38,-32,0,13,36,-10,3,-1,28,41
LAD,Lithia Motors,307.94,40,-16,-6,14,32,3,-17,2,21,9,41
SCCO,Southern Copper,94.25,-6,-1,-2,62,53,-26,4,11,-2,-13,40
GEN,Gen Digital,31.49,0,8,16,16,40,-16,-11,11,16,0,40
QSR,Restaurant Brands International,66.57,0,-9,0,40,31,16,-10,11,-8,9,40
WTRG,Essential Utilities,39.18,7,7,7,0,21,-5,21,-2,5,19,40
GMED,Globus Medical,61.2,59,0,-16,0,43,2,4,-21,12,-3,40
INGR,Ingredion,125.99,-1,-13,-4,34,16,-20,-24,11,56,23,39
JAZZ,Jazz Pharmaceuticals,119.21,40,9,0,-6,43,51,1,-17,-39,-4,39
EW,Edwards Lifesciences,78.95,11,18,5,-14,20,29,-6,31,-35,19,39
BAH,Booz Allen Hamilton,109.68,0,0,-31,101,70,12,-9,-33,-1,-31,39
UNM,Unum,69.1,-18,-15,0,40,7,-18,-15,11,54,32,39
SMCI,Supermicro,43.25,-7,0,-1,58,50,-4,-5,6,-9,-12,38
HOG,Harley-Davidson,28.0,35,6,-44,-9,-12,52,3,6,-11,50,38
IR,Ingersoll Rand,79.85,14,-4,-22,23,11,5,-15,8,29,27,38
TW,Tradeweb,128.02,-77,-10,110,0,23,-14,-6,11,23,14,37
AES,AES Corporation,13.31,18,30,0,-11,37,18,-1,7,-24,0,37
RRX,Regal Rexnord,148.49,34,1,-4,3,34,3,-7,8,-1,3,37
ISRG,Intuitive Surgical,479.13,20,-15,-4,22,23,14,-23,-3,26,14,37
BFAM,Bright Horizons,122.36,3,0,4,1,8,1,-3,16,15,29,37
DAY,Dayforce,65.49,14,2,0,-12,4,34,-8,1,5,32,36
PB,Prosperity Bancshares,67.39,42,-16,-5,14,35,3,-19,3,14,1,36
PSA,Public Storage,287.38,7,-14,-12,1,-18,29,1,11,13,54,36
FI,Fiserv,139.09,20,-28,-15,35,12,34,-22,-16,27,23,35
CERT,"Certara, Inc.",11.01,63,-8,-16,0,39,32,4,-8,-32,-4,35
QRVO,Qorvo,89.53,2,69,0,-31,40,-14,4,9,-5,-6,34
OMC,Omnicom Group,77.73,41,6,-28,1,20,47,1,-33,-1,14,34
FAF,First American Financial Corporation,64.89,1,18,3,14,36,-15,15,-20,18,-2,34
APLS,Apellis Pharmaceuticals,26.66,98,16,-71,-16,27,-5,27,2,-18,6,33
ATR,AptarGroup,139.59,1,-13,-4,20,4,3,-10,11,25,29,33
TXT,Textron,79.69,0,0,0,53,53,-16,-10,11,-5,-20,33
EIX,Edison International,56.38,49,13,-33,0,29,7,27,-30,-1,3,32
SNDR,Schneider National,24.99,34,0,-6,1,29,5,-15,3,10,3,32
GL,Globe Life,136.8,-35,21,46,14,46,-47,20,5,8,-14,32
CARR,Carrier Global,67.0,13,-12,-4,0,-3,5,-8,11,26,34,31
GLIBA,GCI Liberty (Series A),36.21,14,0,0,0,14,14,3,0,0,17,31
EFX,Equifax,249.99,35,-13,-5,16,33,-10,-21,11,18,-2,31
VNOM,Viper Energy,37.31,-6,-3,-10,44,25,-16,4,-29,47,6,31
FCX,Freeport-McMoRan,41.45,0,-1,0,58,57,-14,-17,11,-6,-26,31
DPZ,Domino's,451.02,4,-11,0,10,3,-8,-11,28,18,27,30
GLIBK,GCI Liberty (Series C),35.94,15,0,0,0,15,12,3,0,0,15,30
AMT,American Tower,206.76,0,-11,17,0,6,1,-10,21,11,23,29
CFR,Frost Bank,125.44,14,-3,0,4,15,7,-13,9,10,13,28
WAL,Western Alliance Bancorporation,82.03,0,6,0,4,10,-12,4,8,18,18,28
DT,Dynatrace,49.13,0,-9,-3,0,-12,34,-22,8,20,40,28
WH,Wyndham Hotels & Resorts,87.98,0,30,-4,11,37,2,-8,-18,15,-9,28
CPAY,Corpay,320.56,24,-13,-4,21,28,-10,-10,-6,25,-1,27
CTSH,Cognizant,70.87,12,-15,-4,14,7,29,-23,-4,18,20,27
BIO,Bio-Rad Laboratories,287.03,37,35,-28,-28,16,5,40,2,-37,10,26
EQR,Equity Residential,64.43,7,-14,-4,13,2,30,-15,-4,13,24,26
ASTS,AST SpaceMobile,44.9,-16,53,12,0,49,-33,-9,11,8,-23,26
MGM,MGM Resorts International,36.69,25,6,-4,0,27,7,-8,8,-9,-2,25
KRMN,Karman Holdings,49.88,35,6,0,0,41,-7,-12,3,0,-16,25
BC,Brunswick Corporation,64.24,42,53,-39,-7,49,-9,-11,5,-9,-24,25
BSY,Bentley Systems,53.42,0,0,10,0,10,16,-7,11,-6,14,24
LUV,Southwest Airlines,31.62,33,-3,1,-39,-8,34,-15,8,4,31,23
ABNB,Airbnb,126.01,13,-9,-4,0,0,34,-8,1,-5,22,22
HLNE,Hamilton Lane,150.9,-6,0,-1,25,18,-17,4,-4,21,4,22
FHB,"First Hawaiian, Inc.",24.58,0,0,0,14,14,1,-15,8,14,8,22
HPQ,HP Inc.,27.01,61,6,-26,0,41,7,4,-30,-1,-20,21
NCNO,nCino,27.84,20,0,-27,0,-7,35,-12,6,-1,28,21
ALSN,Allison Transmission,87.8,0,-28,-6,35,1,5,2,-22,34,19,20
DDOG,Datadog,129.01,0,0,-3,0,-3,12,-12,8,15,23,20
G,Genpact,44.8,27,1,0,3,31,7,-12,-16,10,-11,20
GTM,ZoomInfo,10.31,23,5,-4,0,24,33,-7,7,-37,-4,20
HOLX,Hologic,67.83,-3,57,-36,0,18,-12,17,4,-7,2,20
VIRT,Virtu Financial,41.18,-72,-1,77,14,18,-79,-5,72,14,2,20
HIW,Highwoods Properties,29.48,27,0,1,6,34,-14,-24,11,13,-14,20
QCOM,Qualcomm,156.25,35,0,-26,22,31,-1,-14,9,-5,-11,20
TTC,Toro Company (The),78.02,42,25,-36,-6,25,7,5,2,-20,-6,19
CRM,Salesforce,246.0,13,-14,-14,22,7,26,-13,-22,21,12,19
SJM,J.M. Smucker Company (The),111.93,2,21,3,-4,22,5,26,-11,-23,-3,19
CPT,Camden Property Trust,108.31,7,-14,0,0,-7,30,-11,-4,11,26,19
NVST,Envista,20.74,0,54,5,0,59,-20,5,7,-32,-40,19
ARW,Arrow Electronics,125.28,41,0,2,4,47,-16,-15,11,-8,-28,19
WDAY,"Workday, Inc.",229.81,20,-17,-11,14,6,33,-13,-5,-2,13,19
MTB,M&T Bank,190.41,0,0,0,22,22,-13,-15,9,14,-5,17
KEYS,Keysight,163.66,-6,2,0,0,-4,2,4,9,5,20,16
OTIS,Otis Worldwide,88.56,41,-20,-5,0,16,6,-17,-15,26,0,16
SNDK,SanDisk,44.72,0,2,0,0,2,7,4,3,0,14,16
ESAB,ESAB,113.45,0,-10,0,0,-10,2,-5,11,17,25,15
CCI,Crown Castle,102.42,0,1,8,-28,-19,15,-7,21,5,34,15
MHK,Mohawk Industries,127.79,0,31,-27,-11,-7,-15,35,3,-1,22,15
CART,Maplebear Inc.,46.49,-35,0,1,0,-34,9,32,8,0,49,15
SMMT,Summit Therapeutics,25.38,-8,3,10,14,19,-12,-2,-9,19,-4,15
UDR,"UDR, Inc.",38.88,7,-14,-4,0,-11,29,-11,-6,13,25,14
CCCS,CCC Intelligent Solutions,9.8,13,6,-29,0,-10,31,-4,3,-6,24,14
KD,Kyndryl,30.07,-2,-11,-3,0,-16,23,-22,9,20,30,14
AAL,American Airlines Group,13.22,56,37,-22,-76,-5,75,4,-22,-39,18,13
BBY,Best Buy,74.15,66,6,-25,-6,41,7,3,-36,-2,-28,13
ETSY,Etsy,63.48,0,59,2,-30,31,-15,23,11,-37,-18,13
BROS,Dutch Bros. Coffee,63.85,-3,-4,0,0,-7,3,4,1,11,19,12
IPG,Interpublic Group of Companies (The),26.57,42,21,-44,0,19,49,1,-41,-17,-8,11
SNOW,Snowflake Inc.,192.58,-6,0,16,0,10,-6,-5,11,1,1,11
VNO,Vornado Realty Trust,37.13,-1,-8,0,4,-5,3,-11,9,15,16,11
GAP,Gap Inc.,20.71,2,-28,-6,18,-14,7,1,-4,19,23,9
MAA,Mid-America Apartment Communities,142.38,7,-15,0,0,-8,26,-11,-9,11,17,9
SEE,Sealed Air,31.32,42,0,-25,-24,-7,37,2,9,-32,16,9
KMB,Kimberly-Clark,132.88,-14,0,3,18,7,-17,5,-12,26,2,9
WST,West Pharmaceutical Services,246.85,30,21,-28,-7,16,7,-9,2,-8,-8,8
ALLY,Ally Financial,38.27,0,0,3,4,7,-9,-15,9,16,1,8
KMI,Kinder Morgan,26.39,-70,-10,0,44,-36,-14,-3,9,52,44,8
OKE,Oneok,73.47,-18,-13,-14,54,9,-14,-13,-26,51,-2,7
PVH,PVH Corp.,76.18,36,5,-33,-3,5,34,4,-29,-7,2,7
CFLT,"Confluent, Inc.",17.37,21,-14,-4,0,3,33,-8,-19,-2,4,7
A,Agilent Technologies,120.12,41,0,-24,0,17,-9,1,2,-5,-11,6
YETI,Yeti Holdings,34.55,21,36,-36,-6,15,5,-9,5,-10,-9,6
IP,International Paper,47.33,0,-3,0,16,13,-20,-7,4,16,-7,6
EXR,Extra Space Storage,139.43,7,-14,-4,0,-11,7,-14,11,13,17,6
FDX,FedEx,233.14,9,1,-27,32,15,5,-13,3,-4,-9,6
PLD,Prologis,110.72,7,1,-24,0,-16,31,-16,11,-5,21,5
AGO,Assured Guaranty,81.65,-54,-9,-3,56,-10,-18,-1,11,22,14,4
UWMC,United Wholesale Mortgage,5.6,63,9,-30,0,42,4,5,-43,-4,-38,4
PK,Park Hotels & Resorts,11.15,36,6,-27,-7,8,7,-11,4,-5,-5,3
JHX,James Hardie Industries,28.4,0,37,-28,3,12,-12,4,2,-3,-9,3
AVB,AvalonBay Communities,191.42,22,-14,-4,16,20,7,-32,-8,15,-18,2
CCK,Crown Holdings,100.21,-6,-1,18,5,16,-20,-17,11,12,-14,2
AMKR,Amkor Technology,23.7,0,54,-41,2,15,-16,3,5,-5,-13,2
SAIL,SailPoint,19.66,0,-9,0,0,-9,34,-26,3,0,11,2
AS,Amer Sports,35.75,-8,0,5,0,-3,-5,-1,11,0,5,2
PR,Permian Resources,13.06,-6,-1,-9,26,10,-8,-9,11,-2,-8,2
TRU,TransUnion,88.16,-1,0,-2,3,0,-15,-6,9,14,2,2
SUI,Sun Communities,126.96,2,1,4,-24,-17,-9,6,11,11,19,2
PII,Polaris Inc.,56.62,0,38,0,-17,21,-14,5,6,-17,-20,1
BG,Bunge Global,79.88,-10,0,0,0,-10,-10,14,11,-5,10,0
DOCU,DocuSign,70.83,0,-16,-4,-12,-32,33,-10,-3,11,31,-1
BIRK,Birkenstock,50.15,17,-13,-11,0,-7,14,-6,-2,0,6,-1
TWLO,Twilio,103.38,0,-8,0,-34,-42,31,-8,7,11,41,-1
GTLB,GitLab,44.31,20,-1,-22,0,-3,30,-7,-21,-1,1,-2
AUR,Aurora Innovation,5.97,-7,0,-2,0,-9,-14,24,-19,15,6,-3
M,"Macy's, Inc.",13.04,35,35,-32,-15,23,12,-7,-26,-6,-27,-4
KVUE,Kenvue,21.5,0,0,1,0,1,3,-7,-4,3,-5,-4
PCTY,Paylocity,178.07,0,-8,0,-3,-11,22,-1,-20,5,6,-5
DNB,Dun & Bradstreet,9.1,1,48,-27,0,22,18,-9,1,-37,-27,-5
FCN,FTI Consulting,169.04,16,25,-38,0,3,6,-10,1,-5,-8,-5
HST,Host Hotels & Resorts,16.13,27,1,-33,2,-3,5,-11,9,-6,-3,-6
DLB,Dolby Laboratories,73.8,22,-13,-4,0,5,13,-11,-21,8,-11,-6
ST,Sensata Technologies,32.19,36,6,0,-15,27,3,-11,9,-35,-34,-7
SBAC,SBA Communications,220.36,0,-11,17,-20,-14,-5,-11,18,5,7,-7
FANG,Diamondback Energy,138.98,-1,-9,-30,47,7,-9,-5,5,-5,-14,-7
HXL,Hexcel,61.16,-5,41,-30,1,7,-16,6,5,-9,-14,-7
PINS,Pinterest,35.22,-1,0,0,0,-1,-4,-5,7,-5,-7,-8
SON,Sonoco,46.4,34,12,-45,0,1,7,-10,8,-14,-9,-8
COIN,Coinbase,302.02,-7,0,10,0,3,-26,-13,10,18,-11,-8
EQIX,Equinix,773.55,-10,-33,-9,34,-18,-5,-2,-9,26,10,-8
PYPL,PayPal,69.05,0,-4,-4,-39,-47,34,-8,4,9,39,-8
PPG,PPG Industries,112.84,35,0,-47,-8,-20,7,1,11,-8,11,-9
WFRD,Weatherford International,56.31,2,40,-45,0,-3,5,-7,1,-5,-6,-9
TRGP,Targa Resources,160.77,-18,-4,0,51,29,-47,-25,-21,54,-39,-10
CUBE,CubeSmart,39.93,7,-11,-24,1,-27,31,-24,11,-2,16,-11
GPN,Global Payments,86.62,35,21,-28,-39,-11,-2,37,-25,-10,0,-11
RIVN,Rivian,12.24,13,-16,-4,0,-7,30,-10,-4,-21,-5,-12
NNN,NNN Reit,41.63,0,0,1,22,23,-43,-17,11,14,-35,-12
PAYC,Paycom,228.06,0,-13,20,-24,-17,14,17,11,-37,5,-12
LSCC,Lattice Semiconductor,61.56,0,11,0,0,11,-16,4,3,-15,-24,-13
CPB,Campbell Soup Company,32.69,19,0,-33,-6,-20,32,20,-40,-5,7,-13
TYL,Tyler Technologies,570.26,-43,0,0,17,-26,-13,6,2,18,13,-13
EEFT,Euronet Worldwide,95.15,19,-15,-4,-3,-3,-9,-15,-1,13,-12,-15
MDB,MongoDB Inc.,218.37,0,3,-27,-9,-33,29,-5,3,-9,18,-15
MORN,"Morningstar, Inc.",260.18,0,-14,-21,28,-7,4,-27,-3,18,-8,-15
RYN,Rayonier,26.67,2,11,0,0,13,-13,27,-33,-9,-28,-15
MOS,Mosaic Company (The),32.24,0,-6,17,-16,-5,26,-22,16,-30,-10,-15
PATH,UiPath,10.98,14,-16,-12,0,-14,32,-20,-4,-10,-2,-16
CNH,CNH Industrial,12.23,-28,-4,20,0,-12,3,-20,11,2,-4,-16
KBR,"KBR, Inc.",49.87,14,0,-31,0,-17,5,5,-9,-1,0,-17
TREX,"Trex Company, Inc.",64.01,27,30,-55,-13,-11,3,-6,3,-6,-6,-17
SBUX,Starbucks,90.94,-5,0,-2,1,-6,3,-6,-16,7,-12,-18
JBHT,J. B. Hunt,147.13,33,0,-32,0,1,5,-15,1,-10,-19,-18
SW,Smurfit Westrock,43.17,-21,0,-4,16,-9,-20,-8,1,17,-10,-19
ESTC,Elastic NV,77.63,14,-13,-14,-6,-19,32,-9,-19,-4,0,-19
ZM,Zoom Communications,72.2,19,-16,-4,0,-1,33,-52,-3,4,-18,-19
RH,RH,231.67,0,24,-25,-7,-8,-16,20,-24,9,-11,-19
OWL,Blue Owl Capital,18.85,-16,0,-5,0,-21,-26,4,3,21,2,-19
RVMD,Revolution Medicines,36.56,14,-13,-15,0,-14,-3,-39,11,26,-5,-19
SWK,Stanley Black & Decker,76.21,42,35,-30,-39,8,7,4,-36,-2,-27,-19
POOL,Pool Corporation,324.84,35,21,-24,-6,26,-12,5,-30,-9,-46,-20
REGN,Regeneron Pharmaceuticals,571.6,28,6,-42,0,-8,32,3,-43,-4,-12,-20
MRK,Merck & Co.,84.97,35,13,-48,0,0,35,3,-52,-6,-20,-20
PENN,Penn Entertainment,18.52,30,5,0,-34,1,35,-13,1,-44,-21,-20
VAC,Marriott Vacations Worldwide,75.32,22,0,-4,-17,1,5,-11,8,-25,-23,-22
VFC,VF Corporation,13.11,25,0,-21,-43,-39,37,-6,-21,7,17,-22
INGM,Ingram Micro,19.39,0,-3,0,0,-3,-17,-11,8,0,-20,-23
QS,QuantumScape,7.91,-14,43,7,0,36,-23,-10,9,-36,-60,-24
CLVT,Clarivate,4.41,35,2,-78,-6,-47,67,-6,4,-42,23,-24
CLF,Cleveland-Cliffs,10.43,34,34,-64,-16,-12,-2,-7,4,-8,-13,-25
UHAL,U-Haul,59.05,22,-16,-16,0,-10,5,-11,-29,20,-15,-25
ZBRA,Zebra Technologies,311.99,-10,0,-3,-7,-20,-19,-5,5,13,-6,-26
NDSN,Nordson,217.34,0,0,-37,0,-37,3,3,11,-7,10,-27
WAT,Waters Corporation,297.94,34,-27,-6,0,1,5,-26,-21,14,-28,-27
RVTY,Revvity,91.42,27,-15,-21,-24,-33,47,-20,-26,3,4,-29
LW,Lamb Weston,55.12,19,5,-73,-8,-57,43,-5,4,-14,28,-29
CMCSA,Comcast,33.9,25,-16,-36,-9,-36,36,-18,-3,-8,7,-29
TTD,Trade Desk (The),52.54,-56,-8,-28,-1,-93,13,29,2,20,64,-29
ACI,Albertsons,19.43,7,-26,0,0,-19,23,-22,-4,-9,-12,-31
PCG,PG&E Corporation,15.61,7,1,-31,1,-22,5,16,-30,-1,-10,-32
CF,CF Industries,83.98,-1,-9,0,4,-6,-10,-35,11,8,-26,-32
CNXC,Concentrix,48.87,13,-13,-4,0,-4,7,-11,9,-33,-28,-32
QXO,"QXO, Inc.",20.3,1,0,0,-14,-13,-2,-25,14,-6,-19,-32
IPGP,IPG Photonics,77.02,-6,68,2,-44,20,-14,-2,7,-44,-53,-33
IOT,Samsara,33.1,0,-35,-11,0,-46,19,-8,-18,20,13,-33
EGP,EastGroup Properties,166.72,7,0,-6,8,9,-14,-34,11,-5,-42,-33
TOST,"Toast, Inc.",42.0,-71,0,78,0,7,-68,-2,11,17,-42,-35
MIDD,Middleby,132.59,7,-10,-4,0,-7,-11,-13,-17,13,-28,-35
MTN,Vail Resorts,155.43,33,0,-34,-23,-24,37,-19,7,-36,-11,-35
ILMN,"Illumina, Inc.",101.63,22,49,-29,-40,2,7,-8,3,-40,-38,-36
LBRDA,Liberty Broadband (Series A),61.0,20,-18,-4,-36,-38,16,-18,-4,8,2,-36
LBRDK,Liberty Broadband (Series C),61.39,20,-18,-4,-36,-38,16,-18,-4,8,2,-36
HSIC,Schein (Henry),68.31,7,-4,-6,0,-3,-12,-20,-4,3,-33,-36
OVV,Ovintiv,38.52,-17,0,-6,0,-23,-9,-7,8,-6,-14,-37
COO,Cooper Companies (The),74.06,42,0,-28,-5,9,5,-15,-33,-3,-46,-37
SMG,Scotts Miracle-Gro Company,62.14,27,0,-23,-39,-35,7,-15,7,-1,-2,-37
TGT,Target Corporation,105.39,2,35,-32,-11,-6,10,4,-40,-6,-32,-38
WBD,Warner Bros. Discovery,11.55,-6,49,13,-42,14,-9,-8,9,-45,-53,-39
WY,Weyerhaeuser,26.35,35,1,-24,0,12,-12,4,-36,-8,-52,-40
KNX,Knight-Swift,43.44,34,0,-26,-2,6,-16,-18,1,-13,-46,-40
DOC,Healthpeak Properties,17.24,22,-10,-18,-31,-37,31,-11,-33,9,-4,-41
KMPR,Kemper Corporation,53.89,7,-10,-7,0,-10,-12,-29,-4,14,-31,-41
DG,Dollar General,112.77,-6,0,0,-17,-23,-20,5,23,-26,-18,-41
CRL,Charles River Laboratories,158.42,7,6,-55,-26,-68,36,-9,7,-8,26,-42
DUOL,Duolingo,340.72,0,-35,0,0,-35,20,-49,-2,23,-8,-43
CTRA,Coterra,23.09,-15,-25,-6,44,-2,-9,-32,-13,13,-41,-43
RBRK,Rubrik,83.96,-56,-1,0,0,-57,-26,-5,45,0,14,-43
KMX,CarMax,59.38,35,-26,-20,-36,-47,41,-24,-24,11,4,-43
REYN,Reynolds Consumer Products,23.13,7,10,-29,0,-12,-16,29,-41,-3,-31,-43
ACN,Accenture,255.87,13,-30,-24,-1,-42,28,-28,-20,19,-1,-43
XP,XP Inc.,15.99,-7,-5,0,0,-12,-7,-34,17,-8,-32,-44
ELV,Elevance Health,311.91,56,-34,-45,-2,-25,21,-26,-11,-3,-19,-44
UNH,UnitedHealth Group,304.18,42,-85,-19,-4,-66,52,3,-32,-1,22,-44
RRC,Range Resources,32.78,-91,-20,-2,42,-71,-8,-31,11,55,27,-44
MKSI,MKS Instruments,100.66,0,9,-28,-13,-32,-16,1,7,-5,-13,-45
CHH,Choice Hotels,121.51,-2,-10,-4,0,-16,-14,-11,-18,14,-29,-45
ODFL,Old Dominion Freight Line,154.81,31,-15,-27,1,-10,7,-9,-32,-1,-35,-45
ALGM,Allegro MicroSystems,30.6,-15,0,12,0,-3,-20,-15,9,-16,-42,-45
HUBS,HubSpot,443.17,0,-48,-11,-1,-60,23,-8,-19,19,15,-45
S,SentinelOne,16.95,0,-11,-26,0,-37,34,-13,-29,-1,-9,-46
NTNX,Nutanix,67.86,-62,-7,32,22,-15,-54,-13,11,24,-32,-47
TSN,Tyson Foods,56.69,0,0,-2,-28,-30,-20,4,-12,11,-17,-47
CL,Colgate-Palmolive,85.84,1,-30,-7,23,-13,-23,-23,-15,26,-35,-48
FND,Floor & Decor,84.9,7,35,-36,-6,0,-16,4,-30,-6,-48,-48
VSTS,Vestis,4.73,0,-13,-23,0,-36,23,-8,-28,0,-13,-49
TEAM,Atlassian,166.2,0,-29,-7,-6,-42,22,-21,-19,11,-7,-49
BBWI,"Bath & Body Works, Inc.",29.83,14,0,-26,-15,-27,14,-13,-17,-6,-22,-49
OKTA,"Okta, Inc.",91.14,0,-50,0,-24,-74,30,-9,-4,6,23,-51
COP,ConocoPhillips,93.72,-5,21,-46,0,-30,-9,-7,3,-8,-21,-51
NOV,NOV Inc.,12.39,14,-13,-56,-12,-67,37,-8,2,-15,16,-51
MOH,Molina Healthcare,173.83,35,-61,-14,-2,-42,34,-26,-10,-8,-10,-52
SPB,Spectrum Brands,56.21,0,0,-29,-4,-33,-16,1,-28,24,-19,-52
CHTR,Charter Communications,267.11,20,-18,-5,-36,-39,16,-23,-5,-1,-13,-52
BALL,Ball Corporation,53.15,-10,-3,-4,-11,-28,-20,-11,11,-5,-25,-53
ENTG,Entegris,80.42,26,0,-45,-6,-25,34,-7,-50,-5,-28,-53
CACC,Credit Acceptance,476.64,0,-13,-4,0,-17,-16,-24,8,-5,-37,-54
SOLV,Solventum,72.26,-21,0,0,0,-21,-19,-23,7,0,-35,-56
WHR,Whirlpool Corporation,89.57,35,-14,-6,-26,-11,7,-20,4,-36,-45,-56
ONON,On Holding AG,45.03,-28,-14,-3,0,-45,2,-45,11,20,-12,-57
MASI,Masimo,146.79,-6,-10,0,-6,-22,-5,-25,-16,10,-36,-58
TRIP,Tripadvisor,16.96,-14,34,0,-52,-32,-19,29,8,-44,-26,-58
RARE,Ultragenyx,29.12,37,-29,-28,-38,-58,36,2,-36,-3,-1,-59
GEHC,GE HealthCare,73.94,0,0,-21,0,-21,-19,-8,-19,8,-38,-59
INVH,Invitation Homes,30.53,7,-19,-9,0,-21,-9,-39,-4,14,-38,-59
MAT,Mattel,17.66,0,-2,-5,0,-7,-11,-19,8,-31,-53,-60
DV,DoubleVerify,15.66,0,6,-71,0,-65,35,-1,-19,-10,5,-60
EXAS,Exact Sciences,45.67,26,-20,-29,-25,-48,34,-27,-3,-16,-12,-60
CDW,CDW,167.53,7,-11,-43,0,-47,6,-14,3,-8,-13,-60
EMN,Eastman Chemical Company,66.73,26,-17,-22,-1,-14,7,-15,-36,-2,-46,-60
RAL,Ralliant,42.79,-22,0,0,0,-22,-24,-14,0,0,-38,-60
CIVI,Civitas Resources,33.69,48,7,-56,-6,-7,7,5,-56,-9,-53,-60
CRWD,CrowdStrike,418.45,-112,-9,46,0,-75,7,-23,11,20,15,-60
CHRD,Chord Energy,102.04,0,6,-51,0,-45,-8,-7,5,-6,-16,-61
CE,Celanese,45.25,7,-8,-44,-10,-55,17,-15,1,-9,-6,-61
FMC,FMC Corporation,38.6,20,-13,-41,-24,-58,34,-16,3,-26,-5,-63
TECH,Bio-Techne,54.9,35,6,-28,-24,-11,-10,-8,-28,-6,-52,-63
TPL,Texas Pacific Land Corporation,901.87,0,-56,-10,58,-8,-8,-56,-6,13,-57,-65
ON,ON Semiconductor,49.77,0,0,-38,-1,-39,-6,-12,7,-15,-26,-65
TXG,10x Genomics,13.4,2,50,-77,0,-25,3,-7,5,-42,-41,-66
ONTO,Onto Innovation,107.64,0,0,-27,0,-27,-16,1,-22,-4,-41,-68
ASH,Ashland Global,54.12,42,12,-42,-9,3,-10,3,-54,-10,-71,-68
AKAM,Akamai Technologies,76.46,22,-14,-27,-7,-26,8,-13,-27,-10,-42,-68
GDDY,GoDaddy,144.62,0,-29,-4,22,-11,-7,-53,-20,22,-58,-69
LKQ,LKQ Corporation,31.27,35,-46,-7,-2,-20,3,-20,-15,-17,-49,-69
SAIA,Saia,308.05,7,6,-27,4,-10,-16,-9,-29,-5,-59,-69
FIS,Fidelity National Information Services,69.29,-11,-11,-3,-37,-62,-16,-13,10,11,-8,-70
AVY,Avery Dennison,175.21,0,-3,-36,1,-38,-15,-20,8,-5,-32,-70
AMCR,Amcor,8.54,-28,-4,-2,0,-34,-20,-13,-2,-2,-37,-71
OLED,Universal Display Corporation,140.62,0,-1,-38,0,-39,-13,-25,11,-5,-32,-71
NWL,Newell Brands,5.85,24,2,-28,-31,-33,37,-11,-28,-36,-38,-71
RNG,RingCentral,30.09,35,5,-27,-41,-28,-2,2,1,-45,-44,-72
OXY,Occidental Petroleum,43.96,0,0,-56,0,-56,-9,1,7,-16,-17,-73
IT,Gartner,242.84,0,-46,-22,0,-68,7,-49,-20,57,-5,-73
LOAR,Loar Holdings,71.37,10,-32,0,0,-22,11,-59,-4,0,-52,-74
FTV,Fortive,48.16,21,-15,-22,0,-16,6,-41,-18,-5,-58,-74
EXE,Expand Energy,92.94,-60,-22,42,0,-40,-54,-33,42,10,-35,-75
MTDR,Matador Resources,45.99,-14,0,-30,0,-44,-16,-13,4,-6,-31,-75
BILL,Bill.com,41.33,13,-14,-25,0,-26,23,-15,-21,-37,-50,-76
IRDM,Iridium Communications,23.93,-6,-14,-5,-19,-44,-8,-13,8,-19,-32,-76
ZBH,Zimmer Biomet,104.33,63,9,-66,-17,-11,14,4,-65,-18,-65,-76
EG,Everest Group,337.93,13,-26,-37,55,5,5,-44,-38,-5,-82,-77
CROX,Crocs,83.38,0,-9,-43,-1,-53,-2,-13,-5,-5,-25,-78
ACHC,Acadia Healthcare,21.57,39,-26,-49,-11,-47,44,-17,-43,-16,-32,-79
DAR,Darling Ingredients,31.02,0,-14,-7,-20,-41,3,-20,9,-30,-38,-79
WLK,Westlake Corporation,83.51,35,5,-41,0,-1,-9,-11,-53,-6,-79,-80
KHC,Kraft Heinz,27.67,2,5,-43,0,-36,-14,-6,-15,-10,-45,-81
RGEN,Repligen,123.48,35,-3,-17,-17,-2,-3,-19,-21,-37,-80,-82
LYB,LyondellBasell,53.81,21,-13,-45,-5,-42,37,-11,-59,-7,-40,-82
UHAL-B,U-Haul (Series N),53.71,10,-16,-24,0,-30,2,-15,-38,-1,-52,-82
EPAM,EPAM Systems,167.64,14,-15,-27,-27,-55,26,1,-18,-37,-28,-83
AVTR,Avantor,12.98,41,-13,-30,0,-2,-9,-26,-41,-5,-81,-83
IEX,IDEX Corporation,165.9,27,-15,-29,-2,-19,-15,-15,-29,-6,-65,-84
PRMB,Primo Brands,24.82,0,-55,0,22,-33,25,-84,-11,18,-52,-85
JKHY,Jack Henry & Associates,160.5,-10,-14,-4,0,-28,-19,-45,-4,11,-57,-85
SARO,StandardAero,26.49,-33,-5,0,0,-38,-32,-26,11,0,-47,-85
TFX,Teleflex,124.37,42,0,-43,-39,-40,-9,12,-39,-10,-46,-86
DOW,Dow Inc.,23.55,27,-19,-44,-1,-37,37,-19,-59,-8,-49,-86
APA,APA Corporation,20.24,0,9,-86,-12,-89,7,7,6,-19,1,-88
LULU,Lululemon Athletica,197.61,21,-51,-12,-3,-45,34,-45,-21,-12,-44,-89
BIIB,Biogen,138.91,35,5,-85,-27,-72,35,12,-48,-18,-19,-91
MKC,McCormick & Company,69.04,-6,-30,-7,-2,-45,-13,-29,-15,10,-47,-92
RYAN,Ryan Specialty,59.21,0,-39,-4,0,-43,-19,-45,-10,25,-49,-92
AA,Alcoa,29.85,-10,0,-22,-20,-52,-14,3,3,-32,-40,-92
ZTS,Zoetis,155.09,23,-28,-36,-3,-44,1,-43,-3,-5,-50,-94
BHF,Brighthouse Financial,46.13,7,-33,-4,0,-30,-17,-51,-4,8,-64,-94
GME,GameStop,22.82,2,-47,-11,-30,-86,14,-12,-4,-7,-9,-95
IAC,IAC Inc.,35.59,0,-11,-3,-31,-45,-8,-11,7,-38,-50,-95
WEN,Wendy's Company (The),10.59,35,-39,-38,-8,-50,32,-30,-33,-15,-46,-96
HUN,Huntsman Corporation,10.2,34,-19,-46,-15,-46,35,-11,-41,-33,-50,-96
ELS,Equity Lifestyle Properties,60.72,7,-39,-22,0,-54,-12,6,-33,-3,-42,-96
CHE,Chemed Corporation,453.85,38,-62,-12,0,-36,7,-50,-10,-8,-61,-97
UA,Under Armour (Class C),5.01,0,-8,-29,-37,-74,16,-10,7,-37,-24,-98
FRPT,Freshpet,62.34,-6,-46,-25,-6,-83,-12,-3,-21,19,-17,-100
CZR,Caesars Entertainment,25.29,16,-14,-27,-25,-50,36,-15,-36,-37,-52,-102
DJT,Trump Media & Technology Group,17.44,0,-56,-57,0,-113,57,-12,-25,-9,11,-102
LCID,Lucid Motors,2.13,-15,-1,-5,0,-21,-19,-10,-18,-35,-82,-103
OGN,Organon & Co.,9.26,0,-11,-30,0,-41,-5,-11,-43,-4,-63,-104
ARE,Alexandria Real Estate Equities,78.29,19,6,-38,-30,-43,30,-9,-49,-35,-63,-106
ALB,Albemarle Corporation,80.53,0,34,-129,-23,-118,23,7,5,-25,10,-108
CAVA,Cava Group,68.49,-55,-5,-15,0,-75,3,-9,-29,2,-33,-108
MAN,ManpowerGroup,42.2,25,0,-47,-28,-50,37,-13,-47,-36,-59,-109
TDC,Teradata,21.12,25,-9,-80,-17,-81,7,-22,2,-16,-29,-110
ADBE,Adobe Inc.,360.91,21,-30,-37,-6,-52,33,-46,-41,-5,-59,-111
SIRI,Sirius XM,22.93,34,0,-84,-31,-81,-1,-14,1,-17,-31,-112
CLX,Clorox,120.8,-49,-4,-18,-5,-76,-12,-9,-28,13,-36,-112
COLM,Columbia Sportswear,54.44,21,-112,-22,-6,-119,34,-26,-17,13,4,-115
HAL,Halliburton,21.11,0,-1,-64,-5,-70,33,-6,-63,-9,-45,-115
BRKR,Bruker,34.85,13,-14,-61,-8,-70,39,-12,-65,-9,-47,-117
GFS,GlobalFoundries,33.22,0,-11,-83,0,-94,8,-15,1,-17,-23,-117
INSP,Inspire Medical Systems,90.05,0,-66,-24,-6,-96,44,-20,-29,-17,-22,-118
LINE,"Lineage, Inc.",40.02,-56,-9,0,0,-65,-20,-1,-32,0,-53,-118
LSTR,Landstar,132.63,22,-16,-36,0,-30,-16,-24,-43,-7,-90,-120
SLB,Schlumberger,33.34,2,-13,-71,0,-82,12,-19,-22,-10,-39,-121
AZTA,Azenta,30.31,0,0,-54,-31,-85,2,-10,-20,-9,-37,-122
MRNA,Moderna,27.92,19,-10,-56,-4,-51,34,-11,-56,-39,-72,-123
BMRN,BioMarin Pharmaceutical,57.28,-3,0,-51,-20,-74,-12,-2,-16,-22,-52,-126
IFF,International Flavors & Fragrances,65.82,0,-15,-24,-31,-70,-9,-11,-36,-1,-57,-127
STZ,Constellation Brands,165.89,-22,-2,-46,-3,-73,-12,27,-62,-8,-55,-128
ALGN,Align Technology,143.78,21,-14,-68,-25,-86,7,-7,-4,-38,-42,-128
NSA,National Storage Affiliates,31.16,23,-62,-16,-4,-59,32,-63,-37,-1,-69,-128
HRL,Hormel Foods,28.39,-14,-24,-11,-23,-72,-23,-20,11,-30,-62,-134
BF-A,Brown–Forman (Class A),30.72,14,0,-103,-18,-107,12,27,-43,-24,-28,-135
CNC,Centene,29.32,36,-62,-45,-11,-82,48,-60,-14,-28,-54,-136
BRBR,BellRing Brands,40.77,0,-73,-14,0,-87,7,-65,-20,27,-51,-138
OLN,Olin Corporation,21.3,35,0,-61,-9,-35,-2,-15,-63,-23,-103,-138
SAM,Boston Beer Company,223.62,7,1,-36,-37,-65,-16,19,-32,-44,-73,-138
QDEL,QuidelOrtho,26.73,37,-28,-24,-38,-53,3,-20,-24,-47,-88,-141
DLR,Digital Realty,166.63,-94,-3,0,22,-75,-88,-9,11,19,-67,-142
BF-B,Brown–Forman (Class B),30.56,0,0,-104,-18,-122,12,27,-36,-28,-25,-147
MPW,Medical Properties Trust,4.24,11,-69,-8,-36,-102,7,-12,-8,-35,-48,-150
FLO,Flowers Foods,15.72,-20,-3,-38,-8,-69,-20,12,-58,-23,-89,-158
UAA,Under Armour (Class A),5.08,-57,-8,-29,-44,-138,16,-10,6,-37,-25,-163
COTY,Coty,4.89,0,-1,-65,-7,-73,-3,-13,-67,-9,-92,-165
AR,Antero Resources,29.87,-72,-22,-2,10,-86,-55,-33,-1,10,-79,-165
SRPT,Sarepta Therapeutics,20.17,63,-151,-30,-7,-125,-1,8,-51,-6,-50,-175
DXC,DXC Technology,13.96,36,-29,-26,-73,-92,5,-23,-33,-34,-85,-177
WSC,WillScot Mobile Mini,24.5,-10,-13,-66,-6,-95,-20,-7,-43,-12,-82,-177
CAG,Conagra Brands,19.26,0,-87,-33,-7,-127,-20,4,-15,-23,-54,-181
WU,Western Union,8.41,48,-94,-24,-46,-116,10,-11,-59,-5,-65,-181
BAX,Baxter International,24.34,7,-30,-24,-38,-85,-12,-29,-15,-41,-97,-182
GLOB,Globant,68.71,-21,-65,-27,-7,-120,-19,-13,-27,-7,-66,-186
PRGO,Perrigo,23.59,0,-10,-3,-113,-126,6,-9,-3,-55,-61,-187
MKTX,MarketAxess,186.61,-10,-18,-29,-29,-86,-23,-33,-3,-44,-103,-189
XRAY,Dentsply Sirona,14.03,21,-14,-82,-42,-117,34,-11,-69,-40,-86,-203
GIS,General Mills,49.9,7,-93,-42,-4,-132,7,-39,-38,-19,-89,-221
PLTK,Playtika,3.69,-112,-18,-27,0,-157,12,-20,-28,-31,-67,-224
RHI,Robert Half,36.6,23,-143,-30,-9,-159,7,-20,-28,-32,-73,-232
FDS,FactSet,373.86,-184,-22,-6,0,-212,2,-18,-4,-1,-21,-233
UPS,United Parcel Service,87.76,2,-16,-107,-16,-137,-12,-24,-35,-34,-105,-242
NFE,New Fortress Energy,2.3,-56,-8,-72,-3,-139,-58,-11,-23,-25,-117,-256
COLD,Americold,14.72,0,-97,-42,-11,-150,-13,-39,-42,-15,-109,-259
ENPH,Enphase Energy,36.24,20,-153,-47,-20,-200,16,-18,-54,-24,-80,-280
WOLF,Wolfspeed,1.41,0,-6,-135,-30,-171,3,-22,-101,-37,-157,-328
