Symbol,Name,Close,1H Cloud Score,1D Cloud Score,1W Cloud Score,1M Cloud Score,Cloud Score Sum,1H TKx Score,1D TKx Score,1W TKx Score,1M TKx Score,TKx Score Sum,Total Score Sum
TJX,TJX Companies,131.23,21,25,135,195,376,19,29,104,190,342,718
FICO,Fair Isaac,2124.71,112,17,132,163,424,112,18,-15,28,143,567
V,Visa Inc.,356.45,112,12,124,130,378,112,16,-2,23,149,527
NRG,NRG Energy,153.8,119,16,90,91,316,68,18,100,18,204,520
MA,Mastercard,573.14,119,11,113,152,395,86,16,-2,23,123,518
FYBR,Frontier Communications,36.52,163,20,76,0,259,135,18,81,11,245,504
RSG,Republic Services,238.07,-21,1,111,174,265,-24,16,80,157,229,494
PGR,Progressive Corporation,278.14,-2,9,92,174,273,8,9,9,186,212,485
COST,Costco,991.4,-5,12,104,177,288,-5,18,-5,181,189,477
NDAQ,"Nasdaq, Inc.",81.05,115,9,63,141,328,112,16,-6,11,133,461
CLH,Clean Harbors,229.69,164,10,0,55,229,171,18,-16,54,227,456
FWONA,Liberty Formula 1 (Series A),88.51,130,5,56,59,250,143,14,-5,53,205,455
FWONK,Liberty Formula 1 (Series C),96.9,132,6,57,54,249,143,13,-5,53,204,453
JPM,JPMorgan Chase,265.6,119,5,110,155,389,27,16,-4,23,62,451
HWM,Howmet Aerospace,159.45,112,16,135,26,289,5,16,79,51,151,440
AJG,Arthur J. Gallagher & Co.,329.61,0,1,152,183,336,-23,6,15,104,102,438
MMC,Marsh McLennan,222.47,-8,-4,112,172,272,-21,2,9,175,165,437
AM,Antero Midstream,18.57,66,9,135,20,230,65,14,65,52,196,426
RL,Ralph Lauren Corporation,269.61,126,5,81,31,243,144,14,-6,23,175,418
SYK,Stryker Corporation,386.32,112,3,4,156,275,112,11,-7,26,142,417
AAON,AAON,104.87,106,3,0,242,351,27,18,-12,28,61,412
CSL,Carlisle Companies,399.39,164,15,0,175,354,40,16,-22,17,51,405
WM,"Waste Management, Inc.",222.47,-21,-2,82,184,243,-26,16,14,156,160,403
ADP,Automatic Data Processing,309.14,85,6,72,177,340,-6,9,-2,54,55,395
SNPS,Synopsys,517.66,112,3,-14,177,278,112,16,-15,-2,111,389
MCO,Moody's Corporation,478.91,112,3,3,153,271,86,11,-5,22,114,385
ORLY,O'Reilly Auto Parts,1325.94,-37,-3,150,196,306,-54,2,41,86,75,381
HEI,HEICO (Common),269.37,95,10,12,186,303,12,8,3,54,77,380
CDNS,Cadence Design Systems,319.36,21,15,4,138,178,18,18,-12,177,201,379
LPLA,LPL Financial,385.03,112,4,32,96,244,68,12,-4,54,130,374
NYT,New York Times Company,55.05,158,14,2,13,187,166,16,-14,18,186,373
CTAS,Cintas,214.15,0,23,6,163,192,-5,18,-16,184,181,373
CPRT,Copart,62.4,63,25,28,173,289,36,32,-10,25,83,372
WRB,W. R. Berkley Corporation,71.01,-7,58,81,173,305,-7,9,11,52,65,370
BK,BNY Mellon,87.94,112,5,81,37,235,112,9,-2,16,135,370
AAPL,Apple Inc.,212.41,21,1,0,248,270,28,16,-12,68,100,370
ETN,Eaton Corporation,329.11,112,3,1,111,227,68,16,-12,69,141,368
RBA,RB Global,105.52,114,14,91,24,243,-9,16,96,19,122,365
ARES,Ares Management,175.83,119,3,4,56,182,68,16,-6,103,181,363
CASY,Casey's,430.86,-29,25,100,84,180,-33,35,104,75,181,361
ORCL,Oracle Corporation,162.94,106,2,0,195,303,34,9,-10,24,57,360
RCL,Royal Caribbean Group,251.38,119,3,108,25,255,68,16,-7,24,101,356
USFD,US Foods,74.93,114,6,130,32,282,39,16,-4,23,74,356
IBM,IBM,257.86,76,8,96,51,231,12,16,43,53,124,355
CW,Curtiss-Wright,401.38,165,11,6,51,233,68,18,-10,46,122,355
AME,Ametek,179.31,113,3,1,103,220,34,9,-8,98,133,353
SLM,Sallie Mae,33.62,115,10,77,19,221,70,12,31,18,131,352
RBC,RBC Bearings,364.46,71,7,80,55,213,67,16,1,54,138,351
ADI,Analog Devices,226.82,112,3,1,176,292,40,9,-15,23,57,349
KD,Kyndryl,41.2,113,5,96,0,214,112,10,-4,17,135,349
MSFT,Microsoft,452.9,105,10,3,170,288,32,18,-13,22,59,347
LYV,Live Nation Entertainment,142.18,61,4,81,144,290,29,18,-4,13,56,346
GGG,Graco Inc.,85.05,105,3,1,175,284,35,16,-15,26,62,346
SPGI,S&P Global,511.91,112,3,3,169,287,34,11,-5,18,58,345
IBKR,Interactive Brokers,203.5,105,3,76,54,238,40,18,-5,54,107,345
TPR,"Tapestry, Inc.",83.26,118,3,67,18,206,114,9,-2,16,137,343
AXON,Axon Enterprise,728.57,35,14,132,91,272,29,18,-4,27,70,342
ROL,"Rollins, Inc.",54.95,-21,25,18,283,305,-24,18,10,32,36,341
JCI,Johnson Controls,96.34,112,11,62,16,201,112,16,-4,15,139,340
UNM,Unum,79.71,0,3,172,37,212,-7,16,66,51,126,338
MOS,Mosaic Company (The),33.68,161,23,3,-13,174,171,16,2,-27,162,336
PWR,Quanta Services,343.09,112,10,4,96,222,35,18,-8,69,114,336
SCHW,Charles Schwab Corporation,87.15,114,16,64,8,202,112,16,-5,11,134,336
PTC,PTC Inc.,171.48,112,2,-13,179,280,35,10,-14,23,54,334
SEIC,SEI Investments Company,83.36,112,9,79,32,232,68,16,-7,23,100,332
ORI,Old Republic International,37.34,-7,1,134,55,183,-23,16,104,52,149,332
RPM,RPM International,112.4,105,0,-6,177,276,32,9,-14,27,54,330
MSI,Motorola Solutions,415.06,0,0,0,150,150,12,-1,-14,182,179,329
INTU,Intuit,652.82,112,16,4,188,320,-8,16,-18,17,7,327
TT,Trane Technologies,419.88,105,11,3,161,280,18,16,-14,26,46,326
BR,Broadridge Financial Solutions,237.42,3,2,101,142,248,-12,16,45,22,71,319
STE,Steris,227.3,39,6,0,192,237,33,16,9,22,80,317
HUBB,Hubbell Incorporated,385.86,27,1,0,179,207,34,19,-12,68,109,316
COR,Cencora,279.14,-25,80,31,68,154,5,49,42,64,160,314
AVGO,Broadcom,232.11,112,6,6,113,237,39,18,-8,27,76,313
PLTR,Palantir Technologies,130.14,23,16,103,0,142,27,18,106,17,168,310
HD,Home Depot (The),372.69,76,0,0,177,253,35,16,-11,16,56,309
ISRG,Intuitive Surgical,565.78,105,3,81,19,208,68,18,-8,23,101,309
CHD,Church & Dwight,93.16,0,-27,-3,341,311,12,-37,-1,22,-4,307
NWS,News Corp (Class B),32.9,115,6,99,55,275,-1,18,-4,18,31,306
MCD,McDonald's,307.49,-29,1,39,239,250,-26,18,9,54,55,305
RJF,Raymond James Financial,152.13,76,2,79,55,212,68,16,-7,16,93,305
MSTR,MicroStrategy,416.57,159,17,86,16,278,4,17,-12,17,26,304
BSX,Boston Scientific,102.93,-25,15,131,141,262,-26,16,-2,54,42,304
ITW,Illinois Tool Works,245.1,63,0,-2,175,236,33,9,-1,26,67,303
NVDA,Nvidia,135.35,105,2,1,131,239,40,10,-10,23,63,302
MS,Morgan Stanley,131.04,118,3,63,61,245,36,14,-6,13,57,302
LRCX,Lam Research,84.97,109,3,0,149,261,36,10,-4,-2,40,301
MPWR,Monolithic Power Systems,734.2,112,3,-13,154,256,34,13,-27,23,43,299
NTNX,Nutanix,81.78,112,9,18,19,158,112,10,-2,21,141,299
PFGC,Performance Food Group,87.67,119,6,40,40,205,33,16,-10,54,93,298
AN,AutoNation,189.94,119,5,4,58,186,40,18,-5,54,107,293
BPOP,"Popular, Inc.",104.43,127,10,4,56,197,68,16,-4,16,96,293
FDS,FactSet,459.99,82,4,2,191,279,-5,9,-11,20,13,292
DUOL,Duolingo,541.02,119,16,40,0,175,68,28,1,20,117,292
YUM,Yum! Brands,145.15,-20,0,15,256,251,-26,2,9,54,39,290
WMB,Williams Companies,58.19,-35,2,99,49,115,6,16,99,54,175,290
JBL,Jabil,166.86,112,6,6,62,186,40,16,-7,54,103,289
ICE,Intercontinental Exchange,171.94,0,9,99,158,266,-14,10,9,18,23,289
GE,GE Aerospace,223.2,119,14,6,24,163,68,14,17,26,125,288
ITT,ITT Inc.,149.73,119,9,3,96,227,33,16,-11,23,61,288
CSCO,Cisco,61.29,100,3,35,11,149,112,9,-5,22,138,287
ATI,ATI Inc.,75.07,112,10,3,40,165,68,16,-11,49,122,287
ACM,AECOM,107.06,115,9,3,62,189,26,16,-13,68,97,286
DECK,Deckers Brands,127.37,92,0,-11,90,171,84,9,-7,28,114,285
UI,Ubiquiti,420.67,105,4,39,7,155,111,18,-6,7,130,285
GWRE,Guidewire Software,214.71,112,16,97,18,243,11,16,-5,17,39,282
RMD,Resmed,246.99,115,9,4,10,138,124,15,-7,10,142,280
KLAC,KLA Corporation,805.01,36,3,1,174,214,32,18,-7,23,66,280
HEI-A,HEICO (Class A),213.37,23,11,13,179,226,12,9,4,27,52,278
FIX,Comfort Systems USA,467.37,112,6,4,61,183,33,18,-8,52,95,278
HLT,Hilton Worldwide,252.99,114,3,3,61,181,68,10,-5,23,96,277
AXP,American Express,300.01,112,3,4,96,215,35,16,-8,18,61,276
KKR,KKR & Co. Inc.,129.01,112,1,0,100,213,37,15,-7,18,63,276
ARMK,Aramark,38.98,112,7,2,37,158,68,11,-14,53,118,276
MPC,Marathon Petroleum,163.48,125,5,0,46,176,142,9,-46,-5,100,276
L,Loews Corporation,87.37,0,3,99,52,154,-7,9,99,21,122,276
SNX,TD Synnex,124.55,119,3,2,60,184,68,9,-4,18,91,275
CME,CME Group,266.04,-20,82,41,133,236,-28,12,37,16,37,273
APH,Amphenol,85.67,115,16,6,62,199,40,18,-8,24,74,273
DOV,Dover Corporation,184.67,115,1,0,103,219,34,9,-6,16,53,272
MANH,Manhattan Associates,194.3,114,0,-16,62,160,85,16,-14,24,111,271
JWN,Nordstrom,24.57,52,5,55,0,112,64,16,68,10,158,270
OKTA,"Okta, Inc.",123.34,105,12,11,0,128,112,10,16,3,141,269
WAB,Wabtec,203.79,115,5,6,46,172,35,16,-7,53,97,269
MAR,Marriott International,272.56,112,3,3,55,173,68,10,-6,24,96,269
AWI,Armstrong World Industries,157.26,105,10,81,18,214,33,12,-9,16,52,266
CACI,CACI,466.69,0,25,0,151,176,-14,48,1,54,89,265
MNST,Monster Beverage,61.0,4,53,13,177,247,-5,16,6,1,18,265
DDS,Dillard's,387.1,119,0,1,51,171,34,11,-4,52,93,264
NOW,ServiceNow,1027.02,112,4,4,79,199,35,17,-7,19,64,263
CVNA,Carvana,305.6,119,15,79,8,221,14,18,-4,13,41,262
CPNG,Coupang,26.91,119,9,4,0,132,115,16,-15,14,130,262
WWD,"Woodward, Inc.",205.96,112,12,6,32,162,70,14,-7,23,100,262
VMI,Valmont Industries,318.77,112,2,49,55,218,27,13,-4,7,43,261
PH,Parker Hannifin,674.81,115,4,4,62,185,40,16,-7,27,76,261
EHC,Encompass Health,119.29,12,17,130,26,185,5,34,11,26,76,261
APP,AppLovin,376.7,112,2,92,0,206,35,9,-4,15,55,261
TRMB,Trimble Inc.,71.26,112,3,66,1,182,68,8,-7,9,78,260
AIZ,Assurant,196.16,-5,0,84,149,228,16,7,-7,16,32,260
UNP,Union Pacific Corporation,228.35,22,0,-1,195,216,32,3,-7,16,44,260
PAYX,Paychex,152.01,4,9,71,164,248,-7,9,-1,11,12,260
CTSH,Cognizant,80.34,112,3,3,11,129,112,9,-5,15,131,260
ADSK,Autodesk,295.55,112,6,41,11,170,68,16,-11,16,89,259
WSO,Watsco,478.4,35,-16,0,193,212,-7,1,-15,68,47,259
NFLX,Netflix,1150.45,1,21,103,17,142,7,18,74,17,116,258
TMUS,T-Mobile US,235.27,-27,-4,81,136,186,-29,-14,83,32,72,258
HCA,HCA Healthcare,367.57,87,17,0,94,198,21,9,3,26,59,257
BX,Blackstone Inc.,148.41,105,0,0,102,207,35,8,-11,18,50,257
AXS,AXIS Capital,98.69,0,17,73,42,132,-12,16,69,50,123,255
BAH,Booz Allen Hamilton,123.39,154,0,-17,98,235,-12,16,-19,35,20,255
NEU,NewMarket,634.29,155,25,6,26,212,-7,17,9,24,43,255
CINF,Cincinnati Financial,146.25,113,9,72,59,253,-5,9,-14,12,2,255
ROP,Roper Technologies,565.6,0,2,16,179,197,-4,8,31,23,58,255
URI,United Rentals,713.35,105,3,0,61,169,33,15,-16,54,86,255
CAT,Caterpillar Inc.,349.67,112,2,0,61,175,27,9,-11,54,79,254
HON,Honeywell,217.25,23,3,0,175,201,34,12,-13,19,52,253
ALL,Allstate,200.6,0,2,84,156,242,-22,9,10,14,11,253
ODFL,Old Dominion Freight Line,171.62,35,0,-13,184,206,33,3,-18,29,47,253
JEF,Jefferies Financial Group,54.23,112,0,0,55,167,35,6,-10,54,85,252
EQT,EQT Corporation,56.33,70,9,28,39,146,61,9,28,7,105,251
AZO,AutoZone,3642.56,-23,0,81,83,141,10,5,41,54,110,251
WELL,Welltower,143.39,-32,-1,103,55,125,-30,15,120,21,126,251
OZK,Bank OZK,46.48,133,3,4,53,193,33,14,-6,16,57,250
AMAT,Applied Materials,174.13,112,3,-17,146,244,29,15,-36,-2,6,250
AMP,Ameriprise Financial,521.51,63,2,6,61,132,40,16,-7,68,117,249
LOPE,Grand Canyon Education,194.13,6,14,134,32,186,-7,18,21,31,63,249
RTX,RTX Corporation,130.79,23,2,64,51,140,18,8,71,11,108,248
TDG,TransDigm Group,1389.47,-7,16,6,154,169,12,16,-7,54,75,244
TRGP,Targa Resources,168.52,14,-29,133,48,166,35,-1,-7,51,78,244
SPOT,Spotify,633.23,0,17,99,9,125,2,18,82,17,119,244
PSTG,Pure Storage,56.43,112,2,1,39,154,35,9,-8,54,90,244
PM,Philip Morris International,163.96,-25,76,57,52,160,-30,18,72,24,84,244
WTFC,Wintrust Financial,122.65,132,3,4,46,185,34,16,-8,16,58,243
RRC,Range Resources,40.42,63,3,21,39,126,61,4,-2,52,115,241
VRSK,Verisk Analytics,301.15,0,12,55,111,178,-17,9,46,25,63,241
EQH,Equitable Holdings,53.71,63,3,79,8,153,67,9,-4,16,88,241
IT,Gartner,446.01,112,0,-8,55,159,21,13,-6,54,82,241
AL,Air Lease Corporation,57.27,115,9,4,19,147,68,9,-7,23,93,240
PNR,Pentair,97.2,119,3,4,59,185,29,16,-11,21,55,240
SNA,Snap-on,325.08,63,0,36,56,155,35,2,-6,54,85,240
INGM,Ingram Micro,20.66,121,2,0,0,123,112,9,-5,0,116,239
XPO,"XPO, Inc.",127.76,77,3,0,58,138,77,9,-10,24,100,238
DTE,DTE Energy,132.69,-21,0,61,186,226,-28,15,14,10,11,237
EME,Emcor,466.41,76,3,4,55,138,35,18,-8,54,99,237
MCK,McKesson Corporation,682.0,-30,76,29,55,130,2,16,25,64,107,237
DCI,Donaldson Company,69.77,118,3,0,62,183,29,14,-16,27,54,237
MTSI,MACOM Technology Solutions,123.55,73,3,3,55,134,68,15,-8,26,101,235
RS,"Reliance, Inc.",300.2,25,13,1,112,151,-1,18,-7,74,84,235
EMR,Emerson Electric,121.43,112,3,3,61,179,30,9,-8,23,54,233
NFG,National Fuel Gas,79.39,-7,87,47,49,176,-26,18,58,7,57,233
GS,Goldman Sachs,612.0,35,3,79,55,172,33,14,-4,18,61,233
EVR,Evercore,241.32,116,2,0,55,173,33,16,-13,23,59,232
H,Hyatt Hotels,136.21,74,1,-10,52,117,68,9,-14,52,115,232
BRO,Brown & Brown,108.26,-13,-12,103,160,238,-21,-20,12,23,-6,232
CMI,Cummins,332.82,105,2,1,62,170,35,8,-8,27,62,232
CXT,Crane NXT,55.01,112,2,-12,52,154,26,6,-8,53,77,231
SSD,Simpson Manufacturing Company,162.45,35,3,-13,153,178,33,12,-16,23,52,230
GTES,Gates Corporation,22.22,112,3,4,12,131,77,11,-4,15,99,230
APG,APi Group,45.76,112,10,5,0,127,68,16,-4,23,103,230
OLLI,Ollie's Bargain Outlet,113.6,21,3,102,13,139,18,2,50,20,90,229
DE,Deere & Company,496.92,35,5,36,106,182,-8,16,32,7,47,229
ATO,Atmos Energy,152.19,-21,25,61,42,107,-26,34,72,42,122,229
HLI,Houlihan Lokey,178.74,115,5,4,41,165,35,16,-10,23,64,229
GOOGL,Alphabet (Class A),165.38,14,0,0,173,187,15,14,-6,18,41,228
HIG,Hartford (The),126.15,0,17,81,54,152,-1,16,8,53,76,228
STT,State Street Corporation,97.59,125,5,4,13,147,67,10,-7,11,81,228
MTZ,MasTec,157.22,112,9,6,15,142,68,16,-8,10,86,228
GOOG,Alphabet (Class C),166.82,14,0,0,173,187,15,14,-6,18,41,228
BYD,Boyd Gaming,76.05,63,3,35,56,157,35,16,-6,24,69,226
DRI,Darden Restaurants,207.41,21,22,31,58,132,16,16,35,27,94,226
RGLD,Royal Gold,165.62,-21,69,48,15,111,-29,76,55,13,115,226
FFIV,"F5, Inc.",281.59,71,2,81,11,165,35,16,-4,14,61,226
WSM,"Williams-Sonoma, Inc.",172.35,104,0,4,62,170,32,9,-4,18,55,225
TXRH,Texas Roadhouse,189.09,99,4,2,61,166,35,9,-14,28,58,224
BAC,Bank of America,44.72,119,3,4,15,141,68,10,-6,11,83,224
WMT,Walmart,96.79,-6,17,114,98,223,-38,18,-5,26,1,224
FOXA,Fox Corporation (Class A),54.63,52,2,55,0,109,47,3,54,11,115,224
LBRDA,Liberty Broadband (Series A),95.31,98,14,34,-33,113,98,13,-8,5,108,221
TKO,TKO Group Holdings,162.21,-11,13,58,37,97,2,16,59,47,124,221
BKNG,Booking Holdings,5204.98,3,15,123,32,173,14,16,-6,23,47,220
MET,Metlife,79.92,115,2,3,55,175,29,8,-7,15,45,220
COF,Capital One,197.19,63,9,81,18,171,21,16,-4,15,48,219
CBRE,CBRE Group,129.06,71,0,79,19,169,35,9,-6,11,49,218
ALSN,Allison Transmission,105.03,112,2,4,32,150,35,9,-8,31,67,217
VLTO,Veralto,99.46,112,3,0,0,115,112,10,-20,0,102,217
CAH,Cardinal Health,148.41,0,25,42,35,102,9,16,35,54,114,216
JHG,Janus Henderson,38.37,112,2,0,16,130,68,9,-6,15,86,216
SF,Stifel,99.24,71,2,1,56,130,68,8,-7,17,86,216
DUK,Duke Energy,112.47,-31,-3,63,180,209,-34,16,9,13,4,213
BA,Boeing,204.74,157,16,1,0,174,33,16,-4,-8,37,211
LIN,Linde plc,445.97,-2,1,0,107,106,-9,16,-6,103,104,210
HBAN,Huntington Bancshares,16.08,133,3,4,18,158,35,14,-10,13,52,210
FAST,Fastenal,80.51,0,25,36,103,164,14,17,-6,20,45,209
SO,Southern Company,84.89,-31,-2,0,187,154,-30,-1,10,76,55,209
NTAP,Netapp,99.68,112,1,-12,54,155,35,16,-17,19,53,208
ESI,Element Solutions,22.28,115,2,-7,54,164,35,8,-16,17,44,208
PAG,Penske Automotive Group,163.9,35,4,2,59,100,40,18,-5,54,107,207
EXE,Expand Energy,113.28,56,23,28,0,107,57,8,28,7,100,207
ROST,Ross Stores,150.66,63,12,1,32,108,63,24,-14,26,99,207
GDDY,GoDaddy,188.08,36,1,81,19,137,40,16,-6,19,69,206
AMD,Advanced Micro Devices,117.73,106,2,-29,107,186,68,9,-53,-4,20,206
RLI,RLI Corp.,73.64,0,-14,-1,173,158,-7,-14,-16,84,47,205
PFG,Principal Financial Group,81.08,71,2,0,52,125,68,4,-7,15,80,205
DFS,Discover Financial,200.02,62,16,67,19,164,20,16,-6,11,41,205
TW,Tradeweb,140.01,0,2,96,0,98,-12,9,89,20,106,204
PRI,Primerica,273.24,63,2,4,105,174,5,5,-7,27,30,204
LOW,Lowe's,228.47,21,0,-7,163,177,16,9,-14,16,27,204
FTI,TechnipFMC,31.47,105,3,4,24,136,35,7,-9,34,67,203
PCAR,Paccar,94.66,35,-46,-9,156,136,34,3,-1,31,67,203
SYF,Synchrony Financial,61.1,118,3,4,18,143,35,16,-7,15,59,202
BLK,BlackRock,967.09,115,2,4,19,140,35,16,-7,18,62,202
UHS,Universal Health Services,187.85,100,7,-7,19,119,75,7,-22,23,83,202
TRV,Travelers Companies (The),262.61,-8,17,78,55,142,-21,16,11,53,59,201
FHN,First Horizon Corporation,20.36,112,3,39,1,155,35,9,-5,7,46,201
FTNT,Fortinet,103.23,9,2,41,110,162,14,18,-3,10,39,201
CBOE,Cboe Global Markets,213.23,-21,-1,131,52,161,-26,9,9,48,40,201
C,Citigroup,75.29,119,3,6,15,143,37,13,-4,11,57,200
FOX,Fox Corporation (Class B),50.55,92,2,54,0,148,42,3,-1,6,50,198
SHW,Sherwin-Williams,351.29,-6,12,0,187,193,-7,12,-16,16,5,198
ROK,Rockwell Automation,307.53,115,6,2,12,135,68,8,-5,-8,63,198
ZM,Zoom Communications,83.3,113,4,36,0,153,35,15,-7,1,44,197
OMF,OneMain Financial,52.22,63,3,4,57,127,40,14,-7,23,70,197
SSNC,SS&C Technologies,79.22,72,0,77,11,160,23,4,-2,12,37,197
KR,Kroger,66.32,-21,0,66,64,109,-33,71,37,12,87,196
ECG,Everus Construction Group,60.29,112,1,0,0,113,68,18,-4,0,82,195
TWLO,Twilio,114.3,112,0,34,-31,115,68,9,-5,8,80,195
STAG,STAG Industrial,34.91,71,3,-7,93,160,33,9,-7,-1,34,194
CIEN,Ciena,79.52,115,3,6,9,133,40,16,-8,13,61,194
ANSS,Ansys,347.7,115,3,4,8,130,35,16,-8,20,63,193
WCC,Wesco International,173.68,44,2,0,55,101,33,16,-11,54,92,193
CB,Chubb Limited,281.33,-8,-1,88,55,134,-7,3,9,53,58,192
KBR,"KBR, Inc.",55.64,48,7,-17,61,99,40,16,-18,54,92,191
DOCU,DocuSign,90.28,112,3,40,-9,146,35,9,-7,8,45,191
PANW,Palo Alto Networks,190.91,21,3,4,78,106,21,14,-4,54,85,191
MSA,MSA Safety,158.57,35,5,-22,161,179,33,16,-35,-2,12,191
GWW,W. W. Grainger,1069.54,21,3,0,91,115,16,18,-13,54,75,190
VOYA,Voya Financial,68.85,113,3,-10,1,107,63,6,-15,28,82,189
VRT,Vertiv,109.51,115,2,1,5,123,35,16,-8,23,66,189
META,Meta Platforms,659.33,98,3,4,26,131,35,8,-5,20,58,189
R,Ryder,159.91,36,3,4,53,96,33,16,-10,53,92,188
AS,Amer Sports,31.29,112,3,0,0,115,68,8,-3,0,73,188
GAP,Gap Inc.,26.22,118,12,3,15,148,21,14,-11,16,40,188
AYI,Acuity Brands,272.1,112,0,0,24,136,35,8,-8,17,52,188
THC,Tenet Healthcare,159.63,92,12,1,54,159,21,9,-22,21,29,188
FLS,Flowserve,52.13,105,2,0,24,131,34,8,-8,22,56,187
GRMN,Garmin,200.49,21,0,99,16,136,33,4,-4,18,51,187
CTVA,Corteva,67.57,119,16,40,0,175,-6,16,-6,8,12,187
CRM,Salesforce,290.73,105,0,4,19,128,40,9,-8,18,59,187
HOOD,Robinhood Markets,61.33,44,5,68,0,117,42,16,-4,15,69,186
ALK,Alaska Air Group,54.16,63,0,32,1,96,81,6,-4,6,89,185
KMI,Kinder Morgan,27.44,4,1,79,41,125,8,9,-6,49,60,185
CAR,Avis Budget Group,105.84,134,19,0,-17,136,68,29,-14,-34,49,185
IDXX,Idexx Laboratories,509.42,154,10,1,1,166,39,16,-31,-5,19,185
LNC,Lincoln Financial,34.47,106,2,5,-3,110,68,6,-5,5,74,184
LLY,Lilly (Eli),715.48,-56,-10,-2,169,101,-6,-2,-2,93,83,184
FCNCA,First Citizens BancShares,1959.61,74,2,0,56,132,26,16,-8,18,52,184
ADBE,Adobe Inc.,399.47,112,1,-23,-3,87,117,8,-27,-2,96,183
IR,Ingersoll Rand,83.25,112,2,-8,20,126,37,9,-15,26,57,183
MTB,M&T Bank,185.38,115,3,1,19,138,35,9,-11,11,44,182
LLYVA,Liberty Live (Series A),75.83,111,16,15,0,142,27,16,-3,0,40,182
VNT,Vontier,36.89,112,3,0,0,115,68,10,-10,-2,66,181
CFR,Frost Bank,130.21,126,3,5,1,135,33,13,-7,7,46,181
LDOS,Leidos,153.06,113,15,0,20,148,-9,42,-18,16,31,179
SRE,Sempra,74.86,-8,1,-2,178,169,-1,16,-16,11,10,179
TTD,Trade Desk (The),79.15,112,0,-14,1,99,68,9,-14,17,80,179
LII,Lennox International,590.98,80,2,2,35,119,40,6,-10,24,60,179
SNV,Synovus,49.55,118,3,1,18,140,29,9,-10,11,39,179
LMT,Lockheed Martin,449.18,-14,0,-16,162,132,-20,18,-21,69,46,178
WDAY,"Workday, Inc.",271.17,105,5,2,11,123,35,10,-10,19,54,177
PB,Prosperity Bancshares,72.12,120,2,0,11,133,35,9,-11,11,44,177
APO,Apollo Global Management,144.24,21,2,6,94,123,27,14,-10,23,54,177
NTRS,Northern Trust,106.4,114,3,3,8,128,36,9,-6,10,49,177
BEN,Franklin Templeton Investments,22.03,115,6,0,0,121,68,16,-10,-19,55,176
ESAB,ESAB,128.48,63,5,87,0,155,-3,16,-6,14,21,176
SGI,Somnigroup International,64.16,21,3,28,61,113,26,16,-2,23,63,176
DT,Dynatrace,53.47,112,1,1,0,114,40,9,-5,17,61,175
FNB,FNB Corporation,14.52,70,3,0,52,125,33,16,-15,16,50,175
LAZ,Lazard,46.49,118,2,0,17,137,35,8,-15,10,38,175
AR,Antero Resources,40.48,45,3,28,7,83,57,4,23,7,91,174
RRX,Regal Rexnord,142.32,115,3,-15,1,104,68,8,-16,10,70,174
CG,Carlyle Group (The),47.06,105,2,1,18,126,35,5,-7,15,48,174
J,Jacobs Solutions,126.28,23,1,0,103,127,26,16,-11,16,47,174
LAD,Lithia Motors,323.09,74,0,1,11,86,68,9,-9,18,86,172
ZS,Zscaler,244.38,105,16,4,2,127,18,18,-6,15,45,172
DDOG,Datadog,119.09,112,1,1,0,114,48,10,-13,12,57,171
DAL,Delta Air Lines,50.58,63,0,0,16,79,68,9,-8,23,92,171
EXEL,Exelixis,44.65,7,2,51,11,71,21,16,42,21,100,171
EPR,EPR Properties,52.16,71,5,44,26,146,-7,16,-2,18,25,171
LPX,Louisiana-Pacific,92.72,71,0,0,60,131,21,7,-11,23,40,171
KEX,Kirby Corporation,108.83,70,3,0,32,105,27,16,-17,39,65,170
WFC,Wells Fargo,76.26,21,3,79,26,129,18,13,-6,16,41,170
PCOR,Procore,71.85,112,2,1,0,115,35,8,-4,16,55,170
LVS,Las Vegas Sands,42.41,119,3,-9,-3,110,75,9,-13,-11,60,170
PODD,Insulet,321.4,58,4,32,1,95,63,8,1,3,75,170
LLYVK,Liberty Live (Series C),76.6,63,9,16,0,88,68,16,-3,0,81,169
USB,U.S. Bancorp,44.22,119,3,0,1,123,35,9,-11,12,45,168
FITB,Fifth Third Bancorp,39.37,113,2,0,19,134,27,8,-14,13,34,168
CF,CF Industries,85.97,133,2,2,1,138,19,14,-9,5,29,167
ARW,Arrow Electronics,120.11,160,10,-29,1,142,34,16,-20,-5,25,167
SNOW,Snowflake Inc.,181.38,112,6,2,0,120,40,16,-3,-7,46,166
RF,Regions Financial Corporation,22.41,105,2,0,19,126,34,9,-14,11,40,166
CEG,Constellation Energy,288.07,112,3,3,0,118,21,18,-8,16,47,165
CARR,Carrier Global,73.35,105,10,0,0,115,32,10,-16,23,49,164
VIRT,Virtu Financial,42.19,0,17,63,11,91,-12,16,58,11,73,164
UAL,United Airlines Holdings,79.01,63,0,37,8,108,35,15,-7,13,56,164
TRU,TransUnion,90.67,118,3,0,1,122,40,9,-18,11,42,164
STLD,Steel Dynamics,133.73,21,15,4,52,92,19,16,-18,54,71,163
VRSN,Verisign,276.29,-12,114,23,6,131,-27,15,39,4,31,162
KEYS,Keysight,164.4,112,3,3,0,118,37,9,-4,2,44,162
ADT,ADT Inc.,8.37,76,23,18,0,117,21,7,12,5,45,162
GEV,GE Vernova,432.78,119,15,0,0,134,18,18,-8,0,28,162
EBAY,eBay,69.17,0,12,64,11,87,-23,16,69,13,75,162
TOST,"Toast, Inc.",45.08,35,4,64,0,103,35,16,-6,14,59,162
BURL,Burlington Stores,265.63,67,2,1,1,71,86,4,-13,14,91,162
TPL,Texas Pacific Land Corporation,1405.36,17,3,49,55,124,19,16,-7,10,38,162
PNC,PNC Financial Services,177.85,112,2,0,11,125,29,8,-11,11,37,162
NI,NiSource,37.87,-21,-2,61,42,80,-22,16,76,11,81,161
PNFP,Pinnacle Financial Partners,111.39,83,3,5,12,103,35,14,-7,15,57,160
WAL,Western Alliance Bancorporation,79.88,114,2,0,1,117,34,8,-14,15,43,160
MMM,3M,147.88,36,3,61,11,111,31,8,-2,11,48,159
CNP,Centerpoint Energy,36.44,-28,85,36,42,135,-34,16,30,12,24,159
ACN,Accenture,320.4,105,0,-10,11,106,35,8,-6,16,53,159
CR,Crane Co.,175.29,112,10,3,0,125,35,12,-15,2,34,159
DTM,DT Midstream,102.62,17,9,90,0,116,11,16,-7,22,42,158
CDW,CDW,189.45,117,3,-29,1,92,111,10,-50,-5,66,158
LYFT,Lyft,16.85,119,4,2,0,125,32,14,-14,1,33,158
PPC,Pilgrim's Pride,45.69,-8,-1,73,18,82,-21,-8,90,15,76,158
MRVL,Marvell Technology,65.9,21,0,-8,103,116,27,8,-8,15,42,158
AMG,Affiliated Managers Group,182.11,115,9,2,19,145,-3,16,-14,14,13,158
SKX,Skechers,62.18,61,1,-11,52,103,30,8,-7,23,54,157
EWBC,East West Bancorp,95.63,76,3,4,19,102,34,14,-10,16,54,156
ANET,Arista Networks,98.19,21,1,1,55,78,21,11,-8,53,77,155
CCL,Carnival Corporation & plc,22.99,63,2,4,0,69,67,10,-7,16,86,155
KO,Coca-Cola Company (The),69.16,-32,0,15,179,162,-28,-1,10,11,-8,154
ZION,Zions Bancorporation,49.52,112,2,0,1,115,27,8,-10,12,37,152
CRUS,Cirrus Logic,107.37,115,3,-10,16,124,33,10,-28,13,28,152
HAYW,Hayward Holdings,14.46,112,3,0,0,115,27,10,-13,13,37,152
CNA,CNA Financial,47.8,-7,-1,81,54,127,-7,5,10,17,25,152
HPE,Hewlett Packard Enterprise,17.85,36,0,-11,39,64,29,16,-8,51,88,152
AON,AON,352.21,-7,-21,3,174,149,-7,-42,-2,53,2,151
TTWO,Take-Two Interactive,229.39,7,23,32,10,72,12,17,32,17,78,150
KEY,Keycorp,16.58,113,3,0,1,117,27,9,-14,10,32,149
LITE,Lumentum,78.33,105,1,1,1,108,33,9,-8,7,41,149
PG,Procter & Gamble,158.0,-14,-16,0,176,146,-5,-15,-1,23,2,148
EFX,Equifax,271.01,119,15,0,13,147,-5,16,-25,15,1,148
MAT,Mattel,19.79,106,2,1,0,109,68,4,-5,-28,39,148
AVT,Avnet,51.87,42,3,0,42,87,35,17,-15,24,61,148
NVT,Nvent Electric,68.3,115,3,-13,9,114,35,16,-15,-2,34,148
ALAB,Astera Labs,90.66,112,1,0,0,113,33,10,-9,0,34,147
DGX,Quest Diagnostics,172.47,-15,17,55,15,72,-7,16,55,11,75,147
RGA,Reinsurance Group of America,204.79,63,3,0,37,103,-7,15,-14,50,44,147
DASH,DoorDash,196.84,14,2,84,0,100,21,15,-4,15,47,147
TDY,Teledyne Technologies,490.67,83,2,39,11,135,-1,7,-6,12,12,147
TNL,Travel + Leisure Co.,51.09,76,2,4,13,95,35,9,-4,11,51,146
MSCI,MSCI,566.58,76,1,0,11,88,35,16,-10,17,58,146
MU,Micron Technology,95.38,112,2,-22,19,111,68,8,-39,-2,35,146
BRK-B,Berkshire Hathaway,503.33,-56,1,111,59,115,-23,18,12,23,30,145
LBRDK,Liberty Broadband (Series C),96.13,98,14,34,-33,113,21,14,-8,5,32,145
SCCO,Southern Copper,93.42,21,2,-8,59,74,24,15,-22,54,71,145
WTM,White Mountains Insurance Group,1768.17,27,-30,0,56,53,42,3,-7,53,91,144
CRH,CRH plc,97.49,21,3,4,61,89,24,11,-4,24,55,144
EXPD,Expeditors International,114.26,21,-29,-7,128,113,29,4,-24,22,31,144
DKS,Dick's Sporting Goods,209.54,23,0,1,60,84,31,6,-8,30,59,143
PYPL,PayPal,72.69,112,0,0,-36,76,63,9,-11,6,67,143
TSCO,Tractor Supply Company,51.37,25,-28,0,82,79,-1,2,-20,82,63,142
PATH,UiPath,13.2,112,4,-13,0,103,40,18,-12,-7,39,142
SCI,Service Corporation International,75.28,-9,-10,0,172,153,-7,-1,-14,10,-12,141
BWA,BorgWarner,32.92,120,5,-24,0,101,63,12,-22,-13,40,141
RBLX,Roblox Corporation,79.45,28,15,40,0,83,31,16,3,8,58,141
CHTR,Charter Communications,413.83,98,14,5,-33,84,56,13,-15,3,57,141
TYL,Tyler Technologies,561.61,48,0,0,14,62,76,2,-15,15,78,140
LNG,Cheniere Energy,233.21,-9,9,47,55,102,-26,18,-7,53,38,140
CMA,Comerica,58.21,105,0,0,1,106,27,8,-11,9,33,139
MKL,Markel,1866.24,0,2,55,52,109,-5,16,-5,23,29,138
LECO,Lincoln Electric,195.88,51,2,-11,62,104,35,9,-7,-4,33,137
STWD,Starwood Property Trust,20.02,23,3,5,55,86,19,14,-1,18,50,136
GEN,Gen Digital,28.6,112,6,2,13,133,-5,8,-14,13,2,135
CBSH,Commerce Bancshares,65.44,71,3,6,1,81,35,16,-7,10,54,135
UHAL,U-Haul,65.29,75,0,-2,19,92,33,8,-15,17,43,135
DPZ,Domino's,483.26,13,22,9,7,51,37,18,14,15,84,135
S,SentinelOne,20.23,105,0,-12,0,93,36,9,-15,11,41,134
AGCO,AGCO,104.74,105,5,1,0,111,29,10,-7,-10,22,133
REG,Regency Centers,72.19,2,1,55,50,108,-5,16,-2,16,25,133
SPR,Spirit AeroSystems,37.11,35,17,5,0,57,29,18,17,11,75,132
WBS,Webster Bank,53.3,71,3,1,11,86,27,11,-7,14,45,131
DOCS,Doximity,59.5,42,0,41,0,83,33,9,-4,9,47,130
T,AT&T,26.43,-21,0,57,13,49,-29,16,81,12,80,129
VNOM,Viper Energy,42.73,21,0,0,41,62,27,11,-15,44,67,129
AZEK,Azek,51.65,28,21,8,0,57,29,35,-10,17,71,128
MORN,"Morningstar, Inc.",306.39,103,3,-7,25,124,-7,9,-13,15,4,128
WYNN,Wynn Resorts,97.5,63,5,1,1,70,64,13,-15,-5,57,127
SAIC,SAIC,118.95,-1,31,-24,64,70,-21,43,-19,54,57,127
F,Ford Motor Company,10.64,134,17,-37,-14,100,28,16,-15,-2,27,127
NCLH,Norwegian Cruise Line Holdings,19.44,56,0,-7,0,49,63,4,-7,17,77,126
GLOB,Globant,133.67,112,0,-13,-4,95,40,8,-13,-4,31,126
LAMR,Lamar Advertising,115.66,21,2,0,61,84,21,16,-14,18,41,125
EEFT,Euronet Worldwide,110.0,112,6,2,0,120,-9,8,-4,10,5,125
DIS,Walt Disney Company (The),112.94,112,3,2,-38,79,47,7,-6,-2,46,125
KMPR,Kemper Corporation,64.01,112,2,2,1,117,-1,4,-7,11,7,124
TXN,Texas Instruments,187.33,63,3,0,19,85,36,7,-18,13,38,123
PSX,Phillips 66,124.71,119,2,-23,38,136,33,4,-48,-2,-13,123
CELH,Celsius Holdings,38.95,28,42,-42,62,90,40,-7,5,-6,32,122
FERG,Ferguson Enterprises,175.01,23,5,-13,62,77,28,16,-22,22,44,121
AMZN,Amazon,210.24,42,2,4,18,66,35,8,-6,17,54,120
KIM,Kimco Realty,21.08,28,2,0,52,82,26,16,-15,11,38,120
RITM,Rithm Capital,11.54,21,3,4,29,57,29,13,-2,23,63,120
VST,Vistra Corp.,154.74,21,2,6,27,56,15,15,-8,42,64,120
TKR,Timken Company,72.59,63,2,-11,1,55,67,7,-8,-2,64,119
ETR,Entergy,80.5,-30,-2,60,19,47,-31,16,76,11,72,119
THG,Hanover Insurance,163.63,-7,1,48,21,63,-5,10,40,11,56,119
MOH,Molina Healthcare,311.53,-14,0,-1,163,148,-12,-18,5,-5,-30,118
PINS,Pinterest,32.88,63,2,-11,0,54,68,4,-6,-2,64,118
BROS,Dutch Bros. Coffee,71.92,35,2,40,0,77,26,9,-2,8,41,118
DELL,Dell Technologies,111.01,63,3,-12,29,83,36,16,-16,-1,35,118
PPL,PPL Corporation,33.51,-35,-2,63,20,46,-30,16,75,11,72,118
MAS,Masco,66.61,35,-1,-7,62,89,27,3,-19,18,29,118
NET,Cloudflare,154.49,34,3,26,0,63,30,13,-5,16,54,117
PR,Permian Resources,13.8,35,2,-15,23,45,32,5,-11,46,72,117
EXP,Eagle Materials,234.43,21,0,-2,54,73,26,10,-16,24,44,117
IEX,IDEX Corporation,188.48,105,0,-15,0,90,35,10,-15,-3,27,117
PRU,Prudential Financial,106.31,35,0,-7,52,80,27,8,-14,16,37,117
GD,General Dynamics,270.68,-7,25,-2,51,67,-5,18,-18,54,49,116
LFUS,Littelfuse,218.28,119,3,-12,0,110,29,8,-26,-5,6,116
XOM,ExxonMobil,108.49,28,-16,0,41,53,35,3,-22,47,63,116
OKE,Oneok,86.6,21,-29,0,51,43,33,3,-12,48,72,115
PEGA,Pegasystems,97.83,36,15,6,2,59,35,16,-7,12,56,115
CHE,Chemed Corporation,553.08,-15,-6,-1,182,160,-30,-20,10,-5,-45,115
CFG,Citizens Financial Group,41.56,71,2,1,1,75,27,8,-7,11,39,114
OLED,Universal Display Corporation,154.04,119,3,-24,0,98,34,10,-27,-2,15,113
FTV,Fortive,72.7,42,2,-8,30,66,48,5,-4,-2,47,113
TOL,Toll Brothers,104.95,24,0,-10,58,72,25,9,-16,23,41,113
TSLA,"Tesla, Inc.",347.43,34,2,30,7,73,29,14,-11,7,39,112
SOFI,SoFi,14.02,21,2,33,0,56,40,14,-7,8,55,111
NXST,Nexstar Media Group,174.62,57,2,1,1,61,59,2,-19,7,49,110
PCTY,Paylocity,199.28,35,2,29,0,66,32,16,-6,2,44,110
PKG,Packaging Corporation of America,191.82,21,0,-2,58,77,19,3,-13,23,32,109
OGE,OGE Energy,42.85,-38,-3,55,42,56,-30,16,55,11,52,108
MLM,Martin Marietta Materials,541.02,5,12,0,57,74,-5,33,-18,24,34,108
CMG,Chipotle Mexican Grill,52.24,7,1,-11,77,74,7,14,-13,26,34,108
OC,Owens Corning,142.12,16,0,-11,55,60,21,15,-15,26,47,107
FOUR,Shift4,92.09,35,0,3,0,38,40,12,-4,21,69,107
FCX,Freeport-McMoRan,39.08,63,3,-24,55,97,26,9,-23,-3,9,106
CWEN-A,Clearway Energy (Class A),27.56,4,1,45,3,53,25,12,9,7,53,106
KNX,Knight-Swift,46.15,63,0,-12,0,51,68,4,-8,-10,54,105
BSY,Bentley Systems,47.95,59,6,-28,0,37,68,18,-15,-3,68,105
ELF,e.l.f. Beauty,77.17,115,0,-37,28,106,33,9,-41,-2,-1,105
SNDK,SanDisk,41.89,76,0,0,0,76,26,3,0,0,29,105
UBER,Uber,90.39,20,15,5,0,40,21,18,3,23,65,105
HRB,H&R Block,56.34,-33,32,0,49,48,-26,32,1,49,56,104
EOG,EOG Resources,115.66,22,-29,-7,42,28,33,3,-8,48,76,104
IVZ,Invesco,15.48,63,0,-7,0,56,35,9,-7,10,47,103
LKQ,LKQ Corporation,42.02,35,2,0,0,37,79,2,-1,-14,66,103
CPAY,Corpay,352.72,21,2,4,18,45,33,9,-6,22,58,103
IRM,Iron Mountain,97.12,1,8,0,54,63,-12,16,-18,53,39,102
ABBV,AbbVie,177.44,-8,-7,0,55,40,-6,8,-1,61,62,102
SLGN,Silgan Holdings,54.37,4,9,6,77,96,-11,16,-10,10,5,101
GILD,Gilead Sciences,98.33,0,-8,38,32,62,-1,-38,42,36,39,101
COLB,Columbia Banking System,25.16,63,3,0,-6,60,35,12,-13,7,41,101
VMC,Vulcan Materials,266.32,0,11,4,57,72,-10,26,-11,24,29,101
VICI,Vici Properties,31.08,-21,-1,45,12,35,-14,16,10,54,66,101
CWEN,Clearway Energy (Class C),29.16,1,1,45,0,47,25,12,9,7,53,100
EXPE,Expedia Group,169.23,21,1,36,8,66,19,9,-5,11,34,100
HES,Hess Corporation,134.73,34,-28,-7,52,51,29,2,18,-1,48,99
FHB,"First Hawaiian, Inc.",24.53,35,1,1,11,48,34,13,-7,11,51,99
FDX,FedEx,231.8,63,0,-13,29,79,33,3,-15,-1,20,99
WING,Wingstop,306.45,21,9,-13,35,52,35,9,-25,28,47,99
DKNG,DraftKings,38.25,41,0,0,0,41,36,9,-5,17,57,98
ACGL,Arch Capital Group,90.82,0,5,0,59,64,-7,16,-23,48,34,98
XP,XP Inc.,18.9,35,17,0,0,52,33,15,3,-5,46,98
MDLZ,Mondelez International,63.56,-22,0,-5,179,152,-52,-2,6,-6,-54,98
BRX,Brixmor Property Group,25.65,21,1,0,52,74,-2,16,-14,23,23,97
CRWD,CrowdStrike,435.79,3,16,32,0,51,15,18,-4,17,46,97
CNH,CNH Industrial,13.33,71,4,6,0,81,27,10,-1,-20,16,97
NTRA,Natera,151.27,-10,0,79,15,84,-19,18,-4,16,11,95
FR,First Industrial Realty Trust,50.4,71,0,0,11,82,-5,9,-2,11,13,95
MTG,MGIC Investment Corporation,26.24,0,16,6,52,74,-4,16,-16,25,21,95
PEG,Public Service Enterprise Group,77.28,-16,-11,0,149,122,-23,-3,-15,14,-27,95
AFRM,Affirm Holdings,56.55,20,0,36,0,56,13,16,-4,14,39,95
RYAN,Ryan Specialty,68.32,0,-3,108,0,105,-21,-20,8,22,-11,94
AIG,American International Group,81.88,0,0,15,50,65,-2,3,10,18,29,94
MSGS,Madison Square Garden Sports,196.13,35,0,-7,18,46,21,16,-13,24,48,94
MO,Altria,56.31,-21,0,57,42,78,-28,18,13,13,16,94
BJ,BJ's Wholesale Club,108.42,-30,0,65,7,42,-28,-3,27,55,51,93
K,Kellanova,81.75,-27,-1,56,18,46,-48,16,68,10,46,92
COHR,Coherent Corp.,80.71,33,2,0,12,47,35,9,-11,12,45,92
BOKF,BOK Financial Corporation,98.16,35,0,0,19,54,35,4,-13,11,37,91
UGI,UGI Corporation,34.55,0,17,29,1,47,-10,16,36,2,44,91
GM,General Motors,50.29,35,3,1,8,47,40,9,-15,10,44,91
HST,Host Hotels & Resorts,15.51,74,3,-19,1,59,33,16,-14,-3,32,91
NU,Nubank,13.49,36,14,0,0,50,27,16,-18,16,41,91
MDU,MDU Resources,16.8,-21,1,66,37,83,-26,16,-8,26,8,91
VEEV,Veeva Systems,240.42,19,6,32,5,62,12,9,-7,15,29,91
LULU,Lululemon Athletica,315.99,63,0,0,0,63,35,8,-7,-9,27,90
INGR,Ingredion,135.24,-1,9,0,31,39,-1,14,-15,53,51,90
HIW,Highwoods Properties,29.89,75,9,0,3,87,-5,16,-19,10,2,89
DAR,Darling Ingredients,36.88,103,3,-13,-17,76,42,15,-17,-27,13,89
UTHR,United Therapeutics,299.48,-6,0,-2,54,46,-9,11,-16,56,42,88
FSLR,First Solar,192.98,33,2,-26,59,68,45,16,-38,-3,20,88
OWL,Blue Owl Capital,19.96,35,0,1,0,36,33,8,-8,18,51,87
GLW,Corning Inc.,46.97,21,2,6,14,43,29,9,-7,11,42,85
HXL,Hexcel,53.83,52,0,-16,-2,34,61,4,-8,-6,51,85
VNO,Vornado Realty Trust,39.14,71,3,4,1,79,-5,9,-10,12,6,85
PLNT,Planet Fitness,97.98,0,0,50,10,60,6,10,-2,11,25,85
OSK,Oshkosh Corporation,100.92,63,2,-13,1,53,33,7,-7,-2,31,84
GTLB,GitLab,53.37,36,0,-8,0,28,40,8,-7,15,56,84
VRTX,Vertex Pharmaceuticals,420.9,-49,-7,-2,101,43,-2,-2,10,34,40,83
HSIC,Schein (Henry),70.06,55,0,0,0,55,47,7,-6,-20,28,83
SWKS,Skyworks Solutions,72.25,119,1,-30,-27,63,43,11,-33,-2,19,82
FIVE,Five Below,104.24,67,5,0,-13,59,33,14,-12,-12,23,82
MCHP,Microchip Technology,60.66,113,3,-33,0,83,36,9,-42,-4,-1,82
XYL,Xylem Inc.,125.4,36,3,0,19,58,31,13,-39,19,24,82
CNM,Core & Main,52.99,17,5,6,0,28,24,16,-7,21,54,82
TPG,TPG Inc.,52.97,35,0,0,0,35,33,9,-11,16,47,82
BIRK,Birkenstock,54.45,36,5,2,0,43,29,16,-7,0,38,81
GPK,Graphic Packaging,23.1,0,-47,-6,55,2,39,-10,-19,68,78,80
ABNB,Airbnb,137.44,36,2,0,0,38,33,16,-5,-2,42,80
ZBRA,Zebra Technologies,299.48,43,0,-8,-4,31,39,8,-8,10,49,80
NWSA,News Corp (Class A),28.27,0,3,4,55,62,-12,16,-4,18,18,80
COIN,Coinbase,263.43,21,2,1,0,24,35,16,-10,15,56,80
SNDR,Schneider National,24.42,61,0,-10,0,51,33,2,-14,7,28,79
LH,Labcorp,242.4,-1,9,42,12,62,-5,9,-2,15,17,79
ABT,Abbott Laboratories,128.55,-17,0,43,10,36,-21,18,35,11,43,79
PVH,PVH Corp.,87.28,35,2,-19,1,19,63,16,-15,-4,60,79
SN,SharkNinja,101.11,36,3,1,0,40,35,9,-5,0,39,79
TDC,Teradata,23.34,112,0,-66,-14,32,65,8,-14,-13,46,78
HUBS,HubSpot,670.19,21,0,4,8,33,18,15,-5,16,44,77
HAS,Hasbro,65.22,36,3,1,0,40,35,14,-21,8,36,76
DLTR,Dollar Tree,86.05,63,20,0,-12,71,-7,19,12,-19,5,76
VLO,Valero Energy,134.33,37,3,-31,41,50,29,5,-6,-2,26,76
EVRG,Evergy,64.05,-35,-3,45,11,18,-30,16,64,7,57,75
QRVO,Qorvo,79.47,120,3,-30,-28,65,35,11,-34,-2,10,75
ZG,Zillow (Class A),67.25,26,-1,41,-38,28,26,9,-5,17,47,75
ALLY,Ally Financial,35.78,35,2,0,1,38,27,4,-8,13,36,74
ZI,ZoomInfo,10.34,98,1,-10,0,89,21,7,-15,-29,-16,73
EGP,EastGroup Properties,168.2,71,0,-7,5,69,-7,15,-2,-2,4,73
GL,Globe Life,119.26,0,-7,32,11,36,-12,1,43,5,37,73
TROW,T. Rowe Price,97.31,63,1,-10,-22,32,34,9,-12,10,41,73
CSX,CSX Corporation,31.05,74,2,-23,1,54,34,6,-19,-3,18,72
CCK,Crown Holdings,99.69,27,13,4,2,46,7,16,-6,9,26,72
MIDD,Middleby,148.59,34,0,1,0,35,27,3,-3,10,37,72
BKR,Baker Hughes,37.84,28,-29,1,32,32,21,2,-6,23,40,72
CVX,Chevron Corporation,141.68,28,-28,-7,45,38,29,-26,27,3,33,71
PEN,"Penumbra, Inc.",288.98,-2,17,19,8,42,-8,16,33,-12,29,71
NEE,NextEra Energy,72.2,36,2,0,0,38,40,4,-21,10,33,71
DLB,Dolby Laboratories,76.94,30,0,1,6,37,27,8,-7,5,33,70
AFL,Aflac,103.88,-21,-5,0,55,29,-22,16,-6,52,40,69
WEC,WEC Energy Group,102.19,-31,-1,42,10,20,-30,16,55,8,49,69
AMGN,Amgen,262.14,-56,-21,-6,162,79,-6,-36,-1,33,-10,69
NLY,Annaly Capital Management,19.53,1,0,5,7,13,34,10,-1,13,56,69
TXT,Textron,75.22,35,3,-22,50,66,34,13,-43,-2,2,68
PHM,PulteGroup,102.03,-1,0,-10,62,51,-2,14,-21,26,17,68
SARO,StandardAero,30.2,35,3,0,0,38,27,10,-8,0,29,67
GXO,GXO Logistics,41.06,115,3,-24,0,94,-9,9,-22,-5,-27,67
NSC,Norfolk Southern,241.15,21,2,0,1,24,33,16,-17,11,43,67
BBY,Best Buy,73.4,45,0,-11,-3,31,36,9,-22,13,36,67
CROX,Crocs,118.25,61,5,-29,1,38,65,5,-39,-2,29,67
BEPC,Brookfield Renewable Partners,29.31,28,4,0,0,32,33,15,-20,7,35,67
CI,Cigna,303.19,-42,-2,-1,55,10,-21,16,7,54,56,66
AXTA,Axalta,32.85,16,0,-3,19,32,13,14,-16,23,34,66
SITE,SiteOne Landscape Supply,124.47,70,0,-13,-6,51,27,9,-16,-5,15,66
COKE,Coca-Cola Consolidated,1145.83,-14,-10,0,63,39,-9,-10,-3,49,27,66
KNSL,Kinsale Capital Group,438.99,-7,-4,0,30,19,-9,-14,-14,82,45,64
TEAM,Atlassian,224.93,15,0,6,-3,18,28,15,-5,8,46,64
THO,Thor Industries,81.45,61,0,-13,-3,45,29,9,-16,-3,19,64
WTW,Willis Towers Watson,303.3,-12,-15,81,21,75,-21,-15,-2,26,-12,63
POST,Post Holdings,108.25,-42,-6,0,84,36,-12,-13,-2,54,27,63
WH,Wyndham Hotels & Resorts,87.44,21,-48,39,8,20,26,8,-4,12,42,62
DOX,Amdocs,89.67,-7,12,4,55,64,-9,10,-6,2,-3,61
WDC,Western Digital,49.19,21,3,0,15,39,25,14,-15,-2,22,61
XEL,Xcel Energy,68.79,-21,-3,38,9,23,-30,16,46,6,38,61
HPQ,HP Inc.,28.66,36,2,-12,1,27,29,8,-16,13,34,61
CTRA,Coterra,24.98,14,-28,1,41,28,23,-26,25,10,32,60
TFC,Truist Financial,41.22,21,2,0,1,24,27,8,-10,11,36,60
SMCI,Supermicro,44.99,21,0,-38,55,38,29,2,-3,-6,22,60
NVR,"NVR, Inc.",7167.61,0,-1,-10,62,51,-1,3,-19,26,9,60
PLD,Prologis,107.61,71,0,-10,0,61,-6,14,-7,-2,-1,60
ESTC,Elastic NV,93.07,23,0,0,-3,20,37,8,-5,-1,39,59
QCOM,Qualcomm,152.97,36,1,-12,19,44,45,11,-39,-2,15,59
AGNC,AGNC Investment,8.95,21,-31,0,13,3,35,8,-1,14,56,59
SW,Smurfit Westrock,46.6,30,0,0,0,30,35,4,-10,0,29,59
CAVA,Cava Group,99.6,21,0,-1,0,20,35,18,-15,0,38,58
DHI,D. R. Horton,122.07,-6,-1,-15,62,40,-1,14,-22,27,18,58
ADC,Agree Realty,72.43,-44,-3,50,13,16,-35,56,10,10,41,57
AEE,Ameren,94.99,-31,-3,43,10,19,-33,16,48,7,38,57
GNRC,Generac,128.56,63,0,-7,-31,25,35,5,-15,7,32,57
EQIX,Equinix,859.06,-4,3,0,31,30,-2,16,-10,23,27,57
FANG,Diamondback Energy,144.77,33,0,-16,44,61,28,4,-35,-2,-5,56
BBWI,"Bath & Body Works, Inc.",34.01,35,2,-12,-12,13,34,14,-3,-3,42,55
ALGM,Allegro MicroSystems,27.02,35,2,1,0,38,29,3,-2,-13,17,55
DINO,HF Sinclair,37.21,71,5,-37,-6,33,65,10,-49,-5,21,54
DXCM,Dexcom,86.53,63,7,0,-11,59,-11,16,-4,-6,-5,54
RH,RH,216.03,36,0,-11,-4,21,33,4,-10,6,33,54
ULTA,Ulta Beauty,411.22,21,13,0,0,34,19,16,-10,-6,19,53
VAC,Marriott Vacations Worldwide,72.21,71,2,-12,-14,47,35,5,-12,-22,6,53
BHF,Brighthouse Financial,59.3,22,6,5,8,41,-2,12,-4,5,11,52
LUV,Southwest Airlines,31.38,92,2,3,-36,61,-3,5,-12,1,-9,52
OHI,Omega Healthcare Investors,35.89,0,-8,0,37,29,14,-1,-18,28,23,52
SEE,Sealed Air,32.44,49,3,-11,-21,20,61,14,-14,-29,32,52
X,U.S. Steel,41.63,0,5,6,23,34,-8,13,10,3,18,52
PNW,Pinnacle West Capital,88.29,-37,-2,55,15,31,-28,16,9,23,20,51
LNT,Alliant Energy,60.47,-21,-3,55,11,42,-19,6,12,10,9,51
GPN,Global Payments,83.12,71,-63,-14,-36,-42,108,3,-11,-7,93,51
AGO,Assured Guaranty,86.34,-28,2,33,53,60,-38,16,-7,19,-10,50
PAYC,Paycom,257.3,37,16,6,-21,38,33,16,-3,-34,12,50
MRP,Millrose Properties,27.77,21,0,0,0,21,16,13,0,0,29,50
FI,Fiserv,189.85,21,-29,1,32,25,18,-15,-2,24,25,50
MSM,MSC Industrial Direct,79.06,21,3,-51,55,28,27,18,-18,-6,21,49
HHH,Howard Hughes Holdings,70.95,56,0,0,-3,53,-5,4,-15,11,-5,48
PK,Park Hotels & Resorts,11.02,35,0,-13,-4,18,33,14,-15,-2,30,48
BLD,TopBuild,299.89,0,0,-16,43,27,23,9,-33,22,21,48
SPG,Simon Property Group,161.15,0,0,0,32,32,-9,9,-2,18,16,48
BWXT,BWX Technologies,107.17,-9,1,0,32,24,-12,18,-12,28,22,46
LNW,Light & Wonder,84.21,-7,-33,-8,54,6,12,8,-2,22,40,46
MTDR,Matador Resources,45.89,35,0,-16,0,19,35,3,-9,-3,26,45
PSN,Parsons Corporation,66.91,7,0,-14,0,-7,36,1,-17,32,52,45
CUZ,Cousins Properties,27.98,33,2,0,8,43,-7,10,-11,10,2,45
JNPR,Juniper Networks,36.06,-5,0,0,51,46,-7,12,-24,17,-2,44
ALLE,Allegion,141.06,0,15,3,18,36,-7,15,-19,19,8,44
CHRW,C.H. Robinson,98.02,21,1,0,1,23,26,3,-14,5,20,43
MUSA,Murphy USA,438.88,-35,-5,-2,65,23,-35,-5,-16,76,20,43
ST,Sensata Technologies,27.8,112,3,-29,-12,74,29,7,-36,-32,-32,42
DD,DuPont,68.21,28,0,-8,15,35,-1,8,-22,22,7,42
CART,Maplebear Inc.,45.21,5,1,10,0,16,12,18,-4,0,26,42
G,Genpact,43.23,0,-8,40,0,32,10,-5,-2,7,10,42
AMH,American Homes 4 Rent,37.42,-12,22,3,65,78,-38,16,-26,12,-36,42
ROKU,"Roku, Inc.",71.88,21,0,0,-16,5,32,8,-5,1,36,41
MDB,MongoDB Inc.,193.73,36,0,-13,-6,17,36,8,-14,-6,24,41
ATR,AptarGroup,152.44,0,9,0,17,26,-8,16,-15,22,15,41
ED,Consolidated Edison,99.27,-36,-2,15,44,21,-28,-3,9,42,20,41
MKSI,MKS Instruments,93.94,36,2,-14,-10,14,29,8,-8,-2,27,41
LOAR,Loar Holdings,83.39,-10,26,0,0,16,-6,30,1,0,25,41
AOS,A. O. Smith,68.34,35,3,-29,55,64,-1,15,-35,-2,-23,41
CMS,CMS Energy,68.8,-31,-2,63,20,50,-28,-1,9,11,-9,41
GRAL,"Grail, Inc.",32.88,-5,0,0,0,-5,34,16,-4,0,46,41
A,Agilent Technologies,111.51,21,-1,-10,-2,8,35,6,-7,-2,32,40
DAY,Dayforce,59.38,19,0,-7,-9,3,30,16,-11,2,37,40
ALNY,Alnylam Pharmaceuticals,267.56,9,2,4,12,27,12,10,-21,12,13,40
AVY,Avery Dennison,180.52,35,2,-22,1,16,39,16,-30,-2,23,39
LEA,Lear Corporation,94.46,35,3,-55,-14,-31,125,8,-51,-12,70,39
JBHT,J. B. Hunt,147.94,42,0,-18,0,24,34,3,-15,-7,15,39
TER,Teradyne,84.3,36,0,-16,-3,17,29,4,-10,-2,21,38
DLR,Digital Realty,165.6,0,9,0,19,28,-12,16,-11,16,9,37
GME,GameStop,28.73,25,6,0,-27,4,30,17,-10,-4,33,37
LSCC,Lattice Semiconductor,54.93,23,2,-7,0,18,27,8,-4,-12,19,37
DBX,Dropbox,29.62,0,6,6,6,18,2,18,-7,5,18,36
NDSN,Nordson,201.13,35,2,-23,0,14,34,8,-16,-4,22,36
MDT,Medtronic,84.24,21,-28,0,-3,-10,32,3,-1,10,44,34
Z,Zillow (Class C),68.2,26,-49,41,-4,14,-1,9,-5,17,20,34
SOLV,Solventum,71.15,35,0,0,0,35,-2,4,-3,0,-1,34
SMG,Scotts Miracle-Gro Company,58.91,59,0,-9,-36,14,27,2,-19,10,20,34
JLL,Jones Lang LaSalle,236.04,21,-35,0,11,-3,25,8,-7,11,37,34
KVUE,Kenvue,23.19,-9,5,30,0,26,-12,14,6,0,8,34
GEHC,GE HealthCare,72.83,35,0,-7,0,28,-1,6,-5,5,5,33
VFC,VF Corporation,14.75,92,-49,-7,-40,-4,35,4,-7,4,36,32
TTC,Toro Company (The),75.39,71,2,-22,-4,47,29,8,-35,-17,-15,32
ECL,Ecolab,250.15,-4,1,3,19,19,-12,11,-2,16,13,32
OVV,Ovintiv,38.97,35,2,-24,0,13,29,3,-11,-3,18,31
FE,FirstEnergy,41.15,-31,22,5,52,48,-35,27,-20,11,-17,31
APPF,AppFolio,211.62,0,-2,-5,25,18,-7,2,-7,25,13,31
NEM,Newmont,48.65,-21,27,0,-1,5,-29,42,6,7,26,31
LHX,L3Harris,219.84,0,25,-1,2,26,-7,18,-18,11,4,30
WMS,Advanced Drainage Systems,121.67,33,3,-27,1,10,29,16,-41,16,20,30
CGNX,Cognex Corporation,32.08,112,1,-27,-28,58,37,7,-35,-37,-28,30
NVST,Envista,17.94,71,0,-10,0,61,-2,9,-10,-29,-32,29
TFSL,Third Federal S&L,13.37,0,16,4,2,22,-10,17,-16,16,7,29
JKHY,Jack Henry & Associates,177.79,35,-2,3,1,37,-5,2,-14,8,-9,28
KMB,Kimberly-Clark,133.54,39,-16,0,15,38,-6,-37,10,23,-10,28
APTV,Aptiv,69.42,119,3,0,-21,101,34,9,-84,-33,-74,27
VVV,Valvoline,34.91,18,0,-13,28,33,26,4,-35,-1,-6,27
IP,International Paper,50.33,21,-34,1,13,1,19,1,-7,13,26,27
INFA,Informatica,19.39,23,0,-29,0,-6,35,16,-14,-4,33,27
TTEK,Tetra Tech,34.73,35,1,-16,2,22,-8,16,-19,16,5,27
LCID,Lucid Motors,2.76,24,0,-19,0,5,28,30,-4,-32,22,27
UHAL-B,U-Haul (Series N),58.34,22,0,-10,0,12,25,8,-24,6,15,27
QGEN,Qiagen,41.16,-8,0,-2,0,-10,-7,41,-8,10,36,26
FND,Floor & Decor,79.94,33,0,-22,-3,8,33,4,-16,-3,18,26
ELAN,Elanco,12.89,42,6,-24,-4,20,40,8,-40,-3,5,25
EIX,Edison International,56.4,3,5,-19,1,-10,-12,16,-16,47,35,25
HII,Huntington Ingalls Industries,223.06,-21,41,-1,3,22,-12,17,3,-6,2,24
AEP,American Electric Power,98.58,-35,-3,60,20,42,-38,-1,10,11,-18,24
MTD,Mettler Toledo,1117.13,21,0,-10,0,11,34,8,-28,-2,12,23
CE,Celanese,52.49,115,0,-30,-7,78,-7,5,-48,-6,-56,22
NBIX,Neurocrine Biosciences,118.76,0,0,-15,22,7,10,13,-7,-1,15,22
U,Unity Technologies,21.52,20,0,0,0,20,21,16,-4,-32,1,21
EW,Edwards Lifesciences,76.71,7,15,0,-11,11,9,16,17,-32,10,21
CNXC,Concentrix,54.79,35,3,0,0,38,-1,6,8,-30,-17,21
RIVN,Rivian,14.81,32,5,0,0,37,-1,13,-10,-18,-16,21
ACI,Albertsons,21.54,-12,20,12,0,20,-20,11,14,-6,-1,19
RNR,RenaissanceRe,239.6,-8,0,-1,32,23,-21,8,-16,25,-4,19
WAT,Waters Corporation,345.17,0,-1,0,11,10,-5,9,-7,11,8,18
BC,Brunswick Corporation,52.19,34,0,-25,-4,5,32,3,-16,-6,13,18
CPRI,Capri Holdings,18.63,92,0,-59,-8,25,41,4,-23,-29,-7,18
FRT,Federal Realty Investment Trust,95.2,2,0,-10,1,-7,13,16,-16,11,24,17
EA,Electronic Arts,147.22,-18,25,0,4,11,-33,17,3,18,5,16
AFG,American Financial Group,122.0,-42,-6,0,53,5,-1,16,-15,11,11,16
CUBE,CubeSmart,42.26,0,9,-10,19,18,-5,14,-23,11,-3,15
BRBR,BellRing Brands,63.47,-49,-7,1,0,-55,18,34,-6,24,70,15
PARAA,Paramount Global (Class A),22.59,-6,-8,26,0,12,-17,8,8,3,2,14
PSA,Public Storage,298.07,0,4,-1,12,15,-5,16,-22,10,-1,14
RNG,RingCentral,27.86,113,0,-13,-38,62,-2,8,-13,-42,-49,13
MAA,Mid-America Apartment Communities,158.28,-14,2,45,4,37,-44,14,-2,8,-24,13
FNF,Fidelity National Financial,56.84,-35,-5,0,55,15,-38,9,9,18,-2,13
EPAM,EPAM Systems,184.38,45,0,-13,-24,8,35,8,-4,-34,5,13
DJT,Trump Media & Technology Group,26.04,21,2,-43,0,-20,32,17,-11,-6,32,12
WPC,W. P. Carey,60.02,-21,0,16,0,-5,-14,16,13,2,17,12
TAP,Molson Coors,55.48,9,-14,-2,11,4,26,-20,-1,2,7,11
BG,Bunge Global,81.96,18,23,-31,0,10,21,16,-34,-2,1,11
BLDR,Builders FirstSource,119.49,19,-71,-15,62,-5,27,-60,-19,68,16,11
AMKR,Amkor Technology,20.1,36,0,-27,0,9,29,9,-35,-2,1,10
PCG,PG&E Corporation,17.01,0,9,-17,1,-7,-20,16,-16,37,17,10
XYZ,"Block, Inc.",58.51,21,0,-11,-33,-23,38,-3,-12,10,33,10
AAL,American Airlines Group,11.85,91,0,-8,-73,10,35,8,-8,-36,-1,9
CHH,Choice Hotels,127.32,13,-47,-2,12,-24,21,4,-4,11,32,8
BXP,"BXP, Inc.",66.1,21,1,-7,-36,-21,18,16,-16,10,28,7
VTR,"Ventas, Inc.",63.73,-70,-2,59,19,6,-37,16,10,12,1,7
AES,AES Corporation,12.51,50,2,-29,-8,15,49,3,-40,-21,-9,6
VZ,Verizon,42.35,-15,-1,17,7,8,-29,6,10,11,-2,6
FIS,Fidelity National Information Services,78.04,23,18,0,-34,7,-9,16,-17,8,-2,5
PARA,Paramount Global (Class B),11.81,30,4,0,-36,-2,40,10,-1,-42,7,5
IDA,Idacorp,110.39,-37,-3,43,15,18,-34,-1,13,7,-15,3
ESS,Essex Property Trust,278.59,-12,-8,0,11,-9,-7,10,-2,11,12,3
MASI,Masimo,153.13,-2,-41,33,-3,-13,-5,16,-2,7,16,3
CFLT,"Confluent, Inc.",23.5,20,-49,-3,0,-32,41,-2,-5,1,35,3
SBUX,Starbucks,86.54,21,-38,0,0,-17,16,2,-2,4,20,3
AMTM,Amentum,20.98,-7,15,0,0,8,-12,16,-9,0,-5,3
EXC,Exelon,42.25,-38,-1,42,11,14,-30,-2,13,7,-12,2
SFD,Smithfield Foods,22.39,-1,0,0,0,-1,-13,16,0,0,3,2
RKT,Rocket Companies,12.6,12,-8,-6,0,-2,13,-32,5,17,3,1
SWK,Stanley Black & Decker,71.86,32,0,-16,-36,-20,29,3,-22,11,21,1
ON,ON Semiconductor,45.22,28,2,-24,-3,3,31,9,-30,-12,-2,1
INSP,Inspire Medical Systems,155.81,23,0,-10,-3,10,16,4,-15,-14,-9,1
CSGP,CoStar Group,75.69,-11,-7,-2,11,-9,7,-2,10,-6,9,0
WFRD,Weatherford International,49.95,35,0,-31,0,4,29,4,-35,-2,-4,0
MHK,Mohawk Industries,107.25,30,-1,-13,-8,8,-2,3,-21,11,-9,-1
MP,MP Materials,21.09,-42,-4,19,0,-27,2,-11,32,1,24,-3
BALL,Ball Corporation,52.9,18,3,-22,-8,-9,22,15,-29,-2,6,-3
EQR,Equity Residential,69.06,-14,2,0,10,-2,-11,16,-16,10,-1,-3
OTIS,Otis Worldwide,96.04,-1,-16,0,0,-17,-12,3,-1,23,13,-4
HOG,Harley-Davidson,24.95,34,2,-30,-6,0,25,4,-25,-8,-4,-4
AA,Alcoa,29.62,34,0,-8,-17,9,27,3,-14,-29,-13,-4
CCCS,CCC Intelligent Solutions,9.03,23,0,-15,0,8,-9,12,-14,-3,-14,-6
NOC,Northrop Grumman,456.28,-20,-2,-1,55,32,-41,-10,4,9,-38,-6
TREX,"Trex Company, Inc.",60.37,21,0,-41,-10,-30,28,11,-13,-3,23,-7
UDR,"UDR, Inc.",41.14,-14,-6,0,4,-16,-14,14,-2,10,8,-8
BILL,Bill.com,48.03,21,0,-11,0,10,13,9,-7,-34,-19,-9
GLPI,Gaming and Leisure Properties,45.95,-95,-11,0,62,-44,-12,-6,-1,54,35,-9
RPRX,Royalty Pharma,32.3,-9,6,19,0,16,-17,14,13,-35,-25,-9
CACC,Credit Acceptance,496.0,2,0,0,0,2,-12,4,-2,-2,-12,-10
DVA,DaVita,139.8,-5,-22,0,17,-10,4,-14,-7,16,-1,-11
MGM,MGM Resorts International,34.92,36,3,-43,0,-4,33,16,-50,-6,-7,-11
PINC,"Premier, Inc.",22.52,0,14,4,-25,-7,-15,40,2,-31,-4,-11
EMN,Eastman Chemical Company,80.78,21,-46,-8,0,-33,27,3,-22,12,20,-13
APD,Air Products,271.44,22,-47,0,13,-12,-7,4,-6,7,-2,-14
BFAM,Bright Horizons,119.9,-32,1,0,5,-26,-12,10,2,12,12,-14
INTC,Intel,21.55,35,-1,-56,-17,-39,35,3,-4,-9,25,-14
MTN,Vail Resorts,149.82,35,0,-20,-20,-5,35,3,-14,-33,-9,-14
GFS,GlobalFoundries,40.03,35,2,-69,0,-32,27,8,-4,-14,17,-15
EXR,Extra Space Storage,145.81,-7,0,-1,0,-8,-12,16,-23,10,-9,-17
COO,Cooper Companies (The),80.46,-8,0,-14,-2,-24,-9,16,-19,19,7,-17
KRC,Kilroy Realty,31.54,23,0,-7,-37,-21,-5,14,-13,8,4,-17
EG,Everest Group,341.23,-1,-8,-23,52,20,-12,1,-24,-2,-37,-17
TRIP,Tripadvisor,15.71,74,2,-48,-49,-21,40,8,-5,-41,2,-19
INVH,Invitation Homes,33.44,-14,1,-1,4,-10,-44,16,8,11,-9,-19
DNB,Dun & Bradstreet,8.98,0,0,-13,0,-13,27,16,-15,-34,-6,-19
CZR,Caesars Entertainment,30.7,24,0,-13,-22,-11,32,16,-22,-34,-8,-19
WSC,WillScot Mobile Mini,29.97,35,0,-52,-3,-20,29,8,-29,-9,-1,-21
WBA,Walgreens Boots Alliance,11.14,52,3,0,-74,-19,-6,18,17,-32,-3,-22
NWL,Newell Brands,5.9,35,0,-14,-28,-7,29,3,-14,-33,-15,-22
SON,Sonoco,45.15,51,1,-31,-2,19,-7,4,-29,-11,-43,-24
LEN-B,Lennar (Class B),104.44,36,-115,-15,59,-35,-1,7,-22,26,10,-25
NNN,NNN Reit,40.65,-14,1,-1,19,5,-35,16,-22,11,-30,-25
DV,DoubleVerify,14.94,21,0,-57,0,-36,14,9,-5,-7,11,-25
CPT,Camden Property Trust,115.72,-7,1,3,0,-3,-38,9,-2,8,-23,-26
WTRG,Essential Utilities,36.96,-21,-1,0,-1,-23,-31,16,9,2,-4,-27
ADM,Archer Daniels Midland,49.48,26,4,-33,-8,-11,20,16,-35,-17,-16,-27
FAF,First American Financial Corporation,59.29,-35,-8,0,11,-32,-7,3,-6,15,5,-27
ENTG,Entegris,81.8,16,0,-31,-3,-18,21,8,-36,-2,-9,-27
DVN,Devon Energy,33.96,35,2,-37,-2,-2,33,4,-43,-19,-25,-27
CL,Colgate-Palmolive,87.56,-30,-10,-2,20,-22,-23,-5,-1,23,-6,-28
SBAC,SBA Communications,222.68,-21,23,0,-17,-15,-35,16,4,2,-13,-28
POOL,Pool Corporation,308.96,23,-46,-10,-3,-36,27,3,-16,-6,8,-28
SHC,Sotera Health,12.8,0,8,-14,0,-6,-12,10,-19,-3,-24,-30
IAC,IAC Inc.,38.89,35,3,-27,-28,-17,40,4,-22,-35,-13,-30
EXAS,Exact Sciences,54.93,3,9,-15,-22,-25,13,13,-19,-13,-6,-31
AMT,American Tower,204.48,-21,-2,0,0,-23,-38,15,7,8,-8,-31
KMX,CarMax,67.82,61,-52,-6,-33,-30,21,-21,-10,8,-2,-32
WY,Weyerhaeuser,26.01,35,-29,-10,0,-4,-5,3,-22,-5,-29,-33
VTRS,Viatris,8.4,-8,0,-12,-4,-24,-19,10,-16,16,-9,-33
GPC,Genuine Parts Company,124.25,21,1,-37,0,-15,27,15,-47,-14,-19,-34
WEX,WEX Inc.,137.64,21,-29,-30,-2,-40,29,3,-21,-5,6,-34
SLB,Schlumberger,36.02,35,-29,-57,0,-51,29,3,-8,-7,17,-34
AMED,Amedisys,94.43,-17,20,3,-37,-31,-38,16,12,7,-3,-34
ACHC,Acadia Healthcare,25.72,63,-55,-35,-8,-35,40,2,-29,-13,0,-35
MKC,McCormick & Company,73.55,-8,-21,0,-1,-30,-14,2,-1,7,-6,-36
VKTX,Viking Therapeutics,26.59,-7,0,-27,18,-16,-9,12,-20,-3,-20,-36
RGEN,Repligen,127.96,-8,0,-3,-14,-25,13,16,-7,-34,-12,-37
CERT,"Certara, Inc.",11.72,-7,0,-2,0,-9,-10,16,-5,-29,-28,-37
PPG,PPG Industries,111.66,21,3,-33,-5,-14,-6,11,-24,-5,-24,-38
JNJ,Johnson & Johnson,146.32,-25,-4,-1,0,-30,-25,14,-1,3,-9,-39
ES,Eversource Energy,61.35,0,6,0,-7,-1,-1,9,-22,-25,-39,-40
MEDP,Medpace,291.75,-5,-46,-14,29,-36,-5,8,-6,-1,-4,-40
UAA,Under Armour (Class A),6.28,21,0,-15,-41,-35,29,13,-15,-34,-7,-42
CIVI,Civitas Resources,31.07,21,0,-42,-3,-24,26,3,-42,-6,-19,-43
CHRD,Chord Energy,97.9,34,-29,-37,1,-31,29,3,-41,-3,-12,-43
AVB,AvalonBay Communities,201.54,-15,-47,0,13,-49,-7,16,-15,12,6,-43
NSA,National Storage Affiliates,34.6,-22,-7,-2,-1,-32,-12,14,-23,9,-12,-44
AWK,American Water Works,133.81,-21,-2,0,0,-23,-34,-3,9,5,-23,-46
UA,Under Armour (Class C),5.99,21,0,-15,-34,-28,29,5,-19,-34,-19,-47
AKAM,Akamai Technologies,77.5,-28,0,-13,-4,-45,2,15,-13,-7,-3,-48
SAIA,Saia,289.21,21,-60,-13,1,-51,34,-15,-15,-2,2,-49
AMCR,Amcor,9.18,-8,-29,-7,0,-44,-7,16,-22,8,-5,-49
SYY,Sysco,71.09,-1,-28,-3,0,-32,-19,3,-15,11,-20,-52
UNH,UnitedHealth Group,307.95,-133,-19,-5,-1,-158,-43,-14,-18,181,106,-52
OMC,Omnicom Group,76.04,0,-107,-14,42,-79,-7,5,-19,47,26,-53
ROIV,Roivant Sciences,10.65,-35,13,-2,0,-24,-51,16,-15,21,-29,-53
NOV,NOV Inc.,13.1,35,-29,-42,-9,-45,32,3,-33,-12,-10,-55
ELV,Elevance Health,374.1,-14,-2,-31,0,-47,-12,-17,5,14,-10,-57
NUE,Nucor,117.07,0,0,-42,0,-42,-2,10,-19,-5,-16,-58
COP,ConocoPhillips,92.58,21,-29,-32,1,-39,29,3,-48,-5,-21,-60
JAZZ,Jazz Pharmaceuticals,106.6,0,-34,-2,-3,-39,15,3,-3,-36,-21,-60
D,Dominion Energy,54.01,-14,1,0,-31,-44,-22,16,-17,7,-16,-60
COLM,Columbia Sportswear,67.04,42,-46,-8,-3,-15,-7,-45,-3,10,-45,-60
W,Wayfair,38.51,35,3,-50,-38,-50,31,9,-14,-37,-11,-61
CMCSA,Comcast,34.55,23,-28,-22,-6,-33,-7,3,-19,-5,-28,-61
FIVN,Five9,28.4,35,0,-66,-32,-63,35,8,-4,-37,2,-61
INCY,Incyte,61.14,4,-52,-6,-28,-82,23,11,-18,4,20,-62
REXR,Rexford Industrial,35.11,71,-29,-33,-15,-6,-2,3,-28,-29,-56,-62
LINE,"Lineage, Inc.",45.88,0,-28,0,0,-28,-5,-11,-18,0,-34,-62
OXY,Occidental Petroleum,43.83,35,-29,-42,0,-36,29,3,-46,-13,-27,-63
ENOV,Enovis,36.22,21,0,-52,-14,-45,24,4,-12,-34,-18,-63
QS,QuantumScape,4.32,33,0,-71,0,-38,33,8,-35,-33,-27,-65
CCI,Crown Castle,98.22,-21,0,-1,-25,-47,-42,14,7,2,-19,-66
QDEL,QuidelOrtho,33.53,35,0,-10,-35,-10,-8,5,-10,-44,-57,-67
PLTK,Playtika,4.97,-34,0,-13,0,-47,-7,28,-14,-28,-21,-68
NFE,New Fortress Energy,6.78,41,-59,-58,0,-76,35,3,-9,-22,7,-69
LYB,LyondellBasell,59.17,21,-40,-31,-2,-52,29,3,-45,-4,-17,-69
SUI,Sun Communities,118.59,-44,-7,-2,-21,-74,-12,14,-6,8,4,-70
HSY,Hershey Company (The),161.73,-14,-2,-32,-1,-49,-12,7,-1,-16,-22,-71
IONS,Ionis Pharmaceuticals,32.59,0,6,-36,-8,-38,-5,12,-33,-7,-33,-71
YETI,Yeti Holdings,31.38,21,-85,-22,-3,-89,34,3,-13,-7,17,-72
DXC,DXC Technology,16.59,23,0,-12,-70,-59,29,8,-19,-31,-13,-72
M,"Macy's, Inc.",12.1,21,-85,-18,-12,-94,29,6,-12,-3,20,-74
WHR,Whirlpool Corporation,83.65,35,-73,-11,-23,-72,35,2,-7,-33,-3,-75
FCN,FTI Consulting,161.71,-12,0,-24,0,-36,-23,16,-34,-2,-43,-79
BIO,Bio-Rad Laboratories,238.53,0,-1,-14,-25,-40,-3,16,-19,-34,-40,-80
LEN,Lennar (Class A),108.37,0,-135,-17,61,-91,-3,8,-22,27,10,-81
CVS,CVS Health,60.02,-31,-1,0,-14,-46,-21,-1,12,-25,-35,-81
NCNO,nCino,24.26,35,-101,-13,0,-79,-5,5,-15,12,-3,-82
PENN,Penn Entertainment,16.18,20,-49,-10,-31,-70,26,8,-5,-41,-12,-82
ALGN,Align Technology,187.65,28,0,-54,-22,-48,32,17,-49,-35,-35,-83
DG,Dollar General,87.69,-22,44,-44,-14,-36,-30,-3,9,-23,-47,-83
CNC,Centene,59.45,-13,-2,-31,-8,-54,-12,3,4,-25,-30,-84
FBIN,Fortune Brands Innovations,54.68,21,-115,-13,-2,-109,24,3,-19,17,25,-84
STZ,Constellation Brands,186.83,-7,9,-32,0,-30,-19,16,-48,-5,-56,-86
WBD,Warner Bros. Discovery,9.19,36,-29,0,-39,-32,-8,3,-7,-42,-54,-86
MPW,Medical Properties Trust,4.93,-14,-3,0,-33,-50,-12,-1,9,-32,-36,-86
BDX,Becton Dickinson,171.03,0,-56,-15,-2,-73,34,-30,-6,-12,-14,-87
GMED,Globus Medical,58.15,-28,-58,-2,-1,-89,3,-4,-7,9,1,-88
TXG,10x Genomics,9.12,36,0,-63,0,-27,31,8,-62,-39,-62,-89
FRPT,Freshpet,78.72,0,-66,-11,-3,-80,-22,3,-7,16,-10,-90
CLVT,Clarivate,4.51,21,1,-64,-3,-45,5,12,-24,-39,-46,-91
KDP,Keurig Dr Pepper,32.69,-49,-2,0,0,-51,-49,-6,5,9,-41,-92
RYN,Rayonier,23.67,0,-28,-7,-2,-37,-5,-28,-19,-6,-58,-95
ZTS,Zoetis,154.68,-2,-46,-22,-2,-72,-9,9,-25,-2,-27,-99
SIRI,Sirius XM,21.87,49,0,-70,-28,-49,-9,7,-36,-14,-52,-101
TSN,Tyson Foods,54.5,-56,-8,-1,-25,-90,-19,-8,8,8,-11,-101
IRDM,Iridium Communications,25.32,0,-46,-8,-16,-70,-12,7,-10,-16,-31,-101
IPGP,IPG Photonics,65.27,23,2,-73,-41,-89,33,9,-14,-41,-13,-102
WST,West Pharmaceutical Services,206.78,-7,-63,-14,-4,-88,-7,10,-14,-5,-16,-104
BF-B,Brown–Forman (Class B),34.8,36,3,-90,-15,-66,-7,16,-22,-25,-38,-104
ELS,Equity Lifestyle Properties,62.43,-21,-28,-8,0,-57,-49,7,-19,12,-49,-106
GNTX,Gentex,22.71,34,-101,-29,-5,-101,41,4,-46,-5,-6,-107
WLK,Westlake Corporation,82.55,0,-60,-27,0,-87,27,-9,-39,-3,-24,-111
REGN,Regeneron Pharmaceuticals,571.44,9,-45,-28,0,-64,21,-38,-29,-1,-47,-111
APA,APA Corporation,18.16,30,0,-72,-9,-51,29,3,-76,-16,-60,-111
HR,Healthcare Realty Trust,14.56,-21,-28,-1,-36,-86,-17,2,-16,6,-25,-111
O,Realty Income,54.53,-51,-3,-1,0,-55,-62,16,-21,10,-57,-112
FMC,FMC Corporation,37.18,0,-10,-27,-21,-58,-7,-1,-23,-23,-54,-112
ANGI,Angi Inc.,16.1,42,2,-27,-48,-31,40,-55,-25,-41,-81,-112
CRL,Charles River Laboratories,138.95,42,-36,-41,-23,-58,-6,6,-50,-5,-55,-113
BMRN,BioMarin Pharmaceutical,58.7,-14,-28,-37,-17,-96,-6,8,-2,-19,-19,-115
ONTO,Onto Innovation,104.08,-28,-64,-13,0,-105,3,-4,-8,-1,-10,-115
REYN,Reynolds Consumer Products,22.66,-7,-69,-15,0,-91,-9,1,-27,10,-25,-116
TMO,Thermo Fisher Scientific,408.59,-2,-54,-9,-2,-67,12,-64,-8,11,-49,-116
BMY,Bristol Myers Squibb,44.12,-48,-28,-2,-2,-80,-6,-31,-1,2,-36,-116
DHR,Danaher Corporation,187.81,-7,-74,-16,0,-97,-5,14,-27,-1,-19,-116
IPG,Interpublic Group of Companies (The),25.06,0,-46,-30,0,-76,-7,6,-27,-14,-42,-118
NKE,"Nike, Inc.",61.72,61,-46,-64,-18,-67,42,4,-65,-33,-52,-119
RARE,Ultragenyx,34.73,-7,-58,-14,-35,-114,-8,15,-22,9,-6,-120
HUN,Huntsman Corporation,12.71,21,-39,-32,-12,-62,31,-32,-27,-30,-58,-120
COLD,Americold,17.93,0,-31,-28,-8,-67,-9,-5,-28,-12,-54,-121
BAX,Baxter International,30.32,-7,-29,-10,-35,-81,-11,10,-1,-38,-40,-121
ILMN,"Illumina, Inc.",78.16,21,-79,-15,-37,-110,32,9,-15,-37,-11,-121
XRAY,Dentsply Sirona,16.45,35,0,-68,-39,-72,35,7,-55,-37,-50,-122
LSTR,Landstar,142.37,33,-101,-22,0,-90,-5,3,-29,-4,-35,-125
RVTY,Revvity,91.01,-4,-46,-7,-21,-78,-3,-38,-12,5,-48,-126
IFF,International Flavors & Fragrances,74.62,-42,-60,-10,-28,-140,13,15,-22,8,14,-126
SEG,Seaport Entertainment Group,19.27,-4,-103,0,0,-107,-10,6,-15,0,-19,-126
HRL,Hormel Foods,29.15,-7,-2,-22,-20,-51,-22,-12,-14,-27,-75,-126
SPB,Spectrum Brands,64.98,21,-103,-15,1,-96,26,-64,-14,21,-31,-127
MKTX,MarketAxess,210.79,-21,0,-15,-26,-62,-21,16,-19,-41,-65,-127
TECH,Bio-Techne,47.86,-5,-67,-14,-21,-107,-7,3,-14,-3,-21,-128
LW,Lamb Weston,51.38,0,-10,-59,-5,-74,-12,-18,-13,-11,-54,-128
TGT,Target Corporation,95.25,-4,-66,-18,-8,-96,-7,4,-26,-3,-32,-128
WU,Western Union,9.66,-5,-28,-10,-43,-86,-11,14,-45,-2,-44,-130
MTCH,Match Group,29.41,3,-54,-13,-34,-98,9,14,-20,-35,-32,-130
EL,Estée Lauder Companies (The),64.09,36,0,-107,-23,-94,40,6,-52,-32,-38,-132
SAM,Boston Beer Company,237.99,-12,8,-22,-34,-60,-12,-2,-18,-41,-73,-133
AVTR,Avantor,12.85,20,-67,-16,0,-63,24,-66,-27,-2,-71,-134
SJM,J.M. Smucker Company (The),110.27,-51,0,-2,-1,-54,-62,-2,4,-20,-80,-134
MAN,ManpowerGroup,42.98,21,-29,-33,-25,-66,27,-31,-33,-33,-70,-136
IQV,IQVIA,141.81,-7,-64,-27,-3,-101,-7,2,-29,-3,-37,-138
HAL,Halliburton,21.24,21,-80,-50,-2,-111,29,-1,-49,-6,-27,-138
CPB,Campbell Soup Company,34.3,-10,-28,-19,-3,-60,-12,-38,-26,-2,-78,-138
UPS,United Parcel Service,99.65,21,-38,-93,-13,-123,33,3,-21,-31,-16,-139
AAP,Advance Auto Parts,32.71,2,-55,-39,-25,-117,13,2,-7,-31,-23,-140
LBTYA,Liberty Global (Series A),9.74,0,-29,-27,-28,-84,4,-30,-25,-7,-58,-142
ETSY,Etsy,46.92,48,0,-107,-27,-86,-12,3,-13,-34,-56,-142
BF-A,Brown–Forman (Class A),34.56,0,5,-89,-15,-99,-10,16,-29,-21,-44,-143
BIIB,Biogen,120.37,2,-32,-71,-24,-125,25,3,-34,-15,-21,-146
WEN,Wendy's Company (The),11.87,-14,-30,-24,-5,-73,-9,-36,-19,-12,-76,-149
ASH,Ashland Global,51.87,21,-128,-28,-6,-141,33,4,-40,-7,-10,-151
CHDN,Churchill Downs Incorporated,98.79,28,-103,-18,0,-93,40,-112,-19,27,-64,-157
GIS,General Mills,53.26,-14,-27,-28,-1,-70,-12,-37,-24,-16,-89,-159
FLO,Flowers Foods,16.88,-8,-28,-24,-5,-65,-12,-20,-44,-20,-96,-161
RHI,Robert Half,47.33,25,-77,-16,-6,-74,29,-73,-14,-29,-87,-161
CLX,Clorox,133.41,-7,-91,-4,-2,-104,-7,-49,-14,10,-60,-164
AZTA,Azenta,26.93,35,-54,-40,-28,-87,-7,-59,-6,-6,-78,-165
LBTYK,Liberty Global (Series C),10.06,0,-29,-27,-27,-83,4,-30,-24,-33,-83,-166
PEP,PepsiCo,128.44,-14,-28,-29,-1,-72,-24,-37,-26,-10,-97,-169
CC,Chemours,11.41,0,-77,-52,-10,-139,-1,10,-14,-27,-32,-171
PFE,Pfizer,22.0,-45,-36,-20,-20,-121,-6,9,-28,-25,-50,-171
PRGO,Perrigo,26.01,0,-3,0,-110,-113,-11,5,-2,-52,-60,-173
CLF,Cleveland-Cliffs,7.53,-35,-41,-50,-13,-139,10,9,-50,-5,-36,-175
VSTS,Vestis,6.11,-7,-72,-8,0,-87,-6,-72,-14,0,-92,-179
ZBH,Zimmer Biomet,95.33,0,-26,-52,-14,-92,-6,-20,-51,-15,-92,-184
UWMC,United Wholesale Mortgage,4.12,-49,-37,-16,0,-102,-12,-45,-29,-1,-87,-189
COTY,Coty,5.07,16,-75,-51,-4,-114,21,-38,-53,-6,-76,-190
GO,Grocery Outlet,13.47,-42,0,-87,0,-129,-54,30,-15,-25,-64,-193
BRKR,Bruker,36.85,-14,-68,-47,-5,-134,-12,8,-51,-6,-61,-195
MRK,Merck & Co.,73.49,-49,-31,-34,-1,-115,-7,-33,-38,-3,-81,-196
OGN,Organon & Co.,8.04,-70,-36,-16,0,-122,-12,-34,-29,-1,-76,-198
LEG,Leggett & Platt,9.47,0,3,-119,-27,-143,-10,11,-22,-35,-56,-199
DOW,Dow Inc.,30.15,21,-138,-30,0,-147,-7,4,-45,-5,-53,-200
MRNA,Moderna,24.03,-7,-74,-42,-1,-124,-6,7,-42,-36,-77,-201
TFX,Teleflex,125.25,0,-72,-29,-36,-137,-9,-27,-25,-7,-68,-205
FTRE,Fortrea,4.78,-21,-101,-23,0,-145,-12,3,-52,0,-61,-206
SRPT,Sarepta Therapeutics,35.75,-46,-85,-16,-4,-151,-14,-7,-37,-3,-61,-212
DOC,Healthpeak Properties,16.96,-98,-29,-4,-28,-159,-9,-32,-19,6,-54,-213
ARE,Alexandria Real Estate Equities,70.97,-14,-36,-24,-27,-101,-12,-38,-35,-32,-117,-218
ALB,Albemarle Corporation,61.08,21,-100,-115,-20,-214,27,3,-14,-22,-6,-220
CRI,Carter's,35.71,21,-72,-49,-14,-114,-9,-71,-26,-6,-112,-226
ENPH,Enphase Energy,48.27,7,-87,-33,-17,-130,-12,-28,-40,-21,-101,-231
OLN,Olin Corporation,22.04,21,-137,-47,-6,-169,-7,9,-49,-20,-67,-236
KSS,Kohl's,8.1,21,-139,-49,-28,-195,27,4,-50,-29,-48,-243
SEB,Seaboard Corporation,2500.02,-49,-28,-86,-20,-183,-4,-38,-1,-26,-69,-252
CAG,Conagra Brands,22.43,-140,-21,-19,-4,-184,-12,-35,-1,-20,-68,-252
KHC,Kraft Heinz,27.18,-91,-16,-29,-1,-137,-102,-6,-1,-7,-116,-253
PII,Polaris Inc.,38.57,33,-140,-87,-14,-208,-7,3,-30,-14,-48,-256
HUM,Humana,230.61,-51,-10,-76,-9,-146,-86,-13,-7,-17,-123,-269
HOLX,Hologic,55.35,33,-130,-22,-1,-120,-5,-122,-22,-4,-153,-273
WOLF,Wolfspeed,3.82,-28,-35,-121,-27,-211,5,8,-87,-34,-108,-319
APLS,Apellis Pharmaceuticals,16.71,-41,-67,-57,-13,-178,-44,-91,-55,-15,-205,-383
