Symbol,Name,Close,1H Cloud Score,1D Cloud Score,1W Cloud Score,1M Cloud Score,Cloud Score Sum,1H TKx Score,1D TKx Score,1W TKx Score,1M TKx Score,TKx Score Sum,Total Score Sum
TJX,TJX Companies,128.07,0,39,138,196,373,12,-2,107,191,308,681
HWM,Howmet Aerospace,173.98,210,30,138,27,405,16,30,82,52,180,585
CTAS,Cintas,227.38,98,37,9,164,308,52,32,3,185,272,580
PGR,Progressive Corporation,282.08,24,23,95,175,317,28,23,12,187,250,567
COST,Costco,1051.5,28,26,107,178,339,19,32,-8,182,225,564
RSG,Republic Services,254.11,0,15,114,175,304,-5,6,83,158,242,546
WM,"Waste Management, Inc.",238.89,85,14,85,185,369,-5,6,17,157,175,544
MMC,Marsh McLennan,232.32,37,7,115,173,332,19,16,-1,176,210,542
AJG,Arthur J. Gallagher & Co.,336.46,-2,15,155,184,352,-5,20,18,105,138,490
ROL,"Rollins, Inc.",58.03,32,39,21,284,376,26,32,13,33,104,480
WRB,W. R. Berkley Corporation,74.01,55,72,84,174,385,-5,23,14,53,85,470
ORLY,O'Reilly Auto Parts,1366.68,0,-1,153,197,349,-5,-14,44,87,112,461
CW,Curtiss-Wright,447.2,263,25,9,52,349,12,32,-13,47,78,427
PM,Philip Morris International,180.72,90,90,60,53,293,-5,32,75,25,127,420
CHD,Church & Dwight,99.63,91,-41,-6,342,386,5,4,-4,23,28,414
NRG,NRG Energy,156.93,20,30,93,92,235,20,32,103,19,174,409
V,Visa Inc.,367.93,30,26,127,131,314,41,30,-5,24,90,404
GE,GE Aerospace,250.81,217,28,9,25,279,47,28,20,27,122,401
ORI,Old Republic International,37.4,-1,15,137,56,207,24,1,107,53,185,392
BR,Broadridge Financial Solutions,244.11,30,16,104,143,293,45,30,-1,23,97,390
ICE,Intercontinental Exchange,179.14,56,23,102,159,340,-5,24,12,19,50,390
AXS,AXIS Capital,104.36,38,31,76,43,188,46,30,72,51,199,387
WELL,Welltower,152.1,56,14,106,56,232,-5,10,123,22,150,382
CDNS,Cadence Design Systems,294.35,0,29,7,139,175,11,32,-15,178,206,381
MA,Mastercard,584.09,30,25,116,153,324,5,30,-5,24,54,378
JPM,JPMorgan Chase,264.22,30,19,113,156,318,12,30,-7,24,59,377
EBAY,eBay,77.1,95,26,67,12,200,54,30,72,14,170,370
ADP,Automatic Data Processing,326.37,11,20,75,178,284,11,23,-5,55,84,368
INTU,Intuit,766.62,59,30,7,189,285,54,30,-21,18,81,366
NDAQ,"Nasdaq, Inc.",83.84,54,23,66,142,285,47,30,-9,12,80,365
CASY,Casey's,448.13,0,1,103,85,189,4,-11,107,76,176,365
JCI,Johnson Controls,102.34,210,25,65,17,317,8,30,-7,16,47,364
WMT,Walmart,99.35,44,31,117,99,291,47,5,-8,27,71,362
HON,Honeywell,227.39,121,17,6,176,320,12,26,-16,20,42,362
LIN,Linde plc,473.83,96,15,3,108,222,12,30,-9,104,137,359
HEI,HEICO (Common),300.05,42,24,15,187,268,4,22,6,55,87,355
AXON,Axon Enterprise,780.0,28,28,135,92,283,16,32,-7,28,69,352
PLTR,Palantir Technologies,129.97,24,30,106,0,160,28,32,109,18,187,347
CME,CME Group,277.85,-7,96,44,134,267,-6,26,40,17,77,344
SO,Southern Company,88.29,-1,0,66,188,253,-5,6,13,77,91,344
ORCL,Oracle Corporation,168.05,49,16,0,196,261,47,23,-13,25,82,343
MCD,McDonald's,311.55,-1,15,42,240,296,-21,-1,12,55,45,341
CTVA,Corteva,71.38,217,30,43,0,290,19,30,-9,9,49,339
BKNG,Booking Holdings,5551.0,101,29,126,33,289,4,30,-9,24,49,338
IBM,IBM,265.47,17,22,99,52,190,16,30,46,54,146,336
ALL,Allstate,206.77,36,16,87,157,296,-1,23,1,15,38,334
YUM,Yum! Brands,144.03,0,-9,18,257,266,5,-5,12,55,67,333
NFLX,Netflix,1239.52,24,35,106,18,183,21,32,77,18,148,331
BSX,Boston Scientific,102.42,-21,29,134,142,284,-39,30,-5,55,41,325
TMUS,T-Mobile US,241.96,12,-18,84,137,215,19,-28,86,33,110,325
MSI,Motorola Solutions,417.4,0,-1,0,151,150,14,-5,-17,183,175,325
SPOT,Spotify,701.05,25,31,102,10,168,21,32,85,18,156,324
EHC,Encompass Health,121.26,32,31,133,27,223,12,48,14,27,101,324
AAPL,Apple Inc.,202.89,12,0,-1,249,260,15,-6,-15,69,63,323
PAYX,Paychex,159.33,11,23,74,165,273,11,23,3,12,49,322
DRI,Darden Restaurants,216.17,49,36,34,59,178,47,30,38,28,143,321
VRSK,Verisk Analytics,321.33,13,26,58,112,209,12,23,49,26,110,319
FAST,Fastenal,40.86,-3,39,113,104,253,7,31,3,24,65,318
AM,Antero Midstream,18.52,-6,23,138,21,176,-7,28,68,53,142,318
RBA,RB Global,104.26,-1,28,94,25,146,20,30,99,20,169,315
HEI-A,HEICO (Class A),235.05,42,25,16,180,263,-9,23,7,28,49,312
MNST,Monster Beverage,63.16,-2,67,16,178,259,12,30,9,2,53,312
UNM,Unum,80.68,0,17,175,38,230,-2,30,-2,52,78,308
COR,Cencora,288.97,-1,94,34,69,196,-5,5,45,65,110,306
MSFT,Microsoft,463.89,49,24,6,171,250,16,32,-16,23,55,305
RTX,RTX Corporation,138.56,30,16,67,52,165,32,22,74,12,140,305
WMB,Williams Companies,60.1,54,16,102,50,222,21,8,-1,55,83,305
NFG,National Fuel Gas,81.83,0,101,50,50,201,-1,32,61,8,100,301
LYV,Live Nation Entertainment,140.16,0,18,84,145,247,10,32,-7,14,49,296
CF,CF Industries,91.64,231,16,5,2,254,20,28,-12,6,42,296
AZO,AutoZone,3716.29,-1,14,84,84,181,-3,19,44,55,115,296
GEV,GE Vernova,487.92,217,29,0,0,246,16,32,1,0,49,295
RCL,Royal Caribbean Group,265.58,49,17,111,26,203,47,30,-10,25,92,295
MCK,McKesson Corporation,709.59,-1,90,32,56,177,-5,30,28,65,118,295
RBLX,Roblox Corporation,91.06,126,29,43,0,198,49,30,6,9,94,292
AON,AON,372.7,49,2,6,175,232,-2,12,-5,54,59,291
HUBB,Hubbell Incorporated,390.83,0,15,0,180,195,7,33,-15,69,94,289
AMGN,Amgen,287.08,49,0,-9,163,203,49,5,-4,34,84,287
CPNG,Coupang,28.34,217,23,7,0,247,12,30,-18,15,39,286
LLY,Lilly (Eli),766.11,25,-24,0,170,171,41,-16,-5,94,114,285
LOPE,Grand Canyon Education,194.93,-1,28,137,33,197,-5,32,24,32,83,280
KMI,Kinder Morgan,28.03,53,15,82,42,192,24,23,-9,50,88,280
AIZ,Assurant,203.98,45,7,2,150,204,47,21,-10,17,75,279
RBC,RBC Bearings,377.66,17,21,83,56,177,12,30,4,55,101,278
RS,"Reliance, Inc.",308.53,21,27,1,113,162,19,32,-10,75,116,278
BRO,Brown & Brown,111.18,-1,-26,106,161,240,-5,4,15,24,38,278
AVGO,Broadcom,261.12,64,20,9,114,207,21,32,-11,28,70,277
CVNA,Carvana,345.57,63,29,82,9,183,54,32,-7,14,93,276
PWR,Quanta Services,359.11,37,24,7,97,165,19,32,-11,70,110,275
CB,Chubb Limited,291.8,35,14,91,56,196,-5,17,12,54,78,274
TDG,TransDigm Group,1447.65,0,30,9,155,194,4,30,-10,55,79,273
DTE,DTE Energy,133.32,-14,14,64,187,251,-13,6,17,11,21,272
CAH,Cardinal Health,154.06,32,39,45,36,152,-5,30,38,55,118,270
DUK,Duke Energy,115.96,12,-2,66,181,257,-2,-12,12,14,12,269
LMT,Lockheed Martin,482.21,32,14,-19,163,190,26,6,-24,70,78,268
RGLD,Royal Gold,183.96,21,83,51,16,171,18,4,58,14,94,265
HIG,Hartford (The),127.95,-6,31,84,55,164,5,30,11,54,100,264
TRV,Travelers Companies (The),271.87,-1,31,81,56,167,-1,30,14,54,97,264
NET,Cloudflare,170.92,132,17,29,0,178,47,27,-8,17,83,261
MKL,Markel,1931.05,40,16,58,53,167,47,30,-8,24,93,260
SHW,Sherwin-Williams,362.45,11,26,2,188,227,7,26,-19,17,31,258
KLAC,KLA Corporation,781.93,7,17,4,175,203,9,32,-10,24,55,258
TT,Trane Technologies,432.72,12,25,6,162,205,12,30,-17,27,52,257
CINF,Cincinnati Financial,149.77,35,23,75,60,193,45,23,-17,13,64,257
EPR,EPR Properties,55.78,47,19,47,27,140,48,30,20,19,117,257
CBOE,Cboe Global Markets,223.86,-7,13,134,53,193,-5,8,12,49,64,257
ADI,Analog Devices,218.49,13,17,0,177,207,14,23,-18,24,43,250
NVDA,Nvidia,141.83,49,16,4,132,201,13,24,-13,24,48,249
DE,Deere & Company,507.78,-1,19,39,107,164,12,30,35,8,85,249
L,Loews Corporation,88.2,0,17,102,53,172,28,23,-1,22,72,244
APH,Amphenol,91.9,49,30,9,63,151,47,32,-11,25,93,244
LNG,Cheniere Energy,240.89,33,23,50,56,162,46,-9,-10,54,81,243
GWRE,Guidewire Software,253.89,28,30,100,19,177,26,30,-8,18,66,243
AAON,AAON,95.6,-66,17,-3,243,191,6,32,-15,29,52,243
UTHR,United Therapeutics,323.94,77,0,0,55,132,47,25,-19,57,110,242
ARES,Ares Management,169.02,20,17,7,57,101,16,30,-9,104,141,242
SPGI,S&P Global,514.06,0,17,6,170,193,12,25,-8,19,48,241
MCO,Moody's Corporation,485.65,12,17,6,154,189,12,25,-8,23,52,241
ROP,Roper Technologies,568.0,-22,16,19,180,193,-33,22,34,24,47,240
RLI,RLI Corp.,75.2,0,-1,-1,174,172,-2,4,-19,85,68,240
RPM,RPM International,115.51,11,14,-9,178,194,11,23,-17,28,45,239
ETN,Eaton Corporation,327.07,13,17,0,112,142,12,30,-15,70,97,239
ACM,AECOM,110.82,37,23,6,63,129,24,30,-16,70,108,237
LPLA,LPL Financial,376.23,-1,18,35,97,149,12,26,-7,55,86,235
PANW,Palo Alto Networks,193.99,28,17,7,79,131,26,28,-7,55,102,233
IBKR,Interactive Brokers,206.1,-2,17,79,55,149,5,32,-8,55,84,233
STE,Steris,242.05,-21,20,4,193,196,-28,30,12,23,37,233
CNP,Centerpoint Energy,37.18,0,99,39,43,181,16,-11,33,13,51,232
ITW,Illinois Tool Works,246.52,4,1,-3,176,178,8,23,-4,27,54,232
VRSN,Verisign,274.46,4,128,26,7,165,22,-2,42,5,67,232
FWONK,Liberty Formula 1 (Series C),97.46,5,20,60,55,140,16,27,-8,54,89,229
FWONA,Liberty Formula 1 (Series A),88.78,0,19,59,60,138,16,28,-8,54,90,228
USFD,US Foods,77.38,0,20,133,33,186,-7,30,-7,24,40,226
WSO,Watsco,445.29,-1,-12,-3,194,178,5,-10,-18,69,46,224
HCA,HCA Healthcare,381.48,17,31,4,95,147,19,23,6,27,75,222
PTC,PTC Inc.,168.17,-1,16,-16,180,179,11,24,-17,24,42,221
KO,Coca-Cola Company (The),71.37,5,0,18,180,203,-13,5,13,12,17,220
AME,Ametek,177.19,-21,17,4,104,104,4,23,-11,99,115,219
OLLI,Ollie's Bargain Outlet,114.41,5,17,105,14,141,5,-2,53,21,77,218
EME,Emcor,482.68,49,17,7,56,129,12,32,-11,55,88,217
THG,Hanover Insurance,173.36,50,15,51,22,138,-1,24,43,12,78,216
X,U.S. Steel,53.75,70,12,9,24,115,75,8,13,4,100,215
ISRG,Intuitive Surgical,557.98,35,17,84,20,156,12,32,-11,24,57,213
NI,NiSource,39.08,0,14,64,43,121,-5,6,79,12,92,213
T,AT&T,27.37,-2,14,60,14,86,-2,30,84,13,125,211
AIG,American International Group,85.0,33,14,18,51,116,44,17,13,19,93,209
JBL,Jabil,171.9,18,20,9,63,110,12,30,1,55,98,208
MS,Morgan Stanley,128.17,13,17,66,62,158,16,28,-9,14,49,207
ATI,ATI Inc.,82.99,49,24,6,41,120,21,30,-14,50,87,207
ETR,Entergy,81.89,-1,8,63,20,90,-5,30,79,12,116,206
SYK,Stryker Corporation,382.54,0,17,7,157,181,9,-1,-10,27,25,206
GGG,Graco Inc.,84.26,-1,17,-3,176,189,7,-1,-18,27,15,204
DTM,DT Midstream,106.57,25,23,93,0,141,20,30,-10,23,63,204
AXP,American Express,295.93,32,17,7,97,153,12,30,-11,19,50,203
MPWR,Monolithic Power Systems,694.61,13,17,-16,155,169,12,27,-30,24,33,202
GS,Goldman Sachs,599.08,-2,17,82,56,153,9,28,-7,19,49,202
ECL,Ecolab,267.05,97,15,6,20,138,26,25,-5,17,63,201
GLW,Corning Inc.,50.76,119,16,9,15,159,16,23,-10,12,41,200
SEIC,SEI Investments Company,85.18,9,23,82,33,147,9,30,-10,24,53,200
APP,AppLovin,416.52,49,7,95,0,151,16,23,-7,16,48,199
ATO,Atmos Energy,152.13,-7,0,64,43,100,-9,-10,75,43,99,199
MSA,MSA Safety,165.05,49,19,-25,162,205,5,30,-38,-3,-6,199
LRCX,Lam Research,84.71,7,17,0,150,174,9,24,-7,-3,23,197
ELF,e.l.f. Beauty,117.18,213,9,-40,29,211,9,23,-44,-3,-15,196
SRE,Sempra,76.43,-3,15,-5,179,186,-13,30,-19,12,10,196
DASH,DoorDash,220.26,34,16,87,0,137,21,29,-7,16,59,196
TKO,TKO Group Holdings,165.94,13,27,61,38,139,16,-5,-3,48,56,195
FICO,Fair Isaac,1755.78,0,-10,0,164,154,33,-3,-18,29,41,195
ACGL,Arch Capital Group,94.73,35,19,0,60,114,27,30,-26,49,80,194
RYAN,Ryan Specialty,70.09,36,4,111,0,151,-5,14,11,23,43,194
FDS,FactSet,433.63,-27,18,-1,192,182,-19,23,-14,21,11,193
DGX,Quest Diagnostics,173.76,0,31,58,16,105,20,-2,58,12,88,193
FIX,Comfort Systems USA,498.79,17,20,7,62,106,12,32,-11,53,86,192
COF,Capital One,192.94,14,23,84,19,140,13,30,-7,16,52,192
VIRT,Virtu Financial,40.78,0,31,66,12,109,11,-2,61,12,82,191
HD,Home Depot (The),372.4,0,2,-2,178,178,12,-2,-14,17,13,191
RJF,Raymond James Financial,145.39,-6,16,82,56,148,5,30,-10,17,42,190
ITT,ITT Inc.,150.77,14,23,6,97,140,10,30,-14,24,50,190
WFC,Wells Fargo,75.39,17,17,82,27,143,12,27,-9,17,47,190
AN,AutoNation,183.14,14,19,7,59,99,11,32,-8,55,90,189
LAMR,Lamar Advertising,121.39,40,7,0,62,109,47,30,-17,19,79,188
VST,Vistra Corp.,172.66,58,16,9,28,111,16,29,-11,43,77,188
NWS,News Corp (Class B),32.17,-11,20,102,56,167,-23,32,-7,19,21,188
PG,Procter & Gamble,165.95,-1,0,0,177,176,-14,6,-4,24,12,188
RL,Ralph Lauren Corporation,277.83,0,19,84,32,135,9,28,-9,24,52,187
ARMK,Aramark,40.32,49,21,5,38,113,11,25,-17,54,73,186
GWW,W. W. Grainger,1076.39,-3,17,0,92,106,8,32,-16,55,79,185
ODFL,Old Dominion Freight Line,161.49,-2,0,-16,185,167,10,-1,-21,30,18,185
FFIV,"F5, Inc.",293.83,19,16,84,12,131,16,30,-7,15,54,185
IRM,Iron Mountain,100.21,23,22,0,55,100,22,30,-21,54,85,185
AMP,Ameriprise Financial,507.52,-4,16,9,62,83,12,30,-10,69,101,184
PEG,Public Service Enterprise Group,80.38,35,0,0,150,185,-1,3,-18,15,-1,184
NTRA,Natera,167.21,49,8,82,16,155,11,6,-7,17,27,182
SCI,Service Corporation International,78.06,17,0,0,173,190,12,-15,-17,11,-9,181
GRMN,Garmin,204.87,16,0,102,17,135,16,18,-7,19,46,181
BK,BNY Mellon,88.33,-7,19,84,38,134,12,23,-5,17,47,181
UNP,Union Pacific Corporation,220.84,-42,0,-4,196,150,5,17,-10,17,29,179
CELH,Celsius Holdings,40.09,20,56,0,63,139,26,12,8,-7,39,178
TTWO,Take-Two Interactive,229.17,0,37,35,11,83,11,31,35,18,95,178
KD,Kyndryl,39.53,12,19,99,0,130,12,24,-7,18,47,177
SLM,Sallie Mae,32.19,-35,24,80,20,89,9,26,34,19,88,177
FTI,TechnipFMC,31.6,37,17,7,25,86,46,21,-12,35,90,176
WAB,Wabtec,203.86,14,19,9,47,89,12,30,-10,54,86,175
MDLZ,Mondelez International,66.64,0,8,-8,180,180,-13,4,9,-7,-7,173
PCAR,Paccar,92.62,-22,0,-12,157,123,5,17,-4,32,50,173
VMI,Valmont Industries,322.02,17,7,52,56,132,12,27,-7,8,40,172
HOOD,Robinhood Markets,72.28,24,19,71,0,114,19,30,-7,16,58,172
EQT,EQT Corporation,55.48,-1,23,31,40,93,17,23,31,8,79,172
GOOGL,Alphabet (Class A),168.06,-21,6,0,174,159,-26,28,-9,19,12,171
LH,Labcorp,254.38,44,23,45,13,125,12,23,-5,16,46,171
GOOG,Alphabet (Class C),169.41,-21,6,0,174,159,-26,28,-9,19,12,171
ABBV,AbbVie,187.27,35,0,7,56,98,23,-8,-4,62,73,171
WWD,"Woodward, Inc.",234.58,49,26,9,33,117,12,28,-10,24,54,171
PRI,Primerica,268.12,-1,16,0,106,121,12,19,-10,28,49,170
PPC,Pilgrim's Pride,47.63,-6,-1,76,19,88,-5,-22,93,16,82,170
THC,Tenet Healthcare,169.95,42,26,4,55,127,23,23,-25,22,43,170
VEEV,Veeva Systems,283.47,35,20,35,6,96,44,23,-10,16,73,169
SGI,Somnigroup International,65.19,0,17,31,62,110,9,30,-5,24,58,168
BWXT,BWX Technologies,128.83,56,15,3,33,107,14,32,-15,29,60,167
BYD,Boyd Gaming,73.71,-1,17,38,57,111,9,30,-9,25,55,166
SSD,Simpson Manufacturing Company,159.06,11,1,-16,154,150,16,-5,-19,24,16,166
QGEN,Qiagen,45.71,49,14,2,0,65,46,55,-11,11,101,166
PAG,Penske Automotive Group,162.46,-1,18,5,60,82,5,32,-8,55,84,166
AWI,Armstrong World Industries,155.41,-1,24,84,19,126,8,26,-12,17,39,165
STAG,STAG Industrial,36.2,40,17,-10,94,141,12,23,-10,-2,23,164
LOW,Lowe's,228.49,0,0,-10,164,154,12,-2,-17,17,10,164
EXEL,Exelixis,42.22,-4,16,54,12,78,-12,30,45,22,85,163
WCC,Wesco International,170.87,14,16,-3,56,83,9,30,-14,55,80,163
SNA,Snap-on,320.08,-5,2,39,57,93,7,16,-9,55,69,162
KEX,Kirby Corporation,111.55,48,17,0,33,98,12,30,-20,40,62,160
PFGC,Performance Food Group,87.72,0,20,43,41,104,-16,30,-13,55,56,160
ADT,ADT Inc.,8.6,21,37,21,0,79,39,21,15,6,81,160
FTNT,Fortinet,101.6,-35,16,44,111,136,9,10,-6,11,24,160
MSTR,MicroStrategy,377.93,0,31,89,17,137,21,-2,-15,18,22,159
BPOP,"Popular, Inc.",104.11,19,24,7,57,107,12,30,-7,17,52,159
NOC,Northrop Grumman,491.36,36,0,1,56,93,44,4,7,10,65,158
EQIX,Equinix,911.97,49,17,7,32,105,12,30,-13,24,53,158
ABT,Abbott Laboratories,132.94,0,14,46,11,71,5,32,38,12,87,158
EVR,Evercore,235.61,38,16,-3,56,107,11,30,-16,24,49,156
MTSI,MACOM Technology Solutions,127.44,18,17,6,56,97,14,29,-11,27,59,156
GD,General Dynamics,274.96,0,39,-1,52,90,-1,32,-21,55,65,155
ESAB,ESAB,124.36,0,19,90,0,109,10,30,-9,15,46,155
CSL,Carlisle Companies,381.88,-44,29,-1,176,160,4,-2,-25,18,-5,155
WING,Wingstop,365.59,51,23,1,36,111,19,23,-28,29,43,154
CACI,CACI,425.27,-56,0,-2,152,94,5,-4,4,55,60,154
FYBR,Frontier Communications,36.36,-62,34,79,0,51,11,-4,84,12,103,154
STLD,Steel Dynamics,134.97,21,29,1,53,104,19,-4,-21,55,49,153
EQH,Equitable Holdings,52.93,0,17,82,9,108,12,23,-7,17,45,153
PPL,PPL Corporation,34.16,-2,-2,66,21,83,-7,-13,78,12,70,153
EXE,Expand Energy,116.22,25,37,31,0,93,-1,22,31,8,60,153
ANET,Arista Networks,94.91,13,2,0,56,71,14,25,-11,54,82,153
SNPS,Synopsys,473.33,0,4,-17,178,165,11,-3,-18,-3,-13,152
VMC,Vulcan Materials,266.09,0,25,7,58,90,11,40,-14,25,62,152
PNR,Pentair,99.81,17,17,7,60,101,12,30,-14,22,50,151
OGE,OGE Energy,43.77,-2,0,58,43,99,-5,-13,58,12,52,151
SPR,Spirit AeroSystems,37.84,35,31,8,0,74,13,32,20,12,77,151
BX,Blackstone Inc.,138.76,0,0,-3,140,137,12,-3,-14,19,14,151
BROS,Dutch Bros. Coffee,72.36,20,9,43,0,72,51,23,-5,9,78,150
CAT,Caterpillar Inc.,349.45,0,16,0,62,78,8,23,-14,55,72,150
SCHW,Charles Schwab Corporation,87.46,-2,30,67,9,104,12,30,-8,12,46,150
EMR,Emerson Electric,121.6,14,17,6,62,99,12,23,-11,24,48,147
ROK,Rockwell Automation,318.9,49,20,5,13,87,54,22,-8,-9,59,146
CNA,CNA Financial,47.03,-4,-1,84,55,134,-3,-2,-1,18,12,146
KR,Kroger,66.34,-14,-2,69,65,118,-12,-13,40,13,28,146
PSTG,Pure Storage,54.7,9,16,0,40,65,13,23,-11,55,80,145
MO,Altria,59.3,-2,14,60,43,115,-5,5,16,14,30,145
PH,Parker Hannifin,665.14,0,18,7,63,88,9,30,-10,28,57,145
PLNT,Planet Fitness,105.31,20,13,53,11,97,16,24,-5,12,47,144
BRK-B,Berkshire Hathaway,490.88,-22,-2,114,60,150,-33,-14,15,24,-8,142
GILD,Gilead Sciences,109.02,0,11,41,33,85,9,12,-1,37,57,142
DUOL,Duolingo,518.75,2,30,43,0,75,-2,42,4,21,65,140
CHE,Chemed Corporation,561.22,-20,-10,-1,183,152,-28,9,13,-6,-12,140
K,Kellanova,81.92,-21,8,59,19,65,-13,5,71,11,74,139
OHI,Omega Healthcare Investors,37.41,25,5,0,38,68,44,-2,-1,29,70,138
CSCO,Cisco,64.4,16,17,38,12,83,16,23,-8,23,54,137
FERG,Ferguson Enterprises,216.01,14,19,1,63,97,12,30,-25,23,40,137
HRB,H&R Block,58.25,20,0,1,50,71,22,-10,4,50,66,137
NEU,NewMarket,628.18,-2,39,9,27,73,-5,31,12,25,63,136
VRTX,Vertex Pharmaceuticals,445.86,13,-21,0,102,94,10,-16,13,35,42,136
WTFC,Wintrust Financial,119.95,17,17,7,47,88,12,30,-11,17,48,136
OMF,OneMain Financial,51.69,0,17,7,58,82,12,28,-10,24,54,136
HLT,Hilton Worldwide,249.44,0,17,6,62,85,11,24,-8,24,51,136
TSCO,Tractor Supply Company,49.34,0,-11,-3,83,69,9,-3,-23,83,66,135
MRVL,Marvell Technology,66.29,5,0,-11,104,98,9,22,-11,16,36,134
KNSL,Kinsale Capital Group,467.47,0,2,6,31,39,18,11,-17,83,95,134
CXT,Crane NXT,53.44,14,7,-15,53,59,12,20,-11,54,75,134
MTG,MGIC Investment Corporation,26.08,-6,30,9,53,86,11,30,-19,26,48,134
AEE,Ameren,96.5,0,-6,46,11,51,26,-2,51,8,83,134
ZS,Zscaler,296.76,28,30,7,3,68,26,32,-9,16,65,133
DLR,Digital Realty,175.99,40,23,5,20,88,12,30,-14,17,45,133
MOS,Mosaic Company (The),36.81,50,37,6,-14,79,47,30,5,-28,54,133
UGI,UGI Corporation,35.46,-2,31,32,2,63,-2,30,39,3,70,133
R,Ryder,148.66,-6,2,1,54,51,10,30,-13,54,81,132
J,Jacobs Solutions,125.54,-27,15,0,104,92,7,30,-14,17,40,132
TXRH,Texas Roadhouse,195.1,0,18,5,62,85,11,23,-17,29,46,131
DOX,Amdocs,91.78,11,26,7,56,100,12,24,-9,3,30,130
CRWD,CrowdStrike,460.54,0,30,35,0,65,22,32,-7,18,65,130
NOW,ServiceNow,1012.81,-22,18,7,80,83,6,31,-10,20,47,130
URI,United Rentals,696.57,-21,17,0,62,58,6,29,-19,55,71,129
BJ,BJ's Wholesale Club,111.28,-27,0,68,8,49,-12,6,30,56,80,129
UAL,United Airlines Holdings,81.62,26,3,40,9,78,18,29,-10,14,51,129
HPE,Hewlett Packard Enterprise,17.81,8,13,-14,40,47,11,30,-11,52,82,129
MET,Metlife,78.8,16,16,0,56,88,12,22,-10,16,40,128
ADSK,Autodesk,298.36,9,20,44,12,85,10,30,-14,17,43,128
VICI,Vici Properties,31.38,-2,0,48,13,59,12,-11,13,55,69,128
C,Citigroup,76.39,41,17,9,16,83,12,27,-7,12,44,127
MTZ,MasTec,157.64,37,23,9,16,85,12,30,-11,11,42,127
MAR,Marriott International,262.09,-3,17,6,56,76,11,24,-9,25,51,127
TPR,"Tapestry, Inc.",78.28,-23,17,70,19,83,9,23,-5,17,44,127
META,Meta Platforms,688.09,24,17,7,27,75,16,22,-8,21,51,126
SNX,TD Synnex,122.53,-1,17,5,61,82,9,23,-7,19,44,126
SCCO,Southern Copper,93.74,16,16,-11,60,81,16,29,-25,25,45,126
WEC,WEC Energy Group,105.72,-1,0,45,11,55,-2,6,58,9,71,126
VRT,Vertiv,112.8,49,16,0,6,71,12,30,-11,24,55,126
H,Hyatt Hotels,131.0,15,0,-13,53,55,11,23,-17,53,70,125
TRMB,Trimble Inc.,71.66,4,17,69,2,92,10,22,-10,10,32,124
KKR,KKR & Co. Inc.,120.5,0,6,0,101,107,9,-2,-10,19,16,123
SSNC,SS&C Technologies,79.87,0,2,80,12,94,3,18,-5,13,29,123
SNOW,Snowflake Inc.,209.5,63,20,5,0,88,19,30,-6,-8,35,123
AVT,Avnet,50.63,12,17,0,43,72,12,31,-18,25,50,122
XP,XP Inc.,19.58,51,31,2,0,84,9,29,6,-6,38,122
GEN,Gen Digital,29.1,17,20,5,14,56,46,22,-17,14,65,121
STWD,Starwood Property Trust,19.92,13,17,8,56,94,10,1,-4,19,26,120
HLI,Houlihan Lokey,174.02,-1,19,7,42,67,12,30,-13,24,53,120
CBRE,CBRE Group,127.47,7,1,82,20,110,12,-5,-9,12,10,120
TDY,Teledyne Technologies,498.07,17,16,42,12,87,8,21,-9,13,33,120
GDDY,GoDaddy,182.26,0,0,84,20,104,5,-1,-9,20,15,119
BA,Boeing,211.98,35,30,4,0,69,35,30,-7,-9,49,118
NTNX,Nutanix,77.11,0,23,21,20,64,13,24,-5,22,54,118
EXPE,Expedia Group,169.82,30,2,39,9,80,11,23,-8,12,38,118
DOCU,DocuSign,93.87,18,17,43,-10,68,26,23,-10,9,48,116
WTM,White Mountains Insurance Group,1782.87,-5,0,0,57,52,3,17,-10,54,64,116
INGR,Ingredion,137.24,-4,23,2,32,53,-1,28,-18,54,63,116
MASI,Masimo,163.0,30,0,36,-4,62,47,3,-5,8,53,115
AMAT,Applied Materials,161.92,8,17,-20,147,152,9,-4,-39,-3,-37,115
CCL,Carnival Corporation & plc,23.81,49,16,7,0,72,12,24,-10,17,43,115
SLGN,Silgan Holdings,53.47,-21,23,9,78,89,-2,30,-13,11,26,115
RGA,Reinsurance Group of America,199.62,-3,17,0,38,52,-1,29,-17,51,62,114
CMI,Cummins,322.79,-1,2,0,63,64,11,22,-11,28,50,114
CMS,CMS Energy,69.72,0,-9,66,21,78,26,-15,12,12,35,113
DCI,Donaldson Company,69.54,0,17,0,63,80,-5,28,-19,28,32,112
GL,Globe Life,120.29,-1,-1,35,12,45,-1,15,46,6,66,111
BLK,BlackRock,988.39,17,16,7,20,60,12,30,-10,19,51,111
CWEN-A,Clearway Energy (Class A),27.97,0,15,48,4,67,-3,26,12,8,43,110
NEM,Newmont,55.29,21,41,9,3,74,16,3,9,8,36,110
BAC,Bank of America,44.34,31,17,7,16,71,12,24,-9,12,39,110
APG,APi Group,47.51,19,24,8,0,51,12,30,-7,24,59,110
ALNY,Alnylam Pharmaceuticals,305.18,34,16,7,13,70,26,24,-24,13,39,109
CWEN,Clearway Energy (Class C),29.9,0,15,48,2,65,-2,26,12,8,44,109
ROST,Ross Stores,142.51,15,26,-3,33,71,12,-2,1,27,38,109
DOV,Dover Corporation,177.64,-42,6,0,104,68,9,23,-9,17,40,108
UI,Ubiquiti,403.41,0,18,42,8,68,9,32,-9,8,40,108
AZEK,Azek,52.6,20,35,11,0,66,25,-5,3,18,41,107
ZM,Zoom Communications,80.68,0,18,39,0,57,29,29,-10,2,50,107
EVRG,Evergy,65.03,-3,-1,48,12,56,-13,-11,67,8,51,107
PR,Permian Resources,13.16,13,16,-18,24,35,19,19,-14,47,71,106
RRC,Range Resources,37.72,-36,17,24,40,45,-5,18,-5,53,61,106
PKG,Packaging Corporation of America,193.43,13,0,-3,59,69,12,17,-16,24,37,106
REG,Regency Centers,71.67,-9,15,58,51,115,-19,-2,-5,17,-9,106
MANH,Manhattan Associates,190.87,7,11,-19,63,62,5,30,-17,25,43,105
NTAP,Netapp,103.76,14,2,-15,55,56,19,30,-20,20,49,105
PEGA,Pegasystems,101.45,7,29,9,3,48,24,30,-10,13,57,105
RNR,RenaissanceRe,246.86,31,14,0,33,78,-2,22,-19,26,27,105
TW,Tradeweb,138.25,-20,16,99,0,95,-33,23,-1,21,10,105
CLH,Clean Harbors,224.02,-56,24,0,56,24,12,32,-19,55,80,104
APO,Apollo Global Management,130.31,-5,0,-2,95,88,10,-5,-13,24,16,104
SKX,Skechers,62.15,7,15,-14,53,61,7,22,-10,24,43,104
WDC,Western Digital,54.44,49,17,2,16,84,12,28,-18,-3,19,103
ULTA,Ulta Beauty,465.53,49,27,2,2,80,-3,30,2,-7,22,102
TOST,"Toast, Inc.",41.82,-14,18,67,0,71,-5,30,-9,15,31,102
MLM,Martin Marietta Materials,549.65,-38,26,0,58,46,4,47,-21,25,55,101
AMG,Affiliated Managers Group,179.6,18,23,0,20,61,12,30,-17,15,40,101
AMZN,Amazon,207.24,23,7,7,19,56,14,22,-9,18,45,101
LPX,Louisiana-Pacific,92.27,0,0,0,61,61,8,21,-14,24,39,100
AFL,Aflac,102.83,-1,-10,0,56,45,24,-13,-9,53,55,100
DDS,Dillard's,399.62,-34,2,4,52,24,5,25,-7,53,76,100
SARO,StandardAero,29.83,24,17,0,0,41,46,24,-11,0,59,100
KBR,"KBR, Inc.",52.0,0,21,-20,62,63,8,-6,-21,55,36,99
HBAN,Huntington Bancshares,15.72,14,17,7,19,57,12,28,-13,14,41,98
CIEN,Ciena,83.87,16,17,9,10,52,13,30,-11,14,46,98
SF,Stifel,93.37,-5,7,0,57,59,9,22,-10,18,39,98
KMPR,Kemper Corporation,63.51,25,7,0,2,34,44,18,-10,12,64,98
WTW,Willis Towers Watson,309.38,-1,-29,84,22,76,-5,4,-5,27,21,97
POST,Post Holdings,109.98,7,-20,0,85,72,2,-27,-5,55,25,97
FHN,First Horizon Corporation,19.9,0,17,42,2,61,12,23,-8,8,35,96
JEF,Jefferies Financial Group,49.08,-1,0,-10,56,45,12,-3,-13,55,51,96
GTES,Gates Corporation,21.43,14,17,7,13,51,11,25,-7,16,45,96
OZK,Bank OZK,44.54,-1,17,7,54,77,12,-1,-9,17,19,96
NWSA,News Corp (Class A),27.86,-1,17,7,56,79,-25,30,-7,19,17,96
CNM,Core & Main,58.78,14,19,9,0,42,12,30,-10,22,54,96
LHX,L3Harris,242.31,0,39,2,3,44,4,32,2,12,50,94
NSC,Norfolk Southern,247.4,48,16,1,2,67,5,30,-20,12,27,94
TOL,Toll Brothers,108.21,8,1,-13,59,55,11,23,-19,24,39,94
LECO,Lincoln Electric,195.2,0,16,-3,63,76,8,23,-10,-5,16,92
CMG,Chipotle Mexican Grill,52.16,7,1,-14,78,72,11,-3,-16,27,19,91
NBIX,Neurocrine Biosciences,124.63,49,8,-18,23,62,14,27,-10,-2,29,91
ALSN,Allison Transmission,102.48,-11,16,0,33,38,8,23,-11,32,52,90
RMD,Resmed,249.82,7,23,7,11,48,12,29,-10,11,42,90
SYF,Synchrony Financial,57.85,-1,17,7,19,42,12,30,-10,16,48,90
ANSS,Ansys,336.61,6,17,7,9,39,11,30,-11,21,51,90
CI,Cigna,309.85,-2,-2,-1,56,51,-12,-14,10,55,39,90
AMD,Advanced Micro Devices,118.54,19,16,-32,108,111,16,23,-56,-5,-22,89
BXP,"BXP, Inc.",71.23,40,15,0,0,55,12,30,-19,11,34,89
EW,Edwards Lifesciences,77.84,41,29,2,-12,60,12,30,20,-33,29,89
DLTR,Dollar Tree,88.56,-3,34,0,-13,18,43,33,15,-20,71,89
TXN,Texas Instruments,190.8,23,17,0,20,60,14,21,-21,14,28,88
MMM,3M,146.8,-42,17,64,12,51,7,22,-5,12,36,87
ED,Consolidated Edison,102.2,-2,-1,18,45,60,-11,-17,12,43,27,87
DECK,Deckers Brands,105.77,0,-8,-14,91,69,5,-8,-10,29,16,85
FNB,FNB Corporation,13.76,-22,17,-3,53,45,11,30,-18,17,40,85
ZTS,Zoetis,168.29,53,14,-25,2,44,49,23,-28,-3,41,85
AL,Air Lease Corporation,56.71,-7,23,7,20,43,5,23,-10,24,42,85
APD,Air Products,280.24,30,0,0,14,44,24,18,-9,8,41,85
WBS,Webster Bank,51.87,14,17,0,12,43,12,25,-10,15,42,85
KIM,Kimco Realty,20.97,-1,16,-1,53,67,-7,30,-18,12,17,84
IR,Ingersoll Rand,81.88,14,16,-11,21,40,12,23,-18,27,44,84
VZ,Verizon,43.25,-1,14,20,8,41,-3,20,13,12,42,83
IDA,Idacorp,117.07,3,0,46,16,65,-12,6,16,8,18,83
EA,Electronic Arts,148.46,7,39,0,5,51,16,-9,6,19,32,83
CPT,Camden Property Trust,117.59,30,7,6,1,44,40,-6,-5,9,38,82
FIVE,Five Below,121.05,49,19,0,-14,54,12,28,1,-13,28,82
XEL,Xcel Energy,68.5,-10,-1,41,10,40,-13,-1,49,7,42,82
EOG,EOG Resources,111.25,1,-1,-10,43,33,15,-4,-11,49,49,82
LLYVA,Liberty Live (Series A),74.29,0,30,18,0,48,10,30,-6,0,34,82
MSCI,MSCI,567.02,8,15,0,12,35,12,30,-13,18,47,82
RITM,Rithm Capital,11.21,-1,17,7,30,53,10,-1,-5,24,28,81
MSM,MSC Industrial Direct,80.51,-3,17,0,56,70,7,32,-21,-7,11,81
TNL,Travel + Leisure Co.,48.9,13,7,7,14,41,12,23,-7,12,40,81
U,Unity Technologies,26.05,42,6,0,0,48,42,30,-7,-33,32,80
TWLO,Twilio,119.87,49,9,37,-32,63,-7,23,-8,9,17,80
ROIV,Roivant Sciences,11.2,34,27,-2,0,59,26,-9,-18,22,21,80
FOXA,Fox Corporation (Class A),54.02,-16,16,58,0,58,-4,17,-3,12,22,80
LOAR,Loar Holdings,90.48,27,40,0,0,67,16,-7,4,0,13,80
MORN,"Morningstar, Inc.",309.97,13,17,-10,26,46,11,23,-16,16,34,80
BFAM,Bright Horizons,128.05,0,15,4,6,25,12,24,5,13,54,79
DT,Dynatrace,54.1,11,15,4,0,30,16,23,-8,18,49,79
LLYVK,Liberty Live (Series C),75.54,3,23,19,0,45,10,30,-6,0,34,79
HIW,Highwoods Properties,30.24,21,23,0,4,48,12,30,-22,11,31,79
UNH,UnitedHealth Group,300.4,0,-33,-8,-2,-43,-11,-28,-21,182,122,79
CBSH,Commerce Bancshares,63.27,0,17,9,9,35,12,30,-10,11,43,78
FOUR,Shift4,94.16,39,0,0,0,39,-2,26,-7,22,39,78
AEP,American Electric Power,101.83,-1,-6,63,21,77,-9,-15,13,12,1,78
PSA,Public Storage,303.29,37,18,-1,13,67,-6,30,-25,11,10,77
VNOM,Viper Energy,40.1,0,0,-3,42,39,16,-6,-18,45,37,76
EWBC,East West Bancorp,90.98,-5,17,0,20,32,12,28,-13,17,44,76
STT,State Street Corporation,96.35,-1,19,7,14,39,11,24,-10,12,37,76
EEFT,Euronet Worldwide,109.47,13,20,5,0,38,12,22,-7,11,38,76
FCX,Freeport-McMoRan,40.87,21,17,-27,56,67,16,23,-26,-4,9,76
AMH,American Homes 4 Rent,37.21,-2,36,6,66,106,-14,-1,-29,13,-31,75
RPRX,Royalty Pharma,33.44,15,20,22,0,57,40,-2,16,-36,18,75
ADC,Agree Realty,74.55,-1,0,53,14,66,-2,-13,13,11,9,75
ZI,ZoomInfo,10.34,98,1,-13,0,86,21,20,-18,-34,-11,75
WSM,"Williams-Sonoma, Inc.",160.54,-10,0,7,63,60,8,-5,-7,19,15,75
HES,Hess Corporation,133.47,24,-42,-10,53,25,47,2,-1,1,49,74
COHR,Coherent Corp.,81.64,12,16,0,13,41,11,23,-14,13,33,74
CUBE,CubeSmart,42.63,35,23,-13,20,65,-6,28,-26,12,8,73
EXPD,Expeditors International,111.62,-42,0,-10,129,77,5,18,-27,-1,-5,72
FOX,Fox Corporation (Class B),49.54,-17,16,57,0,56,-4,17,-4,7,16,72
NYT,New York Times Company,55.82,-1,28,5,14,46,-6,30,-17,19,26,72
CCK,Crown Holdings,97.36,-2,27,7,3,35,5,30,-9,10,36,71
DBX,Dropbox,29.2,21,4,9,7,41,38,-4,-10,6,30,71
ESI,Element Solutions,21.58,-1,0,-10,55,44,5,22,-19,18,26,70
PNFP,Pinnacle Financial Partners,105.82,-6,17,0,13,24,12,28,-10,16,46,70
SNV,Synovus,47.62,0,17,0,19,36,12,23,-13,12,34,70
SFD,Smithfield Foods,23.29,32,12,0,0,44,-5,30,0,0,25,69
DIS,Walt Disney Company (The),113.51,30,17,5,-39,13,47,21,-9,-3,56,69
XYL,Xylem Inc.,126.76,14,17,0,20,51,12,27,-42,20,17,68
PNW,Pinnacle West Capital,89.52,-14,-2,58,16,58,-13,-13,12,24,10,68
LNT,Alliant Energy,60.69,-7,0,58,12,63,-5,-1,-1,11,4,67
USB,U.S. Bancorp,43.88,16,17,-2,2,33,12,23,-14,13,34,67
AGO,Assured Guaranty,84.49,-1,8,0,54,61,5,-9,-10,20,6,67
PRU,Prudential Financial,103.8,0,7,-3,53,57,12,-2,-17,17,10,67
PCTY,Paylocity,194.69,1,1,32,0,34,9,30,-9,3,33,67
HII,Huntington Ingalls Industries,224.79,0,56,0,4,60,12,-5,6,-7,6,66
LAD,Lithia Motors,316.04,16,0,-3,12,25,11,23,-12,19,41,66
ECG,Everus Construction Group,59.78,14,15,0,0,29,12,32,-7,0,37,66
LITE,Lumentum,80.28,14,15,4,1,34,12,23,-11,8,32,66
AYI,Acuity Brands,263.46,0,0,0,25,25,12,22,-11,18,41,66
PHM,PulteGroup,101.85,7,1,-13,63,58,11,-6,-24,27,8,66
FCNCA,First Citizens BancShares,1831.05,0,0,-3,57,54,5,-2,-11,19,11,65
DG,Dollar General,111.74,14,58,0,-15,57,14,6,12,-24,8,65
CR,Crane Co.,175.31,12,24,6,0,42,12,26,-18,3,23,65
PNC,PNC Financial Services,174.86,14,7,0,12,33,12,22,-14,12,32,65
FITB,Fifth Third Bancorp,38.45,14,2,-2,20,34,12,22,-17,14,31,65
UBER,Uber,83.43,-40,29,8,0,-3,5,32,6,24,67,64
NDSN,Nordson,213.11,35,16,-26,0,25,41,22,-19,-5,39,64
MTB,M&T Bank,179.88,-6,17,0,20,31,12,23,-14,12,33,64
UHS,Universal Health Services,188.64,-3,21,-1,20,37,7,21,-25,24,27,64
EG,Everest Group,344.79,32,-1,-26,53,58,44,-8,-27,-3,6,64
NVR,"NVR, Inc.",7217.72,5,1,-13,63,56,8,-6,-22,27,7,63
APPF,AppFolio,218.09,12,2,-8,26,32,12,3,-10,26,31,63
CTSH,Cognizant,79.74,-2,17,6,12,33,-2,23,-8,16,29,62
COIN,Coinbase,255.78,0,16,1,0,17,12,30,-13,16,45,62
DAL,Delta Air Lines,48.98,0,0,-3,17,14,12,23,-11,24,48,62
AMED,Amedisys,94.61,20,34,2,-38,18,28,-7,15,8,44,62
GLPI,Gaming and Leisure Properties,46.08,-5,-25,0,63,33,-2,-20,-4,55,29,62
SOFI,SoFi,13.47,4,9,36,0,49,16,-3,-10,9,12,61
FLS,Flowserve,47.4,-7,0,-1,25,17,9,22,-11,23,43,60
NTRS,Northern Trust,106.11,-2,17,6,9,30,5,23,-9,11,30,60
CFLT,"Confluent, Inc.",23.72,49,0,-6,0,43,12,11,-8,2,17,60
DKS,Dick's Sporting Goods,176.67,-1,-14,-3,61,43,5,-8,-11,31,17,60
RF,Regions Financial Corporation,21.31,-4,16,-2,20,30,12,23,-17,12,30,60
CART,Maplebear Inc.,46.17,-1,13,13,0,25,9,32,-7,0,34,59
HXL,Hexcel,55.8,34,0,-19,0,15,44,18,-11,-7,44,59
VNO,Vornado Realty Trust,39.1,14,7,1,2,24,12,23,-13,13,35,59
CARR,Carrier Global,71.4,-1,24,0,0,23,7,24,-19,24,36,59
HST,Host Hotels & Resorts,15.48,41,17,-22,2,38,11,30,-17,-4,20,58
BKR,Baker Hughes,37.3,21,-43,0,33,11,16,16,-9,24,47,58
CFR,Frost Bank,126.58,-6,17,8,2,21,12,27,-10,8,37,58
PINC,"Premier, Inc.",23.16,11,28,7,-26,20,10,54,5,-32,37,57
CTRA,Coterra,24.89,21,-42,1,42,22,17,9,-2,11,35,57
AFG,American Financial Group,123.82,0,0,-2,54,52,24,-13,-18,12,5,57
DHI,D. R. Horton,123.54,6,0,-18,63,51,11,-8,-25,28,6,57
FTV,Fortive,71.9,14,2,-11,31,36,12,19,-7,-3,21,57
CG,Carlyle Group (The),45.09,-4,8,0,19,23,9,19,-10,16,34,57
CEG,Constellation Energy,299.66,0,17,6,0,23,-5,32,-11,17,33,56
SYY,Sysco,72.91,19,4,-6,0,17,28,17,-18,12,39,56
JNPR,Juniper Networks,35.92,-1,12,0,52,63,5,-3,-27,18,-7,56
LEN-B,Lennar (Class B),106.02,7,0,-18,60,49,11,-6,-25,27,7,56
ROKU,"Roku, Inc.",73.66,48,0,0,-17,31,9,22,-8,2,25,56
EXR,Extra Space Storage,149.62,36,14,-3,0,47,-6,30,-26,11,9,56
BRX,Brixmor Property Group,25.17,-1,0,0,53,52,1,-4,-17,24,4,56
DOCS,Doximity,54.54,14,-13,44,0,45,16,-8,-7,10,11,56
MDU,MDU Resources,16.87,-2,15,0,38,51,-6,-5,-11,27,5,56
ETSY,Etsy,61.55,49,7,0,-28,28,61,17,-16,-35,27,55
CUZ,Cousins Properties,28.55,37,7,1,9,54,12,-8,-14,11,1,55
SUI,Sun Communities,124.46,35,8,1,-22,22,44,-11,-9,9,33,55
XOM,ExxonMobil,102.31,-5,-12,-3,42,22,16,-7,-25,48,32,54
KEYS,Keysight,160.99,0,17,6,0,23,12,23,-7,3,31,54
BHF,Brighthouse Financial,58.08,-6,20,8,9,31,-2,26,-7,6,23,54
NEE,NextEra Energy,69.85,27,4,0,0,31,38,-2,-24,11,23,54
BEPC,Brookfield Renewable Partners,29.49,14,18,0,0,32,8,29,-23,8,22,54
SPG,Simon Property Group,161.65,0,0,0,33,33,12,-5,-5,19,21,54
OKE,Oneok,80.5,0,-43,-3,52,6,19,-5,-15,49,48,54
MAS,Masco,63.35,0,0,-10,63,53,8,-4,-22,19,1,54
MDT,Medtronic,85.61,14,0,1,-4,11,37,-1,-4,11,43,54
PODD,Insulet,319.12,-2,18,35,2,53,-30,22,4,4,0,53
TRGP,Targa Resources,160.68,4,-43,0,49,10,16,-15,-10,52,43,53
MP,MP Materials,24.57,28,-18,22,0,32,8,-25,35,2,20,52
EGP,EastGroup Properties,168.39,0,14,-1,6,19,12,29,-5,-3,33,52
IDXX,Idexx Laboratories,524.78,20,24,4,2,50,12,30,-34,-6,2,52
ALLY,Ally Financial,35.31,30,7,-3,2,36,12,1,-11,14,16,52
AS,Amer Sports,37.24,9,17,0,0,26,10,22,-6,0,26,52
DDOG,Datadog,119.69,24,7,-13,0,18,12,24,-16,13,33,51
CSX,CSX Corporation,31.93,17,16,-26,2,9,47,20,-22,-4,41,50
WDAY,"Workday, Inc.",249.48,0,4,0,12,16,30,-3,-13,20,34,50
ABNB,Airbnb,133.51,13,2,-3,0,12,19,30,-8,-3,38,50
PFG,Principal Financial Group,76.34,-22,0,-3,53,28,-2,18,-10,16,22,50
FHB,"First Hawaiian, Inc.",23.59,-3,0,0,12,9,11,27,-10,12,40,49
OC,Owens Corning,136.55,0,-4,-14,56,38,10,-8,-18,27,11,49
KEY,Keycorp,15.88,0,17,0,2,19,12,23,-17,11,29,48
ES,Eversource Energy,64.67,35,20,5,-8,52,24,23,-25,-26,-4,48
WAT,Waters Corporation,353.02,3,1,2,12,18,5,23,-10,12,30,48
ZION,Zions Bancorporation,47.58,13,0,-2,2,13,12,22,-13,13,34,47
ESS,Essex Property Trust,282.84,30,5,0,12,47,1,-8,-5,12,0,47
SOLV,Solventum,75.1,14,2,0,0,16,19,18,-6,0,31,47
AFRM,Affirm Holdings,54.32,23,0,2,0,25,19,-5,-7,15,22,47
CMA,Comerica,57.51,13,0,0,2,15,12,22,-14,10,30,45
INFA,Informatica,24.13,52,8,-32,0,28,9,30,-17,-5,17,45
FNF,Fidelity National Financial,54.11,-1,-19,0,56,36,5,-14,-1,19,9,45
ALAB,Astera Labs,95.19,6,15,0,0,21,12,24,-12,0,24,45
TSLA,"Tesla, Inc.",332.21,-10,16,33,8,47,-24,28,-14,8,-2,45
BIRK,Birkenstock,55.83,14,19,5,0,38,19,-3,-10,0,6,44
DELL,Dell Technologies,112.67,-2,17,-15,30,30,5,30,-19,-2,14,44
NVT,Nvent Electric,66.38,13,17,-16,10,24,10,30,-18,-3,19,43
CFG,Citizens Financial Group,40.15,0,5,0,2,7,12,22,-10,12,36,43
ZG,Zillow (Class A),69.15,20,1,44,-39,26,12,-5,-8,18,17,43
BSY,Bentley Systems,48.54,6,20,0,0,26,6,32,-18,-4,16,42
SMCI,Supermicro,44.11,12,0,-41,56,27,12,16,-6,-7,15,42
SNDK,SanDisk,39.79,13,0,0,0,13,12,17,0,0,29,42
ALK,Alaska Air Group,51.1,-21,0,35,2,16,5,20,-7,7,25,41
FIS,Fidelity National Information Services,80.37,13,32,0,-35,10,12,30,-20,9,31,41
SBUX,Starbucks,88.13,13,0,0,0,13,12,16,-5,5,28,41
TXT,Textron,74.48,8,17,-25,51,51,12,27,-46,-3,-10,41
ALGM,Allegro MicroSystems,28.0,14,16,1,0,31,12,17,-5,-14,10,41
PINS,Pinterest,33.81,16,2,0,0,18,16,18,-9,-3,22,40
TYL,Tyler Technologies,578.28,5,0,0,15,20,5,16,-18,16,19,39
XPO,"XPO, Inc.",115.07,-57,0,-3,59,-1,5,23,-13,25,40,39
IT,Gartner,425.85,-42,0,-11,56,3,-37,27,-9,55,36,39
VOYA,Voya Financial,65.61,-3,17,-13,2,3,5,20,-18,29,36,39
ATR,AptarGroup,150.31,-13,23,0,18,28,-24,30,-18,23,11,39
MRP,Millrose Properties,27.78,-2,6,0,0,4,7,27,0,0,34,38
Z,Zillow (Class C),70.21,19,1,1,0,21,12,-5,-8,18,17,38
LULU,Lululemon Athletica,335.27,17,3,0,0,20,16,22,-10,-10,18,38
VLO,Valero Energy,126.55,-6,17,-34,42,19,12,19,-9,-3,19,38
ACN,Accenture,316.41,7,0,-13,12,6,1,22,-9,17,31,37
WPC,W. P. Carey,62.06,0,14,19,0,33,-21,6,16,3,4,37
XYZ,"Block, Inc.",63.87,63,0,-14,-34,15,12,14,-15,11,22,37
COKE,Coca-Cola Consolidated,107.62,-21,-24,-1,84,38,-21,-24,-6,50,-1,37
NCLH,Norwegian Cruise Line Holdings,18.38,12,0,-10,-3,-1,12,18,-10,18,38,37
DAY,Dayforce,59.9,15,2,-10,-10,-3,40,11,-14,3,40,37
CVS,CVS Health,63.57,37,-1,0,-15,21,42,-15,15,-26,16,37
DXCM,Dexcom,85.62,0,21,0,-12,9,11,30,-7,-7,27,36
JNJ,Johnson & Johnson,153.22,-1,-1,2,5,5,26,5,-4,4,31,36
EFX,Equifax,267.0,0,29,0,14,43,7,-2,-28,16,-7,36
MUSA,Murphy USA,422.95,-50,-19,-3,66,-6,2,-19,-19,77,41,35
JKHY,Jack Henry & Associates,181.52,0,14,6,2,22,5,16,-17,9,13,35
PAYC,Paycom,265.4,17,30,9,-22,34,12,30,-6,-35,1,35
CHRW,C.H. Robinson,96.16,0,15,0,2,17,12,17,-17,6,18,35
OSK,Oshkosh Corporation,102.12,14,16,-16,2,16,10,21,-10,-3,18,34
VTR,"Ventas, Inc.",63.18,-22,-6,62,20,54,-33,-13,13,13,-20,34
AGNC,AGNC Investment,9.04,3,2,1,14,20,5,-2,-4,15,14,34
AMT,American Tower,214.39,11,0,6,4,21,7,-13,10,9,13,34
LVS,Las Vegas Sands,41.35,19,17,-12,-4,20,19,23,-16,-12,14,34
SBAC,SBA Communications,230.76,6,37,6,-18,31,4,-11,7,3,3,34
VNT,Vontier,35.88,0,17,-3,0,14,12,24,-13,-3,20,34
BAH,Booz Allen Hamilton,102.51,-56,-6,-20,99,17,4,-2,-22,36,16,33
AR,Antero Resources,37.29,-42,17,31,8,14,-5,18,-2,8,19,33
AAP,Advance Auto Parts,51.66,63,9,0,-26,46,12,16,-10,-32,-14,32
EXC,Exelon,42.73,-14,-6,45,12,37,-13,-16,16,8,-5,32
SEG,Seaport Entertainment Group,20.28,47,0,0,0,47,12,-10,-18,0,-16,31
MEDP,Medpace,312.72,14,2,-17,30,29,12,1,-9,-2,2,31
MSGS,Madison Square Garden Sports,188.79,-1,0,-10,19,8,16,-2,-16,25,23,31
LAZ,Lazard,43.22,-6,0,-2,18,10,5,22,-18,11,20,30
HAYW,Hayward Holdings,14.16,11,17,-3,0,25,9,-2,-16,14,5,30
ZBRA,Zebra Technologies,290.89,11,3,-11,-5,-2,9,22,-11,11,31,29
FE,FirstEnergy,40.85,-42,36,8,53,55,-13,-2,-23,12,-26,29
TTEK,Tetra Tech,35.33,0,15,-19,3,-1,5,30,-22,17,30,29
JLL,Jones Lang LaSalle,229.37,9,0,0,12,21,11,-5,-10,12,8,29
ALLE,Allegion,138.09,-21,29,0,19,27,-26,29,-22,20,1,28
LEN,Lennar (Class A),110.22,7,0,-20,62,49,11,-7,-25,-1,-22,27
INVH,Invitation Homes,33.24,-1,15,0,5,19,-7,-9,11,12,7,26
RKT,Rocket Companies,12.47,-4,-4,-9,0,-17,4,13,8,18,43,26
MPC,Marathon Petroleum,156.96,-6,19,-1,47,59,-1,23,-49,-6,-33,26
INGM,Ingram Micro,19.64,0,2,0,0,2,9,23,-8,0,24,26
JHG,Janus Henderson,36.14,-28,2,0,17,-9,5,23,-9,16,35,26
UHAL,U-Haul,63.27,12,0,-5,20,27,4,-5,-18,18,-1,26
MU,Micron Technology,103.2,21,16,-25,20,32,16,22,-42,-3,-7,25
OWL,Blue Owl Capital,19.01,13,0,0,0,13,9,-5,-11,19,12,25
ACI,Albertsons,21.41,-14,34,15,0,35,-14,-7,17,-7,-11,24
SNDR,Schneider National,23.94,12,0,-13,0,-1,17,16,-17,8,24,23
CPRT,Copart,50.38,-73,-8,-3,174,90,-76,-4,-13,26,-67,23
AMTM,Amentum,21.28,0,29,0,0,29,8,-2,-12,0,-6,23
HUBS,HubSpot,600.24,0,0,0,9,9,9,-4,-8,17,14,23
KMB,Kimberly-Clark,138.44,-14,0,4,16,6,-19,12,-1,24,16,22
FRPT,Freshpet,81.75,0,0,-14,-4,-18,16,17,-10,17,40,22
VVV,Valvoline,36.63,14,2,-16,29,29,15,18,-38,-2,-7,22
GM,General Motors,47.67,-7,17,0,9,19,-13,23,-18,11,3,22
BOKF,BOK Financial Corporation,93.65,-2,0,-2,20,16,12,-2,-16,12,6,22
CVX,Chevron Corporation,137.39,14,-42,-10,46,8,16,-4,-2,4,14,22
UHAL-B,U-Haul (Series N),56.13,13,0,-13,0,0,45,-4,-27,7,21,21
NVST,Envista,18.75,41,2,-13,0,30,11,23,-13,-30,-9,21
FANG,Diamondback Energy,139.35,15,2,-19,45,43,16,2,-38,-3,-23,20
GAP,Gap Inc.,21.0,-28,26,-2,16,12,-38,28,1,17,8,20
PSN,Parsons Corporation,68.71,9,2,-17,0,-6,12,1,-20,33,26,20
RRX,Regal Rexnord,136.3,-1,17,-18,1,-1,7,22,-19,11,21,20
NU,Nubank,11.94,-6,28,-3,0,19,9,-5,-21,17,0,19
CRH,CRH plc,90.89,-67,0,0,62,-5,9,-3,-7,25,24,19
OTIS,Otis Worldwide,95.25,-1,-6,0,0,-7,7,-1,-4,24,26,19
TTD,Trade Desk (The),76.06,2,0,-17,2,-13,8,23,-17,18,32,19
GRAL,"Grail, Inc.",39.96,-10,0,0,0,-10,6,30,-7,0,29,19
NLY,Annaly Capital Management,18.98,-8,1,8,8,9,5,-5,-4,14,10,19
HOLX,Hologic,62.57,46,5,-25,0,26,11,12,-25,-5,-7,19
AWK,American Water Works,138.81,-7,0,16,0,9,-13,5,12,6,10,19
ARW,Arrow Electronics,120.04,12,24,-32,2,6,12,30,-23,-6,13,19
CRUS,Cirrus Logic,101.03,0,17,-13,17,21,5,24,-31,-1,-3,18
PLD,Prologis,108.41,0,7,-13,0,-6,9,28,-10,-3,24,18
TKR,Timken Company,70.55,7,2,-14,2,-3,12,21,-11,-3,19,16
BMY,Bristol Myers Squibb,47.95,35,-42,-5,-3,-15,29,3,-4,3,31,16
PATH,UiPath,13.04,-2,7,-1,0,4,2,32,-15,-8,11,15
PCOR,Procore,67.33,0,0,-1,0,-1,9,-3,-7,17,16,15
EIX,Edison International,54.34,-3,0,-22,0,-25,12,-1,-19,48,40,15
CL,Colgate-Palmolive,90.19,-14,-3,-1,21,3,-13,5,-4,24,12,15
FR,First Industrial Realty Trust,48.7,-7,0,-3,12,2,9,-4,-5,12,12,14
MKC,McCormick & Company,73.24,18,-35,0,-2,-19,41,-13,-4,8,32,13
UDR,"UDR, Inc.",41.12,12,1,0,0,13,4,-10,-5,11,0,13
LDOS,Leidos,144.41,-56,29,-3,21,-9,3,-2,3,17,21,12
MTDR,Matador Resources,45.02,14,0,-19,0,-5,16,17,-12,-4,17,12
OLED,Universal Display Corporation,150.22,14,17,-27,0,4,16,24,-30,-3,7,11
MAA,Mid-America Apartment Communities,151.85,-14,-3,48,0,31,-14,-10,-5,9,-20,11
TPG,TPG Inc.,48.6,4,0,-3,0,1,12,-5,-14,17,10,11
NNN,NNN Reit,41.4,0,15,-3,20,32,-7,-2,-25,12,-22,10
LFUS,Littelfuse,215.41,9,17,-15,0,11,12,22,-29,-6,-1,10
MDB,MongoDB Inc.,199.84,19,0,-16,-7,-4,16,22,-17,-7,14,10
CSGP,CoStar Group,77.05,8,-11,0,12,9,11,-16,13,-7,1,10
TFC,Truist Financial,39.49,-1,0,-1,2,0,12,-1,-13,12,10,10
LNW,Light & Wonder,86.6,-21,-3,-11,55,20,-24,-5,-5,23,-11,9
NCNO,nCino,27.25,0,2,-16,0,-14,8,19,-18,13,22,8
FAF,First American Financial Corporation,55.82,0,-22,-3,12,-13,23,-10,-9,16,20,7
BURL,Burlington Stores,238.39,-1,0,0,1,0,9,-1,-16,15,7,7
DNB,Dun & Bradstreet,9.03,40,0,-16,0,24,41,-5,-18,-35,-17,7
LNC,Lincoln Financial,32.67,-2,0,8,-4,2,12,-5,-8,6,5,7
TRU,TransUnion,87.24,2,6,-1,1,8,9,-2,-21,12,-2,6
TEAM,Atlassian,211.03,7,0,-1,-4,2,9,-6,-8,9,4,6
CHH,Choice Hotels,126.36,-35,0,-3,13,-25,8,18,-7,12,31,6
MIDD,Middleby,147.8,-28,0,4,0,-24,8,17,-6,11,30,6
QCOM,Qualcomm,149.02,7,2,-15,20,14,12,25,-42,-3,-8,6
LW,Lamb Weston,55.22,43,5,-62,-6,-20,44,9,-16,-12,25,5
FSLR,First Solar,159.86,0,16,-29,60,47,5,-2,-41,-4,-42,5
KNX,Knight-Swift,44.67,14,0,-15,0,-1,10,18,-11,-11,6,5
CPAY,Corpay,327.21,-28,0,0,19,-9,5,-5,-9,23,14,5
INCY,Incyte,67.42,25,3,0,-29,-1,-4,25,-21,5,5,4
IONS,Ionis Pharmaceuticals,35.08,24,20,-39,-9,-4,26,26,-36,-8,8,4
TER,Teradyne,82.02,14,0,-19,-4,-9,11,18,-13,-3,13,4
THO,Thor Industries,85.76,14,1,-16,0,-1,5,23,-19,-4,5,4
DLB,Dolby Laboratories,75.26,0,0,0,0,0,11,-3,-10,6,4,4
A,Agilent Technologies,114.95,7,0,-13,-3,-9,5,20,-10,-3,12,3
CACC,Credit Acceptance,487.21,4,0,0,0,4,9,-2,-5,-3,-1,3
GTLB,GitLab,47.36,0,0,-11,0,-11,12,-4,-10,16,14,3
YETI,Yeti Holdings,31.77,14,0,-25,-4,-15,24,17,-16,-8,17,2
GXO,GXO Logistics,41.8,13,17,-27,0,3,7,23,-25,-6,-1,2
WAL,Western Alliance Bancorporation,72.03,-6,0,-2,2,-6,12,-4,-17,16,7,1
LBRDA,Liberty Broadband (Series A),91.95,-57,28,37,-34,-26,5,27,-11,6,27,1
GEHC,GE HealthCare,71.12,13,0,-10,0,3,5,-5,-8,6,-2,1
PYPL,PayPal,72.81,8,7,-3,-37,-25,9,23,-14,7,25,0
EMN,Eastman Chemical Company,80.84,1,0,-11,0,-10,5,17,-25,13,10,0
D,Dominion Energy,56.07,0,15,4,-32,-13,-5,30,-20,8,13,0
FDX,FedEx,218.89,0,0,-16,30,14,9,-4,-18,-2,-15,-1
OKTA,"Okta, Inc.",105.59,-42,26,14,-22,-24,2,-2,19,4,23,-1
LKQ,LKQ Corporation,39.92,-3,0,0,0,-3,5,16,-4,-15,2,-1
SEB,Seaboard Corporation,2733.5,63,0,-89,-21,-47,73,3,-4,-27,45,-2
IRDM,Iridium Communications,26.34,18,0,-11,-17,-10,17,21,-13,-17,8,-2
AVY,Avery Dennison,178.82,0,16,-25,2,-7,11,30,-33,-3,5,-2
MKSI,MKS Instruments,87.88,7,2,-17,-11,-19,9,22,-11,-3,17,-2
HSY,Hershey Company (The),161.54,35,-16,-35,-2,-18,50,-13,-4,-17,16,-2
LYFT,Lyft,15.26,-48,18,5,0,-25,9,28,-17,2,22,-3
OVV,Ovintiv,37.36,20,0,-27,0,-7,19,2,-14,-4,3,-4
IP,International Paper,47.29,-42,-3,0,14,-31,7,15,-10,14,26,-5
MTD,Mettler Toledo,1169.72,11,2,-13,0,0,7,22,-31,-3,-5,-5
BALL,Ball Corporation,53.26,12,17,-25,-9,-5,5,29,-32,-3,-1,-6
KRC,Kilroy Realty,33.59,20,7,-10,-38,-21,12,10,-16,9,15,-6
MCHP,Microchip Technology,64.66,23,17,-36,0,4,16,23,-45,-5,-11,-7
SJM,J.M. Smucker Company (The),112.08,0,0,-2,-2,-4,5,5,7,-21,-4,-8
GPC,Genuine Parts Company,126.3,0,15,-3,0,12,16,29,-50,-15,-20,-8
DVA,DaVita,136.76,0,-36,0,18,-18,5,-2,-10,17,10,-8
AVB,AvalonBay Communities,204.64,5,1,0,14,20,-13,-10,-18,13,-28,-8
GNRC,Generac,127.41,12,1,-10,-32,-29,11,19,-18,8,20,-9
NXST,Nexstar Media Group,165.71,-38,16,0,2,-20,8,16,-22,8,10,-10
GME,GameStop,29.97,-27,20,0,-28,-35,-2,31,1,-5,25,-10
SHC,Sotera Health,12.35,0,22,-17,0,5,12,-1,-22,-4,-15,-10
EQR,Equity Residential,69.02,-8,16,0,11,19,-14,-8,-19,11,-30,-11
CAR,Avis Budget Group,112.27,-7,33,0,-18,8,-30,43,3,-35,-19,-11
DPZ,Domino's,465.69,-66,0,12,8,-46,4,-2,17,16,35,-11
TFSL,Third Federal S&L,13.14,-22,30,7,3,18,-25,-2,-19,17,-29,-11
HAS,Hasbro,65.43,-21,17,4,0,0,-26,28,-24,9,-13,-13
FI,Fiserv,164.12,5,-43,-4,33,-9,5,-29,-5,25,-4,-13
LII,Lennox International,561.68,-67,0,0,36,-31,7,-1,-13,25,18,-13
O,Realty Income,55.93,0,13,0,5,18,-7,-12,-24,11,-32,-14
HSIC,Schein (Henry),70.39,-28,0,-2,0,-30,2,21,-9,1,15,-15
BC,Brunswick Corporation,54.73,14,1,-28,-5,-18,12,17,-19,-7,3,-15
BLD,TopBuild,289.07,7,-11,-19,44,21,11,-10,-36,-1,-36,-15
BBY,Best Buy,69.68,8,0,-14,-4,-10,11,-5,-25,14,-5,-15
PSX,Phillips 66,112.48,-6,16,-26,39,23,-2,18,-51,-3,-38,-15
S,SentinelOne,17.97,0,0,-15,0,-15,10,-5,-18,12,-1,-16
AGCO,AGCO,99.73,-56,19,0,0,-37,7,24,1,-11,21,-16
IVZ,Invesco,14.42,-6,0,-10,-4,-20,3,-1,-10,11,3,-17
WTRG,Essential Utilities,37.32,-7,-1,0,-1,-9,-11,-12,12,3,-8,-17
ADBE,Adobe Inc.,414.07,0,15,-26,-4,-15,8,22,-30,-3,-3,-18
KDP,Keurig Dr Pepper,32.8,-2,-3,0,0,-5,-13,-20,8,10,-15,-20
VLTO,Veralto,98.93,-21,17,0,0,-4,-19,24,-23,0,-18,-22
PPG,PPG Industries,111.95,6,17,-36,-6,-19,5,25,-27,-6,-3,-22
VTRS,Viatris,8.59,0,0,-15,-5,-20,5,-5,-19,17,-2,-22
BRBR,BellRing Brands,62.17,0,-21,-3,0,-24,-1,-13,-9,25,2,-22
CCI,Crown Castle,100.24,0,0,-3,-26,-29,5,-11,10,3,7,-22
CCCS,CCC Intelligent Solutions,8.86,7,0,-18,0,-11,12,-2,-17,-4,-11,-22
ON,ON Semiconductor,50.29,14,2,-27,0,-11,12,23,-33,-13,-11,-22
DKNG,DraftKings,34.85,-21,0,-11,0,-32,3,-3,-8,18,10,-22
CAVA,Cava Group,82.02,0,-6,-4,0,-10,8,-5,-18,0,-15,-25
FRT,Federal Realty Investment Trust,95.13,0,0,-13,2,-11,-1,-6,-19,12,-14,-25
TTC,Toro Company (The),75.55,14,16,-25,-5,0,9,22,-38,-18,-25,-25
EXP,Eagle Materials,200.9,-77,-6,-5,55,-33,5,-3,-19,25,8,-25
LSCC,Lattice Semiconductor,47.64,2,0,-10,-3,-11,10,-5,-7,-13,-15,-26
CNH,CNH Industrial,12.44,-57,18,9,0,-30,5,24,-4,-21,4,-26
IEX,IDEX Corporation,180.9,-1,6,-18,0,-13,9,-1,-18,-4,-14,-27
LBRDK,Liberty Broadband (Series C),92.58,-57,28,37,-34,-26,5,-1,-11,6,-1,-27
WEX,WEX Inc.,138.28,9,1,-33,-3,-26,12,17,-24,-6,-1,-27
G,Genpact,42.6,-35,-22,43,0,-14,2,-19,-5,8,-14,-28
GPK,Graphic Packaging,21.98,-42,-61,-9,56,-56,5,-24,-22,69,28,-28
PARAA,Paramount Global (Class A),22.44,-21,-2,29,0,6,-34,-2,-2,4,-34,-28
MAT,Mattel,18.67,-28,16,0,0,-12,2,18,-8,-29,-17,-29
AMKR,Amkor Technology,19.06,8,2,-30,0,-20,9,23,-38,-3,-9,-29
HHH,Howard Hughes Holdings,67.54,-10,-1,-3,-4,-18,2,-7,-18,12,-11,-29
WH,Wyndham Hotels & Resorts,81.66,-42,-5,-1,9,-39,9,-5,-7,13,10,-29
SAIC,SAIC,102.25,-56,-3,-27,65,-21,-65,-3,4,55,-9,-30
QRVO,Qorvo,79.23,14,17,-33,-29,-31,16,25,-37,-3,1,-30
ELAN,Elanco,13.45,0,20,-27,-5,-12,7,22,-43,-4,-18,-30
SITE,SiteOne Landscape Supply,120.08,10,0,-16,-7,-13,10,-3,-19,-6,-18,-31
CMCSA,Comcast,34.44,0,0,-25,-7,-32,12,17,-22,-6,1,-31
LUV,Southwest Airlines,32.28,-2,16,6,-37,-17,-20,19,-15,2,-14,-31
WST,West Pharmaceutical Services,211.45,7,0,-17,-5,-15,9,-3,-17,-6,-17,-32
AMCR,Amcor,9.07,0,-4,-10,0,-14,9,-12,-25,9,-19,-33
SEE,Sealed Air,32.08,-1,17,-14,-22,-20,5,28,-17,-30,-14,-34
CRM,Salesforce,263.18,-57,0,-3,20,-40,2,-4,-11,19,6,-34
DINO,HF Sinclair,35.61,-1,19,-40,-7,-29,29,24,-52,-6,-5,-34
POOL,Pool Corporation,309.54,0,0,-13,-4,-17,11,-2,-19,-7,-17,-34
SWKS,Skyworks Solutions,71.2,13,15,-33,-28,-33,13,25,-36,-3,-1,-34
PFE,Pfizer,23.4,37,0,-23,-21,-7,5,23,-31,-26,-29,-36
SW,Smurfit Westrock,42.61,-45,0,0,0,-45,3,18,-13,0,8,-37
ELS,Equity Lifestyle Properties,63.24,0,-6,-11,0,-17,4,-1,-22,-1,-20,-37
FMC,FMC Corporation,42.26,37,6,-30,-22,-9,11,10,-26,-24,-29,-38
WY,Weyerhaeuser,26.3,8,0,-13,0,-5,5,-7,-25,-6,-33,-38
NUE,Nucor,121.87,21,3,-45,0,-21,19,-8,-22,-6,-17,-38
WHR,Whirlpool Corporation,81.73,14,0,-14,-24,-24,12,16,-10,-34,-16,-40
CNXC,Concentrix,54.69,-21,17,0,0,-4,-24,20,-2,-31,-37,-41
LSTR,Landstar,141.43,8,0,-25,0,-17,12,1,-32,-5,-24,-41
WYNN,Wynn Resorts,86.14,-31,19,-1,-1,-14,-30,27,-18,-6,-27,-41
COLB,Columbia Banking System,23.06,-28,0,-2,-7,-37,5,-2,-16,8,-5,-42
KVUE,Kenvue,21.68,-21,-1,33,0,11,-61,-2,9,1,-53,-42
BEN,Franklin Templeton Investments,21.37,-22,20,0,-7,-9,-30,30,-13,-20,-33,-42
JBHT,J. B. Hunt,140.11,0,0,-21,-3,-24,8,-1,-18,-8,-19,-43
RIVN,Rivian,14.02,-38,19,0,0,-19,-33,27,1,-19,-24,-43
AKAM,Akamai Technologies,76.6,0,0,-16,-5,-21,10,-9,-16,-8,-23,-44
PVH,PVH Corp.,80.87,-21,16,-22,2,-25,-26,30,-18,-5,-19,-44
IFF,International Flavors & Fragrances,77.48,11,2,-13,-29,-29,5,-6,-25,9,-17,-46
WBA,Walgreens Boots Alliance,11.25,29,17,0,-75,-29,-13,32,-3,-33,-17,-46
DD,DuPont,67.95,-27,0,-11,17,-21,5,-4,-25,-1,-25,-46
F,Ford Motor Company,10.23,-6,31,-40,-15,-30,5,-1,-18,-3,-17,-47
TROW,T. Rowe Price,93.8,-42,2,-13,-23,-76,9,23,-15,11,28,-48
CERT,"Certara, Inc.",11.95,7,-10,0,0,-3,5,-12,-8,-30,-45,-48
SN,SharkNinja,87.89,-56,0,0,0,-56,-7,23,-8,0,8,-48
DV,DoubleVerify,14.73,14,0,-60,0,-46,19,-5,-8,-8,-2,-48
DHR,Danaher Corporation,193.09,13,-4,-19,0,-10,5,-12,-30,-2,-39,-49
W,Wayfair,44.3,49,17,-53,-39,-26,9,23,-17,-38,-23,-49
BILL,Bill.com,45.58,9,0,-14,0,-5,5,-5,-10,-35,-45,-50
ESTC,Elastic NV,83.83,-35,0,-3,-4,-42,3,-2,-8,-2,-9,-51
PLTK,Playtika,4.86,19,-5,-16,0,-2,9,-13,-17,-29,-50,-52
AZTA,Azenta,28.61,13,0,-43,-29,-59,12,11,-9,-7,7,-52
HRL,Hormel Foods,30.69,34,7,0,-21,20,-2,-26,-17,-28,-73,-53
PB,Prosperity Bancshares,69.13,-70,0,-2,12,-60,10,-2,-14,12,6,-54
BIIB,Biogen,131.9,35,0,-74,-25,-64,45,17,-37,-16,9,-55
PARA,Paramount Global (Class B),11.95,-1,18,0,-37,-20,-18,24,2,-43,-35,-55
BWA,BorgWarner,32.07,-11,19,-27,0,-19,-24,26,-25,-14,-37,-56
BLDR,Builders FirstSource,112.73,4,-85,-18,63,-36,10,-7,-22,-1,-20,-56
HPQ,HP Inc.,25.17,-42,0,-15,0,-57,8,-2,-19,14,1,-56
EPAM,EPAM Systems,175.61,0,0,-16,-25,-41,5,22,-7,-35,-15,-56
CHRD,Chord Energy,92.52,14,-1,-40,0,-27,17,1,-44,-4,-30,-57
ST,Sensata Technologies,26.59,14,17,-32,-13,-14,7,21,-39,-33,-44,-58
NSA,National Storage Affiliates,33.56,-8,-10,-5,-2,-25,-6,-11,-26,10,-33,-58
FND,Floor & Decor,73.34,0,-10,-25,-4,-39,9,-6,-19,-4,-20,-59
WFRD,Weatherford International,46.62,13,0,-34,0,-21,5,-3,-38,-3,-39,-60
RARE,Ultragenyx,36.61,16,0,-17,-36,-37,15,-13,-25,-1,-24,-61
SON,Sonoco,44.77,-22,15,-34,-3,-44,8,18,-32,-12,-18,-62
GFS,GlobalFoundries,37.72,2,0,-72,0,-70,7,22,-7,-15,7,-63
WBD,Warner Bros. Discovery,9.79,5,6,2,-40,-27,-2,17,-10,-43,-38,-65
VKTX,Viking Therapeutics,27.0,-28,0,-30,19,-39,3,-2,-23,-4,-26,-65
CE,Celanese,54.67,7,2,-33,-8,-32,5,19,-51,-7,-34,-66
AXTA,Axalta,30.65,-77,-4,-6,20,-67,3,-7,-19,24,1,-66
CDW,CDW,176.74,-28,17,-32,2,-41,8,24,-53,-6,-27,-68
FCN,FTI Consulting,163.49,-1,-3,-27,0,-31,5,-2,-37,-3,-37,-68
TGT,Target Corporation,93.95,-5,-1,-21,-9,-36,9,-8,-29,-4,-32,-68
ELV,Elevance Health,380.42,0,-16,-34,0,-50,5,-31,8,-1,-19,-69
VAC,Marriott Vacations Worldwide,65.54,-26,0,-15,-15,-56,4,19,-15,-23,-15,-71
GMED,Globus Medical,59.67,12,-72,-5,0,-65,12,-18,-10,10,-6,-71
WMS,Advanced Drainage Systems,113.15,0,1,-30,1,-28,7,-6,-44,-1,-44,-72
CHTR,Charter Communications,388.77,-63,28,8,-34,-61,5,-2,-18,4,-11,-72
RGEN,Repligen,126.55,11,-10,-6,-15,-20,5,-12,-10,-35,-52,-72
TAP,Molson Coors,52.76,-56,-28,-3,12,-75,5,-2,-4,3,2,-73
EXAS,Exact Sciences,55.14,-21,23,-18,-23,-39,-26,27,-22,-14,-35,-74
IPGP,IPG Photonics,68.24,49,16,-76,-42,-53,13,23,-17,-42,-23,-76
TSN,Tyson Foods,55.62,0,-22,-1,-26,-49,-13,-22,-1,9,-27,-76
TREX,"Trex Company, Inc.",56.61,-1,0,-44,-11,-56,6,-6,-16,-4,-20,-76
SMG,Scotts Miracle-Gro Company,58.62,-28,13,-12,-37,-64,-21,16,-22,11,-16,-80
MTCH,Match Group,31.04,11,1,-16,-35,-39,9,9,-23,-36,-41,-80
JAZZ,Jazz Pharmaceuticals,109.43,13,-48,-5,-4,-44,19,-13,-6,-37,-37,-81
COO,Cooper Companies (The),67.42,-28,-4,-17,-3,-52,2,-8,-22,-1,-29,-81
OXY,Occidental Petroleum,41.91,14,0,-45,0,-31,16,-4,-49,-14,-51,-82
VFC,VF Corporation,12.55,-28,0,-10,-41,-79,6,-5,-10,5,-4,-83
PENN,Penn Entertainment,15.43,13,0,-13,-32,-32,5,-6,-8,-42,-51,-83
ILMN,"Illumina, Inc.",83.2,0,0,-18,-38,-56,5,23,-18,-38,-28,-84
AOS,A. O. Smith,64.3,-70,0,-32,56,-46,5,-3,-38,-3,-39,-85
MOH,Molina Healthcare,292.66,-57,-9,-3,0,-69,-15,-3,8,-6,-16,-85
REXR,Rexford Industrial,35.7,0,2,-36,-16,-50,8,17,-31,-30,-36,-86
CRL,Charles River Laboratories,143.17,7,2,-44,-24,-59,12,20,-53,-6,-27,-86
PEN,"Penumbra, Inc.",255.11,-100,-6,22,9,-75,-39,-9,36,1,-11,-86
KMX,CarMax,65.91,14,-66,-9,-34,-95,19,-7,-13,9,8,-87
TPL,Texas Pacific Land Corporation,1104.1,-63,-4,-1,56,-12,-72,-4,-10,11,-75,-87
OGN,Organon & Co.,9.52,49,-50,-19,0,-20,12,-48,-32,-2,-70,-90
KHC,Kraft Heinz,26.72,0,-30,-32,-2,-64,5,-20,-4,-8,-27,-91
WSC,WillScot Mobile Mini,27.65,0,0,-55,-4,-59,12,-2,-32,-10,-32,-91
AA,Alcoa,27.37,-42,0,-11,-18,-71,9,17,-17,-30,-21,-92
ENTG,Entegris,72.63,0,-14,-34,-4,-52,7,-6,-39,-3,-41,-93
AES,AES Corporation,10.18,0,-10,-32,-9,-51,28,-5,-43,-22,-42,-93
TDC,Teradata,22.33,8,1,-69,-15,-75,16,-4,-17,-14,-19,-94
PK,Park Hotels & Resorts,10.06,-21,0,-16,-5,-42,-28,-6,-18,-3,-55,-97
RNG,RingCentral,26.9,7,0,-16,-39,-48,12,-3,-16,-43,-50,-98
RH,RH,178.2,-70,-4,-14,-5,-93,5,-5,-13,7,-6,-99
FIVN,Five9,29.1,14,0,-69,-33,-88,12,22,-7,-38,-11,-99
DVN,Devon Energy,31.55,0,0,-40,-3,-43,14,-6,-46,-20,-58,-101
QDEL,QuidelOrtho,31.07,7,0,-13,-36,-42,5,-6,-13,-45,-59,-101
AAL,American Airlines Group,11.42,-1,0,-11,-74,-86,9,22,-11,-37,-17,-103
INTC,Intel,20.25,0,-12,-59,-18,-89,9,-6,-7,-10,-14,-103
AVTR,Avantor,13.31,13,-81,-19,0,-87,13,3,-30,-3,-17,-104
HOG,Harley-Davidson,24.53,-56,2,-33,-7,-94,9,18,-28,-9,-10,-104
MRNA,Moderna,27.26,0,-1,-45,-2,-48,19,5,-45,-37,-58,-106
MGM,MGM Resorts International,31.99,0,0,-46,0,-46,5,-5,-53,-7,-60,-106
TECH,Bio-Techne,49.85,28,-81,-17,-22,-92,14,-8,-17,-4,-15,-107
M,"Macy's, Inc.",11.45,-21,-3,-21,-13,-58,-28,-3,-15,-4,-50,-108
ANGI,Angi Inc.,16.98,13,2,-30,-49,-64,14,12,-28,-42,-44,-108
ONTO,Onto Innovation,96.05,7,-78,-16,0,-87,9,-18,-11,-2,-22,-109
CLVT,Clarivate,4.37,10,7,-67,-4,-54,12,-1,-27,-40,-56,-110
CGNX,Cognex Corporation,29.84,-5,0,-30,-29,-64,9,21,-38,-38,-46,-110
MTN,Vail Resorts,154.24,-16,7,-23,-21,-53,-24,17,-17,-34,-58,-111
CIVI,Civitas Resources,27.42,-5,-5,-45,-4,-59,5,-6,-45,-7,-53,-112
DJT,Trump Media & Technology Group,21.86,-49,-4,-46,0,-99,14,-6,-14,-7,-13,-112
PII,Polaris Inc.,41.36,13,2,-90,-15,-90,9,17,-33,-15,-22,-112
UAA,Under Armour (Class A),6.59,-5,7,-18,-42,-58,-29,27,-18,-35,-55,-113
BAX,Baxter International,29.97,-21,0,-13,-36,-70,3,-5,-4,-39,-45,-115
BG,Bunge Global,74.62,-15,0,-34,0,-49,-26,-2,-37,-3,-68,-117
CHDN,Churchill Downs Incorporated,95.98,6,-117,-21,0,-132,5,4,-22,28,15,-117
IAC,IAC Inc.,36.58,0,0,-30,-29,-59,5,-3,-25,-36,-59,-118
SAIA,Saia,264.97,-11,-74,-16,2,-99,-1,3,-18,-3,-19,-118
TRIP,Tripadvisor,14.44,4,1,-51,-50,-96,5,22,-8,-42,-23,-119
MKTX,MarketAxess,218.75,4,1,-18,-27,-40,-5,-10,-22,-42,-79,-119
COP,ConocoPhillips,85.95,0,-43,-35,0,-78,21,-7,-51,-6,-43,-121
SWK,Stanley Black & Decker,65.63,-57,0,-19,-37,-113,5,-2,-25,12,-10,-123
MHK,Mohawk Industries,101.04,-73,-11,-16,-9,-109,5,-8,-24,12,-15,-124
ASH,Ashland Global,49.8,-28,-4,-31,-7,-70,5,-8,-43,-8,-54,-124
RYN,Rayonier,23.48,-3,-42,-10,-3,-58,4,-42,-22,-7,-67,-125
REGN,Regeneron Pharmaceuticals,484.83,-28,-4,-31,-2,-65,-28,-1,-32,-2,-63,-128
GO,Grocery Outlet,13.63,0,-1,-90,0,-91,20,-14,-18,-26,-38,-129
UA,Under Armour (Class C),6.17,-21,9,-18,-35,-65,-26,19,-22,-35,-64,-129
HUM,Humana,230.89,0,-24,-79,-10,-113,37,-27,-10,-18,-18,-131
NWL,Newell Brands,5.3,-56,0,-17,-29,-102,5,17,-17,-34,-29,-131
INSP,Inspire Medical Systems,138.13,-69,-14,-13,-4,-100,8,-6,-18,-15,-31,-131
PCG,PG&E Corporation,16.04,-63,-1,-20,2,-82,-66,-3,-19,38,-50,-132
SLB,Schlumberger,33.23,-6,-43,-60,-3,-112,5,-7,-11,-8,-21,-133
CROX,Crocs,99.01,-56,0,-32,0,-88,3,-3,-42,-3,-45,-133
APTV,Aptiv,65.88,-7,17,0,-22,-12,-25,23,-87,-34,-123,-135
WEN,Wendy's Company (The),11.93,7,-44,-27,-6,-70,19,-50,-22,-13,-66,-136
DXC,DXC Technology,15.45,7,0,-15,-71,-79,4,-7,-22,-32,-57,-136
APA,APA Corporation,17.92,21,0,-75,-10,-64,19,3,-79,-17,-74,-138
LINE,"Lineage, Inc.",44.09,-57,-42,0,0,-99,7,-25,-21,0,-39,-138
IQV,IQVIA,147.85,13,-78,-30,-4,-99,5,-8,-32,-4,-39,-138
PEP,PepsiCo,131.73,17,-42,-32,-1,-58,10,-51,-29,-11,-81,-139
ADM,Archer Daniels Midland,47.29,-27,18,-36,-9,-54,-27,-3,-38,-18,-86,-140
GIS,General Mills,54.62,17,-41,-31,-2,-57,12,-51,-27,-17,-83,-140
QS,QuantumScape,4.24,3,0,-74,0,-71,7,-4,-38,-34,-69,-140
CAG,Conagra Brands,22.49,-3,-35,-22,-5,-65,-1,-49,-4,-21,-75,-140
COLM,Columbia Sportswear,61.58,-39,-60,-11,-4,-114,-29,-3,-6,11,-27,-141
NOV,NOV Inc.,12.25,0,-43,-45,-10,-98,12,-6,-36,-13,-43,-141
EL,Estée Lauder Companies (The),68.84,49,7,-110,-24,-78,5,20,-55,-33,-63,-141
COLD,Americold,16.59,-1,-45,-31,-9,-86,5,-19,-31,-13,-58,-144
REYN,Reynolds Consumer Products,21.99,-3,-83,-18,0,-104,3,-13,-30,-1,-41,-145
KSS,Kohl's,8.11,-9,0,-52,-29,-90,9,18,-53,-30,-56,-146
GPN,Global Payments,76.67,0,-77,-17,-37,-131,10,-3,-14,-8,-15,-146
RVTY,Revvity,92.4,7,-60,-10,-22,-85,5,-52,-15,1,-61,-146
GLOB,Globant,97.87,-91,-13,-16,-5,-125,5,-7,-16,-5,-23,-148
CPRI,Capri Holdings,17.09,-16,0,-62,-9,-87,-23,18,-26,-30,-61,-148
IPG,Interpublic Group of Companies (The),22.96,-28,-6,-33,0,-67,-28,-8,-30,-15,-81,-148
LEA,Lear Corporation,88.24,-22,17,-58,-15,-78,-1,-2,-54,-13,-70,-148
CPB,Campbell Soup Company,34.25,0,-42,-22,-4,-68,4,-52,-29,-3,-80,-148
NKE,"Nike, Inc.",62.75,11,0,-67,-19,-75,10,18,-68,-34,-74,-149
FBIN,Fortune Brands Innovations,51.05,0,-129,-16,-3,-148,8,-6,-22,18,-2,-150
TXG,10x Genomics,9.34,34,0,-66,0,-32,-9,-6,-65,-40,-120,-152
WU,Western Union,9.3,-3,-42,-13,-44,-102,12,-11,-48,-3,-50,-152
LCID,Lucid Motors,2.23,-52,-5,-22,0,-79,-33,-2,-7,-33,-75,-154
ALGN,Align Technology,179.91,13,2,-57,-23,-65,5,-8,-52,-36,-91,-156
SIRI,Sirius XM,21.78,-26,0,-73,-29,-128,5,21,-39,-15,-28,-156
VSTS,Vestis,6.29,32,-86,-11,0,-65,12,-86,-17,0,-91,-156
CLF,Cleveland-Cliffs,7.54,21,-55,-53,-14,-101,16,-14,-53,-6,-57,-158
HR,Healthcare Realty Trust,14.23,-28,-42,-4,-37,-111,-21,-14,-19,7,-47,-158
STZ,Constellation Brands,176.95,-67,0,-35,0,-102,5,-4,-51,-6,-56,-158
NFE,New Fortress Energy,3.1,7,-73,-61,-1,-128,12,-8,-12,-23,-31,-159
MRK,Merck & Co.,78.25,7,-45,-37,-2,-77,7,-47,-41,-4,-85,-162
TMO,Thermo Fisher Scientific,403.04,6,-68,-12,-3,-77,4,-78,-11,-1,-86,-163
DAR,Darling Ingredients,30.6,-82,0,-16,-18,-116,5,-4,-20,-28,-47,-163
ACHC,Acadia Healthcare,22.59,-3,-69,-38,-9,-119,5,-6,-32,-14,-47,-166
HUN,Huntsman Corporation,11.48,0,-53,-35,-13,-101,5,-9,-30,-31,-65,-166
GNTX,Gentex,21.32,-70,-6,-32,-6,-114,5,-6,-49,-6,-56,-170
DOC,Healthpeak Properties,17.11,-9,-43,-7,-29,-88,-21,-46,-22,7,-82,-170
WLK,Westlake Corporation,72.12,0,-74,-30,-2,-106,5,-23,-42,-4,-64,-170
SRPT,Sarepta Therapeutics,39.54,0,-99,-19,-5,-123,16,-21,-40,-4,-49,-172
LYB,LyondellBasell,56.01,-26,-54,-34,-3,-117,4,-8,-48,-5,-57,-174
XRAY,Dentsply Sirona,16.09,0,7,-71,-40,-104,4,21,-58,-38,-71,-175
LBTYA,Liberty Global (Series A),9.6,0,-43,-30,-29,-102,7,-44,-28,-8,-73,-175
BDX,Becton Dickinson,170.89,-21,-70,-18,-3,-112,3,-44,-9,-13,-63,-175
OMC,Omnicom Group,71.24,-28,-121,-17,0,-166,-28,-8,-22,48,-10,-176
FLO,Flowers Foods,16.63,-5,-42,-27,-6,-80,5,-34,-47,-21,-97,-177
BBWI,"Bath & Body Works, Inc.",27.04,-67,-4,-15,-13,-99,-67,-5,-6,-4,-82,-181
UPS,United Parcel Service,98.5,7,-52,-96,-14,-155,12,17,-24,-32,-27,-182
UWMC,United Wholesale Mortgage,4.11,-1,-51,-19,0,-71,-18,-59,-32,-2,-111,-182
BIO,Bio-Rad Laboratories,221.76,-69,-10,-17,-26,-122,4,-10,-22,-35,-63,-185
FTRE,Fortrea,5.25,13,-115,-26,0,-128,5,-8,-55,0,-58,-186
BRKR,Bruker,37.83,13,-82,-50,-6,-125,5,-10,-54,-7,-66,-191
COTY,Coty,4.99,13,-89,-54,-5,-135,5,1,-56,-7,-57,-192
BMRN,BioMarin Pharmaceutical,56.09,-28,-42,-40,-18,-128,-28,-13,-5,-20,-66,-194
MPW,Medical Properties Trust,4.46,-112,-17,-1,-34,-164,4,-15,12,-33,-32,-196
PRGO,Perrigo,26.26,-21,0,0,-111,-132,-27,19,-5,-53,-66,-198
LEG,Leggett & Platt,9.18,7,2,-122,-28,-141,5,-1,-25,-36,-57,-198
RHI,Robert Half,44.59,-22,-91,-19,-7,-139,-26,13,-17,-30,-60,-199
CLX,Clorox,129.65,-3,-105,-7,-3,-118,-13,-63,-17,11,-82,-200
ENOV,Enovis,31.83,-70,-10,-55,-15,-150,5,-6,-15,-35,-51,-201
HAL,Halliburton,20.0,0,-94,-53,-3,-150,16,-9,-52,-7,-52,-202
CZR,Caesars Entertainment,25.91,-67,0,-16,-23,-106,-35,-4,-25,-35,-99,-205
LBTYK,Liberty Global (Series C),9.81,-5,-43,-30,-28,-106,4,-44,-27,-34,-101,-207
SAM,Boston Beer Company,226.99,-68,-6,-25,-35,-134,3,-16,-21,-42,-76,-210
ZBH,Zimmer Biomet,91.46,-26,-40,-55,-15,-136,5,-10,-54,-16,-75,-211
CNC,Centene,54.94,-63,-10,-34,-9,-116,-65,-8,-3,-26,-102,-218
ARE,Alexandria Real Estate Equities,70.57,0,-50,-27,-28,-105,6,-52,-38,-33,-117,-222
TFX,Teleflex,122.73,0,-86,-32,-37,-155,5,-41,-28,-8,-72,-227
SPB,Spectrum Brands,56.24,-68,-117,-18,-2,-205,-25,-7,-17,22,-27,-232
BF-A,Brown–Forman (Class A),33.12,-66,-4,-92,-16,-178,4,-4,-32,-22,-54,-232
BF-B,Brown–Forman (Class B),33.23,-66,-4,-93,-16,-179,1,-3,-25,-26,-53,-232
DOW,Dow Inc.,28.29,0,-152,-33,0,-185,5,-8,-48,-6,-57,-242
ENPH,Enphase Energy,43.16,0,-101,-36,-18,-155,19,-42,-43,-22,-88,-243
CRI,Carter's,31.58,-70,-86,-52,-15,-223,5,-10,-29,-7,-41,-264
MAN,ManpowerGroup,40.66,-45,-43,-36,-26,-150,-64,8,-36,-34,-126,-276
OLN,Olin Corporation,20.12,2,-151,-50,-7,-206,5,-8,-52,-21,-76,-282
ALB,Albemarle Corporation,59.67,7,-114,-118,-21,-246,5,-6,-17,-23,-41,-287
APLS,Apellis Pharmaceuticals,18.51,21,-81,-60,-14,-134,22,-105,-58,-16,-157,-291
WOLF,Wolfspeed,1.61,0,-11,-124,-28,-163,5,-10,-90,-35,-130,-293
CC,Chemours,10.06,-98,-91,-55,-11,-255,5,-13,-17,-28,-53,-308
