Symbol,Name,Close,1H Cloud Score,1D Cloud Score,1W Cloud Score,1M Cloud Score,Cloud Score Sum,1H TKx Score,1D TKx Score,1W TKx Score,1M TKx Score,TKx Score Sum,Total Score Sum
TJX,TJX Companies,132.95,63,9,148,198,418,61,13,117,193,384,802
COOP,Mr. Cooper Group,193.52,70,66,119,58,313,19,65,117,56,257,570
ORLY,O'Reilly Auto Parts,101.49,0,20,163,199,382,-25,26,54,89,144,526
ORI,Old Republic International,38.71,58,3,147,58,266,56,1,117,55,229,495
RBC,RBC Bearings,401.92,2,70,93,164,329,15,79,14,57,165,494
MSI,Motorola Solutions,461.77,49,21,1,153,224,40,31,1,185,257,481
RBA,RB Global,117.43,44,77,104,27,252,61,26,107,19,213,465
SO,Southern Company,94.19,-7,39,76,190,298,5,55,23,79,162,460
AAPL,Apple Inc.,232.83,48,33,0,251,332,48,1,2,71,122,454
NFG,National Fuel Gas,87.77,18,150,60,52,280,10,81,71,10,172,452
PGR,Progressive Corporation,250.95,14,-46,105,177,250,10,1,-3,189,197,447
HUBB,Hubbell Incorporated,437.87,12,64,1,182,259,21,82,6,71,180,439
WM,"Waste Management, Inc.",225.97,-14,-2,95,187,266,-13,-1,27,159,172,438
CASY,Casey's,507.75,-17,46,113,87,229,4,-1,117,78,198,427
ICE,Intercontinental Exchange,182.62,-21,72,112,161,324,-25,73,22,21,91,415
CTAS,Cintas,221.34,-3,9,19,167,192,7,12,13,187,219,411
MA,Mastercard,583.77,35,11,126,155,327,29,18,10,26,83,410
PLTR,Palantir Technologies,181.0,0,79,116,0,195,-5,81,119,20,215,410
MS,Morgan Stanley,148.52,44,66,76,64,250,55,77,10,16,158,408
EBAY,eBay,98.48,77,75,77,14,243,40,24,82,16,162,405
FAST,Fastenal,48.7,44,88,49,106,287,49,32,10,26,117,404
COST,Costco,975.42,55,-23,0,180,212,4,2,-2,184,188,400
LYV,Live Nation Entertainment,161.6,35,67,94,147,343,26,5,9,16,56,399
GOOG,Alphabet (Class C),203.78,48,55,7,176,286,56,29,4,21,110,396
VMI,Valmont Industries,375.72,63,56,62,58,239,58,76,7,10,151,390
GS,Goldman Sachs,746.81,44,66,92,58,260,18,77,10,21,126,386
JPM,JPMorgan Chase,294.09,2,68,123,158,351,1,-2,10,26,35,386
CDNS,Cadence Design Systems,348.92,-27,35,17,141,166,-5,34,10,180,219,385
SGI,Somnigroup International,79.41,37,66,41,64,208,61,79,10,26,176,384
J,Jacobs Solutions,148.35,55,64,6,106,231,47,79,7,19,152,383
RSG,Republic Services,232.5,-16,-12,124,177,273,-12,-37,-1,160,110,383
ARES,Ares Management,190.45,51,66,17,59,193,-5,79,10,106,190,383
MCD,McDonald's,308.88,5,2,52,242,301,5,22,-4,57,80,381
KLAC,KLA Corporation,955.23,42,66,14,177,299,39,1,10,26,76,375
WELL,Welltower,161.91,-14,63,116,58,223,-30,24,133,24,151,374
WRB,W. R. Berkley Corporation,71.56,14,-4,94,176,280,9,5,24,55,93,373
NDAQ,"Nasdaq, Inc.",95.38,-6,72,76,144,286,-18,79,10,14,85,371
MSFT,Microsoft,522.51,-3,73,16,173,259,-5,81,10,25,111,370
ROL,"Rollins, Inc.",57.44,-7,16,31,286,326,-22,8,23,35,44,370
AVGO,Broadcom,311.16,47,69,19,116,251,-2,81,10,30,119,370
ETR,Entergy,90.29,0,24,76,137,237,10,19,89,14,132,369
CBOE,Cboe Global Markets,243.54,-6,62,144,55,255,-16,57,22,51,114,369
ATO,Atmos Energy,166.07,49,6,74,45,174,42,22,85,45,194,368
RTX,RTX Corporation,155.07,-6,65,77,54,190,3,71,84,14,172,362
TMUS,T-Mobile US,250.25,38,5,94,139,276,40,18,-8,35,85,361
NVDA,Nvidia,182.0,44,65,14,134,257,-6,73,10,26,103,360
DUK,Duke Energy,124.26,0,22,76,183,281,8,32,22,16,78,359
ORCL,Oracle Corporation,244.89,-13,65,11,198,261,-11,72,10,27,98,359
LOW,Lowe's,253.0,63,18,0,166,247,61,30,1,19,111,358
LOPE,Grand Canyon Education,196.04,49,6,147,35,237,47,5,34,34,120,357
AXS,AXIS Capital,97.31,44,-12,86,45,163,57,1,82,53,193,356
DTE,DTE Energy,139.89,0,22,74,189,285,11,19,27,13,70,355
YUM,Yum! Brands,146.79,12,1,28,259,300,11,-12,-2,57,54,354
L,Loews Corporation,95.59,63,66,112,55,296,22,1,10,24,57,353
BSX,Boston Scientific,104.15,0,1,144,144,289,2,-7,10,57,62,351
SPGI,S&P Global,564.06,21,66,16,172,275,12,35,8,21,76,351
ITT,ITT Inc.,167.48,21,72,16,99,208,21,79,10,26,136,344
MPWR,Monolithic Power Systems,848.17,70,66,3,157,296,30,10,10,-2,48,344
GLW,Corning Inc.,65.75,153,65,19,17,254,-5,72,8,14,89,343
AZO,AutoZone,3993.83,0,19,94,86,199,6,26,54,57,143,342
HD,Home Depot (The),400.3,63,18,1,180,262,28,31,2,19,80,342
EHC,Encompass Health,119.65,57,0,143,29,229,56,3,24,29,112,341
ALL,Allstate,208.68,17,11,97,159,284,16,11,11,17,55,339
MCO,Moody's Corporation,521.2,21,66,16,156,259,13,33,8,25,79,338
SCI,Service Corporation International,80.66,63,5,2,175,245,69,2,8,13,92,337
GOOGL,Alphabet (Class A),202.85,48,55,8,176,287,-5,29,5,21,50,337
HIG,Hartford (The),131.32,63,8,94,57,222,23,12,21,56,112,334
ADP,Automatic Data Processing,302.32,-2,-3,85,180,260,5,-2,10,57,70,330
SHW,Sherwin-Williams,365.43,69,9,1,190,269,28,1,10,19,58,327
RPM,RPM International,124.11,34,17,0,180,231,30,26,7,30,93,324
AM,Antero Midstream,18.2,0,11,148,23,182,3,5,78,55,141,323
CHD,Church & Dwight,92.61,0,-14,-16,344,314,14,-16,-14,25,9,323
HCA,HCA Healthcare,393.61,78,5,3,97,183,88,5,16,29,138,321
V,Visa Inc.,345.44,7,-10,137,133,267,26,-10,10,26,52,319
SNX,TD Synnex,150.85,35,66,15,63,179,39,72,8,21,140,319
LRCX,Lam Research,107.36,45,66,9,152,272,39,2,10,-5,46,318
ALAB,Astera Labs,190.22,142,64,0,0,206,80,26,5,0,111,317
LIN,Linde plc,477.53,51,9,13,110,183,16,1,10,106,133,316
AMD,Advanced Micro Devices,180.93,23,65,3,110,201,39,72,10,-7,114,315
BLK,BlackRock,1160.6,45,65,17,22,149,56,79,10,21,166,315
BK,BNY Mellon,103.35,7,68,94,40,209,2,72,10,19,103,312
ACM,AECOM,120.12,56,72,16,65,209,21,1,10,71,103,312
WCC,Wesco International,210.69,20,65,7,58,150,18,79,8,57,162,312
WSM,"Williams-Sonoma, Inc.",205.68,132,32,8,65,237,17,34,2,21,74,311
GD,General Dynamics,315.87,16,88,8,54,166,31,43,10,57,141,307
ITW,Illinois Tool Works,262.5,35,37,2,178,252,18,1,7,29,55,307
NEU,NewMarket,766.73,53,88,19,29,189,66,2,22,27,117,306
PPL,PPL Corporation,37.08,42,24,76,23,165,18,19,88,14,139,304
STE,Steris,246.17,42,5,14,195,256,36,-38,22,25,45,301
NFLX,Netflix,1230.31,36,0,116,20,172,41,-20,87,20,128,300
HEI,HEICO (Common),311.06,-55,0,25,189,159,-5,71,16,57,139,298
DGX,Quest Diagnostics,178.34,42,5,68,18,133,79,3,68,14,164,297
JEF,Jefferies Financial Group,61.7,44,42,0,58,144,53,42,1,57,153,297
BR,Broadridge Financial Solutions,259.13,0,19,114,145,278,-29,13,10,25,19,297
CW,Curtiss-Wright,492.29,11,74,19,54,158,-1,81,10,49,139,297
FERG,Ferguson Enterprises,228.04,21,68,11,65,165,18,79,10,25,132,297
IBKR,Interactive Brokers,63.89,-13,66,94,57,204,-8,35,8,57,92,296
SSNC,SS&C Technologies,87.84,48,42,90,14,194,12,67,7,15,101,295
NI,NiSource,42.54,16,27,74,45,162,11,19,89,14,133,295
AWI,Armstrong World Industries,194.15,24,73,94,21,212,19,32,10,19,80,292
SPOT,Spotify,698.5,45,0,112,12,169,7,1,95,20,123,292
BX,Blackstone Inc.,174.41,21,37,4,142,204,27,35,5,21,88,292
FIX,Comfort Systems USA,689.11,-1,69,17,64,149,-5,81,10,55,141,290
PFGC,Performance Food Group,100.72,14,69,53,43,179,16,27,10,57,110,289
NRG,NRG Energy,153.8,-49,0,103,94,148,-5,12,113,21,141,289
MMC,Marsh McLennan,206.99,21,-47,-3,175,146,17,-42,-11,178,142,288
ALNY,Alnylam Pharmaceuticals,442.73,89,65,17,15,186,4,73,10,15,102,288
APH,Amphenol,110.71,11,79,19,65,174,-5,81,10,27,113,287
GRMN,Garmin,235.0,36,39,112,19,206,57,-3,6,21,81,287
PTC,PTC Inc.,208.1,-40,65,6,182,213,12,29,7,26,74,287
LDOS,Leidos,178.37,56,78,2,23,159,60,35,13,19,127,286
MSA,MSA Safety,170.19,-33,68,0,164,199,2,79,10,-5,86,285
CMI,Cummins,404.8,56,38,5,65,164,56,29,6,30,121,285
MNST,Monster Beverage,64.21,42,5,26,180,253,7,1,19,4,31,284
C,Citigroup,95.44,34,66,19,18,137,46,76,10,14,146,283
URI,United Rentals,921.5,21,66,7,64,158,22,37,8,57,124,282
T,AT&T,28.75,40,6,70,16,132,33,8,94,15,150,282
VMC,Vulcan Materials,293.1,66,18,6,60,150,68,26,10,27,131,281
AMAT,Applied Materials,188.16,35,66,0,149,250,39,-11,8,-5,31,281
HWM,Howmet Aerospace,176.04,-18,0,148,29,159,-25,-3,92,57,121,280
WMT,Walmart,100.84,-3,16,127,101,241,-14,11,10,29,36,277
FFIV,"F5, Inc.",318.28,0,65,94,14,173,-5,79,10,17,101,274
MO,Altria,65.53,87,19,70,45,221,-1,12,26,16,53,274
COR,Cencora,294.88,20,1,44,75,140,27,-17,55,68,133,273
ADI,Analog Devices,236.19,21,2,11,179,213,40,-17,10,26,59,272
SCHW,Charles Schwab Corporation,97.77,7,79,77,11,174,-5,79,10,14,98,272
CELH,Celsius Holdings,56.65,42,105,0,65,212,36,14,18,-9,59,271
RL,Ralph Lauren Corporation,290.4,16,68,94,34,212,26,-3,10,26,59,271
SF,Stifel,115.89,21,56,8,59,144,27,71,7,20,125,269
AME,Ametek,184.79,10,11,4,106,131,16,11,10,101,138,269
AAON,AAON,83.07,16,0,-13,245,248,19,-4,-25,31,21,269
ANET,Arista Networks,136.4,49,51,7,58,165,-5,47,6,56,104,269
ABBV,AbbVie,204.68,70,18,17,58,163,14,25,3,64,106,269
SNPS,Synopsys,616.07,-14,53,7,180,226,-5,45,8,-5,43,269
OLLI,Ollie's Bargain Outlet,131.84,-23,66,115,16,174,-38,47,63,23,95,269
TRV,Travelers Companies (The),268.58,14,2,91,58,165,10,13,24,56,103,268
EME,Emcor,609.54,-14,66,17,58,127,-5,81,8,57,141,268
RJF,Raymond James Financial,164.67,-6,65,92,58,209,-5,37,7,19,58,267
AIZ,Assurant,212.87,63,7,1,152,223,19,3,2,19,43,266
AON,AON,366.38,31,9,2,177,219,11,-6,-15,56,46,265
OGE,OGE Energy,45.68,7,22,68,45,142,8,32,68,14,122,264
CRH,CRH plc,111.73,51,20,7,64,142,61,29,4,27,121,263
CBRE,CBRE Group,158.44,17,50,92,22,181,13,46,8,14,81,262
EVRG,Evergy,72.81,0,47,58,14,119,9,47,77,10,143,262
PEG,Public Service Enterprise Group,86.75,-7,45,4,152,194,-5,52,4,17,68,262
PHM,PulteGroup,128.54,63,39,1,65,168,16,43,6,29,94,262
RCL,Royal Caribbean Group,312.29,0,66,121,28,215,16,-8,10,27,45,260
SLM,Sallie Mae,32.98,21,0,90,22,133,61,1,44,21,127,260
LLYVA,Liberty Live (Series A),90.6,44,79,30,0,153,55,40,10,0,105,258
BLD,TopBuild,436.89,62,40,2,46,150,62,43,6,-3,108,258
PH,Parker Hannifin,745.26,36,67,17,65,185,36,-5,10,30,71,256
TPR,"Tapestry, Inc.",95.62,-7,66,80,21,160,-3,72,8,19,96,256
LLY,Lilly (Eli),684.46,0,-13,-3,172,156,14,-5,-7,96,98,254
R,Ryder,182.01,19,51,11,56,137,16,37,8,56,117,254
SSD,Simpson Manufacturing Company,191.21,23,18,1,156,198,18,31,6,-1,54,252
TDG,TransDigm Group,1413.44,0,-2,19,157,174,12,-3,10,57,76,250
PWR,Quanta Services,377.49,-14,73,17,99,175,-5,-2,10,72,75,250
BWA,BorgWarner,41.43,77,68,8,2,155,69,32,10,-16,95,250
COF,Capital One,221.12,21,72,94,21,208,21,-8,10,18,41,249
CSL,Carlisle Companies,390.97,14,3,-3,178,192,32,-5,10,20,57,249
CG,Carlyle Group (The),64.91,48,57,8,21,134,21,68,7,18,114,248
MP,MP Materials,76.58,70,49,32,0,151,2,46,45,4,97,248
HEI-A,HEICO (Class A),242.82,-55,0,26,182,153,-25,72,17,30,94,247
CME,CME Group,274.62,-21,0,54,136,169,-18,27,50,19,78,247
BPOP,"Popular, Inc.",119.27,37,73,17,59,186,30,1,10,19,60,246
AIT,Applied Industrial Technologies,273.2,19,35,7,58,119,17,47,6,57,127,246
TRMB,Trimble Inc.,83.64,-7,66,79,4,142,12,71,8,12,103,245
MLM,Martin Marietta Materials,612.16,63,21,6,60,150,32,26,10,27,95,245
FYBR,Frontier Communications,37.08,21,4,89,0,114,19,3,94,14,130,244
LLYVK,Liberty Live (Series C),93.25,35,72,30,0,137,55,42,10,0,107,244
RMD,Resmed,284.72,14,72,17,13,116,28,78,9,13,128,244
FTI,TechnipFMC,35.6,0,66,17,27,110,16,70,10,37,133,243
CACI,CACI,490.6,14,49,2,154,219,10,1,14,-1,24,243
PNR,Pentair,106.61,42,66,9,62,179,27,3,8,24,62,241
VST,Vistra Corp.,202.34,0,65,19,30,114,-5,78,8,45,126,240
AJG,Arthur J. Gallagher & Co.,293.46,13,-36,0,186,163,14,-42,-2,107,77,240
CXT,Crane NXT,60.33,35,56,2,55,148,33,-3,6,56,92,240
GGG,Graco Inc.,85.27,21,0,1,178,200,17,-16,10,29,40,240
KO,Coca-Cola Company (The),69.53,0,-2,28,182,208,-7,2,23,14,32,240
CNM,Core & Main,64.5,21,68,19,0,108,18,79,10,24,131,239
LECO,Lincoln Electric,243.56,13,65,7,65,150,16,72,8,-7,89,239
SRE,Sempra,81.89,-1,21,0,181,201,9,21,8,-1,37,238
DHI,D. R. Horton,163.86,70,39,1,65,175,18,43,4,-2,63,238
HPE,Hewlett Packard Enterprise,21.32,35,62,1,42,140,45,-8,7,54,98,238
PCAR,Paccar,99.67,16,18,-22,159,171,17,29,-14,34,66,237
WSO,Watsco,421.61,0,-10,-3,196,183,19,-8,-28,71,54,237
WTW,Willis Towers Watson,330.0,77,11,8,24,120,77,25,-15,29,116,236
AXON,Axon Enterprise,749.83,-21,0,145,94,218,-30,8,10,30,18,236
INCY,Incyte,86.16,119,52,3,1,175,31,16,6,7,60,235
HLT,Hilton Worldwide,270.34,20,66,16,64,166,42,-9,8,26,67,233
CAT,Caterpillar Inc.,417.47,-45,65,8,64,92,2,72,8,57,139,231
AMG,Affiliated Managers Group,222.77,28,72,11,22,133,27,43,10,17,97,230
STT,State Street Corporation,113.44,20,68,17,16,121,13,73,9,14,109,230
VLTO,Veralto,107.67,112,66,2,0,180,12,29,9,0,50,230
EXPD,Expeditors International,119.85,63,11,1,131,206,18,2,6,-3,23,229
PAG,Penske Automotive Group,182.88,56,8,15,62,141,17,2,10,57,86,227
RGLD,Royal Gold,169.66,63,-1,61,18,141,-2,4,68,16,86,227
INSM,Insmed,127.72,27,46,64,16,153,27,16,10,20,73,226
GILD,Gilead Sciences,118.99,35,60,51,35,181,-7,5,8,39,45,226
BYD,Boyd Gaming,83.94,1,66,48,59,174,16,-2,10,27,51,225
AYI,Acuity Brands,319.98,27,42,4,27,100,28,71,6,20,125,225
DELL,Dell Technologies,138.84,42,66,6,32,146,-6,79,10,-4,79,225
AMED,Amedisys,100.99,84,83,12,-40,139,5,46,25,10,86,225
NWS,News Corp (Class B),34.4,6,2,112,58,178,13,1,10,21,45,223
MTG,MGIC Investment Corporation,27.86,77,3,19,55,154,28,3,10,28,69,223
HAS,Hasbro,80.56,59,66,14,3,142,57,2,10,11,80,222
DASH,DoorDash,247.35,-14,65,97,0,148,-33,78,10,18,73,221
FAF,First American Financial Corporation,65.84,117,15,2,14,148,61,12,-19,18,72,220
JLL,Jones Lang LaSalle,293.63,44,40,4,14,102,55,45,4,14,118,220
TPG,TPG Inc.,64.18,49,49,2,0,100,56,40,4,19,119,219
VICI,Vici Properties,32.6,-37,47,58,15,83,9,47,23,57,136,219
AMGN,Amgen,290.2,0,31,0,165,196,7,-6,-14,36,23,219
GNRC,Generac,198.89,84,50,3,-34,103,28,68,7,10,113,216
AN,AutoNation,207.85,27,3,17,61,108,54,-14,10,57,107,215
DCI,Donaldson Company,74.28,44,18,2,65,129,21,25,10,30,86,215
PSTG,Pure Storage,57.84,-1,65,0,42,106,45,1,6,57,109,215
TKO,TKO Group Holdings,190.98,28,4,71,40,143,33,-22,10,50,71,214
RDDT,Reddit,243.39,84,41,0,0,125,77,10,2,0,89,214
MMM,3M,156.68,48,9,74,14,145,55,-11,10,14,68,213
CLH,Clean Harbors,247.13,21,18,1,58,98,17,31,10,57,115,213
OMF,OneMain Financial,58.48,12,66,17,60,155,21,1,10,26,58,213
AFL,Aflac,105.28,48,2,1,58,109,56,1,-8,55,104,213
ULTA,Ulta Beauty,526.17,19,76,12,4,111,19,79,12,-9,101,212
ALLE,Allegion,168.47,19,78,9,21,127,19,34,10,22,85,212
GE,GE Aerospace,269.7,0,77,19,27,123,-5,35,30,29,89,212
DDS,Dillard's,499.02,13,48,14,54,129,18,2,7,55,82,211
ROST,Ross Stores,147.33,63,9,0,35,107,61,18,-4,29,104,211
HON,Honeywell,218.16,0,-1,1,178,178,14,-13,10,22,33,211
EA,Electronic Arts,178.99,70,12,4,7,93,77,4,16,21,118,211
CVX,Chevron Corporation,155.2,23,28,7,48,106,49,49,1,6,105,211
SYK,Stryker Corporation,378.48,0,0,17,159,176,5,-8,8,29,34,210
BKNG,Booking Holdings,5487.66,0,0,136,35,171,13,-11,10,26,38,209
TT,Trane Technologies,428.55,-1,0,16,164,179,-5,-5,10,29,29,208
HLI,Houlihan Lokey,194.02,21,68,17,44,150,20,1,10,26,57,207
KKR,KKR & Co. Inc.,146.07,3,55,0,103,161,21,-2,6,21,46,207
RBLX,Roblox Corporation,125.22,-18,78,53,0,113,-12,79,16,11,94,207
IBM,IBM,237.04,-41,-11,109,54,111,2,-19,56,56,95,206
JBL,Jabil,217.33,-12,69,19,65,141,-5,2,11,57,65,206
ETN,Eaton Corporation,354.96,-56,66,8,114,132,-5,-2,8,72,73,205
EVR,Evercore,313.45,20,65,7,58,150,19,1,8,26,54,204
AEP,American Electric Power,112.86,0,30,73,23,126,9,32,23,14,78,204
UI,Ubiquiti,415.96,-7,38,52,10,93,60,30,10,10,110,203
CINF,Cincinnati Financial,154.18,16,9,85,62,172,10,-4,10,15,31,203
GM,General Motors,56.42,35,48,7,11,101,40,40,7,13,100,201
WDC,Western Digital,76.21,19,66,12,18,115,-4,77,10,3,86,201
VIK,Viking Holdings,60.03,21,66,0,0,87,22,81,10,0,113,200
LNC,Lincoln Financial,40.98,77,35,18,1,131,18,35,8,8,69,200
IDXX,Idexx Laboratories,653.95,63,73,14,4,154,30,13,10,-8,45,199
RS,"Reliance, Inc.",290.22,1,-10,0,115,106,14,-9,10,77,92,198
TOL,Toll Brothers,131.0,20,50,-23,61,108,16,43,4,26,89,197
OSK,Oshkosh Corporation,140.2,21,65,11,4,101,16,70,8,2,96,197
IDA,Idacorp,125.9,15,35,56,18,124,9,27,26,10,72,196
AEE,Ameren,101.44,0,22,56,13,91,9,24,61,10,104,195
TSCO,Tractor Supply Company,59.69,1,32,7,85,125,-12,-7,4,85,70,195
FWONK,Liberty Formula 1 (Series C),98.69,0,0,70,57,127,13,-11,10,56,68,195
VNT,Vontier,43.05,21,66,5,0,92,27,73,8,-5,103,195
SEIC,SEI Investments Company,88.77,16,0,92,35,143,27,-11,10,26,52,195
FWONA,Liberty Formula 1 (Series A),88.35,0,0,69,62,131,13,-14,9,56,64,195
OZK,Bank OZK,50.29,15,66,17,56,154,21,-8,8,19,40,194
THO,Thor Industries,108.44,48,50,1,2,101,21,72,6,-6,93,194
RITM,Rithm Capital,12.36,21,66,17,32,136,-11,33,10,26,58,194
AMTM,Amentum,25.43,47,78,0,0,125,16,43,10,0,69,194
THC,Tenet Healthcare,172.33,42,3,14,57,116,54,-9,8,24,77,193
META,Meta Platforms,781.82,21,66,17,29,133,26,3,8,23,60,193
NSC,Norfolk Southern,282.53,2,65,11,4,82,8,79,10,14,111,193
ECL,Ecolab,279.93,58,9,16,22,105,55,4,10,19,88,193
EMR,Emerson Electric,134.37,0,66,16,64,146,14,-4,10,26,46,192
NEM,Newmont,68.44,0,90,19,5,114,-4,52,19,10,77,191
LHX,L3Harris,271.05,-30,88,12,5,75,8,81,12,14,115,190
KR,Kroger,69.22,-14,0,79,67,132,-18,11,50,15,58,190
LVS,Las Vegas Sands,54.1,24,66,6,2,98,26,72,7,-14,91,189
MEDP,Medpace,458.44,29,40,4,32,105,28,50,4,2,84,189
MCK,McKesson Corporation,673.74,-1,-6,42,58,93,10,-19,38,67,96,189
FLEX,Flex Ltd.,49.46,-7,66,18,58,135,-5,-8,10,57,54,189
NXST,Nexstar Media Group,211.4,33,65,9,4,111,28,32,7,10,77,188
EQH,Equitable Holdings,54.61,35,3,92,11,141,40,-22,10,19,47,188
PSN,Parsons Corporation,79.59,55,51,-27,0,79,57,50,3,-1,109,188
AFG,American Financial Group,133.34,49,7,1,56,113,50,7,4,14,75,188
JCI,Johnson Controls,105.04,0,74,75,19,168,-5,-5,10,18,18,186
CNP,Centerpoint Energy,38.47,-12,20,49,45,102,6,19,43,15,83,185
STWD,Starwood Property Trust,19.92,38,0,18,58,114,53,-13,10,21,71,185
FNB,FNB Corporation,15.98,21,66,1,55,143,23,-9,9,19,42,185
NOC,Northrop Grumman,583.92,1,33,10,58,102,1,53,17,12,83,185
FNF,Fidelity National Financial,60.45,63,3,2,58,126,33,15,-11,21,58,184
ADT,ADT Inc.,8.67,20,86,31,0,137,12,1,25,8,46,183
PKG,Packaging Corporation of America,196.49,19,34,-3,61,111,50,-7,3,26,72,183
LPLA,LPL Financial,355.96,-14,0,45,99,130,-12,-2,10,57,53,183
WPC,W. P. Carey,65.17,0,63,29,2,94,2,55,26,5,88,182
CSX,CSX Corporation,36.35,21,65,2,4,92,16,69,10,-6,89,181
AXP,American Express,307.7,21,0,17,99,137,29,-14,8,21,44,181
INTU,Intuit,710.31,-56,0,17,191,152,1,-3,10,20,28,180
SYY,Sysco,81.19,15,53,7,3,78,15,66,7,14,102,180
FHN,First Horizon Corporation,22.27,17,66,52,4,139,27,-5,8,10,40,179
FLUT,Flutter Entertainment,288.84,-35,48,19,21,53,10,81,8,27,126,179
CMA,Comerica,69.16,17,40,7,4,68,21,71,7,12,111,179
TDY,Teledyne Technologies,541.93,-7,65,52,14,124,-5,35,10,15,55,179
SYF,Synchrony Financial,72.81,21,66,17,21,125,26,1,8,18,53,178
LEN,Lennar (Class A),130.45,65,22,-30,64,121,28,31,1,-3,57,178
NVR,"NVR, Inc.",8208.46,21,35,-23,65,98,17,31,3,29,80,178
EXPE,Expedia Group,207.15,37,39,49,11,136,16,5,6,14,41,177
DAL,Delta Air Lines,58.97,36,38,1,19,94,52,3,2,26,83,177
RGA,Reinsurance Group of America,189.01,44,-10,-3,40,71,53,1,-1,53,106,177
LEN-B,Lennar (Class B),123.68,64,18,-28,62,116,28,32,1,-1,60,176
JHG,Janus Henderson,44.14,21,51,6,19,97,19,35,7,18,79,176
LH,Labcorp,271.22,33,16,55,15,119,27,3,8,18,56,175
UNP,Union Pacific Corporation,221.37,-28,-1,-6,198,163,6,-17,4,19,12,175
CHRW,C.H. Robinson,121.52,77,34,3,4,118,16,27,6,8,57,175
SPR,Spirit AeroSystems,40.9,17,80,18,0,115,20,-4,30,14,60,175
THG,Hanover Insurance,171.58,3,5,61,24,93,14,1,53,14,82,175
AGNC,AGNC Investment,9.6,9,51,11,16,87,13,49,8,17,87,174
PM,Philip Morris International,165.22,-6,-16,70,55,103,-14,-28,85,27,70,173
DE,Deere & Company,478.6,-7,-1,49,109,150,-25,-9,45,10,21,171
MKL,Markel,1954.74,0,0,68,55,123,16,-2,8,26,48,171
HOOD,Robinhood Markets,110.7,0,68,81,0,149,-12,6,10,18,22,171
SPG,Simon Property Group,172.19,19,35,1,35,90,18,34,8,21,81,171
VRT,Vertiv,132.47,-14,65,9,8,68,-10,79,7,26,102,170
SNA,Snap-on,324.63,21,21,0,59,101,18,-10,3,57,68,169
CR,Crane Co.,190.97,-5,73,16,0,84,-5,75,10,5,85,169
ESI,Element Solutions,25.22,38,38,-20,57,113,48,2,7,-1,56,169
XYL,Xylem Inc.,141.84,0,66,8,22,96,5,35,10,22,72,168
LITE,Lumentum,114.61,1,64,14,3,82,-5,72,8,10,85,167
MAS,Masco,73.57,21,32,-20,65,98,15,32,1,21,69,167
KRC,Kilroy Realty,38.33,15,56,6,0,77,12,59,6,11,88,165
NVT,Nvent Electric,89.78,2,66,8,12,88,-5,79,8,-5,77,165
CNA,CNA Financial,47.71,63,7,2,57,129,16,8,-9,20,35,164
XEL,Xcel Energy,72.38,-27,22,51,12,58,7,31,59,9,106,164
DRI,Darden Restaurants,206.07,6,-11,44,61,100,15,-30,48,30,63,163
JNJ,Johnson & Johnson,174.73,66,32,8,7,113,8,30,5,6,49,162
COHR,Coherent Corp.,91.65,-7,65,0,15,73,-5,72,7,15,89,162
ZG,Zillow (Class A),81.55,7,39,54,0,100,10,29,3,20,62,162
UAL,United Airlines Holdings,99.15,36,39,1,11,87,52,3,4,16,75,162
CAH,Cardinal Health,150.22,-21,-3,55,38,69,5,-18,48,57,92,161
ADM,Archer Daniels Midland,59.37,55,67,2,0,124,4,43,10,-20,37,161
CVNA,Carvana,342.6,-51,78,92,11,130,7,-2,10,16,31,161
INFA,Informatica,24.73,9,57,0,0,66,14,79,8,-7,94,160
K,Kellanova,80.08,42,6,69,21,138,-2,18,-7,13,22,160
BRX,Brixmor Property Group,26.38,4,48,0,55,107,16,1,10,26,53,160
ELAN,Elanco,17.99,42,69,2,0,113,42,1,9,-6,46,159
LFUS,Littelfuse,256.44,3,66,3,2,74,14,71,8,-8,85,159
LNG,Cheniere Energy,232.64,-34,-5,60,58,79,7,7,10,56,80,159
WBA,Walgreens Boots Alliance,12.03,112,66,0,-77,101,5,81,6,-35,57,158
LNT,Alliant Energy,64.72,-6,26,68,14,102,7,26,10,13,56,158
OHI,Omega Healthcare Investors,40.84,19,25,6,40,90,15,17,5,31,68,158
BAM,Brookfield Asset Management,62.13,21,26,65,0,112,-1,29,10,8,46,158
BEN,Franklin Templeton Investments,25.62,63,69,8,1,141,28,1,10,-22,17,158
NLY,Annaly Capital Management,20.82,10,48,18,10,86,13,34,8,16,71,157
BA,Boeing,233.02,21,79,8,0,108,54,-4,10,-11,49,157
WEC,WEC Energy Group,108.15,-7,22,55,13,83,-25,20,68,11,74,157
MRP,Millrose Properties,32.09,51,55,0,0,106,15,33,3,0,51,157
TLN,Talen Energy,380.96,9,78,39,0,126,4,13,11,2,30,156
MDT,Medtronic,91.96,40,33,11,1,85,8,47,3,13,71,156
BKR,Baker Hughes,43.25,0,20,4,35,59,2,65,4,26,97,156
EXEL,Exelixis,38.51,14,-13,64,14,79,10,-13,55,24,76,155
FTAI,FTAI Aviation,144.99,25,12,3,47,87,19,12,6,31,68,155
FE,FirstEnergy,43.65,16,19,6,55,96,15,20,10,14,59,155
PNW,Pinnacle West Capital,91.91,0,11,68,18,97,5,4,22,26,57,154
TROW,T. Rowe Price,109.04,48,51,0,-25,74,26,35,6,13,80,154
PANW,Palo Alto Networks,173.55,0,-11,0,81,70,21,-4,10,57,84,154
NTAP,Netapp,109.56,35,9,0,57,101,46,1,7,-1,53,154
CSCO,Cisco,69.26,-1,66,48,14,127,-10,1,10,25,26,153
VTR,"Ventas, Inc.",67.54,-1,22,72,22,115,-5,24,4,15,38,153
DKS,Dick's Sporting Goods,222.65,24,32,0,63,119,18,3,-21,33,33,152
FITB,Fifth Third Bancorp,43.16,21,42,1,22,86,53,-10,7,16,66,152
MRVL,Marvell Technology,79.03,4,40,-21,106,129,14,12,-21,18,23,152
GEV,GE Vernova,625.02,-14,78,0,0,64,-5,81,11,0,87,151
KMI,Kinder Morgan,26.83,-49,-7,92,44,80,4,6,8,52,70,150
NET,Cloudflare,195.28,-27,66,39,0,78,-33,76,10,19,72,150
MSM,MSC Industrial Direct,87.58,14,66,7,58,145,14,-10,10,-9,5,150
RF,Regions Financial Corporation,26.03,14,65,7,22,108,17,2,8,14,41,149
APP,AppLovin,433.33,0,11,105,0,116,-10,19,6,18,33,149
CMS,CMS Energy,72.58,-7,13,76,23,105,6,24,-1,14,43,148
WFC,Wells Fargo,79.38,2,1,92,29,124,1,-7,10,19,23,147
DTM,DT Midstream,103.68,-1,0,103,0,102,4,6,10,25,45,147
WEX,WEX Inc.,175.08,18,48,0,1,67,15,66,4,-8,77,144
RKT,Rocket Companies,18.73,70,22,4,0,96,19,19,9,1,48,144
APG,APi Group,35.06,0,73,18,0,91,19,-2,10,26,53,144
SOFI,SoFi,23.27,21,58,46,0,125,-2,2,8,11,19,144
WWD,"Woodward, Inc.",245.25,-14,75,19,35,115,-5,-2,10,26,29,144
AMZN,Amazon,230.89,13,56,17,21,107,12,-2,7,20,37,144
TER,Teradyne,111.85,21,37,-29,2,31,48,67,3,-5,113,144
DOV,Dover Corporation,179.41,2,0,-3,106,105,20,-7,6,19,38,143
RLI,RLI Corp.,67.4,3,-50,-10,176,119,9,-43,-29,87,24,143
WTRG,Essential Utilities,39.07,70,4,6,0,80,37,18,2,5,62,142
PRI,Primerica,262.73,0,-2,0,108,106,16,-18,8,30,36,142
APO,Apollo Global Management,140.68,-14,48,-1,97,130,-11,-10,6,26,11,141
AL,Air Lease Corporation,57.9,30,0,17,22,69,47,-12,10,26,71,140
VZ,Verizon,43.5,37,6,30,10,83,33,11,-2,14,56,139
LAZ,Lazard,55.32,21,49,2,20,92,26,1,7,13,47,139
BWXT,BWX Technologies,174.69,0,64,13,35,112,-31,17,10,31,27,139
Z,Zillow (Class C),85.27,7,39,11,0,57,10,48,4,20,82,139
GTES,Gates Corporation,24.51,0,66,17,15,98,16,-3,10,18,41,139
CCL,Carnival Corporation & plc,30.24,17,65,17,0,99,19,-7,8,19,39,138
GWW,W. W. Grainger,974.55,0,-10,-3,94,81,16,-15,-1,57,57,138
MDU,MDU Resources,16.63,-1,0,0,58,57,15,26,10,30,81,138
HII,Huntington Ingalls Industries,267.34,0,105,8,6,119,14,-2,16,-9,19,138
PAYX,Paychex,137.45,-28,-12,0,167,127,2,-5,-1,14,10,137
IVZ,Invesco,21.35,15,42,7,2,66,13,38,7,13,71,137
TTWO,Take-Two Interactive,233.13,21,0,45,13,79,14,-21,45,20,58,137
VRTX,Vertex Pharmaceuticals,390.3,0,-8,-2,104,94,19,-8,-6,37,42,136
WBS,Webster Bank,58.41,15,66,8,14,103,15,-7,8,17,33,136
TNL,Travel + Leisure Co.,60.72,18,56,9,16,99,15,1,7,14,37,136
H,Hyatt Hotels,142.92,14,3,-3,55,69,16,-10,6,55,67,136
AMP,Ameriprise Financial,513.6,7,0,0,64,71,1,-16,8,71,64,135
HUM,Humana,281.36,121,8,0,-12,117,47,11,-20,-20,18,135
PNC,PNC Financial Services,194.57,21,56,2,14,93,28,-8,7,14,41,134
AU,AngloGold Ashanti,54.72,0,10,76,18,104,-28,19,24,14,29,133
BRK-B,Berkshire Hathaway,479.16,20,-51,124,62,155,20,-63,-5,26,-22,133
MANH,Manhattan Associates,215.2,0,60,-29,65,96,13,-6,3,27,37,133
CFG,Citizens Financial Group,49.2,17,54,8,4,83,27,1,7,14,49,132
BRO,Brown & Brown,95.11,14,-75,-3,163,99,38,-21,-10,26,33,132
MUSA,Murphy USA,388.67,0,-13,-13,68,42,48,-8,-29,79,90,132
USFD,US Foods,77.12,-42,0,143,35,136,-34,-6,10,26,-4,132
COKE,Coca-Cola Consolidated,114.72,21,0,0,86,107,-7,-6,-15,52,24,131
SKX,Skechers,63.03,0,64,-24,55,95,11,-8,7,26,36,131
HAYW,Hayward Holdings,16.19,21,37,2,0,60,17,29,8,16,70,130
ES,Eversource Energy,65.51,0,69,15,-10,74,20,24,10,2,56,130
D,Dominion Energy,61.16,0,64,14,1,79,-2,32,10,10,50,129
WTM,White Mountains Insurance Group,1845.07,20,4,0,59,83,19,-10,-20,56,45,128
MTZ,MasTec,178.0,0,72,19,18,109,-5,1,10,13,19,128
STLD,Steel Dynamics,127.47,14,-10,0,55,59,18,-16,10,57,69,128
CIEN,Ciena,91.39,-7,66,9,12,80,-5,29,8,16,48,128
SFM,Sprouts Farmers Market,143.38,-104,-14,0,46,-72,4,-12,151,57,200,128
PRU,Prudential Financial,106.79,35,0,-13,55,77,27,1,4,19,51,128
EXP,Eagle Materials,234.77,20,17,-15,57,79,21,29,-29,27,48,127
DLTR,Dollar Tree,114.62,-7,83,6,-15,67,-25,82,25,-22,60,127
KEY,Keycorp,18.3,15,66,8,4,93,21,-8,8,13,34,127
KNSL,Kinsale Capital Group,453.56,11,-13,0,33,31,10,-6,7,85,96,127
NTRS,Northern Trust,128.45,1,66,16,11,94,2,8,10,13,33,127
SAIC,SAIC,117.33,55,26,-37,67,111,14,1,2,-1,16,127
ARMK,Aramark,39.65,-1,0,15,40,54,14,-8,10,56,72,126
ECG,Everus Construction Group,75.34,21,64,0,0,85,-4,38,7,0,41,126
WMB,Williams Companies,57.35,-49,-8,112,52,107,-54,6,10,57,19,126
CEG,Constellation Energy,326.12,-14,66,16,0,68,-5,34,10,19,58,126
EXC,Exelon,44.63,-2,11,55,14,78,8,31,-1,10,48,126
PG,Procter & Gamble,153.69,26,-43,-6,179,156,-2,-41,-14,26,-31,125
ACGL,Arch Capital Group,91.46,12,0,-8,62,66,6,2,-1,51,58,124
WYNN,Wynn Resorts,111.39,21,68,8,3,100,26,-5,10,-8,23,123
UGI,UGI Corporation,35.75,14,2,42,4,62,13,-6,49,5,61,123
XPO,"XPO, Inc.",128.73,15,3,-3,61,76,18,-6,7,27,46,122
FOXA,Fox Corporation (Class A),59.88,20,2,68,1,91,26,-18,8,14,30,121
WMS,Advanced Drainage Systems,139.25,42,8,0,3,53,53,6,10,-3,66,119
F,Ford Motor Company,11.43,49,80,2,-17,114,12,-12,10,-5,5,119
BOKF,BOK Financial Corporation,106.04,21,35,0,22,78,22,1,4,14,41,119
KDP,Keurig Dr Pepper,34.63,40,6,7,1,54,-1,36,18,12,65,119
JHX,James Hardie Industries,29.27,53,34,-27,3,63,56,1,1,-3,55,118
GEN,Gen Digital,31.5,35,5,15,16,71,29,-8,10,16,47,118
QRVO,Qorvo,90.65,37,66,0,-31,72,42,1,8,-5,46,118
AFRM,Affirm Holdings,76.98,4,48,12,0,64,19,9,8,17,53,117
LPX,Louisiana-Pacific,100.46,21,13,0,63,97,15,3,-24,26,20,117
WAB,Wabtec,190.98,21,-2,2,49,70,-5,-15,10,56,46,116
VKTX,Viking Therapeutics,40.25,41,32,-40,21,54,35,28,5,-6,62,116
MET,Metlife,77.9,21,0,0,58,79,33,-23,8,18,36,115
FRHC,Freedom Holding,173.33,-29,21,54,14,60,-7,22,10,30,55,115
ATI,ATI Inc.,74.0,0,0,16,43,59,-1,-5,10,52,56,115
AIG,American International Group,80.3,16,-24,28,53,73,28,-30,23,21,42,115
FOX,Fox Corporation (Class B),54.57,20,2,67,1,90,25,-17,7,9,24,114
LMT,Lockheed Martin,437.4,16,-18,-29,165,134,14,-29,-4,-2,-21,113
SSB,SouthState Corporation,97.47,17,37,0,22,76,21,-7,4,19,37,113
PPC,Pilgrim's Pride,47.75,-7,0,86,21,100,-14,13,-4,18,13,113
MSTR,MicroStrategy,372.87,-7,-1,99,19,110,-16,-11,10,20,3,113
LII,Lennox International,599.52,2,33,0,38,73,15,-7,4,27,39,112
MAR,Marriott International,266.5,14,0,0,58,72,16,-11,7,27,39,111
PFG,Principal Financial Group,78.08,10,0,-3,55,62,28,-4,7,18,49,111
GPC,Genuine Parts Company,137.8,51,19,1,0,71,21,26,10,-17,40,111
NWSA,News Corp (Class A),29.79,10,2,9,58,79,13,-12,10,21,32,111
BURL,Burlington Stores,281.23,14,29,1,3,47,16,28,3,17,64,111
CB,Chubb Limited,275.68,37,-31,2,58,66,35,-42,-4,56,45,111
CPRT,Copart,46.83,33,-57,-13,176,139,19,-53,-23,28,-29,110
EOG,EOG Resources,119.96,8,2,0,45,55,22,-21,3,51,55,110
UTHR,United Therapeutics,312.12,16,2,-10,57,65,12,2,-29,59,44,109
U,Unity Technologies,38.42,21,55,6,0,82,23,29,10,-35,27,109
BAC,Bank of America,47.69,21,3,17,18,59,34,-8,10,14,50,109
LSCC,Lattice Semiconductor,63.52,56,8,1,0,65,56,1,2,-15,44,109
QGEN,Qiagen,48.95,0,63,12,3,78,21,-6,10,5,30,108
SN,SharkNinja,119.31,0,42,8,0,50,16,34,7,1,58,108
TFC,Truist Financial,44.95,17,40,1,4,62,23,1,7,14,45,107
W,Wayfair,79.06,21,66,4,-41,50,15,72,10,-40,57,107
WAL,Western Alliance Bancorporation,83.85,21,3,0,4,28,53,1,7,18,79,107
GPK,Graphic Packaging,22.63,19,0,-19,58,58,14,-4,-32,71,49,107
IPGP,IPG Photonics,79.38,20,65,1,-44,42,30,72,6,-44,64,106
EQT,EQT Corporation,52.05,0,-10,41,42,73,9,-27,41,10,33,106
TKR,Timken Company,77.11,14,51,0,4,69,39,-4,7,-5,37,106
VVV,Valvoline,39.4,49,7,0,31,87,15,1,7,-4,19,106
O,Realty Income,57.83,37,10,10,7,64,33,-15,10,13,41,105
AVT,Avnet,54.09,23,2,1,45,71,37,-11,10,-2,34,105
POST,Post Holdings,108.73,34,-30,-6,87,85,5,-34,-8,57,20,105
UNM,Unum,70.89,3,-12,1,40,32,21,-12,10,54,73,105
DINO,HF Sinclair,44.52,21,68,0,1,90,18,-6,10,-8,14,104
MTD,Mettler Toledo,1314.65,44,51,-23,0,72,32,1,4,-5,32,104
FLS,Flowserve,53.01,0,37,0,27,64,16,-4,3,25,40,104
ZBRA,Zebra Technologies,327.7,15,52,-2,-7,58,30,-2,4,13,45,103
SJM,J.M. Smucker Company (The),111.43,40,18,2,-4,56,57,23,-10,-23,47,103
FCNCA,First Citizens BancShares,1924.56,2,0,-3,59,58,23,-6,7,21,45,103
GXO,GXO Logistics,53.61,23,66,1,0,90,16,-5,9,-8,12,102
UHS,Universal Health Services,178.73,63,-22,-11,22,52,53,2,-4,-1,50,102
RNR,RenaissanceRe,242.1,0,2,-8,35,29,26,10,8,28,72,101
WING,Wingstop,325.32,0,0,0,38,38,20,4,8,31,63,101
EWBC,East West Bancorp,103.24,21,3,9,22,55,27,-9,9,19,46,101
PINC,"Premier, Inc.",24.64,63,6,17,-28,58,54,7,15,-34,42,100
PODD,Insulet,315.58,39,3,45,4,91,30,-42,14,6,8,99
LAMR,Lamar Advertising,121.2,6,0,0,64,70,10,-10,8,21,29,99
GNTX,Gentex,27.69,21,31,0,1,53,21,29,4,-8,46,99
WTFC,Wintrust Financial,127.84,3,3,9,49,64,15,-8,8,19,34,98
ZION,Zions Bancorporation,53.75,4,48,1,4,57,28,-9,7,15,41,98
TXT,Textron,80.32,21,2,0,53,76,23,-7,10,-5,21,97
INGR,Ingredion,126.33,0,-10,-3,34,21,31,-21,10,56,76,97
SLGN,Silgan Holdings,47.0,4,-12,-3,80,69,16,-12,10,13,27,96
COLB,Columbia Banking System,26.15,34,15,0,0,49,30,1,5,10,46,95
GLPI,Gaming and Leisure Properties,45.9,-7,-7,0,65,51,10,-15,-8,57,44,95
OWL,Blue Owl Capital,19.68,35,45,-4,0,76,-5,1,2,21,19,95
AWK,American Water Works,143.35,0,10,26,1,37,4,24,22,8,58,95
ED,Consolidated Edison,102.83,-14,0,28,47,61,-26,18,-4,45,33,94
VRSK,Verisk Analytics,267.71,0,-14,0,114,100,5,-38,-2,28,-7,93
IRM,Iron Mountain,91.4,-7,-7,-3,57,40,14,-28,10,56,52,92
STAG,STAG Industrial,34.81,2,0,0,96,98,12,-25,10,-4,-7,91
PLNT,Planet Fitness,104.85,-1,0,63,13,75,-1,-7,10,14,16,91
KIM,Kimco Realty,21.16,0,3,0,55,58,14,-3,8,14,33,91
LNW,Light & Wonder,88.12,16,-6,-3,57,64,26,-10,-15,25,26,90
HBAN,Huntington Bancshares,16.81,17,2,9,21,49,27,-12,10,16,41,90
SFD,Smithfield Foods,25.77,5,61,0,0,66,8,12,4,0,24,90
NVST,Envista,20.81,28,51,4,0,83,31,2,6,-32,7,90
RPRX,Royalty Pharma,36.49,-27,69,32,0,74,-21,48,26,-38,15,89
DECK,Deckers Brands,103.83,0,-1,-24,93,68,16,-6,-20,31,21,89
AGCO,AGCO,111.4,-1,68,7,2,76,16,-1,11,-13,13,89
CMG,Chipotle Mexican Grill,43.16,2,-16,-6,80,60,19,-17,-4,29,27,87
HHH,Howard Hughes Holdings,73.48,42,6,0,0,48,52,1,-28,14,39,87
NUE,Nucor,144.33,21,43,0,3,67,18,2,7,-8,19,86
AOS,A. O. Smith,72.52,20,32,-42,58,68,19,-6,10,-5,18,86
VOYA,Voya Financial,74.95,49,7,1,4,61,16,1,8,-1,24,85
XYZ,"Block, Inc.",76.02,-9,44,-3,-36,-4,9,63,4,13,89,85
GWRE,Guidewire Software,208.86,-41,-6,110,21,84,1,-30,10,20,1,85
HLNE,Hamilton Lane,158.4,21,3,0,25,49,16,1,-3,21,35,84
IONS,Ionis Pharmaceuticals,42.87,6,69,1,0,76,11,-3,10,-10,8,84
ROK,Rockwell Automation,347.33,21,3,15,15,54,38,-7,10,-11,30,84
SITE,SiteOne Landscape Supply,141.41,15,33,0,-9,39,18,32,3,-8,45,84
KEYS,Keysight,164.42,21,3,0,0,24,46,1,8,5,60,84
NYT,New York Times Company,60.14,13,7,2,16,38,12,2,10,21,45,83
TFSL,Third Federal S&L,13.19,21,2,3,5,31,21,1,10,19,51,82
TSLA,"Tesla, Inc.",335.57,46,5,0,10,61,-5,11,4,10,20,81
APPF,AppFolio,265.26,-35,51,5,28,49,-44,43,5,28,32,81
TTEK,Tetra Tech,35.86,-7,0,-29,119,83,-5,-2,6,-1,-2,81
MSCI,MSCI,566.08,14,0,0,14,28,23,2,7,20,52,80
XOM,ExxonMobil,107.37,0,-9,-2,44,33,8,-20,9,50,47,80
OC,Owens Corning,151.76,21,8,-24,58,63,15,1,-28,29,17,80
DD,DuPont,73.58,14,37,-3,19,67,16,-8,7,-3,12,79
DKNG,DraftKings,43.65,-35,42,0,0,7,8,42,2,20,72,79
BJ,BJ's Wholesale Club,102.86,-14,-33,78,10,41,-25,7,-2,58,38,79
PEN,"Penumbra, Inc.",253.36,17,0,32,11,60,18,4,-6,3,19,79
ETSY,Etsy,68.19,21,56,1,-30,48,37,20,10,-37,30,78
APD,Air Products,292.17,4,37,0,16,57,15,-6,2,10,21,78
EL,Estée Lauder Companies (The),89.49,-7,56,0,-26,23,13,69,8,-35,55,78
MTB,M&T Bank,193.85,18,0,1,22,41,26,-12,8,14,36,77
FSLR,First Solar,180.21,-7,31,-39,62,47,-5,31,10,-6,30,77
SHC,Sotera Health,15.76,35,5,1,0,41,35,5,2,-6,36,77
TEM,Tempus AI,71.59,35,3,0,0,38,35,1,3,0,39,77
AMKR,Amkor Technology,24.51,21,51,-40,2,34,46,-3,4,-5,42,76
AUR,Aurora Innovation,6.57,44,0,0,0,44,14,21,-18,15,32,76
BLDR,Builders FirstSource,138.13,21,32,-28,65,90,18,2,-32,-3,-15,75
RH,RH,235.07,61,21,-24,-7,51,21,17,-23,9,24,75
VRSN,Verisign,266.77,-22,-3,36,9,20,1,-5,52,7,55,75
NCLH,Norwegian Cruise Line Holdings,24.35,0,37,0,0,37,14,-1,3,20,36,73
MU,Micron Technology,125.27,42,5,2,22,71,-4,1,10,-5,2,73
VNOM,Viper Energy,38.44,2,-1,-9,44,36,16,1,-28,47,36,72
GMED,Globus Medical,59.95,38,0,-15,0,23,55,1,-20,12,48,71
DOCS,Doximity,63.54,35,36,0,0,71,4,1,-17,12,0,71
MTCH,Match Group,38.68,14,50,4,-37,31,14,58,5,-38,39,70
SBUX,Starbucks,93.05,21,5,0,1,27,54,-3,-15,7,43,70
ALLY,Ally Financial,38.88,21,3,2,4,30,28,-12,8,16,40,70
SNV,Synovus,49.74,21,0,0,21,42,14,-9,8,14,27,69
CCK,Crown Holdings,101.07,24,0,17,5,46,14,-14,10,12,22,68
USB,U.S. Bancorp,46.82,21,3,0,4,28,32,-14,7,15,40,68
FHB,"First Hawaiian, Inc.",25.05,17,0,0,14,31,28,-12,7,14,37,68
RYN,Rayonier,26.55,42,8,-20,0,30,55,24,-32,-9,38,68
SNDK,SanDisk,46.66,35,3,0,0,38,27,1,2,0,30,68
SEB,Seaboard Corporation,3525.32,2,40,5,-23,24,12,52,8,-29,43,67
WH,Wyndham Hotels & Resorts,88.76,16,27,0,11,54,20,-5,-17,15,13,67
ROIV,Roivant Sciences,11.75,16,3,1,0,20,19,19,10,-1,47,67
TXN,Texas Instruments,193.68,21,0,1,22,44,13,-16,10,16,23,67
SCCO,Southern Copper,97.61,0,0,0,62,62,-5,1,10,-2,4,66
GL,Globe Life,138.54,-14,18,45,14,63,-26,17,4,8,3,66
NTRA,Natera,158.5,37,-2,1,18,54,-5,1,-3,19,12,66
ALK,Alaska Air Group,56.84,21,32,0,2,55,16,3,-17,9,11,66
PEP,PepsiCo,148.64,40,21,-42,0,19,52,46,-39,-13,46,65
FCX,Freeport-McMoRan,42.26,21,0,0,58,79,-5,-14,10,-6,-15,64
VIRT,Virtu Financial,41.81,-51,0,76,14,39,-58,-2,71,14,25,64
MHK,Mohawk Industries,128.85,24,28,-26,-11,15,15,32,2,-1,48,63
ELF,e.l.f. Beauty,119.58,20,0,0,31,51,28,-21,8,-5,10,61
BMY,Bristol Myers Squibb,47.81,27,2,-3,-5,21,56,-7,-14,5,40,61
IQV,IQVIA,189.39,14,21,-40,0,-5,23,47,2,-6,66,61
ROKU,"Roku, Inc.",87.53,2,47,10,-19,40,14,-2,5,4,21,61
AMH,American Homes 4 Rent,34.59,-7,-12,-8,68,41,9,-14,10,15,20,61
PINS,Pinterest,36.34,0,51,1,0,52,10,-2,6,-5,9,61
CVS,CVS Health,66.69,40,1,10,-17,34,50,5,-1,-28,26,60
HOLX,Hologic,67.98,0,54,-35,0,19,30,14,3,-7,40,59
CTVA,Corteva,71.86,16,0,53,0,69,-12,-19,10,11,-10,59
SEG,Seaport Entertainment Group,25.89,19,30,0,0,49,11,26,-28,0,9,58
GO,Grocery Outlet,17.97,49,7,0,0,56,5,23,2,-28,2,58
VTRS,Viatris,10.69,40,6,-25,0,21,34,1,2,-1,36,57
AGO,Assured Guaranty,82.54,-33,-6,-2,56,15,3,7,10,22,42,57
CBSH,Commerce Bancshares,61.9,17,-8,0,11,20,27,-14,10,13,36,56
MTSI,MACOM Technology Solutions,125.45,-42,0,0,58,16,13,-10,8,29,40,56
CSGP,CoStar Group,87.95,-32,48,6,14,36,-37,43,23,-9,20,56
DPZ,Domino's,450.78,0,-8,0,10,2,15,-8,27,18,52,54
ASTS,AST SpaceMobile,48.49,-7,50,11,0,54,-12,-6,10,8,0,54
ARW,Arrow Electronics,125.89,20,0,1,4,25,39,-12,10,-8,29,54
PNFP,Pinnacle Financial Partners,93.41,28,-15,-4,15,24,26,-15,1,18,30,54
VLO,Valero Energy,135.86,1,0,0,44,45,16,-13,9,-5,7,52
CI,Cigna,290.41,21,-29,-6,58,44,35,-23,-3,-1,8,52
CGNX,Cognex Corporation,43.52,20,48,1,-31,38,14,34,6,-40,14,52
UBER,Uber,91.4,6,0,18,0,24,-2,-13,16,26,27,51
ABT,Abbott Laboratories,129.29,-9,-4,56,13,56,-22,7,-4,14,-5,51
TMO,Thermo Fisher Scientific,485.06,20,17,-22,0,15,27,31,-21,-3,34,49
EXLS,EXL Service,42.84,1,-25,0,65,41,14,-3,-16,13,8,49
SMMT,Summit Therapeutics,26.43,-21,0,9,14,2,6,30,-8,19,47,49
PII,Polaris Inc.,58.82,20,35,0,-17,38,21,2,5,-17,11,49
NBIX,Neurocrine Biosciences,131.34,9,3,-5,25,32,16,-2,7,-4,17,49
CPNG,Coupang,28.32,0,0,17,0,17,15,-10,10,17,32,49
IP,International Paper,47.73,0,0,0,16,16,18,-4,3,16,33,49
CRUS,Cirrus Logic,112.1,29,3,-23,19,28,34,-21,10,-3,20,48
BDX,Becton Dickinson,194.99,42,6,-28,-5,15,34,32,-19,-15,32,47
CUZ,Cousins Properties,27.79,19,-1,0,11,29,18,-23,10,13,18,47
HXL,Hexcel,62.46,21,38,-29,1,31,17,3,4,-9,15,46
PSX,Phillips 66,122.72,2,0,0,41,43,13,-15,9,-5,2,45
DOX,Amdocs,87.42,0,-4,2,58,56,2,-28,10,5,-11,45
HPQ,HP Inc.,26.93,40,3,-25,0,18,56,1,-29,-1,27,45
IR,Ingersoll Rand,80.18,0,-1,-21,23,1,19,-12,7,29,43,44
LEA,Lear Corporation,103.32,21,3,0,-17,7,53,-10,9,-15,37,44
KEX,Kirby Corporation,97.86,-38,-11,-3,35,-17,12,-4,10,42,60,43
ADC,Agree Realty,72.16,-25,-5,63,16,49,-25,11,-5,13,-6,43
KMB,Kimberly-Clark,133.4,0,0,2,18,20,5,2,-11,26,22,42
QCOM,Qualcomm,158.04,14,2,-25,22,13,37,-11,8,-5,29,42
EFX,Equifax,248.01,14,-10,-4,16,16,16,-18,10,18,26,42
LAD,Lithia Motors,308.22,19,-13,-5,14,15,18,-14,1,21,26,41
TAP,Molson Coors,51.25,35,0,-13,0,22,43,-7,-14,-3,19,41
REG,Regency Centers,71.08,-23,0,5,53,35,-36,12,10,19,5,40
HR,Healthcare Realty Trust,16.3,0,34,0,-9,25,-36,40,2,9,15,40
DHR,Danaher Corporation,210.21,21,6,-29,0,-2,34,9,3,-4,42,40
CPAY,Corpay,320.33,3,-10,-3,21,11,16,-7,-5,25,29,40
PB,Prosperity Bancshares,68.3,21,-13,-4,14,18,21,-16,2,14,21,39
FICO,Fair Isaac,1317.68,-77,-28,-6,166,55,8,-27,-28,31,-16,39
TRU,TransUnion,90.08,0,2,0,3,5,13,-3,8,14,32,37
FR,First Industrial Realty Trust,48.51,1,-1,-3,14,11,12,-8,8,14,26,37
SW,Smurfit Westrock,43.72,0,0,-3,16,13,34,-5,-23,17,23,36
DIS,Walt Disney Company (The),116.29,4,0,15,-1,18,16,-11,10,3,18,36
MAT,Mattel,18.28,26,0,-4,0,22,53,-16,7,-31,13,35
FIVE,Five Below,134.36,-7,68,0,-16,45,-3,-3,11,-15,-10,35
CNH,CNH Industrial,12.15,-7,-1,19,0,11,29,-17,10,2,24,35
ISRG,Intuitive Surgical,476.79,0,-12,-3,22,7,23,-20,-2,26,27,34
MKSI,MKS Instruments,104.68,38,6,-27,-13,4,39,-11,6,-5,29,33
TOST,"Toast, Inc.",43.0,-50,0,77,0,27,-47,26,10,17,6,33
RRX,Regal Rexnord,148.22,13,2,-3,3,15,16,-4,7,-1,18,33
PR,Permian Resources,13.57,0,0,-8,26,18,13,-6,10,-2,15,33
AS,Amer Sports,37.94,3,0,4,0,7,14,1,10,0,25,32
DBX,Dropbox,27.74,15,-12,0,9,12,28,-10,-7,8,19,31
AMCR,Amcor,8.76,-7,-1,-1,0,-9,52,-10,-1,-2,39,30
BC,Brunswick Corporation,64.32,21,50,-38,-7,26,17,-8,4,-9,4,30
SUI,Sun Communities,127.21,15,2,3,-24,-4,10,3,10,11,34,30
FTNT,Fortinet,77.26,-84,-10,-2,113,17,13,-12,-2,13,12,29
TRGP,Targa Resources,165.5,-7,-1,0,51,43,-26,-22,-20,54,-14,29
HSIC,Schein (Henry),67.91,21,-1,-5,0,15,31,-17,-3,3,14,29
CFR,Frost Bank,126.38,0,0,0,4,4,16,-10,8,10,24,28
TW,Tradeweb,130.56,-56,-7,109,0,46,-48,-3,10,23,-18,28
CACC,Credit Acceptance,476.66,15,-10,-3,0,2,45,-21,7,-5,26,28
HIW,Highwoods Properties,29.66,6,0,1,6,13,13,-21,10,13,15,28
AVY,Avery Dennison,177.73,23,0,-35,1,-11,53,-17,7,-5,38,27
BAH,Booz Allen Hamilton,108.14,-7,0,-30,101,64,2,-6,-32,-1,-37,27
GAP,Gap Inc.,20.87,21,-25,-5,18,9,18,-17,-3,19,17,26
VNO,Vornado Realty Trust,37.04,-1,-5,0,4,-2,12,-8,8,15,27,25
FOUR,Shift4,89.16,0,-8,-2,0,-10,21,-8,-2,24,35,25
CARR,Carrier Global,65.75,-7,-9,-3,0,-19,13,-5,10,26,44,25
KRMN,Karman Holdings,50.93,14,3,0,0,17,14,-9,2,0,7,24
DVA,DaVita,134.43,0,-7,-3,20,10,23,-8,-20,19,14,24
AXTA,Axalta,30.61,21,0,-16,22,27,17,-17,-29,26,-3,24
SNDR,Schneider National,24.7,13,0,-5,1,9,15,-12,2,10,15,24
EIX,Edison International,56.04,28,10,-32,0,6,22,24,-29,-1,16,22
FBIN,Fortune Brands Innovations,58.94,21,18,-26,-5,8,15,32,-32,-2,13,21
GEHC,GE HealthCare,73.64,21,0,-20,0,1,35,-5,-18,8,20,21
COIN,Coinbase,324.77,0,0,9,0,9,-5,-10,9,18,12,21
ROP,Roper Technologies,525.0,-72,-10,-2,182,98,-75,-27,-1,26,-77,21
REYN,Reynolds Consumer Products,23.14,45,7,-28,0,24,14,26,-40,-3,-3,21
DXCM,Dexcom,79.98,0,0,0,-14,-14,37,-3,10,-9,35,21
BBY,Best Buy,71.75,45,3,-24,-6,18,56,-17,-35,-2,2,20
EEFT,Euronet Worldwide,96.58,0,-12,-3,-3,-18,26,-12,10,13,37,19
EQIX,Equinix,775.38,0,-30,-8,34,-4,-5,10,-8,26,23,19
ZS,Zscaler,270.83,-11,0,17,5,11,-2,-19,10,18,7,18
TXRH,Texas Roadhouse,172.86,-35,-5,0,64,24,-7,-41,10,31,-7,17
LYFT,Lyft,14.62,14,0,0,-1,13,14,-18,10,-2,4,17
BIO,Bio-Rad Laboratories,286.33,16,32,-27,-28,-7,23,37,1,-37,24,17
PCG,PG&E Corporation,15.32,65,0,-30,1,36,-2,13,-29,-1,-19,17
BXP,"BXP, Inc.",65.22,1,-8,-3,0,-10,9,-6,10,13,26,16
MGM,MGM Resorts International,36.32,4,3,-3,0,4,19,-5,7,-9,12,16
INGM,Ingram Micro,19.46,3,0,0,0,3,13,-8,7,0,12,15
KSS,Kohl's,14.46,27,32,0,-31,28,24,-9,4,-32,-13,15
CHDN,Churchill Downs Incorporated,103.59,0,35,-31,0,4,15,-7,2,-1,9,13
A,Agilent Technologies,118.87,20,2,-23,0,-1,35,-17,1,-5,14,13
ESS,Essex Property Trust,256.0,0,-11,-3,14,0,9,-8,-3,14,12,12
OTIS,Otis Worldwide,87.54,20,-17,-4,0,-1,15,-14,-14,26,13,12
BG,Bunge Global,82.09,0,6,0,0,6,-10,11,10,-5,6,12
FDX,FedEx,231.12,13,0,-26,32,19,5,-10,2,-4,-7,12
PEGA,Pegasystems,51.92,-41,0,19,5,-17,9,-3,8,15,29,12
TRIP,Tripadvisor,18.02,35,31,0,-52,14,8,26,7,-44,-3,11
QS,QuantumScape,9.08,2,40,6,0,48,-2,-7,8,-36,-37,11
ATR,AptarGroup,138.32,-7,-10,-3,20,0,-17,-7,10,25,11,11
NEE,NextEra Energy,72.22,2,8,2,0,12,-16,-8,10,13,-1,11
XP,XP Inc.,17.39,21,-2,0,0,19,14,-31,16,-8,-9,10
NKE,"Nike, Inc.",76.4,14,34,0,-21,27,16,-4,7,-36,-17,10
QXO,"QXO, Inc.",21.01,14,2,0,-14,2,23,-22,13,-6,8,10
INTC,Intel,23.86,28,2,0,-20,10,28,1,-17,-12,0,10
AES,AES Corporation,12.94,-9,27,0,-11,7,-7,27,6,-24,2,9
ONTO,Onto Innovation,110.05,35,3,-26,0,12,34,-12,-21,-4,-3,9
MIDD,Middleby,134.3,13,-7,-3,0,3,18,-10,-16,13,5,8
APTV,Aptiv,74.27,21,3,1,-24,1,44,-12,10,-36,6,7
CHH,Choice Hotels,122.72,0,-7,-3,15,5,13,-8,-17,14,2,7
CART,Maplebear Inc.,43.88,-14,-1,0,0,-15,-14,29,7,0,22,7
NOW,ServiceNow,850.65,-86,-6,-3,82,-13,1,-11,8,22,20,7
EQR,Equity Residential,63.51,0,-11,-3,13,-1,9,-12,-3,13,7,6
UWMC,United Wholesale Mortgage,5.49,42,6,-29,0,19,31,2,-42,-4,-13,6
MDLZ,Mondelez International,61.42,-1,-12,0,0,-13,17,-8,19,-9,19,6
ALGM,Allegro MicroSystems,31.08,0,0,11,0,11,13,-12,8,-16,-7,4
HSY,Hershey Company (The),180.27,-37,32,4,0,-1,2,17,4,-19,4,3
ALSN,Allison Transmission,88.84,30,-25,-5,35,35,-2,-43,-21,34,-32,3
COP,ConocoPhillips,95.63,10,18,-45,2,-15,28,-4,2,-8,18,3
CTRA,Coterra,24.07,0,-22,-5,44,17,14,-29,-12,13,-14,3
PCOR,Procore,64.63,0,-5,-3,0,-8,12,-4,-17,19,10,2
FI,Fiserv,134.49,0,-25,-14,35,-4,13,-19,-15,27,6,2
RBRK,Rubrik,84.46,-35,0,0,0,-35,-5,-2,44,0,37,2
MCHP,Microchip Technology,65.95,1,0,0,0,1,13,-16,10,-7,0,1
TTC,Toro Company (The),78.04,21,22,-35,-6,2,16,2,1,-20,-1,1
CF,CF Industries,85.28,0,-6,0,4,-2,17,-32,10,8,3,1
LBTYK,Liberty Global (Series C),11.52,70,10,-40,-30,10,17,47,-37,-36,-9,1
KD,Kyndryl,30.09,0,-8,-2,0,-10,2,-19,8,20,11,1
G,Genpact,43.73,6,-1,0,3,8,7,-9,-15,10,-7,1
NU,Nubank,12.0,-7,-4,-3,0,-14,-3,-12,10,19,14,0
SMCI,Supermicro,45.48,-49,0,0,58,9,-3,-2,5,-9,-9,0
NTNX,Nutanix,68.59,-41,-4,31,22,8,-33,-10,10,24,-9,-1
HST,Host Hotels & Resorts,15.98,6,3,-32,2,-21,26,-8,8,-6,20,-1
EXR,Extra Space Storage,136.6,-7,-11,-3,0,-21,8,-11,10,13,20,-1
CPT,Camden Property Trust,105.99,0,-11,0,0,-11,9,-8,-3,11,9,-2
KMPR,Kemper Corporation,54.11,2,-7,-6,0,-11,24,-26,-3,14,9,-2
BEPC,Brookfield Renewable Partners,32.97,-70,67,10,0,7,-28,-2,10,10,-10,-3
FND,Floor & Decor,82.38,21,32,-35,-6,12,18,1,-29,-6,-16,-4
BROS,Dutch Bros. Coffee,63.23,-7,-1,0,0,-8,-5,1,-3,11,4,-4
SPB,Spectrum Brands,58.21,21,0,-28,0,-7,12,-6,-27,24,3,-4
YETI,Yeti Holdings,33.9,0,33,-35,-6,-8,16,-6,4,-10,4,-4
AA,Alcoa,31.31,21,33,-21,-20,13,21,-8,2,-32,-17,-4
HRB,H&R Block,49.35,-22,-47,-1,52,-18,-19,-13,-6,52,14,-4
CERT,"Certara, Inc.",10.98,42,-5,-15,0,22,11,1,-7,-32,-27,-5
REXR,Rexford Industrial,37.79,18,51,-46,-18,5,14,2,6,-32,-10,-5
SOLV,Solventum,73.23,0,0,0,0,0,9,-20,6,0,-5,-5
CTSH,Cognizant,69.34,-7,-12,-3,14,-8,8,-20,-3,18,3,-5
CL,Colgate-Palmolive,84.62,14,-27,-6,23,4,-2,-20,-14,26,-10,-6
FRT,Federal Realty Investment Trust,93.7,13,-1,-23,0,-11,16,-11,1,-1,5,-6
DG,Dollar General,114.7,0,10,2,-17,-5,1,2,22,-26,-1,-6
RRC,Range Resources,34.23,-70,-17,-1,42,-46,3,-28,10,55,40,-6
AVB,AvalonBay Communities,189.21,1,-11,-3,16,3,12,-29,-7,15,-9,-6
PK,Park Hotels & Resorts,11.08,15,3,-26,-7,-15,18,-8,3,-5,8,-7
NDSN,Nordson,217.23,21,2,-36,0,-13,15,-12,10,-7,6,-7
ADSK,Autodesk,283.74,-42,-3,0,14,-31,1,-6,10,19,24,-7
ABNB,Airbnb,124.64,0,-6,-3,0,-9,13,-5,-2,-5,1,-8
LBTYA,Liberty Global (Series A),11.42,70,10,-40,-31,9,21,10,-38,-10,-17,-8
RYAN,Ryan Specialty,59.49,13,-36,-3,0,-26,44,-42,-9,25,18,-8
MASI,Masimo,151.93,6,-7,0,-6,-7,23,-22,-15,10,-4,-11
RVMD,Revolution Medicines,36.03,0,-10,-14,0,-24,13,-36,10,26,13,-11
WST,West Pharmaceutical Services,246.25,9,18,-27,-7,-7,9,-6,1,-8,-4,-11
ST,Sensata Technologies,32.45,15,3,0,-15,3,21,-8,8,-35,-14,-11
M,"Macy's, Inc.",12.95,14,32,-31,-15,0,24,-4,-25,-6,-11,-11
KVUE,Kenvue,21.07,-7,-1,1,0,-7,-1,-4,-3,3,-5,-12
WBD,Warner Bros. Discovery,11.76,0,46,12,-42,16,13,-5,8,-45,-29,-13
BFAM,Bright Horizons,118.92,-44,-8,-1,1,-52,5,4,15,15,39,-13
HOG,Harley-Davidson,27.56,14,3,-43,-9,-35,31,-3,5,-11,22,-13
OKE,Oneok,74.8,-70,-10,-13,54,-39,9,-10,-25,51,25,-14
LUV,Southwest Airlines,30.7,12,0,0,-39,-27,13,-12,8,4,13,-14
SWKS,Skyworks Solutions,75.35,34,1,-43,-30,-38,40,-18,7,-5,24,-14
BALL,Ball Corporation,53.65,-7,0,-3,-11,-21,10,-8,10,-5,7,-14
SAIL,SailPoint,19.82,0,-6,0,0,-6,13,-23,2,0,-8,-14
OVV,Ovintiv,39.83,0,3,-5,0,-2,-10,-4,7,-6,-13,-15
VEEV,Veeva Systems,274.99,-71,0,45,8,-18,-21,-4,10,18,3,-15
POOL,Pool Corporation,326.06,14,18,-23,-6,3,18,2,-29,-9,-18,-15
RAL,Ralliant,43.55,-1,0,0,0,-1,-3,-11,0,0,-14,-15
MSGS,Madison Square Garden Sports,192.62,-16,-3,-4,21,-2,-30,-13,3,27,-13,-15
JAZZ,Jazz Pharmaceuticals,116.67,19,6,-3,-6,16,30,-7,-16,-39,-32,-16
DLB,Dolby Laboratories,72.52,1,-10,-3,0,-12,16,-8,-20,8,-4,-16
EGP,EastGroup Properties,161.9,0,-5,-5,8,-2,11,-31,10,-5,-15,-17
QSR,Restaurant Brands International,65.16,-42,-6,0,40,-8,-4,-7,10,-8,-9,-17
OMC,Omnicom Group,75.42,20,3,-27,1,-3,26,-7,-32,-1,-14,-17
NCNO,nCino,27.56,0,0,-26,0,-26,14,-9,5,-1,9,-17
IRDM,Iridium Communications,24.96,17,-11,-4,-19,-17,21,-10,7,-19,-1,-18
CLF,Cleveland-Cliffs,10.56,13,31,-63,-16,-35,26,-4,3,-8,17,-18
PYPL,PayPal,69.35,4,-1,-3,-39,-39,13,-5,3,9,20,-19
DVN,Devon Energy,33.84,21,3,-50,-5,-31,47,-22,9,-22,12,-19
WAT,Waters Corporation,293.45,13,-24,-5,0,-16,26,-23,-20,14,-3,-19
PFE,Pfizer,25.1,35,8,-33,-23,-13,30,-15,7,-28,-6,-19
FIS,Fidelity National Information Services,71.61,0,-8,-2,-37,-47,17,-10,9,11,27,-20
TYL,Tyler Technologies,573.23,-22,0,0,17,-5,-37,3,1,18,-15,-20
CCCS,CCC Intelligent Solutions,9.64,0,3,-28,0,-25,10,-1,2,-6,5,-20
CAR,Avis Budget Group,158.24,0,0,9,-20,-11,18,-4,13,-37,-10,-21
PLD,Prologis,105.88,0,0,-23,0,-23,10,-13,10,-5,2,-21
GLIBK,GCI Liberty (Series C),34.28,0,0,0,0,0,-21,0,0,0,-21,-21
GPN,Global Payments,87.21,14,18,-27,-39,-34,13,34,-24,-10,13,-21
TSN,Tyson Foods,56.29,0,0,-1,-28,-29,7,1,-11,11,8,-21
UHAL,U-Haul,58.22,1,-13,-15,0,-27,21,-8,-28,20,5,-22
UHAL-B,U-Haul (Series N),53.58,19,-13,-23,0,-17,45,-12,-37,-1,-5,-22
SON,Sonoco,46.01,13,9,-44,0,-22,14,-7,7,-14,0,-22
CWEN-A,Clearway Energy (Class A),27.25,-51,-4,58,6,9,-54,-10,22,10,-32,-23
ESAB,ESAB,111.69,-49,-7,-2,0,-58,10,-2,10,17,35,-23
SWK,Stanley Black & Decker,74.43,21,32,-29,-39,-15,28,1,-35,-2,-8,-23
ON,ON Semiconductor,51.62,0,0,-37,-1,-38,32,-9,6,-15,14,-24
APA,APA Corporation,20.5,42,6,-85,-12,-49,35,4,5,-19,25,-24
MTDR,Matador Resources,47.74,0,0,-29,0,-29,18,-10,3,-6,5,-24
GTM,ZoomInfo,10.09,2,2,-3,0,1,9,-4,6,-37,-26,-25
CWEN,Clearway Energy (Class C),29.25,-51,-4,58,4,7,-54,-10,22,10,-32,-25
VAC,Marriott Vacations Worldwide,75.41,1,2,-3,-17,-17,17,-8,7,-25,-9,-26
GLIBA,GCI Liberty (Series A),34.28,-9,0,0,0,-9,-18,0,0,0,-18,-27
CFLT,"Confluent, Inc.",17.85,0,-11,-3,0,-14,12,-5,-18,-2,-13,-27
NNN,NNN Reit,41.13,-37,-1,0,22,-16,-22,-14,10,14,-12,-28
TREX,"Trex Company, Inc.",64.97,6,27,-54,-13,-34,12,-3,2,-6,5,-29
PPG,PPG Industries,111.94,14,0,-46,-8,-40,21,-12,10,-8,11,-29
EXE,Expand Energy,94.99,-39,-19,41,0,-17,-33,-30,41,10,-12,-29
COO,Cooper Companies (The),73.45,21,0,-27,-5,-11,29,-12,-32,-3,-18,-29
SAIA,Saia,305.57,13,3,-26,4,-6,15,-6,-28,-5,-24,-30
OXY,Occidental Petroleum,44.77,21,3,-55,0,-31,16,-7,6,-16,-1,-32
KBR,"KBR, Inc.",49.83,0,0,-30,0,-30,5,2,-8,-1,-2,-32
PSA,Public Storage,281.07,0,-11,-11,1,-21,8,-42,10,13,-11,-32
BIRK,Birkenstock,48.43,-7,-10,-10,0,-27,-2,-3,-1,0,-6,-33
AAL,American Airlines Group,12.82,35,34,-21,-76,-28,54,1,-21,-39,-5,-33
CNXC,Concentrix,48.88,0,-10,-3,0,-13,12,-8,8,-33,-21,-34
CUBE,CubeSmart,39.28,0,-8,-23,0,-31,10,-21,10,-2,-3,-34
WY,Weyerhaeuser,26.29,14,2,-23,0,-7,14,1,-35,-8,-28,-35
FANG,Diamondback Energy,140.7,-47,-6,-29,47,-35,2,-2,4,-5,-1,-36
FLO,Flowers Foods,16.57,40,0,-37,-8,-5,39,9,-57,-23,-32,-37
SNOW,Snowflake Inc.,194.85,-70,0,15,0,-55,9,-2,10,1,18,-37
RIVN,Rivian,12.08,0,-13,-3,0,-16,9,-7,-3,-21,-22,-38
SARO,StandardAero,27.04,-12,-2,0,0,-14,-11,-23,10,0,-24,-38
PVH,PVH Corp.,76.14,15,2,-32,-3,-18,13,1,-28,-7,-21,-39
INVH,Invitation Homes,30.24,0,-16,-8,0,-24,10,-36,-3,14,-15,-39
MOS,Mosaic Company (The),32.08,-8,-3,16,-16,-11,5,-19,15,-30,-29,-40
FTRE,Fortrea,7.91,21,9,-37,0,-7,17,17,-65,-2,-33,-40
IPG,Interpublic Group of Companies (The),25.82,21,18,-43,0,-4,28,-7,-40,-17,-36,-40
PCTY,Paylocity,171.6,-39,-5,-1,-3,-48,1,21,-19,5,8,-40
ONON,On Holding AG,44.24,-7,-11,-2,0,-20,-9,-42,10,20,-21,-41
ILMN,"Illumina, Inc.",100.1,1,46,-28,-40,-21,23,-5,2,-40,-20,-41
MPC,Marathon Petroleum,162.35,-84,0,0,49,-35,3,-11,10,-8,-6,-41
OLED,Universal Display Corporation,143.46,0,0,-37,0,-37,13,-22,10,-5,-4,-41
GDDY,GoDaddy,143.63,0,-26,-3,22,-7,11,-50,-19,22,-36,-43
LCID,Lucid Motors,2.26,0,0,-4,0,-4,20,-7,-17,-35,-39,-43
SMG,Scotts Miracle-Gro Company,62.51,6,0,-22,-39,-55,18,-12,6,-1,11,-44
EW,Edwards Lifesciences,78.17,-49,15,4,-14,-44,8,-3,30,-35,0,-44
TPL,Texas Pacific Land Corporation,913.67,0,-53,-9,58,-4,4,-53,-5,13,-41,-45
ESTC,Elastic NV,76.42,0,-10,-13,-6,-29,11,-6,-18,-4,-17,-46
WFRD,Weatherford International,56.46,2,37,-44,0,-5,15,-4,-48,-5,-42,-47
CRWD,CrowdStrike,424.81,-91,-6,45,0,-52,-5,-20,10,20,5,-47
BHF,Brighthouse Financial,46.68,9,-30,-3,0,-24,19,-48,-3,8,-24,-48
CHRD,Chord Energy,102.85,0,3,-50,0,-47,5,-4,4,-6,-1,-48
KNX,Knight-Swift,43.06,13,-1,-25,-2,-15,16,-15,-21,-13,-33,-48
LBRDK,Liberty Broadband (Series C),60.2,0,-15,-3,-36,-54,15,-15,-3,8,5,-49
LBRDA,Liberty Broadband (Series A),59.95,0,-15,-3,-36,-54,15,-15,-3,8,5,-49
APLS,Apellis Pharmaceuticals,27.62,77,13,-70,-16,4,9,24,-68,-18,-53,-49
TECH,Bio-Techne,53.75,14,3,-27,-24,-34,23,-5,-27,-6,-15,-49
GRAL,"Grail, Inc.",32.23,-5,-13,0,0,-18,-5,-23,-3,0,-31,-49
ODFL,Old Dominion Freight Line,151.22,10,-12,-26,0,-28,15,-6,-31,-1,-23,-51
ZM,Zoom Communications,71.86,0,-13,-3,0,-16,12,-49,-2,4,-35,-51
SEE,Sealed Air,29.84,21,0,-24,-24,-27,16,-16,8,-32,-24,-51
EMN,Eastman Chemical Company,66.39,5,-14,-21,-1,-31,28,-12,-35,-2,-21,-52
EG,Everest Group,337.1,0,-23,-36,55,-4,35,-41,-37,-5,-48,-52
DAY,Dayforce,53.42,0,-10,-20,-12,-42,13,-5,-24,5,-11,-53
JBHT,J. B. Hunt,144.47,12,0,-31,0,-19,16,-12,-28,-10,-34,-53
CPB,Campbell Soup Company,32.41,0,0,-32,-6,-38,11,17,-39,-5,-16,-54
CDW,CDW,166.04,0,-8,-42,0,-50,13,-11,2,-8,-4,-54
TTD,Trade Desk (The),50.75,-35,-5,-27,-1,-68,-33,26,1,20,14,-54
KHC,Kraft Heinz,27.64,1,2,-42,0,-39,11,-3,-14,-10,-16,-55
CROX,Crocs,84.07,0,-6,-42,-1,-49,13,-10,-4,-5,-6,-55
TXG,10x Genomics,13.24,2,47,-76,0,-27,12,-4,4,-42,-30,-57
LINE,"Lineage, Inc.",40.22,-35,-6,0,0,-41,4,10,-31,0,-17,-58
AVTR,Avantor,12.98,20,-10,-29,0,-19,28,-23,-40,-5,-40,-59
LKQ,LKQ Corporation,31.54,14,-43,-6,-2,-37,26,-17,-14,-17,-22,-59
VFC,VF Corporation,12.95,4,0,-20,-43,-59,16,-3,-20,7,0,-59
CHE,Chemed Corporation,443.86,17,-59,-11,0,-53,58,-47,-9,-8,-6,-59
OGN,Organon & Co.,9.39,1,-8,-29,0,-36,30,-8,-42,-4,-24,-60
TWLO,Twilio,100.72,-41,-5,-2,-34,-82,10,-5,6,11,22,-60
MKC,McCormick & Company,70.2,0,-27,-6,-2,-35,5,-26,-14,10,-25,-60
DT,Dynatrace,47.43,-73,-6,-2,0,-81,13,-19,7,20,21,-60
IT,Gartner,242.98,0,-43,-21,0,-64,12,-46,-19,57,4,-60
WHR,Whirlpool Corporation,89.04,14,-11,-5,-26,-28,18,-17,3,-36,-32,-60
CIVI,Civitas Resources,33.88,27,4,-55,-6,-30,32,2,-55,-9,-30,-60
CAG,Conagra Brands,19.46,40,-84,-32,-7,-83,58,1,-14,-23,22,-61
FCN,FTI Consulting,167.51,0,22,-37,0,-15,12,-7,-47,-5,-47,-62
DAR,Darling Ingredients,30.92,0,-11,-6,-20,-37,14,-17,8,-30,-25,-62
DV,DoubleVerify,15.38,0,3,-70,0,-67,14,19,-18,-10,5,-62
CMCSA,Comcast,32.88,4,-13,-35,-9,-53,15,-15,-2,-8,-10,-63
RVTY,Revvity,89.46,6,-12,-20,-24,-50,26,-17,-25,3,-13,-63
IEX,IDEX Corporation,167.12,6,-12,-28,-2,-36,18,-12,-28,-6,-28,-64
TFX,Teleflex,121.5,21,0,-42,-39,-60,35,9,-38,-10,-4,-64
CHTR,Charter Communications,263.13,0,-15,-4,-36,-55,15,-20,-4,-1,-10,-65
CLVT,Clarivate,4.3,14,0,-77,-6,-69,46,-3,3,-42,4,-65
ACI,Albertsons,19.06,-14,-23,0,0,-37,2,-19,-3,-9,-29,-66
S,SentinelOne,16.57,-7,-8,-25,0,-40,13,-10,-28,-1,-26,-66
REGN,Regeneron Pharmaceuticals,565.78,7,3,-41,0,-31,11,-1,-42,-4,-36,-67
LW,Lamb Weston,54.8,1,2,-72,-8,-77,22,-2,3,-14,9,-68
IAC,IAC Inc.,35.12,0,-8,-2,-31,-41,12,-8,6,-38,-28,-69
ACN,Accenture,246.14,0,-27,-23,-1,-51,7,-25,-19,19,-18,-69
CRL,Charles River Laboratories,155.76,0,3,-54,-26,-77,15,-6,6,-8,7,-70
BBWI,"Bath & Body Works, Inc.",28.68,-7,-5,-25,-15,-52,13,-10,-16,-6,-19,-71
RGEN,Repligen,126.64,14,0,-16,-17,-19,21,-16,-20,-37,-52,-71
EPR,EPR Properties,53.05,-142,-4,57,29,-60,-28,-14,10,21,-11,-71
MRK,Merck & Co.,82.75,14,10,-47,0,-23,14,-6,-51,-6,-49,-72
ZBH,Zimmer Biomet,102.06,42,6,-65,-17,-34,42,1,-64,-18,-39,-73
DOC,Healthpeak Properties,17.04,1,-7,-17,-31,-54,10,-7,-32,9,-20,-74
CPRI,Capri Holdings,21.35,14,9,-72,-11,-60,14,1,3,-32,-14,-74
MTN,Vail Resorts,152.41,12,-1,-33,-23,-45,16,-16,6,-36,-30,-75
CC,Chemours,15.07,14,32,-65,-13,-32,13,1,-27,-30,-43,-75
WLK,Westlake Corporation,85.53,14,2,-40,0,-24,13,-8,-52,-6,-53,-77
KMX,CarMax,58.13,14,-23,-19,-36,-64,20,-21,-23,11,-13,-77
MORN,"Morningstar, Inc.",259.08,-77,-11,-20,28,-80,11,-24,-2,18,3,-77
TGT,Target Corporation,104.23,0,32,-31,-11,-10,-23,1,-39,-6,-67,-77
SBAC,SBA Communications,216.97,-56,-8,16,-20,-68,-25,-8,17,5,-11,-79
ZTS,Zoetis,152.48,1,-25,-35,-3,-62,30,-40,-2,-5,-17,-79
FTV,Fortive,47.79,0,-12,-21,0,-33,16,-38,-17,-8,-47,-80
NOV,NOV Inc.,12.32,0,-10,-55,-12,-77,16,-5,1,-15,-3,-80
AKAM,Akamai Technologies,74.28,1,-11,-26,-7,-43,9,-10,-26,-10,-37,-80
ELS,Equity Lifestyle Properties,60.29,-1,-36,-21,0,-58,10,3,-32,-3,-22,-80
ASH,Ashland Global,54.07,21,9,-41,-9,-20,16,-16,-53,-10,-63,-83
ELV,Elevance Health,295.41,35,-31,-44,-2,-42,-5,-23,-10,-3,-41,-83
CRM,Salesforce,233.31,-77,-11,-13,22,-79,5,-10,-21,21,-5,-84
PENN,Penn Entertainment,17.97,9,2,-3,-34,-26,14,-10,-18,-44,-58,-84
GME,GameStop,22.9,4,-44,-10,-30,-80,15,-9,-3,-7,-4,-84
MOH,Molina Healthcare,159.52,14,-58,-13,-2,-59,13,-23,-9,-8,-27,-86
PAYC,Paycom,216.04,-28,-10,19,-24,-43,-31,14,10,-37,-44,-87
WDAY,"Workday, Inc.",221.95,-74,-14,-10,14,-84,12,-10,-4,-2,-4,-88
ENTG,Entegris,78.9,5,0,-44,-6,-45,13,-4,-49,-5,-45,-90
UDR,"UDR, Inc.",38.08,-84,-11,-3,-1,-99,8,-8,-5,13,8,-91
HRL,Hormel Foods,28.3,0,-21,-10,-23,-54,-2,-17,10,-30,-39,-93
MAA,Mid-America Apartment Communities,140.03,-81,-12,0,0,-93,5,-8,-8,11,0,-93
LOAR,Loar Holdings,69.63,0,-29,0,0,-29,-5,-56,-3,0,-64,-93
DOCU,DocuSign,68.98,-80,-13,-3,-12,-108,12,-7,-2,11,14,-94
EXAS,Exact Sciences,45.01,5,-17,-28,-25,-65,13,-24,-2,-16,-29,-94
DLR,Digital Realty,166.16,-73,0,0,22,-51,-67,-6,10,19,-44,-95
FMC,FMC Corporation,37.29,0,-10,-40,-24,-74,13,-13,2,-26,-24,-98
CLX,Clorox,121.56,-28,-1,-17,-5,-51,-28,-6,-27,13,-48,-99
DJT,Trump Media & Technology Group,17.61,16,-53,-56,0,-93,36,-9,-24,-9,-6,-99
PRMB,Primo Brands,24.57,0,-52,0,22,-30,4,-81,-10,18,-69,-99
DDOG,Datadog,124.46,-77,-1,-2,0,-80,-33,-9,7,15,-20,-100
DNB,Dun & Bradstreet,9.08,-15,45,-26,0,4,-33,-6,-28,-37,-104,-100
STZ,Constellation Brands,169.54,-1,0,-45,-3,-49,-7,24,-61,-8,-52,-101
LSTR,Landstar,131.09,1,-13,-35,-1,-48,15,-21,-42,-7,-55,-103
AZTA,Azenta,30.59,3,0,-53,-31,-81,13,-7,-19,-9,-22,-103
ALB,Albemarle Corporation,81.44,32,31,-128,-23,-88,2,4,4,-25,-15,-103
BMRN,BioMarin Pharmaceutical,57.97,-32,0,-50,-20,-102,6,28,-15,-22,-3,-105
AR,Antero Resources,32.34,-51,-19,-1,10,-61,-34,-30,10,10,-44,-105
MDB,MongoDB Inc.,204.37,-70,0,-26,-9,-105,8,-2,2,-9,-1,-106
UNH,UnitedHealth Group,271.5,21,-82,-18,-4,-83,31,-23,-31,-1,-24,-107
OKTA,"Okta, Inc.",88.57,-42,-47,0,-24,-113,9,-6,-3,6,6,-107
SAM,Boston Beer Company,219.75,6,0,-35,-37,-66,17,16,-31,-44,-42,-108
CCI,Crown Castle,101.04,-82,-1,7,-28,-104,-26,-4,20,5,-5,-109
NWL,Newell Brands,5.4,3,0,-27,-31,-55,16,-8,-27,-36,-55,-110
ACHC,Acadia Healthcare,20.67,18,-23,-48,-11,-64,23,-14,-42,-16,-49,-113
SLB,Schlumberger,33.2,0,-10,-70,-1,-81,15,-16,-21,-10,-32,-113
DUOL,Duolingo,330.44,-24,-32,0,0,-56,-33,-46,-1,23,-57,-113
CAVA,Cava Group,68.92,-34,-2,-14,0,-50,-33,-6,-28,2,-65,-115
LYB,LyondellBasell,53.31,0,-10,-44,-5,-59,16,-8,-58,-7,-57,-116
RARE,Ultragenyx,29.01,16,-26,-27,-38,-75,15,-18,-35,-3,-41,-116
FRPT,Freshpet,63.29,-59,-43,-24,-6,-132,-1,17,-20,19,15,-117
BAX,Baxter International,24.44,0,-27,-23,-38,-88,52,-26,-14,-41,-29,-117
AMT,American Tower,203.46,-94,-8,16,0,-86,-56,-7,20,11,-32,-118
GTLB,GitLab,40.96,-74,-7,-21,0,-102,9,-4,-20,-1,-16,-118
DOW,Dow Inc.,23.37,6,-16,-43,-1,-54,16,-16,-58,-8,-66,-120
TDC,Teradata,21.17,4,-6,-79,-17,-98,12,-19,1,-16,-22,-120
LULU,Lululemon Athletica,195.11,0,-48,-11,-3,-62,13,-42,-20,-12,-61,-123
WSC,WillScot Mobile Mini,24.64,0,-10,-65,-6,-81,15,-4,-42,-12,-43,-124
CRI,Carter's,26.28,14,-16,-62,-17,-81,13,-8,-39,-9,-43,-124
GLOB,Globant,78.02,0,-62,-26,-7,-95,13,-10,-26,-7,-30,-125
EPAM,EPAM Systems,159.32,6,-12,-26,-27,-59,5,-18,-17,-37,-67,-126
HAL,Halliburton,21.35,0,1,-63,-5,-67,12,-3,-62,-9,-62,-129
WEN,Wendy's Company (The),10.56,14,-36,-37,-8,-67,11,-27,-32,-15,-63,-130
RNG,RingCentral,30.51,14,2,-26,-41,-51,11,-19,-26,-45,-79,-130
HUN,Huntsman Corporation,10.18,13,-16,-45,-15,-63,14,-8,-40,-33,-67,-130
CZR,Caesars Entertainment,25.53,0,-11,-26,-25,-62,15,-12,-35,-37,-69,-131
INSP,Inspire Medical Systems,84.62,0,-63,-23,-6,-92,23,-17,-28,-17,-39,-131
OLN,Olin Corporation,21.59,14,2,-60,-9,-53,18,-12,-62,-23,-79,-132
COTY,Coty,4.99,6,2,-64,-7,-63,16,-10,-66,-9,-69,-132
QDEL,QuidelOrtho,25.95,16,-25,-23,-38,-70,21,-17,-23,-47,-66,-136
ALGN,Align Technology,142.79,0,-11,-67,-25,-103,12,-4,-3,-38,-33,-136
BIIB,Biogen,134.94,14,2,-84,-27,-95,14,9,-47,-18,-42,-137
HUBS,HubSpot,429.89,-80,-45,-10,-1,-136,2,-5,-18,19,-2,-138
TEAM,Atlassian,164.4,-77,-26,-6,-6,-115,1,-18,-18,11,-24,-139
BRBR,BellRing Brands,37.99,-2,-70,-13,0,-85,-2,-62,-19,27,-56,-141
VSTS,Vestis,4.62,-79,-10,-22,0,-111,2,-5,-27,0,-30,-141
BSY,Bentley Systems,51.72,-71,0,9,0,-62,-79,-4,10,-6,-79,-141
SRPT,Sarepta Therapeutics,20.29,42,-148,-29,-7,-142,51,5,-50,-6,0,-142
BRKR,Bruker,33.64,0,-11,-60,-8,-79,18,-9,-64,-9,-64,-143
ENOV,Enovis,28.82,42,-24,-65,-17,-64,-2,-17,-25,-37,-81,-145
ADBE,Adobe Inc.,348.64,0,-27,-36,-6,-69,12,-43,-40,-5,-76,-145
JKHY,Jack Henry & Associates,159.05,-105,-11,-3,-1,-120,8,-42,-3,11,-26,-146
MAN,ManpowerGroup,41.2,4,-1,-46,-28,-71,16,-10,-46,-36,-76,-147
COLM,Columbia Sportswear,52.71,0,-109,-21,-6,-136,13,-23,-16,13,-13,-149
MPW,Medical Properties Trust,4.15,0,-66,-7,-36,-109,9,-9,-7,-35,-42,-151
PATH,UiPath,10.72,-112,-13,-11,0,-136,11,-17,-3,-10,-19,-155
MRNA,Moderna,26.69,0,-7,-55,-4,-66,13,-8,-55,-39,-89,-155
NSA,National Storage Affiliates,30.09,2,-59,-15,-4,-76,11,-60,-36,-1,-86,-162
SIRI,Sirius XM,23.5,13,1,-83,-31,-100,14,-11,-49,-17,-63,-163
LEG,Leggett & Platt,9.4,14,2,-132,-30,-146,18,-8,7,-38,-21,-167
CNC,Centene,26.93,15,-59,-44,-11,-99,28,-57,-13,-28,-70,-169
BF-A,Brown–Forman (Class A),30.22,0,0,-102,-18,-120,-11,24,-42,-24,-53,-173
FIVN,Five9,25.13,0,-6,-79,-35,-120,12,-10,-17,-40,-55,-175
BF-B,Brown–Forman (Class B),30.17,0,0,-103,-18,-121,-17,24,-35,-28,-56,-177
PRGO,Perrigo,23.02,-7,-7,-2,-113,-129,15,-6,-2,-55,-48,-177
UA,Under Armour (Class C),4.76,-37,-5,-28,-37,-107,-33,-7,6,-37,-71,-178
DXC,DXC Technology,13.78,15,-26,-25,-73,-109,13,-20,-32,-34,-73,-182
UAA,Under Armour (Class A),4.91,-36,-5,-28,-44,-113,-33,-7,5,-37,-72,-185
GFS,GlobalFoundries,33.09,-79,-8,-82,0,-169,13,-12,-2,-17,-18,-187
UPS,United Parcel Service,88.55,8,-13,-106,-16,-127,28,-21,-34,-34,-61,-188
IFF,International Flavors & Fragrances,65.72,-95,-12,-23,-31,-161,12,-8,-35,-1,-32,-193
BILL,Bill.com,39.46,-92,-11,-24,0,-127,2,-12,-20,-37,-67,-194
IOT,Samsara,32.22,-73,-32,-10,0,-115,-82,-5,-17,20,-84,-199
MKTX,MarketAxess,187.43,-52,-15,-28,-29,-124,-2,-30,-2,-44,-78,-202
FDS,FactSet,375.21,-163,-19,-5,0,-187,2,-15,-3,-1,-17,-204
NFE,New Fortress Energy,2.38,-35,-5,-71,-3,-114,-37,-8,-22,-25,-92,-206
WU,Western Union,8.28,27,-91,-23,-46,-133,-2,-8,-58,-5,-73,-206
CE,Celanese,42.61,-98,-5,-43,-10,-156,-33,-12,-1,-9,-55,-211
PLTK,Playtika,3.58,-91,-15,-26,0,-132,-7,-17,-27,-31,-82,-214
GIS,General Mills,49.66,0,-90,-41,-4,-135,5,-36,-37,-19,-87,-222
ARE,Alexandria Real Estate Equities,74.53,-93,3,-37,-30,-157,9,-6,-48,-35,-80,-237
XRAY,Dentsply Sirona,13.88,0,-11,-81,-42,-134,13,-8,-68,-40,-103,-237
RHI,Robert Half,36.26,2,-140,-29,-9,-176,15,-17,-27,-32,-61,-237
COLD,Americold,14.78,-42,-94,-41,-11,-188,12,-36,-41,-15,-80,-268
ENPH,Enphase Energy,32.23,0,-150,-46,-20,-216,-4,-15,-53,-24,-96,-312
WOLF,Wolfspeed,1.3,-91,-3,-134,-30,-258,-33,-19,-100,-37,-189,-447
