Symbol,Name,Close,1H Cloud Score,1D Cloud Score,1W Cloud Score,1M Cloud Score,Cloud Score Sum,1H TKx Score,1D TKx Score,1W TKx Score,1M TKx Score,TKx Score Sum,Total Score Sum
TJX,TJX Companies,141.32,-1,44,155,200,398,-8,6,124,195,317,715
ORI,Old Republic International,43.36,70,38,154,60,322,75,36,124,57,292,614
AAPL,Apple Inc.,258.02,100,68,5,253,426,21,36,9,73,139,565
COOP,Mr. Cooper Group,210.79,-7,100,126,55,274,11,99,124,53,287,561
ORLY,O'Reilly Auto Parts,104.79,0,55,170,201,426,-15,-7,61,91,130,556
GLW,Corning Inc.,83.57,210,100,26,19,355,35,107,15,16,173,528
WRB,W. R. Berkley Corporation,76.85,75,27,101,178,381,5,40,31,57,133,514
WELL,Welltower,175.07,0,98,123,60,281,-9,59,140,26,216,497
IBM,IBM,288.41,155,12,116,56,339,12,20,63,58,153,492
ETR,Entergy,95.38,63,11,83,139,296,71,10,96,16,193,489
L,Loews Corporation,101.69,66,101,119,57,343,64,36,17,26,143,486
CASY,Casey's,567.37,33,20,120,89,262,-7,16,124,80,213,475
RTX,RTX Corporation,166.56,105,100,84,56,345,-2,9,91,16,114,459
LOPE,Grand Canyon Education,217.39,119,41,154,37,351,-9,40,41,36,108,459
LMT,Lockheed Martin,504.37,152,27,0,167,346,73,29,2,-4,100,446
ITT,ITT Inc.,181.14,18,107,23,101,249,34,114,17,28,193,442
GD,General Dynamics,343.61,42,123,15,56,236,50,78,17,59,204,440
ROL,"Rollins, Inc.",58.71,42,6,38,288,374,5,-23,30,37,49,423
JPM,JPMorgan Chase,310.01,-18,103,130,160,375,-26,28,17,28,47,422
EVRG,Evergy,76.63,67,82,65,16,230,73,10,84,12,179,409
FIX,Comfort Systems USA,817.72,28,104,24,66,222,-3,116,17,57,187,409
NRG,NRG Energy,166.3,11,16,110,96,233,7,15,120,23,165,398
DTE,DTE Energy,140.03,70,9,81,191,351,-12,6,34,15,43,394
PWR,Quanta Services,421.4,81,8,24,101,214,77,12,17,74,180,394
MNST,Monster Beverage,67.16,37,40,33,182,292,53,14,26,6,99,391
GOOGL,Alphabet (Class A),245.45,0,90,15,178,283,9,64,12,23,108,391
SCCO,Southern Copper,128.28,167,23,5,65,260,75,36,17,2,130,390
GOOG,Alphabet (Class C),246.45,0,90,14,178,282,9,64,11,23,107,389
PLTR,Palantir Technologies,173.06,-5,114,123,0,232,-5,12,126,22,155,387
GS,Goldman Sachs,790.0,-28,101,99,60,232,2,112,17,23,154,386
MPWR,Monolithic Power Systems,919.12,18,101,10,159,288,34,45,17,2,98,386
SO,Southern Company,94.54,6,1,83,192,282,-12,2,30,81,101,383
V,Visa Inc.,349.95,24,1,144,135,304,33,1,17,28,79,383
BWXT,BWX Technologies,186.72,126,99,20,37,282,40,11,17,33,101,383
AJG,Arthur J. Gallagher & Co.,310.63,77,6,0,188,271,5,5,-9,109,110,381
RL,Ralph Lauren Corporation,321.81,28,103,101,36,268,35,32,17,28,112,380
ATO,Atmos Energy,170.23,60,41,81,47,229,5,3,92,47,147,376
IBKR,Interactive Brokers,70.35,84,12,96,59,251,40,11,15,59,125,376
YUM,Yum! Brands,150.65,0,17,35,261,313,-18,17,1,59,59,372
WMB,Williams Companies,64.47,91,12,119,54,276,1,17,17,59,94,370
ULTA,Ulta Beauty,556.08,56,111,19,6,192,55,114,19,-11,177,369
APH,Amphenol,122.24,0,114,26,67,207,-3,116,17,29,159,366
AMAT,Applied Materials,217.52,142,12,2,151,307,39,12,15,-7,59,366
GRMN,Garmin,256.95,42,74,119,21,256,36,35,13,23,107,363
HWM,Howmet Aerospace,189.25,-7,18,155,31,197,-11,18,99,59,165,362
AFG,American Financial Group,148.69,95,42,8,58,203,87,42,11,16,156,359
LHX,L3Harris,297.29,69,123,19,7,218,-11,116,19,16,140,358
CINF,Cincinnati Financial,163.32,42,44,92,64,242,45,35,17,17,114,356
BK,BNY Mellon,106.6,-18,103,101,42,228,-19,107,17,21,126,354
TRV,Travelers Companies (The),284.61,13,37,98,60,208,9,48,31,58,146,354
BSX,Boston Scientific,97.31,-6,-16,151,146,275,11,-10,17,59,77,352
MS,Morgan Stanley,157.55,-28,101,83,66,222,-19,112,17,18,128,350
AM,Antero Midstream,19.1,-6,23,155,25,197,-5,16,85,57,153,350
MA,Mastercard,580.2,5,0,133,157,295,23,-14,17,28,54,349
DTM,DT Midstream,114.44,73,19,110,0,202,84,18,17,27,146,348
EME,Emcor,654.67,28,101,24,60,213,37,20,15,59,131,344
AZO,AutoZone,4216.07,0,54,101,88,243,-13,-8,61,59,99,342
WDC,Western Digital,131.3,35,101,19,20,175,32,112,17,5,166,341
LLY,Lilly (Eli),840.02,24,6,1,174,205,26,23,-14,98,133,338
KLAC,KLA Corporation,1100.76,24,20,21,179,244,35,14,17,28,94,338
AVGO,Broadcom,338.37,7,104,26,118,255,12,21,17,32,82,337
SRE,Sempra,91.46,63,56,7,183,309,1,11,15,1,28,337
CORT,Corcept Therapeutics,88.16,91,13,71,21,196,88,11,1,40,140,336
ABBV,AbbVie,233.87,30,53,24,60,167,31,60,10,66,167,334
CAT,Caterpillar Inc.,497.86,23,100,15,66,204,30,25,15,59,129,333
THG,Hanover Insurance,183.75,42,40,68,26,176,49,32,60,16,157,333
DRS,Leonardo DRS,44.39,69,0,146,60,275,-2,11,17,31,57,332
NI,NiSource,43.84,70,8,81,47,206,5,8,96,16,125,331
UNP,Union Pacific Corporation,236.78,85,9,1,200,295,1,9,2,21,33,328
AIZ,Assurant,220.0,67,42,8,154,271,21,4,9,21,55,326
AU,AngloGold Ashanti,73.35,42,45,83,20,190,35,54,31,16,136,326
J,Jacobs Solutions,154.58,24,99,13,108,244,36,10,14,21,81,325
DDS,Dillard's,615.32,0,83,21,56,160,56,37,14,57,164,324
CDNS,Cadence Design Systems,347.28,-45,0,24,143,122,-8,9,17,182,200,322
ANET,Arista Networks,145.54,7,86,14,60,167,2,82,13,58,155,322
AWI,Armstrong World Industries,196.88,23,108,101,23,255,35,-7,17,21,66,321
LDOS,Leidos,195.66,26,113,9,25,173,35,70,20,21,146,319
CAH,Cardinal Health,154.48,42,6,62,40,150,35,20,55,59,169,319
CW,Curtiss-Wright,538.41,45,109,26,56,236,-3,17,17,51,82,318
SNX,TD Synnex,158.66,0,101,22,65,188,-15,107,15,23,130,318
SCI,Service Corporation International,83.84,72,17,4,177,270,6,11,15,15,47,317
CMI,Cummins,432.82,23,73,12,67,175,30,64,13,32,139,314
HOOD,Robinhood Markets,148.67,35,103,88,0,226,31,20,17,20,88,314
UNM,Unum,79.43,163,12,5,42,222,15,21,-1,56,91,313
TPR,"Tapestry, Inc.",114.91,20,101,87,23,231,28,18,15,21,82,313
INSM,Insmed,157.18,25,81,71,18,195,28,51,17,22,118,313
TDY,Teledyne Technologies,587.7,81,100,59,16,256,8,15,17,17,57,313
HEI,HEICO (Common),320.65,6,1,32,191,230,5,-5,23,59,82,312
DUK,Duke Energy,123.54,7,1,83,185,276,-14,3,29,18,36,312
TIGO,Millicom,48.19,0,181,84,4,269,-17,11,31,18,43,312
PNR,Pentair,112.23,17,101,16,64,198,35,38,15,26,114,312
URI,United Rentals,980.78,23,101,14,66,204,35,-4,15,59,105,309
ACM,AECOM,128.91,-4,107,23,67,193,-11,36,17,74,116,309
WMT,Walmart,102.08,-21,25,134,103,241,3,16,17,31,67,308
ORCL,Oracle Corporation,286.18,-5,18,18,200,231,16,15,17,29,77,308
R,Ryder,193.2,31,86,18,58,193,39,2,15,58,114,307
ALLE,Allegion,177.31,11,113,16,23,163,34,69,17,24,144,307
COR,Cencora,302.57,0,24,51,77,152,-11,33,62,70,154,306
MLI,Mueller Industries,100.51,0,73,14,60,147,5,66,15,73,159,306
WPC,W. P. Carey,69.19,21,98,36,4,159,17,90,33,7,147,306
CRH,CRH plc,119.97,30,55,14,66,165,35,64,11,29,139,304
ALL,Allstate,210.85,0,12,104,161,277,-15,5,18,19,27,304
NEM,Newmont,86.85,12,125,26,7,170,9,87,26,12,134,304
TER,Teradyne,145.67,84,72,2,4,162,37,102,10,-7,142,304
NOC,Northrop Grumman,609.39,56,68,17,60,201,63,2,24,14,103,304
CTAS,Cintas,202.6,0,-35,2,169,136,-14,-30,20,189,165,301
MCD,McDonald's,300.99,-21,0,59,244,282,-33,-12,5,59,19,301
UI,Ubiquiti,661.51,87,30,59,12,188,16,65,17,12,110,298
DCI,Donaldson Company,82.63,24,53,9,67,153,35,60,17,32,144,297
NVDA,Nvidia,187.62,36,12,21,136,205,36,10,17,28,91,296
DASH,DoorDash,271.22,35,100,104,0,239,5,15,17,20,57,296
NSC,Norfolk Southern,300.14,101,15,18,6,140,114,9,17,16,156,296
VTR,"Ventas, Inc.",69.78,42,57,79,24,202,59,4,11,17,91,293
CHD,Church & Dwight,87.88,0,-49,-23,346,274,25,-12,-21,27,19,293
HIG,Hartford (The),133.44,10,43,101,59,213,4,-12,28,58,78,291
RBC,RBC Bearings,373.74,-14,-3,100,166,249,-14,-24,21,59,42,291
KMI,Kinder Morgan,28.46,56,8,99,46,209,-5,17,15,54,81,290
AAON,AAON,98.32,24,12,-20,247,263,30,30,-32,-1,27,290
SGI,Somnigroup International,84.25,8,101,48,66,223,29,-7,17,28,67,290
TLN,Talen Energy,438.26,27,113,46,0,186,33,48,18,4,103,289
HEI-A,HEICO (Class A),252.81,1,10,33,184,228,4,1,24,32,61,289
HCA,HCA Healthcare,429.48,70,40,10,99,219,7,8,23,31,69,288
SYY,Sysco,82.15,24,88,14,5,131,26,101,14,16,157,288
LRCX,Lam Research,145.81,35,23,16,154,228,35,15,17,-7,60,288
NEU,NewMarket,846.52,28,123,26,31,208,21,1,29,29,80,288
MTZ,MasTec,215.98,126,18,26,20,190,40,23,17,15,95,285
XEL,Xcel Energy,80.27,60,57,58,14,189,-8,26,66,11,95,284
AXON,Axon Enterprise,715.46,0,-17,152,96,231,12,-8,17,32,53,284
AYI,Acuity Brands,352.81,28,77,11,29,145,-2,106,13,22,139,284
EHC,Encompass Health,123.23,-20,35,150,31,196,-13,38,31,31,87,283
CRS,Carpenter Technology Corporation,247.53,6,-30,153,37,166,-3,-9,78,51,117,283
OGE,OGE Energy,45.94,67,6,75,47,195,-12,7,75,16,86,281
MEDP,Medpace,532.56,29,75,11,34,149,31,85,11,4,131,280
FFIV,"F5, Inc.",325.0,0,100,101,16,217,12,14,17,19,62,279
PGR,Progressive Corporation,245.69,30,-81,0,179,128,-10,-21,-10,191,150,278
RBA,RB Global,108.4,0,-7,111,29,133,11,-2,114,21,144,277
RJF,Raymond James Financial,166.82,-21,100,99,60,238,-19,23,14,21,39,277
LITE,Lumentum,163.52,23,99,21,5,148,-5,107,15,12,129,277
FWONA,Liberty Formula 1 (Series A),96.51,14,14,76,64,168,7,28,16,58,109,277
HPE,Hewlett Packard Enterprise,24.42,0,97,8,44,149,22,34,14,56,126,275
THC,Tenet Healthcare,203.1,70,38,21,59,188,11,35,15,26,87,275
WM,"Waste Management, Inc.",219.79,6,-30,0,189,165,-14,-36,-1,161,110,275
CBOE,Cboe Global Markets,239.12,-2,0,151,57,206,-19,4,29,53,67,273
SPG,Simon Property Group,185.28,63,70,8,37,178,-12,69,15,23,95,273
WSO,Watsco,415.03,48,-45,-10,198,191,40,2,-35,73,80,271
PH,Parker Hannifin,763.34,23,102,24,67,216,14,-8,17,32,55,271
CIEN,Ciena,151.39,43,101,16,14,174,40,23,15,18,96,270
NVT,Nvent Electric,97.8,23,101,15,14,153,-5,114,15,-7,117,270
ETN,Eaton Corporation,373.45,23,11,15,116,165,-2,18,15,74,105,270
AMG,Affiliated Managers Group,242.97,1,107,18,24,150,5,78,17,19,119,269
PPL,PPL Corporation,36.69,0,59,83,25,167,-15,5,95,16,101,268
FWONK,Liberty Formula 1 (Series C),105.0,7,14,77,59,157,7,28,17,58,110,267
MO,Altria,65.72,42,54,77,47,220,-5,1,33,18,47,267
IONS,Ionis Pharmaceuticals,69.15,56,104,8,2,170,63,29,17,-12,97,267
MSFT,Microsoft,517.35,12,0,23,175,210,3,9,17,27,56,266
VMC,Vulcan Materials,304.78,42,53,13,62,170,-12,61,17,29,95,265
XYL,Xylem Inc.,149.86,36,101,15,24,176,36,10,17,24,87,263
KRMN,Karman Holdings,72.6,147,38,0,0,185,40,29,9,0,78,263
MMC,Marsh McLennan,201.24,31,-82,-10,177,116,5,-20,-18,180,147,263
IDA,Idacorp,132.65,67,70,63,20,220,-11,9,33,12,43,263
AON,AON,363.82,20,0,0,179,199,19,-18,4,58,63,262
CACI,CACI,530.22,22,6,9,156,193,35,13,21,-3,66,259
AME,Ametek,183.73,-9,46,11,108,156,-14,-5,17,103,101,257
AFL,Aflac,112.32,54,37,8,60,159,4,36,1,57,98,257
GE,GE Aerospace,297.06,0,112,26,29,167,-2,23,37,31,89,256
FYBR,Frontier Communications,37.43,7,39,96,0,142,-5,2,101,16,114,256
AN,AutoNation,224.33,23,38,24,63,148,39,-7,17,59,108,256
WTW,Willis Towers Watson,347.05,77,46,15,26,164,36,17,7,31,91,255
TT,Trane Technologies,424.14,42,-27,23,166,204,-2,4,17,31,50,254
IVZ,Invesco,24.04,42,77,14,4,137,15,73,14,15,117,254
SNA,Snap-on,347.37,44,22,5,61,132,36,16,10,59,121,253
HUBB,Hubbell Incorporated,413.25,-14,-1,8,184,177,-5,-7,13,73,74,251
BWA,BorgWarner,44.74,22,103,15,4,144,40,67,17,-18,106,250
VMI,Valmont Industries,394.71,42,6,69,60,177,40,6,14,12,72,249
ADI,Analog Devices,242.04,-27,32,18,181,204,6,-6,17,28,45,249
BPOP,"Popular, Inc.",125.92,-19,108,24,61,174,1,36,17,21,75,249
EPR,EPR Properties,57.48,28,7,64,31,130,38,20,37,23,118,248
BRK-B,Berkshire Hathaway,498.78,7,27,131,64,229,1,1,-12,28,18,247
AEP,American Electric Power,114.05,56,4,80,25,165,33,2,30,16,81,246
UTHR,United Therapeutics,453.22,21,37,5,59,122,21,37,5,61,124,246
AMGN,Amgen,297.78,24,3,1,167,195,28,-23,5,38,48,243
JHG,Janus Henderson,45.62,10,86,13,21,130,9,70,14,20,113,243
VICI,Vici Properties,32.63,26,6,65,17,114,52,-12,30,59,129,243
MRVL,Marvell Technology,86.2,98,8,0,108,214,12,10,7,-1,28,242
SPOT,Spotify,680.26,-19,-1,119,14,113,-7,12,102,22,129,242
MSA,MSA Safety,174.08,26,2,1,166,195,33,3,17,-7,46,241
ROST,Ross Stores,152.73,56,44,7,37,144,56,3,6,31,96,240
WAB,Wabtec,200.17,68,0,2,51,121,39,4,17,58,118,239
OLLI,Ollie's Bargain Outlet,131.41,0,0,122,18,140,6,-2,70,25,99,239
EQT,EQT Corporation,56.03,63,3,48,44,158,63,5,1,12,81,239
ELAN,Elanco,20.64,42,104,9,0,155,40,36,16,-8,84,239
TTWO,Take-Two Interactive,257.65,37,24,52,15,128,5,31,52,22,110,238
ICE,Intercontinental Exchange,162.58,-21,-25,119,163,236,-19,-31,29,23,2,238
LYV,Live Nation Entertainment,156.26,-21,0,101,149,229,-19,-6,16,18,9,238
MDT,Medtronic,97.71,17,68,18,3,106,24,82,10,15,131,237
C,Citigroup,97.71,-28,101,26,20,119,-26,111,17,16,118,237
BYD,Boyd Gaming,86.49,63,11,55,61,190,-5,5,17,29,46,236
STE,Steris,242.49,-21,2,21,197,199,-12,-7,29,27,37,236
PHM,PulteGroup,137.62,13,74,8,67,162,34,-4,13,31,74,236
PANW,Palo Alto Networks,207.18,16,21,6,83,126,12,22,17,59,110,236
SSNC,SS&C Technologies,87.9,-1,1,97,16,113,-12,102,14,17,121,234
UHS,Universal Health Services,207.24,70,33,2,24,129,70,37,1,-3,105,234
DGX,Quest Diagnostics,179.35,-16,40,75,20,119,-14,38,75,16,115,234
TOL,Toll Brothers,142.73,10,85,7,63,165,35,-5,11,28,69,234
BR,Broadridge Financial Solutions,234.68,-21,-15,121,147,232,-19,-23,17,27,2,234
TKO,TKO Group Holdings,197.32,-9,39,78,42,150,-19,32,17,52,82,232
DKS,Dick's Sporting Goods,231.47,21,67,4,65,157,18,15,7,35,75,232
APP,AppLovin,682.7,0,46,112,0,158,-13,54,13,20,74,232
EXE,Expand Energy,107.44,96,3,48,0,147,59,19,-6,12,84,231
ITW,Illinois Tool Works,259.95,-1,0,9,180,188,6,-8,14,31,43,231
RGLD,Royal Gold,200.24,49,31,68,20,168,3,39,3,18,63,231
COST,Costco,915.21,-82,-12,0,182,88,-12,-23,-9,186,142,230
PTC,PTC Inc.,202.98,0,0,13,184,197,8,-17,14,28,33,230
AXS,AXIS Capital,94.54,-19,-5,93,47,116,-17,-14,89,55,113,229
WEC,WEC Energy Group,113.29,7,57,62,15,141,-14,14,75,13,88,229
HII,Huntington Ingalls Industries,284.37,42,140,15,8,205,-8,20,23,-11,24,229
F,Ford Motor Company,12.66,42,115,9,1,167,15,35,17,-7,60,227
PRI,Primerica,279.0,10,23,1,110,144,5,30,15,32,82,226
NDAQ,"Nasdaq, Inc.",87.6,-4,-9,83,146,216,1,-25,17,16,9,225
FHN,First Horizon Corporation,22.56,0,101,59,6,166,2,30,15,12,59,225
HLI,Houlihan Lokey,201.45,-31,103,24,46,142,2,36,17,28,83,225
AEE,Ameren,103.74,60,9,64,15,148,-8,3,69,12,76,224
CME,CME Group,264.7,-5,-35,61,138,159,-18,5,57,21,65,224
ES,Eversource Energy,72.52,77,11,22,2,112,75,15,17,4,111,223
FE,FirstEnergy,45.92,60,54,13,57,184,-2,8,17,16,39,223
MSGS,Madison Square Garden Sports,231.57,56,19,4,23,102,56,26,10,29,121,223
JNJ,Johnson & Johnson,188.65,47,67,15,9,138,62,2,12,8,84,222
NET,Cloudflare,216.6,0,101,46,0,147,14,23,17,21,75,222
PSTG,Pure Storage,86.87,16,31,6,44,97,29,23,13,59,124,221
NFG,National Fuel Gas,88.56,-7,18,67,54,132,-14,11,78,12,87,219
FTAI,FTAI Aviation,169.54,0,47,10,49,106,20,47,13,33,113,219
SHW,Sherwin-Williams,346.5,7,-11,0,192,188,5,-14,17,21,29,217
FICO,Fair Isaac,1854.22,14,2,0,168,184,10,25,-35,33,33,217
NTRS,Northern Trust,132.39,0,101,23,13,137,5,43,17,15,80,217
INTU,Intuit,679.95,-14,-32,24,193,171,1,6,17,22,46,217
JEF,Jefferies Financial Group,62.43,-53,77,4,60,88,-19,77,8,59,125,213
LIN,Linde plc,466.57,-23,0,20,112,109,-19,-3,17,108,103,212
EXPD,Expeditors International,123.51,9,46,8,133,196,12,-4,13,-5,16,212
CNP,Centerpoint Energy,38.97,-27,55,56,47,131,1,13,50,17,81,212
DHI,D. R. Horton,174.92,13,74,8,67,162,49,-7,11,-4,49,211
MDU,MDU Resources,17.73,77,9,2,60,148,2,11,17,32,62,210
ADT,ADT Inc.,8.81,12,121,38,0,171,3,-6,32,10,39,210
PAG,Penske Automotive Group,174.26,22,-2,22,64,106,40,-12,17,59,104,210
FNB,FNB Corporation,16.25,5,101,8,57,171,9,-8,16,21,38,209
CXT,Crane NXT,66.46,63,9,2,57,131,5,1,13,58,77,208
MLM,Martin Marietta Materials,634.78,30,56,13,62,161,7,-6,17,29,47,208
D,Dominion Energy,61.53,42,99,21,3,165,5,9,17,12,43,208
MCO,Moody's Corporation,485.19,4,-12,1,158,151,36,-24,15,27,54,205
FLEX,Flex Ltd.,56.11,-5,30,25,60,110,-5,23,17,59,94,204
MCK,McKesson Corporation,737.77,0,12,49,60,121,-12,29,-4,69,82,203
USFD,US Foods,76.16,-2,-25,150,37,160,3,-6,17,28,42,202
FSLR,First Solar,229.99,23,66,2,64,155,17,21,17,-8,47,202
EVR,Evercore,330.02,-52,100,14,60,122,1,36,15,28,80,202
STLD,Steel Dynamics,145.09,38,15,7,57,117,38,29,17,1,85,202
BLK,BlackRock,1160.69,0,100,24,24,148,2,11,17,23,53,201
AIG,American International Group,81.04,42,1,35,55,133,51,1,-7,23,68,201
FAST,Fastenal,47.9,-1,0,56,108,163,5,-16,20,25,34,197
MSI,Motorola Solutions,452.77,-90,1,8,155,74,-65,-7,8,187,123,197
PFG,Principal Financial Group,84.23,24,30,4,57,115,21,25,14,20,80,195
PFGC,Performance Food Group,102.52,-67,104,60,45,142,-21,-2,17,59,53,195
FTNT,Fortinet,85.78,22,0,0,115,137,35,16,-9,15,57,194
GM,General Motors,60.13,-1,83,14,13,109,-19,75,14,15,85,194
ROIV,Roivant Sciences,16.18,32,38,8,0,78,42,54,17,2,115,193
CB,Chubb Limited,283.92,56,6,2,60,124,19,3,-11,58,69,193
STT,State Street Corporation,116.12,9,103,24,18,154,2,5,16,16,39,193
NEE,NextEra Energy,80.07,70,8,2,2,82,74,4,17,15,110,192
CHRW,C.H. Robinson,135.44,9,69,10,4,92,15,62,13,10,100,192
EBAY,eBay,92.18,1,0,84,16,101,5,-21,89,18,91,192
JCI,Johnson Controls,108.79,28,6,82,21,137,-5,23,17,20,55,192
FTI,TechnipFMC,38.03,-14,101,24,29,140,-28,23,17,39,51,191
EXC,Exelon,45.34,67,4,62,16,149,26,3,1,12,42,191
MET,Metlife,82.37,69,32,2,60,163,-11,4,15,20,28,191
DOCS,Doximity,73.27,-4,71,61,0,128,4,36,7,14,61,189
CFG,Citizens Financial Group,53.83,5,89,15,6,115,7,36,14,16,73,188
LNT,Alliant Energy,66.8,61,9,75,16,161,-8,3,17,15,27,188
NFLX,Netflix,1153.32,-28,-8,123,22,109,-25,-12,94,22,79,188
VRTX,Vertex Pharmaceuticals,403.28,35,-1,-9,106,131,43,-12,-13,39,57,188
INTC,Intel,36.81,105,37,2,0,144,14,36,7,-14,43,187
LH,Labcorp,276.85,-4,51,62,17,126,-12,38,15,20,61,187
DD,DuPont,79.73,23,72,1,21,117,31,30,14,-5,70,187
NWS,News Corp (Class B),32.09,-21,-3,119,60,155,-14,6,17,23,32,187
SYK,Stryker Corporation,370.6,0,-16,0,161,145,8,-13,15,31,41,186
ESI,Element Solutions,26.86,14,73,1,59,147,27,1,14,-3,39,186
AMD,Advanced Micro Devices,164.64,23,0,5,112,140,35,2,17,-9,45,185
TDG,TransDigm Group,1288.83,-14,-37,4,159,112,-11,8,17,59,73,185
GGG,Graco Inc.,84.75,8,-11,1,180,178,5,-13,17,-2,7,185
ROKU,"Roku, Inc.",103.85,23,82,17,-21,101,35,30,12,6,83,184
OZK,Bank OZK,51.24,-35,101,24,58,148,3,-4,15,21,35,183
KR,Kroger,66.3,20,-27,86,69,148,-9,-30,57,17,35,183
DRI,Darden Restaurants,193.3,7,-12,51,63,109,51,-7,-3,32,73,182
RRC,Range Resources,38.22,63,3,2,44,112,-2,19,-5,57,69,181
RSG,Republic Services,224.15,-16,-47,0,179,116,-18,-72,-8,162,64,180
H,Hyatt Hotels,146.98,35,6,4,57,102,14,-7,13,57,77,179
TXT,Textron,86.83,35,17,1,55,108,36,25,17,-7,71,179
BKNG,Booking Holdings,5420.94,-29,-5,143,37,146,5,-18,17,28,32,178
CVNA,Carvana,375.88,0,13,99,13,125,-3,21,17,18,53,178
EXPE,Expedia Group,219.21,3,74,56,13,146,7,-4,13,16,32,178
AGNC,AGNC Investment,10.07,10,86,18,18,132,16,-5,15,19,45,177
RGA,Reinsurance Group of America,197.47,34,19,-10,42,85,34,1,1,55,91,176
TNL,Travel + Leisure Co.,61.83,12,91,16,18,137,14,-5,14,16,39,176
CRWD,CrowdStrike,489.75,24,12,52,0,88,35,13,17,22,87,175
FIVE,Five Below,156.01,19,103,7,0,129,11,34,18,-17,46,175
HR,Healthcare Realty Trust,17.89,0,69,9,2,80,-1,75,9,11,94,174
PCAR,Paccar,98.12,-3,0,-29,161,129,8,-4,4,36,44,173
MMM,3M,158.66,21,4,81,16,122,25,-7,17,16,51,173
ADP,Automatic Data Processing,291.78,2,-24,0,182,160,-11,-37,-1,59,10,170
MU,Micron Technology,187.83,28,27,5,24,84,31,36,17,2,86,170
ZS,Zscaler,305.53,42,6,24,7,79,40,14,17,20,91,170
MSM,MSC Industrial Direct,92.0,27,30,14,60,131,36,-4,17,-11,38,169
AXP,American Express,330.24,-28,30,24,101,127,-26,30,15,23,42,169
WCC,Wesco International,215.99,10,1,14,60,85,21,-12,15,59,83,168
VEEV,Veeva Systems,296.0,47,6,52,10,115,10,6,17,20,53,168
JBL,Jabil,202.08,-9,-1,26,67,83,-5,12,18,59,84,167
EMR,Emerson Electric,134.77,14,0,23,66,103,27,-8,17,28,64,167
BKR,Baker Hughes,48.5,-1,55,11,37,102,2,24,11,28,65,167
ALNY,Alnylam Pharmaceuticals,456.41,3,100,24,17,144,-2,-9,17,17,23,167
NTAP,Netapp,118.7,-3,44,5,59,105,14,36,14,-3,61,166
RNR,RenaissanceRe,259.44,67,12,1,37,117,28,7,15,-1,49,166
POST,Post Holdings,107.3,57,-2,-5,89,139,-2,-15,-15,59,27,166
RPM,RPM International,116.8,0,-3,-2,182,177,-12,-11,14,-2,-11,166
CSL,Carlisle Companies,328.23,-1,-16,-4,180,159,-3,-12,-1,22,6,165
RKLB,Rocket Lab,56.15,14,21,56,0,91,24,23,17,10,74,165
PKG,Packaging Corporation of America,214.55,0,31,2,63,96,-1,31,10,28,68,164
CMS,CMS Energy,72.34,43,0,83,25,151,-11,3,5,16,13,164
W,Wayfair,88.54,9,101,11,-43,78,4,107,17,-42,86,164
AL,Air Lease Corporation,63.72,0,31,24,24,79,6,34,17,28,85,164
HHH,Howard Hughes Holdings,84.75,24,41,5,2,72,33,36,6,16,91,163
ATI,ATI Inc.,81.29,6,0,23,45,74,-2,20,17,54,89,163
WWD,"Woodward, Inc.",257.8,48,4,26,37,115,40,-37,17,28,48,163
DE,Deere & Company,462.94,0,-31,56,111,136,7,-44,52,12,27,163
FERG,Ferguson Enterprises,231.76,10,2,18,67,97,14,6,17,27,64,161
WFC,Wells Fargo,80.68,-21,17,99,31,126,-28,25,17,21,35,161
BRX,Brixmor Property Group,26.89,-15,83,7,57,132,-12,-5,17,28,28,160
LAMR,Lamar Advertising,123.22,1,30,8,66,105,22,-6,15,23,54,159
SSD,Simpson Manufacturing Company,171.2,0,-7,1,158,152,8,-12,13,-3,6,158
HD,Home Depot (The),395.09,-76,53,8,182,167,-35,-4,9,21,-9,158
RCL,Royal Caribbean Group,314.05,-38,0,128,30,120,2,-11,17,29,37,157
STAG,STAG Industrial,36.25,21,4,1,98,124,33,-11,17,-6,33,157
RS,"Reliance, Inc.",284.14,2,-45,-3,117,71,18,-10,-2,79,85,156
HIW,Highwoods Properties,32.42,22,27,7,8,64,30,30,17,15,92,156
CWEN-A,Clearway Energy (Class A),28.58,21,0,65,8,94,17,3,29,12,61,155
PEG,Public Service Enterprise Group,82.0,-1,-23,2,154,132,-12,5,11,19,23,155
BEPC,Brookfield Renewable Partners,35.83,40,10,17,0,67,40,19,17,12,88,155
NLY,Annaly Capital Management,20.75,0,83,25,12,120,9,-8,15,18,34,154
M,"Macy's, Inc.",18.22,42,67,5,0,114,12,30,6,-8,40,154
VRT,Vertiv,160.2,28,12,16,10,66,35,11,14,28,88,154
EXEL,Exelixis,40.07,31,0,71,16,118,-5,15,-1,26,35,153
CWEN,Clearway Energy (Class C),30.34,21,0,65,6,92,17,3,29,12,61,153
COKE,Coca-Cola Consolidated,120.7,25,4,0,68,97,33,-8,-23,54,56,153
KO,Coca-Cola Company (The),66.65,7,-30,1,184,162,2,-23,-5,16,-10,152
CELH,Celsius Holdings,58.69,35,6,0,67,108,42,-13,25,-11,43,151
AMKR,Amkor Technology,29.39,19,86,1,4,110,15,22,11,-7,41,151
CMA,Comerica,70.55,10,75,14,6,105,15,1,14,14,44,149
O,Realty Income,60.38,10,45,17,9,81,1,35,17,15,68,149
EA,Electronic Arts,200.68,37,47,11,9,104,-10,9,23,23,45,149
IRM,Iron Mountain,104.84,20,15,3,59,97,22,14,17,-1,52,149
WYNN,Wynn Resorts,123.64,-7,103,15,5,116,-5,31,17,-10,33,149
ABT,Abbott Laboratories,134.59,5,30,63,15,113,7,9,3,16,35,148
SNDK,SanDisk,128.46,35,34,0,0,69,34,36,9,0,79,148
NVR,"NVR, Inc.",8178.89,8,6,0,67,81,34,-8,10,31,67,148
VST,Vistra Corp.,202.0,0,3,26,32,61,12,12,15,47,86,147
SEIC,SEI Investments Company,85.65,0,-21,99,37,115,5,-18,17,28,32,147
IR,Ingersoll Rand,83.96,43,6,0,25,74,40,20,14,-2,72,146
WSM,"Williams-Sonoma, Inc.",199.6,6,2,15,67,90,9,15,9,23,56,146
EG,Everest Group,356.85,56,8,0,57,121,25,5,1,-7,24,145
FDX,FedEx,244.61,69,11,0,34,114,15,11,9,-6,29,143
HON,Honeywell,209.01,11,-36,-3,180,152,-2,-48,17,24,-9,143
CLF,Cleveland-Cliffs,12.75,56,66,0,-18,104,12,26,10,-10,38,142
XOM,ExxonMobil,113.25,-28,20,4,46,42,2,29,16,52,99,141
PG,Procter & Gamble,152.26,-2,-10,-13,181,156,-19,-4,-21,28,-16,140
KNSL,Kinsale Capital Group,466.26,14,0,1,35,50,23,-18,-2,87,90,140
CSX,CSX Corporation,36.02,105,5,3,6,119,8,4,17,-8,21,140
CVS,CVS Health,77.48,21,36,17,0,74,17,40,7,2,66,140
BOKF,BOK Financial Corporation,113.33,7,70,7,24,108,5,-2,11,16,30,138
CRUS,Cirrus Logic,127.2,15,38,5,21,79,14,33,17,-5,59,138
OHI,Omega Healthcare Investors,41.14,-2,60,13,42,113,-11,-10,12,33,24,137
RYN,Rayonier,26.9,41,43,1,0,85,55,3,5,-11,52,137
ECL,Ecolab,276.59,42,1,23,24,90,8,1,17,21,47,137
FOXA,Fox Corporation (Class A),61.98,-2,37,75,3,113,-17,9,15,16,23,136
SMCI,Supermicro,51.96,28,3,0,60,91,30,14,12,-11,45,136
NNN,NNN Reit,42.82,22,6,7,24,59,51,-7,17,16,77,136
MKL,Markel,1942.09,7,-15,75,57,124,5,-37,15,28,11,135
LNG,Cheniere Energy,232.33,-18,-3,67,60,106,-33,-13,17,58,29,135
HRB,H&R Block,51.76,18,0,-8,54,64,36,-7,-13,54,70,134
GL,Globe Life,137.5,-35,53,52,16,86,-26,52,11,10,47,133
INFA,Informatica,24.92,26,92,0,0,118,23,-14,15,-9,15,133
MUSA,Murphy USA,395.47,13,3,-20,70,66,26,-4,-36,81,67,133
COIN,Coinbase,380.11,32,3,16,0,51,33,12,16,20,81,132
COHR,Coherent Corp.,113.58,21,12,5,17,55,35,11,14,17,77,132
ZION,Zions Bancorporation,56.94,0,83,7,6,96,7,-2,14,17,36,132
BC,Brunswick Corporation,66.34,14,85,0,0,99,36,-4,11,-11,32,131
FNF,Fidelity National Financial,59.96,7,38,2,60,107,-8,6,2,23,23,130
AGO,Assured Guaranty,84.28,9,2,0,58,69,5,14,17,24,60,129
FOX,Fox Corporation (Class B),55.76,-2,37,74,3,112,-17,9,14,11,17,129
GILD,Gilead Sciences,112.71,-1,0,58,37,94,2,-23,15,41,35,129
INCY,Incyte,86.85,24,87,10,1,122,-5,-11,13,9,6,128
GLPI,Gaming and Leisure Properties,46.87,7,7,0,67,81,-6,-7,1,59,47,128
DINO,HF Sinclair,51.7,-28,103,7,3,85,3,33,17,-10,43,128
EQH,Equitable Holdings,51.16,-54,-4,99,13,54,2,33,17,21,73,127
GWW,W. W. Grainger,956.65,0,-8,-10,96,78,9,-11,-8,59,49,127
KRC,Kilroy Realty,42.45,-46,91,13,0,58,-52,94,13,13,68,126
ALAB,Astera Labs,200.76,0,99,4,0,103,12,-2,12,0,22,125
FRHC,Freedom Holding,170.84,-7,0,61,16,70,2,4,17,32,55,125
BBY,Best Buy,76.88,38,38,0,-8,68,21,35,5,-4,57,125
LNC,Lincoln Financial,41.09,7,70,25,3,105,7,-12,15,10,20,125
DDOG,Datadog,151.81,42,6,6,0,54,40,18,14,-2,70,124
LFUS,Littelfuse,258.98,-1,101,10,4,114,9,-4,15,-10,10,124
TMUS,T-Mobile US,230.26,-21,-7,0,141,113,-12,-16,2,37,11,124
MPC,Marathon Petroleum,193.15,0,27,6,51,84,5,27,17,-10,39,123
LPX,Louisiana-Pacific,90.42,18,-13,-4,65,66,35,-13,7,28,57,123
KEY,Keycorp,18.64,-28,101,15,6,94,2,-4,15,15,28,122
WST,West Pharmaceutical Services,272.56,42,21,0,-9,54,47,22,8,-10,67,121
CPRT,Copart,45.11,0,-14,-20,178,144,-10,-13,-30,30,-23,121
SOFI,SoFi,25.24,-38,93,53,0,108,-52,37,15,13,13,121
MTSI,MACOM Technology Solutions,127.43,6,-1,6,60,71,9,-5,15,31,50,121
PLD,Prologis,117.08,23,30,6,0,59,22,29,17,-7,61,120
MP,MP Materials,71.48,0,2,39,0,41,12,9,52,6,79,120
CGNX,Cognex Corporation,46.32,7,83,8,-33,65,14,69,13,-42,54,119
MTG,MGIC Investment Corporation,27.52,-21,38,26,57,100,-26,-2,17,30,19,119
CEG,Constellation Energy,359.99,21,6,23,0,50,20,11,17,21,69,119
TFC,Truist Financial,45.53,-18,75,8,6,71,9,8,14,16,47,118
HSY,Hershey Company (The),195.15,10,67,11,0,88,18,21,11,-21,29,117
GTES,Gates Corporation,25.74,20,6,24,17,67,20,-7,17,20,50,117
LEN-B,Lennar (Class B),123.82,9,3,0,64,76,47,-11,8,-3,41,117
AOS,A. O. Smith,73.33,10,6,0,60,76,35,-4,17,-7,41,117
A,Agilent Technologies,141.64,24,27,1,1,53,30,33,8,-7,64,117
TRMB,Trimble Inc.,80.71,0,0,86,6,92,2,-7,15,14,24,116
INGM,Ingram Micro,21.99,28,18,0,0,46,35,21,14,0,70,116
AIT,Applied Industrial Technologies,258.26,-39,0,14,60,35,-1,10,13,59,81,116
VNO,Vornado Realty Trust,41.02,5,23,5,6,39,21,23,15,17,76,115
LEN,Lennar (Class A),130.06,8,6,-4,66,76,47,-11,8,-5,39,115
FR,First Industrial Realty Trust,51.7,7,33,1,16,57,31,-4,15,16,58,115
DLR,Digital Realty,176.4,11,4,4,24,43,19,14,17,21,71,114
PSX,Phillips 66,132.98,-3,30,2,43,72,3,30,16,-7,42,114
ARMK,Aramark,38.99,34,-27,22,42,71,11,-43,17,58,43,114
TSLA,"Tesla, Inc.",429.84,-7,40,5,12,50,-5,46,11,12,64,114
BG,Bunge Global,83.98,42,3,0,0,45,57,1,17,-7,68,113
CSCO,Cisco,67.94,0,-1,55,16,70,-5,4,17,27,43,113
MKSI,MKS Instruments,137.83,20,22,4,1,47,26,33,13,-7,65,112
SNOW,Snowflake Inc.,235.11,23,26,22,0,71,21,-1,17,3,40,111
NTNX,Nutanix,76.23,-4,18,5,24,43,8,17,17,26,68,111
MAR,Marriott International,267.6,10,0,1,60,71,9,-13,14,29,39,110
RPRX,Royalty Pharma,36.07,19,0,39,0,58,23,-6,33,2,52,110
BXP,"BXP, Inc.",75.6,0,27,5,1,33,16,28,17,15,76,109
PNC,PNC Financial Services,198.45,-35,91,9,16,81,2,-4,14,16,28,109
THO,Thor Industries,109.11,8,85,8,4,105,9,-11,13,-8,3,108
XPO,"XPO, Inc.",128.55,5,-3,1,63,66,5,-6,14,29,42,108
SNPS,Synopsys,469.16,-7,-18,-4,182,153,-8,-30,-1,-7,-46,107
SEE,Sealed Air,36.63,42,31,3,-26,50,42,34,15,-34,57,107
RF,Regions Financial Corporation,26.38,-60,100,14,24,78,2,-4,15,16,29,107
ETSY,Etsy,72.31,126,8,4,-32,106,13,10,17,-39,1,107
COF,Capital One,214.4,-53,0,101,23,71,2,-4,17,20,35,106
ECG,Everus Construction Group,80.16,-7,99,0,0,92,-12,11,14,0,13,105
CPNG,Coupang,32.37,0,20,24,0,44,5,20,17,19,61,105
NDSN,Nordson,233.42,23,31,1,3,58,36,2,17,-9,46,104
GPC,Genuine Parts Company,139.75,14,54,8,0,76,31,-1,17,-19,28,104
MAS,Masco,70.39,0,0,-4,67,63,21,-11,8,23,41,104
EWBC,East West Bancorp,106.54,-35,30,16,24,35,2,30,16,21,69,104
RVMD,Revolution Medicines,46.71,34,21,1,0,56,5,27,17,-2,47,103
PSN,Parsons Corporation,87.49,35,13,1,1,50,36,10,10,-3,53,103
HALO,Halozyme,68.98,-52,48,14,21,31,-12,59,8,16,71,102
DOC,Healthpeak Properties,19.38,69,22,0,-33,58,7,25,1,11,44,102
DOV,Dover Corporation,166.63,0,-26,-10,108,72,12,-17,13,21,29,101
FITB,Fifth Third Bancorp,44.41,-37,77,7,24,71,2,-4,14,18,30,101
QCOM,Qualcomm,169.16,0,28,0,24,52,10,30,15,-7,48,100
K,Kellanova,82.73,35,5,1,23,64,46,-12,-14,15,35,99
SCHW,Charles Schwab Corporation,94.07,-16,0,84,13,81,-19,4,17,16,18,99
VIK,Viking Holdings,60.31,-2,101,0,0,99,-13,-5,17,0,-1,98
APTV,Aptiv,87.98,25,38,8,-26,45,40,34,17,-38,53,98
WMS,Advanced Drainage Systems,141.95,1,43,1,5,50,24,10,17,-5,46,96
BX,Blackstone Inc.,168.46,-55,0,11,144,100,-59,19,12,23,-5,95
TFSL,Third Federal S&L,13.35,9,34,10,7,60,9,-12,17,21,35,95
QSR,Restaurant Brands International,68.47,21,2,1,42,66,15,7,17,-10,29,95
ASTS,AST SpaceMobile,67.7,21,3,18,0,42,16,9,17,10,52,94
WFRD,Weatherford International,65.61,-3,72,0,0,69,-5,30,7,-7,25,94
BAC,Bank of America,50.66,-21,34,24,20,57,-27,31,17,16,37,94
UBER,Uber,96.57,-16,20,25,1,30,1,12,23,28,64,94
RBLX,Roblox Corporation,122.77,-9,0,60,0,51,-14,20,23,13,42,93
PNW,Pinnacle West Capital,90.17,32,-26,1,20,27,7,2,29,28,66,93
ROP,Roper Technologies,499.82,0,-45,-9,184,130,5,-62,-8,28,-37,93
GWRE,Guidewire Software,229.9,-70,0,117,23,70,-10,-6,17,22,23,93
MDB,MongoDB Inc.,321.29,20,35,5,-11,49,19,27,9,-11,44,93
TPL,Texas Pacific Land Corporation,945.91,25,0,-16,60,69,19,1,-12,15,23,92
TSCO,Tractor Supply Company,55.82,-70,-7,14,87,24,-12,-18,11,87,68,92
PSA,Public Storage,293.56,34,6,-18,3,25,51,1,17,-2,67,92
REG,Regency Centers,71.66,0,9,1,55,65,-12,1,17,21,27,92
VNOM,Viper Energy,39.0,2,0,-16,46,32,3,6,1,49,59,91
NTRA,Natera,167.43,0,32,8,20,60,5,-2,7,21,31,91
APG,APi Group,34.61,2,0,25,0,27,36,-17,17,28,64,91
GXO,GXO Logistics,53.74,51,10,8,0,69,14,1,16,-10,21,90
DELL,Dell Technologies,140.7,28,5,3,34,70,-1,10,17,-6,20,90
RBRK,Rubrik,82.87,27,-18,0,0,9,40,-10,51,0,81,90
SUI,Sun Communities,130.18,8,25,10,-26,17,5,38,17,13,73,90
AMP,Ameriprise Financial,491.98,-22,-25,1,66,20,2,-21,15,73,69,89
ADSK,Autodesk,318.86,-28,25,6,16,19,7,25,17,21,70,89
OTIS,Otis Worldwide,91.54,38,0,-11,0,27,42,13,-21,28,62,89
CI,Cigna,310.95,19,2,0,60,81,28,-7,-10,-3,8,89
JAZZ,Jazz Pharmaceuticals,139.61,26,41,1,0,68,26,33,2,-41,20,88
NWSA,News Corp (Class A),28.39,-21,-2,16,60,53,-19,14,17,23,35,88
ROK,Rockwell Automation,349.38,28,17,22,17,84,-2,2,17,-13,4,88
NOW,ServiceNow,912.38,-30,0,-1,84,53,-25,20,15,24,34,87
LYFT,Lyft,21.98,-4,35,8,-3,36,2,30,17,2,51,87
SHC,Sotera Health,15.94,7,40,8,0,55,35,-4,9,-8,32,87
VRSK,Verisk Analytics,248.93,27,-49,-3,116,91,-12,-15,-9,30,-6,85
MOH,Molina Healthcare,202.07,47,0,-20,-4,23,61,27,-16,-10,62,85
LCID,Lucid Motors,24.77,129,0,-11,0,118,15,12,-24,-37,-34,84
TEM,Tempus AI,91.64,16,38,0,0,54,21,-1,10,0,30,84
MHK,Mohawk Industries,129.22,1,63,0,-13,51,34,-7,9,-3,33,84
BIIB,Biogen,159.9,21,37,0,-29,29,26,44,4,-20,54,83
AMZN,Amazon,219.49,-3,-1,24,23,43,12,-9,14,22,39,82
REYN,Reynolds Consumer Products,24.68,35,42,-35,0,42,35,5,4,-5,39,81
KEYS,Keysight,173.32,-1,23,5,2,29,7,23,15,7,52,81
AA,Alcoa,34.5,23,30,0,-22,31,40,35,9,-34,50,81
ELF,e.l.f. Beauty,134.53,0,27,0,33,60,14,-1,15,-7,21,81
FCX,Freeport-McMoRan,39.66,0,-8,0,60,52,27,-8,17,-8,28,80
AMTM,Amentum,25.95,28,3,0,0,31,28,3,17,0,48,79
SAIL,SailPoint,23.53,18,16,0,0,34,15,21,9,0,45,79
WTM,White Mountains Insurance Group,1842.21,7,1,-6,61,63,6,-21,-27,58,16,79
LECO,Lincoln Electric,236.37,1,0,14,67,82,5,-15,15,-9,-4,78
CNA,CNA Financial,46.4,7,0,0,59,66,5,-16,1,22,12,78
CBRE,CBRE Group,156.15,-71,0,99,24,52,1,-8,15,16,24,76
EGP,EastGroup Properties,171.14,42,6,1,10,59,3,4,17,-7,17,76
HAYW,Hayward Holdings,15.44,19,0,1,0,20,35,-13,15,18,55,75
LSCC,Lattice Semiconductor,72.67,0,43,8,0,51,-5,36,9,-17,23,74
SSB,SouthState Corporation,99.36,-60,72,7,24,43,2,-4,11,21,30,73
CG,Carlyle Group (The),63.48,0,1,15,23,39,2,-2,14,20,34,73
WING,Wingstop,251.96,17,-22,-4,40,31,29,-35,15,33,42,73
SPGI,S&P Global,479.78,-84,-12,0,174,78,-20,-24,15,23,-6,72
TRGP,Targa Resources,162.3,-15,-2,0,53,36,-33,12,1,56,36,72
GEHC,GE HealthCare,76.58,23,4,1,0,28,34,-7,6,10,43,71
ENTG,Entegris,98.66,14,17,0,1,32,11,29,6,-7,39,71
RMD,Resmed,278.65,15,0,24,15,54,7,-21,16,15,17,71
VLO,Valero Energy,160.44,-19,30,7,46,64,-32,29,16,-7,6,70
COLB,Columbia Banking System,26.42,5,50,1,0,56,14,-12,12,-1,13,69
QS,QuantumScape,15.93,21,13,13,0,47,32,13,15,-38,22,69
PM,Philip Morris International,153.25,-23,-15,77,57,96,-34,-21,-1,29,-27,69
KIM,Kimco Realty,21.47,-2,1,1,57,57,-12,-7,15,16,12,69
SF,Stifel,111.42,-21,0,15,61,55,-19,-5,14,22,12,67
OMF,OneMain Financial,56.19,-61,-1,24,62,24,3,-5,17,28,43,67
WTRG,Essential Utilities,39.4,54,1,13,0,68,-12,3,1,7,-1,67
DBX,Dropbox,29.4,-29,27,6,11,15,2,32,7,10,51,66
LPLA,LPL Financial,314.7,-21,-26,0,101,54,-27,-37,17,59,12,66
BAM,Brookfield Asset Management,57.8,-41,-4,72,0,27,2,9,17,10,38,65
SPR,Spirit AeroSystems,38.81,-3,-5,25,0,17,9,-14,37,16,48,65
RKT,Rocket Companies,17.77,-14,57,11,0,54,-6,-2,16,3,11,65
VLTO,Veralto,107.17,13,1,9,0,23,33,-7,16,0,42,65
EXR,Extra Space Storage,142.89,8,1,-10,0,-1,39,-6,17,15,65,64
VRSN,Verisign,273.06,-29,-3,43,11,22,-26,-1,59,9,41,63
WBS,Webster Bank,59.6,0,1,15,16,32,3,-6,15,19,31,63
WBD,Warner Bros. Discovery,19.0,-4,17,19,0,32,-3,17,15,2,31,63
ONTO,Onto Innovation,143.77,21,30,-33,0,18,15,33,2,-6,44,62
GLIBK,GCI Liberty (Series C),37.31,35,0,0,0,35,26,1,0,0,27,62
BRO,Brown & Brown,94.96,13,-110,-6,165,62,5,-16,-17,28,0,62
CCK,Crown Holdings,96.43,42,-33,24,7,40,14,-24,17,14,21,61
EXP,Eagle Materials,234.48,10,7,-22,59,54,6,-4,7,-2,7,61
TTEK,Tetra Tech,33.74,0,-11,-36,121,74,12,-37,13,-3,-15,59
ARES,Ares Management,152.36,-56,-8,-1,61,-4,-54,-8,17,108,63,59
DAL,Delta Air Lines,57.26,0,0,8,21,29,5,-12,9,28,30,59
REXR,Rexford Industrial,41.66,0,86,1,-20,67,15,-3,13,-34,-9,58
DT,Dynatrace,49.58,16,-1,-9,0,6,15,1,14,22,52,58
DAY,Dayforce,68.97,11,34,7,-14,38,20,-6,7,-2,19,57
BLDR,Builders FirstSource,128.52,9,0,-35,67,41,26,-12,7,-5,16,57
APA,APA Corporation,24.54,2,41,1,-14,30,-5,39,12,-21,25,55
TPG,TPG Inc.,58.51,0,0,9,0,9,2,12,11,21,46,55
BLD,TopBuild,399.31,0,0,9,48,57,5,-15,13,-5,-2,55
VOYA,Voya Financial,75.08,-55,42,8,6,1,5,36,15,-3,53,54
SOLV,Solventum,73.99,16,0,0,0,16,32,-7,13,0,38,54
CERT,"Certara, Inc.",13.09,37,17,0,0,54,36,11,-14,-34,-1,53
MPW,Medical Properties Trust,5.55,26,21,4,-38,13,26,27,-14,1,40,53
LAD,Lithia Motors,320.96,-4,3,-2,16,13,14,-5,8,23,40,53
GLIBA,GCI Liberty (Series A),37.57,31,0,0,0,31,32,-12,0,0,20,51
PLNT,Planet Fitness,100.63,-7,-24,70,15,54,-20,-16,17,16,-3,51
DNB,Dun & Bradstreet,9.15,29,52,-28,0,53,46,-13,2,-37,-2,51
CF,CF Industries,90.09,0,0,4,6,10,6,8,17,10,41,51
IQV,IQVIA,206.64,25,4,1,0,30,27,-8,9,-8,20,50
EXAS,Exact Sciences,56.71,30,21,0,-27,24,24,29,-9,-18,26,50
SEB,Seaboard Corporation,3556.3,-15,75,12,-1,71,-28,-11,15,2,-22,49
EXLS,EXL Service,43.07,-2,-3,0,67,62,-16,-11,-1,15,-13,49
VZ,Verizon,43.67,7,0,37,12,56,-10,-21,7,16,-8,48
MTB,M&T Bank,194.56,-28,30,8,24,34,-47,30,15,16,14,48
MSCI,MSCI,560.19,-2,2,1,16,17,3,-8,14,22,31,48
ED,Consolidated Edison,98.8,0,-28,0,49,21,-13,3,-11,47,26,47
NU,Nubank,15.31,-43,32,8,0,-3,-15,27,17,21,50,47
VTRS,Viatris,10.19,24,3,0,0,27,28,-14,9,-3,20,47
LNW,Light & Wonder,84.67,-1,-5,-10,59,43,11,-13,-22,27,3,46
CUZ,Cousins Properties,28.77,5,4,1,13,23,-4,-5,17,15,23,46
RAL,Ralliant,44.31,19,0,0,0,19,22,5,0,0,27,46
AVT,Avnet,51.87,-3,0,8,47,52,-5,-15,17,-4,-7,45
IPGP,IPG Photonics,84.61,10,100,8,-46,72,12,-6,13,-46,-27,45
LW,Lamb Weston,62.88,28,6,0,-10,24,36,-9,10,-16,21,45
LOW,Lowe's,246.38,-77,0,7,168,98,-78,-4,8,21,-53,45
HBAN,Huntington Bancshares,17.2,-61,30,16,23,8,2,-2,17,18,35,43
USB,U.S. Bancorp,48.07,-35,34,7,6,12,2,-2,14,17,31,43
HAS,Hasbro,75.89,0,0,21,5,26,2,-15,17,13,17,43
ACGL,Arch Capital Group,90.85,7,0,-15,64,56,2,-14,1,-2,-13,43
OSK,Oshkosh Corporation,131.41,1,0,18,6,25,14,-16,15,4,17,42
DHR,Danaher Corporation,214.8,26,3,0,0,29,31,-22,10,-6,13,42
CNC,Centene,38.72,63,0,-51,-13,-1,61,31,-20,-30,42,41
ARW,Arrow Electronics,121.6,14,-13,8,6,15,32,-13,17,-10,26,41
BSY,Bentley Systems,55.03,14,2,16,0,32,14,-15,17,-8,8,40
LOAR,Loar Holdings,78.74,16,6,0,0,22,-1,28,-10,0,17,39
NXST,Nexstar Media Group,201.0,0,0,16,6,22,5,-14,14,12,17,39
FANG,Diamondback Energy,147.53,4,1,-36,49,18,11,6,11,-7,21,39
PCOR,Procore,72.69,-28,15,1,0,-12,2,21,7,21,51,39
T,AT&T,27.06,-71,-3,77,18,21,-94,-6,101,17,18,39
HAL,Halliburton,24.3,0,27,0,0,27,-5,25,2,-11,11,38
APO,Apollo Global Management,125.88,-51,-8,-2,99,38,-53,12,13,28,0,38
LII,Lennox International,550.53,17,-29,-4,40,24,29,-42,-2,29,14,38
TMO,Thermo Fisher Scientific,543.16,24,4,1,0,29,24,-12,2,-5,9,38
FLS,Flowserve,52.77,-55,0,1,29,-25,5,21,10,27,63,38
PRU,Prudential Financial,104.02,5,-4,-20,57,38,3,-14,11,-1,-1,37
CVX,Chevron Corporation,153.58,-35,0,14,50,29,-5,-3,8,8,8,37
WTFC,Wintrust Financial,130.38,-61,0,16,51,6,2,-7,15,21,31,37
KKR,KKR & Co. Inc.,127.64,-56,-7,0,105,42,-54,12,13,23,-6,36
HXL,Hexcel,64.71,23,6,1,1,31,16,-11,11,-11,5,36
CFLT,"Confluent, Inc.",20.3,14,0,-10,0,4,33,21,-25,2,31,35
MCHP,Microchip Technology,66.55,10,0,1,0,11,14,2,17,-9,24,35
MTD,Mettler Toledo,1315.12,21,3,1,0,25,21,-15,11,-7,10,35
APPF,AppFolio,249.6,-25,-3,12,30,14,-19,-3,12,30,20,34
WAL,Western Alliance Bancorporation,86.75,-49,38,7,6,2,2,-4,14,20,32,34
LBTYA,Liberty Global (Series A),11.77,14,45,1,-33,27,15,-5,8,-12,6,33
ALSN,Allison Transmission,86.49,0,-11,-12,37,14,18,-7,-28,36,19,33
IP,International Paper,47.17,12,-24,0,18,6,26,-16,-1,18,27,33
STWD,Starwood Property Trust,19.44,-86,-1,25,60,-2,3,-8,17,23,35,33
PODD,Insulet,308.97,-55,0,52,6,3,10,-10,21,8,29,32
BAH,Booz Allen Hamilton,103.99,21,-24,-37,103,63,34,-23,-39,-3,-31,32
MSTR,MicroStrategy,351.92,21,-36,1,21,7,31,-46,17,22,24,31
BURL,Burlington Stores,258.85,-2,0,8,5,11,6,-16,10,19,19,30
CFR,Frost Bank,126.61,-1,-4,5,6,6,7,-10,15,12,24,30
AR,Antero Resources,33.33,0,0,-1,12,11,-6,19,-7,12,18,29
ESAB,ESAB,117.68,28,-42,0,0,-14,19,-12,17,19,43,29
QGEN,Qiagen,46.79,21,-18,19,0,22,24,-41,17,7,7,29
ESS,Essex Property Trust,264.43,-4,-2,0,16,10,-10,21,-10,16,17,27
CSGP,CoStar Group,84.8,0,-8,13,16,21,5,-31,30,1,5,26
IDXX,Idexx Laboratories,630.92,0,2,21,6,29,9,-19,17,-10,-3,26
UGI,UGI Corporation,32.62,-13,-28,49,6,14,-11,-41,56,7,11,25
WAT,Waters Corporation,328.48,22,2,-12,1,13,27,-4,-27,16,12,25
RRX,Regal Rexnord,148.06,10,0,1,5,16,14,-16,14,-3,9,25
SARO,StandardAero,26.59,-1,-1,0,0,-2,-2,11,17,0,26,24
FRT,Federal Realty Investment Trust,99.44,-2,33,1,3,35,-13,-4,8,-3,-12,23
APD,Air Products,271.48,0,-9,-2,18,7,9,-14,9,12,16,23
AES,AES Corporation,14.57,21,3,0,-13,11,21,4,13,-26,12,23
CRL,Charles River Laboratories,177.49,24,3,0,-28,-1,30,-10,13,-10,23,22
RLI,RLI Corp.,64.53,-1,-85,-17,178,75,4,-19,-36,-2,-53,22
UNH,UnitedHealth Group,360.16,16,23,-25,0,14,14,35,-38,-3,8,22
RGEN,Repligen,148.71,28,6,1,-19,16,35,9,1,-39,6,22
SYF,Synchrony Financial,71.22,-59,0,24,23,-12,2,-4,15,20,33,21
TKR,Timken Company,76.57,0,0,1,6,7,14,-7,14,-7,14,21
TXN,Texas Instruments,180.3,-4,-23,0,24,-3,7,-19,17,18,23,20
FAF,First American Financial Corporation,64.31,-77,50,9,16,-2,5,-7,4,20,22,20
FLUT,Flutter Entertainment,256.36,-28,-5,26,23,16,-25,-16,15,29,3,19
PEN,"Penumbra, Inc.",255.97,11,1,0,13,25,11,-10,-13,5,-7,18
FTV,Fortive,50.42,23,1,-28,0,-4,35,17,-24,-7,21,17
ZM,Zoom Communications,80.96,-29,27,7,-2,3,2,-2,7,6,13,16
EW,Edwards Lifesciences,77.07,42,-3,0,-16,23,7,-14,37,-37,-7,16
CHWY,Chewy,37.52,-6,-1,48,0,41,-14,-11,-8,7,-26,15
LLYVK,Liberty Live (Series C),90.53,-21,0,37,0,16,-14,-6,17,2,-1,15
NBIX,Neurocrine Biosciences,136.93,-49,38,7,27,23,-47,30,14,-6,-9,14
PEGA,Pegasystems,55.44,-45,21,26,7,9,-47,20,15,17,5,14
ACHC,Acadia Healthcare,27.15,56,16,-55,-13,4,69,8,-49,-18,10,14
QRVO,Qorvo,93.49,7,14,1,-33,-11,9,6,16,-7,24,13
DVN,Devon Energy,34.57,-16,38,0,-7,15,-28,34,16,-24,-2,13
NUE,Nucor,138.02,9,0,0,0,9,13,-13,14,-10,4,13
IOT,Samsara,39.09,14,3,-17,0,0,17,-3,-24,22,12,12
SWK,Stanley Black & Decker,75.48,0,67,-36,-41,-10,24,-4,6,-4,22,12
HOG,Harley-Davidson,28.37,-6,38,0,-11,21,-5,-4,12,-13,-10,11
LLYVA,Liberty Live (Series A),87.9,-21,0,37,0,16,-19,-5,17,2,-5,11
INGR,Ingredion,120.88,-1,-45,-5,36,-15,-14,-15,-3,58,26,11
HLT,Hilton Worldwide,258.42,-106,-4,23,66,-21,1,-12,15,28,32,11
U,Unity Technologies,37.88,-52,90,13,0,51,-58,-1,17,2,-40,11
CLH,Clean Harbors,228.37,-54,-8,8,60,6,-53,-20,17,59,3,9
EFX,Equifax,236.61,-14,-2,-11,18,-9,-17,-2,17,20,18,9
GMED,Globus Medical,60.49,23,1,-22,0,2,34,-14,-27,14,7,9
VIRT,Virtu Financial,33.65,-21,-25,0,16,-30,-19,-37,78,16,38,8
MIDD,Middleby,138.61,14,2,-10,0,6,21,-11,-23,15,2,8
AS,Amer Sports,34.37,-4,-11,11,0,-4,12,-17,17,0,12,8
LUV,Southwest Airlines,32.52,0,-4,8,-41,-37,14,9,15,6,44,7
WH,Wyndham Hotels & Resorts,81.52,0,-13,-10,13,-10,11,-18,5,17,15,5
OGN,Organon & Co.,11.0,24,21,-36,0,9,28,23,-49,-6,-4,5
ALB,Albemarle Corporation,88.21,6,17,0,-25,-2,14,8,11,-27,6,4
GNTX,Gentex,27.57,-35,66,0,0,31,-26,-2,11,-10,-27,4
BA,Boeing,216.27,-4,-5,15,0,6,9,-15,17,-13,-2,4
PVH,PVH Corp.,83.46,-29,37,0,3,11,-41,36,6,-9,-8,3
LINE,"Lineage, Inc.",41.46,8,0,0,0,8,37,-4,-38,0,-5,3
QXO,"QXO, Inc.",20.24,7,-10,0,-16,-19,18,-8,20,-8,22,3
SWKS,Skyworks Solutions,77.11,-35,23,0,-32,-44,7,33,14,-7,47,3
AFRM,Affirm Holdings,74.82,-59,3,19,0,-37,13,-7,15,19,40,3
CNM,Core & Main,52.51,0,-19,3,0,-16,-12,-12,17,26,19,3
NVST,Envista,20.84,8,1,11,0,20,11,-7,13,-34,-17,3
ADM,Archer Daniels Midland,61.01,3,1,9,0,13,5,-11,17,-22,-11,2
BILL,Bill.com,53.36,0,26,-31,0,-5,15,26,5,-39,7,2
PPC,Pilgrim's Pride,40.72,0,-21,0,23,2,19,-28,-11,20,0,2
LAZ,Lazard,51.79,-55,0,9,22,-24,2,-5,14,15,26,2
PFE,Pfizer,27.36,28,4,1,-25,8,28,-19,14,-30,-7,1
CACC,Credit Acceptance,486.3,11,-7,-2,0,2,22,-12,-5,-7,-2,0
MOS,Mosaic Company (The),34.53,-24,2,23,-18,-17,7,20,22,-32,17,0
ESTC,Elastic NV,85.59,0,20,-20,-8,-8,14,-2,2,-6,8,0
TXRH,Texas Roadhouse,166.51,17,-40,-6,66,37,8,-76,-3,33,-38,-1
AWK,American Water Works,137.75,7,-20,33,0,20,-12,-20,1,10,-21,-1
VKTX,Viking Therapeutics,29.72,25,-33,-47,23,-32,24,3,12,-8,31,-1
PATH,UiPath,12.9,-2,10,0,0,8,-19,20,1,-12,-10,-2
BEN,Franklin Templeton Investments,23.8,2,0,15,0,17,6,-18,17,-24,-19,-2
JLL,Jones Lang LaSalle,295.23,-59,75,11,16,43,-68,-4,11,16,-45,-2
GAP,Gap Inc.,21.6,-55,11,0,20,-24,15,-5,-10,21,21,-3
VFC,VF Corporation,15.2,17,30,-27,-45,-25,17,2,4,-1,22,-3
SBUX,Starbucks,86.38,14,-23,-8,0,-17,31,-31,5,9,14,-3
CAI,Caris Life Sciences,31.78,5,0,0,0,5,6,-14,0,0,-8,-3
AGCO,AGCO,108.66,2,-5,14,0,11,8,-25,18,-15,-14,-3
CIVI,Civitas Resources,34.87,21,39,-62,-2,-4,18,-13,6,-11,0,-4
ZG,Zillow (Class A),74.38,-71,-4,61,0,-14,-19,-4,10,22,9,-5
OLN,Olin Corporation,25.76,23,30,-67,-11,-25,44,-4,5,-25,20,-5
CCL,Carnival Corporation & plc,28.55,-61,0,24,0,-37,2,-6,15,21,32,-5
GTLB,GitLab,46.9,0,20,-28,0,-8,6,27,-27,-3,3,-5
TOST,"Toast, Inc.",36.64,-69,-24,84,0,-9,2,-34,17,19,4,-5
OMC,Omnicom Group,77.61,-2,38,-34,3,5,-14,2,4,-3,-11,-6
SAIC,SAIC,101.63,20,-22,-5,0,-7,28,-22,-2,-3,1,-6
AMH,American Homes 4 Rent,32.64,-1,-47,-15,70,7,-12,-16,-3,17,-14,-7
OKTA,"Okta, Inc.",93.28,15,-1,-5,-26,-17,11,1,-10,8,10,-7
TSN,Tyson Foods,54.69,26,0,-8,-30,-12,25,-16,-18,13,4,-8
FCNCA,First Citizens BancShares,1761.74,-35,-21,-3,61,2,-33,-14,14,23,-10,-8
CUBE,CubeSmart,40.69,7,1,-30,3,-19,5,-7,17,-4,11,-8
S,SentinelOne,17.95,0,0,-32,0,-32,6,22,-2,-3,23,-9
FHB,"First Hawaiian, Inc.",24.59,-60,0,7,16,-37,2,-5,14,16,27,-10
LEA,Lear Corporation,103.99,2,1,0,-19,-16,15,-8,16,-17,6,-10
ALLY,Ally Financial,39.61,-59,1,9,6,-43,2,-2,15,18,33,-10
HST,Host Hotels & Resorts,16.9,-28,33,5,4,14,-28,-3,15,-8,-24,-10
SJM,J.M. Smucker Company (The),108.31,-1,1,-1,-6,-7,12,4,5,-25,-4,-11
GNRC,Generac,165.68,-5,0,10,-36,-31,14,-21,14,12,19,-12
LBTYK,Liberty Global (Series C),11.87,14,45,0,-32,27,-2,-5,6,-38,-39,-12
MDLZ,Mondelez International,62.65,-1,-7,0,0,-8,-6,14,-2,-11,-5,-13
DIS,Walt Disney Company (The),112.49,-15,-16,22,-2,-11,-12,-12,17,5,-2,-13
GEN,Gen Digital,27.8,-29,-15,22,18,-4,-28,-17,17,18,-10,-14
CR,Crane Co.,179.92,-4,-16,23,0,3,-13,-28,17,7,-17,-14
ELV,Elevance Health,350.68,25,2,-51,0,-24,23,9,-17,-5,10,-14
LVS,Las Vegas Sands,50.98,-7,0,13,4,10,-7,-15,14,-16,-24,-14
PCG,PG&E Corporation,15.9,27,6,-37,3,-1,35,-9,-36,-3,-13,-14
BHF,Brighthouse Financial,53.1,0,1,0,2,3,-28,11,-10,10,-17,-14
KD,Kyndryl,30.25,0,-43,-3,0,-46,22,-8,-4,22,32,-14
MRK,Merck & Co.,89.18,28,4,-54,0,-22,28,-14,2,-8,8,-14
ZBRA,Zebra Technologies,304.94,0,-10,-9,-9,-28,7,-3,11,-1,14,-14
XYZ,"Block, Inc.",76.95,13,2,1,-38,-22,13,-16,11,-1,7,-15
SMMT,Summit Therapeutics,21.43,2,-20,2,16,0,2,-34,-4,21,-15,-15
SIRI,Sirius XM,23.27,7,28,0,-33,2,4,-9,7,-19,-17,-15
TTD,Trade Desk (The),51.55,48,-40,-34,-3,-29,40,-32,8,-2,14,-15
SW,Smurfit Westrock,41.97,-19,-16,-4,18,-21,-10,-10,7,19,6,-15
ELS,Equity Lifestyle Properties,61.92,23,4,-28,0,-1,26,3,-39,-5,-15,-16
UAL,United Airlines Holdings,95.32,-61,0,8,13,-40,2,-7,11,18,24,-16
KEX,Kirby Corporation,82.98,-15,-46,-10,37,-34,14,-39,-1,44,18,-16
CBSH,Commerce Bancshares,59.16,-1,-43,-1,13,-32,1,-18,17,15,15,-17
GEV,GE Vernova,595.01,-46,0,3,0,-43,-5,12,18,0,25,-18
TTC,Toro Company (The),76.87,0,0,0,-2,-2,9,-11,8,-22,-16,-18
WDAY,"Workday, Inc.",236.54,-15,13,-17,16,-3,-21,21,-11,-4,-15,-18
SLM,Sallie Mae,27.55,-49,-35,1,24,-59,2,-35,51,23,41,-18
TECH,Bio-Techne,62.96,25,4,-34,-26,-31,32,-16,2,-8,10,-21
OLED,Universal Display Corporation,143.74,-2,0,-44,-1,-47,9,6,17,-7,25,-22
NKE,"Nike, Inc.",71.96,21,0,0,-23,-2,23,-19,14,-38,-20,-22
REGN,Regeneron Pharmaceuticals,599.91,21,3,-48,0,-24,25,-20,3,-6,2,-22
EQR,Equity Residential,63.3,-19,-2,-3,15,-9,-12,-6,-10,15,-13,-22
HSIC,Schein (Henry),67.03,0,-8,-12,-2,-22,5,-9,-2,5,-1,-23
BIRK,Birkenstock,46.01,10,-21,-6,0,-17,21,-19,-8,0,-6,-23
BIO,Bio-Rad Laboratories,304.36,21,4,1,-30,-4,24,-12,8,-39,-19,-23
SNV,Synovus,48.66,-70,-10,6,23,-51,1,-5,15,16,27,-24
NCLH,Norwegian Cruise Line Holdings,24.33,-60,0,7,0,-53,2,-5,10,22,29,-24
BALL,Ball Corporation,50.26,27,-35,-10,-13,-31,40,-43,17,-7,7,-24
RVTY,Revvity,94.08,26,0,-27,-26,-27,33,3,-32,-1,3,-24
HOLX,Hologic,68.2,9,2,-42,0,-31,5,1,10,-9,7,-24
PNFP,Pinnacle Financial Partners,93.35,-37,-10,-11,17,-41,2,-4,-2,20,16,-25
CMG,Chipotle Mexican Grill,41.76,13,-51,-13,82,31,9,-52,-11,-2,-56,-25
IPG,Interpublic Group of Companies (The),26.51,-2,53,-50,0,1,-14,2,5,-19,-26,-25
OKE,Oneok,72.88,-2,-45,-20,56,-11,9,-45,-32,53,-15,-26
TROW,T. Rowe Price,103.29,0,0,1,-27,-26,2,-13,13,-2,0,-26
PK,Park Hotels & Resorts,11.09,-67,38,0,0,-29,3,-3,10,-7,3,-26
COLM,Columbia Sportswear,53.31,12,-7,-28,-8,-31,23,-11,-23,15,4,-27
ST,Sensata Technologies,31.05,7,0,1,-17,-9,15,-12,15,-37,-19,-28
KMB,Kimberly-Clark,122.57,-1,-16,-6,20,-3,-12,-23,-18,28,-25,-28
CTRA,Coterra,23.31,-14,-2,-12,46,18,-33,-10,-19,15,-47,-29
MASI,Masimo,147.28,28,-42,-6,-8,-28,6,3,-22,12,-1,-29
BMY,Bristol Myers Squibb,45.44,22,-2,-7,-7,6,-7,-15,-21,7,-36,-30
GME,GameStop,25.38,-3,6,-1,-32,-30,-5,24,-10,-9,0,-30
AVB,AvalonBay Communities,190.68,-16,0,-10,18,-8,-28,3,-14,17,-22,-30
POOL,Pool Corporation,309.73,0,-8,-30,-8,-46,26,-4,4,-11,15,-31
NOV,NOV Inc.,13.71,7,9,-62,-14,-60,15,23,8,-17,29,-31
CAR,Avis Budget Group,154.56,-8,-6,16,-22,-20,-12,20,20,-39,-11,-31
DPZ,Domino's,426.71,-7,-43,-3,12,-41,4,-13,-2,20,9,-32
MANH,Manhattan Associates,201.4,-61,-9,-36,67,-39,2,-3,10,-2,7,-32
YETI,Yeti Holdings,35.06,8,2,-42,-8,-40,14,-5,11,-12,8,-32
LKQ,LKQ Corporation,31.36,20,-15,-13,-4,-12,28,-8,-21,-19,-20,-32
TAP,Molson Coors,46.4,18,-18,-20,-2,-22,35,-20,-21,-5,-11,-33
MAT,Mattel,18.08,11,-20,-11,0,-20,17,-12,14,-33,-14,-34
ARE,Alexandria Real Estate Equities,83.82,0,38,-44,-32,-38,12,27,2,-37,4,-34
KDP,Keurig Dr Pepper,25.83,0,-29,-6,-2,-37,3,-23,25,-2,3,-34
HUM,Humana,283.78,7,1,0,-14,-6,3,-12,3,-22,-28,-34
PR,Permian Resources,12.59,-35,-5,-1,28,-13,-31,-4,17,-4,-22,-35
ADC,Agree Realty,70.55,-3,-14,0,18,1,-11,-28,-12,15,-36,-35
RIVN,Rivian,13.65,-22,14,3,0,-5,-33,24,2,-23,-30,-35
CTSH,Cognizant,67.67,0,-47,-10,16,-41,7,-12,-10,20,5,-36
OVV,Ovintiv,40.13,-35,0,0,1,-34,-31,23,14,-8,-2,-36
DUOL,Duolingo,322.64,3,-67,0,0,-64,7,4,-8,25,28,-36
EQIX,Equinix,778.83,-34,-3,-15,36,-16,-49,14,-15,28,-22,-38
ZBH,Zimmer Biomet,100.8,7,0,-4,-19,-16,11,-14,1,-20,-22,-38
RH,RH,207.59,0,-6,-31,-9,-46,15,-11,5,-2,7,-39
COP,ConocoPhillips,94.17,-14,0,-1,1,-14,-30,6,9,-10,-25,-39
META,Meta Platforms,710.41,-60,-4,24,31,-9,-68,-2,15,25,-30,-39
EIX,Edison International,55.29,7,1,-39,0,-31,-7,-6,7,-3,-9,-40
PEP,PepsiCo,141.97,11,0,-49,0,-38,22,-15,6,-15,-2,-40
EOG,EOG Resources,110.98,-36,-11,-5,47,-5,-30,-14,10,-1,-35,-40
VNT,Vontier,41.4,-55,0,12,0,-43,-3,-2,15,-7,3,-40
VVV,Valvoline,35.76,-77,-7,-2,33,-53,9,-4,14,-6,13,-40
CRM,Salesforce,240.35,-28,-4,-20,24,-28,3,-10,-28,23,-12,-40
BDX,Becton Dickinson,193.57,23,3,-35,-7,-16,34,-16,-26,-17,-25,-41
ZTS,Zoetis,146.79,25,-19,-42,-5,-41,36,-20,-9,-7,0,-41
DVA,DaVita,131.1,-2,-29,-10,22,-19,-2,-15,-27,21,-23,-42
TWLO,Twilio,102.94,0,-40,0,-36,-76,18,-10,13,13,34,-42
FBIN,Fortune Brands Innovations,52.88,-2,-9,-33,-7,-51,18,-12,6,-4,8,-43
HPQ,HP Inc.,26.63,-54,38,-32,0,-48,7,-6,6,-3,4,-44
TGT,Target Corporation,89.02,18,-26,-38,-13,-59,50,-32,5,-8,15,-44
EL,Estée Lauder Companies (The),88.02,14,0,0,-28,-14,9,-17,15,-37,-30,-44
WLK,Westlake Corporation,82.34,5,0,-47,0,-42,14,-10,1,-8,-3,-45
SAIA,Saia,297.3,0,-8,-33,0,-41,7,-4,-2,-7,-6,-47
UWMC,United Wholesale Mortgage,5.98,-73,41,0,0,-32,-12,-2,5,-6,-15,-47
CROX,Crocs,84.85,39,-41,-49,-3,-54,39,-14,-11,-7,7,-47
NYT,New York Times Company,55.63,-68,-3,9,18,-44,-26,-17,17,23,-3,-47
PYPL,PayPal,69.25,5,-36,-10,-41,-82,5,9,10,11,35,-47
Z,Zillow (Class C),76.77,-71,-4,18,0,-57,-19,-4,11,22,10,-47
ISRG,Intuitive Surgical,452.33,10,-47,-10,24,-23,7,-55,-5,28,-25,-48
SRPT,Sarepta Therapeutics,22.62,24,0,-36,-9,-21,34,3,-57,-8,-28,-49
PB,Prosperity Bancshares,65.81,-1,-48,-11,16,-44,-5,-14,-2,16,-5,-49
RYAN,Ryan Specialty,57.86,13,-71,-10,0,-68,5,3,-16,27,19,-49
IT,Gartner,257.23,-2,-78,-28,0,-108,7,18,-26,59,58,-50
CCI,Crown Castle,95.46,0,-28,-3,-30,-61,5,1,-2,7,11,-50
DECK,Deckers Brands,103.03,-81,-7,-31,95,-24,9,-7,-27,-1,-26,-50
CCCS,CCC Intelligent Solutions,9.39,0,-10,-35,0,-45,5,-12,9,-8,-6,-51
WEX,WEX Inc.,159.61,0,0,-50,0,-50,9,-11,11,-10,-1,-51
MGM,MGM Resorts International,33.94,-13,-4,0,0,-17,-21,-16,14,-11,-34,-51
DOX,Amdocs,82.31,0,-39,0,0,-39,8,-26,-2,7,-13,-52
AMCR,Amcor,8.18,15,-36,-8,0,-29,34,-45,-8,-4,-23,-52
JHX,James Hardie Industries,20.41,24,-32,-34,-3,-45,32,-28,-7,-5,-8,-53
DLB,Dolby Laboratories,71.26,-3,-9,-10,0,-22,-12,-19,1,-1,-31,-53
AVTR,Avantor,14.29,23,3,-36,-1,-11,25,-14,-47,-7,-43,-54
MRNA,Moderna,28.48,23,0,-62,-6,-45,27,6,-2,-41,-10,-55
SNDR,Schneider National,21.74,0,-26,-12,-2,-40,7,-20,-2,-2,-17,-57
PPG,PPG Industries,104.42,0,-10,-53,-10,-73,24,-16,17,-10,15,-58
COO,Cooper Companies (The),70.45,17,-26,-34,-7,-50,35,1,-39,-5,-8,-58
DAR,Darling Ingredients,31.77,3,-5,-13,-22,-37,14,-18,15,-32,-21,-58
CLX,Clorox,123.2,5,0,-24,-7,-26,5,-4,-34,-1,-34,-60
AUR,Aurora Innovation,5.39,-49,-7,-8,0,-64,4,8,-25,17,4,-60
OXY,Occidental Petroleum,44.84,-14,1,-62,0,-75,-13,33,13,-18,15,-60
MTN,Vail Resorts,157.12,22,0,-40,-25,-43,19,-16,13,-38,-22,-65
CPB,Campbell Soup Company,31.95,0,0,-39,-8,-47,17,17,-46,-7,-19,-66
BFAM,Bright Horizons,106.43,-14,-19,-6,0,-39,-16,-25,-3,17,-27,-66
CTVA,Corteva,63.35,-105,-15,60,1,-59,-30,-7,17,13,-7,-66
AKAM,Akamai Technologies,77.55,14,6,-33,-9,-22,8,-8,-33,-12,-45,-67
DXCM,Dexcom,67.06,0,-29,-6,-16,-51,8,-12,-1,-11,-16,-67
SFD,Smithfield Foods,23.37,-49,-12,0,0,-61,3,-21,11,0,-7,-68
ILMN,"Illumina, Inc.",102.13,21,1,-35,-42,-55,24,-4,9,-42,-13,-68
CARR,Carrier Global,59.65,0,-44,-6,0,-50,-5,-40,-1,28,-18,-68
GPN,Global Payments,87.95,9,3,-34,-41,-63,13,-12,5,-12,-6,-69
APLS,Apellis Pharmaceuticals,23.79,16,0,-77,-18,-79,33,-12,8,-20,9,-70
AVY,Avery Dennison,163.45,7,-29,-42,0,-64,23,-20,-2,-7,-6,-70
CAG,Conagra Brands,19.11,21,0,-39,-9,-27,22,-19,-21,-25,-43,-70
SMG,Scotts Miracle-Gro Company,57.83,9,-26,-29,-41,-87,18,-12,13,-3,16,-71
MKC,McCormick & Company,68.93,30,-62,-13,-4,-49,48,-61,-21,12,-22,-71
XP,XP Inc.,17.34,-56,0,0,0,-56,-27,-1,23,-10,-15,-71
JBHT,J. B. Hunt,138.0,8,-26,-38,-2,-58,9,-19,7,-12,-15,-73
TREX,"Trex Company, Inc.",52.68,8,-16,-61,-15,-84,32,-12,-1,-8,11,-73
FIS,Fidelity National Information Services,66.68,18,-43,-9,-39,-73,36,-45,-4,13,0,-73
SLGN,Silgan Holdings,42.76,23,-47,-10,0,-34,-5,-47,-4,15,-41,-75
ATR,AptarGroup,133.23,5,-45,-10,22,-28,-2,-42,-2,-1,-47,-75
AXTA,Axalta,28.23,0,-9,-23,0,-32,5,-11,-36,-2,-44,-76
ASH,Ashland Global,48.66,0,-11,-48,-11,-70,15,-15,6,-12,-6,-76
DKNG,DraftKings,35.38,-39,-4,-1,0,-44,-51,-12,9,22,-32,-76
RITM,Rithm Capital,11.15,-85,-7,24,34,-34,-76,-12,17,28,-43,-77
HUBS,HubSpot,451.8,-28,-4,-17,-2,-51,-21,-1,-25,21,-26,-77
ONON,On Holding AG,42.11,-43,-46,-6,0,-95,2,-4,-3,22,17,-78
RDDT,Reddit,207.31,-63,0,4,0,-59,-25,-3,9,0,-19,-78
KNX,Knight-Swift,41.42,7,-29,-32,-4,-58,7,-13,-2,-15,-23,-81
PRMB,Primo Brands,22.11,-6,-87,-5,24,-74,5,-15,-17,20,-7,-81
KMPR,Kemper Corporation,50.65,-20,-7,-13,-2,-42,-33,-12,-10,16,-39,-81
WHR,Whirlpool Corporation,80.09,0,-13,-12,-28,-53,23,-10,-3,-38,-28,-81
CNXC,Concentrix,48.22,-42,-6,-2,0,-50,11,-2,-5,-35,-31,-81
UHAL,U-Haul,56.96,0,-48,-22,0,-70,13,-12,-35,22,-12,-82
CNH,CNH Industrial,10.91,0,-36,-4,0,-40,7,-52,-2,4,-43,-83
GIS,General Mills,50.35,20,0,-48,-6,-34,-1,17,-44,-21,-49,-83
PAYX,Paychex,124.6,-168,-47,-3,169,-49,-2,-40,-8,16,-34,-83
PINS,Pinterest,31.96,-68,-10,-2,-2,-82,2,-10,13,-7,-2,-84
IRDM,Iridium Communications,18.75,14,-46,-11,-21,-64,14,-12,-2,-21,-21,-85
GTM,ZoomInfo,10.42,-49,18,0,0,-31,-26,-3,13,-39,-55,-86
MRP,Millrose Properties,32.17,-42,0,0,0,-42,-49,-5,10,0,-44,-86
G,Genpact,41.22,-14,-18,-4,0,-36,-27,-14,-22,12,-51,-87
BBWI,"Bath & Body Works, Inc.",25.89,-4,-20,-32,-17,-73,9,-13,-3,-8,-15,-88
IEX,IDEX Corporation,167.0,23,-47,-35,-4,-63,36,-18,-35,-8,-25,-88
PENN,Penn Entertainment,18.99,-17,37,2,-36,-14,-28,-8,7,-46,-75,-89
CE,Celanese,45.17,14,-40,-50,-12,-88,24,-10,-4,-11,-1,-89
CART,Maplebear Inc.,38.15,-90,-17,-1,0,-108,10,-7,14,1,18,-90
ON,ON Semiconductor,49.28,-30,-26,-44,-3,-103,5,12,13,-17,13,-90
EMN,Eastman Chemical Company,64.02,0,-10,-28,-3,-41,9,-12,-42,-4,-49,-90
TDC,Teradata,22.17,7,2,-86,-19,-96,7,15,2,-18,6,-90
CZR,Caesars Entertainment,27.26,0,0,-33,-27,-60,2,8,-1,-39,-30,-90
RARE,Ultragenyx,31.19,35,0,-34,-40,-39,7,-12,-42,-5,-52,-91
OC,Owens Corning,138.66,-102,-5,-31,60,-78,-5,-12,6,-2,-13,-91
FOUR,Shift4,76.89,-70,-43,-7,0,-120,9,-14,7,26,28,-92
SON,Sonoco,43.31,-79,-9,-3,-2,-93,9,-6,14,-16,1,-92
UDR,"UDR, Inc.",36.38,-16,-46,-5,-2,-69,-14,-14,-12,15,-25,-94
SLB,Schlumberger,34.26,-14,0,-77,0,-91,12,-6,1,-12,-5,-96
ACN,Accenture,245.27,35,-62,-30,-2,-59,-16,-16,-26,21,-37,-96
NWL,Newell Brands,5.39,2,-7,-34,-33,-72,18,-10,5,-38,-25,-97
CPAY,Corpay,288.44,-83,-45,-5,23,-110,2,-14,-2,27,13,-97
TFX,Teleflex,130.95,17,6,-49,-41,-67,33,-7,-45,-12,-31,-98
GFS,GlobalFoundries,35.81,0,0,-89,0,-89,4,6,-1,-19,-10,-99
HLNE,Hamilton Lane,127.6,-56,-8,-5,27,-42,-56,-23,-2,23,-58,-100
NIQ,NIQ Global Intelligence,14.79,-77,0,0,0,-77,-19,-4,0,0,-23,-100
WY,Weyerhaeuser,25.12,12,-16,-30,0,-34,5,-20,-42,-10,-67,-101
LBRDK,Liberty Broadband (Series C),64.6,7,-50,-10,-38,-91,-17,7,-10,10,-10,-101
LBRDA,Liberty Broadband (Series A),64.23,7,-50,-10,-38,-91,-17,7,-10,10,-10,-101
OWL,Blue Owl Capital,16.28,-56,-32,-11,0,-99,-28,-8,9,23,-4,-103
NSA,National Storage Affiliates,30.17,0,-2,-22,-6,-30,-16,-11,-43,-3,-73,-103
ODFL,Old Dominion Freight Line,141.32,8,-47,-33,0,-72,30,-21,-38,-3,-32,-104
CHDN,Churchill Downs Incorporated,96.01,0,-25,-38,0,-63,2,-42,-1,-3,-44,-107
INVH,Invitation Homes,28.64,-19,-51,-15,0,-85,-12,-16,-10,16,-22,-107
EEFT,Euronet Worldwide,88.0,-15,-47,-10,-5,-77,7,-47,-7,15,-32,-109
CL,Colgate-Palmolive,77.99,-24,-62,-13,25,-74,-20,-23,-21,28,-36,-110
BRKR,Bruker,36.98,21,0,-67,-10,-56,25,3,-71,-11,-54,-110
CAVA,Cava Group,63.53,5,-37,-21,0,-53,15,-41,-35,4,-57,-110
DG,Dollar General,100.18,-38,-11,0,-19,-68,-19,-26,29,-28,-44,-112
DOW,Dow Inc.,23.82,8,-10,-50,-3,-55,21,-4,-65,-10,-58,-113
FCN,FTI Consulting,159.92,-6,-18,-44,0,-68,-26,-12,-1,-7,-46,-114
CHE,Chemed Corporation,443.67,-28,-3,-18,0,-49,-27,-12,-16,-10,-65,-114
UHAL-B,U-Haul (Series N),51.48,11,-48,-30,0,-67,11,-12,-44,-3,-48,-115
DOCU,DocuSign,69.71,-49,-4,-1,-14,-68,-49,-3,-9,13,-48,-116
CHTR,Charter Communications,280.05,7,-50,-11,-38,-92,-17,6,-11,-3,-25,-117
ADBE,Adobe Inc.,346.68,-28,-3,-43,-8,-82,2,16,-47,-7,-36,-118
GPK,Graphic Packaging,19.38,0,-26,-26,0,-52,-2,-23,-39,-2,-66,-118
GDDY,GoDaddy,135.0,-63,-61,-10,24,-110,2,-8,-26,24,-8,-118
ENPH,Enphase Energy,36.79,0,0,-53,-22,-75,15,27,-60,-26,-44,-119
MTDR,Matador Resources,45.02,-35,-5,-36,0,-76,-33,-13,10,-8,-44,-120
KHC,Kraft Heinz,26.05,0,-20,-49,-2,-71,22,-38,-21,-12,-49,-120
CPT,Camden Property Trust,104.2,-50,-8,-2,-1,-61,-55,-9,-10,13,-61,-122
BMRN,BioMarin Pharmaceutical,55.44,21,-20,-57,-22,-78,34,-34,-22,-24,-46,-124
MAA,Mid-America Apartment Communities,136.64,-49,-47,-4,0,-100,-14,-10,-15,13,-26,-126
TRU,TransUnion,77.32,-71,-11,-2,0,-84,-72,-4,15,16,-45,-129
CDW,CDW,159.23,-35,-43,-49,0,-127,3,-8,9,-10,-6,-133
KBR,"KBR, Inc.",47.42,-49,-7,-37,0,-93,-5,-17,-15,-3,-40,-133
FI,Fiserv,127.56,-82,-60,-21,37,-126,3,-20,-22,29,-10,-136
STZ,Constellation Brands,142.2,26,-29,-52,-5,-60,34,-32,-68,-10,-76,-136
UA,Under Armour (Class C),4.93,23,-40,-35,-39,-91,36,-42,-2,-39,-47,-138
CHRD,Chord Energy,99.12,-35,-5,-57,0,-97,-31,-14,11,-8,-42,-139
BJ,BJ's Wholesale Club,92.73,-77,-68,-2,12,-135,-21,-35,-9,60,-5,-140
SN,SharkNinja,98.09,-70,-4,15,0,-59,-68,-32,14,3,-83,-142
ALGM,Allegro MicroSystems,28.32,-49,-11,18,0,-42,-51,-47,15,-18,-101,-143
PAYC,Paycom,201.94,-28,-29,0,-26,-83,-28,-32,-1,1,-60,-143
CLVT,Clarivate,3.88,0,-11,-84,-8,-103,4,-11,10,-44,-41,-144
ABNB,Airbnb,120.21,-52,-41,-10,0,-103,-26,-15,7,-7,-41,-144
UAA,Under Armour (Class A),5.05,24,-40,-35,-46,-97,36,-42,-2,-39,-47,-144
IFF,International Flavors & Fragrances,62.17,0,-47,-30,-33,-110,23,-13,-42,-3,-35,-145
WU,Western Union,8.02,0,-7,-30,-48,-85,23,-12,-65,-7,-61,-146
AMT,American Tower,190.21,-28,-43,-4,-2,-77,-39,-42,-2,13,-70,-147
AAL,American Airlines Group,11.58,0,-7,-28,-78,-113,14,-13,6,-41,-34,-147
SAM,Boston Beer Company,226.82,11,3,-42,-39,-67,13,-12,-38,-46,-83,-150
MTCH,Match Group,34.31,-66,-1,11,-39,-95,-19,-8,12,-40,-55,-150
EPAM,EPAM Systems,154.24,1,-18,-33,-29,-79,8,-16,-24,-39,-71,-150
WSC,WillScot Mobile Mini,21.68,7,-45,-72,-8,-118,21,-39,-1,-14,-33,-151
SITE,SiteOne Landscape Supply,127.42,-125,-8,-3,-11,-147,7,-12,10,-10,-5,-152
LSTR,Landstar,122.62,0,-48,-42,-2,-92,9,-13,-49,-9,-62,-154
HUN,Huntsman Corporation,9.32,0,-11,-52,-17,-80,17,-11,-47,-35,-76,-156
DLTR,Dollar Tree,89.98,-77,-20,0,-17,-114,-21,-29,32,-24,-42,-156
FRPT,Freshpet,53.46,28,-78,-31,-8,-89,-6,-35,-27,-1,-69,-158
BAX,Baxter International,23.86,21,-62,-30,-40,-111,27,-15,-21,-43,-52,-163
IAC,IAC Inc.,34.62,-70,-11,-9,-33,-123,4,-3,-4,-40,-43,-166
TYL,Tyler Technologies,502.73,-126,-30,-1,19,-138,-25,-32,8,20,-29,-167
WEN,Wendy's Company (The),9.56,9,-71,-44,-10,-116,21,-18,-39,-17,-53,-169
BROS,Dutch Bros. Coffee,50.56,-145,-15,-2,0,-162,-5,-15,-1,13,-8,-170
FLO,Flowers Foods,13.16,8,-35,-44,-10,-81,24,-28,-64,-25,-93,-174
NCNO,nCino,26.23,-64,-4,-33,0,-101,-74,-9,12,-3,-74,-175
LYB,LyondellBasell,49.47,0,-45,-51,-7,-103,9,-10,-65,-9,-75,-178
PCTY,Paylocity,155.51,-61,-29,-5,-5,-100,-49,-33,-4,7,-79,-179
DXC,DXC Technology,13.81,5,0,-32,-75,-102,9,-11,-39,-36,-77,-179
LULU,Lululemon Athletica,175.57,0,-83,-18,-5,-106,-12,-21,-27,-14,-74,-180
PRGO,Perrigo,22.51,32,-42,-9,-115,-134,34,-15,-9,-57,-47,-181
KMX,CarMax,46.42,-86,-11,-26,-38,-161,16,-9,-30,-2,-25,-186
ALGN,Align Technology,132.23,14,-46,-74,-27,-133,15,-20,-10,-40,-55,-188
DJT,Trump Media & Technology Group,17.35,9,-88,-63,0,-142,12,-19,-31,-11,-49,-191
HRL,Hormel Foods,24.64,0,-56,-17,-25,-98,-6,-52,-4,-32,-94,-192
INSP,Inspire Medical Systems,76.64,0,-98,-30,-8,-136,7,-15,-35,-19,-62,-198
XRAY,Dentsply Sirona,13.2,8,-46,-88,-44,-170,26,-11,-2,-42,-29,-199
MAN,ManpowerGroup,39.21,12,-28,-53,-30,-99,9,-20,-53,-38,-102,-201
GLOB,Globant,60.24,14,-97,-33,-9,-125,9,-45,-33,-9,-78,-203
BF-A,Brown–Forman (Class A),27.74,14,-20,-109,-20,-135,21,-17,-49,-26,-71,-206
ALK,Alaska Air Group,49.19,-106,-7,-2,1,-114,-103,-7,5,11,-94,-208
RNG,RingCentral,28.02,-63,0,-33,-43,-139,-26,-4,7,-47,-70,-209
CMCSA,Comcast,30.9,-25,-48,-42,-11,-126,-52,-12,-9,-10,-83,-209
TW,Tradeweb,109.98,-154,-42,-5,2,-199,6,-38,-6,25,-13,-212
TEAM,Atlassian,150.45,-86,-61,-13,-8,-168,-26,-9,-25,13,-47,-215
FND,Floor & Decor,73.68,-76,-7,-42,-8,-133,-78,-4,5,-8,-85,-218
COTY,Coty,4.0,-2,-33,-71,-9,-115,-19,-3,-73,-11,-106,-221
BF-B,Brown–Forman (Class B),27.97,16,-23,-110,-20,-137,-4,-17,-42,-30,-93,-230
SBAC,SBA Communications,192.08,-48,-43,-6,-22,-119,-77,-43,-5,7,-118,-237
KVUE,Kenvue,15.81,-89,-29,-5,0,-123,-70,-39,-10,5,-114,-237
JKHY,Jack Henry & Associates,146.2,-86,-46,-10,-2,-144,-25,-77,-10,13,-99,-243
UPS,United Parcel Service,86.79,16,-48,-113,-18,-163,15,-20,-41,-36,-82,-245
ACI,Albertsons,17.39,-168,-58,-4,0,-230,5,-20,-10,2,-23,-253
MORN,"Morningstar, Inc.",225.97,-106,-46,-27,0,-179,-30,-59,-5,-2,-96,-275
FDS,FactSet,282.44,-126,-54,-12,-2,-194,-20,-50,-10,-3,-83,-277
RHI,Robert Half,34.44,7,-175,-36,-11,-215,15,-12,-34,-34,-65,-280
BRBR,BellRing Brands,34.98,-19,-105,-20,0,-144,-18,-97,-26,-1,-142,-286
MKTX,MarketAxess,170.5,-34,-50,-35,-31,-150,-26,-65,-9,-46,-146,-296
DV,DoubleVerify,11.28,-154,-19,-77,0,-250,-21,-21,6,-12,-48,-298
SFM,Sprouts Farmers Market,105.92,-202,-49,-2,48,-205,-103,-47,-6,59,-97,-302
COLD,Americold,12.98,5,-129,-48,-13,-185,15,-71,-48,-17,-121,-306
FMC,FMC Corporation,32.25,-80,-26,-47,-26,-179,-96,-16,-2,-28,-142,-321
CHH,Choice Hotels,104.21,-182,-42,-10,0,-234,-40,-43,-24,16,-91,-325
