Symbol,Name,Close,1H Cloud Score,1D Cloud Score,1W Cloud Score,1M Cloud Score,Cloud Score Sum,1H TKx Score,1D TKx Score,1W TKx Score,1M TKx Score,TKx Score Sum,Total Score Sum
TJX,TJX Companies,133.09,28,26,135,195,384,26,30,104,190,350,734
V,Visa Inc.,362.34,119,13,124,130,386,119,17,-2,23,157,543
RSG,Republic Services,244.97,0,2,111,174,287,2,17,80,157,256,543
NRG,NRG Energy,154.96,126,17,90,91,324,75,19,100,18,212,536
MA,Mastercard,582.63,126,12,113,152,403,93,17,-2,23,131,534
FYBR,Frontier Communications,36.58,170,21,76,0,267,142,19,81,11,253,520
COST,Costco,1010.02,6,13,104,177,300,-12,19,-5,181,183,483
PGR,Progressive Corporation,281.15,2,10,92,174,278,-5,10,9,186,200,478
ORLY,O'Reilly Auto Parts,1369.13,0,0,150,196,346,5,-1,41,86,131,477
CLH,Clean Harbors,229.38,171,11,0,55,237,178,19,-16,54,235,472
FWONA,Liberty Formula 1 (Series A),88.55,137,6,56,59,258,150,15,-5,53,213,471
MMC,Marsh McLennan,227.26,2,-5,112,172,281,2,3,9,175,189,470
FWONK,Liberty Formula 1 (Series C),96.77,139,7,57,54,257,150,14,-5,53,212,469
AJG,Arthur J. Gallagher & Co.,338.24,2,2,152,183,339,2,7,15,104,128,467
JPM,JPMorgan Chase,267.65,126,6,110,155,397,34,17,-4,23,70,467
FICO,Fair Isaac,2185.09,119,18,132,163,432,2,19,-15,28,34,466
HWM,Howmet Aerospace,161.31,119,17,135,26,297,12,17,79,51,159,456
AM,Antero Midstream,18.86,73,10,135,20,238,72,15,65,52,204,442
RL,Ralph Lauren Corporation,269.19,133,6,81,31,251,151,15,-6,23,183,434
SYK,Stryker Corporation,392.09,119,4,4,156,283,119,12,-7,26,150,433
WM,"Waste Management, Inc.",228.12,-28,1,82,184,239,2,17,14,156,189,428
SNPS,Synopsys,514.48,119,4,-14,177,286,119,17,-15,-2,119,405
ADP,Automatic Data Processing,314.93,92,7,72,177,348,-13,10,-2,54,49,397
HEI,HEICO (Common),275.45,102,11,12,186,311,19,9,3,54,85,396
CDNS,Cadence Design Systems,318.74,28,16,4,138,186,25,19,-12,177,209,395
CTAS,Cintas,218.48,7,24,6,162,199,5,19,-16,184,192,391
WRB,W. R. Berkley Corporation,72.69,2,59,81,173,315,3,10,11,52,76,391
ROL,"Rollins, Inc.",56.35,1,26,18,283,328,2,19,10,32,63,391
AAON,AAON,104.04,113,4,0,242,359,-3,19,-12,28,32,391
LPLA,LPL Financial,381.46,119,5,32,96,252,75,13,-4,54,138,390
NYT,New York Times Company,55.58,165,15,2,13,195,173,17,-14,18,194,389
CPRT,Copart,62.97,70,26,28,173,297,43,33,-10,25,91,388
RBA,RB Global,106.89,121,15,91,24,251,4,17,96,19,136,387
AAPL,Apple Inc.,211.46,28,2,0,248,278,35,17,-12,68,108,386
BK,BNY Mellon,89.45,119,6,81,37,243,119,10,-2,16,143,386
ETN,Eaton Corporation,326.78,119,4,1,111,235,75,17,-12,69,149,384
ORCL,Oracle Corporation,159.28,113,3,0,195,311,41,10,-10,24,65,376
USFD,US Foods,75.82,121,7,130,32,290,46,17,-4,23,82,372
RCL,Royal Caribbean Group,250.1,126,4,108,25,263,75,17,-7,24,109,372
BSX,Boston Scientific,104.87,7,16,131,141,295,7,17,-2,54,76,371
MCD,McDonald's,314.41,2,2,39,239,282,7,19,9,54,89,371
CSL,Carlisle Companies,400.69,171,16,0,175,362,-3,17,-22,17,9,371
IBM,IBM,266.7,83,9,96,51,239,19,17,43,53,132,371
CW,Curtiss-Wright,407.1,172,12,6,51,241,75,19,-10,46,130,371
RBC,RBC Bearings,366.58,78,8,80,55,221,74,17,1,54,146,367
ORI,Old Republic International,37.98,0,2,134,55,191,2,17,104,52,175,366
ADI,Analog Devices,227.15,119,4,1,176,300,47,10,-15,23,65,365
KD,Kyndryl,40.72,120,6,96,0,222,119,11,-4,17,143,365
MSFT,Microsoft,453.05,112,11,3,170,296,39,19,-13,22,67,363
LYV,Live Nation Entertainment,145.43,68,5,81,144,298,36,19,-4,13,64,362
IBKR,Interactive Brokers,207.0,112,4,76,54,246,47,19,-5,54,115,361
AXON,Axon Enterprise,728.35,42,15,132,91,280,36,19,-4,27,78,358
JCI,Johnson Controls,96.81,119,12,62,16,209,119,17,-4,15,147,356
NDAQ,"Nasdaq, Inc.",81.28,122,10,63,141,336,-2,17,-6,11,20,356
SCHW,Charles Schwab Corporation,88.18,121,17,64,8,210,119,17,-5,11,142,352
PWR,Quanta Services,340.2,119,11,4,96,230,42,19,-8,69,122,352
MOS,Mosaic Company (The),34.67,168,24,3,-13,182,178,17,2,-27,170,352
PTC,PTC Inc.,171.8,119,3,-13,179,288,42,11,-14,23,62,350
CASY,Casey's,442.43,-36,26,100,84,174,-40,36,104,75,175,349
SEIC,SEI Investments Company,84.75,119,10,79,32,240,75,17,-7,23,108,348
COR,Cencora,286.06,0,81,31,68,180,12,50,42,64,168,348
BR,Broadridge Financial Solutions,240.32,10,3,101,142,256,7,17,45,22,91,347
TT,Trane Technologies,422.5,112,12,3,161,288,25,17,-14,26,54,342
MSI,Motorola Solutions,425.58,7,0,0,150,157,19,-2,-14,182,185,342
WMB,Williams Companies,58.78,3,3,99,49,154,13,17,99,54,183,337
STE,Steris,246.79,46,7,1,192,246,40,17,9,22,88,334
UNM,Unum,80.78,0,4,172,37,213,-14,17,66,51,120,333
HUBB,Hubbell Incorporated,386.63,34,2,0,179,215,41,20,-12,68,117,332
AVGO,Broadcom,232.49,119,7,6,113,245,46,19,-8,27,84,329
INTU,Intuit,661.33,119,17,4,188,328,-15,17,-18,17,1,329
AME,Ametek,180.22,120,4,1,103,228,-2,10,-8,98,98,326
PLTR,Palantir Technologies,128.08,30,17,103,0,150,34,19,106,17,176,326
MS,Morgan Stanley,132.58,125,4,63,61,253,43,15,-6,13,65,318
NVDA,Nvidia,134.9,112,3,1,131,247,47,11,-10,23,71,318
LRCX,Lam Research,84.78,116,4,0,149,269,43,11,-4,-2,48,317
GGG,Graco Inc.,85.93,112,4,1,175,292,-3,17,-15,26,25,317
NTNX,Nutanix,80.65,119,10,18,19,166,119,11,-2,21,149,315
SPGI,S&P Global,519.63,119,4,3,169,295,-6,12,-5,18,19,314
PFGC,Performance Food Group,88.14,126,7,40,40,213,40,17,-10,54,101,314
FDS,FactSet,469.4,89,5,2,191,287,5,10,-11,20,24,311
AN,AutoNation,190.45,126,6,4,58,194,47,19,-5,54,115,309
BPOP,"Popular, Inc.",104.8,134,11,4,56,205,75,17,-4,16,104,309
DUOL,Duolingo,531.09,126,17,40,0,183,75,29,1,20,125,308
MCO,Moody's Corporation,487.65,119,4,3,153,279,-3,12,-5,22,26,305
GE,GE Aerospace,229.39,126,15,6,24,171,75,15,17,26,133,304
ITT,ITT Inc.,150.19,126,10,3,96,235,40,17,-11,23,69,304
PM,Philip Morris International,169.18,0,77,57,52,186,3,19,72,24,118,304
ATI,ATI Inc.,75.04,119,11,3,40,173,75,17,-11,49,130,303
CSCO,Cisco,64.26,107,4,35,11,157,119,10,-5,22,146,303
ACM,AECOM,108.3,122,10,3,62,197,33,17,-13,68,105,302
RPM,RPM International,114.4,112,1,-6,177,284,-7,10,-14,27,16,300
KLAC,KLA Corporation,806.38,43,4,1,174,222,39,19,-7,23,74,296
SO,Southern Company,87.38,-38,-3,63,187,209,2,-2,10,76,86,295
FIX,Comfort Systems USA,463.37,119,7,4,61,191,40,19,-8,52,103,294
DTE,DTE Energy,136.3,2,1,61,186,250,4,16,14,10,44,294
HEI-A,HEICO (Class A),218.19,30,12,13,179,234,19,10,4,27,60,294
MPC,Marathon Petroleum,165.36,132,6,0,46,184,149,10,-46,-5,108,292
SNX,TD Synnex,123.96,126,4,2,60,192,75,10,-4,18,99,291
CHD,Church & Dwight,94.55,0,-28,-3,341,310,-2,-38,-1,22,-19,291
KKR,KKR & Co. Inc.,125.63,119,0,0,100,219,44,16,-7,18,71,290
APH,Amphenol,85.98,122,17,6,62,207,47,19,-8,24,82,289
AZO,AutoZone,3758.36,6,1,81,83,171,17,6,41,54,118,289
SLM,Sallie Mae,33.38,122,11,77,19,229,-3,13,31,18,59,288
JWN,Nordstrom,24.54,59,6,55,0,120,71,17,68,10,166,286
WAB,Wabtec,204.13,122,6,6,46,180,42,17,-7,53,105,285
OKTA,"Okta, Inc.",124.4,112,13,11,0,136,119,11,16,3,149,285
CACI,CACI,476.98,2,26,0,151,179,2,49,1,54,106,285
ALL,Allstate,205.32,3,3,84,156,246,5,10,10,14,39,285
ICE,Intercontinental Exchange,174.85,0,10,99,158,267,-21,11,9,18,17,284
BAH,Booz Allen Hamilton,127.75,161,1,-17,98,243,7,17,-19,35,40,283
MNST,Monster Beverage,62.32,11,54,13,177,255,4,17,6,1,28,283
AWI,Armstrong World Industries,158.9,112,11,81,18,222,40,13,-9,16,60,282
TMUS,T-Mobile US,240.16,-34,-5,81,136,178,3,-15,83,32,103,281
PAYX,Paychex,154.4,11,10,71,164,256,4,10,-1,11,24,280
DDS,Dillard's,411.21,126,1,1,51,179,41,12,-4,52,101,280
HD,Home Depot (The),378.73,83,1,0,177,261,-3,17,-11,16,19,280
WELL,Welltower,146.88,-39,1,103,55,120,2,16,120,21,159,279
NOW,ServiceNow,1035.42,119,5,4,79,207,42,18,-7,19,72,279
GWRE,Guidewire Software,215.16,119,17,97,18,251,-1,17,-5,17,28,279
CVNA,Carvana,297.4,126,16,79,8,229,21,19,-4,13,49,278
MCK,McKesson Corporation,706.76,2,77,29,55,163,9,17,25,64,115,278
CPNG,Coupang,26.83,126,10,4,0,140,122,17,-15,14,138,278
WWD,"Woodward, Inc.",208.33,119,13,6,32,170,77,15,-7,23,108,278
L,Loews Corporation,88.82,7,4,99,52,162,-14,10,99,21,116,278
YUM,Yum! Brands,147.06,-27,0,15,256,244,-33,3,9,54,33,277
APP,AppLovin,366.59,119,3,92,0,214,42,10,-4,15,63,277
EHC,Encompass Health,119.74,19,18,130,26,193,12,35,11,26,84,277
NEU,NewMarket,646.48,161,26,6,26,219,6,18,9,24,57,276
UNP,Union Pacific Corporation,230.84,29,1,-1,195,224,39,4,-7,16,52,276
ADSK,Autodesk,295.78,119,7,41,11,178,75,17,-11,16,97,275
NFLX,Netflix,1176.79,8,22,103,17,150,14,19,74,17,124,274
HCA,HCA Healthcare,385.65,94,18,1,94,207,28,10,3,26,67,274
ITW,Illinois Tool Works,247.96,70,1,-2,175,244,-7,10,-1,26,28,272
MPWR,Monolithic Power Systems,710.17,119,4,-13,154,264,-2,14,-27,23,8,272
HON,Honeywell,222.24,30,4,3,175,212,41,13,-13,19,60,272
NFG,National Fuel Gas,80.98,0,88,47,49,184,2,19,58,7,86,270
CAT,Caterpillar Inc.,349.86,119,3,0,61,183,34,10,-11,54,87,270
LOPE,Grand Canyon Education,195.7,13,15,134,32,194,2,19,21,31,73,267
EQT,EQT Corporation,56.01,77,10,28,39,154,68,10,28,7,113,267
AMAT,Applied Materials,174.69,119,4,-17,146,252,36,16,-36,-2,14,266
AMP,Ameriprise Financial,519.55,70,3,6,61,140,47,17,-7,68,125,265
RTX,RTX Corporation,135.55,30,3,64,51,148,25,9,71,11,116,264
VRSK,Verisk Analytics,307.35,2,13,55,111,181,2,10,46,25,83,264
CME,CME Group,273.92,-27,83,41,133,230,-35,13,37,16,31,261
PSTG,Pure Storage,55.5,119,3,1,39,162,42,10,-8,54,98,260
WTFC,Wintrust Financial,122.29,139,4,4,46,193,41,17,-8,16,66,259
JBL,Jabil,166.58,119,7,6,62,194,-1,17,-7,54,63,257
CINF,Cincinnati Financial,149.46,120,10,72,59,261,-12,10,-14,12,-4,257
RRC,Range Resources,40.3,70,4,21,39,134,68,5,-2,52,123,257
AL,Air Lease Corporation,57.4,122,10,4,19,155,75,10,-7,23,101,256
INGM,Ingram Micro,20.88,128,3,0,0,131,119,10,-5,0,124,255
SPOT,Spotify,640.15,2,18,99,9,128,9,19,82,17,127,255
SNA,Snap-on,327.88,70,0,36,56,162,42,3,-6,54,93,255
XPO,"XPO, Inc.",125.68,84,4,0,58,146,84,10,-10,24,108,254
EME,Emcor,464.3,83,4,4,55,146,42,19,-8,54,107,253
DE,Deere & Company,515.98,42,6,36,106,190,7,17,32,7,63,253
ATO,Atmos Energy,155.93,-28,26,61,42,101,2,35,72,42,151,252
ROP,Roper Technologies,574.42,2,3,16,179,200,-11,9,31,23,52,252
AXS,AXIS Capital,101.1,1,18,73,42,134,-19,17,69,50,117,251
EMR,Emerson Electric,120.26,119,4,3,61,187,37,10,-8,23,62,249
AIZ,Assurant,199.54,4,1,84,149,238,-6,8,-7,16,11,249
GS,Goldman Sachs,616.42,42,4,79,55,180,40,15,-4,18,69,249
AXP,American Express,299.56,119,4,4,96,223,-2,17,-8,18,25,248
CMI,Cummins,332.32,112,3,1,62,178,42,9,-8,27,70,248
EVR,Evercore,237.79,123,3,0,55,181,40,17,-13,23,67,248
ISRG,Intuitive Surgical,560.18,112,4,81,19,216,-2,19,-8,23,32,248
APG,APi Group,45.78,119,11,5,0,135,75,17,-4,23,111,246
BRO,Brown & Brown,110.56,-20,-13,103,160,230,2,-21,12,23,16,246
STT,State Street Corporation,98.32,132,6,4,13,155,74,11,-7,11,89,244
DOV,Dover Corporation,184.35,122,2,0,103,227,-3,10,-6,16,17,244
GOOGL,Alphabet (Class A),163.94,21,0,0,173,194,22,15,-6,18,49,243
GOOG,Alphabet (Class C),165.4,21,0,0,173,194,22,15,-6,18,49,243
RJF,Raymond James Financial,152.94,83,3,79,55,220,-3,17,-7,16,23,243
BYD,Boyd Gaming,75.45,70,4,35,56,165,42,17,-6,24,77,242
FFIV,"F5, Inc.",282.69,78,3,81,11,173,42,17,-4,14,69,242
DRI,Darden Restaurants,209.0,28,23,31,58,140,23,17,35,27,102,242
DUK,Duke Energy,115.98,-38,-4,63,180,201,1,17,9,13,40,241
VMI,Valmont Industries,318.6,119,3,49,55,226,-3,14,-4,7,14,240
BAC,Bank of America,44.42,126,4,4,15,149,75,11,-6,11,91,240
FOXA,Fox Corporation (Class A),55.46,59,3,55,0,117,54,4,54,11,123,240
LBRDA,Liberty Broadband (Series A),96.39,105,15,34,-33,121,105,14,-8,5,116,237
TPR,"Tapestry, Inc.",83.26,125,4,67,18,214,-1,10,-2,16,23,237
TRV,Travelers Companies (The),270.89,2,18,78,55,153,3,17,11,53,84,237
RS,"Reliance, Inc.",299.94,32,14,1,112,159,-8,19,-7,74,78,237
TDG,TransDigm Group,1403.28,0,17,6,154,177,-5,17,-7,54,59,236
BKNG,Booking Holdings,5234.93,10,16,123,32,181,21,17,-6,23,55,236
VLTO,Veralto,100.92,119,4,0,0,123,119,11,-20,0,110,233
ALSN,Allison Transmission,105.19,119,3,4,32,158,42,10,-8,31,75,233
LIN,Linde plc,454.22,5,2,0,107,114,5,17,-6,103,119,233
CAH,Cardinal Health,151.95,7,26,42,35,110,16,17,35,54,122,232
HIG,Hartford (The),129.24,7,18,81,54,160,-8,17,8,53,70,230
BX,Blackstone Inc.,146.76,112,0,0,103,215,-3,9,-11,18,13,228
URI,United Rentals,713.62,112,4,0,61,177,-3,16,-16,54,51,228
IT,Gartner,446.49,119,0,-8,55,166,-1,14,-6,54,61,227
BA,Boeing,206.2,164,17,1,0,182,40,17,-4,-8,45,227
PH,Parker Hannifin,672.59,122,5,4,62,193,-3,17,-7,27,34,227
HBAN,Huntington Bancshares,16.1,140,4,4,18,166,42,15,-10,13,60,226
FAST,Fastenal,81.88,7,26,36,103,172,21,18,-6,20,53,225
ODFL,Old Dominion Freight Line,169.96,42,0,-13,184,213,-3,4,-18,29,12,225
NTAP,Netapp,99.83,119,2,-12,54,163,42,17,-17,19,61,224
ROST,Ross Stores,151.89,70,13,1,32,116,70,25,-14,26,107,223
EXE,Expand Energy,114.07,63,24,28,0,115,64,9,28,7,108,223
OZK,Bank OZK,46.47,140,4,4,53,201,-3,15,-6,16,22,223
GDDY,GoDaddy,189.89,43,2,81,19,145,47,17,-6,19,77,222
AMD,Advanced Micro Devices,114.98,113,3,-29,107,194,75,10,-53,-4,28,222
KO,Coca-Cola Company (The),71.66,2,1,15,179,197,5,-2,10,11,24,221
PRI,Primerica,276.32,70,3,4,105,182,12,6,-7,27,38,220
TW,Tradeweb,143.55,0,3,96,0,99,1,10,89,20,120,219
FTI,TechnipFMC,31.57,112,4,4,24,144,42,8,-9,34,75,219
BLK,BlackRock,984.17,122,3,4,19,148,42,17,-7,18,70,218
PNR,Pentair,97.81,126,4,4,59,193,-3,17,-11,21,24,217
WSO,Watsco,478.85,0,-17,0,193,176,-14,2,-15,68,41,217
OLLI,Ollie's Bargain Outlet,113.87,28,4,102,13,147,-3,3,50,20,70,217
PCAR,Paccar,95.97,42,-47,-9,156,142,41,4,-1,31,75,217
FHN,First Horizon Corporation,20.27,119,4,39,1,163,42,10,-5,7,54,217
JEF,Jefferies Financial Group,53.42,119,0,-7,55,167,-3,7,-10,54,48,215
HLT,Hilton Worldwide,252.48,121,4,3,61,189,-3,11,-5,23,26,215
FOX,Fox Corporation (Class B),51.3,99,3,54,0,156,49,4,-1,6,58,214
RLI,RLI Corp.,74.85,2,-15,-1,172,158,3,-15,-16,84,56,214
ROK,Rockwell Automation,307.62,122,7,2,12,143,75,9,-5,-8,71,214
DCI,Donaldson Company,70.03,125,4,0,62,191,-3,15,-16,27,23,214
ZM,Zoom Communications,83.87,120,5,36,0,161,42,16,-7,1,52,213
WMT,Walmart,96.43,-13,18,114,98,217,-45,19,-5,26,-5,212
CXT,Crane NXT,54.99,119,3,-12,52,162,-3,7,-8,53,49,211
TRGP,Targa Resources,166.45,21,-30,133,48,172,-3,-2,-7,51,39,211
ECG,Everus Construction Group,61.32,119,2,0,0,121,75,19,-4,0,90,211
TWLO,Twilio,114.27,119,0,34,-31,122,75,10,-5,8,88,210
TKO,TKO Group Holdings,161.46,-18,14,58,37,91,-5,17,59,47,118,209
MAR,Marriott International,271.5,119,4,3,55,181,-2,11,-6,24,27,208
SHW,Sherwin-Williams,361.44,7,13,1,187,208,-14,13,-16,16,-1,207
GWW,W. W. Grainger,1084.0,28,4,1,91,124,23,19,-13,54,83,207
DOCU,DocuSign,90.58,119,4,40,-9,154,42,10,-7,8,53,207
DECK,Deckers Brands,126.98,99,0,-11,90,178,-3,10,-7,28,28,206
HLI,Houlihan Lokey,180.0,122,6,4,41,173,2,17,-10,23,32,205
META,Meta Platforms,643.69,105,4,4,26,139,42,9,-5,20,66,205
VRT,Vertiv,105.38,122,3,1,5,131,42,17,-8,23,74,205
THC,Tenet Healthcare,164.04,99,13,1,54,167,28,10,-22,21,37,204
GAP,Gap Inc.,26.42,125,13,3,15,156,28,15,-11,16,48,204
VRSN,Verisign,281.64,0,115,23,6,144,1,16,39,4,60,204
CTVA,Corteva,68.28,126,17,40,0,183,2,17,-6,8,21,204
R,Ryder,157.52,43,4,4,53,104,40,17,-10,53,100,204
COF,Capital One,197.5,70,10,81,18,179,-3,17,-4,15,25,204
AS,Amer Sports,30.88,119,4,0,0,123,75,9,-3,0,81,204
FLS,Flowserve,51.09,112,3,0,24,139,41,9,-8,22,64,203
SSD,Simpson Manufacturing Company,163.19,42,4,-13,153,186,-3,13,-16,23,17,203
GRMN,Garmin,202.03,28,0,99,16,143,40,5,-4,18,59,202
IDXX,Idexx Laboratories,511.79,161,11,1,1,174,46,17,-31,-5,27,201
KMI,Kinder Morgan,28.01,11,2,79,41,133,15,10,-6,49,68,201
CAR,Avis Budget Group,105.66,141,20,0,-17,144,75,30,-14,-34,57,201
FCNCA,First Citizens BancShares,1965.35,81,3,0,56,140,33,17,-8,18,60,200
WSM,"Williams-Sonoma, Inc.",171.67,111,0,4,62,177,-2,10,-4,18,22,199
SRE,Sempra,76.49,5,2,-2,178,183,4,17,-16,11,16,199
ADBE,Adobe Inc.,404.56,119,2,-23,-3,95,124,9,-27,-2,104,199
CB,Chubb Limited,292.0,3,1,88,55,147,-14,4,9,53,52,199
LLYVA,Liberty Live (Series A),77.37,118,17,15,0,150,34,17,-3,0,48,198
EBAY,eBay,70.59,4,13,64,11,92,7,17,69,13,106,198
TRMB,Trimble Inc.,71.24,119,4,66,1,190,-3,9,-7,9,8,198
TXRH,Texas Roadhouse,189.44,106,5,2,61,174,-1,10,-14,28,23,197
AFL,Aflac,105.76,-28,1,135,55,163,-29,17,-6,52,34,197
VNT,Vontier,36.84,119,4,0,0,123,75,11,-10,-2,74,197
MET,Metlife,80.46,122,3,3,55,183,-4,9,-7,15,13,196
FTNT,Fortinet,102.55,16,3,41,110,170,-2,19,-3,10,24,194
WDAY,"Workday, Inc.",274.77,112,6,2,11,131,42,11,-10,19,62,193
LOW,Lowe's,232.45,28,0,-7,163,184,-3,10,-14,16,9,193
NTRS,Northern Trust,107.47,121,4,3,8,136,43,10,-6,10,57,193
DFS,Discover Financial,200.0,69,17,67,19,172,-2,17,-6,11,20,192
NWS,News Corp (Class B),32.78,1,7,99,55,162,-3,19,-4,18,30,192
BEN,Franklin Templeton Investments,22.19,122,7,0,0,129,75,17,-10,-19,63,192
SGI,Somnigroup International,65.85,28,4,28,61,121,33,17,-2,23,71,192
MANH,Manhattan Associates,193.1,121,0,-16,62,167,-3,17,-14,24,24,191
FNB,FNB Corporation,14.47,77,4,0,52,133,40,17,-15,16,58,191
DT,Dynatrace,53.04,119,2,1,0,122,47,10,-5,17,69,191
CG,Carlyle Group (The),47.02,112,3,1,18,134,42,6,-7,15,56,190
J,Jacobs Solutions,128.78,30,2,0,103,135,33,17,-11,16,55,190
CBOE,Cboe Global Markets,218.81,-28,0,131,52,155,-33,10,9,48,34,189
EPR,EPR Properties,53.7,78,6,44,26,154,2,17,-2,18,35,189
CNP,Centerpoint Energy,37.25,-35,86,36,42,129,1,17,30,12,60,189
ZS,Zscaler,245.92,112,17,4,2,135,25,19,-6,15,53,188
EXEL,Exelixis,46.25,14,3,51,11,79,28,17,42,21,108,187
WFC,Wells Fargo,75.59,28,4,79,26,137,25,14,-6,16,49,186
PODD,Insulet,321.74,65,5,32,1,103,70,9,1,3,83,186
CBRE,CBRE Group,130.31,78,1,79,19,177,-6,10,-6,11,9,186
LLYVK,Liberty Live (Series C),78.26,70,10,16,0,96,75,17,-3,0,89,185
USB,U.S. Bancorp,44.58,126,4,0,1,131,42,10,-11,12,53,184
FITB,Fifth Third Bancorp,39.49,120,3,0,19,142,34,9,-14,13,42,184
KR,Kroger,67.6,-28,0,66,64,102,-40,72,37,12,81,183
NI,NiSource,38.71,-28,1,61,42,76,2,17,76,11,106,182
RF,Regions Financial Corporation,22.48,112,3,0,19,134,41,10,-14,11,48,182
LNG,Cheniere Energy,235.72,0,10,47,55,112,5,19,-7,53,70,182
LDOS,Leidos,156.76,120,16,0,20,156,-16,43,-18,16,25,181
EQH,Equitable Holdings,52.85,70,4,79,8,161,-3,10,-4,16,19,180
F,Ford Motor Company,10.74,141,18,0,-14,145,35,17,-15,-2,35,180
PG,Procter & Gamble,162.53,7,-17,0,176,166,7,-16,-1,23,13,179
SSNC,SS&C Technologies,79.51,79,0,77,11,167,-3,5,-2,12,12,179
GEV,GE Vernova,426.7,126,16,0,0,142,25,19,-8,0,36,178
TPL,Texas Pacific Land Corporation,1417.9,24,4,49,55,132,26,17,-7,10,46,178
BURL,Burlington Stores,264.66,74,3,1,1,79,93,5,-13,14,99,178
PNC,PNC Financial Services,179.5,119,3,0,11,133,36,9,-11,11,45,178
ESAB,ESAB,128.28,70,6,87,0,163,-10,17,-6,14,15,178
TOST,"Toast, Inc.",45.23,42,5,64,0,111,42,17,-6,14,67,178
KEYS,Keysight,164.73,119,4,3,0,126,44,10,-4,2,52,178
ARES,Ares Management,168.69,1,4,4,56,65,-2,17,-6,103,112,177
UI,Ubiquiti,420.61,112,5,39,7,163,-6,19,-6,7,14,177
ESI,Element Solutions,22.13,122,0,-7,54,169,-3,9,-16,17,7,176
PANW,Palo Alto Networks,192.91,28,4,4,78,114,-3,15,-4,54,62,176
DGX,Quest Diagnostics,176.41,2,18,55,15,90,2,17,55,11,85,175
DTM,DT Midstream,103.54,24,10,90,0,124,18,17,-7,22,50,174
SYF,Synchrony Financial,60.49,125,4,4,18,151,-2,17,-7,15,23,174
DDOG,Datadog,117.14,119,0,-10,0,109,55,11,-13,12,65,174
ACN,Accenture,323.42,112,0,-10,11,113,42,9,-6,16,61,174
MTSI,MACOM Technology Solutions,122.59,80,4,3,55,142,-3,16,-8,26,31,173
PAG,Penske Automotive Group,165.8,42,5,2,59,108,-3,19,-5,54,65,173
CCL,Carnival Corporation & plc,23.0,70,3,4,0,77,74,11,-7,16,94,171
ANET,Arista Networks,96.12,28,0,1,55,84,28,12,-8,53,85,169
INGR,Ingredion,138.97,3,10,80,31,124,-8,15,-15,53,45,169
C,Citigroup,75.97,126,4,6,15,151,-3,14,-4,11,18,169
H,Hyatt Hotels,134.21,81,0,-10,52,123,-3,10,-14,52,45,168
LLY,Lilly (Eli),733.42,-63,-11,-2,169,93,-13,-3,-2,93,75,168
AON,AON,358.58,3,-22,3,174,158,2,-43,-2,53,10,168
CRUS,Cirrus Logic,106.84,122,4,-10,16,132,40,11,-28,13,36,168
RMD,Resmed,248.46,122,10,4,10,146,2,16,-7,10,21,167
ANSS,Ansys,343.57,122,4,4,8,138,-1,17,-8,20,28,166
MTZ,MasTec,155.61,119,10,6,15,150,-3,17,-8,10,16,166
TTWO,Take-Two Interactive,232.46,14,24,32,10,80,19,18,32,17,86,166
LITE,Lumentum,77.78,112,2,1,1,116,40,10,-8,7,49,165
LECO,Lincoln Electric,197.93,58,3,0,62,123,42,10,-7,-4,41,164
WCC,Wesco International,171.26,51,3,-2,55,107,-3,17,-11,54,57,164
MAT,Mattel,20.14,113,3,1,0,117,75,5,-5,-28,47,164
NVT,Nvent Electric,66.85,122,4,-13,9,122,42,17,-15,-2,42,164
STAG,STAG Industrial,35.48,78,4,-7,93,168,-6,10,-7,-1,-4,164
TDY,Teledyne Technologies,495.93,90,3,39,11,143,7,8,-6,12,21,164
ALAB,Astera Labs,92.19,119,2,0,0,121,40,11,-9,0,42,163
OMF,OneMain Financial,51.46,70,4,4,57,135,-3,15,-7,23,28,163
MSCI,MSCI,575.41,83,2,1,11,97,42,17,-10,17,66,163
DASH,DoorDash,197.07,21,3,84,0,108,28,16,-4,15,55,163
CIEN,Ciena,79.8,122,4,6,9,141,-1,17,-8,13,21,162
LBRDK,Liberty Broadband (Series C),97.39,105,15,34,-33,121,28,15,-8,5,40,161
GTES,Gates Corporation,21.92,119,4,4,12,139,-2,12,-4,15,21,160
SCI,Service Corporation International,76.95,0,-11,0,172,161,5,-2,-14,10,-1,160
PPC,Pilgrim's Pride,47.28,0,0,73,18,91,-28,-9,90,15,68,159
CNA,CNA Financial,48.7,4,1,81,54,140,-14,6,10,17,19,159
MTB,M&T Bank,187.03,122,4,1,19,146,2,10,-11,11,12,158
AYI,Acuity Brands,271.81,119,0,0,24,143,-3,9,-8,17,15,158
CFR,Frost Bank,130.46,133,4,5,1,143,1,14,-7,7,15,158
SAIC,SAIC,121.87,3,32,-24,64,75,3,44,-19,54,82,157
CHTR,Charter Communications,419.49,105,15,5,-33,92,63,14,-15,3,65,157
RBLX,Roblox Corporation,80.76,35,16,40,0,91,38,17,3,8,66,157
SNV,Synovus,49.36,125,4,1,18,148,-2,10,-10,11,9,157
APO,Apollo Global Management,144.02,28,3,6,94,131,-3,15,-10,23,25,156
JHG,Janus Henderson,38.38,119,3,0,16,138,-2,10,-6,15,17,155
T,AT&T,27.35,-28,1,57,13,43,2,17,81,12,112,155
SF,Stifel,98.28,78,3,0,56,137,-2,9,-7,17,17,154
CTSH,Cognizant,81.34,119,4,3,11,137,-3,10,-5,15,17,154
CF,CF Industries,86.26,140,3,2,1,146,-3,15,-9,5,8,154
KBR,"KBR, Inc.",55.82,55,8,-17,61,107,-6,17,-18,54,47,154
CRM,Salesforce,290.6,112,0,4,19,135,-2,10,-8,18,18,153
STWD,Starwood Property Trust,20.15,30,4,5,55,94,26,15,-1,18,58,152
LPX,Louisiana-Pacific,93.48,78,0,0,60,138,-6,8,-11,23,14,152
VIRT,Virtu Financial,40.97,-7,18,63,11,85,-19,17,58,11,67,152
IR,Ingersoll Rand,83.03,119,3,-8,20,134,-3,10,-15,26,18,152
CBSH,Commerce Bancshares,65.59,78,4,6,1,89,42,17,-7,10,62,151
EFX,Equifax,275.15,126,16,1,13,156,-12,17,-25,15,-5,151
DPZ,Domino's,485.91,20,23,9,7,59,44,19,14,15,92,151
HOOD,Robinhood Markets,60.68,51,6,68,0,125,-2,17,-4,15,26,151
CEG,Constellation Energy,284.41,119,4,3,0,126,-3,19,-8,16,24,150
ETR,Entergy,81.81,-37,1,60,19,43,2,17,76,11,106,149
EXPD,Expeditors International,115.0,28,0,-7,128,149,-3,5,-24,22,0,149
KEX,Kirby Corporation,109.19,77,4,0,32,113,-3,17,-17,39,36,149
SPR,Spirit AeroSystems,37.41,42,18,5,0,65,36,19,17,11,83,148
STLD,Steel Dynamics,133.8,28,16,4,52,100,-6,17,-18,54,47,147
WBS,Webster Bank,52.89,78,4,1,11,94,34,12,-7,14,53,147
LAZ,Lazard,46.24,125,3,0,17,145,-2,9,-15,10,2,147
LMT,Lockheed Martin,465.14,-21,1,-16,162,126,-27,-1,-21,69,20,146
PPL,PPL Corporation,34.43,-42,0,63,20,41,1,17,75,11,104,145
LII,Lennox International,594.64,87,3,2,35,127,-3,7,-10,24,18,145
GD,General Dynamics,278.89,7,26,0,51,84,5,19,-18,54,60,144
PFG,Principal Financial Group,81.42,78,3,0,52,133,-3,5,-7,15,10,143
ADT,ADT Inc.,8.47,83,24,18,0,125,-7,8,12,5,18,143
WYNN,Wynn Resorts,97.76,70,6,1,1,78,71,14,-15,-5,65,143
RYAN,Ryan Specialty,69.92,1,0,108,0,109,2,1,8,22,33,142
TSCO,Tractor Supply Company,52.18,32,-29,0,82,85,-8,3,-20,82,57,142
PCOR,Procore,71.56,119,3,1,0,123,-2,9,-4,16,19,142
VICI,Vici Properties,31.63,0,1,45,12,58,2,17,10,54,83,141
DIS,Walt Disney Company (The),112.23,119,4,2,-38,87,54,8,-6,-2,54,141
PSX,Phillips 66,124.81,126,3,-23,38,144,40,5,-48,-2,-5,139
TXN,Texas Instruments,187.86,70,4,0,19,93,43,8,-18,13,46,139
OGE,OGE Energy,43.93,-45,1,55,42,53,2,17,55,11,85,138
CARR,Carrier Global,73.49,112,11,0,0,123,-3,11,-16,23,15,138
GEN,Gen Digital,28.97,119,7,2,13,141,-12,9,-14,13,-4,137
FERG,Ferguson Enterprises,181.76,30,6,-13,62,85,35,17,-22,22,52,137
MORN,"Morningstar, Inc.",310.04,110,4,0,25,139,-14,10,-13,15,-2,137
MRVL,Marvell Technology,65.19,28,0,-8,103,123,-3,9,-8,15,13,136
UHS,Universal Health Services,196.16,107,8,0,19,134,-7,8,-22,23,2,136
ARW,Arrow Electronics,120.6,167,11,-29,1,150,-6,17,-20,-5,-14,136
RGLD,Royal Gold,169.26,-28,70,48,15,105,-36,-1,55,13,31,136
VST,Vistra Corp.,152.1,28,3,6,27,64,22,16,-8,42,72,136
CELH,Celsius Holdings,39.05,35,43,-42,62,98,47,-8,5,-6,38,136
RITM,Rithm Capital,11.62,28,4,4,29,65,36,14,-2,23,71,136
MSTR,MicroStrategy,397.02,-3,18,86,16,117,-5,18,-12,17,18,135
MMM,3M,148.8,43,4,61,11,119,-3,9,-2,11,15,134
DELL,Dell Technologies,110.92,70,4,-12,29,91,43,17,-16,-1,43,134
BROS,Dutch Bros. Coffee,71.63,42,3,40,0,85,33,10,-2,8,49,134
SNOW,Snowflake Inc.,183.02,119,7,2,0,128,-1,17,-3,-7,6,134
MKL,Markel,1897.56,0,3,55,52,110,-12,17,-5,23,23,133
SKX,Skechers,62.09,68,2,-11,52,111,-3,9,-7,23,22,133
NET,Cloudflare,152.83,41,4,26,0,71,37,14,-5,16,62,133
WAL,Western Alliance Bancorporation,78.35,121,3,0,1,125,-3,9,-14,15,7,132
CR,Crane Co.,176.29,119,11,3,0,133,-1,13,-15,2,-1,132
PINS,Pinterest,32.26,70,0,-11,0,59,75,5,-6,-2,72,131
PNFP,Pinnacle Financial Partners,110.9,90,4,5,12,111,-3,15,-7,15,20,131
PEGA,Pegasystems,98.76,43,16,6,2,67,42,17,-7,12,64,131
LYFT,Lyft,16.22,126,5,2,0,133,-5,15,-14,1,-3,130
VOYA,Voya Financial,69.02,120,4,-10,1,115,-5,7,-15,28,15,130
TRU,TransUnion,91.27,125,4,0,1,130,-3,10,-18,11,0,130
KEY,Keycorp,16.5,120,4,0,1,125,-2,10,-14,10,4,129
ZION,Zions Bancorporation,49.06,119,0,0,1,120,-3,9,-10,12,8,128
HPE,Hewlett Packard Enterprise,17.62,43,0,-11,39,71,-3,17,-8,51,57,128
EWBC,East West Bancorp,95.06,83,4,4,19,110,-3,15,-10,16,18,128
TSLA,"Tesla, Inc.",342.73,41,3,30,7,81,36,15,-11,7,47,128
NXST,Nexstar Media Group,176.12,64,3,1,1,69,66,3,-19,7,57,126
REG,Regency Centers,72.59,0,2,55,50,107,-12,17,-2,16,19,126
PCTY,Paylocity,199.18,42,3,29,0,74,39,17,-6,2,52,126
XEL,Xcel Energy,71.25,2,1,38,9,50,7,17,46,6,76,126
KMPR,Kemper Corporation,64.72,119,3,2,1,125,-8,5,-7,11,1,126
IRM,Iron Mountain,99.5,8,9,0,54,71,2,17,-18,53,54,125
PKG,Packaging Corporation of America,190.76,28,0,-2,58,84,26,4,-13,23,40,124
CRH,CRH plc,97.87,28,4,4,61,97,-5,12,-4,24,27,124
MLM,Martin Marietta Materials,552.85,12,13,0,57,82,2,34,-18,24,42,124
CMG,Chipotle Mexican Grill,52.05,14,2,-11,77,82,14,15,-13,26,42,124
SLGN,Silgan Holdings,54.88,11,10,6,77,104,2,17,-10,10,19,123
AR,Antero Resources,40.24,52,4,28,7,91,-3,5,23,7,32,123
CWEN-A,Clearway Energy (Class A),28.27,11,2,45,3,61,32,13,9,7,61,122
MSA,MSA Safety,158.7,1,6,-22,161,146,-4,17,-35,-2,-24,122
UBER,Uber,90.17,27,16,5,0,48,28,19,3,23,73,121
BSY,Bentley Systems,48.24,66,7,-28,0,45,75,19,-15,-3,76,121
POST,Post Holdings,110.45,2,-7,1,84,80,2,-14,-2,54,40,120
ELF,e.l.f. Beauty,78.2,122,0,-37,28,113,40,10,-41,-2,7,120
THG,Hanover Insurance,165.93,-1,2,48,21,70,-12,11,40,11,50,120
MO,Altria,58.01,-28,1,57,42,72,2,19,13,13,47,119
LKQ,LKQ Corporation,42.14,42,3,0,0,45,86,3,-1,-14,74,119
AVT,Avnet,51.6,49,4,0,42,95,-3,18,-15,24,24,119
TNL,Travel + Leisure Co.,50.68,83,3,4,13,103,-2,10,-4,11,15,118
CMA,Comerica,58.08,112,0,0,1,113,-3,9,-11,9,4,117
CWEN,Clearway Energy (Class C),29.93,8,2,45,1,56,32,13,9,7,61,117
AMGN,Amgen,271.66,0,-22,-6,162,134,-13,-37,-1,33,-18,116
TTD,Trade Desk (The),77.53,119,0,-14,1,106,-3,10,-14,17,10,116
BJ,BJ's Wholesale Club,111.37,-37,0,65,7,35,2,-4,27,55,80,115
WING,Wingstop,308.65,28,10,-13,35,60,42,10,-25,28,55,115
MDU,MDU Resources,17.24,-28,2,66,37,77,2,17,-8,26,37,114
XP,XP Inc.,18.6,42,18,0,0,60,40,16,3,-5,54,114
CNH,CNH Industrial,13.4,78,5,6,0,89,34,11,-1,-20,24,113
BRK-B,Berkshire Hathaway,507.33,-63,2,111,59,109,-30,-1,12,23,4,113
UGI,UGI Corporation,35.28,7,18,29,1,55,2,17,36,2,57,112
RRX,Regal Rexnord,139.76,122,4,-15,1,112,-3,9,-16,10,0,112
AGCO,AGCO,105.71,112,6,1,0,119,-3,11,-7,-10,-9,110
PEG,Public Service Enterprise Group,78.44,-23,-12,0,149,114,1,-4,-15,14,-4,110
PATH,UiPath,13.06,119,5,-13,0,111,-3,19,-12,-7,-3,108
COHR,Coherent Corp.,78.82,40,3,0,12,55,42,10,-11,12,53,108
LAD,Lithia Motors,320.44,81,0,0,11,92,-3,10,-9,18,16,108
DAL,Delta Air Lines,50.29,70,0,-1,16,85,-3,10,-8,23,22,107
LAMR,Lamar Advertising,116.75,28,3,0,61,92,-6,17,-14,18,15,107
VEEV,Veeva Systems,241.54,26,7,32,5,70,19,10,-7,15,37,107
NU,Nubank,13.12,43,15,0,0,58,34,17,-18,16,49,107
GM,General Motors,50.14,42,4,0,8,54,47,10,-15,10,52,106
LULU,Lululemon Athletica,318.95,70,0,0,0,70,42,9,-7,-9,35,105
LNT,Alliant Energy,61.71,2,1,55,11,69,7,7,12,10,36,105
AZEK,Azek,51.34,35,22,8,0,65,-3,36,-10,17,40,105
FSLR,First Solar,186.13,40,3,-26,59,76,52,17,-38,-3,28,104
WTM,White Mountains Insurance Group,1787.09,30,-31,0,56,55,-2,4,-7,53,48,103
LVS,Las Vegas Sands,42.14,126,4,-9,-3,118,-1,10,-13,-11,-15,103
UHAL,U-Haul,65.58,82,0,-2,19,99,-7,9,-15,17,4,103
MOH,Molina Healthcare,313.95,-21,0,-1,163,141,-19,-19,5,-5,-38,103
PRU,Prudential Financial,107.02,42,1,0,52,95,-3,9,-14,16,8,103
S,SentinelOne,20.12,112,0,-12,0,100,-3,10,-15,11,3,103
FE,FirstEnergy,42.44,0,23,5,52,80,3,28,-20,11,22,102
BRX,Brixmor Property Group,26.17,28,2,1,52,83,-9,17,-14,23,17,100
OSK,Oshkosh Corporation,100.17,70,3,-13,1,61,40,8,-7,-2,39,100
EVRG,Evergy,65.7,-42,-4,45,11,10,1,17,64,7,89,99
WTW,Willis Towers Watson,310.01,2,-16,81,21,88,3,-16,-2,26,11,99
CHE,Chemed Corporation,565.09,-22,-7,-1,182,152,-37,-21,10,-5,-53,99
GLPI,Gaming and Leisure Properties,46.89,0,-12,0,62,50,2,-7,-1,54,48,98
HSIC,Schein (Henry),71.54,62,0,0,0,62,54,8,-6,-20,36,98
FIVE,Five Below,105.66,74,6,0,-13,67,40,15,-12,-12,31,98
SCCO,Southern Copper,92.23,28,3,-8,59,82,-3,16,-22,24,15,97
KIM,Kimco Realty,21.38,35,3,0,52,90,-6,17,-15,11,7,97
BIRK,Birkenstock,57.71,43,6,2,0,51,36,17,-7,0,46,97
MAS,Masco,67.22,42,0,-7,62,97,-3,4,-19,18,0,97
FR,First Industrial Realty Trust,50.89,78,1,0,11,90,-12,10,-2,11,7,97
EXP,Eagle Materials,234.6,28,1,-2,54,81,-4,11,-16,24,15,96
COIN,Coinbase,244.47,28,3,1,0,32,42,17,-10,15,64,96
ABNB,Airbnb,136.79,43,3,0,0,46,40,17,-5,-2,50,96
AIG,American International Group,83.23,7,1,15,50,73,-9,4,10,18,23,96
WEC,WEC Energy Group,104.91,-38,0,42,10,14,2,17,55,8,82,96
VMC,Vulcan Materials,271.07,0,12,4,57,73,-17,27,-11,24,23,96
PVH,PVH Corp.,85.41,42,3,-19,1,27,70,17,-15,-4,68,95
LFUS,Littelfuse,216.56,126,4,-12,0,118,-1,9,-26,-5,-23,95
PLNT,Planet Fitness,97.98,2,0,50,10,62,13,11,-2,11,33,95
AMH,American Homes 4 Rent,38.29,0,23,3,65,91,1,17,-26,12,4,95
ACGL,Arch Capital Group,93.54,0,6,0,59,65,-14,17,-23,48,28,93
ABT,Abbott Laboratories,133.38,2,1,43,10,56,-28,19,35,11,37,93
CFG,Citizens Financial Group,41.71,78,3,1,1,83,-3,9,-7,11,10,93
HRB,H&R Block,56.74,-40,33,0,49,42,-33,33,1,49,50,92
ABBV,AbbVie,181.83,-15,-8,4,55,36,-13,9,-1,61,56,92
GPK,Graphic Packaging,23.31,7,-48,-6,55,8,46,-11,-19,68,84,92
ARMK,Aramark,38.33,0,8,2,37,47,-6,12,-14,53,45,92
VLO,Valero Energy,135.39,44,4,-31,41,58,36,6,-6,-2,34,92
ADC,Agree Realty,73.92,-51,1,50,13,13,2,57,10,10,79,92
GILD,Gilead Sciences,100.34,0,-9,38,32,61,-8,-39,42,36,31,92
AMZN,Amazon,205.14,49,3,4,18,74,-3,9,-6,17,17,91
OC,Owens Corning,142.5,23,0,-11,55,67,-3,16,-15,26,24,91
HIW,Highwoods Properties,30.51,82,10,0,3,95,-12,17,-19,10,-4,91
PR,Permian Resources,13.55,42,3,-15,23,53,-3,6,-11,46,38,91
MTG,MGIC Investment Corporation,26.35,0,17,6,52,75,-11,17,-16,25,15,90
GLOB,Globant,132.63,119,0,-13,-4,102,-5,9,-13,-4,-13,89
AFRM,Affirm Holdings,51.74,27,0,36,0,63,-1,17,-4,14,26,89
CCK,Crown Holdings,99.58,34,14,4,2,54,14,17,-6,9,34,88
UTHR,United Therapeutics,303.92,0,0,-2,54,52,-16,12,-16,56,36,88
CSX,CSX Corporation,31.3,81,3,-23,1,62,41,7,-19,-3,26,88
NEE,NextEra Energy,74.56,43,3,0,1,47,47,5,-21,10,41,88
IEX,IDEX Corporation,189.55,112,0,-15,0,97,-3,11,-15,-3,-10,87
GL,Globe Life,120.49,0,-8,32,11,35,2,2,43,5,52,87
MIDD,Middleby,149.83,41,0,1,0,42,34,4,-3,10,45,87
GXO,GXO Logistics,41.31,122,4,-24,0,102,2,10,-22,-5,-15,87
OKE,Oneok,86.04,28,-30,0,51,49,-3,4,-12,48,37,86
AEE,Ameren,96.82,-38,-4,43,10,11,3,17,48,7,75,86
NLY,Annaly Capital Management,19.72,8,1,5,7,21,41,11,-1,13,64,85
OLED,Universal Display Corporation,153.18,126,4,-24,0,106,-3,11,-27,-2,-21,85
EXPE,Expedia Group,166.17,28,0,36,8,72,-3,10,-5,11,13,85
MU,Micron Technology,95.49,119,3,-22,19,119,-3,9,-39,-2,-35,84
BWA,BorgWarner,33.05,127,6,-24,0,109,-3,13,-22,-13,-25,84
CRWD,CrowdStrike,431.59,6,17,32,0,55,-3,19,-4,17,29,84
SNDK,SanDisk,40.61,83,0,0,0,83,-3,4,0,0,1,84
MDLZ,Mondelez International,65.13,-29,0,-5,179,145,-59,-3,6,-6,-62,83
SARO,StandardAero,30.2,42,4,0,0,46,34,11,-8,0,37,83
BEPC,Brookfield Renewable Partners,29.75,35,5,0,0,40,40,16,-20,7,43,83
NSC,Norfolk Southern,244.17,28,3,0,1,32,40,17,-17,11,51,83
FNF,Fidelity National Financial,57.58,-42,-6,95,55,102,-45,-1,9,18,-19,83
NTRA,Natera,149.24,-17,0,79,15,77,-26,19,-4,16,5,82
EGP,EastGroup Properties,170.71,78,1,0,5,84,-14,16,-2,-2,-2,82
XOM,ExxonMobil,108.6,35,-17,0,41,59,-7,4,-22,47,22,81
DXCM,Dexcom,85.7,70,8,0,-11,67,5,17,-4,-6,12,79
RGA,Reinsurance Group of America,204.74,0,4,0,37,41,-14,16,-14,50,38,79
MSGS,Madison Square Garden Sports,196.82,42,0,-7,18,53,-3,17,-13,24,25,78
VNOM,Viper Energy,41.15,0,0,0,41,41,-5,12,-15,44,36,77
PNW,Pinnacle West Capital,90.53,-44,0,55,15,26,2,17,9,23,51,77
HPQ,HP Inc.,28.8,43,3,-12,1,35,36,9,-16,13,42,77
CPAY,Corpay,347.05,28,3,4,18,53,-2,10,-6,22,24,77
WDC,Western Digital,49.75,28,4,0,15,47,32,15,-15,-2,30,77
EOG,EOG Resources,115.55,29,-30,-7,42,34,-2,4,-8,48,42,76
MUSA,Murphy USA,451.03,-42,-6,0,65,17,5,-6,-16,76,59,76
NWSA,News Corp (Class A),28.15,0,4,4,55,63,-19,17,-4,18,12,75
LH,Labcorp,246.35,0,10,42,12,64,-12,10,-2,15,11,75
SOFI,SoFi,13.56,28,3,33,0,64,-5,15,-7,8,11,75
SMCI,Supermicro,43.97,28,0,-38,55,45,36,3,-3,-6,30,75
SW,Smurfit Westrock,46.64,37,1,0,0,38,42,5,-10,0,37,75
BWXT,BWX Technologies,108.83,3,2,0,32,37,2,19,-12,28,37,74
TYL,Tyler Technologies,572.73,55,0,0,14,69,2,3,-15,15,5,74
DKS,Dick's Sporting Goods,179.02,-7,-1,0,60,52,-7,7,-8,30,22,74
IVZ,Invesco,15.33,70,0,-7,0,63,-3,10,-7,10,10,73
CAVA,Cava Group,99.13,28,0,-1,0,27,42,19,-15,0,46,73
ZI,ZoomInfo,10.34,98,1,-10,0,89,21,7,-15,-29,-16,73
COLB,Columbia Banking System,25.13,70,4,0,-6,68,-3,13,-13,7,4,72
FOUR,Shift4,89.03,42,0,3,0,45,-3,13,-4,21,27,72
FHB,"First Hawaiian, Inc.",24.51,42,2,1,11,56,-3,14,-7,11,15,71
FTV,Fortive,72.47,49,3,-8,30,74,-3,6,-4,-2,-3,71
HES,Hess Corporation,134.91,41,-29,-7,52,57,-6,3,18,-1,14,71
ALGM,Allegro MicroSystems,27.02,42,3,1,0,46,36,4,-2,-13,25,71
CTRA,Coterra,24.7,21,-29,0,41,33,30,-27,25,10,38,71
FDX,FedEx,231.03,70,0,-13,29,86,-3,4,-15,-1,-15,71
NCLH,Norwegian Cruise Line Holdings,19.09,63,0,-7,0,56,-1,5,-7,17,14,70
DINO,HF Sinclair,37.24,78,6,-37,-6,41,72,11,-49,-5,29,70
VRTX,Vertex Pharmaceuticals,434.42,-56,-8,0,101,37,-9,-3,10,34,32,69
VAC,Marriott Vacations Worldwide,71.4,78,3,-12,-14,55,42,6,-12,-22,14,69
COKE,Coca-Cola Consolidated,1161.69,-3,-11,0,63,49,-16,-11,-3,49,19,68
SEE,Sealed Air,31.74,56,4,-11,-21,28,68,15,-14,-29,40,68
KNSL,Kinsale Capital Group,458.88,2,-5,3,30,30,-16,-15,-14,82,37,67
HUBS,HubSpot,663.63,28,0,4,8,40,-2,16,-5,16,25,65
MSM,MSC Industrial Direct,79.87,28,4,-51,55,36,34,19,-18,-6,29,65
CMS,CMS Energy,70.91,-38,0,63,20,45,2,-2,9,11,20,65
MRP,Millrose Properties,28.64,28,0,0,0,28,23,14,0,0,37,65
HST,Host Hotels & Resorts,15.42,81,4,-19,1,67,-3,17,-14,-3,-3,64
EQIX,Equinix,866.92,4,4,4,31,43,-9,17,-10,23,21,64
PLD,Prologis,109.22,78,1,-10,0,69,-13,15,-7,-2,-7,62
GLW,Corning Inc.,47.61,28,3,6,14,51,-3,10,-7,11,11,62
BOKF,BOK Financial Corporation,97.35,42,0,0,19,61,-3,5,-13,11,0,61
K,Kellanova,82.13,-34,-2,56,18,38,-55,-1,68,10,22,60
PSN,Parsons Corporation,68.3,14,0,-14,0,0,43,2,-17,32,60,60
ATR,AptarGroup,155.02,7,10,0,17,34,2,17,-15,22,26,60
TOL,Toll Brothers,106.35,1,0,-10,58,49,-6,10,-16,23,11,60
DKNG,DraftKings,36.63,48,0,-8,0,40,-3,10,-5,17,19,59
UAL,United Airlines Holdings,76.54,-1,0,37,8,44,-7,16,-7,13,15,59
CHRW,C.H. Robinson,98.87,28,2,0,1,31,33,4,-14,5,28,59
AFG,American Financial Group,124.19,0,0,0,53,53,-8,17,-15,11,5,58
TKR,Timken Company,72.53,70,3,-11,1,63,-3,8,-8,-2,-5,58
ECL,Ecolab,255.91,6,2,3,19,30,2,12,-2,16,28,58
AXTA,Axalta,32.39,23,0,-3,19,39,-3,15,-16,23,19,58
OWL,Blue Owl Capital,19.33,42,0,0,0,42,-3,9,-8,18,16,58
XYL,Xylem Inc.,126.63,43,4,0,19,66,-3,14,-39,19,-9,57
MKSI,MKS Instruments,91.2,43,3,-14,-10,22,36,9,-8,-2,35,57
VZ,Verizon,43.48,2,1,17,7,27,2,7,10,11,30,57
ROKU,"Roku, Inc.",70.05,28,0,0,-16,12,39,9,-5,1,44,56
ALNY,Alnylam Pharmaceuticals,283.72,16,3,4,12,35,19,11,-21,12,21,56
PHM,PulteGroup,102.8,-8,0,-10,62,44,-9,15,-21,26,11,55
DLR,Digital Realty,167.8,0,10,2,19,31,2,17,-11,16,24,55
CDW,CDW,188.43,124,4,-29,1,100,-1,11,-50,-5,-45,55
BHF,Brighthouse Financial,59.62,29,7,5,8,49,-9,13,-4,5,5,54
G,Genpact,43.87,0,-9,40,7,38,17,-6,-2,7,16,54
BKR,Baker Hughes,37.72,35,-30,0,32,37,-3,3,-6,23,17,54
LUV,Southwest Airlines,31.84,99,3,3,-36,69,-10,6,-12,1,-15,54
AEP,American Electric Power,101.61,-42,-4,60,20,34,1,-2,10,11,20,54
TPG,TPG Inc.,51.29,42,0,0,0,42,-3,10,-11,16,12,54
NVR,"NVR, Inc.",7233.37,-2,0,-10,62,50,-8,4,-19,26,3,53
DAR,Darling Ingredients,35.33,110,4,-13,-17,84,-3,16,-17,-27,-31,53
MCHP,Microchip Technology,60.82,120,4,-33,0,91,-3,10,-42,-4,-39,52
ALLY,Ally Financial,35.77,42,3,0,1,46,-4,5,-8,13,6,52
LHX,L3Harris,227.07,7,26,0,2,35,5,19,-18,11,17,52
EIX,Edison International,57.6,10,6,-19,1,-2,5,17,-16,47,53,51
Z,Zillow (Class C),68.3,0,0,41,-4,37,-8,10,-5,17,14,51
FCN,FTI Consulting,165.31,1,0,-24,92,69,1,17,-34,-2,-18,51
SNDR,Schneider National,24.27,68,0,-10,0,58,-3,3,-14,7,-7,51
CUZ,Cousins Properties,28.52,40,3,4,8,55,-14,11,-11,10,-4,51
SN,SharkNinja,100.67,43,4,1,0,48,-3,10,-5,0,2,50
DOX,Amdocs,90.67,-14,13,4,55,58,-16,11,-6,2,-9,49
GTLB,GitLab,51.8,43,0,-8,0,35,-3,9,-7,15,14,49
SMG,Scotts Miracle-Gro Company,61.08,66,0,-9,-36,21,34,3,-19,10,28,49
QRVO,Qorvo,78.47,127,4,-30,-28,73,-1,12,-34,-2,-25,48
HAS,Hasbro,66.49,43,4,1,0,48,-2,15,-21,8,0,48
TTC,Toro Company (The),76.45,78,3,-22,-4,55,36,9,-35,-17,-7,48
DLB,Dolby Laboratories,77.24,37,0,1,6,44,-3,9,-7,5,4,48
ZBRA,Zebra Technologies,298.58,50,0,-8,-4,38,-2,9,-8,10,9,47
DOCS,Doximity,58.46,-2,0,41,0,39,-7,10,-4,9,8,47
JLL,Jones Lang LaSalle,235.54,28,0,0,11,39,-5,9,-7,11,8,47
TROW,T. Rowe Price,97.65,70,2,-10,-22,40,-2,10,-12,10,6,46
KMB,Kimberly-Clark,137.38,46,-17,1,15,45,5,-38,10,23,0,45
SWKS,Skyworks Solutions,72.31,126,2,-30,-27,71,-3,12,-33,-2,-26,45
CGNX,Cognex Corporation,31.64,119,0,-27,-28,64,44,8,-35,-37,-20,44
BRBR,BellRing Brands,64.28,0,-8,1,0,-7,-2,35,-6,24,51,44
CART,Maplebear Inc.,44.09,0,0,10,0,10,19,19,-4,0,34,44
DHI,D. R. Horton,123.39,-13,-2,-15,62,32,-8,15,-22,27,12,44
JNPR,Juniper Networks,36.32,-1,1,0,51,51,-14,13,-24,17,-8,43
AOS,A. O. Smith,69.43,42,4,-29,55,72,-8,16,-35,-2,-29,43
APTV,Aptiv,68.11,126,4,0,-21,109,41,10,-84,-33,-66,43
LCID,Lucid Motors,2.68,31,0,-19,0,12,35,31,-4,-32,30,42
PEN,"Penumbra, Inc.",275.16,-9,0,19,8,18,-15,17,33,-12,23,41
CVX,Chevron Corporation,142.3,35,-29,-7,45,44,-6,-27,27,3,-3,41
SPG,Simon Property Group,163.04,-2,1,0,32,31,-16,10,-2,18,10,41
TFC,Truist Financial,41.18,28,3,0,1,32,-2,9,-10,11,8,40
TXT,Textron,76.02,42,4,-22,50,74,-3,14,-43,-2,-34,40
THO,Thor Industries,81.49,68,0,-13,-3,52,-3,10,-16,-3,-12,40
ULTA,Ulta Beauty,411.61,28,14,0,0,42,-3,17,-10,-6,-2,40
IP,International Paper,49.57,28,-35,0,13,6,26,2,-7,13,34,40
KNX,Knight-Swift,45.56,70,0,-12,0,58,-6,5,-8,-10,-19,39
CNM,Core & Main,52.56,3,6,6,0,15,-7,17,-7,21,24,39
PARAA,Paramount Global (Class A),22.67,1,-9,26,0,18,1,9,8,3,21,39
ALLE,Allegion,142.9,0,16,3,18,37,-14,16,-19,19,2,39
ALK,Alaska Air Group,52.98,0,0,32,1,33,-3,7,-4,6,6,39
PCG,PG&E Corporation,17.38,3,10,-17,1,-3,3,17,-16,37,41,38
DBX,Dropbox,29.47,0,7,6,6,19,2,19,-7,5,19,38
AMG,Affiliated Managers Group,180.59,0,10,2,19,31,-10,17,-14,14,7,38
RIVN,Rivian,15.31,39,6,0,0,45,7,14,-10,-18,-7,38
CI,Cigna,308.88,-49,0,0,55,6,-28,-1,7,54,32,38
AGO,Assured Guaranty,86.58,-35,3,33,53,54,-45,17,-7,19,-16,38
ESS,Essex Property Trust,285.38,3,1,1,11,16,2,11,-2,11,22,38
EW,Edwards Lifesciences,76.87,14,16,0,-11,19,16,17,17,-32,18,37
BBY,Best Buy,72.83,52,1,-11,-3,39,-3,10,-22,13,-2,37
SOLV,Solventum,72.92,42,0,0,0,42,-9,5,-3,0,-7,35
IDA,Idacorp,113.56,-44,0,43,15,14,2,-2,13,7,20,34
LNW,Light & Wonder,83.64,-3,-34,-8,54,9,-4,9,-2,22,25,34
OHI,Omega Healthcare Investors,36.35,0,-9,0,37,28,-2,-2,-18,28,6,34
AMTM,Amentum,21.59,6,16,0,0,22,2,17,-9,0,10,32
JKHY,Jack Henry & Associates,180.68,42,1,3,1,47,-12,3,-14,8,-15,32
HXL,Hexcel,54.09,59,0,-16,0,43,-3,5,-8,-6,-12,31
EQR,Equity Residential,70.89,2,3,1,10,16,3,17,-16,10,14,30
FANG,Diamondback Energy,141.9,40,0,-16,44,68,-6,5,-35,-2,-38,30
NVST,Envista,18.1,78,0,-10,0,68,-9,10,-10,-29,-38,30
TTEK,Tetra Tech,35.19,42,2,-16,2,30,-15,17,-19,16,-1,29
LOAR,Loar Holdings,83.65,-17,27,0,0,10,-13,31,1,0,19,29
AGNC,AGNC Investment,9.07,28,-32,1,13,10,-3,9,-1,14,19,29
ESTC,Elastic NV,92.13,30,0,0,-3,27,-1,9,-5,-1,2,29
XYZ,"Block, Inc.",57.01,28,0,-11,-33,-16,45,1,-12,10,44,28
ED,Consolidated Edison,102.02,-43,0,15,44,16,-35,-4,9,42,12,28
BBWI,"Bath & Body Works, Inc.",33.99,42,3,-12,-12,21,-2,15,-3,-3,7,28
GNRC,Generac,127.48,70,0,-7,-31,32,-3,6,-15,7,-5,27
CL,Colgate-Palmolive,89.64,0,-11,-2,20,7,3,-6,-1,23,19,26
EXC,Exelon,43.42,-45,0,42,11,8,1,-3,13,7,18,26
RH,RH,218.25,43,0,-11,-4,28,-3,5,-10,6,-2,26
NEM,Newmont,49.85,-28,28,6,-1,5,-36,43,6,7,20,25
X,U.S. Steel,41.18,-7,6,6,23,28,-15,-1,10,3,-3,25
TFSL,Third Federal S&L,13.45,0,17,4,2,23,-17,18,-16,16,1,24
FIS,Fidelity National Information Services,78.75,30,19,0,-34,15,1,17,-17,8,9,24
WPC,W. P. Carey,61.27,-28,1,16,0,-11,2,17,13,2,34,23
TAP,Molson Coors,56.29,16,-15,-2,11,10,33,-21,-1,2,13,23
BXP,"BXP, Inc.",66.96,28,2,-7,-36,-13,25,17,-16,10,36,23
CNXC,Concentrix,55.14,42,4,0,0,46,-8,7,8,-30,-23,23
CHH,Choice Hotels,128.3,20,-48,-2,12,-18,28,5,-4,11,40,22
KVUE,Kenvue,23.89,-16,6,30,0,20,-19,15,6,0,2,22
APPF,AppFolio,212.07,-2,-3,-5,25,15,-14,3,-7,25,7,22
AES,AES Corporation,12.42,57,3,-29,-8,23,56,4,-40,-21,-1,22
PK,Park Hotels & Resorts,10.83,42,0,-13,-4,25,-3,15,-15,-2,-5,20
QCOM,Qualcomm,152.61,43,2,-12,19,52,-3,12,-39,-2,-32,20
ST,Sensata Technologies,27.32,119,4,-29,-12,82,-3,8,-36,-32,-63,19
PAYC,Paycom,256.46,44,17,6,-21,46,-7,17,-3,-34,-27,19
TEAM,Atlassian,220.92,0,0,6,-3,3,-3,16,-5,8,16,19
WAT,Waters Corporation,351.6,4,0,1,11,16,-12,10,-7,11,2,18
TDC,Teradata,23.12,119,0,-66,-14,39,-3,9,-14,-13,-21,18
ZG,Zillow (Class A),67.21,0,0,41,-38,3,-7,10,-5,17,15,18
PB,Prosperity Bancshares,72.22,0,3,0,11,14,-6,10,-11,11,4,18
SBUX,Starbucks,87.26,28,-39,0,0,-11,23,3,-2,4,28,17
BLD,TopBuild,296.33,-2,0,-16,43,25,-7,10,-33,22,-8,17
DAY,Dayforce,59.15,26,0,-7,-9,10,-1,17,-11,2,7,17
CSGP,CoStar Group,76.0,0,-8,-2,11,1,14,-3,10,-6,15,16
MTDR,Matador Resources,44.59,42,0,-16,0,26,-3,4,-9,-3,-11,15
CFLT,"Confluent, Inc.",22.73,27,-50,-3,0,-26,48,-3,-5,1,41,15
QGEN,Qiagen,42.27,-15,1,-2,0,-16,-14,42,-8,10,30,14
RNG,RingCentral,28.04,120,0,-13,-38,69,-9,9,-13,-42,-55,14
TER,Teradyne,83.04,43,0,-16,-3,24,-3,5,-10,-2,-10,14
HII,Huntington Ingalls Industries,228.29,-28,42,0,3,17,-19,18,3,-6,-4,13
NBIX,Neurocrine Biosciences,120.26,4,0,-15,22,11,-4,14,-7,-1,2,13
GRAL,"Grail, Inc.",38.99,6,0,0,0,6,-6,17,-4,0,7,13
LSCC,Lattice Semiconductor,52.25,30,0,-7,0,23,-3,9,-4,-12,-10,13
PSA,Public Storage,305.11,3,5,0,12,20,-12,17,-22,10,-7,13
FRPT,Freshpet,83.35,6,0,-11,0,-5,5,4,-7,16,18,13
RKT,Rocket Companies,12.78,19,-9,-6,0,4,20,-33,5,17,9,13
GME,GameStop,28.62,32,7,0,-27,12,-4,18,-10,-4,0,12
FCX,Freeport-McMoRan,38.5,0,4,-24,55,35,-7,10,-23,-3,-23,12
HAYW,Hayward Holdings,14.35,0,4,0,0,4,-3,11,-13,13,8,12
CUBE,CubeSmart,42.69,1,10,-10,19,20,-12,15,-23,11,-9,11
WH,Wyndham Hotels & Resorts,85.86,-2,-49,39,8,-4,-2,9,-4,12,15,11
AA,Alcoa,28.69,41,0,-8,-17,16,34,4,-14,-29,-5,11
EA,Electronic Arts,149.59,-25,26,6,4,11,-40,18,3,18,-1,10
CROX,Crocs,117.24,68,6,-29,1,46,-1,6,-39,-2,-36,10
MDB,MongoDB Inc.,190.43,43,0,-13,-6,24,-3,9,-14,-6,-14,10
JBHT,J. B. Hunt,147.87,49,0,-18,0,31,-3,4,-15,-7,-21,10
A,Agilent Technologies,112.29,28,0,-10,-2,16,-5,7,-7,-2,-7,9
VNO,Vornado Realty Trust,39.46,0,4,4,1,9,-12,10,-10,12,0,9
AMT,American Tower,211.75,-28,0,3,0,-25,2,16,7,8,33,8
DLTR,Dollar Tree,86.65,0,21,0,-12,9,-14,20,12,-19,-1,8
RNR,RenaissanceRe,242.71,-15,1,0,32,18,-28,9,-16,25,-10,8
EEFT,Euronet Worldwide,109.48,0,7,2,0,9,-16,9,-4,10,-1,8
NDSN,Nordson,201.23,42,3,-23,0,22,-3,9,-16,-4,-14,8
SYY,Sysco,72.35,7,0,-3,0,4,4,4,-15,11,4,8
ACI,Albertsons,21.91,-19,21,12,0,14,-27,12,14,-6,-7,7
MDT,Medtronic,86.11,28,-29,1,-3,-3,-3,4,-1,10,10,7
FRT,Federal Realty Investment Trust,96.73,9,1,-10,1,1,-6,17,-16,11,6,7
AVY,Avery Dennison,181.85,42,3,-22,1,24,-2,17,-30,-2,-17,7
AMCR,Amcor,9.32,7,0,-7,0,0,4,17,-22,8,7,7
LNC,Lincoln Financial,34.1,0,3,5,-3,5,-5,7,-5,5,2,7
UHAL-B,U-Haul (Series N),58.4,29,0,-10,0,19,-3,9,-24,6,-12,7
VVV,Valvoline,34.22,25,0,-13,28,40,-3,5,-35,-1,-34,6
DD,DuPont,68.19,-2,0,-8,15,5,-8,9,-22,22,1,6
VFC,VF Corporation,14.86,99,-50,-7,-40,2,2,5,-7,4,4,6
INCY,Incyte,62.76,11,0,-6,-28,-23,30,12,-18,4,28,5
OVV,Ovintiv,37.63,42,0,-24,0,18,-3,4,-11,-3,-13,5
SFD,Smithfield Foods,22.92,6,0,0,0,6,-20,17,0,0,-3,3
GFS,GlobalFoundries,39.54,42,3,-69,0,-24,34,9,-4,-14,25,1
APD,Air Products,274.39,29,-48,0,13,-6,1,5,-6,7,7,1
MAA,Mid-America Apartment Communities,160.9,-21,3,45,4,31,-51,15,-2,8,-30,1
INFA,Informatica,19.59,30,0,-29,0,1,-4,17,-14,-4,-5,-4
RPRX,Royalty Pharma,33.12,1,7,19,0,27,-24,15,13,-35,-31,-4
SON,Sonoco,45.83,58,2,-31,0,29,2,5,-29,-11,-33,-4
OTIS,Otis Worldwide,97.89,6,-17,0,0,-11,-19,4,-1,23,7,-4
CZR,Caesars Entertainment,30.31,31,0,-13,-22,-4,39,17,-22,-34,0,-4
AWK,American Water Works,140.38,-28,0,13,0,-15,1,-4,9,5,11,-4
BG,Bunge Global,80.03,25,24,-31,0,18,-5,17,-34,-2,-24,-6
LSTR,Landstar,144.62,40,0,-22,0,18,5,4,-29,-4,-24,-6
FI,Fiserv,159.12,-7,-30,-1,32,-6,-7,-16,-2,24,-1,-7
ELAN,Elanco,12.96,49,7,-24,-4,28,-1,9,-40,-3,-35,-7
VTR,"Ventas, Inc.",64.83,-77,-3,59,19,-2,-44,17,10,12,-5,-7
AVB,AvalonBay Communities,205.58,-22,1,0,13,-8,-14,17,-15,12,0,-8
GEHC,GE HealthCare,72.93,0,0,-7,0,-7,-8,7,-5,5,-1,-8
MTD,Mettler Toledo,1146.12,28,0,-10,0,18,-5,9,-28,-2,-26,-8
BC,Brunswick Corporation,52.14,41,0,-25,-4,12,-3,4,-16,-6,-21,-9
DV,DoubleVerify,14.4,28,0,-57,0,-29,21,10,-5,-7,19,-10
DVA,DaVita,143.62,0,-23,0,17,-6,2,-15,-7,16,-4,-10
YETI,Yeti Holdings,32.16,28,0,-22,-3,3,2,4,-13,-7,-14,-11
MASI,Masimo,154.43,-9,-42,33,-3,-21,-12,17,-2,7,10,-11
AMKR,Amkor Technology,19.93,43,0,-27,0,16,-1,10,-35,-2,-28,-12
UDR,"UDR, Inc.",41.9,-21,1,0,4,-16,-21,15,-2,10,2,-14
HHH,Howard Hughes Holdings,70.77,0,0,0,-3,-3,-12,5,-15,11,-11,-14
EXR,Extra Space Storage,148.64,0,1,0,0,1,-19,17,-23,10,-15,-14
BLDR,Builders FirstSource,117.96,26,-72,-15,62,1,-3,-61,-19,68,-15,-14
CMCSA,Comcast,35.32,30,1,-22,-6,3,2,4,-19,-5,-18,-15
EXAS,Exact Sciences,56.18,10,10,-15,-22,-17,20,14,-19,-13,2,-15
KRC,Kilroy Realty,32.53,30,0,-7,-37,-14,-12,15,-13,8,-2,-16
PINC,"Premier, Inc.",22.78,0,15,4,-25,-6,-22,41,2,-31,-10,-16
SJM,J.M. Smucker Company (The),112.68,0,0,0,-1,-1,4,-3,4,-20,-15,-16
CACC,Credit Acceptance,500.12,0,1,0,1,2,-19,5,-2,-2,-18,-16
EPAM,EPAM Systems,184.66,52,0,-13,-24,15,-3,9,-4,-34,-32,-17
CPRI,Capri Holdings,18.48,99,0,-59,-8,32,-2,5,-23,-29,-49,-17
GPC,Genuine Parts Company,127.44,28,2,-37,0,-7,34,16,-47,-14,-11,-18
U,Unity Technologies,21.24,6,0,0,0,6,-5,17,-4,-32,-24,-18
MP,MP Materials,21.34,-49,-5,19,0,-35,-5,-12,32,1,16,-19
WEX,WEX Inc.,137.3,28,-30,-30,-2,-34,36,4,-21,-5,14,-20
D,Dominion Energy,55.04,0,2,0,-31,-29,2,17,-17,7,9,-20
AAL,American Airlines Group,11.76,98,0,-8,-73,17,-3,9,-8,-36,-38,-21
NOC,Northrop Grumman,469.04,-27,-3,-1,55,24,-48,-11,4,9,-46,-22
BALL,Ball Corporation,53.37,25,4,-22,-8,-1,-7,16,-29,-2,-22,-23
EG,Everest Group,343.7,0,-9,-23,52,20,-19,2,-24,-2,-43,-23
CPT,Camden Property Trust,117.99,0,2,3,1,6,-45,10,-2,8,-29,-23
SWK,Stanley Black & Decker,70.7,39,0,-16,-36,-13,-3,4,-22,11,-10,-23
LEN-B,Lennar (Class B),106.53,43,-116,-15,59,-29,-8,8,-22,27,5,-24
ON,ON Semiconductor,44.52,35,3,-24,-3,11,-3,10,-30,-12,-35,-24
WFRD,Weatherford International,48.45,42,0,-31,0,11,-3,5,-35,-2,-35,-24
DG,Dollar General,92.99,2,45,-44,-14,-11,5,-4,9,-23,-13,-24
BFAM,Bright Horizons,122.36,-39,2,1,5,-31,-19,11,2,12,6,-25
WTRG,Essential Utilities,38.15,-28,0,12,0,-16,-38,17,9,2,-10,-26
HOG,Harley-Davidson,24.4,41,0,-30,-6,5,-3,5,-25,-8,-31,-26
UAA,Under Armour (Class A),6.55,28,0,-15,-41,-28,36,14,-15,-34,1,-27
INVH,Invitation Homes,34.03,-21,2,3,4,-12,-51,17,8,11,-15,-27
CCI,Crown Castle,100.76,-28,0,-1,-25,-54,1,15,7,2,25,-29
COO,Cooper Companies (The),81.45,-15,0,-14,-2,-31,-16,17,-19,19,1,-30
TREX,"Trex Company, Inc.",60.05,28,0,-41,-10,-23,-3,12,-13,-3,-7,-30
UA,Under Armour (Class C),6.21,28,0,-15,-34,-21,36,6,-19,-34,-11,-32
SITE,SiteOne Landscape Supply,122.7,0,0,-13,-6,-19,-3,10,-16,-5,-14,-33
PARA,Paramount Global (Class B),11.9,37,5,0,-36,6,-7,11,-1,-42,-39,-33
WY,Weyerhaeuser,26.48,42,-30,-10,0,2,-12,4,-22,-5,-35,-33
ELS,Equity Lifestyle Properties,63.82,0,-29,-8,0,-37,2,8,-19,12,3,-34
PYPL,PayPal,71.57,1,0,-1,-36,-36,-3,10,-11,6,2,-34
SHC,Sotera Health,12.74,0,9,-14,0,-5,-19,11,-19,-3,-30,-35
PPG,PPG Industries,113.11,28,4,-33,-5,-6,-13,12,-24,-5,-30,-36
WMS,Advanced Drainage Systems,117.54,0,4,-27,1,-22,-7,17,-41,16,-15,-37
MGM,MGM Resorts International,34.38,43,4,-43,0,4,-2,17,-50,-6,-41,-37
SBAC,SBA Communications,229.33,-28,24,3,-17,-18,-42,17,4,2,-19,-37
NNN,NNN Reit,41.47,-21,2,-1,19,-1,-42,17,-22,11,-36,-37
MHK,Mohawk Industries,107.76,0,-2,-13,-8,-23,-9,4,-21,11,-15,-38
EMN,Eastman Chemical Company,81.3,28,-47,-8,0,-27,-5,4,-22,12,-11,-38
FAF,First American Financial Corporation,60.13,-42,-9,0,11,-40,-14,4,-6,15,-1,-41
ES,Eversource Energy,62.38,2,7,2,-7,4,-8,10,-22,-25,-45,-41
IFF,International Flavors & Fragrances,76.12,0,0,-10,-28,-38,-5,16,-22,8,-3,-41
INSP,Inspire Medical Systems,149.6,0,-1,-10,-3,-14,-6,5,-15,-14,-30,-44
MEDP,Medpace,296.11,-2,-47,-14,29,-34,-12,9,-6,-1,-10,-44
ENTG,Entegris,78.6,23,-1,-31,-3,-12,-3,9,-36,-2,-32,-44
BILL,Bill.com,46.83,0,0,-11,0,-11,-2,10,-7,-34,-33,-44
MTN,Vail Resorts,151.44,42,0,-20,-20,2,-3,4,-14,-33,-46,-44
NWL,Newell Brands,5.97,42,0,-14,-28,0,-2,4,-14,-33,-45,-45
WSC,WillScot Mobile Mini,29.58,42,0,-52,-3,-13,-3,9,-29,-9,-32,-45
VTRS,Viatris,8.8,-15,0,-12,-4,-31,-26,11,-16,16,-15,-46
INTC,Intel,21.55,42,0,-56,-17,-31,-6,4,-4,-9,-15,-46
KDP,Keurig Dr Pepper,33.54,-56,0,0,0,-56,2,-7,5,9,9,-47
M,"Macy's, Inc.",12.0,-2,0,-18,-12,-32,-7,7,-12,-3,-15,-47
DNB,Dun & Bradstreet,8.97,0,0,-13,0,-13,-3,17,-15,-34,-35,-48
FND,Floor & Decor,78.32,-2,0,-22,-3,-27,-7,5,-16,-3,-21,-48
CCCS,CCC Intelligent Solutions,8.98,1,0,-15,0,-14,-16,-1,-14,-3,-34,-48
VKTX,Viking Therapeutics,27.44,-14,0,-27,18,-23,-16,13,-20,-3,-26,-49
DJT,Trump Media & Technology Group,24.98,-2,0,-43,0,-45,-5,18,-11,-6,-4,-49
CERT,"Certara, Inc.",11.61,-14,0,-2,0,-16,-17,17,-5,-29,-34,-50
MKC,McCormick & Company,74.74,-15,-22,0,-1,-38,-21,3,-1,7,-12,-50
AMED,Amedisys,93.65,-24,21,-1,-37,-41,-45,17,12,7,-9,-50
JAZZ,Jazz Pharmaceuticals,106.08,0,-35,-2,-3,-40,22,4,-3,-36,-13,-53
GPN,Global Payments,82.99,78,-64,-14,-36,-36,-3,4,-11,-7,-17,-53
ZTS,Zoetis,160.13,1,1,-22,0,-20,-16,10,-25,-2,-33,-53
JNJ,Johnson & Johnson,149.63,-32,-5,-1,0,-38,-32,15,-1,3,-15,-53
TRIP,Tripadvisor,15.16,81,3,-48,-49,-13,-3,9,-5,-41,-40,-53
STZ,Constellation Brands,190.68,2,10,-32,0,-20,2,17,-48,-5,-34,-54
WST,West Pharmaceutical Services,210.68,-14,0,-14,-4,-32,-14,11,-14,-5,-22,-54
POOL,Pool Corporation,313.59,30,-47,-10,-3,-30,-6,4,-16,-6,-24,-54
DVN,Devon Energy,33.41,42,3,-37,-2,6,-5,5,-43,-19,-62,-56
NSA,National Storage Affiliates,35.44,-29,-8,-2,-1,-40,-19,15,-23,9,-18,-58
SLB,Schlumberger,35.74,42,-30,-57,0,-45,-3,4,-8,-7,-14,-59
OXY,Occidental Petroleum,43.39,42,0,-42,0,0,-6,4,-46,-13,-61,-61
REXR,Rexford Industrial,35.4,78,-30,-33,-15,0,-9,4,-28,-29,-62,-62
AKAM,Akamai Technologies,76.45,-35,0,-13,-4,-52,-7,16,-13,-7,-11,-63
RGEN,Repligen,123.26,-15,-1,-3,-14,-33,-7,17,-7,-34,-31,-64
COLM,Columbia Sportswear,67.21,0,-47,-8,-3,-58,-14,1,-3,10,-6,-64
IAC,IAC Inc.,37.92,42,4,-27,-28,-9,-3,5,-22,-35,-55,-64
LINE,"Lineage, Inc.",47.38,6,-29,0,0,-23,-12,-12,-18,0,-42,-65
CIVI,Civitas Resources,29.48,28,-1,-42,-3,-18,-3,4,-42,-6,-47,-65
ROIV,Roivant Sciences,10.75,-42,14,-2,0,-30,-58,17,-15,21,-35,-65
OMC,Omnicom Group,76.3,-7,-108,-14,42,-87,-14,6,-19,47,20,-67
UNH,UnitedHealth Group,274.22,-140,-20,-5,-1,-166,-50,-15,-18,181,98,-68
ILMN,"Illumina, Inc.",80.9,28,0,-15,-37,-24,-3,10,-15,-37,-45,-69
CHRD,Chord Energy,95.88,41,-30,-37,1,-25,-6,4,-41,-3,-46,-71
NUE,Nucor,115.35,-7,0,-42,0,-49,-9,11,-19,-5,-22,-71
ELV,Elevance Health,390.0,-21,-3,-31,0,-55,-19,-18,5,14,-18,-73
ADM,Archer Daniels Midland,48.88,3,5,-33,-8,-33,-6,17,-35,-17,-41,-74
ACHC,Acadia Healthcare,25.66,70,-56,-35,-8,-29,-7,3,-29,-13,-46,-75
IONS,Ionis Pharmaceuticals,32.99,1,7,-36,-8,-36,-12,13,-33,-7,-39,-75
SUI,Sun Communities,121.2,-51,0,-2,-21,-74,-19,15,-6,8,-2,-76
WBA,Walgreens Boots Alliance,11.18,0,4,0,-74,-70,-13,19,17,-32,-9,-79
SIRI,Sirius XM,22.34,56,0,-70,-28,-42,5,8,-36,-14,-37,-79
PLTK,Playtika,5.01,-41,0,-13,0,-54,-14,29,-14,-28,-27,-81
NCNO,nCino,24.48,42,-102,-13,0,-73,-12,6,-15,12,-9,-82
ENOV,Enovis,35.74,28,0,-52,-14,-38,-3,5,-12,-34,-44,-82
LEA,Lear Corporation,93.77,42,4,-55,-14,-23,-6,9,-51,-12,-60,-83
HRL,Hormel Foods,30.17,7,1,-22,-20,-34,5,-13,-14,-27,-49,-83
BF-B,Brown–Forman (Class B),35.59,43,4,-90,-15,-58,4,17,-22,-25,-26,-84
COP,ConocoPhillips,92.99,28,-30,-32,1,-33,-3,4,-48,-5,-52,-85
BIO,Bio-Rad Laboratories,243.45,0,0,-14,-25,-39,-10,17,-19,-34,-46,-85
HSY,Hershey Company (The),163.64,-21,-3,-32,-1,-57,-19,8,-1,-16,-28,-85
W,Wayfair,38.76,42,4,-50,-38,-42,-3,10,-14,-37,-44,-86
NOV,NOV Inc.,12.9,42,-30,-42,-9,-39,-7,4,-33,-12,-48,-87
FMC,FMC Corporation,39.22,5,0,-27,-21,-43,3,-2,-23,-23,-45,-88
KSS,Kohl's,8.37,28,0,-49,-28,-49,34,5,-50,-29,-40,-89
LEN,Lennar (Class A),110.11,-2,-136,-17,61,-94,-10,9,-22,27,4,-90
FIVN,Five9,27.63,42,0,-66,-32,-56,-3,9,-4,-37,-35,-91
QS,QuantumScape,4.27,40,0,-71,0,-31,-3,9,-35,-33,-62,-93
RYN,Rayonier,24.03,7,-29,-7,-2,-31,-12,-29,-19,-6,-66,-97
CVS,CVS Health,60.46,-38,-2,0,-14,-54,-28,-2,12,-25,-43,-97
CNC,Centene,60.06,-20,-3,-31,-8,-62,-19,4,4,-25,-36,-98
REGN,Regeneron Pharmaceuticals,585.24,16,-46,-28,0,-58,28,-39,-29,-1,-41,-99
CE,Celanese,52.23,0,0,-30,-7,-37,-14,6,-48,-6,-62,-99
MPW,Medical Properties Trust,5.01,-21,-4,0,-33,-58,-19,-2,9,-32,-44,-102
GMED,Globus Medical,57.82,-35,-59,-2,-1,-97,-3,-5,-7,9,-6,-103
FBIN,Fortune Brands Innovations,54.66,28,-116,-13,-2,-103,-3,4,-19,17,-1,-104
SAM,Boston Beer Company,244.44,2,9,-22,-34,-45,2,-3,-18,-41,-60,-105
QDEL,QuidelOrtho,33.03,0,0,-10,-35,-45,-15,6,-10,-44,-63,-108
WHR,Whirlpool Corporation,83.67,42,-74,-11,-23,-66,-5,3,-7,-33,-42,-108
SAIA,Saia,279.96,0,-61,-13,1,-73,-3,-16,-15,-2,-36,-109
IRDM,Iridium Communications,25.63,-1,-47,-8,-16,-72,-19,8,-10,-16,-37,-109
LW,Lamb Weston,51.81,1,-11,-59,-5,-74,7,-19,-13,-11,-36,-110
COLD,Americold,18.0,0,-32,-28,-8,-68,2,-6,-28,-12,-44,-112
CRL,Charles River Laboratories,138.95,49,-37,-41,-23,-52,-13,7,-50,-5,-61,-113
ALGN,Align Technology,186.63,35,0,-54,-22,-41,-7,18,-49,-35,-73,-114
REYN,Reynolds Consumer Products,23.22,0,-70,-15,0,-85,-16,2,-27,10,-31,-116
TSN,Tyson Foods,55.65,-63,-9,0,-25,-97,-26,-9,8,8,-19,-116
ONTO,Onto Innovation,98.02,-35,-65,-13,0,-113,10,-5,-8,-1,-4,-117
BF-A,Brown–Forman (Class A),35.43,7,6,-89,-15,-91,5,17,-29,-21,-28,-119
KMX,CarMax,67.92,1,-53,-6,-33,-91,-6,-22,-10,8,-30,-121
O,Realty Income,55.4,-58,0,0,0,-58,-69,17,-21,10,-63,-121
CLVT,Clarivate,4.31,-2,0,-64,-3,-69,-3,13,-24,-39,-53,-122
MTCH,Match Group,28.98,1,-55,-13,-34,-101,16,15,-20,-35,-24,-125
AAP,Advance Auto Parts,34.43,9,-56,-39,-25,-111,20,3,-7,-31,-15,-126
IPGP,IPG Photonics,65.4,30,3,-73,-41,-81,-1,10,-14,-41,-46,-127
HR,Healthcare Realty Trust,14.79,-28,-29,0,-36,-93,-24,-1,-16,6,-35,-128
LYB,LyondellBasell,58.46,-2,-41,-31,-2,-76,-7,4,-45,-4,-52,-128
BDX,Becton Dickinson,172.27,0,-57,-15,-2,-74,-6,-31,-6,-12,-55,-129
BMRN,BioMarin Pharmaceutical,58.27,-21,-29,-37,-17,-104,-13,9,-2,-19,-25,-129
WBD,Warner Bros. Discovery,9.13,0,-30,0,-39,-69,-15,4,-7,-42,-60,-129
IPG,Interpublic Group of Companies (The),25.18,-5,-47,-30,0,-82,-14,7,-27,-14,-48,-130
DHR,Danaher Corporation,190.95,-14,-75,-16,0,-105,-12,15,-27,-1,-25,-130
PEP,PepsiCo,131.5,0,-29,-29,0,-58,1,-38,-26,-10,-73,-131
DXC,DXC Technology,16.02,-2,0,-12,-70,-84,-7,9,-19,-31,-48,-132
BMY,Bristol Myers Squibb,45.81,-55,-29,-2,-2,-88,-13,-32,-1,2,-44,-132
TGT,Target Corporation,97.08,-2,-67,-18,-8,-95,-14,5,-26,-3,-38,-133
WU,Western Union,9.79,-2,-29,-10,-43,-84,-18,15,-45,-2,-50,-134
RARE,Ultragenyx,34.85,-14,-59,-14,-35,-122,-15,16,-22,9,-12,-134
PENN,Penn Entertainment,15.81,0,-50,-10,-31,-91,-7,9,-5,-41,-44,-135
BAX,Baxter International,31.05,-14,-30,-10,-35,-89,-18,11,-1,-38,-46,-135
APA,APA Corporation,17.76,37,0,-72,-9,-44,-3,4,-76,-16,-91,-135
LBTYA,Liberty Global (Series A),9.99,0,-30,-27,-28,-85,11,-31,-25,-7,-52,-137
OGN,Organon & Co.,8.78,-1,-37,-16,0,-54,-19,-35,-29,-1,-84,-138
SEG,Seaport Entertainment Group,18.94,-11,-104,0,0,-115,-17,7,-15,0,-25,-140
MKTX,MarketAxess,213.45,-28,0,-15,-26,-69,-28,17,-19,-41,-71,-140
TECH,Bio-Techne,48.28,-12,-68,-14,-21,-115,-14,4,-14,-3,-27,-142
RVTY,Revvity,90.39,-11,-47,-7,-21,-86,-10,-39,-12,5,-56,-142
TMO,Thermo Fisher Scientific,404.17,-9,-55,-9,-2,-75,-6,-65,-8,11,-68,-143
WLK,Westlake Corporation,82.84,0,-61,-27,0,-88,-6,-10,-39,-3,-58,-146
GNTX,Gentex,22.67,41,-102,-29,-5,-95,-7,5,-46,-5,-53,-148
ANGI,Angi Inc.,16.35,49,3,-27,-48,-23,-7,-56,-25,-41,-129,-152
IQV,IQVIA,140.49,-14,-65,-27,-3,-109,-14,3,-29,-3,-43,-152
XRAY,Dentsply Sirona,16.51,42,1,-68,-39,-64,-5,8,-55,-37,-89,-153
SPB,Spectrum Brands,64.56,28,-104,-15,1,-90,-5,-65,-14,21,-63,-153
CPB,Campbell Soup Company,34.95,-17,-29,-19,-3,-68,-19,-39,-26,-2,-86,-154
AVTR,Avantor,12.83,27,-68,-16,0,-57,-3,-67,-27,-2,-99,-156
NKE,"Nike, Inc.",62.41,68,-47,-64,-18,-61,-3,5,-65,-33,-96,-157
TXG,10x Genomics,9.2,2,0,-63,0,-61,-6,9,-62,-39,-98,-159
NFE,New Fortress Energy,2.51,-7,-60,-58,0,-125,-7,4,-9,-22,-34,-159
MAN,ManpowerGroup,43.34,28,-30,-33,-25,-60,-3,-32,-33,-33,-101,-161
LBTYK,Liberty Global (Series C),10.25,0,-30,-27,-27,-84,11,-31,-24,-33,-77,-161
WEN,Wendy's Company (The),11.96,-21,-31,-24,-5,-81,-16,-37,-19,-12,-84,-165
UPS,United Parcel Service,100.36,28,-39,-93,-13,-117,-3,4,-21,-31,-51,-168
EL,Estée Lauder Companies (The),63.69,43,0,-107,-23,-87,-7,7,-52,-32,-84,-171
BIIB,Biogen,123.7,5,-33,-71,-24,-123,-5,4,-34,-15,-50,-173
GIS,General Mills,54.4,-21,-28,-28,-1,-78,-19,-38,-24,-16,-97,-175
FLO,Flowers Foods,17.06,-15,-29,-24,-5,-73,-19,-21,-44,-20,-104,-177
COTY,Coty,5.03,23,-76,-51,-4,-108,28,-39,-53,-6,-70,-178
CLX,Clorox,135.07,-14,-92,-4,-2,-112,-14,-50,-14,10,-68,-180
PRGO,Perrigo,26.3,0,-4,0,-110,-114,-18,6,-2,-52,-66,-180
HUN,Huntsman Corporation,12.39,0,-40,-32,-12,-84,-7,-33,-27,-30,-97,-181
ASH,Ashland Global,51.65,28,-129,-28,-6,-135,-6,5,-40,-7,-48,-183
CC,Chemours,11.03,-7,-78,-52,-10,-147,-8,11,-14,-27,-38,-185
PFE,Pfizer,22.6,-52,-37,-20,-20,-129,-13,10,-28,-25,-56,-185
RHI,Robert Half,47.2,32,-78,-16,-6,-68,-3,-74,-14,-29,-120,-188
ZBH,Zimmer Biomet,96.69,1,-27,-52,-14,-92,-13,-21,-51,-15,-100,-192
CHDN,Churchill Downs Incorporated,97.84,35,-104,-18,0,-87,-2,-113,-19,27,-107,-194
VSTS,Vestis,6.22,-14,-73,-8,0,-95,-13,-73,-14,0,-100,-195
HAL,Halliburton,21.06,1,-81,-50,-2,-132,-7,-2,-49,-6,-64,-196
ETSY,Etsy,46.98,0,0,-107,-27,-134,-19,4,-13,-34,-62,-196
UWMC,United Wholesale Mortgage,4.12,-56,-38,-16,0,-110,-19,-46,-29,-1,-95,-205
LEG,Leggett & Platt,9.54,-2,4,-119,-27,-144,-17,12,-22,-35,-62,-206
CLF,Cleveland-Cliffs,7.43,-42,-42,-50,-13,-147,-3,-1,-50,-5,-59,-206
BRKR,Bruker,36.67,-21,-69,-47,-5,-142,-19,9,-51,-6,-67,-209
AZTA,Azenta,26.68,0,-55,-40,-28,-123,-14,-60,-6,-6,-86,-209
CRI,Carter's,36.33,28,-73,-49,-14,-108,2,-72,-26,-6,-102,-210
MRK,Merck & Co.,74.8,-56,-32,-34,-1,-123,-14,-34,-38,-3,-89,-212
TFX,Teleflex,126.54,-2,-73,-29,-36,-140,-16,-28,-25,-7,-76,-216
FTRE,Fortrea,4.75,-28,-102,-23,0,-153,-19,4,-52,0,-67,-220
MRNA,Moderna,23.65,-14,-75,-42,-1,-132,-13,-1,-42,-36,-92,-224
ENPH,Enphase Energy,49.74,0,-88,-33,-17,-138,2,-29,-40,-21,-88,-226
SRPT,Sarepta Therapeutics,35.27,-53,-86,-16,-4,-159,-21,-8,-37,-3,-69,-228
DOC,Healthpeak Properties,17.3,-105,-30,-4,-28,-167,-16,-33,-19,6,-62,-229
DOW,Dow Inc.,29.91,-2,-139,-30,0,-171,-14,5,-45,-5,-59,-230
ARE,Alexandria Real Estate Equities,71.56,-21,-37,-24,-27,-109,-19,-39,-35,-32,-125,-234
GO,Grocery Outlet,13.99,-49,0,-87,0,-136,-61,-1,-15,-25,-102,-238
PII,Polaris Inc.,38.27,40,-141,-87,-14,-202,-14,4,-30,-14,-54,-256
KHC,Kraft Heinz,27.49,-98,-17,-29,0,-144,-109,-7,-1,-7,-124,-268
CAG,Conagra Brands,22.77,-147,-22,-19,-4,-192,-19,-36,-1,-20,-76,-268
SEB,Seaboard Corporation,2494.16,-56,-29,-86,-20,-191,-11,-39,-1,-26,-77,-268
OLN,Olin Corporation,21.11,-7,-138,-47,-6,-198,-14,10,-49,-20,-73,-271
ALB,Albemarle Corporation,60.33,1,-101,-115,-20,-235,-5,4,-14,-22,-37,-272
HUM,Humana,227.51,-58,-11,-76,-9,-154,-93,-14,-7,-17,-131,-285
WOLF,Wolfspeed,3.79,0,-36,-121,-27,-184,-2,9,-87,-34,-114,-298
HOLX,Hologic,55.77,0,-131,-22,-1,-154,-12,-123,-22,-4,-161,-315
APLS,Apellis Pharmaceuticals,16.36,-48,-68,-57,-13,-186,-51,-92,-55,-15,-213,-399
