Symbol,Name,Close,1H Cloud Score,1D Cloud Score,1W Cloud Score,1M Cloud Score,Cloud Score Sum,1H TKx Score,1D TKx Score,1W TKx Score,1M TKx Score,TKx Score Sum,Total Score Sum
TJX,TJX Companies,125.84,17,0,142,197,356,26,-22,111,192,307,663
JPM,JPMorgan Chase,295.78,88,39,117,157,401,85,50,4,25,164,565
ORLY,O'Reilly Auto Parts,91.27,19,0,157,198,374,-5,-11,48,88,120,494
RSG,Republic Services,240.38,-45,0,118,176,249,-9,-8,87,159,229,478
YUM,Yum! Brands,149.99,50,3,22,258,333,54,2,16,56,128,461
SO,Southern Company,91.71,59,10,70,189,328,-5,26,17,78,116,444
CASY,Casey's,515.0,8,17,107,86,218,13,17,111,77,218,436
AJG,Arthur J. Gallagher & Co.,317.73,-13,-7,159,185,324,-8,-13,22,106,107,431
ICE,Intercontinental Exchange,182.7,50,43,106,160,359,-9,44,16,20,71,430
COST,Costco,985.83,-27,0,111,179,263,-8,-13,4,183,166,429
PGR,Progressive Corporation,261.06,-11,-17,99,176,247,-10,-13,16,188,181,428
GS,Goldman Sachs,721.86,93,37,86,57,273,80,48,4,20,152,425
TDG,TransDigm Group,1523.03,65,50,13,156,284,57,7,4,56,124,408
WRB,W. R. Berkley Corporation,71.5,-10,92,88,175,345,-8,-2,18,54,62,407
ROL,"Rollins, Inc.",56.34,0,59,25,285,369,-7,-9,17,34,35,404
CTAS,Cintas,219.62,-9,57,13,164,225,-7,-9,7,186,177,402
JBL,Jabil,226.28,87,40,13,64,204,86,50,5,56,197,401
HWM,Howmet Aerospace,180.42,1,50,142,28,221,-10,50,86,53,179,400
ADI,Analog Devices,246.04,56,37,5,178,276,52,43,4,25,124,400
RCL,Royal Caribbean Group,332.8,56,37,115,27,235,79,50,4,26,159,394
RS,"Reliance, Inc.",326.9,41,47,5,114,207,52,52,4,76,184,391
NWS,News Corp (Class B),34.32,73,40,106,57,276,85,5,4,20,114,390
FAST,Fastenal,43.17,25,59,117,105,306,43,3,10,25,81,387
NDAQ,"Nasdaq, Inc.",90.06,56,43,70,143,312,6,50,4,13,73,385
RJF,Raymond James Financial,159.87,87,36,86,57,266,92,8,1,18,119,385
CDNS,Cadence Design Systems,327.14,33,6,11,140,190,5,5,4,179,193,383
HUBB,Hubbell Incorporated,415.6,56,35,0,181,272,7,53,-19,70,111,383
MS,Morgan Stanley,144.1,73,37,70,63,243,72,48,4,15,139,382
EMR,Emerson Electric,139.54,150,37,10,63,260,47,43,4,25,119,379
HOOD,Robinhood Markets,94.24,88,39,75,0,202,104,50,4,17,175,377
ETN,Eaton Corporation,362.46,55,37,2,113,207,47,50,2,71,170,377
CHD,Church & Dwight,98.46,16,0,-10,343,349,18,-7,-8,24,27,376
ORI,Old Republic International,37.96,2,11,141,57,211,-7,6,111,54,164,375
WM,"Waste Management, Inc.",226.79,-70,0,89,186,205,-7,-7,21,158,165,370
MSI,Motorola Solutions,424.71,51,5,0,152,208,-4,2,-21,184,161,369
ORCL,Oracle Corporation,237.49,38,36,5,197,276,16,43,4,26,89,365
ARES,Ares Management,178.01,49,37,11,58,155,47,50,4,105,206,361
EME,Emcor,544.91,88,37,11,57,193,57,52,2,56,167,360
AXON,Axon Enterprise,796.0,0,48,139,93,280,-9,52,4,29,76,356
COF,Capital One,220.83,56,43,88,20,207,77,50,4,17,148,355
INTU,Intuit,782.98,38,50,11,190,289,-8,50,4,19,65,354
HEI,HEICO (Common),323.59,2,44,19,188,253,-8,42,10,56,100,353
UNM,Unum,81.84,38,6,179,39,262,30,3,4,53,90,352
BSX,Boston Scientific,104.31,0,14,138,143,295,-9,5,4,56,56,351
KLAC,KLA Corporation,926.37,42,37,8,176,263,7,52,4,25,88,351
NRG,NRG Energy,157.68,-9,50,97,93,231,-16,6,107,20,117,348
MA,Mastercard,568.7,21,4,120,154,299,25,-7,4,25,47,346
IBM,IBM,291.04,0,42,103,53,198,-8,50,50,55,147,345
COR,Cencora,294.71,0,114,38,70,222,-7,14,49,66,122,344
MPWR,Monolithic Power Systems,761.69,52,37,1,156,246,47,47,4,-1,97,343
WCC,Wesco International,193.18,73,36,1,57,167,65,50,2,56,173,340
AAPL,Apple Inc.,214.1,20,4,0,250,274,10,4,-19,70,65,339
LIN,Linde plc,475.3,25,35,7,109,176,50,3,4,105,162,338
ITT,ITT Inc.,161.27,55,43,10,98,206,53,50,4,25,132,338
V,Visa Inc.,358.19,21,4,131,132,288,27,-7,4,25,49,337
MCO,Moody's Corporation,503.47,51,37,10,155,253,52,4,2,24,82,335
CACI,CACI,492.46,44,20,0,153,217,43,11,8,56,118,335
OMF,OneMain Financial,59.63,73,37,11,59,180,78,48,4,25,155,335
WELL,Welltower,152.7,-17,34,110,57,184,-29,30,127,23,151,335
MCK,McKesson Corporation,717.25,-10,110,36,57,193,-7,50,32,66,141,334
CBOE,Cboe Global Markets,231.4,14,33,138,54,239,22,7,16,50,95,334
PM,Philip Morris International,178.15,-44,110,64,54,184,-8,52,79,26,149,333
IBKR,Interactive Brokers,57.99,39,37,88,56,220,45,6,4,56,111,331
MNST,Monster Beverage,62.85,17,87,20,179,303,18,-7,13,3,27,330
FDS,FactSet,448.6,59,0,0,193,252,71,-19,3,22,77,329
MCD,McDonald's,293.95,9,-18,46,241,278,-1,-21,16,56,50,328
UNP,Union Pacific Corporation,237.66,54,8,1,197,260,56,7,-14,18,67,327
AXP,American Express,328.61,56,37,11,98,202,53,50,2,20,125,327
CAT,Caterpillar Inc.,398.56,56,36,2,63,157,68,43,2,56,169,326
BYD,Boyd Gaming,81.54,87,37,42,58,224,22,50,4,26,102,326
NFLX,Netflix,1300.33,0,55,110,19,184,-10,52,81,19,142,326
SGI,Somnigroup International,71.94,56,37,35,63,191,54,50,4,25,133,324
LYV,Live Nation Entertainment,149.69,26,38,88,146,298,-5,12,3,15,25,323
GGG,Graco Inc.,88.83,54,37,2,177,270,16,5,4,28,53,323
AME,Ametek,184.07,38,37,2,105,182,47,-12,4,100,139,321
NFG,National Fuel Gas,84.48,-24,121,54,51,202,-8,52,65,9,118,320
WFC,Wells Fargo,83.44,66,37,86,28,217,73,7,4,18,102,319
SPGI,S&P Global,528.09,56,37,10,171,274,17,6,2,20,45,319
BR,Broadridge Financial Solutions,241.78,1,36,108,144,289,-6,7,4,24,29,318
HEI-A,HEICO (Class A),253.69,1,45,20,181,247,-12,43,11,29,71,318
HON,Honeywell,240.68,37,37,10,177,261,31,1,4,21,57,318
BEN,Franklin Templeton Investments,24.84,130,40,2,1,173,110,50,4,-21,143,316
VIRT,Virtu Financial,44.47,88,51,70,13,222,2,11,65,13,91,313
ARMK,Aramark,42.56,56,41,9,39,145,64,45,4,55,168,313
DUK,Duke Energy,117.56,32,1,70,182,285,-7,3,16,15,27,312
NVDA,Nvidia,159.38,56,36,8,133,233,6,44,4,25,79,312
WMT,Walmart,98.09,8,51,121,100,280,-3,2,4,28,31,311
MSFT,Microsoft,498.93,3,44,10,172,229,1,52,4,24,81,310
AVGO,Broadcom,274.47,56,40,13,115,224,1,52,4,29,86,310
ADP,Automatic Data Processing,308.49,5,1,79,179,264,-6,-10,4,56,44,308
AZO,AutoZone,3760.5,22,1,88,85,196,26,-18,48,56,112,308
SF,Stifel,109.12,73,27,2,58,160,85,42,1,19,147,307
SNPS,Synopsys,550.75,39,24,1,179,243,50,16,2,-4,64,307
ROP,Roper Technologies,574.13,18,1,23,181,223,18,2,38,25,83,306
SEIC,SEI Investments Company,93.14,54,43,86,34,217,52,6,4,25,87,304
BPOP,"Popular, Inc.",114.59,59,44,11,58,172,60,50,4,18,132,304
RBC,RBC Bearings,386.24,0,41,87,57,185,2,50,8,56,116,301
TT,Trane Technologies,436.55,54,45,10,163,272,-9,5,4,28,28,300
PTC,PTC Inc.,176.65,38,36,-20,181,235,47,-9,1,25,64,299
RTX,RTX Corporation,145.96,3,36,71,53,163,2,42,78,13,135,298
J,Jacobs Solutions,132.75,42,35,0,105,182,47,50,1,18,116,298
SPOT,Spotify,721.98,-15,51,106,11,153,-16,52,89,19,144,297
MMC,Marsh McLennan,214.4,-10,-18,0,174,146,-8,-13,-5,177,151,297
ACM,AECOM,115.73,38,43,10,64,155,17,50,4,70,141,296
USFD,US Foods,78.52,37,40,137,34,248,29,-10,4,25,48,296
WAB,Wabtec,215.01,40,39,13,48,140,47,50,4,55,156,296
PH,Parker Hannifin,718.47,52,38,11,64,165,47,50,4,29,130,295
AMP,Ameriprise Financial,544.63,56,36,3,63,158,57,8,2,70,137,295
CME,CME Group,274.65,60,11,48,135,254,-8,-14,44,18,40,294
LRCX,Lam Research,98.87,52,37,3,151,243,7,44,4,-4,51,294
URI,United Rentals,790.5,56,37,1,63,157,71,8,2,56,137,294
GD,General Dynamics,294.53,45,59,2,53,159,57,14,4,56,131,290
SLM,Sallie Mae,34.01,52,44,84,21,201,47,-16,38,20,89,290
T,AT&T,28.32,25,34,64,15,138,-1,50,88,14,151,289
NTRS,Northern Trust,132.62,87,37,10,10,144,85,43,4,12,144,288
SYF,Synchrony Financial,70.25,73,37,11,20,141,78,50,2,17,147,288
PLTR,Palantir Technologies,134.11,-27,50,110,0,133,-29,52,113,19,155,288
PWR,Quanta Services,386.2,3,44,11,98,156,3,52,4,71,130,286
WDC,Western Digital,66.36,87,37,6,17,147,85,48,4,2,139,286
MSA,MSA Safety,175.25,20,39,0,163,222,13,50,4,-4,63,285
BSY,Bentley Systems,55.3,93,40,3,0,136,96,52,4,-5,147,283
SYK,Stryker Corporation,394.49,51,37,11,158,257,-7,3,2,28,26,283
C,Citigroup,88.53,73,37,13,17,140,79,47,4,13,143,283
FIX,Comfort Systems USA,539.47,55,40,11,63,169,3,52,4,54,113,282
SCI,Service Corporation International,81.62,54,20,2,174,250,-3,20,2,12,31,281
BAC,Bank of America,48.97,73,37,11,17,138,81,44,4,13,142,280
RBA,RB Global,105.62,1,48,98,26,173,-10,-9,103,21,105,278
DASH,DoorDash,240.01,89,36,91,0,216,-8,49,4,17,62,278
STT,State Street Corporation,110.32,73,39,11,15,138,79,44,3,13,139,277
BKNG,Booking Holdings,5719.75,50,49,130,34,263,-6,-9,4,25,14,277
TRMB,Trimble Inc.,78.86,56,37,73,3,169,53,42,2,11,108,277
NEU,NewMarket,735.54,59,59,13,28,159,24,51,16,26,117,276
CAH,Cardinal Health,164.08,-10,59,49,37,135,-8,50,42,56,140,275
TPR,"Tapestry, Inc.",90.35,87,37,74,20,218,-6,43,2,18,57,275
AAON,AAON,75.63,15,-17,-7,244,235,47,-19,-19,30,39,274
HLT,Hilton Worldwide,273.11,55,37,10,63,165,76,5,2,25,108,273
L,Loews Corporation,92.43,8,37,106,54,205,30,9,4,23,66,271
AM,Antero Midstream,18.0,-11,0,142,22,153,-12,3,72,54,117,270
APH,Amphenol,99.53,60,50,13,64,187,1,52,4,26,83,270
EWBC,East West Bancorp,108.93,71,37,3,21,132,67,48,3,18,136,268
STE,Steris,237.62,-3,40,8,194,239,-3,-9,16,24,28,267
DTE,DTE Energy,132.35,0,0,68,188,256,-6,-18,21,12,9,265
CSL,Carlisle Companies,396.76,51,3,0,177,231,8,1,4,19,32,263
SKX,Skechers,63.29,59,35,-18,54,130,63,42,1,25,131,261
WWD,"Woodward, Inc.",252.49,87,46,13,34,180,4,48,4,25,81,261
TXN,Texas Instruments,215.74,60,37,3,21,121,79,41,4,15,139,260
FYBR,Frontier Communications,36.46,59,0,83,0,142,16,1,88,13,118,260
EVR,Evercore,286.81,73,36,1,57,167,15,50,2,25,92,259
MTG,MGIC Investment Corporation,28.45,76,50,13,54,193,19,16,4,27,66,259
AMAT,Applied Materials,190.95,52,37,0,148,237,7,17,2,-4,22,259
ITW,Illinois Tool Works,258.11,40,8,1,177,226,17,-14,1,28,32,258
OZK,Bank OZK,50.89,56,37,11,55,159,66,13,2,18,99,258
FERG,Ferguson Enterprises,223.18,55,39,5,64,163,16,50,4,24,94,257
KEX,Kirby Corporation,116.29,38,37,0,34,109,52,50,4,41,147,256
PAYX,Paychex,146.65,4,0,78,166,248,-3,-10,7,13,7,255
BK,BNY Mellon,92.53,14,39,88,39,180,10,43,4,18,75,255
EQH,Equitable Holdings,55.83,55,37,86,10,188,1,43,4,18,66,254
FWONA,Liberty Formula 1 (Series A),93.7,0,39,63,61,163,-15,48,3,55,91,254
KO,Coca-Cola Company (The),71.28,19,4,22,181,226,-3,1,17,13,28,254
H,Hyatt Hotels,147.58,54,20,0,54,128,50,43,-21,54,126,254
EVRG,Evergy,69.95,58,18,52,13,141,15,18,71,9,113,254
PNR,Pentair,106.5,55,37,3,61,156,65,8,2,23,98,254
AN,AutoNation,212.57,18,39,11,60,128,14,52,4,56,126,254
WMB,Williams Companies,58.46,-16,36,106,51,177,-12,28,4,56,76,253
PCAR,Paccar,97.71,49,3,-16,158,194,47,-13,-8,33,59,253
RF,Regions Financial Corporation,24.8,67,36,1,21,125,69,43,2,13,127,252
ALL,Allstate,197.21,3,0,91,158,252,-8,-13,5,16,0,252
FWONK,Liberty Formula 1 (Series C),103.48,0,40,64,56,160,-15,47,4,55,91,251
SCHW,Charles Schwab Corporation,91.64,31,50,71,10,162,22,50,4,13,89,251
NI,NiSource,39.62,-10,34,68,44,136,-7,26,83,13,115,251
FNB,FNB Corporation,15.52,55,37,1,54,147,66,17,3,18,104,251
MDLZ,Mondelez International,68.93,17,10,3,181,211,11,24,13,-8,40,251
HBAN,Huntington Bancshares,17.58,54,37,3,20,114,69,48,4,15,136,250
R,Ryder,171.13,56,22,5,55,138,47,8,2,55,112,250
CNM,Core & Main,62.21,55,39,13,0,107,66,50,4,23,143,250
MTB,M&T Bank,202.4,66,37,2,21,126,66,43,2,13,124,250
WTFC,Wintrust Financial,132.06,56,37,3,48,144,36,50,2,18,106,250
LPLA,LPL Financial,384.59,15,38,39,98,190,7,-9,4,56,58,248
SSNC,SS&C Technologies,83.8,38,13,84,13,148,47,38,1,14,100,248
CBRE,CBRE Group,143.64,59,21,86,21,187,29,17,2,13,61,248
DE,Deere & Company,521.78,4,39,43,108,194,8,-2,39,9,54,248
SNV,Synovus,55.28,62,37,2,20,121,69,43,2,13,127,248
AWI,Armstrong World Industries,167.14,56,44,88,20,208,15,3,4,18,40,248
BLK,BlackRock,1079.67,53,36,11,21,121,52,50,4,20,126,247
EHC,Encompass Health,118.79,-10,51,137,28,206,-8,3,18,28,41,247
VRSN,Verisign,286.16,3,148,30,8,189,-10,16,46,6,58,247
VMI,Valmont Industries,340.92,41,27,56,57,181,8,47,1,9,65,246
JCI,Johnson Controls,106.48,40,45,69,18,172,3,50,4,17,74,246
ADSK,Autodesk,317.12,65,40,48,13,166,50,8,4,18,80,246
LLY,Lilly (Eli),777.32,-14,0,-1,171,156,-22,16,-1,95,88,244
PAG,Penske Automotive Group,182.31,16,38,9,61,124,8,52,4,56,120,244
EBAY,eBay,76.54,7,46,71,13,137,17,-2,76,15,106,243
GOOGL,Alphabet (Class A),178.79,34,26,2,175,237,6,-8,-13,20,5,242
GOOG,Alphabet (Class C),179.87,34,26,1,175,236,7,-8,-13,20,6,242
FFIV,"F5, Inc.",300.09,31,36,88,13,168,1,50,4,16,71,239
FCNCA,First Citizens BancShares,2090.12,64,19,1,58,142,70,5,1,20,96,238
KEY,Keycorp,18.48,66,37,2,3,108,73,43,2,12,130,238
OLLI,Ollie's Bargain Outlet,130.16,0,37,109,15,161,-20,18,57,22,77,238
SHW,Sherwin-Williams,354.7,18,3,0,189,210,17,-12,4,18,27,237
WSO,Watsco,457.59,31,-32,-7,195,187,32,-30,-22,70,50,237
GRMN,Garmin,215.37,38,10,106,18,172,53,2,-11,20,64,236
JNPR,Juniper Networks,39.95,56,31,2,48,137,75,8,2,14,99,236
CSCO,Cisco,69.33,82,37,42,13,174,-9,43,4,24,62,236
GLW,Corning Inc.,53.13,59,36,13,16,124,53,43,2,13,111,235
HPE,Hewlett Packard Enterprise,21.4,52,33,1,41,127,47,7,1,53,108,235
CMG,Chipotle Mexican Grill,57.04,66,21,0,79,166,26,14,1,28,69,235
VRSK,Verisk Analytics,304.72,-6,1,62,113,170,-7,-9,53,27,64,234
MAR,Marriott International,279.67,55,37,3,57,152,50,5,1,26,82,234
SNX,TD Synnex,140.65,56,37,9,62,164,5,43,2,20,70,234
BRO,Brown & Brown,108.38,-10,-46,110,162,216,-9,6,-4,25,18,234
RL,Ralph Lauren Corporation,279.76,56,39,88,33,216,1,-12,4,25,18,234
ODFL,Old Dominion Freight Line,171.64,30,3,-20,186,199,50,-21,-25,31,35,234
PFGC,Performance Food Group,88.98,20,40,47,42,149,26,-2,4,56,84,233
WBS,Webster Bank,58.71,53,37,2,13,105,64,45,2,16,127,232
PRI,Primerica,279.35,56,5,1,107,169,29,3,2,29,63,232
PNC,PNC Financial Services,196.26,66,27,1,13,107,69,42,1,13,125,232
GTES,Gates Corporation,23.94,56,37,11,14,118,47,45,4,17,113,231
DDS,Dillard's,455.81,40,19,8,53,120,51,5,1,54,111,231
FHN,First Horizon Corporation,22.07,56,37,46,3,142,69,8,2,9,88,230
FITB,Fifth Third Bancorp,43.49,66,13,1,21,101,71,42,1,15,129,230
ALLE,Allegion,147.93,60,49,3,20,132,69,3,4,21,97,229
MSM,MSC Industrial Direct,89.43,38,37,1,57,133,47,52,4,-8,95,228
HAS,Hasbro,78.22,60,37,8,2,107,59,48,4,10,121,228
CFG,Citizens Financial Group,47.74,69,25,2,3,99,73,42,1,13,129,228
CW,Curtiss-Wright,487.89,8,45,13,53,119,3,52,4,48,107,226
HD,Home Depot (The),372.15,50,3,-6,179,226,-2,2,-18,18,0,226
EPR,EPR Properties,59.48,18,39,51,28,136,15,50,4,20,89,225
AXS,AXIS Capital,99.0,-10,0,80,44,114,-8,-9,76,52,111,225
DRI,Darden Restaurants,219.47,0,56,38,60,154,1,-1,42,29,71,225
RPM,RPM International,113.17,17,3,-13,179,186,16,-8,1,29,38,224
TKO,TKO Group Holdings,177.0,14,47,65,39,165,-9,14,4,49,58,223
KD,Kyndryl,43.47,51,39,103,0,193,19,-10,2,19,30,223
AMGN,Amgen,298.37,17,2,1,164,184,16,-5,-8,35,38,222
CTVA,Corteva,76.98,25,50,47,0,122,36,50,4,10,100,222
CELH,Celsius Holdings,46.49,52,76,0,64,192,-7,32,12,-8,29,221
MKL,Markel,1998.81,3,36,62,54,155,-12,50,2,25,65,220
BX,Blackstone Inc.,155.01,52,8,0,104,164,47,6,-18,20,55,219
LDOS,Leidos,164.86,60,49,0,22,131,57,6,7,18,88,219
CVNA,Carvana,346.78,29,49,86,10,174,24,2,4,15,45,219
CCL,Carnival Corporation & plc,29.99,56,36,11,0,103,50,44,2,18,114,217
ISRG,Intuitive Surgical,546.09,45,6,88,21,160,47,-18,2,25,56,216
DOV,Dover Corporation,188.46,51,26,0,105,182,47,-19,-13,18,33,215
ATI,ATI Inc.,86.79,10,44,10,42,106,3,50,4,51,108,214
LNG,Cheniere Energy,237.38,0,43,54,57,154,-8,8,4,55,59,213
KMI,Kinder Morgan,28.29,0,35,86,43,164,-12,8,2,51,49,213
ATO,Atmos Energy,152.51,-11,-3,68,44,98,-7,-2,79,44,114,212
TMUS,T-Mobile US,240.07,41,-38,88,138,229,-1,-48,-2,34,-17,212
VRT,Vertiv,128.1,87,36,3,7,133,3,50,1,25,79,212
NSC,Norfolk Southern,263.4,73,36,5,3,117,28,50,4,13,95,212
PG,Procter & Gamble,160.72,17,-14,0,178,181,26,-12,-8,25,31,212
LOW,Lowe's,227.42,50,3,-14,165,204,8,1,-21,18,6,210
STAG,STAG Industrial,36.73,16,37,1,95,149,17,43,4,-3,61,210
IDXX,Idexx Laboratories,547.1,50,44,8,3,105,58,50,4,-7,105,210
KKR,KKR & Co. Inc.,138.42,52,26,0,102,180,3,19,-14,20,28,208
CG,Carlyle Group (The),55.82,54,28,2,20,104,47,39,1,17,104,208
ALGM,Allegro MicroSystems,35.83,87,36,5,0,128,56,37,2,-15,80,208
GILD,Gilead Sciences,111.81,30,31,45,34,140,33,-6,2,38,67,207
PANW,Palo Alto Networks,202.0,0,37,11,80,128,-29,48,4,56,79,207
VICI,Vici Properties,33.46,17,18,52,14,101,15,18,17,56,106,207
AVT,Avnet,56.18,56,37,1,44,138,52,14,4,-1,69,207
ATR,AptarGroup,160.99,56,43,1,19,119,57,1,4,24,86,205
NYT,New York Times Company,57.2,51,48,9,15,123,55,3,4,20,82,205
AON,AON,355.11,0,0,0,176,176,-4,-13,-9,55,29,205
NWSA,News Corp (Class A),29.73,73,37,3,57,170,1,10,4,20,35,205
PFG,Principal Financial Group,80.82,55,8,1,54,118,66,3,1,17,87,205
MO,Altria,59.42,0,34,64,44,142,3,25,20,15,63,205
DGX,Quest Diagnostics,176.59,-10,51,62,17,120,-7,17,62,13,85,205
CR,Crane Co.,193.3,43,44,10,0,97,53,46,4,4,107,204
AMG,Affiliated Managers Group,201.8,52,43,5,21,121,48,14,4,16,82,203
KR,Kroger,69.56,-3,10,73,66,146,-8,7,44,14,57,203
TNL,Travel + Leisure Co.,56.3,54,27,3,15,99,47,43,1,13,104,203
ZION,Zions Bancorporation,55.67,56,19,1,3,79,67,42,1,14,124,203
LECO,Lincoln Electric,216.34,55,36,1,64,156,8,43,2,-6,47,203
SCCO,Southern Copper,105.12,43,36,2,61,142,7,49,4,-1,59,201
CB,Chubb Limited,284.45,-1,-2,95,57,149,-7,-13,16,55,51,200
LAMR,Lamar Advertising,123.99,20,27,1,63,111,17,50,2,20,89,200
FHB,"First Hawaiian, Inc.",26.47,54,9,1,13,77,61,47,1,13,122,199
LOPE,Grand Canyon Education,182.89,-10,0,141,34,165,-10,-17,28,33,34,199
PRU,Prudential Financial,109.04,55,27,-7,54,129,53,19,-21,18,69,198
XPO,"XPO, Inc.",132.15,56,19,0,60,135,24,11,1,26,62,197
VOYA,Voya Financial,72.89,55,37,0,3,95,58,11,2,30,101,196
FICO,Fair Isaac,1861.3,3,1,0,165,169,13,6,-22,30,27,196
FNF,Fidelity National Financial,58.01,56,0,2,57,115,59,7,-5,20,81,196
TOL,Toll Brothers,117.44,56,21,-17,60,120,59,14,-23,25,75,195
IRM,Iron Mountain,100.58,-2,42,0,56,96,-10,50,4,55,99,195
DTM,DT Midstream,105.59,-12,43,97,0,128,-12,50,4,24,66,194
SAIC,SAIC,119.06,45,0,-31,66,80,46,2,8,56,112,192
HCA,HCA Healthcare,374.92,-2,51,8,96,153,-3,4,10,28,39,192
OGE,OGE Energy,44.48,7,4,62,44,117,-3,3,62,13,75,192
WYNN,Wynn Resorts,105.38,87,39,2,2,130,59,5,4,-7,61,191
MMM,3M,152.85,56,37,68,13,174,-2,2,4,13,17,191
NTAP,Netapp,107.56,56,22,-19,56,115,3,50,1,21,75,190
CMA,Comerica,63.67,55,11,1,3,70,65,42,1,11,119,189
VRTX,Vertex Pharmaceuticals,459.92,16,0,1,103,120,15,1,17,36,69,189
ABT,Abbott Laboratories,133.82,-9,34,50,12,87,-5,52,42,13,102,189
TSCO,Tractor Supply Company,54.71,17,3,0,84,104,15,13,-27,84,85,189
FCX,Freeport-McMoRan,45.76,42,37,1,57,137,10,43,4,-5,52,189
ANSS,Ansys,367.02,38,37,11,10,96,50,16,4,22,92,188
CWEN-A,Clearway Energy (Class A),30.74,10,35,52,5,102,15,46,16,9,86,188
APO,Apollo Global Management,144.54,53,19,0,96,168,4,7,-17,25,19,187
CINF,Cincinnati Financial,148.32,5,43,79,61,188,-7,-12,4,14,-1,187
ANET,Arista Networks,102.33,48,22,1,57,128,1,18,-15,55,59,187
DKS,Dick's Sporting Goods,205.34,45,3,0,62,110,50,9,-15,32,76,186
KIM,Kimco Realty,21.6,16,36,0,54,106,15,50,2,13,80,186
EXEL,Exelixis,47.68,3,36,58,13,110,3,1,49,23,76,186
MTSI,MACOM Technology Solutions,140.8,0,37,10,57,104,3,49,2,28,82,186
CWEN,Clearway Energy (Class C),32.56,10,35,52,3,100,15,46,16,9,86,186
TRV,Travelers Companies (The),262.75,-10,0,85,57,132,-7,-13,18,55,53,185
SLGN,Silgan Holdings,56.63,17,43,13,79,152,11,5,4,12,32,184
ROK,Rockwell Automation,347.42,38,40,9,14,101,47,42,4,-10,83,184
TFC,Truist Financial,45.65,66,11,1,3,81,69,19,1,13,102,183
COKE,Coca-Cola Consolidated,117.61,38,-44,0,85,79,61,1,-9,51,104,183
STWD,Starwood Property Trust,20.69,16,37,12,57,122,15,21,4,20,60,182
WHR,Whirlpool Corporation,110.24,150,14,1,-25,140,55,36,-14,-35,42,182
NCLH,Norwegian Cruise Line Holdings,22.0,52,8,0,0,60,78,38,-14,19,121,181
HIG,Hartford (The),124.87,-10,0,88,56,134,-7,-17,15,55,46,180
AL,Air Lease Corporation,59.41,38,43,11,21,113,47,-9,4,25,67,180
LHX,L3Harris,255.55,16,59,6,4,85,24,52,6,13,95,180
LAZ,Lazard,50.86,59,20,0,19,98,59,8,1,12,80,178
LNW,Light & Wonder,99.55,45,7,1,56,109,47,7,-9,24,69,178
DDOG,Datadog,154.5,85,27,1,0,113,6,44,1,14,65,178
SRE,Sempra,74.89,-1,13,-9,180,183,-6,-14,2,13,-5,178
ST,Sensata Technologies,32.15,67,37,0,-14,90,79,41,2,-34,88,178
ALLY,Ally Financial,41.12,55,27,2,3,87,52,21,2,15,90,177
SOFI,SoFi,18.48,73,29,40,0,142,3,20,2,10,35,177
MLM,Martin Marietta Materials,559.07,31,46,0,59,136,28,-17,4,26,41,177
PSTG,Pure Storage,57.06,53,36,1,41,131,1,4,-15,56,46,177
CPRT,Copart,49.22,19,-28,-7,175,159,31,-24,-17,27,17,176
LFUS,Littelfuse,236.55,56,37,-19,0,74,64,42,2,-7,101,175
DCI,Donaldson Company,71.21,38,37,0,64,139,16,-13,4,29,36,175
ARW,Arrow Electronics,131.85,62,44,2,3,111,17,50,4,-7,64,175
FTNT,Fortinet,105.6,3,36,48,112,199,-30,-11,4,12,-25,174
UI,Ubiquiti,422.67,43,9,46,9,107,53,1,4,9,67,174
MANH,Manhattan Associates,199.83,55,31,-23,64,127,29,13,-21,26,47,174
VST,Vistra Corp.,191.48,0,36,13,29,78,1,49,2,44,96,174
LVS,Las Vegas Sands,48.2,56,37,0,0,93,50,43,1,-13,81,174
KNSL,Kinsale Capital Group,476.8,3,22,10,32,67,-9,31,1,84,107,174
QGEN,Qiagen,48.13,40,34,6,2,82,1,75,4,12,92,174
OSK,Oshkosh Corporation,123.96,38,36,5,3,82,47,41,2,1,91,173
LMT,Lockheed Martin,461.28,0,4,-23,164,145,-1,26,4,-1,28,173
JEF,Jefferies Financial Group,56.88,17,13,-14,57,73,47,13,-17,56,99,172
PPC,Pilgrim's Pride,45.71,5,-21,80,20,84,16,-42,97,17,88,172
CLH,Clean Harbors,234.13,8,44,0,57,109,1,2,4,56,63,172
SN,SharkNinja,107.15,73,13,2,0,88,78,5,1,0,84,172
CFR,Frost Bank,137.09,53,37,2,3,95,64,2,2,9,77,172
LH,Labcorp,261.92,9,43,49,14,115,-5,43,2,17,57,172
NOW,ServiceNow,1051.7,41,38,2,81,162,1,-14,2,21,10,172
MET,Metlife,80.45,55,36,3,57,151,-6,8,2,17,21,172
HII,Huntington Ingalls Industries,251.8,43,76,2,5,126,36,7,10,-8,45,171
GLPI,Gaming and Leisure Properties,48.29,17,3,1,64,85,15,17,-2,56,86,171
CRWD,CrowdStrike,514.27,3,50,39,0,92,3,52,4,19,78,170
AYI,Acuity Brands,305.8,73,13,2,26,114,10,42,-15,19,56,170
RGLD,Royal Gold,179.23,5,4,55,17,81,17,-5,62,15,89,170
TTWO,Take-Two Interactive,239.63,-4,57,39,12,104,-8,14,39,19,64,168
CAR,Avis Budget Group,179.65,87,53,3,-19,124,10,63,7,-36,44,168
DOX,Amdocs,92.56,0,46,11,57,114,1,44,4,4,53,167
TXT,Textron,82.16,52,37,-29,52,112,8,47,4,-4,55,167
ETR,Entergy,82.11,0,0,67,21,88,-8,-9,83,13,79,167
PPL,PPL Corporation,33.87,0,-14,70,22,78,-7,1,82,13,89,167
TXRH,Texas Roadhouse,189.65,17,38,3,63,121,24,-12,4,30,46,167
PEG,Public Service Enterprise Group,81.34,-9,16,0,151,158,-8,23,-22,16,9,167
FTI,TechnipFMC,34.86,3,37,11,26,77,8,41,4,36,89,166
CPNG,Coupang,30.14,52,43,11,0,106,-10,50,4,16,60,166
SSD,Simpson Manufacturing Company,163.54,16,3,-20,155,154,8,2,-23,25,12,166
GWW,W. W. Grainger,1050.09,2,0,0,93,95,22,-12,4,56,70,165
BWXT,BWX Technologies,143.21,2,35,7,34,78,1,52,4,30,87,165
IONS,Ionis Pharmaceuticals,42.88,73,40,0,0,113,10,46,4,-9,51,164
JHG,Janus Henderson,40.16,53,22,0,18,93,47,6,1,17,71,164
MPC,Marathon Petroleum,175.87,16,39,1,48,104,20,43,4,-7,60,164
JLL,Jones Lang LaSalle,261.78,59,11,2,13,85,64,16,-14,13,79,164
AMZN,Amazon,223.0,37,27,11,20,95,6,42,1,19,68,163
UBER,Uber,93.46,52,49,12,0,113,9,6,10,25,50,163
WSM,"Williams-Sonoma, Inc.",173.08,39,3,2,64,108,40,5,-11,20,54,162
ALNY,Alnylam Pharmaceuticals,330.98,15,36,11,14,76,24,44,4,14,86,162
HR,Healthcare Realty Trust,15.95,126,5,0,-38,93,73,11,-23,8,69,162
QRVO,Qorvo,88.86,54,37,0,-30,61,56,45,3,-4,100,161
GEN,Gen Digital,30.65,19,40,9,15,83,17,42,4,15,78,161
PNFP,Pinnacle Financial Partners,118.54,56,37,1,14,108,29,5,2,17,53,161
UGI,UGI Corporation,35.15,-17,51,36,3,73,-10,50,43,4,87,160
CMI,Cummins,331.56,38,9,0,64,111,47,-12,-15,29,49,160
IVZ,Invesco,16.74,56,13,1,1,71,66,9,1,12,88,159
BEPC,Brookfield Renewable Partners,33.97,40,38,4,0,82,15,49,4,9,77,159
ELAN,Elanco,14.64,38,40,0,-6,72,47,42,3,-5,87,159
ZBRA,Zebra Technologies,325.47,56,23,0,-6,73,47,42,-15,12,86,159
XYL,Xylem Inc.,132.41,50,37,2,21,110,16,6,4,21,47,157
EXPD,Expeditors International,118.49,19,5,0,130,154,31,5,-31,-2,3,157
WAL,Western Alliance Bancorporation,85.45,54,10,1,3,68,64,7,1,17,89,157
NVT,Nvent Electric,74.9,56,37,2,11,106,3,50,2,-4,51,157
COHR,Coherent Corp.,91.01,45,36,0,14,95,3,43,1,14,61,156
PHM,PulteGroup,109.08,55,10,-17,64,112,29,14,-28,28,43,155
TDY,Teledyne Technologies,516.97,41,36,46,13,136,-5,6,4,14,19,155
FAF,First American Financial Corporation,63.11,60,6,1,13,80,60,11,-13,17,75,155
BRK-B,Berkshire Hathaway,484.56,-10,-22,118,61,147,-2,-34,19,25,8,155
MCHP,Microchip Technology,73.24,66,37,0,2,105,8,43,4,-6,49,154
RMD,Resmed,257.16,6,43,11,12,72,17,49,3,12,81,153
LBRDA,Liberty Broadband (Series A),100.44,55,48,41,-35,109,30,3,4,7,44,153
NEM,Newmont,59.82,14,61,13,4,92,16,23,13,9,61,153
SPR,Spirit AeroSystems,38.84,31,51,12,0,94,30,-8,24,13,59,153
ABBV,AbbVie,189.74,16,3,11,57,87,16,-5,-8,63,66,153
PNW,Pinnacle West Capital,90.26,18,-2,62,17,95,16,1,16,25,58,153
QCOM,Qualcomm,162.73,38,22,-19,21,62,47,45,2,-4,90,152
LBRDK,Liberty Broadband (Series C),100.87,54,48,41,-35,108,29,3,4,7,43,151
AZEK,Azek,54.32,17,52,15,0,84,33,14,7,13,67,151
PLNT,Planet Fitness,107.86,0,33,57,12,102,-12,44,4,13,49,151
MSCI,MSCI,588.0,52,35,2,13,102,48,-19,1,19,49,151
SNA,Snap-on,320.39,18,2,0,58,78,47,-17,-13,56,73,151
RBLX,Roblox Corporation,103.92,0,49,47,0,96,-15,50,10,10,55,151
HLI,Houlihan Lokey,185.89,15,39,11,43,108,6,8,4,25,43,151
MSTR,MicroStrategy,402.5,10,2,93,18,123,2,3,4,19,28,151
POST,Post Holdings,108.95,-2,-1,0,86,83,17,-5,-2,56,66,149
NOC,Northrop Grumman,503.53,8,4,4,57,73,30,24,11,11,76,149
CARR,Carrier Global,75.65,53,44,2,0,99,16,5,4,25,50,149
RITM,Rithm Capital,11.69,22,37,11,31,101,15,4,4,25,48,149
MTZ,MasTec,171.76,4,43,13,17,77,6,50,4,12,72,149
NTRA,Natera,161.04,-17,28,86,17,114,-14,26,4,18,34,148
GNRC,Generac,151.95,59,21,-14,-33,33,66,39,1,9,115,148
ULTA,Ulta Beauty,480.2,19,47,6,3,75,24,50,6,-8,72,147
AIZ,Assurant,192.88,-10,-2,0,151,139,-7,-4,1,18,8,147
VNT,Vontier,38.4,54,37,1,0,92,13,44,2,-4,55,147
PSX,Phillips 66,127.14,16,36,0,40,92,16,38,3,-4,53,145
DIS,Walt Disney Company (The),123.76,51,37,9,0,97,1,41,4,2,48,145
ZS,Zscaler,315.55,3,50,11,4,68,3,52,4,17,76,144
VLO,Valero Energy,144.38,10,37,0,43,90,16,39,3,-4,54,144
VEEV,Veeva Systems,284.36,2,40,39,7,88,-8,43,4,17,56,144
ESI,Element Solutions,23.93,56,9,-14,56,107,8,9,1,19,37,144
EXPE,Expedia Group,176.97,31,10,43,10,94,50,-2,-12,13,49,143
RLI,RLI Corp.,71.35,-44,-21,-5,174,104,-10,-14,-23,86,39,143
AEP,American Electric Power,103.92,22,1,67,22,112,-2,3,17,13,31,143
ECL,Ecolab,273.69,26,35,10,21,92,24,4,4,18,50,142
APG,APi Group,34.35,3,44,12,0,59,3,50,4,25,82,141
CSX,CSX Corporation,33.64,39,36,-30,3,48,53,40,4,-5,92,140
UHS,Universal Health Services,184.2,44,3,-5,21,63,47,3,2,25,77,140
ELF,e.l.f. Beauty,131.4,34,29,-44,30,49,50,43,2,-4,91,140
W,Wayfair,56.78,87,37,1,-40,85,47,43,4,-39,55,140
IR,Ingersoll Rand,87.25,52,36,-15,22,95,8,6,1,28,43,138
DLR,Digital Realty,173.18,7,43,0,21,71,-5,50,4,18,67,138
OC,Owens Corning,144.95,34,3,-18,57,76,53,3,-22,28,62,138
GXO,GXO Logistics,50.95,66,37,-31,0,72,26,43,3,-7,65,137
THC,Tenet Healthcare,171.3,0,46,8,56,110,-4,6,2,23,27,137
REG,Regency Centers,71.0,0,0,62,52,114,-5,5,4,18,22,136
FOUR,Shift4,102.01,56,17,2,0,75,3,46,-11,23,61,136
EL,Estée Lauder Companies (The),89.04,87,27,0,-25,89,38,40,2,-34,46,135
LII,Lennox International,604.77,60,4,0,37,101,22,3,-17,26,34,135
BOKF,BOK Financial Corporation,103.14,53,6,0,21,80,60,2,-20,13,55,135
SOLV,Solventum,78.6,49,10,0,0,59,47,38,-10,0,75,134
NET,Cloudflare,190.89,3,37,33,0,73,-8,47,4,18,61,134
MAS,Masco,66.38,34,3,-14,64,87,50,3,-26,20,47,134
SMCI,Supermicro,48.66,45,13,0,57,115,1,36,-10,-8,19,134
HSIC,Schein (Henry),74.65,56,13,2,0,71,66,6,-13,2,61,132
VVV,Valvoline,39.86,33,22,-20,30,65,31,38,1,-3,67,132
VMC,Vulcan Materials,266.95,30,3,0,59,92,28,-19,4,26,39,131
INGM,Ingram Micro,21.8,52,22,0,0,74,50,6,1,0,57,131
OTIS,Otis Worldwide,99.84,52,4,2,0,58,50,5,-8,25,72,130
F,Ford Motor Company,11.81,35,51,1,0,87,30,13,4,-4,43,130
AMD,Advanced Micro Devices,137.88,0,36,-36,109,109,-20,43,4,-6,21,130
STLD,Steel Dynamics,133.3,15,3,1,54,73,8,-12,4,56,56,129
USB,U.S. Bancorp,47.83,52,37,1,3,93,15,6,1,14,36,129
META,Meta Platforms,719.0,0,37,11,28,76,-13,42,2,22,53,129
PEGA,Pegasystems,54.36,52,49,13,4,118,-12,7,2,14,11,129
NNN,NNN Reit,43.65,19,35,2,21,77,15,19,4,13,51,128
CCK,Crown Holdings,107.85,17,47,11,4,79,15,19,4,11,49,128
GE,GE Aerospace,247.48,0,48,13,26,87,-17,6,24,28,41,128
AOS,A. O. Smith,67.86,51,3,-36,57,75,52,1,4,-4,53,128
RRC,Range Resources,38.52,-24,37,28,41,82,-50,38,4,54,46,128
AIG,American International Group,83.24,-10,34,22,52,98,-7,-1,17,20,29,127
BKR,Baker Hughes,39.66,10,2,1,34,47,32,36,-13,25,80,127
TRGP,Targa Resources,173.28,38,0,0,50,88,-15,14,-14,53,38,126
AEE,Ameren,96.12,3,0,51,12,66,-7,2,56,9,60,126
VLTO,Veralto,103.65,52,37,0,0,89,47,-14,3,0,36,125
CI,Cigna,318.9,-4,0,3,57,56,-7,6,14,56,69,125
UNH,UnitedHealth Group,309.63,26,-53,-12,-3,-42,-2,11,-25,183,167,125
DLTR,Dollar Tree,101.6,19,54,0,-14,59,15,53,19,-21,66,125
NVR,"NVR, Inc.",7602.54,38,6,-17,64,91,29,2,-26,28,33,124
DHI,D. R. Horton,132.1,58,10,-22,64,110,29,14,-29,-1,13,123
CUBE,CubeSmart,43.54,10,43,-17,21,57,15,48,4,-1,66,123
PB,Prosperity Bancshares,74.11,43,3,0,13,59,66,3,-18,13,64,123
CXT,Crane NXT,56.21,9,27,-19,54,71,13,-1,-15,55,52,123
DELL,Dell Technologies,125.6,3,37,0,31,71,1,50,4,-3,52,123
PCOR,Procore,72.56,52,8,1,0,61,50,5,-11,18,62,123
NVST,Envista,20.44,53,22,0,0,75,52,43,-17,-31,47,122
SPG,Simon Property Group,167.07,37,6,1,34,78,17,5,2,20,44,122
AFRM,Affirm Holdings,69.34,56,19,6,0,81,3,20,2,16,41,122
MRVL,Marvell Technology,74.87,-1,11,-15,105,100,-23,42,-15,17,21,121
XOM,ExxonMobil,112.21,0,3,0,43,46,8,15,3,49,75,121
ILMN,"Illumina, Inc.",100.62,131,17,-22,-39,87,52,43,-22,-39,34,121
FIS,Fidelity National Information Services,81.79,7,52,0,0,59,-1,50,3,10,62,121
ED,Consolidated Edison,100.11,3,-21,22,46,50,20,-9,16,44,71,121
WPC,W. P. Carey,63.38,0,34,23,0,57,13,26,20,4,63,120
DINO,HF Sinclair,44.08,23,39,0,1,63,16,44,4,-7,57,120
NDSN,Nordson,223.11,26,36,-30,1,33,47,42,4,-6,87,120
EOG,EOG Resources,123.41,0,16,0,44,60,8,17,-15,50,60,120
LAD,Lithia Motors,352.62,19,18,1,13,51,21,43,-16,20,68,119
SFD,Smithfield Foods,24.25,18,32,0,0,50,19,50,0,0,69,119
SWKS,Skyworks Solutions,78.74,52,35,-37,-29,21,56,45,1,-4,98,119
AMTM,Amentum,24.15,45,49,0,0,94,7,14,4,0,25,119
K,Kellanova,80.03,23,-17,63,20,89,33,-14,-1,12,30,119
IRDM,Iridium Communications,31.7,38,19,1,-18,40,55,41,1,-18,79,119
CRH,CRH plc,94.94,31,2,1,63,97,29,-23,-11,26,21,118
CNH,CNH Industrial,13.7,33,38,13,1,85,47,4,4,-22,33,118
SYY,Sysco,77.11,19,24,1,2,46,20,37,1,13,71,117
INGR,Ingredion,137.16,9,3,1,33,46,20,-8,4,55,71,117
BWA,BorgWarner,35.3,34,39,2,0,75,50,3,4,-15,42,117
AFG,American Financial Group,127.32,7,4,0,55,66,25,9,4,13,51,117
DG,Dollar General,113.53,40,78,0,-16,102,-2,26,16,-25,15,117
GM,General Motors,53.21,32,19,1,10,62,31,11,1,12,55,117
BBWI,"Bath & Body Works, Inc.",33.17,79,3,-19,-14,49,79,3,-10,-5,67,116
BRX,Brixmor Property Group,26.15,4,19,0,54,77,-6,16,4,25,39,116
BA,Boeing,215.32,31,50,2,0,83,38,1,4,-10,33,116
HIW,Highwoods Properties,31.33,3,43,5,5,56,-6,50,4,12,60,116
PSN,Parsons Corporation,74.75,38,22,-21,0,39,45,21,-24,34,76,115
GWRE,Guidewire Software,230.85,-66,50,104,20,108,-15,-1,4,19,7,115
XEL,Xcel Energy,68.21,3,-2,45,11,57,-6,2,53,8,57,114
LNC,Lincoln Financial,34.94,38,6,12,-5,51,47,6,2,7,62,113
BLDR,Builders FirstSource,126.27,60,3,-22,64,105,26,9,-26,-2,7,112
DT,Dynatrace,56.7,3,35,8,0,46,3,43,1,19,66,112
AGCO,AGCO,109.87,33,39,1,1,74,40,5,5,-12,38,112
GEV,GE Vernova,516.45,3,49,0,0,52,3,52,5,0,60,112
WEC,WEC Energy Group,104.54,2,-7,49,12,56,-7,-9,62,10,56,112
TKR,Timken Company,76.56,52,22,-18,3,59,15,41,1,-4,53,112
DECK,Deckers Brands,106.03,18,-16,-18,92,76,47,-28,-14,30,35,111
SARO,StandardAero,31.0,38,37,0,0,75,-12,44,4,0,36,111
APD,Air Products,291.43,46,8,0,15,69,8,38,-13,9,42,111
AGNC,AGNC Investment,9.4,16,22,5,15,58,15,20,2,16,53,111
COIN,Coinbase,352.91,0,36,3,0,39,2,50,3,17,72,111
PARA,Paramount Global (Class B),12.9,71,38,2,-38,73,32,44,6,-44,38,111
RRX,Regal Rexnord,151.06,52,37,-22,2,69,15,13,1,12,41,110
TOST,"Toast, Inc.",43.58,3,38,71,0,112,-10,-12,4,16,-2,110
NUE,Nucor,138.05,82,14,-49,2,49,52,15,1,-7,61,110
AFL,Aflac,104.31,3,-2,2,57,60,-7,5,-2,54,50,110
CNA,CNA Financial,45.9,0,-21,88,56,123,-7,-22,-3,19,-13,110
GAP,Gap Inc.,22.73,38,-9,0,17,46,60,-20,5,18,63,109
PR,Permian Resources,14.05,0,36,-2,25,59,8,39,4,-1,50,109
IDA,Idacorp,115.89,19,6,50,17,92,-3,-9,20,9,17,109
SMG,Scotts Miracle-Gro Company,68.5,43,33,-16,-38,22,64,36,-26,12,86,108
NBIX,Neurocrine Biosciences,129.09,17,28,-22,24,47,16,47,1,-3,61,108
LLYVK,Liberty Live (Series C),81.79,33,43,23,0,99,-8,13,4,0,9,108
EQT,EQT Corporation,54.92,-17,43,35,41,102,-46,8,35,9,6,108
APPF,AppFolio,235.59,16,22,0,27,65,16,14,-14,27,43,108
TFSL,Third Federal S&L,13.43,38,11,2,4,55,29,2,4,18,53,108
MEDP,Medpace,320.88,62,11,-21,31,83,20,21,-13,-3,25,108
INFA,Informatica,24.43,52,28,-36,0,44,18,50,2,-6,64,108
AMT,American Tower,222.83,18,15,10,5,48,15,20,14,10,59,107
MAT,Mattel,20.41,40,36,8,0,84,47,5,1,-30,23,107
D,Dominion Energy,57.13,56,35,8,-33,66,25,3,4,9,41,107
ADT,ADT Inc.,8.47,3,57,25,0,85,-6,1,19,7,21,106
TW,Tradeweb,137.73,-12,0,103,0,91,-9,-2,4,22,15,106
BAH,Booz Allen Hamilton,110.47,25,-26,-24,100,75,41,-22,-26,37,30,105
ALSN,Allison Transmission,97.9,17,0,0,34,51,50,-14,-15,33,54,105
KEYS,Keysight,166.66,52,37,10,1,100,-5,4,2,4,5,105
AS,Amer Sports,38.72,36,37,0,0,73,-15,42,4,0,31,104
THG,Hanover Insurance,165.05,-17,0,55,23,61,-8,-9,47,13,43,104
RPRX,Royalty Pharma,36.35,12,40,26,0,78,23,19,20,-37,25,103
PKG,Packaging Corporation of America,203.09,17,5,0,60,82,25,-9,-20,25,21,103
FSLR,First Solar,184.87,24,2,-33,61,54,47,2,4,-5,48,102
LNT,Alliant Energy,61.76,16,1,62,13,92,15,-21,4,12,10,102
FIVE,Five Below,132.5,44,39,0,-15,68,-5,48,5,-14,34,102
VZ,Verizon,43.42,24,3,24,9,60,24,-13,17,13,41,101
CPAY,Corpay,339.4,16,3,0,20,39,47,-11,2,24,62,101
LEA,Lear Corporation,103.75,38,37,0,-16,59,47,6,3,-14,42,101
BLD,TopBuild,348.17,66,11,-23,45,99,29,14,-40,-2,1,100
FOXA,Fox Corporation (Class A),56.33,0,36,62,0,98,-20,6,2,13,1,99
CTSH,Cognizant,81.13,19,9,10,13,51,43,-13,1,17,48,99
MUSA,Murphy USA,422.02,9,-39,-7,67,30,13,1,-23,78,69,99
CHDN,Churchill Downs Incorporated,105.21,41,6,-25,0,22,50,24,-26,29,77,99
TROW,T. Rowe Price,100.12,54,22,-17,-24,35,64,6,-19,12,63,98
XYZ,"Block, Inc.",69.0,52,15,-18,-35,14,55,34,-19,12,82,96
PINS,Pinterest,35.84,52,22,0,0,74,1,38,-13,-4,22,96
CBSH,Commerce Bancshares,64.81,33,3,1,3,40,37,3,4,12,56,96
HES,Hess Corporation,144.28,7,2,1,54,64,15,22,-5,-1,31,95
O,Realty Income,57.74,2,33,4,6,45,15,19,4,12,50,95
HRB,H&R Block,56.33,16,-18,0,51,49,16,-30,8,51,45,94
LYFT,Lyft,16.01,52,38,2,0,92,-2,1,4,-1,2,94
ZG,Zillow (Class A),70.42,6,10,48,0,64,24,-2,-12,19,29,93
APP,AppLovin,342.08,-16,27,99,0,110,-12,-11,-11,17,-17,93
BJ,BJ's Wholesale Club,109.22,-24,-4,72,9,53,-31,-20,34,57,40,93
LEN-B,Lennar (Class B),106.16,31,3,-22,61,73,17,3,-29,28,19,92
NXST,Nexstar Media Group,181.76,17,36,3,3,59,20,3,1,9,33,92
UTHR,United Therapeutics,293.91,17,-17,-4,56,52,17,-12,-23,58,40,92
MORN,"Morningstar, Inc.",311.59,50,37,-14,27,100,-17,-9,1,17,-8,92
COLB,Columbia Banking System,25.47,38,3,0,0,41,60,2,-20,9,51,92
FOX,Fox Corporation (Class B),51.87,0,36,61,0,97,-20,6,1,8,-5,92
ROKU,"Roku, Inc.",88.39,52,18,4,-18,56,2,42,-12,3,35,91
UAL,United Airlines Holdings,82.38,31,10,1,10,52,47,-9,-14,15,39,91
THO,Thor Industries,91.71,21,21,-20,1,23,29,43,1,-5,68,91
TPG,TPG Inc.,54.11,53,20,0,0,73,6,11,-18,18,17,90
LLYVA,Liberty Live (Series A),80.08,8,50,22,0,80,-5,11,4,0,10,90
HST,Host Hotels & Resorts,16.17,16,37,-26,1,28,15,50,2,-5,62,90
CVX,Chevron Corporation,148.69,6,0,1,47,54,15,20,-6,5,34,88
MU,Micron Technology,122.74,-16,36,3,21,44,1,42,4,-4,43,87
CNP,Centerpoint Energy,35.94,-9,-3,43,44,75,-8,-31,37,14,12,87
NU,Nubank,13.59,54,8,2,0,64,-7,8,4,18,23,87
CHH,Choice Hotels,130.9,33,3,0,14,50,47,-12,-11,13,37,87
SBUX,Starbucks,94.42,17,5,4,2,28,26,36,-9,6,59,87
Z,Zillow (Class C),72.54,21,10,5,0,36,24,19,-12,19,50,86
TTEK,Tetra Tech,36.88,16,35,-23,4,32,12,50,-26,18,54,86
GEHC,GE HealthCare,75.99,40,6,-14,0,32,47,11,-12,7,53,85
EXP,Eagle Materials,213.9,55,-26,-9,56,76,29,-23,-23,26,9,85
EXR,Extra Space Storage,153.14,17,34,0,0,51,15,3,4,12,34,85
G,Genpact,45.87,31,1,2,2,36,47,1,-9,9,48,84
ES,Eversource Energy,64.7,16,40,9,-9,56,30,-7,4,1,28,84
OLED,Universal Display Corporation,159.9,26,37,-31,0,32,8,44,4,-4,52,84
CL,Colgate-Palmolive,92.96,21,2,0,22,45,31,-9,-8,25,39,84
LITE,Lumentum,92.85,0,35,8,2,45,-15,43,2,9,39,84
OWL,Blue Owl Capital,19.6,51,16,0,0,67,3,8,-15,20,16,83
MOS,Mosaic Company (The),37.12,21,57,10,-15,73,21,7,9,-29,8,81
ACGL,Arch Capital Group,89.33,-10,-2,-2,61,47,-8,-13,4,50,33,80
TRU,TransUnion,91.67,15,26,0,2,43,17,5,2,13,37,80
CSGP,CoStar Group,82.32,17,19,0,13,49,8,14,17,-8,31,80
CMS,CMS Energy,70.42,8,-29,70,22,71,15,-35,16,13,9,80
DVA,DaVita,142.67,52,0,0,19,71,-1,5,-14,18,8,79
SNOW,Snowflake Inc.,221.34,0,40,9,0,49,-15,50,4,-9,30,79
SNDR,Schneider National,25.62,22,17,-17,1,23,31,36,-21,9,55,78
FLS,Flowserve,55.17,45,8,1,26,80,7,-18,-15,24,-2,78
CRUS,Cirrus Logic,110.41,16,37,-17,18,54,8,13,4,-2,23,77
CART,Maplebear Inc.,46.75,35,6,17,0,58,29,-11,1,0,19,77
DOCS,Doximity,61.44,3,7,48,0,58,1,18,-11,11,19,77
AGO,Assured Guaranty,85.72,-1,0,0,55,54,-12,9,4,21,22,76
RGA,Reinsurance Group of America,198.54,3,0,0,39,42,-5,-15,2,52,34,76
JNJ,Johnson & Johnson,156.04,17,3,2,6,28,50,1,-8,5,48,76
MDT,Medtronic,88.46,24,3,5,0,32,22,18,-8,12,44,76
MASI,Masimo,167.59,0,10,40,-5,45,8,23,-9,9,31,76
OKE,Oneok,81.94,7,-9,-7,53,44,6,-5,-19,50,32,76
LPX,Louisiana-Pacific,91.43,17,3,-4,62,78,8,-17,-18,25,-2,76
ESAB,ESAB,126.01,23,2,2,0,27,47,-19,4,16,48,75
ABNB,Airbnb,136.73,17,22,0,0,39,47,-9,1,-4,35,74
WTM,White Mountains Insurance Group,1780.81,2,0,0,58,60,-8,-20,-14,55,13,73
CHTR,Charter Communications,419.03,54,5,12,-35,36,25,3,4,5,37,73
TER,Teradyne,92.94,68,8,-23,-5,48,8,38,-17,-4,25,73
NLY,Annaly Capital Management,19.47,3,19,12,9,43,7,5,2,15,29,72
BALL,Ball Corporation,58.78,17,37,-29,-10,15,8,49,4,-4,57,72
SUI,Sun Communities,129.76,17,28,3,-23,25,15,18,4,10,47,72
MKSI,MKS Instruments,104.27,52,22,-21,-12,41,7,42,-15,-4,30,71
CF,CF Industries,94.25,0,36,9,3,48,15,-3,4,7,23,71
PPG,PPG Industries,118.18,55,37,-40,0,52,16,5,4,-7,18,70
CACC,Credit Acceptance,527.72,25,13,1,2,41,17,14,1,-4,28,69
MDU,MDU Resources,16.74,25,0,0,39,64,-2,-25,4,28,5,69
NTNX,Nutanix,76.88,5,6,25,21,57,3,-18,4,23,12,69
SAIA,Saia,294.76,56,0,-20,3,39,50,5,-22,-4,29,68
EXC,Exelon,43.21,8,-26,49,13,44,-7,2,20,9,24,68
DD,DuPont,73.73,38,8,-15,18,49,15,3,1,-2,17,66
ECG,Everus Construction Group,65.09,15,35,0,0,50,6,9,1,0,16,66
DNB,Dun & Bradstreet,9.1,76,16,-20,0,72,31,20,-22,-36,-7,65
KDP,Keurig Dr Pepper,33.74,17,0,1,1,19,16,7,12,11,46,65
PARAA,Paramount Global (Class A),23.08,2,4,33,0,39,9,10,2,5,26,65
CFLT,"Confluent, Inc.",26.27,38,6,-10,0,34,7,31,-12,3,29,63
A,Agilent Technologies,121.27,38,11,-17,0,32,8,40,-14,-4,30,62
TMO,Thermo Fisher Scientific,427.1,40,0,-16,-4,20,57,2,-15,-2,42,62
OMC,Omnicom Group,74.9,25,0,-21,1,5,31,3,-26,49,57,62
CMCSA,Comcast,36.19,34,9,-29,-8,6,47,14,1,-7,55,61
PYPL,PayPal,76.63,52,27,0,-38,41,28,2,-18,8,20,61
ADM,Archer Daniels Midland,55.15,17,38,0,-10,45,17,14,4,-19,16,61
WH,Wyndham Hotels & Resorts,84.31,30,0,-5,10,35,47,-25,-11,14,25,60
GL,Globe Life,121.34,0,1,39,13,53,-4,3,1,7,7,60
CUZ,Cousins Properties,29.81,-12,27,5,10,30,-6,20,4,12,30,60
GRAL,"Grail, Inc.",46.28,0,17,0,0,17,-10,50,2,0,42,59
RKT,Rocket Companies,14.16,0,11,0,0,11,13,33,3,-1,48,59
MTD,Mettler Toledo,1210.47,40,22,-17,0,45,11,42,-35,-4,14,59
SBAC,SBA Communications,235.07,19,10,10,-19,20,15,9,11,4,39,59
EQIX,Equinix,787.79,-1,-1,-2,33,29,14,-7,-2,25,30,59
LUV,Southwest Airlines,34.06,26,36,10,-38,34,26,-7,2,3,24,58
MP,MP Materials,31.88,-17,20,26,0,29,-31,17,39,3,28,57
XP,XP Inc.,19.8,4,51,6,0,61,-7,-2,10,-7,-6,55
EFX,Equifax,261.89,19,4,0,15,38,18,-22,4,17,17,55
EA,Electronic Arts,155.45,0,13,2,6,21,-8,12,10,20,34,55
AWK,American Water Works,140.33,0,0,20,0,20,17,-6,16,7,34,54
IP,International Paper,50.47,31,2,0,15,48,17,-12,-14,15,6,54
FND,Floor & Decor,81.98,40,3,-29,-5,9,64,9,-23,-5,45,54
WBA,Walgreens Boots Alliance,11.48,38,37,0,-76,-1,38,52,-1,-34,55,54
JBHT,J. B. Hunt,152.92,40,6,-25,0,21,55,9,-22,-9,33,54
BIO,Bio-Rad Laboratories,251.8,74,3,-21,-27,29,78,8,-26,-36,24,53
EGP,EastGroup Properties,170.35,0,34,1,7,42,13,-2,4,-4,11,53
MIDD,Middleby,149.04,31,8,8,0,47,16,-12,-10,12,6,53
TYL,Tyler Technologies,591.68,5,9,1,16,31,-9,36,-22,17,22,53
MHK,Mohawk Industries,110.64,40,3,-20,-10,13,50,3,-28,13,38,51
MGM,MGM Resorts International,37.72,33,17,-50,0,0,46,11,1,-8,50,50
BURL,Burlington Stores,248.04,26,0,0,2,28,47,-21,-20,16,22,50
OHI,Omega Healthcare Investors,36.82,0,0,0,39,39,-4,-10,-5,30,11,50
DAL,Delta Air Lines,50.69,33,9,-7,18,53,1,-14,-15,25,-3,50
VTRS,Viatris,9.26,38,11,-19,-6,24,16,15,-23,18,26,50
VNOM,Viper Energy,37.99,-3,-9,-3,43,28,3,-5,-22,46,22,50
AMCR,Amcor,9.66,38,3,-14,0,27,47,5,-29,-1,22,49
IT,Gartner,401.16,0,-14,-15,57,28,-6,-17,-13,56,20,48
KNX,Knight-Swift,47.26,34,3,-19,0,18,55,1,-15,-12,29,47
HXL,Hexcel,57.44,38,9,-23,0,24,8,38,-15,-8,23,47
FDX,FedEx,241.2,19,5,-20,31,35,27,10,-22,-3,12,47
PSA,Public Storage,297.98,17,3,-5,14,29,15,-13,4,12,18,47
KMB,Kimberly-Clark,132.39,17,-14,0,17,20,21,-14,-5,25,27,47
NEE,NextEra Energy,74.44,12,3,0,0,15,14,1,4,12,31,46
MSGS,Madison Square Garden Sports,207.39,2,11,0,20,33,1,5,-20,26,12,45
VAC,Marriott Vacations Worldwide,80.06,74,12,-19,-16,51,9,8,1,-24,-6,45
LEN,Lennar (Class A),110.52,35,3,-24,63,77,-3,2,-29,-2,-32,45
CIEN,Ciena,81.56,3,37,3,11,54,-15,-12,2,15,-10,44
ESS,Essex Property Trust,285.61,0,19,0,13,32,-22,17,4,13,12,44
CHRW,C.H. Robinson,98.16,31,5,0,3,39,31,-12,-21,7,5,44
BXP,"BXP, Inc.",68.83,0,35,-2,0,33,-4,-2,4,12,10,43
ALK,Alaska Air Group,51.38,33,3,0,1,37,22,-16,-11,8,3,40
ADC,Agree Realty,72.18,-45,-7,57,15,20,-8,-1,17,12,20,40
WEX,WEX Inc.,151.04,44,19,-37,-4,22,16,37,-28,-7,18,40
CCI,Crown Castle,102.89,19,10,1,-27,3,15,9,14,-1,37,40
ROST,Ross Stores,131.16,16,-14,-7,34,29,-1,-22,5,28,10,39
SNDK,SanDisk,46.31,-12,13,0,0,1,1,37,0,0,38,39
CEG,Constellation Energy,312.15,-13,37,10,0,34,-22,5,4,18,5,39
HAYW,Hayward Holdings,14.14,25,8,-7,0,26,17,-22,2,15,12,38
FR,First Industrial Realty Trust,49.24,-3,2,-7,13,5,8,10,2,13,33,38
NCNO,nCino,28.74,36,22,-20,0,38,7,1,-22,14,0,38
TTD,Trade Desk (The),74.84,24,20,-21,3,26,26,-13,-21,19,11,37
QS,QuantumScape,6.99,45,11,0,0,56,3,11,2,-35,-19,37
SW,Smurfit Westrock,47.91,32,3,0,0,35,33,-15,-17,0,1,36
PATH,UiPath,13.3,33,27,-5,0,55,1,-15,4,-9,-19,36
ACI,Albertsons,21.98,12,0,19,0,31,19,-27,21,-8,5,36
KMPR,Kemper Corporation,63.89,-10,27,0,3,20,-6,8,1,13,16,36
EIX,Edison International,52.35,52,-20,-26,0,6,24,-21,-23,49,29,35
VTR,"Ventas, Inc.",63.11,-15,-26,66,21,46,-9,-33,17,14,-11,35
APTV,Aptiv,72.46,31,37,1,-23,46,16,3,4,-35,-12,34
WING,Wingstop,327.92,-34,43,-1,37,45,-39,-4,2,30,-11,34
EEFT,Euronet Worldwide,106.65,14,2,1,0,17,8,-7,4,12,17,34
WMS,Advanced Drainage Systems,118.24,17,21,-34,2,6,13,13,4,-2,28,34
TPL,Texas Pacific Land Corporation,1071.12,5,-24,-3,57,35,7,-24,4,12,-1,34
CAVA,Cava Group,87.18,37,0,-8,0,29,50,-25,-22,1,4,33
RNR,RenaissanceRe,241.26,-10,1,-2,34,23,-6,-13,2,27,10,33
MRP,Millrose Properties,28.02,-3,26,0,0,23,5,4,0,0,9,32
AMED,Amedisys,96.09,-17,54,6,-39,4,-17,17,19,9,28,32
GPC,Genuine Parts Company,127.61,24,4,0,0,28,27,-12,4,-16,3,31
FE,FirstEnergy,39.78,-9,-2,0,54,43,-7,-22,4,13,-12,31
ACN,Accenture,304.8,24,0,-17,13,20,17,-12,-13,18,10,30
RH,RH,205.7,16,2,-18,-6,-6,40,3,-17,8,34,28
TWLO,Twilio,120.16,0,29,41,-33,37,-12,5,-12,10,-9,28
TSN,Tyson Foods,57.35,25,0,0,-27,-2,22,3,-5,10,30,28
KRC,Kilroy Realty,35.31,5,27,0,-39,-7,15,30,-20,10,35,28
TGT,Target Corporation,104.25,31,3,-25,-10,-1,50,17,-33,-5,29,28
MTDR,Matador Resources,50.38,7,17,-23,0,1,8,37,-16,-5,24,25
RVTY,Revvity,101.14,55,1,-14,-23,19,10,13,-19,2,6,25
ROIV,Roivant Sciences,10.94,-24,47,-1,0,22,-40,16,4,23,3,25
AVB,AvalonBay Communities,203.29,-14,1,0,15,2,-8,17,-1,14,22,24
BC,Brunswick Corporation,58.94,17,21,-32,-6,0,17,37,-23,-8,23,23
OVV,Ovintiv,39.92,0,19,-31,0,-12,16,22,1,-5,34,22
WTW,Willis Towers Watson,305.99,47,-49,2,23,23,-7,-13,-9,28,-1,22
GPK,Graphic Packaging,22.05,17,-81,-13,57,-20,15,-18,-26,70,41,21
DKNG,DraftKings,40.71,0,13,3,0,16,-15,13,-12,19,5,21
DPZ,Domino's,450.82,0,-2,0,9,7,-1,-23,21,17,14,21
PFE,Pfizer,25.49,17,18,-27,-22,-14,17,43,1,-27,34,20
ONTO,Onto Innovation,104.14,36,0,-20,0,16,9,13,-15,-3,4,20
AMKR,Amkor Technology,22.11,52,22,-34,0,40,8,18,-42,-4,-20,20
U,Unity Technologies,26.15,30,26,0,0,56,3,-10,4,-34,-37,19
GPN,Global Payments,81.71,52,0,-21,-38,-7,47,5,-18,-9,25,18
FI,Fiserv,175.18,7,-63,-8,34,-30,23,8,-9,26,48,18
CRL,Charles River Laboratories,157.03,40,22,-48,-25,-11,53,40,-57,-7,29,18
CROX,Crocs,107.91,31,0,-36,0,-5,46,-23,4,-4,23,18
SEB,Seaboard Corporation,3015.1,17,11,0,-22,6,15,23,2,-28,12,18
DLB,Dolby Laboratories,75.6,26,3,1,1,31,16,-23,-14,7,-14,17
PODD,Insulet,300.83,-16,0,39,3,26,-9,-13,8,5,-9,17
WAT,Waters Corporation,350.7,0,7,0,13,20,-5,2,-14,13,-4,16
CRM,Salesforce,273.2,5,0,-7,21,19,-10,2,-15,20,-3,16
DAR,Darling Ingredients,39.08,16,14,0,-19,11,19,13,2,-29,5,16
BROS,Dutch Bros. Coffee,67.22,-21,1,47,0,27,-14,-11,2,10,-13,14
MKC,McCormick & Company,75.38,0,0,0,-1,-1,-3,17,-8,9,15,14
EXE,Expand Energy,108.61,-20,0,35,0,15,-44,-1,35,9,-1,14
ESTC,Elastic NV,88.04,33,0,-7,-5,21,29,-22,-12,-3,-8,13
VNO,Vornado Realty Trust,37.7,0,5,0,3,8,-5,-7,2,14,4,12
ALAB,Astera Labs,90.78,-9,35,0,0,26,3,-1,-16,0,-14,12
FTV,Fortive,53.07,0,3,-15,32,20,15,-9,-11,-4,-9,11
AMH,American Homes 4 Rent,35.78,-45,0,-2,67,20,-7,-21,4,14,-10,10
CPT,Camden Property Trust,114.46,0,0,0,0,0,3,-7,4,10,10,10
UDR,"UDR, Inc.",40.91,1,0,0,1,2,-6,-2,4,12,8,10
EPAM,EPAM Systems,182.9,41,8,-20,-26,3,52,1,-11,-36,6,9
GTM,ZoomInfo,10.28,31,10,-17,0,24,1,41,-22,-36,-16,8
AVY,Avery Dennison,183.24,17,3,-29,1,-8,15,3,1,-4,15,7
DOCU,DocuSign,79.05,31,-17,0,-11,3,3,-11,2,10,4,7
PLD,Prologis,108.17,16,3,-17,0,2,11,-6,4,-4,5,7
LULU,Lululemon Athletica,248.05,23,-19,-5,-2,-3,47,-13,-14,-11,9,6
ON,ON Semiconductor,56.61,15,22,-31,0,6,8,43,-37,-14,0,6
CNXC,Concentrix,56.91,16,3,0,0,19,15,1,2,-32,-14,5
PENN,Penn Entertainment,18.53,75,8,-17,-33,33,8,18,-12,-43,-29,4
SEG,Seaport Entertainment Group,19.78,10,1,0,0,11,19,-5,-22,0,-8,3
UA,Under Armour (Class C),6.74,63,29,-22,-36,34,29,2,-26,-36,-31,3
GTLB,GitLab,46.27,32,0,-15,0,17,7,-24,-14,17,-14,3
AAP,Advance Auto Parts,51.79,17,29,0,-27,19,15,-3,4,-33,-17,2
DXCM,Dexcom,82.83,-3,41,0,-13,25,-9,-10,4,-8,-23,2
INCY,Incyte,68.76,-12,23,0,-30,-19,-6,45,-25,6,20,1
IPG,Interpublic Group of Companies (The),25.52,60,3,-37,0,26,20,5,-34,-16,-25,1
BILL,Bill.com,48.08,56,5,-18,0,43,3,4,-14,-36,-43,0
SIRI,Sirius XM,24.25,52,9,-77,-30,-46,64,41,-43,-16,46,0
SWK,Stanley Black & Decker,71.18,38,3,-23,-38,-20,47,3,-29,-1,20,0
CVS,CVS Health,67.62,0,10,4,-16,-2,-7,16,19,-27,1,-1
BMY,Bristol Myers Squibb,47.05,1,0,-3,-4,-6,15,-6,-8,4,5,-1
TEAM,Atlassian,214.51,31,0,0,-5,26,1,-26,-12,10,-27,-1
HRL,Hormel Foods,30.47,1,6,-4,-22,-19,27,16,4,-29,18,-1
FBIN,Fortune Brands Innovations,53.29,38,0,-20,-4,14,8,3,-26,-1,-16,-2
GDDY,GoDaddy,178.02,0,0,0,21,21,-10,-21,-13,21,-23,-2
BFAM,Bright Horizons,120.65,-11,0,0,7,-4,-6,-16,9,14,1,-3
WST,West Pharmaceutical Services,223.71,17,20,-21,-6,10,-5,20,-21,-7,-13,-3
CCCS,CCC Intelligent Solutions,9.8,15,11,-22,0,4,5,14,-21,-5,-7,-3
DHR,Danaher Corporation,202.93,9,19,-23,0,5,11,18,-34,-3,-8,-3
AA,Alcoa,31.25,24,4,-15,-19,-6,17,37,-21,-31,2,-4
WFRD,Weatherford International,54.24,21,8,-38,0,-9,33,17,-42,-4,4,-5
HHH,Howard Hughes Holdings,68.79,5,-1,-7,-5,-8,16,-4,-22,13,3,-5
CDW,CDW,182.18,52,37,-36,3,56,19,-16,-57,-7,-61,-5
YETI,Yeti Holdings,32.9,26,4,-29,-5,-4,24,3,-20,-9,-2,-6
HPQ,HP Inc.,26.05,34,0,-19,0,15,8,-22,-23,15,-22,-7
AZTA,Azenta,33.18,42,2,-47,-30,-33,16,31,-13,-8,26,-7
SEE,Sealed Air,32.67,17,37,-18,-23,13,16,-8,2,-31,-21,-8
PEN,"Penumbra, Inc.",250.18,-16,-26,26,10,-6,-15,-29,40,2,-2,-8
REXR,Rexford Industrial,37.11,9,22,-40,-17,-26,11,37,1,-31,18,-8
DOC,Healthpeak Properties,18.26,19,0,-11,-30,-22,15,17,-26,8,14,-8
S,SentinelOne,18.44,38,0,-19,0,19,7,-25,-22,13,-27,-8
KMX,CarMax,70.88,17,0,-13,-35,-31,15,14,-17,10,22,-9
TECH,Bio-Techne,53.3,40,0,-21,-23,-4,8,13,-21,-5,-5,-9
WDAY,"Workday, Inc.",242.93,3,0,-4,13,12,1,-23,2,-1,-21,-9
JKHY,Jack Henry & Associates,181.94,3,5,10,3,21,-6,-13,-21,10,-30,-9
CTRA,Coterra,25.17,-41,0,5,43,7,-52,29,-6,12,-17,-10
UAA,Under Armour (Class A),7.07,55,27,-22,-43,17,28,2,-22,-36,-28,-11
AVTR,Avantor,13.8,19,0,-23,0,-4,8,23,-34,-4,-7,-11
PEP,PepsiCo,135.45,25,0,-36,0,-11,28,17,-33,-12,0,-11
AXTA,Axalta,30.83,17,-24,-10,21,4,8,-27,-23,25,-17,-13
UHAL,U-Haul,62.18,1,-12,-9,21,1,14,-25,-22,19,-14,-13
HSY,Hershey Company (The),176.61,17,3,-39,0,-19,13,18,-8,-18,5,-14
ENTG,Entegris,86.67,52,3,-38,-5,12,8,13,-43,-4,-26,-14
RNG,RingCentral,30.0,40,18,-20,-40,-2,47,5,-20,-44,-12,-14
LSCC,Lattice Semiconductor,52.17,9,3,-14,-4,-6,8,9,-11,-14,-8,-14
SITE,SiteOne Landscape Supply,128.91,22,4,-20,-8,-2,15,3,-23,-7,-12,-14
FANG,Diamondback Energy,140.94,0,3,-23,46,26,8,-3,-42,-4,-41,-15
ETSY,Etsy,54.58,10,27,-2,-29,6,15,-6,4,-36,-23,-17
IPGP,IPG Photonics,73.85,38,36,-80,-43,-49,53,43,-21,-43,32,-17
SHC,Sotera Health,11.7,17,0,-21,0,-4,8,-21,4,-5,-14,-18
ZM,Zoom Communications,79.24,5,0,0,0,5,-10,-20,4,3,-23,-18
EW,Edwards Lifesciences,76.69,0,11,0,-13,-2,-9,2,24,-34,-17,-19
M,"Macy's, Inc.",12.45,24,3,-25,-14,-12,39,-23,-19,-5,-8,-20
EQR,Equity Residential,67.03,-10,0,0,12,2,-10,-28,4,12,-22,-20
IQV,IQVIA,164.56,25,2,-34,-5,-12,15,18,-36,-5,-8,-20
PK,Park Hotels & Resorts,10.78,17,3,-20,-6,-6,8,3,-22,-4,-15,-21
TSLA,"Tesla, Inc.",317.09,-33,0,0,9,-24,2,9,-18,9,2,-22
KBR,"KBR, Inc.",47.67,-11,-10,-24,0,-45,-21,-10,-2,56,23,-22
MAA,Mid-America Apartment Communities,150.59,7,-23,0,0,-16,15,-30,-2,10,-7,-23
DBX,Dropbox,28.16,-17,0,13,8,4,-9,-24,-1,7,-27,-23
HOLX,Hologic,64.81,-4,25,-29,0,-8,-12,32,-29,-6,-15,-23
PVH,PVH Corp.,72.11,33,-20,-26,-2,-15,40,-20,-22,-6,-8,-23
FRPT,Freshpet,71.34,12,-14,-18,-5,-25,16,-18,-14,18,2,-23
DAY,Dayforce,57.13,3,1,-14,-11,-21,17,-7,-18,4,-4,-25
NKE,"Nike, Inc.",76.32,36,5,-71,-20,-50,54,5,1,-35,25,-25
PLTK,Playtika,4.98,26,3,-20,0,9,15,1,-21,-30,-35,-26
LKQ,LKQ Corporation,38.65,16,-14,0,0,2,16,-20,-8,-16,-28,-26
INVH,Invitation Homes,32.69,-45,0,-2,6,-41,-6,-7,15,13,15,-26
OKTA,"Okta, Inc.",98.95,3,-18,18,-23,-20,-12,-22,23,5,-6,-26
PCTY,Paylocity,185.57,5,0,0,-2,3,-4,-17,-13,4,-30,-27
DV,DoubleVerify,15.46,26,10,-64,0,-28,29,-7,-12,-9,1,-27
SJM,J.M. Smucker Company (The),104.33,24,-17,-6,-3,-2,17,-17,-4,-22,-26,-28
UWMC,United Wholesale Mortgage,4.24,17,0,-23,0,-6,14,2,-36,-3,-23,-29
RYAN,Ryan Specialty,66.15,-10,-7,0,0,-17,-21,-13,-3,24,-13,-30
SLB,Schlumberger,35.56,16,0,-64,0,-48,29,13,-15,-9,18,-30
FMC,FMC Corporation,44.1,16,26,-34,-23,-15,10,30,-30,-25,-15,-30
BBY,Best Buy,71.74,17,3,-18,-5,-3,10,-7,-29,-1,-27,-30
AR,Antero Resources,37.19,-36,0,35,9,8,-51,-1,4,9,-39,-31
CGNX,Cognex Corporation,32.61,39,19,-34,-30,-6,50,5,-42,-39,-26,-32
ZTS,Zoetis,159.03,0,3,-29,-2,-28,8,-11,3,-4,-4,-32
SON,Sonoco,46.54,17,3,-38,0,-18,11,-13,1,-13,-14,-32
WSC,WillScot Mobile Mini,28.91,50,3,-59,-5,-11,47,-22,-36,-11,-22,-33
FRT,Federal Realty Investment Trust,95.7,2,3,-17,1,-11,-5,-7,-23,13,-22,-33
WLK,Westlake Corporation,81.29,32,0,-34,0,-2,17,3,-46,-5,-31,-33
UHAL-B,U-Haul (Series N),56.6,15,1,-17,0,-1,14,-24,-31,8,-33,-34
IEX,IDEX Corporation,181.0,17,2,-22,0,-3,16,-21,-22,-5,-32,-35
OGN,Organon & Co.,10.02,1,0,-23,0,-22,8,18,-36,-3,-13,-35
HUBS,HubSpot,563.43,4,-16,-4,10,-6,-11,-24,-12,18,-29,-35
MTCH,Match Group,32.69,17,21,-20,-36,-18,17,29,-27,-37,-18,-36
CE,Celanese,61.08,33,22,-37,-9,9,15,3,-55,-8,-45,-36
EMN,Eastman Chemical Company,79.38,17,0,-15,0,2,8,-16,-29,-1,-38,-36
POOL,Pool Corporation,301.07,17,-16,-17,-5,-21,12,3,-23,-8,-16,-37
RARE,Ultragenyx,39.71,10,17,-21,-37,-31,8,16,-29,-2,-7,-38
LSTR,Landstar,145.68,21,3,-29,0,-5,17,-9,-36,-6,-34,-39
DVN,Devon Energy,33.21,0,3,-44,-4,-45,8,16,3,-21,6,-39
VFC,VF Corporation,12.57,17,-14,-14,-42,-53,47,-25,-14,6,14,-39
WY,Weyerhaeuser,26.35,9,0,-17,0,-8,8,-4,-29,-7,-32,-40
WBD,Warner Bros. Discovery,11.24,0,17,6,-41,-18,-17,37,2,-44,-22,-40
TTC,Toro Company (The),74.88,52,3,-29,-6,20,17,-19,-42,-19,-63,-43
MRK,Merck & Co.,81.35,17,0,-41,-3,-27,17,17,-45,-5,-16,-43
GFS,GlobalFoundries,39.86,17,15,-76,0,-44,15,13,-11,-16,1,-43
COO,Cooper Companies (The),73.18,31,-24,-21,-4,-18,31,-28,-26,-2,-25,-43
CHRD,Chord Energy,104.16,6,18,-44,1,-19,8,21,-48,-5,-24,-43
GNTX,Gentex,23.1,33,2,-36,-7,-8,50,-26,-53,-7,-36,-44
JAZZ,Jazz Pharmaceuticals,109.75,17,0,-9,-5,3,8,-8,-10,-38,-48,-45
LOAR,Loar Holdings,82.44,-11,0,0,0,-11,-15,-27,8,0,-34,-45
WTRG,Essential Utilities,36.73,-10,-16,0,-2,-28,-5,-32,16,4,-17,-45
AKAM,Akamai Technologies,79.48,0,4,-20,-6,-22,-6,12,-20,-9,-23,-45
BHF,Brighthouse Financial,52.94,-47,-1,12,10,-26,-12,-19,4,7,-20,-46
MRNA,Moderna,30.65,38,0,-49,-3,-14,53,2,-49,-38,-32,-46
MTN,Vail Resorts,163.68,18,27,-27,-22,-4,31,-17,-21,-35,-42,-46
GMED,Globus Medical,59.19,19,-92,-9,0,-82,47,-8,-14,11,36,-46
TREX,"Trex Company, Inc.",58.81,17,2,-48,-12,-41,17,2,-20,-5,-6,-47
VKTX,Viking Therapeutics,28.01,10,3,-34,20,-1,8,-22,-27,-5,-46,-47
CC,Chemours,12.77,40,3,-59,-12,-28,17,14,-21,-29,-19,-47
GME,GameStop,23.85,24,-15,-4,-29,-24,-6,-17,5,-6,-24,-48
TXG,10x Genomics,13.09,43,18,-70,0,-9,52,19,-69,-41,-39,-48
LYB,LyondellBasell,61.88,16,2,-38,0,-20,16,13,-52,-6,-29,-49
PINC,"Premier, Inc.",21.9,0,1,11,-27,-15,1,-12,9,-33,-35,-50
NWL,Newell Brands,5.8,17,3,-21,-30,-31,29,7,-21,-35,-20,-51
HOG,Harley-Davidson,25.48,17,3,-37,-8,-25,31,-19,-32,-10,-30,-55
ASH,Ashland Global,53.27,23,2,-35,-8,-18,16,3,-47,-9,-37,-55
IFF,International Flavors & Fragrances,76.39,9,2,-17,-30,-36,8,-8,-29,10,-19,-55
TAP,Molson Coors,49.44,12,-48,-7,0,-43,20,-22,-8,-2,-12,-55
IAC,IAC Inc.,38.75,31,6,-34,-30,-27,29,8,-29,-37,-29,-56
MOH,Molina Healthcare,239.32,-10,-29,-7,0,-46,-3,3,-3,-7,-10,-56
PCG,PG&E Corporation,13.83,-2,-21,-24,0,-47,-3,-23,-23,39,-10,-57
PAYC,Paycom,232.93,0,0,13,-23,-10,-6,-11,4,-36,-49,-59
COP,ConocoPhillips,93.89,9,2,-39,0,-28,16,15,-55,-7,-31,-59
CZR,Caesars Entertainment,29.72,17,10,-20,-24,-17,17,5,-29,-36,-43,-60
ELV,Elevance Health,350.62,-10,-2,-38,0,-50,-7,3,-4,-2,-10,-60
CERT,"Certara, Inc.",11.26,33,-15,-9,0,9,-6,-32,-1,-31,-70,-61
RGEN,Repligen,127.35,20,-17,-10,-16,-23,17,-7,-14,-36,-40,-63
EG,Everest Group,335.6,-10,-18,-30,54,-4,-7,-18,-31,-4,-60,-64
FCN,FTI Consulting,164.91,20,0,-31,0,-11,14,-22,-41,-4,-53,-64
CPRI,Capri Holdings,18.24,33,6,-66,-10,-37,47,-14,-30,-31,-28,-65
TRIP,Tripadvisor,17.58,17,2,0,-51,-32,24,-16,1,-43,-34,-66
LBTYA,Liberty Global (Series A),9.97,38,0,-34,-30,-26,-5,5,-32,-9,-41,-67
AAL,American Airlines Group,11.71,38,5,-15,-75,-47,47,-15,-15,-38,-21,-68
BRKR,Bruker,42.41,40,3,-54,-7,-18,3,13,-58,-8,-50,-68
MDB,MongoDB Inc.,211.29,3,8,-20,-8,-17,-15,-9,-21,-8,-53,-70
CLF,Cleveland-Cliffs,8.85,26,2,-57,-15,-44,23,15,-57,-7,-26,-70
TDC,Teradata,23.44,30,4,-73,-16,-55,45,-24,-21,-15,-15,-70
WEN,Wendy's Company (The),11.66,-5,-7,-31,-7,-50,10,9,-26,-14,-21,-71
ALGN,Align Technology,199.47,51,22,-61,-24,-12,22,11,-56,-37,-60,-72
CLVT,Clarivate,4.4,36,8,-71,-5,-32,39,-7,-31,-41,-40,-72
OLN,Olin Corporation,21.91,17,2,-54,-8,-43,47,2,-56,-22,-29,-72
UPS,United Parcel Service,104.49,31,3,-100,-15,-81,32,37,-28,-33,8,-73
EXAS,Exact Sciences,53.65,-3,5,-22,-24,-44,-2,-14,2,-15,-29,-73
LBTYK,Liberty Global (Series C),10.24,38,0,-34,-29,-25,-1,18,-31,-35,-49,-74
NSA,National Storage Affiliates,32.84,2,-30,-9,-3,-40,15,-31,-30,11,-35,-75
BRBR,BellRing Brands,57.43,-2,-41,-7,0,-50,-5,-33,-13,26,-25,-75
MAN,ManpowerGroup,44.27,17,0,-40,-27,-50,46,1,-40,-35,-28,-78
DUOL,Duolingo,392.66,-124,-3,47,0,-80,-12,-17,8,22,1,-79
COLM,Columbia Sportswear,63.68,26,-80,-15,-5,-74,16,-23,-10,12,-5,-79
REGN,Regeneron Pharmaceuticals,548.77,25,-24,-35,-3,-37,17,-21,-36,-3,-43,-80
BAX,Baxter International,31.02,17,2,-17,-37,-35,8,-7,-8,-40,-47,-82
CIVI,Civitas Resources,29.53,0,1,-49,-5,-53,10,17,-49,-8,-30,-83
QDEL,QuidelOrtho,29.91,24,-13,-17,-37,-43,47,-26,-17,-46,-42,-85
NOV,NOV Inc.,13.09,0,2,-49,-11,-58,8,18,-40,-14,-28,-86
RIVN,Rivian,13.22,-17,-5,-1,0,-23,-28,-20,5,-20,-63,-86
OXY,Occidental Petroleum,43.79,0,3,-49,0,-46,8,19,-53,-15,-41,-87
AES,AES Corporation,11.52,10,1,-36,-10,-35,14,2,-47,-23,-54,-89
BDX,Becton Dickinson,176.26,19,-90,-22,-4,-97,28,3,-13,-14,4,-93
ARE,Alexandria Real Estate Equities,76.76,16,0,-31,-29,-44,15,11,-42,-34,-50,-94
RYN,Rayonier,23.07,10,-62,-14,-4,-70,15,-8,-26,-8,-27,-97
ADBE,Adobe Inc.,382.03,-10,0,-30,-5,-45,-2,-14,-34,-4,-54,-99
MKTX,MarketAxess,216.02,-8,0,-22,-28,-58,-3,-1,4,-43,-43,-101
ANGI,Angi Inc.,16.9,17,22,-34,-50,-45,29,-12,-32,-43,-58,-103
PII,Polaris Inc.,46.26,19,6,-94,-16,-85,31,3,-37,-16,-19,-104
DOW,Dow Inc.,28.42,1,-11,-37,0,-47,8,-7,-52,-7,-58,-105
DXC,DXC Technology,16.3,24,3,-19,-72,-64,17,1,-26,-33,-41,-105
DJT,Trump Media & Technology Group,18.96,3,-24,-50,0,-71,16,-26,-18,-8,-36,-107
ELS,Equity Lifestyle Properties,62.41,-39,-7,-15,0,-61,2,-21,-26,-2,-47,-108
CHE,Chemed Corporation,472.91,-24,-30,-5,0,-59,-22,-18,-3,-7,-50,-109
COTY,Coty,5.12,9,0,-58,-6,-55,17,-4,-60,-8,-55,-110
BG,Bunge Global,78.67,-23,0,-38,0,-61,-60,11,4,-4,-49,-110
FTRE,Fortrea,5.22,0,-14,-30,0,-44,-5,-3,-59,-1,-68,-112
INTC,Intel,22.41,0,1,-63,-19,-81,-22,13,-11,-11,-31,-112
KVUE,Kenvue,21.02,-79,-21,0,0,-100,-6,-22,13,2,-13,-113
KHC,Kraft Heinz,26.62,17,-50,-36,-3,-72,16,-40,-8,-9,-41,-113
GLOB,Globant,92.52,5,-33,-20,-6,-54,-6,-27,-20,-6,-59,-113
STZ,Constellation Brands,173.23,16,-20,-39,-2,-45,17,-24,-55,-7,-69,-114
LCID,Lucid Motors,2.17,0,-25,-26,0,-51,3,-22,-11,-34,-64,-115
KSS,Kohl's,9.24,19,3,-56,-30,-64,31,3,-57,-31,-54,-118
HAL,Halliburton,21.53,0,0,-57,-4,-61,8,-2,-56,-8,-58,-119
GIS,General Mills,53.17,16,-61,-35,-3,-83,17,-7,-31,-18,-39,-122
HUM,Humana,240.15,1,0,-83,-11,-93,-2,5,-14,-19,-30,-123
INSP,Inspire Medical Systems,127.4,-3,-34,-17,-5,-59,-4,-26,-22,-16,-68,-127
ALB,Albemarle Corporation,67.16,38,2,-122,-22,-104,8,13,-21,-24,-24,-128
BIRK,Birkenstock,48.75,-102,-7,-4,0,-113,-6,-14,4,0,-16,-129
LEG,Leggett & Platt,9.9,17,22,-126,-29,-116,8,13,1,-37,-15,-131
PRGO,Perrigo,27.32,18,8,0,-112,-86,13,3,-9,-54,-47,-133
LW,Lamb Weston,52.57,-8,0,-66,-7,-81,-15,-4,-20,-13,-52,-133
NFE,New Fortress Energy,4.07,24,-93,-65,-2,-136,40,2,-16,-24,2,-134
BIIB,Biogen,132.35,17,2,-78,-26,-85,10,-7,-41,-17,-55,-140
BMRN,BioMarin Pharmaceutical,57.21,16,-62,-44,-19,-109,31,-33,-9,-21,-32,-141
FIVN,Five9,27.63,3,3,-73,-34,-101,17,-8,-11,-39,-41,-142
VSTS,Vestis,6.11,0,-106,-15,0,-121,8,-8,-21,0,-21,-142
MPW,Medical Properties Trust,4.39,-3,-37,-1,-35,-76,4,-35,-1,-34,-66,-142
APA,APA Corporation,19.5,0,19,-79,-11,-71,30,-1,-83,-18,-72,-143
ENOV,Enovis,33.54,33,-30,-59,-16,-72,8,-26,-19,-36,-73,-145
LINE,"Lineage, Inc.",43.48,-27,-62,0,0,-89,-37,5,-25,0,-57,-146
REYN,Reynolds Consumer Products,21.75,23,-103,-22,0,-102,24,-33,-34,-2,-45,-147
ACHC,Acadia Healthcare,23.28,30,-89,-42,-10,-111,40,-26,-36,-15,-37,-148
SPB,Spectrum Brands,56.35,21,-137,-22,-3,-141,17,-27,-21,23,-8,-149
RHI,Robert Half,42.78,17,-111,-23,-8,-125,43,-16,-21,-31,-25,-150
GO,Grocery Outlet,13.44,3,-13,-94,0,-104,10,-34,4,-27,-47,-151
APLS,Apellis Pharmaceuticals,18.02,0,0,-64,-15,-79,13,-7,-62,-17,-73,-152
CNC,Centene,33.53,-10,-30,-38,-10,-88,-6,-28,-7,-27,-68,-156
SAM,Boston Beer Company,200.94,13,-26,-29,-36,-78,19,-36,-25,-43,-85,-163
COLD,Americold,16.92,-2,-65,-35,-10,-112,4,-7,-35,-14,-52,-164
BF-A,Brown–Forman (Class A),29.0,25,-24,-96,-17,-112,31,-24,-36,-23,-52,-164
BF-B,Brown–Forman (Class B),28.49,24,-24,-97,-17,-114,29,-23,-29,-27,-50,-164
CAG,Conagra Brands,21.05,0,-55,-26,-6,-87,16,-69,-8,-22,-83,-170
ZBH,Zimmer Biomet,93.68,17,-60,-59,-16,-118,15,3,-58,-17,-57,-175
XRAY,Dentsply Sirona,16.74,30,10,-75,-41,-76,8,-13,-62,-39,-106,-182
WU,Western Union,8.6,15,-62,-17,-45,-109,8,-31,-52,-4,-79,-188
HUN,Huntsman Corporation,11.1,16,-73,-39,-14,-110,17,-29,-34,-32,-78,-188
CPB,Campbell Soup Company,31.27,0,-62,-26,-5,-93,13,-72,-33,-4,-96,-189
FLO,Flowers Foods,16.11,17,-62,-31,-7,-83,15,-54,-51,-22,-112,-195
CLX,Clorox,125.1,16,-125,-11,-4,-124,18,-83,-21,12,-74,-198
SRPT,Sarepta Therapeutics,18.09,0,-119,-23,-6,-148,8,-13,-44,-5,-54,-202
CRI,Carter's,31.42,17,-106,-56,-16,-161,17,-30,-33,-8,-54,-215
TFX,Teleflex,120.56,17,-106,-36,-38,-163,12,-61,-32,-9,-90,-253
ENPH,Enphase Energy,42.78,16,-121,-40,-19,-164,7,-62,-47,-23,-125,-289
WOLF,Wolfspeed,1.15,3,-31,-128,-29,-185,15,-30,-94,-36,-145,-330
