Symbol,Name,Close,1H Cloud Score,1D Cloud Score,1W Cloud Score,1M Cloud Score,Cloud Score Sum,1H TKx Score,1D TKx Score,1W TKx Score,1M TKx Score,TKx Score Sum,Total Score Sum
TJX,TJX Companies,125.99,0,-3,146,198,341,-14,4,115,193,298,639
ORLY,O'Reilly Auto Parts,99.11,70,11,161,199,441,-3,17,52,89,155,596
MSI,Motorola Solutions,436.62,79,12,0,153,244,83,22,-25,185,265,509
COOP,Mr. Cooper Group,174.12,7,57,117,58,239,5,56,115,56,232,471
RSG,Republic Services,231.24,-21,-3,122,177,275,-30,-28,91,160,193,468
ICE,Intercontinental Exchange,184.59,3,63,110,161,337,20,64,20,21,125,462
CASY,Casey's,522.52,0,37,111,87,235,-4,37,115,78,226,461
COST,Costco,952.36,7,-14,115,180,288,6,-33,8,184,165,453
CDNS,Cadence Design Systems,356.89,60,26,15,141,242,-3,25,8,180,210,452
WM,"Waste Management, Inc.",228.81,-2,-1,93,187,277,-13,4,25,159,175,452
SO,Southern Company,94.97,6,30,74,190,300,2,46,21,79,148,448
WELL,Welltower,166.23,28,54,114,58,254,20,15,131,24,190,444
HWM,Howmet Aerospace,184.26,-14,70,146,29,231,-7,70,90,57,210,441
NRG,NRG Energy,167.7,61,11,101,94,267,22,3,111,21,157,424
NDAQ,"Nasdaq, Inc.",95.17,49,63,74,144,330,-3,70,8,14,89,419
PEG,Public Service Enterprise Group,88.97,84,36,2,152,274,82,43,2,17,144,418
JPM,JPMorgan Chase,288.99,-7,59,121,158,331,-19,70,8,26,85,416
HEI,HEICO (Common),325.1,5,64,23,189,281,-7,62,14,57,126,407
HEI-A,HEICO (Class A),257.27,38,65,24,182,309,-11,63,15,30,97,406
MSFT,Microsoft,524.0,48,64,14,173,299,-5,72,8,25,100,399
MCD,McDonald's,302.88,31,1,50,242,324,-4,13,-2,57,64,388
PLTR,Palantir Technologies,154.24,0,70,114,0,184,-5,72,117,20,204,388
ANET,Arista Networks,117.54,188,42,5,58,293,-4,38,4,56,94,387
ETR,Entergy,89.7,28,15,74,137,254,20,10,87,14,131,385
CBOE,Cboe Global Markets,247.5,7,53,142,55,257,9,48,20,51,128,385
NFG,National Fuel Gas,86.64,-11,141,58,52,240,-12,72,69,10,139,379
CTAS,Cintas,221.48,-4,0,17,167,180,-4,3,11,187,197,377
HUBB,Hubbell Incorporated,426.72,-7,55,3,182,233,-5,73,4,71,143,376
DUK,Duke Energy,122.97,21,13,74,183,291,21,23,20,16,80,371
BSX,Boston Scientific,105.38,-4,12,142,144,294,-14,25,8,57,76,370
LHX,L3Harris,278.16,156,79,10,5,250,21,72,10,14,117,367
PGR,Progressive Corporation,241.12,-35,-37,103,177,208,-4,-33,-1,189,151,359
ORCL,Oracle Corporation,244.42,0,56,9,198,263,-4,63,8,27,94,357
YUM,Yum! Brands,145.38,-1,1,26,259,285,-4,-3,20,57,70,355
SPGI,S&P Global,544.98,52,57,14,172,295,6,26,6,21,59,354
ROL,"Rollins, Inc.",57.73,5,7,29,286,327,-4,-29,21,35,23,350
OLLI,Ollie's Bargain Outlet,137.9,45,57,113,16,231,-5,38,61,23,117,348
ITT,ITT Inc.,164.04,61,63,14,99,237,5,70,8,26,109,346
WRB,W. R. Berkley Corporation,69.24,28,-3,92,176,293,-2,-22,22,55,53,346
RTX,RTX Corporation,156.82,0,56,75,54,185,-7,62,82,14,151,336
AWI,Armstrong World Industries,188.63,52,64,92,21,229,55,23,8,19,105,334
DTE,DTE Energy,138.49,5,13,72,189,279,7,10,25,13,55,334
ORI,Old Republic International,35.91,-7,-14,145,58,182,-5,-14,115,55,151,333
LYV,Live Nation Entertainment,146.18,-12,58,92,147,285,-11,32,7,16,44,329
WMT,Walmart,98.46,49,7,125,101,282,7,2,8,29,46,328
RBC,RBC Bearings,399.79,2,61,91,58,212,-26,70,12,57,113,325
TDG,TransDigm Group,1584.26,-4,70,17,157,240,-7,27,8,57,85,325
EME,Emcor,624.68,62,57,15,58,192,-5,72,6,57,130,322
ANSS,Ansys,384.54,94,46,13,10,163,106,25,6,22,159,322
FAST,Fastenal,45.42,-13,79,121,106,293,-32,23,11,26,28,321
ADP,Automatic Data Processing,300.37,-7,-1,83,180,255,-3,4,8,57,66,321
RBA,RB Global,108.29,-11,68,102,27,186,-7,17,105,19,134,320
AM,Antero Midstream,18.52,14,2,146,23,185,17,-15,76,55,133,318
FIX,Comfort Systems USA,695.31,48,60,15,64,187,-5,72,8,55,130,317
PTC,PTC Inc.,211.83,15,56,4,182,257,6,20,5,26,57,314
CME,CME Group,280.73,21,7,52,136,216,12,18,48,19,97,313
MA,Mastercard,559.81,-7,2,124,155,274,-4,9,8,26,39,313
AZO,AutoZone,3858.37,7,10,92,86,195,-11,17,52,57,115,310
ARES,Ares Management,182.66,0,57,15,59,131,-7,70,8,106,177,308
ALL,Allstate,199.8,14,2,95,159,270,6,2,9,17,34,304
ETN,Eaton Corporation,381.47,-4,57,6,114,173,-21,70,6,72,127,300
AVGO,Broadcom,288.51,0,60,17,116,193,-5,72,8,30,105,298
PWR,Quanta Services,394.84,-7,64,15,99,171,-26,72,8,72,126,297
DASH,DoorDash,248.38,52,56,95,0,203,-2,69,8,18,93,296
INTU,Intuit,776.02,-4,70,15,191,272,-8,4,8,20,24,296
SRE,Sempra,80.98,87,12,0,181,280,-2,12,6,-1,15,295
NVDA,Nvidia,173.59,0,56,12,134,202,-5,64,8,26,93,295
NI,NiSource,42.58,28,18,72,45,163,20,10,87,14,131,294
AAPL,Apple Inc.,202.27,-24,24,-1,251,250,-30,24,-23,71,42,292
SNPS,Synopsys,618.37,28,44,5,180,257,-3,36,6,-5,34,291
CHD,Church & Dwight,94.03,-26,-5,-14,344,299,-15,-7,-12,25,-9,290
AXON,Axon Enterprise,742.69,30,0,143,94,267,-1,-15,8,30,22,289
EBAY,eBay,91.74,14,66,75,14,169,7,15,80,16,118,287
GS,Goldman Sachs,709.25,-4,57,90,58,201,-12,68,8,21,85,286
MSA,MSA Safety,175.15,-7,59,0,164,216,-4,70,8,-5,69,285
IBKR,Interactive Brokers,63.58,0,57,87,57,201,-7,26,6,57,82,283
USFD,US Foods,83.29,1,60,141,35,237,-7,19,8,26,46,283
MCO,Moody's Corporation,501.15,0,57,14,156,227,-5,24,6,25,50,277
CBRE,CBRE Group,153.88,70,41,90,22,223,-3,37,6,14,54,277
EVRG,Evergy,71.56,27,38,56,14,135,19,38,75,10,142,277
BR,Broadridge Financial Solutions,244.7,-7,10,112,145,260,-22,4,8,25,15,275
TLN,Talen Energy,378.0,77,69,37,0,183,77,4,9,2,92,275
ATO,Atmos Energy,155.8,-4,0,72,45,113,19,13,83,45,160,273
MS,Morgan Stanley,139.09,-7,57,74,64,188,-7,68,8,16,85,273
BK,BNY Mellon,99.79,-2,59,92,40,189,-7,63,8,19,83,272
LPLA,LPL Financial,369.94,-7,58,43,99,193,-5,19,8,57,79,272
NET,Cloudflare,200.11,42,57,37,0,136,41,67,8,19,135,271
WMB,Williams Companies,60.27,28,2,110,52,192,28,-15,8,57,78,270
VST,Vistra Corp.,207.99,21,56,17,30,124,23,69,6,45,143,267
RMD,Resmed,279.11,7,63,15,13,98,79,69,7,13,168,266
FFIV,"F5, Inc.",307.4,14,56,92,14,176,-5,70,8,17,90,266
AAON,AAON,81.66,5,0,-11,245,239,12,6,-23,31,26,265
V,Visa Inc.,339.23,-16,-1,135,133,251,-19,-1,8,26,14,265
CW,Curtiss-Wright,493.57,6,65,17,54,142,-7,72,8,49,122,264
JBL,Jabil,218.49,-4,60,17,65,138,-12,70,9,57,124,262
TT,Trane Technologies,439.2,-21,65,14,164,222,-23,25,8,29,39,261
GLW,Corning Inc.,62.06,90,56,17,17,180,-2,63,6,14,81,261
VIRT,Virtu Financial,43.33,-2,71,74,14,157,23,-2,69,14,104,261
OGE,OGE Energy,45.32,11,13,66,45,135,21,23,66,14,124,259
VNT,Vontier,40.37,80,57,3,0,140,54,64,6,-5,119,259
GOOGL,Alphabet (Class A),189.08,-6,46,6,176,222,-8,20,3,21,36,258
GOOG,Alphabet (Class C),189.95,-6,46,5,176,221,-7,20,2,21,36,257
TMUS,T-Mobile US,237.18,-8,0,92,139,223,-7,9,-6,35,31,254
PAYX,Paychex,139.28,-8,-3,82,167,238,-14,5,11,14,16,254
KMI,Kinder Morgan,28.09,28,4,90,44,166,44,-15,6,52,87,253
BYD,Boyd Gaming,83.62,-7,57,46,59,155,-8,70,8,27,97,252
CAT,Caterpillar Inc.,428.66,0,56,6,64,126,-2,63,6,57,124,250
KLAC,KLA Corporation,886.44,-14,57,12,177,232,-14,-2,8,26,18,250
WDC,Western Digital,76.52,58,57,10,18,143,28,68,8,3,107,250
RCL,Royal Caribbean Group,314.25,-28,57,119,28,176,-33,70,8,27,72,248
ALLE,Allegion,164.97,84,69,7,21,181,12,25,8,22,67,248
KR,Kroger,71.36,1,30,77,67,175,7,2,48,15,72,247
RJF,Raymond James Financial,163.06,-4,56,90,58,200,-7,28,5,19,45,245
NOC,Northrop Grumman,586.63,63,24,8,58,153,21,44,15,12,92,245
CVNA,Carvana,367.88,14,69,90,11,184,14,22,8,16,60,244
AME,Ametek,182.35,14,2,2,106,124,7,2,8,101,118,242
VMI,Valmont Industries,358.48,0,47,60,58,165,-5,67,5,10,77,242
FE,FirstEnergy,43.18,119,10,4,55,188,19,11,8,14,52,240
FYBR,Frontier Communications,36.59,-4,18,87,0,101,12,21,92,14,139,240
APH,Amphenol,104.29,0,70,17,65,152,-19,72,8,27,88,240
UNM,Unum,69.73,-21,-3,183,40,199,-19,-3,8,54,40,239
FLEX,Flex Ltd.,49.49,-14,57,16,58,117,-12,69,8,57,122,239
PFGC,Performance Food Group,100.45,6,60,51,43,160,-5,18,8,57,78,238
ROP,Roper Technologies,542.11,-9,-1,27,182,199,-12,-18,42,26,38,237
SCHW,Charles Schwab Corporation,95.55,-2,70,75,11,154,-9,70,8,14,83,237
TPR,"Tapestry, Inc.",106.32,0,57,78,21,156,-7,63,6,19,81,237
J,Jacobs Solutions,139.13,-7,55,4,106,158,-19,70,5,19,75,233
RBLX,Roblox Corporation,125.09,21,69,51,0,141,-4,70,14,11,91,232
VICI,Vici Properties,33.08,2,38,56,15,111,5,38,21,57,121,232
MPWR,Monolithic Power Systems,785.18,7,57,1,157,222,1,1,8,-2,8,230
LNG,Cheniere Energy,238.21,15,2,58,58,133,42,-10,8,56,96,229
JCI,Johnson Controls,106.48,-28,65,73,19,129,3,70,8,18,99,228
SSD,Simpson Manufacturing Company,179.18,41,9,0,156,206,-3,22,4,-1,22,228
RL,Ralph Lauren Corporation,293.77,-4,59,92,34,181,-7,20,8,26,47,228
PM,Philip Morris International,162.93,0,-7,68,55,116,21,-19,83,27,112,228
WCC,Wesco International,203.54,-9,56,5,58,110,-16,70,6,57,117,227
SGI,Somnigroup International,72.19,-11,57,39,64,149,-26,70,8,26,78,227
AMD,Advanced Micro Devices,171.64,0,56,1,110,167,-5,63,8,-7,59,226
EHC,Encompass Health,108.55,0,-1,141,29,169,19,-14,22,29,56,225
FERG,Ferguson Enterprises,222.12,-4,59,9,65,129,-7,70,8,25,96,225
SSNC,SS&C Technologies,84.2,-7,33,88,14,128,17,58,5,15,95,223
NWS,News Corp (Class B),33.24,-16,60,110,58,212,-16,-3,8,21,10,222
GD,General Dynamics,310.62,0,79,6,54,139,-16,34,8,57,83,222
HIG,Hartford (The),122.99,-2,0,92,57,147,-3,3,19,56,75,222
COR,Cencora,288.33,-2,-2,42,71,109,1,-8,53,67,113,222
PH,Parker Hannifin,711.91,-7,58,15,65,131,-18,70,8,30,90,221
VRT,Vertiv,141.6,56,56,7,8,127,-7,70,5,26,94,221
TRV,Travelers Companies (The),258.23,-7,0,89,58,140,-2,4,22,56,80,220
HOOD,Robinhood Markets,99.89,-11,59,79,0,127,-5,70,8,18,91,218
LOPE,Grand Canyon Education,170.1,7,-20,145,35,167,21,-37,32,34,50,217
STE,Steris,226.79,-2,-2,12,195,203,-2,-29,20,25,14,217
COF,Capital One,207.56,-48,63,92,21,128,-7,70,8,18,89,217
ALNY,Alnylam Pharmaceuticals,401.69,26,56,15,15,112,17,64,8,15,104,216
CNP,Centerpoint Energy,38.81,28,11,47,45,131,19,10,41,15,85,216
AEP,American Electric Power,113.58,22,21,71,23,137,20,23,21,14,78,215
INFA,Informatica,24.63,91,48,-40,0,99,46,70,6,-7,115,214
DE,Deere & Company,500.98,-4,0,47,109,152,6,2,43,10,61,213
MO,Altria,61.77,28,10,68,45,151,19,3,24,16,62,213
WWD,"Woodward, Inc.",259.05,0,66,17,35,118,-7,68,8,26,95,213
LLY,Lilly (Eli),762.65,-28,-4,-1,172,139,-26,7,-5,96,72,211
LECO,Lincoln Electric,240.95,14,56,5,65,140,7,63,6,-7,69,209
SYK,Stryker Corporation,377.79,-8,0,15,159,166,-16,23,6,29,42,208
NVT,Nvent Electric,89.88,56,57,6,12,131,6,70,6,-5,77,208
BPOP,"Popular, Inc.",113.17,-11,64,15,59,127,-16,70,8,19,81,208
ITW,Illinois Tool Works,252.3,-21,28,0,178,185,-32,20,5,29,22,207
KO,Coca-Cola Company (The),68.86,0,-9,26,182,199,-13,-14,21,14,8,207
EMR,Emerson Electric,141.77,-7,57,14,64,128,-19,63,8,26,78,206
BWXT,BWX Technologies,149.47,61,55,11,35,162,-4,8,8,31,43,205
EVR,Evercore,293.99,-4,56,5,58,115,-12,70,6,26,90,205
LIN,Linde plc,458.94,-14,0,11,110,107,-16,-1,8,106,97,204
RPM,RPM International,117.44,-11,8,-1,180,176,-24,17,5,30,28,204
APG,APi Group,35.07,5,64,16,0,85,14,70,8,26,118,203
SNX,TD Synnex,140.84,-8,57,13,63,125,-12,63,6,21,78,203
TRMB,Trimble Inc.,82.65,-7,57,77,4,131,-10,62,6,12,70,201
URI,United Rentals,859.29,0,57,5,64,126,-16,28,6,57,75,201
GEV,GE Vernova,656.08,56,69,0,0,125,-5,72,9,0,76,201
MKL,Markel,1927.74,-7,0,66,55,114,-16,70,6,26,86,200
FRHC,Freedom Holding,181.67,34,12,52,14,112,37,13,8,30,88,200
AEE,Ameren,102.1,14,13,55,13,95,20,15,60,10,105,200
AJG,Arthur J. Gallagher & Co.,283.95,-32,-27,0,186,127,-27,-33,26,107,73,200
OMF,OneMain Financial,56.48,-16,57,15,60,116,-21,68,8,26,81,197
WSO,Watsco,435.08,-28,-1,-1,196,166,-32,18,-26,71,31,197
XEL,Xcel Energy,73.45,14,13,49,12,88,20,22,57,9,108,196
WEC,WEC Energy Group,110.24,8,13,53,13,87,19,11,66,11,107,194
LRCX,Lam Research,96.32,-14,57,7,152,202,-11,-1,8,-5,-9,193
PPL,PPL Corporation,35.64,-14,15,74,23,98,-15,10,86,14,95,193
UGI,UGI Corporation,36.05,0,71,40,4,115,14,12,47,5,78,193
SF,Stifel,111.2,0,47,6,59,112,-7,62,5,20,80,192
IBM,IBM,249.96,-51,-2,107,54,108,-16,-10,54,56,84,192
FTI,TechnipFMC,35.29,0,57,15,27,99,-14,61,8,37,92,191
GE,GE Aerospace,269.32,1,68,17,27,113,-5,26,28,29,78,191
SCI,Service Corporation International,77.84,0,0,0,175,175,6,-10,6,13,15,190
AXS,AXIS Capital,93.33,-21,-3,84,45,105,-19,-29,80,53,85,190
HD,Home Depot (The),373.48,0,9,0,180,189,-18,22,-22,19,1,190
GILD,Gilead Sciences,113.2,0,51,49,35,135,-9,18,6,39,54,189
BX,Blackstone Inc.,170.33,-10,28,2,142,162,-24,26,3,21,26,188
WSM,"Williams-Sonoma, Inc.",187.64,70,23,6,65,164,-7,25,-15,21,24,188
AON,AON,353.37,-16,-1,0,177,160,-28,12,-13,56,27,187
CSL,Carlisle Companies,352.44,-14,-2,-1,178,161,-23,21,8,20,26,187
ADI,Analog Devices,221.64,-14,0,9,179,174,-14,-8,8,26,12,186
KKR,KKR & Co. Inc.,142.54,-11,46,0,103,138,-16,39,4,21,48,186
WFC,Wells Fargo,77.79,-14,57,90,29,162,-31,27,8,19,23,185
DGX,Quest Diagnostics,170.83,0,0,66,18,84,16,5,66,14,101,185
AMGN,Amgen,296.91,-16,22,5,165,176,-35,20,-12,36,9,185
IDA,Idacorp,124.25,14,26,54,18,112,20,18,24,10,72,184
T,AT&T,27.75,1,1,68,16,86,4,-14,92,15,97,183
SEIC,SEI Investments Company,86.44,-16,63,90,35,172,-22,-2,8,26,10,182
CMS,CMS Energy,74.1,12,4,74,23,113,19,15,20,14,68,181
CWEN-A,Clearway Energy (Class A),30.57,14,55,56,6,131,21,-1,20,10,50,181
APP,AppLovin,379.08,37,2,103,0,142,7,10,4,18,39,181
ACM,AECOM,111.07,-13,63,14,65,129,-26,-3,8,72,51,180
SHW,Sherwin-Williams,343.4,6,0,0,190,196,-35,-9,8,19,-17,179
CAH,Cardinal Health,155.97,-4,0,53,38,87,-2,-9,46,57,92,179
GRMN,Garmin,218.78,-16,30,110,19,143,-12,23,4,21,36,179
CWEN,Clearway Energy (Class C),32.4,14,55,56,4,129,21,-1,20,10,50,179
MNST,Monster Beverage,59.01,-9,-2,24,180,193,-9,-27,17,4,-15,178
SKX,Skechers,62.96,-2,55,-22,55,86,-1,62,5,26,92,178
MTZ,MasTec,174.04,-7,63,17,18,91,-5,70,8,13,86,177
AMAT,Applied Materials,179.97,-14,57,-1,149,191,-14,-2,6,-5,-15,176
ARMK,Aramark,42.47,-27,61,13,40,87,-42,65,8,56,87,174
WTFC,Wintrust Financial,123.99,-16,57,7,49,97,-19,70,6,19,76,173
EXC,Exelon,44.68,27,2,53,14,96,21,22,24,10,77,173
HLT,Hilton Worldwide,260.83,-13,57,14,64,122,-7,25,6,26,50,172
RS,"Reliance, Inc.",283.47,-49,-1,-1,115,64,-49,72,8,77,108,172
TTEK,Tetra Tech,35.87,-13,55,-27,119,134,-35,70,4,-1,38,172
MCK,McKesson Corporation,698.43,-14,0,40,58,84,-5,-10,36,67,88,172
ALAB,Astera Labs,131.04,79,55,0,0,134,17,17,3,0,37,171
VTR,"Ventas, Inc.",67.51,14,13,70,22,119,20,15,2,15,52,171
FLUT,Flutter Entertainment,299.61,-7,39,17,21,70,-5,72,6,27,100,170
MDLZ,Mondelez International,63.93,-21,-3,0,182,158,-40,44,17,-9,12,170
TSCO,Tractor Supply Company,57.63,-23,23,5,85,90,-40,33,2,85,80,170
R,Ryder,173.76,-7,42,9,56,100,-20,28,6,56,70,170
PSTG,Pure Storage,54.49,-7,56,-1,42,90,-5,24,4,57,80,170
HPE,Hewlett Packard Enterprise,19.8,-8,53,0,42,87,-5,27,5,54,81,168
HCA,HCA Healthcare,356.81,15,0,1,97,113,25,-13,14,29,55,168
UNP,Union Pacific Corporation,219.39,-14,0,-4,198,180,-26,-8,2,19,-13,167
TOST,"Toast, Inc.",46.66,-7,58,75,0,126,-2,17,8,17,40,166
CLH,Clean Harbors,234.15,0,9,0,58,67,12,22,8,57,99,166
L,Loews Corporation,90.24,-26,57,110,55,196,-61,-1,8,24,-30,166
SPOT,Spotify,627.22,-28,-2,110,12,92,-26,-14,93,20,73,165
APPF,AppFolio,319.41,14,42,3,28,87,13,34,3,28,78,165
ABBV,AbbVie,195.19,7,9,15,58,89,-5,16,1,64,76,165
PNW,Pinnacle West Capital,90.68,0,2,66,18,86,11,21,20,26,78,164
GTES,Gates Corporation,24.33,-7,57,15,15,80,-7,65,8,18,84,164
THG,Hanover Insurance,168.83,14,0,59,24,97,-1,2,51,14,66,163
BJ,BJ's Wholesale Club,110.03,17,-24,76,10,79,28,-40,38,58,84,163
CSGP,CoStar Group,94.59,62,39,4,14,119,-4,34,21,-9,42,161
XYL,Xylem Inc.,142.15,14,57,6,22,99,6,26,8,22,62,161
ED,Consolidated Edison,104.45,15,0,26,47,88,21,9,-2,45,73,161
GL,Globe Life,137.23,80,9,43,14,146,-4,8,2,8,14,160
STT,State Street Corporation,108.56,-7,59,15,16,83,-9,64,7,14,76,159
BLK,BlackRock,1091.23,-7,56,15,22,86,-27,70,8,21,72,158
DELL,Dell Technologies,127.26,-4,57,4,32,89,-5,70,8,-4,69,158
DDS,Dillard's,468.62,-12,39,12,54,93,-20,25,5,55,65,158
CINF,Cincinnati Financial,146.14,-9,0,83,62,136,-18,17,8,15,22,158
CACI,CACI,460.92,-35,40,0,154,159,-7,-5,12,-1,-1,158
LVS,Las Vegas Sands,52.25,49,57,4,2,112,-8,63,5,-14,46,158
THC,Tenet Healthcare,157.94,0,0,12,57,69,32,26,6,24,88,157
SYF,Synchrony Financial,67.51,-11,57,15,21,82,-19,70,6,18,75,157
AZEK,Azek,54.32,17,52,15,0,84,33,14,7,18,72,156
RPRX,Royalty Pharma,37.11,49,60,30,0,139,-8,39,24,-38,17,156
LOW,Lowe's,226.36,0,9,-18,166,157,-16,21,-25,19,-1,156
CXT,Crane NXT,57.04,-7,47,-3,55,92,-11,15,4,56,64,156
CELH,Celsius Holdings,44.72,-7,96,0,65,154,-10,5,16,-9,2,156
ATI,ATI Inc.,76.72,-14,0,14,43,43,-17,70,8,52,113,156
DTM,DT Midstream,105.62,14,1,101,0,116,22,-15,8,25,40,156
HLI,Houlihan Lokey,189.72,-18,59,15,44,100,-7,28,8,26,55,155
AMED,Amedisys,98.5,21,74,10,-40,65,20,37,23,10,90,155
GNRC,Generac,193.8,21,41,1,-34,29,51,59,5,10,125,154
WPC,W. P. Carey,64.98,8,54,27,2,91,-12,46,24,5,63,154
COHR,Coherent Corp.,102.79,0,56,4,15,75,-5,63,5,15,78,153
HII,Huntington Ingalls Industries,269.47,14,96,6,6,122,-1,27,14,-9,31,153
LFUS,Littelfuse,250.92,33,57,1,2,93,-1,62,6,-8,59,152
PCAR,Paccar,96.49,-7,9,-20,159,141,-31,20,-12,34,11,152
NEM,Newmont,62.59,0,81,17,5,103,-21,43,17,10,49,152
QGEN,Qiagen,49.91,0,54,10,3,67,-24,95,8,5,84,151
BKNG,Booking Holdings,5384.04,-43,0,134,35,126,-7,-2,8,26,25,151
CNM,Core & Main,62.62,-7,59,17,0,69,-21,70,8,24,81,150
LNT,Alliant Energy,65.47,9,17,66,14,106,5,17,8,13,43,149
SYY,Sysco,79.85,2,44,5,3,54,19,57,5,14,95,149
FWONA,Liberty Formula 1 (Series A),88.9,-31,0,67,62,98,-7,-5,7,56,51,149
ULTA,Ulta Beauty,507.41,0,67,10,4,81,-4,70,10,-9,67,148
SEB,Seaboard Corporation,3171.0,63,31,3,-23,74,54,43,6,-29,74,148
CEG,Constellation Energy,340.77,29,57,14,0,100,-4,25,8,19,48,148
PHM,PulteGroup,116.75,0,30,-21,65,74,5,34,4,29,72,146
OSK,Oshkosh Corporation,130.47,2,56,9,4,71,6,61,6,2,75,146
TDY,Teledyne Technologies,544.13,-7,56,50,14,113,-16,26,8,15,33,146
NFLX,Netflix,1158.61,-77,0,114,20,57,-5,-11,85,20,89,146
PLNT,Planet Fitness,107.6,-31,53,61,13,96,-37,64,8,14,49,145
CCL,Carnival Corporation & plc,29.05,-10,56,15,0,61,-5,64,6,19,84,145
AMZN,Amazon,214.81,-7,47,15,21,76,-19,62,5,20,68,144
LITE,Lumentum,106.67,0,55,12,3,70,-5,63,6,10,74,144
MTSI,MACOM Technology Solutions,136.28,-9,57,14,58,120,-10,-1,6,29,24,144
FTAI,FTAI Aviation,137.45,21,3,1,47,72,34,3,4,31,72,144
BEPC,Brookfield Renewable Partners,33.85,-7,58,8,0,59,-2,69,8,10,85,144
META,Meta Platforms,749.82,14,57,15,29,115,7,-8,6,23,28,143
AYI,Acuity Brands,304.87,0,33,2,27,62,-5,62,4,20,81,143
CR,Crane Co.,193.54,-2,64,14,0,76,-12,66,8,5,67,143
RF,Regions Financial Corporation,24.86,-7,56,5,22,76,-17,63,6,14,66,142
MP,MP Materials,63.72,7,40,30,0,77,-19,37,43,4,65,142
IONS,Ionis Pharmaceuticals,43.03,21,60,2,0,83,-5,66,8,-10,59,142
FTNT,Fortinet,97.35,-21,-1,52,113,143,-19,-3,8,13,-1,142
SLM,Sallie Mae,31.23,-9,0,88,22,101,-16,-7,42,21,40,141
FNB,FNB Corporation,14.85,-18,57,0,55,94,-16,37,7,19,47,141
MDU,MDU Resources,17.1,0,12,0,58,70,15,17,8,30,70,140
CMI,Cummins,356.11,-4,29,3,65,93,-7,20,4,30,47,140
VRTX,Vertex Pharmaceuticals,461.97,-14,0,5,104,95,-10,21,-4,37,44,139
C,Citigroup,91.82,-7,57,17,18,85,-36,67,8,14,53,138
RITM,Rithm Capital,12.05,-9,57,15,32,95,-16,24,8,26,42,137
GGG,Graco Inc.,82.58,-49,0,-2,178,127,-20,-7,8,29,10,137
CSCO,Cisco,67.1,-7,57,46,14,110,-5,-1,8,25,27,137
DHI,D. R. Horton,150.3,7,30,-26,65,76,26,34,2,-2,60,136
SMCI,Supermicro,56.65,0,33,0,58,91,-5,56,3,-9,45,136
VMC,Vulcan Materials,274.95,3,9,4,60,76,5,17,8,27,57,133
MANH,Manhattan Associates,214.66,-9,51,-27,65,80,-8,33,1,27,53,133
GWW,W. W. Grainger,930.87,-7,-1,-1,94,85,-12,-6,8,57,47,132
CG,Carlyle Group (The),58.68,-10,48,6,21,65,-16,59,5,18,66,131
HAS,Hasbro,74.6,-16,57,12,3,56,-12,68,8,11,75,131
VLTO,Veralto,104.69,49,57,0,0,106,-2,20,7,0,25,131
JEF,Jefferies Financial Group,55.91,-4,33,-18,58,69,-7,33,-21,57,62,131
TW,Tradeweb,137.02,-4,0,107,0,103,-7,3,8,23,27,130
WBA,Walgreens Boots Alliance,11.64,49,57,0,-77,29,59,72,4,-35,100,129
SOFI,SoFi,21.23,-2,49,44,0,91,-19,40,6,11,38,129
TKO,TKO Group Holdings,165.53,-7,0,69,40,102,-19,-13,8,50,26,128
VIK,Viking Holdings,57.56,-4,57,0,0,53,-5,72,8,0,75,128
EXPD,Expeditors International,114.63,0,2,-4,131,129,5,-8,4,-3,-2,127
NSC,Norfolk Southern,274.76,-7,56,9,4,62,-28,70,8,14,64,126
GWRE,Guidewire Software,222.87,-4,0,108,21,125,-7,-21,8,20,0,125
KIM,Kimco Realty,20.71,-11,0,-1,55,43,-8,70,6,14,82,125
TNL,Travel + Leisure Co.,58.4,-11,47,7,16,59,-16,63,5,14,66,125
LDOS,Leidos,159.17,-16,69,0,23,76,-7,26,11,19,49,125
KEX,Kirby Corporation,95.5,-14,-2,-1,35,18,-14,70,8,42,106,124
PPC,Pilgrim's Pride,47.92,4,0,84,21,109,-5,4,-2,18,15,124
AIZ,Assurant,186.39,0,-22,-4,152,126,6,-24,-4,19,-3,123
HAYW,Hayward Holdings,15.17,60,28,0,0,88,-7,20,6,16,35,123
LLYVA,Liberty Live (Series A),79.86,-7,70,28,0,91,-7,31,8,0,32,123
D,Dominion Energy,60.38,8,55,12,1,76,5,23,8,10,46,122
TOL,Toll Brothers,121.92,-1,41,-21,61,80,-20,34,2,26,42,122
AMG,Affiliated Managers Group,207.05,-7,63,9,22,87,-26,34,8,17,33,120
NBIX,Neurocrine Biosciences,128.82,-13,48,-3,25,57,-5,67,5,-4,63,120
NEU,NewMarket,699.86,-55,79,17,29,70,5,-2,20,27,50,120
OHI,Omega Healthcare Investors,39.95,10,16,4,40,70,7,8,3,31,49,119
AGNC,AGNC Investment,9.47,0,42,9,16,67,-11,40,6,17,52,119
BRX,Brixmor Property Group,25.45,-7,39,0,55,87,-7,4,8,26,31,118
BSY,Bentley Systems,57.12,-8,60,7,0,59,-16,72,8,-6,58,117
NCLH,Norwegian Cruise Line Holdings,24.51,14,28,1,0,43,-5,58,1,20,74,117
VEEV,Veeva Systems,281.35,-8,60,43,8,103,-19,7,8,18,14,117
FWONK,Liberty Formula 1 (Series C),98.94,-31,0,68,57,94,-40,-2,8,56,22,116
LLYVK,Liberty Live (Series C),82.56,-7,63,28,0,84,-9,33,8,0,32,116
MTG,MGIC Investment Corporation,26.27,14,0,17,55,86,6,-12,8,28,30,116
EWBC,East West Bancorp,98.86,-50,57,7,22,36,-16,68,7,19,78,114
CIEN,Ciena,88.62,0,57,7,12,76,-5,20,6,16,37,113
FHN,First Horizon Corporation,21.33,-16,57,50,4,95,-26,28,6,10,18,113
DCI,Donaldson Company,70.86,-7,9,-1,65,66,-7,16,8,30,47,113
HON,Honeywell,217.67,-49,0,0,178,129,-43,-4,8,22,-17,112
PEGA,Pegasystems,57.36,0,69,17,5,91,-8,8,6,15,21,112
MRVL,Marvell Technology,74.47,-2,31,-19,106,116,-7,3,-19,18,-5,111
BKR,Baker Hughes,43.5,0,11,2,35,48,-21,56,2,26,63,111
NWSA,News Corp (Class A),29.09,-11,57,7,58,111,-26,-3,8,21,0,111
DLTR,Dollar Tree,114.7,0,74,4,-15,63,-26,73,23,-22,48,111
PRI,Primerica,259.62,-7,0,0,108,101,-19,-9,6,30,8,109
INCY,Incyte,75.6,56,43,1,0,100,-2,7,4,-1,8,108
PNR,Pentair,100.61,-7,57,7,62,119,-36,-5,6,24,-11,108
CSX,CSX Corporation,35.02,-7,56,0,4,53,-7,60,8,-6,55,108
CFG,Citizens Financial Group,46.78,-13,45,6,4,42,-16,62,5,14,65,107
AGCO,AGCO,113.62,14,59,5,2,80,6,25,9,-13,27,107
PANW,Palo Alto Networks,172.86,-24,-2,0,81,55,-19,6,8,57,52,107
CMA,Comerica,66.56,0,31,5,4,40,-13,62,5,12,66,106
AMP,Ameriprise Financial,501.77,-11,0,0,64,53,-17,-7,6,71,53,106
NVR,"NVR, Inc.",7760.67,0,26,-21,65,70,-16,22,1,29,36,106
JHG,Janus Henderson,42.29,-4,42,4,19,61,-5,26,5,18,44,105
ZG,Zillow (Class A),77.19,0,30,52,0,82,-19,20,1,20,22,104
ROK,Rockwell Automation,344.51,-13,60,13,15,75,-30,62,8,-11,29,104
KNSL,Kinsale Capital Group,444.09,-33,-4,-1,33,-5,-33,51,5,85,108,103
EQT,EQT Corporation,52.34,-4,-1,39,42,76,-4,-18,39,10,27,103
H,Hyatt Hotels,137.55,-30,40,-1,55,64,-19,-1,4,55,39,103
DKS,Dick's Sporting Goods,206.75,-7,23,0,63,79,-19,29,-19,33,24,103
BWA,BorgWarner,37.51,14,59,6,2,81,6,23,8,-16,21,102
MLM,Martin Marietta Materials,577.84,0,12,4,60,76,-26,17,8,27,26,102
LNC,Lincoln Financial,36.87,14,26,16,0,56,6,26,6,8,46,102
LMT,Lockheed Martin,420.88,-8,-9,-27,165,121,5,-20,-2,-2,-19,102
NLY,Annaly Capital Management,20.5,0,39,16,10,65,-11,25,6,16,36,101
SPR,Spirit AeroSystems,39.11,-27,71,16,0,60,-19,18,28,14,41,101
DDOG,Datadog,135.61,-14,47,0,0,33,-16,64,5,15,68,101
VZ,Verizon,42.88,12,9,28,10,59,5,2,21,14,42,101
FOUR,Shift4,101.98,-16,37,6,0,27,-19,66,2,24,73,100
GM,General Motors,52.51,0,39,5,11,55,-4,31,5,13,45,100
FOXA,Fox Corporation (Class A),55.53,-9,56,66,1,114,-26,-9,6,14,-15,99
CRH,CRH plc,95.27,-11,11,5,64,69,-19,20,2,27,30,99
MMC,Marsh McLennan,197.77,-67,-38,-1,175,69,-106,-33,-9,178,30,99
ZBRA,Zebra Technologies,335.35,1,43,0,-7,37,-16,62,2,13,61,98
COKE,Coca-Cola Consolidated,112.42,-16,0,0,85,69,-31,21,-13,52,29,98
OZK,Bank OZK,47.81,-42,57,15,56,86,-46,33,6,19,12,98
WBS,Webster Bank,56.0,-27,57,6,14,50,-41,65,6,17,47,97
PINS,Pinterest,37.75,0,42,3,0,45,-5,58,4,-5,52,97
UI,Ubiquiti,426.92,-13,29,50,10,76,-19,21,8,10,20,96
AXP,American Express,294.19,-21,0,15,99,93,-19,-5,6,21,3,96
BLD,TopBuild,375.2,0,31,0,46,77,-16,34,4,-3,19,96
APO,Apollo Global Management,138.27,-34,39,-1,97,101,-34,-1,4,26,-5,96
MEDP,Medpace,423.4,0,31,2,32,65,-15,41,2,2,30,95
TER,Teradyne,104.17,21,28,-27,2,24,17,58,1,-5,71,95
NTRS,Northern Trust,127.08,0,57,14,11,82,-7,-1,8,13,13,95
DRI,Darden Restaurants,203.48,-49,-2,42,61,52,-12,-21,46,30,43,95
DINO,HF Sinclair,42.34,-13,59,0,0,46,-16,64,8,-8,48,94
LAMR,Lamar Advertising,120.88,-32,47,5,64,84,-16,-1,6,21,10,94
WING,Wingstop,362.27,21,3,1,38,63,17,-24,6,31,30,93
SPG,Simon Property Group,160.68,-9,26,0,35,52,-12,25,6,21,40,92
KD,Kyndryl,36.36,-12,0,107,0,95,-19,-10,6,20,-3,92
WTW,Willis Towers Watson,314.89,14,2,6,24,46,14,16,-13,29,46,92
K,Kellanova,79.89,-1,0,67,21,87,-12,9,-5,13,5,92
TXT,Textron,77.24,-47,57,-2,53,61,-40,67,8,-5,30,91
CVX,Chevron Corporation,151.36,-4,19,5,48,68,-13,40,-10,6,23,91
KEY,Keycorp,17.62,-16,57,6,4,51,-42,63,6,13,40,91
EXEL,Exelixis,37.26,-29,-4,62,14,43,-26,-4,53,24,47,90
JLL,Jones Lang LaSalle,265.28,-2,31,2,14,45,-7,36,2,14,45,90
ADT,ADT Inc.,8.3,-35,77,29,0,71,-35,21,23,8,17,88
HSY,Hershey Company (The),188.94,84,23,2,0,109,-12,8,2,-19,-21,88
ROKU,"Roku, Inc.",79.97,-7,38,8,-19,20,-2,62,3,4,67,87
FOX,Fox Corporation (Class B),50.74,-16,56,65,1,106,-26,-8,5,9,-20,86
MSM,MSC Industrial Direct,85.14,-13,57,5,58,107,-19,-1,8,-9,-21,86
MSTR,MicroStrategy,366.57,-56,0,97,19,60,-1,-2,8,20,25,85
NXST,Nexstar Media Group,184.44,-4,56,7,4,63,-16,23,5,10,22,85
AVT,Avnet,51.86,-14,57,0,45,88,-8,-2,8,-2,-4,84
ECG,Everus Construction Group,70.18,0,55,0,0,55,-5,29,5,0,29,84
ASTS,AST SpaceMobile,52.45,-16,41,9,0,34,-7,41,8,8,50,84
MAS,Masco,68.86,5,23,-18,65,75,-5,23,-30,21,9,84
VRSN,Verisign,265.31,-27,0,34,9,16,-26,36,50,7,67,83
SFD,Smithfield Foods,24.33,28,52,0,0,80,-2,3,2,0,3,83
FICO,Fair Isaac,1383.12,-14,-19,-4,166,129,-33,-18,-26,31,-46,83
Z,Zillow (Class C),80.24,0,30,9,0,39,-19,39,2,20,42,81
AWK,American Water Works,145.72,7,1,24,1,33,5,15,20,8,48,81
RGLD,Royal Gold,152.63,-44,-20,59,18,13,10,-25,66,16,67,80
ABT,Abbott Laboratories,127.29,28,-2,54,13,93,-7,-18,-2,14,-13,80
CHRW,C.H. Robinson,113.74,14,25,1,4,44,6,18,4,8,36,80
FSLR,First Solar,184.01,7,22,-37,62,54,1,22,8,-6,25,79
LH,Labcorp,261.51,-14,7,53,15,61,-7,1,6,18,18,79
NUE,Nucor,138.68,-7,34,0,3,30,17,35,5,-8,49,79
HBAN,Huntington Bancshares,16.03,-16,57,7,21,69,-12,-3,8,16,9,78
EXE,Expand Energy,101.95,0,-10,39,0,29,21,-21,39,10,49,78
TPG,TPG Inc.,55.84,-7,40,0,0,33,-8,31,2,19,44,77
ES,Eversource Energy,65.5,-4,60,13,-10,59,-7,15,8,2,18,77
PAG,Penske Automotive Group,168.23,-27,0,13,62,48,-28,-8,8,57,29,77
IVZ,Invesco,20.61,0,33,5,2,40,-10,29,5,13,37,77
ADC,Agree Realty,73.72,5,-6,61,16,76,-11,2,-3,13,1,77
FLS,Flowserve,53.85,-7,28,0,27,48,-19,20,1,25,27,75
FIVE,Five Below,133.16,-11,59,0,-16,32,-19,68,9,-15,43,75
TRU,TransUnion,92.03,-7,46,0,3,42,-12,25,6,14,33,75
REG,Regency Centers,70.48,-4,0,3,53,52,-7,3,8,19,23,75
AMTM,Amentum,24.17,-11,69,0,0,58,-26,34,8,0,16,74
XPO,"XPO, Inc.",118.73,-16,0,-1,61,44,-33,31,5,27,30,74
WTM,White Mountains Insurance Group,1772.35,-9,0,-2,59,48,-11,-1,-18,56,26,74
BAC,Bank of America,45.64,-7,57,15,18,83,-36,4,8,14,-10,73
AU,AngloGold Ashanti,48.75,-21,1,74,18,72,-45,10,22,14,1,73
RRX,Regal Rexnord,149.09,-7,57,-1,3,52,-16,33,5,-1,21,73
IRM,Iron Mountain,94.12,-16,0,-1,57,40,-12,-19,8,56,33,73
XOM,ExxonMobil,109.61,-5,0,0,44,39,-13,-11,7,50,33,72
MPC,Marathon Petroleum,165.41,-21,59,0,49,87,-13,-2,8,-8,-15,72
GXO,GXO Logistics,48.04,-21,57,-1,0,35,-26,63,7,-8,36,71
FCNCA,First Citizens BancShares,1913.93,-38,39,-1,59,59,-39,25,5,21,12,71
BRK-B,Berkshire Hathaway,472.59,-16,-42,122,62,126,-25,-54,-3,26,-56,70
NTNX,Nutanix,72.11,-7,0,29,22,44,-5,-1,8,24,26,70
WYNN,Wynn Resorts,107.93,-7,59,6,3,61,-16,25,8,-8,9,70
PKG,Packaging Corporation of America,191.39,-24,25,-1,61,61,-39,20,1,26,8,69
MMM,3M,144.38,-19,0,72,14,67,-18,-2,8,14,2,69
PG,Procter & Gamble,150.65,-20,-34,-4,179,121,-34,-32,-12,26,-52,69
NOW,ServiceNow,913.88,-23,0,-1,82,58,-16,-2,6,22,10,68
DKNG,DraftKings,43.72,-4,33,7,0,36,-5,33,-16,20,32,68
AN,AutoNation,190.56,-35,0,15,61,41,-33,-5,8,57,27,68
RRC,Range Resources,35.59,-7,-8,0,42,27,-4,-19,8,55,40,67
STWD,Starwood Property Trust,19.37,-20,0,16,58,54,-12,-4,8,21,13,67
ESAB,ESAB,130.48,-1,22,6,0,27,-5,20,8,17,40,67
TKR,Timken Company,73.47,-21,42,-1,4,24,-19,61,5,-5,42,66
PNC,PNC Financial Services,185.87,-34,47,0,14,27,-42,62,5,14,39,66
CAR,Avis Budget Group,164.09,-21,73,7,-20,39,-30,83,11,-37,27,66
EOG,EOG Resources,116.59,-7,0,-3,45,35,-10,-12,1,51,30,65
IDXX,Idexx Laboratories,535.58,-9,64,12,4,71,-10,4,8,-8,-6,65
EXPE,Expedia Group,178.01,-24,30,47,11,64,-37,20,4,14,1,65
MTD,Mettler Toledo,1200.4,-7,42,-21,0,14,-8,62,2,-5,51,65
FAF,First American Financial Corporation,60.66,54,6,0,14,74,-14,3,-17,18,-10,64
ZION,Zions Bancorporation,52.07,-43,39,0,4,0,-19,62,5,15,63,63
INGR,Ingredion,126.44,-15,-1,-1,34,17,-7,-12,8,56,45,62
LII,Lennox International,605.87,-21,24,0,38,41,-31,23,2,27,21,62
DOV,Dover Corporation,174.94,-48,0,-1,106,57,-40,20,4,19,3,60
PFG,Principal Financial Group,75.52,-21,0,-1,55,33,-19,23,5,18,27,60
POST,Post Holdings,105.51,-16,-21,-4,87,46,-12,-25,-6,57,14,60
FNF,Fidelity National Financial,56.59,0,0,0,58,58,-16,6,-9,21,2,60
THO,Thor Industries,91.26,-13,41,-24,2,6,-7,63,4,-6,54,60
SSB,SouthState Corporation,92.7,-18,28,0,22,32,-16,23,2,19,28,60
BLDR,Builders FirstSource,130.22,0,23,-26,65,62,2,29,-30,-3,-2,60
SLGN,Silgan Holdings,45.7,-21,-3,-1,80,55,-13,-3,8,13,5,60
LPX,Louisiana-Pacific,90.49,6,4,-3,63,70,-7,-8,-22,26,-11,59
EQH,Equitable Holdings,50.08,-27,0,90,11,74,-29,-13,8,19,-15,59
RNR,RenaissanceRe,241.81,0,0,-6,35,29,-5,1,6,28,30,59
LNW,Light & Wonder,94.98,-18,27,-1,57,65,-18,-1,-13,25,-7,58
AFRM,Affirm Holdings,66.44,-4,39,10,0,45,-7,-3,6,17,13,58
EXP,Eagle Materials,220.35,-2,8,-13,57,50,-14,20,-27,27,6,56
OVV,Ovintiv,39.41,-7,39,-3,0,29,-14,42,5,-6,27,56
PARA,Paramount Global (Class B),12.99,-2,58,6,-39,23,4,64,10,-45,33,56
VRSK,Verisk Analytics,271.76,-76,-5,0,114,33,-33,-29,57,28,23,56
CPRT,Copart,45.52,-11,-48,-11,176,106,-14,-44,-21,28,-51,55
JNJ,Johnson & Johnson,167.31,3,23,6,7,39,-14,21,3,6,16,55
BA,Boeing,221.92,-20,70,6,0,56,-19,21,8,-11,-1,55
USB,U.S. Bancorp,43.91,-13,57,-1,4,47,-8,-5,5,15,7,54
KRMN,Karman Holdings,50.22,-1,40,0,0,39,5,10,0,0,15,54
ADM,Archer Daniels Midland,53.87,-9,58,0,-11,38,-7,34,8,-20,15,53
TRGP,Targa Resources,162.87,-7,-1,0,51,43,-13,-13,-18,54,10,53
AMT,American Tower,212.13,-31,-3,14,1,-19,3,40,18,11,72,53
RDDT,Reddit,188.32,21,32,0,0,53,14,1,-16,0,-1,52
SNA,Snap-on,317.7,-17,12,0,59,54,-59,-1,1,57,-2,52
MDT,Medtronic,89.31,-9,23,9,0,23,-23,38,1,13,29,52
APD,Air Products,281.83,-17,28,0,16,27,-27,58,-17,10,24,51
EL,Estée Lauder Companies (The),91.02,0,47,0,-26,21,-2,60,6,-35,29,50
TXRH,Texas Roadhouse,182.91,-7,0,0,64,57,-14,-32,8,31,-7,50
DLR,Digital Realty,172.19,-10,0,3,22,15,-4,12,8,19,35,50
OKE,Oneok,79.0,-7,-1,-11,54,35,-13,-1,-23,51,14,49
KDP,Keurig Dr Pepper,33.32,-5,0,5,1,1,-7,27,16,12,48,49
ACGL,Arch Capital Group,88.0,0,-14,-6,62,42,-47,-6,8,51,6,48
KRC,Kilroy Realty,36.53,-16,47,4,-40,-5,-12,50,4,11,53,48
AS,Amer Sports,36.51,-9,57,2,0,50,-8,-3,8,0,-3,47
UAL,United Airlines Holdings,84.57,-13,30,0,11,28,-19,20,2,16,19,47
BALL,Ball Corporation,57.13,-31,57,-1,-11,14,-40,69,8,-5,32,46
DECK,Deckers Brands,103.32,-14,-2,-22,93,55,-26,4,-18,31,-9,46
AGO,Assured Guaranty,83.84,0,-1,-1,56,54,-17,-15,1,22,-9,45
MUSA,Murphy USA,361.72,-37,-4,-11,68,16,-44,21,-27,79,29,45
HST,Host Hotels & Resorts,15.53,-28,57,-30,2,1,-26,70,6,-6,44,45
ROST,Ross Stores,136.99,0,0,-11,35,24,-16,9,-2,29,20,44
FITB,Fifth Third Bancorp,40.91,-16,33,0,22,39,-16,-1,5,16,4,43
TFSL,Third Federal S&L,12.84,0,0,1,5,6,18,-8,8,19,37,43
MAR,Marriott International,255.26,-20,0,0,58,38,-25,-2,5,27,5,43
LEN,Lennar (Class A),115.98,2,13,-28,64,51,5,22,-33,-3,-9,42
LAZ,Lazard,50.18,-24,40,0,20,36,-40,28,5,13,6,42
RKT,Rocket Companies,16.52,7,13,2,0,22,5,10,7,-2,20,42
ELAN,Elanco,13.8,-32,60,0,-7,21,-42,62,7,-6,21,42
W,Wayfair,65.23,0,57,2,-41,18,-8,63,8,-40,23,41
CGNX,Cognex Corporation,40.48,14,39,0,-31,22,30,25,4,-40,19,41
ESI,Element Solutions,23.18,-11,29,-18,57,57,-18,-2,5,-1,-16,41
BRO,Brown & Brown,92.22,-32,-66,-1,163,64,-29,-12,-8,26,-23,41
HLNE,Hamilton Lane,147.85,-11,0,-1,25,13,-12,19,-1,21,27,40
SITE,SiteOne Landscape Supply,136.36,21,24,-24,-9,12,12,23,1,-8,28,40
LEN-B,Lennar (Class B),111.44,1,9,-26,62,46,5,23,-33,-1,-6,40
BURL,Burlington Stores,273.0,-4,20,0,3,19,-18,19,1,17,19,38
SN,SharkNinja,112.28,-7,33,6,0,32,-25,25,5,1,6,38
STLD,Steel Dynamics,122.38,-49,-1,-1,55,4,-24,-7,8,57,34,38
TWLO,Twilio,121.1,-7,49,45,-34,53,-37,7,4,11,-15,38
RLI,RLI Corp.,65.88,-73,-41,-8,176,54,-43,-34,-27,87,-17,37
XYZ,"Block, Inc.",74.01,-7,35,-1,-36,-9,-24,54,2,13,45,36
COIN,Coinbase,314.8,-49,56,7,0,14,-2,-1,7,18,22,36
ADSK,Autodesk,297.02,-4,0,3,14,13,-8,3,8,19,22,35
ECL,Ecolab,260.92,-28,0,14,22,8,3,-4,8,19,26,34
AIG,American International Group,76.99,-25,-15,26,53,39,-26,-21,21,21,-5,34
UTHR,United Therapeutics,294.36,-23,-5,-8,57,21,-31,12,-27,59,13,34
MTB,M&T Bank,184.85,-46,57,0,22,33,-16,-3,6,14,1,34
DPZ,Domino's,465.89,-14,0,4,10,0,-26,16,25,18,33,33
EXLS,EXL Service,42.15,-6,-16,0,65,43,-12,3,-14,13,-10,33
CART,Maplebear Inc.,47.04,-36,26,21,0,11,-3,20,5,0,22,33
PSN,Parsons Corporation,73.72,-13,42,-25,0,4,-12,41,1,-1,29,33
EA,Electronic Arts,157.08,7,3,2,7,19,14,-14,14,-1,13,32
U,Unity Technologies,31.84,-7,46,4,0,43,-4,20,8,-35,-11,32
AFG,American Financial Group,122.42,-49,-1,-1,56,5,-19,29,2,14,26,31
ON,ON Semiconductor,56.83,-14,42,-35,0,-7,-14,63,4,-15,38,31
HOLX,Hologic,67.15,14,45,-33,0,26,6,5,1,-7,5,31
MSCI,MSCI,557.32,3,0,0,14,17,-3,-9,5,20,13,30
BOKF,BOK Financial Corporation,98.53,-14,26,0,22,34,-42,22,2,14,-4,30
TFC,Truist Financial,42.94,-27,31,0,4,8,-37,39,5,14,21,29
AFL,Aflac,98.09,-32,-5,0,58,21,-27,-14,-6,55,8,29
WTRG,Essential Utilities,38.2,7,0,4,0,11,5,9,-1,5,18,29
AMKR,Amkor Technology,21.75,-2,42,-38,0,2,-10,38,2,-5,25,27
BAH,Booz Allen Hamilton,109.69,-35,0,-28,101,38,1,19,-30,-1,-11,27
GTM,ZoomInfo,10.21,-11,30,-1,0,18,-19,61,4,-37,9,27
MET,Metlife,73.97,-21,-1,-1,58,35,-19,-14,6,18,-9,26
SMMT,Summit Therapeutics,27.07,-11,10,7,14,20,-28,21,-6,19,6,26
AMH,American Homes 4 Rent,35.18,-35,-3,-6,68,24,-16,-5,8,15,2,26
WEX,WEX Inc.,166.39,-1,39,-41,1,-2,-23,57,2,-8,28,26
HXL,Hexcel,59.56,-14,29,-27,0,-12,-14,58,2,-9,37,25
DOCS,Doximity,57.3,-23,27,52,0,56,-25,-3,-15,12,-31,25
ST,Sensata Technologies,29.93,-21,57,-1,-15,20,-27,61,6,-35,5,25
MGM,MGM Resorts International,35.74,-14,37,-1,0,22,-25,31,5,-9,2,24
MCHP,Microchip Technology,66.33,-14,57,0,0,43,-13,-7,8,-7,-19,24
TTD,Trade Desk (The),86.08,0,40,-25,4,19,-7,17,-25,20,5,24
FR,First Industrial Realty Trust,47.87,-16,0,-1,14,-3,-9,15,6,14,26,23
TYL,Tyler Technologies,581.97,14,2,0,17,33,6,-11,-26,18,-13,20
NVST,Envista,20.82,1,42,2,0,45,4,-2,4,-32,-26,19
IP,International Paper,46.4,-14,-1,0,16,1,-19,20,1,16,18,19
SW,Smurfit Westrock,44.34,-14,23,-1,16,24,-21,20,-21,17,-5,19
SCCO,Southern Copper,91.66,-34,0,-3,63,26,-4,-10,8,-2,-8,18
CNH,CNH Industrial,12.45,-8,0,17,0,9,7,-8,8,2,9,18
PODD,Insulet,285.09,-7,0,43,4,40,-8,-33,12,6,-23,17
WAB,Wabtec,186.81,-49,0,0,49,0,-41,-6,8,56,17,17
ALK,Alaska Air Group,51.37,-7,23,-1,2,17,-15,20,-15,9,-1,16
ATR,AptarGroup,141.27,-23,-1,-1,20,-5,-33,21,8,25,21,16
SNV,Synovus,46.54,-42,0,0,21,-21,-47,63,6,14,36,15
BFAM,Bright Horizons,125.06,7,1,1,1,10,13,-36,13,15,5,15
DVA,DaVita,138.46,-16,-1,-1,20,2,-14,25,-18,19,12,14
MRP,Millrose Properties,29.94,-12,46,0,0,34,-45,24,1,0,-20,14
NTAP,Netapp,101.09,-27,0,-2,57,28,-18,-1,5,-1,-15,13
MTCH,Match Group,33.58,0,41,2,-37,6,-7,49,3,-38,7,13
SNOW,Snowflake Inc.,205.0,-7,0,13,0,6,-4,2,8,1,7,13
CRWD,CrowdStrike,446.56,-28,0,43,0,15,-19,-11,8,20,-2,13
GLPI,Gaming and Leisure Properties,46.15,-81,-5,0,65,-21,-12,-6,-6,57,33,12
FANG,Diamondback Energy,146.06,0,0,-27,47,20,-9,4,2,-5,-8,12
PRU,Prudential Financial,100.68,-7,-1,-11,55,36,-34,-12,2,19,-25,11
BEN,Franklin Templeton Investments,23.92,-13,60,6,0,53,-27,-1,8,-22,-42,11
VKTX,Viking Therapeutics,32.69,-4,23,-38,21,2,-7,19,3,-6,9,11
PR,Permian Resources,13.64,-6,0,-6,26,14,-10,1,8,-2,-3,11
WH,Wyndham Hotels & Resorts,83.84,-14,18,-1,11,14,-24,20,-15,15,-4,10
PSX,Phillips 66,119.57,-13,0,-1,41,27,-13,-6,7,-5,-17,10
ELF,e.l.f. Beauty,116.43,-4,49,-48,31,28,-7,-12,6,-5,-18,10
SEG,Seaport Entertainment Group,22.48,0,21,0,0,21,-2,17,-26,0,-11,10
GEN,Gen Digital,28.77,-18,0,13,16,11,-35,10,8,16,-1,10
CHRD,Chord Energy,105.81,-7,38,-48,2,-15,-13,41,2,-6,24,9
ZS,Zscaler,280.5,-8,0,15,5,12,-19,-10,8,18,-3,9
EQIX,Equinix,771.69,-7,-21,-6,34,0,-12,1,-6,26,9,9
ROIV,Roivant Sciences,11.31,-11,18,-1,0,6,-14,10,8,-1,3,9
IPGP,IPG Photonics,75.21,-10,56,-1,-44,1,-16,63,4,-44,7,8
SAIC,SAIC,110.52,-27,17,-35,67,22,-35,22,-1,-1,-15,7
SUI,Sun Communities,124.29,14,2,1,-24,-7,6,-11,8,11,14,7
UHS,Universal Health Services,163.05,0,-13,-9,22,0,19,-9,-2,-1,7,7
RBRK,Rubrik,87.65,-2,0,0,0,-2,-3,-30,42,0,9,7
AES,AES Corporation,13.24,-4,18,-1,-11,2,6,18,4,-24,4,6
CHH,Choice Hotels,125.97,-27,23,-1,15,10,-24,20,-15,14,-5,5
BC,Brunswick Corporation,56.64,-27,41,-36,-7,-29,-16,57,2,-9,34,5
AOS,A. O. Smith,70.43,-23,23,-40,58,18,-37,21,8,-5,-13,5
CCI,Crown Castle,106.87,-19,30,5,-28,-12,-35,29,18,5,17,5
CRL,Charles River Laboratories,166.91,0,42,-52,-26,-36,-15,60,4,-8,41,5
KMPR,Kemper Corporation,60.05,-7,0,-4,4,-7,15,-17,-1,14,11,4
MSGS,Madison Square Garden Sports,199.56,-65,31,-2,21,-15,-5,-4,1,27,19,4
CARR,Carrier Global,66.91,-28,0,-1,0,-29,-26,25,8,26,33,4
VNO,Vornado Realty Trust,37.62,-16,0,0,4,-12,-16,10,6,15,15,3
ALSN,Allison Transmission,87.7,0,-16,-3,35,16,6,-34,-19,34,-13,3
DIS,Walt Disney Company (The),116.56,-35,57,13,-1,34,-40,-2,8,3,-31,3
VLO,Valero Energy,133.14,-21,0,0,44,23,-19,-4,7,-5,-21,2
RGA,Reinsurance Group of America,177.33,-27,-1,-1,40,11,-26,-35,-1,53,-9,2
EW,Edwards Lifesciences,79.32,0,6,2,-14,-6,-7,22,28,-35,8,2
KEYS,Keysight,158.67,-8,0,0,0,-8,-9,8,6,5,10,2
CTRA,Coterra,23.69,-3,-13,-3,44,25,-7,-20,-10,13,-24,1
IR,Ingersoll Rand,75.02,-11,-1,-19,23,-8,-23,-3,5,29,8,0
F,Ford Motor Company,10.81,-28,71,0,-17,26,-26,-3,8,-5,-26,0
ESS,Essex Property Trust,256.7,-21,-2,-1,14,-10,-42,37,-1,14,8,-2
STAG,STAG Industrial,34.37,-44,0,-1,96,51,-41,-16,8,-4,-53,-2
BG,Bunge Global,78.0,21,-1,-42,0,-22,15,2,8,-5,20,-2
AL,Air Lease Corporation,54.33,-34,0,15,22,3,-37,-3,8,26,-6,-3
CFLT,"Confluent, Inc.",17.2,-14,-2,-1,0,-17,-19,51,-16,-2,14,-3
PCOR,Procore,62.03,-11,-1,-1,0,-13,-19,25,-15,19,10,-3
AR,Antero Resources,33.66,0,-10,0,10,0,-1,-21,8,10,-4,-4
TTWO,Take-Two Interactive,220.5,-84,-1,43,13,-29,-26,-12,43,20,25,-4
HRB,H&R Block,54.48,-26,-38,0,52,-12,-36,-4,-4,52,8,-4
GPC,Genuine Parts Company,128.31,-7,10,0,0,3,-16,17,8,-17,-8,-5
MORN,"Morningstar, Inc.",272.5,-14,-2,-18,28,-6,-8,-15,5,18,0,-6
SBAC,SBA Communications,228.67,-36,0,14,-20,-42,7,9,15,5,36,-6
TSLA,"Tesla, Inc.",302.61,-13,0,-1,10,-4,-16,2,2,10,-2,-6
WBD,Warner Bros. Discovery,12.87,-7,37,10,-42,-2,-22,57,6,-45,-4,-6
CPAY,Corpay,316.4,-16,-1,-1,21,3,-40,8,-3,25,-10,-7
DD,DuPont,69.87,-32,28,-1,19,14,-47,23,5,-3,-22,-8
VNOM,Viper Energy,36.6,-11,-29,-7,44,-3,-26,-1,-26,47,-6,-9
G,Genpact,42.47,-18,0,0,3,-15,-12,21,-13,10,6,-9
CPNG,Coupang,28.74,-50,63,15,0,28,-61,-1,8,17,-37,-9
REXR,Rexford Industrial,35.93,-9,42,-44,-18,-29,-10,57,4,-32,19,-10
EXR,Extra Space Storage,139.28,-14,-2,-1,0,-17,-12,-2,8,13,7,-10
FIS,Fidelity National Information Services,78.36,-11,0,0,0,-11,-16,-1,7,11,1,-10
CF,CF Industries,91.55,-7,0,13,4,10,-13,-23,8,8,-20,-10
UDR,"UDR, Inc.",38.67,-21,-2,-1,0,-24,-5,9,-3,13,14,-10
OC,Owens Corning,136.55,-16,0,-22,58,20,-33,-1,-26,29,-31,-11
CB,Chubb Limited,267.45,-56,-22,-1,58,-21,-12,-33,-2,56,9,-12
TROW,T. Rowe Price,103.06,-16,42,-21,-25,-20,-35,26,4,13,8,-12
DUOL,Duolingo,339.13,-35,-23,51,0,-7,-3,-37,12,23,-5,-12
MU,Micron Technology,104.85,-14,0,0,22,8,-12,-12,8,-5,-21,-13
MAA,Mid-America Apartment Communities,139.97,-18,-3,0,0,-21,-13,15,-6,11,7,-14
DT,Dynatrace,50.51,-10,0,0,0,-10,-19,-10,5,20,-4,-14
CCCS,CCC Intelligent Solutions,9.72,-2,31,-26,0,3,-21,34,-25,-6,-18,-15
DAL,Delta Air Lines,51.15,-42,29,-1,19,5,-47,20,-19,26,-20,-15
NNN,NNN Reit,42.0,-45,1,6,22,-16,-16,-5,8,14,1,-15
GPK,Graphic Packaging,21.49,-16,-1,-17,0,-34,-37,15,-30,71,19,-15
WAL,Western Alliance Bancorporation,76.36,-35,30,0,4,-1,-37,-1,5,18,-15,-16
NEE,NextEra Energy,70.4,-55,0,0,0,-55,2,15,8,13,38,-17
NTRA,Natera,134.63,-14,-12,0,18,-8,-9,-18,-1,19,-9,-17
QRVO,Qorvo,84.07,-49,57,-1,-31,-24,-60,65,7,-5,7,-17
PEN,"Penumbra, Inc.",242.98,21,-46,30,11,16,17,-49,-4,3,-33,-17
CPT,Camden Property Trust,106.95,-21,-2,0,0,-23,-13,8,-1,11,5,-18
O,Realty Income,56.56,-16,1,8,7,0,-35,-6,8,13,-20,-20
BXP,"BXP, Inc.",64.62,-21,-1,-1,0,-23,-28,10,8,13,3,-20
BIRK,Birkenstock,49.14,-9,-1,-8,0,-18,-14,4,8,0,-2,-20
ALGM,Allegro MicroSystems,31.25,-56,56,9,0,9,-16,-3,6,-16,-29,-20
DBX,Dropbox,26.45,-9,-3,-1,9,-4,-19,-1,-5,8,-17,-21
DXCM,Dexcom,79.27,-14,0,-1,-14,-29,-11,20,8,-9,8,-21
DG,Dollar General,108.53,6,1,0,-17,-10,5,-11,20,-26,-12,-22
UBER,Uber,86.93,-34,0,16,0,-18,-40,-4,14,26,-4,-22
CTVA,Corteva,71.13,-35,0,51,0,16,-47,-10,8,11,-38,-22
CRM,Salesforce,250.65,-14,-2,-11,22,-5,-19,-1,-19,21,-18,-23
DLB,Dolby Laboratories,70.08,-11,-1,-1,-1,-14,-19,20,-18,8,-9,-23
FI,Fiserv,135.31,-21,-16,-12,35,-14,-14,-10,-13,27,-10,-24
SNDK,SanDisk,41.32,-7,0,0,0,-7,-5,-13,0,0,-18,-25
ALLY,Ally Financial,37.02,-79,47,0,4,-28,-16,-3,6,16,3,-25
COLB,Columbia Banking System,23.23,-16,6,-1,-9,-20,-16,-3,3,10,-6,-26
INGM,Ingram Micro,19.42,-20,0,0,0,-20,-37,26,5,0,-6,-26
CVS,CVS Health,62.44,19,-13,8,-17,-3,-4,-14,23,-28,-23,-26
ETSY,Etsy,58.78,-14,47,0,-30,3,-12,11,8,-37,-30,-27
FBIN,Fortune Brands Innovations,55.78,0,9,-24,-5,-20,1,23,-30,-2,-8,-28
GNTX,Gentex,26.28,0,22,-40,-8,-26,-16,20,2,-8,-2,-28
TMO,Thermo Fisher Scientific,462.92,0,8,-20,0,-12,-16,22,-19,-3,-16,-28
PARAA,Paramount Global (Class A),19.61,-14,-2,-1,0,-17,-14,-2,-1,6,-11,-28
AMCR,Amcor,9.28,-16,23,-1,0,6,-35,-1,4,-2,-34,-28
MKSI,MKS Instruments,92.74,-14,42,-25,-13,-10,-16,-2,4,-5,-19,-29
NCNO,nCino,27.15,-28,42,-24,0,-10,-42,21,3,-1,-19,-29
YETI,Yeti Holdings,35.92,-9,24,-33,-6,-24,-21,23,2,-10,-6,-30
ISRG,Intuitive Surgical,482.95,-57,-3,-1,22,-39,-12,-11,6,26,9,-30
QCOM,Qualcomm,148.2,-14,0,-23,22,-15,-14,-2,6,-5,-15,-30
CAVA,Cava Group,84.29,-8,0,-12,0,-20,-7,20,-26,2,-11,-31
CRUS,Cirrus Logic,102.14,-11,0,-21,19,-13,-11,-12,8,-3,-18,-31
ARW,Arrow Electronics,114.72,-14,0,-1,0,-15,-14,-3,8,-8,-17,-32
HHH,Howard Hughes Holdings,67.61,-11,-1,-11,-6,-29,-8,17,-26,14,-3,-32
KVUE,Kenvue,21.6,-16,-4,3,0,-17,-27,10,-1,3,-15,-32
AUR,Aurora Innovation,5.65,-13,0,-1,0,-14,-30,12,-16,15,-19,-33
REYN,Reynolds Consumer Products,22.03,4,0,-26,0,-22,13,17,-38,-3,-11,-33
ABNB,Airbnb,127.99,-24,0,-1,0,-25,-24,15,5,-5,-9,-34
CNA,CNA Financial,43.88,-7,-41,0,57,9,-15,-42,-7,20,-44,-35
EIX,Edison International,53.13,4,1,-30,0,-25,3,15,-27,-1,-10,-35
HR,Healthcare Realty Trust,16.51,7,25,0,-39,-7,-42,31,-27,9,-29,-36
WDAY,"Workday, Inc.",222.19,-11,-5,-8,14,-10,-21,-1,-2,-2,-26,-36
PCTY,Paylocity,181.42,-8,-1,0,-3,-12,-24,12,-17,5,-24,-36
SJM,J.M. Smucker Company (The),108.24,-2,9,-10,-4,-7,-12,14,-8,-23,-29,-36
GEHC,GE HealthCare,69.83,-21,0,-18,0,-39,-21,31,-16,8,2,-37
EGP,EastGroup Properties,161.98,-16,0,-3,8,-11,-7,-22,8,-5,-26,-37
DOX,Amdocs,84.5,-46,-2,0,58,10,-42,-19,8,5,-48,-38
MDB,MongoDB Inc.,221.11,-7,28,-24,-9,-12,-5,13,-25,-9,-26,-38
KMB,Kimberly-Clark,130.58,7,-34,0,18,-9,-12,-34,-9,26,-29,-38
EPR,EPR Properties,54.96,-79,0,55,29,5,-88,-5,28,21,-44,-39
OWL,Blue Owl Capital,18.83,-34,36,-2,0,0,-40,-2,-19,21,-40,-40
CFR,Frost Bank,124.09,-43,0,0,4,-39,-16,-1,6,10,-1,-40
FCX,Freeport-McMoRan,40.05,-44,0,-1,58,13,-50,-5,8,-6,-53,-40
MHK,Mohawk Industries,116.67,0,19,-24,-11,-16,-15,23,-32,-1,-25,-41
QS,QuantumScape,8.26,-35,31,4,0,0,-42,31,6,-36,-41,-41
VAC,Marriott Vacations Worldwide,73.5,-27,32,-1,-17,-13,-36,28,5,-25,-28,-41
EQR,Equity Residential,62.72,-21,-2,-1,13,-11,-40,-3,-1,13,-31,-42
TPL,Texas Pacific Land Corporation,934.84,-7,-44,-7,58,0,-8,-44,-3,13,-42,-42
RAL,Ralliant,44.38,-23,0,0,0,-23,-18,-2,0,0,-20,-43
RVMD,Revolution Medicines,36.64,-10,-1,-12,0,-23,-28,-27,8,26,-21,-44
SNDR,Schneider National,24.09,-27,37,-3,0,7,-33,-3,-25,10,-51,-44
PINC,"Premier, Inc.",21.27,0,0,15,-28,-13,22,-32,13,-34,-31,-44
TXN,Texas Instruments,180.87,-69,0,-1,22,-48,-14,-7,8,16,3,-45
ONON,On Holding AG,47.01,-21,-2,0,0,-23,-17,-33,8,20,-22,-45
PLD,Prologis,104.89,-16,0,-21,0,-37,-7,-4,8,-5,-8,-45
MIDD,Middleby,141.68,-16,0,-1,0,-17,-27,-1,-14,13,-29,-46
CHDN,Churchill Downs Incorporated,106.39,-23,26,-29,0,-26,-33,44,-30,-1,-20,-46
HIW,Highwoods Properties,28.61,-49,0,0,6,-43,-12,-12,8,13,-3,-46
PSA,Public Storage,278.94,-14,-2,-9,1,-24,-12,-33,8,13,-24,-48
CBSH,Commerce Bancshares,59.96,-56,-1,0,11,-46,-19,-5,8,13,-3,-49
LINE,"Lineage, Inc.",42.34,-7,-7,0,0,-14,-7,1,-29,0,-35,-49
SOLV,Solventum,71.71,-16,0,0,0,-16,-27,-11,4,0,-34,-50
DOCU,DocuSign,73.84,-17,-4,-1,-12,-34,-40,7,6,11,-16,-50
EFX,Equifax,239.83,-69,-1,-2,16,-56,-12,-9,8,18,5,-51
FRT,Federal Realty Investment Trust,90.61,-16,-1,-21,0,-38,-9,-2,-1,-1,-13,-51
EEFT,Euronet Worldwide,93.95,-25,-3,-1,-3,-32,-37,-3,8,13,-19,-51
CTSH,Cognizant,70.53,-30,-3,-1,14,-20,-37,-11,-1,18,-31,-51
WFRD,Weatherford International,54.73,-7,28,-42,0,-21,-16,37,-46,-5,-30,-51
DHR,Danaher Corporation,197.07,0,1,-27,-1,-27,-14,-8,1,-4,-25,-52
RH,RH,200.71,-8,12,-22,-7,-25,-24,8,-21,9,-28,-53
PK,Park Hotels & Resorts,10.25,-27,23,-24,-7,-35,-37,23,1,-5,-18,-53
CUBE,CubeSmart,39.89,-16,0,-21,1,-36,-12,-12,8,-2,-18,-54
BROS,Dutch Bros. Coffee,56.71,-72,-7,51,0,-28,-5,-31,-1,11,-26,-54
MOS,Mosaic Company (The),35.31,-14,0,14,-16,-16,-12,-10,13,-30,-39,-55
LEA,Lear Corporation,93.02,-42,57,-2,-17,-4,-42,-1,7,-15,-51,-55
FHB,"First Hawaiian, Inc.",23.73,-43,0,0,14,-29,-43,-3,5,14,-27,-56
ESTC,Elastic NV,79.53,-14,-1,-11,-6,-32,-24,19,-16,-4,-25,-57
SBUX,Starbucks,86.87,-31,0,-1,0,-32,-28,8,-13,7,-26,-58
PNFP,Pinnacle Financial Partners,86.09,-59,-6,-2,15,-52,-16,-6,-2,18,-6,-58
HUM,Humana,247.28,58,0,-87,-12,-41,19,2,-18,-20,-17,-58
M,"Macy's, Inc.",12.35,-11,23,-29,-15,-32,-18,20,-23,-6,-27,-59
ILMN,"Illumina, Inc.",94.64,-7,37,-26,-40,-36,-20,63,-26,-40,-23,-59
GTLB,GitLab,41.81,-11,-2,-19,0,-32,-19,11,-18,-1,-27,-59
TECH,Bio-Techne,54.9,0,9,-25,-24,-40,-21,33,-25,-6,-19,-59
DAY,Dayforce,55.27,-8,-1,-18,-12,-39,-8,4,-22,5,-21,-60
DNB,Dun & Bradstreet,9.1,-22,36,-24,0,-10,-27,40,-26,-37,-50,-60
SHC,Sotera Health,11.15,-14,-2,-25,0,-41,-19,7,-2,-6,-20,-61
CLF,Cleveland-Cliffs,10.07,-7,22,-61,-16,-62,-27,35,1,-8,1,-61
MTDR,Matador Resources,47.82,-13,0,-27,0,-40,-15,-1,1,-6,-21,-61
AVB,AvalonBay Communities,184.34,-21,-2,-1,16,-8,-43,-20,-5,15,-53,-61
LSCC,Lattice Semiconductor,48.96,-14,23,-18,-5,-14,-16,-2,-15,-15,-48,-62
WAT,Waters Corporation,290.71,-9,-15,-3,-2,-29,-15,-14,-18,14,-33,-62
PYPL,PayPal,67.1,-28,-1,-1,-39,-69,-26,22,1,9,6,-63
TXG,10x Genomics,13.09,-7,38,-74,0,-43,-19,39,2,-42,-20,-63
PEP,PepsiCo,139.27,-13,12,-40,0,-41,-10,37,-37,-13,-23,-64
OKTA,"Okta, Inc.",95.16,-8,-38,3,-24,-67,-7,4,-1,6,2,-65
IQV,IQVIA,182.45,-2,12,-38,-1,-29,-28,38,-40,-6,-36,-65
HUBS,HubSpot,498.41,-17,-36,-8,11,-50,-26,7,-16,19,-16,-66
WMS,Advanced Drainage Systems,113.75,-8,0,-38,3,-43,-20,-8,8,-3,-23,-66
VOYA,Voya Financial,67.31,-35,0,-1,4,-32,-39,-1,6,-1,-35,-67
IT,Gartner,328.5,-37,-34,-19,58,-32,-38,-37,-17,57,-35,-67
JAZZ,Jazz Pharmaceuticals,115.52,0,10,-1,-6,3,-31,14,-14,-39,-70,-67
VVV,Valvoline,35.01,-49,0,-24,31,-42,-19,-8,5,-4,-26,-68
PAYC,Paycom,226.46,-8,-1,17,-24,-16,-28,5,8,-37,-52,-68
CL,Colgate-Palmolive,83.5,-35,-18,-4,23,-34,-37,-11,-12,26,-34,-68
FDX,FedEx,217.07,-21,-1,-24,32,-14,-24,-1,-26,-4,-55,-69
VTRS,Viatris,8.81,-16,1,-23,-7,-45,-31,35,-27,-1,-24,-69
SPB,Spectrum Brands,52.51,-26,-4,-26,-4,-60,-27,19,-25,24,-9,-69
CACC,Credit Acceptance,447.52,-17,-1,-1,-1,-20,-37,-12,5,-5,-49,-69
AA,Alcoa,28.4,-13,24,-19,-20,-28,-41,57,-25,-32,-41,-69
CNXC,Concentrix,46.21,-24,-1,-1,0,-26,-37,21,6,-33,-43,-69
MASI,Masimo,153.81,-16,-2,0,-6,-24,-30,-13,-13,10,-46,-70
VSTS,Vestis,5.72,-16,-1,-20,0,-37,-23,14,-25,0,-34,-71
AZTA,Azenta,32.34,-13,22,-51,-31,-73,-23,51,-17,-9,2,-71
NDSN,Nordson,209.16,-11,0,-34,0,-45,-24,-3,8,-7,-26,-71
JHX,James Hardie Industries,25.89,-14,25,-25,3,-11,-18,-2,-37,-3,-60,-71
KHC,Kraft Heinz,27.41,-14,0,-40,0,-54,-12,16,-12,-10,-18,-72
GAP,Gap Inc.,18.83,-35,-16,-3,18,-36,-46,-8,-1,19,-36,-72
TEM,Tempus AI,54.91,-28,-1,0,0,-29,-26,-18,1,0,-43,-72
BMY,Bristol Myers Squibb,44.22,-29,-4,-1,-5,-39,-36,8,-12,5,-35,-74
AAP,Advance Auto Parts,52.7,-44,49,0,-28,-23,-40,15,8,-34,-51,-74
SAIA,Saia,293.08,-16,0,-24,4,-36,-33,25,-26,-5,-39,-75
MKC,McCormick & Company,70.3,-16,-18,-4,-2,-40,-16,-17,-12,10,-35,-75
QXO,"QXO, Inc.",19.33,-28,0,0,-14,-42,-26,-13,11,-6,-34,-76
ONTO,Onto Innovation,94.28,-11,-2,-24,0,-37,-13,-3,-19,-4,-39,-76
GRAL,"Grail, Inc.",32.75,-28,-4,0,0,-32,-30,-14,-1,0,-45,-77
BDX,Becton Dickinson,176.3,-10,0,-26,-5,-41,-27,23,-17,-15,-36,-77
HSIC,Schein (Henry),67.99,-31,-1,-3,0,-35,-37,-8,-1,3,-43,-78
RYN,Rayonier,23.42,-16,0,-18,-5,-39,-16,15,-30,-9,-40,-79
PB,Prosperity Bancshares,65.91,-56,-4,-2,14,-48,-16,-7,-22,14,-31,-79
RIVN,Rivian,12.39,-27,-4,-1,0,-32,-30,4,-1,-21,-48,-80
LOAR,Loar Holdings,71.43,-7,-20,0,0,-27,-5,-47,-1,0,-53,-80
HOG,Harley-Davidson,24.06,-9,0,-41,-9,-59,-9,-4,3,-11,-21,-80
SARO,StandardAero,27.86,-7,0,0,0,-7,-68,-14,8,0,-74,-81
TEAM,Atlassian,182.95,-14,-17,-4,-6,-41,-26,-9,-16,11,-40,-81
UHAL,U-Haul,57.11,-30,-4,-13,0,-47,-38,9,-26,20,-35,-82
JKHY,Jack Henry & Associates,167.25,-42,-2,-1,0,-45,-15,-33,-1,11,-38,-83
INVH,Invitation Homes,30.31,-43,-7,-6,0,-56,-13,-27,-1,14,-27,-83
VFC,VF Corporation,11.65,-14,-2,-18,-43,-77,-12,17,-18,7,-6,-83
CCK,Crown Holdings,98.12,-48,0,15,5,-28,-70,-5,8,12,-55,-83
POOL,Pool Corporation,308.82,-16,9,-21,-6,-34,-37,23,-27,-9,-50,-84
OXY,Occidental Petroleum,43.38,-8,0,-53,0,-61,-14,3,4,-16,-23,-84
CMG,Chipotle Mexican Grill,42.51,-105,-7,-4,80,-36,-67,-8,-2,29,-48,-84
DOC,Healthpeak Properties,16.75,-42,-2,-15,-31,-90,-11,37,-30,9,5,-85
CLX,Clorox,123.11,-30,-3,-15,-5,-53,-35,15,-25,13,-32,-85
CDW,CDW,168.86,-14,0,-40,0,-54,-19,-2,-3,-8,-32,-86
HPQ,HP Inc.,24.43,-13,-2,-23,0,-38,-19,-1,-27,-1,-48,-86
LBTYK,Liberty Global (Series C),10.73,7,1,-38,-30,-60,7,38,-35,-36,-26,-86
PCG,PG&E Corporation,14.12,2,-41,-28,0,-67,5,4,-27,-1,-19,-86
TGT,Target Corporation,99.74,-27,23,-29,-11,-44,-37,37,-37,-6,-43,-87
OTIS,Otis Worldwide,84.9,-56,-8,-2,0,-66,-30,-5,-12,26,-21,-87
DV,DoubleVerify,15.16,-14,30,-68,0,-52,-19,10,-16,-10,-35,-87
IAC,IAC Inc.,38.77,-32,26,0,-31,-37,-44,28,4,-38,-50,-87
UWMC,United Wholesale Mortgage,4.18,-42,0,-27,0,-69,3,22,-40,-4,-19,-88
TREX,"Trex Company, Inc.",63.44,-11,18,-52,-13,-58,-24,22,-24,-6,-32,-90
MRK,Merck & Co.,79.3,-14,1,-45,-4,-62,-10,37,-49,-6,-28,-90
FCN,FTI Consulting,165.47,-14,13,-35,0,-36,-26,20,-45,-5,-56,-92
OGN,Organon & Co.,9.74,-10,0,-27,0,-37,-12,1,-40,-4,-55,-92
FND,Floor & Decor,78.32,-16,23,-33,-6,-32,-24,-3,-27,-6,-60,-92
PVH,PVH Corp.,71.35,-14,0,-30,-3,-47,-27,15,-26,-7,-45,-92
ACI,Albertsons,19.62,-42,-14,23,0,-33,-40,-10,-1,-9,-60,-93
BIO,Bio-Rad Laboratories,284.81,7,23,-25,-28,-23,-31,28,-30,-37,-70,-93
LBTYA,Liberty Global (Series A),10.55,7,1,-38,-31,-61,12,1,-36,-10,-33,-94
OMC,Omnicom Group,71.1,-24,-1,-25,0,-50,-37,23,-30,-1,-45,-95
A,Agilent Technologies,113.46,-10,0,-21,-2,-33,-31,-8,-18,-5,-62,-95
WST,West Pharmaceutical Services,239.17,-14,9,-25,-7,-37,-27,2,-25,-8,-58,-95
SON,Sonoco,44.24,-23,0,-42,-5,-70,-37,20,5,-14,-26,-96
TRIP,Tripadvisor,16.18,-24,22,0,-52,-54,-21,17,5,-44,-43,-97
CI,Cigna,262.32,-48,-20,-4,0,-72,-9,-14,-1,-1,-25,-97
ZM,Zoom Communications,70.96,-27,-4,-1,0,-32,-37,-40,8,4,-65,-97
PII,Polaris Inc.,49.62,-6,26,-98,-17,-95,-12,23,3,-17,-3,-98
DVN,Devon Energy,32.12,-7,0,-48,-5,-60,-10,-13,7,-22,-38,-98
RYAN,Ryan Specialty,57.91,-29,-27,-1,0,-57,-27,-33,-7,25,-42,-99
FRPT,Freshpet,65.83,-32,-34,-22,-6,-94,-14,8,-18,19,-5,-99
FTV,Fortive,46.58,-16,-3,-19,0,-38,-12,-29,-15,-5,-61,-99
KBR,"KBR, Inc.",46.49,-11,-30,-28,0,-69,5,-30,-6,-1,-32,-101
EXAS,Exact Sciences,47.78,-13,-8,-26,-25,-72,-4,-15,6,-16,-29,-101
MAT,Mattel,16.86,-49,-2,-2,0,-53,-16,-7,5,-31,-49,-102
ELS,Equity Lifestyle Properties,60.26,0,-27,-19,0,-46,18,-41,-30,-3,-56,-102
CMCSA,Comcast,32.52,-42,-4,-33,-9,-88,-5,-6,5,-8,-14,-102
ENTG,Entegris,75.67,-21,0,-42,-6,-69,-14,33,-47,-5,-33,-102
BMRN,BioMarin Pharmaceutical,58.15,-11,0,-48,-20,-79,-7,19,-13,-22,-23,-102
LW,Lamb Weston,55.98,0,8,-70,-8,-70,-20,1,1,-14,-32,-102
PENN,Penn Entertainment,17.81,-11,28,-1,-34,-18,-23,-1,-16,-44,-84,-102
NKE,"Nike, Inc.",74.61,-9,25,-75,-21,-80,-18,25,5,-36,-24,-104
GPN,Global Payments,78.04,-16,9,-25,-39,-71,-26,25,-22,-10,-33,-104
TSN,Tyson Foods,52.53,-25,-20,-4,-28,-77,-17,-14,-9,11,-29,-106
S,SentinelOne,17.93,-27,-1,-23,0,-51,-27,-1,-26,-1,-55,-106
EG,Everest Group,331.54,-7,-38,-34,55,-24,-5,-38,-35,-5,-83,-107
ELV,Elevance Health,274.57,-9,-22,-42,-2,-75,-7,-14,-8,-3,-32,-107
IEX,IDEX Corporation,159.1,-21,-3,-26,-2,-52,-21,-3,-26,-6,-56,-108
CROX,Crocs,97.13,-24,-4,-40,0,-68,-33,-1,-2,-5,-41,-109
TTC,Toro Company (The),72.94,-9,13,-33,-7,-36,-28,20,-46,-20,-74,-110
AVY,Avery Dennison,165.81,-31,-3,-33,0,-67,-37,-8,5,-5,-45,-112
ODFL,Old Dominion Freight Line,141.81,-28,-3,-24,0,-55,-33,6,-29,-1,-57,-112
COO,Cooper Companies (The),70.87,-16,-3,-25,-5,-49,-27,-3,-30,-3,-63,-112
COP,ConocoPhillips,92.75,-7,9,-43,0,-41,-13,8,-59,-8,-72,-113
LCID,Lucid Motors,2.43,-31,0,-2,0,-33,-45,14,-15,-35,-81,-114
AVTR,Avantor,11.36,-7,-1,-27,0,-35,-23,-14,-38,-5,-80,-115
SMG,Scotts Miracle-Gro Company,61.88,-28,0,-20,-39,-87,-28,-3,4,-1,-28,-115
WLK,Westlake Corporation,75.37,-21,0,-38,-4,-63,-20,23,-50,-6,-53,-116
LYFT,Lyft,13.62,-50,-1,-2,-1,-54,-59,-9,8,-2,-62,-116
REGN,Regeneron Pharmaceuticals,559.22,-17,1,-39,0,-55,-37,19,-40,-4,-62,-117
AKAM,Akamai Technologies,74.37,-16,-2,-24,-7,-49,-34,-1,-24,-10,-69,-118
RARE,Ultragenyx,28.44,5,-17,-25,-38,-75,1,-9,-33,-3,-44,-119
FTRE,Fortrea,5.45,-7,-1,-35,0,-43,-20,8,-63,-2,-77,-120
APTV,Aptiv,65.67,-28,0,0,-24,-52,-37,-3,8,-36,-68,-120
NYT,New York Times Company,52.28,-98,0,0,16,-82,-56,-11,8,21,-38,-120
WY,Weyerhaeuser,25.07,-16,-3,-21,0,-40,-16,-24,-33,-8,-81,-121
APLS,Apellis Pharmaceuticals,22.96,14,4,-68,-16,-66,14,15,-66,-18,-55,-121
ZTS,Zoetis,147.4,-26,-16,-33,-3,-78,-15,-31,7,-5,-44,-122
BHF,Brighthouse Financial,46.18,-35,-21,-1,0,-57,-34,-39,-1,8,-66,-123
RVTY,Revvity,88.2,-23,-3,-18,-24,-68,-27,-8,-23,3,-55,-123
NU,Nubank,12.05,-73,0,-1,0,-74,-73,-3,8,19,-49,-123
IPG,Interpublic Group of Companies (The),24.24,-24,9,-41,0,-56,-37,25,-38,-17,-67,-123
RGEN,Repligen,118.95,-2,-15,-14,-17,-48,-14,-7,-18,-37,-76,-124
PPG,PPG Industries,104.45,-32,-1,-44,-8,-85,-38,-3,8,-8,-41,-126
STZ,Constellation Brands,166.26,-15,-2,-43,-3,-63,-12,15,-59,-8,-64,-127
LUV,Southwest Airlines,29.81,-49,0,0,-39,-88,-46,-3,6,4,-39,-127
WHR,Whirlpool Corporation,82.69,-28,-2,-3,-26,-59,-26,-8,1,-36,-69,-128
GFS,GlobalFoundries,36.58,-16,0,-80,0,-96,-16,-3,4,-17,-32,-128
LBRDA,Liberty Broadband (Series A),59.91,-43,-6,-1,-36,-86,-44,-6,-1,8,-43,-129
APA,APA Corporation,18.46,-7,0,-83,-12,-102,-14,3,3,-19,-27,-129
LBRDK,Liberty Broadband (Series C),60.11,-43,-6,-1,-36,-86,-44,-6,-1,8,-43,-129
ALGN,Align Technology,136.52,-14,-2,-65,-25,-106,-16,31,-1,-38,-24,-130
FDS,FactSet,391.26,-100,-10,-3,0,-113,-33,-6,-1,23,-17,-130
ASH,Ashland Global,50.54,-7,0,-39,-9,-55,-7,-7,-51,-10,-75,-130
SWK,Stanley Black & Decker,66.97,-28,23,-27,-39,-71,-24,-1,-33,-2,-60,-131
PATH,UiPath,11.12,-49,-4,-9,0,-62,-51,-8,-1,-10,-70,-132
LYB,LyondellBasell,53.43,-35,-1,-42,-5,-83,-21,33,-56,-7,-51,-134
LAD,Lithia Motors,287.28,-95,-4,-3,14,-88,-43,-5,-20,21,-47,-135
BRBR,BellRing Brands,54.08,-9,-61,-11,0,-81,-12,-53,-17,27,-55,-136
HAL,Halliburton,21.6,0,7,-61,-5,-59,-14,5,-60,-9,-78,-137
GDDY,GoDaddy,156.5,-51,-17,-1,22,-47,-54,-41,-17,22,-90,-137
BILL,Bill.com,41.71,-29,-2,-22,0,-53,-26,-3,-18,-37,-84,-137
ACN,Accenture,255.37,-35,-18,-21,-1,-75,-47,-17,-17,19,-62,-137
WSC,WillScot Mobile Mini,25.33,-16,-1,-63,-6,-86,-19,20,-40,-12,-51,-137
CE,Celanese,48.55,-35,0,-41,-10,-86,-44,-3,4,-9,-52,-138
CHTR,Charter Communications,264.63,-43,-6,-2,-36,-87,-44,-11,-2,6,-51,-138
CIVI,Civitas Resources,28.72,-7,-1,-53,-6,-67,-14,4,-53,-9,-72,-139
UA,Under Armour (Class C),6.2,-27,0,-26,-37,-90,-38,22,4,-37,-49,-139
BBY,Best Buy,64.11,-28,-1,-22,-6,-57,-39,-8,-33,-2,-82,-139
AXTA,Axalta,27.83,-48,-44,-14,22,-84,-47,-8,-27,26,-56,-140
SWKS,Skyworks Solutions,67.67,-49,0,-41,-30,-120,-12,-9,5,-5,-21,-141
TAP,Molson Coors,48.22,-21,-68,-11,0,-100,-37,11,-12,-3,-41,-141
NWL,Newell Brands,4.76,-17,-1,-25,-31,-74,-34,27,-25,-36,-68,-142
SLB,Schlumberger,33.04,-16,-1,-68,-1,-86,-21,-7,-19,-10,-57,-143
CPRI,Capri Holdings,16.96,-27,0,-70,-11,-108,-24,20,1,-32,-35,-143
UHAL-B,U-Haul (Series N),51.31,-32,-4,-21,0,-57,-47,-3,-35,-1,-86,-143
GO,Grocery Outlet,13.49,-32,0,-98,0,-130,5,14,-4,-28,-13,-143
EMN,Eastman Chemical Company,58.77,-35,-5,-19,-1,-60,-47,-3,-33,-2,-85,-145
LSTR,Landstar,128.34,-21,-4,-33,-1,-59,-28,-12,-40,-7,-87,-146
XP,XP Inc.,16.35,-136,-5,0,0,-141,11,-22,14,-8,-5,-146
GLOB,Globant,79.77,-13,-53,-24,-7,-97,-17,-1,-24,-7,-49,-146
DAR,Darling Ingredients,31.5,-49,-2,-4,-20,-75,-40,-8,6,-30,-72,-147
UAA,Under Armour (Class A),6.58,-27,0,-26,-44,-97,-38,22,3,-37,-50,-147
IRDM,Iridium Communications,24.17,-49,-2,-2,-19,-72,-61,-1,5,-19,-76,-148
CUZ,Cousins Properties,26.54,-152,-2,0,11,-143,-12,-14,8,13,-5,-148
KNX,Knight-Swift,41.28,-42,-3,-23,-2,-70,-40,-6,-19,-13,-78,-148
JBHT,J. B. Hunt,139.48,-32,0,-29,-1,-62,-47,-3,-26,-10,-86,-148
BBWI,"Bath & Body Works, Inc.",28.14,-44,-1,-23,-15,-83,-46,-1,-14,-6,-67,-150
CERT,"Certara, Inc.",9.54,-22,-35,-13,0,-70,-28,-15,-5,-32,-80,-150
INSP,Inspire Medical Systems,126.12,-11,-54,-21,-6,-92,-8,-8,-26,-17,-59,-151
PFE,Pfizer,23.47,-35,0,-31,-23,-89,-37,-6,5,-28,-66,-155
IFF,International Flavors & Fragrances,69.46,-32,-3,-21,-31,-87,-45,9,-33,-1,-70,-157
EPAM,EPAM Systems,150.93,-17,-3,-24,-27,-71,-26,-9,-15,-37,-87,-158
PLTK,Playtika,4.27,-28,-6,-24,0,-58,-37,-8,-25,-31,-101,-159
GME,GameStop,22.11,-41,-35,-8,-30,-114,-47,10,-1,-7,-45,-159
ACHC,Acadia Healthcare,21.09,-13,-14,-46,-11,-84,-16,-5,-40,-16,-77,-161
CHE,Chemed Corporation,417.8,-21,-50,-9,-2,-82,-26,-38,-7,-8,-79,-161
OLED,Universal Display Corporation,144.87,-55,0,-35,0,-90,-61,-13,8,-5,-71,-161
PRMB,Primo Brands,27.05,-26,-43,0,22,-47,-54,-72,-8,18,-116,-163
ANGI,Angi Inc.,15.86,-27,3,-38,-51,-113,-30,20,4,-44,-50,-163
CPB,Campbell Soup Company,32.34,0,-82,-30,-6,-118,-12,8,-37,-5,-46,-164
BRKR,Bruker,37.97,-9,-2,-58,-8,-77,-18,1,-62,-9,-88,-165
NOV,NOV Inc.,12.14,-28,-1,-53,-12,-94,-26,14,-44,-15,-71,-165
MRNA,Moderna,27.6,-28,20,-53,-4,-65,-31,22,-53,-39,-101,-166
KSS,Kohl's,10.74,-37,23,-60,-31,-105,-54,23,2,-32,-61,-166
CLVT,Clarivate,3.62,-24,-1,-75,-6,-106,-26,5,1,-42,-62,-168
SEE,Sealed Air,28.46,-47,-1,-22,-24,-94,-42,-7,6,-32,-75,-169
CC,Chemours,11.51,-24,23,-63,-13,-77,-39,-1,-25,-30,-95,-172
MTN,Vail Resorts,148.85,-32,-2,-31,-23,-88,-46,-7,4,-36,-85,-173
LKQ,LKQ Corporation,29.63,-49,-34,-4,-2,-89,-47,-8,-12,-17,-84,-173
ARE,Alexandria Real Estate Equities,76.01,-30,9,-35,-30,-86,-37,31,-46,-35,-87,-173
COTY,Coty,4.73,-14,-2,-62,-7,-85,-16,-1,-64,-9,-90,-175
CZR,Caesars Entertainment,25.68,-31,-2,-24,-25,-82,-23,-3,-33,-37,-96,-178
TDC,Teradata,20.11,-16,-2,-77,-17,-112,-18,-10,-25,-16,-69,-181
KMX,CarMax,55.97,-50,-14,-17,-36,-117,-43,-12,-21,11,-65,-182
PRGO,Perrigo,26.65,-14,0,0,-113,-127,-26,23,2,-55,-56,-183
AAL,American Airlines Group,11.02,-49,25,-19,-76,-119,-5,-3,-19,-39,-66,-185
ALB,Albemarle Corporation,67.92,-34,22,-126,-23,-161,-35,33,2,-25,-25,-186
BAX,Baxter International,21.96,-16,-18,-21,-38,-93,-24,-17,-12,-41,-94,-187
MKTX,MarketAxess,207.66,-35,-6,-26,-29,-96,-35,-21,8,-44,-92,-188
ADBE,Adobe Inc.,347.67,-16,-18,-34,-6,-74,-39,-34,-38,-5,-116,-190
DOW,Dow Inc.,21.79,-49,-7,-41,-1,-98,-21,-7,-56,-8,-92,-190
GMED,Globus Medical,52.64,-15,-112,-13,-2,-142,-16,-28,-18,12,-50,-192
ZBH,Zimmer Biomet,90.57,-24,-2,-63,-17,-106,-32,23,-62,-18,-89,-195
ENOV,Enovis,25.73,-16,-15,-63,-17,-111,-16,-8,-23,-37,-84,-195
FMC,FMC Corporation,38.01,-28,-1,-38,-24,-91,-41,-4,-34,-26,-105,-196
OLN,Olin Corporation,18.22,-21,-3,-58,-9,-91,-19,-3,-60,-23,-105,-196
CRI,Carter's,23.65,-42,-7,-60,-17,-126,-42,17,-37,-9,-71,-197
NFE,New Fortress Energy,2.82,-42,0,-69,-3,-114,-62,22,-20,-25,-85,-199
NSA,National Storage Affiliates,29.59,-49,-50,-13,-4,-116,-12,-51,-34,12,-85,-201
MAN,ManpowerGroup,39.24,-25,-1,-44,-28,-98,-23,-1,-44,-36,-104,-202
SAM,Boston Beer Company,209.42,-14,-46,-33,-37,-130,-7,7,-29,-44,-73,-203
QDEL,QuidelOrtho,22.81,-29,-16,-21,-38,-104,-27,-8,-21,-47,-103,-207
FIVN,Five9,24.25,-14,-1,-77,-35,-127,-24,-1,-15,-40,-80,-207
BIIB,Biogen,131.97,2,1,-82,-27,-106,-31,-9,-45,-18,-103,-209
BF-B,Brown–Forman (Class B),28.74,-14,0,-101,-18,-133,-31,15,-33,-28,-77,-210
DJT,Trump Media & Technology Group,16.91,-39,-44,-54,0,-137,-53,10,-22,-9,-74,-211
MPW,Medical Properties Trust,4.07,-34,-57,-5,-36,-132,-41,1,-5,-35,-80,-212
WEN,Wendy's Company (The),9.96,-32,-27,-35,-8,-102,-47,-18,-30,-15,-110,-212
COLM,Columbia Sportswear,49.27,-30,-100,-19,-6,-155,-42,-14,-14,13,-57,-212
RNG,RingCentral,23.62,-28,-1,-24,-41,-94,-41,-10,-24,-45,-120,-214
HUN,Huntsman Corporation,9.2,-49,-7,-43,-15,-114,-47,17,-38,-33,-101,-215
HRL,Hormel Foods,28.12,-105,-12,-8,-23,-148,-40,-8,8,-30,-70,-218
FLO,Flowers Foods,15.83,-9,-3,-35,-8,-55,-12,-74,-55,-23,-164,-219
BF-A,Brown–Forman (Class A),28.57,-16,-2,-100,-18,-136,-34,15,-40,-24,-83,-219
LEG,Leggett & Platt,8.07,-25,-1,-130,-30,-186,-39,33,5,-38,-39,-225
INTC,Intel,19.31,-49,-2,-67,-20,-138,-56,-6,-15,-12,-89,-227
UNH,UnitedHealth Group,237.65,-49,-73,-16,-4,-142,-41,-14,-29,-1,-85,-227
CNC,Centene,25.92,-49,-50,-42,-11,-152,5,-48,-11,-28,-82,-234
SIRI,Sirius XM,21.17,-30,0,-81,-31,-142,-37,-2,-47,-17,-103,-245
COLD,Americold,15.71,-21,-85,-39,-11,-156,-16,-27,-39,-15,-97,-253
MOH,Molina Healthcare,155.13,-150,-49,-11,-2,-212,-16,-14,-7,-8,-45,-257
UPS,United Parcel Service,84.54,-28,-4,-104,-16,-152,-28,-12,-32,-34,-106,-258
SRPT,Sarepta Therapeutics,15.9,0,-139,-27,-7,-173,-3,-33,-48,-6,-90,-263
GIS,General Mills,48.94,-26,-81,-39,-4,-150,-36,-27,-35,-19,-117,-267
WU,Western Union,7.93,-27,-82,-21,-46,-176,-34,2,-56,-5,-93,-269
DXC,DXC Technology,12.85,-42,-17,-23,-73,-155,-42,-11,-30,-34,-117,-272
XRAY,Dentsply Sirona,14.28,-27,-2,-79,-42,-150,-38,20,-66,-40,-124,-274
CAG,Conagra Brands,18.52,-21,-75,-30,-7,-133,-38,-89,-12,-23,-162,-295
LULU,Lululemon Athletica,193.33,-114,-39,-9,-3,-165,-68,-33,-18,-12,-131,-296
RHI,Robert Half,35.35,-49,-131,-27,-9,-216,-47,-8,-25,-32,-112,-328
TFX,Teleflex,115.8,0,-126,-40,-39,-205,-33,-81,-36,-10,-160,-365
ENPH,Enphase Energy,31.42,-56,-141,-44,-20,-261,-49,-6,-51,-24,-130,-391
WOLF,Wolfspeed,1.51,-28,-51,-132,-30,-241,-39,-10,-98,-37,-184,-425
