Symbol,Name,Close,1H Cloud Score,1D Cloud Score,1W Cloud Score,1M Cloud Score,Cloud Score Sum,1H TKx Score,1D TKx Score,1W TKx Score,1M TKx Score,TKx Score Sum,Total Score Sum
TJX,TJX Companies,122.51,-6,-1,141,196,330,-3,-16,110,191,282,612
RSG,Republic Services,243.87,-7,0,117,175,285,13,-2,86,158,255,540
COST,Costco,986.57,0,0,110,178,288,13,-7,3,182,191,479
JPM,JPMorgan Chase,284.28,50,33,116,156,355,47,44,3,24,118,473
IBM,IBM,291.07,115,36,102,52,305,19,44,49,54,166,471
HEI,HEICO (Common),316.71,64,38,18,187,307,61,36,9,55,161,468
ORLY,O'Reilly Auto Parts,87.84,-8,-10,156,197,335,-6,-5,47,87,123,458
AJG,Arthur J. Gallagher & Co.,317.42,0,-1,158,184,341,-3,-7,21,105,116,457
PGR,Progressive Corporation,259.72,-6,-11,98,175,256,-1,-7,15,187,194,450
MSFT,Microsoft,492.44,147,38,9,171,365,12,46,3,23,84,449
RBLX,Roblox Corporation,102.83,224,43,46,0,313,66,44,9,9,128,441
WM,"Waste Management, Inc.",228.63,-32,28,88,185,269,-5,-1,20,157,171,440
HWM,Howmet Aerospace,176.08,28,44,141,27,240,19,44,85,52,200,440
ROL,"Rollins, Inc.",56.13,-6,53,24,284,355,19,-3,16,33,65,420
CTAS,Cintas,219.21,-7,51,12,164,220,11,-3,6,185,199,419
WELL,Welltower,153.46,21,28,109,56,214,33,24,126,22,205,419
SO,Southern Company,90.42,21,4,69,188,282,22,20,16,77,135,417
CASY,Casey's,505.51,0,11,106,85,202,13,11,110,76,210,412
NFLX,Netflix,1275.33,29,49,109,18,205,61,46,80,18,205,410
WRB,W. R. Berkley Corporation,71.81,-7,86,87,174,340,-5,1,17,53,66,406
ORI,Old Republic International,37.3,26,5,140,56,227,21,-6,110,53,178,405
ICE,Intercontinental Exchange,180.55,12,37,105,159,313,11,38,15,19,83,396
AXON,Axon Enterprise,785.13,12,42,138,92,284,21,46,3,28,98,382
SPOT,Spotify,735.97,55,45,105,10,215,12,46,88,18,164,379
PWR,Quanta Services,374.11,51,38,10,97,196,61,46,3,70,180,376
GS,Goldman Sachs,669.89,97,31,85,56,269,42,42,3,19,106,375
HEI-A,HEICO (Class A),248.99,63,39,19,180,301,-2,37,10,28,73,374
NRG,NRG Energy,153.32,9,44,96,92,241,9,-5,106,19,129,370
BSX,Boston Scientific,104.29,17,8,137,142,304,15,-13,3,55,60,364
YUM,Yum! Brands,147.17,12,0,21,257,290,16,-19,15,55,67,357
NDAQ,"Nasdaq, Inc.",88.06,18,37,69,142,266,31,44,3,12,90,356
PM,Philip Morris International,179.6,-6,104,63,53,214,-7,46,78,25,142,356
AM,Antero Midstream,18.47,13,37,141,21,212,23,-6,71,53,141,353
PLTR,Palantir Technologies,142.89,14,44,109,0,167,9,46,112,18,185,352
CBOE,Cboe Global Markets,230.55,39,27,137,53,256,30,1,15,49,95,351
MMC,Marsh McLennan,216.33,0,-12,0,173,161,20,-7,-4,176,185,346
OLLI,Ollie's Bargain Outlet,131.5,49,31,108,14,202,54,12,56,21,143,345
BRO,Brown & Brown,108.39,42,-40,109,161,272,58,-7,-3,24,72,344
WMT,Walmart,97.31,20,45,120,99,284,32,-5,3,27,57,341
MCK,McKesson Corporation,718.89,0,104,35,56,195,4,44,31,65,144,339
COR,Cencora,292.33,0,108,37,69,214,4,8,48,65,125,339
MSI,Motorola Solutions,419.03,13,2,0,151,166,15,-6,-20,183,172,338
FWONK,Liberty Formula 1 (Series C),103.74,40,34,63,55,192,47,41,3,54,145,337
HUBB,Hubbell Incorporated,399.37,18,29,0,180,227,9,47,-18,69,107,334
CDNS,Cadence Design Systems,297.43,-3,0,10,139,146,7,-3,3,178,185,331
FWONA,Liberty Formula 1 (Series A),93.55,35,33,62,60,190,41,42,2,54,139,329
NFG,National Fuel Gas,83.66,-1,115,53,50,217,-7,46,64,8,111,328
RBC,RBC Bearings,380.76,17,35,86,56,194,26,44,7,55,132,326
MU,Micron Technology,127.47,119,30,2,20,171,114,36,3,-3,150,321
MTSI,MACOM Technology Solutions,139.12,116,31,9,56,212,35,43,1,27,106,318
WMB,Williams Companies,60.7,28,30,105,50,213,24,22,3,55,104,317
TDG,TransDigm Group,1457.25,27,44,12,155,238,19,1,3,55,78,316
VIRT,Virtu Financial,43.09,50,45,69,12,176,58,5,64,12,139,315
FAST,Fastenal,41.12,-39,53,116,104,234,5,45,7,24,81,315
MKL,Markel,1965.43,49,30,61,53,193,51,44,1,24,120,313
BR,Broadridge Financial Solutions,238.3,-6,30,107,143,274,13,-3,3,23,36,310
AAPL,Apple Inc.,201.6,7,0,-3,249,253,26,-20,-18,69,57,310
JBL,Jabil,214.66,49,34,12,63,158,48,44,4,55,151,309
DUK,Duke Energy,115.96,0,-1,69,181,249,22,8,15,14,59,308
ADI,Analog Devices,234.72,18,31,4,177,230,14,37,3,24,78,308
ORCL,Oracle Corporation,210.73,0,30,4,196,230,9,37,3,25,74,304
RCL,Royal Caribbean Group,284.31,18,31,114,26,189,41,44,3,25,113,302
ADP,Automatic Data Processing,298.3,-6,0,78,178,250,-4,-4,3,55,50,300
KLAC,KLA Corporation,893.57,4,31,7,175,217,9,46,3,24,82,299
RS,"Reliance, Inc.",309.16,3,41,4,113,161,14,46,3,75,138,299
TKO,TKO Group Holdings,174.81,49,41,64,38,192,47,8,3,48,106,298
NI,NiSource,39.74,21,28,67,43,159,23,20,82,12,137,296
INTU,Intuit,757.83,-8,44,10,189,235,-5,44,3,18,60,295
PAG,Penske Automotive Group,174.39,49,32,8,60,149,41,46,3,55,145,294
VRSK,Verisk Analytics,304.17,-7,40,61,112,206,13,-3,52,26,88,294
BYD,Boyd Gaming,78.11,49,31,41,57,178,41,44,3,25,113,291
CME,CME Group,273.04,22,5,47,134,208,30,-8,43,17,82,290
MS,Morgan Stanley,137.74,35,31,69,62,197,34,42,3,14,93,290
NWS,News Corp (Class B),33.72,35,34,105,56,230,47,-11,3,19,58,288
EMR,Emerson Electric,129.44,112,31,9,62,214,9,37,3,24,73,287
LLY,Lilly (Eli),793.05,2,0,0,170,172,7,10,3,94,114,286
CHD,Church & Dwight,95.28,-56,-1,-9,342,276,-5,-1,-7,23,10,286
HOOD,Robinhood Markets,82.75,50,33,74,0,157,66,44,3,16,129,286
ETN,Eaton Corporation,342.36,17,31,1,112,161,9,44,1,70,124,285
STE,Steris,240.4,5,34,7,193,239,9,-3,15,23,44,283
MNST,Monster Beverage,62.2,-7,81,19,178,271,-3,-1,12,2,10,281
PANW,Palo Alto Networks,204.3,49,31,10,79,169,12,42,3,55,112,281
EHC,Encompass Health,120.67,17,45,136,27,225,16,-4,17,27,56,281
RJF,Raymond James Financial,151.75,49,30,85,56,220,54,2,-13,17,60,280
AXS,AXIS Capital,100.48,-7,45,79,43,160,-5,-3,75,51,118,278
LYV,Live Nation Entertainment,146.18,0,32,87,145,264,-9,6,2,14,13,277
AN,AutoNation,200.03,29,33,10,59,131,41,46,3,55,145,276
ROP,Roper Technologies,566.9,2,4,22,180,208,20,-13,37,24,68,276
VST,Vistra Corp.,186.35,55,30,12,28,125,63,43,1,43,150,275
AVGO,Broadcom,264.66,18,34,12,114,178,17,46,3,28,94,272
T,AT&T,27.94,0,28,63,14,105,21,44,87,13,165,270
ARES,Ares Management,168.77,11,31,10,57,109,9,44,3,104,160,269
EME,Emcor,502.57,50,31,10,56,147,19,46,1,55,121,268
TPR,"Tapestry, Inc.",85.39,49,31,73,19,172,41,37,1,17,96,268
TT,Trane Technologies,427.82,16,39,9,162,226,15,-5,3,27,40,266
RBA,RB Global,104.7,-27,42,97,25,137,9,-3,102,20,128,265
COF,Capital One,208.03,18,37,87,19,161,39,44,3,16,102,263
NVDA,Nvidia,154.31,18,30,7,132,187,9,38,3,24,74,261
LIN,Linde plc,460.28,-1,29,6,108,142,12,-1,3,104,118,260
DTE,DTE Energy,130.91,-7,-1,67,187,246,-6,-12,20,11,13,259
CAH,Cardinal Health,163.77,0,53,48,36,137,-18,44,41,55,122,259
DASH,DoorDash,232.75,51,30,90,0,171,26,43,3,16,88,259
SPGI,S&P Global,521.29,18,31,9,170,228,22,-12,1,19,30,258
UNM,Unum,78.01,-1,0,178,38,215,-5,-7,3,52,43,258
MPWR,Monolithic Power Systems,722.36,14,31,-19,155,181,9,41,3,24,77,258
GGG,Graco Inc.,85.29,16,31,1,176,224,16,-15,3,27,31,255
KR,Kroger,72.22,28,4,72,65,169,28,1,43,13,85,254
BKNG,Booking Holdings,5488.0,12,43,129,33,217,12,-3,3,24,36,253
FDS,FactSet,440.14,21,0,-4,192,209,33,-13,2,21,43,252
VRSN,Verisign,282.45,2,142,29,7,180,12,10,45,5,72,252
MA,Mastercard,549.71,-56,0,119,153,216,9,-1,3,24,35,251
SYK,Stryker Corporation,392.19,13,31,10,157,211,22,-11,1,27,39,250
LRCX,Lam Research,96.05,14,31,2,150,197,15,38,3,-3,53,250
KMI,Kinder Morgan,28.34,28,29,85,42,184,24,2,-12,50,64,248
WCC,Wesco International,182.16,35,30,0,56,121,27,44,1,55,127,248
AON,AON,354.51,6,-1,0,175,180,28,-7,-8,54,67,247
RTX,RTX Corporation,141.36,-13,30,70,52,139,-17,36,77,12,108,247
USFD,US Foods,76.18,0,34,136,33,203,21,-4,3,24,44,247
ITT,ITT Inc.,154.93,17,37,9,97,160,15,44,3,24,86,246
DRI,Darden Restaurants,217.45,-8,50,37,59,138,-5,44,41,28,108,246
APH,Amphenol,97.03,22,44,12,63,141,31,46,3,25,105,246
HON,Honeywell,221.79,-7,31,9,176,209,15,-2,3,20,36,245
CACI,CACI,460.91,6,14,0,152,172,5,5,7,55,72,244
OMF,OneMain Financial,55.55,35,31,10,58,134,40,42,3,24,109,243
DTM,DT Midstream,106.8,15,37,96,0,148,25,44,3,23,95,243
AZO,AutoZone,3483.66,-10,-2,87,84,159,-6,-12,47,55,84,243
AME,Ametek,177.99,0,31,1,104,136,9,-6,3,99,105,241
MCO,Moody's Corporation,481.65,13,31,9,154,207,14,-4,1,23,34,241
L,Loews Corporation,88.93,24,31,105,53,213,-1,3,3,22,27,240
V,Visa Inc.,345.9,-56,0,130,131,205,9,-1,3,24,35,240
PEG,Public Service Enterprise Group,82.76,36,10,0,150,196,33,17,-21,15,44,240
CSCO,Cisco,68.19,44,31,41,12,128,48,37,3,23,111,239
ACM,AECOM,111.03,0,37,9,63,109,14,44,3,69,130,239
MCD,McDonald's,285.55,-99,-12,45,240,174,9,-15,15,55,64,238
MSA,MSA Safety,168.0,17,33,-28,162,184,9,44,3,-3,53,237
CW,Curtiss-Wright,476.62,18,39,12,52,121,19,46,3,47,115,236
AXP,American Express,308.69,18,31,10,97,156,15,44,1,19,79,235
SCI,Service Corporation International,79.79,16,14,0,173,203,26,14,-20,11,31,234
EVR,Evercore,266.29,34,30,0,56,120,45,44,1,24,114,234
FIX,Comfort Systems USA,507.99,17,34,10,62,123,9,46,3,53,111,234
CAT,Caterpillar Inc.,371.63,18,30,0,62,110,30,37,1,55,123,233
SGI,Somnigroup International,65.77,18,31,34,62,145,16,44,3,24,87,232
EQH,Equitable Holdings,54.4,17,31,85,9,142,33,37,3,17,90,232
UNP,Union Pacific Corporation,226.82,16,2,-7,196,207,18,1,-13,17,23,230
DE,Deere & Company,506.71,-20,33,42,107,162,-22,44,38,8,68,230
AMD,Advanced Micro Devices,143.41,49,30,-35,108,152,42,37,3,-5,77,229
IBKR,Interactive Brokers,52.28,1,31,82,55,169,7,-4,1,55,59,228
WFC,Wells Fargo,79.12,28,31,85,27,171,35,1,3,17,56,227
FTNT,Fortinet,103.7,17,30,47,111,205,12,-5,3,11,21,226
BEN,Franklin Templeton Investments,23.2,92,34,1,0,127,72,44,3,-20,99,226
EPR,EPR Properties,57.51,35,33,50,27,145,-5,44,23,19,81,226
NEU,NewMarket,672.87,21,53,12,27,113,27,45,15,25,112,225
TTWO,Take-Two Interactive,241.62,49,51,38,11,149,12,8,38,18,76,225
FYBR,Frontier Communications,36.34,21,0,82,0,103,41,-18,87,12,122,225
SHW,Sherwin-Williams,343.66,0,0,0,188,188,22,-6,3,17,36,224
ALNY,Alnylam Pharmaceuticals,321.8,62,30,10,13,115,54,38,3,13,108,223
FFIV,"F5, Inc.",294.46,18,30,87,12,147,14,44,3,15,76,223
BK,BNY Mellon,90.0,-2,33,87,38,156,9,37,3,17,66,222
AAON,AAON,72.72,-12,-11,-6,243,214,9,-13,-18,29,7,221
ARMK,Aramark,41.15,18,35,8,38,99,26,39,3,54,122,221
IRM,Iron Mountain,102.71,18,36,0,55,109,9,44,3,54,110,219
SRE,Sempra,75.06,6,7,-8,179,184,29,-8,1,12,34,218
ALL,Allstate,190.97,-36,-1,90,157,210,-6,-7,4,15,6,216
MTG,MGIC Investment Corporation,27.48,38,44,12,53,147,30,10,3,26,69,216
LNG,Cheniere Energy,236.42,5,37,53,56,151,5,2,3,54,64,215
WWD,"Woodward, Inc.",243.41,49,40,12,33,134,12,42,3,24,81,215
ABT,Abbott Laboratories,137.42,12,28,49,11,100,16,46,41,12,115,215
BPOP,"Popular, Inc.",108.09,21,38,10,57,126,22,44,3,17,86,212
LOPE,Grand Canyon Education,185.47,-2,0,140,33,171,-7,-11,27,32,41,212
LMT,Lockheed Martin,458.43,-14,0,-22,163,127,-9,20,3,70,84,211
EBAY,eBay,74.52,-26,40,70,12,96,-19,44,75,14,114,210
TSCO,Tractor Supply Company,52.81,35,0,0,83,118,28,7,-26,83,92,210
SLM,Sallie Mae,32.33,14,38,83,20,155,9,-10,37,19,55,210
MDLZ,Mondelez International,67.29,2,4,2,180,188,-2,18,12,-7,21,209
EVRG,Evergy,68.21,20,12,51,12,95,23,12,70,8,113,208
SEIC,SEI Investments Company,86.85,16,37,85,33,171,14,-4,3,24,37,208
SCHW,Charles Schwab Corporation,89.84,16,44,70,9,139,9,44,3,12,68,207
MTZ,MasTec,168.52,51,37,12,16,116,33,44,3,11,91,207
CSL,Carlisle Companies,371.79,13,0,-4,176,185,16,-16,3,18,21,206
ATO,Atmos Energy,152.78,0,-1,67,43,109,-1,-24,78,43,96,205
WAB,Wabtec,203.81,2,33,12,47,94,9,44,3,54,110,204
FICO,Fair Isaac,1894.29,28,-1,0,164,191,22,-17,-21,29,13,204
HCA,HCA Healthcare,374.22,37,45,7,95,184,-9,-7,9,27,20,204
AMP,Ameriprise Financial,524.11,18,30,2,62,112,19,2,1,69,91,203
RL,Ralph Lauren Corporation,274.82,18,33,87,32,170,12,-6,3,24,33,203
PH,Parker Hannifin,673.95,14,32,10,63,119,9,44,3,28,84,203
URI,United Rentals,736.2,18,31,0,62,111,33,2,1,55,91,202
TMUS,T-Mobile US,230.92,3,-32,87,137,195,17,-42,-1,33,7,202
CB,Chubb Limited,282.91,-7,-1,94,56,142,-3,-7,15,54,59,201
PTC,PTC Inc.,168.6,0,30,-19,180,191,9,-3,-20,24,10,201
SF,Stifel,102.43,35,21,0,57,113,47,36,-13,18,88,201
FERG,Ferguson Enterprises,219.41,17,33,4,63,117,13,44,3,23,83,200
LITE,Lumentum,91.71,50,29,7,1,87,66,37,1,8,112,199
BJ,BJ's Wholesale Club,113.72,22,3,71,8,104,20,-14,33,56,95,199
JCI,Johnson Controls,103.35,2,39,68,17,126,9,44,3,16,72,198
GD,General Dynamics,286.06,7,53,1,52,113,19,8,3,55,85,198
AWI,Armstrong World Industries,159.33,18,38,87,19,162,27,-11,3,17,36,198
ITW,Illinois Tool Works,245.7,2,2,-6,176,174,12,-8,-7,27,24,198
NWSA,News Corp (Class A),29.41,35,31,2,56,124,47,4,3,19,73,197
SNPS,Synopsys,487.57,1,18,-20,178,177,12,10,1,-3,20,197
SYF,Synchrony Financial,64.96,35,31,10,19,95,40,44,1,16,101,196
DLTR,Dollar Tree,99.45,98,48,0,-13,133,18,47,18,-20,63,196
NTRS,Northern Trust,123.87,49,31,9,9,98,47,37,3,11,98,196
WDC,Western Digital,62.54,49,31,5,16,101,47,42,3,1,93,194
BSY,Bentley Systems,52.42,55,34,2,0,91,58,46,3,-4,103,194
SCCO,Southern Copper,97.12,5,30,-14,60,81,12,43,3,55,113,194
CBRE,CBRE Group,135.34,21,15,85,20,141,28,11,1,12,52,193
EXEL,Exelixis,43.53,21,30,57,12,120,9,-7,48,22,72,192
AMAT,Applied Materials,183.08,14,31,-23,147,169,14,11,1,-3,23,192
C,Citigroup,82.65,35,31,12,16,94,41,41,3,12,97,191
SNX,TD Synnex,137.78,18,31,8,61,118,15,37,1,19,72,190
J,Jacobs Solutions,128.06,4,29,0,104,137,9,44,-17,17,53,190
MRVL,Marvell Technology,75.94,49,5,-14,104,144,7,36,-14,16,45,189
HD,Home Depot (The),361.91,12,0,-5,178,185,20,-16,-17,17,4,189
WTFC,Wintrust Financial,121.29,18,31,2,47,98,29,44,1,17,91,189
SNDK,SanDisk,47.21,97,7,0,0,104,54,31,0,0,85,189
BAC,Bank of America,46.88,35,31,10,16,92,43,38,3,12,96,188
BALL,Ball Corporation,56.75,110,31,-28,-9,104,41,43,3,-3,84,188
DGX,Quest Diagnostics,178.6,-4,45,61,16,118,-14,11,61,12,70,188
ATI,ATI Inc.,82.99,-7,38,9,41,81,9,44,3,50,106,187
HIG,Hartford (The),124.05,-7,0,87,55,135,-5,-11,14,54,52,187
CELH,Celsius Holdings,45.47,14,70,0,63,147,9,26,11,-7,39,186
PAYX,Paychex,137.93,-78,-1,77,165,163,9,-4,6,12,23,186
KO,Coca-Cola Company (The),69.65,-53,-1,21,180,147,13,-2,16,12,39,186
TRMB,Trimble Inc.,74.13,18,31,72,2,123,15,36,1,10,62,185
VICI,Vici Properties,32.28,0,12,51,13,76,26,12,16,55,109,185
CLH,Clean Harbors,228.44,18,38,0,56,112,26,-12,3,55,72,184
BRK-B,Berkshire Hathaway,486.24,0,-16,117,60,161,9,-28,18,24,23,184
CVNA,Carvana,315.6,3,43,85,9,140,30,-4,3,14,43,183
VMI,Valmont Industries,325.02,3,21,55,56,135,9,41,-10,8,48,183
STT,State Street Corporation,104.31,34,33,10,14,91,40,38,2,12,92,183
DELL,Dell Technologies,120.48,45,31,-18,30,88,47,44,3,-2,92,180
RPM,RPM International,109.01,0,-1,-12,178,165,9,-2,-20,28,15,180
PCAR,Paccar,94.16,11,0,-15,157,153,9,-7,-7,32,27,180
NET,Cloudflare,190.12,43,31,32,0,106,12,41,3,17,73,179
LPLA,LPL Financial,360.94,-20,32,38,97,147,-24,-3,3,55,31,178
TRV,Travelers Companies (The),260.75,-7,0,84,56,133,-19,-7,17,54,45,178
PLNT,Planet Fitness,105.41,35,27,56,11,129,-5,38,3,12,48,177
COIN,Coinbase,355.27,36,30,2,0,68,46,44,2,16,108,176
EWBC,East West Bancorp,98.87,33,31,2,20,86,29,42,2,17,90,176
CCK,Crown Holdings,103.92,49,41,10,3,103,46,13,3,10,72,175
MO,Altria,58.95,-5,28,63,43,129,-6,19,19,14,46,175
KD,Kyndryl,41.27,13,33,102,0,148,12,-4,1,18,27,175
JNPR,Juniper Networks,36.53,28,26,0,52,106,47,3,1,18,69,175
GOOGL,Alphabet (Class A),170.68,-29,20,0,174,165,5,-2,-12,19,10,175
GOOG,Alphabet (Class C),171.5,-29,20,0,174,165,5,-2,-12,19,10,175
WSO,Watsco,423.63,-7,-26,-6,194,155,-4,-24,-21,69,20,175
LAMR,Lamar Advertising,119.28,-6,21,0,62,77,33,44,1,19,97,174
PG,Procter & Gamble,159.02,-1,-8,-1,177,167,-4,-6,-7,24,7,174
ETR,Entergy,81.33,-2,0,66,20,84,-1,-3,82,12,90,174
RRC,Range Resources,41.05,0,31,27,40,98,-12,32,3,53,76,174
HLT,Hilton Worldwide,253.74,17,31,9,62,119,38,-8,1,24,55,174
THC,Tenet Healthcare,168.97,44,40,7,55,146,9,-5,1,22,27,173
PRI,Primerica,263.93,18,3,0,106,127,29,-12,1,28,46,173
CINF,Cincinnati Financial,143.73,-7,37,78,60,168,-5,-6,3,13,5,173
NSC,Norfolk Southern,255.32,35,30,4,2,71,41,44,3,12,100,171
RLI,RLI Corp.,71.27,-6,-15,-3,174,150,-5,-8,-22,56,21,171
CRWD,CrowdStrike,494.05,10,44,38,0,92,12,46,3,18,79,171
OGE,OGE Energy,43.77,-1,-1,61,43,102,-2,-3,61,12,68,170
AIZ,Assurant,194.58,-13,-1,0,150,136,-5,35,-13,17,34,170
RMD,Resmed,257.91,28,37,10,11,86,28,43,2,11,84,170
TXN,Texas Instruments,205.44,22,31,2,20,75,41,35,3,14,93,168
APG,APi Group,50.21,49,38,11,0,98,-3,44,3,24,68,166
HLI,Houlihan Lokey,181.2,21,33,10,42,106,31,2,3,24,60,166
GWRE,Guidewire Software,236.06,-28,44,103,19,138,-38,44,3,18,27,165
MET,Metlife,79.12,17,30,2,56,105,41,2,1,16,60,165
GE,GE Aerospace,249.89,17,42,12,25,96,21,-2,23,27,69,165
BWXT,BWX Technologies,140.9,0,29,6,33,68,19,46,3,29,97,165
PFGC,Performance Food Group,85.49,-7,34,46,41,114,-5,-2,3,55,51,165
TW,Tradeweb,144.1,30,9,102,0,141,13,-13,3,21,24,165
KEX,Kirby Corporation,112.31,-1,31,0,33,63,14,44,3,40,101,164
OZK,Bank OZK,46.54,18,31,10,54,113,26,7,1,17,51,164
ODFL,Old Dominion Freight Line,160.3,0,-5,-19,185,161,12,-15,-24,30,3,164
KKR,KKR & Co. Inc.,128.83,14,20,0,101,135,9,13,-13,19,28,163
PNR,Pentair,101.1,17,31,2,60,110,27,2,1,22,52,162
PPL,PPL Corporation,33.51,-6,-8,69,21,76,-4,-3,81,12,86,162
CMG,Chipotle Mexican Grill,55.14,28,15,-17,78,104,41,8,-19,27,57,161
UGI,UGI Corporation,35.72,-6,45,35,2,76,-4,44,42,3,85,161
RF,Regions Financial Corporation,22.91,29,30,0,20,79,31,37,1,12,81,160
STWD,Starwood Property Trust,20.25,16,31,11,56,114,9,15,3,19,46,160
CNM,Core & Main,58.91,17,33,12,0,62,28,44,3,22,97,159
GLPI,Gaming and Leisure Properties,46.39,0,-1,0,63,62,31,11,-1,55,96,158
SKX,Skechers,62.83,21,29,-17,53,86,25,36,-13,24,72,158
HBAN,Huntington Bancshares,16.27,16,31,2,19,68,31,42,3,14,90,158
EXE,Expand Energy,119.03,0,51,34,0,85,-6,36,34,8,72,157
FOXA,Fox Corporation (Class A),55.99,34,30,61,0,125,31,-5,-6,12,32,157
SOFI,SoFi,16.07,35,23,39,0,97,36,14,1,9,60,157
AIG,American International Group,83.92,-4,28,21,51,96,-5,31,16,19,61,157
RGLD,Royal Gold,176.68,-4,9,54,16,75,-11,18,61,14,82,157
MTB,M&T Bank,191.23,28,31,0,20,79,28,37,1,12,78,157
MMM,3M,147.76,17,31,67,12,127,21,-8,3,12,28,155
BLK,BlackRock,1019.5,15,30,10,20,75,14,44,3,19,80,155
ZS,Zscaler,312.06,21,44,10,3,78,12,46,3,16,77,155
META,Meta Platforms,708.65,17,31,10,27,85,12,36,1,21,70,155
SNV,Synovus,50.24,24,31,0,19,74,31,37,1,12,81,155
LOW,Lowe's,220.7,12,-8,-13,164,155,19,-16,-20,17,0,155
DKNG,DraftKings,42.73,91,7,2,0,100,41,7,-11,18,55,155
ADSK,Autodesk,302.42,27,34,47,12,120,12,2,3,17,34,154
FNB,FNB Corporation,14.27,17,31,-6,53,95,28,11,2,17,58,153
STAG,STAG Industrial,35.57,-6,31,-1,94,118,-4,37,3,-2,34,152
GEV,GE Vernova,502.45,49,43,0,0,92,9,46,4,0,59,151
NTRA,Natera,164.1,-2,22,85,16,121,-11,20,3,17,29,150
CAR,Avis Budget Group,175.74,49,47,2,-18,80,42,57,6,-35,70,150
PPC,Pilgrim's Pride,44.9,-6,-15,79,19,77,-3,-36,96,16,73,150
VRT,Vertiv,121.68,49,30,2,6,87,9,44,-14,24,63,150
CPNG,Coupang,28.84,14,37,10,0,61,26,44,3,15,88,149
GRMN,Garmin,203.55,0,4,105,17,126,15,-1,-10,19,23,149
FOX,Fox Corporation (Class B),51.39,34,30,60,0,124,31,-6,-7,7,25,149
THG,Hanover Insurance,165.67,-7,29,54,22,98,-5,-3,46,12,50,148
CNA,CNA Financial,45.4,0,-15,87,55,127,21,-16,-2,18,21,148
SSNC,SS&C Technologies,80.48,0,7,83,12,102,9,32,-8,13,46,148
EQT,EQT Corporation,58.23,0,37,34,40,111,-8,2,34,8,36,147
H,Hyatt Hotels,137.1,14,14,-16,53,65,12,37,-20,53,82,147
ANET,Arista Networks,96.35,10,16,0,56,82,12,12,-14,54,64,146
KEY,Keycorp,16.79,28,31,0,2,61,35,37,1,11,84,145
LH,Labcorp,258.69,-1,37,48,13,97,-6,37,1,16,48,145
LECO,Lincoln Electric,206.9,17,30,0,63,110,15,37,-13,-5,34,144
BX,Blackstone Inc.,143.59,14,2,-6,140,150,9,-17,-17,19,-6,144
GLW,Corning Inc.,51.42,21,30,12,15,78,15,37,1,12,65,143
WING,Wingstop,356.18,0,37,4,36,77,-1,37,1,29,66,143
AVT,Avnet,52.08,18,31,0,43,92,14,8,3,25,50,142
CHE,Chemed Corporation,552.71,2,-24,-4,183,157,5,-12,-2,-6,-15,142
CNP,Centerpoint Energy,36.38,13,0,42,43,98,19,-25,36,13,43,141
KNSL,Kinsale Capital Group,466.46,-1,16,9,31,55,-2,25,-20,83,86,141
R,Ryder,155.96,18,16,4,54,92,9,2,-16,54,49,141
VEEV,Veeva Systems,279.62,-7,34,38,6,71,13,37,3,16,69,140
CI,Cigna,316.0,6,-16,2,56,48,26,-2,13,55,92,140
CTVA,Corteva,73.25,0,44,46,0,90,-7,44,3,9,49,139
GTES,Gates Corporation,22.6,18,31,10,13,72,9,39,3,16,67,139
WBS,Webster Bank,53.09,15,31,0,12,58,26,39,1,15,81,139
FHN,First Horizon Corporation,20.35,18,31,45,2,96,31,2,1,8,42,138
NOW,ServiceNow,1005.66,3,32,1,80,116,9,-8,1,20,22,138
CPRT,Copart,48.14,-6,-22,-6,174,140,6,-18,-16,26,-2,138
KIM,Kimco Realty,20.82,-1,30,0,53,82,-1,44,1,12,56,138
DOV,Dover Corporation,180.07,13,20,0,104,137,9,-13,-12,17,1,138
AEE,Ameren,95.1,0,-1,49,11,59,23,-6,54,8,79,138
APO,Apollo Global Management,137.73,14,13,-3,95,119,9,1,-16,24,18,137
ECL,Ecolab,266.5,3,29,9,20,61,17,39,3,17,76,137
MSM,MSC Industrial Direct,81.91,-2,31,0,56,85,9,46,3,-7,51,136
HAS,Hasbro,71.68,22,31,7,1,61,21,42,3,9,75,136
SSD,Simpson Manufacturing Company,156.99,0,0,-19,154,135,18,-19,-22,24,1,136
ISRG,Intuitive Surgical,521.63,7,0,87,20,114,9,-12,1,24,22,136
VRTX,Vertex Pharmaceuticals,445.71,-1,-35,-2,102,64,11,10,16,35,72,136
MSTR,MicroStrategy,388.58,7,2,92,17,118,12,-16,3,18,17,135
MCHP,Microchip Technology,71.63,28,31,0,1,60,40,37,3,-5,75,135
PSTG,Pure Storage,54.92,15,30,0,40,85,14,-6,-14,55,49,134
SLGN,Silgan Holdings,54.55,6,37,12,78,133,-2,-12,3,11,0,133
IONS,Ionis Pharmaceuticals,40.0,35,34,0,-9,60,37,40,3,-8,72,132
AMGN,Amgen,280.43,-35,0,-1,163,127,-42,19,-7,34,4,131
ADT,ADT Inc.,8.35,16,51,24,0,91,21,-6,18,6,39,130
CWEN-A,Clearway Energy (Class A),29.92,0,29,51,4,84,-17,40,15,8,46,130
CIEN,Ciena,79.44,20,31,2,10,63,58,-6,1,14,67,130
EA,Electronic Arts,157.86,60,7,1,5,73,21,6,9,19,55,128
QGEN,Qiagen,47.48,2,28,5,1,36,9,69,3,11,92,128
CWEN,Clearway Energy (Class C),31.64,0,29,51,2,82,-18,40,15,8,45,127
DDS,Dillard's,409.88,2,13,7,52,74,13,-3,-10,53,53,127
ALLE,Allegion,142.82,22,43,2,19,86,31,-13,3,20,41,127
CCL,Carnival Corporation & plc,25.47,18,30,10,0,58,12,38,1,17,68,126
SNOW,Snowflake Inc.,221.49,31,34,8,0,73,12,44,3,-8,51,124
DCI,Donaldson Company,69.04,0,31,-3,63,91,9,-7,3,28,33,124
NTAP,Netapp,105.17,18,16,-18,55,71,12,44,-23,20,53,124
PNC,PNC Financial Services,182.53,28,21,0,12,61,31,36,-17,12,62,123
MAR,Marriott International,266.07,17,31,2,56,106,12,-8,-12,25,17,123
TXT,Textron,79.29,14,31,-28,51,68,14,41,3,-3,55,123
CFG,Citizens Financial Group,43.13,31,19,1,2,53,35,36,-13,12,70,123
JEF,Jefferies Financial Group,55.95,17,7,-13,56,67,9,7,-16,55,55,122
XEL,Xcel Energy,67.34,16,-15,44,10,55,23,-15,52,7,67,122
ARW,Arrow Electronics,127.01,24,38,1,2,65,15,44,3,-6,56,121
AYI,Acuity Brands,287.34,35,7,0,25,67,14,36,-14,18,54,121
TOST,"Toast, Inc.",41.5,-6,32,70,0,96,12,-6,3,15,24,120
IDXX,Idexx Laboratories,530.37,12,38,7,2,59,20,44,3,-6,61,120
FTI,TechnipFMC,34.07,0,31,10,25,66,-19,35,3,35,54,120
DOX,Amdocs,90.66,-30,40,10,56,76,-1,38,3,3,43,119
ALGM,Allegro MicroSystems,32.94,49,30,4,0,83,18,31,1,-14,36,119
FCNCA,First Citizens BancShares,1914.58,27,13,0,57,97,33,-16,-14,19,22,119
FITB,Fifth Third Bancorp,40.67,28,7,0,20,55,33,36,-20,14,63,118
DLR,Digital Realty,172.23,-2,37,0,20,55,-1,44,3,17,63,118
CRUS,Cirrus Logic,107.57,35,31,-16,17,67,41,7,3,-1,50,117
AMT,American Tower,220.27,28,9,9,4,50,31,14,13,9,67,117
POST,Post Holdings,107.48,-13,-2,0,85,70,-18,11,-1,55,47,117
RKT,Rocket Companies,14.32,35,5,0,0,40,28,27,2,18,75,115
AGO,Assured Guaranty,85.73,36,0,0,54,90,-1,3,3,20,25,115
LAD,Lithia Motors,331.63,28,12,0,12,52,21,37,-15,19,62,114
TDY,Teledyne Technologies,497.19,1,30,45,12,88,13,-3,3,13,26,114
CXT,Crane NXT,54.68,-20,21,-18,53,36,4,34,-14,54,78,114
WEC,WEC Energy Group,102.92,-7,-1,48,11,51,-5,-3,61,9,62,113
XPO,"XPO, Inc.",124.13,18,13,0,59,90,9,5,-16,25,23,113
CR,Crane Co.,185.18,5,38,9,0,52,15,40,3,3,61,113
HPE,Hewlett Packard Enterprise,18.52,14,27,-17,40,64,9,1,-14,52,48,112
LHX,L3Harris,248.04,0,53,5,3,61,-12,46,5,12,51,112
LDOS,Leidos,154.0,22,43,0,21,86,19,-16,6,17,26,112
AFL,Aflac,102.48,35,-2,0,56,89,-2,-27,-1,53,23,112
NVT,Nvent Electric,72.02,18,31,1,10,60,9,44,1,-3,51,111
MANH,Manhattan Associates,191.46,17,25,-22,63,83,15,7,-20,25,27,110
PRU,Prudential Financial,105.54,17,21,-6,53,85,15,13,-20,17,25,110
PR,Permian Resources,13.71,-14,30,-1,24,39,-12,33,3,47,71,110
NYT,New York Times Company,55.29,13,42,8,14,77,17,-6,3,19,33,110
AZEK,Azek,52.79,0,49,14,0,63,12,11,6,18,47,110
AMG,Affiliated Managers Group,189.67,14,37,4,20,75,9,8,3,15,35,110
LLYVA,Liberty Live (Series A),77.25,40,44,21,0,105,-4,5,3,0,4,109
FCX,Freeport-McMoRan,41.63,4,31,-30,56,61,12,37,3,-4,48,109
PODD,Insulet,306.24,13,32,38,2,85,20,-7,7,4,24,109
LLYVK,Liberty Live (Series C),78.51,44,37,22,0,103,-5,7,3,0,5,108
TOL,Toll Brothers,111.31,18,15,-16,59,76,21,8,-22,24,31,107
AEP,American Electric Power,101.43,-3,-1,66,21,83,-2,-2,16,12,24,107
REG,Regency Centers,70.06,-4,0,61,51,108,-5,-16,3,17,-1,107
ATR,AptarGroup,153.96,18,37,0,18,73,19,-11,3,23,34,107
CEG,Constellation Energy,315.11,34,31,9,0,74,19,-7,3,17,32,106
BEPC,Brookfield Renewable Partners,32.4,2,32,3,0,37,15,43,3,8,69,106
TXRH,Texas Roadhouse,183.94,-7,32,0,62,87,-7,-6,3,29,19,106
CG,Carlyle Group (The),49.13,16,22,1,19,58,9,33,-13,16,45,103
MLM,Martin Marietta Materials,534.7,-7,40,-3,58,88,-2,-11,3,25,15,103
PNW,Pinnacle West Capital,88.71,-1,-8,61,16,68,22,-27,15,24,34,102
UBER,Uber,90.88,14,43,11,0,68,14,-13,9,24,34,102
ESI,Element Solutions,22.64,18,3,-13,55,63,40,3,-22,18,39,102
CUBE,CubeSmart,42.13,-7,37,-16,20,34,10,42,3,12,67,101
TNL,Travel + Leisure Co.,50.4,16,21,2,14,53,9,37,-10,12,48,101
TRGP,Targa Resources,170.57,0,0,0,49,49,5,8,-13,52,52,101
APPF,AppFolio,230.72,18,16,0,26,60,19,8,-13,26,40,100
AL,Air Lease Corporation,56.81,0,37,10,20,67,9,-3,3,24,33,100
PEGA,Pegasystems,50.56,14,43,12,3,72,12,1,1,13,27,99
MASI,Masimo,169.3,17,4,39,-4,56,26,17,-8,8,43,99
PNFP,Pinnacle Financial Partners,106.79,18,31,0,13,62,31,-12,1,16,36,98
DDOG,Datadog,130.26,47,21,-16,0,52,14,38,-19,13,46,98
NNN,NNN Reit,42.79,25,29,1,20,75,-6,13,3,12,22,97
ABBV,AbbVie,185.42,-41,0,10,56,25,7,10,-7,62,72,97
RPRX,Royalty Pharma,35.92,23,34,25,0,82,19,13,19,-36,15,97
MPC,Marathon Petroleum,165.75,0,33,0,47,80,-17,37,3,-6,17,97
FOUR,Shift4,96.45,18,11,1,0,30,14,40,-10,22,66,96
GL,Globe Life,121.42,18,0,38,12,68,31,-7,-2,6,28,96
NEM,Newmont,58.08,0,55,12,3,70,-11,17,12,8,26,96
PHM,PulteGroup,103.51,17,4,-16,63,68,20,8,-27,27,28,96
ANSS,Ansys,341.69,0,31,10,9,50,12,10,3,21,46,96
ADC,Agree Realty,73.28,-7,-1,56,14,62,-7,13,16,11,33,95
DHI,D. R. Horton,127.3,20,4,-21,63,66,21,8,-28,28,29,95
ZION,Zions Bancorporation,50.11,18,13,0,2,33,29,36,-16,13,62,95
XYL,Xylem Inc.,127.49,12,31,1,20,64,9,-1,3,20,31,95
BRX,Brixmor Property Group,25.47,-4,13,0,53,62,-5,10,3,24,32,94
FHB,"First Hawaiian, Inc.",24.27,16,3,0,12,31,23,41,-13,12,63,94
ROK,Rockwell Automation,322.47,0,34,8,13,55,9,36,3,-9,39,94
MRP,Millrose Properties,27.92,37,20,0,0,57,40,-4,0,0,36,93
FIS,Fidelity National Information Services,80.76,15,46,0,-35,26,12,44,2,9,67,93
COHR,Coherent Corp.,85.65,7,30,0,13,50,9,37,-17,13,42,92
NBIX,Neurocrine Biosciences,127.72,35,22,-21,23,59,7,41,-13,-2,33,92
RITM,Rithm Capital,11.26,0,31,10,30,71,9,-15,3,24,21,92
VNT,Vontier,36.8,16,31,0,0,47,9,38,1,-3,45,92
AFRM,Affirm Holdings,66.24,18,13,5,0,36,35,14,-10,15,54,90
ACGL,Arch Capital Group,89.24,-6,-1,-1,60,52,-7,-7,3,49,38,90
SMCI,Supermicro,46.6,7,7,0,56,70,6,30,-9,-7,20,90
VOYA,Voya Financial,68.48,17,31,-16,2,34,20,5,1,29,55,89
DOCS,Doximity,60.18,17,1,47,0,65,12,12,-10,10,24,89
VLO,Valero Energy,135.72,0,31,0,42,73,-17,33,2,-3,15,88
LFUS,Littelfuse,225.52,18,31,-18,0,31,26,36,1,-6,57,88
WTM,White Mountains Insurance Group,1751.54,-6,-1,0,57,50,11,-14,-13,54,38,88
WYNN,Wynn Resorts,91.91,49,33,1,1,84,21,-14,3,-6,4,88
IDA,Idacorp,113.75,3,0,49,16,68,-4,-3,19,8,20,88
AS,Amer Sports,37.32,0,31,0,0,31,17,36,3,0,56,87
XOM,ExxonMobil,108.48,-12,10,0,42,40,-12,9,2,48,47,87
CARR,Carrier Global,72.43,15,38,1,0,54,19,-13,3,24,33,87
WPC,W. P. Carey,62.65,-1,28,22,0,49,-5,20,19,3,37,86
EXR,Extra Space Storage,145.48,-7,28,-6,0,15,13,44,3,11,71,86
LBRDA,Liberty Broadband (Series A),93.67,17,42,40,-34,65,26,-14,3,6,21,86
GEN,Gen Digital,29.08,-30,34,8,14,26,7,36,3,14,60,86
LII,Lennox International,565.07,22,0,0,36,58,33,-15,-16,25,27,85
DT,Dynatrace,54.68,-2,29,7,0,34,7,37,-11,18,51,85
PFG,Principal Financial Group,77.08,17,2,-6,53,66,28,-13,-13,16,18,84
EOG,EOG Resources,120.42,-3,10,-1,43,49,-11,11,-14,49,35,84
PARAA,Paramount Global (Class A),22.89,20,7,32,0,59,16,4,1,4,25,84
LBRDK,Liberty Broadband (Series C),94.67,16,42,40,-34,64,26,-15,3,6,20,84
SUI,Sun Communities,127.01,25,22,2,-22,27,32,12,3,9,56,83
CMI,Cummins,318.8,0,3,0,63,66,9,-6,-14,28,17,83
BROS,Dutch Bros. Coffee,68.56,-4,23,46,0,65,12,-5,1,9,17,82
GWW,W. W. Grainger,1024.1,-56,0,0,92,36,-6,-6,3,55,46,82
AFG,American Financial Group,122.69,-6,-1,-5,54,42,21,3,3,12,39,81
SARO,StandardAero,30.17,0,31,0,0,31,9,38,3,0,50,81
UNH,UnitedHealth Group,302.13,-27,-47,-11,-2,-87,4,5,-24,182,167,80
NCLH,Norwegian Cruise Line Holdings,19.02,14,2,-13,0,3,40,32,-13,18,77,80
TWLO,Twilio,119.87,16,23,40,-32,47,40,-5,-11,9,33,80
STLD,Steel Dynamics,128.49,-30,0,-2,53,21,7,-6,3,55,59,80
AR,Antero Resources,41.06,0,31,34,8,73,-13,8,3,8,6,79
VTR,"Ventas, Inc.",63.53,10,-20,65,20,75,2,-27,16,13,4,79
WHR,Whirlpool Corporation,94.12,112,8,-17,-24,79,17,30,-13,-34,0,79
FNF,Fidelity National Financial,55.23,18,-33,0,56,41,21,1,-4,19,37,78
CMA,Comerica,57.86,16,5,0,2,23,26,36,-17,10,55,78
SAIC,SAIC,107.65,7,-17,-30,65,25,8,-17,7,55,53,78
UI,Ubiquiti,396.19,5,3,45,8,61,15,-9,3,8,17,78
HR,Healthcare Realty Trust,15.61,88,1,0,-37,52,35,5,-22,7,25,77
VMC,Vulcan Materials,254.69,-7,0,-2,58,49,13,-13,3,25,28,77
CFR,Frost Bank,127.11,15,31,1,2,49,26,-7,1,8,28,77
MP,MP Materials,35.41,0,14,25,0,39,-14,11,38,2,37,76
GILD,Gilead Sciences,105.96,-42,25,44,33,60,-48,26,1,37,16,76
TFC,Truist Financial,41.44,28,5,0,2,35,31,13,-16,12,40,75
DG,Dollar General,112.79,2,72,0,-15,59,5,20,15,-24,16,75
ROIV,Roivant Sciences,11.39,0,41,0,0,41,-2,10,3,22,33,74
LNW,Light & Wonder,94.48,7,1,-14,55,49,9,1,-8,23,25,74
IT,Gartner,402.65,0,-8,-14,56,34,8,-11,-12,55,40,74
FE,FirstEnergy,39.93,0,-1,0,53,52,23,-16,3,12,22,74
AMTM,Amentum,23.17,7,43,0,0,50,12,8,3,0,23,73
JLL,Jones Lang LaSalle,244.5,21,5,0,12,38,26,10,-13,12,35,73
COKE,Coca-Cola Consolidated,107.69,0,-38,0,84,46,23,-38,-8,50,27,73
EXPD,Expeditors International,112.32,-7,0,-13,129,109,-5,-1,-30,-1,-37,72
ELAN,Elanco,13.76,0,34,0,-5,29,9,36,2,-4,43,72
DKS,Dick's Sporting Goods,185.71,7,-28,0,61,40,12,3,-14,31,32,72
VVV,Valvoline,36.98,42,16,-19,29,68,14,32,-41,-2,3,71
NOC,Northrop Grumman,487.18,-14,0,0,56,42,-9,18,10,10,29,71
AMZN,Amazon,212.06,-28,21,10,19,22,7,36,-12,18,49,71
OSK,Oshkosh Corporation,109.81,-7,30,4,2,29,9,35,1,-3,42,71
PSX,Phillips 66,119.63,-10,30,-1,39,58,-18,32,2,-3,13,71
HII,Huntington Ingalls Industries,235.13,5,70,0,4,79,-12,1,9,-7,-9,70
FIVE,Five Below,128.13,6,33,0,-14,25,12,42,4,-13,45,70
ALLY,Ally Financial,38.15,17,21,1,2,41,14,15,-14,14,29,70
INGR,Ingredion,134.06,-12,0,0,32,20,-5,-2,3,54,50,70
RGA,Reinsurance Group of America,195.44,-7,0,0,38,31,-4,-9,1,51,39,70
AGNC,AGNC Investment,9.23,-3,16,4,14,31,9,14,1,15,39,70
EFX,Equifax,258.01,0,43,-2,14,55,12,-16,3,16,15,70
NTNX,Nutanix,73.41,0,0,24,20,44,12,-12,3,22,25,69
HIW,Highwoods Properties,30.86,-12,37,4,4,33,-22,44,3,11,36,69
RYAN,Ryan Specialty,67.12,21,-1,2,0,22,33,-7,-2,23,47,69
TYL,Tyler Technologies,581.44,12,3,0,15,30,14,30,-21,16,39,69
USB,U.S. Bancorp,44.85,14,31,0,2,47,26,-1,-17,13,21,68
EQIX,Equinix,823.98,-2,0,-1,32,29,13,-1,3,24,39,68
TTEK,Tetra Tech,35.98,8,29,-22,3,18,14,44,-25,17,50,68
EXPE,Expedia Group,165.8,0,4,42,9,55,12,-1,-11,12,12,67
XP,XP Inc.,19.26,-35,45,5,0,15,6,43,9,-6,52,67
CTRA,Coterra,26.09,-3,9,4,42,52,-14,23,-5,11,15,67
ULTA,Ulta Beauty,458.95,-9,41,5,2,39,-14,44,5,-7,28,67
EGP,EastGroup Properties,167.89,-6,28,-1,6,27,-4,43,3,-3,39,66
LAZ,Lazard,46.88,21,14,0,18,53,21,2,-21,11,13,66
MEDP,Medpace,311.23,24,5,-20,30,39,26,15,-12,-2,27,66
GRAL,"Grail, Inc.",46.21,7,11,0,0,18,2,44,1,0,47,65
IR,Ingersoll Rand,83.32,14,30,-14,21,51,9,-1,-21,27,14,65
FAF,First American Financial Corporation,59.83,22,0,0,12,34,22,5,-12,16,31,65
DIS,Walt Disney Company (The),119.51,13,31,8,-39,13,12,35,3,1,51,64
QCOM,Qualcomm,155.94,0,16,-18,20,18,9,39,1,-3,46,64
SBAC,SBA Communications,232.5,32,4,9,-18,27,21,3,10,3,37,64
UTHR,United Therapeutics,285.97,-6,-11,-3,55,35,-1,-6,-22,57,28,63
DECK,Deckers Brands,101.05,-4,-10,-17,91,60,9,-22,-13,29,3,63
SYY,Sysco,75.07,2,18,0,1,21,20,31,-21,12,42,63
NVR,"NVR, Inc.",7182.49,0,0,-16,63,47,19,-6,-25,27,15,62
MDU,MDU Resources,16.13,-2,-1,0,38,35,15,-19,3,28,27,62
LPX,Louisiana-Pacific,87.52,0,-1,-3,61,57,9,-11,-17,24,5,62
SFD,Smithfield Foods,23.05,-7,26,0,0,19,-1,44,0,0,43,62
BLDR,Builders FirstSource,115.97,22,0,-21,63,64,21,3,-25,-1,-2,62
APD,Air Products,282.04,8,2,0,14,24,9,32,-12,8,37,61
CRH,CRH plc,88.67,-7,-1,0,62,54,9,-17,-10,25,7,61
VZ,Verizon,42.14,0,-7,23,8,24,16,-7,16,12,37,61
AMED,Amedisys,98.03,6,48,5,-38,21,3,11,18,8,40,61
SPG,Simon Property Group,157.42,-1,0,0,33,32,9,-1,1,19,28,60
GXO,GXO Logistics,47.87,28,31,-30,0,29,-2,37,2,-6,31,60
MSGS,Madison Square Garden Sports,205.74,29,5,-13,19,40,29,-16,-19,25,19,59
MORN,"Morningstar, Inc.",309.92,12,31,-13,26,56,9,-3,-19,16,3,59
ELF,e.l.f. Beauty,125.37,3,23,-43,29,12,12,37,1,-3,47,59
LNT,Alliant Energy,60.1,-7,-1,61,12,65,-5,-15,3,11,-6,59
LYFT,Lyft,15.57,14,32,1,0,47,14,-7,3,2,12,59
INFA,Informatica,24.26,22,22,-35,0,9,9,44,1,-5,49,58
SN,SharkNinja,93.32,35,7,0,0,42,40,-13,-11,0,16,58
ZBRA,Zebra Technologies,303.08,18,17,-14,-5,16,9,36,-14,11,42,58
KEYS,Keysight,164.08,14,31,9,0,54,12,-13,1,3,3,57
PKG,Packaging Corporation of America,186.85,-7,0,-6,59,46,9,-3,-19,24,11,57
CSGP,CoStar Group,81.28,2,13,0,12,27,13,8,16,-7,30,57
PINS,Pinterest,35.35,14,16,0,0,30,9,32,-12,-3,26,56
ST,Sensata Technologies,29.17,29,31,-35,-13,12,41,35,1,-33,44,56
EXP,Eagle Materials,200.88,17,-20,-8,55,44,26,-17,-22,25,12,56
ECG,Everus Construction Group,61.76,18,29,0,0,47,15,3,-10,0,8,55
O,Realty Income,57.09,-1,27,3,5,34,-6,13,3,11,21,55
APP,AppLovin,338.76,-75,21,98,0,44,9,-5,-10,16,10,54
CCI,Crown Castle,101.81,28,4,1,-26,7,28,3,13,3,47,54
MSCI,MSCI,569.86,14,29,0,12,55,10,-13,-16,18,-1,54
OHI,Omega Healthcare Investors,36.63,-1,0,0,38,37,-5,-4,-4,29,16,53
CMS,CMS Energy,68.58,-7,-23,69,21,60,-5,-29,15,12,-7,53
NU,Nubank,13.23,16,2,1,0,19,12,2,3,17,34,53
BAH,Booz Allen Hamilton,101.34,-1,-20,-23,99,55,3,-16,-25,36,-2,53
NLY,Annaly Capital Management,19.24,0,13,11,8,32,9,-3,1,14,21,53
LEN-B,Lennar (Class B),104.1,0,0,-21,60,39,15,-1,-28,28,14,53
AMH,American Homes 4 Rent,35.83,-7,0,-1,66,58,-7,-15,3,13,-6,52
DINO,HF Sinclair,40.94,0,33,0,0,33,-16,38,3,-6,19,52
CSX,CSX Corporation,32.5,1,30,-29,2,4,15,34,3,-4,48,52
W,Wayfair,50.15,49,31,0,-39,41,9,37,3,-38,11,52
CUZ,Cousins Properties,29.77,-4,21,4,9,30,-7,14,3,11,21,51
KMPR,Kemper Corporation,62.97,0,21,0,2,23,26,2,-13,12,27,50
WSM,"Williams-Sonoma, Inc.",158.47,0,-4,0,63,59,1,-19,-10,19,-9,50
JHG,Janus Henderson,37.47,15,16,0,17,48,9,-12,-12,16,1,49
BLD,TopBuild,319.5,28,5,-22,44,55,26,8,-39,-1,-6,49
D,Dominion Energy,55.22,18,29,7,-32,22,21,-6,3,8,26,48
ED,Consolidated Edison,98.03,-46,-15,21,45,5,-12,-3,15,43,43,48
ROKU,"Roku, Inc.",83.61,14,12,3,-17,12,9,36,-11,2,36,48
VLTO,Veralto,100.2,14,31,0,0,45,9,-8,2,0,3,48
LVS,Las Vegas Sands,42.9,18,31,-15,-4,30,12,37,-19,-12,18,48
OLED,Universal Display Corporation,156.07,0,31,-30,0,1,9,38,3,-3,47,48
CPAY,Corpay,326.8,0,0,0,19,19,9,-5,1,23,28,47
SOLV,Solventum,74.91,11,4,0,0,15,9,32,-9,0,32,47
TRU,TransUnion,88.49,16,20,0,1,37,12,-16,1,12,9,46
WAL,Western Alliance Bancorporation,75.49,16,4,0,2,22,26,1,-20,16,23,45
ZG,Zillow (Class A),67.01,-1,4,47,-39,11,14,13,-11,18,34,45
HRB,H&R Block,54.53,-14,-12,0,50,24,-12,-24,7,50,21,45
ESS,Essex Property Trust,282.02,-1,13,0,12,24,-5,11,3,12,21,45
FR,First Industrial Realty Trust,48.62,-3,-1,-6,12,2,26,4,1,12,43,45
MUSA,Murphy USA,406.41,0,-33,-6,66,27,-6,-33,-22,77,16,43
CF,CF Industries,91.43,-18,30,8,2,22,-30,42,3,6,21,43
PYPL,PayPal,73.1,14,21,-3,-37,-5,21,37,-17,7,48,43
TPG,TPG Inc.,52.0,15,14,-6,0,23,14,5,-17,17,19,42
TKR,Timken Company,73.06,14,16,-17,2,15,9,35,-14,-3,27,42
HES,Hess Corporation,138.1,-13,0,0,53,40,-12,16,-4,1,1,41
Z,Zillow (Class C),68.45,-1,4,4,0,7,14,13,-11,18,34,41
IVZ,Invesco,15.24,18,7,-13,0,12,28,3,-13,11,29,41
HST,Host Hotels & Resorts,15.51,-5,31,-25,2,3,-4,44,1,-4,37,40
OTIS,Otis Worldwide,96.66,14,0,0,0,14,12,-4,-7,24,25,39
GNRC,Generac,139.48,21,15,-13,-32,-9,28,33,-21,8,48,39
RNR,RenaissanceRe,240.84,-7,0,-1,33,25,-7,-7,1,26,13,38
TER,Teradyne,90.23,30,2,-22,-4,6,18,32,-16,-3,31,37
ILMN,"Illumina, Inc.",93.23,93,11,-21,-38,45,14,37,-21,-38,-8,37
DPZ,Domino's,452.93,-1,-1,0,8,6,12,-17,20,16,31,37
OC,Owens Corning,136.05,0,-1,-17,56,38,15,-22,-21,27,-1,37
GAP,Gap Inc.,21.45,0,-3,-5,16,8,22,-14,4,17,29,37
QRVO,Qorvo,82.7,16,31,-36,-29,-18,18,39,1,-3,55,37
MAS,Masco,63.2,0,-1,-13,63,49,12,-18,-25,19,-12,37
SEB,Seaboard Corporation,2887.0,35,5,0,-21,19,27,17,1,-27,18,37
OWL,Blue Owl Capital,19.02,13,10,-3,0,20,9,2,-14,19,16,36
UHS,Universal Health Services,175.68,6,-8,-4,20,14,9,-12,1,24,22,36
FLS,Flowserve,48.59,7,2,-4,25,30,9,-12,-14,23,6,36
DXCM,Dexcom,84.71,12,35,0,-12,35,9,-4,3,-7,1,36
HSIC,Schein (Henry),72.79,18,7,0,0,25,28,-7,-12,1,10,35
TFSL,Third Federal S&L,12.89,0,5,1,3,9,21,-16,3,17,25,34
AWK,American Water Works,140.09,-7,-1,19,0,11,-6,8,15,6,23,34
LSCC,Lattice Semiconductor,50.84,35,2,-13,-3,21,33,3,-10,-13,13,34
CVX,Chevron Corporation,143.37,-13,0,-1,46,32,-12,14,-5,4,1,33
SNA,Snap-on,307.34,-56,-8,-2,57,-9,9,-11,-12,55,41,32
MKSI,MKS Instruments,98.72,14,16,-20,-11,-1,14,36,-14,-3,33,32
AOS,A. O. Smith,65.06,13,0,-35,56,34,14,-17,3,-3,-3,31
MKC,McCormick & Company,73.67,0,-2,0,-2,-4,22,11,-7,8,34,30
FI,Fiserv,170.37,21,-57,-7,33,-10,21,2,-8,25,40,30
RRX,Regal Rexnord,143.76,14,31,-21,1,25,9,7,-22,11,5,30
BOKF,BOK Financial Corporation,95.12,15,0,-5,20,30,22,-16,-19,12,-1,29
WAT,Waters Corporation,350.11,11,1,1,12,25,17,-12,-13,12,4,29
CRM,Salesforce,267.86,14,0,-6,20,28,14,-18,-14,19,1,29
JNJ,Johnson & Johnson,152.32,0,0,1,0,1,12,19,-7,4,28,29
CACC,Credit Acceptance,509.02,15,7,0,1,23,9,8,-8,-3,6,29
DNB,Dun & Bradstreet,9.08,38,10,-19,0,29,41,14,-21,-35,-1,28
PSN,Parsons Corporation,68.49,0,16,-20,0,-4,7,15,-23,33,32,28
LEN,Lennar (Class A),109.75,2,0,-23,62,41,16,-1,-28,-1,-14,27
FSLR,First Solar,152.7,0,-4,-32,60,24,9,-6,3,-4,2,26
PARA,Paramount Global (Class B),12.22,33,32,0,-37,28,-3,38,5,-43,-3,25
EXC,Exelon,42.3,-7,-20,48,12,33,-5,-30,19,8,-8,25
GDDY,GoDaddy,177.41,0,0,0,20,20,12,-15,-12,20,5,25
DAL,Delta Air Lines,48.34,0,3,-6,17,14,9,-8,-14,24,11,25
BKR,Baker Hughes,37.59,-20,0,0,33,13,-30,30,-12,24,12,25
PLD,Prologis,104.84,-4,21,-16,0,1,19,5,3,-3,24,25
WMS,Advanced Drainage Systems,116.03,17,15,-33,1,0,16,7,3,-1,25,25
PSA,Public Storage,289.48,-7,0,-4,13,2,14,-7,3,11,21,23
OKE,Oneok,80.18,-40,-3,-6,52,3,-12,1,-18,49,20,23
BFAM,Bright Horizons,121.18,-7,0,0,6,-1,12,-10,8,13,23,22
SMG,Scotts Miracle-Gro Company,64.31,5,27,-15,-37,-20,26,30,-25,11,42,22
SPR,Spirit AeroSystems,36.77,-63,45,11,0,-7,-5,-2,23,12,28,21
BXP,"BXP, Inc.",66.67,-27,29,-1,-1,0,-38,44,3,11,20,20
NVST,Envista,19.35,15,16,-16,0,15,14,37,-16,-30,5,20
UAL,United Airlines Holdings,76.75,0,4,0,9,13,9,-3,-13,14,7,20
PPG,PPG Industries,113.27,17,31,-39,-6,3,28,-8,3,-6,17,20
PB,Prosperity Bancshares,69.2,5,0,-5,12,12,28,-16,-17,12,7,19
GM,General Motors,48.15,-7,13,0,9,15,9,5,-21,11,4,19
AVB,AvalonBay Communities,201.24,-8,-1,0,14,5,-12,11,2,13,14,19
CFLT,"Confluent, Inc.",23.89,0,0,-9,0,-9,12,25,-11,2,28,19
DBX,Dropbox,28.55,-3,0,12,7,16,13,-18,1,6,2,18
EIX,Edison International,50.45,14,-14,-25,-1,-26,33,-15,-22,48,44,18
INGM,Ingram Micro,20.31,14,16,0,0,30,12,-13,-11,0,-12,18
PEN,"Penumbra, Inc.",253.24,-22,-20,25,9,-8,9,-23,39,1,26,18
IP,International Paper,46.42,0,-1,0,14,13,9,-6,-13,14,4,17
RIVN,Rivian,13.76,0,33,0,0,33,12,-14,4,-19,-17,16
A,Agilent Technologies,118.66,0,5,-16,0,-11,9,34,-13,-3,27,16
CNH,CNH Industrial,12.6,-7,32,12,0,37,9,-12,3,-21,-21,16
CNXC,Concentrix,54.2,0,2,0,0,2,9,34,1,-31,13,15
INVH,Invitation Homes,32.96,-7,0,-1,5,-3,-7,-1,14,12,18,15
PATH,UiPath,12.47,0,21,-4,0,17,12,-9,3,-8,-2,15
PCOR,Procore,67.51,14,2,-4,0,12,12,-17,-10,17,2,14
CHTR,Charter Communications,399.01,16,4,11,-34,-3,26,-16,3,4,17,14
MIDD,Middleby,143.93,0,2,7,0,9,9,-6,-9,11,5,14
TSLA,"Tesla, Inc.",327.59,6,13,0,8,27,-7,3,-17,8,-13,14
CHH,Choice Hotels,125.64,0,0,-6,13,7,9,-6,-10,12,5,12
EW,Edwards Lifesciences,76.96,13,5,0,-12,6,22,-6,23,-33,6,12
CHDN,Churchill Downs Incorporated,99.65,3,0,-24,0,-21,12,18,-25,28,33,12
NXST,Nexstar Media Group,170.71,3,30,2,2,37,-3,-6,-25,8,-26,11
FTV,Fortive,70.08,-1,2,-14,31,18,9,-3,-10,-3,-7,11
VAC,Marriott Vacations Worldwide,71.78,36,6,-18,-15,9,41,2,-18,-23,2,11
KBR,"KBR, Inc.",48.06,-31,-4,-23,62,4,-43,-4,-1,55,7,11
ALAB,Astera Labs,89.67,-22,29,0,0,7,-19,38,-15,0,4,11
XYZ,"Block, Inc.",64.84,14,9,-17,-34,-28,17,28,-18,11,38,10
MTD,Mettler Toledo,1192.85,2,16,-16,0,2,9,36,-34,-3,8,10
CBSH,Commerce Bancshares,61.05,0,0,0,9,9,-1,-13,3,11,0,9
JKHY,Jack Henry & Associates,178.08,-7,28,9,2,32,-5,-7,-20,9,-23,9
AGCO,AGCO,100.6,-7,33,0,0,26,2,-12,4,-11,-17,9
CART,Maplebear Inc.,43.34,-2,0,16,0,14,9,-5,-10,0,-6,8
HAYW,Hayward Holdings,13.79,0,2,-6,0,-4,12,-16,1,14,11,7
MOS,Mosaic Company (The),35.47,0,51,9,-14,46,-20,1,8,-28,-39,7
GPK,Graphic Packaging,21.21,-7,-75,-12,56,-38,12,-12,-25,69,44,6
CVS,CVS Health,66.42,0,4,3,-15,-8,12,10,18,-26,14,6
ACI,Albertsons,21.27,-1,0,18,0,17,-3,-21,20,-7,-11,6
NDSN,Nordson,212.62,-39,30,-29,0,-38,9,36,3,-5,43,5
HXL,Hexcel,55.72,0,3,-22,0,-19,12,32,-14,-7,23,4
LNC,Lincoln Financial,32.93,-1,0,11,-4,6,9,-19,1,6,-3,3
SNDR,Schneider National,23.92,-7,11,-16,0,-12,-3,30,-20,8,15,3
BWA,BorgWarner,33.15,0,33,-30,0,3,12,-1,3,-14,0,3
ACN,Accenture,294.65,0,-4,-16,12,-8,12,-6,-12,17,11,3
THO,Thor Industries,86.52,0,15,-19,0,-4,-5,37,-22,-4,6,2
MAT,Mattel,19.16,2,30,7,0,39,9,-6,-11,-29,-37,2
VTRS,Viatris,8.89,0,5,-18,-5,-18,16,9,-22,17,20,2
UDR,"UDR, Inc.",40.12,-8,-2,0,0,-10,-12,10,3,11,12,2
TTD,Trade Desk (The),69.79,0,14,-20,2,-4,14,-7,-20,18,5,1
BBWI,"Bath & Body Works, Inc.",28.8,41,-18,-18,-13,-8,41,-19,-9,-4,9,1
IRDM,Iridium Communications,28.81,0,13,-14,-17,-18,17,35,-16,-17,19,1
TROW,T. Rowe Price,94.99,16,16,-16,-23,-7,26,-12,-18,11,7,0
SBUX,Starbucks,91.13,-13,0,3,1,-9,-19,30,-8,5,8,-1
GEHC,GE HealthCare,72.76,2,0,-13,0,-11,9,5,-11,6,9,-2
WTW,Willis Towers Watson,298.89,9,-43,0,22,-12,-3,-7,-8,27,9,-3
NUE,Nucor,128.23,44,8,-48,1,5,14,9,-25,-6,-8,-3
K,Kellanova,77.93,-119,-11,62,19,-49,-32,-8,74,11,45,-4
WEX,WEX Inc.,144.66,6,13,-36,-3,-20,18,31,-27,-6,16,-4
ALK,Alaska Air Group,48.66,0,-1,-3,0,-4,12,-10,-10,7,-1,-5
LOAR,Loar Holdings,83.81,0,0,0,0,0,9,-21,7,0,-5,-5
U,Unity Technologies,24.17,0,20,0,0,20,9,-4,3,-33,-25,-5
SWKS,Skyworks Solutions,74.27,14,29,-36,-28,-21,18,39,-39,-3,15,-6
WEN,Wendy's Company (The),11.88,28,-1,-30,-6,-9,38,3,-25,-13,3,-6
LUV,Southwest Airlines,31.34,-6,30,9,-37,-4,-4,-1,1,2,-2,-6
ADM,Archer Daniels Midland,52.29,0,32,-1,-9,22,-21,8,3,-18,-28,-6
ON,ON Semiconductor,53.75,5,16,-30,0,-9,14,37,-36,-13,2,-7
PENN,Penn Entertainment,17.4,37,2,-16,-32,-9,41,12,-11,-42,0,-9
MDT,Medtronic,85.99,-34,0,4,-4,-34,9,12,-7,11,25,-9
VNOM,Viper Energy,38.07,-30,-3,-2,42,7,-47,7,-21,45,-16,-9
RVTY,Revvity,97.73,17,0,-13,-22,-18,17,7,-18,1,7,-11
DOCU,DocuSign,75.03,0,-11,-4,-10,-25,9,-5,1,9,14,-11
F,Ford Motor Company,10.48,-1,45,-43,-15,-14,-4,7,3,-3,3,-11
OKTA,"Okta, Inc.",98.24,-6,-12,17,-22,-23,1,-16,22,4,11,-12
HOLX,Hologic,64.27,-1,19,-28,0,-10,5,26,-28,-5,-2,-12
HUBS,HubSpot,543.79,-7,-10,-3,9,-11,11,-18,-11,17,-1,-12
AXTA,Axalta,29.66,0,-18,-9,20,-7,14,-21,-22,24,-5,-12
BHF,Brighthouse Financial,52.87,-9,-1,11,9,10,-19,-13,3,6,-23,-13
CTSH,Cognizant,76.99,-40,3,9,12,-16,5,-7,-11,16,3,-13
INCY,Incyte,67.55,-30,17,0,-29,-42,9,39,-24,5,29,-13
FDX,FedEx,221.98,-4,3,-19,30,10,-5,4,-21,-2,-24,-14
WST,West Pharmaceutical Services,221.1,0,14,-20,-5,-11,9,14,-20,-6,-3,-14
AKAM,Akamai Technologies,79.57,16,3,-19,-5,-5,12,6,-19,-8,-9,-14
KDP,Keurig Dr Pepper,32.98,-3,-17,0,0,-20,-17,1,11,10,5,-15
COLB,Columbia Banking System,22.93,0,0,-3,-7,-10,22,-16,-19,8,-5,-15
DD,DuPont,67.99,0,2,-14,17,5,9,-1,-28,-1,-21,-16
DVA,DaVita,140.37,14,-50,0,18,-18,14,-16,-13,17,2,-16
NCNO,nCino,26.13,-35,16,-19,0,-38,-4,33,-21,13,21,-17
WBD,Warner Bros. Discovery,10.87,18,11,5,-40,-6,12,31,-13,-43,-13,-19
KMX,CarMax,67.51,16,0,-12,-34,-30,9,8,-16,9,10,-20
DHR,Danaher Corporation,201.03,2,13,-22,0,-7,9,12,-33,-2,-14,-21
NEE,NextEra Energy,70.35,-26,18,0,0,-8,-40,13,3,11,-13,-21
APTV,Aptiv,67.42,-7,31,0,-22,2,9,-1,3,-34,-23,-21
AMKR,Amkor Technology,21.01,14,16,-33,0,-3,14,12,-41,-3,-18,-21
AAP,Advance Auto Parts,46.68,-14,23,0,-26,-17,-6,30,3,-32,-5,-22
AVY,Avery Dennison,176.56,0,30,-28,2,4,19,-6,-36,-3,-26,-22
SW,Smurfit Westrock,42.49,-7,-1,0,0,-8,9,-9,-16,0,-16,-24
DLB,Dolby Laboratories,74.1,0,-6,-3,0,-9,9,-17,-13,6,-15,-24
PCTY,Paylocity,175.5,-7,-9,0,-1,-17,13,-11,-12,3,-7,-24
GTM,ZoomInfo,9.74,-2,4,-16,0,-14,9,35,-21,-35,-12,-26
ROST,Ross Stores,127.26,-73,-8,-6,33,-54,12,-16,4,27,27,-27
TEAM,Atlassian,198.36,0,-10,-3,-4,-17,12,-20,-11,9,-10,-27
GTLB,GitLab,42.59,0,-10,-14,0,-24,12,-18,-13,16,-3,-27
BC,Brunswick Corporation,54.79,-7,15,-31,-5,-28,-3,31,-22,-7,-1,-29
EG,Everest Group,336.35,6,-12,-29,53,18,-2,-12,-30,-3,-47,-29
WTRG,Essential Utilities,37.09,-7,-10,0,-1,-18,-3,-26,15,3,-11,-29
EQR,Equity Residential,65.65,-20,0,0,11,-9,-12,-22,3,11,-20,-29
SEE,Sealed Air,30.95,0,31,-17,-22,-8,9,-2,1,-30,-22,-30
FBIN,Fortune Brands Innovations,51.42,0,-1,-19,-3,-23,20,-20,-25,18,-7,-30
ALSN,Allison Transmission,92.88,-84,-1,0,33,-52,12,-8,-14,32,22,-30
ESAB,ESAB,118.65,-45,0,1,0,-44,9,-13,3,15,14,-30
CL,Colgate-Palmolive,87.81,-48,-8,-4,21,-39,-5,-3,-7,24,9,-30
VNO,Vornado Realty Trust,35.9,-21,0,0,2,-19,-25,-1,1,13,-12,-31
JBHT,J. B. Hunt,142.77,2,0,-24,0,-22,17,3,-21,-8,-9,-31
MTDR,Matador Resources,47.78,-12,11,-22,0,-23,-20,31,-15,-4,-8,-31
BA,Boeing,199.03,-63,44,1,0,-18,-4,-3,3,-9,-13,-31
CHRW,C.H. Robinson,92.77,-7,-1,0,0,-8,-3,-6,-20,6,-23,-31
KNX,Knight-Swift,44.04,0,3,-18,0,-15,17,-9,-14,-11,-17,-32
CCCS,CCC Intelligent Solutions,9.18,-2,5,-21,0,-18,2,8,-20,-4,-14,-32
PCG,PG&E Corporation,13.79,-2,-15,-23,0,-40,8,-17,-22,38,7,-33
FND,Floor & Decor,75.99,2,-6,-28,-4,-36,26,3,-22,-4,3,-33
DAY,Dayforce,55.01,-8,0,-13,-10,-31,12,-1,-17,3,-3,-34
GPC,Genuine Parts Company,119.16,-7,0,-6,0,-13,-4,-6,3,-15,-22,-35
AMCR,Amcor,9.06,-7,-1,-13,0,-21,9,-4,-28,9,-14,-35
BILL,Bill.com,44.79,18,0,-17,0,1,30,-19,-13,-35,-37,-36
OGN,Organon & Co.,9.99,2,0,-22,0,-20,9,12,-35,-2,-16,-36
ABNB,Airbnb,129.67,-42,16,-3,0,-29,9,-3,-11,-3,-8,-37
EEFT,Euronet Worldwide,101.09,-56,0,-2,-1,-59,9,-1,3,11,22,-37
KRC,Kilroy Realty,34.15,-15,21,-13,-38,-45,-7,24,-19,9,7,-38
SHC,Sotera Health,11.14,0,-8,-20,0,-28,6,-15,3,-4,-10,-38
EMN,Eastman Chemical Company,75.86,0,-8,-14,0,-22,9,-10,-28,13,-16,-38
FRT,Federal Realty Investment Trust,93.73,-7,0,-16,0,-23,-4,-1,-22,12,-15,-38
ESTC,Elastic NV,80.93,-6,-5,-6,-4,-21,12,-16,-11,-2,-17,-38
WBA,Walgreens Boots Alliance,11.31,-6,31,0,-75,-50,-3,46,1,-33,11,-39
SITE,SiteOne Landscape Supply,120.3,0,3,-19,-7,-23,12,-1,-22,-6,-17,-40
POOL,Pool Corporation,298.17,13,-10,-16,-4,-17,22,-16,-22,-7,-23,-40
ES,Eversource Energy,62.47,-48,34,8,-8,-14,-2,-1,3,-26,-26,-40
HPQ,HP Inc.,24.52,0,-8,-18,0,-26,9,-16,-22,14,-15,-41
ZM,Zoom Communications,76.59,-10,0,0,0,-10,-22,-14,3,2,-31,-41
WY,Weyerhaeuser,26.1,-4,0,-16,0,-20,-1,13,-28,-6,-22,-42
MDB,MongoDB Inc.,206.76,0,2,-19,-7,-24,12,-3,-20,-7,-18,-42
MTCH,Match Group,30.85,0,15,-19,-35,-39,36,23,-26,-36,-3,-42
S,SentinelOne,17.74,0,-8,-18,0,-26,12,-19,-21,12,-16,-42
DAR,Darling Ingredients,37.3,0,8,-1,-18,-11,-12,7,1,-28,-32,-43
HHH,Howard Hughes Holdings,65.91,-21,-4,-6,-4,-35,-3,4,-21,12,-8,-43
CDW,CDW,177.83,14,31,-35,2,12,15,-10,-56,-6,-57,-45
FMC,FMC Corporation,42.1,0,20,-33,-22,-35,19,24,-29,-24,-10,-45
BG,Bunge Global,82.26,0,9,-37,0,-28,-22,5,3,-3,-17,-45
GME,GameStop,23.53,0,-9,-3,-28,-40,7,-11,4,-5,-5,-45
TGT,Target Corporation,96.74,0,0,-24,-9,-33,12,11,-32,-4,-13,-46
CMCSA,Comcast,34.85,0,3,-28,-7,-32,9,8,-25,-6,-14,-46
AA,Alcoa,28.17,-7,0,-14,-18,-39,12,31,-20,-30,-7,-46
AVTR,Avantor,13.59,2,0,-22,0,-20,-7,17,-33,-3,-26,-46
WDAY,"Workday, Inc.",233.45,-52,-3,-3,12,-46,-5,-17,1,20,-1,-47
TSN,Tyson Foods,54.67,-1,-36,-4,-26,-67,20,-5,-4,9,20,-47
YETI,Yeti Holdings,30.31,0,0,-28,-4,-32,14,-2,-19,-8,-15,-47
TECH,Bio-Techne,51.9,2,0,-20,-22,-40,9,7,-20,-4,-8,-48
LEA,Lear Corporation,92.77,0,31,-61,-15,-45,9,-1,2,-13,-3,-48
PFE,Pfizer,24.28,0,12,-26,-21,-35,9,37,-34,-26,-14,-49
IQV,IQVIA,158.8,2,0,-33,-4,-35,12,12,-35,-4,-15,-50
MOH,Molina Healthcare,293.96,2,-23,-6,0,-27,2,-17,-2,-6,-23,-50
VKTX,Viking Therapeutics,27.08,0,2,-33,19,-12,8,-16,-26,-4,-38,-50
GFS,GlobalFoundries,38.57,14,9,-75,0,-52,18,7,-10,-15,0,-52
DUOL,Duolingo,397.41,-86,-1,46,0,-41,-28,-11,7,21,-11,-52
MAA,Mid-America Apartment Communities,145.93,-8,-17,0,0,-25,-12,-24,-1,9,-28,-53
HRL,Hormel Foods,29.84,-7,0,-3,-21,-31,-7,10,3,-28,-22,-53
BIO,Bio-Rad Laboratories,242.54,35,-24,-20,-26,-35,39,2,-25,-35,-19,-54
CZR,Caesars Entertainment,28.6,30,4,-19,-23,-8,35,-18,-28,-35,-46,-54
ENTG,Entegris,82.19,14,1,-37,-4,-26,9,7,-42,-3,-29,-55
PK,Park Hotels & Resorts,10.25,0,0,-19,-5,-24,12,-20,-21,-3,-32,-56
MKTX,MarketAxess,223.16,0,15,-21,-27,-33,9,7,3,-42,-23,-56
IPG,Interpublic Group of Companies (The),24.13,22,-1,-36,0,-15,28,-22,-33,-15,-42,-57
TPL,Texas Pacific Land Corporation,1036.75,-49,-18,-2,56,-13,-40,-18,3,11,-44,-57
CAVA,Cava Group,73.99,-3,-20,-7,0,-30,12,-19,-21,0,-28,-58
FANG,Diamondback Energy,138.04,-21,0,-22,45,2,-33,16,-41,-3,-61,-59
SJM,J.M. Smucker Company (The),95.79,0,-11,-5,-2,-18,-7,-11,-3,-21,-42,-60
LSTR,Landstar,138.12,0,-1,-28,0,-29,12,-3,-35,-5,-31,-60
RH,RH,186.97,-30,-5,-17,-5,-57,2,4,-16,7,-3,-60
SEG,Seaport Entertainment Group,17.86,-44,-2,0,0,-46,-7,13,-21,0,-15,-61
CERT,"Certara, Inc.",10.86,0,-9,-8,0,-17,9,-26,3,-30,-44,-61
AZTA,Azenta,30.49,4,0,-46,-29,-71,4,25,-12,-7,10,-61
RARE,Ultragenyx,37.41,0,11,-20,-36,-45,2,10,-28,-1,-17,-62
INTC,Intel,22.2,14,2,-62,-18,-64,14,7,-10,-10,1,-63
REXR,Rexford Industrial,35.83,-7,16,-39,-16,-46,15,31,-34,-30,-18,-64
OVV,Ovintiv,38.01,-17,13,-30,0,-34,-26,16,-17,-4,-31,-65
HSY,Hershey Company (The),167.54,-6,0,-38,-2,-46,-7,12,-7,-17,-19,-65
ADBE,Adobe Inc.,387.51,0,-1,-29,-4,-34,12,-8,-33,-3,-32,-66
CRL,Charles River Laboratories,150.21,2,16,-47,-24,-53,15,34,-56,-6,-13,-66
DV,DoubleVerify,14.65,0,4,-63,0,-59,12,-1,-11,-8,-8,-67
G,Genpact,41.73,-35,-36,1,0,-70,9,-7,-8,8,2,-68
ELS,Equity Lifestyle Properties,62.4,-6,-1,-14,0,-21,-6,-15,-25,-1,-47,-68
BBY,Best Buy,68.01,-42,0,-17,-4,-63,9,-1,-28,14,-6,-69
EL,Estée Lauder Companies (The),77.56,49,21,-113,-24,-67,-5,34,1,-33,-3,-70
UA,Under Armour (Class C),6.3,25,23,-21,-35,-8,-2,-2,-25,-35,-64,-72
MGM,MGM Resorts International,33.88,16,11,-49,0,-22,8,5,-56,-7,-50,-72
SWK,Stanley Black & Decker,66.25,0,0,-22,-37,-59,9,-8,-28,12,-15,-74
RGEN,Repligen,124.02,0,-11,-9,-15,-35,9,-1,-13,-35,-40,-75
MHK,Mohawk Industries,102.63,2,-25,-19,-9,-51,12,-22,-27,12,-25,-76
TTC,Toro Company (The),70.42,14,0,-28,-5,-19,15,-13,-41,-18,-57,-76
COO,Cooper Companies (The),69.56,0,-18,-20,-3,-41,12,-22,-25,-1,-36,-77
CE,Celanese,55.6,0,16,-36,-8,-28,12,-1,-54,-7,-50,-78
EPAM,EPAM Systems,173.1,3,2,-19,-25,-39,14,-8,-10,-35,-39,-78
KVUE,Kenvue,21.17,-41,-15,0,0,-56,-20,-16,12,1,-23,-79
ETSY,Etsy,53.07,-56,21,-1,-28,-64,-16,31,3,-35,-17,-81
PLTK,Playtika,4.83,2,0,-19,0,-17,12,-27,-20,-29,-64,-81
BURL,Burlington Stores,226.08,-63,-6,-3,0,-72,9,-15,-19,15,-10,-82
ASH,Ashland Global,49.95,0,-1,-34,-7,-42,16,-2,-46,-8,-40,-82
WH,Wyndham Hotels & Resorts,79.52,-62,-19,-4,9,-76,9,-19,-10,13,-7,-83
SIRI,Sirius XM,22.45,14,3,-76,-29,-88,26,35,-42,-15,4,-84
MRK,Merck & Co.,79.7,0,0,-40,-2,-42,-5,11,-44,-4,-42,-84
GPN,Global Payments,77.77,14,-9,-20,-37,-52,9,-17,-17,-8,-33,-85
UAA,Under Armour (Class A),6.69,17,21,-21,-42,-25,-2,-2,-21,-35,-60,-85
BRBR,BellRing Brands,58.73,-26,-35,-6,0,-67,-6,-27,-12,25,-20,-87
LBTYA,Liberty Global (Series A),9.77,-2,-1,-33,-29,-65,17,-1,-31,-8,-23,-88
ZTS,Zoetis,157.68,-56,0,-28,-1,-85,3,-5,2,-3,-3,-88
CROX,Crocs,98.64,-39,-5,-35,0,-79,8,-17,3,-3,-9,-88
PVH,PVH Corp.,63.49,-11,-14,-25,-1,-51,2,-14,-21,-5,-38,-89
BAX,Baxter International,30.62,0,0,-16,-36,-52,9,-1,-7,-39,-38,-90
LINE,"Lineage, Inc.",44.0,-1,-56,0,0,-57,30,-39,-24,0,-33,-90
UHAL,U-Haul,60.78,-55,-6,-8,20,-49,-19,-19,-21,18,-41,-90
GMED,Globus Medical,58.19,0,-86,-8,-1,-95,9,-2,-13,10,4,-91
DVN,Devon Energy,32.15,-18,13,-43,-3,-51,-32,10,2,-20,-40,-91
REGN,Regeneron Pharmaceuticals,520.46,0,-18,-34,-2,-54,14,-15,-35,-2,-38,-92
ARE,Alexandria Real Estate Equities,73.68,16,-1,-30,-28,-43,20,5,-41,-33,-49,-92
CPT,Camden Property Trust,113.05,-46,-1,0,0,-47,-56,-1,3,9,-45,-92
TREX,"Trex Company, Inc.",55.3,0,-8,-47,-11,-66,16,-20,-19,-4,-27,-93
BIRK,Birkenstock,49.51,-64,-1,-3,0,-68,-21,-8,3,0,-26,-94
LBTYK,Liberty Global (Series C),10.03,-2,-1,-33,-28,-64,21,12,-30,-34,-31,-95
INSP,Inspire Medical Systems,131.91,0,-28,-16,-4,-48,9,-20,-21,-15,-47,-95
KMB,Kimberly-Clark,128.15,-112,-8,0,16,-104,-4,-8,-4,24,8,-96
RYN,Rayonier,22.34,-7,-56,-13,-3,-79,16,-2,-25,-7,-18,-97
FCN,FTI Consulting,161.7,0,-17,-30,0,-47,8,-16,-40,-3,-51,-98
BRKR,Bruker,40.93,2,0,-53,-6,-57,15,7,-57,-7,-42,-99
RNG,RingCentral,27.01,2,12,-19,-39,-44,9,-2,-19,-43,-55,-99
WSC,WillScot Mobile Mini,27.43,12,2,-58,-4,-48,9,-16,-35,-10,-52,-100
BMY,Bristol Myers Squibb,46.7,-48,-56,-2,-3,-109,-4,17,-7,3,9,-100
CC,Chemours,11.4,2,0,-58,-11,-67,6,8,-20,-28,-34,-101
LKQ,LKQ Corporation,36.94,-63,-8,-3,0,-74,9,-14,-7,-15,-27,-101
IPGP,IPG Photonics,67.7,0,30,-79,-42,-91,15,37,-20,-42,-10,-101
MTN,Vail Resorts,154.93,-6,21,-26,-21,-32,-5,-11,-20,-34,-70,-102
MPW,Medical Properties Trust,4.45,0,-31,0,-34,-65,9,-29,15,-33,-38,-103
DOC,Healthpeak Properties,17.3,0,-57,-10,-29,-96,-1,11,-25,7,-8,-104
UWMC,United Wholesale Mortgage,4.13,0,-65,-22,0,-87,21,-1,-35,-2,-17,-104
PINC,"Premier, Inc.",21.86,-74,42,10,-26,-48,-26,-6,8,-32,-56,-104
IEX,IDEX Corporation,174.55,-53,0,-21,0,-74,9,-15,-21,-4,-31,-105
COLM,Columbia Sportswear,60.18,-7,-74,-14,-4,-99,9,-17,-9,11,-6,-105
BDX,Becton Dickinson,170.9,0,-84,-21,-3,-108,12,12,-12,-13,-1,-109
LCID,Lucid Motors,2.14,-8,-19,-25,0,-52,2,-16,-10,-33,-57,-109
IFF,International Flavors & Fragrances,74.25,-53,0,-16,-29,-98,9,-2,-28,9,-12,-110
CHRD,Chord Energy,97.68,-16,12,-43,0,-47,-28,15,-47,-4,-64,-111
ALGN,Align Technology,187.19,13,16,-60,-23,-54,28,5,-55,-36,-58,-112
LYB,LyondellBasell,57.49,-25,0,-37,-3,-65,2,7,-51,-5,-47,-112
GNTX,Gentex,21.61,0,-6,-35,-6,-47,12,-20,-52,-6,-66,-113
SAIA,Saia,270.07,18,-88,-19,2,-87,12,-14,-21,-3,-26,-113
ONTO,Onto Innovation,97.12,0,-92,-19,0,-111,7,7,-14,-2,-2,-113
JAZZ,Jazz Pharmaceuticals,107.12,-54,-10,-8,-4,-76,9,-2,-9,-37,-39,-115
CGNX,Cognex Corporation,30.81,1,13,-33,-29,-48,12,-1,-41,-38,-68,-116
FTRE,Fortrea,5.18,-30,-8,-29,0,-67,2,5,-58,0,-51,-118
OXY,Occidental Petroleum,42.44,-17,11,-48,0,-54,-12,13,-52,-14,-65,-119
PEP,PepsiCo,128.03,-7,-56,-35,-1,-99,9,11,-32,-11,-23,-122
MRNA,Moderna,26.87,0,0,-48,-2,-50,15,-2,-48,-37,-72,-122
LW,Lamb Weston,53.04,-42,0,-65,-6,-113,-5,23,-19,-12,-13,-126
WFRD,Weatherford International,47.77,-21,2,-37,0,-56,-37,11,-41,-3,-70,-126
OMC,Omnicom Group,70.69,0,-135,-20,0,-155,28,-22,-25,48,29,-126
VSTS,Vestis,6.05,0,-100,-14,0,-114,9,-2,-20,0,-13,-127
KHC,Kraft Heinz,25.74,-7,-44,-35,-2,-88,9,-34,-7,-8,-40,-128
QS,QuantumScape,5.65,7,5,-77,0,-65,7,5,-41,-34,-63,-128
SLB,Schlumberger,33.21,-18,-3,-63,-3,-87,-27,7,-14,-8,-42,-129
LULU,Lululemon Athletica,231.51,-91,-13,-4,-1,-109,9,-7,-13,-10,-21,-130
IAC,IAC Inc.,36.39,-5,0,-33,-29,-67,-4,2,-28,-36,-66,-133
STZ,Constellation Brands,161.51,-1,-14,-38,-1,-54,-1,-18,-54,-6,-79,-133
TXG,10x Genomics,11.66,5,12,-69,0,-52,14,13,-68,-40,-81,-133
FRPT,Freshpet,67.89,-85,-8,-17,-4,-114,-13,-12,-13,17,-21,-135
M,"Macy's, Inc.",11.03,-56,-5,-24,-13,-98,1,-17,-18,-4,-38,-136
OLN,Olin Corporation,19.84,0,-9,-53,-7,-69,9,-1,-55,-21,-68,-137
NOV,NOV Inc.,12.83,-13,0,-48,-10,-71,-27,12,-39,-13,-67,-138
AAL,American Airlines Group,11.06,0,0,-14,-74,-88,9,-9,-14,-37,-51,-139
SON,Sonoco,43.59,-53,-1,-37,-3,-94,9,-7,-35,-12,-45,-139
UHAL-B,U-Haul (Series N),54.17,-56,-8,-16,0,-80,-18,-18,-30,7,-59,-139
VFC,VF Corporation,11.45,-60,-8,-13,-41,-122,9,-19,-13,5,-18,-140
COP,ConocoPhillips,89.06,-15,0,-38,0,-53,-37,9,-54,-6,-88,-141
CIVI,Civitas Resources,28.43,-16,-1,-48,-4,-69,-30,11,-48,-7,-74,-143
GLOB,Globant,88.9,-56,-27,-19,-5,-107,9,-21,-19,-5,-36,-143
APLS,Apellis Pharmaceuticals,18.38,0,0,-63,-14,-77,9,-1,-61,-16,-69,-146
ANGI,Angi Inc.,15.26,-1,16,-33,-49,-67,-2,-6,-31,-42,-81,-148
EXAS,Exact Sciences,51.92,-63,0,-21,-23,-107,-21,-8,1,-14,-42,-149
HOG,Harley-Davidson,23.25,-48,-1,-36,-7,-92,-5,-13,-31,-9,-58,-150
AES,AES Corporation,10.51,-41,-6,-35,-9,-91,6,1,-46,-22,-61,-152
UPS,United Parcel Service,99.39,-7,0,-99,-14,-120,-5,31,-27,-32,-33,-153
BIIB,Biogen,127.36,-1,0,-77,-25,-103,6,-1,-40,-16,-51,-154
COLD,Americold,16.58,-4,-59,-34,-9,-106,-3,-1,-34,-13,-51,-157
GO,Grocery Outlet,12.97,-3,-7,-93,0,-103,-4,-28,3,-26,-55,-158
CLF,Cleveland-Cliffs,7.05,-27,-10,-56,-14,-107,1,9,-56,-6,-52,-159
ENOV,Enovis,32.13,0,-24,-58,-15,-97,9,-20,-18,-35,-64,-161
HAL,Halliburton,20.28,-20,-1,-56,-3,-80,-31,11,-55,-7,-82,-162
TDC,Teradata,21.58,-30,0,-72,-15,-117,7,-18,-20,-14,-45,-162
PRGO,Perrigo,26.64,0,2,0,-111,-109,9,-1,-8,-53,-53,-162
HUM,Humana,238.66,0,-38,-82,-10,-130,1,-2,-13,-18,-32,-162
ELV,Elevance Health,373.95,-49,-30,-37,0,-116,2,-45,-3,-1,-47,-163
SPB,Spectrum Brands,51.94,-1,-131,-21,-2,-155,9,-21,-20,22,-10,-165
PII,Polaris Inc.,39.3,-34,0,-93,-15,-142,-4,31,-36,-15,-24,-166
ALB,Albemarle Corporation,60.38,0,0,-121,-21,-142,9,7,-20,-23,-27,-169
NWL,Newell Brands,5.12,-34,-3,-20,-29,-86,-33,1,-20,-34,-86,-172
CNC,Centene,53.54,-28,-24,-37,-9,-98,-21,-22,-6,-26,-75,-173
DXC,DXC Technology,14.98,-34,-5,-18,-71,-128,9,-1,-25,-32,-49,-177
NKE,"Nike, Inc.",60.85,0,0,-70,-19,-89,16,-1,-71,-34,-90,-179
CPRI,Capri Holdings,17.0,-48,0,-65,-9,-122,9,-8,-29,-30,-58,-180
TRIP,Tripadvisor,12.49,-11,-1,-54,-50,-116,-4,-10,-11,-42,-67,-183
DOW,Dow Inc.,26.83,-34,-5,-36,0,-75,-51,-1,-51,-6,-109,-184
REYN,Reynolds Consumer Products,21.2,-1,-97,-21,0,-119,-4,-27,-33,-1,-65,-184
LEG,Leggett & Platt,9.16,-1,16,-125,-28,-138,9,7,-28,-36,-48,-186
CLVT,Clarivate,4.15,-44,2,-70,-4,-116,1,-1,-30,-40,-70,-186
TMO,Thermo Fisher Scientific,411.17,1,-82,-15,-3,-99,18,-92,-14,-1,-89,-188
FLO,Flowers Foods,15.92,-1,-56,-30,-6,-93,23,-48,-50,-21,-96,-189
NSA,National Storage Affiliates,32.16,-56,-24,-8,-2,-90,-59,-25,-29,10,-103,-193
QDEL,QuidelOrtho,28.12,-63,-7,-16,-36,-122,9,-20,-16,-45,-72,-194
WLK,Westlake Corporation,74.91,0,-88,-33,-2,-123,14,-37,-45,-4,-72,-195
COTY,Coty,4.64,-42,-5,-57,-5,-109,-38,15,-59,-7,-89,-198
GIS,General Mills,50.68,-53,-55,-34,-2,-144,-7,-1,-30,-17,-55,-199
BF-B,Brown–Forman (Class B),26.09,0,-18,-96,-16,-130,-2,-17,-28,-26,-73,-203
ZBH,Zimmer Biomet,92.77,6,-54,-58,-15,-121,14,-24,-57,-16,-83,-204
ACHC,Acadia Healthcare,20.94,-4,-83,-41,-9,-137,2,-20,-35,-14,-67,-204
XRAY,Dentsply Sirona,15.99,2,4,-74,-40,-108,9,-7,-61,-38,-97,-205
APA,APA Corporation,17.8,-21,13,-78,-10,-96,-27,17,-82,-17,-109,-205
BF-A,Brown–Forman (Class A),26.69,0,-18,-95,-16,-129,-4,-18,-35,-22,-79,-208
FIVN,Five9,26.62,-56,0,-72,-33,-161,2,-2,-10,-38,-48,-209
PAYC,Paycom,222.89,-78,-1,12,-22,-89,-84,-5,3,-35,-121,-210
KSS,Kohl's,8.12,-39,0,-55,-29,-123,-2,-1,-56,-30,-89,-212
MAN,ManpowerGroup,39.41,-48,-57,-39,-26,-170,8,-7,-39,-34,-72,-242
BMRN,BioMarin Pharmaceutical,54.12,-52,-56,-43,-18,-169,-21,-27,-8,-20,-76,-245
CPB,Campbell Soup Company,31.18,-73,-56,-25,-4,-158,14,-66,-32,-3,-87,-245
DJT,Trump Media & Technology Group,17.74,-147,-18,-49,0,-214,8,-20,-17,-7,-36,-250
TFX,Teleflex,119.21,0,-100,-35,-37,-172,9,-55,-31,-8,-85,-257
RHI,Robert Half,40.91,-70,-105,-22,-7,-204,5,-10,-20,-30,-55,-259
HUN,Huntsman Corporation,10.27,-54,-67,-38,-13,-172,-2,-23,-33,-31,-89,-261
CRI,Carter's,30.2,-39,-100,-55,-15,-209,9,-24,-32,-7,-54,-263
WU,Western Union,8.52,-66,-56,-16,-44,-182,-2,-25,-51,-3,-81,-263
NFE,New Fortress Energy,2.27,-54,-87,-64,-1,-206,2,-22,-15,-23,-58,-264
SRPT,Sarepta Therapeutics,17.42,-66,-113,-22,-5,-206,-23,-7,-43,-4,-77,-283
ENPH,Enphase Energy,38.13,0,-115,-39,-18,-172,5,-56,-46,-22,-119,-291
TAP,Molson Coors,47.26,-154,-42,-6,0,-202,-66,-16,-7,-1,-90,-292
CAG,Conagra Brands,20.45,-101,-49,-25,-5,-180,-26,-63,-7,-21,-117,-297
CLX,Clorox,119.49,-101,-119,-10,-3,-233,-5,-77,-20,11,-91,-324
SAM,Boston Beer Company,188.35,-166,-20,-28,-35,-249,-90,-30,-24,-42,-186,-435
WOLF,Wolfspeed,0.59,-68,-25,-127,-28,-248,-67,-24,-93,-35,-219,-467
