Symbol,Name,Close,1H Cloud Score,1D Cloud Score,1W Cloud Score,1M Cloud Score,Cloud Score Sum,1H TKx Score,1D TKx Score,1W TKx Score,1M TKx Score,TKx Score Sum,Total Score Sum
TJX,TJX Companies,135.08,42,28,135,195,400,40,32,104,190,366,766
V,Visa Inc.,367.91,133,15,124,130,402,133,19,-2,23,173,575
RSG,Republic Services,250.37,12,4,111,174,301,16,19,80,157,272,573
NRG,NRG Energy,161.25,140,19,90,91,340,89,21,100,18,228,568
MA,Mastercard,586.08,140,14,113,152,419,107,19,-2,23,147,566
COST,Costco,1034.78,20,15,104,177,316,12,21,-5,181,209,525
PGR,Progressive Corporation,288.27,16,12,92,174,294,13,12,9,186,220,514
MMC,Marsh McLennan,231.84,16,0,112,172,300,16,5,9,175,205,505
CLH,Clean Harbors,232.26,185,13,0,55,253,192,21,-16,54,251,504
ORLY,O'Reilly Auto Parts,1393.34,12,2,150,196,360,19,-3,41,86,143,503
FWONA,Liberty Formula 1 (Series A),89.1,151,8,56,59,274,164,17,-5,53,229,503
AJG,Arthur J. Gallagher & Co.,343.78,16,4,152,183,355,16,9,15,104,144,499
FICO,Fair Isaac,2204.67,133,20,132,163,448,16,21,-15,28,50,498
HWM,Howmet Aerospace,166.2,133,19,135,26,313,26,19,79,51,175,488
WM,"Waste Management, Inc.",231.95,8,3,82,184,277,16,19,14,156,205,482
AM,Antero Midstream,18.89,87,12,135,20,254,86,17,65,52,220,474
RL,Ralph Lauren Corporation,277.66,147,8,81,31,267,165,17,-6,23,199,466
SYK,Stryker Corporation,394.73,133,6,4,156,299,133,14,-7,26,166,465
CASY,Casey's,456.29,9,28,100,84,221,12,38,104,75,229,450
ADP,Automatic Data Processing,321.86,106,9,72,177,364,20,12,-2,54,84,448
JPM,JPMorgan Chase,264.94,140,8,110,155,413,-6,19,-4,23,32,445
HEI,HEICO (Common),281.08,116,13,12,186,327,33,11,3,54,101,428
CDNS,Cadence Design Systems,320.16,42,18,4,138,202,39,21,-12,177,225,427
AAON,AAON,106.41,127,6,0,242,375,11,21,-12,28,48,423
CTAS,Cintas,223.09,21,26,6,162,215,19,21,-16,184,208,423
ROL,"Rollins, Inc.",57.43,15,28,18,283,344,16,21,10,32,79,423
WRB,W. R. Berkley Corporation,73.83,16,61,81,173,331,17,12,11,52,92,423
NYT,New York Times Company,55.25,179,17,2,13,211,187,19,-14,18,210,421
CPRT,Copart,63.43,84,28,28,173,313,57,35,-10,25,107,420
RBA,RB Global,108.63,135,17,91,24,267,18,19,96,19,152,419
BK,BNY Mellon,90.33,133,8,81,37,259,133,12,-2,16,159,418
CSL,Carlisle Companies,406.02,185,18,0,175,378,12,19,-22,17,26,404
RCL,Royal Caribbean Group,253.88,140,6,108,25,279,89,19,-7,24,125,404
USFD,US Foods,77.25,135,9,130,32,306,60,19,-4,23,98,404
BSX,Boston Scientific,106.65,21,18,131,141,311,21,19,-2,54,92,403
IBM,IBM,268.41,97,11,96,51,255,33,19,43,53,148,403
MCD,McDonald's,321.24,16,4,39,239,298,21,21,9,54,105,403
CW,Curtiss-Wright,418.3,186,14,6,51,257,89,21,-10,46,146,403
ORI,Old Republic International,38.57,13,4,134,55,206,16,19,104,52,191,397
LYV,Live Nation Entertainment,148.3,82,7,81,144,314,50,21,-4,13,80,394
FYBR,Frontier Communications,36.71,184,23,76,0,283,-2,21,81,11,111,394
IBKR,Interactive Brokers,207.88,126,6,76,54,262,61,21,-5,54,131,393
AXON,Axon Enterprise,741.62,56,17,132,91,296,50,21,-4,27,94,390
JCI,Johnson Controls,97.86,133,14,62,16,225,133,19,-4,15,163,388
NDAQ,"Nasdaq, Inc.",81.95,136,12,63,141,352,10,19,-6,11,34,386
MOS,Mosaic Company (The),35.37,182,26,3,-13,198,192,19,2,-27,186,384
SCHW,Charles Schwab Corporation,89.21,135,19,64,8,226,133,19,-5,11,158,384
SEIC,SEI Investments Company,85.55,133,12,79,32,256,89,19,-7,23,124,380
BR,Broadridge Financial Solutions,242.66,24,5,101,142,272,21,19,45,22,107,379
UNM,Unum,82.16,14,6,172,37,229,12,19,66,51,148,377
INTU,Intuit,671.09,133,19,4,188,344,14,19,-18,17,32,376
TT,Trane Technologies,430.89,126,14,3,161,304,39,19,-14,26,70,374
COR,Cencora,292.63,8,83,31,68,190,26,52,42,64,184,374
MSI,Motorola Solutions,425.46,21,0,0,150,171,33,-4,-14,182,197,368
STE,Steris,252.61,60,9,1,192,262,54,19,9,22,104,366
HUBB,Hubbell Incorporated,390.95,48,4,0,179,231,55,22,-12,68,133,364
YUM,Yum! Brands,149.65,8,0,15,256,279,13,5,9,54,81,360
AME,Ametek,181.86,134,6,1,103,244,12,12,-8,98,114,358
WMB,Williams Companies,58.54,1,5,99,49,154,27,19,99,54,199,353
SO,Southern Company,89.5,4,1,63,187,255,16,-4,10,76,98,353
GGG,Graco Inc.,87.02,126,6,1,175,308,14,19,-15,26,44,352
SPGI,S&P Global,524.35,133,6,3,169,311,12,14,-5,18,39,350
MSFT,Microsoft,458.86,126,13,3,170,312,7,21,-13,22,37,349
WELL,Welltower,150.63,12,3,103,55,173,16,18,120,21,175,348
CME,CME Group,277.9,7,85,41,133,266,13,15,37,16,81,347
PFGC,Performance Food Group,87.6,140,9,40,40,229,54,19,-10,54,117,346
FDS,FactSet,470.35,103,7,2,191,303,19,12,-11,20,40,343
BPOP,"Popular, Inc.",105.29,148,13,4,56,221,89,19,-4,16,120,341
ORCL,Oracle Corporation,159.65,127,5,0,195,327,-12,12,-10,24,14,341
LPLA,LPL Financial,385.58,133,7,32,96,268,7,15,-4,54,72,340
PTC,PTC Inc.,172.45,133,5,-13,179,304,12,13,-14,23,34,338
MCO,Moody's Corporation,492.11,133,6,3,153,295,11,14,-5,22,42,337
RPM,RPM International,116.0,126,3,-6,177,300,12,12,-14,27,37,337
ITT,ITT Inc.,153.31,140,12,3,96,251,54,19,-11,23,85,336
GE,GE Aerospace,235.27,140,17,6,24,187,89,17,17,26,149,336
ICE,Intercontinental Exchange,176.75,14,12,99,158,283,13,13,9,18,53,336
CSCO,Cisco,63.92,121,6,35,11,173,133,12,-5,22,162,335
ATI,ATI Inc.,76.54,133,13,3,40,189,89,19,-11,49,146,335
PM,Philip Morris International,173.17,13,79,57,52,201,17,21,72,24,134,335
ACM,AECOM,108.93,136,12,3,62,213,47,19,-13,68,121,334
PWR,Quanta Services,344.63,133,13,4,96,246,2,21,-8,69,84,330
ADI,Analog Devices,224.65,133,6,1,176,316,-7,12,-15,23,13,329
FWONK,Liberty Formula 1 (Series C),96.65,153,9,57,54,273,-9,16,-5,53,55,328
TMUS,T-Mobile US,244.13,2,-7,81,136,212,17,-17,83,32,115,327
DTE,DTE Energy,138.57,16,3,61,186,266,18,18,14,10,60,326
HEI-A,HEICO (Class A),222.6,44,14,13,179,250,33,12,4,27,76,326
L,Loews Corporation,89.4,21,6,99,52,178,13,12,99,21,145,323
APH,Amphenol,86.37,136,19,6,62,223,61,21,-8,24,98,321
AZO,AutoZone,3876.9,20,3,81,83,187,31,8,41,54,134,321
SLM,Sallie Mae,33.82,136,13,77,19,245,10,15,31,18,74,319
WAB,Wabtec,207.11,136,8,6,46,196,56,19,-7,53,121,317
CHD,Church & Dwight,95.99,14,-30,-3,341,322,14,-40,-1,22,-5,317
ALL,Allstate,209.95,17,5,84,156,262,19,12,10,14,55,317
OKTA,"Okta, Inc.",126.44,126,15,11,0,152,133,13,16,3,165,317
CACI,CACI,477.74,16,28,0,151,195,16,51,1,54,122,317
RBC,RBC Bearings,377.4,92,10,80,55,237,5,19,1,54,79,316
MNST,Monster Beverage,62.9,25,56,13,177,271,18,19,6,1,44,315
BAH,Booz Allen Hamilton,129.26,175,3,-17,98,259,21,19,-19,35,56,315
ETN,Eaton Corporation,329.32,133,6,1,111,251,-12,19,-12,69,64,315
HD,Home Depot (The),379.19,97,3,0,177,277,13,19,-11,16,37,314
AWI,Armstrong World Industries,159.72,126,13,81,18,238,54,15,-9,16,76,314
PAYX,Paychex,158.2,25,12,71,164,272,18,12,-1,11,40,312
DDS,Dillard's,405.76,140,3,1,51,195,55,14,-4,52,117,312
GWRE,Guidewire Software,215.35,133,19,97,18,267,14,19,-5,17,45,312
CPNG,Coupang,27.15,140,12,4,0,156,136,19,-15,14,154,310
ITW,Illinois Tool Works,251.66,84,3,0,175,262,11,12,-1,26,48,310
AAPL,Apple Inc.,208.76,1,0,0,248,249,-14,19,-12,68,61,310
MCK,McKesson Corporation,726.4,16,79,29,55,179,23,19,25,64,131,310
WWD,"Woodward, Inc.",213.62,133,15,6,32,186,91,17,-7,23,124,310
EHC,Encompass Health,121.16,33,20,130,26,209,26,37,11,26,100,309
NFLX,Netflix,1191.35,22,24,103,17,166,28,21,74,17,140,306
HCA,HCA Healthcare,387.03,108,20,1,94,223,42,12,3,26,83,306
UNP,Union Pacific Corporation,229.49,43,0,-1,195,237,53,6,-7,16,68,305
HON,Honeywell,224.98,44,6,3,175,228,55,15,-13,19,76,304
NEU,NewMarket,650.45,173,28,6,26,233,18,20,9,24,71,304
PLTR,Palantir Technologies,126.32,44,19,103,0,166,-8,21,106,17,136,302
AXS,AXIS Capital,102.81,15,20,73,42,150,14,19,69,50,152,302
ATO,Atmos Energy,159.96,2,28,61,42,133,16,37,72,42,167,300
CINF,Cincinnati Financial,150.96,134,12,72,59,277,13,12,-14,12,23,300
SNPS,Synopsys,516.13,133,6,-14,177,302,-8,19,-15,-2,-6,296
VRSK,Verisk Analytics,314.28,16,15,55,111,197,16,12,46,25,99,296
RTX,RTX Corporation,137.2,44,5,64,51,164,39,11,71,11,132,296
PCAR,Paccar,97.06,56,0,-9,156,203,55,6,-1,31,91,294
ROP,Roper Technologies,580.29,16,5,16,179,216,12,11,31,23,77,293
AVGO,Broadcom,230.61,133,9,6,113,261,-9,21,-8,27,31,292
WMT,Walmart,98.13,6,20,114,98,238,12,21,-5,26,54,292
PSTG,Pure Storage,56.28,133,5,1,39,178,56,12,-8,54,114,292
NFG,National Fuel Gas,81.41,2,90,47,49,188,16,21,58,7,102,290
BRO,Brown & Brown,112.01,13,-15,103,160,261,16,-23,12,23,28,289
NVDA,Nvidia,135.49,126,5,1,131,263,-1,13,-10,23,25,288
AL,Air Lease Corporation,57.13,136,12,4,19,171,89,12,-7,23,117,288
MS,Morgan Stanley,130.83,139,6,63,61,269,-6,17,-6,13,18,287
SPOT,Spotify,665.08,16,20,99,9,144,23,21,82,17,143,287
DE,Deere & Company,529.98,56,8,36,106,206,21,19,32,7,79,285
SNA,Snap-on,331.98,84,0,36,56,176,56,5,-6,54,109,285
LRCX,Lam Research,83.8,130,6,0,149,285,-10,13,-4,-2,-3,282
LOPE,Grand Canyon Education,197.96,9,17,134,32,192,16,21,21,31,89,281
AIZ,Assurant,203.44,18,3,84,149,254,8,10,-7,16,27,281
EVR,Evercore,240.01,137,5,0,55,197,54,19,-13,23,83,280
ISRG,Intuitive Surgical,561.29,126,6,81,19,232,12,21,-8,23,48,280
DUK,Duke Energy,117.01,0,0,63,180,243,15,-1,9,13,36,279
RJF,Raymond James Financial,153.82,97,5,79,55,236,12,19,-7,16,40,276
WSO,Watsco,488.18,14,-1,1,193,207,12,4,-15,68,69,276
DRI,Darden Restaurants,208.71,42,25,31,58,156,37,19,35,27,118,274
DOV,Dover Corporation,186.39,136,4,0,103,243,9,12,-6,16,31,274
VMI,Valmont Industries,323.03,133,5,49,55,242,12,16,-4,7,31,273
RS,"Reliance, Inc.",304.61,46,16,1,112,175,9,21,-7,74,97,272
FOXA,Fox Corporation (Class A),55.81,73,5,55,0,133,68,6,54,11,139,272
HIG,Hartford (The),131.66,21,20,81,54,176,14,19,8,53,94,270
LBRDA,Liberty Broadband (Series A),98.01,119,17,34,-33,137,119,16,-8,5,132,269
TRV,Travelers Companies (The),274.54,16,20,78,55,169,17,19,11,53,100,269
BKNG,Booking Holdings,5377.62,24,18,123,32,197,35,19,-6,23,71,268
KLAC,KLA Corporation,787.52,57,6,1,174,238,-8,21,-7,23,29,267
JBL,Jabil,167.42,133,9,6,62,210,-9,19,-7,54,57,267
CBOE,Cboe Global Markets,224.45,0,2,131,52,185,13,12,9,48,82,267
CVNA,Carvana,305.18,140,18,79,8,245,-9,21,-4,13,21,266
VLTO,Veralto,102.19,133,6,0,0,139,133,13,-20,0,126,265
ALSN,Allison Transmission,106.17,133,5,4,32,174,56,12,-8,31,91,265
LIN,Linde plc,460.27,19,4,0,107,130,19,19,-6,103,135,265
CAH,Cardinal Health,153.84,21,28,42,35,126,30,19,35,54,138,264
AFL,Aflac,106.4,13,3,135,55,206,13,-2,-6,52,57,263
FIX,Comfort Systems USA,470.55,133,9,4,61,207,-9,21,-8,52,56,263
TDG,TransDigm Group,1440.05,8,19,6,154,187,7,19,-7,54,73,260
HBAN,Huntington Bancshares,16.11,154,6,4,18,182,56,17,-10,13,76,258
URI,United Rentals,723.97,126,6,0,61,193,9,18,-16,54,65,258
CAT,Caterpillar Inc.,352.57,133,5,0,61,199,3,12,-11,54,58,257
FAST,Fastenal,83.16,21,28,36,103,188,35,20,-6,20,69,257
PH,Parker Hannifin,679.28,136,7,4,62,209,8,19,-7,27,47,256
NTAP,Netapp,101.53,133,4,-12,54,179,56,19,-17,19,77,256
KD,Kyndryl,39.97,134,8,96,0,238,-9,13,-4,17,17,255
ROST,Ross Stores,154.27,84,15,1,32,132,84,27,-14,26,123,255
GDDY,GoDaddy,189.88,57,4,81,19,161,61,19,-6,19,93,254
PRI,Primerica,280.49,84,5,4,105,198,26,8,-7,27,54,252
SHW,Sherwin-Williams,361.85,21,15,1,187,224,13,15,-16,16,28,252
AXP,American Express,299.27,133,6,4,96,239,-16,19,-8,18,13,252
OZK,Bank OZK,46.57,154,6,4,53,217,7,17,-6,16,34,251
TW,Tradeweb,145.45,14,5,96,0,115,15,12,89,20,136,251
LLY,Lilly (Eli),754.94,0,-13,-2,169,154,11,-5,-2,93,97,251
PNR,Pentair,100.82,140,6,4,59,209,12,19,-11,21,41,250
OLLI,Ollie's Bargain Outlet,120.67,42,6,102,13,163,12,5,50,20,87,250
BLK,BlackRock,993.77,136,5,4,19,164,56,19,-7,18,86,250
KO,Coca-Cola Company (The),71.93,16,3,15,179,213,19,-4,10,11,36,249
NOW,ServiceNow,1025.91,133,7,4,79,223,-7,20,-7,19,25,248
DCI,Donaldson Company,70.91,139,6,0,62,207,12,17,-16,27,40,247
FOX,Fox Corporation (Class B),51.66,113,5,54,0,172,63,6,-1,6,74,246
ZM,Zoom Communications,83.26,134,7,36,0,177,56,18,-7,1,68,245
AMP,Ameriprise Financial,522.03,84,5,6,61,156,8,19,-7,68,88,244
CB,Chubb Limited,294.52,17,3,88,55,163,13,6,9,53,81,244
CNP,Centerpoint Energy,37.54,0,88,36,42,166,15,19,30,12,76,242
TWLO,Twilio,116.14,133,2,34,-31,138,89,12,-5,8,104,242
TKO,TKO Group Holdings,164.01,-6,16,58,37,105,11,19,59,47,136,241
JWN,Nordstrom,24.64,73,8,55,0,136,8,19,68,10,105,241
HLT,Hilton Worldwide,256.47,135,6,3,61,205,5,13,-5,23,36,241
APP,AppLovin,370.63,133,1,92,0,226,-9,12,-4,15,14,240
GWW,W. W. Grainger,1099.89,42,6,1,91,140,37,21,-13,54,99,239
DOCU,DocuSign,91.32,133,6,40,-9,170,56,12,-7,8,69,239
RLI,RLI Corp.,76.14,16,-17,0,172,171,17,-17,-16,84,68,239
AON,AON,365.01,17,-24,3,174,170,16,1,-2,53,68,238
SNX,TD Synnex,124.35,140,6,2,60,208,4,12,-4,18,30,238
THC,Tenet Healthcare,167.39,113,15,1,54,183,42,12,-22,21,53,236
GAP,Gap Inc.,27.94,139,15,3,15,172,42,17,-11,16,64,236
CTVA,Corteva,68.8,140,19,40,0,199,16,19,-6,8,37,236
VRSN,Verisign,282.34,14,117,23,6,160,15,18,39,4,76,236
GOOG,Alphabet (Class C),167.86,35,0,0,173,208,-2,17,-6,18,27,235
GOOGL,Alphabet (Class A),166.53,35,0,0,173,208,-2,17,-6,18,27,235
NI,NiSource,39.92,7,3,61,42,113,16,19,76,11,122,235
KMI,Kinder Morgan,28.01,25,4,79,41,149,29,12,-6,49,84,233
CAR,Avis Budget Group,112.71,155,22,0,-17,160,89,32,-14,-34,73,233
IDXX,Idexx Laboratories,521.61,175,13,1,1,190,60,19,-31,-5,43,233
GRMN,Garmin,204.86,42,0,99,16,157,54,7,-4,18,75,232
ADBE,Adobe Inc.,420.77,133,4,-23,-3,111,138,11,-27,-2,120,231
SRE,Sempra,78.44,19,4,-2,178,199,18,19,-16,11,32,231
EBAY,eBay,72.45,18,15,64,11,108,21,19,69,13,122,230
LLYVA,Liberty Live (Series A),78.09,132,19,15,0,166,48,19,-3,0,64,230
IT,Gartner,449.52,133,0,-8,55,180,-15,16,-6,54,49,229
LDOS,Leidos,159.5,134,18,0,20,172,13,45,-18,16,56,228
FFIV,"F5, Inc.",285.7,92,5,81,11,189,9,19,-4,14,38,227
TXRH,Texas Roadhouse,193.54,120,7,2,61,190,11,12,-14,28,37,227
MET,Metlife,80.87,136,5,3,55,199,8,11,-7,15,27,226
NTRS,Northern Trust,108.0,135,6,3,8,152,57,12,-6,10,73,225
CXT,Crane NXT,54.69,133,5,-12,52,178,-7,9,-8,53,47,225
GS,Goldman Sachs,612.18,56,6,79,55,196,-2,17,-4,18,29,225
BEN,Franklin Templeton Investments,22.22,136,9,0,0,145,89,19,-10,-19,79,224
SGI,Somnigroup International,66.15,42,6,28,61,137,47,19,-2,23,87,224
LOW,Lowe's,234.43,42,0,-7,163,198,11,12,-14,16,25,223
WTFC,Wintrust Financial,122.07,153,6,4,46,209,-14,19,-8,16,13,222
J,Jacobs Solutions,128.82,44,4,0,103,151,47,19,-11,16,71,222
EPR,EPR Properties,54.05,92,8,44,26,170,16,19,-2,18,51,221
TRMB,Trimble Inc.,71.67,133,6,66,1,206,2,11,-7,9,15,221
FTNT,Fortinet,104.69,30,5,41,110,186,6,21,-3,10,34,220
ZS,Zscaler,252.5,126,19,4,2,151,39,21,-6,15,69,220
NTNX,Nutanix,83.03,133,12,18,19,182,5,13,-2,21,37,219
BRK-B,Berkshire Hathaway,512.26,0,4,111,59,174,12,-3,12,23,44,218
PODD,Insulet,325.75,79,7,32,1,119,84,11,1,3,99,218
ADSK,Autodesk,295.8,133,9,41,11,194,-1,19,-11,16,23,217
LLYVK,Liberty Live (Series C),78.71,84,12,16,0,112,89,19,-3,0,105,217
USB,U.S. Bancorp,44.79,140,6,1,1,148,56,12,-11,12,69,217
HLI,Houlihan Lokey,178.97,136,8,4,41,189,-5,19,-10,23,27,216
EMR,Emerson Electric,119.59,133,6,3,61,203,-14,12,-8,23,13,216
CMI,Cummins,336.68,126,5,1,62,194,-9,11,-8,27,21,215
EME,Emcor,470.19,97,6,4,55,162,-14,21,-8,54,53,215
BURL,Burlington Stores,270.14,88,5,1,1,95,112,7,-13,14,120,215
PPC,Pilgrim's Pride,48.74,14,2,73,18,107,13,-11,90,15,107,214
RF,Regions Financial Corporation,22.55,126,5,0,19,150,55,12,-14,11,64,214
T,AT&T,28.03,12,3,57,13,85,16,19,81,12,128,213
WSM,"Williams-Sonoma, Inc.",174.0,125,1,4,62,192,-6,12,-4,18,20,212
MAR,Marriott International,273.06,133,6,3,55,197,-16,13,-6,24,15,212
LMT,Lockheed Martin,472.99,5,3,-16,162,154,13,-3,-21,69,58,212
RGLD,Royal Gold,173.1,0,72,48,15,135,11,-3,55,13,76,211
KEYS,Keysight,162.76,133,6,3,0,142,58,12,-4,2,68,210
TPL,Texas Pacific Land Corporation,1418.92,38,6,49,55,148,40,19,-7,10,62,210
ETR,Entergy,83.0,9,3,57,19,88,16,19,76,11,122,210
SAIC,SAIC,122.83,17,34,-24,64,91,17,46,1,54,118,209
EQT,EQT Corporation,55.55,91,12,28,39,170,-9,12,28,7,38,208
BYD,Boyd Gaming,74.67,84,6,35,56,181,-10,19,-6,24,27,208
DGX,Quest Diagnostics,178.12,16,20,55,15,106,16,19,55,11,101,207
TSCO,Tractor Supply Company,52.9,46,0,0,82,128,12,5,-20,82,79,207
INGR,Ingredion,140.08,17,12,80,31,140,12,17,-15,53,67,207
DTM,DT Midstream,103.61,38,12,90,0,140,32,19,-7,22,66,206
PANW,Palo Alto Networks,194.31,42,6,4,78,130,6,17,-4,54,73,203
CCL,Carnival Corporation & plc,23.39,84,5,4,0,93,88,13,-7,16,110,203
PG,Procter & Gamble,164.78,21,-19,0,176,178,21,-18,-1,23,25,203
STAG,STAG Industrial,35.81,92,6,-7,93,184,14,12,-7,-1,18,202
C,Citigroup,76.13,140,6,6,15,167,11,16,-4,11,34,201
PAG,Penske Automotive Group,167.03,56,7,2,59,124,6,21,-5,54,76,200
RMD,Resmed,253.36,136,12,4,10,162,16,18,-7,10,37,199
FTI,TechnipFMC,31.2,126,6,4,24,160,4,10,-9,34,39,199
SCI,Service Corporation International,78.17,14,0,0,172,186,19,-4,-14,10,11,197
BA,Boeing,205.3,178,19,1,0,198,-9,19,-4,-8,-2,196
MAT,Mattel,20.0,127,5,1,0,133,89,7,-5,-28,63,196
TDY,Teledyne Technologies,497.12,104,5,39,11,159,21,10,-6,12,37,196
LECO,Lincoln Electric,201.48,72,5,0,62,139,56,12,-7,-4,57,196
MSCI,MSCI,572.54,97,4,1,11,113,56,19,-10,17,82,195
DASH,DoorDash,202.2,35,5,84,0,124,42,18,-4,15,71,195
LBRDK,Liberty Broadband (Series C),99.04,119,17,34,-33,137,42,17,-8,5,56,193
EFX,Equifax,280.66,140,18,1,13,172,11,19,-25,15,20,192
CIEN,Ciena,81.0,136,6,6,9,157,11,19,-8,13,35,192
KR,Kroger,68.96,0,3,66,64,133,12,-2,37,12,59,192
MTB,M&T Bank,187.36,136,6,1,19,162,16,12,-11,11,28,190
CHTR,Charter Communications,418.68,119,17,5,-33,108,77,16,-15,3,81,189
RBLX,Roblox Corporation,81.21,49,18,40,0,107,52,19,3,8,82,189
CNA,CNA Financial,48.63,2,3,81,54,140,14,8,10,17,49,189
CFR,Frost Bank,131.55,147,6,5,1,159,13,16,-7,7,29,188
BAC,Bank of America,44.76,140,6,4,15,165,5,13,-6,11,23,188
OGE,OGE Energy,44.64,8,3,55,42,108,16,-2,55,11,80,188
SYF,Synchrony Financial,60.04,139,6,4,18,167,-7,19,-7,15,20,187
STT,State Street Corporation,98.19,146,8,4,13,171,-1,13,-7,11,16,187
CF,CF Industries,87.59,154,5,2,1,162,12,17,-9,5,25,187
LPX,Louisiana-Pacific,94.86,92,0,0,60,152,12,10,-11,23,34,186
PPL,PPL Corporation,35.01,1,2,63,20,86,15,-2,75,11,99,185
WFC,Wells Fargo,76.05,42,6,79,26,153,5,16,-6,16,31,184
EXPD,Expeditors International,118.11,42,2,-7,128,165,14,7,-24,22,19,184
STWD,Starwood Property Trust,20.19,44,6,5,55,110,40,17,-1,18,74,184
DPZ,Domino's,497.62,34,25,9,7,75,58,21,14,15,108,183
HRB,H&R Block,58.0,0,35,0,49,84,14,35,1,49,99,183
VIRT,Virtu Financial,42.15,-6,20,63,11,88,7,19,58,11,95,183
MDLZ,Mondelez International,65.71,1,0,-5,179,175,12,-5,6,-6,7,182
CHE,Chemed Corporation,577.81,13,-9,0,182,186,14,-23,10,-5,-4,182
KEX,Kirby Corporation,110.12,91,6,0,32,129,12,19,-17,39,53,182
NWS,News Corp (Class B),32.72,0,9,99,55,163,-17,21,-4,18,18,181
XPO,"XPO, Inc.",125.58,98,6,0,58,162,-7,12,-10,24,19,181
FHN,First Horizon Corporation,20.32,133,6,39,1,179,-12,12,-5,7,2,181
SPR,Spirit AeroSystems,37.6,56,20,5,0,81,50,21,17,11,99,180
CTSH,Cognizant,81.59,133,6,3,11,153,5,12,-5,15,27,180
FNF,Fidelity National Financial,58.0,0,-8,95,55,142,14,-3,9,18,38,180
BJ,BJ's Wholesale Club,118.34,13,2,65,7,87,16,-6,27,55,92,179
MTZ,MasTec,157.24,133,12,6,15,166,-9,19,-8,10,12,178
FCNCA,First Citizens BancShares,1937.08,94,5,0,56,155,-6,19,-8,18,23,178
DFS,Discover Financial,200.21,77,18,67,10,172,-10,18,-6,2,4,176
GD,General Dynamics,281.39,21,28,0,51,100,19,21,-18,54,76,176
APG,APi Group,45.98,133,13,5,0,151,-13,19,-4,23,25,176
ODFL,Old Dominion Freight Line,171.54,5,0,-13,184,176,-17,6,-18,29,0,176
EXE,Expand Energy,113.51,77,26,28,0,131,-2,11,28,7,44,175
F,Ford Motor Company,10.74,155,20,-37,-14,124,49,19,-15,-2,51,175
EXEL,Exelixis,44.67,28,5,51,11,95,-2,19,42,21,80,175
HOOD,Robinhood Markets,64.27,58,8,68,0,134,11,19,-4,15,41,175
IR,Ingersoll Rand,83.54,133,5,-8,20,150,2,12,-15,26,25,175
LII,Lennox International,604.35,101,5,2,35,143,8,9,-10,24,31,174
MDU,MDU Resources,17.76,13,4,66,37,120,16,19,-8,27,54,174
MO,Altria,59.47,9,3,57,42,111,16,21,13,13,63,174
GILD,Gilead Sciences,106.16,14,0,38,32,84,10,1,42,36,89,173
LNG,Cheniere Energy,233.14,-3,12,47,55,111,-5,21,-7,53,62,173
UHS,Universal Health Services,196.72,121,10,0,19,150,12,10,-22,23,23,173
DIS,Walt Disney Company (The),112.65,133,6,2,-38,103,68,10,-6,-2,70,173
RYAN,Ryan Specialty,70.32,15,0,108,0,123,16,3,8,22,49,172
CARR,Carrier Global,75.82,126,13,1,0,140,12,13,-16,23,32,172
VRT,Vertiv,106.4,136,5,1,5,147,-9,19,-8,23,25,172
TRGP,Targa Resources,164.58,0,-32,133,48,149,-17,-4,-7,51,23,172
JHG,Janus Henderson,38.39,133,5,0,16,154,-5,12,-6,15,16,170
REG,Regency Centers,74.06,14,4,55,50,123,13,19,-2,16,46,169
R,Ryder,156.27,57,6,4,53,120,-13,19,-10,53,49,169
FERG,Ferguson Enterprises,183.22,44,8,-13,62,101,49,19,-22,22,68,169
RITM,Rithm Capital,11.64,42,6,4,29,81,50,16,-2,23,87,168
VST,Vistra Corp.,157.33,42,5,6,27,80,36,18,-8,42,88,168
META,Meta Platforms,640.25,119,6,4,26,155,-14,11,-5,20,12,167
OMF,OneMain Financial,51.76,84,6,4,57,151,-17,17,-7,23,16,167
MMM,3M,154.1,57,6,61,11,135,12,11,-2,11,32,167
BROS,Dutch Bros. Coffee,71.89,56,5,40,0,101,47,12,-2,8,65,166
FLS,Flowserve,51.37,126,5,0,24,155,-14,11,-8,22,11,166
FITB,Fifth Third Bancorp,39.51,134,5,0,19,158,-2,11,-14,13,8,166
DELL,Dell Technologies,114.28,84,6,-12,29,107,57,19,-16,-1,59,166
ARES,Ares Management,168.68,0,6,4,56,66,-16,19,-6,103,100,166
PFG,Principal Financial Group,81.3,92,5,0,52,149,2,7,-7,15,17,166
MORN,"Morningstar, Inc.",310.44,124,6,-7,25,148,3,12,-13,15,17,165
SNOW,Snowflake Inc.,182.0,133,9,2,0,144,12,19,-3,-7,21,165
NET,Cloudflare,157.52,55,6,26,0,87,51,16,-5,16,78,165
PEG,Public Service Enterprise Group,79.78,8,0,0,149,157,15,-6,-15,14,8,165
CG,Carlyle Group (The),47.9,126,5,1,18,150,-2,8,-7,15,14,164
EVRG,Evergy,67.11,1,2,45,11,59,15,19,64,7,105,164
THG,Hanover Insurance,169.93,14,4,48,21,87,13,13,40,11,77,164
PEGA,Pegasystems,98.47,57,18,6,2,83,56,19,-7,12,80,163
K,Kellanova,82.39,2,2,56,18,78,10,-3,68,10,85,163
WDAY,"Workday, Inc.",273.31,126,8,2,11,147,-7,13,-10,19,15,162
MOH,Molina Healthcare,325.33,9,0,0,163,172,11,-21,5,-5,-10,162
FNB,FNB Corporation,14.37,91,6,0,52,149,-7,19,-15,16,13,162
SNV,Synovus,49.21,139,6,1,18,164,-16,12,-10,11,-3,161
APO,Apollo Global Management,142.66,42,5,6,94,147,-17,17,-10,23,13,160
DT,Dynatrace,53.25,133,4,1,0,138,-2,12,-5,17,22,160
AYI,Acuity Brands,271.04,133,0,0,24,157,-17,11,-8,17,3,160
TTWO,Take-Two Interactive,234.69,28,26,32,10,96,-5,20,32,17,64,160
AMAT,Applied Materials,165.95,0,6,0,146,152,-9,18,0,-2,7,159
MKL,Markel,1918.49,1,5,55,52,113,9,19,-5,23,46,159
PNC,PNC Financial Services,178.64,133,5,0,11,149,-1,11,-11,11,10,159
XEL,Xcel Energy,72.23,16,3,38,9,66,21,19,46,6,92,158
SF,Stifel,98.54,92,5,0,56,153,-16,11,-7,17,5,158
IRM,Iron Mountain,101.06,22,11,0,54,87,16,19,-18,53,70,157
GEV,GE Vernova,446.6,140,18,0,0,158,-14,21,-8,0,-1,157
CMG,Chipotle Mexican Grill,52.28,28,4,-11,77,98,28,17,-13,26,58,156
PKG,Packaging Corporation of America,194.45,42,0,0,58,100,40,6,-13,23,56,156
MLM,Martin Marietta Materials,568.48,26,15,0,57,98,16,36,-18,24,58,156
MPC,Marathon Petroleum,162.32,146,8,0,46,200,-5,12,-46,-5,-44,156
AMD,Advanced Micro Devices,114.75,127,5,-29,107,210,-9,12,-53,-4,-54,156
TRU,TransUnion,91.87,139,6,0,1,146,5,12,-18,11,10,156
SLGN,Silgan Holdings,56.11,25,12,6,77,120,16,19,-10,10,35,155
VICI,Vici Properties,32.14,14,3,45,12,74,16,1,10,54,81,155
KMPR,Kemper Corporation,64.61,133,5,2,1,141,3,7,-7,11,14,155
CEG,Constellation Energy,294.04,133,6,3,0,142,-17,21,-8,16,12,154
KEY,Keycorp,16.5,134,6,0,1,141,5,12,-14,10,13,154
AS,Amer Sports,31.42,133,6,0,0,139,7,11,-3,0,15,154
CWEN-A,Clearway Energy (Class A),28.9,25,4,45,3,77,46,15,9,7,77,154
ABT,Abbott Laboratories,135.55,16,3,43,10,72,14,21,35,11,81,153
UBER,Uber,92.47,41,18,5,0,64,42,21,3,23,89,153
SSD,Simpson Manufacturing Company,163.7,1,6,-13,153,147,-17,15,-16,23,5,152
ECG,Everus Construction Group,59.27,133,4,0,0,137,-3,21,-4,0,14,151
LKQ,LKQ Corporation,42.34,56,5,0,0,61,100,5,-1,-14,90,151
LAZ,Lazard,46.05,139,5,0,17,161,-16,11,-15,10,-10,151
ANET,Arista Networks,96.66,42,2,1,55,100,-9,14,-8,53,50,150
MSTR,MicroStrategy,413.18,0,20,86,16,122,2,20,-12,17,27,149
INGM,Ingram Micro,20.6,142,5,0,0,147,-5,12,-5,0,2,149
TOST,"Toast, Inc.",44.67,56,7,64,0,127,-5,19,-6,14,22,149
CWEN,Clearway Energy (Class C),30.61,22,4,45,1,72,46,15,9,7,77,149
WTM,White Mountains Insurance Group,1809.78,36,0,3,56,95,1,6,-7,53,53,148
ROK,Rockwell Automation,308.2,136,9,2,12,159,-9,11,-5,-8,-11,148
MSM,MSC Industrial Direct,81.88,42,6,0,55,103,48,21,-18,-6,45,148
LULU,Lululemon Athletica,323.66,97,0,0,0,97,56,11,-7,-9,51,148
WING,Wingstop,333.96,42,12,-13,35,76,56,12,-25,28,71,147
ESAB,ESAB,129.83,13,8,87,0,108,12,19,-6,14,39,147
CNH,CNH Industrial,13.68,92,7,6,1,106,48,13,-1,-20,40,146
CR,Crane Co.,177.85,133,13,3,0,149,-5,15,-15,2,-3,146
UGI,UGI Corporation,35.93,21,20,29,1,71,16,19,36,2,73,144
LAMR,Lamar Advertising,119.21,42,5,0,61,108,12,19,-14,18,35,143
COF,Capital One,197.45,0,12,81,18,111,2,19,-4,15,32,143
MPWR,Monolithic Power Systems,701.24,0,6,-13,154,147,-16,16,-27,23,-4,143
VMC,Vulcan Materials,275.88,14,14,4,57,89,12,29,-11,24,54,143
CMA,Comerica,58.6,126,2,0,1,129,5,11,-11,9,14,143
AGCO,AGCO,107.1,126,8,1,0,135,12,13,-7,-10,8,143
AMGN,Amgen,275.78,6,-24,-6,162,138,12,-39,-1,33,5,143
VRTX,Vertex Pharmaceuticals,440.49,0,-10,0,101,91,12,-5,10,34,51,142
LITE,Lumentum,77.88,126,4,1,1,132,-2,12,-8,7,9,141
BX,Blackstone Inc.,145.45,0,0,0,139,139,-17,11,-11,18,1,140
BRX,Brixmor Property Group,26.32,42,4,1,52,99,13,19,-14,23,41,140
STLD,Steel Dynamics,136.06,6,18,4,52,80,4,19,-18,54,59,139
AEE,Ameren,98.93,10,2,44,10,66,17,-2,49,7,71,137
LNT,Alliant Energy,63.07,16,3,55,11,85,21,9,12,10,52,137
ALAB,Astera Labs,90.31,133,4,0,0,137,-5,13,-9,0,-1,136
ACGL,Arch Capital Group,95.18,13,8,0,59,80,12,19,-23,48,56,136
AIG,American International Group,84.35,21,3,15,50,89,12,6,10,18,46,135
LYFT,Lyft,16.75,140,7,2,0,149,-19,17,-14,1,-15,134
WEC,WEC Energy Group,107.24,2,2,42,10,56,16,-1,55,8,78,134
KIM,Kimco Realty,21.67,49,5,0,52,106,12,19,-15,11,27,133
OSK,Oshkosh Corporation,102.68,84,5,-13,1,77,54,10,-7,-2,55,132
MTG,MGIC Investment Corporation,26.7,14,19,6,52,91,13,19,-16,25,41,132
EWBC,East West Bancorp,95.08,97,6,4,19,126,-17,17,-10,16,6,132
CRUS,Cirrus Logic,105.45,136,6,-10,16,148,-14,13,-28,13,-16,132
FIVE,Five Below,108.94,88,8,0,-13,83,54,17,-12,-12,47,130
HSIC,Schein (Henry),71.84,76,2,0,0,78,68,10,-6,-20,52,130
CI,Cigna,321.99,6,0,0,55,61,11,-3,7,54,69,130
AN,AutoNation,188.31,0,8,4,58,70,-10,21,-5,54,60,130
KMB,Kimberly-Clark,140.81,60,1,1,15,77,19,1,10,23,53,130
FE,FirstEnergy,42.85,9,25,5,52,91,17,30,-20,11,38,129
PRU,Prudential Financial,108.01,56,3,0,52,111,5,11,-14,16,18,129
MUSA,Murphy USA,458.59,0,-8,0,65,57,19,-8,-16,76,71,128
COIN,Coinbase,263.94,42,5,1,0,48,56,19,-10,15,80,128
POST,Post Holdings,109.92,0,-9,1,84,76,16,-16,-2,54,52,128
NVT,Nvent Electric,66.57,136,6,-13,9,138,-13,19,-15,-2,-11,127
DDOG,Datadog,116.43,133,0,-10,0,123,-8,13,-13,12,4,127
VNT,Vontier,36.96,133,6,0,0,139,-14,13,-10,-2,-13,126
EXP,Eagle Materials,241.9,42,3,-2,54,97,8,13,-16,24,29,126
PNW,Pinnacle West Capital,92.49,7,2,55,15,79,16,-2,9,23,46,125
EGP,EastGroup Properties,172.62,92,3,0,5,100,11,18,-2,-2,25,125
CBRE,CBRE Group,130.46,1,3,79,19,102,5,12,-6,11,22,124
PLNT,Planet Fitness,102.46,13,2,50,10,75,27,13,-2,11,49,124
VLO,Valero Energy,134.35,58,6,-31,41,74,50,8,-6,-2,50,124
WTW,Willis Towers Watson,313.76,16,-18,81,21,100,17,-18,-2,26,23,123
CMS,CMS Energy,71.99,7,1,63,20,91,16,-4,9,11,32,123
GLPI,Gaming and Leisure Properties,47.5,14,-14,1,62,63,16,-9,-1,54,60,123
AMH,American Homes 4 Rent,38.78,9,25,3,65,102,15,19,-26,12,20,122
TNL,Travel + Leisure Co.,50.81,97,5,4,13,119,-16,12,-4,11,3,122
RGA,Reinsurance Group of America,209.71,14,6,0,37,57,11,18,-14,50,65,122
KBR,"KBR, Inc.",55.45,0,10,-17,61,54,12,19,-18,54,67,121
ARMK,Aramark,39.8,14,10,2,37,63,5,14,-14,53,58,121
CBSH,Commerce Bancshares,65.58,92,6,6,1,105,-7,19,-7,10,15,120
CSX,CSX Corporation,31.22,95,5,-23,1,78,55,9,-19,-3,42,120
MU,Micron Technology,98.66,133,5,-22,19,135,14,11,-39,-2,-16,119
GXO,GXO Logistics,41.79,136,6,-24,0,118,16,12,-22,-5,1,119
NEE,NextEra Energy,73.83,57,5,0,0,62,61,7,-21,10,57,119
ED,Consolidated Edison,105.38,2,0,15,44,61,13,-6,9,42,58,119
GL,Globe Life,122.22,5,2,32,11,50,16,4,43,5,68,118
EQH,Equitable Holdings,53.71,0,6,79,8,93,1,12,-4,16,25,118
MIDD,Middleby,150.99,55,0,1,1,57,48,6,-3,10,61,118
TTD,Trade Desk (The),76.32,133,0,-14,1,120,-17,12,-14,17,-2,118
NLY,Annaly Capital Management,19.77,22,3,5,7,37,55,13,-1,13,80,117
CRH,CRH plc,98.65,6,6,4,61,77,6,14,-4,24,40,117
WBS,Webster Bank,52.5,92,6,1,11,110,-14,14,-7,14,7,117
BWA,BorgWarner,33.06,141,8,-24,0,125,12,15,-22,-13,-8,117
KKR,KKR & Co. Inc.,125.5,1,0,0,100,101,-14,18,-7,18,15,116
SSNC,SS&C Technologies,80.07,6,1,77,11,95,4,7,-2,12,21,116
UTHR,United Therapeutics,305.22,0,0,-2,54,52,10,14,-16,56,64,116
GPK,Graphic Packaging,23.52,21,-50,-6,55,20,60,-13,-19,68,96,116
LFUS,Littelfuse,216.59,140,6,-12,0,134,1,11,-26,-5,-19,115
BEPC,Brookfield Renewable Partners,30.24,49,7,0,0,56,54,18,-20,7,59,115
NSC,Norfolk Southern,243.77,42,5,0,1,48,54,19,-17,11,67,115
PCTY,Paylocity,200.18,55,5,29,0,89,11,19,-6,2,26,115
RRC,Range Resources,39.42,0,6,21,39,66,-9,7,-2,52,48,114
AEP,American Electric Power,103.76,1,1,60,20,82,15,-4,10,11,32,114
KNSL,Kinsale Capital Group,471.98,16,1,3,30,50,13,-17,-14,82,64,114
VTR,"Ventas, Inc.",65.47,3,0,59,19,81,13,-2,10,12,33,114
MSGS,Madison Square Garden Sports,198.52,56,1,-7,18,68,14,19,-13,24,44,112
CRWD,CrowdStrike,444.39,20,19,32,0,71,7,21,-4,17,41,112
LAD,Lithia Motors,322.08,95,0,1,11,107,-17,12,-9,18,4,111
MSA,MSA Safety,159.47,0,8,-22,161,147,-18,19,-35,-2,-36,111
IEX,IDEX Corporation,189.96,126,2,-15,0,113,3,13,-15,-3,-2,111
DXCM,Dexcom,86.96,84,10,0,-11,83,19,19,-4,-6,28,111
HPQ,HP Inc.,29.12,57,5,-12,1,51,50,11,-16,13,58,109
ELF,e.l.f. Beauty,79.61,136,1,-37,28,128,12,12,-41,-2,-19,109
WDC,Western Digital,50.71,42,6,0,15,63,46,17,-15,-2,46,109
ADC,Agree Realty,75.71,8,3,50,13,74,16,-2,10,10,34,108
PSX,Phillips 66,122.17,140,5,-23,38,160,-9,7,-48,-2,-52,108
LVS,Las Vegas Sands,42.31,140,6,-9,-3,134,-15,12,-13,-11,-27,107
TXN,Texas Instruments,188.41,84,6,0,19,109,-7,10,-18,13,-2,107
SW,Smurfit Westrock,46.41,51,3,0,0,54,56,7,-10,0,53,107
SMCI,Supermicro,44.81,42,0,-38,55,59,50,5,-3,-6,46,105
TSLA,"Tesla, Inc.",341.93,55,5,30,7,97,-5,17,-11,7,8,105
IP,International Paper,50.49,42,0,0,13,55,40,4,-7,13,50,105
TYL,Tyler Technologies,574.24,69,0,1,14,84,16,5,-15,15,21,105
WCC,Wesco International,171.13,0,5,0,55,60,-17,19,-11,54,45,105
LH,Labcorp,249.8,2,12,42,12,68,11,12,-2,15,36,104
NTRA,Natera,153.2,-31,0,79,15,63,8,21,-4,16,41,104
PLD,Prologis,110.63,92,3,-10,0,85,11,17,-7,-2,19,104
NWSA,News Corp (Class A),28.33,0,6,4,55,65,5,19,-4,18,38,103
IDA,Idacorp,116.81,11,2,43,15,71,16,-4,13,7,32,103
TPR,"Tapestry, Inc.",82.33,1,6,67,18,92,-15,12,-2,16,11,103
EQIX,Equinix,877.13,18,6,4,31,59,12,19,-10,23,44,103
ALGM,Allegro MicroSystems,27.11,56,5,1,0,62,50,6,-2,-13,41,103
CHH,Choice Hotels,132.84,34,0,0,12,46,42,7,-4,11,56,102
BWXT,BWX Technologies,109.99,13,4,0,32,49,16,21,-12,28,53,102
DUOL,Duolingo,520.16,0,19,40,0,59,-9,31,1,20,43,102
COKE,Coca-Cola Consolidated,1161.0,0,-13,1,63,51,13,-13,-3,49,46,97
CFG,Citizens Financial Group,41.59,92,5,1,1,99,-17,11,-7,11,-2,97
ABBV,AbbVie,185.74,-29,-10,4,55,20,5,11,-1,61,76,96
AGNC,AGNC Investment,9.16,42,2,1,13,58,14,11,-1,14,38,96
MRVL,Marvell Technology,62.57,0,0,-8,103,95,-17,11,-8,15,1,96
BHF,Brighthouse Financial,61.19,43,9,5,8,65,14,15,-4,5,30,95
LUV,Southwest Airlines,32.58,113,5,3,-36,85,13,8,-12,1,10,95
DECK,Deckers Brands,127.42,0,0,-11,90,79,-17,12,-7,28,16,95
MRP,Millrose Properties,28.69,42,0,0,0,42,37,16,0,0,53,95
GLW,Corning Inc.,48.12,42,5,6,14,67,11,12,-7,11,27,94
ATR,AptarGroup,158.02,21,12,0,17,50,16,19,-15,22,42,92
CHRW,C.H. Robinson,100.07,42,4,1,1,48,47,6,-14,5,44,92
BXP,"BXP, Inc.",67.89,42,4,-7,0,39,39,19,-16,10,52,91
TKR,Timken Company,73.12,84,5,-11,1,79,11,10,-8,-2,11,90
XYL,Xylem Inc.,128.01,57,6,0,19,82,12,16,-39,19,8,90
ECL,Ecolab,261.36,20,4,3,19,46,16,14,-2,16,44,90
VZ,Verizon,44.32,16,3,17,7,43,16,9,10,11,46,89
MAA,Mid-America Apartment Communities,161.32,0,5,45,4,54,12,17,-2,8,35,89
CCK,Crown Holdings,100.13,48,16,4,2,70,-3,19,-6,9,19,89
ALNY,Alnylam Pharmaceuticals,292.02,30,5,4,12,51,33,13,-21,12,37,88
PSN,Parsons Corporation,68.42,28,0,-14,0,14,57,1,-17,32,73,87
DLR,Digital Realty,170.81,14,12,2,19,47,16,19,-11,16,40,87
EA,Electronic Arts,150.46,-5,28,6,4,33,13,20,3,18,54,87
EXC,Exelon,44.37,1,0,42,11,54,15,-5,13,7,30,84
WH,Wyndham Hotels & Resorts,88.25,13,0,39,8,60,5,11,-4,12,24,84
LHX,L3Harris,230.97,21,28,0,2,51,19,21,-18,11,33,84
JEF,Jefferies Financial Group,51.29,0,0,-7,55,48,-17,9,-10,54,36,84
HAS,Hasbro,68.18,57,6,1,1,65,14,17,-21,8,18,83
WYNN,Wynn Resorts,96.54,84,8,1,1,94,-7,16,-15,-5,-11,83
ALLE,Allegion,144.49,14,18,3,18,53,12,18,-19,19,30,83
MTSI,MACOM Technology Solutions,122.55,0,6,3,55,64,-17,18,-8,26,19,83
XP,XP Inc.,18.65,56,20,0,0,76,-9,18,3,-5,7,83
EIX,Edison International,58.01,24,8,-19,1,14,19,19,-16,47,69,83
ADT,ADT Inc.,8.54,4,26,18,0,48,8,10,12,5,35,83
HII,Huntington Ingalls Industries,229.25,2,45,0,3,50,14,21,3,-6,32,82
CPAY,Corpay,348.6,42,5,4,18,69,-16,12,-6,22,12,81
SMG,Scotts Miracle-Gro Company,62.81,80,2,-9,-36,37,48,5,-19,10,44,81
AOS,A. O. Smith,70.52,56,6,-29,55,88,11,18,-35,-2,-8,80
TTC,Toro Company (The),76.83,92,5,-22,-4,71,50,11,-35,-17,9,80
APD,Air Products,277.32,43,0,0,13,56,15,7,-6,7,23,79
WPC,W. P. Carey,61.76,10,3,16,0,29,16,19,13,2,50,79
NU,Nubank,13.1,57,17,0,0,74,-12,19,-18,16,5,79
UI,Ubiquiti,429.67,1,7,39,7,54,2,21,-6,7,24,78
TROW,T. Rowe Price,97.99,84,4,-10,-22,56,12,12,-12,10,22,78
SWKS,Skyworks Solutions,72.95,140,4,-30,-27,87,10,14,-33,-2,-11,76
SN,SharkNinja,101.24,57,6,1,0,64,5,12,-5,0,12,76
JKHY,Jack Henry & Associates,184.37,56,3,3,1,63,14,5,-14,8,13,76
SPG,Simon Property Group,164.48,0,3,3,32,38,10,12,-2,18,38,76
ALLY,Ally Financial,36.08,56,5,0,1,62,2,7,-8,13,14,76
H,Hyatt Hotels,133.75,0,0,-10,52,42,-17,12,-14,52,33,75
KVUE,Kenvue,23.99,0,8,30,0,38,14,17,6,0,37,75
HPE,Hewlett Packard Enterprise,17.46,0,2,-11,39,30,-17,19,-8,51,45,75
AFG,American Financial Group,127.1,11,2,1,53,67,14,-2,-15,11,8,75
SOLV,Solventum,75.78,56,2,0,0,58,12,7,-3,0,16,74
MCHP,Microchip Technology,60.6,134,6,-33,0,107,1,12,-42,-4,-33,74
BIRK,Birkenstock,56.06,57,8,2,0,67,-5,19,-7,0,7,74
EOG,EOG Resources,113.44,0,-1,-7,42,34,-6,6,-8,48,40,74
DHI,D. R. Horton,124.92,-3,0,-15,62,44,8,17,-22,27,30,74
NXST,Nexstar Media Group,174.31,78,5,1,1,85,-5,5,-19,7,-12,73
ZI,ZoomInfo,10.34,98,3,-10,0,91,21,9,-15,-34,-19,72
MDT,Medtronic,86.97,42,0,1,0,43,14,6,-1,10,29,72
QRVO,Qorvo,78.83,141,6,-31,-28,88,7,14,-35,-2,-16,72
LEN-B,Lennar (Class B),106.99,2,0,-15,59,46,11,10,-22,27,26,72
COHR,Coherent Corp.,79.39,54,5,0,12,71,-13,12,-11,12,0,71
LEN,Lennar (Class A),111.13,0,0,-17,61,44,11,11,-22,27,27,71
EW,Edwards Lifesciences,78.03,28,18,1,-11,36,30,19,17,-32,34,70
ESS,Essex Property Trust,286.46,17,3,1,11,32,16,13,-2,11,38,70
PCG,PG&E Corporation,17.75,17,12,-17,1,13,17,19,-16,37,57,70
NVR,"NVR, Inc.",7295.19,0,0,-10,62,52,5,6,-19,26,18,70
RIVN,Rivian,16.29,53,8,0,0,61,21,16,-10,-18,9,70
TXT,Textron,76.43,56,6,-22,50,90,8,16,-43,-2,-21,69
GM,General Motors,50.03,56,6,1,8,71,-10,12,-15,10,-3,68
OHI,Omega Healthcare Investors,37.4,10,2,0,37,49,13,-4,-18,28,19,68
RNR,RenaissanceRe,247.78,4,3,0,32,39,9,11,-16,25,29,68
QGEN,Qiagen,42.8,9,3,-2,0,10,11,44,-8,10,57,67
ABNB,Airbnb,136.59,57,5,0,0,62,-9,19,-5,-2,3,65
VEEV,Veeva Systems,239.49,4,9,32,5,50,-5,12,-7,15,15,65
VNOM,Viper Energy,41.31,0,0,0,41,41,-19,14,-15,44,24,65
OC,Owens Corning,142.36,0,0,-11,55,44,12,-2,-15,26,21,65
OTIS,Otis Worldwide,98.55,20,2,1,0,23,13,6,-1,23,41,64
INVH,Invitation Homes,34.4,2,4,3,4,13,13,19,8,11,51,64
TFC,Truist Financial,41.4,42,5,0,1,48,4,11,-10,11,16,64
CNXC,Concentrix,56.09,56,6,0,0,62,14,9,8,-30,1,63
THO,Thor Industries,82.36,82,0,-13,-3,66,4,12,-16,-3,-3,63
DOX,Amdocs,91.23,-28,15,4,55,46,7,13,-6,2,16,62
EQR,Equity Residential,71.34,16,5,1,10,32,17,19,-16,10,30,62
MAS,Masco,66.75,0,0,-7,62,55,2,6,-19,18,7,62
NCNO,nCino,24.76,56,0,-13,0,43,14,8,-15,12,19,62
NOC,Northrop Grumman,470.95,0,-5,-1,55,49,12,-13,4,9,12,61
AR,Antero Resources,39.39,0,6,28,7,41,-17,7,23,7,20,61
AVT,Avnet,50.94,0,6,0,42,48,-17,20,-15,24,12,60
PINS,Pinterest,32.0,84,0,-11,0,73,-12,7,-6,-2,-13,60
CELH,Celsius Holdings,37.52,0,45,-42,62,65,-5,1,5,-6,-5,60
SARO,StandardAero,29.94,56,6,0,0,62,-7,13,-8,0,-2,60
FCN,FTI Consulting,167.53,15,0,-24,92,83,15,-2,-34,-2,-23,60
Z,Zillow (Class C),67.8,-5,0,41,-4,32,4,12,-5,17,28,60
AZEK,Azek,51.27,0,24,8,0,32,-17,38,-10,17,28,60
HXL,Hexcel,54.33,73,0,-16,0,57,9,7,-8,-6,2,59
NNN,NNN Reit,42.06,14,4,0,19,37,14,19,-22,11,22,59
MANH,Manhattan Associates,193.11,1,0,-16,62,47,-17,19,-14,24,12,59
SCCO,Southern Copper,91.63,0,5,-8,59,56,-17,18,-22,24,3,59
CNM,Core & Main,53.31,0,8,6,0,14,11,19,-7,21,44,58
BSY,Bentley Systems,48.09,80,9,-28,0,61,-7,21,-15,-3,-4,57
PSA,Public Storage,309.4,17,7,0,12,36,14,19,-22,10,21,57
FIS,Fidelity National Information Services,80.99,44,21,0,-34,31,15,19,-17,8,25,56
TFSL,Third Federal S&L,13.46,0,19,4,2,25,11,20,-16,16,31,56
AMG,Affiliated Managers Group,182.28,0,12,2,19,33,4,19,-14,14,23,56
CART,Maplebear Inc.,45.94,14,2,10,0,26,12,21,-4,0,29,55
TTEK,Tetra Tech,35.29,56,4,-16,2,46,-7,19,-19,16,9,55
SBAC,SBA Communications,235.6,5,26,3,-17,17,13,19,4,2,38,55
PARAA,Paramount Global (Class A),22.76,5,1,26,0,32,1,11,8,3,23,55
PHM,PulteGroup,103.07,-22,0,-10,62,30,3,17,-21,26,25,55
PAYC,Paycom,259.93,58,19,6,-21,62,11,19,-3,-34,-7,55
SKX,Skechers,61.93,0,4,-11,52,45,-17,11,-7,23,10,55
NEM,Newmont,50.92,0,30,6,0,36,8,-2,6,7,19,55
CUBE,CubeSmart,43.57,15,12,-10,19,36,13,17,-23,11,18,54
CPT,Camden Property Trust,119.06,13,4,3,1,21,14,12,-2,8,32,53
EEFT,Euronet Worldwide,110.87,14,9,2,0,25,11,11,-4,10,28,53
SFD,Smithfield Foods,23.06,20,1,0,0,21,12,19,0,0,31,52
CL,Colgate-Palmolive,91.75,14,-13,0,20,21,17,-8,-1,23,31,52
CSGP,CoStar Group,76.87,14,0,0,11,25,28,-5,10,-6,27,52
RPRX,Royalty Pharma,34.23,15,9,19,0,43,13,17,13,-35,8,51
GPC,Genuine Parts Company,129.07,42,4,0,0,46,48,18,-47,-14,5,51
AFRM,Affirm Holdings,51.71,0,0,36,0,36,-15,19,-4,14,14,50
APPF,AppFolio,214.58,-3,-1,-5,25,16,11,5,-7,25,34,50
BFAM,Bright Horizons,123.77,0,4,1,5,10,12,13,2,12,39,49
TAP,Molson Coors,56.6,30,-17,0,11,24,47,-23,-1,2,25,49
ZBRA,Zebra Technologies,297.8,64,0,-8,-4,52,-16,11,-8,10,-3,49
NBIX,Neurocrine Biosciences,122.82,18,2,-15,22,27,14,16,-7,-1,22,49
FR,First Industrial Realty Trust,50.94,2,3,0,11,16,11,12,-2,11,32,48
AVB,AvalonBay Communities,208.63,4,3,0,13,20,12,19,-15,12,28,48
AWK,American Water Works,143.72,9,0,13,3,25,15,-6,9,5,23,48
UDR,"UDR, Inc.",42.21,0,3,3,4,10,12,17,-2,10,37,47
DKS,Dick's Sporting Goods,182.76,-21,-3,0,60,36,-21,9,-8,30,10,46
G,Genpact,44.09,0,-11,40,7,36,12,-8,-2,7,9,45
ESI,Element Solutions,22.44,1,2,-7,54,50,-17,11,-16,17,-5,45
EXPE,Expedia Group,165.39,0,0,36,8,44,-17,12,-5,11,1,45
CTRA,Coterra,24.51,35,-31,0,41,45,-7,-29,25,10,-1,44
TOL,Toll Brothers,106.03,-3,0,-10,58,45,-20,12,-16,23,-1,44
OKE,Oneok,84.7,0,-32,0,51,19,-17,6,-12,48,25,44
ULTA,Ulta Beauty,410.26,42,16,0,0,58,-17,19,-10,-6,-14,44
DAL,Delta Air Lines,51.19,0,0,0,16,16,1,12,-8,23,28,44
FRPT,Freshpet,87.53,20,0,-11,0,9,19,6,-7,16,34,43
XOM,ExxonMobil,106.45,-7,-1,0,41,33,-21,6,-22,47,10,43
AMT,American Tower,215.14,7,1,3,3,14,16,-2,7,8,29,43
AMTM,Amentum,22.03,10,18,0,0,28,4,19,-9,0,14,42
FRT,Federal Realty Investment Trust,97.79,23,3,-10,1,17,11,19,-16,11,25,42
UAL,United Airlines Holdings,78.64,-6,0,37,8,39,-21,18,-7,13,3,42
FAF,First American Financial Corporation,61.04,13,-11,1,11,14,12,6,-6,15,27,41
GNRC,Generac,129.01,84,2,-7,-31,48,-7,8,-15,7,-7,41
PVH,PVH Corp.,84.71,56,5,-19,1,43,-3,19,-15,-4,-3,40
NDSN,Nordson,204.46,56,5,-23,0,38,11,11,-16,-4,2,40
WEX,WEX Inc.,137.78,42,0,-30,-2,10,50,6,-21,-5,30,40
WAT,Waters Corporation,358.73,1,0,1,11,13,11,12,-7,11,27,40
SYY,Sysco,73.0,21,1,-3,0,19,18,6,-15,11,20,39
PR,Permian Resources,13.33,0,5,-15,23,13,-17,8,-11,46,26,39
AVY,Avery Dennison,183.57,56,5,-22,1,40,12,19,-30,-2,-1,39
RKT,Rocket Companies,12.96,33,-11,-6,0,16,-2,2,5,17,22,38
HIW,Highwoods Properties,30.21,0,12,0,3,15,12,19,-19,10,22,37
WTRG,Essential Utilities,39.16,1,2,12,0,15,12,-1,9,2,22,37
EXR,Extra Space Storage,152.6,14,3,0,0,17,14,19,-23,10,20,37
SOFI,SoFi,13.74,0,5,33,0,38,-19,17,-7,8,-1,37
EMN,Eastman Chemical Company,82.17,42,-1,-8,0,33,7,6,-22,12,3,36
CUZ,Cousins Properties,28.03,-6,5,4,8,11,12,13,-11,10,24,35
ANSS,Ansys,343.98,1,6,4,8,19,-15,19,-8,20,16,35
INCY,Incyte,63.8,25,0,-6,-28,-9,44,14,-18,4,44,35
LOAR,Loar Holdings,84.92,-31,29,0,0,-2,2,33,1,0,36,34
VNO,Vornado Realty Trust,39.21,0,6,4,1,11,9,12,-10,12,23,34
QCOM,Qualcomm,153.64,57,4,-12,19,68,-7,14,-39,-2,-34,34
HUBS,HubSpot,647.79,0,0,4,8,12,-7,18,-5,16,22,34
BKR,Baker Hughes,37.91,13,-32,0,32,13,-1,5,-6,23,21,34
ACI,Albertsons,21.83,-33,23,12,0,2,9,14,14,-6,31,33
PNFP,Pinnacle Financial Partners,110.65,1,6,5,12,24,-17,17,-7,15,8,32
BBWI,"Bath & Body Works, Inc.",33.57,56,5,-12,-12,37,-16,17,-3,-3,-5,32
AMZN,Amazon,206.14,0,5,4,18,27,-17,11,-6,17,5,32
VAC,Marriott Vacations Worldwide,70.51,92,5,-12,-14,71,-13,8,-12,-22,-39,32
DLTR,Dollar Tree,86.6,0,23,0,-12,11,5,22,12,-19,20,31
GTES,Gates Corporation,21.89,0,6,4,12,22,-16,14,-4,15,9,31
PB,Prosperity Bancshares,72.72,0,5,0,11,16,2,12,-11,11,14,30
VVV,Valvoline,34.96,39,0,-13,28,54,4,7,-35,-1,-25,29
MEDP,Medpace,306.19,1,0,-14,29,16,9,11,-6,-1,13,29
CRM,Salesforce,287.52,0,0,4,19,23,-16,12,-8,18,6,29
UHAL,U-Haul,65.16,0,0,-2,19,17,-2,11,-15,17,11,28
SON,Sonoco,46.24,72,4,-31,0,45,16,7,-29,-11,-17,28
ZG,Zillow (Class A),66.86,-4,0,41,-38,-1,4,12,-5,17,28,27
ACN,Accenture,319.3,1,0,-10,11,2,4,11,-6,16,25,27
ALK,Alaska Air Group,53.58,0,0,32,1,33,-17,9,-4,6,-6,27
PINC,"Premier, Inc.",23.13,2,17,4,-25,-2,14,43,2,-31,28,26
POOL,Pool Corporation,322.21,44,0,-10,-3,31,11,6,-16,-6,-5,26
GRAL,"Grail, Inc.",38.27,0,0,0,0,0,11,19,-4,0,26,26
CCI,Crown Castle,102.96,7,2,0,-25,-16,15,17,7,2,41,25
VOYA,Voya Financial,69.33,1,6,-10,1,-2,5,9,-15,28,27,25
CVX,Chevron Corporation,138.49,-7,-31,-7,45,0,-7,2,27,3,25,25
KRC,Kilroy Realty,32.97,44,0,-7,-37,0,13,17,-13,8,25,25
LSTR,Landstar,144.21,54,0,-22,0,32,19,6,-29,-4,-8,24
DAY,Dayforce,59.55,40,0,-7,-9,24,10,-2,-11,2,-1,23
KDP,Keurig Dr Pepper,33.83,2,0,0,0,2,16,-9,5,9,21,23
SEE,Sealed Air,32.28,70,6,-11,-21,44,5,17,-14,-29,-21,23
ROKU,"Roku, Inc.",70.8,42,0,0,-16,26,-10,11,-5,1,-3,23
AXTA,Axalta,32.36,0,0,-3,19,16,-17,17,-16,23,7,23
NSA,National Storage Affiliates,36.87,7,2,-2,0,7,12,17,-23,9,15,22
CACC,Credit Acceptance,502.87,1,3,0,1,5,14,7,-2,-2,17,22
LCID,Lucid Motors,2.69,45,0,-19,0,26,-1,33,-4,-32,-4,22
DD,DuPont,68.91,0,0,-8,16,8,2,11,-22,23,14,22
BC,Brunswick Corporation,52.94,55,0,-25,-4,26,11,6,-16,-6,-5,21
BRBR,BellRing Brands,66.66,0,-10,1,0,-9,14,-2,-6,24,30,21
FHB,"First Hawaiian, Inc.",24.26,0,4,1,11,16,-17,16,-7,11,3,19
DOCS,Doximity,53.75,-16,-2,41,0,23,-21,12,-4,9,-4,19
AMCR,Amcor,9.45,21,2,-7,0,16,18,-1,-22,8,3,19
FOUR,Shift4,90.0,0,0,3,0,3,-17,15,-4,21,15,18
ELS,Equity Lifestyle Properties,65.37,13,2,-8,4,11,16,-2,-19,12,7,18
EXAS,Exact Sciences,56.96,24,12,-15,-22,-1,34,16,-19,-13,18,17
JNPR,Juniper Networks,36.14,-15,1,0,51,37,-28,15,-24,17,-20,17
PEN,"Penumbra, Inc.",281.6,-23,2,19,8,6,-29,19,33,-12,11,17
EG,Everest Group,347.29,-2,2,-23,52,29,9,4,-24,-2,-13,16
ELAN,Elanco,13.22,63,9,-24,-4,44,4,11,-40,-3,-28,16
CMCSA,Comcast,35.43,42,3,-22,-6,17,16,6,-19,-5,-2,15
AGO,Assured Guaranty,86.09,-49,5,33,53,42,-59,19,-7,19,-28,14
BALL,Ball Corporation,54.33,39,6,-22,-8,15,12,18,-29,-2,-1,14
HES,Hess Corporation,132.79,-3,-31,-7,52,11,-20,5,18,-1,2,13
U,Unity Technologies,22.26,20,0,0,0,20,10,19,-4,-32,-7,13
D,Dominion Energy,56.19,13,4,1,-31,-13,16,19,-17,7,25,12
COLB,Columbia Banking System,24.88,0,6,0,-6,0,3,15,-13,7,12,12
FTV,Fortive,72.62,0,5,-8,30,27,-17,8,-4,-2,-15,12
O,Realty Income,56.26,4,2,0,4,10,13,-1,-21,10,1,11
DVA,DaVita,144.99,9,-25,0,17,1,16,-17,-7,16,8,9
DINO,HF Sinclair,36.38,92,8,-37,-6,57,-7,13,-49,-5,-48,9
PCOR,Procore,69.96,0,0,1,0,1,-16,11,-4,16,7,8
GEN,Gen Digital,28.5,0,9,2,13,24,-26,11,-14,13,-16,8
SJM,J.M. Smucker Company (The),113.44,11,0,0,0,11,18,-5,4,-20,-3,8
APTV,Aptiv,67.33,140,6,0,-21,125,-12,12,-84,-33,-117,8
SUI,Sun Communities,123.46,0,2,-2,-21,-21,9,17,-6,8,28,7
BOKF,BOK Financial Corporation,97.81,0,0,0,19,19,-17,7,-13,11,-12,7
FSLR,First Solar,164.87,0,5,-26,59,38,-10,19,-38,-3,-32,6
LNW,Light & Wonder,82.94,-17,-36,-8,54,-7,-18,11,-2,22,13,6
PPG,PPG Industries,114.27,42,6,-33,-5,10,10,14,-24,-5,-5,5
COO,Cooper Companies (The),81.9,-7,0,-14,-2,-23,9,19,-19,19,28,5
JLL,Jones Lang LaSalle,231.41,-3,0,0,11,8,-19,11,-7,11,-4,4
OWL,Blue Owl Capital,19.41,0,0,0,0,0,-17,11,-8,18,4,4
DG,Dollar General,98.18,16,47,-44,-14,5,19,-6,9,-23,-1,4
AA,Alcoa,29.41,55,0,-8,-17,30,10,6,-14,-29,-27,3
JNJ,Johnson & Johnson,152.5,1,-7,-1,0,-7,10,-2,-1,3,10,3
DBX,Dropbox,28.7,-14,0,6,6,-2,-14,21,-7,5,5,3
ZION,Zions Bancorporation,49.1,1,5,0,1,7,-17,11,-10,12,-4,3
UAA,Under Armour (Class A),6.55,42,0,-15,-41,-14,50,16,-15,-34,17,3
FCX,Freeport-McMoRan,38.8,0,6,-24,55,37,-21,12,-23,-3,-35,2
HAYW,Hayward Holdings,14.42,0,6,0,0,6,-17,13,-13,13,-4,2
WAL,Western Alliance Bancorporation,77.31,0,5,0,1,6,-17,11,-14,15,-5,1
BLD,TopBuild,295.57,-7,0,-16,43,20,-21,12,-33,22,-20,0
TPG,TPG Inc.,50.84,0,0,0,0,0,-17,12,-11,16,0,0
HOG,Harley-Davidson,25.36,55,2,-30,-6,21,5,7,-25,-8,-21,0
TEAM,Atlassian,214.43,-7,0,6,-3,-4,-17,18,-5,8,4,0
DLB,Dolby Laboratories,76.89,0,0,1,6,7,-17,11,-7,5,-8,-1
DKNG,DraftKings,37.21,0,0,-8,0,-8,-18,12,-5,17,6,-2
ZTS,Zoetis,163.94,19,3,-22,0,0,13,12,-25,-2,-2,-2
UA,Under Armour (Class C),6.2,42,0,-15,-34,-7,50,8,-19,-34,5,-2
YETI,Yeti Holdings,31.57,42,0,-22,-3,17,-5,6,-13,-7,-19,-2
ES,Eversource Energy,63.55,16,9,2,-7,20,12,12,-22,-25,-23,-3
LNC,Lincoln Financial,34.28,0,5,5,-3,7,-19,9,-5,5,-10,-3
NCLH,Norwegian Cruise Line Holdings,18.9,0,0,-7,0,-7,-15,7,-7,17,2,-5
CCCS,CCC Intelligent Solutions,9.15,15,0,-15,0,0,11,1,-14,-3,-5,-5
A,Agilent Technologies,113.39,1,0,-10,-2,-11,5,9,-7,-2,5,-6
AMED,Amedisys,94.11,-38,23,3,-37,-49,4,19,12,7,42,-7
IVZ,Invesco,15.33,0,2,-7,0,-5,-17,12,-7,10,-2,-7
IFF,International Flavors & Fragrances,77.31,13,2,-10,-28,-23,12,18,-22,8,16,-7
X,U.S. Steel,41.62,-21,1,6,23,9,-29,-1,10,3,-17,-8
GTLB,GitLab,48.93,-2,0,-8,0,-10,-17,11,-7,15,2,-8
MASI,Masimo,155.03,0,-44,33,-3,-14,2,-2,-2,7,5,-9
VKTX,Viking Therapeutics,27.51,-7,0,-27,18,-16,14,15,-20,-3,6,-10
WST,West Pharmaceutical Services,217.21,2,0,-14,-4,-16,12,13,-14,-5,6,-10
SNDR,Schneider National,24.57,4,0,-10,0,-6,-2,5,-14,7,-4,-10
ESTC,Elastic NV,92.28,3,0,0,-3,0,-15,11,-5,-1,-10,-10
FDX,FedEx,226.11,0,0,-13,29,16,-17,6,-15,-1,-27,-11
S,SentinelOne,19.98,0,0,-12,0,-12,-7,12,-15,11,1,-11
XYZ,"Block, Inc.",58.33,42,0,-11,-33,-2,-10,3,-12,10,-9,-11
SNDK,SanDisk,38.78,0,0,0,0,0,-17,6,0,0,-11,-11
MTN,Vail Resorts,152.36,56,0,-20,-20,16,12,6,-14,-33,-29,-13
ARW,Arrow Electronics,120.94,0,13,-29,1,-15,7,19,-20,-5,1,-14
INFA,Informatica,19.44,3,0,-29,0,-26,11,19,-14,-4,12,-14
WMS,Advanced Drainage Systems,119.31,0,6,-27,1,-20,12,19,-41,16,6,-14
ROIV,Roivant Sciences,10.84,-56,16,-2,0,-42,2,19,-15,21,27,-15
CAVA,Cava Group,90.04,-7,0,-1,0,-8,-14,21,-15,0,-8,-16
TSN,Tyson Foods,56.05,0,-11,0,-25,-36,12,-11,8,8,17,-19
CZR,Caesars Entertainment,29.57,0,0,-13,-22,-35,53,19,-22,-34,16,-19
GME,GameStop,27.9,0,9,0,-27,-18,-7,20,-10,-4,-1,-19
GEHC,GE HealthCare,73.1,0,0,-7,0,-7,-22,9,-5,5,-13,-20
RRX,Regal Rexnord,141.31,0,6,-15,1,-8,-17,11,-16,10,-12,-20
BG,Bunge Global,80.31,0,26,-31,0,-5,2,19,-34,-2,-15,-20
MTD,Mettler Toledo,1159.03,4,0,-10,0,-6,5,11,-28,-2,-14,-20
VTRS,Viatris,8.77,-29,0,-12,-4,-45,12,13,-16,16,25,-20
ELV,Elevance Health,403.88,5,-5,-31,0,-31,11,-20,5,14,10,-21
PATH,UiPath,12.58,0,7,-13,0,-6,-17,21,-12,-7,-15,-21
STZ,Constellation Brands,192.89,16,12,-32,0,-4,16,19,-48,-5,-18,-22
FANG,Diamondback Energy,139.35,0,0,-16,44,28,-20,7,-35,-2,-50,-22
UHAL-B,U-Haul (Series N),58.04,0,0,-10,0,-10,-7,11,-24,6,-14,-24
GFS,GlobalFoundries,39.14,56,5,-69,0,-8,-10,11,-4,-14,-17,-25
HST,Host Hotels & Resorts,15.43,0,6,-19,1,-12,-17,19,-14,-3,-15,-27
BBY,Best Buy,71.59,0,0,-11,-3,-14,-17,12,-22,13,-14,-28
UNH,UnitedHealth Group,315.88,-154,-22,-5,-1,-182,7,-17,-18,181,153,-29
LINE,"Lineage, Inc.",47.89,20,-31,0,0,-11,12,-14,-18,0,-20,-31
DNB,Dun & Bradstreet,8.98,6,0,-13,0,-7,6,19,-15,-34,-24,-31
MKSI,MKS Instruments,88.51,0,5,-14,-10,-19,-14,11,-8,-2,-13,-32
DHR,Danaher Corporation,196.4,1,0,-16,0,-15,11,-1,-27,-1,-18,-33
IONS,Ionis Pharmaceuticals,34.03,15,9,-36,-8,-20,11,15,-33,-7,-14,-34
PK,Park Hotels & Resorts,10.8,0,0,-13,-4,-17,-17,17,-15,-2,-17,-34
LSCC,Lattice Semiconductor,50.48,-5,0,-7,-2,-14,-17,11,-4,-12,-22,-36
ILMN,"Illumina, Inc.",82.98,42,0,-15,-37,-10,14,12,-15,-37,-26,-36
RH,RH,203.97,-7,0,-11,-4,-22,-17,7,-10,6,-14,-36
M,"Macy's, Inc.",12.02,-7,0,-18,-12,-37,6,9,-12,-3,0,-37
NVST,Envista,17.7,-2,0,-10,0,-12,1,12,-10,-29,-26,-38
HHH,Howard Hughes Holdings,69.9,-12,0,0,-3,-15,-26,7,-15,11,-23,-38
FI,Fiserv,169.19,-21,-32,-1,32,-22,-21,-18,-2,24,-17,-39
MTDR,Matador Resources,44.29,0,0,-16,0,-16,-17,6,-9,-3,-23,-39
MP,MP Materials,21.26,-63,-7,19,0,-51,-9,-14,32,1,10,-41
MKC,McCormick & Company,74.41,-29,-24,0,-1,-54,9,-2,-1,7,13,-41
AAP,Advance Auto Parts,34.35,23,-1,-39,-25,-42,34,5,-7,-31,1,-41
TGT,Target Corporation,97.97,-3,-1,-18,-8,-30,11,7,-26,-3,-11,-41
TER,Teradyne,81.5,0,-1,-16,-3,-20,-17,7,-10,-2,-22,-42
JAZZ,Jazz Pharmaceuticals,109.77,5,-37,-2,-3,-37,36,-2,-3,-36,-5,-42
CNC,Centene,61.56,1,0,-31,-8,-38,10,6,4,-25,-5,-43
KNX,Knight-Swift,45.41,0,0,-12,0,-12,-20,7,-8,-10,-31,-43
SITE,SiteOne Landscape Supply,123.32,0,0,-13,-6,-19,-17,12,-16,-5,-26,-45
MDB,MongoDB Inc.,189.16,0,0,-13,-6,-19,-17,11,-14,-6,-26,-45
PYPL,PayPal,72.32,0,0,0,-36,-36,-17,12,-11,6,-10,-46
MHK,Mohawk Industries,107.57,0,0,-13,-8,-21,-23,6,-21,11,-27,-48
SIRI,Sirius XM,22.47,70,0,-70,-28,-28,19,10,-36,-14,-21,-49
OVV,Ovintiv,37.08,0,-1,-24,0,-25,-17,6,-11,-3,-25,-50
OLED,Universal Display Corporation,152.31,1,6,-24,0,-17,-17,13,-27,-2,-33,-50
JBHT,J. B. Hunt,146.23,1,0,-18,0,-17,-17,6,-15,-7,-33,-50
SBUX,Starbucks,84.61,0,-41,-5,0,-46,-12,5,-2,4,-5,-51
BF-B,Brown–Forman (Class B),35.66,57,6,-90,-15,-42,18,19,-22,-25,-10,-52
SHC,Sotera Health,12.73,-8,11,-14,0,-11,-33,13,-19,-3,-42,-53
WBA,Walgreens Boots Alliance,11.26,0,6,0,-74,-68,8,21,17,-32,14,-54
WY,Weyerhaeuser,26.52,0,-32,-10,0,-42,9,6,-22,-5,-12,-54
HRL,Hormel Foods,30.12,21,3,-22,-20,-18,19,-15,-14,-27,-37,-55
KHC,Kraft Heinz,27.9,0,-19,-29,0,-48,9,-9,-1,-7,-8,-56
CERT,"Certara, Inc.",11.78,-28,0,-2,0,-30,8,-1,-5,-29,-27,-57
RARE,Ultragenyx,36.18,0,0,-14,-35,-49,7,-2,-22,9,-8,-57
IPG,Interpublic Group of Companies (The),25.48,0,-1,-30,0,-31,5,9,-27,-14,-27,-58
BMY,Bristol Myers Squibb,47.22,0,-31,-2,-2,-35,10,-34,-1,2,-23,-58
BLDR,Builders FirstSource,117.61,0,-74,-15,62,-27,-17,-63,-19,68,-31,-58
INSP,Inspire Medical Systems,149.99,0,-3,-10,-3,-16,-20,7,-15,-14,-42,-58
GLOB,Globant,105.56,-14,-2,-13,-4,-33,-19,11,-13,-4,-25,-58
BAX,Baxter International,31.5,2,0,-10,-35,-43,11,13,-1,-38,-15,-58
MTCH,Match Group,29.92,15,0,-13,-34,-32,30,-2,-20,-35,-27,-59
DJT,Trump Media & Technology Group,25.05,-2,2,-43,0,-43,-19,20,-11,-6,-16,-59
KSS,Kohl's,8.44,42,0,-49,-28,-35,48,7,-50,-29,-24,-59
EPAM,EPAM Systems,183.75,0,0,-13,-24,-37,3,11,-4,-34,-24,-61
ADM,Archer Daniels Midland,49.91,0,7,-33,-8,-34,6,19,-35,-17,-27,-61
AKAM,Akamai Technologies,77.84,-49,0,-13,-4,-66,6,18,-13,-7,4,-62
FMC,FMC Corporation,40.01,19,0,-27,-21,-29,17,-4,-23,-23,-33,-62
GMED,Globus Medical,61.05,-7,-61,-2,0,-70,11,-7,-7,9,6,-64
OMC,Omnicom Group,76.96,-21,-110,-14,42,-103,3,8,-19,47,39,-64
BILL,Bill.com,46.39,-8,0,-11,0,-19,-16,12,-7,-34,-45,-64
HR,Healthcare Realty Trust,15.14,4,-31,-1,-36,-64,12,-3,-16,6,-1,-65
FND,Floor & Decor,79.16,-7,0,-22,-3,-32,-21,7,-16,-3,-33,-65
ANGI,Angi Inc.,16.76,63,5,-27,-48,-7,7,1,-25,-41,-58,-65
AMKR,Amkor Technology,19.28,0,0,-27,0,-27,-15,12,-35,-2,-40,-67
CROX,Crocs,114.75,0,8,-29,1,-20,-15,8,-39,-2,-48,-68
DV,DoubleVerify,14.12,0,0,-57,0,-57,-13,12,-5,-7,-13,-70
TREX,"Trex Company, Inc.",60.6,0,0,-41,-10,-51,-17,14,-13,-3,-19,-70
MKTX,MarketAxess,219.41,0,2,-15,-26,-39,9,19,-19,-41,-32,-71
GNTX,Gentex,23.05,1,0,-29,-5,-33,5,7,-46,-5,-39,-72
DAR,Darling Ingredients,34.13,-5,6,-13,-17,-29,-17,18,-17,-27,-43,-72
W,Wayfair,38.69,56,6,-50,-38,-26,-7,12,-14,-37,-46,-72
CVS,CVS Health,62.77,-52,0,0,-14,-66,10,-4,12,-25,-7,-73
SWK,Stanley Black & Decker,70.63,1,0,-16,-36,-51,-17,6,-22,11,-22,-73
ON,ON Semiconductor,43.85,0,0,-24,-3,-27,-17,12,-30,-12,-47,-74
PII,Polaris Inc.,39.09,54,0,-87,-14,-47,11,6,-30,-14,-27,-74
REGN,Regeneron Pharmaceuticals,596.41,30,-48,-28,0,-46,42,-41,-29,-1,-29,-75
RYN,Rayonier,24.04,6,-31,-7,-2,-34,14,-31,-19,-6,-42,-76
SAM,Boston Beer Company,246.54,16,11,-22,-34,-29,16,-5,-18,-41,-48,-77
CFLT,"Confluent, Inc.",21.89,0,-52,-3,0,-55,-13,-5,-5,1,-22,-77
CE,Celanese,52.48,0,0,-30,-7,-37,6,8,-48,-6,-40,-77
COLM,Columbia Sportswear,65.72,0,-49,-8,-3,-60,-28,3,-3,10,-18,-78
WFRD,Weatherford International,47.64,0,0,-31,0,-31,-17,7,-35,-2,-47,-78
CDW,CDW,188.04,0,6,-29,1,-22,-15,13,-50,-5,-57,-79
NKE,"Nike, Inc.",62.04,82,-1,-64,-18,-1,12,7,-65,-33,-79,-80
PARA,Paramount Global (Class B),11.76,0,7,0,-36,-29,-21,13,-1,-42,-51,-80
REXR,Rexford Industrial,35.59,5,2,-33,-15,-41,11,6,-28,-29,-40,-81
BIO,Bio-Rad Laboratories,247.34,0,0,-14,-25,-39,8,-1,-19,-34,-46,-85
RGEN,Repligen,126.14,-29,0,-3,-14,-46,2,-1,-7,-34,-40,-86
LW,Lamb Weston,53.54,15,-13,-59,-5,-62,21,-21,-13,-11,-24,-86
BF-A,Brown–Forman (Class A),35.45,21,8,-89,-15,-75,19,19,-29,-21,-12,-87
ENTG,Entegris,75.53,-7,-3,-31,-3,-44,-17,11,-36,-2,-44,-88
RHI,Robert Half,48.17,46,-80,-16,-6,-56,9,2,-14,-29,-32,-88
MGM,MGM Resorts International,33.67,0,6,-43,0,-37,-16,19,-50,-6,-53,-90
MPW,Medical Properties Trust,4.95,-35,-6,0,-33,-74,9,-4,9,-32,-18,-92
DOC,Healthpeak Properties,17.72,6,-32,-4,-28,-58,12,-35,-19,6,-36,-94
REYN,Reynolds Consumer Products,23.13,0,-72,-15,0,-87,11,-2,-27,10,-8,-95
COLD,Americold,18.07,6,-34,-28,-8,-64,16,-8,-28,-12,-32,-96
AES,AES Corporation,11.71,0,5,-29,-8,-32,-9,6,-40,-21,-64,-96
CAG,Conagra Brands,23.0,0,-24,-19,-4,-47,9,-38,-1,-20,-50,-97
IPGP,IPG Photonics,65.5,44,5,-73,-41,-65,11,12,-14,-41,-32,-97
NUE,Nucor,115.83,-21,0,-42,0,-63,-23,13,-19,-5,-34,-97
WSC,WillScot Mobile Mini,29.25,0,0,-52,-3,-55,-17,11,-29,-9,-44,-99
NWL,Newell Brands,5.69,0,0,-14,-28,-42,-16,6,-14,-33,-57,-99
INTC,Intel,21.4,0,-1,-56,-17,-74,-20,6,-4,-9,-27,-101
VFC,VF Corporation,14.32,0,-52,-7,-40,-99,-7,7,-7,4,-3,-102
OGN,Organon & Co.,8.99,6,-39,-16,0,-49,13,-37,-29,-1,-54,-103
WU,Western Union,9.86,0,-31,-10,-43,-84,11,17,-45,-2,-19,-103
BDX,Becton Dickinson,177.09,13,-59,-15,-2,-63,9,-33,-6,-12,-42,-105
PENN,Penn Entertainment,15.45,-7,-1,-10,-31,-49,-21,11,-5,-41,-56,-105
CRL,Charles River Laboratories,141.44,0,1,-41,-23,-63,2,9,-50,-5,-44,-107
CIVI,Civitas Resources,28.83,-3,-1,-42,-3,-49,-17,6,-42,-6,-59,-108
DVN,Devon Energy,32.68,0,5,-37,-2,-34,-19,7,-43,-19,-74,-108
BIIB,Biogen,129.47,19,0,-71,-24,-76,11,6,-34,-15,-32,-108
IRDM,Iridium Communications,25.22,-15,-49,-8,-16,-88,-5,10,-10,-16,-21,-109
PFE,Pfizer,23.01,0,-39,-20,-20,-79,11,12,-28,-25,-30,-109
ST,Sensata Technologies,26.65,0,6,-29,-12,-35,-17,10,-36,-32,-75,-110
CPB,Campbell Soup Company,35.48,2,-31,-19,-3,-51,10,-41,-26,-2,-59,-110
TDC,Teradata,22.67,0,0,-66,-14,-80,-17,11,-14,-13,-33,-113
KMX,CarMax,67.96,0,-55,-6,-33,-94,-20,2,-10,8,-20,-114
SLB,Schlumberger,35.1,0,-32,-57,0,-89,-17,6,-8,-7,-26,-115
IAC,IAC Inc.,37.51,0,6,-27,-28,-49,-17,7,-22,-35,-67,-116
GIS,General Mills,54.82,10,-30,-28,-1,-49,13,-40,-24,-16,-67,-116
OXY,Occidental Petroleum,42.32,0,-1,-42,0,-43,-20,6,-46,-13,-73,-116
LYB,LyondellBasell,59.18,0,-43,-31,-2,-76,3,6,-45,-4,-40,-116
GO,Grocery Outlet,14.14,0,2,-87,0,-85,12,-3,-15,-25,-31,-116
RNG,RingCentral,27.29,0,0,-13,-38,-51,-23,11,-13,-42,-67,-118
PEP,PepsiCo,131.73,2,-31,-29,0,-58,15,-40,-26,-10,-61,-119
QDEL,QuidelOrtho,32.56,0,0,-10,-35,-45,-29,8,-10,-44,-75,-120
XRAY,Dentsply Sirona,16.65,56,3,-68,-39,-48,10,10,-55,-37,-72,-120
UWMC,United Wholesale Mortgage,4.22,0,-40,-16,0,-56,14,-48,-29,-1,-64,-120
WEN,Wendy's Company (The),12.34,1,-33,-24,-5,-61,10,-39,-19,-12,-60,-121
RVTY,Revvity,94.35,0,-49,-7,-21,-77,3,-41,-12,5,-45,-122
ENOV,Enovis,35.48,0,0,-52,-14,-66,-17,7,-12,-34,-56,-122
HUM,Humana,247.45,6,-13,-76,-9,-92,10,-16,-7,-17,-30,-122
HSY,Hershey Company (The),156.53,-35,-5,-32,-1,-73,-33,-2,-1,-16,-52,-125
CHRD,Chord Energy,95.02,0,-32,-37,1,-68,-20,6,-41,-3,-58,-126
SAIA,Saia,281.59,0,-63,-13,1,-75,-17,-18,-15,-2,-52,-127
CPRI,Capri Holdings,18.22,0,0,-59,-8,-67,-16,7,-23,-29,-61,-128
CGNX,Cognex Corporation,30.99,0,0,-27,-28,-55,-13,10,-35,-37,-75,-130
AAL,American Airlines Group,11.85,0,0,-8,-73,-81,-17,11,-8,-36,-50,-131
AVTR,Avantor,13.36,41,-70,-16,0,-45,11,-69,-27,-2,-87,-132
COP,ConocoPhillips,90.4,-7,-32,-32,1,-70,-17,6,-48,-5,-64,-134
LEA,Lear Corporation,94.11,0,6,-55,-14,-63,-20,11,-51,-12,-72,-135
QS,QuantumScape,3.96,-6,0,-71,0,-77,-1,11,-35,-33,-58,-135
EL,Estée Lauder Companies (The),65.36,57,0,-107,-23,-73,12,9,-52,-32,-63,-136
MAN,ManpowerGroup,43.97,42,-32,-33,-25,-48,11,-34,-33,-33,-89,-137
BMRN,BioMarin Pharmaceutical,59.41,-35,-31,-37,-17,-120,5,-2,-2,-19,-18,-138
PRGO,Perrigo,27.21,5,1,0,-110,-104,11,8,-2,-52,-35,-139
ALGN,Align Technology,184.8,0,0,-54,-22,-76,1,20,-49,-35,-63,-139
TECH,Bio-Techne,49.29,-26,-70,-14,-21,-131,2,6,-14,-3,-9,-140
PLTK,Playtika,4.66,-55,-1,-13,0,-69,-28,-2,-14,-28,-72,-141
NOV,NOV Inc.,12.57,0,-32,-42,-9,-83,-21,6,-33,-12,-60,-143
WBD,Warner Bros. Discovery,9.04,0,-32,0,-39,-71,-29,6,-7,-42,-72,-143
ACHC,Acadia Healthcare,25.08,-7,-58,-35,-8,-108,2,5,-29,-13,-35,-143
DXC,DXC Technology,15.27,-16,-2,-12,-70,-100,-5,11,-19,-31,-44,-144
TRIP,Tripadvisor,14.94,0,5,-48,-49,-92,-17,11,-5,-41,-52,-144
FIVN,Five9,27.22,0,0,-66,-32,-98,-17,11,-4,-37,-47,-145
FBIN,Fortune Brands Innovations,54.61,0,-118,-13,-2,-133,-17,6,-19,17,-13,-146
LBTYA,Liberty Global (Series A),9.77,7,-32,-27,-28,-80,-2,-33,-25,-7,-67,-147
CLVT,Clarivate,4.3,-16,0,-64,-3,-83,-17,15,-24,-39,-65,-148
GPN,Global Payments,80.85,-3,-66,-14,-36,-119,-17,6,-11,-7,-29,-148
CLX,Clorox,134.83,0,-94,-4,-2,-100,8,-52,-14,10,-48,-148
SRPT,Sarepta Therapeutics,37.94,0,-88,-16,-4,-108,7,-10,-37,-3,-43,-151
TMO,Thermo Fisher Scientific,411.86,-23,-57,-9,-2,-91,1,-67,-8,11,-63,-154
ONTO,Onto Innovation,100.48,-49,-67,-13,0,-129,-11,-7,-8,-1,-27,-156
ASH,Ashland Global,52.33,42,-131,-28,-6,-123,9,-1,-40,-7,-39,-162
WHR,Whirlpool Corporation,82.24,0,-76,-11,-23,-110,-19,5,-7,-33,-54,-164
SEG,Seaport Entertainment Group,18.23,-25,-106,0,0,-131,-31,9,-15,0,-37,-168
FLO,Flowers Foods,17.12,-29,-31,-24,-5,-89,5,-23,-44,-20,-82,-171
LBTYK,Liberty Global (Series C),10.03,7,-32,-27,-27,-79,-2,-33,-24,-33,-92,-171
CLF,Cleveland-Cliffs,7.36,-8,-44,-50,-13,-115,1,-3,-50,-5,-57,-172
HOLX,Hologic,56.44,0,-133,-22,-1,-156,5,1,-22,-4,-20,-176
WLK,Westlake Corporation,79.95,-14,-63,-27,-1,-105,-20,-12,-39,-3,-74,-179
TXG,10x Genomics,8.92,-6,0,-63,0,-69,-20,11,-62,-39,-110,-179
IQV,IQVIA,143.54,-28,-67,-27,-3,-125,-28,5,-29,-3,-55,-180
HAL,Halliburton,20.86,0,-83,-50,-2,-135,10,-4,-49,-6,-49,-184
APA,APA Corporation,17.32,0,0,-72,-9,-81,-17,6,-76,-16,-103,-184
ARE,Alexandria Real Estate Equities,74.04,3,-39,-24,-27,-87,9,-41,-35,-32,-99,-186
CRI,Carter's,36.39,42,-75,-49,-14,-96,16,-74,-26,-6,-90,-186
NFE,New Fortress Energy,3.3,-21,-62,-58,0,-141,-21,6,-9,-22,-46,-187
TFX,Teleflex,128.12,2,-75,-29,-36,-138,12,-30,-25,-7,-50,-188
MRNA,Moderna,26.4,5,-77,-42,-1,-115,7,-3,-42,-36,-74,-189
AZTA,Azenta,27.11,0,-57,-40,-28,-125,2,-62,-6,-6,-72,-197
ZBH,Zimmer Biomet,95.78,-7,-29,-52,-14,-102,-7,-23,-51,-15,-96,-198
CHDN,Churchill Downs Incorporated,98.09,49,-106,-18,0,-75,-16,-115,-19,27,-123,-198
UPS,United Parcel Service,99.1,0,-41,-93,-13,-147,-5,6,-21,-31,-51,-198
SPB,Spectrum Brands,63.66,0,-106,-15,1,-120,-19,-67,-14,21,-79,-199
HUN,Huntsman Corporation,12.42,0,-42,-32,-12,-86,-21,-35,-27,-30,-113,-199
BRKR,Bruker,37.81,-35,-71,-47,-5,-158,3,11,-51,-6,-43,-201
LEG,Leggett & Platt,9.24,-16,6,-119,-27,-156,-7,14,-22,-35,-50,-206
ETSY,Etsy,47.04,0,0,-107,-27,-134,-33,6,-13,-34,-74,-208
COTY,Coty,5.03,37,-78,-51,-4,-96,-13,-41,-53,-6,-113,-209
MRK,Merck & Co.,77.23,-70,-34,-34,-1,-139,5,-36,-38,-3,-72,-211
VSTS,Vestis,6.03,-28,-75,-8,0,-111,-27,-75,-14,0,-116,-227
CC,Chemours,11.18,-21,-80,-52,-10,-163,-22,-2,-14,-27,-65,-228
ENPH,Enphase Energy,48.77,1,-90,-33,-17,-139,-1,-31,-40,-21,-93,-232
FTRE,Fortrea,4.45,-42,-104,-23,0,-169,-33,6,-52,0,-79,-248
DOW,Dow Inc.,30.12,-16,-141,-30,0,-187,-28,7,-45,-5,-71,-258
WOLF,Wolfspeed,3.49,-7,0,-121,-27,-155,-10,11,-87,-34,-120,-275
APLS,Apellis Pharmaceuticals,17.68,0,-70,-57,-13,-140,12,-94,-55,-15,-152,-292
ALB,Albemarle Corporation,59.25,-7,-103,-115,-20,-245,-19,6,-14,-22,-49,-294
OLN,Olin Corporation,20.67,-21,-140,-47,-6,-214,-28,12,-49,-20,-85,-299
SEB,Seaboard Corporation,2507.7,-70,-31,-86,-20,-207,-25,-41,-1,-26,-93,-300
