Symbol,Name,Close,1H Cloud Score,1D Cloud Score,1W Cloud Score,1M Cloud Score,Cloud Score Sum,1H TKx Score,1D TKx Score,1W TKx Score,1M TKx Score,TKx Score Sum,Total Score Sum
TJX,TJX Companies,132.4,42,6,147,198,393,40,10,116,193,359,752
ORLY,O'Reilly Auto Parts,103.6,112,17,162,199,490,-4,23,53,89,161,651
RSG,Republic Services,237.06,0,-9,123,177,291,30,-34,92,160,248,539
WM,"Waste Management, Inc.",237.13,14,3,94,187,298,30,10,26,159,225,523
COOP,Mr. Cooper Group,180.19,49,63,118,58,288,-11,62,116,56,223,511
PLTR,Palantir Technologies,182.69,42,76,115,0,233,40,78,118,20,256,489
COST,Costco,988.94,34,-20,116,180,310,26,-39,-1,184,170,480
HWM,Howmet Aerospace,179.88,-1,76,147,29,251,-4,76,91,57,220,471
CTAS,Cintas,223.88,27,6,18,167,218,37,9,12,187,245,463
NFG,National Fuel Gas,87.87,15,147,59,52,273,28,78,70,10,186,459
NDAQ,"Nasdaq, Inc.",96.97,27,69,75,144,315,40,76,9,14,139,454
RBC,RBC Bearings,396.83,0,67,92,164,323,-17,76,13,57,129,452
CBOE,Cboe Global Markets,253.46,49,59,143,55,306,19,54,21,51,145,451
ICE,Intercontinental Exchange,185.94,0,69,111,161,341,-4,70,21,21,108,449
SO,Southern Company,94.56,-4,36,75,190,297,-5,52,22,79,148,445
CASY,Casey's,515.32,-34,43,112,87,208,-4,43,116,78,233,441
ROL,"Rollins, Inc.",58.44,47,13,30,286,376,-1,5,22,35,61,437
ORI,Old Republic International,37.5,37,0,146,58,241,35,-20,116,55,186,427
WMT,Walmart,103.94,91,13,126,101,331,49,8,9,29,95,426
RBA,RB Global,117.38,23,74,103,27,227,40,23,106,19,188,415
JPM,JPMorgan Chase,289.71,-49,65,122,158,296,2,76,9,26,113,409
MSI,Motorola Solutions,461.23,28,18,0,153,199,19,28,-26,185,206,405
DUK,Duke Energy,125.57,63,19,75,183,340,-2,29,21,16,64,404
AAPL,Apple Inc.,227.21,27,30,0,251,308,27,-4,1,71,95,403
WELL,Welltower,168.07,0,60,115,58,233,-9,21,132,24,168,401
MCD,McDonald's,304.38,28,4,51,242,325,-3,19,-3,57,70,395
PGR,Progressive Corporation,244.92,3,-43,104,177,241,-5,-39,-2,189,143,384
CDNS,Cadence Design Systems,348.93,-6,32,16,141,183,-23,31,9,180,197,380
AVGO,Broadcom,303.93,26,66,18,116,226,35,78,9,30,152,378
AZO,AutoZone,4044.81,49,16,93,86,244,-3,23,53,57,130,374
NVDA,Nvidia,182.09,23,62,13,134,232,34,70,9,26,139,371
ORCL,Oracle Corporation,252.92,7,62,10,198,277,-17,69,9,27,88,365
AM,Antero Midstream,18.47,56,8,147,23,234,-6,2,77,55,128,362
MA,Mastercard,573.75,14,8,125,155,302,8,15,9,26,58,360
MS,Morgan Stanley,143.93,23,63,75,64,225,34,74,9,16,133,358
ADP,Automatic Data Processing,303.71,0,0,84,180,264,18,10,9,57,94,358
ALL,Allstate,206.3,55,8,96,159,318,2,8,10,17,37,355
EBAY,eBay,95.31,56,72,76,14,218,19,21,81,16,137,355
BK,BNY Mellon,103.31,24,65,93,40,222,35,69,9,19,132,354
GLW,Corning Inc.,64.99,132,62,18,17,229,35,69,7,14,125,354
FAST,Fastenal,47.85,23,85,44,106,258,28,29,15,23,95,353
LYV,Live Nation Entertainment,154.47,14,64,93,147,318,5,2,8,16,31,349
GOOGL,Alphabet (Class A),201.0,27,52,7,176,262,35,26,4,21,86,348
ARES,Ares Management,186.57,30,63,16,59,168,-12,76,9,106,179,347
WRB,W. R. Berkley Corporation,69.99,0,-1,93,176,268,-1,2,23,55,79,347
GOOG,Alphabet (Class C),201.54,27,52,6,176,261,35,26,3,21,85,346
BR,Broadridge Financial Solutions,263.47,35,16,113,145,309,-8,10,9,25,36,345
KR,Kroger,74.37,43,36,78,67,224,49,8,49,15,121,345
MSFT,Microsoft,521.75,-29,70,15,173,229,2,78,9,25,114,343
DASH,DoorDash,256.15,94,62,96,0,252,-12,75,9,18,90,342
VMI,Valmont Industries,367.78,42,53,61,58,214,37,73,6,10,126,340
RTX,RTX Corporation,154.8,-13,62,76,54,179,-5,68,83,14,160,339
DTE,DTE Energy,139.93,1,19,73,189,282,-3,16,26,13,52,334
FFIV,"F5, Inc.",317.96,56,62,93,14,225,7,76,9,17,109,334
SGI,Somnigroup International,76.27,16,63,40,64,183,40,76,9,26,151,334
J,Jacobs Solutions,147.93,34,61,5,106,206,26,76,6,19,127,333
IBKR,Interactive Brokers,66.18,14,63,88,57,222,14,32,7,57,110,332
GS,Goldman Sachs,719.33,23,63,91,58,235,-12,74,9,21,92,327
ETR,Entergy,90.1,0,21,75,137,233,-26,16,88,14,92,325
APH,Amphenol,109.8,42,76,18,65,201,10,78,9,27,124,325
ANSS,Ansys,384.54,94,46,13,10,163,106,25,6,22,159,322
KLAC,KLA Corporation,910.47,21,63,13,177,274,18,-8,9,26,45,319
ATO,Atmos Energy,165.11,28,3,73,45,149,21,19,84,45,169,318
HEI,HEICO (Common),312.46,-34,0,24,189,179,-4,68,15,57,136,315
ALNY,Alnylam Pharmaceuticals,434.78,68,62,16,15,161,59,70,9,15,153,314
ETN,Eaton Corporation,360.33,-35,63,7,114,149,10,76,7,72,165,314
TMUS,T-Mobile US,248.9,17,2,93,139,251,19,15,-7,35,62,313
NRG,NRG Energy,152.04,-28,0,102,94,168,2,9,112,21,144,312
BSX,Boston Scientific,102.77,-35,0,143,144,252,-5,-4,9,57,57,309
MO,Altria,65.69,66,16,69,45,196,61,9,25,16,111,307
CME,CME Group,285.76,7,13,53,136,209,6,24,49,19,98,307
LOPE,Grand Canyon Education,195.73,28,3,146,35,212,26,2,33,34,95,307
JBL,Jabil,222.7,0,66,18,65,149,14,76,10,57,157,306
OLLI,Ollie's Bargain Outlet,135.02,-2,63,114,16,191,-17,44,62,23,112,303
HUBB,Hubbell Incorporated,417.7,-49,61,0,182,194,-47,79,6,71,109,303
SPGI,S&P Global,556.21,0,63,15,172,250,-11,32,7,21,49,299
L,Loews Corporation,93.7,42,63,111,55,271,1,-7,9,24,27,298
MPWR,Monolithic Power Systems,797.71,49,63,2,157,271,9,7,9,-2,23,294
KO,Coca-Cola Company (The),70.79,28,0,27,182,237,41,-20,22,14,57,294
YUM,Yum! Brands,141.28,-35,-5,27,259,246,-1,-9,-1,57,46,292
HD,Home Depot (The),387.98,42,15,0,180,237,7,28,1,19,55,292
MMC,Marsh McLennan,203.35,0,-44,-2,175,129,34,-39,-10,178,163,292
SSNC,SS&C Technologies,85.53,27,39,89,14,169,35,64,6,15,120,289
HIG,Hartford (The),128.37,42,5,93,57,197,2,9,20,56,87,284
MCO,Moody's Corporation,511.72,0,63,15,156,234,-12,30,7,25,50,284
FIX,Comfort Systems USA,693.28,1,66,16,64,147,-5,78,9,55,137,284
HEI-A,HEICO (Class A),245.18,-34,0,25,182,173,-4,69,16,30,111,284
SPOT,Spotify,689.61,24,0,111,12,147,42,-20,94,20,136,283
SCHW,Charles Schwab Corporation,97.68,10,76,76,11,173,10,76,9,14,109,282
ITT,ITT Inc.,165.68,0,69,15,99,183,-12,76,9,26,99,282
APP,AppLovin,465.8,79,8,104,0,191,49,16,5,18,88,279
AXS,AXIS Capital,96.03,23,-9,85,45,144,36,-35,81,53,135,279
AXON,Axon Enterprise,818.69,0,5,144,94,243,-9,5,9,30,35,278
MSA,MSA Safety,169.5,-12,65,0,164,217,-20,76,9,-5,60,277
GD,General Dynamics,314.89,14,85,7,54,160,10,40,9,57,116,276
EHC,Encompass Health,117.43,36,0,142,29,207,35,-20,23,29,67,274
RPM,RPM International,119.39,13,14,-2,180,205,9,23,6,30,68,273
ANET,Arista Networks,137.64,28,48,6,58,140,28,44,5,56,133,273
GRMN,Garmin,228.95,15,36,111,19,181,36,29,5,21,91,272
SCI,Service Corporation International,80.32,42,2,1,175,220,48,-16,7,13,52,272
HCA,HCA Healthcare,383.01,57,2,2,97,158,67,2,15,29,113,271
SNX,TD Synnex,145.55,14,63,14,63,154,18,69,7,21,115,269
AON,AON,368.26,10,6,1,177,194,36,-3,-14,56,75,269
RJF,Raymond James Financial,164.89,-4,62,91,58,207,3,34,6,19,62,269
ALAB,Astera Labs,179.43,121,61,0,0,182,59,23,4,0,86,268
TRV,Travelers Companies (The),264.36,42,0,90,58,190,-11,10,23,56,78,268
PTC,PTC Inc.,203.28,-19,62,5,182,230,-21,26,6,26,37,267
SNPS,Synopsys,616.22,-8,50,6,180,228,-6,42,7,-5,38,266
NI,NiSource,42.17,-3,24,73,45,139,9,16,88,14,127,266
BLK,BlackRock,1128.78,24,62,16,22,124,35,76,9,21,141,265
AMD,Advanced Micro Devices,172.32,2,62,2,110,176,18,69,9,-7,89,265
CACI,CACI,478.62,23,46,1,154,224,40,-11,13,-1,41,265
LOW,Lowe's,240.02,42,15,-19,166,204,40,27,-26,19,60,264
EME,Emcor,614.38,-17,63,16,58,120,2,78,7,57,144,264
SHW,Sherwin-Williams,354.65,48,6,0,190,244,7,-15,9,19,20,264
SFM,Sprouts Farmers Market,148.71,-83,-11,144,46,96,-30,-9,150,57,168,264
LRCX,Lam Research,102.04,24,63,8,152,247,18,-7,9,-5,15,262
NFLX,Netflix,1218.37,15,0,115,20,150,20,-17,86,20,109,259
PAYX,Paychex,138.56,-7,-9,83,167,234,-1,-2,12,14,23,257
STE,Steris,241.62,21,2,13,195,231,15,-35,21,25,26,257
MP,MP Materials,72.69,49,46,31,0,126,40,43,44,4,131,257
LIN,Linde plc,470.36,30,6,12,110,158,-11,-7,9,106,97,255
BWXT,BWX Technologies,177.76,103,61,12,35,211,-10,14,9,31,44,255
PPL,PPL Corporation,36.29,21,21,75,23,140,-2,16,87,14,115,255
ITW,Illinois Tool Works,256.96,14,34,1,178,227,-4,-3,6,29,28,255
WSM,"Williams-Sonoma, Inc.",200.47,111,29,7,65,212,-11,31,1,21,42,254
ACM,AECOM,119.23,35,69,15,65,184,-2,-9,9,71,69,253
PM,Philip Morris International,170.38,28,-13,69,55,139,27,-25,84,27,113,252
GE,GE Aerospace,275.24,27,74,18,27,146,14,32,29,29,104,250
NEU,NewMarket,758.93,32,85,18,29,164,45,-8,21,27,85,249
PEG,Public Service Enterprise Group,86.53,-27,42,3,152,170,8,49,3,17,77,247
SEB,Seaboard Corporation,3480.0,105,37,4,-23,123,96,49,7,-29,123,246
NVT,Nvent Electric,88.79,98,63,7,12,180,-12,76,7,-5,66,246
TPR,"Tapestry, Inc.",107.96,-1,63,79,21,162,-12,69,7,19,83,245
ABBV,AbbVie,198.64,49,15,16,58,138,19,22,2,64,107,245
DGX,Quest Diagnostics,178.36,21,2,67,18,108,58,-5,67,14,134,242
BX,Blackstone Inc.,170.07,0,34,3,142,179,6,32,4,21,63,242
USFD,US Foods,78.27,-21,66,142,35,222,-13,-3,9,26,19,241
VST,Vistra Corp.,200.19,-9,62,18,30,101,12,75,7,45,139,240
AMAT,Applied Materials,184.38,14,63,0,149,226,18,-8,7,-5,12,238
TDG,TransDigm Group,1410.62,-35,0,18,157,140,-1,33,9,57,98,238
COR,Cencora,290.69,6,0,43,75,124,6,-14,54,68,114,238
CHD,Church & Dwight,91.7,-68,-11,-15,344,250,-12,-13,-13,25,-13,237
RL,Ralph Lauren Corporation,288.6,-21,65,93,34,171,5,26,9,26,66,237
HOOD,Robinhood Markets,113.66,23,65,80,0,168,39,3,9,18,69,237
CW,Curtiss-Wright,490.26,-21,71,18,54,122,-21,78,9,49,115,237
V,Visa Inc.,336.07,-58,-7,136,133,204,5,-7,9,26,33,237
LDOS,Leidos,177.2,35,75,1,23,134,39,32,12,19,102,236
MNST,Monster Beverage,63.67,21,2,25,180,228,19,-33,18,4,8,236
FERG,Ferguson Enterprises,222.63,-7,65,10,65,133,-7,76,9,25,103,236
CMI,Cummins,388.32,35,35,4,65,139,35,26,5,30,96,235
EVRG,Evergy,72.44,0,44,57,14,115,-11,44,76,10,119,234
OGE,OGE Energy,45.18,0,19,67,45,131,-7,29,67,14,103,234
C,Citigroup,92.31,13,63,18,18,112,25,73,9,14,121,233
T,AT&T,28.15,19,3,69,16,107,12,5,93,15,125,232
AWI,Armstrong World Industries,189.59,3,70,93,21,187,-12,29,9,19,45,232
URI,United Rentals,870.11,0,63,6,64,133,1,34,7,57,99,232
VMC,Vulcan Materials,285.26,45,15,5,60,125,47,23,9,27,106,231
LPLA,LPL Financial,371.12,-49,64,44,99,158,-18,25,9,57,73,231
RGLD,Royal Gold,170.56,42,-26,60,18,94,52,1,67,16,136,230
COHR,Coherent Corp.,113.63,23,62,5,15,105,34,69,6,15,124,229
ADI,Analog Devices,224.1,0,0,10,179,189,19,-14,9,26,40,229
TRMB,Trimble Inc.,82.55,-3,63,78,4,142,-1,68,7,12,86,228
EVR,Evercore,296.85,0,62,6,58,126,-7,76,7,26,102,228
PWR,Quanta Services,384.11,-49,70,16,99,136,-68,78,9,72,91,227
LITE,Lumentum,115.09,23,61,13,3,100,40,69,7,10,126,226
WBA,Walgreens Boots Alliance,11.88,91,63,0,-77,77,101,78,5,-35,149,226
VLTO,Veralto,107.14,91,63,1,0,155,37,26,8,0,71,226
AMED,Amedisys,100.97,63,80,11,-40,114,34,43,24,10,111,225
NEM,Newmont,68.88,42,87,18,5,152,-5,49,18,10,72,224
CELH,Celsius Holdings,54.0,21,102,0,65,188,15,11,17,-9,34,222
TTEK,Tetra Tech,36.81,-1,61,-28,119,151,-10,76,5,-1,70,221
PSTG,Pure Storage,57.32,0,62,0,42,104,24,30,5,57,116,220
MTZ,MasTec,179.18,23,69,18,18,128,-6,76,9,13,92,220
PPC,Pilgrim's Pride,50.4,46,3,85,21,155,40,10,-3,18,65,220
DELL,Dell Technologies,138.38,21,63,5,32,121,18,76,9,-4,99,220
D,Dominion Energy,61.51,50,61,13,1,125,47,29,9,10,95,220
CAT,Caterpillar Inc.,408.37,-24,62,7,64,109,-23,69,7,57,110,219
IBM,IBM,236.19,-20,-8,108,54,134,-11,-16,55,56,84,218
CXT,Crane NXT,59.57,14,53,1,55,123,12,21,5,56,94,217
RBLX,Roblox Corporation,130.8,0,75,52,0,127,-12,76,15,11,90,217
AJG,Arthur J. Gallagher & Co.,288.91,0,-33,0,186,153,-4,-39,-1,107,63,216
GILD,Gilead Sciences,120.53,14,57,50,35,156,11,2,7,39,59,215
AME,Ametek,182.45,-1,8,3,106,116,-20,8,9,101,98,214
SRE,Sempra,80.93,-4,18,0,181,195,-5,18,7,-1,19,214
CSCO,Cisco,70.69,27,63,47,14,151,35,-7,9,25,62,213
CRH,CRH plc,107.39,30,17,6,64,117,40,26,3,27,96,213
PH,Parker Hannifin,731.32,15,64,16,65,160,15,-2,9,30,52,212
RMD,Resmed,284.57,10,69,16,13,108,7,75,8,13,103,211
TSCO,Tractor Supply Company,59.52,19,29,6,85,139,-12,-4,3,85,72,211
BYD,Boyd Gaming,81.44,-49,63,47,59,120,-21,76,9,27,91,211
STT,State Street Corporation,109.82,-2,65,16,16,95,24,70,8,14,116,211
AAON,AAON,72.08,-8,-1,-12,245,224,-20,-1,-24,31,-14,210
CBRE,CBRE Group,153.5,-2,47,91,22,158,-12,43,7,14,52,210
UI,Ubiquiti,464.88,28,35,51,10,124,39,27,9,10,85,209
LLYVA,Liberty Live (Series A),85.9,23,76,29,0,128,34,37,9,0,80,208
BLD,TopBuild,415.09,41,37,1,46,125,41,40,5,-3,83,208
PHM,PulteGroup,120.21,42,36,0,65,143,-9,40,5,29,65,208
JEF,Jefferies Financial Group,58.92,23,39,-19,58,101,32,39,-22,57,106,207
CSL,Carlisle Companies,366.37,0,-8,-2,178,168,11,-2,9,20,38,206
FLEX,Flex Ltd.,50.15,-3,63,17,58,135,9,-5,9,57,70,205
WPC,W. P. Carey,65.61,20,60,28,2,110,11,52,25,5,93,203
SLM,Sallie Mae,31.75,0,0,89,22,111,40,-13,43,21,91,202
VICI,Vici Properties,32.81,-16,44,57,15,100,-22,44,22,57,101,201
BWA,BorgWarner,38.49,56,65,7,2,130,48,29,9,-16,70,200
CAH,Cardinal Health,157.81,12,0,54,38,104,6,-15,47,57,95,199
JCI,Johnson Controls,105.7,0,71,74,19,164,9,-2,9,18,34,198
VTR,"Ventas, Inc.",68.55,56,19,71,22,168,-9,21,3,15,30,198
VRT,Vertiv,139.91,-3,62,8,8,75,15,76,6,26,123,198
SSD,Simpson Manufacturing Company,181.54,2,15,0,156,173,-8,28,5,-1,24,197
R,Ryder,173.92,-6,48,10,56,108,-8,34,7,56,89,197
MLM,Martin Marietta Materials,599.96,42,18,5,60,125,11,23,9,27,70,195
CG,Carlyle Group (The),62.4,27,54,7,21,109,-3,65,6,18,86,195
LLYVK,Liberty Live (Series C),87.62,14,69,29,0,112,34,39,9,0,82,194
HPE,Hewlett Packard Enterprise,20.59,14,59,0,42,115,24,-5,6,54,79,194
DE,Deere & Company,507.2,-7,0,48,109,150,-4,-6,44,10,44,194
BPOP,"Popular, Inc.",114.65,16,70,16,59,161,9,-5,9,19,32,193
WCC,Wesco International,203.59,-51,62,6,58,75,-23,76,7,57,117,192
PCAR,Paccar,97.15,-1,15,-21,159,152,-8,26,-13,34,39,191
SF,Stifel,111.27,-29,53,7,59,90,6,68,6,20,100,190
RITM,Rithm Capital,12.25,0,63,16,32,111,13,30,9,26,78,189
HLT,Hilton Worldwide,261.1,-2,63,15,64,140,21,-6,7,26,48,188
AU,AngloGold Ashanti,56.81,42,7,75,18,142,-7,16,23,14,46,188
WTW,Willis Towers Watson,329.41,56,8,7,24,95,56,22,-14,29,93,188
GGG,Graco Inc.,83.18,-7,0,-3,178,168,-5,-13,9,29,20,188
WDC,Western Digital,74.66,0,63,11,18,92,9,74,9,3,95,187
AIZ,Assurant,205.68,42,4,0,152,198,-2,-30,1,19,-12,186
CVNA,Carvana,345.03,-30,75,91,11,147,-14,28,9,16,39,186
SOFI,SoFi,22.42,0,55,45,0,100,21,46,7,11,85,185
NET,Cloudflare,201.05,-6,63,38,0,95,-12,73,9,19,89,184
AMZN,Amazon,221.37,0,53,16,21,90,-1,68,6,20,93,183
CNM,Core & Main,63.7,0,65,18,0,83,-10,76,9,24,99,182
LECO,Lincoln Electric,238.33,0,62,6,65,133,-21,69,7,-7,48,181
UNP,Union Pacific Corporation,219.67,-7,-1,-5,198,185,-12,-14,3,19,-4,181
PNR,Pentair,102.91,21,63,8,62,154,6,-11,7,24,26,180
AMG,Affiliated Managers Group,214.22,7,69,10,22,108,6,40,9,17,72,180
PNW,Pinnacle West Capital,92.47,42,8,67,18,135,-4,1,21,26,44,179
FTI,TechnipFMC,34.97,-21,63,16,27,85,-19,67,9,37,94,179
DHI,D. R. Horton,155.0,49,36,0,65,150,-12,40,3,-2,29,179
INSM,Insmed,112.93,7,43,63,16,129,7,13,9,20,49,178
WEC,WEC Energy Group,109.67,0,19,54,13,86,-4,17,67,11,91,177
CNP,Centerpoint Energy,38.54,0,17,48,45,110,-6,16,42,15,67,177
INCY,Incyte,79.2,98,49,2,0,149,10,13,5,-1,27,176
AYI,Acuity Brands,313.31,6,39,3,27,75,7,68,5,20,100,175
LHX,L3Harris,270.37,-9,85,11,5,92,-21,78,11,14,82,174
FYBR,Frontier Communications,36.62,-10,1,88,0,79,-8,-5,93,14,94,173
MSTR,MicroStrategy,400.24,9,3,98,19,129,23,-8,9,20,44,173
COF,Capital One,208.24,-20,69,93,21,163,-12,-5,9,18,10,173
WWD,"Woodward, Inc.",248.7,-34,72,18,35,91,-28,74,9,26,81,172
FAF,First American Financial Corporation,63.12,96,12,1,14,123,40,9,-18,18,49,172
DDS,Dillard's,467.39,0,45,13,54,112,-1,-1,6,55,59,171
AN,AutoNation,198.72,6,0,16,61,83,33,-11,9,57,88,171
RS,"Reliance, Inc.",282.98,-9,-7,-2,115,97,-6,-6,9,77,74,171
FLUT,Flutter Entertainment,284.58,-14,45,18,21,70,-12,78,7,27,100,170
MKL,Markel,1904.54,-49,0,67,55,73,-12,76,7,26,97,170
JLL,Jones Lang LaSalle,275.92,23,37,3,14,77,34,42,3,14,93,170
TKO,TKO Group Holdings,180.02,7,1,70,40,118,12,-19,9,50,52,170
HAS,Hasbro,77.57,38,63,13,3,117,36,-4,9,11,52,169
PFGC,Performance Food Group,97.44,-35,66,52,43,126,-47,24,9,57,43,169
MMM,3M,155.32,27,6,73,14,120,34,-8,9,14,49,169
TPG,TPG Inc.,61.5,28,46,1,0,75,35,37,3,19,94,169
KMI,Kinder Morgan,26.91,-28,-4,91,44,103,2,3,7,52,64,167
BKNG,Booking Holdings,5365.83,-18,0,135,35,152,-12,-8,9,26,15,167
GNRC,Generac,196.67,63,47,2,-34,78,7,65,6,10,88,166
CR,Crane Co.,194.37,0,70,15,0,85,-5,72,9,5,81,166
WMB,Williams Companies,58.1,-28,-5,111,52,130,-33,3,9,57,36,166
JNJ,Johnson & Johnson,174.04,45,29,7,7,88,41,27,4,6,78,166
DTM,DT Midstream,104.31,8,0,102,0,110,19,3,9,25,56,166
RDDT,Reddit,220.8,63,38,0,0,101,56,7,1,0,64,165
ROST,Ross Stores,146.48,42,6,0,35,83,40,15,-3,29,81,164
APG,APi Group,34.98,-30,70,17,0,57,-4,76,9,26,107,164
NSC,Norfolk Southern,278.39,-1,62,10,4,75,-11,76,9,14,88,163
TT,Trane Technologies,428.14,-63,3,15,164,119,8,-2,9,29,44,163
DCI,Donaldson Company,72.37,23,15,1,65,104,-3,22,9,30,58,162
ADM,Archer Daniels Midland,58.42,34,64,1,0,99,34,40,9,-20,63,162
EXEL,Exelixis,37.41,0,-10,63,14,67,27,-10,54,24,95,162
CINF,Cincinnati Financial,149.92,-2,6,84,62,150,-11,-1,9,15,12,162
AEP,American Electric Power,112.01,0,27,72,23,122,-25,29,22,14,40,162
EXPD,Expeditors International,116.97,42,8,0,131,181,-7,-14,5,-3,-19,162
NWS,News Corp (Class B),32.88,-10,0,111,58,159,-19,-9,9,21,2,161
INTU,Intuit,705.87,-35,0,16,191,172,-50,10,9,20,-11,161
EA,Electronic Arts,176.12,49,9,3,7,68,56,1,15,21,93,161
KKR,KKR & Co. Inc.,141.62,-53,52,0,103,102,-12,45,5,21,59,161
PAG,Penske Automotive Group,176.17,35,5,14,62,116,-9,-14,9,57,43,159
OHI,Omega Healthcare Investors,40.19,52,22,5,40,119,-9,14,4,31,40,159
CIEN,Ciena,93.38,27,63,8,12,110,-1,26,7,16,48,158
AMGN,Amgen,285.09,-58,28,0,165,135,2,-3,-13,36,22,157
CLH,Clean Harbors,237.8,0,15,0,58,73,-10,28,9,57,84,157
AZEK,Azek,54.32,17,52,15,0,84,33,14,7,18,72,156
TDY,Teledyne Technologies,541.77,-10,62,51,14,117,-17,32,9,15,39,156
AEE,Ameren,101.36,0,19,56,13,88,-25,21,61,10,67,155
MTG,MGIC Investment Corporation,27.33,56,0,18,55,129,7,-18,9,28,26,155
SEIC,SEI Investments Company,87.45,-4,0,91,35,122,6,-8,9,26,33,155
LLY,Lilly (Eli),635.51,-70,-10,-2,172,90,-24,-2,-6,96,64,154
NOC,Northrop Grumman,580.42,0,30,9,58,97,-21,50,16,12,57,154
K,Kellanova,80.12,21,3,68,21,113,17,15,-6,13,39,152
GM,General Motors,54.05,14,45,6,11,76,19,37,6,13,75,151
ABT,Abbott Laboratories,131.37,70,-1,55,13,137,-1,4,-3,14,14,151
CVX,Chevron Corporation,153.54,2,25,6,48,81,28,46,-11,6,69,150
COKE,Coca-Cola Consolidated,114.6,0,0,0,86,86,30,-3,-15,52,64,150
THC,Tenet Healthcare,166.6,21,0,13,57,91,33,-6,7,24,58,149
IDXX,Idexx Laboratories,652.52,42,70,13,4,129,9,10,9,-8,20,149
AFL,Aflac,104.17,27,0,0,58,85,35,-20,-7,55,63,148
AMTM,Amentum,25.36,26,75,0,0,101,-2,40,9,0,47,148
LNG,Cheniere Energy,230.05,-13,-2,59,58,102,-23,4,9,56,46,148
RCL,Royal Caribbean Group,302.86,-70,63,120,28,141,-26,-5,9,27,5,146
XEL,Xcel Energy,72.66,-6,19,50,12,75,-25,28,58,9,70,145
DLTR,Dollar Tree,114.29,-2,80,5,-15,68,-4,79,24,-22,77,145
EQH,Equitable Holdings,53.13,14,0,91,11,116,19,-19,9,19,28,144
MDT,Medtronic,92.76,19,30,10,1,60,25,44,2,13,84,144
STWD,Starwood Property Trust,19.73,17,0,17,58,92,32,-10,9,21,52,144
PKG,Packaging Corporation of America,196.6,0,31,-2,61,90,29,-4,2,26,53,143
XYL,Xylem Inc.,142.95,0,63,7,22,92,-12,32,9,22,51,143
ECL,Ecolab,273.5,37,6,15,22,80,34,1,9,19,63,143
TOL,Toll Brothers,124.16,0,47,-22,61,86,-12,40,3,26,57,143
QRVO,Qorvo,87.02,16,63,0,-31,48,21,71,8,-5,95,143
VNT,Vontier,40.37,-3,63,4,0,64,6,70,7,-5,78,142
MCK,McKesson Corporation,673.13,-21,-3,41,58,75,-21,-16,37,67,67,142
LNC,Lincoln Financial,38.24,56,32,17,1,106,-12,32,7,8,35,141
PG,Procter & Gamble,155.03,5,-40,-5,179,139,26,-38,-13,26,1,140
AXP,American Express,296.32,0,0,16,99,115,8,-11,7,21,25,140
TNL,Travel + Leisure Co.,58.0,-14,53,8,16,63,-12,69,6,14,77,140
PSN,Parsons Corporation,78.45,34,48,-26,0,56,36,47,2,-1,84,140
MEDP,Medpace,450.16,8,37,3,32,80,7,47,3,2,59,139
APO,Apollo Global Management,142.19,-9,45,0,97,133,-18,-7,5,26,6,139
MRVL,Marvell Technology,77.28,0,37,-20,106,123,9,9,-20,18,16,139
LVS,Las Vegas Sands,53.02,3,63,5,2,73,5,69,6,-14,66,139
AFG,American Financial Group,128.43,28,4,0,56,88,29,4,3,14,50,138
IDA,Idacorp,124.53,0,32,55,18,105,-26,24,25,10,33,138
NXST,Nexstar Media Group,194.25,12,62,8,4,86,7,29,6,10,52,138
OSK,Oshkosh Corporation,134.68,0,62,10,4,76,-16,67,7,2,60,136
EMR,Emerson Electric,131.99,-49,63,15,64,93,9,-1,9,26,43,136
HII,Huntington Ingalls Industries,266.66,-30,102,7,6,85,12,33,15,-9,51,136
FNF,Fidelity National Financial,58.49,42,0,1,58,101,12,12,-10,21,35,136
CMS,CMS Energy,72.91,-7,10,75,23,101,-22,21,21,14,34,135
TOST,"Toast, Inc.",43.28,-29,64,76,0,111,-26,23,9,17,23,134
SPR,Spirit AeroSystems,39.51,0,77,17,0,94,-2,-1,29,14,40,134
EXC,Exelon,44.72,0,8,54,14,76,-5,28,25,10,58,134
THG,Hanover Insurance,169.49,-13,2,60,24,73,-13,8,52,14,61,134
ACGL,Arch Capital Group,89.89,42,-20,-7,62,77,9,-12,9,51,57,134
RPRX,Royalty Pharma,36.18,-6,66,31,0,91,11,45,25,-38,43,134
SYK,Stryker Corporation,376.8,-50,0,16,159,125,-23,-5,7,29,8,133
LNT,Alliant Energy,65.34,0,23,67,14,104,-17,23,9,13,28,132
SYY,Sysco,79.86,2,50,6,3,61,-12,63,6,14,71,132
ALLE,Allegion,164.45,-9,75,8,21,95,-26,31,9,22,36,131
ADT,ADT Inc.,8.37,0,83,30,0,113,-11,-4,24,8,17,130
SYF,Synchrony Financial,69.61,0,63,16,21,100,5,-1,7,18,29,129
META,Meta Platforms,765.52,0,63,16,29,108,5,-14,7,23,21,129
FHN,First Horizon Corporation,21.35,-10,63,51,4,108,6,-2,7,10,21,129
BRX,Brixmor Property Group,25.83,-4,45,0,55,96,-12,10,9,26,33,129
HLI,Houlihan Lokey,190.51,-11,65,16,44,114,-19,-2,9,26,14,128
EXPE,Expedia Group,192.69,16,36,48,11,111,-5,2,5,14,16,127
WAB,Wabtec,191.9,0,0,1,49,50,24,-12,9,56,77,127
ED,Consolidated Edison,104.16,0,0,27,47,74,-5,15,-3,45,52,126
ULTA,Ulta Beauty,498.7,-21,73,11,4,67,-19,76,11,-9,59,126
DAL,Delta Air Lines,53.53,15,35,0,19,69,31,-2,1,26,56,125
CHRW,C.H. Robinson,116.24,56,31,2,4,93,-5,24,5,8,32,125
GEV,GE Vernova,651.02,-13,75,0,0,62,-26,78,10,0,62,124
AWK,American Water Works,145.56,28,7,25,1,61,12,21,21,8,62,123
DRI,Darden Restaurants,201.51,-11,-8,43,61,85,-12,-27,47,30,38,123
VIK,Viking Holdings,57.82,-28,63,0,0,35,1,78,9,0,88,123
NVR,"NVR, Inc.",7812.31,0,32,-22,65,75,-12,28,2,29,47,122
CEG,Constellation Energy,331.61,-12,63,15,0,66,-3,31,9,19,56,122
LH,Labcorp,267.83,12,13,54,15,94,6,-4,7,18,27,121
RLI,RLI Corp.,66.4,-7,-47,-9,176,113,-12,-40,-28,87,7,120
FRHC,Freedom Holding,174.46,-8,18,53,14,77,-16,19,9,30,42,119
MUSA,Murphy USA,378.95,0,-10,-12,68,46,27,-5,-28,79,73,119
SNA,Snap-on,321.29,0,18,0,59,77,-10,-7,2,57,42,119
AFRM,Affirm Holdings,73.01,42,45,11,0,98,-9,6,7,17,21,119
SAIC,SAIC,115.89,34,23,-36,67,88,35,-5,1,-1,30,118
THO,Thor Industries,95.38,27,47,-25,2,51,-1,69,5,-6,67,118
F,Ford Motor Company,11.16,28,77,1,-17,89,34,-9,9,-5,29,118
CSX,CSX Corporation,35.25,-7,62,1,4,60,-12,66,9,-6,57,117
CNA,CNA Financial,47.38,42,4,1,57,104,-5,5,-8,20,12,116
SPG,Simon Property Group,165.26,-2,32,0,35,65,-9,31,7,21,50,115
CART,Maplebear Inc.,51.77,16,32,22,0,70,13,26,6,0,45,115
UTHR,United Therapeutics,300.45,35,0,-9,57,83,5,-4,-28,59,32,115
APPF,AppFolio,280.55,-14,48,4,28,66,-23,40,4,28,49,115
ZG,Zillow (Class A),76.12,-10,36,53,0,79,-12,26,2,20,36,115
ESI,Element Solutions,23.79,17,35,-19,57,90,27,-8,6,-1,24,114
BJ,BJ's Wholesale Club,107.46,0,-30,77,10,57,-4,4,-1,58,57,114
ROP,Roper Technologies,527.41,-51,-7,-1,182,123,-54,-24,43,26,-9,114
SCCO,Southern Copper,96.13,27,0,1,62,90,33,-16,9,-2,24,114
LFUS,Littelfuse,245.56,-7,63,2,0,58,-12,68,7,-8,55,113
BG,Bunge Global,82.23,63,3,0,0,66,35,8,9,-5,47,113
PLNT,Planet Fitness,105.87,2,0,62,13,77,17,-4,9,14,36,113
BA,Boeing,226.05,0,76,7,0,83,33,-1,9,-11,30,113
BKR,Baker Hughes,42.71,-21,17,3,35,34,-12,62,3,26,79,113
KDP,Keurig Dr Pepper,34.62,19,3,6,1,29,21,33,17,12,83,112
BAM,Brookfield Asset Management,61.42,-2,23,64,0,85,-16,26,9,8,27,112
GPK,Graphic Packaging,22.27,0,0,-18,58,40,32,-1,-31,71,71,111
BEPC,Brookfield Renewable Partners,33.18,-49,64,9,0,24,-7,75,9,10,87,111
FE,FirstEnergy,43.33,0,16,5,55,76,-5,17,9,14,35,111
UAL,United Airlines Holdings,89.34,15,36,0,11,62,31,-1,3,16,49,111
RF,Regions Financial Corporation,24.66,-49,62,6,22,41,-21,69,7,14,69,110
MRP,Millrose Properties,31.16,30,52,0,0,82,-4,30,2,0,28,110
JHG,Janus Henderson,42.76,-1,48,5,19,71,-17,32,6,18,39,110
TLN,Talen Energy,369.21,-3,75,38,0,110,-23,10,10,2,-1,109
MSM,MSC Industrial Direct,84.9,-7,63,6,58,120,-4,-7,9,-9,-11,109
FITB,Fifth Third Bancorp,41.28,0,39,0,22,61,32,-7,6,16,47,108
LMT,Lockheed Martin,426.38,28,-15,-28,165,150,-11,-26,-3,-2,-42,108
DOCS,Doximity,61.85,14,33,53,0,100,21,-9,-16,12,8,108
IONS,Ionis Pharmaceuticals,40.84,-31,66,0,0,35,2,72,9,-10,73,108
ELAN,Elanco,17.09,21,66,1,0,88,21,-5,8,-6,18,106
OWL,Blue Owl Capital,19.76,14,42,-3,0,53,38,-8,1,21,52,105
CMA,Comerica,65.84,-9,37,6,4,38,-19,68,6,12,67,105
BRO,Brown & Brown,94.62,0,-72,-2,163,89,17,-18,-9,26,16,105
HR,Healthcare Realty Trust,16.75,49,31,1,-9,72,-15,37,1,9,32,104
BEN,Franklin Templeton Investments,25.29,42,66,7,1,116,7,-7,9,-22,-13,103
GTES,Gates Corporation,23.67,-40,63,16,15,54,-49,71,9,18,49,103
NLY,Annaly Capital Management,20.42,-4,45,17,10,68,-20,31,7,16,34,102
VEEV,Veeva Systems,277.12,-50,66,44,8,68,7,-1,9,18,33,101
OMF,OneMain Financial,55.63,-58,63,16,60,81,-12,-3,9,26,20,101
RGA,Reinsurance Group of America,186.19,23,-7,-2,40,54,32,-41,1,53,45,99
ZBRA,Zebra Technologies,312.86,-35,49,-1,-7,6,9,68,3,13,93,99
AL,Air Lease Corporation,55.18,9,0,16,22,47,26,-9,9,26,52,99
VIRT,Virtu Financial,42.05,-30,0,75,14,59,-37,-8,70,14,39,98
VRSN,Verisign,267.42,-1,0,35,9,43,-2,-2,51,7,54,97
POST,Post Holdings,106.8,13,-27,-5,87,68,10,-31,-7,57,29,97
NTAP,Netapp,105.88,14,6,-3,57,74,25,-7,6,-1,23,97
LEN,Lennar (Class A),120.54,44,19,-29,64,98,7,28,-34,-3,-2,96
TER,Teradyne,104.68,0,34,-28,2,8,27,64,2,-5,88,96
PRI,Primerica,258.28,-20,-3,0,108,85,-12,-15,7,30,10,95
FTAI,FTAI Aviation,138.15,4,9,2,47,62,-12,9,5,31,33,95
DKS,Dick's Sporting Goods,211.88,3,29,0,63,95,-11,-2,-20,33,0,95
AGNC,AGNC Investment,9.34,-26,48,10,16,48,-24,46,7,17,46,94
LEN-B,Lennar (Class B),115.64,43,15,-27,62,93,7,29,-34,-1,1,94
GL,Globe Life,139.07,0,15,44,14,73,-5,14,3,8,20,93
WFC,Wells Fargo,77.61,-56,0,91,29,64,5,-4,9,19,29,93
Z,Zillow (Class C),79.3,-9,36,10,0,37,-12,45,3,20,56,93
KNSL,Kinsale Capital Group,437.07,-13,-10,-2,33,8,-4,-3,6,85,84,92
WTRG,Essential Utilities,39.03,49,1,5,0,55,16,15,1,5,37,92
VZ,Verizon,43.21,16,3,29,10,58,12,8,-1,14,33,91
TTWO,Take-Two Interactive,222.66,-5,-2,44,13,50,-5,-18,44,20,41,91
PNC,PNC Financial Services,188.59,0,53,1,14,68,7,-5,6,14,22,90
CSGP,CoStar Group,92.5,-11,45,5,14,53,-16,40,22,-9,37,90
HON,Honeywell,216.45,-91,0,0,178,87,-19,-10,9,22,2,89
FWONK,Liberty Formula 1 (Series C),95.14,-73,0,69,57,53,-21,-8,9,56,36,89
AIG,American International Group,78.63,7,-21,27,53,66,7,-27,22,21,23,89
HOLX,Hologic,68.0,56,51,-34,0,73,9,11,2,-7,15,88
TSLA,"Tesla, Inc.",339.18,25,2,0,10,37,30,8,3,10,51,88
BRK-B,Berkshire Hathaway,465.14,0,-48,123,62,137,-11,-60,-4,26,-49,88
LAZ,Lazard,51.52,0,46,1,20,67,5,-4,6,13,20,87
DOX,Amdocs,86.41,21,-1,1,58,79,19,-25,9,5,8,87
KIM,Kimco Realty,20.82,-53,0,0,55,2,-12,76,7,14,85,87
PINS,Pinterest,34.19,-14,48,0,0,34,-12,64,5,-5,52,86
GWRE,Guidewire Software,208.89,-20,-3,109,21,107,-23,-27,9,20,-21,86
ADC,Agree Realty,72.88,-4,-2,62,16,72,-4,8,-4,13,13,85
RKT,Rocket Companies,17.11,49,19,3,0,71,-11,16,8,1,14,85
SMMT,Summit Therapeutics,28.24,0,16,8,14,38,7,27,-7,19,46,84
INFA,Informatica,24.69,0,54,-41,0,13,-5,76,7,-7,71,84
TROW,T. Rowe Price,105.29,27,48,-22,-25,28,5,32,5,13,55,83
TW,Tradeweb,134.84,-35,-4,108,0,69,-27,9,9,23,14,83
FCX,Freeport-McMoRan,41.47,0,0,0,58,58,33,-11,9,-6,25,83
REG,Regency Centers,71.54,-2,6,4,53,61,-15,9,9,19,22,83
HRB,H&R Block,54.49,-1,-44,0,52,7,39,-10,-5,52,76,83
CFG,Citizens Financial Group,46.95,-4,51,7,4,58,6,-2,6,14,24,82
WSO,Watsco,415.54,-70,-7,-2,196,117,-74,-5,-27,71,-35,82
PFG,Principal Financial Group,76.47,-1,0,-2,55,52,7,-1,6,18,30,82
AMP,Ameriprise Financial,507.0,-53,0,0,64,11,5,-13,7,71,70,81
FNB,FNB Corporation,14.9,-60,63,0,55,58,2,-6,8,19,23,81
DKNG,DraftKings,42.73,-14,39,8,0,33,-12,39,1,20,48,81
KRC,Kilroy Realty,36.56,-4,53,5,-40,14,-6,56,5,11,66,80
EXP,Eagle Materials,222.58,0,14,-14,57,57,-2,26,-28,27,23,80
NCLH,Norwegian Cruise Line Holdings,23.74,-28,34,0,0,6,-12,64,2,20,74,80
H,Hyatt Hotels,135.0,-14,0,-2,55,39,-12,-7,5,55,41,80
WYNN,Wynn Resorts,108.63,0,65,7,3,75,5,-2,9,-8,4,79
MDU,MDU Resources,16.47,-21,-3,0,58,34,-18,23,9,30,44,78
AMKR,Amkor Technology,23.16,0,48,-39,2,11,25,44,3,-5,67,78
MAS,Masco,68.9,-1,29,-19,65,74,-15,29,-31,21,4,78
GWW,W. W. Grainger,939.83,-49,-7,-2,94,36,-12,-12,9,57,42,78
IVZ,Invesco,20.43,-11,39,6,2,36,-12,35,6,13,42,78
STLD,Steel Dynamics,122.45,-10,-7,-2,55,36,-12,-13,9,57,41,77
XPO,"XPO, Inc.",118.98,-1,0,-2,61,58,-12,-3,6,27,18,76
CB,Chubb Limited,271.09,16,-28,1,58,47,14,-39,-3,56,28,75
FSLR,First Solar,182.09,0,28,-38,62,52,-8,28,9,-6,23,75
ECG,Everus Construction Group,70.99,-13,61,0,0,48,-14,35,6,0,27,75
MET,Metlife,75.32,0,0,0,58,58,12,-20,7,18,17,75
BROS,Dutch Bros. Coffee,67.46,21,0,52,0,73,30,-37,-2,11,2,75
AMCR,Amcor,9.65,19,29,0,0,48,31,-7,5,-2,27,75
GEN,Gen Digital,30.78,14,2,14,16,46,8,-5,9,16,28,74
SLGN,Silgan Holdings,46.27,-1,-9,-2,80,68,-7,-9,9,13,6,74
AUR,Aurora Innovation,6.24,23,0,0,0,23,35,18,-17,15,51,74
HAYW,Hayward Holdings,15.31,0,34,1,0,35,-11,26,7,16,38,73
WTM,White Mountains Insurance Group,1791.18,1,1,-3,59,58,-15,-7,-19,56,15,73
NYT,New York Times Company,57.6,42,4,1,16,63,-4,-17,9,21,9,72
CTVA,Corteva,72.47,3,0,52,0,55,12,-16,9,11,16,71
UGI,UGI Corporation,35.13,-18,0,41,4,27,-6,-3,48,5,44,71
SN,SharkNinja,114.93,-1,39,7,0,45,-12,31,6,1,26,71
UBER,Uber,90.58,20,6,17,0,43,-4,-10,15,26,27,70
WMS,Advanced Drainage Systems,131.66,21,5,0,3,29,32,3,9,-3,41,70
TRGP,Targa Resources,166.12,7,0,0,51,58,-5,-19,-19,54,11,69
BOKF,BOK Financial Corporation,100.73,0,32,0,22,54,1,-4,3,14,14,68
VKTX,Viking Therapeutics,38.22,20,29,-39,21,31,14,25,4,-6,37,68
TKR,Timken Company,74.15,-1,48,-2,4,49,18,-1,6,-5,18,67
PRU,Prudential Financial,103.28,14,0,-12,55,57,6,-18,3,19,10,67
SFD,Smithfield Foods,25.17,1,58,0,0,59,-4,9,3,0,8,67
CPRT,Copart,46.7,12,-54,-12,176,122,-12,-50,-22,28,-56,66
BAC,Bank of America,46.19,0,0,16,18,34,13,-5,9,14,31,65
DG,Dollar General,114.48,48,7,1,-17,39,47,-17,21,-26,25,64
MU,Micron Technology,123.73,21,2,1,22,46,31,-18,9,-5,17,63
NEE,NextEra Energy,72.45,19,5,1,0,25,21,-5,9,13,38,63
MAR,Marriott International,257.97,-8,0,0,58,50,-12,-8,6,27,13,63
FIVE,Five Below,131.84,-53,65,0,-16,-4,-2,74,10,-15,67,63
GXO,GXO Logistics,50.16,2,63,0,0,65,-1,-2,8,-8,-3,62
SKX,Skechers,62.91,-44,61,-23,55,49,-14,-5,6,26,13,62
AVT,Avnet,51.76,2,0,0,45,47,16,-8,9,-2,15,62
STAG,STAG Industrial,34.28,-9,0,0,96,87,-8,-22,9,-4,-25,62
ES,Eversource Energy,65.7,-14,66,14,-10,56,-26,21,9,2,6,62
O,Realty Income,57.42,16,7,9,7,39,12,-12,9,13,22,61
XYZ,"Block, Inc.",73.04,-13,41,-2,-36,-10,-5,60,3,13,71,61
GLPI,Gaming and Leisure Properties,45.54,-16,-4,0,65,45,-22,-12,-7,57,16,61
AGO,Assured Guaranty,82.02,-12,-3,-1,56,40,-15,4,9,22,20,60
FWONA,Liberty Formula 1 (Series A),84.97,-73,-1,68,62,56,-49,-11,8,56,4,60
SEG,Seaport Entertainment Group,24.01,12,27,0,0,39,25,23,-27,0,21,60
NWSA,News Corp (Class A),28.39,-17,0,8,58,49,-12,-9,9,21,9,58
U,Unity Technologies,33.18,-2,52,5,0,55,2,26,9,-35,2,57
IP,International Paper,47.17,0,0,0,16,16,24,-1,2,16,41,57
LAMR,Lamar Advertising,114.95,-14,0,0,64,50,-14,-7,7,21,7,57
EWBC,East West Bancorp,98.88,0,0,8,22,30,6,-6,8,19,27,57
CCK,Crown Holdings,100.75,3,0,16,5,24,22,-11,9,12,32,56
VRTX,Vertex Pharmaceuticals,374.46,-35,-5,-1,104,63,-35,-5,-5,37,-8,55
GPC,Genuine Parts Company,133.41,30,16,0,0,46,-6,23,9,-17,9,55
SJM,J.M. Smucker Company (The),110.96,19,15,1,-4,31,36,20,-9,-23,24,55
PODD,Insulet,304.73,18,0,44,4,66,9,-39,13,6,-11,55
MTD,Mettler Toledo,1256.92,23,48,-22,0,49,11,-4,3,-5,5,54
LPX,Louisiana-Pacific,90.07,-8,10,-4,63,61,-7,-3,-23,26,-7,54
OZK,Bank OZK,47.83,-84,63,16,56,51,-19,-5,7,19,2,53
LSCC,Lattice Semiconductor,60.61,35,5,0,0,40,35,-8,1,-15,13,53
WAL,Western Alliance Bancorporation,77.47,0,0,0,4,4,32,-7,6,18,49,53
EL,Estée Lauder Companies (The),89.14,-10,53,0,-26,17,-3,66,7,-35,35,52
RNR,RenaissanceRe,240.46,-23,0,-7,35,5,5,7,7,28,47,52
KEYS,Keysight,161.54,0,0,1,0,1,25,14,7,5,51,52
TXT,Textron,77.63,0,0,-3,53,50,2,-4,9,-5,2,52
W,Wayfair,71.77,0,63,3,-41,25,-12,69,9,-40,26,51
PINC,"Premier, Inc.",23.35,42,3,16,-28,33,33,4,14,-34,17,50
DINO,HF Sinclair,43.24,-7,65,0,0,58,-7,-3,9,-8,-9,49
UHS,Universal Health Services,171.72,42,-19,-10,22,35,32,-15,-3,-1,13,48
BURL,Burlington Stores,270.48,-13,26,0,3,16,-12,25,2,17,32,48
IPGP,IPG Photonics,75.51,-9,62,0,-44,9,9,69,5,-44,39,48
VVV,Valvoline,38.59,28,4,0,31,63,-3,-14,6,-4,-15,48
GLIBK,GCI Liberty (Series C),34.48,20,0,0,0,20,28,0,0,0,28,48
FICO,Fair Isaac,1310.39,-56,-25,-5,166,80,-13,-24,-27,31,-33,47
MANH,Manhattan Associates,205.25,-51,57,-28,65,43,-23,-3,2,27,3,46
AGCO,AGCO,110.66,-24,65,6,2,49,-31,31,10,-13,-3,46
WEX,WEX Inc.,167.0,-7,45,-42,1,-3,-9,63,3,-8,49,46
GLIBA,GCI Liberty (Series A),34.57,20,0,0,0,20,25,0,0,0,25,45
NTNX,Nutanix,68.8,-20,-1,30,22,31,-12,-7,9,24,14,45
CCL,Carnival Corporation & plc,28.6,-35,62,16,0,43,-20,-4,7,19,2,45
EQT,EQT Corporation,51.85,-46,-7,40,42,29,-11,-24,40,10,15,44
FOXA,Fox Corporation (Class A),54.5,-35,0,67,1,33,5,-15,7,14,11,44
ROKU,"Roku, Inc.",81.99,-49,44,9,-19,-15,-17,68,4,4,59,44
KEX,Kirby Corporation,97.34,-17,-8,-2,35,8,-14,-1,9,42,36,44
SBUX,Starbucks,91.76,0,2,0,1,3,33,14,-14,7,40,43
NTRA,Natera,157.09,16,-18,0,18,16,33,-24,-2,19,26,42
SMCI,Supermicro,45.18,-28,0,0,58,30,-47,62,4,-9,10,40
ROK,Rockwell Automation,329.82,0,0,14,15,29,17,-4,9,-11,11,40
KMB,Kimberly-Clark,134.13,49,0,1,18,68,-4,-40,-10,26,-28,40
COIN,Coinbase,319.65,-4,0,8,0,4,16,-7,8,18,35,39
MTSI,MACOM Technology Solutions,118.21,-21,-1,0,58,36,-26,-7,7,29,3,39
APD,Air Products,284.0,-7,34,0,16,43,-12,-3,1,10,-4,39
COLB,Columbia Banking System,24.29,13,12,0,0,25,9,-9,4,10,14,39
AOS,A. O. Smith,70.53,0,29,-41,58,46,-9,-3,9,-5,-8,38
NTRS,Northern Trust,125.2,-29,63,15,11,60,-49,5,9,13,-22,38
CVS,CVS Health,64.91,19,0,9,-17,11,29,2,24,-28,27,38
TXRH,Texas Roadhouse,174.93,-14,-2,0,64,48,-12,-38,9,31,-10,38
FOX,Fox Corporation (Class B),49.64,-35,0,66,1,32,4,-14,6,9,5,37
MSGS,Madison Square Garden Sports,202.57,7,0,-3,21,25,-9,-10,2,27,10,35
NVST,Envista,20.17,7,48,3,0,58,10,-8,5,-32,-25,33
VOYA,Voya Financial,70.96,28,4,-2,4,34,-3,-7,7,-1,-4,30
QGEN,Qiagen,47.99,-28,60,11,3,46,-28,-3,9,5,-17,29
HLNE,Hamilton Lane,152.45,0,0,0,25,25,-12,-3,-2,21,4,29
EOG,EOG Resources,117.17,-48,0,-4,45,-7,1,-18,2,51,36,29
NBIX,Neurocrine Biosciences,123.95,-55,0,-4,25,-34,-12,73,6,-4,63,29
ETSY,Etsy,61.83,0,53,0,-30,23,16,17,9,-37,5,28
SNV,Synovus,47.08,0,-1,0,21,20,-8,-6,7,14,7,27
TSN,Tyson Foods,56.72,35,0,0,-28,7,39,-20,-10,11,20,27
SHC,Sotera Health,14.06,14,2,0,0,16,14,2,1,-6,11,27
QS,QuantumScape,9.09,0,37,5,0,42,17,-4,7,-36,-16,26
DXCM,Dexcom,77.86,0,0,-2,-14,-16,16,26,9,-9,42,26
JHX,James Hardie Industries,28.03,32,31,-26,3,40,35,-8,-38,-3,-14,26
OC,Owens Corning,141.98,-2,5,-23,58,38,-7,-7,-27,29,-12,26
ALLY,Ally Financial,37.24,0,0,1,4,5,7,-9,7,16,21,26
INGR,Ingredion,126.08,-57,-7,-2,34,-32,10,-18,9,56,57,25
MTCH,Match Group,35.71,-2,47,3,-37,11,-7,55,4,-38,14,25
USB,U.S. Bancorp,44.58,0,0,0,4,4,11,-11,6,15,21,25
CWEN-A,Clearway Energy (Class A),27.49,-30,-1,58,6,33,-33,-7,22,10,-8,25
FHB,"First Hawaiian, Inc.",23.88,-4,-3,0,14,7,7,-9,6,14,18,25
GO,Grocery Outlet,18.22,28,4,0,0,32,-1,20,1,-28,-8,24
NNN,NNN Reit,41.57,-16,0,7,22,13,-1,-11,9,14,11,24
BAH,Booz Allen Hamilton,109.14,-2,0,-29,101,70,-12,-3,-31,-1,-47,23
BLDR,Builders FirstSource,128.77,0,29,-27,65,67,-8,-2,-31,-3,-44,23
FDX,FedEx,224.73,0,0,-25,32,7,26,-7,1,-4,16,23
RYN,Rayonier,25.89,21,5,-19,0,7,34,21,-31,-9,15,22
TXN,Texas Instruments,183.71,0,0,0,22,22,-12,-13,9,16,0,22
CWEN,Clearway Energy (Class C),29.33,-30,-1,57,4,30,-33,-7,21,10,-9,21
HHH,Howard Hughes Holdings,70.31,21,3,-12,-6,6,31,-4,-27,14,14,20
WING,Wingstop,328.79,-18,0,-1,38,19,-38,1,7,31,1,20
PEP,PepsiCo,144.88,19,18,-41,0,-4,31,43,-38,-13,23,19
CI,Cigna,277.13,0,-26,-5,58,27,14,-20,-2,-1,-9,18
RBRK,Rubrik,85.69,-14,0,0,0,-14,-17,6,43,0,32,18
FLS,Flowserve,52.18,-49,34,-1,27,11,-19,-1,2,25,7,18
EXE,Expand Energy,97.96,-18,-16,40,0,6,-12,-27,40,10,11,17
RH,RH,214.92,40,18,-23,-7,28,-12,14,-22,9,-11,17
WBS,Webster Bank,55.21,-69,63,7,14,15,-18,-4,7,17,2,17
PNFP,Pinnacle Financial Partners,89.31,7,-12,-3,15,7,5,-12,-3,18,8,15
REXR,Rexford Industrial,36.42,-1,48,-45,-18,-16,-5,63,5,-32,31,15
ARW,Arrow Electronics,119.95,0,0,0,4,4,18,-9,9,-8,10,14
IRM,Iron Mountain,89.58,-58,-4,-2,57,-7,-19,-25,9,56,21,14
CL,Colgate-Palmolive,84.46,0,-24,-5,23,-6,23,-17,-13,26,19,13
BMY,Bristol Myers Squibb,45.93,6,-10,-2,-5,-11,35,-4,-13,5,23,12
ADSK,Autodesk,284.62,-21,0,4,14,-3,-12,-3,9,19,13,10
PANW,Palo Alto Networks,168.17,-66,-8,-1,81,6,-61,-1,9,57,4,10
UNM,Unum,69.39,-63,-9,0,40,-32,-12,-9,9,54,42,10
ARMK,Aramark,39.12,-69,0,14,40,-15,-35,-5,9,56,25,10
KEY,Keycorp,17.38,-58,63,7,4,16,-22,-5,7,13,-7,9
MHK,Mohawk Industries,119.94,3,25,-25,-11,-8,-12,29,1,-1,17,9
WTFC,Wintrust Financial,122.51,-58,0,8,49,-1,-12,-5,7,19,9,8
AAP,Advance Auto Parts,59.36,12,55,0,-28,39,-2,-4,9,-34,-31,8
CRUS,Cirrus Logic,104.52,8,0,-22,19,5,13,-18,9,-3,1,6
REYN,Reynolds Consumer Products,22.55,24,4,-27,0,1,24,23,-39,-3,5,6
TEM,Tempus AI,60.85,14,0,0,0,14,14,-24,2,0,-8,6
RRC,Range Resources,34.15,-49,-14,0,42,-21,-13,-25,9,55,26,5
ROIV,Roivant Sciences,11.18,-7,0,0,0,-7,-12,16,9,-1,12,5
TAP,Molson Coors,50.32,14,0,-12,0,2,22,-4,-13,-3,2,4
TMO,Thermo Fisher Scientific,462.78,0,14,-21,0,-7,6,28,-20,-3,11,4
QCOM,Qualcomm,147.99,0,-4,-24,22,-6,16,-8,7,-5,10,4
NU,Nubank,11.92,-7,-1,-2,0,-10,-6,-9,9,19,13,3
BFAM,Bright Horizons,117.39,-23,-5,2,0,-26,-1,1,14,15,29,3
MSCI,MSCI,549.87,-21,-3,0,14,-10,2,-15,6,20,13,3
ALK,Alaska Air Group,51.16,-7,29,-2,2,22,-12,-1,-16,9,-20,2
EFX,Equifax,239.69,-9,-7,-3,16,-3,-7,-15,9,18,5,2
ATI,ATI Inc.,72.94,-56,0,15,43,2,-59,-2,9,52,0,2
SNDK,SanDisk,43.37,14,0,0,0,14,6,-19,1,0,-12,2
EXLS,EXL Service,42.06,-37,-22,0,65,6,-12,9,-15,13,-5,1
LNW,Light & Wonder,84.18,-60,-3,-2,57,-8,5,-7,-14,25,9,1
BDX,Becton Dickinson,192.63,21,3,-27,-5,-8,13,29,-18,-15,9,1
DUOL,Duolingo,340.58,-3,-29,52,0,20,-12,-43,13,23,-19,1
HUM,Humana,266.93,100,5,-88,-12,5,26,8,-19,-20,-5,0
PCG,PG&E Corporation,15.13,44,0,-29,1,16,3,10,-28,-1,-16,0
FCNCA,First Citizens BancShares,1856.04,-80,-3,-2,59,-26,2,-3,6,21,26,0
CUZ,Cousins Properties,26.58,-4,-8,0,11,-1,-1,-20,9,13,1,0
DBX,Dropbox,26.87,0,-9,-2,9,-2,7,-7,-6,8,2,0
GNTX,Gentex,26.7,0,28,-41,0,-13,-9,26,3,-8,12,-1
VNOM,Viper Energy,37.28,-6,-35,-8,44,-5,-9,-7,-27,47,4,-1
TRU,TransUnion,86.04,-49,0,0,0,-49,-4,31,7,14,48,-1
VTRS,Viatris,9.88,19,3,-24,-7,-9,13,-5,1,-1,8,-1
ZS,Zscaler,271.13,-21,0,16,5,0,-12,-16,9,18,-1,-1
CACC,Credit Acceptance,463.25,0,-7,-2,0,-9,24,-18,6,-5,7,-2
RAL,Ralliant,44.81,0,0,0,0,0,6,-8,0,0,-2,-2
G,Genpact,43.26,0,-1,0,3,2,6,-6,-14,10,-4,-2
LEA,Lear Corporation,95.64,0,0,-3,-17,-20,32,-7,8,-15,18,-2
AMH,American Homes 4 Rent,34.24,-39,-9,-7,68,13,-28,-11,9,15,-15,-2
DECK,Deckers Brands,100.52,-56,-8,-23,93,6,-19,-3,-19,31,-10,-4
TRIP,Tripadvisor,17.8,14,28,0,-52,-10,21,23,6,-44,6,-4
GMED,Globus Medical,59.44,17,0,-14,0,3,34,-34,-19,12,-7,-4
SSB,SouthState Corporation,92.05,-60,34,0,22,-4,-19,-4,3,19,-1,-5
HIW,Highwoods Properties,28.33,-2,-6,0,6,-2,-7,-18,9,13,-3,-5
ASTS,AST SpaceMobile,45.95,-58,47,10,0,-1,-19,-3,9,8,-5,-6
SPB,Spectrum Brands,55.92,0,0,-27,-4,-31,30,-3,-26,24,25,-6
HPQ,HP Inc.,25.55,19,0,-24,0,-5,35,-7,-28,-1,-1,-6
HBAN,Huntington Bancshares,16.02,-58,0,8,21,-29,6,-9,9,16,22,-7
CGNX,Cognex Corporation,40.49,0,45,0,-31,14,-17,31,5,-40,-21,-7
MAT,Mattel,17.34,5,-3,-3,0,-1,32,-13,6,-31,-6,-7
ATR,AptarGroup,139.88,-65,-7,-2,20,-54,16,-4,9,25,46,-8
DHR,Danaher Corporation,199.8,0,3,-28,0,-25,13,6,2,-4,17,-8
ALSN,Allison Transmission,88.25,9,-22,-4,35,18,-1,-40,-20,34,-27,-9
MKSI,MKS Instruments,98.28,17,3,-26,-13,-19,18,-8,5,-5,10,-9
IQV,IQVIA,180.13,-28,18,-39,-1,-50,2,44,1,-6,41,-9
TFC,Truist Financial,42.85,-69,37,0,4,-28,2,-4,6,14,18,-10
PEGA,Pegasystems,49.72,-20,0,18,5,3,-50,14,7,15,-14,-11
AES,AES Corporation,12.81,-36,24,-2,-11,-25,9,24,5,-24,14,-11
GAP,Gap Inc.,19.7,0,-22,-4,18,-8,-6,-14,-2,19,-3,-11
HSY,Hershey Company (The),175.46,-16,29,3,-1,15,-25,14,3,-19,-27,-12
HSIC,Schein (Henry),66.11,0,-5,-4,-1,-10,10,-14,-2,3,-3,-13
VRSK,Verisk Analytics,267.43,-118,-11,0,114,-15,10,-35,-1,28,2,-13
ZION,Zions Bancorporation,51.76,-85,45,0,4,-36,7,-6,6,15,22,-14
QSR,Restaurant Brands International,65.11,-21,-3,-1,40,15,-26,-4,9,-8,-29,-14
CPNG,Coupang,27.68,-28,0,16,0,-12,-22,-7,9,17,-3,-15
CTRA,Coterra,23.96,-1,-19,-4,44,20,-12,-26,-11,13,-36,-16
FTNT,Fortinet,74.55,-63,-7,-1,113,42,-61,-9,-1,13,-58,-16
GEHC,GE HealthCare,73.0,0,0,-19,0,-19,14,-2,-17,8,3,-16
EQR,Equity Residential,62.33,-13,-8,-2,13,-10,-8,-9,-2,13,-6,-16
SITE,SiteOne Landscape Supply,131.63,-15,30,-25,-9,-19,-21,29,2,-8,2,-17
SUI,Sun Communities,125.28,0,0,2,-24,-22,2,-17,9,11,5,-17
TYL,Tyler Technologies,584.33,-1,8,0,17,24,-16,-17,-27,18,-42,-18
EQIX,Equinix,777.45,-49,-27,-7,34,-49,5,7,-7,26,31,-18
FANG,Diamondback Energy,136.84,-26,-3,-28,47,-10,-17,10,3,-5,-9,-19
BXP,"BXP, Inc.",62.13,-18,-5,-2,-1,-26,-12,-3,9,13,7,-19
HXL,Hexcel,60.18,-7,35,-28,0,0,-12,-1,3,-9,-19,-19
PB,Prosperity Bancshares,65.72,-4,-10,-3,14,-3,-18,-13,1,14,-16,-19
KHC,Kraft Heinz,27.44,0,0,-41,0,-41,23,22,-13,-10,22,-19
SOLV,Solventum,71.87,-4,0,0,0,-4,-4,-17,5,0,-16,-20
BBY,Best Buy,68.62,24,0,-23,-6,-5,35,-14,-34,-2,-15,-20
OTIS,Otis Worldwide,86.05,0,-14,-3,0,-17,-6,-11,-13,26,-4,-21
LAD,Lithia Motors,292.64,-1,-10,-4,14,-1,-10,-11,-21,21,-21,-22
AVY,Avery Dennison,171.93,2,-9,-34,0,-41,32,-14,6,-5,19,-22
AS,Amer Sports,36.7,-13,0,3,0,-10,-12,-9,9,0,-12,-22
NUE,Nucor,137.77,-49,40,0,3,-6,-12,-2,6,-8,-16,-22
XOM,ExxonMobil,105.88,-47,-6,-1,44,-10,-55,-17,8,50,-14,-24
DLB,Dolby Laboratories,71.78,-7,-7,-2,0,-16,8,-5,-19,8,-8,-24
EIX,Edison International,55.26,7,7,-31,0,-17,1,21,-28,-1,-7,-24
XP,XP Inc.,16.71,0,-1,0,0,-1,-3,-28,15,-8,-24,-25
NOW,ServiceNow,855.74,-65,-3,-2,82,12,-58,-8,7,22,-37,-25
ACI,Albertsons,19.36,0,-20,24,0,4,-2,-16,-2,-9,-29,-25
EPR,EPR Properties,52.81,-121,-1,56,29,-37,-7,-11,9,21,12,-25
AVB,AvalonBay Communities,185.18,-9,-8,-2,16,-3,-6,-26,-6,15,-23,-26
CNH,CNH Industrial,12.49,-50,0,18,0,-32,8,-14,9,2,5,-27
ELF,e.l.f. Beauty,111.68,-1,0,-49,31,-19,7,-18,7,-5,-9,-28
ESAB,ESAB,108.81,-28,-4,-1,0,-33,-47,26,9,17,5,-28
SNOW,Snowflake Inc.,191.8,-49,0,14,0,-35,-12,8,9,1,6,-29
CCI,Crown Castle,103.78,-61,36,6,-28,-47,-5,-1,19,5,18,-29
EW,Edwards Lifesciences,78.18,-28,12,3,-14,-27,-26,28,29,-35,-4,-31
SARO,StandardAero,28.38,3,0,0,0,3,-23,-20,9,0,-34,-31
ONTO,Onto Innovation,104.69,14,0,-25,0,-11,13,-9,-20,-4,-20,-31
COP,ConocoPhillips,93.55,-2,15,-44,0,-31,7,-1,1,-8,-1,-32
KBR,"KBR, Inc.",49.34,42,0,-29,0,13,-1,-36,-7,-1,-45,-32
BSY,Bentley Systems,52.91,-50,66,8,0,24,-58,-1,9,-6,-56,-32
SBAC,SBA Communications,219.11,-35,-5,15,-20,-45,-4,-5,16,5,12,-33
RYAN,Ryan Specialty,59.07,0,-33,-2,0,-35,23,-39,-8,25,1,-34
SNDR,Schneider National,23.63,-21,0,-4,0,-25,-12,-9,1,10,-10,-35
TGT,Target Corporation,104.01,27,29,-30,-11,15,-2,-5,-38,-6,-51,-36
SW,Smurfit Westrock,43.44,-56,0,-2,16,-42,13,-2,-22,17,6,-36
PCTY,Paylocity,172.08,-18,-2,0,-3,-23,-19,18,-18,5,-14,-37
APTV,Aptiv,66.78,0,0,0,-24,-24,23,-9,9,-36,-13,-37
FBIN,Fortune Brands Innovations,55.12,-7,15,-25,-5,-22,-12,29,-31,-2,-16,-38
WH,Wyndham Hotels & Resorts,83.91,-56,24,-2,11,-23,-12,-2,-16,15,-15,-38
LYFT,Lyft,13.47,-12,-2,-3,-1,-18,-12,-15,9,-2,-20,-38
TTD,Trade Desk (The),53.18,-14,-2,-26,-1,-43,-12,23,-26,20,5,-38
PR,Permian Resources,13.0,-48,-1,-7,26,-30,-12,-3,9,-2,-8,-38
KD,Kyndryl,29.12,-54,-5,-1,0,-60,10,-16,7,20,21,-39
PSA,Public Storage,279.84,0,-8,-10,1,-17,-5,-39,9,13,-22,-39
UHAL,U-Haul,57.33,0,-10,-14,0,-24,-5,-5,-27,20,-17,-41
BC,Brunswick Corporation,56.73,-21,47,-37,-7,-18,-12,-5,3,-9,-23,-41
LII,Lennox International,581.99,-63,30,0,38,5,-73,-4,3,27,-47,-42
TFSL,Third Federal S&L,12.73,-27,0,2,5,-20,-37,-14,9,19,-23,-43
UWMC,United Wholesale Mortgage,4.54,21,3,-28,0,-4,10,-5,-41,-4,-40,-44
PSX,Phillips 66,118.41,-55,0,-2,41,-16,-19,-12,8,-5,-28,-44
M,"Macy's, Inc.",12.12,0,29,-30,-15,-16,3,-1,-24,-6,-28,-44
IR,Ingersoll Rand,76.48,-53,-4,-20,23,-54,-17,-9,6,29,9,-45
CERT,"Certara, Inc.",10.46,21,-2,-14,0,5,9,-21,-6,-32,-50,-45
OXY,Occidental Petroleum,43.72,0,0,-54,0,-54,24,-4,5,-16,9,-45
VLO,Valero Energy,131.81,-63,0,0,44,-19,-19,-10,8,-5,-26,-45
KRMN,Karman Holdings,46.73,-13,0,0,0,-13,-28,-6,1,0,-33,-46
KMPR,Kemper Corporation,50.94,-28,-4,-5,-1,-38,3,-23,-2,14,-8,-46
VNO,Vornado Realty Trust,35.93,-58,-2,0,4,-56,-7,-5,7,15,10,-46
HOG,Harley-Davidson,24.16,0,0,-42,-9,-51,10,1,4,-11,4,-47
KVUE,Kenvue,21.23,-15,-5,0,0,-20,-27,-1,-2,3,-27,-47
PAYC,Paycom,221.09,-7,-7,18,-24,-20,-10,11,9,-37,-27,-47
DVA,DaVita,129.08,-58,-4,-2,20,-44,2,-5,-19,19,-3,-47
DOV,Dover Corporation,175.29,-90,0,-2,106,14,-82,-4,5,19,-62,-48
A,Agilent Technologies,114.15,0,0,-22,-2,-24,14,-14,-19,-5,-24,-48
MTB,M&T Bank,186.5,-88,0,0,22,-66,5,-9,7,14,17,-49
INGM,Ingram Micro,18.79,-62,0,0,0,-62,12,-5,6,0,13,-49
OKE,Oneok,73.67,-49,-7,-12,54,-14,-55,-7,-24,51,-35,-49
PEN,"Penumbra, Inc.",239.86,-37,-52,31,11,-47,-2,1,-5,3,-3,-50
DD,DuPont,69.91,-74,34,-2,19,-23,-26,-5,6,-3,-28,-51
DLR,Digital Realty,168.8,-52,0,0,22,-30,-46,-3,9,19,-21,-51
PLD,Prologis,104.08,-10,0,-22,-1,-33,-12,-10,9,-5,-18,-51
AA,Alcoa,29.31,-2,30,-20,-20,-12,-3,-5,1,-32,-39,-51
HRL,Hormel Foods,28.58,2,-18,-9,-23,-48,32,-14,9,-30,-3,-51
CPAY,Corpay,303.75,-58,-7,-2,21,-46,-23,-4,-4,25,-6,-52
CLX,Clorox,122.11,-7,-1,-16,-5,-29,-7,-3,-26,13,-23,-52
CARR,Carrier Global,64.89,-70,-6,-2,0,-78,-7,-2,9,26,26,-52
SWKS,Skyworks Solutions,70.52,13,0,-42,-30,-59,19,-15,6,-5,5,-54
DDOG,Datadog,128.79,-56,0,-1,0,-57,-12,-6,6,15,3,-54
TWLO,Twilio,92.44,-20,-2,-1,-34,-57,-12,-2,5,11,2,-55
LBTYK,Liberty Global (Series C),11.1,49,7,-39,-30,-13,-15,44,-36,-36,-43,-56
FRT,Federal Realty Investment Trust,91.49,-4,-7,-22,0,-33,-12,-8,-2,-1,-23,-56
UHAL-B,U-Haul (Series N),52.39,0,-10,-23,0,-33,24,-9,-37,-1,-23,-56
OMC,Omnicom Group,72.96,0,0,-26,0,-26,5,-4,-31,-1,-31,-57
LINE,"Lineage, Inc.",40.06,-14,-3,0,0,-17,-17,7,-30,0,-40,-57
AR,Antero Resources,32.41,-30,-16,0,10,-36,-13,-27,9,10,-21,-57
LBTYA,Liberty Global (Series A),10.96,49,7,-39,-31,-14,-4,7,-37,-10,-44,-58
EGP,EastGroup Properties,159.5,-14,-2,-4,8,-12,-22,-28,9,-5,-46,-58
MASI,Masimo,147.42,-28,-4,0,-6,-38,2,-19,-14,10,-21,-59
RRX,Regal Rexnord,138.13,-49,0,-2,3,-48,-15,-1,6,-1,-11,-59
SON,Sonoco,45.0,0,6,-43,-5,-42,-6,-4,6,-14,-18,-60
PFE,Pfizer,24.61,14,5,-32,-23,-36,9,-12,6,-28,-25,-61
DVN,Devon Energy,32.87,0,0,-49,-5,-54,26,-19,8,-22,-7,-61
BIO,Bio-Rad Laboratories,265.01,-5,29,-26,-28,-30,2,34,-31,-37,-32,-62
FR,First Industrial Realty Trust,47.59,-58,-1,-2,0,-61,-17,-5,7,14,-1,-62
YETI,Yeti Holdings,31.86,-22,30,-34,-6,-32,-21,-3,3,-10,-31,-63
EEFT,Euronet Worldwide,92.64,-67,-9,-2,-3,-81,5,-9,9,13,18,-63
REGN,Regeneron Pharmaceuticals,545.92,-7,0,-40,-4,-51,8,25,-41,-4,-12,-63
DNB,Dun & Bradstreet,9.1,-2,42,-25,0,15,-12,-3,-27,-37,-79,-64
GPN,Global Payments,80.82,-2,15,-26,-39,-52,-11,31,-23,-10,-13,-65
RVMD,Revolution Medicines,34.72,-28,-7,-13,0,-48,-20,-33,9,26,-18,-66
CAVA,Cava Group,82.34,-13,0,-13,0,-26,-12,-3,-27,2,-40,-66
WST,West Pharmaceutical Services,240.33,0,15,-26,-7,-18,-12,-3,-26,-8,-49,-67
NDSN,Nordson,210.64,-11,0,-35,0,-46,-14,-9,9,-7,-21,-67
CF,CF Industries,82.63,-32,-3,-1,4,-32,-24,-29,9,8,-36,-68
GRAL,"Grail, Inc.",32.72,-14,-10,0,0,-24,-23,-20,-2,0,-45,-69
PPG,PPG Industries,106.54,0,-7,-45,-8,-60,-1,-9,9,-8,-9,-69
BIRK,Birkenstock,47.55,-51,-7,-9,0,-67,-21,10,9,0,-2,-69
TREX,"Trex Company, Inc.",58.67,-28,24,-53,-13,-70,-23,28,1,-6,0,-70
AXTA,Axalta,28.36,0,-50,-15,22,-43,-12,-14,-28,26,-28,-71
APLS,Apellis Pharmaceuticals,23.85,56,10,-69,-16,-19,12,21,-67,-18,-52,-71
ELV,Elevance Health,290.79,14,-28,-43,-2,-59,19,-20,-9,-3,-13,-72
APA,APA Corporation,19.92,21,3,-84,-12,-72,14,1,4,-19,0,-72
AMT,American Tower,206.08,-73,-5,15,0,-63,-35,-4,19,11,-9,-72
OVV,Ovintiv,38.94,-49,0,-4,0,-53,-19,-1,6,-6,-20,-73
EXR,Extra Space Storage,135.24,-56,-8,-2,0,-66,-21,-8,9,13,-7,-73
PCOR,Procore,61.65,-53,-2,-2,0,-57,-19,-1,-16,19,-17,-74
SWK,Stanley Black & Decker,68.88,0,29,-28,-39,-38,7,-7,-34,-2,-36,-74
ANGI,Angi Inc.,18.09,28,4,-39,-51,-58,-3,26,5,-44,-16,-74
COO,Cooper Companies (The),70.89,0,-9,-26,-5,-40,8,-9,-31,-3,-35,-75
CBSH,Commerce Bancshares,60.28,-98,-5,0,11,-92,6,-11,9,13,17,-75
MPC,Marathon Petroleum,158.57,-63,0,0,49,-14,-55,-8,9,-8,-62,-76
FCN,FTI Consulting,167.62,0,19,-36,0,-17,-4,-4,-46,-5,-59,-76
CPB,Campbell Soup Company,32.12,-6,0,-31,-6,-43,-5,14,-38,-5,-34,-77
UDR,"UDR, Inc.",37.51,-63,-8,-2,-1,-74,-8,-5,-4,13,-4,-78
MAA,Mid-America Apartment Communities,138.54,-60,-9,0,0,-69,-8,-5,-7,11,-9,-78
ISRG,Intuitive Surgical,471.7,-99,-9,-2,22,-88,2,-17,-1,26,10,-78
CRWD,CrowdStrike,426.39,-70,-3,44,0,-29,-61,-17,9,20,-49,-78
MCHP,Microchip Technology,60.95,-56,0,0,0,-56,-12,-13,9,-7,-23,-79
FND,Floor & Decor,78.31,-7,29,-34,-6,-18,-18,-9,-28,-6,-61,-79
PII,Polaris Inc.,52.25,0,32,-99,-17,-84,-12,29,4,-17,4,-80
IPG,Interpublic Group of Companies (The),24.99,0,15,-42,0,-27,7,-4,-39,-17,-53,-80
DPZ,Domino's,440.83,-56,-5,0,10,-51,-68,-5,26,18,-29,-80
FLO,Flowers Foods,16.19,19,-1,-36,-8,-26,18,6,-56,-23,-55,-81
ONON,On Holding AG,45.74,-63,-8,-1,0,-72,1,-39,9,20,-9,-81
CTSH,Cognizant,69.15,-72,-9,-2,14,-69,-12,-17,-2,18,-13,-82
BALL,Ball Corporation,53.66,-73,0,-2,-11,-86,5,-5,9,-5,4,-82
CCCS,CCC Intelligent Solutions,9.23,-28,0,-27,0,-55,-63,40,1,-6,-28,-83
WDAY,"Workday, Inc.",213.69,-53,-11,-9,14,-59,-12,-7,-3,-2,-24,-83
TPL,Texas Pacific Land Corporation,855.33,-24,-50,-8,58,-24,-19,-50,-4,13,-60,-84
MDB,MongoDB Inc.,201.07,-49,0,-25,-9,-83,-12,19,1,-9,-1,-84
CPT,Camden Property Trust,104.07,-63,-8,0,-1,-72,-17,-5,-2,11,-13,-85
POOL,Pool Corporation,306.62,-20,15,-22,-6,-33,-12,-3,-28,-9,-52,-85
CLVT,Clarivate,3.93,0,0,-76,-6,-82,25,11,2,-42,-4,-86
DIS,Walt Disney Company (The),112.58,-77,0,14,-1,-64,-26,-8,9,3,-22,-86
MOS,Mosaic Company (The),32.51,-56,0,15,-16,-57,3,-16,14,-30,-29,-86
AAL,American Airlines Group,11.59,14,31,-20,-76,-51,33,-9,-20,-39,-35,-86
CPRI,Capri Holdings,19.43,28,6,-71,-11,-48,-4,-5,2,-32,-39,-87
WBD,Warner Bros. Discovery,10.78,-49,43,11,-42,-37,-12,-2,7,-45,-52,-89
KSS,Kohl's,12.19,6,29,-61,-31,-57,3,-6,3,-32,-32,-89
ODFL,Old Dominion Freight Line,142.97,-9,-9,-25,0,-43,-12,-3,-30,-1,-46,-89
JAZZ,Jazz Pharmaceuticals,110.83,-35,3,-2,-6,-40,9,-4,-15,-39,-49,-89
BF-B,Brown–Forman (Class B),30.76,33,3,-102,-18,-84,35,21,-34,-28,-6,-90
MRK,Merck & Co.,80.05,0,7,-46,-4,-43,11,-3,-50,-6,-48,-91
FTRE,Fortrea,6.4,-2,6,-36,0,-32,-7,14,-64,-2,-59,-91
CHE,Chemed Corporation,432.14,0,-56,-10,-2,-68,37,-44,-8,-8,-23,-91
PVH,PVH Corp.,71.81,-8,0,-31,-3,-42,-12,-3,-27,-7,-49,-91
AVTR,Avantor,12.1,0,-7,-28,0,-35,7,-20,-39,-5,-57,-92
LKQ,LKQ Corporation,29.24,-8,-40,-5,-2,-55,5,-14,-13,-17,-39,-94
CROX,Crocs,76.58,-21,-3,-41,-1,-66,-13,-7,-3,-5,-28,-94
GTM,ZoomInfo,9.54,-53,0,-2,0,-55,-6,-1,5,-37,-39,-94
CHH,Choice Hotels,119.1,-69,-4,-2,0,-75,-13,-5,-16,14,-20,-95
QXO,"QXO, Inc.",19.28,-70,0,0,-14,-84,2,-19,12,-6,-11,-95
CFR,Frost Bank,122.0,-85,-1,0,4,-82,-23,-7,7,10,-13,-95
ALB,Albemarle Corporation,80.74,11,28,-127,-23,-111,37,1,3,-25,16,-95
BF-A,Brown–Forman (Class A),30.56,32,0,-101,-18,-87,34,21,-41,-24,-10,-97
DOCU,DocuSign,67.13,-59,-10,-2,-12,-83,-20,-4,-1,11,-14,-97
CMG,Chipotle Mexican Grill,41.65,-147,-13,-5,80,-85,-25,-14,-3,29,-13,-98
HST,Host Hotels & Resorts,15.32,-70,0,-31,2,-99,5,-5,7,-6,1,-98
ON,ON Semiconductor,47.11,-56,0,-36,-1,-93,11,-6,5,-15,-5,-98
WAT,Waters Corporation,279.46,-51,-21,-4,-2,-78,5,-20,-19,14,-20,-98
RIVN,Rivian,11.94,-69,-10,-2,0,-81,9,-4,-2,-21,-18,-99
OKTA,"Okta, Inc.",88.56,-21,-44,0,-24,-89,-12,-3,-2,6,-11,-100
ABNB,Airbnb,118.28,-66,-3,-2,0,-71,-21,-2,-1,-5,-29,-100
BBWI,"Bath & Body Works, Inc.",27.95,-14,-2,-24,-15,-55,-17,-7,-15,-6,-45,-100
CLF,Cleveland-Cliffs,9.73,-49,28,-62,-16,-99,5,-1,2,-8,-2,-101
MOH,Molina Healthcare,153.82,-8,-55,-12,-2,-77,12,-20,-8,-8,-24,-101
MIDD,Middleby,119.97,-58,-4,-2,-1,-65,-28,-7,-15,13,-37,-102
MKC,McCormick & Company,69.7,-58,-24,-5,-2,-89,12,-23,-13,10,-14,-103
IRDM,Iridium Communications,23.76,-31,-8,-3,-19,-61,-22,-7,6,-19,-42,-103
WHR,Whirlpool Corporation,82.24,-7,-8,-4,-26,-45,-12,-14,2,-36,-60,-105
BHF,Brighthouse Financial,45.2,-21,-27,-2,0,-50,-17,-45,-2,8,-56,-106
DOC,Healthpeak Properties,16.78,-10,-4,-16,-31,-61,-19,-4,-31,9,-45,-106
CIVI,Civitas Resources,30.75,6,1,-54,-6,-53,11,-1,-54,-9,-53,-106
WFRD,Weatherford International,53.79,-26,34,-43,0,-35,-19,-1,-47,-5,-72,-107
CFLT,"Confluent, Inc.",15.91,-56,-8,-2,0,-66,-20,-2,-17,-2,-41,-107
STZ,Constellation Brands,168.72,-7,-1,-44,-3,-55,-5,21,-60,-8,-52,-107
DT,Dynatrace,46.03,-52,-3,-1,0,-56,-61,-16,6,20,-51,-107
FOUR,Shift4,83.0,-58,-5,-1,0,-64,-61,-5,-1,24,-43,-107
VFC,VF Corporation,11.8,-37,-3,-19,-43,-102,-17,23,-19,7,-6,-108
MORN,"Morningstar, Inc.",255.28,-56,-8,-19,28,-55,-50,-21,-1,18,-54,-109
SAIL,SailPoint,18.33,-41,-3,0,0,-44,-46,-20,1,0,-65,-109
TTC,Toro Company (The),73.49,-7,19,-34,-6,-28,-12,-3,-47,-20,-82,-110
ZTS,Zoetis,149.38,-17,-22,-34,-3,-76,9,-37,-1,-5,-34,-110
EPAM,EPAM Systems,151.92,0,-9,-25,-27,-61,19,-15,-16,-37,-49,-110
BMRN,BioMarin Pharmaceutical,56.8,-11,0,-49,-20,-80,-20,25,-14,-22,-31,-111
SEE,Sealed Air,29.04,-8,-1,-23,-24,-56,-17,-13,7,-32,-55,-111
JBHT,J. B. Hunt,137.78,-21,-1,-30,-1,-53,-12,-9,-27,-10,-58,-111
OGN,Organon & Co.,9.01,-38,-5,-28,0,-71,9,-5,-41,-4,-41,-112
GME,GameStop,22.42,-5,-41,-9,-30,-85,-12,-6,-2,-7,-27,-112
ILMN,"Illumina, Inc.",94.81,-49,43,-27,-40,-73,2,-2,1,-40,-39,-112
CNXC,Concentrix,45.86,-66,-7,-2,0,-75,-6,-5,7,-33,-37,-112
TECH,Bio-Techne,50.17,-31,0,-26,-24,-81,2,-2,-26,-6,-32,-113
KNX,Knight-Swift,40.99,-21,-9,-24,-2,-56,-12,-12,-20,-13,-57,-113
EG,Everest Group,330.49,-49,-20,-35,55,-49,14,-38,-36,-5,-65,-114
GTLB,GitLab,38.81,-53,-4,-20,0,-77,-17,-1,-19,-1,-38,-115
PYPL,PayPal,67.08,-70,-2,-2,-39,-113,-12,-2,2,9,-3,-116
CUBE,CubeSmart,38.71,-58,-5,-22,0,-85,-21,-18,9,-2,-32,-117
WEN,Wendy's Company (The),10.31,3,-33,-36,-8,-74,26,-24,-31,-15,-44,-118
DAY,Dayforce,49.93,-50,-7,-19,-12,-88,-12,-2,-23,5,-32,-120
DV,DoubleVerify,14.82,-21,0,-69,0,-90,-19,16,-17,-10,-30,-120
CRM,Salesforce,232.62,-56,-8,-12,22,-54,-61,-7,-20,21,-67,-121
CHRD,Chord Energy,99.31,-49,0,-49,0,-98,-19,-1,3,-6,-23,-121
ZBH,Zimmer Biomet,100.03,21,3,-64,-17,-57,21,-5,-63,-18,-65,-122
WY,Weyerhaeuser,25.3,-7,-9,-22,0,-38,-12,-30,-34,-8,-84,-122
INTC,Intel,20.67,7,-8,-68,-20,-89,7,-12,-16,-12,-33,-122
FI,Fiserv,132.2,-63,-22,-13,35,-63,-56,-16,-14,27,-59,-122
LW,Lamb Weston,51.63,-35,-4,-71,-8,-118,1,7,2,-14,-4,-122
PK,Park Hotels & Resorts,10.23,-69,-2,-25,-7,-103,-12,-5,2,-5,-20,-123
ASH,Ashland Global,51.63,0,6,-40,-9,-43,-5,-13,-52,-10,-80,-123
TEAM,Atlassian,159.24,-56,-23,-5,-6,-90,-12,-15,-17,11,-33,-123
WLK,Westlake Corporation,76.91,-9,0,-39,-4,-52,-10,-5,-51,-6,-72,-124
FRPT,Freshpet,62.39,-38,-40,-23,-6,-107,-33,14,-19,19,-19,-126
TXG,10x Genomics,12.31,-28,44,-75,0,-59,-28,-1,3,-42,-68,-127
DJT,Trump Media & Technology Group,17.26,0,-50,-55,0,-105,15,-6,-23,-9,-23,-128
BAX,Baxter International,23.47,0,-24,-22,-38,-84,31,-23,-13,-41,-46,-130
MGM,MGM Resorts International,34.38,-56,0,-2,0,-58,-67,-2,6,-9,-72,-130
NKE,"Nike, Inc.",74.04,-21,31,-76,-21,-87,-12,-1,6,-36,-43,-130
UA,Under Armour (Class C),4.97,-16,-2,-28,-37,-83,-12,-4,6,-37,-47,-130
SAIA,Saia,281.71,-58,0,-25,4,-79,-21,-3,-27,-5,-56,-135
ENOV,Enovis,28.12,21,-21,-64,-17,-81,21,-14,-24,-37,-54,-135
ZM,Zoom Communications,69.77,-69,-10,-2,0,-81,-12,-46,-1,4,-55,-136
ESS,Essex Property Trust,252.09,-63,-8,-2,14,-59,-84,-5,-2,14,-77,-136
SAM,Boston Beer Company,214.04,0,0,-34,-37,-71,-5,13,-30,-44,-66,-137
UAA,Under Armour (Class A),5.11,-15,-2,-27,-44,-88,-12,-4,4,-37,-49,-137
VSTS,Vestis,4.44,-58,-7,-21,0,-86,-23,-2,-26,0,-51,-137
CC,Chemours,11.67,-8,29,-64,-13,-56,-19,-7,-26,-30,-82,-138
UNH,UnitedHealth Group,252.41,0,-79,-17,-4,-100,10,-20,-30,-1,-41,-141
CHDN,Churchill Downs Incorporated,100.41,-65,32,-30,0,-63,-75,-4,1,-1,-79,-142
FIS,Fidelity National Information Services,69.93,-53,-5,-1,-37,-96,-58,-7,8,11,-46,-142
EXAS,Exact Sciences,40.92,-31,-14,-27,-25,-97,-9,-21,-1,-16,-47,-144
LUV,Southwest Airlines,29.06,-91,0,-1,-39,-131,-18,-9,7,4,-16,-147
RVTY,Revvity,85.77,-65,-9,-19,-24,-117,5,-14,-24,3,-30,-147
EMN,Eastman Chemical Company,61.07,-77,-11,-20,-1,-109,7,-9,-34,-2,-38,-147
IOT,Samsara,32.49,-52,-29,-9,0,-90,-61,-2,-16,20,-59,-149
PATH,UiPath,10.44,-91,-10,-10,0,-111,-12,-14,-2,-10,-38,-149
MDLZ,Mondelez International,61.57,-63,-9,0,0,-72,-82,-5,18,-9,-78,-150
MTDR,Matador Resources,46.26,-55,0,-28,0,-83,-57,-7,2,-6,-68,-151
MAN,ManpowerGroup,39.78,0,-7,-45,-28,-80,14,-7,-45,-36,-74,-154
ELS,Equity Lifestyle Properties,59.87,-4,-33,-20,0,-57,-17,-47,-31,-3,-98,-155
NFE,New Fortress Energy,2.62,-14,-2,-70,-3,-89,-16,-5,-21,-25,-67,-156
RNG,RingCentral,27.09,-1,0,-25,-41,-67,-3,-16,-25,-45,-89,-156
CRI,Carter's,24.01,-4,-13,-61,-17,-95,-9,-5,-38,-9,-61,-156
CE,Celanese,47.42,-77,-2,-42,-10,-131,-12,-9,5,-9,-25,-156
IAC,IAC Inc.,34.07,-74,-5,-1,-31,-111,-7,-5,5,-38,-45,-156
IEX,IDEX Corporation,157.59,-63,-9,-27,-2,-101,-15,-9,-27,-6,-57,-158
AZTA,Azenta,28.0,-55,-1,-52,-31,-139,10,-4,-18,-9,-21,-160
LBRDA,Liberty Broadband (Series A),58.65,-85,-12,-2,-36,-135,-19,-12,-2,8,-25,-160
SMG,Scotts Miracle-Gro Company,59.78,-70,0,-21,-39,-130,-26,-9,5,-1,-31,-161
FTV,Fortive,46.74,-58,-9,-20,0,-87,-15,-35,-16,-8,-74,-161
LBRDK,Liberty Broadband (Series C),58.83,-85,-12,-2,-36,-135,-21,-12,-2,8,-27,-162
LOAR,Loar Holdings,68.18,-35,-26,0,0,-61,-47,-53,-2,0,-102,-163
LCID,Lucid Motors,2.19,-73,-4,-3,0,-80,-28,-4,-16,-35,-83,-163
ALGM,Allegro MicroSystems,29.81,-98,0,10,0,-88,-58,-9,7,-16,-76,-164
RARE,Ultragenyx,27.39,-14,-23,-26,-38,-101,-12,-15,-34,-3,-64,-165
BIIB,Biogen,128.0,-6,0,-83,-27,-116,5,6,-46,-18,-53,-169
CRL,Charles River Laboratories,148.91,-28,0,-53,-26,-107,-57,-3,5,-8,-63,-170
MKTX,MarketAxess,189.28,-31,-12,-27,-29,-99,1,-27,-1,-44,-71,-170
ESTC,Elastic NV,72.53,-56,-7,-12,-6,-81,-66,-3,-17,-4,-90,-171
ENTG,Entegris,72.04,-63,-6,-43,-6,-118,-1,-1,-48,-5,-55,-173
CAR,Avis Budget Group,153.04,-63,0,8,-20,-75,-72,-1,12,-37,-98,-173
NSA,National Storage Affiliates,29.74,0,-56,-14,-4,-74,-8,-57,-35,-1,-101,-175
ACHC,Acadia Healthcare,19.07,-32,-20,-47,-11,-110,2,-11,-41,-16,-66,-176
MPW,Medical Properties Trust,4.03,-14,-63,-6,-36,-119,-10,-6,-6,-35,-57,-176
HAL,Halliburton,20.5,-27,-4,-62,-5,-98,-19,11,-61,-9,-78,-176
TDC,Teradata,20.17,-10,-3,-78,-17,-108,-11,-16,-26,-16,-69,-177
CDW,CDW,160.07,-56,-5,-41,0,-102,-61,-8,1,-8,-76,-178
INSP,Inspire Medical Systems,79.58,-35,-60,-22,-6,-123,2,-14,-27,-17,-56,-179
HUBS,HubSpot,420.79,-59,-42,-9,-1,-111,-68,-2,-17,19,-68,-179
INVH,Invitation Homes,29.92,-85,-13,-7,0,-105,-55,-33,-2,14,-76,-181
BRBR,BellRing Brands,38.84,-51,-67,-12,0,-130,-2,-59,-18,27,-52,-182
ST,Sensata Technologies,29.47,-63,0,-2,-15,-80,-69,-5,7,-35,-102,-182
JKHY,Jack Henry & Associates,158.54,-84,-8,-2,-1,-95,-57,-39,-2,11,-87,-182
SRPT,Sarepta Therapeutics,17.95,21,-145,-28,-7,-159,30,2,-49,-6,-23,-182
NCNO,nCino,26.18,-70,0,-25,0,-95,-84,-6,4,-1,-87,-182
OLN,Olin Corporation,18.74,-7,-9,-59,-9,-84,-7,-9,-61,-23,-100,-184
BILL,Bill.com,39.13,-71,-8,-23,0,-102,-19,-9,-19,-37,-84,-186
LSTR,Landstar,126.25,-63,-10,-34,-1,-108,-12,-18,-41,-7,-78,-186
QDEL,QuidelOrtho,23.64,-2,-22,-22,-38,-84,-19,-14,-22,-47,-102,-186
ALGN,Align Technology,134.87,-56,-8,-66,-25,-155,9,-1,-2,-38,-32,-187
COTY,Coty,4.72,-21,-3,-63,-7,-94,-14,-7,-65,-9,-95,-189
VAC,Marriott Vacations Worldwide,70.51,-69,0,-2,-17,-88,-78,-5,6,-25,-102,-190
FDS,FactSet,377.46,-142,-16,-4,0,-162,-16,-12,-2,-1,-31,-193
MTN,Vail Resorts,148.02,-74,-8,-32,-23,-137,-12,-13,5,-36,-56,-193
CAG,Conagra Brands,19.27,19,-81,-31,-7,-100,37,-95,-13,-23,-94,-194
SLB,Schlumberger,32.4,-58,-7,-69,-1,-135,-19,-13,-20,-10,-62,-197
PLTK,Playtika,3.79,-70,-12,-25,0,-107,-21,-14,-26,-31,-92,-199
S,SentinelOne,15.81,-69,-5,-24,0,-98,-69,-7,-27,-1,-104,-202
CMCSA,Comcast,31.41,-84,-10,-34,-9,-137,-47,-12,-1,-8,-68,-205
NWL,Newell Brands,4.83,-59,-7,-26,-31,-123,-16,-5,-26,-36,-83,-206
UPS,United Parcel Service,86.31,0,-10,-105,-16,-131,7,-18,-33,-34,-78,-209
WU,Western Union,8.25,6,-88,-22,-46,-150,7,-5,-57,-5,-60,-210
WSC,WillScot Mobile Mini,23.94,-58,-7,-64,-6,-135,-23,-1,-41,-12,-77,-212
FIVN,Five9,24.06,-19,-3,-78,-35,-135,-14,-7,-16,-40,-77,-212
KMX,CarMax,55.94,-92,-20,-18,-36,-166,-18,-18,-22,11,-47,-213
DXC,DXC Technology,12.84,-6,-23,-24,-73,-126,-8,-17,-31,-34,-90,-216
AKAM,Akamai Technologies,70.63,-58,-8,-25,-7,-98,-76,-7,-25,-10,-118,-216
LEG,Leggett & Platt,8.48,-7,0,-131,-30,-168,-12,-5,6,-38,-49,-217
PENN,Penn Entertainment,16.8,-53,0,-2,-34,-89,-65,-7,-17,-44,-133,-222
RGEN,Repligen,111.87,-44,-21,-15,-17,-97,-56,-13,-19,-37,-125,-222
IT,Gartner,225.99,-79,-40,-20,0,-139,-80,-43,-18,57,-84,-223
GIS,General Mills,49.35,0,-87,-40,-4,-131,-5,-33,-36,-19,-93,-224
GFS,GlobalFoundries,31.63,-58,-5,-81,0,-144,-58,-9,-1,-17,-85,-229
ACN,Accenture,238.61,-77,-24,-22,-1,-124,-89,-22,-18,19,-110,-234
GDDY,GoDaddy,135.75,-93,-23,-2,22,-96,-96,-47,-18,22,-139,-235
TFX,Teleflex,116.03,-1,-132,-41,-39,-213,14,6,-37,-10,-27,-240
COLM,Columbia Sportswear,49.42,-72,-106,-20,-6,-204,-14,-20,-15,13,-36,-240
CHTR,Charter Communications,258.77,-85,-12,-3,-36,-136,-86,-17,-3,-1,-107,-243
DAR,Darling Ingredients,29.75,-91,-8,-5,-20,-124,-82,-14,7,-30,-119,-243
GLOB,Globant,74.65,-55,-59,-25,-7,-146,-59,-7,-25,-7,-98,-244
ARE,Alexandria Real Estate Equities,71.89,-72,-1,-36,-30,-139,-21,-3,-47,-35,-106,-245
HUN,Huntsman Corporation,9.06,-91,-13,-44,-15,-163,-7,-5,-39,-33,-84,-247
OLED,Universal Display Corporation,135.85,-97,-1,-36,-1,-135,-103,-19,9,-5,-118,-253
FMC,FMC Corporation,35.13,-70,-7,-39,-24,-140,-83,-10,1,-26,-118,-258
PRMB,Primo Brands,24.1,-68,-49,0,22,-95,-96,-78,-9,18,-165,-260
PRGO,Perrigo,22.01,-56,-4,-1,-113,-174,-28,-3,-1,-55,-87,-261
IFF,International Flavors & Fragrances,63.46,-74,-9,-22,-31,-136,-87,-5,-34,-1,-127,-263
LYB,LyondellBasell,48.34,-77,-7,-43,-5,-132,-63,-5,-57,-7,-132,-264
BRKR,Bruker,30.78,-51,-8,-59,-8,-126,-60,-6,-63,-9,-138,-264
COLD,Americold,14.36,-21,-91,-40,-11,-163,-20,-33,-40,-15,-108,-271
NOV,NOV Inc.,11.9,-70,-7,-54,-12,-143,-68,-2,-45,-15,-130,-273
CZR,Caesars Entertainment,24.0,-73,-8,-25,-25,-131,-65,-9,-34,-37,-145,-276
ENPH,Enphase Energy,32.57,0,-147,-45,-20,-212,13,-12,-52,-24,-75,-287
DOW,Dow Inc.,20.88,-91,-13,-42,-1,-147,-63,-13,-57,-8,-141,-288
SIRI,Sirius XM,20.95,-72,-4,-82,-31,-189,-26,-8,-48,-17,-99,-288
CNC,Centene,25.24,-91,-56,-43,-11,-201,7,-54,-12,-28,-87,-288
ADBE,Adobe Inc.,333.65,-58,-24,-35,-6,-123,-81,-40,-39,-5,-165,-288
MRNA,Moderna,25.47,-70,-4,-54,-4,-132,-73,-5,-54,-39,-171,-303
LULU,Lululemon Athletica,186.41,-156,-45,-10,-3,-214,-19,-39,-19,-12,-89,-303
XRAY,Dentsply Sirona,12.52,-69,-8,-80,-42,-199,-80,-5,-67,-40,-192,-391
WOLF,Wolfspeed,1.41,-70,0,-133,-30,-233,-12,-16,-99,-37,-164,-397
RHI,Robert Half,33.69,-91,-137,-28,-9,-265,-89,-14,-26,-32,-161,-426
