Symbol,Name,Close,1H Cloud Score,1D Cloud Score,1W Cloud Score,1M Cloud Score,Cloud Score Sum,1H TKx Score,1D TKx Score,1W TKx Score,1M TKx Score,TKx Score Sum,Total Score Sum
TJX,TJX Companies,142.3,-1,63,159,200,421,-6,6,128,195,323,744
COR,Cencora,341.39,114,43,55,77,289,122,52,66,70,310,599
AAPL,Apple Inc.,271.26,66,87,9,253,415,34,55,13,73,175,590
COOP,Mr. Cooper Group,210.79,-7,100,126,60,279,11,99,124,58,292,571
APH,Amphenol,139.09,49,133,30,67,279,41,135,21,29,226,505
FIX,Comfort Systems USA,963.03,35,123,28,66,252,35,135,21,57,248,500
NRG,NRG Energy,173.17,34,35,114,96,279,35,34,124,23,216,495
GOOG,Alphabet (Class C),281.82,89,109,18,178,394,46,11,15,23,95,489
GOOGL,Alphabet (Class A),281.39,89,109,19,178,395,46,6,16,23,91,486
PLTR,Palantir Technologies,194.54,41,133,127,0,301,36,-6,130,22,182,483
HWM,Howmet Aerospace,201.67,42,37,159,31,269,36,8,103,59,206,475
CRS,Carpenter Technology Corporation,318.56,42,6,157,37,242,59,6,82,51,198,440
KLAC,KLA Corporation,1214.39,78,39,25,179,321,36,33,21,28,118,439
MCK,McKesson Corporation,825.91,110,31,53,60,254,61,48,3,69,181,435
MPWR,Monolithic Power Systems,1087.56,42,120,14,159,335,-5,64,21,2,82,417
ORLY,O'Reilly Auto Parts,95.13,-71,-6,174,201,298,-28,-14,65,91,114,412
HCA,HCA Healthcare,466.73,67,59,14,99,239,82,27,27,31,167,406
ETR,Entergy,96.08,-2,30,87,139,254,5,29,100,16,150,404
AVGO,Broadcom,376.41,35,123,30,118,306,35,6,21,32,94,400
CW,Curtiss-Wright,597.69,40,128,30,56,254,36,36,21,51,144,398
ACM,AECOM,133.64,15,126,27,67,235,12,55,21,74,162,397
RTX,RTX Corporation,177.44,0,119,88,56,263,-11,28,95,16,128,391
JPM,JPMorgan Chase,309.44,23,5,134,160,322,33,-13,21,28,69,391
GLW,Corning Inc.,90.3,19,119,30,19,187,35,126,19,16,196,383
CAT,Caterpillar Inc.,583.29,22,119,19,66,226,30,44,19,59,152,378
GD,General Dynamics,344.61,0,142,19,56,217,-16,97,21,59,161,378
NVT,nVent Electric,104.34,38,120,19,14,191,37,133,19,-7,182,373
WELL,Welltower,180.94,8,14,127,60,209,-12,5,144,26,163,372
ROL,"Rollins, Inc.",57.81,7,1,42,288,338,-27,-11,34,37,33,371
SO,Southern Company,95.1,-55,20,87,192,244,2,-2,34,81,115,359
IBM,IBM,310.07,40,31,120,56,247,-7,-6,67,58,112,359
CAH,Cardinal Health,189.96,65,25,66,40,196,61,39,3,59,162,358
EME,Emcor,648.17,-7,120,28,60,201,38,39,19,59,155,356
INSM,Insmed,194.41,21,100,75,18,214,28,70,21,22,141,355
RBC,RBC Bearings,407.2,0,7,104,166,277,-10,2,25,59,76,353
FYBR,Frontier Communications,37.69,29,58,100,0,187,41,3,105,16,165,352
PWR,Quanta Services,453.96,35,27,28,101,191,35,31,21,74,161,352
ROIV,Roivant Sciences,19.59,97,57,12,0,166,89,73,21,2,185,351
BSX,Boston Scientific,100.55,-3,-6,155,146,292,-30,9,21,59,59,351
MS,Morgan Stanley,165.24,35,120,87,66,308,-9,12,21,18,42,350
CDNS,Cadence Design Systems,336.16,-3,-3,28,143,165,-19,1,21,182,185,350
WDC,Western Digital,138.18,19,120,23,20,182,10,131,21,5,167,349
HUBB,Hubbell Incorporated,470.05,20,3,12,184,219,35,5,17,73,130,349
TIGO,Millicom,46.77,-6,200,88,4,286,-8,17,35,18,62,348
MLI,Mueller Industries,105.39,63,92,18,60,233,14,6,19,73,112,345
ANET,Arista Networks,158.45,42,105,18,60,225,43,2,17,58,120,345
LRCX,Lam Research,160.94,42,42,20,154,258,36,34,21,-7,84,342
RL,Ralph Lauren Corporation,323.05,-3,122,105,36,260,-19,51,21,28,81,341
LLY,Lilly (Eli),844.81,6,25,2,174,207,-16,42,3,98,127,334
WRB,W. R. Berkley Corporation,71.54,-21,0,105,178,262,-19,-4,35,57,69,331
GE,GE Aerospace,310.74,27,131,30,29,217,-2,42,41,31,112,329
L,Loews Corporation,99.53,0,120,123,57,300,-21,-3,21,26,23,323
ORI,Old Republic International,39.33,-42,0,158,60,176,-33,-6,128,57,146,322
AXON,Axon Enterprise,739.19,44,-2,156,96,294,-3,1,-2,32,28,322
BWXT,BWX Technologies,213.8,23,118,24,37,202,33,30,21,33,117,319
AAON,AAON,100.65,-3,31,0,247,275,-10,49,3,-1,41,316
XYL,Xylem Inc.,151.54,42,120,19,24,205,36,29,21,24,110,315
TT,Trane Technologies,446.81,35,1,27,166,229,33,23,-1,31,86,315
SRE,Sempra,92.45,7,75,11,183,276,-12,30,19,1,38,314
DTE,DTE Energy,138.06,-28,28,85,191,276,-40,25,38,15,38,314
SNX,TD Synnex,155.44,34,120,26,65,245,34,-7,19,23,69,314
MNST,Monster Beverage,66.55,-14,59,37,182,264,-21,33,30,6,48,312
CIEN,Ciena,189.1,42,120,20,14,196,35,42,19,18,114,310
BK,BNY Mellon,107.94,7,122,105,42,276,-10,1,21,21,33,309
ELAN,Elanco,22.58,70,123,13,0,206,36,55,20,-8,103,309
NVDA,Nvidia,202.8,28,31,25,136,220,35,4,21,28,88,308
V,Visa Inc.,344.87,0,1,148,135,284,-5,1,-4,28,20,304
UI,Ubiquiti,771.62,28,49,63,12,152,35,84,21,12,152,304
DUK,Duke Energy,125.24,-28,20,87,185,264,-36,22,33,18,37,301
PANW,Palo Alto Networks,218.26,56,40,10,83,189,-10,41,21,59,111,300
PSTG,Pure Storage,97.0,40,50,10,44,144,36,42,17,59,154,298
DCI,Donaldson Company,83.7,8,72,13,67,160,5,79,21,32,137,297
MCD,McDonald's,302.4,-14,-2,3,244,231,-10,7,9,59,65,296
IBKR,Interactive Brokers,68.51,27,31,100,59,217,5,-6,19,59,77,294
ETN,Eaton Corporation,383.12,28,6,19,116,169,35,-6,19,74,122,291
HII,Huntington Ingalls Industries,319.08,42,159,19,8,228,7,39,27,-11,62,290
ATI,ATI Inc.,101.17,42,6,27,45,120,56,39,21,54,170,290
UHS,Universal Health Services,218.68,66,52,3,24,145,82,56,5,1,144,289
DOV,Dover Corporation,180.14,77,0,0,108,185,82,4,-4,21,103,288
CASY,Casey's,518.24,-55,-2,124,89,156,-73,-4,128,80,131,287
AMAT,Applied Materials,232.55,42,31,6,151,230,14,31,19,-7,57,287
AXP,American Express,358.85,70,49,28,101,248,-10,6,19,23,38,286
J,Jacobs Solutions,158.19,-5,118,17,108,238,-22,29,18,21,46,284
GS,Goldman Sachs,790.01,35,5,103,60,203,35,1,21,23,80,283
AYI,Acuity Brands,359.5,-5,96,15,29,135,-16,125,17,22,148,283
CRWD,CrowdStrike,538.68,58,31,56,0,145,61,32,21,22,136,281
EVRG,Evergy,77.75,-21,101,69,16,165,-14,29,88,12,115,280
ITT,ITT Inc.,186.99,38,2,27,101,168,61,2,21,28,112,280
JCI,Johnson Controls,114.22,42,13,86,21,162,35,42,21,20,118,280
TER,Teradyne,176.84,42,91,6,4,143,6,121,14,-7,134,277
MSI,Motorola Solutions,431.94,-38,-12,12,155,117,-14,-26,12,187,159,276
PH,Parker Hannifin,774.4,56,6,28,67,157,61,5,21,32,119,276
CBOE,Cboe Global Markets,236.79,-1,-2,155,57,209,-10,-9,33,53,67,276
ATO,Atmos Energy,173.37,-42,60,85,47,150,-42,22,96,47,123,273
CRH,CRH plc,117.25,-5,74,18,66,153,-10,83,15,29,117,270
MEDP,Medpace,580.25,0,94,15,34,143,1,104,15,4,124,267
CMI,Cummins,438.08,35,92,16,67,210,6,2,17,32,57,267
MA,Mastercard,553.52,-14,-4,137,157,276,-26,-33,21,28,-10,266
FLEX,Flex Ltd.,63.97,0,49,29,60,138,5,42,21,59,127,265
LITE,Lumentum,200.14,41,118,25,5,189,38,6,19,12,75,264
STLD,Steel Dynamics,158.2,63,34,11,57,165,28,48,21,1,98,263
PPL,PPL Corporation,36.82,-31,78,87,25,159,-37,24,99,16,102,261
TRV,Travelers Companies (The),270.86,7,0,102,60,169,5,-8,35,58,90,259
CSCO,Cisco,72.9,71,12,59,16,158,28,23,21,27,99,257
NI,NiSource,42.12,-15,27,85,47,144,-30,27,100,16,113,257
JBL,Jabil,221.53,38,2,30,67,137,37,1,22,59,119,256
XEL,Xcel Energy,81.57,1,76,62,14,153,-23,45,70,11,103,256
MSFT,Microsoft,525.78,0,5,27,175,207,-7,4,21,27,45,252
CNP,Centerpoint Energy,38.92,-19,74,60,47,162,-13,32,54,17,90,252
COST,Costco,920.18,-34,-31,0,182,117,-36,-2,-13,186,135,252
SCCO,Southern Copper,140.11,26,42,9,65,142,31,55,21,2,109,251
WEC,WEC Energy Group,112.6,-20,76,66,15,137,-12,33,79,13,113,250
TPR,"Tapestry, Inc.",111.39,-21,120,91,23,213,-40,37,19,21,37,250
LOPE,Grand Canyon Education,206.68,-14,1,158,37,182,-21,6,45,36,66,248
SCI,Service Corporation International,83.8,7,36,8,177,228,-13,-2,19,15,19,247
HEI,HEICO (Common),310.38,-5,-16,36,191,206,-21,-24,27,59,41,247
THC,Tenet Healthcare,208.47,0,57,25,59,141,7,54,19,26,106,247
EHC,Encompass Health,116.81,-7,0,154,31,178,-3,4,35,31,67,245
M,"Macy's, Inc.",19.55,84,86,9,1,180,56,6,10,-8,64,244
WMT,Walmart,102.24,-27,0,138,103,214,-35,12,21,31,29,243
SOFI,SoFi,29.02,42,112,57,0,211,-5,5,19,13,32,243
DDS,Dillard's,596.24,-3,102,25,56,180,-9,-3,18,57,63,243
HOOD,Robinhood Markets,138.05,0,122,92,0,214,-7,-6,21,20,28,242
EMR,Emerson Electric,136.83,56,1,27,66,150,37,4,21,28,90,240
CACI,CACI,562.86,0,25,13,156,194,-16,32,25,1,42,236
AME,Ametek,198.16,7,1,15,108,131,-26,6,21,103,104,235
MU,Micron Technology,224.16,42,46,9,24,121,35,55,21,2,113,234
FTI,TechnipFMC,41.79,49,6,28,29,112,61,1,21,39,122,234
YUM,Yum! Brands,139.06,-32,-5,-1,261,223,-38,-15,5,59,11,234
VTR,"Ventas, Inc.",74.4,7,76,83,24,190,-12,23,15,17,43,233
AU,AngloGold Ashanti,69.01,0,64,87,20,171,12,-2,35,16,61,232
WCC,Wesco International,252.63,39,6,18,60,123,12,17,19,59,107,230
RVMD,Revolution Medicines,58.9,84,40,5,0,129,32,46,21,1,100,229
APP,AppLovin,620.59,35,65,116,0,216,-10,-14,17,20,13,229
SNDK,SanDisk,195.81,98,53,0,0,151,10,55,13,0,78,229
SHW,Sherwin-Williams,347.9,24,-2,1,192,215,-7,1,-2,21,13,228
ADI,Analog Devices,232.86,-13,-2,22,181,188,-14,5,21,28,40,228
FOXA,Fox Corporation (Class A),65.5,42,5,79,3,129,63,1,19,16,99,228
LDOS,Leidos,190.98,7,132,13,25,177,12,-7,24,21,50,227
ORCL,Oracle Corporation,256.89,-14,-4,22,200,204,-15,-12,21,29,23,227
LMT,Lockheed Martin,489.71,0,46,0,167,213,15,-4,6,-4,13,226
AEP,American Electric Power,121.88,14,23,84,25,146,8,21,34,16,79,225
HEI-A,HEICO (Class A),241.66,-5,-16,37,184,200,-20,-17,28,32,23,223
AMGN,Amgen,292.01,-42,22,0,167,147,12,16,9,38,75,222
WFC,Wells Fargo,85.99,35,13,103,31,182,-9,6,21,21,39,221
IONS,Ionis Pharmaceuticals,74.17,7,123,12,2,144,20,48,21,-12,77,221
IDA,Idacorp,131.82,-20,89,67,20,156,-13,28,37,12,64,220
KRMN,Karman Holdings,85.55,44,57,0,0,101,58,48,13,0,119,220
INCY,Incyte,92.58,8,106,14,1,129,47,17,17,9,90,219
FOX,Fox Corporation (Class B),58.81,41,4,78,3,126,62,1,18,11,92,218
MTSI,MACOM Technology Solutions,150.57,43,13,10,60,126,36,6,19,31,92,218
EBAY,eBay,83.76,-7,-1,88,16,96,-2,12,93,18,121,217
VRT,Vertiv,193.74,42,31,20,10,103,38,30,18,28,114,217
CTAS,Cintas,183.94,-27,-54,-4,169,84,-37,-16,-4,189,132,216
RBA,RB Global,100.47,-10,-26,115,29,108,-12,-21,118,21,106,214
AMD,Advanced Micro Devices,254.9,42,19,9,112,182,-1,21,21,-9,32,214
PTC,PTC Inc.,197.36,-16,-2,17,184,183,-21,6,18,28,31,214
OLLI,Ollie's Bargain Outlet,121.47,5,-13,126,18,136,-2,-21,74,25,76,212
VMI,Valmont Industries,412.75,0,25,73,60,158,-2,25,18,12,53,211
HIG,Hartford (The),123.46,-21,-11,105,59,132,4,-15,32,58,79,211
WM,"Waste Management, Inc.",200.61,-32,-49,-2,189,106,-39,-12,-5,161,105,211
SNOW,Snowflake Inc.,271.08,42,45,26,0,113,55,19,21,3,98,211
AM,Antero Midstream,17.5,-57,-2,159,25,125,-48,-13,89,57,85,210
UTHR,United Therapeutics,453.54,14,56,9,59,138,7,-5,9,61,72,210
TDG,TransDigm Group,1306.04,0,0,8,159,167,-16,3,-4,59,42,209
FWONA,Liberty Formula 1 (Series A),89.77,0,-6,80,64,138,-3,-9,20,58,66,204
AZO,AutoZone,3711.01,-73,-9,105,88,111,-14,-17,65,59,93,204
ABBV,AbbVie,228.15,0,72,28,60,160,-29,-7,14,66,44,204
STE,Steris,236.32,-13,-1,25,197,208,-39,-26,33,27,-5,203
AIZ,Assurant,212.46,3,1,12,154,170,5,-6,13,21,33,203
RKLB,Rocket Lab,60.92,-5,40,60,0,95,33,42,21,10,106,201
COHR,Coherent Corp.,132.71,42,31,9,17,99,35,30,18,17,100,199
FLS,Flowserve,67.29,59,2,2,29,92,63,2,14,27,106,198
FSLR,First Solar,232.83,-1,85,6,64,154,-10,40,21,-8,43,197
FWONK,Liberty Formula 1 (Series C),98.53,0,-10,81,59,130,-3,-9,21,58,67,197
TTWO,Take-Two Interactive,252.87,-48,43,56,15,66,2,50,56,22,130,196
PCAR,Paccar,98.81,0,0,-1,161,160,-13,4,8,36,35,195
INTU,Intuit,656.43,-14,-2,28,193,205,-14,-15,-3,22,-10,195
EXPE,Expedia Group,220.29,7,93,60,13,173,-5,-10,17,16,18,191
NET,Cloudflare,222.37,41,6,50,0,97,51,1,21,21,94,191
INTC,Intel,40.12,41,56,6,0,103,36,55,11,-14,88,191
DRS,Leonardo DRS,36.03,-14,-12,150,60,184,-16,-7,-2,31,6,190
LHX,L3Harris,295.23,7,142,23,7,179,-21,-7,23,16,11,190
CEG,Constellation Energy,382.46,30,25,27,0,82,35,30,21,21,107,189
CME,CME Group,262.92,-17,-2,65,138,184,-12,-2,-3,21,4,188
CRUS,Cirrus Logic,132.5,74,57,9,21,161,-1,6,21,1,27,188
WAB,Wabtec,203.13,40,2,6,51,99,40,-7,-2,58,89,188
TKO,TKO Group Holdings,187.77,-2,0,82,42,122,8,-16,21,52,65,187
HPE,Hewlett Packard Enterprise,24.41,8,5,12,44,69,52,-8,18,56,118,187
MTZ,MasTec,214.03,35,37,30,20,122,35,-7,21,15,64,186
WWD,"Woodward, Inc.",265.5,42,6,30,37,115,5,17,21,28,71,186
ROK,Rockwell Automation,365.67,80,14,26,17,137,35,6,21,-13,49,186
KO,Coca-Cola Company (The),68.97,-14,1,5,184,176,-11,14,-9,16,10,186
MMC,Marsh McLennan,178.67,-77,-11,-14,177,75,-44,-6,-22,180,108,183
NDAQ,"Nasdaq, Inc.",85.63,-49,-28,87,146,156,-16,5,21,16,26,182
FERG,Ferguson Enterprises,245.81,0,21,22,67,110,-1,25,21,27,72,182
OGE,OGE Energy,44.47,-21,25,79,47,130,-42,-2,79,16,51,181
AGNC,AGNC Investment,10.0,-9,105,22,18,136,-12,16,19,19,42,178
HON,Honeywell,200.06,-7,-2,-1,180,170,-17,5,-4,24,8,178
BAC,Bank of America,53.03,44,53,28,20,145,-9,4,21,16,32,177
WFRD,Weatherford International,72.55,62,91,0,0,153,14,6,11,-7,24,177
LYV,Live Nation Entertainment,148.02,-34,-17,105,149,203,-40,-25,20,18,-27,176
COKE,Coca-Cola Consolidated,132.42,7,23,1,68,99,5,16,2,54,77,176
GWRE,Guidewire Software,236.19,-9,-1,121,23,134,-10,9,21,22,42,176
SSD,Simpson Manufacturing Company,174.66,0,-1,3,158,160,-3,4,17,-3,15,175
FTAI,FTAI Aviation,186.76,7,66,14,49,136,-12,1,17,33,39,175
HD,Home Depot (The),379.54,-15,-6,12,182,173,-9,-23,13,21,2,175
ZS,Zscaler,321.96,47,25,28,7,107,-6,33,21,20,68,175
DTM,DT Midstream,109.69,7,1,114,0,122,11,-7,21,27,52,174
AMKR,Amkor Technology,31.94,-1,105,3,4,111,12,41,15,-7,61,172
MRVL,Marvell Technology,88.56,27,27,1,108,163,-1,-1,11,-1,8,171
IVZ,Invesco,23.48,28,96,18,4,146,-2,-6,18,15,25,171
LPLA,LPL Financial,340.19,0,-1,3,101,103,4,8,-4,59,67,170
GILD,Gilead Sciences,118.45,-21,18,62,37,96,2,12,19,41,74,170
NEM,Newmont,82.33,-56,144,30,7,125,4,-2,30,12,44,169
ROST,Ross Stores,158.12,-1,63,11,37,110,-5,22,10,31,58,168
MPC,Marathon Petroleum,195.65,44,46,10,51,151,5,1,21,-10,17,168
MCO,Moody's Corporation,478.83,-2,-31,5,158,130,-11,1,19,27,36,166
SPGI,S&P Global,491.51,7,-31,2,174,152,-11,2,-2,23,12,164
AL,Air Lease Corporation,63.9,12,50,28,24,114,16,-18,21,28,47,161
FDX,FedEx,249.05,70,14,1,34,119,29,4,13,-6,40,159
R,Ryder,169.41,0,-6,22,58,74,17,-10,19,58,84,158
WSM,"Williams-Sonoma, Inc.",197.46,34,1,19,67,121,-2,3,13,23,37,158
SNA,Snap-on,338.65,-5,41,9,61,106,-21,-1,14,59,51,157
NU,Nubank,16.06,45,51,12,0,108,6,1,21,21,49,157
ECG,Everus Construction Group,89.57,0,118,0,0,118,-10,30,18,0,38,156
MDU,MDU Resources,19.43,-9,28,6,60,85,-12,30,21,32,71,156
LOW,Lowe's,239.85,-11,-2,0,168,155,-9,-23,12,21,1,156
AXS,AXIS Capital,93.51,0,-12,97,47,132,5,-33,-4,55,23,155
CMA,Comerica,77.1,0,94,18,6,118,-16,20,18,14,36,154
COF,Capital One,218.38,0,0,105,23,128,-18,2,21,20,25,153
VLO,Valero Energy,170.1,44,49,11,46,150,5,-15,20,-7,3,153
IRM,Iron Mountain,101.3,-11,34,7,59,89,-14,-1,21,58,64,153
PFG,Principal Financial Group,82.77,21,3,8,57,89,35,-9,18,20,64,153
BKNG,Booking Holdings,5085.81,-3,-24,147,37,157,5,-37,-1,28,-5,152
CINF,Cincinnati Financial,154.4,-19,1,96,64,142,-19,-9,21,17,10,152
BEPC,Brookfield Renewable Partners,42.19,32,29,21,0,82,-1,38,21,12,70,152
CSL,Carlisle Companies,325.48,-4,-35,-8,180,133,-5,6,-5,22,18,151
EXPD,Expeditors International,120.24,7,0,3,133,143,-9,4,17,-5,7,150
KEX,Kirby Corporation,104.38,84,1,0,37,122,28,6,-5,-1,28,150
WBD,Warner Bros. Discovery,21.63,59,36,23,0,118,5,6,19,2,32,150
CWEN-A,Clearway Energy (Class A),29.79,1,7,69,8,85,-4,22,33,12,63,148
HLI,Houlihan Lokey,199.41,52,0,28,46,126,-10,-17,21,28,22,148
CWEN,Clearway Energy (Class C),31.74,2,7,69,6,84,-4,22,33,12,63,147
AWI,Armstrong World Industries,191.15,-21,0,105,23,107,-19,17,21,21,40,147
GM,General Motors,68.66,70,13,18,13,114,-5,4,18,15,32,146
K,Kellanova,83.14,72,24,5,23,124,5,18,-18,15,20,144
SYK,Stryker Corporation,368.99,-18,-6,4,161,141,-36,10,-2,31,3,144
XOM,ExxonMobil,114.68,0,10,8,46,64,5,1,20,52,78,142
LNC,Lincoln Financial,40.66,43,1,29,3,76,36,1,19,10,66,142
GRMN,Garmin,214.91,-21,-2,123,21,121,-18,-2,17,23,20,141
WMB,Williams Companies,57.62,-57,-5,123,54,115,-48,-6,21,59,26,141
ARMK,Aramark,38.78,-4,0,26,42,64,-19,17,21,58,77,141
NTRA,Natera,193.22,8,51,12,20,91,5,12,11,21,49,140
DELL,Dell Technologies,160.97,35,24,7,34,100,-4,29,21,-6,40,140
FICO,Fair Isaac,1587.38,-3,6,-4,168,167,-13,-9,-39,33,-28,139
PRI,Primerica,261.53,-5,-7,0,110,98,5,-17,19,32,39,137
SCHW,Charles Schwab Corporation,94.39,-4,0,88,13,97,5,-2,21,16,40,137
AIT,Applied Industrial Technologies,256.23,0,-12,18,60,66,-7,2,17,59,71,137
DASH,DoorDash,254.11,-3,-1,108,0,104,-6,-2,21,20,33,137
FCNCA,First Citizens BancShares,1779.7,48,-40,-7,61,62,55,1,-4,23,75,137
LNT,Alliant Energy,67.92,-20,28,79,16,103,-24,22,21,15,34,137
INGM,Ingram Micro,22.03,13,37,0,0,50,27,40,18,0,85,135
THG,Hanover Insurance,170.29,-3,-3,72,26,92,-30,-8,64,16,42,134
EXEL,Exelixis,38.94,37,-1,75,16,127,-3,-12,-5,26,6,133
CVS,CVS Health,76.69,-10,55,21,0,66,-5,59,11,2,67,133
ITW,Illinois Tool Works,243.59,-32,-17,13,180,144,-35,-27,18,31,-13,131
RS,"Reliance, Inc.",279.92,35,-64,0,117,88,-1,-29,-6,79,43,131
CR,Crane Co.,191.71,79,2,27,0,108,-12,6,21,7,22,130
EA,Electronic Arts,199.95,-19,66,15,9,71,-19,28,27,23,59,130
AEE,Ameren,102.69,-32,28,67,15,78,-54,22,72,12,52,130
MO,Altria,57.12,-20,-2,81,47,106,-26,-6,37,18,23,129
MMM,3M,166.44,0,8,85,16,109,-24,6,21,16,19,128
DINO,HF Sinclair,52.74,-3,122,11,3,133,-18,2,21,-10,-5,128
DD,DuPont,81.47,72,14,5,21,112,-4,6,18,-5,15,127
DGX,Quest Diagnostics,175.84,-49,0,79,20,50,-28,10,79,16,77,127
AN,AutoNation,195.71,-43,-5,28,63,43,8,-6,21,59,82,125
ESI,Element Solutions,26.0,0,6,5,59,70,35,4,18,-3,54,124
LSCC,Lattice Semiconductor,73.62,27,62,12,0,101,33,-6,13,-17,23,124
RJF,Raymond James Financial,158.04,-26,-5,103,60,132,-33,-15,18,21,-9,123
VST,Vistra Corp.,189.66,-5,-1,30,32,56,10,-9,19,47,67,123
TSLA,"Tesla, Inc.",440.07,28,59,9,12,108,-3,-9,15,12,15,123
RCL,Royal Caribbean Group,284.63,-21,-17,132,30,124,-21,-30,21,29,-1,123
XPO,"XPO, Inc.",136.0,7,1,5,63,76,5,-6,18,29,46,122
BKR,Baker Hughes,48.57,8,9,15,37,69,9,1,15,28,53,122
PEG,Public Service Enterprise Group,80.77,-21,-3,6,154,136,-54,24,-3,19,-14,122
STAG,STAG Industrial,38.53,0,14,5,98,117,-25,14,21,-6,4,121
RSG,Republic Services,209.83,-23,-66,-1,179,89,-27,-91,-12,162,32,121
UNP,Union Pacific Corporation,218.83,-43,-5,-2,200,150,-44,-6,-1,21,-30,120
MDB,MongoDB Inc.,347.54,44,54,9,1,108,5,5,13,-11,12,120
AJG,Arthur J. Gallagher & Co.,261.94,-112,-12,-3,188,61,-26,-11,-13,109,59,120
CBRE,CBRE Group,152.89,-16,0,103,24,111,-33,6,19,16,8,119
EXC,Exelon,47.06,-13,23,66,16,92,-12,22,5,12,27,119
SF,Stifel,117.69,0,7,19,61,87,-15,6,18,22,31,118
NFLX,Netflix,1088.93,-49,-7,127,22,93,-7,11,-2,22,24,117
CMS,CMS Energy,73.2,-28,19,87,25,103,-33,22,9,16,14,117
RPRX,Royalty Pharma,36.94,0,13,43,0,56,6,16,37,2,61,117
VMC,Vulcan Materials,290.04,-7,0,17,62,72,-3,-3,21,29,44,116
POST,Post Holdings,101.81,-14,-2,-9,89,64,-23,15,-1,59,50,114
FAST,Fastenal,41.54,-27,-14,60,108,127,-27,-35,24,25,-13,114
FNB,FNB Corporation,15.6,35,-3,12,57,101,-1,-27,20,21,13,114
TSCO,Tractor Supply Company,54.11,-15,-26,18,87,64,-16,-37,15,87,49,113
NTRS,Northern Trust,126.87,23,0,27,13,63,27,-14,21,15,49,112
CVNA,Carvana,305.06,-7,-15,103,13,94,-9,-12,21,18,18,112
TRMB,Trimble Inc.,78.87,-2,-3,90,6,91,-16,4,19,14,21,112
REYN,Reynolds Consumer Products,25.53,17,61,0,0,78,28,2,8,-5,33,111
CXT,Crane NXT,64.2,-29,28,6,57,62,-46,20,17,58,49,111
HAL,Halliburton,26.97,56,46,0,0,102,12,2,6,-11,9,111
VEEV,Veeva Systems,285.04,-3,25,56,10,88,-11,-8,21,20,22,110
DE,Deere & Company,465.41,0,-3,3,111,111,-13,4,-4,12,-1,110
SSNC,SS&C Technologies,83.67,0,-16,101,16,101,-7,-19,18,17,9,110
OMF,OneMain Financial,55.74,-1,-20,28,62,69,-10,1,21,28,40,109
CPNG,Coupang,31.94,25,0,28,0,53,29,-13,21,19,56,109
ARES,Ares Management,147.31,0,-27,0,61,34,-4,-27,-2,108,75,109
MLM,Martin Marietta Materials,613.23,-10,0,17,62,69,-7,-3,21,29,40,109
ISRG,Intuitive Surgical,530.02,66,7,2,24,99,-14,4,-9,28,9,108
ES,Eversource Energy,73.79,0,30,26,2,58,-9,34,21,4,50,108
PG,Procter & Gamble,149.56,-11,-29,-17,181,124,-26,5,-25,28,-18,106
MSA,MSA Safety,157.03,-7,-16,0,166,143,-19,-10,-1,-7,-37,106
DKS,Dick's Sporting Goods,220.96,-10,0,8,65,63,-9,6,11,35,43,106
CLF,Cleveland-Cliffs,12.26,-7,85,2,-18,62,-5,45,14,-10,44,106
NUE,Nucor,149.7,56,4,2,1,63,33,1,18,-10,42,105
MKL,Markel,1939.02,6,-12,79,57,130,-44,-8,-1,28,-25,105
CLH,Clean Harbors,215.29,-14,-2,0,60,44,-9,11,-1,59,60,104
NOV,NOV Inc.,15.12,49,8,0,-14,43,60,6,12,-17,61,104
VKTX,Viking Therapeutics,38.21,27,6,0,23,56,36,22,-2,-8,48,104
LIN,Linde plc,430.35,-37,-16,-1,112,58,-39,-22,-1,108,46,104
WTM,White Mountains Insurance Group,1904.71,0,20,4,61,85,-21,13,-31,58,19,104
C,Citigroup,100.23,35,1,30,20,86,-5,-15,21,16,17,103
VRTX,Vertex Pharmaceuticals,419.89,0,0,-13,106,93,-30,18,-17,39,10,103
PLD,Prologis,124.25,0,49,10,1,60,-19,48,21,-7,43,103
FR,First Industrial Realty Trust,55.84,0,52,5,16,73,-12,6,19,16,29,102
PSX,Phillips 66,137.08,44,7,6,43,100,5,-16,20,-7,2,102
FE,FirstEnergy,46.22,-42,73,17,57,105,-68,27,21,16,-4,101
CB,Chubb Limited,278.0,0,2,0,60,62,4,-8,-15,58,39,101
FTNT,Fortinet,84.2,0,0,-1,115,114,-10,-6,-13,15,-14,100
ASTS,AST SpaceMobile,76.69,0,22,22,0,44,-3,28,21,10,56,100
HAS,Hasbro,76.56,72,-1,25,5,101,-2,-34,21,13,-2,99
MKSI,MKS Instruments,139.27,0,41,8,1,50,-14,52,17,-7,48,98
UBER,Uber,96.51,28,1,29,1,59,-3,-13,27,28,39,98
RGA,Reinsurance Group of America,188.81,0,0,0,42,42,5,-9,5,55,56,98
SPOT,Spotify,656.67,-35,-7,123,14,95,-2,-17,-1,22,2,97
FRHC,Freedom Holding,153.76,-7,-11,65,16,63,-9,-10,21,32,34,97
PGR,Progressive Corporation,206.95,-109,-100,-4,179,-34,-33,-14,-14,191,130,96
SNPS,Synopsys,442.85,-7,-37,-1,182,137,-19,-10,-5,-7,-41,96
SMCI,Supermicro,50.39,-1,0,0,60,59,-2,33,16,-11,36,95
NOW,ServiceNow,934.68,0,0,2,84,86,-14,1,-2,24,9,95
GGG,Graco Inc.,80.66,-5,-30,0,180,145,-14,-32,-2,-2,-50,95
TOL,Toll Brothers,133.57,-9,0,3,63,57,-9,4,15,28,38,95
RNR,RenaissanceRe,254.24,6,2,1,37,46,6,-7,19,30,48,94
H,Hyatt Hotels,140.55,-23,-1,8,57,41,-38,17,17,57,53,94
KEYS,Keysight,175.37,42,1,9,2,54,12,1,19,7,39,93
META,Meta Platforms,666.17,-7,-1,28,31,51,-5,3,19,25,42,93
COLB,Columbia Banking System,26.0,35,0,5,0,40,35,2,16,-1,52,92
MTG,MGIC Investment Corporation,27.51,2,0,30,57,89,-27,-21,21,30,3,92
CHRW,C.H. Robinson,154.86,22,1,14,4,41,22,1,17,10,50,91
BYD,Boyd Gaming,77.42,-35,-5,59,61,80,-27,-12,21,29,11,91
BURL,Burlington Stores,273.42,16,-1,12,5,32,14,12,14,19,59,91
JNJ,Johnson & Johnson,189.06,-21,86,19,9,93,-48,21,16,8,-3,90
RBLX,Roblox Corporation,113.02,-7,-1,64,0,56,-4,-2,27,13,34,90
BRX,Brixmor Property Group,26.2,-20,-1,11,57,47,-12,6,21,28,43,90
HAYW,Hayward Holdings,17.22,20,2,5,0,27,14,12,19,18,63,90
GWW,W. W. Grainger,955.4,-5,-27,-14,96,50,-11,4,-12,59,40,90
WTFC,Wintrust Financial,127.66,0,-12,20,51,59,-11,1,19,21,30,89
PNR,Pentair,107.15,-3,0,20,64,81,-26,-11,19,26,8,89
XP,XP Inc.,17.9,63,-1,3,0,65,35,1,-2,-10,24,89
MSGS,Madison Square Garden Sports,224.73,0,38,8,23,69,-14,-9,14,29,20,89
STT,State Street Corporation,115.51,0,9,28,18,55,-4,1,20,16,33,88
BBY,Best Buy,83.19,0,14,3,1,18,11,54,9,-4,70,88
USFD,US Foods,73.24,-44,-44,154,37,103,-40,-25,21,28,-16,87
A,Agilent Technologies,143.35,-2,46,5,1,50,-21,52,12,-7,36,86
NFG,National Fuel Gas,79.33,-56,-8,71,54,61,-56,-13,82,12,25,86
AMZN,Amazon,222.83,0,-1,28,23,50,-5,1,18,22,36,86
HLT,Hilton Worldwide,260.1,-23,-6,27,66,64,-33,7,19,28,21,85
TKR,Timken Company,78.68,63,2,2,6,73,-4,5,18,-7,12,85
PHM,PulteGroup,119.02,-10,-8,12,67,61,-1,-23,17,31,24,85
KRC,Kilroy Realty,41.43,45,0,17,0,62,-9,1,17,13,22,84
CELH,Celsius Holdings,60.12,-28,25,4,67,68,-19,17,29,-11,16,84
PFGC,Performance Food Group,97.07,-58,-2,64,45,49,-26,-21,21,59,33,82
BLD,TopBuild,420.16,-10,17,13,48,68,-16,12,17,1,14,82
SYF,Synchrony Financial,73.58,0,0,28,23,51,-13,4,19,20,30,81
ALNY,Alnylam Pharmaceuticals,449.36,-7,0,28,17,38,-7,12,21,17,43,81
LVS,Las Vegas Sands,58.98,55,6,17,4,82,-7,4,18,-16,-1,81
FHN,First Horizon Corporation,20.95,6,-12,63,6,63,-10,-3,19,12,18,81
EVR,Evercore,293.63,-13,-3,18,60,62,-10,-18,19,28,19,81
RPM,RPM International,108.72,-31,-22,-6,182,123,-29,-30,18,-2,-43,80
LEA,Lear Corporation,103.53,56,0,1,-19,38,35,4,20,-17,42,80
DDOG,Datadog,157.09,0,25,10,0,35,-12,37,18,1,44,79
EQIX,Equinix,832.79,0,14,2,36,52,-15,33,-19,28,27,79
PAG,Penske Automotive Group,161.08,-44,-21,26,64,25,5,-31,21,59,54,79
JEF,Jefferies Financial Group,53.02,-1,-17,-1,60,41,-14,-19,12,59,38,79
MSCI,MSCI,583.4,28,3,1,16,48,35,-27,1,22,31,79
MET,Metlife,79.16,0,0,6,60,66,-19,-8,19,20,12,78
RITM,Rithm Capital,11.01,14,-26,28,34,50,10,-31,21,28,28,78
TLN,Talen Energy,392.14,0,0,50,0,50,10,-9,22,4,27,77
NWS,News Corp (Class B),30.51,40,-22,2,60,80,-8,-14,-4,23,-3,77
ADT,ADT Inc.,8.75,0,1,42,0,43,-19,6,36,10,33,76
NOC,Northrop Grumman,578.55,-15,0,21,60,66,-27,-6,28,14,9,75
PODD,Insulet,311.92,-14,-1,56,6,47,-14,9,25,8,28,75
T,AT&T,24.66,-13,-22,0,18,-17,-5,-25,105,17,92,75
NDSN,Nordson,231.79,-4,50,5,3,54,-13,21,21,-9,20,74
FCX,Freeport-McMoRan,41.73,6,-15,4,60,55,15,14,-2,-8,19,74
URI,United Rentals,858.49,-42,-3,18,66,39,-42,-2,19,59,34,73
SEIC,SEI Investments Company,80.81,-2,-40,103,37,98,-14,-37,-2,28,-25,73
LEN-B,Lennar (Class B),118.79,0,-2,0,64,62,-2,4,12,-3,11,73
NEU,NewMarket,745.8,-14,0,30,31,47,-28,-8,33,29,26,73
OZK,Bank OZK,44.55,-9,-11,28,58,66,-12,-23,19,21,5,71
MAR,Marriott International,262.19,-17,-3,5,60,45,-23,2,18,29,26,71
HXL,Hexcel,70.95,49,8,5,1,63,-3,6,15,-11,7,70
GTES,Gates Corporation,21.84,-14,-2,28,17,29,-17,17,21,20,41,70
APG,APi Group,35.12,7,0,29,0,36,-16,1,21,28,34,70
BX,Blackstone Inc.,148.4,-42,-11,0,144,91,-42,-19,16,23,-22,69
LECO,Lincoln Electric,236.02,-14,0,18,67,71,-19,6,19,-9,-3,68
PEGA,Pegasystems,63.56,0,8,30,7,45,-14,1,19,17,23,68
AMG,Affiliated Managers Group,236.71,-6,0,22,24,40,-15,2,21,19,27,67
KIM,Kimco Realty,21.0,-14,-2,5,57,46,-19,5,19,16,21,67
NLY,Annaly Capital Management,20.75,-10,0,29,12,31,-12,10,19,18,35,66
REG,Regency Centers,69.4,-20,-2,5,55,38,-13,-2,21,21,27,65
NEE,NextEra Energy,81.64,-17,27,6,2,18,-12,23,21,15,47,65
VIRT,Virtu Financial,34.62,38,-44,0,16,10,42,1,-4,16,55,65
NYT,New York Times Company,56.82,0,0,13,18,31,-14,3,21,23,33,64
HRB,H&R Block,50.72,-15,-2,-12,54,25,-15,17,-17,54,39,64
IQV,IQVIA,216.34,0,23,5,0,28,12,17,13,-8,34,62
CVX,Chevron Corporation,153.52,-3,0,18,50,65,-26,2,12,8,-4,61
KKR,KKR & Co. Inc.,118.09,-20,-26,-1,105,58,-18,-19,17,23,3,61
CFLT,"Confluent, Inc.",23.51,21,17,-14,0,24,-6,40,1,2,37,61
ICE,Intercontinental Exchange,148.52,-14,-44,-1,163,104,-13,-50,-3,23,-43,61
TXT,Textron,79.4,-4,-6,5,55,50,5,-9,21,-7,10,60
ROKU,"Roku, Inc.",100.04,28,14,21,-21,42,5,-9,16,6,18,60
KR,Kroger,65.43,-18,-3,0,69,48,-14,11,-3,17,11,59
JAZZ,Jazz Pharmaceuticals,136.33,-1,60,5,-8,56,-14,52,6,-41,3,59
WSO,Watsco,358.36,-5,-64,-14,198,115,-5,-11,-39,-1,-56,59
NWSA,News Corp (Class A),26.48,0,-21,0,60,39,-11,-14,21,23,19,58
LEN,Lennar (Class A),124.11,-9,-2,0,66,55,-9,5,12,-5,3,58
ADP,Automatic Data Processing,261.54,-41,-43,-1,182,97,-38,-56,-5,59,-40,57
BAM,Brookfield Asset Management,53.69,-7,-15,76,0,54,-10,-19,21,10,2,56
TMUS,T-Mobile US,210.67,-49,-26,-1,141,65,-9,-35,-2,37,-9,56
SHC,Sotera Health,16.34,-4,59,12,0,67,-25,9,13,-8,-11,56
TFSL,Third Federal S&L,13.25,0,0,14,7,21,-10,2,21,21,34,55
RRC,Range Resources,34.59,-14,-1,0,44,29,-16,-6,-9,57,26,55
MUSA,Murphy USA,363.41,-7,-1,-24,70,38,-1,-23,-40,81,17,55
APO,Apollo Global Management,123.47,-2,-27,-6,99,64,-14,-19,-4,28,-9,55
PCOR,Procore,72.0,-2,34,2,0,34,-14,2,11,21,20,54
PATH,UiPath,15.85,-2,29,4,0,31,-9,39,5,-12,23,54
SGI,Somnigroup International,79.75,-65,0,52,66,53,-45,-3,21,28,1,54
EXAS,Exact Sciences,63.21,0,40,4,-27,17,2,48,4,-18,36,53
ECL,Ecolab,257.11,-21,-3,27,24,27,-13,-3,21,21,26,53
TEM,Tempus AI,86.38,-3,57,0,0,54,-14,-2,14,0,-2,52
JHG,Janus Henderson,43.02,-2,0,17,21,36,-12,-11,18,20,15,51
UGI,UGI Corporation,33.42,0,-3,53,6,56,-13,4,-4,7,-6,50
MAT,Mattel,18.58,72,4,3,0,79,-2,8,-2,-33,-29,50
AFG,American Financial Group,131.02,-16,-3,12,58,51,-23,-10,15,16,-2,49
LH,Labcorp,252.25,-32,-3,66,17,48,-47,9,19,20,1,49
IPGP,IPG Photonics,84.11,-7,119,12,-46,78,-17,17,17,-46,-29,49
FANG,Diamondback Energy,142.09,-2,0,-1,49,46,2,-7,15,-7,3,49
DOCS,Doximity,65.83,-9,-1,65,0,55,-17,-15,11,14,-7,48
TFC,Truist Financial,44.35,8,-3,12,6,23,-10,1,18,16,25,48
AA,Alcoa,36.76,-7,49,4,-22,24,-9,54,13,-34,24,48
DLR,Digital Realty,170.76,-14,1,8,24,19,-18,5,21,21,29,48
MAS,Masco,64.98,-14,-7,-1,67,45,-30,-2,12,23,3,48
DAL,Delta Air Lines,57.12,-21,0,12,21,12,-19,14,13,28,36,48
EQT,EQT Corporation,52.46,-37,0,52,44,59,-18,-2,-4,12,-12,47
TPL,Texas Pacific Land Corporation,928.44,-1,0,-20,60,39,5,4,-16,15,8,47
VTRS,Viatris,10.36,2,11,3,0,16,7,14,13,-3,31,47
BOKF,BOK Financial Corporation,104.64,-5,-1,11,24,29,-5,-8,15,16,18,47
FHB,"First Hawaiian, Inc.",24.38,0,-2,2,16,16,-6,2,18,16,30,46
BR,Broadridge Financial Solutions,221.08,-19,-34,0,147,94,-30,-42,-3,27,-48,46
PKG,Packaging Corporation of America,196.16,-14,-2,-1,63,46,-25,-18,14,28,-1,45
EGP,EastGroup Properties,175.68,-13,25,5,10,27,-19,23,21,-7,18,45
TXRH,Texas Roadhouse,165.37,-20,0,-1,66,45,-42,16,-7,33,0,45
QCOM,Qualcomm,177.22,-2,14,1,24,37,-18,5,19,1,7,44
CTSH,Cognizant,72.2,19,2,-14,16,23,12,2,-14,20,20,43
TNL,Travel + Leisure Co.,62.71,-11,7,20,18,34,-31,6,18,16,9,43
VNOM,Viper Energy,37.25,0,-16,-20,46,10,4,-16,-4,49,33,43
ALAB,Astera Labs,169.46,14,-10,8,0,12,36,-21,16,0,31,43
TRGP,Targa Resources,151.51,0,-16,-4,53,33,-26,-16,-4,56,10,43
COIN,Coinbase,328.79,-2,0,20,0,18,-9,-6,20,20,25,43
KNSL,Kinsale Capital Group,397.97,-35,-5,-2,35,-7,-28,-4,-6,87,49,42
ALL,Allstate,191.77,-111,-12,0,161,38,-27,-11,22,19,3,41
GXO,GXO Logistics,53.85,-4,14,12,0,22,-11,20,20,-10,19,41
BPOP,"Popular, Inc.",110.33,-38,-11,28,61,40,-26,-15,21,21,1,41
LAMR,Lamar Advertising,116.18,-21,-6,12,66,51,-28,-25,19,23,-11,40
JLL,Jones Lang LaSalle,304.02,-9,0,15,16,22,-19,6,15,16,18,40
RGLD,Royal Gold,178.0,-70,0,72,20,22,-5,-2,7,18,18,40
MTB,M&T Bank,182.83,0,-17,12,24,19,5,-19,19,16,21,40
AGO,Assured Guaranty,81.87,0,-3,-4,58,51,-21,-11,-4,24,-12,39
RAL,Ralliant,43.66,38,0,0,0,38,-1,1,0,0,0,38
HOLX,Hologic,73.95,0,12,2,0,14,-1,20,14,-9,24,38
W,Wayfair,102.37,41,4,15,-43,17,37,4,21,-42,20,37
PRU,Prudential Financial,103.09,7,-23,-24,57,17,5,1,15,-1,20,37
ROP,Roper Technologies,443.38,-42,-64,-13,184,65,-38,-6,-12,28,-28,37
LPX,Louisiana-Pacific,88.22,-14,-32,-8,65,11,-14,14,-2,28,26,37
RRX,Regal Rexnord,145.11,-2,0,3,5,6,12,4,18,-3,31,37
F,Ford Motor Company,13.07,0,14,13,1,28,-10,4,21,-7,8,36
UNH,UnitedHealth Group,344.78,-12,42,-29,-6,-5,-12,54,2,-3,41,36
NTNX,Nutanix,69.07,0,-13,9,24,20,5,-17,1,26,15,35
EWBC,East West Bancorp,101.1,0,-12,20,24,32,-21,-17,20,21,3,35
QSR,Restaurant Brands International,67.05,-1,21,5,42,67,-44,26,-4,-10,-32,35
GAP,Gap Inc.,23.24,0,6,2,20,28,-7,6,-14,21,6,34
KMI,Kinder Morgan,26.08,-42,-6,0,46,-2,-5,-11,-2,54,36,34
AMP,Ameriprise Financial,453.93,-7,-44,-1,66,14,-11,-40,-3,73,19,33
AON,AON,328.3,-99,-16,-2,179,62,-49,-37,-1,58,-29,33
LAD,Lithia Motors,314.4,-2,-1,-1,16,12,-16,2,12,23,21,33
LOAR,Loar Holdings,79.57,-2,17,0,0,15,-16,47,-14,0,17,32
NBIX,Neurocrine Biosciences,137.98,-11,0,11,27,27,-11,4,18,-6,5,32
AIG,American International Group,78.2,-4,-3,0,55,48,-21,-7,-11,23,-16,32
WST,West Pharmaceutical Services,278.5,-16,40,0,-9,15,-26,41,12,-10,17,32
WAT,Waters Corporation,342.86,-2,17,-1,1,15,-18,16,2,16,16,31
MTD,Mettler Toledo,1376.56,-2,22,5,0,25,-17,15,15,-7,6,31
ALB,Albemarle Corporation,97.89,0,36,3,-25,14,1,27,15,-27,16,30
USB,U.S. Bancorp,46.83,-2,0,11,6,15,-21,1,18,17,15,30
ONTO,Onto Innovation,137.05,20,49,-37,0,32,7,-9,6,-6,-2,30
FNF,Fidelity National Financial,55.12,-16,-2,-1,60,41,-21,-19,6,23,-11,30
CFG,Citizens Financial Group,50.58,0,0,19,6,25,-19,-10,18,16,5,30
CNM,Core & Main,52.31,-4,-3,3,0,-4,-17,4,21,26,34,30
BG,Bunge Global,95.14,-2,12,3,1,14,-19,20,21,-7,15,29
OHI,Omega Healthcare Investors,39.91,-21,-2,17,42,36,-28,-29,16,33,-8,28
GL,Globe Life,132.39,-35,0,56,16,37,-15,-19,15,10,-9,28
NVR,"NVR, Inc.",7227.12,-35,-16,-4,67,12,-2,-27,14,31,16,28
ALLY,Ally Financial,39.21,-9,-2,13,6,8,-19,2,19,18,20,28
JBHT,J. B. Hunt,166.64,0,11,3,0,14,-1,16,11,-12,14,28
EW,Edwards Lifesciences,83.48,58,4,1,-16,47,15,5,-2,-37,-19,28
BRO,Brown & Brown,80.46,-81,-14,-10,165,60,-33,-8,-21,28,-34,26
PNC,PNC Financial Services,182.35,0,-16,13,16,13,2,-23,18,16,13,26
ACN,Accenture,249.2,55,0,-34,-2,19,-1,16,-30,21,6,25
ZM,Zoom Communications,84.37,0,9,11,-2,18,-14,4,11,6,7,25
WBS,Webster Bank,56.59,0,-11,19,16,24,-12,-25,19,19,1,25
HALO,Halozyme,64.64,-12,-4,18,21,23,-7,-19,12,16,2,25
OSK,Oshkosh Corporation,123.23,-14,-2,22,6,12,-16,6,19,4,13,25
SPG,Simon Property Group,173.41,-20,0,12,37,29,-34,-13,19,23,-5,24
ADSK,Autodesk,300.77,-14,-2,10,16,10,-10,-18,21,21,14,24
SITE,SiteOne Landscape Supply,129.69,42,-27,0,-11,4,14,2,14,-10,20,24
CG,Carlyle Group (The),56.58,-9,-11,19,23,22,-15,-21,18,20,2,24
IDXX,Idexx Laboratories,628.56,-15,0,25,6,16,-14,11,21,-10,8,24
GEHC,GE HealthCare,75.0,-2,0,0,0,-2,-1,6,10,10,25,23
RF,Regions Financial Corporation,24.19,0,-12,18,24,30,-19,-23,19,16,-7,23
TMO,Thermo Fisher Scientific,558.54,0,23,5,0,28,-21,15,6,-5,-5,23
GLPI,Gaming and Leisure Properties,42.79,-31,-18,-1,67,17,-29,-26,2,59,6,23
UNM,Unum,73.49,-21,-1,0,42,20,-38,-10,-5,56,3,23
O,Realty Income,57.92,-20,-1,21,9,9,-28,5,21,15,13,22
PSN,Parsons Corporation,82.95,-10,32,0,1,23,-9,-3,14,-3,-1,22
EPR,EPR Properties,48.95,-37,-8,68,31,54,-43,-11,-1,23,-32,22
ELF,e.l.f. Beauty,123.09,-5,0,0,33,28,-5,-13,19,-7,-6,22
ENTG,Entegris,87.69,-7,0,0,-8,-15,35,-1,10,-7,37,22
GEV,GE Vernova,574.01,-5,-5,7,0,-3,6,-3,22,0,25,22
ALLE,Allegion,165.26,-42,0,20,23,1,-14,-11,21,24,20,21
SARO,StandardAero,28.56,0,6,0,0,6,5,14,-4,0,15,21
TWLO,Twilio,112.93,40,0,3,-36,7,-10,14,-4,13,13,20
QGEN,Qiagen,46.33,-20,-1,23,0,2,-25,15,21,7,18,20
VOYA,Voya Financial,73.26,0,0,12,6,18,4,-19,19,-3,1,19
BWA,BorgWarner,44.16,7,1,19,4,31,-19,4,21,-18,-12,19
REGN,Regeneron Pharmaceuticals,654.06,35,4,-52,0,-13,27,3,7,-6,31,18
NTAP,Netapp,115.57,-37,0,9,59,31,-26,-2,18,-3,-13,18
OLED,Universal Display Corporation,146.83,-1,4,0,0,3,-2,25,-1,-7,15,18
LLYVK,Liberty Live (Series C),90.38,-6,0,41,0,35,-15,-25,21,2,-17,18
FIVE,Five Below,156.83,-2,14,11,0,23,-16,6,22,-17,-5,18
QRVO,Qorvo,95.99,28,11,2,-33,8,-7,4,19,-7,9,17
AVT,Avnet,48.24,-25,-3,0,47,19,-1,4,-1,-4,-2,17
FITB,Fifth Third Bancorp,41.95,0,-12,11,24,23,-19,-23,18,18,-6,17
FAF,First American Financial Corporation,61.68,-9,0,2,16,9,-21,1,8,20,8,17
CRM,Salesforce,256.63,0,9,-24,24,9,5,11,-32,23,7,16
SPR,Spirit AeroSystems,36.34,-13,-16,29,0,0,-9,-33,41,16,15,15
BLK,BlackRock,1097.02,-59,0,28,24,-7,-19,-3,21,23,22,15
DAY,Dayforce,68.46,0,53,11,-14,50,-19,-25,11,-2,-35,15
APTV,Aptiv,82.07,-7,57,12,-26,36,-3,-1,21,-38,-21,15
CCK,Crown Holdings,96.11,-3,-2,28,7,30,-31,4,-3,14,-16,14
PAYX,Paychex,117.2,-43,-66,-7,169,53,-41,-2,-12,16,-39,14
OTIS,Otis Worldwide,92.51,13,2,-15,0,0,5,6,-25,28,14,14
LLYVA,Liberty Live (Series A),87.68,-9,-2,41,0,30,-15,-24,21,2,-16,14
QS,QuantumScape,15.79,1,32,17,0,50,-15,-2,19,-38,-36,14
ALGM,Allegro MicroSystems,30.27,-1,-5,22,0,16,-9,6,19,-18,-2,14
GLIBK,GCI Liberty (Series C),36.37,0,2,0,0,2,-9,20,0,0,11,13
STWD,Starwood Property Trust,18.12,-27,-20,29,60,42,-25,-27,-1,23,-30,12
GLIBA,GCI Liberty (Series A),36.27,-2,0,0,0,-2,17,-4,0,0,13,11
DHI,D. R. Horton,149.28,-17,-3,0,67,47,-21,-26,15,-4,-36,11
CSX,CSX Corporation,35.64,-44,24,7,6,-7,-19,23,21,-8,17,10
WYNN,Wynn Resorts,119.74,-9,0,19,5,15,-17,1,21,-10,-5,10
EXP,Eagle Materials,214.67,-10,-1,-26,59,22,-38,17,11,-2,-12,10
WTRG,Essential Utilities,38.78,-23,20,17,0,14,-39,22,5,7,-5,9
BC,Brunswick Corporation,67.17,-2,10,3,0,11,-12,6,15,-11,-2,9
IR,Ingersoll Rand,78.68,0,-3,-4,25,18,-5,1,-3,-2,-9,9
DHR,Danaher Corporation,215.11,-20,22,0,0,2,-19,17,14,-6,6,8
HR,Healthcare Realty Trust,17.76,-21,0,13,2,-6,-21,11,13,11,14,8
BRK-B,Berkshire Hathaway,478.62,-28,-2,0,64,34,-45,-10,1,28,-26,8
TDY,Teledyne Technologies,517.17,-49,-6,63,16,24,-47,-7,21,17,-16,8
CORT,Corcept Therapeutics,72.22,-50,-3,0,21,-32,2,-8,5,40,39,7
INFA,Informatica,24.87,0,9,3,0,12,-13,-3,19,-9,-6,6
GNRC,Generac,165.76,-9,-1,14,-36,-32,-4,12,18,12,38,6
AES,AES Corporation,14.02,-7,22,0,-13,2,-10,23,17,-26,4,6
WMS,Advanced Drainage Systems,139.14,-5,0,3,5,3,-18,4,21,-5,2,5
WTW,Willis Towers Watson,317.05,-38,-2,19,26,5,-33,-9,11,31,0,5
VNT,Vontier,38.08,-7,-1,16,0,8,-19,4,19,-7,-3,5
ACGL,Arch Capital Group,86.63,-27,-12,-19,64,6,12,-8,-3,-2,-1,5
BXP,"BXP, Inc.",70.43,-10,0,9,0,-1,-14,-16,21,15,6,5
NNN,NNN Reit,40.85,-29,-3,11,24,3,-24,-11,21,16,2,5
D,Dominion Energy,59.52,-31,0,25,3,-3,-24,-2,21,12,7,4
LW,Lamb Weston,62.18,-12,25,0,-10,3,-14,17,14,-16,1,4
MSM,MSC Industrial Direct,85.08,-28,-5,18,60,45,-28,-23,21,-11,-41,4
KEY,Keycorp,17.51,0,-12,19,6,13,-21,-23,19,15,-10,3
IP,International Paper,38.62,-14,-2,-1,18,1,-21,10,-5,18,2,3
MRK,Merck & Co.,86.26,0,23,0,0,23,-35,17,6,-8,-20,3
PNW,Pinnacle West Capital,89.57,-37,0,5,20,-12,-31,21,-4,28,14,2
ADC,Agree Realty,72.88,-20,14,4,18,16,-40,9,2,15,-14,2
THO,Thor Industries,103.28,-13,0,12,4,3,-16,6,17,-8,-1,2
PR,Permian Resources,12.4,-1,-24,0,28,3,5,-23,21,-4,-1,2
U,Unity Technologies,36.12,-2,-3,17,0,12,-13,-20,21,2,-10,2
NVST,Envista,20.14,0,-3,15,0,12,5,2,17,-34,-10,2
APPF,AppFolio,235.8,0,-22,3,30,11,-14,-22,-4,30,-10,1
FCN,FTI Consulting,168.11,30,3,-48,0,-15,26,2,-5,-7,16,1
LNG,Cheniere Energy,211.57,-34,-16,0,60,10,-33,-32,-3,58,-10,0
TPG,TPG Inc.,55.46,-3,-15,13,0,-5,-12,-19,15,21,5,0
MRP,Millrose Properties,32.38,-9,0,0,0,-9,-9,4,14,0,9,0
LFUS,Littelfuse,243.07,-13,-1,14,0,0,-16,6,19,-10,-1,-1
SWKS,Skyworks Solutions,79.15,23,3,0,-32,-6,-9,3,18,-7,5,-1
LYFT,Lyft,19.74,-3,0,12,-3,6,-18,-12,21,2,-7,-1
CARR,Carrier Global,58.84,21,-63,-10,0,-52,23,4,-5,28,50,-2
ED,Consolidated Edison,98.18,-42,-2,-1,49,4,-36,-2,-15,47,-6,-2
AFL,Aflac,106.83,-83,0,12,60,-11,-45,-9,5,57,8,-3
ST,Sensata Technologies,32.48,14,2,3,-17,2,7,6,19,-37,-5,-3
EXE,Expand Energy,100.52,-21,9,52,0,40,-38,-7,-10,12,-43,-3
EXLS,EXL Service,40.23,-14,-22,-1,67,30,-14,-30,-5,15,-34,-4
HHH,Howard Hughes Holdings,78.6,-10,0,9,0,-1,-16,-13,10,16,-3,-4
BIIB,Biogen,149.56,6,56,0,-29,33,-17,-9,8,-20,-38,-5
WPC,W. P. Carey,65.3,-35,0,40,4,9,-47,-11,37,7,-14,-5
LAZ,Lazard,48.75,-18,-18,13,22,-1,-14,-24,18,15,-5,-6
DOX,Amdocs,83.84,26,-58,0,1,-31,18,6,-6,7,25,-6
ZION,Zions Bancorporation,51.95,0,-12,2,6,-4,-16,-21,18,17,-2,-6
WAL,Western Alliance Bancorporation,76.63,0,-16,2,6,-8,-14,-23,18,20,1,-7
LBTYK,Liberty Global (Series C),11.34,1,0,-4,0,-3,12,-24,10,-2,-4,-7
CRL,Charles River Laboratories,179.13,-9,22,3,-28,-12,-19,17,17,-10,5,-7
FFIV,"F5, Inc.",256.51,-23,-11,0,16,-18,-23,-6,21,19,11,-7
HBAN,Huntington Bancshares,15.32,-28,-17,20,23,-2,-24,-21,21,18,-6,-8
AFRM,Affirm Holdings,68.9,-9,-18,23,0,-4,-16,-26,19,19,-4,-8
ADM,Archer Daniels Midland,61.15,-15,0,13,0,-2,-18,13,21,-22,-6,-8
PB,Prosperity Bancshares,64.8,13,-67,-15,16,-53,32,2,-6,16,44,-9
SUI,Sun Communities,122.82,-1,0,14,-26,-13,-19,-11,21,13,4,-9
VNO,Vornado Realty Trust,37.42,-14,-4,9,6,-3,-26,-16,19,17,-6,-9
CTVA,Corteva,61.69,-7,-34,64,1,24,-18,-26,-2,13,-33,-9
WU,Western Union,9.42,35,5,-34,-48,-42,33,6,1,-7,33,-9
PK,Park Hotels & Resorts,10.74,-3,-1,0,0,-4,-17,4,14,-7,-6,-10
AGCO,AGCO,106.13,-3,-17,18,0,-2,-19,4,22,-15,-8,-10
MDT,Medtronic,90.95,-42,-1,22,3,-18,-15,-6,14,15,8,-10
BEN,Franklin Templeton Investments,22.77,-2,-19,19,0,-2,-7,1,21,-24,-9,-11
CPRT,Copart,42.49,-26,-33,-24,178,95,-40,-32,-34,-1,-107,-12
SAIL,SailPoint,21.57,-14,0,0,0,-14,-11,-2,13,0,0,-14
UAL,United Airlines Holdings,93.41,-51,-3,12,13,-29,-16,-2,15,18,15,-14
HUM,Humana,285.73,0,9,0,-14,-5,-7,12,7,-22,-10,-15
RKT,Rocket Companies,15.92,-10,-3,15,0,2,-19,-21,20,3,-17,-15
TTC,Toro Company (The),75.12,14,-16,0,-2,-4,29,-30,12,-22,-11,-15
MPW,Medical Properties Trust,5.18,1,40,8,-38,11,-21,-9,3,1,-26,-15
EPAM,EPAM Systems,159.19,56,-1,-37,-29,-11,61,2,-28,-39,-4,-15
DT,Dynatrace,48.62,-2,-1,-13,0,-16,-20,2,-4,22,0,-16
WING,Wingstop,215.66,-21,-41,-1,40,-23,-21,-2,-4,33,6,-17
SBUX,Starbucks,83.15,-2,-2,-12,0,-16,-11,5,-4,9,-1,-17
ABNB,Airbnb,126.35,0,0,-1,0,-1,-11,6,-4,-7,-16,-17
PEP,PepsiCo,147.56,-17,15,0,0,-2,-17,7,10,-15,-15,-17
TECH,Bio-Techne,60.93,-9,23,0,-26,-12,-21,17,6,-8,-6,-18
EXR,Extra Space Storage,134.83,-19,-2,-1,0,-22,-28,14,3,15,4,-18
YETI,Yeti Holdings,34.27,-2,-2,0,-8,-12,-15,5,15,-12,-7,-19
Z,Zillow (Class C),71.76,-13,-23,3,0,-33,-25,2,15,22,14,-19
RDDT,Reddit,194.57,-5,-1,8,0,2,-12,-22,13,0,-21,-19
AOS,A. O. Smith,66.71,-27,-15,0,60,18,-28,-23,21,-7,-37,-19
NXST,Nexstar Media Group,195.38,6,-12,20,6,20,-38,-33,18,12,-41,-21
CCL,Carnival Corporation & plc,28.34,-21,-14,28,0,-7,-30,-25,19,21,-15,-22
ESAB,ESAB,118.17,-14,0,3,0,-11,-43,17,-4,19,-11,-22
CF,CF Industries,82.81,-11,-2,8,6,1,-18,-11,-4,10,-23,-22
SLB,Schlumberger,36.32,57,6,-81,0,-18,10,1,-4,-12,-5,-23
KDP,Keurig Dr Pepper,27.69,-2,-2,-10,0,-14,-14,9,-2,-2,-9,-23
FRT,Federal Realty Investment Trust,94.83,-20,-1,0,3,-18,-21,6,12,-3,-6,-24
VIK,Viking Holdings,60.38,-22,-3,2,0,-23,-19,-3,21,0,-1,-24
SEE,Sealed Air,33.62,-13,50,7,-26,18,-18,-10,19,-34,-43,-25
EQH,Equitable Holdings,48.31,0,-23,2,13,-8,-17,-19,-2,21,-17,-25
MSTR,MicroStrategy,254.54,-18,-18,-4,21,-19,-14,-10,-4,22,-6,-25
VICI,Vici Properties,29.57,-24,-19,0,17,-26,-26,-31,-1,59,1,-25
AVY,Avery Dennison,175.95,0,7,-1,1,7,-23,4,-6,-7,-32,-25
APLS,Apellis Pharmaceuticals,20.69,-7,-1,-1,-18,-27,-7,14,12,-20,-1,-28
BA,Boeing,200.04,-11,-2,19,0,6,-9,-34,21,-13,-35,-29
NSC,Norfolk Southern,281.59,-43,0,22,6,-15,-45,-6,21,16,-14,-29
IOT,Samsara,38.56,0,5,-21,0,-16,-10,3,-28,22,-13,-29
CHE,Chemed Corporation,454.22,14,2,-22,0,-6,5,2,-20,-10,-23,-29
BROS,Dutch Bros. Coffee,55.53,-2,-34,-1,0,-37,-7,6,-5,13,7,-30
GMED,Globus Medical,60.71,-2,10,-26,0,-18,-12,17,-31,14,-12,-30
IT,Gartner,248.41,0,-1,-32,0,-33,-14,-12,-30,59,3,-30
NCLH,Norwegian Cruise Line Holdings,22.22,-21,-11,11,0,-21,-21,-24,14,22,-9,-30
CFR,Frost Bank,123.38,0,-12,9,6,3,-15,-29,-2,12,-34,-31
GTM,ZoomInfo,10.89,0,0,0,0,0,-10,1,17,-39,-31,-31
LBTYA,Liberty Global (Series A),10.98,-3,0,-4,0,-7,-11,-24,12,-1,-24,-31
UWMC,United Wholesale Mortgage,5.59,0,0,0,0,0,-14,-21,9,-6,-32,-32
COP,ConocoPhillips,88.14,-2,-17,-5,0,-24,5,-16,13,-10,-8,-32
PVH,PVH Corp.,78.35,-14,-1,0,-1,-16,-21,4,10,-9,-16,-32
SLM,Sallie Mae,26.61,-9,-54,0,24,-39,-14,2,-4,23,7,-32
PSA,Public Storage,280.77,-29,-1,-1,3,-28,-44,20,21,-2,-5,-33
ON,ON Semiconductor,50.84,-21,0,0,-3,-24,-16,6,17,-17,-10,-34
LNW,Light & Wonder,71.41,-21,-24,-14,59,0,-26,-32,-3,27,-34,-34
CUBE,CubeSmart,39.04,-16,-1,-1,0,-18,-27,12,3,-4,-16,-34
VRSK,Verisk Analytics,217.62,-23,-68,-7,116,18,-35,-34,-13,30,-52,-34
RGEN,Repligen,144.53,-18,25,5,-19,-7,-21,28,5,-39,-27,-34
WEX,WEX Inc.,151.48,-5,-19,0,-1,-25,-16,1,15,-10,-10,-35
CAI,Caris Life Sciences,31.15,-2,-17,0,0,-19,-25,9,0,0,-16,-35
DLTR,Dollar Tree,98.8,0,-1,3,-17,-15,-5,9,-1,-24,-21,-36
PM,Philip Morris International,145.77,-20,-34,0,57,3,-23,-40,-5,29,-39,-36
XYZ,"Block, Inc.",73.91,-9,-1,5,-38,-43,-11,4,15,-1,7,-36
HPQ,HP Inc.,27.51,-9,0,-36,0,-45,-5,6,10,-3,8,-37
BLDR,Builders FirstSource,111.63,-27,-15,-39,67,-14,-26,-3,11,-5,-23,-37
AS,Amer Sports,31.93,0,-30,15,0,-15,-7,-36,21,0,-22,-37
DBX,Dropbox,28.76,-14,-2,3,11,-2,-37,-19,11,10,-35,-37
AR,Antero Resources,30.06,-14,-3,-5,12,-10,-17,-13,-11,12,-29,-39
TRU,TransUnion,79.89,-9,-30,-1,0,-40,-15,4,-4,16,1,-39
ALSN,Allison Transmission,83.64,6,-30,-16,37,-3,-15,-26,-32,36,-37,-40
CACC,Credit Acceptance,451.12,-14,-2,-1,0,-17,-21,14,-9,-7,-23,-40
CI,Cigna,247.08,-8,-1,-4,0,-13,-9,-1,-14,-3,-27,-40
SLGN,Silgan Holdings,38.26,-14,-2,-14,0,-30,-9,8,-8,-1,-10,-40
LII,Lennox International,495.83,-49,-48,-8,40,-65,-9,10,-6,29,24,-41
RMD,Resmed,252.34,-56,-13,28,15,-26,-42,-8,20,15,-15,-41
PINS,Pinterest,32.51,-10,-29,0,-2,-41,-14,4,17,-7,0,-41
BIO,Bio-Rad Laboratories,306.8,-9,23,3,-30,-13,-18,17,12,-39,-28,-41
TROW,T. Rowe Price,102.2,-7,-11,5,-27,-40,-10,-6,17,-2,-1,-41
ETSY,Etsy,61.92,-14,27,8,-32,-11,-12,-1,21,-39,-31,-42
ZG,Zillow (Class A),68.76,-13,-23,3,0,-33,-22,-23,14,22,-9,-42
RIVN,Rivian,12.99,-2,-1,0,0,-3,-3,-16,3,-23,-39,-42
EL,Estée Lauder Companies (The),97.65,-11,14,3,-28,-22,-19,17,19,-37,-20,-42
CTRA,Coterra,23.4,0,-16,-16,46,14,-19,-29,-23,15,-56,-42
WDAY,"Workday, Inc.",232.88,-15,32,-21,16,12,-28,-7,-15,-4,-54,-42
ESTC,Elastic NV,88.45,7,1,-24,-8,-24,5,-21,3,-6,-19,-43
VZ,Verizon,38.94,-3,-19,-2,12,-12,-5,-40,-2,16,-31,-43
MP,MP Materials,64.94,-69,0,43,0,-26,-75,-4,56,6,-17,-43
VLTO,Veralto,100.38,-21,-5,13,0,-13,-25,-26,20,0,-31,-44
CERT,"Certara, Inc.",11.35,-19,36,-1,0,16,-19,-9,2,-34,-60,-44
IEX,IDEX Corporation,170.36,14,0,-39,0,-25,10,17,-39,-8,-20,-45
ESS,Essex Property Trust,249.83,-20,-3,-5,16,-12,-22,-13,-14,16,-33,-45
HUBS,HubSpot,477.51,7,-7,-21,-2,-23,5,-20,-29,21,-23,-46
BSY,Bentley Systems,50.34,-13,-18,20,0,-11,-14,-34,21,-8,-35,-46
GTLB,GitLab,47.5,0,0,-32,0,-32,-19,4,3,-3,-15,-47
NCNO,nCino,26.8,56,-23,-37,0,-4,-11,-28,-1,-3,-43,-47
CHDN,Churchill Downs Incorporated,100.4,0,0,-42,0,-42,1,1,-5,-3,-6,-48
OVV,Ovintiv,36.88,-3,-19,-1,0,-23,-21,-16,18,-8,-27,-50
MCHP,Microchip Technology,62.06,-21,-7,0,0,-28,-41,6,21,-9,-23,-51
FTV,Fortive,51.26,14,2,-32,1,-15,-5,4,-28,-7,-36,-51
DIS,Walt Disney Company (The),111.84,0,-35,26,-2,-11,-36,-31,21,5,-41,-52
SYY,Sysco,74.69,-47,-7,18,5,-31,-46,-11,18,16,-23,-54
SRPT,Sarepta Therapeutics,23.26,28,19,-40,-9,-2,-5,22,-61,-8,-52,-54
TTEK,Tetra Tech,32.18,-21,-30,-40,121,30,-24,-56,-1,-3,-84,-54
HST,Host Hotels & Resorts,16.08,-20,-3,9,4,-10,-33,-22,19,-8,-44,-54
LINE,"Lineage, Inc.",38.98,-14,-3,0,0,-17,-13,17,-42,0,-38,-55
SW,Smurfit Westrock,36.01,-14,-35,-8,0,-57,-14,-2,-1,19,2,-55
PYPL,PayPal,67.93,-2,-1,-14,-41,-58,-10,2,-2,11,1,-57
SSB,SouthState Corporation,88.17,-43,-11,-2,24,-32,-38,-23,15,21,-25,-57
AWK,American Water Works,126.7,-31,-4,-1,-1,-37,-47,18,-1,10,-20,-57
CUZ,Cousins Properties,25.73,-21,-17,-1,13,-26,-19,-24,-3,15,-31,-57
DRI,Darden Restaurants,178.15,-35,-31,0,63,-3,-54,-26,-7,32,-55,-58
SEB,Seaboard Corporation,3295.13,-30,-8,16,-1,-23,-26,-30,19,2,-35,-58
ARW,Arrow Electronics,113.13,-15,-7,12,0,-10,-42,4,-1,-10,-49,-59
TTD,Trade Desk (The),48.97,-14,0,-38,-3,-55,-17,19,-4,-2,-4,-59
CROX,Crocs,82.59,-7,0,-53,-3,-63,20,6,-15,-7,4,-59
CNA,CNA Financial,44.62,-81,-12,0,59,-34,-42,-11,5,22,-26,-60
SNV,Synovus,44.21,-22,-29,-1,23,-29,-19,-24,-4,16,-31,-60
PPC,Pilgrim's Pride,38.06,9,-40,-4,23,-12,-7,-47,-15,20,-49,-61
HOG,Harley-Davidson,26.66,-9,-2,0,-11,-22,-20,-23,16,-13,-40,-62
KMB,Kimberly-Clark,120.21,7,-35,-10,20,-18,-9,-42,-22,28,-45,-63
DOC,Healthpeak Properties,17.58,-18,-2,-4,-33,-57,-21,-2,5,11,-7,-64
TOST,"Toast, Inc.",34.38,-14,-43,0,0,-57,-26,4,-4,19,-7,-64
CGNX,Cognex Corporation,41.3,-7,0,12,-33,-28,-17,6,17,-42,-36,-64
APA,APA Corporation,22.4,-16,0,3,-14,-27,-21,-11,16,-21,-37,-64
COLM,Columbia Sportswear,51.46,-3,-3,-32,-8,-46,-13,6,-27,15,-19,-65
IPG,Interpublic Group of Companies (The),25.69,-21,0,-1,0,-22,-31,-2,9,-19,-43,-65
AMTM,Amentum,21.91,-35,-16,0,0,-51,-26,-9,21,0,-14,-65
EIX,Edison International,55.63,-16,13,-43,0,-46,-33,5,11,-3,-20,-66
KNX,Knight-Swift,43.55,-22,2,-2,-4,-26,-40,16,-1,-15,-40,-66
CCI,Crown Castle,91.33,-28,-3,-1,-30,-62,-26,20,-6,7,-5,-67
QXO,"QXO, Inc.",17.76,-10,-29,0,-16,-55,-1,-27,24,-8,-12,-67
JHX,James Hardie Industries,21.11,-9,-2,-38,-3,-52,-16,17,-11,-5,-15,-67
FLUT,Flutter Entertainment,230.82,-32,-24,-1,23,-34,-26,-35,-2,29,-34,-68
BHF,Brighthouse Financial,45.69,-21,-4,-4,0,-29,-20,-15,-14,10,-39,-68
HLNE,Hamilton Lane,114.28,-20,-27,-9,27,-29,-15,-42,-6,23,-40,-69
CAR,Avis Budget Group,135.61,-20,-4,20,-22,-26,-12,-17,24,-39,-44,-70
MDLZ,Mondelez International,57.77,-18,-6,-4,0,-28,-10,-16,-6,-11,-43,-71
SFD,Smithfield Foods,22.33,7,-31,0,0,-24,-7,-40,-1,0,-48,-72
TGT,Target Corporation,92.92,-2,0,-42,-13,-57,-9,6,-4,-8,-15,-72
ACI,Albertsons,17.9,-14,-1,-8,0,-23,-46,9,-14,2,-49,-72
EOG,EOG Resources,105.85,-18,-30,-9,47,-10,-26,-33,-3,-1,-63,-73
PCG,PG&E Corporation,15.9,-40,25,-41,3,-53,-40,19,4,-3,-20,-73
SOLV,Solventum,69.27,-22,-18,0,0,-40,-39,-11,17,0,-33,-73
ABT,Abbott Laboratories,124.7,-84,-4,0,15,-73,-11,-12,7,16,0,-73
MANH,Manhattan Associates,179.76,-47,-28,-2,67,-10,-38,-22,-2,-2,-64,-74
SIRI,Sirius XM,23.19,7,0,0,-33,-26,-12,-28,11,-19,-48,-74
PFE,Pfizer,24.31,-4,-3,0,-25,-32,-21,-10,18,-30,-43,-75
AVTR,Avantor,11.05,-14,-2,-40,-1,-57,-28,15,2,-7,-18,-75
DAR,Darling Ingredients,32.13,-3,-1,-1,-22,-27,-16,4,-4,-32,-48,-75
PEN,"Penumbra, Inc.",231.58,-25,-14,0,-1,-40,-19,-5,-17,5,-36,-76
SN,SharkNinja,87.67,-7,-23,0,0,-30,-16,-51,18,3,-46,-76
MTN,Vail Resorts,145.32,-9,-2,-1,-25,-37,-13,14,-2,-38,-39,-76
OC,Owens Corning,124.85,-27,-24,-35,60,-26,-28,-31,10,-2,-51,-77
AXTA,Axalta,28.65,0,-28,-27,24,-31,-7,3,-40,-2,-46,-77
CIVI,Civitas Resources,28.73,14,-15,-66,-2,-69,6,-13,10,-11,-8,-77
MHK,Mohawk Industries,115.53,-33,-5,0,-13,-51,-41,4,13,-3,-27,-78
VRSN,Verisign,235.53,-46,-22,0,11,-57,-8,-20,-2,9,-21,-78
MASI,Masimo,141.51,-21,-2,-10,-8,-41,-22,-2,-26,12,-38,-79
AUR,Aurora Innovation,5.11,-3,-26,-12,0,-41,-7,-19,-29,17,-38,-79
EFX,Equifax,211.49,-21,-21,-15,0,-57,-19,-21,-2,20,-22,-79
GEN,Gen Digital,26.09,-18,-34,0,18,-34,-26,-36,-1,18,-45,-79
DVN,Devon Energy,32.0,-16,-15,0,-7,-38,-21,-16,20,-24,-41,-79
EG,Everest Group,309.03,-27,-3,-1,0,-31,-40,-7,5,-7,-49,-80
SJM,J.M. Smucker Company (The),102.39,-14,-9,-5,-6,-34,-14,-17,9,-25,-47,-81
PNFP,Pinnacle Financial Partners,84.67,-26,-29,-15,17,-53,-19,-23,-6,20,-28,-81
S,SentinelOne,17.01,-2,-7,-36,0,-45,-8,-19,-6,-3,-36,-81
TW,Tradeweb,104.2,-15,-61,-9,2,-83,-18,5,-10,25,2,-81
CNH,CNH Industrial,10.35,-2,-55,-8,0,-65,-18,4,-6,4,-16,-81
AVB,AvalonBay Communities,174.7,-20,-19,-14,18,-35,-26,-19,-18,17,-46,-81
RARE,Ultragenyx,35.18,28,4,-38,-40,-46,-1,16,-46,-5,-36,-82
DOCU,DocuSign,71.64,0,-23,-5,-14,-42,-18,-22,-13,13,-40,-82
OKTA,"Okta, Inc.",87.92,-2,-20,-9,-26,-57,-11,-10,-14,8,-27,-84
ULTA,Ulta Beauty,509.64,-99,0,23,6,-70,-19,-7,23,-11,-14,-84
DUOL,Duolingo,262.66,-69,-3,-1,0,-73,-21,-3,-12,25,-11,-84
APD,Air Products,244.74,-14,-28,-6,0,-48,-13,-33,-2,12,-36,-84
OWL,Blue Owl Capital,15.86,-7,-51,-15,0,-73,-4,-27,-4,23,-12,-85
RNG,RingCentral,29.48,0,0,0,-43,-43,-8,2,11,-47,-42,-85
GPC,Genuine Parts Company,128.4,-35,-2,12,0,-25,-43,-20,21,-19,-61,-86
ZBRA,Zebra Technologies,261.05,-21,-29,-1,-9,-60,-21,-3,-1,-1,-26,-86
SNDR,Schneider National,20.24,-16,-45,-16,-2,-79,-12,11,-6,-2,-9,-88
PLNT,Planet Fitness,89.96,-18,-43,0,15,-46,-19,-35,-4,16,-42,-88
OMC,Omnicom Group,75.05,-21,0,-38,0,-59,-32,-2,8,-3,-29,-88
ILMN,"Illumina, Inc.",99.12,0,-3,0,-42,-45,-19,4,13,-42,-44,-89
REXR,Rexford Industrial,41.3,-14,0,3,-20,-31,-47,6,17,-34,-58,-89
GLOB,Globant,60.11,0,0,-37,-9,-46,-11,14,-37,-9,-43,-89
MOS,Mosaic Company (The),27.7,-16,-15,27,-18,-22,-19,-15,-2,-32,-68,-90
ZBH,Zimmer Biomet,99.56,-14,0,-8,-19,-41,-39,5,5,-20,-49,-90
NIQ,NIQ Global Intelligence,12.5,-35,0,0,0,-35,-32,-23,0,0,-55,-90
MKC,McCormick & Company,64.1,-21,-6,-17,-4,-48,-38,8,-25,12,-43,-91
VFC,VF Corporation,14.05,-9,0,-31,-45,-85,-19,6,8,-1,-6,-91
DKNG,DraftKings,30.15,-35,-23,-5,0,-63,-33,-31,13,22,-29,-92
KD,Kyndryl,28.41,0,-62,-7,0,-69,-10,-27,-8,22,-23,-92
BJ,BJ's Wholesale Club,89.54,-21,-87,-6,12,-102,-35,-2,-13,60,10,-92
UPS,United Parcel Service,95.05,72,3,-117,-18,-60,30,18,-45,-36,-33,-93
ELS,Equity Lifestyle Properties,60.72,-42,1,-32,0,-73,-14,-2,1,-5,-20,-93
RBRK,Rubrik,71.1,-33,-37,3,0,-67,-19,-6,-1,0,-26,-93
CNC,Centene,35.03,14,8,-55,-13,-46,12,-6,-24,-30,-48,-94
WH,Wyndham Hotels & Resorts,73.09,-42,-32,-14,13,-75,5,-37,-4,17,-19,-94
DECK,Deckers Brands,80.86,-35,-26,-35,95,-1,-35,-26,-31,-1,-93,-94
AMH,American Homes 4 Rent,32.08,-5,-66,-19,0,-90,-13,-2,-7,17,-5,-95
LULU,Lululemon Athletica,168.02,-10,-2,-22,-5,-39,-19,8,-31,-14,-56,-95
DVA,DaVita,118.7,-8,-48,-14,22,-48,-3,-34,-31,21,-47,-95
AMCR,Amcor,7.84,-11,-55,-12,-1,-79,-6,5,-12,-4,-17,-96
LUV,Southwest Airlines,30.09,-42,-3,12,-41,-74,-43,16,-1,6,-22,-96
HSIC,Schein (Henry),62.89,-4,-27,-16,-2,-49,-19,-28,-6,5,-48,-97
BMY,Bristol Myers Squibb,45.63,7,-21,-11,-7,-32,-35,-13,-25,7,-66,-98
ELV,Elevance Health,322.01,-17,21,-55,-4,-55,-16,-1,-21,-5,-43,-98
CART,Maplebear Inc.,36.64,-27,-36,-5,0,-68,-25,-2,-4,1,-30,-98
FRPT,Freshpet,50.55,-13,-6,-35,-8,-62,-13,8,-31,-1,-37,-99
EQR,Equity Residential,60.34,-20,-21,-7,0,-48,-27,-25,-14,15,-51,-99
GNTX,Gentex,23.57,-35,-5,-2,-1,-43,-40,-21,15,-10,-56,-99
SWK,Stanley Black & Decker,68.59,-3,-16,-40,-41,-100,-9,3,10,-4,0,-100
LKQ,LKQ Corporation,31.16,7,-34,-17,-4,-48,-12,4,-25,-19,-52,-100
HIW,Highwoods Properties,28.63,-114,-9,11,8,-104,-21,-11,21,15,4,-100
TYL,Tyler Technologies,478.3,-14,-49,-5,19,-49,-17,-51,-4,20,-52,-101
GFS,GlobalFoundries,36.05,7,0,-93,0,-86,7,1,-5,-19,-16,-102
CPAY,Corpay,254.89,-14,-64,-9,23,-64,-26,-33,-6,27,-38,-102
RH,RH,175.54,-3,-25,-35,-9,-72,-8,-30,9,-2,-31,-103
JKHY,Jack Henry & Associates,149.87,-17,-65,-14,-2,-98,-13,7,-14,13,-7,-105
MIDD,Middleby,123.19,-26,-7,-14,0,-47,-43,-30,-1,15,-59,-106
CPT,Camden Property Trust,99.36,-20,-27,-6,-1,-54,-23,-28,-14,13,-52,-106
GME,GameStop,22.58,-7,-11,-5,-32,-55,-16,-12,-14,-9,-51,-106
RVTY,Revvity,91.04,-9,0,-31,-26,-66,-25,22,-36,-1,-40,-106
SMMT,Summit Therapeutics,18.62,-75,-39,-2,16,-100,-16,-5,-8,21,-8,-108
CMG,Chipotle Mexican Grill,32.51,-34,-3,-17,0,-54,-41,-1,-15,-2,-59,-113
TXN,Texas Instruments,160.49,-49,-42,-2,24,-69,-23,-38,-2,18,-45,-114
AMT,American Tower,179.54,-21,-62,-8,-2,-93,-26,-3,-6,13,-22,-115
DXCM,Dexcom,68.17,-5,-48,-10,-16,-79,-25,4,-5,-11,-37,-116
MGM,MGM Resorts International,30.71,-21,-23,-1,0,-45,-25,-35,-1,-11,-72,-117
AAL,American Airlines Group,12.78,-1,0,0,-78,-79,-16,8,10,-41,-39,-118
INGR,Ingredion,115.2,-44,-64,-9,36,-81,-54,-34,-7,58,-37,-118
COO,Cooper Companies (The),70.09,-19,11,-38,-7,-53,-38,20,-43,-5,-66,-119
SON,Sonoco,39.27,-26,-28,-7,-2,-63,-33,-25,18,-16,-56,-119
DG,Dollar General,99.58,-35,-30,0,-19,-84,-49,9,33,-28,-35,-119
GPN,Global Payments,78.68,-15,-2,-38,-41,-96,-18,-2,9,-12,-23,-119
CSGP,CoStar Group,69.62,-14,-27,-1,-1,-43,-14,-50,-3,-11,-78,-121
MOH,Molina Healthcare,151.08,-42,-6,-24,-4,-76,-10,-6,-20,-10,-46,-122
PRMB,Primo Brands,21.82,-14,-106,-9,24,-105,-14,-2,-21,20,-17,-122
FOUR,Shift4,66.24,-21,-62,-11,0,-94,-19,-33,-4,26,-30,-124
DPZ,Domino's,403.81,-15,-62,-7,12,-72,-34,-32,-6,20,-52,-124
CCCS,CCC Intelligent Solutions,8.73,-8,-29,-39,0,-76,-9,-31,-1,-8,-49,-125
BALL,Ball Corporation,47.29,-14,-54,-14,-13,-95,-23,4,-4,-7,-30,-125
ZTS,Zoetis,143.67,-9,-38,-46,-5,-98,-15,7,-13,-7,-28,-126
ASH,Ashland Global,48.66,-9,-30,-52,-11,-102,-17,6,-1,-12,-24,-126
FBIN,Fortune Brands Innovations,48.76,-10,-28,-37,-7,-82,-19,-31,10,-4,-44,-126
CDW,CDW,156.8,0,-62,-53,0,-115,2,1,-4,-10,-11,-126
SBAC,SBA Communications,191.13,-18,-62,-10,-22,-112,-10,5,-9,-1,-15,-127
ALK,Alaska Air Group,40.69,-48,-26,-6,-1,-81,-41,-26,9,11,-47,-128
BDX,Becton Dickinson,179.37,-20,-3,-39,-7,-69,-45,-1,4,-17,-59,-128
FND,Floor & Decor,64.98,-11,-26,-46,-8,-91,-16,-23,9,-8,-38,-129
TSN,Tyson Foods,51.42,-16,-19,-12,-30,-77,-9,-35,-22,13,-53,-130
MRNA,Moderna,28.16,5,0,-66,-6,-67,-17,1,-6,-41,-63,-130
RYN,Rayonier,22.51,-51,-8,-4,-1,-64,-53,-11,9,-11,-66,-130
CHRD,Chord Energy,90.22,-2,-24,-61,0,-87,-17,-33,15,-8,-43,-130
FDS,FactSet,268.94,-14,-73,-16,-2,-105,-11,3,-14,-3,-25,-130
OKE,Oneok,66.74,-13,-64,-24,56,-45,-33,-16,-36,-1,-86,-131
WLK,Westlake Corporation,68.29,-16,-15,-51,-2,-84,-17,-29,5,-8,-49,-133
PPG,PPG Industries,97.42,-13,-29,-57,-10,-109,-12,2,-4,-10,-24,-133
VVV,Valvoline,33.24,-46,-26,-6,0,-78,-44,-23,18,-6,-55,-133
AKAM,Akamai Technologies,73.92,-2,-2,-37,-9,-50,-9,-27,-37,-12,-85,-135
EMN,Eastman Chemical Company,59.71,-9,-29,-32,-3,-73,-14,2,-46,-4,-62,-135
NKE,"Nike, Inc.",64.89,-17,-18,-1,-23,-59,-19,-38,18,-38,-77,-136
OXY,Occidental Petroleum,40.71,-17,-16,-66,-1,-100,-21,-14,17,-18,-36,-136
SAIA,Saia,283.54,-42,-6,-37,0,-85,-40,-4,-1,-7,-52,-137
ADBE,Adobe Inc.,339.18,-14,-2,-47,-8,-71,-10,2,-51,-7,-66,-137
NSA,National Storage Affiliates,29.06,-22,-2,-26,-6,-56,-44,12,-47,-3,-82,-138
CNXC,Concentrix,40.94,-18,-25,-6,0,-49,-26,-21,-9,-35,-91,-140
DOW,Dow Inc.,23.79,0,-1,-54,-3,-58,-8,5,-69,-10,-82,-140
TFX,Teleflex,124.86,-9,0,-53,-41,-103,-38,9,4,-12,-37,-140
CL,Colgate-Palmolive,76.53,-30,-81,-17,25,-103,-38,-2,-25,28,-37,-140
BBWI,"Bath & Body Works, Inc.",23.92,-16,-39,-36,-17,-108,-24,6,-7,-8,-33,-141
ONON,On Holding AG,37.21,-23,-65,-10,0,-98,-35,-23,-7,22,-43,-141
IFF,International Flavors & Fragrances,63.13,-9,-2,-34,-33,-78,-21,6,-46,-3,-64,-142
BFAM,Bright Horizons,92.2,-23,-38,-10,-1,-72,-37,-44,-7,17,-71,-143
RYAN,Ryan Specialty,50.74,-21,-90,-14,0,-125,-18,-8,-20,27,-19,-144
HSY,Hershey Company (The),171.2,-75,-2,15,-1,-63,-68,-8,15,-21,-82,-145
MTDR,Matador Resources,39.31,-49,-24,-40,0,-113,10,-32,-2,-8,-32,-145
SFM,Sprouts Farmers Market,77.25,-37,-68,-6,48,-63,-65,-66,-10,59,-82,-145
TEAM,Atlassian,160.76,0,-80,-17,-8,-105,-30,5,-29,13,-41,-146
BILL,Bill.com,49.0,-29,0,-35,0,-64,-42,-10,9,-39,-82,-146
UDR,"UDR, Inc.",33.62,-28,-65,-9,-2,-104,-38,-3,-16,15,-42,-146
BIRK,Birkenstock,40.24,-21,-40,-10,0,-71,-26,-38,-12,0,-76,-147
G,Genpact,38.12,-15,-37,-8,0,-60,-40,-33,-26,12,-87,-147
CHWY,Chewy,34.49,-85,-14,52,0,-47,-89,-8,-12,7,-102,-149
COLD,Americold,12.68,-16,-3,-52,-13,-84,-13,14,-52,-17,-68,-152
CPB,Campbell Soup Company,30.28,-14,-3,-43,-8,-68,-9,-18,-50,-7,-84,-152
INVH,Invitation Homes,28.43,-20,-70,-19,0,-109,-27,-2,-14,-1,-44,-153
SAM,Boston Beer Company,205.85,-12,-1,-46,-39,-98,-25,14,2,-46,-55,-153
LSTR,Landstar,125.39,-16,-2,-46,-2,-66,-40,14,-53,-9,-88,-154
ODFL,Old Dominion Freight Line,137.26,-3,-66,-37,0,-106,-5,2,-42,-3,-48,-154
GDDY,GoDaddy,126.74,-15,-80,-14,24,-85,-37,-27,-30,24,-70,-155
MTCH,Match Group,32.27,-14,-19,3,-39,-69,-35,-27,16,-40,-86,-155
PENN,Penn Entertainment,16.59,-14,-18,-4,-36,-72,-21,-27,11,-46,-83,-155
OLN,Olin Corporation,20.78,-21,-3,-71,-11,-106,-19,-15,9,-25,-50,-156
KMPR,Kemper Corporation,44.96,-41,-26,-17,-2,-86,-44,-31,-14,16,-73,-159
WHR,Whirlpool Corporation,71.69,-3,-32,-16,-28,-79,-8,-29,-7,-38,-82,-161
DV,DoubleVerify,11.23,-9,-38,-81,0,-128,-19,1,-4,-12,-34,-162
TDC,Teradata,20.89,-9,-2,-90,-19,-120,-13,-9,-2,-18,-42,-162
MAA,Mid-America Apartment Communities,128.77,-24,-66,-8,-1,-99,-28,-30,-19,13,-64,-163
FIS,Fidelity National Information Services,62.39,-27,-62,-13,-39,-141,-26,-2,-8,13,-23,-164
FI,Fiserv,65.14,-14,-79,-25,-1,-119,-10,-39,-26,29,-46,-165
ALGN,Align Technology,138.54,7,0,-78,-27,-98,-26,10,-14,-40,-70,-168
LBRDK,Liberty Broadband (Series C),53.2,-14,-11,-14,-38,-77,-76,-11,-14,10,-91,-168
LBRDA,Liberty Broadband (Series A),53.04,-14,-11,-14,-38,-77,-76,-11,-14,10,-91,-168
SMG,Scotts Miracle-Gro Company,53.13,-10,-45,-33,-41,-129,-6,-31,-1,-3,-41,-170
BRKR,Bruker,36.4,-10,11,-71,-10,-80,-26,22,-75,-11,-90,-170
WSC,WillScot Mobile Mini,21.83,-2,-64,-76,-8,-150,-13,10,-5,-14,-22,-172
SAIC,SAIC,91.49,-35,-41,-9,0,-85,-37,-41,-6,-3,-87,-172
PAYC,Paycom,185.19,-26,-48,-1,-26,-101,-17,-51,-5,1,-72,-173
PCTY,Paylocity,141.02,-22,-48,-9,-5,-84,-37,-52,-8,7,-90,-174
POOL,Pool Corporation,277.14,-29,-27,-34,-8,-98,-40,-23,-3,-11,-77,-175
NWL,Newell Brands,4.7,-7,-26,-38,-33,-104,-15,-29,9,-38,-73,-177
DLB,Dolby Laboratories,65.65,-47,-28,-14,-1,-90,-45,-38,-4,-1,-88,-178
TREX,"Trex Company, Inc.",47.8,-10,-35,-65,-15,-125,-9,-31,-5,-8,-53,-178
KBR,"KBR, Inc.",41.5,-26,-26,-41,0,-93,-28,-36,-19,-3,-86,-179
CAVA,Cava Group,53.7,-28,-56,-25,0,-109,-30,-1,-39,-1,-71,-180
KVUE,Kenvue,14.25,-21,-48,-9,0,-78,-35,-58,-14,5,-102,-180
IAC,IAC Inc.,31.82,-18,-30,-13,-33,-94,-18,-22,-8,-40,-88,-182
CHTR,Charter Communications,230.97,-14,-11,-15,-38,-78,-76,-11,-15,-3,-105,-183
KMX,CarMax,41.85,-11,-30,-30,-38,-109,-10,-28,-34,-2,-74,-183
CZR,Caesars Entertainment,18.64,-21,-19,-37,-27,-104,-26,-15,-5,-39,-85,-189
TAP,Molson Coors,43.67,-42,-37,-24,-2,-105,-54,-1,-25,-5,-85,-190
ATR,AptarGroup,124.27,-30,-64,-14,22,-86,-36,-61,-6,-1,-104,-190
GIS,General Mills,47.05,-37,-6,-52,-6,-101,-9,-13,-48,-21,-91,-192
ARE,Alexandria Real Estate Equities,56.37,-21,-17,-48,-32,-118,-24,-19,6,-37,-74,-192
BMRN,BioMarin Pharmaceutical,51.93,-12,-39,-61,-22,-134,-12,4,-26,-24,-58,-192
WY,Weyerhaeuser,23.51,-14,-35,-34,-1,-84,-14,-39,-46,-10,-109,-193
HRL,Hormel Foods,21.27,-18,-75,-21,-25,-139,-14,-2,-8,-32,-56,-195
CE,Celanese,38.02,-10,-59,-54,-12,-135,-14,-29,-8,-11,-62,-197
ACHC,Acadia Healthcare,21.79,-108,0,-59,-13,-180,-4,-7,4,-18,-25,-205
CHD,Church & Dwight,81.75,-42,-68,-27,0,-137,-39,-31,-25,27,-68,-205
HUN,Huntsman Corporation,8.18,-7,-30,-56,-17,-110,-12,2,-51,-35,-96,-206
UHAL,U-Haul,52.6,-27,-67,-26,0,-120,-39,-31,-39,22,-87,-207
IRDM,Iridium Communications,17.66,-42,-65,-15,-21,-143,-34,-3,-6,-21,-64,-207
CLX,Clorox,112.46,-44,-19,-28,-7,-98,-49,-23,-38,-1,-111,-209
KHC,Kraft Heinz,24.59,-14,-39,-53,-2,-108,-10,-57,-25,-12,-104,-212
MORN,"Morningstar, Inc.",214.42,-15,-65,-31,-1,-112,-12,-78,-9,-2,-101,-213
BAH,Booz Allen Hamilton,82.81,-35,-43,-41,-1,-120,-37,-11,-43,-3,-94,-214
FMC,FMC Corporation,15.52,-12,-45,-51,-26,-134,-15,-35,-6,-28,-84,-218
CAG,Conagra Brands,17.43,-21,-19,-43,-9,-92,-38,-38,-25,-25,-126,-218
ENPH,Enphase Energy,30.13,-14,-3,-57,-22,-96,-14,-19,-64,-26,-123,-219
GPK,Graphic Packaging,16.06,-25,-45,-30,-1,-101,-35,-42,-43,-2,-122,-223
CLVT,Clarivate,3.24,-10,-30,-88,-8,-136,-16,-30,-2,-44,-92,-228
CHH,Choice Hotels,92.67,-39,-61,-14,-1,-115,-39,-62,-28,16,-113,-228
LCID,Lucid Motors,17.55,-125,-7,-15,0,-147,-8,-10,-28,-37,-83,-230
BF-B,Brown–Forman (Class B),26.67,-14,-3,-114,-20,-151,-9,3,-46,-30,-82,-233
EEFT,Euronet Worldwide,75.51,-41,-66,-14,-5,-126,-40,-66,-11,-1,-118,-244
RLI,RLI Corp.,58.83,-21,-104,-21,0,-146,-18,-38,-40,-2,-98,-244
CBSH,Commerce Bancshares,52.3,-124,-62,-5,13,-178,-42,-37,-4,15,-68,-246
UHAL-B,U-Haul (Series N),47.77,-26,-67,-34,0,-127,-39,-31,-48,-3,-121,-248
LYB,LyondellBasell,45.17,-7,-64,-55,-7,-133,-12,-29,-69,-9,-119,-252
BAX,Baxter International,19.17,-13,-81,-34,-40,-168,-15,-1,-25,-43,-84,-252
DXC,DXC Technology,12.93,-3,-19,-36,-75,-133,-18,-30,-43,-36,-127,-260
XRAY,Dentsply Sirona,12.6,-2,-65,-92,-44,-203,-15,5,-6,-42,-58,-261
CMCSA,Comcast,27.31,-44,-67,-46,-11,-168,-39,-31,-13,-10,-93,-261
BF-A,Brown–Forman (Class A),26.62,-14,-39,-113,-20,-186,-9,11,-53,-26,-77,-263
OGN,Organon & Co.,6.57,-119,-11,-40,0,-170,-26,-11,-53,-6,-96,-266
MKTX,MarketAxess,160.0,-29,-69,-39,-31,-168,-37,-4,-13,-46,-100,-268
DJT,Trump Media & Technology Group,15.34,-7,-107,-67,0,-181,-10,-38,-35,-11,-94,-275
INSP,Inspire Medical Systems,73.1,-35,-117,-34,-8,-194,-38,12,-39,-19,-84,-278
COTY,Coty,3.92,-62,-9,-75,-9,-155,-33,-3,-77,-11,-124,-279
UA,Under Armour (Class C),4.38,-21,-59,-39,-39,-158,-19,-61,-6,-39,-125,-283
FLO,Flowers Foods,12.07,-21,-54,-48,-10,-133,-13,-47,-68,-25,-153,-286
STZ,Constellation Brands,128.85,-42,-48,-56,-5,-151,-52,-3,-72,-10,-137,-288
UAA,Under Armour (Class A),4.55,-21,-59,-39,-46,-165,-19,-61,-6,-39,-125,-290
PRGO,Perrigo,20.63,-14,-61,-13,-115,-203,-13,-10,-13,-57,-93,-296
WEN,Wendy's Company (The),8.53,-22,-90,-48,-10,-170,-35,-37,-43,-17,-132,-302
BRBR,BellRing Brands,30.19,-35,-124,-24,0,-183,-35,-116,-30,-1,-182,-365
MAN,ManpowerGroup,30.1,-96,-47,-57,-30,-230,-68,-39,-57,-38,-202,-432
RHI,Robert Half,26.55,-124,-194,-40,-11,-369,-16,-31,-38,-34,-119,-488
