Symbol,Name,Close,1H Cloud Score,1D Cloud Score,1W Cloud Score,1M Cloud Score,Cloud Score Sum,1H TKx Score,1D TKx Score,1W TKx Score,1M TKx Score,TKx Score Sum,Total Score Sum
TJX,TJX Companies,126.09,-14,43,139,196,364,-14,-6,108,191,279,643
RSG,Republic Services,247.98,-16,19,115,175,293,-33,10,84,158,219,512
ORLY,O'Reilly Auto Parts,91.78,4,0,154,197,355,-8,1,45,87,125,480
COST,Costco,1007.32,-28,30,108,178,288,-28,36,1,182,191,479
PGR,Progressive Corporation,265.47,-19,-1,96,175,251,-28,27,13,187,199,450
NDAQ,"Nasdaq, Inc.",86.07,82,27,67,142,318,75,34,1,12,122,440
JCI,Johnson Controls,102.94,238,29,66,17,350,36,34,1,16,87,437
EBAY,eBay,78.77,123,30,68,12,233,82,34,73,14,203,436
WM,"Waste Management, Inc.",233.96,-16,18,86,185,273,-33,10,18,157,152,425
AJG,Arthur J. Gallagher & Co.,314.3,-30,-2,156,184,308,-33,24,19,105,115,423
MA,Mastercard,589.42,58,29,117,153,357,4,34,1,24,63,420
CTAS,Cintas,222.28,-7,41,10,163,207,-12,36,4,185,213,420
CTVA,Corteva,71.54,245,34,44,0,323,47,34,1,9,91,414
V,Visa Inc.,370.8,58,30,128,131,347,4,34,1,24,63,410
ORCL,Oracle Corporation,177.52,77,20,2,196,295,75,27,-14,25,113,408
WRB,W. R. Berkley Corporation,71.81,-14,76,85,174,321,-14,27,15,53,81,402
IBM,IBM,276.34,45,26,100,52,223,44,34,47,54,179,402
LIN,Linde plc,475.75,124,19,4,108,255,5,34,1,104,144,399
ROL,"Rollins, Inc.",56.86,-14,43,22,284,335,-24,36,14,33,59,394
MSFT,Microsoft,470.93,77,28,7,171,283,44,36,1,23,104,387
JPM,JPMorgan Chase,268.66,21,23,114,156,314,14,34,1,24,73,387
CASY,Casey's,489.71,7,1,104,85,197,4,1,108,76,189,386
FAST,Fastenal,42.73,23,43,114,104,284,35,35,7,21,98,382
RTX,RTX Corporation,138.53,58,20,68,52,198,60,26,75,12,173,371
CDNS,Cadence Design Systems,305.77,14,33,8,139,194,-2,-1,1,178,176,370
LLY,Lilly (Eli),807.63,53,0,0,170,223,69,-20,1,94,144,367
SO,Southern Company,89.31,5,0,67,188,260,5,10,14,77,106,366
HEI,HEICO (Common),299.83,5,28,16,187,236,32,26,7,55,120,356
AMGN,Amgen,293.46,77,0,1,163,241,77,9,-5,34,115,356
HWM,Howmet Aerospace,168.64,-6,34,139,27,194,-10,34,83,52,159,353
NRG,NRG Energy,148.69,-13,34,94,92,207,-27,36,104,19,132,339
ADP,Automatic Data Processing,315.42,-13,24,76,178,265,-11,27,1,55,72,337
NET,Cloudflare,179.29,160,21,30,0,211,75,31,1,17,124,335
ADI,Analog Devices,233.34,41,21,2,177,241,42,27,1,24,94,335
KLAC,KLA Corporation,856.98,35,21,5,175,236,37,36,1,24,98,334
PM,Philip Morris International,179.03,-3,94,61,53,205,-9,36,76,25,128,333
SPOT,Spotify,693.17,53,35,103,10,201,-9,36,86,18,131,332
YUM,Yum! Brands,143.89,0,-13,19,257,263,9,-9,13,55,68,331
PLTR,Palantir Technologies,132.81,11,34,107,0,152,11,36,110,18,175,327
DRI,Darden Restaurants,216.17,77,40,35,59,211,14,34,39,28,115,326
AM,Antero Midstream,18.12,-14,27,139,21,173,-6,32,69,53,148,321
APH,Amphenol,92.49,77,34,10,63,184,75,36,1,25,137,321
CF,CF Industries,92.13,259,20,6,2,287,-5,32,1,6,34,321
AXON,Axon Enterprise,762.77,0,32,136,92,260,-5,36,1,28,60,320
CHD,Church & Dwight,99.36,0,-45,-7,342,290,3,8,-5,23,29,319
LYV,Live Nation Entertainment,143.71,28,22,85,145,280,-3,36,-8,14,39,319
RBA,RB Global,106.42,3,32,95,25,155,9,34,100,20,163,318
MMC,Marsh McLennan,218.09,-20,-2,0,173,151,-28,20,-2,176,166,317
WELL,Welltower,150.95,-14,18,107,56,167,-11,14,124,22,149,316
BR,Broadridge Financial Solutions,243.01,0,20,105,143,268,-12,34,1,23,46,314
NFG,National Fuel Gas,81.99,-8,105,51,50,198,8,36,62,8,114,312
DE,Deere & Company,515.93,21,23,40,107,191,40,34,36,8,118,309
ICE,Intercontinental Exchange,175.56,-9,27,103,159,280,-33,28,13,19,27,307
RS,"Reliance, Inc.",311.74,49,31,2,113,195,-2,36,1,75,110,305
ORI,Old Republic International,36.44,-29,-2,138,56,163,-25,5,108,53,141,304
RBC,RBC Bearings,376.84,45,25,84,56,210,-1,34,5,55,93,303
AME,Ametek,179.86,12,21,5,104,142,32,27,1,99,159,301
AXS,AXIS Capital,100.51,-6,35,77,43,149,-6,34,73,51,152,301
NVDA,Nvidia,143.95,77,20,5,132,234,14,28,1,24,67,301
MSA,MSA Safety,166.61,77,23,-26,162,236,33,34,1,-3,65,301
RPM,RPM International,115.9,39,18,-10,178,225,39,27,-18,28,76,301
CME,CME Group,266.09,-35,100,45,134,244,-34,30,41,17,54,298
ROP,Roper Technologies,572.18,21,20,20,180,241,-1,-3,35,24,55,296
DTE,DTE Energy,134.9,2,3,65,187,257,10,-2,18,11,37,294
RCL,Royal Caribbean Group,269.69,77,21,112,26,236,-5,34,1,25,55,291
PAYX,Paychex,155.3,-8,27,75,165,259,-12,27,4,12,31,290
ITW,Illinois Tool Works,249.05,26,5,-4,176,203,36,27,-5,27,85,288
HEI-A,HEICO (Class A),234.18,0,29,17,180,226,-1,27,8,28,62,288
MNST,Monster Beverage,63.03,-11,71,17,178,255,-14,34,10,2,32,287
STE,Steris,242.35,-3,24,5,193,219,-2,34,13,23,68,287
HUBB,Hubbell Incorporated,388.08,2,19,-1,180,200,-5,37,-16,69,85,285
MS,Morgan Stanley,131.89,41,21,67,62,191,44,32,1,14,91,282
AAPL,Apple Inc.,202.75,0,0,-1,249,248,-11,-10,-16,69,32,280
TDG,TransDigm Group,1433.1,-6,34,10,155,193,-4,34,1,55,86,279
UNM,Unum,78.79,-14,21,176,38,221,-30,34,1,52,57,278
GGG,Graco Inc.,85.55,21,21,1,176,219,35,-5,1,27,58,277
PTC,PTC Inc.,170.95,21,20,-17,180,204,39,28,-18,24,73,277
NFLX,Netflix,1203.15,-7,39,107,18,157,-12,36,78,18,120,277
VRSK,Verisk Analytics,312.29,-14,30,59,112,187,-14,27,50,26,89,276
GOOG,Alphabet (Class C),180.01,21,10,3,174,208,27,32,-10,19,68,276
GS,Goldman Sachs,615.06,27,21,83,56,187,37,32,1,19,89,276
RBLX,Roblox Corporation,93.71,154,33,44,0,231,-6,34,7,9,44,275
JBL,Jabil,178.04,46,24,10,63,143,40,34,2,55,131,274
INTU,Intuit,762.09,0,34,8,189,231,-10,34,1,18,43,274
MSI,Motorola Solutions,412.32,-14,-5,0,151,132,-26,2,-18,183,141,273
T,AT&T,28.43,27,18,61,14,120,21,34,85,13,153,273
GOOGL,Alphabet (Class A),178.63,21,10,3,174,208,24,32,-10,19,65,273
LRCX,Lam Research,91.03,35,21,1,150,207,37,28,1,-3,63,270
MPWR,Monolithic Power Systems,732.63,41,21,-17,155,200,13,31,1,24,69,269
AZO,AutoZone,3705.7,-20,18,85,84,167,4,-2,45,55,102,269
AXP,American Express,299.6,60,21,8,97,186,40,34,-12,19,81,267
ALL,Allstate,196.46,-14,20,88,157,251,-29,27,2,15,15,266
MCD,McDonald's,300.45,-29,-2,43,240,252,-49,-5,13,55,14,266
TMUS,T-Mobile US,237.03,-11,-22,85,137,189,-12,-32,87,33,76,265
EHC,Encompass Health,119.23,-6,35,134,27,190,-21,52,15,27,73,263
AN,AutoNation,193.1,42,23,8,59,132,39,36,1,55,131,263
KO,Coca-Cola Company (The),72.38,12,3,19,180,214,11,9,14,12,46,260
SCI,Service Corporation International,79.79,45,4,0,173,222,40,4,-18,11,37,259
ELF,e.l.f. Beauty,118.0,241,13,-41,29,242,37,27,-45,-3,16,258
DGX,Quest Diagnostics,177.45,28,35,59,16,138,48,1,59,12,120,258
DUK,Duke Energy,116.33,0,-6,67,181,242,4,-16,13,14,15,257
GWRE,Guidewire Software,251.87,56,34,101,19,210,-6,34,1,18,47,257
LMT,Lockheed Martin,476.9,0,18,-20,163,161,14,10,1,70,95,256
UNP,Union Pacific Corporation,226.6,21,1,-4,196,214,33,2,-10,17,42,256
SHW,Sherwin-Williams,360.75,2,30,1,188,221,-14,30,1,17,34,255
FWONK,Liberty Formula 1 (Series C),97.75,33,24,61,55,173,-5,31,1,54,81,254
FTI,TechnipFMC,32.96,65,21,8,25,119,74,25,1,35,135,254
MCO,Moody's Corporation,485.15,40,21,7,154,222,-12,29,-9,23,31,253
STAG,STAG Industrial,37.04,68,21,2,94,185,40,27,1,-2,66,251
ITT,ITT Inc.,151.88,22,27,7,97,153,38,34,1,24,97,250
MCK,McKesson Corporation,704.96,-29,94,33,56,154,-33,34,29,65,95,249
COR,Cencora,284.46,-29,98,35,69,173,-33,-2,46,65,76,249
BWXT,BWX Technologies,131.72,84,19,4,33,140,42,36,1,29,108,248
TRV,Travelers Companies (The),263.04,-14,35,82,56,159,-14,34,15,54,89,248
OLLI,Ollie's Bargain Outlet,112.97,33,21,106,14,174,-4,2,54,21,73,247
BSX,Boston Scientific,99.34,-49,33,135,142,261,-67,-3,1,55,-14,247
PANW,Palo Alto Networks,195.96,56,21,8,79,164,-6,32,1,55,82,246
NI,NiSource,39.59,7,18,65,43,133,11,10,80,12,113,246
EPR,EPR Properties,57.06,75,23,48,27,173,19,34,1,19,73,246
BKNG,Booking Holdings,5483.55,0,33,127,33,193,-7,34,1,24,52,245
WMT,Walmart,97.34,-16,35,118,99,236,-28,9,1,27,9,245
COF,Capital One,201.04,42,27,85,19,173,21,34,1,16,72,245
GRMN,Garmin,210.07,44,3,103,17,167,44,22,-8,19,77,244
CELH,Celsius Holdings,42.54,48,60,0,63,171,54,16,9,-7,72,243
HON,Honeywell,226.31,0,21,7,176,204,-12,30,1,20,39,243
CACI,CACI,436.47,0,4,-3,152,153,33,-8,5,55,85,238
LH,Labcorp,259.4,72,27,46,13,158,40,27,-6,16,77,235
PAG,Penske Automotive Group,170.02,22,22,6,60,110,33,36,1,55,125,235
VRSN,Verisign,278.49,32,132,27,7,198,-5,-6,43,5,37,235
SGI,Somnigroup International,66.1,23,21,32,62,138,37,34,1,24,96,234
TT,Trane Technologies,421.71,-7,29,7,162,191,-19,34,1,27,43,234
AAON,AAON,78.57,-9,-1,-4,243,229,-5,-3,-16,29,5,234
ATI,ATI Inc.,82.69,77,28,7,41,153,-5,34,1,50,80,233
SYK,Stryker Corporation,385.05,28,21,8,157,214,4,-1,-11,27,19,233
WSO,Watsco,449.77,6,-16,-4,194,180,14,-14,-19,69,50,230
LPLA,LPL Financial,379.12,-6,22,36,97,149,-6,30,1,55,80,229
WCC,Wesco International,179.32,42,20,0,56,118,37,34,-15,55,111,229
PWR,Quanta Services,348.61,0,28,8,97,133,-12,36,1,70,95,228
PCAR,Paccar,94.77,14,0,-13,157,158,21,21,-5,32,69,227
USFD,US Foods,76.96,-9,24,134,33,182,-14,34,1,24,45,227
BK,BNY Mellon,90.01,21,23,85,38,167,14,27,1,17,59,226
EQH,Equitable Holdings,54.69,28,21,83,9,141,40,27,1,17,85,226
BRO,Brown & Brown,105.48,-29,-30,107,161,209,-33,8,16,24,15,224
EMR,Emerson Electric,126.94,42,21,7,62,132,40,27,1,24,92,224
L,Loews Corporation,88.16,-6,21,103,53,171,3,27,1,22,53,224
AMP,Ameriprise Financial,516.86,21,20,10,62,113,18,34,-11,69,110,223
EVR,Evercore,245.26,66,20,0,56,142,39,34,-17,24,80,222
ARES,Ares Management,168.44,2,21,8,57,88,-5,34,1,104,134,222
ECL,Ecolab,269.41,125,19,7,20,171,4,29,1,17,51,222
SPGI,S&P Global,513.91,28,21,7,170,226,-12,-2,-9,19,-4,222
WMB,Williams Companies,58.97,-7,20,103,50,166,-14,12,1,55,54,220
PH,Parker Hannifin,670.97,27,22,8,63,120,37,34,1,28,100,220
ROK,Rockwell Automation,325.35,77,24,6,13,120,82,26,1,-9,100,220
CW,Curtiss-Wright,457.02,5,29,10,52,96,40,36,1,47,124,220
WING,Wingstop,381.9,79,27,2,36,144,47,27,-29,29,74,218
KD,Kyndryl,40.27,40,23,100,0,163,17,28,-8,18,55,218
ETN,Eaton Corporation,324.26,2,21,0,112,135,-7,34,-16,70,81,216
IBKR,Interactive Brokers,205.09,-14,21,80,55,142,-8,36,-9,55,74,216
J,Jacobs Solutions,127.47,21,19,0,104,144,35,34,-15,17,71,215
SCCO,Southern Copper,97.65,44,20,-12,60,112,44,33,1,25,103,215
ETR,Entergy,82.22,-7,12,64,20,89,-1,34,80,12,125,214
IRM,Iron Mountain,101.1,51,26,0,55,132,-7,34,1,54,82,214
FWONA,Liberty Formula 1 (Series A),88.49,-1,23,60,60,142,-5,32,-9,54,72,214
PFGC,Performance Food Group,87.69,0,24,44,41,109,14,34,1,55,104,213
HIG,Hartford (The),124.91,-14,35,85,55,161,-14,-1,12,54,51,212
RLI,RLI Corp.,73.36,-14,-5,-1,172,152,-14,8,-20,85,59,211
CBOE,Cboe Global Markets,221.09,-35,17,135,53,170,-33,12,13,49,41,211
CSCO,Cisco,65.17,44,21,39,12,116,44,27,1,23,95,211
WAB,Wabtec,204.63,42,23,10,47,122,-1,34,1,54,88,210
AON,AON,351.72,-14,-2,0,175,159,-14,16,-6,54,50,209
CAT,Caterpillar Inc.,358.7,24,20,0,62,106,36,27,-15,55,103,209
FFIV,"F5, Inc.",293.6,47,20,85,12,164,-5,34,1,15,45,209
CSL,Carlisle Companies,378.33,-1,33,-2,176,206,-12,-6,1,18,1,207
CB,Chubb Limited,286.27,-14,18,92,56,152,-33,21,13,54,55,207
TTWO,Take-Two Interactive,234.94,27,41,36,11,115,39,-1,36,18,92,207
SNPS,Synopsys,504.32,28,8,-18,178,196,39,-7,-19,-3,10,206
BPOP,"Popular, Inc.",106.66,47,28,8,57,140,14,34,1,17,66,206
CAH,Cardinal Health,153.07,-14,43,46,36,111,-33,34,39,55,95,206
MDLZ,Mondelez International,67.25,6,2,1,180,189,5,8,10,-7,16,205
GEN,Gen Digital,29.54,45,24,6,14,89,74,26,1,14,115,204
NTRA,Natera,165.13,77,12,83,16,188,-12,10,1,17,16,204
ODFL,Old Dominion Freight Line,167.94,12,0,-17,185,180,19,-5,-22,30,22,202
GWW,W. W. Grainger,1085.23,2,21,0,92,115,-5,36,1,55,87,202
EXEL,Exelixis,42.52,-3,20,55,12,84,16,34,46,22,118,202
TKO,TKO Group Holdings,164.59,41,31,62,38,172,-12,-9,1,48,28,200
C,Citigroup,78.04,69,21,10,16,116,40,31,1,12,84,200
ACM,AECOM,111.03,5,27,7,63,102,-6,34,1,69,98,200
SNA,Snap-on,322.08,17,6,40,57,120,35,-1,-10,55,79,199
LOPE,Grand Canyon Education,183.52,-29,32,138,33,174,-33,-1,25,32,23,197
URI,United Rentals,715.61,21,21,0,62,104,24,33,-20,55,92,196
BYD,Boyd Gaming,75.02,7,21,39,57,124,12,34,1,25,72,196
TDY,Teledyne Technologies,500.91,45,20,43,12,120,36,25,1,13,75,195
VMI,Valmont Industries,323.51,45,11,53,56,165,-1,31,-8,8,30,195
FERG,Ferguson Enterprises,216.67,42,23,2,63,130,5,34,1,23,63,193
ABBV,AbbVie,189.45,63,0,7,56,126,21,-12,-4,62,67,193
OMF,OneMain Financial,52.88,27,21,8,58,114,21,32,1,24,78,192
MRVL,Marvell Technology,68.84,33,0,-12,104,125,37,26,-12,16,67,192
HOOD,Robinhood Markets,72.49,52,23,72,0,147,-7,34,1,16,44,191
WDC,Western Digital,55.95,77,21,3,16,117,40,32,1,1,74,191
FTNT,Fortinet,101.63,-5,20,45,111,171,-7,14,1,11,19,190
STWD,Starwood Property Trust,20.39,41,21,9,56,127,38,5,1,19,63,190
META,Meta Platforms,702.49,52,21,8,27,108,44,26,-9,21,82,190
EQIX,Equinix,907.34,77,21,8,32,138,-8,34,1,24,51,189
UAL,United Airlines Holdings,83.2,54,3,41,9,107,46,33,-11,14,82,189
TRMB,Trimble Inc.,72.8,32,21,70,2,125,38,26,-11,10,63,188
NEU,NewMarket,660.67,16,43,10,27,96,19,35,13,25,92,188
AVGO,Broadcom,244.6,-9,24,10,114,139,-17,36,1,28,48,187
CBRE,CBRE Group,132.85,35,5,83,20,143,40,1,-10,12,43,186
MKL,Markel,1927.57,0,20,59,53,132,4,34,-9,24,53,185
WFC,Wells Fargo,75.45,-5,21,83,27,126,9,31,1,17,58,184
SNX,TD Synnex,126.22,21,21,6,61,109,37,27,-8,19,75,184
CINF,Cincinnati Financial,147.0,-7,27,76,60,156,-14,27,1,13,27,183
MTSI,MACOM Technology Solutions,128.33,46,21,7,56,130,5,33,-12,27,53,183
SEIC,SEI Investments Company,84.31,-8,27,83,33,135,-12,34,1,24,47,182
SSNC,SS&C Technologies,81.85,23,6,81,12,122,31,22,-6,13,60,182
QGEN,Qiagen,46.22,77,18,3,1,99,12,59,1,11,83,182
RRC,Range Resources,38.74,7,21,25,40,93,13,22,1,53,89,182
RJF,Raymond James Financial,146.88,2,20,83,56,161,18,-3,-11,17,21,182
EXPE,Expedia Group,174.05,58,6,40,9,113,39,27,-9,12,69,182
ATO,Atmos Energy,152.9,-35,0,65,43,73,3,-14,76,43,108,181
PSTG,Pure Storage,55.14,37,20,0,40,97,14,27,-12,55,84,181
GD,General Dynamics,277.39,13,43,0,52,108,18,-1,1,55,73,181
MSTR,MicroStrategy,391.02,12,35,90,17,154,13,-6,1,18,26,180
NSC,Norfolk Southern,253.08,76,20,2,2,100,33,34,1,12,80,180
ABT,Abbott Laboratories,134.11,13,18,47,11,89,4,36,39,12,91,180
CCL,Carnival Corporation & plc,24.5,77,20,8,0,105,40,28,-11,17,74,179
FICO,Fair Isaac,1783.67,22,-14,0,164,172,4,-7,-19,29,7,179
LAMR,Lamar Advertising,121.72,68,11,0,62,141,3,34,-18,19,38,179
AMAT,Applied Materials,173.77,36,21,-21,147,183,37,1,-40,-3,-5,178
FIX,Comfort Systems USA,488.03,0,24,8,62,94,-6,36,1,53,84,178
CMI,Cummins,326.99,27,6,0,63,96,39,26,-12,28,81,177
SSD,Simpson Manufacturing Company,160.88,39,2,-17,154,178,4,-9,-20,24,-1,177
KMI,Kinder Morgan,27.39,-10,19,83,42,134,-25,27,-10,50,42,176
SARO,StandardAero,30.77,52,21,0,0,73,74,28,1,0,103,176
AZEK,Azek,54.45,48,39,12,0,99,53,1,4,18,76,175
TXN,Texas Instruments,202.39,51,21,1,20,93,42,25,1,14,82,175
THG,Hanover Insurance,170.98,-7,19,52,22,86,4,28,44,12,88,174
SCHW,Charles Schwab Corporation,88.28,2,34,68,9,113,14,34,1,12,61,174
PNR,Pentair,99.96,45,21,8,60,134,-1,34,-15,22,40,174
TPR,"Tapestry, Inc.",79.92,12,21,71,19,123,11,27,-6,17,49,172
AVT,Avnet,52.11,40,21,0,43,104,40,1,1,25,67,171
OGE,OGE Energy,44.02,-10,0,59,43,92,5,3,59,12,79,171
VIRT,Virtu Financial,39.9,-6,35,67,12,108,-5,-6,62,12,63,171
HCA,HCA Healthcare,364.96,-14,35,5,95,121,-12,27,7,27,49,170
FYBR,Frontier Communications,36.23,-16,38,80,0,102,-21,-8,85,12,68,170
EVRG,Evergy,67.97,14,2,49,12,77,14,2,68,8,92,169
GTES,Gates Corporation,22.14,42,21,8,13,84,39,29,1,16,85,169
HLT,Hilton Worldwide,253.7,22,21,7,62,112,14,28,-9,24,57,169
INGR,Ingredion,139.0,7,27,3,32,69,13,32,1,54,100,169
DLR,Digital Realty,177.69,68,27,6,20,121,-4,34,1,17,48,169
REG,Regency Centers,72.67,13,19,59,51,142,14,-6,1,17,26,168
HIW,Highwoods Properties,31.52,49,27,2,4,82,40,34,1,11,86,168
PKG,Packaging Corporation of America,197.31,41,4,-4,59,100,40,21,-17,24,68,168
PR,Permian Resources,14.03,41,20,-19,24,66,47,23,-15,47,102,168
GILD,Gilead Sciences,110.09,28,15,42,33,118,-2,16,-2,37,49,167
CVNA,Carvana,338.46,3,33,83,9,128,-12,36,1,14,39,167
DTM,DT Midstream,104.46,-7,27,94,0,114,-6,34,1,23,52,166
FCX,Freeport-McMoRan,42.19,49,21,-28,56,98,44,27,1,-4,68,166
BAC,Bank of America,45.12,59,21,8,16,104,21,28,1,12,62,166
LNG,Cheniere Energy,230.16,-14,27,51,56,120,-14,4,1,54,45,165
AMZN,Amazon,217.57,51,11,8,19,89,42,26,-10,18,76,165
KKR,KKR & Co. Inc.,124.02,22,10,0,101,133,19,3,-11,19,30,163
SF,Stifel,96.62,25,11,0,57,93,37,26,-11,18,70,163
VICI,Vici Properties,32.45,13,2,49,13,77,15,2,14,55,86,163
CUBE,CubeSmart,43.67,63,27,-14,20,96,21,32,1,12,66,162
AIZ,Assurant,195.95,-7,11,0,150,154,-23,25,-11,17,8,162
DCI,Donaldson Company,70.61,0,21,0,63,84,16,32,1,28,77,161
TSCO,Tractor Supply Company,51.48,28,0,0,83,111,-2,-7,-24,83,50,161
MAR,Marriott International,268.0,21,21,7,56,105,13,28,-10,25,56,161
DOV,Dover Corporation,181.29,21,10,0,104,135,21,-3,-10,17,25,160
FHN,First Horizon Corporation,20.29,27,21,43,2,93,40,27,-9,8,66,159
EXPD,Expeditors International,114.93,14,1,-11,129,133,33,22,-28,-1,26,159
R,Ryder,154.07,21,6,1,54,82,38,-2,-13,54,77,159
HBAN,Huntington Bancshares,16.33,42,21,8,19,90,21,32,1,14,68,158
MP,MP Materials,27.22,56,4,23,0,83,36,1,36,2,75,158
UGI,UGI Corporation,36.06,4,35,33,2,74,7,34,40,3,84,158
DOX,Amdocs,93.28,17,30,8,56,111,14,28,1,3,46,157
MLM,Martin Marietta Materials,554.17,12,30,0,58,100,32,-1,1,25,57,157
TOST,"Toast, Inc.",43.35,22,22,68,0,112,-5,34,1,15,45,157
LECO,Lincoln Electric,204.24,27,20,0,63,110,36,27,-11,-5,47,157
MU,Micron Technology,114.21,49,20,0,20,89,44,26,1,-3,68,157
RMD,Resmed,252.79,35,27,8,11,81,40,33,-11,11,73,154
DASH,DoorDash,214.97,3,20,88,0,111,-7,33,1,16,43,154
NBIX,Neurocrine Biosciences,124.78,77,12,-19,23,93,42,31,-11,-2,60,153
CXT,Crane NXT,56.25,21,11,-16,53,69,18,24,-12,54,84,153
ESAB,ESAB,126.22,26,23,91,0,140,-1,-3,1,15,12,152
TXT,Textron,77.87,36,21,-26,51,82,40,31,1,-3,69,151
BRK-B,Berkshire Hathaway,491.25,-50,-6,115,60,119,10,-18,16,24,32,151
RL,Ralph Lauren Corporation,267.83,-21,23,85,32,119,-26,32,1,24,31,150
WBS,Webster Bank,54.92,42,21,2,12,77,40,29,-11,15,73,150
WTFC,Wintrust Financial,123.07,21,21,8,47,97,14,34,-12,17,53,150
CR,Crane Co.,186.66,40,28,7,0,75,40,30,1,3,74,149
ZS,Zscaler,297.93,56,34,8,3,101,-5,36,1,16,48,149
EEFT,Euronet Worldwide,112.69,41,24,6,0,71,40,26,1,11,78,149
AMG,Affiliated Managers Group,183.22,46,27,2,20,95,40,-2,1,15,54,149
NDSN,Nordson,223.56,63,20,-27,1,57,69,26,1,-5,91,148
KEX,Kirby Corporation,112.57,7,21,0,33,61,12,34,1,40,87,148
DDS,Dillard's,403.56,0,3,5,52,60,14,29,-8,53,88,148
JEF,Jefferies Financial Group,52.72,28,0,-11,56,73,40,-7,-14,55,74,147
SLGN,Silgan Holdings,54.92,7,27,10,78,122,14,-2,1,11,24,146
NOW,ServiceNow,1009.8,-2,22,8,80,108,-6,35,-11,20,38,146
OZK,Bank OZK,46.4,21,21,8,54,104,40,-5,-10,17,42,146
SRE,Sempra,75.98,-31,19,-6,179,161,-41,34,-20,12,-15,146
STLD,Steel Dynamics,133.8,2,33,1,53,89,9,-8,1,55,57,146
EME,Emcor,466.1,-7,21,8,56,78,-12,36,-12,55,67,145
MSM,MSC Industrial Direct,82.91,17,21,0,56,94,21,36,1,-7,51,145
NEE,NextEra Energy,72.8,55,8,0,0,63,66,3,1,11,81,144
XYL,Xylem Inc.,128.47,42,21,0,20,83,9,31,1,20,61,144
CUZ,Cousins Properties,30.33,65,11,2,9,87,40,4,1,11,56,143
SLM,Sallie Mae,31.58,-63,28,81,20,66,-8,30,35,19,76,142
CWEN-A,Clearway Energy (Class A),28.77,5,19,49,4,77,14,30,13,8,65,142
SPR,Spirit AeroSystems,38.43,15,35,9,0,59,13,36,21,12,82,141
H,Hyatt Hotels,134.73,21,4,-14,53,64,14,27,-18,53,76,140
APO,Apollo Global Management,135.63,21,3,-1,95,118,21,-9,-14,24,22,140
HD,Home Depot (The),368.04,-14,2,-3,178,163,-19,-6,-15,17,-23,140
ES,Eversource Energy,65.89,63,24,6,-8,85,52,27,1,-26,54,139
ARW,Arrow Electronics,125.08,40,28,0,2,70,40,34,1,-6,69,139
BKR,Baker Hughes,39.09,49,0,1,33,83,21,20,-10,24,55,138
ADSK,Autodesk,297.62,0,24,45,12,81,5,34,1,17,57,138
CWEN,Clearway Energy (Class C),30.58,3,19,49,2,73,14,30,13,8,65,138
RITM,Rithm Capital,11.35,21,21,8,30,80,38,-5,1,24,58,138
POST,Post Holdings,110.99,12,-24,0,85,73,7,1,1,55,64,137
AIG,American International Group,84.38,0,18,19,51,88,-6,21,14,19,48,136
CSX,CSX Corporation,32.63,45,20,-27,2,40,75,24,1,-4,96,136
SKX,Skechers,62.57,35,19,-15,53,92,5,26,-11,24,44,136
DOCS,Doximity,58.54,42,0,45,0,87,44,2,-8,10,48,135
CLH,Clean Harbors,224.18,-8,28,0,56,76,5,-2,1,55,59,135
STT,State Street Corporation,98.95,21,23,8,14,66,39,28,-11,12,68,134
GE,GE Aerospace,242.01,-4,32,10,25,63,-9,32,21,27,71,134
TXRH,Texas Roadhouse,189.19,-7,22,6,62,83,-7,27,1,29,50,133
UI,Ubiquiti,404.73,1,22,43,8,74,14,36,1,8,59,133
LHX,L3Harris,244.96,17,43,3,3,66,16,36,3,12,67,133
BX,Blackstone Inc.,142.94,21,1,-4,104,122,14,-7,-15,19,11,133
CTRA,Coterra,25.87,49,0,2,42,93,18,13,-3,11,39,132
AL,Air Lease Corporation,57.43,0,27,8,20,55,24,27,1,24,76,131
AWI,Armstrong World Industries,154.42,-1,28,85,19,131,-17,-1,1,17,0,131
ANSS,Ansys,346.2,34,21,8,9,72,39,-2,1,21,59,131
IR,Ingersoll Rand,84.71,27,20,-12,21,56,40,27,-19,27,75,131
PG,Procter & Gamble,162.84,-29,-4,0,177,144,-42,10,-5,24,-13,131
MANH,Manhattan Associates,193.29,35,15,-20,63,93,33,-3,-18,25,37,130
KBR,"KBR, Inc.",52.79,21,25,-21,62,87,-3,-10,1,55,43,130
LAD,Lithia Motors,337.25,44,2,0,12,58,39,27,-13,19,72,130
MET,Metlife,79.45,27,20,2,56,105,21,-2,-11,16,24,129
CNM,Core & Main,58.09,42,23,10,0,75,-3,34,1,22,54,129
VRTX,Vertex Pharmaceuticals,451.69,4,-25,-1,102,80,19,-20,14,35,48,128
SOFI,SoFi,14.4,32,13,37,0,82,44,4,-11,9,46,128
BXP,"BXP, Inc.",72.91,68,19,0,0,87,-5,34,1,11,41,128
TOL,Toll Brothers,111.95,36,5,-14,59,86,39,-2,-20,24,41,127
MPC,Marathon Petroleum,162.7,21,23,0,47,91,14,27,1,-6,36,127
HPE,Hewlett Packard Enterprise,18.34,2,17,-15,40,44,9,34,-12,52,83,127
HLI,Houlihan Lokey,174.18,-3,23,8,42,70,-2,34,1,24,57,127
MTG,MGIC Investment Corporation,26.25,0,34,10,53,97,4,-1,1,26,30,127
DAL,Delta Air Lines,51.71,27,3,0,17,47,40,27,-12,24,79,126
GLPI,Gaming and Leisure Properties,47.75,16,-29,1,63,51,18,1,1,55,75,126
WWD,"Woodward, Inc.",229.7,2,30,10,33,75,-7,32,1,24,50,125
RGA,Reinsurance Group of America,202.0,1,21,0,38,60,-1,33,-18,51,65,125
EQT,EQT Corporation,53.73,-14,27,32,40,85,-27,27,32,8,40,125
MASI,Masimo,168.03,58,4,37,-4,95,21,7,-6,8,30,125
AYI,Acuity Brands,276.64,27,1,0,25,53,40,26,-12,18,72,125
XPO,"XPO, Inc.",123.62,21,3,0,59,83,33,-3,-14,25,41,124
CRH,CRH plc,92.86,12,1,2,62,77,37,-7,-8,25,47,124
ARMK,Aramark,39.58,-6,25,6,38,63,-23,29,1,54,61,124
LOW,Lowe's,224.93,-5,0,-11,164,148,-18,-6,-18,17,-25,123
BLK,BlackRock,992.46,45,20,8,20,93,-12,34,-11,19,30,123
VNO,Vornado Realty Trust,41.27,42,11,2,2,57,40,27,-14,13,66,123
APP,AppLovin,383.94,-5,11,96,0,102,-14,27,-8,16,21,123
DECK,Deckers Brands,110.0,7,0,-15,91,83,33,-12,-11,29,39,122
SYF,Synchrony Financial,60.79,21,21,8,19,69,14,34,-11,16,53,122
BEPC,Brookfield Renewable Partners,32.31,42,22,1,0,65,14,33,1,8,56,121
EWBC,East West Bancorp,95.3,22,21,2,20,65,21,32,-14,17,56,121
AMD,Advanced Micro Devices,123.25,47,20,-33,108,142,14,27,-57,-5,-21,121
HXL,Hexcel,56.51,62,3,-20,0,45,72,22,-12,-7,75,120
TNL,Travel + Leisure Co.,50.52,41,11,8,14,74,14,27,-8,12,45,119
VZ,Verizon,44.14,7,18,21,8,54,15,24,14,12,65,119
MDT,Medtronic,87.96,42,1,2,0,45,65,2,-5,11,73,118
ROKU,"Roku, Inc.",79.96,76,2,1,-17,62,37,26,-9,2,56,118
CG,Carlyle Group (The),46.83,22,12,0,19,53,37,23,-11,16,65,118
KIM,Kimco Realty,21.23,8,20,0,53,81,10,34,-19,12,37,118
NTRS,Northern Trust,109.97,21,21,7,9,58,21,27,1,11,60,118
UBER,Uber,86.4,14,33,9,0,56,33,-3,7,24,61,117
EOG,EOG Resources,117.64,26,0,-11,43,58,20,1,-12,49,58,116
CRWD,CrowdStrike,467.52,0,34,36,0,70,-9,36,1,18,46,116
AFRM,Affirm Holdings,60.97,51,3,3,0,57,47,4,-8,15,58,115
OSK,Oshkosh Corporation,111.48,42,20,2,2,66,38,25,-11,-3,49,115
PEG,Public Service Enterprise Group,79.46,-10,-1,0,150,139,-29,7,-18,15,-25,114
VEEV,Veeva Systems,284.19,0,24,36,6,66,4,27,1,16,48,114
VMC,Vulcan Materials,265.24,0,29,0,58,87,4,-3,1,25,27,114
ACGL,Arch Capital Group,89.78,-14,-1,-1,60,44,-14,34,1,49,70,114
USB,U.S. Bancorp,45.25,44,21,0,2,67,21,27,-15,13,46,113
BRX,Brixmor Property Group,25.95,21,3,0,53,77,19,-8,1,24,36,113
ZG,Zillow (Class A),70.41,47,5,45,0,97,4,3,-9,18,16,113
HES,Hess Corporation,138.65,52,0,-11,53,94,13,6,-2,1,18,112
NWS,News Corp (Class B),32.01,-39,24,103,56,144,-51,-1,1,19,-32,112
FITB,Fifth Third Bancorp,39.79,42,6,0,20,68,21,26,-18,14,43,111
ZION,Zions Bancorporation,49.81,41,3,0,2,46,40,26,-14,13,65,111
FNB,FNB Corporation,14.25,21,21,-4,53,91,21,1,-19,17,20,111
WEC,WEC Energy Group,105.6,-29,0,46,11,28,4,10,59,9,82,110
ISRG,Intuitive Surgical,529.24,-14,21,85,20,112,-12,-2,-12,24,-2,110
CCK,Crown Holdings,100.01,21,31,8,3,63,33,3,1,10,47,110
UTHR,United Therapeutics,281.88,-7,-1,-1,55,46,-2,29,-20,57,64,110
PEGA,Pegasystems,101.46,35,33,10,3,81,-7,34,-11,13,29,110
PRU,Prudential Financial,106.1,27,11,-4,53,87,21,3,-18,17,23,110
K,Kellanova,81.44,-49,-1,60,19,29,-12,9,72,11,80,109
SNV,Synovus,49.48,23,21,2,19,65,19,27,-14,12,44,109
RGLD,Royal Gold,173.66,-21,0,52,16,47,-19,8,59,14,62,109
BJ,BJ's Wholesale Club,109.21,-55,-1,69,8,21,5,-4,31,56,88,109
PPC,Pilgrim's Pride,45.37,-34,-5,77,19,57,-33,-26,94,16,51,108
HAS,Hasbro,68.85,16,21,5,1,43,23,32,1,9,65,108
INFA,Informatica,24.11,80,12,-33,0,59,38,34,-18,-5,49,108
CMA,Comerica,58.9,41,3,0,2,46,40,26,-15,10,61,107
AAP,Advance Auto Parts,53.27,91,13,0,-26,78,40,20,1,-32,29,107
DKS,Dick's Sporting Goods,182.81,28,-18,-4,61,67,33,-12,-12,31,40,107
FOXA,Fox Corporation (Class A),54.72,0,20,59,0,79,-2,21,-4,12,27,106
NWSA,News Corp (Class A),27.96,0,21,8,56,85,2,-1,1,19,21,106
AR,Antero Resources,38.4,0,21,32,8,61,18,22,-3,8,45,106
FCNCA,First Citizens BancShares,1857.17,17,3,-4,57,73,32,-6,-12,19,33,106
NVT,Nvent Electric,67.97,41,21,-17,10,55,38,34,-19,-3,50,105
OLED,Universal Display Corporation,161.03,42,21,-28,0,35,44,28,1,-3,70,105
GL,Globe Life,120.07,-14,0,36,12,34,-1,19,47,6,71,105
ALGM,Allegro MicroSystems,30.51,42,20,2,0,64,40,21,-6,-14,41,105
MTB,M&T Bank,185.77,21,21,0,20,62,19,27,-15,12,43,105
ANET,Arista Networks,93.75,2,6,0,56,64,-4,2,-12,54,40,104
IONS,Ionis Pharmaceuticals,36.85,52,24,-40,-9,27,54,30,1,-8,77,104
FIS,Fidelity National Information Services,81.13,41,36,0,-35,42,40,34,-21,9,62,104
MCHP,Microchip Technology,69.6,51,21,-37,1,36,44,27,1,-5,67,103
RF,Regions Financial Corporation,22.37,21,20,0,20,61,21,27,-18,12,42,103
PINS,Pinterest,35.11,44,6,0,0,50,44,22,-10,-3,53,103
COHR,Coherent Corp.,82.05,40,20,0,13,73,5,27,-15,13,30,103
MMM,3M,145.04,-20,21,65,12,78,-14,26,1,12,25,103
CFR,Frost Bank,129.2,21,21,9,2,53,21,31,-11,8,49,102
WPC,W. P. Carey,63.43,15,18,20,0,53,19,10,17,3,49,102
ADC,Agree Realty,74.72,0,0,54,14,68,5,3,14,11,33,101
PLNT,Planet Fitness,102.29,-8,17,54,11,74,-14,28,1,12,27,101
CBSH,Commerce Bancshares,63.71,19,21,10,2,52,40,-3,1,11,49,101
SBUX,Starbucks,91.45,41,0,0,1,42,40,20,-6,5,59,101
CTSH,Cognizant,81.05,13,21,7,12,53,14,27,-9,16,48,101
TYL,Tyler Technologies,586.75,33,1,1,15,50,33,20,-19,16,50,100
AGNC,AGNC Investment,9.32,31,6,2,14,53,33,4,-5,15,47,100
CI,Cigna,313.63,0,-6,-2,56,48,4,-18,11,55,52,100
LYFT,Lyft,15.69,0,22,6,0,28,37,32,1,2,72,100
MO,Altria,58.57,-30,18,61,43,92,-33,9,17,14,7,99
FOX,Fox Corporation (Class B),50.31,0,20,58,0,78,-2,21,-5,7,21,99
AS,Amer Sports,37.84,37,21,0,0,58,14,26,1,0,41,99
ALLY,Ally Financial,36.8,58,11,0,2,71,21,5,-12,14,28,99
NCLH,Norwegian Cruise Line Holdings,19.74,40,0,-11,0,29,40,22,-11,18,69,98
LNW,Light & Wonder,90.87,14,0,-12,55,57,19,3,-6,23,39,96
OC,Owens Corning,139.76,21,0,-15,56,62,38,-12,-19,27,34,96
KNSL,Kinsale Capital Group,459.24,-9,6,0,31,28,-12,15,-18,83,68,96
EXE,Expand Energy,112.56,-14,41,32,0,59,-29,26,32,8,37,96
EGP,EastGroup Properties,173.7,21,18,1,6,46,19,33,1,-3,50,96
MTZ,MasTec,158.58,2,27,10,16,55,-5,34,1,11,41,96
XYZ,"Block, Inc.",64.5,91,0,-15,-34,42,40,18,-16,11,53,95
APG,APi Group,47.66,5,28,9,0,42,-6,34,1,24,53,95
SAIC,SAIC,103.61,-12,-7,-28,65,18,23,-7,5,55,76,94
PNC,PNC Financial Services,179.46,27,11,0,12,50,21,26,-15,12,44,94
NNN,NNN Reit,42.5,21,19,0,20,60,17,3,1,12,33,93
UNH,UnitedHealth Group,303.82,0,-37,-9,-2,-48,13,-32,-22,182,141,93
FDS,FactSet,425.82,-55,0,-2,192,135,-45,-3,-15,21,-42,93
VST,Vistra Corp.,164.71,-7,20,10,28,51,-22,33,-12,43,42,93
APPF,AppFolio,228.54,40,6,0,26,72,9,-3,-11,26,21,93
PSA,Public Storage,304.14,2,22,-2,13,35,11,34,1,11,57,92
CHH,Choice Hotels,130.32,21,0,-4,13,30,36,22,-8,12,62,92
VNOM,Viper Energy,41.16,21,0,-1,42,62,14,-10,-19,45,30,92
ALLE,Allegion,139.68,0,33,1,19,53,21,-3,1,20,39,92
AMTM,Amentum,22.3,28,33,0,0,61,36,-6,1,0,31,92
ZBRA,Zebra Technologies,299.48,39,7,-12,-5,29,37,26,-12,11,62,91
KEY,Keycorp,16.38,27,21,0,2,50,21,27,-18,11,41,91
PPL,PPL Corporation,33.72,-30,-6,67,21,52,-35,-17,79,12,39,91
SYY,Sysco,75.53,47,8,1,1,57,19,21,-19,12,33,90
BA,Boeing,215.83,15,34,5,0,54,10,34,1,-9,36,90
BALL,Ball Corporation,55.04,40,21,-26,-9,26,33,33,1,-3,64,90
WTM,White Mountains Insurance Group,1789.16,-2,-1,0,57,54,-4,-4,-11,54,35,89
CPAY,Corpay,350.58,27,4,2,19,52,33,-9,-10,23,37,89
FHB,"First Hawaiian, Inc.",24.4,21,3,0,12,36,21,31,-11,12,53,89
AMH,American Homes 4 Rent,36.94,-30,40,1,66,77,3,-5,1,13,12,89
SNDK,SanDisk,41.63,27,0,0,0,27,40,21,0,0,61,88
EFX,Equifax,271.96,21,33,2,14,70,7,-6,1,16,18,88
ALNY,Alnylam Pharmaceuticals,302.45,0,20,8,13,41,5,28,1,13,47,88
DELL,Dell Technologies,113.26,23,21,-16,30,58,-3,34,1,-2,30,88
NOC,Northrop Grumman,488.83,0,1,0,56,57,4,8,8,10,30,87
XOM,ExxonMobil,107.29,21,0,0,42,63,13,-11,-26,48,24,87
DIS,Walt Disney Company (The),118.72,58,21,6,-39,46,14,25,1,1,41,87
MIDD,Middleby,148.85,21,0,5,0,26,36,21,-7,11,61,87
CMS,CMS Energy,70.14,2,-13,67,21,77,4,-19,13,12,10,87
PHM,PulteGroup,105.07,35,5,-14,63,89,5,-10,-25,27,-3,86
W,Wayfair,48.21,77,21,0,-39,59,37,27,1,-38,27,86
CNA,CNA Financial,45.68,-32,-5,85,55,103,-31,-6,1,18,-18,85
EA,Electronic Arts,147.15,35,43,0,5,83,-11,-13,7,19,2,85
DLTR,Dollar Tree,93.13,28,38,0,-13,53,-2,37,16,-20,31,84
KR,Kroger,65.44,-42,-6,70,65,87,-40,-17,41,13,-3,84
XP,XP Inc.,19.96,7,35,3,0,45,5,33,7,-6,39,84
CFG,Citizens Financial Group,42.01,27,9,0,2,38,19,26,-11,12,46,84
DG,Dollar General,111.24,42,62,0,-15,89,-4,10,13,-24,-5,84
NVST,Envista,19.15,69,6,-14,0,61,39,27,-14,-30,22,83
SNDR,Schneider National,24.73,40,1,-14,1,28,45,20,-18,8,55,83
RRX,Regal Rexnord,143.97,28,21,-19,1,31,35,26,-20,11,52,83
EXR,Extra Space Storage,151.68,7,18,-4,0,21,16,34,1,11,62,83
HSY,Hershey Company (The),168.56,63,0,-36,-2,25,78,2,-5,-17,58,83
ZI,ZoomInfo,10.34,98,6,-14,0,90,21,25,-19,-34,-7,83
TFSL,Third Federal S&L,13.22,2,34,8,3,47,23,-6,1,17,35,82
ACN,Accenture,320.87,22,0,-14,12,20,29,26,-10,17,62,82
COKE,Coca-Cola Consolidated,111.09,0,-28,0,84,56,10,-28,-6,50,26,82
NVR,"NVR, Inc.",7401.06,33,1,-14,63,83,5,-10,-23,27,-1,82
PSN,Parsons Corporation,69.75,37,6,-18,0,25,40,5,-21,33,57,82
JHG,Janus Henderson,36.92,21,6,0,17,44,33,-2,-10,16,37,81
PRI,Primerica,260.25,-14,0,0,106,92,-26,-2,-11,28,-11,81
HOLX,Hologic,65.14,74,9,-26,0,57,39,16,-26,-5,24,81
VTR,"Ventas, Inc.",63.46,0,-10,63,20,73,-2,-17,14,13,8,81
FOUR,Shift4,95.04,20,1,1,0,22,14,30,-8,22,58,80
JLL,Jones Lang LaSalle,237.52,37,0,0,12,49,39,-9,-11,12,31,80
THC,Tenet Healthcare,156.43,-14,30,5,55,76,-19,27,-26,22,4,80
LITE,Lumentum,82.0,42,19,5,1,67,-10,27,-12,8,13,80
CPNG,Coupang,28.27,0,27,8,0,35,-5,34,1,15,45,80
LBRDA,Liberty Broadband (Series A),95.49,7,32,38,-34,43,33,-4,1,6,36,79
TKR,Timken Company,73.12,35,6,-15,2,28,40,25,-12,-3,50,78
FTV,Fortive,72.65,42,6,-12,31,67,-1,23,-8,-3,11,78
LBRDK,Liberty Broadband (Series C),96.36,7,32,38,-34,43,33,-5,1,6,35,78
LEN,Lennar (Class A),113.55,35,1,-21,62,77,39,-11,-26,-1,1,78
KEYS,Keysight,163.61,17,21,7,0,45,40,-3,-8,3,32,77
CSGP,CoStar Group,81.07,36,3,0,12,51,39,-20,14,-7,26,77
PNFP,Pinnacle Financial Partners,108.41,21,21,0,13,55,19,-2,-11,16,22,77
MUSA,Murphy USA,424.83,0,-23,-4,66,39,4,-23,-20,77,38,77
VOYA,Voya Financial,68.02,16,21,-14,2,25,18,24,-19,29,52,77
SUI,Sun Communities,126.78,63,12,2,-22,55,10,2,1,9,22,77
IDXX,Idexx Laboratories,525.93,7,28,5,2,42,5,34,1,-6,34,76
ULTA,Ulta Beauty,462.25,0,31,3,2,36,10,34,3,-7,40,76
CVX,Chevron Corporation,143.34,21,0,-11,46,56,14,4,-3,4,19,75
DUOL,Duolingo,486.5,-16,34,44,0,62,-12,-1,5,21,13,75
NTAP,Netapp,102.58,2,6,-16,55,47,-5,34,-21,20,28,75
CFLT,"Confluent, Inc.",24.09,77,0,-7,0,70,-3,15,-9,2,5,75
LEN-B,Lennar (Class B),108.85,35,1,-19,60,77,5,-10,-26,28,-3,74
CRUS,Cirrus Logic,105.18,16,21,-14,17,40,33,1,1,-1,34,74
DHI,D. R. Horton,126.95,34,1,-19,63,79,5,-12,-26,28,-5,74
GAP,Gap Inc.,22.22,0,30,-3,16,43,16,-4,2,17,31,74
CAR,Avis Budget Group,125.9,19,37,0,-18,38,20,47,4,-35,36,74
ESI,Element Solutions,22.05,21,0,-11,55,65,14,-3,-20,18,9,74
AEE,Ameren,95.68,-7,-10,47,11,41,-22,-6,52,8,32,73
CARR,Carrier Global,71.78,15,28,0,0,43,8,-3,1,24,30,73
LFUS,Littelfuse,227.46,37,21,-16,0,42,40,26,-30,-6,30,72
NLY,Annaly Capital Management,19.36,19,3,9,8,39,33,-9,-5,14,33,72
ROST,Ross Stores,140.11,-3,30,-4,33,56,-7,-6,2,27,16,72
IDA,Idacorp,114.98,-29,0,47,16,34,3,10,17,8,38,72
MDU,MDU Resources,16.76,-9,19,0,38,48,5,-9,1,27,24,72
RNR,RenaissanceRe,243.29,-14,18,-1,33,36,4,26,-20,26,36,72
VNT,Vontier,37.01,26,21,0,0,47,13,28,-14,-3,24,71
NU,Nubank,11.98,-6,32,-1,0,25,37,-9,1,17,46,71
FNF,Fidelity National Financial,55.22,20,-23,0,56,53,18,-18,-2,19,17,70
LLYVK,Liberty Live (Series C),75.97,31,27,20,0,78,-6,-3,1,0,-8,70
BIRK,Birkenstock,55.86,42,23,6,0,71,5,-7,1,0,-1,70
ADT,ADT Inc.,8.34,-14,41,22,0,49,-26,25,16,6,21,70
MAS,Masco,65.29,22,0,-11,63,74,7,-8,-23,19,-5,69
CHE,Chemed Corporation,553.83,-48,-14,-2,183,119,-56,-2,14,-6,-50,69
Z,Zillow (Class C),71.52,47,3,2,0,52,4,3,-9,18,16,68
SOLV,Solventum,75.53,42,6,0,0,48,5,22,-7,0,20,68
ED,Consolidated Edison,102.38,-30,-5,19,45,29,4,-21,13,43,39,68
AGCO,AGCO,102.71,21,23,0,0,44,35,-2,2,-11,24,68
ABNB,Airbnb,138.55,41,6,0,0,47,-2,34,-9,-3,20,67
LW,Lamb Weston,55.64,71,9,-63,-6,11,72,13,-17,-12,56,67
PLD,Prologis,109.51,21,11,-14,0,18,19,32,1,-3,49,67
COIN,Coinbase,254.94,-2,20,0,0,18,13,34,-14,16,49,67
XEL,Xcel Energy,68.97,-38,-5,42,10,9,5,-5,50,7,57,66
CNP,Centerpoint Energy,36.3,-28,0,40,43,55,-21,-15,34,13,11,66
BROS,Dutch Bros. Coffee,70.27,-3,13,44,0,54,-18,27,-6,9,12,66
PYPL,PayPal,74.77,36,11,0,-37,10,37,27,-15,7,56,66
CRM,Salesforce,268.32,21,0,-4,20,37,30,-8,-12,19,29,66
RPRX,Royalty Pharma,33.58,43,24,23,0,90,-8,3,17,-36,-24,66
A,Agilent Technologies,120.53,35,1,-14,0,22,33,24,-11,-3,43,65
GPK,Graphic Packaging,22.48,7,-65,-10,56,-12,33,-2,-23,69,77,65
O,Realty Income,57.35,13,17,1,5,36,14,3,1,11,29,65
TPG,TPG Inc.,49.91,32,4,-4,0,32,40,-9,-15,17,33,65
CNH,CNH Industrial,12.88,21,22,10,0,53,33,-2,1,-21,11,64
GXO,GXO Logistics,44.06,41,21,-28,0,34,35,27,-26,-6,30,64
NYT,New York Times Company,55.33,-9,32,6,14,43,-34,34,1,19,20,63
GLW,Corning Inc.,50.64,2,20,10,15,47,-12,27,-11,12,16,63
BWA,BorgWarner,33.92,7,23,1,0,31,14,30,1,-14,31,62
TER,Teradyne,88.73,42,0,-20,-4,18,39,22,-14,-3,44,62
LDOS,Leidos,145.56,0,33,-4,21,50,-3,-6,4,17,12,62
CL,Colgate-Palmolive,91.98,6,-7,0,21,20,13,9,-5,24,41,61
ALK,Alaska Air Group,51.6,3,0,0,2,5,33,24,-8,7,56,61
PFG,Principal Financial Group,76.76,-3,0,-4,53,46,13,-3,-11,16,15,61
SFD,Smithfield Foods,23.32,5,16,0,0,21,5,34,0,0,39,60
FSLR,First Solar,164.66,24,20,-30,60,74,-5,-6,1,-4,-14,60
MKSI,MKS Instruments,94.24,35,6,-18,-11,12,37,26,-12,-3,48,60
CMG,Chipotle Mexican Grill,50.62,-2,5,-15,78,66,-9,-7,-17,27,-6,60
ALSN,Allison Transmission,101.54,-14,20,0,33,39,-26,27,-12,32,21,60
JNJ,Johnson & Johnson,156.49,21,3,3,5,32,19,9,-5,4,27,59
IRDM,Iridium Communications,28.95,46,3,-12,-17,20,45,25,-14,-17,39,59
NTNX,Nutanix,74.78,-14,27,22,20,55,-17,-2,1,22,4,59
CHDN,Churchill Downs Incorporated,101.92,34,0,-22,0,12,33,8,-23,28,46,58
INCY,Incyte,70.07,53,7,0,-29,31,15,29,-22,5,27,58
VLO,Valero Energy,131.94,7,21,-35,42,35,13,23,-10,-3,23,58
TW,Tradeweb,135.69,-48,-1,100,0,51,-12,-3,1,21,7,58
MTD,Mettler Toledo,1216.75,39,6,-14,0,31,35,26,-32,-3,26,57
INGM,Ingram Micro,20.33,25,6,0,0,31,37,-3,-9,0,25,56
BEN,Franklin Templeton Investments,21.86,22,24,0,-7,39,2,34,1,-20,17,56
BFAM,Bright Horizons,124.48,-24,19,5,6,6,3,28,6,13,50,56
KRC,Kilroy Realty,35.54,48,11,-11,-38,10,40,14,-17,9,46,56
X,U.S. Steel,53.92,2,16,10,24,52,-27,12,14,4,3,55
VRT,Vertiv,108.48,-6,20,0,6,20,-12,34,-12,24,34,54
MRP,Millrose Properties,27.93,2,10,0,0,12,11,31,0,0,42,54
QCOM,Qualcomm,159.19,21,6,-16,20,31,40,29,-43,-3,23,54
IP,International Paper,47.61,0,0,0,14,14,18,19,-11,14,40,54
SW,Smurfit Westrock,43.83,14,0,0,0,14,31,22,-14,0,39,53
DINO,HF Sinclair,37.31,27,23,-41,0,9,21,28,1,-6,44,53
HAYW,Hayward Holdings,14.27,39,21,-4,0,56,6,-6,-17,14,-3,53
EQR,Equity Residential,70.0,11,20,0,11,42,11,-12,1,11,11,53
GNRC,Generac,130.82,40,5,-11,-32,2,39,23,-19,8,51,53
AOS,A. O. Smith,65.73,4,2,-33,56,29,33,-7,1,-3,24,53
ESS,Essex Property Trust,287.82,13,3,1,12,29,9,1,1,12,23,52
HRB,H&R Block,54.95,-14,-2,0,50,34,-23,-14,5,50,18,52
PNW,Pinnacle West Capital,89.66,-42,-6,59,16,27,5,-17,13,24,25,52
SNOW,Snowflake Inc.,208.24,0,24,6,0,30,-5,34,1,-8,22,52
NXST,Nexstar Media Group,171.77,7,20,5,2,34,13,20,-23,8,18,52
JNPR,Juniper Networks,35.84,-1,16,0,52,67,2,-7,-28,18,-15,52
GEHC,GE HealthCare,73.91,41,0,-11,0,30,33,-9,-9,6,21,51
CACC,Credit Acceptance,511.46,21,3,0,1,25,37,-2,-6,-3,26,51
SEG,Seaport Entertainment Group,20.49,75,0,0,0,75,-8,3,-19,0,-24,51
MORN,"Morningstar, Inc.",302.82,-6,21,-11,26,30,-5,27,-17,16,21,51
AFG,American Financial Group,123.86,0,0,-3,54,51,4,-17,1,12,0,51
TRGP,Targa Resources,165.16,32,-47,0,49,34,-5,-19,-11,52,17,51
LLYVA,Liberty Live (Series A),74.72,5,34,19,0,58,-6,-2,1,0,-7,51
HII,Huntington Ingalls Industries,223.49,-3,60,-1,4,60,-1,-9,7,-7,-10,50
CEG,Constellation Energy,291.11,-28,21,7,0,0,-4,36,1,17,50,50
OHI,Omega Healthcare Investors,36.73,-7,0,0,38,31,-12,4,-2,29,19,50
FR,First Industrial Realty Trust,49.85,21,4,-4,12,33,19,-8,-6,12,17,50
CPT,Camden Property Trust,118.12,11,11,7,1,30,9,1,1,9,20,50
LPX,Louisiana-Pacific,90.71,-5,0,-1,61,55,-14,-1,-15,24,-6,49
TFC,Truist Financial,40.76,22,3,0,2,27,21,3,-14,12,22,49
HST,Host Hotels & Resorts,16.08,21,21,-23,2,21,16,34,-18,-4,28,49
AGO,Assured Guaranty,83.6,-7,0,0,54,47,-6,-13,1,20,2,49
LII,Lennox International,555.12,-3,0,0,36,33,9,-5,-14,25,15,48
BLD,TopBuild,309.91,35,2,-20,44,61,39,-14,-37,-1,-13,48
FANG,Diamondback Energy,145.6,43,3,-20,45,71,13,6,-39,-3,-23,48
DT,Dynatrace,54.17,0,19,5,0,24,-12,27,-9,18,24,48
THO,Thor Industries,88.62,42,5,-17,0,30,14,27,-20,-4,17,47
ROIV,Roivant Sciences,11.38,7,31,-3,0,35,2,-13,1,22,12,47
LNT,Alliant Energy,60.86,-35,0,59,12,36,4,-5,1,11,11,47
GM,General Motors,48.93,7,3,0,9,19,9,27,-19,11,28,47
BC,Brunswick Corporation,58.38,42,5,-29,-5,13,40,21,-20,-7,34,47
WDAY,"Workday, Inc.",252.73,7,8,-1,12,26,21,-7,-14,20,20,46
CHTR,Charter Communications,406.66,7,32,9,-34,14,33,-6,1,4,32,46
BOKF,BOK Financial Corporation,96.4,21,0,-3,20,38,19,-6,-17,12,8,46
OWL,Blue Owl Capital,19.07,41,0,0,0,41,-5,3,-12,19,5,46
FAF,First American Financial Corporation,57.05,20,-26,-4,12,2,51,-14,-10,16,43,45
AMT,American Tower,214.66,7,0,7,4,18,3,4,11,9,27,45
PATH,UiPath,13.23,0,11,-2,0,9,7,36,1,-8,36,45
APD,Air Products,281.86,1,1,0,14,16,9,22,-10,8,29,45
BSY,Bentley Systems,47.96,-2,24,-1,0,21,-9,36,1,-4,24,45
EXP,Eagle Materials,203.68,0,-10,-6,55,39,8,-7,-20,25,6,45
ETSY,Etsy,61.85,77,11,0,-28,60,-3,21,1,-35,-16,44
ECG,Everus Construction Group,59.83,2,19,0,0,21,-5,36,-8,0,23,44
AWK,American Water Works,141.26,0,0,17,4,21,5,-2,13,6,22,43
PEN,"Penumbra, Inc.",255.65,-6,-10,23,9,16,2,-13,37,1,27,43
NEM,Newmont,52.55,-21,45,10,3,37,-19,7,10,8,6,43
VLTO,Veralto,99.97,0,21,0,0,21,18,28,-24,0,22,43
GEV,GE Vernova,465.32,-7,33,0,0,26,-23,36,2,0,15,41
MTDR,Matador Resources,47.94,42,1,-20,0,23,14,21,-13,-4,18,41
AVB,AvalonBay Communities,207.94,13,2,0,14,29,16,1,-19,13,11,40
GPC,Genuine Parts Company,126.56,-3,19,0,0,16,5,33,1,-15,24,40
ON,ON Semiconductor,53.82,42,6,-28,0,20,40,27,-34,-13,20,40
AMED,Amedisys,96.8,7,38,3,-38,10,5,1,16,8,30,40
ELAN,Elanco,14.3,21,24,0,-5,40,21,26,-44,-4,-1,39
AFL,Aflac,102.28,-14,-14,0,56,28,-26,-17,1,53,11,39
PINC,"Premier, Inc.",22.88,-4,32,8,-26,10,-3,58,6,-32,29,39
TWLO,Twilio,119.13,0,13,38,-32,19,-7,27,-9,9,20,39
TSLA,"Tesla, Inc.",326.15,-38,3,34,8,7,5,32,-15,8,30,37
BBY,Best Buy,74.93,36,1,-15,-4,18,39,-9,-26,14,18,36
VVV,Valvoline,36.6,42,6,-17,29,60,-5,22,-39,-2,-24,36
LUV,Southwest Airlines,34.38,16,20,6,-37,5,21,23,-15,2,31,36
MAT,Mattel,19.3,14,20,5,0,39,13,22,-9,-29,-3,36
LNC,Lincoln Financial,33.32,21,3,9,-4,29,19,-9,-9,6,7,36
PB,Prosperity Bancshares,70.99,16,3,0,12,31,14,-6,-15,12,5,36
DKNG,DraftKings,37.56,21,0,-12,0,9,24,-7,-9,18,26,35
GRAL,"Grail, Inc.",42.15,3,1,0,0,4,4,34,-8,0,30,34
SHC,Sotera Health,12.29,21,26,-18,0,29,13,-5,1,-4,5,34
INVH,Invitation Homes,33.61,7,1,0,5,13,9,-13,12,12,20,33
OKE,Oneok,81.73,0,-47,-4,52,1,8,-9,-16,49,32,33
WAL,Western Alliance Bancorporation,75.14,21,1,0,2,24,19,-8,-18,16,9,33
DAY,Dayforce,59.92,43,6,-11,-10,28,2,15,-15,3,5,33
WEX,WEX Inc.,142.15,37,3,-34,-3,3,40,21,-25,-6,30,33
BMY,Bristol Myers Squibb,49.99,63,-46,0,-3,14,14,7,-5,3,19,33
WST,West Pharmaceutical Services,227.75,35,4,-18,-5,16,37,4,-18,-6,17,33
FI,Fiserv,168.8,33,-47,-5,33,14,33,-33,-6,25,19,33
WSM,"Williams-Sonoma, Inc.",158.46,-12,0,0,63,51,-21,-9,-8,19,-19,32
TPL,Texas Pacific Land Corporation,1098.08,-9,-8,-1,56,38,-11,-8,1,11,-7,31
APTV,Aptiv,70.38,17,21,0,-22,16,21,27,1,-34,15,31
SMCI,Supermicro,42.94,2,0,-42,56,16,9,20,-7,-7,15,31
BHF,Brighthouse Financial,57.64,-13,24,9,9,29,-3,-3,1,6,1,30
AXTA,Axalta,31.07,1,-8,-7,20,6,31,-11,-20,24,24,30
MSGS,Madison Square Garden Sports,192.27,17,1,-11,19,26,1,-6,-17,25,3,29
PPG,PPG Industries,115.05,21,21,-37,-6,-1,33,2,1,-6,30,29
WAT,Waters Corporation,349.59,0,1,3,12,16,14,-2,-11,12,13,29
UHAL,U-Haul,64.42,14,0,-6,20,28,11,-9,-19,18,1,29
TTEK,Tetra Tech,35.47,11,19,-20,3,13,-12,34,-23,17,16,29
LAZ,Lazard,42.69,-6,4,-1,18,15,-5,26,-19,11,13,28
SWKS,Skyworks Solutions,74.97,41,19,-34,-28,-2,41,29,-37,-3,30,28
WMS,Advanced Drainage Systems,118.33,28,5,-31,1,3,35,-10,1,-1,25,28
AVY,Avery Dennison,180.17,21,20,-26,2,17,14,34,-34,-3,11,28
UDR,"UDR, Inc.",41.95,13,2,0,5,20,9,-14,1,11,7,27
PSX,Phillips 66,118.72,14,20,-27,39,46,14,22,-52,-3,-19,27
WY,Weyerhaeuser,27.59,36,1,-14,0,23,33,3,-26,-6,4,27
DD,DuPont,70.16,23,1,-12,17,29,33,-8,-26,-1,-2,27
MKC,McCormick & Company,75.59,46,-39,0,-2,5,18,1,-5,8,22,27
DDOG,Datadog,119.93,0,11,-14,0,-3,5,28,-17,13,29,26
ATR,AptarGroup,152.61,-41,27,0,18,4,-1,-1,1,23,22,26
DHR,Danaher Corporation,202.65,41,3,-20,0,24,33,2,-31,-2,2,26
MSCI,MSCI,558.01,0,19,0,12,31,-6,-3,-14,18,-5,26
IT,Gartner,422.56,-70,0,-12,56,-26,7,-1,-10,55,51,25
FMC,FMC Corporation,44.07,65,10,-31,-22,22,39,14,-27,-24,2,24
ZM,Zoom Communications,79.4,-21,22,40,0,41,-16,-4,1,2,-17,24
TRU,TransUnion,88.92,21,10,0,1,32,7,-6,-22,12,-9,23
LVS,Las Vegas Sands,42.49,11,21,-13,-4,15,10,27,-17,-12,8,23
YETI,Yeti Holdings,32.48,42,1,-26,-4,13,14,21,-17,-8,10,23
DPZ,Domino's,455.73,-7,-1,0,8,0,-5,-6,18,16,23,23
FRT,Federal Realty Investment Trust,97.85,19,3,-14,2,10,19,2,-20,12,13,23
OVV,Ovintiv,39.38,48,3,-28,0,23,13,6,-15,-4,0,23
DXCM,Dexcom,84.8,-7,25,0,-12,6,-12,34,1,-7,16,22
SITE,SiteOne Landscape Supply,126.03,38,2,-17,-7,16,38,-7,-20,-6,5,21
IEX,IDEX Corporation,184.27,21,10,-19,0,12,37,-5,-19,-4,9,21
MDB,MongoDB Inc.,212.97,47,0,-17,-7,23,-4,26,-18,-7,-3,20
HSIC,Schein (Henry),71.39,0,2,-3,0,-1,5,25,-10,1,21,20
JKHY,Jack Henry & Associates,179.72,-7,18,7,2,20,-12,20,-18,9,-1,19
FDX,FedEx,228.01,21,0,-17,30,34,14,-8,-19,-2,-15,19
CART,Maplebear Inc.,44.18,-8,0,14,0,6,-15,36,-8,0,13,19
WHR,Whirlpool Corporation,88.0,42,1,-15,-24,4,40,20,-11,-34,15,19
DLB,Dolby Laboratories,76.55,17,1,1,1,20,11,-7,-11,6,-1,19
COLB,Columbia Banking System,24.08,19,3,0,-7,15,19,-6,-17,8,4,19
WTRG,Essential Utilities,38.27,6,0,1,0,7,10,-16,13,3,10,17
G,Genpact,43.61,7,-26,44,0,25,13,-23,-6,8,-8,17
CNXC,Concentrix,56.62,7,21,0,0,28,-2,24,-3,-31,-12,16
IVZ,Invesco,14.81,14,1,-11,-4,0,21,-5,-11,11,16,16
BURL,Burlington Stores,241.45,19,4,0,1,24,-1,-5,-17,15,-8,16
AEP,American Electric Power,101.88,-29,-10,64,21,46,-37,-19,14,12,-30,16
PCOR,Procore,67.14,28,0,-2,0,26,-12,-7,-8,17,-10,16
CHRW,C.H. Robinson,96.2,2,19,0,2,23,-16,21,-18,6,-7,16
LSCC,Lattice Semiconductor,51.26,21,0,-11,-3,7,38,-9,-8,-13,8,15
RKT,Rocket Companies,13.1,7,0,-10,0,-3,-16,17,-1,18,18,15
TROW,T. Rowe Price,95.93,16,6,-14,-23,-15,37,-2,-16,11,30,15
RIVN,Rivian,14.42,0,23,0,0,23,12,-4,2,-19,-9,14
RH,RH,189.27,17,0,-15,-5,-3,33,-9,-14,7,17,14
CIEN,Ciena,72.46,-28,21,0,10,3,-25,34,-12,14,11,14
EW,Edwards Lifesciences,75.82,-8,33,0,-12,13,-21,34,21,-33,1,14
AMCR,Amcor,9.25,21,0,-11,0,10,37,-16,-26,9,4,14
FIVE,Five Below,123.41,0,23,0,-14,9,-17,32,2,-13,4,13
SPG,Simon Property Group,160.9,0,3,0,33,36,-28,-9,-6,19,-24,12
GDDY,GoDaddy,178.42,-9,3,0,20,14,-7,-5,-10,20,-2,12
HHH,Howard Hughes Holdings,70.61,16,1,-4,-4,9,21,-11,-19,12,3,12
TEAM,Atlassian,213.05,35,0,0,-4,31,-10,-10,-9,9,-20,11
SON,Sonoco,46.02,14,19,-35,0,-2,36,22,-33,-12,13,11
WH,Wyndham Hotels & Resorts,83.79,0,-9,-2,9,-2,16,-9,-8,13,12,10
SEE,Sealed Air,32.94,21,21,-15,-22,5,21,32,-18,-30,5,10
EMN,Eastman Chemical Company,81.28,7,0,-12,0,-5,7,21,-26,13,15,10
GTLB,GitLab,48.53,28,0,-12,0,16,-4,-8,-11,16,-7,9
AMKR,Amkor Technology,20.45,36,6,-31,0,11,37,2,-39,-3,-3,8
MEDP,Medpace,305.97,0,1,-18,30,13,2,5,-10,-2,-5,8
OTIS,Otis Worldwide,95.34,1,-2,0,0,-1,-5,-5,-5,24,9,8
AA,Alcoa,28.78,27,0,-12,-18,-3,37,21,-18,-30,10,7
PODD,Insulet,298.83,-30,22,36,2,30,-58,26,5,4,-23,7
AZTA,Azenta,30.42,41,0,-44,-29,-32,40,15,-10,-7,38,6
CCCS,CCC Intelligent Solutions,9.07,35,0,-19,0,16,10,2,-18,-4,-10,6
HRL,Hormel Foods,31.14,62,11,0,-21,52,11,-30,1,-28,-46,6
ST,Sensata Technologies,28.34,42,21,-33,-13,17,35,25,-40,-33,-13,4
IQV,IQVIA,159.76,41,0,-31,-4,6,33,2,-33,-4,-2,4
JBHT,J. B. Hunt,145.2,21,0,-22,0,-1,36,-5,-19,-8,4,3
F,Ford Motor Company,10.6,17,35,-41,-15,-4,14,-5,1,-3,7,3
QRVO,Qorvo,83.08,42,21,-34,-29,0,14,29,-38,-3,2,2
SMG,Scotts Miracle-Gro Company,64.07,28,17,-13,-37,-5,-2,20,-23,11,6,1
KMPR,Kemper Corporation,61.47,-10,11,0,2,3,-26,22,-11,12,-3,0
BILL,Bill.com,45.37,37,0,-15,0,22,33,-9,-11,-35,-22,0
PAYC,Paycom,254.07,-8,34,10,-22,14,-14,34,1,-35,-14,0
MOS,Mosaic Company (The),34.07,-21,41,7,-14,13,-26,34,6,-28,-14,-1
MOH,Molina Healthcare,295.7,-1,-13,-4,0,-18,21,-7,9,-6,17,-1
ADBE,Adobe Inc.,416.01,28,19,-27,-4,16,-9,26,-31,-3,-17,-1
DVA,DaVita,139.12,16,-40,0,18,-6,5,-6,-11,17,5,-1
DBX,Dropbox,28.94,-1,8,10,7,24,-12,-8,-11,6,-25,-1
WFRD,Weatherford International,51.44,41,0,-35,0,6,33,1,-39,-3,-8,-2
SN,SharkNinja,89.51,0,2,0,0,2,7,-3,-9,0,-5,-3
KNX,Knight-Swift,45.28,7,1,-16,0,-8,6,22,-12,-11,5,-3
UHAL-B,U-Haul (Series N),57.73,22,0,-14,0,8,18,-8,-28,7,-11,-3
PCTY,Paylocity,186.95,-14,0,33,0,19,-14,-1,-10,3,-22,-3
VTRS,Viatris,9.05,16,1,-16,-5,-4,13,-9,-20,17,1,-3
VKTX,Viking Therapeutics,29.14,11,1,-31,19,0,31,-6,-24,-4,-3,-3
GME,GameStop,30.16,-1,24,0,-28,-5,5,-1,2,-5,1,-4
CE,Celanese,59.37,35,6,-34,-8,-1,33,23,-52,-7,-3,-4
NCNO,nCino,27.19,0,6,-17,0,-11,-11,23,-19,13,6,-5
ALAB,Astera Labs,91.46,-18,19,0,0,1,-22,28,-13,0,-7,-6
FLS,Flowserve,47.46,-35,0,-2,25,-12,-3,-2,-12,23,6,-6
MAA,Mid-America Apartment Communities,151.84,-3,-7,1,0,-9,5,-14,1,9,1,-8
HUBS,HubSpot,580.79,-7,0,-1,9,1,-9,-8,-9,17,-9,-8
D,Dominion Energy,55.61,-10,19,5,-32,-18,-33,34,1,8,10,-8
RYAN,Ryan Specialty,65.26,-28,-2,0,0,-30,-33,18,12,23,20,-10
U,Unity Technologies,24.83,0,10,0,0,10,-22,34,1,-33,-20,-10
RARE,Ultragenyx,37.5,44,1,-18,-36,-9,43,-17,-26,-1,-1,-10
WBA,Walgreens Boots Alliance,11.36,18,21,0,-75,-36,26,36,-4,-33,25,-11
VFC,VF Corporation,12.98,21,0,-11,-41,-31,34,-9,-11,5,19,-12
RGEN,Repligen,132.89,39,-1,-7,-15,16,33,-16,-11,-35,-29,-13
UHS,Universal Health Services,172.66,-14,0,-2,20,4,-14,-2,-26,24,-18,-14
CROX,Crocs,105.2,6,4,-33,0,-23,18,-7,1,-3,9,-14
VAC,Marriott Vacations Worldwide,67.76,15,0,-16,-15,-16,18,23,-16,-23,2,-14
MHK,Mohawk Industries,105.89,19,-15,-17,-9,-22,33,-12,-25,12,8,-14
PARA,Paramount Global (Class B),12.16,6,22,0,-37,-9,6,28,3,-43,-6,-15
HPQ,HP Inc.,25.57,0,0,-16,0,-16,13,-6,-20,14,1,-15
M,"Macy's, Inc.",12.37,21,0,-22,-13,-14,26,-7,-16,-4,-1,-15
IFF,International Flavors & Fragrances,79.33,22,6,-14,-29,-15,13,3,-26,9,-1,-16
EXAS,Exact Sciences,56.16,0,27,-19,-23,-15,5,31,-23,-14,-1,-16
JAZZ,Jazz Pharmaceuticals,112.99,22,0,-6,-4,12,13,2,-7,-37,-29,-17
GLOB,Globant,103.28,21,-17,-17,-5,-18,33,-11,-17,-5,0,-18
LKQ,LKQ Corporation,39.76,1,0,0,0,1,5,-4,-5,-15,-19,-18
CERT,"Certara, Inc.",11.98,35,-14,0,0,21,6,-16,1,-30,-39,-18
HOG,Harley-Davidson,25.43,21,6,-34,-7,-14,37,-3,-29,-9,-4,-18
MTCH,Match Group,31.72,39,5,-17,-35,-8,37,13,-24,-36,-10,-18
CVS,CVS Health,64.26,16,-5,1,-15,-3,13,-19,16,-26,-16,-19
SWK,Stanley Black & Decker,69.22,16,0,-20,-37,-41,33,1,-26,12,20,-21
NUE,Nucor,124.73,49,3,-46,0,6,14,-12,-23,-6,-27,-21
PENN,Penn Entertainment,16.81,41,0,-14,-32,-5,33,2,-9,-42,-16,-21
TGT,Target Corporation,100.81,21,0,-22,-9,-10,21,1,-30,-4,-12,-22
OKTA,"Okta, Inc.",100.8,-14,-2,15,-22,-23,-17,-6,20,4,1,-22
CRL,Charles River Laboratories,150.99,35,6,-45,-24,-28,40,24,-54,-6,4,-24
REXR,Rexford Industrial,37.14,27,6,-37,-16,-20,36,21,-32,-30,-5,-25
UAA,Under Armour (Class A),6.93,21,11,-19,-42,-29,27,31,-19,-35,4,-25
AKAM,Akamai Technologies,78.27,21,0,-17,-5,-1,14,-13,-17,-8,-24,-25
LOAR,Loar Holdings,82.99,-7,0,0,0,-7,-12,-11,5,0,-18,-25
PK,Park Hotels & Resorts,10.62,14,1,-17,-5,-7,14,-10,-19,-3,-18,-25
GPN,Global Payments,80.72,21,0,-18,-37,-34,38,-7,-15,-8,8,-26
DOCU,DocuSign,77.06,-21,-1,-2,-10,-34,-17,27,-11,9,8,-26
ADM,Archer Daniels Midland,48.56,9,22,-37,-9,-15,13,-7,1,-18,-11,-26
CCI,Crown Castle,99.89,1,0,-4,-26,-29,4,-15,11,3,3,-26
ZTS,Zoetis,166.65,-3,18,-26,2,-9,-14,27,-29,-3,-19,-28
ESTC,Elastic NV,84.72,0,0,-4,-4,-8,-3,-6,-9,-2,-20,-28
GFS,GlobalFoundries,39.45,30,1,-73,0,-42,35,2,-8,-15,14,-28
CDW,CDW,178.73,0,21,-33,2,-10,13,28,-54,-6,-19,-29
ENTG,Entegris,79.67,28,0,-35,-4,-11,35,-10,-40,-3,-18,-29
EPAM,EPAM Systems,180.73,16,0,-17,-25,-26,14,26,-8,-35,-3,-29
EXC,Exelon,42.92,-42,-10,46,12,6,-41,-20,17,8,-36,-30
ILMN,"Illumina, Inc.",88.09,23,1,-19,-38,-33,33,27,-19,-38,3,-30
TREX,"Trex Company, Inc.",58.16,21,1,-45,-11,-34,34,-10,-17,-4,3,-31
CMCSA,Comcast,35.63,17,3,-26,-7,-13,14,-3,-23,-6,-18,-31
TTD,Trade Desk (The),72.38,-27,4,-18,2,-39,-19,27,-18,18,8,-31
PFE,Pfizer,24.3,21,2,-24,-21,-22,21,27,-32,-26,-10,-32
LSTR,Landstar,143.49,26,0,-26,0,0,5,1,-33,-5,-32,-32
UA,Under Armour (Class C),6.49,21,13,-19,-35,-20,21,23,-23,-35,-14,-34
PARAA,Paramount Global (Class A),22.5,0,0,30,0,30,-60,-6,-3,4,-65,-35
KDP,Keurig Dr Pepper,32.95,-30,-7,0,0,-37,7,-24,9,10,2,-35
COO,Cooper Companies (The),72.71,0,-8,-18,-3,-29,30,-12,-23,-1,-6,-35
BG,Bunge Global,76.03,0,0,-35,0,-35,8,-6,1,-3,0,-35
NOV,NOV Inc.,13.32,28,1,-46,-10,-27,40,2,-37,-13,-8,-35
S,SentinelOne,18.14,0,0,-16,0,-16,-4,-9,-19,12,-20,-36
ASH,Ashland Global,53.03,21,0,-32,-7,-18,33,1,-44,-8,-18,-36
AES,AES Corporation,11.3,24,1,-33,-9,-17,56,-9,-44,-22,-19,-36
EG,Everest Group,336.44,-14,-2,-27,53,10,-14,-2,-28,-3,-47,-37
BAH,Booz Allen Hamilton,100.65,-84,-10,-21,99,-16,-28,-6,-23,36,-21,-37
GIS,General Mills,54.5,45,-45,-32,-2,-34,40,1,-28,-17,-4,-38
DNB,Dun & Bradstreet,9.07,23,0,-17,0,6,5,4,-19,-35,-45,-39
KMB,Kimberly-Clark,133.04,-42,-4,0,16,-30,-47,16,-2,24,-9,-39
TDC,Teradata,22.77,36,5,-70,-15,-44,44,-8,-18,-14,4,-40
WYNN,Wynn Resorts,86.69,-59,23,-2,-1,-39,7,-4,1,-6,-2,-41
RYN,Rayonier,24.12,16,-46,-11,-3,-44,32,1,-23,-7,3,-41
FIVN,Five9,29.25,42,0,-70,-33,-61,40,26,-8,-38,20,-41
BLDR,Builders FirstSource,117.32,32,-89,-19,63,-13,7,-11,-23,-1,-28,-41
CHRD,Chord Energy,99.57,27,2,-41,0,-12,14,5,-45,-4,-30,-42
FRPT,Freshpet,78.94,-15,0,-15,-4,-34,-12,-2,-11,17,-8,-42
FND,Floor & Decor,75.75,14,0,-26,-4,-16,8,-10,-20,-4,-26,-42
DV,DoubleVerify,14.93,42,0,-61,0,-19,-9,3,-9,-8,-23,-42
LULU,Lululemon Athletica,258.52,-21,-3,-2,-1,-27,-21,26,-11,-10,-16,-43
GMED,Globus Medical,61.47,22,-76,-6,0,-60,40,-22,-11,10,17,-43
NSA,National Storage Affiliates,34.13,6,-14,-6,-2,-16,5,-15,-27,10,-27,-43
CPRT,Copart,50.28,-101,-12,-4,174,57,-104,-8,-14,26,-100,-43
NWL,Newell Brands,5.7,23,2,-18,-29,-22,33,-3,-18,-34,-22,-44
LINE,"Lineage, Inc.",45.41,18,-46,0,0,-28,35,-29,-22,0,-16,-44
WTW,Willis Towers Watson,296.8,-29,-33,0,22,-40,-33,8,-6,27,-4,-44
CGNX,Cognex Corporation,31.43,27,3,-31,-29,-30,37,25,-39,-38,-15,-45
RNG,RingCentral,27.6,35,2,-17,-39,-19,40,-7,-17,-43,-27,-46
ELS,Equity Lifestyle Properties,63.13,0,-10,-12,0,-22,5,-5,-23,-1,-24,-46
DOW,Dow Inc.,30.71,21,0,-34,0,-13,33,-12,-49,-6,-34,-47
POOL,Pool Corporation,306.45,2,0,-14,-4,-16,2,-6,-20,-7,-31,-47
WSC,WillScot Mobile Mini,28.5,21,0,-56,-4,-39,40,-6,-33,-10,-9,-48
OXY,Occidental Petroleum,43.92,42,1,-46,0,-3,14,3,-50,-14,-47,-50
PLTK,Playtika,4.91,47,-9,-17,0,21,-10,-17,-18,-29,-74,-53
BIIB,Biogen,135.52,63,2,-75,-25,-35,15,21,-38,-16,-18,-53
FE,FirstEnergy,40.11,-70,-2,0,53,-19,-41,-6,1,12,-34,-53
COLM,Columbia Sportswear,64.07,7,-64,-12,-4,-73,23,-7,-7,11,20,-53
LYB,LyondellBasell,60.6,16,0,-35,0,-19,32,-12,-49,-5,-34,-53
CLVT,Clarivate,4.43,38,11,-68,-4,-23,40,-5,-28,-40,-33,-56
SJM,J.M. Smucker Company (The),94.4,-7,-1,-3,-2,-13,-20,-1,-1,-21,-43,-56
BAX,Baxter International,31.74,16,0,-14,-36,-34,31,-9,-5,-39,-22,-56
IPGP,IPG Photonics,68.11,77,20,-77,-42,-22,-2,27,-18,-42,-35,-57
DAR,Darling Ingredients,32.5,13,0,-17,-18,-22,21,-8,-21,-28,-36,-58
SBAC,SBA Communications,226.11,-22,0,7,-18,-33,-21,-15,8,3,-25,-58
BRKR,Bruker,40.68,41,0,-51,-6,-16,33,-14,-55,-7,-43,-59
SLB,Schlumberger,35.51,17,0,-61,0,-44,13,-11,-12,-8,-18,-62
ONTO,Onto Innovation,101.38,35,-82,-17,0,-64,37,-22,-12,-2,1,-63
REGN,Regeneron Pharmaceuticals,523.29,0,-8,-32,-2,-42,19,-5,-33,-2,-21,-63
EIX,Edison International,50.44,-31,-4,-23,-1,-59,-28,-5,-20,48,-5,-64
MRK,Merck & Co.,81.38,35,-49,-38,-2,-54,35,1,-42,-4,-10,-64
COTY,Coty,5.14,41,0,-55,-5,-19,14,5,-57,-7,-45,-64
BDX,Becton Dickinson,174.4,21,-74,-19,-3,-75,31,2,-10,-13,10,-65
LCID,Lucid Motors,2.18,0,-9,-23,0,-32,13,-6,-8,-33,-34,-66
MPW,Medical Properties Trust,4.59,7,-21,0,-34,-48,21,-19,13,-33,-18,-66
AAL,American Airlines Group,11.86,21,0,-12,-74,-65,21,26,-12,-37,-2,-67
CIVI,Civitas Resources,30.55,21,0,-46,-4,-29,14,1,-46,-7,-38,-67
TSN,Tyson Foods,55.7,1,-26,-2,-26,-53,5,-26,-2,9,-14,-67
HAL,Halliburton,21.75,27,0,-54,-3,-30,21,1,-53,-7,-38,-68
DOC,Healthpeak Properties,17.6,13,-47,-8,-29,-71,17,1,-23,7,2,-69
WBD,Warner Bros. Discovery,10.02,5,1,3,-40,-31,-5,21,-11,-43,-38,-69
ACI,Albertsons,21.22,-42,-2,16,0,-28,-42,-11,18,-7,-42,-70
MKTX,MarketAxess,224.4,32,5,-19,-27,-9,-6,-14,1,-42,-61,-70
OGN,Organon & Co.,10.05,22,-54,-20,0,-52,14,2,-33,-2,-19,-71
COP,ConocoPhillips,91.19,21,0,-36,0,-15,13,-11,-52,-6,-56,-71
PII,Polaris Inc.,42.63,41,6,-91,-15,-59,14,21,-34,-15,-14,-73
INSP,Inspire Medical Systems,136.6,-5,-18,-14,-4,-41,11,-10,-19,-15,-33,-74
ELV,Elevance Health,383.86,19,-20,-35,0,-36,-1,-35,-1,-1,-38,-74
MTN,Vail Resorts,156.58,0,11,-24,-21,-34,11,-1,-18,-34,-42,-76
DVN,Devon Energy,33.49,28,3,-41,-3,-13,14,-10,-47,-20,-63,-76
INTC,Intel,22.1,14,1,-60,-18,-63,14,-10,-8,-10,-14,-77
SIRI,Sirius XM,22.82,21,1,-74,-29,-81,33,25,-40,-15,3,-78
KMX,CarMax,68.47,42,-70,-10,-34,-72,9,-11,-14,9,-7,-79
IAC,IAC Inc.,37.07,14,1,-31,-29,-45,33,-7,-26,-36,-36,-81
OLN,Olin Corporation,21.94,30,0,-51,-7,-28,33,-12,-53,-21,-53,-81
MGM,MGM Resorts International,33.42,21,1,-47,0,-25,14,-9,-54,-7,-56,-81
HR,Healthcare Realty Trust,14.75,18,-46,-5,-37,-70,19,-18,-20,7,-12,-82
IPG,Interpublic Group of Companies (The),23.77,6,-10,-34,0,-38,14,-12,-31,-15,-44,-82
CLF,Cleveland-Cliffs,8.04,49,0,-54,-14,-19,14,-18,-54,-6,-64,-83
GNTX,Gentex,22.27,7,0,-33,-6,-32,14,-10,-50,-6,-52,-84
CNC,Centene,55.5,0,-14,-35,-9,-58,14,-12,-4,-26,-28,-86
DXC,DXC Technology,15.96,35,0,-16,-71,-52,32,-11,-23,-32,-34,-86
MRNA,Moderna,27.68,21,0,-46,-2,-27,14,9,-46,-37,-60,-87
CZR,Caesars Entertainment,28.27,7,0,-17,-23,-33,14,-8,-26,-35,-55,-88
BRBR,BellRing Brands,61.33,-28,-25,-4,0,-57,-29,-17,-10,25,-31,-88
TECH,Bio-Techne,51.39,56,-85,-18,-22,-69,13,-12,-18,-4,-21,-90
KSS,Kohl's,9.4,16,1,-53,-29,-65,37,22,-54,-30,-25,-90
LEA,Lear Corporation,95.29,14,21,-59,-15,-39,14,1,-55,-13,-53,-92
CAVA,Cava Group,78.36,-26,-10,-5,0,-41,-24,-9,-19,0,-52,-93
ENOV,Enovis,33.56,17,-14,-56,-15,-68,33,-10,-16,-35,-28,-96
CPRI,Capri Holdings,17.59,0,0,-63,-9,-72,10,22,-27,-30,-25,-97
EL,Estée Lauder Companies (The),70.46,77,11,-111,-24,-47,12,24,-56,-33,-53,-100
LBTYA,Liberty Global (Series A),9.98,6,-47,-31,-29,-101,35,1,-29,-8,-1,-102
AVTR,Avantor,13.69,21,-85,-20,0,-84,8,7,-31,-3,-19,-103
KHC,Kraft Heinz,26.58,-1,-34,-33,-2,-70,4,-24,-5,-8,-33,-103
COLD,Americold,17.74,21,-49,-32,-9,-69,33,-23,-32,-13,-35,-104
KVUE,Kenvue,21.52,-49,-5,34,0,-20,-89,-6,10,1,-84,-104
BIO,Bio-Rad Laboratories,229.01,12,-14,-18,-26,-46,12,-14,-23,-35,-60,-106
OMC,Omnicom Group,73.23,7,-125,-18,0,-136,14,-12,-23,48,27,-109
FCN,FTI Consulting,159.7,-14,-7,-28,0,-49,-14,-6,-38,-3,-61,-110
APA,APA Corporation,19.3,49,3,-76,-10,-34,14,7,-80,-17,-76,-110
FBIN,Fortune Brands Innovations,52.86,21,-133,-17,-3,-132,36,-10,-23,18,21,-111
TAP,Molson Coors,52.22,-84,-32,-4,12,-108,3,-6,-5,3,-5,-113
SAIA,Saia,263.33,1,-78,-17,2,-92,5,-4,-19,-3,-21,-113
QDEL,QuidelOrtho,30.92,0,0,-14,-36,-50,6,-10,-14,-45,-63,-113
UPS,United Parcel Service,102.46,21,0,-97,-14,-90,13,21,-25,-32,-23,-113
TRIP,Tripadvisor,14.27,-3,2,-52,-50,-103,14,26,-9,-42,-11,-114
PEP,PepsiCo,131.83,2,-46,-33,-1,-78,4,1,-30,-11,-36,-114
TTC,Toro Company (The),71.76,-28,0,-26,-5,-59,2,-3,-39,-18,-58,-117
ALGN,Align Technology,188.16,22,6,-58,-23,-53,33,-12,-53,-36,-68,-121
QS,QuantumScape,4.34,20,0,-75,0,-55,14,-8,-39,-34,-67,-122
LBTYK,Liberty Global (Series C),10.22,7,-47,-31,-28,-99,32,2,-28,-34,-28,-127
BMRN,BioMarin Pharmaceutical,57.48,6,-46,-41,-18,-99,14,-17,-6,-20,-29,-128
WLK,Westlake Corporation,79.84,21,-78,-31,-2,-90,33,-27,-43,-4,-41,-131
TXG,10x Genomics,10.66,21,2,-67,0,-44,14,3,-66,-40,-89,-133
PRGO,Perrigo,27.62,5,1,0,-111,-105,8,23,-6,-53,-28,-133
RVTY,Revvity,96.26,21,-64,-11,-22,-76,13,-56,-16,1,-58,-134
FTRE,Fortrea,5.41,41,-119,-27,0,-105,33,-12,-56,0,-35,-140
BBWI,"Bath & Body Works, Inc.",26.66,-95,-8,-16,-13,-132,12,-9,-7,-4,-8,-140
NKE,"Nike, Inc.",63.9,39,0,-68,-19,-48,-13,22,-69,-34,-94,-142
ALB,Albemarle Corporation,64.2,35,0,-119,-21,-105,14,-10,-18,-23,-37,-142
MAN,ManpowerGroup,42.72,7,-47,-37,-26,-103,19,12,-37,-34,-40,-143
ANGI,Angi Inc.,16.58,0,6,-31,-49,-74,-15,16,-29,-42,-70,-144
LEG,Leggett & Platt,9.62,35,6,-123,-28,-110,33,-5,-26,-36,-34,-144
RHI,Robert Half,44.76,0,-95,-20,-7,-122,8,17,-18,-30,-23,-145
XRAY,Dentsply Sirona,16.42,14,11,-72,-40,-87,14,25,-59,-38,-58,-145
UWMC,United Wholesale Mortgage,4.31,15,-55,-20,0,-60,12,-63,-33,-2,-86,-146
SEB,Seaboard Corporation,2734.0,0,0,-90,-21,-111,-12,7,-5,-27,-37,-148
ZBH,Zimmer Biomet,94.91,16,-44,-56,-15,-99,33,-14,-55,-16,-52,-151
HUN,Huntsman Corporation,12.1,16,-57,-36,-13,-90,14,-13,-31,-31,-61,-151
TMO,Thermo Fisher Scientific,412.9,20,-72,-13,-3,-68,12,-82,-12,-1,-83,-151
REYN,Reynolds Consumer Products,21.92,-3,-87,-19,0,-109,6,-17,-31,-1,-43,-152
DJT,Trump Media & Technology Group,20.9,-77,-8,-47,0,-132,9,-10,-15,-7,-23,-155
SPB,Spectrum Brands,55.03,-5,-121,-19,-2,-147,-3,-11,-18,22,-10,-157
PVH,PVH Corp.,65.11,-49,-4,-23,-1,-77,-54,-4,-19,-5,-82,-159
NFE,New Fortress Energy,3.12,35,-77,-62,-1,-105,-9,-12,-13,-23,-57,-162
CRI,Carter's,32.59,14,-90,-53,-15,-144,33,-14,-30,-7,-18,-162
HUM,Humana,231.83,0,-28,-80,-10,-118,14,-31,-11,-18,-46,-164
CC,Chemours,11.65,27,-95,-56,-11,-135,33,-17,-18,-28,-30,-165
GO,Grocery Outlet,13.64,-14,0,-91,0,-105,-21,-18,1,-26,-64,-169
CPB,Campbell Soup Company,34.08,-2,-46,-23,-4,-75,-7,-56,-30,-3,-96,-171
FLO,Flowers Foods,16.79,1,-46,-28,-6,-79,14,-38,-48,-21,-93,-172
CAG,Conagra Brands,22.43,-31,-39,-23,-5,-98,4,-53,-5,-21,-75,-173
SRPT,Sarepta Therapeutics,39.09,21,-103,-20,-5,-107,-5,-25,-41,-4,-75,-182
ARE,Alexandria Real Estate Equities,73.33,21,-54,-28,-28,-89,34,-56,-39,-33,-94,-183
ACHC,Acadia Healthcare,22.61,6,-73,-39,-9,-115,-14,-10,-33,-14,-71,-186
WU,Western Union,9.28,-3,-46,-14,-44,-107,-13,-15,-49,-3,-80,-187
TFX,Teleflex,125.43,21,-90,-33,-37,-139,33,-45,-29,-8,-49,-188
WEN,Wendy's Company (The),11.39,-2,-48,-28,-6,-84,-16,-54,-23,-13,-106,-190
PCG,PG&E Corporation,14.81,-91,-5,-21,2,-115,-94,-7,-20,38,-83,-198
VSTS,Vestis,6.18,-1,-90,-12,0,-103,12,-90,-18,0,-96,-199
STZ,Constellation Brands,171.53,-95,-4,-36,-1,-136,2,-8,-52,-6,-64,-200
CLX,Clorox,126.93,-31,-109,-8,-3,-151,2,-67,-18,11,-72,-223
ENPH,Enphase Energy,45.06,14,-105,-37,-18,-146,6,-46,-44,-22,-106,-252
BF-B,Brown–Forman (Class B),27.77,-94,-8,-94,-16,-212,3,-7,-26,-26,-56,-268
SAM,Boston Beer Company,219.76,-96,-10,-26,-35,-167,-20,-20,-22,-42,-104,-271
BF-A,Brown–Forman (Class A),28.04,-94,-8,-93,-16,-211,2,-8,-33,-22,-61,-272
APLS,Apellis Pharmaceuticals,19.58,49,-85,-61,-14,-111,19,-109,-59,-16,-165,-276
WOLF,Wolfspeed,1.52,0,-15,-125,-28,-168,1,-14,-91,-35,-139,-307
