Symbol,Name,Close,1H Cloud Score,1D Cloud Score,1W Cloud Score,1M Cloud Score,Cloud Score Sum,1H TKx Score,1D TKx Score,1W TKx Score,1M TKx Score,TKx Score Sum,Total Score Sum
TJX,TJX Companies,143.07,0,57,158,200,415,9,-7,127,195,324,739
COOP,Mr. Cooper Group,210.79,-7,100,126,60,279,11,99,124,58,292,571
AAPL,Apple Inc.,258.43,24,81,8,253,366,24,49,12,73,158,524
ORI,Old Republic International,41.99,0,51,157,60,268,10,49,127,57,243,511
COR,Cencora,330.84,72,37,54,77,240,80,46,65,70,261,501
ORLY,O'Reilly Auto Parts,101.19,-29,0,173,201,345,8,-8,64,91,155,500
BSX,Boston Scientific,103.86,42,0,154,146,342,40,3,20,59,122,464
CASY,Casey's,545.37,-13,33,123,89,232,-31,29,127,80,205,437
WRB,W. R. Berkley Corporation,75.03,-40,40,104,178,282,5,53,34,57,149,431
RL,Ralph Lauren Corporation,332.23,34,116,104,36,290,42,45,20,28,135,425
RTX,RTX Corporation,178.01,14,113,87,56,270,21,22,94,16,153,423
MCD,McDonald's,310.14,50,1,2,244,297,58,1,8,59,126,423
PLTR,Palantir Technologies,175.5,-7,127,126,0,246,-6,25,129,22,170,416
ROL,"Rollins, Inc.",56.7,7,-6,41,288,330,16,-5,33,37,81,411
GD,General Dynamics,338.25,14,136,18,56,224,16,91,20,59,186,410
EXC,Exelon,48.1,158,17,65,16,256,117,16,4,12,149,405
APH,Amphenol,128.93,7,127,29,67,230,-8,129,20,29,170,400
L,Loews Corporation,100.0,0,114,122,57,293,10,49,20,26,105,398
HWM,Howmet Aerospace,191.13,0,31,158,31,220,15,2,102,59,178,398
FIX,Comfort Systems USA,790.1,-7,117,27,66,203,-12,129,20,57,194,397
DTE,DTE Energy,142.69,24,22,84,191,321,3,19,37,15,74,395
GOOG,Alphabet (Class C),252.52,47,103,17,178,345,4,5,14,23,46,391
IBM,IBM,288.33,6,25,119,56,206,21,33,66,58,178,384
WELL,Welltower,175.96,30,8,126,60,224,-4,-7,143,26,158,382
SO,Southern Company,97.5,-13,14,86,192,279,-26,15,33,81,103,382
YUM,Yum! Brands,147.36,21,3,1,261,286,40,-9,4,59,94,380
GOOGL,Alphabet (Class A),251.67,47,103,18,178,346,4,-9,15,23,33,379
DUK,Duke Energy,129.04,8,14,86,185,293,17,16,32,18,83,376
NRG,NRG Energy,160.39,-14,29,113,96,224,-22,28,123,23,152,376
CDNS,Cadence Design Systems,330.61,0,-9,27,143,161,21,-12,20,182,211,372
ACM,AECOM,130.18,-4,120,26,67,209,17,49,20,73,159,368
J,Jacobs Solutions,157.69,47,112,16,108,283,18,23,17,21,79,362
MPWR,Monolithic Power Systems,1002.89,0,114,13,159,286,-6,58,20,2,74,360
LOPE,Grand Canyon Education,218.17,18,54,157,37,266,15,-3,44,36,92,358
RBC,RBC Bearings,394.18,21,1,103,166,291,20,-37,24,59,66,357
EHC,Encompass Health,126.28,28,48,153,31,260,40,-9,34,31,96,356
ATO,Atmos Energy,177.15,0,54,84,47,185,11,16,95,47,169,354
MSI,Motorola Solutions,446.84,0,-6,11,155,160,15,-20,11,187,193,353
COST,Costco,944.5,6,-25,0,182,163,9,3,-12,186,186,349
MDU,MDU Resources,19.4,168,22,5,60,255,18,24,20,32,94,349
ETR,Entergy,96.0,-14,24,86,139,235,-25,23,99,16,113,348
ANET,Arista Networks,146.64,0,99,17,60,176,1,95,16,58,170,346
KLAC,KLA Corporation,1113.45,36,33,24,179,272,-1,27,20,28,74,346
AWI,Armstrong World Industries,201.22,25,121,104,23,273,17,11,20,21,69,342
CRS,Carpenter Technology Corporation,244.81,0,-1,156,37,192,17,-1,81,51,148,340
TIGO,Millicom,47.53,3,194,87,4,288,-12,11,34,18,51,339
MA,Mastercard,571.25,14,-9,136,157,298,19,-27,20,28,40,338
MCK,McKesson Corporation,795.58,68,25,52,60,205,19,42,2,69,132,337
LLY,Lilly (Eli),812.39,0,19,0,174,193,5,36,2,98,141,334
PPL,PPL Corporation,37.76,4,72,86,25,187,15,18,98,16,147,334
V,Visa Inc.,345.35,10,3,147,135,295,15,-2,-3,28,38,333
CNP,Centerpoint Energy,40.1,48,68,59,47,222,14,26,53,17,110,332
GRMN,Garmin,247.54,-4,87,122,21,226,19,48,16,23,106,332
CTAS,Cintas,193.53,14,-48,-3,169,132,21,-10,-3,189,197,329
MNST,Monster Beverage,69.73,7,53,36,182,278,-12,27,29,6,50,328
DCI,Donaldson Company,82.66,36,66,12,67,181,21,73,20,32,146,327
STE,Steris,242.38,24,0,24,197,245,40,-20,32,27,79,324
NI,NiSource,44.13,21,21,84,47,173,15,21,99,16,151,324
WM,"Waste Management, Inc.",216.49,7,-43,0,189,153,18,-6,-4,161,169,322
AAON,AAON,97.69,-9,25,0,247,263,13,43,2,-1,57,320
SRE,Sempra,92.07,0,69,10,183,262,15,24,18,1,58,320
WMT,Walmart,107.14,7,38,137,103,285,-23,6,20,31,34,319
BK,BNY Mellon,107.04,2,116,104,42,264,16,-4,20,21,53,317
EVRG,Evergy,78.73,7,95,68,16,186,8,23,87,12,130,316
TPR,"Tapestry, Inc.",115.33,0,114,90,23,227,16,31,18,21,86,313
MEDP,Medpace,547.79,34,88,14,34,170,26,98,14,4,142,312
LYV,Live Nation Entertainment,156.19,28,-11,104,149,270,21,-19,19,18,39,309
HCA,HCA Healthcare,441.19,25,53,13,99,190,40,21,26,31,118,308
SCI,Service Corporation International,82.2,14,30,7,177,228,21,24,18,15,78,306
JPM,JPMorgan Chase,294.1,-16,-1,133,160,276,-11,-7,20,28,30,306
KO,Coca-Cola Company (The),70.78,53,2,4,184,243,47,8,-8,16,63,306
GLW,Corning Inc.,84.14,-6,113,29,19,155,-6,120,18,16,148,303
EBAY,eBay,95.39,35,3,87,16,141,46,6,92,18,162,303
DDS,Dillard's,605.28,-5,96,24,56,171,6,50,17,57,130,301
AM,Antero Midstream,18.03,-15,0,158,25,168,-6,-7,88,57,132,300
EME,Emcor,662.93,-6,114,27,60,195,-6,33,18,59,104,299
URI,United Rentals,991.88,0,114,17,66,197,13,11,18,59,101,298
HEI,HEICO (Common),311.93,0,-10,35,191,216,15,-18,26,59,82,298
THC,Tenet Healthcare,205.11,27,51,24,59,161,42,48,18,26,134,295
MS,Morgan Stanley,158.13,-8,114,86,66,258,-7,6,20,18,37,295
CW,Curtiss-Wright,536.21,-8,122,29,56,199,-5,30,20,51,96,295
MMC,Marsh McLennan,189.28,-35,-5,-13,177,124,-2,12,-21,180,169,293
WMB,Williams Companies,62.16,-15,25,122,54,186,-6,30,20,59,103,289
WDC,Western Digital,120.42,-6,114,22,20,150,-12,125,20,5,138,288
HD,Home Depot (The),388.89,30,0,11,182,223,48,-17,12,21,64,287
MLI,Mueller Industries,104.17,21,86,17,60,184,17,-5,18,73,103,287
CAT,Caterpillar Inc.,514.1,-6,113,18,66,191,-21,38,18,59,94,285
AVGO,Broadcom,340.53,-9,117,29,118,255,-14,-10,20,32,28,283
GWRE,Guidewire Software,250.25,68,5,120,23,216,21,3,20,22,66,282
AYI,Acuity Brands,357.66,-4,90,14,29,129,-4,119,16,22,153,282
FYBR,Frontier Communications,37.52,27,52,99,0,178,-10,-6,104,16,104,282
INSM,Insmed,160.4,-6,94,74,18,180,-6,64,20,22,100,280
WEC,WEC Energy Group,117.4,7,70,65,15,157,4,27,78,13,122,279
GE,GE Aerospace,297.88,-6,125,29,29,177,-5,36,40,31,102,279
NEM,Newmont,87.01,-14,138,29,7,160,-22,100,29,12,119,279
AZO,AutoZone,3998.44,-31,-3,104,88,158,7,-11,64,59,119,277
JNJ,Johnson & Johnson,192.96,138,80,18,9,245,-6,15,15,8,32,277
CRH,CRH plc,116.98,-5,68,17,66,146,9,77,14,29,129,275
PANW,Palo Alto Networks,212.42,14,34,9,83,140,21,35,20,59,135,275
HUBB,Hubbell Incorporated,422.66,-2,-1,11,184,192,13,-20,16,73,82,274
HEI-A,HEICO (Class A),243.45,0,-10,36,184,210,15,-11,27,32,63,273
CACI,CACI,520.43,21,19,12,156,208,18,26,24,-3,65,273
AME,Ametek,184.94,27,0,14,108,149,18,-18,20,103,123,272
MSFT,Microsoft,520.48,7,0,26,175,208,19,-3,20,27,63,271
SYK,Stryker Corporation,388.38,29,1,3,161,194,42,4,-1,31,76,270
CHD,Church & Dwight,88.11,0,-62,-26,346,258,33,-25,-24,27,11,269
TRV,Travelers Companies (The),268.49,0,0,101,60,161,17,-2,34,58,107,268
LOW,Lowe's,243.61,34,0,2,168,204,48,-17,11,21,63,267
OGE,OGE Energy,46.44,0,19,78,47,144,9,20,78,16,123,267
ITW,Illinois Tool Works,252.98,17,-11,12,180,198,40,-21,17,31,67,265
COKE,Coca-Cola Consolidated,129.28,116,17,2,68,203,-4,10,1,54,61,264
ELAN,Elanco,21.63,28,117,12,0,157,46,49,19,-8,106,263
CME,CME Group,267.87,5,-1,64,138,206,19,18,-2,21,56,262
TT,Trane Technologies,408.56,-7,-1,26,166,184,10,17,20,31,78,262
CAH,Cardinal Health,159.51,23,19,65,40,147,19,33,2,59,113,260
SGI,Somnigroup International,83.82,-23,114,51,66,208,-3,7,20,28,52,260
GILD,Gilead Sciences,121.47,86,12,61,37,196,-1,6,18,41,64,260
AMGN,Amgen,295.91,0,16,2,167,185,18,10,8,38,74,259
VTR,"Ventas, Inc.",70.41,35,70,82,24,211,-4,17,14,17,44,255
LIN,Linde plc,449.75,0,-10,23,112,125,17,-16,20,108,129,254
NVT,nVent Electric,96.9,-7,114,18,14,139,-23,127,18,-7,115,254
BR,Broadridge Financial Solutions,233.02,7,-28,124,147,250,14,-36,-2,27,3,253
ROIV,Roivant Sciences,17.97,55,51,11,0,117,47,67,20,2,136,253
ETN,Eaton Corporation,360.43,-14,0,18,116,120,8,31,18,74,131,251
AXP,American Express,351.95,28,43,27,101,199,21,-11,18,23,51,250
TDG,TransDigm Group,1314.45,17,0,7,159,183,18,-7,-3,59,67,250
AXON,Axon Enterprise,701.24,2,-30,155,96,223,16,-21,-1,32,26,249
UNP,Union Pacific Corporation,225.24,-1,4,-1,200,202,-2,22,5,21,46,248
PWR,Quanta Services,412.21,-7,21,27,101,142,-14,25,20,74,105,247
SPOT,Spotify,675.84,0,-1,122,14,135,-4,-11,105,22,112,247
XYL,Xylem Inc.,146.02,0,114,18,24,156,21,23,20,24,88,244
AU,AngloGold Ashanti,66.65,-14,58,86,20,150,-23,67,34,16,94,244
LRCX,Lam Research,141.37,0,36,19,154,209,-6,28,20,-7,35,244
FERG,Ferguson Enterprises,240.29,56,15,21,67,159,17,19,20,27,83,242
IDA,Idacorp,136.41,6,83,66,20,175,-4,22,36,12,66,241
PTC,PTC Inc.,203.06,29,0,16,184,229,-3,-30,17,28,12,241
PNR,Pentair,109.38,-2,114,19,64,195,5,-5,18,26,44,239
DGX,Quest Diagnostics,181.16,-7,53,78,20,144,-5,4,78,16,93,237
MDT,Medtronic,95.89,0,81,21,3,105,9,95,13,15,132,237
BWXT,BWX Technologies,191.24,-7,112,23,37,165,-6,24,20,33,71,236
ROST,Ross Stores,156.04,56,57,10,37,160,20,16,9,31,76,236
HII,Huntington Ingalls Industries,283.55,-7,153,18,8,172,15,33,26,-11,63,235
ABBV,AbbVie,228.71,0,66,27,60,153,4,-1,13,66,82,235
STAG,STAG Industrial,38.6,55,8,4,98,165,48,8,20,-6,70,235
LMT,Lockheed Martin,487.06,-14,40,0,167,193,-5,42,5,-4,38,231
SNX,TD Synnex,151.13,-11,114,25,65,193,-3,-1,18,23,37,230
RJF,Raymond James Financial,166.05,21,0,102,60,183,18,-9,17,21,47,230
FLEX,Flex Ltd.,61.32,0,43,28,60,131,-16,36,20,59,99,230
CBRE,CBRE Group,163.79,42,1,102,24,169,48,-21,18,16,61,230
PCAR,Paccar,99.78,21,2,1,161,185,18,-17,7,36,44,229
ADI,Analog Devices,240.27,2,0,21,181,204,-4,-19,20,28,25,229
TER,Teradyne,138.86,0,85,5,4,94,13,115,13,-7,134,228
INTU,Intuit,670.78,20,-45,27,193,195,21,-9,-2,22,32,227
XEL,Xcel Energy,80.68,-14,70,61,14,131,-25,39,69,11,94,225
LDOS,Leidos,188.41,0,126,12,25,163,18,-1,23,21,61,224
HOOD,Robinhood Markets,127.24,-49,116,91,0,158,-7,33,20,20,66,224
SSD,Simpson Manufacturing Company,174.34,34,-1,2,158,193,39,-25,16,-3,27,220
ALLE,Allegion,175.53,0,126,19,23,168,12,-5,20,24,51,219
ORCL,Oracle Corporation,272.7,-21,-3,21,200,197,-22,-6,20,29,21,218
CMI,Cummins,407.95,-7,86,15,67,161,13,-4,16,32,57,218
RBA,RB Global,100.06,-36,-20,114,29,87,7,-15,117,21,130,217
TTWO,Take-Two Interactive,255.54,-6,37,55,15,101,-6,44,55,22,115,216
CBOE,Cboe Global Markets,237.69,-35,-3,154,57,173,-40,-3,32,53,42,215
LHX,L3Harris,288.91,-1,136,22,7,164,14,-1,22,16,51,215
SPG,Simon Property Group,180.02,13,83,11,37,144,36,-7,18,23,70,214
TXRH,Texas Roadhouse,178.83,56,4,2,66,128,48,10,-6,33,85,213
CSCO,Cisco,70.65,29,6,58,16,109,40,17,20,27,104,213
SNA,Snap-on,343.0,0,35,8,61,104,7,29,13,59,108,212
SNDK,SanDisk,146.85,56,47,0,0,103,48,49,12,0,109,212
KMI,Kinder Morgan,27.58,0,2,102,46,150,-5,-5,18,54,62,212
CIEN,Ciena,164.4,0,114,19,14,147,-7,36,18,18,65,212
AGNC,AGNC Investment,10.19,8,99,21,18,146,19,10,18,19,66,212
EXPE,Expedia Group,226.45,10,87,59,13,169,15,-4,16,16,43,212
IBKR,Interactive Brokers,64.76,-43,25,99,59,140,-31,24,18,59,70,210
CINF,Cincinnati Financial,155.49,0,4,95,64,163,13,-3,20,17,47,210
AMAT,Applied Materials,220.57,0,25,5,151,181,-7,25,18,-7,29,210
AJG,Arthur J. Gallagher & Co.,283.09,-70,-6,-2,188,110,7,-5,-12,109,99,209
SOFI,SoFi,27.18,-7,106,56,0,155,17,4,18,13,52,207
BKNG,Booking Holdings,5224.82,9,-18,146,37,174,16,-31,20,28,33,207
H,Hyatt Hotels,152.12,21,19,7,57,104,19,11,16,57,103,207
UI,Ubiquiti,691.44,-7,43,62,12,110,-14,78,20,12,96,206
EXAS,Exact Sciences,62.9,121,34,3,-27,131,47,42,3,-18,74,205
CLH,Clean Harbors,236.51,28,0,11,60,99,22,5,20,59,106,205
LPLA,LPL Financial,339.17,42,-39,2,101,106,40,2,-3,59,98,204
RSG,Republic Services,223.25,7,-60,0,179,126,11,-85,-11,162,77,203
VMI,Valmont Industries,401.51,-1,19,72,60,150,5,19,17,12,53,203
JCI,Johnson Controls,108.55,0,7,85,21,113,13,36,20,20,89,202
D,Dominion Energy,60.91,-1,112,24,3,138,8,22,20,12,62,200
EXPD,Expeditors International,118.6,26,0,2,133,161,44,-17,16,-5,38,199
RCL,Royal Caribbean Group,318.04,11,-11,131,30,161,13,-24,20,29,38,199
IVZ,Invesco,22.78,-40,90,17,4,71,8,86,17,15,126,197
CVS,CVS Health,82.02,63,49,20,1,133,-1,53,10,2,64,197
NVDA,Nvidia,180.29,-49,25,24,136,136,-10,23,20,28,61,197
NDAQ,"Nasdaq, Inc.",87.42,-7,-22,86,146,203,-4,-38,20,16,-6,197
FAST,Fastenal,42.6,0,-8,59,108,159,18,-29,23,25,37,196
AEE,Ameren,105.38,6,22,66,15,109,-12,16,71,12,87,196
STLD,Steel Dynamics,148.56,21,28,10,57,116,16,42,20,1,79,195
PLD,Prologis,125.97,42,43,9,1,95,45,42,20,-7,100,195
COF,Capital One,220.38,24,0,104,23,151,20,-17,20,20,43,194
PG,Procter & Gamble,152.2,28,-23,-16,181,170,35,-17,-24,28,22,192
UHS,Universal Health Services,210.45,24,46,2,24,96,40,50,4,1,95,191
USFD,US Foods,75.75,-2,-38,153,37,150,11,-19,20,28,40,190
BLD,TopBuild,443.92,81,11,12,48,152,15,6,16,1,38,190
THG,Hanover Insurance,175.26,0,0,71,26,97,16,-2,63,16,93,190
BLK,BlackRock,1129.44,-17,113,27,24,147,-24,24,20,23,43,190
AMG,Affiliated Managers Group,236.84,-1,120,21,24,164,-3,-11,20,19,25,189
DRS,Leonardo DRS,39.9,-58,-6,149,60,145,14,-1,-1,31,43,188
AN,AutoNation,216.42,-1,0,27,63,89,16,3,20,59,98,187
UTHR,United Therapeutics,421.54,-40,50,8,59,77,-9,50,8,61,110,187
WPC,W. P. Carey,67.65,-1,111,39,4,153,-5,-5,36,7,33,186
ALNY,Alnylam Pharmaceuticals,464.56,-6,113,27,17,151,-8,6,20,17,35,186
SHW,Sherwin-Williams,333.88,13,-24,-3,192,178,14,-27,-1,21,7,185
ALL,Allstate,194.83,-70,-6,107,161,192,-42,-5,21,19,-7,185
ATI,ATI Inc.,82.16,-7,0,26,45,64,14,33,20,54,121,185
ITT,ITT Inc.,172.23,0,0,26,101,127,19,-9,20,28,58,185
VRTX,Vertex Pharmaceuticals,426.43,28,2,-12,106,124,26,12,-16,39,61,185
MLM,Martin Marietta Materials,622.08,-32,69,16,62,115,9,11,20,29,69,184
NTRA,Natera,188.02,77,45,11,20,153,-6,6,10,21,31,184
BYD,Boyd Gaming,83.0,6,-1,58,61,124,16,-6,20,29,59,183
AIZ,Assurant,210.18,-41,0,11,154,124,9,17,12,21,59,183
LH,Labcorp,282.84,0,64,65,17,146,-5,3,18,20,36,182
NOC,Northrop Grumman,596.3,-40,81,20,60,121,5,15,27,14,61,182
POST,Post Holdings,108.89,14,1,-8,89,96,17,9,1,59,86,182
FTAI,FTAI Aviation,172.0,2,60,13,49,124,17,-8,16,33,58,182
PEG,Public Service Enterprise Group,83.78,0,0,5,154,159,-12,18,-2,19,23,182
BX,Blackstone Inc.,161.82,3,-5,2,144,144,12,-13,15,23,37,181
NFG,National Fuel Gas,82.3,-14,-2,70,54,108,-14,-7,81,12,72,180
AEP,American Electric Power,117.27,-11,17,83,25,114,1,15,33,16,65,179
PSA,Public Storage,310.91,125,19,2,3,149,-2,14,20,-2,30,179
ADC,Agree Realty,75.14,63,8,3,18,92,68,3,1,15,87,179
MSA,MSA Safety,165.28,-6,-10,4,166,154,14,-4,20,-7,23,177
FR,First Industrial Realty Trust,55.65,47,46,4,16,113,47,-17,18,16,64,177
RPRX,Royalty Pharma,36.84,38,7,42,0,87,41,10,36,2,89,176
PSTG,Pure Storage,88.89,-7,44,9,44,90,-26,36,16,59,85,175
HIG,Hartford (The),124.88,-70,-5,104,59,88,5,-9,31,58,85,173
CSL,Carlisle Companies,331.75,21,-29,-7,180,165,15,-25,-4,22,8,173
WCC,Wesco International,213.74,-5,0,17,60,72,13,11,18,59,101,173
VMC,Vulcan Materials,293.77,-35,0,16,62,43,6,74,20,29,129,172
FE,FirstEnergy,47.29,0,67,16,57,140,-26,21,20,16,31,171
A,Agilent Technologies,145.9,36,40,4,1,81,40,46,11,-7,90,171
PGR,Progressive Corporation,222.66,-67,-94,-3,179,15,-15,-8,-13,191,155,170
HR,Healthcare Realty Trust,18.57,49,82,12,2,145,-3,5,12,11,25,170
IRM,Iron Mountain,103.94,-8,28,6,59,85,-21,27,20,58,84,169
CMA,Comerica,76.6,0,88,17,6,111,13,14,17,14,58,169
PH,Parker Hannifin,741.87,14,0,27,67,108,19,-10,20,32,61,169
LNT,Alliant Energy,68.55,4,22,78,16,120,-4,16,20,15,47,167
ARMK,Aramark,39.6,0,0,25,42,67,11,11,20,58,100,167
MMM,3M,167.25,19,2,84,16,121,19,-10,20,16,45,166
CRUS,Cirrus Logic,128.98,32,51,8,21,112,43,-4,20,-5,54,166
KIM,Kimco Realty,22.42,42,2,4,57,105,46,-20,18,16,60,165
BBY,Best Buy,81.39,54,8,2,1,65,48,48,8,-4,100,165
FTNT,Fortinet,84.66,2,0,-3,115,114,19,29,-12,15,51,165
WFC,Wells Fargo,83.89,0,7,102,31,140,-4,-13,20,21,24,164
SNPS,Synopsys,454.19,0,-31,0,182,151,28,-4,-4,-7,13,164
AIT,Applied Industrial Technologies,253.58,14,-6,17,60,85,16,-13,16,59,78,163
ADP,Automatic Data Processing,284.52,0,-37,0,182,145,13,-50,-4,59,18,163
EA,Electronic Arts,200.74,4,60,14,9,87,5,22,26,23,76,163
IONS,Ionis Pharmaceuticals,71.46,-1,117,11,2,129,-16,42,20,-12,34,163
HLT,Hilton Worldwide,274.94,10,1,26,66,103,13,1,18,28,60,163
WAT,Waters Corporation,348.68,113,11,-15,1,110,26,10,1,16,53,163
CXT,Crane NXT,65.86,-6,22,5,57,78,-4,14,16,58,84,162
CRWD,CrowdStrike,500.11,16,25,55,0,96,19,26,-1,22,66,162
RPM,RPM International,111.75,-4,-16,-5,182,157,13,-24,17,-2,4,161
NFLX,Netflix,1116.69,-7,-1,126,22,140,-5,5,-1,22,21,161
APP,AppLovin,564.91,-21,59,115,0,153,-21,-8,16,20,7,160
RGLD,Royal Gold,183.58,-28,44,71,20,107,-24,52,6,18,52,159
LNG,Cheniere Energy,224.39,0,-10,70,60,120,9,-26,-2,58,39,159
TOL,Toll Brothers,136.19,23,0,2,63,88,46,-18,14,28,70,158
T,AT&T,25.55,-7,-16,80,18,75,-19,-19,104,17,83,158
ES,Eversource Energy,73.13,20,24,25,2,71,35,28,20,4,87,158
FSLR,First Solar,223.27,-14,79,5,64,134,-23,34,20,-8,23,157
MCO,Moody's Corporation,472.55,-2,-25,4,158,135,13,-37,18,27,21,156
REG,Regency Centers,72.59,42,4,4,55,105,16,-7,20,21,50,155
INCY,Incyte,88.04,0,100,13,1,114,5,11,16,9,41,155
R,Ryder,182.69,-2,0,21,58,77,5,-4,18,58,77,154
VICI,Vici Properties,31.27,0,-13,68,17,72,15,-25,33,59,82,154
ROP,Roper Technologies,508.94,0,-58,-12,184,114,14,8,-11,28,39,153
AMD,Advanced Micro Devices,230.24,0,13,8,112,133,-6,15,20,-9,20,153
PFGC,Performance Food Group,101.4,-16,0,63,45,92,-3,-15,20,59,61,153
SCCO,Southern Copper,126.97,-14,36,8,65,95,-14,49,20,2,57,152
XPO,"XPO, Inc.",131.17,0,7,4,63,74,21,10,17,29,77,151
EPR,EPR Properties,54.56,-2,-2,67,31,94,-1,-5,40,23,57,151
BRX,Brixmor Property Group,27.93,28,4,10,57,99,21,-18,20,28,51,150
WTM,White Mountains Insurance Group,1901.65,20,14,3,61,98,16,7,-30,58,51,149
EMR,Emerson Electric,130.11,14,-12,26,66,94,16,-9,20,28,55,149
ARES,Ares Management,150.11,9,-21,0,61,49,13,-21,-1,108,99,148
PRI,Primerica,265.35,0,-1,1,110,110,-2,-11,18,32,37,147
CMS,CMS Energy,75.15,7,13,86,25,131,-24,16,8,16,16,147
LITE,Lumentum,158.06,-6,112,24,5,135,-12,-6,18,12,12,147
SPGI,S&P Global,479.73,0,-25,0,174,149,13,-37,-1,23,-2,147
PODD,Insulet,329.35,28,0,55,6,89,22,3,24,8,57,146
XOM,ExxonMobil,114.74,7,4,7,46,64,20,-9,19,52,82,146
OMF,OneMain Financial,55.87,21,-14,27,62,96,19,-18,20,28,49,145
RRC,Range Resources,36.25,-6,3,5,44,46,17,32,-8,57,98,144
HRB,H&R Block,52.4,45,2,-11,54,90,5,11,-16,54,54,144
OLLI,Ollie's Bargain Outlet,120.62,-39,-7,125,18,97,-37,-15,73,25,46,143
ZS,Zscaler,307.91,5,19,27,7,58,17,27,20,20,84,142
MTG,MGIC Investment Corporation,27.36,7,0,29,57,93,14,-15,20,30,49,142
ECG,Everus Construction Group,82.01,-6,112,0,0,106,-5,24,17,0,36,142
SCHW,Charles Schwab Corporation,94.31,-6,-1,87,13,93,8,5,20,16,49,142
SSNC,SS&C Technologies,82.05,0,-10,100,16,106,15,-13,17,17,36,142
M,"Macy's, Inc.",18.57,42,80,8,0,130,14,-4,9,-8,11,141
SF,Stifel,116.68,21,1,18,61,101,19,-18,17,22,40,141
AMKR,Amkor Technology,30.78,0,99,2,4,105,-6,35,14,-7,36,141
MAS,Masco,68.98,21,-1,0,67,87,44,-24,11,23,54,141
CPRT,Copart,44.92,20,-27,-23,178,148,21,-26,-33,30,-8,140
CVNA,Carvana,326.88,-7,-9,102,13,99,9,-6,20,18,41,140
O,Realty Income,60.27,28,58,20,9,115,-1,-9,20,15,25,140
RKLB,Rocket Lab,60.56,-9,34,59,0,84,-10,36,20,10,56,140
AON,AON,343.11,-57,-10,0,179,112,-7,-31,7,58,27,139
FFIV,"F5, Inc.",297.94,-40,-5,104,16,75,-3,27,20,19,63,138
RVMD,Revolution Medicines,52.98,42,34,4,0,80,-3,40,20,1,58,138
KNSL,Kinsale Capital Group,452.29,0,0,0,35,35,10,11,-5,87,103,138
PAG,Penske Automotive Group,169.95,-2,-15,25,64,72,11,-25,20,59,65,137
SEIC,SEI Investments Company,81.44,-1,-34,102,37,104,14,-31,20,28,31,135
AFL,Aflac,107.86,-41,50,11,60,80,-3,-3,4,57,55,135
HLI,Houlihan Lokey,194.08,10,-2,27,46,81,16,-11,20,28,53,134
SHC,Sotera Health,16.74,42,53,11,0,106,21,3,12,-8,28,134
WWD,"Woodward, Inc.",247.35,-7,0,29,37,59,15,11,20,28,74,133
AL,Air Lease Corporation,63.6,3,44,27,24,98,-1,-12,20,28,35,133
MU,Micron Technology,198.49,0,40,8,24,72,-10,49,20,2,61,133
NOW,ServiceNow,936.1,21,0,1,84,106,16,-12,-1,24,27,133
DINO,HF Sinclair,52.9,2,116,10,3,131,1,-10,20,-10,1,132
MKL,Markel,1885.98,-40,-6,78,57,89,-2,-2,18,28,42,131
MAR,Marriott International,272.08,10,2,4,60,76,13,-4,17,29,55,131
WTRG,Essential Utilities,41.69,38,14,16,1,69,35,16,4,7,62,131
ECL,Ecolab,276.0,23,4,26,24,77,-1,14,20,21,54,131
VEEV,Veeva Systems,289.69,0,19,55,10,84,9,-2,20,20,47,131
WST,West Pharmaceutical Services,277.0,28,34,0,-9,53,41,35,11,-10,77,130
FTI,TechnipFMC,37.48,7,0,27,29,63,19,-11,20,39,67,130
JEF,Jefferies Financial Group,55.03,6,-11,-3,60,52,20,-13,11,59,77,129
TRMB,Trimble Inc.,79.11,17,-10,89,6,102,15,-20,18,14,27,129
JBL,Jabil,198.74,-9,-14,29,67,73,-12,-12,21,59,56,129
GM,General Motors,67.31,28,7,17,13,65,40,-9,17,15,63,128
LLYVK,Liberty Live (Series C),93.6,28,0,40,0,68,57,-19,20,2,60,128
FOXA,Fox Corporation (Class A),58.58,0,0,78,3,81,21,-8,18,16,47,128
LAMR,Lamar Advertising,121.26,14,0,11,66,91,15,-19,18,23,37,128
KKR,KKR & Co. Inc.,123.31,4,-20,0,105,89,12,-13,16,23,38,127
IP,International Paper,47.95,49,0,0,18,67,42,4,-4,18,60,127
GGG,Graco Inc.,81.6,-1,-24,2,180,157,-2,-26,-1,-2,-31,126
TSCO,Tractor Supply Company,54.87,-2,-20,17,87,82,-27,-31,14,87,43,125
GWW,W. W. Grainger,968.08,24,-21,-13,96,86,15,-24,-11,59,39,125
KRMN,Karman Holdings,77.24,2,51,0,0,53,16,42,12,0,70,123
GS,Goldman Sachs,744.51,-73,0,102,60,89,-2,-7,20,23,34,123
RS,"Reliance, Inc.",274.5,0,-58,-6,117,53,19,-23,-5,79,70,123
MSGS,Madison Square Garden Sports,225.62,8,32,7,23,70,14,-3,13,29,53,123
BRO,Brown & Brown,89.19,-39,-8,-9,165,109,8,-2,-20,28,14,123
WAB,Wabtec,193.48,-4,0,5,51,52,14,-1,-1,58,70,122
HON,Honeywell,206.52,17,-49,0,180,148,14,-61,-3,24,-26,122
NDSN,Nordson,234.15,24,44,4,3,75,21,15,20,-9,47,122
NLY,Annaly Capital Management,21.28,20,3,28,12,63,19,4,18,18,59,122
ED,Consolidated Edison,101.95,7,7,3,49,66,7,16,-14,47,56,122
WSM,"Williams-Sonoma, Inc.",188.59,0,0,18,67,85,12,-11,12,23,36,121
CVX,Chevron Corporation,155.59,28,0,17,50,95,22,-16,11,8,25,120
BAC,Bank of America,51.1,2,47,27,20,96,-3,-9,20,16,24,120
TSLA,"Tesla, Inc.",438.84,26,53,8,12,99,-2,-3,14,12,21,120
DOV,Dover Corporation,167.64,35,-39,-13,108,91,40,-30,-3,21,28,119
BKR,Baker Hughes,47.3,10,3,14,37,64,21,-9,14,28,54,118
LECO,Lincoln Electric,238.99,38,0,17,67,122,14,-28,18,-9,-5,117
KR,Kroger,68.61,0,-40,89,69,118,-21,5,-2,17,-1,117
UNM,Unum,76.2,0,3,8,42,53,16,-4,-4,56,64,117
DTM,DT Midstream,108.41,-69,32,113,0,76,-5,-1,20,27,41,117
DASH,DoorDash,252.21,-32,0,107,0,75,-26,28,20,20,42,117
WFRD,Weatherford International,67.15,20,85,0,0,105,16,-7,10,-7,12,117
FWONA,Liberty Formula 1 (Series A),90.46,-69,1,79,64,75,-33,-3,19,58,41,116
SYF,Synchrony Financial,73.02,29,0,27,23,79,16,-17,18,20,37,116
LEN,Lennar (Class A),127.14,28,0,0,66,94,40,-24,11,-5,22,116
GLPI,Gaming and Leisure Properties,45.14,1,-12,0,67,56,19,-20,1,59,59,115
TMUS,T-Mobile US,227.09,-7,-20,0,141,114,-6,-29,-1,37,1,115
PAYX,Paychex,126.56,-1,-60,-6,169,102,6,2,-11,16,13,115
JLL,Jones Lang LaSalle,313.25,47,6,14,16,83,18,-17,14,16,31,114
META,Meta Platforms,733.3,24,-17,27,31,65,21,-15,18,25,49,114
MTZ,MasTec,196.76,-7,31,29,20,73,7,-1,20,15,41,114
EQT,EQT Corporation,53.49,-6,0,51,44,89,-2,18,-3,12,25,114
ICE,Intercontinental Exchange,156.92,0,-38,0,163,125,12,-44,-2,23,-11,114
FDX,FedEx,239.43,28,8,0,34,70,42,-4,12,-6,44,114
LLYVA,Liberty Live (Series A),90.33,28,0,40,0,68,42,-18,20,2,46,114
AWK,American Water Works,143.71,49,5,36,1,91,-5,12,4,10,21,112
CUBE,CubeSmart,42.33,49,7,0,3,59,48,6,2,-4,52,111
MTD,Mettler Toledo,1382.85,35,16,4,0,55,40,9,14,-7,56,111
FOX,Fox Corporation (Class B),52.5,0,-9,77,3,71,20,-8,17,11,40,111
CB,Chubb Limited,276.46,0,0,0,60,60,9,-2,-14,58,51,111
NU,Nubank,15.15,3,45,11,0,59,19,-8,20,21,52,111
STWD,Starwood Property Trust,18.69,0,-14,28,60,74,14,-21,20,23,36,110
NYT,New York Times Company,57.03,29,0,12,18,59,37,-30,20,23,50,109
EVR,Evercore,317.12,0,0,17,60,77,-2,-12,18,28,32,109
NSC,Norfolk Southern,288.8,-1,28,21,6,54,-3,22,20,16,55,109
VRT,Vertiv,171.61,-1,25,19,10,53,-14,24,17,28,55,108
APO,Apollo Global Management,126.54,9,-21,-5,99,82,14,-13,-3,28,26,108
FHN,First Horizon Corporation,20.63,-42,-6,62,6,20,14,43,18,12,87,107
LEN-B,Lennar (Class B),118.54,18,-1,0,64,81,42,-24,11,-3,26,107
NVR,"NVR, Inc.",7697.01,6,-10,0,67,63,21,-21,13,31,44,107
SNOW,Snowflake Inc.,241.67,-7,39,25,0,57,13,13,20,3,49,106
NBIX,Neurocrine Biosciences,141.48,26,4,10,27,67,40,-12,17,-6,39,106
JAZZ,Jazz Pharmaceuticals,138.6,14,54,4,0,72,23,46,5,-41,33,105
QCOM,Qualcomm,169.28,24,8,0,24,56,46,-9,18,-7,48,104
OHI,Omega Healthcare Investors,40.64,26,0,16,42,84,-5,-23,15,33,20,104
ROK,Rockwell Automation,350.38,38,8,25,17,88,15,-6,20,-13,16,104
PKG,Packaging Corporation of America,208.85,1,0,1,63,65,9,-12,13,28,38,103
EGP,EastGroup Properties,180.69,42,19,4,10,75,-2,17,20,-7,28,103
DAL,Delta Air Lines,60.0,0,7,11,21,39,16,8,12,28,64,103
MRVL,Marvell Technology,81.08,-31,21,-1,108,97,-26,23,10,-1,6,103
MPC,Marathon Petroleum,188.56,2,40,9,51,102,-5,-5,20,-10,0,102
ADT,ADT Inc.,8.76,14,2,41,0,57,19,-19,35,10,45,102
TDY,Teledyne Technologies,544.22,-7,0,62,16,71,-5,-1,20,17,31,102
MTSI,MACOM Technology Solutions,135.93,1,7,9,60,77,-6,-18,18,31,25,102
PM,Philip Morris International,156.9,0,-28,80,57,109,2,-34,-4,29,-7,102
COHR,Coherent Corp.,115.33,0,25,8,17,50,-6,24,17,17,52,102
TRGP,Targa Resources,154.5,0,-10,-3,53,40,18,-10,-3,56,61,101
STT,State Street Corporation,113.49,1,3,27,18,49,18,-2,19,16,51,100
CI,Cigna,307.89,20,4,0,60,84,21,11,-13,-3,16,100
CELH,Celsius Holdings,61.6,-6,19,3,67,83,-11,11,28,-11,17,100
HPE,Hewlett Packard Enterprise,23.1,-36,0,11,44,19,10,-2,17,56,81,100
EQIX,Equinix,829.08,12,8,1,36,57,5,27,-18,28,42,99
FNF,Fidelity National Financial,56.46,8,0,0,60,68,16,-13,5,23,31,99
VLO,Valero Energy,161.85,2,43,10,46,101,-5,-9,19,-7,-2,99
WTFC,Wintrust Financial,126.02,0,-6,19,51,64,15,-20,18,21,34,98
CWEN-A,Clearway Energy (Class A),29.12,-14,1,68,8,63,-25,16,32,12,35,98
GTES,Gates Corporation,25.42,0,6,27,17,50,-3,11,20,20,48,98
PHM,PulteGroup,120.2,-14,-2,11,67,62,5,-17,16,31,35,97
FNB,FNB Corporation,15.31,0,-5,11,57,63,15,-21,19,21,34,97
INTC,Intel,36.94,0,50,5,0,55,-4,49,10,-14,41,96
VTRS,Viatris,10.41,30,5,2,0,37,42,8,12,-3,59,96
CWEN,Clearway Energy (Class C),30.99,-14,1,68,6,61,-25,16,32,12,35,96
INGM,Ingram Micro,21.41,-2,31,0,0,29,15,34,17,0,66,95
WBD,Warner Bros. Discovery,20.52,17,30,22,0,69,10,-4,18,2,26,95
DKS,Dick's Sporting Goods,228.27,0,8,7,65,80,-25,-5,10,35,15,95
QGEN,Qiagen,48.61,38,3,22,1,64,-5,9,20,7,31,95
HAS,Hasbro,75.13,30,-10,24,5,49,40,-28,20,13,45,94
AGO,Assured Guaranty,81.61,9,-1,-3,58,63,15,-5,-3,24,31,94
HHH,Howard Hughes Holdings,80.91,0,54,8,0,62,13,-7,9,16,31,93
SMCI,Supermicro,52.47,-7,16,0,60,69,-7,27,15,-11,24,93
WTW,Willis Towers Watson,333.78,0,1,18,26,45,10,-3,10,31,48,93
AXS,AXIS Capital,91.93,-36,-6,96,47,101,-33,-27,-3,55,-8,93
MKSI,MKS Instruments,134.46,0,35,7,1,43,-6,46,16,-7,49,92
CR,Crane Co.,184.62,37,-1,26,0,62,44,-41,20,7,30,92
DE,Deere & Company,462.35,30,-44,2,111,99,40,-57,-3,12,-8,91
PEGA,Pegasystems,65.6,14,2,29,7,52,13,-9,18,17,39,91
LYFT,Lyft,20.26,2,48,11,-3,58,16,-6,20,2,32,90
HOLX,Hologic,73.93,29,6,1,0,36,35,14,13,-9,53,89
BWA,BorgWarner,43.53,21,7,18,4,50,40,-4,20,-18,38,88
TMO,Thermo Fisher Scientific,565.65,22,17,4,1,44,35,9,5,-5,44,88
NWSA,News Corp (Class A),26.25,-4,-15,-3,60,38,15,-8,20,23,50,88
MO,Altria,64.43,-56,0,80,47,71,-51,14,36,18,17,88
EWBC,East West Bancorp,102.36,6,-6,19,24,43,15,-11,19,21,44,87
VNT,Vontier,42.26,35,0,15,0,50,40,-15,18,-7,36,86
TXT,Textron,82.57,0,3,4,55,62,14,-3,20,-7,24,86
APG,APi Group,33.64,-6,-1,28,0,21,18,-1,20,28,65,86
JBHT,J. B. Hunt,168.52,35,5,2,0,42,36,10,10,-12,44,86
FLS,Flowserve,51.8,17,-10,1,29,37,21,-13,13,27,48,85
AOS,A. O. Smith,68.21,-3,-9,0,60,48,40,-17,20,-7,36,84
ALLY,Ally Financial,40.6,28,0,12,6,46,17,-15,18,18,38,84
EXR,Extra Space Storage,152.14,56,8,2,1,67,-9,8,2,15,16,83
F,Ford Motor Company,12.45,14,8,12,0,34,40,-4,20,-7,49,83
TNL,Travel + Leisure Co.,69.94,14,1,19,18,52,16,-18,17,16,31,83
LSCC,Lattice Semiconductor,66.9,-17,56,11,0,50,-11,49,12,-17,33,83
RITM,Rithm Capital,10.88,3,-20,27,34,44,15,-25,20,28,38,82
K,Kellanova,83.02,30,18,4,23,75,-3,12,-17,15,7,82
MSM,MSC Industrial Direct,87.05,0,-9,17,60,68,21,-17,20,-11,13,81
CRL,Charles River Laboratories,187.0,35,16,2,-28,25,39,11,16,-10,56,81
IQV,IQVIA,217.9,23,17,4,1,45,21,11,12,-8,36,81
MP,MP Materials,69.82,-27,15,42,0,30,-33,22,55,6,50,80
CLF,Cleveland-Cliffs,13.0,-14,79,1,-18,48,-10,39,13,-10,32,80
TKO,TKO Group Holdings,186.99,-79,0,81,42,44,-26,-10,20,52,36,80
EXE,Expand Energy,104.42,3,3,51,0,57,21,-1,-9,12,23,80
BEPC,Brookfield Renewable Partners,39.15,-6,23,20,0,37,-22,32,20,12,42,79
CCL,Carnival Corporation & plc,30.01,21,-8,27,1,41,17,-19,18,21,37,78
GEHC,GE HealthCare,76.13,23,3,0,0,26,42,-9,9,10,52,78
PCOR,Procore,72.58,14,28,1,0,43,13,-9,10,21,35,78
FRT,Federal Realty Investment Trust,101.02,30,6,2,3,41,46,-17,11,-3,37,78
RBLX,Roblox Corporation,127.98,-7,0,63,0,56,-23,5,26,13,21,77
LPX,Louisiana-Pacific,90.34,-3,-26,-7,65,29,13,8,-1,28,48,77
BROS,Dutch Bros. Coffee,57.11,56,-28,0,0,28,68,-28,-4,13,49,77
TECH,Bio-Techne,63.79,35,17,0,-26,26,42,11,5,-8,50,76
AVTR,Avantor,15.15,47,16,-39,-1,23,49,9,1,-7,52,75
EG,Everest Group,348.42,0,4,0,57,61,18,-1,4,-7,14,75
ESAB,ESAB,120.62,47,0,2,0,49,-1,11,-3,19,26,75
KNX,Knight-Swift,47.41,35,5,0,0,40,39,10,1,-15,35,75
CMG,Chipotle Mexican Grill,41.61,0,0,-16,82,66,11,13,-14,-2,8,74
FWONK,Liberty Formula 1 (Series C),97.77,-63,-4,80,59,72,-73,-3,20,58,2,74
BRK-B,Berkshire Hathaway,491.82,0,4,0,64,68,-3,-4,-15,28,6,74
APPF,AppFolio,238.14,20,-16,2,30,36,27,-16,-3,30,38,74
WSO,Watsco,352.49,-3,-58,-13,198,124,-6,-5,-38,-1,-50,74
LAZ,Lazard,49.75,18,-12,12,22,40,20,-18,17,15,34,74
PEP,PepsiCo,153.03,69,9,1,0,79,-1,1,9,-15,-6,73
VNOM,Viper Energy,37.49,2,-10,-19,46,19,18,-10,-3,49,54,73
ADSK,Autodesk,308.23,1,0,9,16,26,18,-12,20,21,47,73
UNH,UnitedHealth Group,360.38,0,36,-28,0,8,19,48,1,-3,65,73
GL,Globe Life,135.6,-9,0,55,16,62,-1,-13,14,10,10,72
AMZN,Amazon,217.97,0,-9,27,23,41,14,-22,17,22,31,72
WMS,Advanced Drainage Systems,139.53,45,0,2,5,52,18,-13,20,-5,20,72
RGA,Reinsurance Group of America,188.37,-41,0,0,42,1,15,-3,4,55,71,72
AMP,Ameriprise Financial,472.72,-4,-38,-2,66,22,13,-34,-2,73,50,72
ESI,Element Solutions,25.38,0,0,4,59,63,-2,-3,17,-3,9,72
THO,Thor Industries,108.14,24,2,11,4,41,46,-24,16,-8,30,71
NWS,News Corp (Class B),29.86,0,-16,0,60,44,15,-8,-3,23,27,71
BG,Bunge Global,95.49,42,6,2,1,51,-8,14,20,-7,19,70
FICO,Fair Isaac,1573.25,-76,0,-3,168,89,-11,-3,-38,33,-19,70
DHI,D. R. Horton,158.21,7,0,1,67,75,5,-20,14,-4,-5,70
DD,DuPont,79.72,30,8,4,21,63,-1,-4,17,-5,7,70
DOC,Healthpeak Properties,18.62,21,35,-3,-33,20,40,-5,4,11,50,70
CPNG,Coupang,31.13,-16,33,27,0,44,-6,-7,20,19,26,70
MDB,MongoDB Inc.,325.19,2,48,8,-11,47,19,2,12,-11,22,69
CEG,Constellation Energy,350.06,-18,19,26,0,27,-23,24,20,21,42,69
VST,Vistra Corp.,185.84,-25,-3,29,32,33,-26,-3,18,47,36,69
CCK,Crown Holdings,99.18,23,0,27,7,57,37,-37,-2,14,12,69
RMD,Resmed,266.48,-14,-7,27,15,21,15,-2,19,15,47,68
WYNN,Wynn Resorts,119.37,20,0,18,5,43,21,-6,20,-10,25,68
EXP,Eagle Materials,234.14,-1,7,-25,59,40,9,11,10,-2,28,68
ZM,Zoom Communications,82.02,21,3,10,-2,32,35,-15,10,6,36,68
MHK,Mohawk Industries,128.3,44,0,0,-13,31,47,-20,12,-3,36,67
CFG,Citizens Financial Group,50.62,0,0,18,6,24,14,-4,17,16,43,67
HBAN,Huntington Bancshares,15.88,0,-11,19,23,31,13,-15,20,18,36,67
DELL,Dell Technologies,150.13,-31,18,6,34,27,3,23,20,-6,40,67
CORT,Corcept Therapeutics,73.63,-8,26,0,21,39,-14,-2,4,40,28,67
MRP,Millrose Properties,32.99,29,0,0,0,29,43,-18,13,0,38,67
SAIL,SailPoint,22.0,-7,29,0,0,22,-2,34,12,0,44,66
RF,Regions Financial Corporation,24.11,0,-6,17,24,35,14,-17,18,16,31,66
DOCS,Doximity,66.36,-7,0,64,0,57,-6,-9,10,14,9,66
C,Citigroup,96.31,-7,0,29,20,42,-5,-9,20,16,22,64
USB,U.S. Bancorp,47.33,14,0,10,6,30,14,-15,17,17,33,63
HALO,Halozyme,65.77,-1,0,17,21,37,12,-13,11,16,26,63
EXLS,EXL Service,41.29,7,-16,0,67,58,17,-24,-4,15,4,62
CNM,Core & Main,52.6,34,-32,2,0,4,16,-4,20,26,58,62
MTB,M&T Bank,182.09,0,-11,11,24,24,17,-13,18,16,38,62
QSR,Restaurant Brands International,67.68,-5,15,4,42,56,-2,20,-3,-10,5,61
SSB,SouthState Corporation,93.85,-1,-5,10,24,28,14,-17,14,21,32,60
TFSL,Third Federal S&L,13.3,7,1,13,7,28,15,-25,20,21,31,59
DBX,Dropbox,29.28,20,0,2,11,33,19,-13,10,10,26,59
MET,Metlife,78.56,-41,0,5,60,24,-2,-2,18,20,34,58
IPGP,IPG Photonics,85.44,1,113,11,-46,79,-2,11,16,-46,-21,58
MRK,Merck & Co.,87.68,14,17,0,0,31,19,11,5,-8,27,58
FITB,Fifth Third Bancorp,41.68,-1,-6,10,24,27,13,-17,17,18,31,58
CCI,Crown Castle,97.74,73,0,0,-30,43,-1,14,-5,7,15,58
TEM,Tempus AI,85.24,-11,51,0,0,40,-7,12,13,0,18,58
FRHC,Freedom Holding,153.65,-34,-5,64,16,41,-31,-4,20,32,17,58
LUV,Southwest Airlines,33.74,48,7,11,-41,25,-1,10,18,6,33,58
NTRS,Northern Trust,125.42,-7,0,26,13,32,-2,-8,20,15,25,57
WBS,Webster Bank,55.91,0,-5,18,16,29,10,-19,18,19,28,57
HAL,Halliburton,26.33,14,40,0,0,54,18,-9,5,-11,3,57
FAF,First American Financial Corporation,61.41,13,0,1,16,30,19,-20,7,20,26,56
NTNX,Nutanix,68.82,0,-7,8,24,25,17,-11,-1,26,31,56
HAYW,Hayward Holdings,15.04,-4,-1,4,0,-1,15,6,18,18,57,56
SEE,Sealed Air,34.38,14,44,6,-26,38,38,-4,18,-34,18,56
NET,Cloudflare,210.73,-36,0,49,0,13,9,-7,20,21,43,56
DAY,Dayforce,68.49,0,47,10,-14,43,23,-19,10,-2,12,55
TFC,Truist Financial,43.6,7,-9,11,6,15,19,-12,17,16,40,55
PSX,Phillips 66,131.43,2,1,5,43,51,2,-10,19,-7,4,55
EXEL,Exelixis,36.09,-21,-3,74,16,66,-27,-6,-4,26,-11,55
NNN,NNN Reit,42.25,0,0,10,24,34,-10,-5,20,16,21,55
ARW,Arrow Electronics,120.07,23,-1,11,0,33,38,-26,20,-10,22,55
CG,Carlyle Group (The),58.07,-16,-5,18,23,20,12,-15,17,20,34,54
BXP,"BXP, Inc.",73.21,7,2,8,0,17,12,-10,20,15,37,54
GAP,Gap Inc.,21.68,25,0,0,20,45,19,-18,-13,21,9,54
QRVO,Qorvo,90.68,35,5,1,-33,8,44,-9,18,-7,46,54
FLUT,Flutter Entertainment,252.5,41,-18,2,23,48,5,-29,-1,29,4,52
CRM,Salesforce,256.7,21,3,-23,24,25,30,5,-31,23,27,52
KRC,Kilroy Realty,40.91,3,0,16,0,19,15,-12,16,13,32,51
KEY,Keycorp,17.49,2,-6,18,6,20,15,-17,18,15,31,51
DNB,Dun & Bradstreet,9.15,29,52,-28,0,53,46,-13,2,-37,-2,51
ALGM,Allegro MicroSystems,30.71,42,0,21,0,63,48,-60,18,-18,-12,51
NCLH,Norwegian Cruise Line Holdings,23.63,14,-5,10,0,19,14,-18,13,22,31,50
RKT,Rocket Companies,17.35,18,-6,14,0,26,16,-15,19,3,23,49
ESS,Essex Property Trust,264.25,20,0,-4,16,32,21,-7,-13,16,17,49
LNC,Lincoln Financial,39.42,1,0,28,3,32,14,-25,18,10,17,49
MUSA,Murphy USA,374.88,-1,-3,-23,70,43,-19,-17,-39,81,6,49
ASTS,AST SpaceMobile,71.38,-15,16,21,0,22,-25,22,20,10,27,49
ABT,Abbott Laboratories,127.96,-42,0,66,15,39,-6,-6,6,16,10,49
VRSK,Verisk Analytics,237.48,0,-62,-6,116,48,10,-28,-12,30,0,48
CHRW,C.H. Robinson,127.15,-1,0,13,4,16,14,-8,16,10,32,48
DLR,Digital Realty,172.49,-14,8,7,24,25,-14,-5,20,21,22,47
GEN,Gen Digital,27.21,10,-28,25,18,25,13,-30,20,18,21,46
FIVE,Five Below,151.47,36,8,10,0,54,-7,-5,21,-17,-8,46
PNW,Pinnacle West Capital,92.65,-5,12,4,20,31,-25,15,-3,28,15,46
PFG,Principal Financial Group,79.15,-62,0,7,57,2,10,-3,17,20,44,46
SPR,Spirit AeroSystems,38.52,0,-10,28,0,18,-2,-27,40,16,27,45
ULTA,Ulta Beauty,519.18,-57,124,22,6,95,-60,-1,22,-11,-50,45
VNO,Vornado Realty Trust,39.67,0,0,8,6,14,6,-10,18,17,31,45
IR,Ingersoll Rand,78.15,13,-1,-3,25,34,19,-4,-2,-2,11,45
CNA,CNA Financial,45.45,-39,-6,0,59,14,10,-5,4,22,31,45
CSX,CSX Corporation,35.92,-2,18,6,6,28,-13,17,20,-8,16,44
BPOP,"Popular, Inc.",115.36,-70,-5,27,61,13,-1,-9,20,21,31,44
DHR,Danaher Corporation,218.05,14,16,0,0,30,-4,11,13,-6,14,44
DDOG,Datadog,154.2,-31,19,9,0,-3,-2,31,17,1,47,44
WDAY,"Workday, Inc.",242.84,21,26,-20,16,43,19,-1,-14,-4,0,43
CTVA,Corteva,63.1,0,-28,63,1,36,15,-20,-1,13,7,43
DLTR,Dollar Tree,100.5,56,-33,2,-17,8,20,3,35,-24,34,42
DT,Dynatrace,49.56,19,0,-12,0,7,21,-5,-3,22,35,42
PCG,PG&E Corporation,16.59,48,19,-40,3,30,-1,13,3,-3,12,42
NEE,NextEra Energy,82.86,-14,21,5,2,14,-24,17,20,15,28,42
APTV,Aptiv,84.48,14,51,11,-26,50,14,-4,20,-38,-8,42
BIO,Bio-Rad Laboratories,335.0,53,17,2,-30,42,17,11,11,-39,0,42
AVT,Avnet,51.24,0,0,11,47,58,-5,-28,20,-4,-17,41
IDXX,Idexx Laboratories,634.11,0,0,24,6,30,-4,5,20,-10,11,41
ZG,Zillow (Class A),73.96,20,-17,2,0,5,18,-17,13,22,36,41
Z,Zillow (Class C),77.36,21,-17,2,0,6,16,-17,14,22,35,41
KEYS,Keysight,164.69,0,0,8,2,10,15,-9,18,7,31,41
GMED,Globus Medical,62.33,26,4,-25,0,5,40,11,-30,14,35,40
VLTO,Veralto,103.82,16,-10,12,0,18,23,-20,19,0,22,40
BC,Brunswick Corporation,65.08,28,4,2,-9,25,21,-9,14,-11,15,40
DECK,Deckers Brands,100.93,24,-20,-34,95,65,26,-20,-30,-1,-25,40
SYY,Sysco,78.58,-5,-1,17,5,16,-4,-5,17,16,24,40
SOLV,Solventum,72.75,20,-12,0,0,8,21,-5,16,0,32,40
LW,Lamb Weston,64.74,30,19,0,-10,39,-7,11,13,-16,1,40
TPG,TPG Inc.,57.1,2,-9,12,0,5,13,-13,14,21,35,40
AFRM,Affirm Holdings,71.9,0,-12,22,0,10,13,-20,18,19,30,40
ISRG,Intuitive Surgical,527.01,24,1,1,24,50,37,-68,-8,28,-11,39
MANH,Manhattan Associates,194.97,-5,-22,-1,67,39,19,-16,-1,-2,0,39
AA,Alcoa,35.66,-5,43,3,-22,19,-6,48,12,-34,20,39
OZK,Bank OZK,45.49,-62,-5,27,58,18,-2,-17,18,21,20,38
GXO,GXO Logistics,53.56,0,8,11,0,19,-4,14,19,-10,19,38
PVH,PVH Corp.,84.59,29,2,0,3,34,15,-11,9,-9,4,38
LAD,Lithia Motors,308.79,3,-13,-5,16,1,21,-18,11,23,37,38
TTEK,Tetra Tech,33.06,0,-24,-39,121,58,16,-50,16,-3,-21,37
NTAP,Netapp,116.73,-7,0,8,59,60,-26,-11,17,-3,-23,37
HST,Host Hotels & Resorts,16.8,16,0,8,4,28,14,-16,18,-8,8,36
NXST,Nexstar Media Group,193.85,0,-6,19,6,19,15,-27,17,12,17,36
LVS,Las Vegas Sands,50.6,13,-8,16,4,25,37,-28,17,-16,10,35
ZION,Zions Bancorporation,51.69,0,-6,1,6,1,15,-15,17,17,34,35
TPL,Texas Pacific Land Corporation,924.98,4,0,-19,60,45,-6,-4,-15,15,-10,35
PATH,UiPath,15.04,-11,23,0,0,12,-2,33,4,-12,23,35
JHG,Janus Henderson,41.58,-35,-4,16,21,-2,5,-5,17,20,37,35
FCNCA,First Citizens BancShares,1743.29,7,-34,-6,61,28,14,-27,-3,23,7,35
SUI,Sun Communities,125.67,8,0,13,-26,-5,11,-5,20,13,39,34
FHB,"First Hawaiian, Inc.",23.6,0,-11,0,16,5,14,-18,17,16,29,34
DRI,Darden Restaurants,187.4,0,-25,2,63,40,-12,-20,-6,32,-6,34
WAL,Western Alliance Bancorporation,78.73,3,-10,1,6,0,14,-17,17,20,34,34
VOYA,Voya Financial,73.72,0,0,11,6,17,15,-13,18,-3,17,34
CGNX,Cognex Corporation,46.3,36,8,11,-33,22,47,-9,16,-42,12,34
DIS,Walt Disney Company (The),113.1,20,-29,25,-2,14,19,-25,20,5,19,33
OSK,Oshkosh Corporation,133.6,0,0,21,6,27,13,-29,18,4,6,33
TKR,Timken Company,75.85,21,-1,1,6,27,16,-20,17,-7,6,33
WING,Wingstop,262.89,25,-35,0,40,30,20,-48,-3,33,2,32
OTIS,Otis Worldwide,91.42,27,0,-14,0,13,19,-4,-24,28,19,32
FANG,Diamondback Energy,142.22,0,0,-39,49,10,15,-1,14,-7,21,31
LOAR,Loar Holdings,76.98,-7,11,0,0,4,-1,41,-13,0,27,31
LII,Lennox International,493.23,-7,-42,-7,40,-16,19,4,-5,29,47,31
HXL,Hexcel,63.78,7,2,4,1,14,16,-3,14,-11,16,30
ACI,Albertsons,19.57,49,0,-7,0,42,-4,3,-13,2,-12,30
AFG,American Financial Group,132.46,-70,0,11,58,-1,5,-4,14,16,31,30
AIG,American International Group,78.94,-39,-5,0,55,11,7,-1,-10,23,19,30
PR,Permian Resources,12.5,0,-18,0,28,10,20,-17,20,-4,19,29
OLED,Universal Display Corporation,145.99,2,0,0,0,2,-5,19,20,-7,27,29
VRSN,Verisign,251.66,-4,-16,46,11,37,-2,-14,-1,9,-8,29
FCX,Freeport-McMoRan,40.81,-14,-9,3,60,40,-10,8,-1,-8,-11,29
MKC,McCormick & Company,68.58,24,0,-16,-4,4,35,2,-24,12,25,29
NVST,Envista,19.84,21,-9,14,0,26,40,-20,16,-34,2,28
HUM,Humana,287.69,21,3,0,-14,10,28,6,6,-22,18,28
COIN,Coinbase,320.43,-49,0,19,0,-30,-7,25,19,20,57,27
VIK,Viking Holdings,61.23,10,0,1,0,11,14,-18,20,0,16,27
BIIB,Biogen,147.72,1,50,0,-29,22,20,-3,7,-20,4,26
NEU,NewMarket,751.8,-67,0,29,31,-7,-26,-2,32,29,33,26
MCHP,Microchip Technology,64.5,0,-1,0,0,-1,21,-5,20,-9,27,26
SAIA,Saia,309.6,21,0,-36,0,-15,36,9,3,-7,41,26
ETSY,Etsy,73.25,17,21,7,-32,13,9,23,20,-39,13,26
APLS,Apellis Pharmaceuticals,28.11,21,3,0,-18,6,21,8,11,-20,20,26
RGEN,Repligen,157.27,38,19,4,-19,42,-3,22,4,-39,-16,26
ZBRA,Zebra Technologies,302.63,21,-23,0,-9,-11,40,-16,14,-1,37,26
IPG,Interpublic Group of Companies (The),27.8,14,7,1,0,22,14,1,8,-19,4,26
CF,CF Industries,85.93,0,0,7,6,13,8,-5,-3,10,10,23
ZBH,Zimmer Biomet,104.02,42,1,0,-19,24,42,-27,4,-20,-1,23
PINS,Pinterest,32.99,49,-23,0,-2,24,13,-23,16,-7,-1,23
UAL,United Airlines Holdings,96.27,-9,0,11,13,15,-4,-20,14,18,8,23
ROKU,"Roku, Inc.",96.05,0,8,20,-21,7,-3,-3,15,6,15,22
UWMC,United Wholesale Mortgage,5.72,14,0,0,0,14,21,-15,8,-6,8,22
IT,Gartner,250.96,14,0,-31,0,-17,14,-6,-29,59,38,21
JKHY,Jack Henry & Associates,157.01,79,-59,-13,-2,5,15,1,-13,13,16,21
SW,Smurfit Westrock,42.66,16,-29,-7,18,-2,16,-23,10,19,22,20
PRU,Prudential Financial,102.08,3,-17,-23,57,20,13,-27,14,-1,-1,19
BAM,Brookfield Asset Management,54.02,-62,-9,75,0,4,-2,-13,20,10,15,19
ON,ON Semiconductor,51.94,38,0,0,-3,35,-3,-12,16,-17,-16,19
AVB,AvalonBay Communities,189.4,14,-13,-13,18,6,26,-13,-17,17,13,19
ABNB,Airbnb,127.48,49,0,-13,0,36,21,-28,-3,-7,-17,19
ADM,Archer Daniels Midland,62.19,0,14,12,0,26,-13,7,20,-22,-8,18
PSN,Parsons Corporation,82.16,-40,26,0,1,-13,-2,23,13,-3,31,18
EIX,Edison International,58.1,48,7,-42,1,14,15,-19,10,-3,3,17
AR,Antero Resources,32.08,0,-1,-4,12,7,15,-7,-10,12,10,17
SNDR,Schneider National,23.52,36,-39,-15,0,-18,37,5,-5,-2,35,17
RVTY,Revvity,95.67,42,5,-30,-26,-9,45,16,-35,-1,25,16
SARO,StandardAero,27.98,0,0,0,0,0,11,8,-3,0,16,16
BSY,Bentley Systems,52.04,3,-12,19,0,10,21,-28,20,-8,5,15
EL,Estée Lauder Companies (The),98.64,47,8,2,-28,29,-6,11,18,-37,-14,15
PK,Park Hotels & Resorts,11.28,15,0,1,0,16,9,-16,13,-7,-1,15
BURL,Burlington Stores,263.68,-9,-3,11,5,4,-28,6,13,19,10,14
EFX,Equifax,230.57,0,-15,-14,18,-11,21,-15,-1,20,25,14
BOKF,BOK Financial Corporation,104.96,-42,-1,10,24,-9,-5,-2,14,16,23,14
RRX,Regal Rexnord,141.17,-1,-1,2,5,5,-3,-3,17,-3,8,13
GTLB,GitLab,48.11,21,3,-31,0,-7,29,-9,2,-3,19,12
UGI,UGI Corporation,33.37,24,-41,52,6,41,21,-54,-3,7,-29,12
EQR,Equity Residential,63.75,14,-15,-6,15,8,21,-19,-13,15,4,12
SWKS,Skyworks Solutions,73.96,2,0,0,-32,-30,44,-12,17,-7,42,12
SNV,Synovus,45.64,-1,-23,0,23,-1,16,-18,-3,16,11,10
RNR,RenaissanceRe,242.56,-39,0,-1,37,-3,-35,-1,18,30,12,9
REYN,Reynolds Consumer Products,23.35,-5,55,-38,0,12,-4,-1,7,-5,-3,9
LFUS,Littelfuse,262.89,0,7,13,4,24,-6,-17,18,-10,-15,9
CERT,"Certara, Inc.",12.73,2,30,0,0,32,13,-3,1,-34,-23,9
KDP,Keurig Dr Pepper,27.39,63,-42,-9,0,12,-4,3,-1,-2,-4,8
CTRA,Coterra,23.31,0,-10,-15,46,21,17,-23,-22,15,-13,8
U,Unity Technologies,35.25,-12,-1,16,0,3,-3,-14,20,2,5,8
YETI,Yeti Holdings,34.96,24,-13,0,-8,3,20,-18,14,-12,4,7
ENTG,Entegris,88.86,-7,30,0,-8,15,-7,-3,9,-7,-8,7
BA,Boeing,216.6,0,-10,18,0,8,20,-28,20,-13,-1,7
OMC,Omnicom Group,81.25,15,7,-37,3,-12,14,1,7,-3,19,7
TRU,TransUnion,80.68,23,-24,-5,0,-6,16,-17,-3,16,12,6
OC,Owens Corning,126.99,0,-18,-34,60,8,15,-25,9,-2,-3,5
INFA,Informatica,24.85,-35,3,2,0,-30,12,14,18,-9,35,5
MOH,Molina Healthcare,194.64,0,0,-23,-4,-27,21,40,-19,-10,32,5
GNRC,Generac,183.07,0,0,13,-36,-23,-7,6,17,12,28,5
UBER,Uber,92.19,-67,-1,28,1,-39,-4,-7,26,28,43,4
AMH,American Homes 4 Rent,33.28,14,-60,-18,70,6,16,-29,-6,17,-2,4
LBTYK,Liberty Global (Series C),11.16,21,0,-3,-1,17,-2,-18,9,-2,-13,4
GNTX,Gentex,26.2,0,0,0,-1,-1,15,-15,14,-10,4,3
NOV,NOV Inc.,13.3,7,2,0,-14,-5,18,-4,11,-17,8,3
HOG,Harley-Davidson,27.11,13,0,0,-11,2,16,-17,15,-13,1,3
TWLO,Twilio,109.45,0,0,2,-36,-34,19,8,-3,13,37,3
CFLT,"Confluent, Inc.",22.58,0,11,-13,0,-2,-3,34,-28,2,5,3
COLB,Columbia Banking System,24.98,-4,0,4,0,0,13,-25,15,-1,2,2
TTD,Trade Desk (The),53.88,14,0,-37,-3,-26,19,13,-3,-2,27,1
ACGL,Arch Capital Group,87.87,-42,-6,-18,64,-2,9,-2,-2,-2,3,1
SJM,J.M. Smucker Company (The),104.72,7,-3,-4,-6,-6,35,-11,8,-25,7,1
NUE,Nucor,136.65,14,-9,1,0,6,14,-26,17,-10,-5,1
XYZ,"Block, Inc.",75.92,0,3,4,-38,-31,19,-1,14,-1,31,0
WEX,WEX Inc.,155.78,14,-13,0,0,1,19,-24,14,-10,-1,0
BLDR,Builders FirstSource,122.58,-5,-9,-38,67,15,5,-25,10,-5,-15,0
CACC,Credit Acceptance,500.74,4,2,0,1,7,-1,8,-8,-7,-8,-1
ALSN,Allison Transmission,82.28,6,-24,-15,37,4,10,-20,-31,36,-5,-1
WH,Wyndham Hotels & Resorts,80.32,21,-26,-13,13,-5,21,-31,-3,17,4,-1
OKE,Oneok,69.58,0,-58,-23,56,-25,15,-10,-35,53,23,-2
MAT,Mattel,18.29,30,0,2,0,32,-2,2,-1,-33,-34,-2
SEB,Seaboard Corporation,3329.67,-5,-2,15,-1,7,-5,-24,18,2,-9,-2
NIQ,NIQ Global Intelligence,14.07,0,0,0,0,0,15,-17,0,0,-2,-2
TOST,"Toast, Inc.",38.11,48,-37,2,0,13,15,-47,-3,19,-16,-3
CPT,Camden Property Trust,104.42,19,-21,-5,0,-7,26,-22,-13,13,4,-3
RLI,RLI Corp.,61.49,0,-98,-20,178,60,10,-32,-39,-2,-63,-3
ACN,Accenture,249.18,13,0,-33,-2,-22,16,10,-29,21,18,-4
SBUX,Starbucks,85.49,35,-36,-11,0,-12,46,-44,-3,9,8,-4
RAL,Ralliant,42.41,-7,-7,0,0,-14,14,-4,0,0,10,-4
GPC,Genuine Parts Company,132.86,-1,0,11,0,10,-1,-14,20,-19,-14,-4
VVV,Valvoline,34.17,-4,-20,-5,33,4,-2,-17,17,-6,-8,-4
ST,Sensata Technologies,31.58,42,0,2,-17,27,13,-25,18,-37,-31,-4
GTM,ZoomInfo,10.95,16,0,0,0,16,19,-16,16,-39,-20,-4
ELF,e.l.f. Beauty,123.61,-21,0,0,33,12,-21,-7,18,-7,-17,-5
PLNT,Planet Fitness,96.71,12,-37,1,15,-9,20,-29,-3,16,4,-5
BAH,Booz Allen Hamilton,98.69,0,-37,-40,103,26,19,-5,-42,-3,-31,-5
KEX,Kirby Corporation,85.57,42,-59,-13,37,7,45,-52,-4,-1,-12,-5
COO,Cooper Companies (The),74.45,35,5,-37,-7,-4,32,14,-42,-5,-1,-5
AVY,Avery Dennison,179.05,16,1,0,1,18,21,-33,-5,-7,-24,-6
HLNE,Hamilton Lane,119.54,-2,-21,-8,27,-4,15,-36,-5,23,-3,-7
REXR,Rexford Industrial,42.96,42,8,2,-20,32,-5,-16,16,-34,-39,-7
IEX,IDEX Corporation,166.37,29,0,-38,-4,-13,40,11,-38,-8,5,-8
BFAM,Bright Horizons,102.5,18,-32,-9,0,-23,42,-38,-6,17,15,-8
DKNG,DraftKings,34.71,0,-17,-4,0,-21,3,-25,12,22,12,-9
RDDT,Reddit,196.93,-7,-1,7,0,-1,-4,-16,12,0,-8,-9
LBTYA,Liberty Global (Series A),11.07,4,0,-3,0,1,-2,-18,11,-1,-10,-9
BILL,Bill.com,50.71,0,39,-34,0,5,21,-4,8,-39,-14,-9
MASI,Masimo,147.18,-5,0,-9,-8,-22,9,16,-25,12,12,-10
ELS,Equity Lifestyle Properties,63.39,19,17,-31,0,5,15,16,-42,-5,-16,-11
AGCO,AGCO,107.25,34,-11,17,0,40,-19,-38,21,-15,-51,-11
NSA,National Storage Affiliates,32.35,57,7,-25,-6,33,-2,6,-46,-3,-45,-12
SLGN,Silgan Holdings,44.61,35,-60,-13,0,-38,15,2,-7,15,25,-13
QS,QuantumScape,13.55,-31,26,16,0,11,-31,26,18,-38,-25,-14
COP,ConocoPhillips,87.41,0,-11,-4,0,-15,9,-10,12,-10,1,-14
TYL,Tyler Technologies,513.44,21,-43,-4,19,-7,21,-45,-3,20,-7,-14
IOT,Samsara,38.15,0,2,-20,0,-18,14,-5,-27,22,4,-14
DOCU,DocuSign,70.56,16,-17,-4,-14,-19,19,-16,-12,13,4,-15
REGN,Regeneron Pharmaceuticals,584.65,19,4,-51,0,-28,18,-5,6,-6,13,-15
ONTO,Onto Innovation,125.46,-7,43,-36,0,0,-12,-3,5,-6,-16,-16
BEN,Franklin Templeton Investments,22.58,0,-13,18,0,5,14,-31,20,-24,-21,-16
XP,XP Inc.,16.75,21,-13,2,0,10,-2,-14,-1,-10,-27,-17
HUBS,HubSpot,469.58,13,-1,-20,-2,-10,14,-14,-28,21,-7,-17
GLIBA,GCI Liberty (Series A),36.41,-17,0,0,0,-17,-14,13,0,0,-1,-18
ALK,Alaska Air Group,47.68,-6,-20,-5,0,-31,14,-20,8,11,13,-18
CPAY,Corpay,283.08,10,-58,-8,23,-33,20,-27,-5,27,15,-18
CUZ,Cousins Properties,26.57,-4,-11,0,13,-2,-12,-18,-2,15,-17,-19
OWL,Blue Owl Capital,17.18,26,-45,-14,0,-33,15,-21,-3,23,14,-19
INGR,Ingredion,120.22,-2,-58,-8,36,-32,-12,-28,-6,58,12,-20
LINE,"Lineage, Inc.",40.12,0,-4,0,0,-4,14,11,-41,0,-16,-20
MGM,MGM Resorts International,32.69,6,-17,0,0,-11,14,-29,17,-11,-9,-20
LEA,Lear Corporation,100.17,14,-10,0,-19,-15,14,-21,19,-17,-5,-20
TLN,Talen Energy,380.69,-49,0,49,0,0,-43,-3,21,4,-21,-21
SON,Sonoco,41.5,8,-22,-6,-2,-22,19,-19,17,-16,1,-21
RBRK,Rubrik,76.87,-48,-31,2,0,-77,-3,5,54,0,56,-21
PFE,Pfizer,24.74,0,2,0,-25,-23,19,-4,17,-30,2,-21
FRPT,Freshpet,57.55,36,0,-34,-8,-6,13,2,-30,-1,-16,-22
DUOL,Duolingo,307.79,-27,0,0,0,-27,-27,17,-11,25,4,-23
SLM,Sallie Mae,27.0,14,-48,1,24,-9,14,-48,-3,23,-14,-23
BRKR,Bruker,38.96,55,5,-70,-10,-20,66,16,-74,-11,-3,-23
MIDD,Middleby,132.91,-1,-1,-13,0,-15,-1,-24,2,15,-8,-23
ALB,Albemarle Corporation,91.24,-14,30,2,-25,-7,-25,21,14,-27,-17,-24
ESTC,Elastic NV,86.08,3,2,-23,-8,-26,20,-15,2,-6,1,-25
PYPL,PayPal,68.07,0,0,-13,-41,-54,19,-1,-1,11,28,-26
AES,AES Corporation,14.29,-16,16,0,-13,-13,-20,17,16,-26,-13,-26
TTC,Toro Company (The),73.96,0,-10,0,-2,-12,21,-24,11,-22,-14,-26
DVN,Devon Energy,32.42,0,-9,0,-7,-16,5,-10,19,-24,-10,-26
MDLZ,Mondelez International,61.97,7,0,-3,0,4,-5,-10,-5,-11,-31,-27
DOX,Amdocs,83.86,38,-52,0,1,-13,21,-39,-5,7,-16,-29
CL,Colgate-Palmolive,79.88,28,-75,-16,25,-38,40,-36,-24,28,8,-30
CFR,Frost Bank,123.08,-41,-6,8,6,-33,15,-23,-1,12,3,-30
TFX,Teleflex,132.81,27,4,-52,-41,-62,38,3,3,-12,32,-30
FTV,Fortive,49.08,18,0,-31,0,-13,20,-4,-27,-7,-18,-31
BMY,Bristol Myers Squibb,44.39,9,-15,-10,-7,-23,16,-7,-24,7,-8,-31
AMCR,Amcor,8.15,47,-49,-11,0,-13,55,-58,-11,-4,-18,-31
CROX,Crocs,83.48,30,0,-52,-3,-25,19,-5,-14,-7,-7,-32
CSGP,CoStar Group,77.17,5,-21,0,16,0,13,-44,-2,1,-32,-32
GEV,GE Vernova,576.22,-35,-2,6,0,-31,-33,10,21,0,-2,-33
CAR,Avis Budget Group,151.88,8,-19,19,-22,-14,8,-11,23,-39,-19,-33
NCNO,nCino,25.58,14,-17,-36,0,-39,16,-22,15,-3,6,-33
AMT,American Tower,191.14,36,-56,-7,-2,-29,42,-55,-5,13,-5,-34
RYN,Rayonier,24.32,-9,-2,-3,-1,-15,-11,-5,8,-11,-19,-34
PPC,Pilgrim's Pride,38.13,7,-34,-3,23,-7,7,-41,-14,20,-28,-35
GLIBK,GCI Liberty (Series C),36.4,-35,0,0,0,-35,-14,14,0,0,0,-35
TXN,Texas Instruments,170.71,-7,-36,-1,24,-20,-1,-32,-1,18,-16,-36
DPZ,Domino's,424.74,23,-56,-6,12,-27,2,-26,-5,20,-9,-36
CAI,Caris Life Sciences,30.08,-7,-11,0,0,-18,-21,3,0,0,-18,-36
AXTA,Axalta,28.23,29,-22,-26,0,-19,48,-24,-39,-2,-17,-36
SFD,Smithfield Foods,21.77,10,-25,0,0,-15,-2,-34,14,0,-22,-37
VFC,VF Corporation,15.29,21,3,-30,-45,-51,19,-11,7,-1,14,-37
APA,APA Corporation,22.89,-70,54,2,-14,-28,2,-5,15,-21,-9,-37
MPW,Medical Properties Trust,5.05,-16,34,7,-38,-13,-25,-3,2,1,-25,-38
DVA,DaVita,129.09,17,-42,-13,22,-16,15,-28,-30,21,-22,-38
VZ,Verizon,39.83,-7,-13,-1,12,-9,-11,-34,-1,16,-30,-39
HIW,Highwoods Properties,29.58,-72,-3,10,8,-57,-12,-5,20,15,18,-39
ZTS,Zoetis,147.52,21,-32,-45,-5,-61,40,1,-12,-7,22,-39
HSIC,Schein (Henry),63.5,0,-21,-15,-2,-38,20,-22,-5,5,-2,-40
G,Genpact,39.78,13,-31,-7,0,-25,24,-27,-25,12,-16,-41
KMB,Kimberly-Clark,120.22,0,-29,-9,20,-18,6,-36,-21,28,-23,-41
CNXC,Concentrix,47.32,14,-19,-5,0,-10,25,-15,-8,-35,-33,-43
S,SentinelOne,17.28,0,-1,-35,0,-36,14,-13,-5,-3,-7,-43
DG,Dollar General,103.62,0,-24,0,-19,-43,-7,3,32,-28,0,-43
TROW,T. Rowe Price,102.77,-35,-5,4,-27,-63,-1,6,16,-2,19,-44
KMPR,Kemper Corporation,48.66,18,-20,-16,-2,-20,-2,-25,-13,16,-24,-44
DXCM,Dexcom,70.69,23,-42,-9,-16,-44,40,-25,-4,-11,0,-44
MSCI,MSCI,537.46,-62,-9,-1,16,-56,11,-21,-1,22,11,-45
COLM,Columbia Sportswear,53.26,28,-20,-31,-8,-31,21,-24,-26,15,-14,-45
RIVN,Rivian,12.91,-7,-5,0,0,-12,-3,-10,2,-23,-34,-46
FBIN,Fortune Brands Innovations,50.78,17,-22,-36,-7,-48,22,-25,9,-4,2,-46
CTSH,Cognizant,68.36,14,-60,-13,16,-43,15,-25,-13,20,-3,-46
LSTR,Landstar,133.21,35,0,-45,-2,-12,18,8,-52,-9,-35,-47
JHX,James Hardie Industries,21.47,-7,-1,-37,-3,-48,5,11,-10,-5,1,-47
PEN,"Penumbra, Inc.",251.86,-37,-8,0,0,-45,7,2,-16,5,-2,-47
RARE,Ultragenyx,33.13,0,0,-37,-40,-77,69,10,-45,-5,29,-48
SWK,Stanley Black & Decker,69.22,14,-10,-39,-41,-76,40,-17,9,-4,28,-48
HPQ,HP Inc.,27.67,0,0,-35,0,-35,-1,-19,9,-3,-14,-49
SITE,SiteOne Landscape Supply,120.6,-2,-21,-6,-11,-40,13,-25,13,-10,-9,-49
PNFP,Pinnacle Financial Partners,87.41,-43,-23,-14,17,-63,15,-17,-5,20,13,-50
EOG,EOG Resources,106.44,-43,-24,-8,47,-28,8,-27,-2,-1,-22,-50
LKQ,LKQ Corporation,30.34,16,-28,-16,-4,-32,46,-21,-24,-19,-18,-50
EW,Edwards Lifesciences,76.82,16,-16,0,-16,-16,31,-27,-1,-37,-34,-50
OKTA,"Okta, Inc.",87.05,-7,-14,-8,-26,-55,14,-4,-13,8,5,-50
BHF,Brighthouse Financial,46.52,-42,0,-3,0,-45,6,-9,-13,10,-6,-51
KD,Kyndryl,28.29,0,-56,-6,0,-62,17,-21,-7,22,11,-51
SMMT,Summit Therapeutics,19.14,-33,-33,-1,16,-51,-26,11,-7,21,-1,-52
SFM,Sprouts Farmers Market,108.08,0,-62,-5,48,-19,-23,-60,-9,59,-33,-52
MSTR,MicroStrategy,280.81,-70,-12,-3,21,-64,-3,-4,-3,22,12,-52
CART,Maplebear Inc.,39.44,5,-30,-4,0,-29,-2,-20,-3,1,-24,-53
CHWY,Chewy,36.19,-43,-8,51,0,0,-47,-2,-11,7,-53,-53
BDX,Becton Dickinson,188.15,9,0,-38,-7,-36,-3,-1,3,-17,-18,-54
ASH,Ashland Global,49.55,47,-24,-51,-11,-39,16,-28,9,-12,-15,-54
HSY,Hershey Company (The),184.2,-33,0,14,0,-19,-26,-2,14,-21,-35,-54
FOUR,Shift4,75.38,0,-56,-10,0,-66,15,-27,-3,26,11,-55
UDR,"UDR, Inc.",36.62,22,-59,-8,-2,-47,19,-27,-15,15,-8,-55
FI,Fiserv,125.24,14,-73,-24,37,-46,19,-33,-25,29,-10,-56
QXO,"QXO, Inc.",18.35,-7,-23,0,-16,-46,-4,-21,23,-8,-10,-56
EQH,Equitable Holdings,47.88,-72,-17,0,13,-76,13,-13,-1,21,20,-56
SRPT,Sarepta Therapeutics,22.46,-5,13,-39,-9,-40,35,16,-60,-8,-17,-57
ELV,Elevance Health,345.08,-7,15,-54,0,-46,-9,22,-20,-5,-12,-58
SLB,Schlumberger,34.9,15,0,-80,0,-65,40,-19,-3,-12,6,-59
RNG,RingCentral,28.74,18,0,0,-43,-25,20,-17,10,-47,-34,-59
NKE,"Nike, Inc.",69.07,13,-12,0,-23,-22,16,-32,17,-38,-37,-59
VKTX,Viking Therapeutics,31.38,-14,0,-50,23,-41,-25,16,-1,-8,-18,-59
LNW,Light & Wonder,76.35,-92,-18,-13,59,-64,5,-26,-2,27,4,-60
INVH,Invitation Homes,28.9,27,-64,-18,0,-55,21,-29,-13,16,-5,-60
POOL,Pool Corporation,298.19,14,-21,-33,-8,-48,17,-17,-2,-11,-13,-61
VIRT,Virtu Financial,33.41,1,-38,0,16,-21,-3,-50,-3,16,-40,-61
AMTM,Amentum,22.35,-67,-10,0,0,-77,-1,-3,20,0,16,-61
GPN,Global Payments,85.67,0,3,-37,-41,-75,19,-1,8,-12,14,-61
MTCH,Match Group,33.17,17,-13,2,-39,-33,17,-21,15,-40,-29,-62
TGT,Target Corporation,94.05,42,-39,-41,-13,-51,44,-45,-3,-8,-12,-63
SIRI,Sirius XM,21.75,0,-10,-3,-33,-46,14,-22,10,-19,-17,-63
CPB,Campbell Soup Company,31.38,17,0,-42,-8,-33,37,-12,-49,-7,-31,-64
ONON,On Holding AG,42.27,0,-59,-9,0,-68,5,-17,-6,22,4,-64
FIS,Fidelity National Information Services,67.89,8,-56,-12,-39,-99,19,10,-7,13,35,-64
SBAC,SBA Communications,197.37,42,-56,-9,-22,-45,46,-56,-8,-1,-19,-64
CNH,CNH Industrial,10.61,19,-49,-7,0,-37,38,-65,-5,4,-28,-65
RH,RH,178.63,0,-19,-34,-9,-62,15,-24,8,-2,-3,-65
GDDY,GoDaddy,132.29,6,-74,-13,24,-57,17,-21,-29,24,-9,-66
SN,SharkNinja,91.23,-7,-17,0,0,-24,-17,-45,17,3,-42,-66
BJ,BJ's Wholesale Club,93.95,0,-81,-5,12,-74,8,-48,-12,60,8,-66
SAIC,SAIC,98.11,0,-35,-8,0,-43,19,-35,-5,-3,-24,-67
PCTY,Paylocity,151.98,14,-42,-8,-5,-41,20,-46,-7,7,-26,-67
FND,Floor & Decor,71.22,24,-20,-45,-8,-49,-2,-17,8,-8,-19,-68
CNC,Centene,36.01,0,2,-54,-13,-65,5,44,-23,-30,-4,-69
TSN,Tyson Foods,52.72,6,-13,-11,-30,-48,16,-29,-21,13,-21,-69
CHE,Chemed Corporation,438.68,25,-16,-21,-1,-13,-2,-25,-19,-10,-56,-69
PPG,PPG Industries,102.18,21,-23,-56,-10,-68,40,-29,-3,-10,-2,-70
MAA,Mid-America Apartment Communities,134.36,6,-60,-7,0,-61,19,-24,-18,13,-10,-71
W,Wayfair,81.54,3,0,14,-43,-26,-14,-10,20,-42,-46,-72
TW,Tradeweb,110.33,7,-55,-8,2,-54,15,-51,-9,25,-20,-74
OXY,Occidental Petroleum,41.74,0,-10,-65,0,-75,7,-8,16,-18,-3,-78
PNC,PNC Financial Services,181.2,-126,-10,12,16,-108,13,-17,17,16,29,-79
DLB,Dolby Laboratories,67.2,-5,-22,-13,-1,-41,-3,-32,-3,-1,-39,-80
OVV,Ovintiv,36.57,-70,-13,-3,0,-86,7,-10,17,-8,6,-80
BIRK,Birkenstock,42.99,0,-34,-9,0,-43,5,-32,-11,0,-38,-81
BALL,Ball Corporation,49.74,19,-48,-13,-13,-55,40,-56,-3,-7,-26,-81
AUR,Aurora Innovation,4.93,-19,-20,-11,0,-50,-7,-13,-28,17,-31,-81
PAYC,Paycom,202.29,14,-42,0,-26,-54,19,-45,-4,1,-29,-83
EEFT,Euronet Worldwide,88.81,29,-60,-13,-5,-49,21,-60,-10,15,-34,-83
CARR,Carrier Global,56.73,-1,-57,-9,0,-67,13,-53,-4,28,-16,-83
AS,Amer Sports,31.06,-70,-24,14,0,-80,7,-30,20,0,-3,-83
PRMB,Primo Brands,22.44,19,-100,-8,24,-65,8,-28,-20,20,-20,-85
ADBE,Adobe Inc.,354.13,14,0,-46,-8,-40,20,-9,-50,-7,-46,-86
WLK,Westlake Corporation,75.35,-5,-9,-50,-2,-66,5,-23,4,-8,-22,-88
EMN,Eastman Chemical Company,61.18,21,-23,-31,-3,-36,21,-25,-45,-4,-53,-89
PENN,Penn Entertainment,17.57,6,-12,-3,-36,-45,12,-21,10,-46,-45,-90
MRNA,Moderna,26.85,-7,0,-65,-6,-78,13,19,-5,-41,-14,-92
TEAM,Atlassian,167.86,26,-74,-16,-8,-72,17,-22,-28,13,-20,-92
CAVA,Cava Group,64.36,2,-50,-24,0,-72,5,8,-38,4,-21,-93
CDW,CDW,156.31,21,-56,-52,0,-87,28,-21,-3,-10,-6,-93
TAP,Molson Coors,46.58,0,-31,-23,-2,-56,-12,4,-24,-5,-37,-93
ATR,AptarGroup,130.07,0,-58,-13,22,-49,16,-55,-5,-1,-45,-94
IRDM,Iridium Communications,19.67,4,-59,-14,-21,-90,14,6,-5,-21,-6,-96
FCN,FTI Consulting,155.88,0,-31,-47,0,-78,15,-25,-4,-7,-21,-99
AKAM,Akamai Technologies,74.7,0,-1,-36,-9,-46,15,-21,-36,-12,-54,-100
MTDR,Matador Resources,39.67,-7,-18,-39,0,-64,-2,-26,-1,-8,-37,-101
CHDN,Churchill Downs Incorporated,96.48,21,-38,-41,0,-58,19,-55,-4,-3,-43,-101
BBWI,"Bath & Body Works, Inc.",26.07,14,-33,-35,-17,-71,7,-26,-6,-8,-33,-104
KVUE,Kenvue,15.19,-2,-42,-8,0,-52,7,-52,-13,5,-53,-105
IAC,IAC Inc.,33.66,14,-24,-12,-33,-55,13,-16,-7,-40,-50,-105
MTN,Vail Resorts,149.57,0,-1,-43,-25,-69,-5,8,-1,-38,-36,-105
KHC,Kraft Heinz,25.63,22,-33,-52,-2,-65,46,-51,-24,-12,-41,-106
KBR,"KBR, Inc.",43.38,-6,-20,-40,0,-66,10,-30,-18,-3,-41,-107
CCCS,CCC Intelligent Solutions,8.98,-35,-23,-38,0,-96,9,-25,12,-8,-12,-108
ALAB,Astera Labs,154.89,-57,-4,7,0,-54,-54,-15,15,0,-54,-108
IFF,International Flavors & Fragrances,64.85,45,-60,-33,-33,-81,46,-26,-45,-3,-28,-109
SMG,Scotts Miracle-Gro Company,54.85,0,-39,-32,-41,-112,14,-25,16,-3,2,-110
GIS,General Mills,49.19,0,0,-51,-6,-57,21,-7,-47,-21,-54,-111
CAG,Conagra Brands,18.8,14,-13,-42,-9,-50,20,-32,-24,-25,-61,-111
CLX,Clorox,118.17,-2,-13,-27,-7,-49,-7,-17,-37,-1,-62,-111
ILMN,"Illumina, Inc.",97.23,22,-1,-38,-42,-59,-5,-17,12,-42,-52,-111
CHH,Choice Hotels,102.88,9,-55,-13,0,-59,15,-56,-27,16,-52,-111
ARE,Alexandria Real Estate Equities,77.79,8,-11,-47,-32,-82,15,-13,5,-37,-30,-112
UHAL,U-Haul,55.62,0,-61,-25,0,-86,15,-25,-38,22,-26,-112
MOS,Mosaic Company (The),29.65,-70,-9,26,-18,-71,1,-9,-1,-32,-41,-112
FDS,FactSet,289.98,28,-67,-15,-2,-56,21,-63,-13,-3,-58,-114
CZR,Caesars Entertainment,22.61,0,-13,-36,-27,-76,13,-9,-4,-39,-39,-115
ODFL,Old Dominion Freight Line,141.01,21,-60,-36,0,-75,36,-34,-41,-3,-42,-117
TDC,Teradata,21.19,0,0,-89,-19,-108,13,-3,-1,-18,-9,-117
PB,Prosperity Bancshares,62.89,-41,-61,-14,16,-100,-2,-27,-5,16,-18,-118
GFS,GlobalFoundries,34.49,0,0,-92,0,-92,-2,-4,-4,-19,-29,-121
WHR,Whirlpool Corporation,73.0,0,-26,-15,-28,-69,15,-23,-6,-38,-52,-121
LULU,Lululemon Athletica,178.25,21,-96,-21,-5,-101,21,2,-30,-14,-21,-122
APD,Air Products,253.16,-77,-22,-5,0,-104,-2,-27,-1,12,-18,-122
DV,DoubleVerify,11.72,16,-32,-80,0,-96,16,-34,-3,-12,-33,-129
AAL,American Airlines Group,12.07,0,-5,-31,-78,-114,12,2,9,-41,-18,-132
GPK,Graphic Packaging,17.82,0,-39,-29,-1,-69,16,-36,-42,-2,-64,-133
UPS,United Parcel Service,87.08,30,0,-116,-18,-104,38,12,-44,-36,-30,-134
DAR,Darling Ingredients,31.12,0,-18,-16,-22,-56,-14,-31,-3,-32,-80,-136
KMX,CarMax,43.86,-1,-24,-29,-38,-92,12,-22,-33,-2,-45,-137
CBSH,Commerce Bancshares,53.51,-82,-56,-4,13,-129,9,-31,-3,15,-10,-139
RYAN,Ryan Specialty,52.96,-59,-84,-13,0,-156,9,-2,-19,27,15,-141
CE,Celanese,40.43,0,-53,-53,-12,-118,16,-23,-7,-11,-25,-143
NWL,Newell Brands,4.86,0,-20,-37,-33,-90,-1,-23,8,-38,-54,-144
SAM,Boston Beer Company,218.67,-9,0,-45,-39,-93,-16,8,1,-46,-53,-146
ACHC,Acadia Healthcare,23.46,-66,29,-58,-13,-108,-23,-1,3,-18,-39,-147
MORN,"Morningstar, Inc.",219.86,7,-59,-30,-1,-83,15,-72,-8,-2,-67,-150
WSC,WillScot Mobile Mini,21.56,-7,-58,-75,-8,-148,12,4,-4,-14,-2,-150
CMCSA,Comcast,29.41,-2,-61,-45,-11,-119,14,-25,-12,-10,-33,-152
UHAL-B,U-Haul (Series N),50.63,1,-61,-33,0,-93,14,-25,-47,-3,-61,-154
EPAM,EPAM Systems,156.48,14,-31,-36,-29,-82,19,-29,-27,-39,-76,-158
GLOB,Globant,59.57,14,-110,-36,-9,-141,19,8,-36,-9,-18,-159
HRL,Hormel Foods,24.15,15,-69,-20,-25,-99,40,-65,-7,-32,-64,-163
INSP,Inspire Medical Systems,81.53,21,-111,-33,-8,-131,18,6,-38,-19,-33,-164
OLN,Olin Corporation,22.67,-28,0,-70,-11,-109,-31,-9,8,-25,-57,-166
CLVT,Clarivate,3.63,2,-24,-87,-8,-117,19,-24,-1,-44,-50,-167
LBRDA,Liberty Broadband (Series A),56.16,-70,-5,-13,-38,-126,-34,-5,-13,10,-42,-168
ALGN,Align Technology,135.55,23,-59,-77,-27,-140,21,4,-13,-40,-28,-168
LBRDK,Liberty Broadband (Series C),56.35,-70,-5,-13,-38,-126,-34,-5,-13,10,-42,-168
DOW,Dow Inc.,21.7,-5,-23,-53,-3,-84,7,-17,-68,-10,-88,-172
TREX,"Trex Company, Inc.",50.51,-35,-29,-64,-15,-143,5,-25,-4,-8,-32,-175
FMC,FMC Corporation,29.66,-9,-39,-50,-26,-124,10,-29,-5,-28,-52,-176
MKTX,MarketAxess,171.76,0,-63,-38,-31,-132,8,2,-12,-46,-48,-180
CHTR,Charter Communications,244.97,-70,-5,-14,-38,-127,-34,-5,-14,-3,-56,-183
STZ,Constellation Brands,140.17,0,-42,-55,-5,-102,-10,8,-71,-10,-83,-185
FLO,Flowers Foods,12.89,14,-48,-47,-10,-91,37,-41,-67,-25,-96,-187
COLD,Americold,13.66,38,-142,-51,-13,-168,40,8,-51,-17,-20,-188
BF-B,Brown–Forman (Class B),28.09,34,-1,-113,-20,-100,-5,-9,-45,-30,-89,-189
ENPH,Enphase Energy,36.09,-7,-1,-56,-22,-86,-7,-13,-63,-26,-109,-195
WU,Western Union,8.14,0,-3,-33,-48,-84,-12,-25,-68,-7,-112,-196
GME,GameStop,22.5,-94,-5,-4,-32,-135,-33,-6,-13,-9,-61,-196
LCID,Lucid Motors,18.5,-83,-1,-14,0,-98,-32,-4,-27,-37,-100,-198
WEN,Wendy's Company (The),9.23,13,-84,-47,-10,-128,19,-31,-42,-17,-71,-199
BMRN,BioMarin Pharmaceutical,53.38,0,-33,-60,-22,-115,12,-47,-25,-24,-84,-199
DXC,DXC Technology,13.27,10,-13,-35,-75,-113,15,-24,-42,-36,-87,-200
COTY,Coty,4.15,-20,-3,-74,-9,-106,-12,4,-76,-11,-95,-201
HUN,Huntsman Corporation,8.16,-5,-24,-55,-17,-101,5,-24,-50,-35,-104,-205
OGN,Organon & Co.,8.94,-77,-5,-39,0,-121,-35,-5,-52,-6,-98,-219
PRGO,Perrigo,21.65,13,-55,-12,-115,-169,16,-4,-12,-57,-57,-226
XRAY,Dentsply Sirona,13.02,21,-59,-91,-44,-173,16,-24,-5,-42,-55,-228
WY,Weyerhaeuser,23.6,-83,-29,-33,-1,-146,5,-33,-45,-10,-83,-229
CHRD,Chord Energy,89.18,-126,-18,-60,0,-204,-12,-27,14,-8,-33,-237
CIVI,Civitas Resources,27.39,-70,-9,-65,-2,-146,-84,-7,9,-11,-93,-239
UA,Under Armour (Class C),4.64,-11,-53,-38,-39,-141,-2,-55,-5,-39,-101,-242
BF-A,Brown–Forman (Class A),27.62,0,-33,-112,-20,-165,-7,5,-52,-26,-80,-245
BAX,Baxter International,22.94,8,-75,-33,-40,-140,-11,-28,-24,-43,-106,-246
UAA,Under Armour (Class A),4.78,-11,-53,-38,-46,-148,-2,-55,-5,-39,-101,-249
BRBR,BellRing Brands,33.36,-4,-118,-23,0,-145,7,-110,-29,-1,-133,-278
DJT,Trump Media & Technology Group,15.65,-67,-101,-66,0,-234,-12,-32,-34,-11,-89,-323
LYB,LyondellBasell,45.22,-74,-58,-54,-7,-193,-31,-23,-68,-9,-131,-324
MAN,ManpowerGroup,33.38,-54,-41,-56,-30,-181,-26,-33,-56,-38,-153,-334
RHI,Robert Half,29.64,-82,-188,-39,-11,-320,-25,-25,-37,-34,-121,-441
