Symbol,Name,Close,1H Cloud Score,1D Cloud Score,1W Cloud Score,1M Cloud Score,Cloud Score Sum,1H TKx Score,1D TKx Score,1W TKx Score,1M TKx Score,TKx Score Sum,Total Score Sum
TJX,TJX Companies,139.91,-3,33,153,199,382,4,37,122,194,357,739
ORLY,O'Reilly Auto Parts,103.64,-14,44,168,200,398,-19,50,59,90,180,578
GOOGL,Alphabet (Class A),252.07,133,79,13,177,402,80,53,10,22,165,567
GOOG,Alphabet (Class C),252.35,133,79,12,177,401,80,53,9,22,164,565
COOP,Mr. Cooper Group,219.72,0,90,124,59,273,-1,89,122,57,267,540
JPM,JPMorgan Chase,313.2,43,92,128,159,422,46,17,15,27,105,527
GS,Goldman Sachs,804.67,65,90,97,59,311,56,101,15,22,194,505
RBA,RB Global,117.9,59,101,109,28,297,12,50,112,20,194,491
ITT,ITT Inc.,182.88,52,96,21,100,269,72,103,15,27,217,486
GLW,Corning Inc.,79.6,133,89,24,18,264,82,96,13,15,206,470
FIX,Comfort Systems USA,799.42,54,93,22,65,234,58,105,15,56,234,468
WDC,Western Digital,105.16,133,90,17,19,259,82,101,15,4,202,461
WELL,Welltower,166.5,-19,87,121,59,248,-19,48,138,25,192,440
MS,Morgan Stanley,159.22,58,90,81,65,294,7,101,15,17,140,434
PLTR,Palantir Technologies,176.91,56,103,121,0,280,1,1,124,21,147,427
APP,AppLovin,621.59,127,35,110,0,272,82,43,11,19,155,427
KRC,Kilroy Realty,44.45,183,80,11,0,274,42,83,11,12,148,422
HWM,Howmet Aerospace,191.82,77,7,153,30,267,-10,7,97,58,152,419
CASY,Casey's,543.35,0,9,118,88,215,-4,5,122,79,202,417
BK,BNY Mellon,108.49,42,92,99,41,274,10,96,15,20,141,415
MSI,Motorola Solutions,474.52,-13,45,6,154,192,-26,55,6,186,221,413
WRB,W. R. Berkley Corporation,73.12,0,16,99,177,292,6,29,29,56,120,412
LOPE,Grand Canyon Education,209.1,42,30,152,36,260,40,29,39,35,143,403
NRG,NRG Energy,164.23,59,5,108,95,267,-9,4,118,22,135,402
DDS,Dillard's,601.52,134,72,19,55,280,22,26,12,56,116,396
ORI,Old Republic International,39.74,-25,27,152,59,213,-21,25,122,56,182,395
IBM,IBM,265.01,78,1,114,55,248,20,9,61,57,147,395
AAPL,Apple Inc.,237.85,23,57,3,252,335,28,25,7,-1,59,394
APH,Amphenol,122.09,67,103,24,66,260,-14,105,15,28,134,394
KLAC,KLA Corporation,1046.17,70,9,19,178,276,71,3,15,27,116,392
MA,Mastercard,585.91,17,35,131,156,339,12,-3,15,27,51,390
BX,Blackstone Inc.,188.69,65,61,9,143,278,70,8,10,22,110,388
FTAI,FTAI Aviation,178.16,140,36,8,48,232,72,36,11,32,151,383
C,Citigroup,102.42,60,90,24,19,193,56,100,15,15,186,379
WMT,Walmart,103.61,79,14,132,102,327,-3,5,15,30,47,374
AMG,Affiliated Managers Group,244.01,133,96,16,23,268,6,67,15,18,106,374
LYV,Live Nation Entertainment,164.65,-6,91,99,148,332,-19,29,14,17,41,373
PFGC,Performance Food Group,108.04,43,93,58,44,238,41,19,15,58,133,371
PANW,Palo Alto Networks,205.68,168,10,4,82,264,23,11,15,58,107,371
FAST,Fastenal,47.2,-2,112,128,107,345,-19,-5,19,27,22,367
CDNS,Cadence Design Systems,364.91,11,1,22,142,176,4,-15,15,181,185,361
STE,Steris,250.5,42,29,19,196,286,-1,22,27,26,74,360
EVR,Evercore,359.64,64,89,12,59,224,69,25,13,27,134,358
LITE,Lumentum,171.49,126,88,19,4,237,1,96,13,11,121,358
AM,Antero Midstream,18.62,15,12,153,24,204,7,5,83,56,151,355
CIEN,Ciena,137.99,119,90,14,13,236,77,12,13,17,119,355
HUBB,Hubbell Incorporated,440.07,0,88,6,183,277,-26,19,11,72,76,353
AZO,AutoZone,4131.02,-18,43,99,87,211,-26,50,59,58,141,352
RTX,RTX Corporation,158.19,28,89,82,55,254,-2,-6,89,15,96,350
SO,Southern Company,91.45,-1,0,81,191,271,-15,-15,28,80,78,349
ROL,"Rollins, Inc.",55.74,-25,-4,36,287,294,1,-12,28,36,53,347
SGI,Somnigroup International,86.03,1,90,46,65,202,-1,103,15,27,144,346
TLN,Talen Energy,415.41,65,102,44,0,211,79,37,16,3,135,346
CAT,Caterpillar Inc.,467.34,42,89,13,65,209,49,14,13,58,134,343
YUM,Yum! Brands,145.25,-7,6,33,260,292,-7,6,-7,58,50,342
LLY,Lilly (Eli),762.91,59,4,-8,173,228,16,12,-12,97,113,341
RBC,RBC Bearings,384.7,7,-5,98,165,265,10,-13,19,58,74,339
MPWR,Monolithic Power Systems,918.4,14,90,8,158,270,19,34,15,1,69,339
MLI,Mueller Industries,100.25,49,62,12,59,182,10,55,13,72,150,332
LRCX,Lam Research,126.37,66,12,14,153,245,73,4,15,-6,86,331
L,Loews Corporation,97.04,0,90,117,56,263,2,25,15,25,67,330
TIGO,Millicom,48.04,4,170,82,3,259,25,-1,29,17,70,329
CMI,Cummins,426.29,49,62,10,66,187,46,53,11,31,141,328
MCD,McDonald's,301.1,-51,26,57,243,275,-7,-1,3,58,53,328
ACM,AECOM,133.0,42,96,21,66,225,-11,25,15,73,102,327
TPR,"Tapestry, Inc.",113.33,47,90,85,22,244,40,7,13,20,80,324
V,Visa Inc.,338.23,-2,-1,142,134,273,12,-3,15,27,51,324
GE,GE Aerospace,297.05,49,101,24,28,202,45,12,35,30,122,324
COST,Costco,952.24,-5,-1,0,181,175,-19,-12,-7,185,147,322
JEF,Jefferies Financial Group,70.38,55,66,2,59,182,10,66,6,58,140,322
SNDK,SanDisk,98.89,134,23,0,0,157,133,25,7,0,165,322
RJF,Raymond James Financial,173.81,20,89,97,59,265,10,12,12,20,54,319
ALLE,Allegion,178.78,43,102,14,22,181,42,58,15,23,138,319
TRV,Travelers Companies (The),278.09,7,26,96,59,188,4,37,29,57,127,315
MNST,Monster Beverage,64.62,42,29,31,181,283,-1,3,24,5,31,314
SSNC,SS&C Technologies,89.24,5,66,95,15,181,10,91,12,16,129,310
HD,Home Depot (The),417.51,0,42,6,181,229,-1,55,7,20,81,310
EXEL,Exelixis,40.46,59,0,69,15,143,77,4,60,25,166,309
LHX,L3Harris,282.73,44,112,17,6,179,-7,105,17,15,130,309
ITW,Illinois Tool Works,263.7,-6,61,7,179,241,-1,25,12,30,66,307
ADI,Analog Devices,249.12,7,21,16,180,224,19,21,15,27,82,306
RSG,Republic Services,226.76,-34,-36,129,178,237,-26,-61,-6,161,68,305
CBRE,CBRE Group,165.69,7,74,97,23,201,6,70,13,15,104,305
GD,General Dynamics,324.56,0,112,13,55,180,-16,67,15,58,124,304
ABBV,AbbVie,222.0,42,42,22,59,165,14,49,8,65,136,301
ALAB,Astera Labs,251.87,76,88,2,0,166,75,50,10,0,135,301
NVT,Nvent Electric,98.61,67,90,13,13,183,7,103,13,-6,117,300
OLLI,Ollie's Bargain Outlet,138.37,28,4,120,17,169,37,2,68,24,131,300
CG,Carlyle Group (The),69.35,49,81,13,22,165,12,92,12,19,135,300
ALL,Allstate,205.71,6,1,102,160,269,7,-10,16,18,31,300
HPE,Hewlett Packard Enterprise,25.25,69,86,6,43,204,5,23,12,55,95,299
PTC,PTC Inc.,206.19,0,89,11,183,283,-18,-6,12,27,15,298
SF,Stifel,115.55,8,80,13,60,161,7,95,12,21,135,296
HEI,HEICO (Common),321.41,4,0,30,190,224,-12,3,21,58,70,294
AMAT,Applied Materials,189.78,65,1,0,150,216,70,1,13,-6,78,294
CRS,Carpenter Technology Corporation,246.78,2,-19,151,36,170,-5,2,76,50,123,293
COF,Capital One,229.74,19,96,99,22,236,7,16,15,19,57,293
LOW,Lowe's,267.53,0,42,5,167,214,-1,54,6,20,79,293
URI,United Rentals,942.8,-3,90,12,65,164,-5,61,13,58,127,291
HLI,Houlihan Lokey,208.42,55,92,22,45,214,10,25,15,27,77,291
ETR,Entergy,87.83,-8,0,81,138,211,-17,-13,94,15,79,290
ANET,Arista Networks,146.66,0,75,12,59,146,5,71,11,57,144,290
EHC,Encompass Health,125.3,0,24,148,30,202,2,27,29,30,88,290
LDOS,Leidos,187.23,49,102,7,24,182,7,59,18,20,104,286
AXON,Axon Enterprise,767.03,36,-6,150,95,275,-15,-20,15,31,11,286
SNX,TD Synnex,150.75,-2,90,20,64,172,-18,96,13,22,113,285
AWI,Armstrong World Industries,197.41,0,97,99,22,218,-24,56,15,20,67,285
J,Jacobs Solutions,149.6,42,88,11,107,248,10,-6,12,20,36,284
TTWO,Take-Two Interactive,249.75,106,13,50,14,183,9,20,50,21,100,283
LIN,Linde plc,476.0,0,33,18,111,162,1,-2,15,107,121,283
DTE,DTE Energy,135.12,-1,0,79,190,268,-21,-12,32,14,13,281
AME,Ametek,188.67,0,35,9,107,151,-23,35,15,102,129,280
BSX,Boston Scientific,98.23,-49,-5,149,145,240,-47,14,15,58,40,280
RL,Ralph Lauren Corporation,313.98,1,92,99,35,227,-11,21,15,27,52,279
AVGO,Broadcom,345.3,0,93,24,117,234,-14,10,15,31,42,276
DUK,Duke Energy,120.39,-8,0,81,184,257,-17,-10,27,17,17,274
AAON,AAON,88.73,7,1,-18,246,236,15,19,-30,32,36,272
WMB,Williams Companies,60.38,14,1,117,53,185,8,6,15,58,87,272
SPOT,Spotify,734.19,9,4,117,13,143,7,1,100,21,129,272
PSTG,Pure Storage,87.04,125,20,4,43,192,-1,12,11,58,80,272
KMI,Kinder Morgan,27.67,49,0,97,45,191,7,6,13,53,79,270
NFLX,Netflix,1207.98,0,0,121,21,142,16,-1,92,21,128,270
DOCS,Doximity,73.6,71,60,59,0,190,35,25,5,13,78,268
NTAP,Netapp,126.37,133,33,3,58,227,5,25,12,-2,40,267
ORCL,Oracle Corporation,296.59,9,7,16,199,231,-12,4,15,28,35,266
IRM,Iron Mountain,98.91,57,4,1,58,120,70,3,15,57,145,265
AYI,Acuity Brands,344.65,36,66,9,28,139,-1,95,11,21,126,265
EBAY,eBay,89.59,-35,99,82,15,161,9,-10,87,17,103,264
ULTA,Ulta Beauty,535.02,20,100,17,5,142,12,103,17,-10,122,264
R,Ryder,185.57,-6,75,16,57,142,-9,61,13,57,122,264
ESI,Element Solutions,26.97,70,62,2,58,192,34,26,12,-2,70,262
CBOE,Cboe Global Markets,234.35,-3,-1,149,56,201,-2,-16,27,52,61,262
HEI-A,HEICO (Class A),253.41,1,1,31,183,216,-11,4,22,31,46,262
AJG,Arthur J. Gallagher & Co.,296.57,-34,0,0,187,153,8,-3,-7,108,106,259
ETN,Eaton Corporation,371.3,49,0,13,115,177,-12,7,13,73,81,258
DASH,DoorDash,268.07,9,89,102,0,200,19,4,15,19,57,257
BPOP,"Popular, Inc.",127.82,7,97,22,60,186,11,25,15,20,71,257
FWONA,Liberty Formula 1 (Series A),93.89,17,3,74,63,157,12,17,14,57,100,257
CHD,Church & Dwight,92.05,-35,-38,-21,345,251,-1,-1,-19,26,5,256
RPM,RPM International,124.06,-9,41,5,181,218,-23,50,12,-1,38,256
ATO,Atmos Energy,162.48,-16,30,79,46,139,-16,-4,90,46,116,255
FFIV,"F5, Inc.",331.92,6,89,99,15,209,9,3,15,18,45,254
SCI,Service Corporation International,80.53,42,6,2,176,226,10,-9,13,14,28,254
FWONK,Liberty Formula 1 (Series C),103.71,16,3,75,58,152,12,17,15,57,101,253
T,AT&T,29.2,0,30,75,17,122,-17,32,99,16,130,252
HHH,Howard Hughes Holdings,83.66,133,30,3,1,167,41,25,4,15,85,252
BRK-B,Berkshire Hathaway,490.4,-6,16,129,63,202,9,24,-10,27,50,252
DGX,Quest Diagnostics,183.31,7,29,73,19,128,8,27,73,15,123,251
EXPD,Expeditors International,124.06,45,35,6,132,218,-1,26,11,-4,32,250
CACI,CACI,495.72,51,8,7,155,221,10,2,19,-2,29,250
INSM,Insmed,145.86,2,70,69,17,158,14,40,15,21,90,248
KKR,KKR & Co. Inc.,149.39,49,1,2,104,156,58,1,11,22,92,248
NEU,NewMarket,826.77,-6,112,24,30,160,6,26,27,28,87,247
MEDP,Medpace,502.48,43,64,9,33,149,10,74,9,3,96,245
CINF,Cincinnati Financial,156.0,2,33,90,63,188,1,24,15,16,56,244
DRS,Leonardo DRS,42.59,34,-22,144,59,215,-11,-5,15,30,29,244
PGR,Progressive Corporation,241.98,-14,-70,-1,178,93,-21,-10,-8,190,151,244
NWS,News Corp (Class B),33.56,14,0,117,59,190,28,-12,15,22,53,243
CW,Curtiss-Wright,512.69,7,98,24,55,184,-12,6,15,50,59,243
BR,Broadridge Financial Solutions,242.6,-26,-4,119,146,235,-22,-12,15,26,7,242
HOOD,Robinhood Markets,120.87,9,92,86,0,187,12,9,15,19,55,242
FYBR,Frontier Communications,37.34,-2,28,94,0,120,-19,27,99,15,122,242
NEM,Newmont,78.32,0,114,24,6,144,-14,76,24,11,97,241
ICE,Intercontinental Exchange,171.04,-28,-14,117,162,237,-25,-20,27,22,4,241
SOFI,SoFi,28.09,65,82,51,0,198,-9,26,13,12,42,240
COR,Cencora,290.84,-23,13,49,76,115,-26,22,60,69,125,240
WM,"Waste Management, Inc.",215.9,-70,-19,0,188,99,-26,-25,32,160,141,240
MSFT,Microsoft,508.43,35,0,21,174,230,-10,-23,15,26,8,238
MU,Micron Technology,168.89,77,16,3,23,119,77,25,15,1,118,237
PM,Philip Morris International,161.74,-7,-4,75,56,120,9,-10,90,28,117,237
META,Meta Platforms,780.45,29,90,22,30,171,26,3,13,24,66,237
APO,Apollo Global Management,143.5,43,0,0,98,141,57,1,11,27,96,237
CME,CME Group,260.56,-3,-24,59,137,169,11,-19,55,20,67,236
OZK,Bank OZK,53.17,5,90,22,57,174,10,18,13,20,61,235
GM,General Motors,59.25,42,72,12,12,138,6,64,12,14,96,234
PHM,PulteGroup,134.07,-9,63,6,66,126,-1,67,11,30,107,233
WCC,Wesco International,214.92,-9,89,12,59,151,10,-1,13,58,80,231
TOL,Toll Brothers,139.85,-13,74,5,62,128,-1,67,9,27,102,230
HIG,Hartford (The),131.4,-21,32,99,58,168,-21,-1,26,57,61,229
CHRW,C.H. Robinson,137.1,42,58,8,5,113,45,51,11,9,116,229
SYY,Sysco,81.93,4,77,12,4,97,13,90,12,15,130,227
AXS,AXIS Capital,96.28,-25,0,91,46,112,-23,-3,87,54,115,227
NU,Nubank,16.0,65,21,6,0,92,82,16,15,20,133,225
CMA,Comerica,70.36,14,64,12,5,95,10,95,12,13,130,225
GRMN,Garmin,237.26,-6,63,117,20,194,-26,24,11,22,31,225
WPC,W. P. Carey,67.45,-1,87,34,3,123,-15,79,31,6,101,224
UNP,Union Pacific Corporation,220.37,8,-18,-11,199,178,37,-10,-1,20,46,224
PPL,PPL Corporation,35.58,-12,48,81,24,141,-17,-9,93,15,82,223
INTU,Intuit,674.84,7,-21,22,192,200,14,-27,15,21,23,223
AXP,American Express,341.66,17,19,22,100,158,11,19,13,22,65,223
EME,Emcor,628.53,-1,90,22,59,170,-28,9,13,58,52,222
LMT,Lockheed Martin,473.56,75,16,-34,166,223,-7,18,-9,-3,-1,222
EXPE,Expedia Group,221.92,43,63,54,12,172,-6,29,11,15,49,221
OMF,OneMain Financial,61.61,0,90,22,61,173,-20,25,15,27,47,220
ROIV,Roivant Sciences,15.1,114,27,6,0,147,14,43,15,1,73,220
MDT,Medtronic,95.59,42,57,16,2,117,10,71,8,14,103,220
VNT,Vontier,43.52,7,90,10,0,107,9,97,13,-6,113,220
UNM,Unum,76.24,86,1,3,41,131,8,10,15,55,88,219
GL,Globe Life,143.55,42,42,50,15,149,10,41,9,9,69,218
MLM,Martin Marietta Materials,620.45,0,45,11,61,117,8,50,15,28,101,218
PNR,Pentair,111.52,7,90,14,63,174,-21,27,13,25,44,218
CPNG,Coupang,33.41,68,9,22,0,99,77,9,15,18,119,218
VMC,Vulcan Materials,298.59,5,42,11,61,119,5,50,15,28,98,217
SRE,Sempra,82.48,0,45,5,182,232,-17,-10,13,-2,-16,216
DCI,Donaldson Company,81.73,7,42,7,66,122,-1,49,15,31,94,216
FNB,FNB Corporation,16.56,0,90,6,56,152,10,20,14,20,64,216
TKO,TKO Group Holdings,202.83,0,28,76,41,145,-16,21,15,51,71,216
BWXT,BWX Technologies,173.95,49,88,18,36,191,-9,-14,15,32,24,215
EVRG,Evergy,71.28,-1,71,63,15,148,-17,-9,82,11,67,215
FHN,First Horizon Corporation,23.23,10,90,57,5,162,10,19,13,11,53,215
NTRS,Northern Trust,132.13,20,90,21,12,143,10,32,15,14,71,214
JHG,Janus Henderson,45.18,7,75,11,20,113,10,59,12,19,100,213
BLK,BlackRock,1136.97,42,89,22,23,176,9,-10,15,22,36,212
BKNG,Booking Holdings,5430.94,-7,-1,141,36,169,8,-7,15,27,43,212
WFC,Wells Fargo,83.5,19,6,97,30,152,11,14,15,20,60,212
TSLA,"Tesla, Inc.",416.71,70,29,3,11,113,42,35,9,11,97,210
AU,AngloGold Ashanti,64.63,0,34,81,19,134,-12,43,29,15,75,209
AIZ,Assurant,209.24,-9,31,6,153,181,2,-2,7,20,27,208
PG,Procter & Gamble,157.28,-5,0,-11,180,164,14,22,-19,27,44,208
JLL,Jones Lang LaSalle,319.72,15,64,9,15,103,12,69,9,15,105,208
NFG,National Fuel Gas,87.38,0,7,65,53,125,6,-10,76,11,83,208
TPG,TPG Inc.,63.74,43,73,7,0,123,55,1,9,20,85,208
VMI,Valmont Industries,378.95,0,80,67,59,206,-26,4,12,11,1,207
LLYVA,Liberty Live (Series A),95.09,-6,103,35,0,132,-6,64,15,1,74,206
KEYS,Keysight,177.21,76,12,3,1,92,81,12,13,6,112,204
ZG,Zillow (Class A),86.44,18,63,59,0,140,14,19,8,21,62,202
ARES,Ares Management,183.42,7,1,22,60,90,7,-17,15,107,112,202
SPGI,S&P Global,507.8,-7,-1,21,173,186,-7,-13,13,22,15,201
ALNY,Alnylam Pharmaceuticals,452.02,-25,89,22,16,102,-29,97,15,16,99,201
NOW,ServiceNow,947.88,66,0,0,83,149,7,9,13,23,52,201
XOM,ExxonMobil,113.93,40,9,2,45,96,21,18,14,51,104,200
CNP,Centerpoint Energy,38.22,4,44,54,46,148,-15,2,48,16,51,199
SYF,Synchrony Financial,76.54,7,90,22,22,141,1,25,13,19,58,199
FTI,TechnipFMC,39.22,-8,90,22,28,132,1,12,15,38,66,198
USFD,US Foods,78.36,0,-14,148,36,170,-17,3,15,27,28,198
SCCO,Southern Copper,107.28,90,12,3,63,168,-7,25,15,-3,30,198
GWRE,Guidewire Software,246.64,0,10,115,22,147,5,10,15,21,51,198
MMC,Marsh McLennan,196.15,-29,-71,-8,176,68,-25,-9,-16,179,129,197
AN,AutoNation,221.11,-9,27,22,62,102,-1,23,15,58,95,197
PH,Parker Hannifin,756.07,-21,91,22,66,158,-29,22,15,31,39,197
CRWD,CrowdStrike,502.56,42,1,50,0,93,66,2,15,21,104,197
NI,NiSource,40.15,-1,-4,79,46,120,-21,-11,94,15,77,197
MCO,Moody's Corporation,482.55,-6,-1,21,157,171,-1,-13,13,26,25,196
AFRM,Affirm Holdings,89.91,18,72,17,0,107,25,33,13,18,89,196
XYL,Xylem Inc.,142.2,30,90,13,23,156,10,-9,15,23,39,195
IBKR,Interactive Brokers,64.92,7,1,94,58,160,-21,-17,15,58,35,195
RF,Regions Financial Corporation,27.43,7,89,12,23,131,10,26,13,15,64,195
UTHR,United Therapeutics,410.0,12,26,3,58,99,7,26,3,60,96,195
WEC,WEC Energy Group,109.48,0,46,60,14,120,-13,3,73,12,75,195
SHW,Sherwin-Williams,349.64,-35,33,0,191,189,-27,-3,15,20,5,194
CRH,CRH plc,112.43,0,44,12,65,121,-17,53,9,28,73,194
TSCO,Tractor Supply Company,59.88,0,6,12,86,104,2,-7,9,86,90,194
EQH,Equitable Holdings,54.39,10,11,97,12,130,6,22,15,20,63,193
BRX,Brixmor Property Group,27.86,-6,72,5,56,127,-1,25,15,27,66,193
CELH,Celsius Holdings,55.18,-24,129,0,66,171,11,-2,23,-10,22,193
IDA,Idacorp,125.63,36,59,61,19,175,-16,-9,31,11,17,192
MP,MP Materials,72.13,14,73,37,0,124,28,-15,50,5,68,192
CVNA,Carvana,378.21,14,2,97,12,125,23,10,15,17,65,190
DE,Deere & Company,475.97,1,-20,54,110,145,17,-33,50,11,45,190
MTZ,MasTec,199.45,49,7,24,19,99,49,12,15,14,90,189
PWR,Quanta Services,390.51,4,0,22,100,126,-26,1,15,73,63,189
NDAQ,"Nasdaq, Inc.",88.86,-25,-1,81,145,200,-27,-14,15,15,-11,189
PRI,Primerica,272.59,-1,12,0,109,120,4,19,13,31,67,187
BWA,BorgWarner,44.43,15,92,13,3,123,9,56,15,-17,63,186
LNG,Cheniere Energy,234.29,-13,3,65,59,114,2,-2,15,57,72,186
MTG,MGIC Investment Corporation,28.51,2,27,24,56,109,6,27,15,29,77,186
ADT,ADT Inc.,8.66,-9,110,36,0,137,-16,25,30,9,48,185
GGG,Graco Inc.,85.03,-6,0,1,179,174,-1,-2,15,-1,11,185
UI,Ubiquiti,626.5,10,19,57,11,97,7,54,15,11,87,184
IVZ,Invesco,22.65,7,66,12,3,88,7,62,12,14,95,183
XEL,Xcel Energy,72.16,-3,46,56,13,112,-18,15,64,10,71,183
TDY,Teledyne Technologies,562.24,4,89,57,15,165,-17,4,15,16,18,183
TER,Teradyne,118.81,7,61,0,3,71,19,91,8,-6,112,183
FOX,Fox Corporation (Class B),54.01,7,26,72,2,107,31,22,12,10,75,182
CLH,Clean Harbors,237.13,0,42,6,59,107,10,-9,15,58,74,181
LFUS,Littelfuse,266.37,7,90,8,3,108,-26,95,13,-9,73,181
DTM,DT Midstream,107.74,10,8,108,0,126,7,7,15,26,55,181
U,Unity Technologies,45.43,29,79,11,0,119,-7,53,15,1,62,181
LLYVK,Liberty Live (Series C),97.8,-6,96,35,0,125,-26,66,15,1,56,181
AON,AON,352.73,-25,-3,0,178,150,-21,-7,2,57,31,181
MSGS,Madison Square Garden Sports,215.31,63,8,2,22,95,63,15,8,-1,85,180
FSLR,First Solar,209.63,25,55,0,63,143,19,10,15,-7,37,180
PCAR,Paccar,101.4,2,11,-27,160,146,-5,2,2,35,34,180
LH,Labcorp,277.06,0,40,60,16,116,4,27,13,19,63,179
WBS,Webster Bank,62.34,1,90,13,15,119,10,19,13,18,60,179
AFG,American Financial Group,140.8,18,31,6,57,112,10,31,9,15,65,177
LYFT,Lyft,21.97,86,24,6,-2,114,28,19,15,1,63,177
WSM,"Williams-Sonoma, Inc.",199.14,0,56,13,66,135,9,4,7,22,42,177
DKS,Dick's Sporting Goods,227.21,2,56,2,64,124,9,4,5,34,52,176
NWSA,News Corp (Class A),30.45,28,4,14,59,105,31,3,15,22,71,176
CAH,Cardinal Health,150.06,0,-20,60,39,79,-23,9,53,58,97,176
MKSI,MKS Instruments,129.74,65,11,2,1,79,70,22,11,-6,97,176
SNA,Snap-on,339.51,42,11,3,60,116,-12,5,8,58,59,175
ATI,ATI Inc.,80.48,24,-21,21,44,68,30,9,15,53,107,175
NVDA,Nvidia,176.28,7,1,19,135,162,-13,-16,15,27,13,175
CVX,Chevron Corporation,158.85,28,52,12,49,141,21,-1,6,7,33,174
CFG,Citizens Financial Group,53.65,14,78,13,5,110,11,25,12,15,63,173
FOXA,Fox Corporation (Class A),59.84,14,26,73,2,115,6,22,13,15,56,171
DINO,HF Sinclair,53.1,21,92,5,2,120,23,22,15,-9,51,171
SPG,Simon Property Group,180.18,-7,59,6,36,94,-16,58,13,22,77,171
JCI,Johnson Controls,108.48,7,7,80,20,114,10,12,15,19,56,170
AGNC,AGNC Investment,10.1,-2,75,16,17,106,-40,73,13,18,64,170
LAZ,Lazard,57.22,7,73,7,21,108,10,25,12,14,61,169
GWW,W. W. Grainger,1005.29,5,0,-8,95,92,7,18,-6,58,77,169
RDDT,Reddit,270.71,12,65,2,0,79,49,34,7,0,90,169
BAC,Bank of America,52.14,43,23,22,19,107,12,20,15,15,62,169
AFL,Aflac,107.99,0,26,6,59,91,9,25,-13,56,77,168
FLEX,Flex Ltd.,58.13,5,19,23,59,106,-23,12,15,58,62,168
THG,Hanover Insurance,175.5,-23,29,66,25,97,-23,21,58,15,71,168
TDG,TransDigm Group,1286.6,0,-26,2,158,134,-12,-27,15,58,34,168
MAS,Masco,72.99,-9,56,-2,66,111,-27,56,6,22,57,168
PNC,PNC Financial Services,206.28,7,80,7,15,109,11,21,12,15,59,168
STT,State Street Corporation,113.2,4,92,22,17,135,5,-2,14,15,32,167
VST,Vistra Corp.,210.08,56,7,24,31,118,-11,1,13,46,49,167
SNPS,Synopsys,479.75,0,-7,-2,181,172,7,-19,13,-6,-5,167
HII,Huntington Ingalls Industries,274.69,4,129,13,7,153,-7,9,21,-10,13,166
FITB,Fifth Third Bancorp,46.28,10,66,5,23,104,10,23,12,17,62,166
OGE,OGE Energy,43.86,-1,-10,73,46,108,-17,-13,73,15,58,166
AMKR,Amkor Technology,29.18,66,75,0,3,144,7,11,9,-6,21,165
NET,Cloudflare,223.63,1,90,44,0,135,-18,12,15,20,29,164
NVR,"NVR, Inc.",8176.85,-27,59,0,66,98,-27,55,8,30,66,164
FICO,Fair Isaac,1523.24,-5,0,-11,167,151,-1,14,-33,32,12,163
HCA,HCA Healthcare,400.98,-9,29,8,98,126,-14,-1,21,30,36,162
Z,Zillow (Class C),89.99,20,63,16,0,99,14,19,9,21,63,162
KEY,Keycorp,19.12,1,90,13,5,109,5,19,13,14,51,160
MO,Altria,63.94,-28,43,75,46,136,-21,-3,31,17,24,160
GTES,Gates Corporation,25.85,2,90,22,16,130,-24,19,15,19,29,159
VIK,Viking Holdings,62.68,-25,90,0,0,65,-26,105,15,0,94,159
CTAS,Cintas,199.51,-171,-24,0,168,-27,-1,-19,18,188,186,159
MSA,MSA Safety,170.56,0,-3,0,165,162,10,-23,15,-6,-4,158
INCY,Incyte,86.0,4,76,8,1,89,10,40,11,8,69,158
F,Ford Motor Company,11.74,14,104,7,0,125,-1,24,15,-6,32,157
FIVE,Five Below,155.45,16,92,5,0,113,21,23,16,-16,44,157
SEB,Seaboard Corporation,3855.4,-8,64,10,2,68,-1,76,13,1,89,157
PEGA,Pegasystems,59.69,76,10,24,6,116,2,9,13,16,40,156
JBL,Jabil,223.17,8,1,24,66,99,-18,1,16,58,57,156
D,Dominion Energy,59.76,43,88,19,2,152,-13,-9,15,11,4,156
ALLY,Ally Financial,44.58,37,19,7,5,68,36,20,13,17,86,154
WYNN,Wynn Resorts,128.68,7,92,13,4,116,12,20,15,-9,38,154
NXST,Nexstar Media Group,206.57,16,89,14,5,124,10,-3,12,11,30,154
VTR,"Ventas, Inc.",67.99,-1,46,77,23,145,-18,1,9,16,8,153
ELAN,Elanco,19.1,7,93,7,0,107,14,25,14,-7,46,153
WTFC,Wintrust Financial,136.74,0,27,14,50,91,10,19,13,20,62,153
CRUS,Cirrus Logic,122.75,35,27,3,20,85,35,22,15,-4,68,153
FLS,Flowserve,57.7,7,61,3,28,99,9,10,8,26,53,152
SSB,SouthState Corporation,103.45,5,61,5,23,94,10,19,9,20,58,152
DHI,D. R. Horton,169.59,-28,63,6,66,107,-28,67,9,-3,45,152
EPR,EPR Properties,56.86,0,6,62,30,98,-12,9,35,22,54,152
AMGN,Amgen,275.83,-35,-11,-3,166,117,6,-12,3,37,34,151
BOKF,BOK Financial Corporation,113.35,5,59,5,23,92,10,25,9,15,59,151
NLY,Annaly Capital Management,21.7,-4,72,23,11,102,-40,58,13,17,48,150
HR,Healthcare Realty Trust,18.08,0,58,7,1,66,3,64,7,10,84,150
RS,"Reliance, Inc.",287.37,-35,-34,-1,116,46,-1,11,15,78,103,149
FERG,Ferguson Enterprises,229.28,5,3,16,66,90,19,-1,15,26,59,149
SSD,Simpson Manufacturing Company,184.2,-35,42,6,157,170,-29,-1,11,-2,-21,149
ADM,Archer Daniels Midland,60.8,-7,91,7,0,91,-3,67,15,-21,58,149
QCOM,Qualcomm,168.09,43,17,0,23,83,39,19,13,-6,65,148
PAG,Penske Automotive Group,178.5,-39,32,20,63,76,-1,-1,15,58,71,147
SEIC,SEI Investments Company,86.26,-6,-10,97,36,117,-5,-7,15,27,30,147
MCK,McKesson Corporation,690.08,-17,1,47,59,90,-27,18,-2,68,57,147
XP,XP Inc.,20.11,70,7,4,0,81,41,13,21,-9,66,147
TXT,Textron,83.94,28,6,1,54,89,34,14,15,-6,57,146
KR,Kroger,65.95,-21,-16,84,68,115,-21,-19,55,16,31,146
ZION,Zions Bancorporation,59.18,7,72,5,5,89,10,18,12,16,56,145
GNTX,Gentex,29.06,23,55,0,2,80,12,53,9,-9,65,145
STWD,Starwood Property Trust,20.3,-9,12,23,59,85,2,20,15,22,59,144
MKL,Markel,1944.92,0,-4,73,56,125,4,-26,13,27,18,143
THC,Tenet Healthcare,190.29,-25,27,19,58,79,2,24,13,25,64,143
TEM,Tempus AI,87.09,74,27,0,0,101,8,25,8,0,41,142
NOC,Northrop Grumman,573.7,-8,57,15,59,123,-7,-9,22,13,19,142
EXP,Eagle Materials,236.17,7,41,-20,58,86,-1,53,5,-1,56,142
ELF,e.l.f. Beauty,146.69,28,16,1,32,77,35,21,13,-6,63,140
IDXX,Idexx Laboratories,655.57,17,97,19,5,138,4,-8,15,-9,2,140
CSL,Carlisle Companies,331.59,-35,-5,-2,179,137,-32,-1,15,21,3,140
BKR,Baker Hughes,47.26,7,44,9,36,96,-5,13,9,27,44,140
CCL,Carnival Corporation & plc,31.45,-29,89,22,2,84,4,19,13,20,56,140
RGLD,Royal Gold,188.04,0,20,66,19,105,-12,28,1,17,34,139
ECG,Everus Construction Group,81.9,43,88,0,0,131,12,-17,12,0,7,138
ROKU,"Roku, Inc.",99.16,17,71,15,-20,83,21,19,10,5,55,138
LPLA,LPL Financial,339.34,-25,-15,50,100,110,-19,-26,15,58,28,138
STLD,Steel Dynamics,139.77,21,4,5,56,86,19,18,15,-1,51,137
W,Wayfair,88.39,0,90,9,-42,57,10,96,15,-41,80,137
NTRA,Natera,179.93,22,21,6,19,68,19,25,5,20,69,137
RCL,Royal Caribbean Group,325.95,-54,2,126,29,103,-28,18,15,28,33,136
LEN,Lennar (Class A),132.94,-29,46,-2,65,80,-1,55,6,-4,56,136
LEN-B,Lennar (Class B),126.42,-28,42,-1,63,76,-1,56,6,-2,59,135
AL,Air Lease Corporation,63.54,-14,20,22,23,51,19,23,15,27,84,135
VLO,Valero Energy,163.89,21,19,5,45,90,19,18,14,-6,45,135
LAMR,Lamar Advertising,125.3,-9,19,6,65,81,-1,19,13,22,53,134
MRP,Millrose Properties,34.64,0,79,0,0,79,-12,57,8,0,53,132
MSM,MSC Industrial Direct,92.83,7,19,12,59,97,9,21,15,-10,35,132
MPC,Marathon Petroleum,185.03,21,16,4,50,91,19,16,15,-9,41,132
CORT,Corcept Therapeutics,79.82,14,2,69,20,105,11,-8,-16,39,26,131
VRSN,Verisign,285.82,0,4,41,10,55,-1,11,57,8,75,130
PEG,Public Service Enterprise Group,81.21,-1,-12,0,153,140,-17,-20,9,18,-10,130
XPO,"XPO, Inc.",131.64,0,9,1,62,72,-1,18,12,28,57,129
UAL,United Airlines Holdings,105.36,-13,63,6,12,68,8,27,9,17,61,129
DRI,Darden Restaurants,192.75,-9,-1,49,62,101,-21,19,-1,31,28,129
EA,Electronic Arts,173.16,36,36,9,8,89,3,-7,21,22,39,128
KO,Coca-Cola Company (The),66.43,-76,-19,33,183,121,7,-12,-3,15,7,128
MMM,3M,155.4,-6,11,79,15,99,-25,24,15,15,29,128
PKG,Packaging Corporation of America,214.09,-9,20,0,62,73,-1,20,8,27,54,127
MRVL,Marvell Technology,74.21,21,0,-26,107,102,23,-22,5,19,25,127
ABT,Abbott Laboratories,134.57,22,19,61,14,116,12,-7,-9,15,11,127
BAM,Brookfield Asset Management,59.86,19,0,70,0,89,34,-20,15,9,38,127
FRHC,Freedom Holding,166.41,0,0,59,15,74,27,-20,15,31,53,127
FAF,First American Financial Corporation,67.27,3,39,7,15,64,5,36,2,19,62,126
MSTR,MicroStrategy,349.34,7,-25,104,20,106,17,-35,15,21,18,124
OTIS,Otis Worldwide,90.35,54,0,-9,0,45,68,2,-19,27,78,123
JNJ,Johnson & Johnson,174.14,-7,56,13,8,70,-19,54,10,7,52,122
HBAN,Huntington Bancshares,17.88,5,19,14,22,60,10,19,15,17,61,121
BLD,TopBuild,418.82,0,64,7,47,118,-1,-4,11,-4,2,120
SYK,Stryker Corporation,377.7,-49,-5,22,160,128,-49,-2,13,30,-8,120
EWBC,East West Bancorp,109.72,5,19,14,23,61,6,19,14,20,59,120
EFX,Equifax,260.8,43,6,1,17,67,12,6,15,19,52,119
TT,Trane Technologies,402.47,-35,-16,21,165,135,-32,-29,15,30,-16,119
HALO,Halozyme,76.67,2,37,12,20,71,-22,48,6,15,47,118
FE,FirstEnergy,43.43,0,43,11,56,110,-15,-8,15,15,7,117
IONS,Ionis Pharmaceuticals,61.77,-7,93,6,1,93,2,18,15,-11,24,117
KRMN,Karman Holdings,65.35,70,27,0,0,97,-7,18,7,0,18,115
MTSI,MACOM Technology Solutions,129.72,-5,-1,4,59,57,9,6,13,30,58,115
VLTO,Veralto,107.06,-1,90,7,0,96,2,3,14,0,19,115
WSO,Watsco,384.26,-47,-34,-8,197,108,-1,-32,-33,72,6,114
HON,Honeywell,210.2,-13,-25,-1,179,140,-27,-37,15,23,-26,114
AEE,Ameren,98.66,-12,0,62,14,64,-17,-12,67,11,49,113
RKT,Rocket Companies,21.13,0,46,9,0,55,-1,43,14,2,58,113
MTCH,Match Group,38.59,4,74,9,-38,49,10,82,10,-39,63,112
TRGP,Targa Resources,170.07,18,2,0,52,72,9,1,-25,55,40,112
TFC,Truist Financial,46.1,0,64,6,5,75,11,-1,12,15,37,112
OHI,Omega Healthcare Investors,41.73,-25,49,11,41,76,-48,41,10,32,35,111
WTW,Willis Towers Watson,331.74,-6,35,13,25,67,2,6,5,30,43,110
USB,U.S. Bancorp,50.19,14,23,5,5,47,11,24,12,16,63,110
WAL,Western Alliance Bancorporation,91.52,7,27,5,5,44,10,25,12,19,66,110
EOG,EOG Resources,118.64,-6,0,-3,46,37,16,-3,8,52,73,110
RBLX,Roblox Corporation,135.54,0,8,58,0,66,1,9,21,12,43,109
CSCO,Cisco,68.65,9,0,53,15,77,10,-19,15,26,32,109
HSY,Hershey Company (The),189.09,21,56,9,0,86,24,10,9,-20,23,109
GILD,Gilead Sciences,113.61,-28,0,56,36,64,3,-12,13,40,44,108
GLPI,Gaming and Leisure Properties,47.18,-25,19,5,66,65,-21,19,-13,58,43,108
MTB,M&T Bank,200.59,1,19,6,23,49,11,19,13,15,58,107
FTNT,Fortinet,80.97,15,-34,-7,114,88,6,5,-7,14,18,106
SCHW,Charles Schwab Corporation,93.27,-3,0,82,12,91,2,-17,15,15,15,106
NSC,Norfolk Southern,282.78,24,4,16,5,49,37,-10,15,15,57,106
PFG,Principal Financial Group,81.79,0,19,2,56,77,-16,14,12,19,29,106
PSX,Phillips 66,131.33,-1,19,0,42,60,19,19,14,-6,46,106
M,"Macy's, Inc.",17.61,28,56,3,-16,71,19,19,4,-7,35,106
DELL,Dell Technologies,132.1,28,1,1,33,63,46,-14,15,-5,42,105
AMZN,Amazon,231.21,-1,12,22,22,55,-5,22,12,21,50,105
APA,APA Corporation,23.91,28,30,0,-13,45,40,28,10,-20,58,103
ADP,Automatic Data Processing,291.41,-120,-13,0,181,48,8,-26,15,58,55,103
BXP,"BXP, Inc.",77.76,42,16,3,1,62,-5,17,15,14,41,103
BYD,Boyd Gaming,83.29,-51,0,53,60,62,1,-3,15,28,41,103
CPRT,Copart,45.45,-27,-3,-18,177,129,-26,-2,-28,29,-27,102
MPW,Medical Properties Trust,5.05,88,10,2,-37,63,70,16,-12,-36,38,101
LECO,Lincoln Electric,239.82,-39,89,12,66,128,-28,-4,13,-8,-27,101
PCOR,Procore,72.62,28,4,0,0,32,34,10,5,20,69,101
FCX,Freeport-McMoRan,44.93,0,13,3,59,75,-1,18,15,-7,25,100
TNL,Travel + Leisure Co.,61.52,-35,80,14,17,76,-28,25,12,15,24,100
WBD,Warner Bros. Discovery,18.7,67,6,17,0,90,-10,6,13,1,10,100
AMD,Advanced Micro Devices,157.87,0,0,3,111,114,-5,-16,15,-8,-14,100
BEPC,Brookfield Renewable Partners,34.65,42,1,15,0,58,7,8,15,11,41,99
TTEK,Tetra Tech,36.53,31,0,-34,120,117,-1,-26,11,-2,-18,99
NBIX,Neurocrine Biosciences,145.71,7,27,5,26,65,8,19,12,-5,34,99
HUBS,HubSpot,512.95,70,0,-15,12,67,25,9,-23,20,31,98
ADSK,Autodesk,322.93,7,14,4,15,40,9,14,15,20,58,98
RITM,Rithm Capital,12.28,-8,2,22,33,49,6,-1,15,27,47,96
TOST,"Toast, Inc.",41.45,7,-13,82,0,76,10,-23,15,18,20,96
NYT,New York Times Company,58.49,1,31,7,17,56,9,-6,15,22,40,96
DECK,Deckers Brands,115.47,-4,16,-29,94,77,-1,13,-25,32,19,96
FNF,Fidelity National Financial,59.18,-21,27,7,59,72,-21,39,-16,22,24,96
FHB,"First Hawaiian, Inc.",25.96,1,19,5,15,40,10,19,12,15,56,96
MUSA,Murphy USA,381.5,-3,-1,-18,69,47,-1,3,-34,80,48,95
VZ,Verizon,43.66,-2,30,35,11,74,11,-10,5,15,21,95
INFA,Informatica,24.84,1,81,0,0,82,10,-3,13,-8,12,94
ONTO,Onto Innovation,123.18,47,19,-31,0,35,68,22,-26,-5,59,94
VVV,Valvoline,39.91,0,31,0,32,63,-1,25,12,-5,31,94
COKE,Coca-Cola Consolidated,111.91,-18,-1,0,87,68,-22,14,-20,53,25,93
MET,Metlife,79.07,-21,21,0,59,59,-19,21,13,19,34,93
AOS,A. O. Smith,73.06,0,12,0,59,71,-1,14,15,-6,22,93
AEP,American Electric Power,106.42,-21,-1,78,24,80,-19,-11,28,15,13,93
CHWY,Chewy,38.42,0,0,46,0,46,23,23,-6,6,46,92
COIN,Coinbase,342.94,56,0,14,0,70,-12,1,14,19,22,92
VRT,Vertiv,142.0,49,1,14,9,73,1,-21,12,27,19,92
VOYA,Voya Financial,77.01,7,31,6,5,49,6,25,13,-2,42,91
ZM,Zoom Communications,86.81,20,16,5,-1,40,23,18,5,5,51,91
PLD,Prologis,115.15,42,19,4,0,65,-1,18,15,-6,26,91
PK,Park Hotels & Resorts,12.13,30,27,-31,0,26,43,19,8,-6,64,90
TRMB,Trimble Inc.,81.62,0,0,84,5,89,-27,2,13,13,1,90
O,Realty Income,59.09,-2,34,15,8,55,-18,24,15,14,35,90
EMR,Emerson Electric,131.91,-21,-3,21,65,62,-21,6,15,27,27,89
DD,DuPont,78.1,7,61,-8,20,80,-18,19,12,-4,9,89
GPC,Genuine Parts Company,137.91,-6,43,6,0,43,-1,50,15,-18,46,89
FR,First Industrial Realty Trust,52.34,5,22,0,15,42,-1,18,13,15,45,87
PODD,Insulet,333.61,-20,27,50,5,62,-23,22,19,7,25,87
VEEV,Veeva Systems,279.06,7,-1,50,9,65,2,-15,15,19,21,86
SLM,Sallie Mae,28.44,-63,-24,95,23,31,8,-24,49,22,55,86
LAD,Lithia Motors,337.51,-3,17,0,15,29,9,19,6,22,56,85
DOCU,DocuSign,85.03,43,3,1,-13,34,34,11,-7,12,50,84
H,Hyatt Hotels,142.75,-31,1,2,56,28,-26,15,11,56,56,84
WMS,Advanced Drainage Systems,144.66,7,32,1,4,44,-1,30,15,-4,40,84
LNT,Alliant Energy,63.78,-9,0,73,15,79,-17,-9,15,14,3,82
NCLH,Norwegian Cruise Line Holdings,25.41,-3,61,5,0,63,-20,10,8,21,19,82
RKLB,Rocket Lab,47.17,-2,10,54,0,62,-16,12,15,9,20,82
MAR,Marriott International,263.91,-6,-2,0,59,51,-7,-2,12,28,31,82
HXL,Hexcel,62.5,0,62,-2,0,60,-5,27,9,-10,21,81
THO,Thor Industries,103.53,-49,74,6,3,34,-53,96,11,-7,47,81
NTNX,Nutanix,78.14,0,7,3,23,33,2,6,15,25,48,81
LSCC,Lattice Semiconductor,71.69,14,32,6,0,52,12,25,7,-16,28,80
SNV,Synovus,52.16,1,0,4,22,27,10,14,13,15,52,79
CB,Chubb Limited,274.36,-24,0,0,59,35,-26,22,-9,57,44,79
EXE,Expand Energy,98.87,19,-43,46,0,22,40,8,-4,11,55,77
STAG,STAG Industrial,35.51,-52,19,0,97,64,-19,22,15,-5,13,77
CTVA,Corteva,70.68,-28,-4,58,0,26,2,21,15,12,50,76
AIT,Applied Industrial Technologies,262.79,-23,0,12,59,48,-26,-16,11,58,27,75
SMCI,Supermicro,45.94,51,-14,0,59,96,-24,3,10,-10,-21,75
AMP,Ameriprise Financial,491.25,-27,-14,0,65,24,-24,-10,13,72,51,75
SOLV,Solventum,74.37,21,0,0,0,21,33,9,11,0,53,74
SEE,Sealed Air,34.39,76,20,1,-25,72,-1,23,13,-33,2,74
TMUS,T-Mobile US,238.85,-65,0,0,140,75,-19,-5,-13,36,-1,74
DAL,Delta Air Lines,59.47,-55,62,6,20,33,8,-1,7,27,41,74
AGO,Assured Guaranty,83.05,5,-30,-7,57,25,7,3,15,23,48,73
MHK,Mohawk Industries,132.78,-14,52,0,0,38,-26,56,7,-2,35,73
CEG,Constellation Energy,322.65,49,0,21,0,70,-12,-21,15,20,2,72
GME,GameStop,25.88,63,0,-15,-31,17,58,13,-8,-8,55,72
EQT,EQT Corporation,49.38,-34,-34,46,43,21,-5,-3,46,11,49,70
INTC,Intel,30.57,28,26,0,-21,33,20,25,5,-13,37,70
HLT,Hilton Worldwide,266.27,-29,0,21,65,57,-26,-1,13,27,13,70
UBER,Uber,94.7,0,9,23,0,32,-12,1,21,27,37,69
TROW,T. Rowe Price,105.77,0,75,3,-26,52,9,-2,11,-1,17,69
AVT,Avnet,53.62,0,7,6,46,59,1,-4,15,-3,9,68
CXT,Crane NXT,57.59,-27,1,-1,56,29,-26,-3,11,57,39,68
COLB,Columbia Banking System,26.92,2,39,1,0,42,6,-1,10,11,26,68
VICI,Vici Properties,32.09,-63,-1,63,16,15,-33,-1,28,58,52,67
ROP,Roper Technologies,509.01,-55,-34,-7,183,87,10,-51,-6,27,-20,67
TFSL,Third Federal S&L,13.32,-9,23,8,6,28,5,-1,15,20,39,67
LVS,Las Vegas Sands,53.19,-35,90,11,3,69,5,-4,12,-15,-2,67
MTD,Mettler Toledo,1287.3,7,75,-28,0,54,12,-4,9,-6,11,65
ROST,Ross Stores,146.07,-35,33,5,36,39,-7,-1,4,30,26,65
WFRD,Weatherford International,65.5,21,61,-49,0,33,14,19,5,-6,32,65
PVH,PVH Corp.,86.9,5,26,0,2,33,11,25,4,-8,32,65
CMS,CMS Energy,70.19,-21,-3,81,24,81,-19,-15,3,15,-16,65
NVST,Envista,21.02,0,75,9,0,84,-1,2,11,-33,-21,63
SHC,Sotera Health,15.98,0,29,6,0,35,-1,29,7,-7,28,63
GXO,GXO Logistics,51.11,-9,90,6,0,87,-24,-5,14,-9,-24,63
UHS,Universal Health Services,188.1,0,22,-1,23,44,4,26,-9,-2,19,63
OSK,Oshkosh Corporation,136.19,-31,89,16,5,79,-28,-5,13,3,-17,62
RRC,Range Resources,35.29,3,-41,0,43,5,-4,8,-3,56,57,62
VRTX,Vertex Pharmaceuticals,386.95,-12,-32,-7,105,54,-18,-1,-11,38,8,62
ROK,Rockwell Automation,348.52,7,6,20,16,49,10,-1,15,-12,12,61
MSCI,MSCI,555.87,-6,-1,0,15,8,-6,26,12,21,53,61
APPF,AppFolio,279.93,-21,0,10,29,18,1,3,10,29,43,61
DBX,Dropbox,30.77,0,16,4,10,30,-5,21,5,9,30,60
KIM,Kimco Realty,22.16,-48,27,4,56,39,-26,19,13,15,21,60
WWD,"Woodward, Inc.",239.87,-2,-2,24,36,56,-13,-26,15,27,3,59
NDSN,Nordson,227.61,7,20,0,2,29,-1,24,15,-8,30,59
GTM,ZoomInfo,12.15,50,7,0,0,57,11,17,11,-38,1,58
RNR,RenaissanceRe,242.68,0,1,-13,36,24,1,-9,13,29,34,58
CVS,CVS Health,74.42,2,25,15,0,42,11,29,5,-29,16,58
UWMC,United Wholesale Mortgage,6.57,0,30,0,0,30,-1,30,3,-5,27,57
MANH,Manhattan Associates,217.86,7,0,-34,66,39,9,2,8,-1,18,57
HIW,Highwoods Properties,32.16,0,16,5,7,28,-19,19,15,14,29,57
CUZ,Cousins Properties,29.28,0,15,4,12,31,-22,19,15,14,26,57
CFR,Frost Bank,128.74,1,0,3,5,9,10,14,13,11,48,57
TRU,TransUnion,92.47,2,2,0,4,8,12,9,13,15,49,57
LNC,Lincoln Financial,39.79,-27,59,23,2,57,-22,-1,13,9,-1,56
QS,QuantumScape,12.14,32,2,11,0,45,33,2,13,-37,11,56
PNFP,Pinnacle Financial Partners,97.68,0,0,-9,16,7,10,14,6,19,49,56
TTC,Toro Company (The),79.97,0,46,0,-1,45,-1,26,6,-21,10,55
CSX,CSX Corporation,33.43,28,-13,1,5,21,39,-13,15,-7,34,55
CGNX,Cognex Corporation,46.16,7,72,6,-32,53,-27,58,11,-41,1,54
NNN,NNN Reit,42.27,-8,12,5,23,32,-21,13,15,15,22,54
SAIL,SailPoint,22.43,30,5,0,0,35,2,10,7,0,19,54
RMD,Resmed,273.29,0,0,22,14,36,-1,-10,14,14,17,53
IPGP,IPG Photonics,82.68,7,89,6,-45,57,10,19,11,-45,-5,52
RPRX,Royalty Pharma,35.75,0,0,37,0,37,2,-19,31,1,15,52
HST,Host Hotels & Resorts,17.6,0,22,3,3,28,-1,19,13,-7,24,52
ZS,Zscaler,290.05,7,1,22,6,36,-21,3,15,19,16,52
KNSL,Kinsale Capital Group,427.59,-61,-19,-2,34,-48,9,-7,12,86,100,52
DNB,Dun & Bradstreet,9.15,29,52,-28,0,53,46,-13,2,-37,-2,51
RH,RH,233.84,0,45,-29,-8,8,-1,41,3,-1,42,50
BC,Brunswick Corporation,65.44,1,74,-43,0,32,-1,19,9,-10,17,49
AS,Amer Sports,37.88,7,0,9,0,16,24,-6,15,0,33,49
WAT,Waters Corporation,306.58,20,0,-10,0,10,30,19,-25,15,39,49
CNXC,Concentrix,57.1,38,3,1,0,42,33,10,-3,-34,6,48
ENTG,Entegris,96.0,39,6,-49,0,-4,36,18,4,-6,52,48
EQIX,Equinix,785.3,0,0,-13,35,22,8,3,-13,27,25,47
ESS,Essex Property Trust,268.71,7,0,0,15,22,8,10,-8,15,25,47
DVN,Devon Energy,35.01,2,27,-3,-6,20,12,23,14,-23,26,46
LNW,Light & Wonder,88.28,0,4,-8,58,54,-12,-2,-20,26,-8,46
PR,Permian Resources,13.57,0,1,0,27,28,10,-4,15,-3,18,46
CI,Cigna,293.82,-28,0,-2,59,29,2,24,-8,-2,16,45
HLNE,Hamilton Lane,151.18,7,-5,-3,26,25,7,-12,3,22,20,45
VNO,Vornado Realty Trust,41.92,0,12,3,5,20,-16,12,13,16,25,45
DOV,Dover Corporation,172.73,-35,-15,-8,107,49,-30,-6,11,20,-5,44
ALK,Alaska Air Group,57.41,-29,56,0,3,30,-26,27,3,10,14,44
LBTYK,Liberty Global (Series C),12.05,37,34,-45,-31,-5,10,71,4,-37,48,43
TXN,Texas Instruments,181.61,0,-12,-2,23,9,10,-8,15,17,34,43
TKR,Timken Company,79.08,7,6,0,5,18,-1,19,12,-6,24,42
MOS,Mosaic Company (The),34.19,45,2,21,-17,51,-7,9,20,-31,-9,42
DLR,Digital Realty,171.32,0,-2,2,23,23,-19,3,15,20,19,42
COHR,Coherent Corp.,108.05,10,1,3,16,30,1,-17,12,16,12,42
CLF,Cleveland-Cliffs,11.44,0,55,0,-17,38,-12,15,8,-9,2,40
REXR,Rexford Industrial,42.53,0,75,0,-19,56,-20,26,11,-33,-16,40
APG,APi Group,35.47,5,1,23,0,29,-26,-6,15,27,10,39
APD,Air Products,292.52,0,2,0,17,19,5,-3,7,11,20,39
PINS,Pinterest,36.28,0,0,1,-1,0,24,10,11,-6,39,39
CTRA,Coterra,24.07,-1,0,-10,45,34,-5,12,-17,14,4,38
EXC,Exelon,43.1,-12,-5,60,15,58,-14,-12,-6,11,-21,37
ED,Consolidated Edison,96.36,-12,-17,0,48,19,1,-20,-9,46,18,37
OVV,Ovintiv,42.0,1,3,0,3,7,13,12,12,-7,30,37
A,Agilent Technologies,127.62,7,16,-28,0,-5,20,22,6,-6,42,37
IP,International Paper,47.12,0,-13,0,17,4,12,-5,8,17,32,36
ASTS,AST SpaceMobile,41.44,4,-9,16,0,11,31,-30,15,9,25,36
RGA,Reinsurance Group of America,188.52,-29,8,-8,41,12,-23,-2,-6,54,23,35
ARMK,Aramark,37.74,-27,-16,20,41,18,-24,-32,15,57,16,34
WAB,Wabtec,190.3,-27,-26,0,50,-3,-29,-6,15,57,37,34
GNRC,Generac,183.94,0,74,8,-35,47,-26,-10,12,11,-13,34
LBTYA,Liberty Global (Series A),11.94,37,34,-45,-32,-6,10,34,6,-11,39,33
LPX,Louisiana-Pacific,90.94,-30,-2,-2,64,30,-27,-2,5,27,3,33
BLDR,Builders FirstSource,128.96,-28,56,-33,66,61,-28,-1,5,-4,-28,33
FCNCA,First Citizens BancShares,1895.44,-26,-10,-1,60,23,-21,-3,12,22,10,33
HAYW,Hayward Holdings,15.32,-35,61,7,0,33,-29,-2,13,17,-1,32
IOT,Samsara,39.99,7,0,-15,0,-8,30,10,-22,21,39,31
VNOM,Viper Energy,37.96,-9,0,-14,45,22,-1,-5,-33,48,9,31
DAY,Dayforce,68.96,-6,23,5,-13,9,-1,19,5,-1,22,31
LOAR,Loar Holdings,81.3,7,1,0,0,8,13,17,-8,0,22,30
CSGP,CoStar Group,89.26,7,0,11,15,33,-1,-20,28,-10,-3,30
REGN,Regeneron Pharmaceuticals,598.71,24,27,-46,0,5,38,-9,1,-5,25,30
PLNT,Planet Fitness,100.32,-36,-13,68,14,33,-29,-5,15,15,-4,29
HOG,Harley-Davidson,29.75,-9,27,0,-10,8,-1,24,10,-12,21,29
IR,Ingersoll Rand,81.53,4,0,-26,24,2,6,9,12,-1,26,28
RVMD,Revolution Medicines,45.23,3,10,0,0,13,-16,16,15,-1,14,27
DOX,Amdocs,84.51,-9,-28,0,59,22,-1,-15,15,6,5,27
GEN,Gen Digital,28.86,-35,-4,20,17,-2,2,-6,15,17,28,26
APTV,Aptiv,85.36,7,27,6,-25,15,10,23,15,-37,11,26
ALSN,Allison Transmission,89.01,-3,0,-10,36,23,-29,23,-26,35,3,26
QXO,"QXO, Inc.",21.03,-1,10,0,-15,-6,10,11,18,-7,32,26
EXLS,EXL Service,42.37,-35,-9,0,66,22,-26,10,4,14,2,24
PSN,Parsons Corporation,81.42,14,2,0,0,16,11,-9,8,-2,8,24
SWK,Stanley Black & Decker,79.38,15,56,-34,-40,-3,-1,25,4,-3,25,22
SUI,Sun Communities,127.94,-6,14,8,-25,-9,-23,27,15,12,31,22
WDAY,"Workday, Inc.",233.42,14,2,-15,15,16,8,10,-9,-3,6,22
EGP,EastGroup Properties,168.41,5,1,0,9,15,-1,-1,15,-6,7,22
HRB,H&R Block,50.45,-7,-71,-6,53,-31,8,3,-11,53,53,22
PAYX,Paychex,131.08,-91,-36,-1,168,40,2,-29,-6,15,-18,22
NCNO,nCino,30.58,0,16,-31,0,-15,12,16,10,-2,36,21
MDU,MDU Resources,16.09,-21,-18,0,59,20,-24,-22,15,31,0,20
XYZ,"Block, Inc.",77.39,14,3,1,-37,-19,20,-5,9,14,38,19
CNM,Core & Main,50.37,0,-8,0,0,-8,-12,-1,15,25,27,19
PRU,Prudential Financial,103.86,-25,1,-18,56,14,-21,-3,9,20,5,19
FRT,Federal Realty Investment Trust,100.22,-9,22,-2,2,13,-21,22,6,-2,5,18
INGM,Ingram Micro,21.29,7,7,0,0,14,-18,10,12,0,4,18
UGI,UGI Corporation,33.0,-23,-17,47,5,12,-24,-30,54,6,6,18
ZBRA,Zebra Technologies,322.88,28,0,-7,-8,13,7,-26,9,14,4,17
CACC,Credit Acceptance,504.7,7,4,0,2,13,14,-1,-3,-6,4,17
FANG,Diamondback Energy,140.58,2,-11,-34,48,5,13,-4,9,-6,12,17
SAIC,SAIC,102.47,-11,-11,-3,68,43,-20,-11,7,-2,-26,17
IT,Gartner,252.9,34,-67,-26,0,-59,34,7,-24,58,75,16
DIS,Walt Disney Company (The),114.86,-9,-5,20,-1,5,-7,-1,15,4,11,16
MCHP,Microchip Technology,66.25,14,-9,0,0,5,14,-10,15,-8,11,16
RRX,Regal Rexnord,144.5,2,-9,0,4,-3,14,-5,12,-2,19,16
SN,SharkNinja,116.88,0,0,13,0,13,10,-21,12,2,3,16
BSY,Bentley Systems,52.93,-3,-5,14,0,6,6,-4,15,-7,10,16
CPAY,Corpay,305.23,-6,-34,-3,22,-21,10,-3,3,26,36,15
CWEN-A,Clearway Energy (Class A),26.77,-21,-20,63,7,29,-18,-34,27,11,-14,15
ECL,Ecolab,264.66,-35,-1,21,23,8,-21,-7,15,20,7,15
RIVN,Rivian,14.66,7,3,1,0,11,21,13,-8,-22,4,15
MDLZ,Mondelez International,63.26,21,-36,0,0,-15,13,3,24,-10,30,15
OXY,Occidental Petroleum,47.36,21,20,-60,0,-19,17,22,11,-17,33,14
OC,Owens Corning,147.56,-25,32,-29,59,37,-25,-1,4,-1,-23,14
CWEN,Clearway Energy (Class C),28.11,-20,-20,63,5,28,-18,-34,27,11,-14,14
POST,Post Holdings,103.79,-77,-9,-3,88,-1,-28,-4,-13,58,13,12
CBSH,Commerce Bancshares,60.26,0,-32,0,12,-20,10,-7,15,14,32,12
OMC,Omnicom Group,76.04,-9,27,-32,2,-12,-1,22,2,-2,21,9
JAZZ,Jazz Pharmaceuticals,131.11,11,30,1,-7,35,13,22,-21,-40,-26,9
LUV,Southwest Airlines,32.28,14,0,6,-40,-20,12,-1,13,5,29,9
BG,Bunge Global,79.89,-9,21,0,0,12,-6,-7,15,-6,-4,8
REYN,Reynolds Consumer Products,23.1,0,31,-33,0,-2,13,-2,2,-4,9,7
CERT,"Certara, Inc.",11.78,37,6,-20,0,23,34,-5,-12,-33,-16,7
OKE,Oneok,73.6,11,-34,-18,55,14,5,-34,-30,52,-7,7
FLUT,Flutter Entertainment,282.26,-35,0,24,22,11,-42,-5,13,28,-6,5
ARE,Alexandria Real Estate Equities,87.47,82,27,-42,-31,36,42,16,-53,-36,-31,5
EXR,Extra Space Storage,142.77,-9,9,-8,0,-8,-26,10,15,14,13,5
GEHC,GE HealthCare,74.02,-4,10,-25,0,-19,-1,11,4,9,23,4
SNOW,Snowflake Inc.,222.06,-23,15,20,0,12,-40,15,15,2,-8,4
AIG,American International Group,78.02,-97,0,33,54,-10,1,-4,-5,22,14,4
S,SentinelOne,18.71,14,1,-30,0,-15,6,11,4,-2,19,4
GAP,Gap Inc.,23.02,-21,0,0,19,-2,-28,22,-8,20,6,4
CNA,CNA Financial,46.41,-72,31,7,58,24,-23,-5,-14,21,-21,3
AGCO,AGCO,110.24,8,0,12,0,20,-5,-14,16,-14,-17,3
ES,Eversource Energy,63.89,-9,-3,20,-11,-3,-16,4,15,3,6,3
PATH,UiPath,12.16,14,0,-16,0,-2,14,9,-8,-11,4,2
CMG,Chipotle Mexican Grill,39.81,0,-40,-11,81,30,23,-41,-9,-1,-28,2
CCK,Crown Holdings,95.26,0,-22,22,6,6,-19,-13,15,13,-4,2
SMMT,Summit Therapeutics,19.28,0,-9,0,15,6,1,-23,-2,20,-4,2
ALGM,Allegro MicroSystems,31.95,12,0,16,0,28,13,-36,13,-17,-27,1
BEN,Franklin Templeton Investments,24.39,-70,93,13,0,36,-21,-7,15,-23,-36,0
AUR,Aurora Innovation,5.97,28,1,-6,0,23,-2,-14,-23,16,-23,0
OWL,Blue Owl Capital,19.09,7,-21,-9,0,-23,10,-17,7,22,22,-1
VRSK,Verisk Analytics,245.24,-49,-38,-1,115,27,-47,-4,-7,29,-29,-2
PNW,Pinnacle West Capital,85.87,-26,-15,0,19,-22,-21,-13,27,27,20,-2
DOC,Healthpeak Properties,18.58,24,11,-22,-32,-19,30,14,-37,10,17,-2
MDB,MongoDB Inc.,316.3,-9,24,3,-10,8,-24,16,7,-10,-11,-3
LEA,Lear Corporation,107.3,-39,27,0,-18,-30,10,19,14,-16,27,-3
EQR,Equity Residential,64.85,-9,0,-1,14,4,-26,13,-8,14,-7,-3
SFD,Smithfield Foods,23.98,0,-1,0,0,-1,-1,-10,9,0,-2,-3
FOUR,Shift4,86.28,-5,-32,-5,0,-42,12,-3,5,25,39,-3
SARO,StandardAero,27.93,43,-26,0,0,17,11,-47,15,0,-21,-4
ACGL,Arch Capital Group,88.18,-24,0,-13,63,26,-21,-3,-6,-1,-31,-5
CTSH,Cognizant,70.27,0,-36,-8,15,-29,14,-1,-8,19,24,-5
HPQ,HP Inc.,28.23,-33,27,-30,2,-34,-2,28,4,-2,28,-6
CUBE,CubeSmart,40.78,-6,0,-28,2,-32,-1,15,15,-3,26,-6
GEV,GE Vernova,611.04,0,0,1,0,1,-24,1,16,0,-7,-6
CFLT,"Confluent, Inc.",20.2,7,0,-8,0,-1,7,10,-23,1,-5,-6
FDX,FedEx,226.57,-2,0,-31,33,0,-1,-7,7,-5,-6,-6
CR,Crane Co.,184.16,1,-5,21,0,17,-27,-17,15,6,-23,-6
ETSY,Etsy,64.86,49,1,2,-31,21,12,-17,15,-38,-28,-7
AVB,AvalonBay Communities,193.69,-9,0,-8,17,0,-26,14,-12,16,-8,-8
QRVO,Qorvo,90.04,2,3,0,-32,-27,12,-1,14,-6,19,-8
MGM,MGM Resorts International,35.94,0,0,-2,0,-2,-3,-5,12,-10,-6,-8
IPG,Interpublic Group of Companies (The),26.01,-9,42,-48,0,-15,-1,22,3,-18,6,-9
SITE,SiteOne Landscape Supply,136.28,-48,57,-1,-10,-2,-5,-1,8,-9,-7,-9
NEE,NextEra Energy,70.77,-3,-3,-1,0,-7,-21,-10,15,14,-2,-9
VFC,VF Corporation,15.11,2,19,-25,-44,-48,12,17,2,8,39,-9
FND,Floor & Decor,87.12,0,11,-40,0,-29,-1,25,3,-7,20,-9
SW,Smurfit Westrock,44.17,-56,-5,-2,17,-46,2,11,5,18,36,-10
NUE,Nucor,134.3,-9,0,-1,0,-10,-1,-2,12,-9,0,-10
WEX,WEX Inc.,168.33,-10,72,-48,0,14,-27,2,9,-9,-25,-11
SON,Sonoco,47.01,-2,6,0,0,4,-17,4,12,-15,-16,-12
LCID,Lucid Motors,20.5,52,-22,-9,0,21,23,1,-22,-36,-34,-13
ST,Sensata Technologies,31.86,0,27,0,-16,11,-1,-1,13,-36,-25,-14
ESTC,Elastic NV,89.63,2,9,-18,0,-7,6,15,-23,-5,-7,-14
HAS,Hasbro,74.87,-35,0,19,4,-12,-26,-4,15,12,-3,-15
SAIA,Saia,315.02,7,4,-31,5,-15,-1,4,3,-6,0,-15
BILL,Bill.com,52.59,7,15,-29,0,-7,12,15,3,-38,-8,-15
GTLB,GitLab,50.1,2,9,-26,0,-15,10,16,-25,-2,-1,-16
K,Kellanova,78.23,-12,-2,0,22,8,-25,-1,-12,14,-24,-16
AMT,American Tower,192.99,-3,-32,-2,-1,-38,16,-31,25,12,22,-16
BRO,Brown & Brown,91.88,-91,-99,-4,164,-30,6,-5,-15,27,13,-17
SWKS,Skyworks Solutions,77.03,8,12,-48,-31,-59,13,22,12,-6,41,-18
INGR,Ingredion,124.04,-63,-34,-3,35,-65,-5,-4,-1,57,47,-18
RAL,Ralliant,43.77,7,0,0,0,7,10,-35,0,0,-25,-18
DAR,Darling Ingredients,32.44,20,-1,-11,-21,-13,20,-7,13,-31,-5,-18
VTRS,Viatris,9.87,-50,30,-2,0,-22,1,-3,7,-2,3,-19
CAR,Avis Budget Group,155.8,-1,-11,14,-21,-19,10,9,18,-38,-1,-20
HSIC,Schein (Henry),68.55,-13,0,-10,0,-23,-19,14,4,4,3,-20
YETI,Yeti Holdings,35.82,2,3,-40,-7,-42,11,13,9,-11,22,-20
ARW,Arrow Electronics,122.86,-14,-2,6,5,-5,-20,-2,15,-9,-16,-21
TWLO,Twilio,108.34,7,-29,0,-35,-57,9,4,11,12,36,-21
SBAC,SBA Communications,198.83,23,-32,-4,-21,-34,42,-32,-3,6,13,-21
BBY,Best Buy,73.75,-9,27,-29,-7,-18,-28,24,3,-3,-4,-22
REG,Regency Centers,70.32,-48,-3,0,54,3,-59,-1,15,20,-25,-22
CART,Maplebear Inc.,45.41,-13,-6,3,0,-16,-19,1,12,0,-6,-22
KD,Kyndryl,31.48,-23,-32,0,0,-55,7,7,-2,21,33,-22
DT,Dynatrace,48.58,-6,-30,-7,0,-43,-17,5,12,21,21,-22
CRM,Salesforce,244.33,-5,-35,-18,23,-35,7,10,-26,22,13,-22
QSR,Restaurant Brands International,62.91,0,-30,-5,41,6,-3,-31,15,-9,-28,-22
WST,West Pharmaceutical Services,254.95,0,10,-32,-8,-30,-1,11,6,-9,7,-23
BJ,BJ's Wholesale Club,97.78,0,-57,0,11,-46,-5,-24,-7,59,23,-23
EIX,Edison International,55.58,0,34,-37,0,-3,-20,-3,5,-2,-20,-23
DG,Dollar General,106.87,0,0,0,-18,-18,10,-15,27,-27,-5,-23
GDDY,GoDaddy,146.45,0,-50,-8,23,-35,6,6,-24,23,11,-24
TDC,Teradata,22.22,52,2,-84,-18,-48,38,4,-2,-17,23,-25
FI,Fiserv,132.86,-5,-49,-19,36,-37,12,-9,-20,28,11,-26
ABNB,Airbnb,125.44,3,-30,-8,0,-35,14,-4,5,-6,9,-26
CHE,Chemed Corporation,457.85,1,0,-16,0,-15,12,-1,-14,-9,-12,-27
CLX,Clorox,124.11,-1,0,-22,-6,-29,14,6,-32,14,2,-27
ON,ON Semiconductor,51.84,17,-15,-42,-2,-42,19,1,11,-16,15,-27
PEN,"Penumbra, Inc.",257.74,-33,15,0,12,-6,-43,28,-11,4,-22,-28
BIO,Bio-Rad Laboratories,286.79,0,56,-32,-29,-5,9,-1,6,-38,-24,-29
GPN,Global Payments,86.09,0,42,-32,-40,-30,10,-1,3,-11,1,-29
DLTR,Dollar Tree,98.24,0,-9,0,-16,-25,7,-18,30,-23,-4,-29
RLI,RLI Corp.,65.67,-51,-74,-15,177,37,-23,-8,-34,-1,-66,-29
POOL,Pool Corporation,325.14,2,10,-28,-7,-23,-1,3,2,-10,-6,-29
SBUX,Starbucks,83.4,0,-12,-6,0,-18,-2,-20,3,8,-11,-29
TXRH,Texas Roadhouse,159.8,-26,-29,-4,65,6,-18,-65,15,32,-36,-30
TPL,Texas Pacific Land Corporation,911.82,-4,-77,-14,59,-36,-12,13,-10,14,5,-31
IQV,IQVIA,190.21,7,6,-45,0,-32,-1,2,7,-7,1,-31
CF,CF Industries,84.11,-3,-30,0,5,-28,-28,-1,15,9,-5,-33
HOLX,Hologic,68.28,8,2,-40,0,-30,9,-12,8,-8,-3,-33
AR,Antero Resources,31.91,-9,-43,-1,11,-42,-6,8,-5,11,8,-34
COP,ConocoPhillips,93.48,2,3,-50,0,-45,17,-4,7,-9,11,-34
PSA,Public Storage,283.81,-30,0,-16,2,-44,-26,22,15,-1,10,-34
RYN,Rayonier,26.03,-29,32,-2,0,1,-26,-4,3,-10,-37,-36
DDOG,Datadog,136.75,-21,0,4,0,-17,-37,7,12,-1,-19,-36
ADC,Agree Realty,71.56,-19,-3,0,17,-5,-19,-17,-10,14,-32,-37
CCI,Crown Castle,92.96,-7,-17,-1,-29,-54,14,-28,25,6,17,-37
CCCS,CCC Intelligent Solutions,9.65,-5,0,-33,0,-38,2,-1,7,-7,1,-37
ESAB,ESAB,109.64,-45,-31,-2,0,-78,9,-1,15,18,41,-37
GLIBK,GCI Liberty (Series C),35.43,-34,0,0,0,-34,2,-5,0,0,-3,-37
AA,Alcoa,32.73,0,19,-26,-21,-28,-8,24,7,-33,-10,-38
PB,Prosperity Bancshares,67.06,-31,-37,-9,15,-62,5,-3,7,15,24,-38
IAC,IAC Inc.,38.01,15,2,-7,-32,-22,14,11,-2,-39,-16,-38
SPR,Spirit AeroSystems,38.63,-56,-6,23,0,-39,-47,-3,35,15,0,-39
RNG,RingCentral,31.88,14,26,-31,-42,-33,12,23,5,-46,-6,-39
ELV,Elevance Health,315.73,3,0,-49,-3,-49,9,19,-15,-4,9,-40
CNH,CNH Industrial,11.08,0,-25,-2,0,-27,10,-41,15,3,-13,-40
DHR,Danaher Corporation,195.26,0,-8,-34,-1,-43,11,-11,8,-5,3,-40
MOH,Molina Healthcare,179.71,-16,0,-18,-3,-37,4,16,-14,-9,-3,-40
WH,Wyndham Hotels & Resorts,83.01,-31,-2,-8,12,-29,-25,-7,3,16,-13,-42
LII,Lennox International,542.24,-35,-18,-2,39,-16,-32,-31,9,28,-26,-42
RBRK,Rubrik,77.98,-49,-7,0,0,-56,-47,12,49,0,14,-42
OGN,Organon & Co.,10.86,7,10,-34,0,-17,12,12,-47,-5,-28,-45
CHRD,Chord Energy,104.26,-6,0,-55,0,-61,17,-3,9,-7,16,-45
MIDD,Middleby,135.03,-40,0,-8,0,-48,-1,11,-21,14,3,-45
BAH,Booz Allen Hamilton,101.21,-25,-13,-35,102,29,-24,-12,-37,-2,-75,-46
FTV,Fortive,48.84,2,0,-26,0,-24,-1,6,-22,-6,-23,-47
KBR,"KBR, Inc.",49.36,0,1,-35,0,-34,7,-6,-13,-2,-14,-48
AES,AES Corporation,12.95,5,1,0,-12,-6,-18,-11,11,-25,-43,-49
FBIN,Fortune Brands Innovations,57.51,-27,42,-31,-6,-22,-27,-1,4,-3,-27,-49
QGEN,Qiagen,45.74,-49,-7,17,0,-39,-1,-30,15,6,-10,-49
BHF,Brighthouse Financial,45.25,-6,-4,-8,0,-18,-22,-10,-8,9,-31,-49
BDX,Becton Dickinson,188.36,-6,30,-33,-6,-15,10,-5,-24,-16,-35,-50
AMCR,Amcor,8.32,7,-25,-6,0,-24,17,-34,-6,-3,-26,-50
DPZ,Domino's,430.18,-49,-32,-1,11,-71,-28,-2,32,19,21,-50
EXAS,Exact Sciences,53.59,0,10,0,-26,-16,-29,18,-7,-17,-35,-51
FCN,FTI Consulting,164.14,-9,-7,-42,0,-58,9,-1,5,-6,7,-51
ILMN,"Illumina, Inc.",103.0,26,1,-33,-41,-47,24,2,7,-41,-8,-55
AXTA,Axalta,30.68,-31,11,-21,23,-18,-26,24,-34,-1,-37,-55
DLB,Dolby Laboratories,72.1,0,-18,-8,0,-26,-5,-8,-25,9,-29,-55
TMO,Thermo Fisher Scientific,481.1,-34,41,-27,0,-20,-5,-1,-26,-4,-36,-56
EL,Estée Lauder Companies (The),87.97,1,0,0,-27,-26,-1,-6,13,-36,-30,-56
UNH,UnitedHealth Group,334.83,0,12,-23,-5,-16,-26,24,-36,-2,-40,-56
EG,Everest Group,334.81,-21,-3,-41,56,-9,-19,19,-42,-6,-48,-57
LW,Lamb Weston,56.5,0,26,-77,-9,-60,-5,14,8,-15,2,-58
IRDM,Iridium Communications,18.74,0,-35,-9,-20,-64,14,-1,12,-20,5,-59
PYPL,PayPal,68.53,14,-25,-8,-40,-59,11,-29,8,10,0,-59
SJM,J.M. Smucker Company (The),106.69,-34,0,-2,-5,-41,3,-1,3,-24,-19,-60
CIVI,Civitas Resources,31.91,-14,28,-60,-1,-47,-6,-2,4,-10,-14,-61
ATR,AptarGroup,134.52,-49,-34,-8,21,-70,-1,-31,15,26,9,-61
MTDR,Matador Resources,47.32,-33,-2,-34,0,-69,9,-2,8,-7,8,-61
GLIBA,GCI Liberty (Series A),36.01,-34,0,0,0,-34,-27,-1,0,0,-28,-62
LBRDK,Liberty Broadband (Series C),60.29,15,-39,-8,-37,-69,14,-10,-8,9,5,-64
LBRDA,Liberty Broadband (Series A),60.14,15,-39,-8,-37,-69,14,-10,-8,9,5,-64
ONON,On Holding AG,44.99,7,-35,-4,0,-32,12,-66,-1,21,-34,-66
PENN,Penn Entertainment,19.22,-35,26,0,-35,-44,-1,19,5,-45,-22,-66
SNDR,Schneider National,23.01,-11,-15,-10,0,-36,-27,-9,7,-1,-30,-66
ADBE,Adobe Inc.,367.44,14,0,-41,-7,-34,14,5,-45,-6,-32,-66
PCG,PG&E Corporation,14.89,-9,0,-35,2,-42,-25,37,-34,-2,-24,-66
CPT,Camden Property Trust,107.31,-34,-5,-1,0,-40,-45,14,-8,12,-27,-67
BIIB,Biogen,143.82,0,26,-89,-28,-91,8,33,2,-19,24,-67
KMPR,Kemper Corporation,52.83,-33,-31,-11,0,-75,2,-1,-8,15,8,-67
KMB,Kimberly-Clark,125.56,-35,-5,-4,19,-25,-43,-12,-16,27,-44,-69
CRL,Charles River Laboratories,157.01,0,-5,-59,-27,-91,9,10,11,-9,21,-70
AVY,Avery Dennison,165.01,-9,-18,-40,0,-67,-1,-9,12,-6,-4,-71
PPC,Pilgrim's Pride,41.39,-56,-10,0,22,-44,-20,-17,-9,19,-27,-71
LINE,"Lineage, Inc.",40.49,-4,-30,0,0,-34,-4,3,-36,0,-37,-71
DXCM,Dexcom,75.78,-20,-18,-4,-15,-57,-19,-1,15,-10,-15,-72
KNX,Knight-Swift,41.3,-9,-18,-30,-3,-60,-1,-2,5,-14,-12,-72
WLK,Westlake Corporation,84.94,-9,26,-45,0,-28,-1,19,-57,-7,-46,-74
CARR,Carrier Global,61.1,-45,-33,-4,0,-82,-5,-29,15,27,8,-74
CPB,Campbell Soup Company,33.56,5,12,-37,-7,-27,-5,6,-44,-6,-49,-76
JBHT,J. B. Hunt,135.05,-9,-15,-36,-1,-61,-1,-8,5,-11,-15,-76
AVTR,Avantor,12.85,0,1,-34,0,-33,11,-3,-45,-6,-43,-76
HUM,Humana,264.9,-52,32,-1,-13,-34,-22,-1,1,-21,-43,-77
VIRT,Virtu Financial,35.21,-76,-14,0,15,-75,-67,-26,76,15,-2,-77
INVH,Invitation Homes,29.5,-29,-40,-13,0,-82,2,-5,-8,15,4,-78
NOV,NOV Inc.,12.97,-9,3,-60,-13,-79,-1,12,6,-16,1,-78
PFE,Pfizer,24.14,-35,0,-4,-24,-63,8,-8,12,-29,-17,-80
WTM,White Mountains Insurance Group,1756.0,-67,-7,-4,60,-18,-84,-10,-25,57,-62,-80
CDW,CDW,162.79,-7,-32,-47,0,-86,-1,6,7,-9,3,-83
CROX,Crocs,80.37,0,-30,-47,-2,-79,14,-3,-9,-6,-4,-83
MTN,Vail Resorts,150.87,0,-10,-38,-24,-72,20,-5,11,-37,-11,-83
OLN,Olin Corporation,24.96,-3,19,-65,-10,-59,-23,19,3,-24,-25,-84
VKTX,Viking Therapeutics,26.04,2,-22,-45,22,-43,-31,-14,10,-7,-42,-85
BROS,Dutch Bros. Coffee,58.15,-68,-4,0,0,-72,-27,-4,5,12,-14,-86
KVUE,Kenvue,18.09,-12,-18,-3,0,-33,-22,-28,-8,4,-54,-87
BURL,Burlington Stores,264.91,-58,0,6,4,-48,-61,-5,8,18,-40,-88
OLED,Universal Display Corporation,140.13,0,-22,-42,0,-64,12,-46,15,-6,-25,-89
PPG,PPG Industries,109.02,-9,0,-51,-9,-69,-21,-5,15,-9,-20,-89
ELS,Equity Lifestyle Properties,60.32,-8,-1,-26,0,-35,-19,5,-37,-4,-55,-90
RGEN,Repligen,124.38,8,1,-21,-18,-30,13,-10,-25,-38,-60,-90
PEP,PepsiCo,140.72,-77,45,-47,0,-79,2,-4,4,-14,-12,-91
ACHC,Acadia Healthcare,22.07,0,5,-53,-12,-60,13,20,-47,-17,-31,-91
BMY,Bristol Myers Squibb,45.57,-33,0,-5,-6,-44,-30,-4,-19,6,-47,-91
SIRI,Sirius XM,23.0,-36,17,-2,-32,-53,-48,21,5,-18,-40,-93
LKQ,LKQ Corporation,31.11,-27,-4,-11,-3,-45,-27,15,-19,-18,-49,-94
TYL,Tyler Technologies,529.93,-49,-19,0,18,-50,-48,-21,6,19,-44,-94
CE,Celanese,45.45,-4,-29,-48,-11,-92,-1,10,-2,-10,-3,-95
BALL,Ball Corporation,49.2,-9,-24,-8,-12,-53,-20,-32,15,-6,-43,-96
AWK,American Water Works,135.4,-63,-9,31,0,-41,-55,-9,-1,9,-56,-97
FIS,Fidelity National Information Services,66.26,-9,-32,-7,-38,-86,11,-34,-2,12,-13,-99
UDR,"UDR, Inc.",37.26,-35,-35,-3,-1,-74,-27,-3,-10,14,-26,-100
TECH,Bio-Techne,52.99,7,-5,-32,-25,-55,-1,-5,-32,-7,-45,-100
KMX,CarMax,59.99,-9,0,-24,-37,-70,-18,16,-28,-1,-31,-101
HAL,Halliburton,22.36,2,16,-68,-1,-51,12,14,-67,-10,-51,-102
CZR,Caesars Entertainment,26.4,7,-35,-31,-26,-85,19,-1,3,-38,-17,-102
DKNG,DraftKings,43.31,-70,0,0,0,-70,-61,-1,7,21,-34,-104
RYAN,Ryan Specialty,53.11,5,-60,-8,0,-63,13,-66,-14,26,-41,-104
UHAL,U-Haul,56.49,-35,-37,-20,0,-92,-1,-1,-33,21,-14,-106
EEFT,Euronet Worldwide,89.22,-12,-36,-8,-4,-60,-19,-36,-5,14,-46,-106
NWL,Newell Brands,5.8,-44,19,-32,-32,-89,-1,17,3,-37,-18,-107
WTRG,Essential Utilities,37.2,-90,-3,11,0,-82,-19,-6,-6,6,-25,-107
DUOL,Duolingo,289.59,0,-56,-1,0,-57,2,-70,-6,24,-50,-107
AMH,American Homes 4 Rent,33.36,-89,-36,-13,69,-69,-49,-5,-1,16,-39,-108
AMTM,Amentum,22.24,-77,-2,0,0,-79,-28,-16,15,0,-29,-108
TSN,Tyson Foods,54.01,-35,-1,-6,-29,-71,-28,-5,-16,12,-37,-108
CAG,Conagra Brands,18.74,-9,-4,-37,-8,-58,-1,-8,-19,-24,-52,-110
BA,Boeing,215.57,-70,-5,13,0,-62,-47,-4,15,-12,-48,-110
SMG,Scotts Miracle-Gro Company,59.71,-9,-15,-27,-40,-91,-27,-1,11,-2,-19,-110
TFX,Teleflex,125.8,-25,21,-47,-40,-91,2,33,-43,-11,-19,-110
CHTR,Charter Communications,262.24,15,-39,-9,-37,-70,14,-44,-9,-2,-41,-111
GIS,General Mills,49.85,-5,-5,-46,-5,-61,5,6,-42,-20,-51,-112
MAA,Mid-America Apartment Communities,140.59,-36,-36,-2,0,-74,-47,10,-13,12,-38,-112
DOW,Dow Inc.,24.09,-6,0,-48,-2,-56,-1,15,-63,-9,-58,-114
CNC,Centene,32.17,-1,0,-49,-12,-62,-25,20,-18,-29,-52,-114
JHX,James Hardie Industries,19.26,-17,-21,-32,-2,-72,-16,-17,-5,-4,-42,-114
CL,Colgate-Palmolive,81.54,-49,-51,-11,24,-87,-26,-12,-19,27,-30,-117
WHR,Whirlpool Corporation,84.88,-30,-2,-10,-27,-69,-27,16,-1,-37,-49,-118
MRK,Merck & Co.,81.53,-33,34,-52,0,-51,-1,-3,-56,-7,-67,-118
PAYC,Paycom,216.59,-28,-18,24,-25,-47,-27,-21,15,-38,-71,-118
MASI,Masimo,142.99,0,-31,-4,-7,-42,-21,-46,-20,11,-76,-118
JKHY,Jack Henry & Associates,154.43,-9,-35,-8,-1,-53,-4,-66,-8,12,-66,-119
NSA,National Storage Affiliates,30.62,-51,6,-20,-5,-70,-28,21,-41,-2,-50,-120
EMN,Eastman Chemical Company,66.46,-9,-38,-26,-2,-75,-1,-1,-40,-3,-45,-120
SAM,Boston Beer Company,223.48,14,12,-40,-38,-52,14,-1,-36,-45,-68,-120
TEAM,Atlassian,169.55,-9,-50,-11,-7,-77,-40,8,-23,12,-43,-120
UHAL-B,U-Haul (Series N),51.09,-9,-37,-28,0,-74,-1,-1,-42,-2,-46,-120
IEX,IDEX Corporation,162.06,-1,-36,-33,-3,-73,-1,-7,-33,-7,-48,-121
AKAM,Akamai Technologies,77.08,-34,3,-31,-8,-70,-27,17,-31,-11,-52,-122
SRPT,Sarepta Therapeutics,18.54,2,0,-34,-8,-40,-11,-9,-55,-7,-82,-122
DVA,DaVita,130.22,-49,-18,-8,21,-54,-59,-4,-25,20,-68,-122
TW,Tradeweb,112.47,-77,-31,-3,1,-110,-5,-27,-4,24,-12,-122
RVTY,Revvity,87.76,14,-36,-25,-25,-72,17,-41,-30,4,-50,-122
ISRG,Intuitive Surgical,435.81,-35,-36,-8,23,-56,-46,-44,-3,27,-66,-122
SFM,Sprouts Farmers Market,122.73,-125,-38,0,47,-116,-26,-36,-4,58,-8,-124
KDP,Keurig Dr Pepper,27.2,-126,-18,-4,-1,-149,11,-12,23,-1,21,-128
ASH,Ashland Global,51.79,-35,1,-46,-10,-90,-27,-4,4,-11,-38,-128
LULU,Lululemon Athletica,169.77,0,-72,-16,-4,-92,11,-10,-25,-13,-37,-129
KEX,Kirby Corporation,84.01,-105,-35,-8,36,-112,-48,-28,15,43,-18,-130
FMC,FMC Corporation,37.19,-3,-15,-45,-25,-88,-19,-5,7,-27,-44,-132
BRKR,Bruker,33.24,28,-35,-65,-9,-81,59,-33,-69,-10,-53,-134
WING,Wingstop,256.09,-88,-11,-2,39,-62,-93,-24,13,32,-72,-134
ENPH,Enphase Energy,38.42,3,3,-51,-21,-66,-1,16,-58,-25,-68,-134
MORN,"Morningstar, Inc.",233.7,-29,-35,-25,29,-60,-23,-48,-3,-1,-75,-135
OKTA,"Okta, Inc.",93.59,7,-71,-3,-25,-92,-40,-7,-8,7,-48,-140
AAL,American Airlines Group,12.58,-62,58,-26,-77,-107,5,-2,4,-40,-33,-140
EPAM,EPAM Systems,155.86,-9,-7,-31,-28,-75,-1,-5,-22,-38,-66,-141
FRPT,Freshpet,52.1,-9,-67,-29,-7,-112,-1,-24,-25,20,-30,-142
COLM,Columbia Sportswear,54.39,-51,-5,-26,-7,-89,-61,15,-21,14,-53,-142
BMRN,BioMarin Pharmaceutical,55.15,0,-9,-55,-21,-85,9,-23,-20,-23,-57,-142
GFS,GlobalFoundries,33.24,7,-32,-87,0,-112,19,-36,5,-18,-30,-142
UA,Under Armour (Class C),4.84,0,-29,-33,-38,-100,14,-31,11,-38,-44,-144
MRNA,Moderna,25.51,7,-31,-60,-5,-89,14,-32,2,-40,-56,-145
G,Genpact,41.29,-63,-7,-2,0,-72,-61,-3,-20,11,-73,-145
ALB,Albemarle Corporation,80.92,28,6,-133,-24,-123,-1,-5,9,-26,-23,-146
MAT,Mattel,17.32,-49,-9,-9,0,-67,-58,-1,12,-32,-79,-146
SLB,Schlumberger,34.73,-27,0,-75,0,-102,-26,18,-26,-11,-45,-147
LSTR,Landstar,126.82,-11,-37,-40,-1,-89,-5,-2,-47,-8,-62,-151
ODFL,Old Dominion Freight Line,142.37,-35,-36,-31,0,-102,-1,-10,-36,-2,-49,-151
COO,Cooper Companies (The),67.22,0,-15,-32,-6,-53,-49,-10,-37,-4,-100,-153
UAA,Under Armour (Class A),4.96,0,-29,-33,-45,-107,13,-31,10,-38,-46,-153
GMED,Globus Medical,56.71,-91,-1,-20,-1,-113,-26,-3,-25,13,-41,-154
WSC,WillScot Mobile Mini,22.68,-6,-34,-70,-7,-117,-1,-28,3,-13,-39,-156
TTD,Trade Desk (The),43.91,-77,-29,-32,-2,-140,-1,-21,6,-1,-17,-157
WY,Weyerhaeuser,24.53,-35,-5,-28,0,-68,-31,-9,-40,-9,-89,-157
ACI,Albertsons,18.32,-91,-47,-2,0,-140,-1,-9,-8,1,-17,-157
TREX,"Trex Company, Inc.",54.12,-51,-5,-59,-14,-129,-28,-1,7,-7,-29,-158
BFAM,Bright Horizons,110.94,-119,-8,-4,0,-131,-28,-14,-1,16,-27,-158
DXC,DXC Technology,14.29,0,0,-30,-74,-104,-1,19,-37,-35,-54,-158
PCTY,Paylocity,164.95,-90,-18,-3,-4,-115,-26,-22,-2,6,-44,-159
KHC,Kraft Heinz,26.08,-51,-9,-47,-1,-108,2,-27,-19,-11,-55,-163
EW,Edwards Lifesciences,74.55,-67,-5,0,-15,-87,-75,-3,35,-36,-79,-166
ACN,Accenture,239.57,-84,-51,-28,-1,-164,6,-5,-24,20,-3,-167
CHDN,Churchill Downs Incorporated,96.5,-91,-14,-36,0,-141,-1,-31,7,-2,-27,-168
DV,DoubleVerify,12.77,-77,-8,-75,0,-160,7,-10,4,-11,-10,-170
ZTS,Zoetis,146.78,-91,-8,-40,-4,-143,-7,-9,-7,-6,-29,-172
LYB,LyondellBasell,52.68,-27,-34,-49,-6,-116,-1,15,-63,-8,-57,-173
INSP,Inspire Medical Systems,83.52,5,-87,-28,-7,-117,-1,-4,-33,-18,-56,-173
PRMB,Primo Brands,22.36,-63,-76,-3,23,-119,-55,-4,-15,19,-55,-174
ZBH,Zimmer Biomet,100.22,-68,30,-2,-18,-58,-27,-3,-69,-19,-118,-176
TAP,Molson Coors,46.9,-63,-7,-18,-1,-89,-59,-9,-19,-4,-91,-180
BIRK,Birkenstock,46.0,-91,-10,-4,0,-105,-61,-8,-6,0,-75,-180
CLVT,Clarivate,4.11,-30,0,-82,-7,-119,-47,19,8,-43,-63,-182
WU,Western Union,8.2,-49,0,-28,-47,-124,11,-1,-63,-6,-59,-183
HRL,Hormel Foods,24.95,-27,-45,-15,-24,-111,-1,-41,-2,-31,-75,-186
MKC,McCormick & Company,66.26,-36,-51,-11,-3,-101,-27,-50,-19,11,-85,-186
COTY,Coty,4.26,0,-22,-69,-8,-99,27,-34,-71,-10,-88,-187
NKE,"Nike, Inc.",72.08,-96,0,-3,-22,-121,-33,-8,12,-37,-66,-187
CHH,Choice Hotels,109.82,-105,-31,-8,0,-144,-5,-32,-22,15,-44,-188
BBWI,"Bath & Body Works, Inc.",26.28,-65,-9,-30,-16,-120,-63,-2,4,-7,-68,-188
APLS,Apellis Pharmaceuticals,23.39,-62,37,-75,-17,-117,-61,-1,6,-19,-75,-192
DJT,Trump Media & Technology Group,16.93,0,-77,-61,0,-138,-9,-8,-29,-10,-56,-194
CMCSA,Comcast,31.62,-51,-37,-40,-10,-138,-41,-1,-7,-9,-58,-196
IFF,International Flavors & Fragrances,63.76,-35,-36,-28,-32,-131,-24,-2,-40,-2,-68,-199
BF-A,Brown–Forman (Class A),27.98,0,-9,-107,-19,-135,14,-6,-47,-25,-64,-199
FDS,FactSet,301.05,-49,-43,-10,-1,-103,-48,-39,-8,-2,-97,-200
MAN,ManpowerGroup,38.06,-9,-17,-51,-29,-106,-1,-9,-51,-37,-98,-204
RARE,Ultragenyx,29.11,-34,-5,-32,-39,-110,-55,-1,-40,-4,-100,-210
BF-B,Brown–Forman (Class B),27.49,0,-12,-108,-19,-139,-1,-6,-40,-29,-76,-215
MKTX,MarketAxess,179.6,-9,-39,-33,-30,-111,-2,-54,-7,-45,-108,-219
BRBR,BellRing Brands,36.68,-28,-94,-18,0,-140,2,-86,-24,28,-80,-220
HUN,Huntsman Corporation,10.29,-35,0,-50,-16,-101,-61,15,-45,-34,-125,-226
GPK,Graphic Packaging,19.95,-119,-15,-24,0,-158,-26,-12,-37,-1,-76,-234
TGT,Target Corporation,89.4,-147,-15,-36,-12,-210,-1,-21,3,-7,-26,-236
CAVA,Cava Group,63.56,-91,-26,-19,0,-136,-40,-30,-33,3,-100,-236
UPS,United Parcel Service,85.04,8,-37,-111,-17,-157,-1,-9,-39,-35,-84,-241
XRAY,Dentsply Sirona,13.41,-50,-35,-86,-43,-214,-1,10,4,-41,-28,-242
BAX,Baxter International,23.69,-20,-51,-28,-39,-138,-40,-4,-19,-42,-105,-243
SLGN,Silgan Holdings,43.15,-91,-36,-8,0,-135,-89,-36,-2,14,-113,-248
ALGN,Align Technology,132.56,-37,-35,-72,-26,-170,-43,-9,-8,-39,-99,-269
FLO,Flowers Foods,13.29,-51,-24,-42,-9,-126,-47,-17,-62,-24,-150,-276
RHI,Robert Half,35.1,-9,-164,-34,-10,-217,-1,-1,-32,-33,-67,-284
COLD,Americold,12.98,-9,-118,-46,-12,-185,-5,-60,-46,-16,-127,-312
GLOB,Globant,57.24,-129,-86,-31,-8,-254,12,-34,-31,-8,-61,-315
WEN,Wendy's Company (The),9.52,-91,-60,-42,-9,-202,-56,-7,-37,-16,-116,-318
PRGO,Perrigo,21.37,-90,-31,-7,-114,-242,-26,-4,-7,-56,-93,-335
STZ,Constellation Brands,133.01,-169,-18,-50,-4,-241,-83,-21,-66,-9,-179,-420
