Symbol,Name,Close,1H Cloud Score,1D Cloud Score,1W Cloud Score,1M Cloud Score,Cloud Score Sum,1H TKx Score,1D TKx Score,1W TKx Score,1M TKx Score,TKx Score Sum,Total Score Sum
TJX,TJX Companies,134.09,56,8,148,198,410,54,12,117,193,376,786
COOP,Mr. Cooper Group,202.87,63,65,119,58,305,12,64,117,56,249,554
COST,Costco,978.85,48,-22,117,180,323,40,1,-2,184,223,546
ORLY,O'Reilly Auto Parts,102.61,0,19,163,199,381,-18,25,54,89,150,531
PLTR,Palantir Technologies,184.32,56,78,116,0,250,54,80,119,20,273,523
RBC,RBC Bearings,410.63,3,69,93,164,329,8,78,14,57,157,486
WM,"Waste Management, Inc.",229.89,-7,-1,95,187,274,-6,12,27,159,192,466
MSI,Motorola Solutions,469.95,42,20,1,153,216,33,30,1,185,249,465
ORI,Old Republic International,38.68,51,2,147,58,258,49,-22,117,55,199,457
CASY,Casey's,515.14,-10,45,113,87,235,-18,45,117,78,222,457
RBA,RB Global,118.01,37,76,104,27,244,54,25,107,19,205,449
SO,Southern Company,94.78,0,38,76,190,304,-19,54,23,79,137,441
NFG,National Fuel Gas,88.03,11,149,60,52,272,3,80,71,10,164,436
AAPL,Apple Inc.,233.33,41,32,0,251,324,41,-6,2,71,108,432
ICE,Intercontinental Exchange,181.39,-14,71,112,161,330,-18,72,22,21,97,427
HUBB,Hubbell Incorporated,444.08,5,63,1,182,251,14,81,6,71,172,423
AVGO,Broadcom,309.09,40,68,19,116,243,49,80,10,30,169,412
NVDA,Nvidia,181.57,37,64,14,134,249,48,72,10,26,156,405
RSG,Republic Services,232.73,-9,-11,124,177,281,-5,-36,-1,160,118,399
JPM,JPMorgan Chase,290.59,0,67,123,158,348,16,-1,10,26,51,399
CTAS,Cintas,225.09,4,8,19,167,198,-14,11,13,187,197,395
MA,Mastercard,577.76,28,10,126,155,319,22,17,10,26,75,394
ARES,Ares Management,190.97,44,65,17,59,185,14,78,10,106,208,393
MS,Morgan Stanley,147.76,37,65,76,64,242,48,76,10,16,150,392
PGR,Progressive Corporation,249.15,7,-45,105,177,244,3,-41,-3,189,148,392
EBAY,eBay,100.77,70,74,77,14,235,33,23,82,16,154,389
GLW,Corning Inc.,65.76,146,64,19,17,246,49,71,8,14,142,388
MSFT,Microsoft,520.69,-4,72,16,173,257,16,80,10,25,131,388
WELL,Welltower,163.04,-7,62,116,58,229,-23,23,133,24,157,386
LYV,Live Nation Entertainment,158.92,28,66,94,147,335,19,4,9,16,48,383
ROL,"Rollins, Inc.",58.12,0,15,31,286,332,-15,7,23,35,50,382
GOOGL,Alphabet (Class A),201.91,41,54,8,176,279,49,28,5,21,103,382
FAST,Fastenal,49.21,37,87,45,106,275,42,31,10,23,106,381
GOOG,Alphabet (Class C),202.98,41,54,7,176,278,49,28,4,21,102,380
NDAQ,"Nasdaq, Inc.",95.54,-2,71,76,144,289,-11,78,10,14,91,380
CBOE,Cboe Global Markets,245.3,-1,61,144,55,259,-9,56,22,51,120,379
VMI,Valmont Industries,380.86,56,55,62,58,231,51,75,7,10,143,374
ORCL,Oracle Corporation,244.22,-6,64,11,198,267,-4,71,10,27,104,371
GS,Goldman Sachs,744.88,37,65,92,58,252,11,76,10,21,118,370
FFIV,"F5, Inc.",325.64,70,64,94,14,242,21,78,10,17,126,368
SGI,Somnigroup International,80.98,30,65,41,64,200,54,78,10,26,168,368
J,Jacobs Solutions,152.17,48,63,6,106,223,40,78,7,19,144,367
ETR,Entergy,90.98,1,23,76,137,237,3,18,89,14,124,361
WRB,W. R. Berkley Corporation,71.35,7,-3,94,176,274,2,4,24,55,85,359
CDNS,Cadence Design Systems,349.16,-20,34,17,141,172,-37,33,10,180,186,358
RTX,RTX Corporation,155.71,0,64,77,54,195,-8,70,84,14,160,355
DTE,DTE Energy,141.4,7,21,74,189,291,4,18,27,13,62,353
MCD,McDonald's,305.05,0,1,52,242,295,-17,21,-4,57,57,352
ATO,Atmos Energy,166.96,42,5,74,45,166,35,21,85,45,186,352
DUK,Duke Energy,125.71,0,21,76,183,280,1,31,22,16,70,350
KLAC,KLA Corporation,949.2,35,65,14,177,291,32,-10,10,26,58,349
TMUS,T-Mobile US,250.84,31,4,94,139,268,33,17,-8,35,77,345
KO,Coca-Cola Company (The),70.47,42,-1,28,182,251,55,1,23,14,93,344
LOW,Lowe's,256.3,56,17,1,166,240,54,29,1,19,103,343
LOPE,Grand Canyon Education,198.0,42,5,147,35,229,40,4,34,34,112,341
MO,Altria,65.5,80,18,70,45,213,75,11,26,16,128,341
YUM,Yum! Brands,144.75,5,0,28,259,292,4,-11,-2,57,48,340
SPGI,S&P Global,562.57,14,65,16,172,267,5,34,8,21,68,335
ITT,ITT Inc.,170.81,14,71,16,99,200,14,78,10,26,128,328
L,Loews Corporation,95.42,56,65,112,55,288,15,-9,10,24,40,328
MPWR,Monolithic Power Systems,862.82,63,65,3,157,288,23,9,10,-2,40,328
HD,Home Depot (The),407.24,56,17,1,180,254,21,30,2,19,72,326
EHC,Encompass Health,119.1,50,0,143,29,222,49,2,24,29,104,326
AZO,AutoZone,4034.98,7,18,94,86,205,-16,25,54,57,120,325
ALL,Allstate,208.8,10,10,97,159,276,9,10,11,17,47,323
MCO,Moody's Corporation,521.24,14,65,16,156,251,6,32,8,25,71,322
SCI,Service Corporation International,82.04,56,4,2,175,237,62,1,8,13,84,321
CHD,Church & Dwight,93.69,0,-13,-16,344,315,7,-15,-14,25,3,318
HIG,Hartford (The),130.96,56,7,94,57,214,16,11,21,56,104,318
NRG,NRG Energy,154.98,-42,0,103,94,155,16,11,113,21,161,316
FIX,Comfort Systems USA,703.38,4,68,17,64,153,13,80,10,55,158,311
ADP,Automatic Data Processing,302.04,-8,-2,85,180,255,-11,-1,10,57,55,310
HEI,HEICO (Common),312.85,-48,0,25,189,166,1,70,16,57,144,310
RPM,RPM International,125.59,27,16,1,180,224,23,25,7,30,85,309
V,Visa Inc.,342.64,0,-9,137,133,261,19,-9,10,26,46,307
APH,Amphenol,109.79,4,78,19,65,166,24,80,10,27,141,307
ANET,Arista Networks,137.97,42,50,7,58,157,42,46,6,56,150,307
HCA,HCA Healthcare,390.35,71,4,3,97,175,81,4,16,29,130,305
AXS,AXIS Capital,98.1,37,-11,86,45,157,50,-37,82,53,148,305
IBKR,Interactive Brokers,63.5,-6,65,89,57,205,-1,34,8,57,98,303
SNX,TD Synnex,153.58,28,65,15,63,171,32,71,8,21,132,303
BR,Broadridge Financial Solutions,261.65,0,18,114,145,277,-22,12,10,25,25,302
LRCX,Lam Research,106.72,38,65,9,152,264,32,1,10,-5,38,302
CW,Curtiss-Wright,496.78,4,73,19,54,150,12,80,10,49,151,301
ALAB,Astera Labs,193.54,135,63,0,0,198,73,25,5,0,103,301
AMD,Advanced Micro Devices,184.4,16,64,3,110,193,32,71,10,-7,106,299
BLK,BlackRock,1160.02,38,64,17,22,141,49,78,10,21,158,299
AM,Antero Midstream,18.2,0,10,148,23,181,-20,4,78,55,117,298
BK,BNY Mellon,101.92,0,67,94,40,201,-4,71,10,19,96,297
WCC,Wesco International,215.48,13,64,7,58,142,11,78,8,57,154,296
HWM,Howmet Aerospace,176.75,-11,0,148,29,166,-18,-2,92,57,129,295
WSM,"Williams-Sonoma, Inc.",210.01,125,31,8,65,229,10,33,2,21,66,295
EME,Emcor,617.02,-7,65,17,58,133,16,80,8,57,161,294
PEG,Public Service Enterprise Group,87.66,0,44,4,152,200,22,51,4,17,94,294
SHW,Sherwin-Williams,368.9,62,8,1,190,261,21,-17,10,19,33,294
LIN,Linde plc,475.63,44,8,13,110,175,9,-9,10,106,116,291
GD,General Dynamics,317.47,9,87,8,54,158,24,42,10,57,133,291
RGLD,Royal Gold,172.32,56,2,61,18,137,66,3,68,16,153,290
NEU,NewMarket,772.91,46,87,19,29,181,59,1,22,27,109,290
PPL,PPL Corporation,37.24,35,23,76,23,157,11,18,88,14,131,288
SNPS,Synopsys,618.55,-7,52,7,180,232,9,44,8,-5,56,288
STE,Steris,247.09,35,4,14,195,248,29,-37,22,25,39,287
TPR,"Tapestry, Inc.",113.57,14,65,80,21,180,9,71,8,19,107,287
SCHW,Charles Schwab Corporation,95.59,-5,78,77,11,161,24,78,10,14,126,287
NFLX,Netflix,1204.81,29,0,116,20,165,34,-19,87,20,122,287
RJF,Raymond James Financial,163.77,-7,64,92,58,207,17,36,7,19,79,286
ACM,AECOM,122.01,49,71,16,65,201,14,-11,10,72,85,286
ITW,Illinois Tool Works,267.44,28,36,2,178,244,11,-5,7,29,42,286
PTC,PTC Inc.,208.38,-33,64,6,182,219,5,28,7,26,66,285
WMT,Walmart,101.0,-1,15,127,101,242,-7,10,10,29,42,284
OLLI,Ollie's Bargain Outlet,135.19,-16,65,115,16,180,-31,46,63,23,101,281
JEF,Jefferies Financial Group,62.99,37,41,0,58,136,46,41,1,57,145,281
FERG,Ferguson Enterprises,229.85,14,67,11,65,157,11,78,10,25,124,281
DGX,Quest Diagnostics,179.04,35,4,68,18,125,72,2,68,14,156,281
BSX,Boston Scientific,102.49,-49,-1,144,144,238,-19,-6,10,57,42,280
SSNC,SS&C Technologies,87.92,41,41,90,14,186,5,66,7,15,93,279
NI,NiSource,42.68,9,26,74,45,154,4,18,89,14,125,279
AWI,Armstrong World Industries,196.29,17,72,94,21,204,12,31,10,19,72,276
BX,Blackstone Inc.,176.6,14,36,4,142,196,20,34,5,21,80,276
MMC,Marsh McLennan,209.34,14,-46,-3,175,140,10,-41,-11,178,136,276
GRMN,Garmin,236.68,29,38,112,19,198,50,-2,6,21,75,273
PFGC,Performance Food Group,101.33,7,68,53,43,171,9,26,10,57,102,273
PWR,Quanta Services,379.93,-7,72,17,99,181,9,-1,10,72,90,271
LDOS,Leidos,181.94,49,77,2,23,151,53,34,13,19,119,270
CMI,Cummins,406.84,49,37,5,65,156,49,28,6,30,113,269
AMAT,Applied Materials,190.03,28,65,0,149,242,32,-10,8,-5,25,267
C,Citigroup,94.66,27,65,19,18,129,39,75,10,14,138,267
URI,United Rentals,931.47,14,65,7,64,150,15,36,8,57,116,266
T,AT&T,28.4,33,5,70,16,124,26,7,94,15,142,266
VMC,Vulcan Materials,295.64,59,17,6,60,142,61,25,10,27,123,265
ALNY,Alnylam Pharmaceuticals,432.48,82,64,17,15,178,-10,72,10,15,87,265
COHR,Coherent Corp.,114.05,37,64,6,15,122,48,71,7,15,141,263
BWXT,BWX Technologies,176.61,117,63,13,35,228,-24,16,10,31,33,261
NEM,Newmont,68.56,56,89,19,5,169,12,51,19,10,92,261
LITE,Lumentum,120.23,37,63,14,3,117,54,71,8,10,143,260
HEI-A,HEICO (Class A),244.67,-48,0,26,182,160,-18,71,17,30,100,260
CME,CME Group,273.95,-14,0,54,136,176,-11,26,50,19,84,260
COR,Cencora,291.03,13,0,44,75,132,20,-16,55,68,127,259
ADI,Analog Devices,237.65,14,1,11,179,205,33,-16,10,26,53,258
RL,Ralph Lauren Corporation,302.14,9,67,94,34,204,19,-2,10,26,53,257
AAON,AAON,88.37,9,0,-13,245,241,12,-3,-25,31,15,256
VST,Vistra Corp.,205.32,4,64,19,30,117,8,77,8,45,138,255
EVRG,Evergy,73.26,2,46,58,14,120,2,46,77,10,135,255
CELH,Celsius Holdings,56.07,35,104,0,65,204,29,13,18,-9,51,255
MSA,MSA Safety,173.92,-26,67,0,164,205,-34,78,10,-5,49,254
DELL,Dell Technologies,139.17,35,65,6,32,138,32,78,10,-4,116,254
ABBV,AbbVie,201.47,63,17,17,58,155,7,24,3,64,98,253
SF,Stifel,116.28,14,55,8,59,136,20,70,7,20,117,253
RCL,Royal Caribbean Group,313.32,0,65,121,28,214,9,-7,10,27,39,253
AME,Ametek,186.91,3,10,4,106,123,9,10,10,101,130,253
TRV,Travelers Companies (The),269.32,7,1,91,58,157,3,12,24,56,95,252
AON,AON,370.95,24,8,2,177,211,4,-5,-15,56,40,251
AIZ,Assurant,213.61,56,6,1,152,215,12,2,2,19,35,250
GILD,Gilead Sciences,120.11,28,59,51,35,173,25,4,8,39,76,249
AXON,Axon Enterprise,765.6,-14,0,145,94,225,-23,7,10,30,24,249
OGE,OGE Energy,45.66,0,21,68,45,134,1,31,68,14,114,248
APP,AppLovin,446.5,93,10,105,0,208,-3,18,6,18,39,247
CRH,CRH plc,113.65,44,19,7,64,134,54,28,4,27,113,247
PHM,PulteGroup,129.97,56,38,1,65,160,9,42,6,29,86,246
TRMB,Trimble Inc.,84.47,3,65,79,4,151,5,70,8,12,95,246
CBRE,CBRE Group,159.7,10,49,92,22,173,6,45,8,14,73,246
JBL,Jabil,219.07,-5,68,19,65,147,28,1,11,57,97,244
UI,Ubiquiti,484.18,42,37,52,10,141,53,29,10,10,102,243
SPOT,Spotify,694.93,38,0,112,12,162,-12,-22,95,20,81,243
LLYVA,Liberty Live (Series A),90.42,37,78,30,0,145,48,39,10,0,97,242
BLD,TopBuild,443.29,55,39,2,46,142,55,42,6,-3,100,242
TT,Trane Technologies,434.86,0,5,16,164,185,22,-4,10,29,57,242
PH,Parker Hannifin,762.09,29,66,17,65,177,29,-4,10,30,65,242
KR,Kroger,70.33,-7,38,79,67,177,-11,10,50,15,64,241
ETN,Eaton Corporation,357.45,-49,65,8,114,138,24,-1,8,72,103,241
CSL,Carlisle Companies,398.99,7,2,0,178,187,25,-4,10,20,51,238
R,Ryder,183.52,12,50,11,56,129,9,36,8,56,109,238
GE,GE Aerospace,268.87,-6,76,19,27,116,28,34,30,29,121,237
SSD,Simpson Manufacturing Company,194.28,16,17,1,156,190,11,30,6,-1,46,236
CAT,Caterpillar Inc.,413.63,-38,64,8,64,98,1,71,8,57,137,235
COF,Capital One,216.98,14,71,94,21,200,14,-7,10,18,35,235
SFM,Sprouts Farmers Market,146.18,-97,-13,145,46,81,-44,-11,151,57,153,234
BWA,BorgWarner,41.56,70,67,8,2,147,62,31,10,-16,87,234
DASH,DoorDash,254.32,-7,64,97,0,154,-26,77,10,18,79,233
CG,Carlyle Group (The),65.43,41,56,8,21,126,14,67,7,18,106,232
WSO,Watsco,432.57,0,-9,-3,196,184,12,-7,-28,71,48,232
SRE,Sempra,82.22,1,20,0,181,202,2,20,8,-1,29,231
AIT,Applied Industrial Technologies,275.53,12,34,7,58,111,10,46,6,57,119,230
SLM,Sallie Mae,33.08,14,0,90,22,126,54,-15,44,21,104,230
MNST,Monster Beverage,64.15,35,4,26,180,245,-3,-35,19,4,-15,230
MLM,Martin Marietta Materials,620.13,56,20,6,60,142,25,25,10,27,87,229
RMD,Resmed,288.57,7,71,17,13,108,21,77,9,13,120,228
GGG,Graco Inc.,87.52,14,1,1,178,194,10,-15,10,29,34,228
AJG,Arthur J. Gallagher & Co.,295.11,6,-35,0,186,157,7,-41,-2,107,71,228
LLYVK,Liberty Live (Series C),92.36,28,71,30,0,129,48,41,10,0,99,228
FYBR,Frontier Communications,37.07,14,3,89,0,106,12,2,94,14,122,228
MP,MP Materials,75.39,63,48,32,0,143,-11,45,45,4,83,226
CXT,Crane NXT,61.78,28,55,2,55,140,26,-2,6,56,86,226
PNR,Pentair,109.01,35,65,9,62,171,20,2,8,24,54,225
FLEX,Flex Ltd.,50.34,0,65,18,58,141,23,-7,10,57,83,224
HPE,Hewlett Packard Enterprise,21.57,28,61,1,42,132,38,-7,7,54,92,224
CNM,Core & Main,65.65,14,67,19,0,100,11,78,10,24,123,223
LECO,Lincoln Electric,245.4,6,64,7,65,142,9,71,8,-7,81,223
BPOP,"Popular, Inc.",118.88,30,72,17,59,178,23,-7,10,19,45,223
DHI,D. R. Horton,165.58,63,38,1,65,167,11,42,4,-2,55,222
JCI,Johnson Controls,105.76,7,73,75,19,174,23,-4,10,18,47,221
PCAR,Paccar,100.66,9,17,-22,159,163,10,28,-14,34,58,221
PSTG,Pure Storage,59.55,14,64,0,42,120,38,-1,6,57,100,220
WTW,Willis Towers Watson,334.7,70,10,8,24,112,70,24,-15,29,108,220
RBLX,Roblox Corporation,126.8,-11,77,53,0,119,-5,78,16,11,100,219
HLT,Hilton Worldwide,272.84,13,65,16,64,158,35,-8,8,26,61,219
BYD,Boyd Gaming,84.32,2,65,48,59,174,9,-1,10,27,45,219
INCY,Incyte,85.82,112,51,3,1,167,24,15,6,7,52,219
VICI,Vici Properties,32.97,-30,46,58,15,89,2,46,23,57,128,217
USFD,US Foods,78.62,-35,68,143,35,211,-27,-5,10,26,4,215
AMG,Affiliated Managers Group,223.5,21,71,11,22,125,20,42,10,17,89,214
VLTO,Veralto,109.72,105,65,2,0,172,5,28,9,0,42,214
CACI,CACI,503.43,7,48,2,154,211,3,-13,14,-1,3,214
STT,State Street Corporation,111.06,13,67,17,16,113,6,72,9,14,101,214
PAYX,Paychex,138.6,-21,-11,84,167,219,-15,-4,-1,14,-6,213
EXPD,Expeditors International,122.25,56,10,1,131,198,11,1,6,-3,15,213
PAG,Penske Automotive Group,185.82,49,7,15,62,133,10,1,10,57,78,211
INSM,Insmed,122.85,20,45,64,16,145,20,15,10,20,65,210
AYI,Acuity Brands,327.66,20,41,4,27,92,21,70,6,20,117,209
MTG,MGIC Investment Corporation,27.76,70,2,19,55,146,21,2,10,28,61,207
HON,Honeywell,219.75,0,0,1,178,179,7,-12,10,22,27,206
HAS,Hasbro,80.35,52,65,14,3,134,50,1,10,11,72,206
AMED,Amedisys,100.98,77,82,12,-40,131,-6,45,25,10,74,205
JLL,Jones Lang LaSalle,296.91,37,39,4,14,94,48,44,4,14,110,204
FAF,First American Financial Corporation,66.1,110,14,2,14,140,54,11,-19,18,64,204
WDC,Western Digital,76.07,12,65,12,18,107,8,76,10,3,97,204
CR,Crane Co.,198.26,13,72,16,0,101,13,74,10,5,102,203
TPG,TPG Inc.,64.87,42,48,2,0,92,49,39,4,19,111,203
SYK,Stryker Corporation,378.94,0,0,17,159,176,-5,-7,8,29,25,201
TSCO,Tractor Supply Company,59.72,0,31,7,85,123,-5,-6,4,85,78,201
AN,AutoNation,211.29,20,2,17,61,100,47,-13,10,57,101,201
TKO,TKO Group Holdings,191.41,21,3,71,40,135,26,-21,10,50,65,200
GNRC,Generac,202.81,77,49,3,-34,95,21,67,7,10,105,200
KKR,KKR & Co. Inc.,147.45,3,54,0,103,160,14,-1,6,21,40,200
AMGN,Amgen,289.2,0,30,0,165,195,-12,-5,-14,36,5,200
DCI,Donaldson Company,75.74,37,17,2,65,121,14,24,10,30,78,199
FTI,TechnipFMC,35.0,-35,65,17,27,74,9,69,10,37,125,199
MMM,3M,160.2,41,8,74,14,137,48,-10,10,14,62,199
LPLA,LPL Financial,355.54,-7,0,45,99,137,-5,-1,10,57,61,198
RDDT,Reddit,234.89,77,40,0,0,117,70,9,2,0,81,198
CLH,Clean Harbors,250.59,14,17,1,58,90,10,30,10,57,107,197
ROST,Ross Stores,150.22,56,8,1,35,100,54,17,-4,29,96,196
ULTA,Ulta Beauty,532.76,12,75,12,4,103,12,78,12,-9,93,196
TDG,TransDigm Group,1425.91,-49,-1,19,157,126,5,-2,10,57,70,196
TDY,Teledyne Technologies,550.13,0,64,52,14,130,7,34,10,15,66,196
ALLE,Allegion,169.63,12,77,9,21,119,12,33,10,22,77,196
D,Dominion Energy,62.1,64,63,14,1,142,2,31,10,10,53,195
AEP,American Electric Power,113.07,0,29,73,23,125,2,31,23,14,70,195
DDS,Dillard's,498.54,6,47,14,54,121,11,1,7,55,74,195
RS,"Reliance, Inc.",293.5,3,-9,0,115,109,7,-8,10,77,86,195
CVX,Chevron Corporation,155.87,16,27,7,48,98,42,48,1,6,97,195
EA,Electronic Arts,178.45,63,11,4,7,85,70,3,16,21,110,195
BKNG,Booking Holdings,5453.57,-9,0,136,35,162,6,-10,10,26,32,194
RITM,Rithm Capital,12.34,14,65,17,32,128,-4,32,10,26,64,192
OMF,OneMain Financial,57.96,5,65,17,60,147,14,-5,10,26,45,192
CSCO,Cisco,70.36,41,65,48,14,168,-3,-9,10,25,23,191
PPC,Pilgrim's Pride,49.64,60,5,86,21,172,-7,12,-4,18,19,191
DE,Deere & Company,513.42,3,1,49,109,162,-18,-8,45,10,29,191
FWONK,Liberty Formula 1 (Series C),100.08,1,0,70,57,128,6,-10,10,56,62,190
FWONA,Liberty Formula 1 (Series A),89.42,1,0,69,62,132,6,-13,9,56,58,190
CINF,Cincinnati Financial,154.01,9,8,85,62,164,3,-3,10,15,25,189
CIEN,Ciena,94.66,41,65,9,12,127,10,28,8,16,62,189
IBM,IBM,240.11,-34,-10,109,54,119,-25,-18,56,56,69,188
PM,Philip Morris International,165.84,0,-15,70,55,110,-7,-27,85,27,78,188
LHX,L3Harris,270.28,-23,87,12,5,81,1,80,12,14,107,188
HLI,Houlihan Lokey,196.59,14,67,17,44,142,13,-4,10,26,45,187
AEE,Ameren,102.22,0,21,56,13,90,2,23,61,10,96,186
EVR,Evercore,314.08,13,64,7,58,142,12,-2,8,26,44,186
EMR,Emerson Electric,135.0,0,65,16,64,145,7,-3,10,26,40,185
GM,General Motors,55.59,28,47,7,11,93,33,39,7,13,92,185
VIK,Viking Holdings,59.98,14,65,0,0,79,15,80,10,0,105,184
K,Kellanova,80.19,35,5,69,21,130,31,17,-7,13,54,184
LNC,Lincoln Financial,40.61,70,34,18,1,123,11,34,8,8,61,184
NSC,Norfolk Southern,282.34,1,64,11,4,80,1,78,10,14,103,183
IDXX,Idexx Laboratories,664.32,56,72,14,4,146,23,12,10,-8,37,183
NOC,Northrop Grumman,582.14,0,32,10,58,100,2,52,17,12,83,183
NVT,Nvent Electric,90.62,4,65,8,12,89,12,78,8,-5,93,182
SEIC,SEI Investments Company,88.53,9,0,92,35,136,20,-10,10,26,46,182
VRT,Vertiv,137.4,-7,64,9,8,74,-3,78,7,26,108,182
TOL,Toll Brothers,133.35,13,49,-23,61,100,9,42,4,26,81,181
OSK,Oshkosh Corporation,141.69,14,64,11,4,93,9,69,8,2,88,181
OZK,Bank OZK,50.65,8,65,17,56,146,14,-7,8,19,34,180
IDA,Idacorp,126.32,8,34,56,18,116,2,26,26,10,64,180
THC,Tenet Healthcare,171.81,35,2,14,57,108,47,-8,8,24,71,179
VNT,Vontier,43.18,14,65,5,0,84,20,72,8,-5,95,179
AMTM,Amentum,26.52,40,77,0,0,117,9,42,10,0,61,178
THO,Thor Industries,109.28,41,49,1,2,93,14,71,6,-6,85,178
ECL,Ecolab,281.84,51,8,16,22,97,48,3,10,19,80,177
FLUT,Flutter Entertainment,293.65,-28,47,19,21,59,3,80,8,27,118,177
META,Meta Platforms,779.87,14,65,17,29,125,19,2,8,23,52,177
HOOD,Robinhood Markets,108.66,0,67,81,0,148,-5,5,10,18,28,176
AFL,Aflac,105.68,41,1,1,58,101,49,-22,-8,55,74,175
COKE,Coca-Cola Consolidated,115.1,14,0,0,86,100,44,-5,-16,52,75,175
SEB,Seaboard Corporation,3563.21,119,39,5,-23,140,5,51,8,-29,35,175
EQH,Equitable Holdings,54.58,28,2,92,11,133,33,-21,10,19,41,174
NWS,News Corp (Class B),34.03,-24,1,112,58,147,6,-11,10,21,26,173
GEV,GE Vernova,634.53,-7,77,0,0,70,12,80,11,0,103,173
LVS,Las Vegas Sands,54.33,17,65,6,2,90,19,71,7,-14,83,173
MEDP,Medpace,468.17,22,39,4,32,97,21,49,4,2,76,173
ESI,Element Solutions,25.49,31,37,0,57,125,41,1,7,-1,48,173
PSN,Parsons Corporation,81.84,48,50,-27,0,71,50,49,3,-1,101,172
STWD,Starwood Property Trust,20.09,31,0,18,58,107,46,-12,10,21,65,172
SOFI,SoFi,23.82,14,57,46,0,117,35,1,8,11,55,172
NXST,Nexstar Media Group,210.26,26,64,9,4,103,21,31,7,10,69,172
AFG,American Financial Group,133.8,42,6,1,56,105,43,6,4,14,67,172
FNB,FNB Corporation,15.88,14,65,1,55,135,16,-8,9,19,36,171
MAS,Masco,74.66,14,31,0,65,110,8,31,1,21,61,171
WEC,WEC Energy Group,109.92,0,21,55,13,89,-18,19,68,11,80,169
PKG,Packaging Corporation of America,200.78,12,33,-3,61,103,43,-6,3,26,66,169
WPC,W. P. Carey,65.72,2,62,29,2,95,-12,54,26,5,73,168
WWD,"Woodward, Inc.",246.82,-7,74,19,35,121,12,-1,10,26,47,168
AXP,American Express,306.89,14,0,17,99,130,22,-13,8,21,38,168
FNF,Fidelity National Financial,61.08,56,2,2,58,118,26,14,-11,21,50,168
LLY,Lilly (Eli),660.65,-84,-12,-3,172,73,7,-4,-7,96,92,165
FHN,First Horizon Corporation,22.16,10,65,52,4,131,20,-4,8,10,34,165
CSX,CSX Corporation,36.08,14,64,2,4,84,9,68,10,-6,81,165
MKL,Markel,1959.91,0,0,68,55,123,9,-1,8,26,42,165
CNP,Centerpoint Energy,38.58,-5,19,49,45,108,-20,18,43,15,56,164
SYY,Sysco,82.19,8,52,7,3,70,8,65,7,14,94,164
THG,Hanover Insurance,171.94,1,4,61,24,90,7,-1,53,14,73,163
WFC,Wells Fargo,77.91,0,0,92,29,121,19,-6,10,19,42,163
CMA,Comerica,68.89,10,39,7,4,60,14,70,7,12,103,163
LEN,Lennar (Class A),130.91,58,21,-30,64,113,21,30,1,-3,49,162
NVR,"NVR, Inc.",8296.64,14,34,-23,65,90,10,30,3,29,72,162
NET,Cloudflare,199.17,-20,65,39,0,84,-26,75,10,19,78,162
PG,Procter & Gamble,155.43,19,-42,-6,179,150,40,-40,-14,26,12,162
SPR,Spirit AeroSystems,40.84,10,79,18,0,107,13,-3,30,14,54,161
ADT,ADT Inc.,8.78,13,85,31,0,129,5,-6,25,8,32,161
EXPE,Expedia Group,209.75,30,38,49,11,128,9,4,6,14,33,161
BAM,Brookfield Asset Management,62.51,14,25,65,0,104,11,28,10,8,57,161
DAL,Delta Air Lines,59.42,29,37,1,19,86,45,2,2,26,75,161
LFUS,Littelfuse,263.62,14,65,3,2,84,7,70,8,-8,77,161
TTEK,Tetra Tech,37.13,2,63,-29,119,155,1,-1,6,-1,5,160
JHG,Janus Henderson,44.36,14,50,6,19,89,12,34,7,18,71,160
AFRM,Affirm Holdings,77.69,56,47,12,0,115,12,8,8,17,45,160
LEN-B,Lennar (Class B),125.74,57,17,-28,62,108,21,31,1,-1,52,160
VTR,"Ventas, Inc.",67.98,0,21,72,22,115,2,23,4,15,44,159
LH,Labcorp,272.49,26,15,55,15,111,20,2,8,18,48,159
SYF,Synchrony Financial,72.59,14,65,17,21,117,19,-3,8,18,42,159
CHRW,C.H. Robinson,120.92,70,33,3,4,110,9,26,6,8,49,159
AGNC,AGNC Investment,9.66,2,50,11,16,79,6,48,8,17,79,158
DRI,Darden Restaurants,207.0,6,-10,44,61,101,8,-29,48,30,57,158
BRX,Brixmor Property Group,26.88,11,47,1,55,114,9,-2,10,26,43,157
SNA,Snap-on,333.73,14,20,1,59,94,11,-9,3,57,62,156
APO,Apollo Global Management,140.92,-7,47,-1,97,136,-4,-9,6,26,19,155
SPG,Simon Property Group,172.57,12,34,1,35,82,11,33,8,21,73,155
CAH,Cardinal Health,148.1,-14,-2,55,38,77,-10,-17,48,57,78,155
WAB,Wabtec,194.35,14,-1,2,49,64,38,-14,10,56,90,154
UNP,Union Pacific Corporation,223.15,-21,0,-6,198,171,-26,-16,4,19,-19,152
MCK,McKesson Corporation,663.17,-35,-5,42,58,60,3,-18,38,67,90,150
PANW,Palo Alto Networks,176.86,0,-10,0,81,71,14,-3,10,57,78,149
TLN,Talen Energy,380.4,2,77,39,0,118,6,12,11,2,31,149
KRC,Kilroy Realty,38.72,8,55,6,0,69,5,58,6,11,80,149
CNA,CNA Financial,47.99,56,6,2,57,121,9,7,-9,20,27,148
AMP,Ameriprise Financial,508.7,0,0,0,64,64,19,-15,8,71,83,147
ADM,Archer Daniels Midland,59.52,48,66,2,0,116,-2,42,10,-20,30,146
UAL,United Airlines Holdings,99.79,29,38,1,11,79,45,2,4,16,67,146
KDP,Keurig Dr Pepper,34.82,33,5,7,1,46,35,35,18,12,100,146
JNJ,Johnson & Johnson,174.38,59,31,8,7,105,1,29,5,6,41,146
ZG,Zillow (Class A),81.29,0,38,54,0,92,3,28,3,20,54,146
INFA,Informatica,24.74,2,56,0,0,58,7,78,8,-7,86,144
CEG,Constellation Energy,327.54,-7,65,16,0,74,8,33,10,19,70,144
BA,Boeing,233.3,14,78,8,0,100,47,-3,10,-11,43,143
EXEL,Exelixis,38.47,7,-12,64,14,73,3,-12,55,24,70,143
APG,APi Group,35.85,5,72,18,0,95,12,-1,10,26,47,142
OHI,Omega Healthcare Investors,40.42,12,24,6,40,82,8,16,5,31,60,142
DOV,Dover Corporation,182.8,6,0,-3,106,109,13,-6,6,19,32,141
SAIC,SAIC,120.61,48,25,0,67,140,7,-7,2,-1,1,141
NLY,Annaly Capital Management,20.86,3,47,18,10,78,6,33,8,16,63,141
MRP,Millrose Properties,32.4,44,54,0,0,98,8,32,3,0,43,141
WMB,Williams Companies,57.85,-42,-7,112,52,115,-47,5,10,57,25,140
MDT,Medtronic,92.89,33,32,11,1,77,1,46,3,13,63,140
DLTR,Dollar Tree,115.4,0,82,6,-15,73,-18,81,25,-22,66,139
FE,FirstEnergy,43.94,9,18,6,55,88,8,19,10,14,51,139
TROW,T. Rowe Price,109.97,41,50,1,-25,67,19,34,6,13,72,139
MRVL,Marvell Technology,79.33,0,39,-21,106,124,7,11,-21,18,15,139
FTAI,FTAI Aviation,146.08,18,11,3,47,79,12,11,6,31,60,139
KMI,Kinder Morgan,26.87,-42,-6,92,44,88,-14,5,8,52,51,139
MTZ,MasTec,181.57,0,71,19,18,108,9,-1,10,13,31,139
PRI,Primerica,263.96,1,-1,0,108,108,9,-17,8,30,30,138
RLI,RLI Corp.,67.57,3,-49,-10,176,120,2,-42,-29,87,18,138
AU,AngloGold Ashanti,55.81,0,9,76,18,103,-21,18,24,14,35,138
FITB,Fifth Third Bancorp,42.99,14,41,1,22,78,46,-9,7,16,60,138
DKS,Dick's Sporting Goods,225.96,17,31,1,63,112,11,2,-21,33,25,137
GTES,Gates Corporation,25.33,5,65,17,15,102,9,-2,10,18,35,137
ELAN,Elanco,17.81,35,68,2,0,105,35,-7,9,-6,31,136
MSM,MSC Industrial Direct,88.8,7,65,7,58,137,7,-9,10,-9,-1,136
XYL,Xylem Inc.,143.57,0,65,8,22,95,-26,34,10,22,40,135
WBA,Walgreens Boots Alliance,11.88,105,65,0,-77,93,-10,80,6,-35,41,134
RF,Regions Financial Corporation,25.86,7,64,7,22,100,10,1,8,14,33,133
GWW,W. W. Grainger,981.59,0,-9,-3,94,82,9,-14,-1,57,51,133
BEN,Franklin Templeton Investments,26.02,56,68,8,1,133,21,-9,10,-22,0,133
MUSA,Murphy USA,395.32,6,-12,-13,68,49,41,-7,-29,79,84,133
CVNA,Carvana,349.81,-44,77,92,11,136,-28,-1,10,16,-3,133
OWL,Blue Owl Capital,20.02,28,44,-4,0,68,52,-10,2,21,65,133
MDU,MDU Resources,16.9,0,1,0,58,59,8,25,10,30,73,132
NCLH,Norwegian Cruise Line Holdings,24.77,-1,36,1,0,36,7,66,3,20,96,132
NTRS,Northern Trust,125.97,-5,65,16,11,87,14,7,10,13,44,131
ECG,Everus Construction Group,79.26,14,63,0,0,77,10,37,7,0,54,131
HII,Huntington Ingalls Industries,269.38,0,104,8,6,118,7,-1,16,-9,13,131
AMZN,Amazon,224.55,6,55,17,21,99,5,-1,7,20,31,130
PNW,Pinnacle West Capital,93.06,0,10,68,18,96,-18,3,22,26,33,129
NTAP,Netapp,109.4,28,8,0,57,93,39,-9,7,-1,36,129
DTM,DT Midstream,103.8,0,0,103,0,103,-14,5,10,25,26,129
MSTR,MicroStrategy,389.98,0,0,99,19,118,-9,-10,10,20,11,129
FRHC,Freedom Holding,174.14,-22,20,54,14,66,2,21,10,30,63,129
ATI,ATI Inc.,75.32,0,0,16,43,59,11,-4,10,52,69,128
AL,Air Lease Corporation,58.28,23,1,17,22,63,40,-11,10,26,65,128
TER,Teradyne,114.05,14,36,-29,2,23,41,66,3,-5,105,128
RKT,Rocket Companies,19.61,63,21,4,0,88,12,18,9,1,40,128
WEX,WEX Inc.,176.45,11,47,0,1,59,8,65,4,-8,69,128
MANH,Manhattan Associates,220.32,1,59,-29,65,96,6,-5,3,27,31,127
WTRG,Essential Utilities,39.18,63,3,6,0,72,30,17,2,5,54,126
CCL,Carnival Corporation & plc,30.63,10,64,17,0,91,12,-6,8,19,33,124
TTWO,Take-Two Interactive,236.08,14,0,45,13,72,7,-20,45,20,52,124
SKX,Skechers,63.03,0,63,-24,55,94,4,-7,7,26,30,124
XEL,Xcel Energy,72.94,-20,21,51,12,64,-39,30,59,9,59,123
VZ,Verizon,43.7,30,5,30,10,75,26,10,-2,14,48,123
ES,Eversource Energy,66.28,2,68,15,-10,75,13,23,10,2,48,123
INTU,Intuit,711.5,-49,0,17,191,159,-64,-2,10,20,-36,123
Z,Zillow (Class C),84.84,0,38,11,0,49,3,47,4,20,74,123
LNG,Cheniere Energy,231.3,-27,-4,60,58,87,-37,6,10,56,35,122
H,Hyatt Hotels,145.22,7,2,-3,55,61,9,-9,6,55,61,122
WBS,Webster Bank,58.26,8,65,8,14,95,8,-6,8,17,27,122
ARMK,Aramark,40.73,0,0,15,40,55,7,-7,10,56,66,121
IVZ,Invesco,21.53,8,41,7,2,58,6,37,7,13,63,121
BRK-B,Berkshire Hathaway,477.31,13,-50,124,62,149,13,-62,-5,26,-28,121
TSLA,"Tesla, Inc.",339.34,39,4,0,10,53,44,10,4,10,68,121
AGCO,AGCO,115.37,5,67,7,2,81,9,33,11,-13,40,121
PNC,PNC Financial Services,193.41,14,55,2,14,85,21,-7,7,14,35,120
RGA,Reinsurance Group of America,189.89,37,-9,-3,40,65,46,-43,-1,53,55,120
BRO,Brown & Brown,95.92,7,-74,-3,163,93,31,-20,-10,26,27,120
EXC,Exelon,45.22,0,10,55,14,79,1,30,-1,10,40,119
HUM,Humana,282.05,114,7,0,-12,109,40,10,-20,-20,10,119
TNL,Travel + Leisure Co.,61.59,11,55,9,16,91,8,-2,7,14,27,118
LAZ,Lazard,55.41,14,48,2,20,84,19,-6,7,13,33,117
STLD,Steel Dynamics,129.22,7,-9,1,55,54,11,-15,10,57,63,117
KNSL,Kinsale Capital Group,451.97,4,-12,0,33,25,3,-5,7,85,90,115
HAYW,Hayward Holdings,16.51,14,36,2,0,52,10,28,8,16,62,114
AOS,A. O. Smith,73.66,13,31,0,58,102,12,-5,10,-5,12,114
WTM,White Mountains Insurance Group,1880.11,13,3,0,59,75,12,-9,-20,56,39,114
KEY,Keycorp,18.22,8,65,8,4,85,14,-7,8,13,28,113
TOST,"Toast, Inc.",44.33,-43,66,77,0,100,-40,25,10,17,12,112
CFG,Citizens Financial Group,48.58,10,53,8,4,75,20,-4,7,14,37,112
EXP,Eagle Materials,241.45,13,16,-15,57,71,14,28,-29,27,40,111
CMS,CMS Energy,73.46,0,12,76,23,111,-36,23,-1,14,0,111
XPO,"XPO, Inc.",130.25,8,2,0,61,71,11,-5,7,27,40,111
FCX,Freeport-McMoRan,42.72,14,0,0,58,72,47,-13,10,-6,38,110
LNT,Alliant Energy,65.37,-14,25,68,14,93,-31,25,10,13,17,110
WYNN,Wynn Resorts,111.82,14,67,8,3,92,19,-4,10,-8,17,109
UGI,UGI Corporation,35.93,7,1,42,4,54,6,-5,49,5,55,109
PLNT,Planet Fitness,107.19,13,2,63,13,91,-2,-6,10,14,16,107
FOXA,Fox Corporation (Class A),59.12,13,1,68,1,83,19,-17,8,14,24,107
ED,Consolidated Edison,103.62,-7,0,28,47,68,-19,17,-4,45,39,107
F,Ford Motor Company,11.43,42,79,2,-17,106,5,-11,10,-5,-1,105
AMCR,Amcor,9.94,33,31,1,0,65,45,-9,6,-2,40,105
GEN,Gen Digital,32.15,28,4,15,16,63,22,-7,10,16,41,104
LII,Lennox International,611.72,0,32,0,38,70,8,-6,4,27,33,103
WMS,Advanced Drainage Systems,142.57,35,7,0,3,45,46,5,10,-3,58,103
AIG,American International Group,79.9,9,-23,28,53,67,21,-29,23,21,36,103
MET,Metlife,77.36,14,0,0,58,72,26,-22,8,18,30,102
QGEN,Qiagen,49.21,0,62,12,3,77,14,-5,10,5,24,101
LMT,Lockheed Martin,442.48,9,-17,-29,165,128,7,-28,-4,-2,-27,101
SN,SharkNinja,121.04,2,41,8,0,51,9,33,7,1,50,101
RPRX,Royalty Pharma,36.47,-20,68,32,0,80,-14,47,26,-38,21,101
LPX,Louisiana-Pacific,102.86,14,12,0,63,89,8,2,-24,26,12,101
QRVO,Qorvo,90.14,30,65,0,-31,64,35,-2,8,-5,36,100
FOX,Fox Corporation (Class B),53.78,13,1,67,1,82,18,-16,7,9,18,100
VKTX,Viking Therapeutics,41.28,34,31,-40,21,46,28,27,5,-6,54,100
CB,Chubb Limited,275.03,30,-30,2,58,60,28,-41,-4,56,39,99
SCCO,Southern Copper,99.5,41,0,0,62,103,6,-18,10,-2,-4,99
SSB,SouthState Corporation,97.67,10,36,0,22,68,14,-6,4,19,31,99
WING,Wingstop,343.07,5,0,0,38,43,13,3,8,31,55,98
CPRT,Copart,47.66,26,-56,-13,176,133,12,-52,-23,28,-35,98
PFG,Principal Financial Group,78.34,3,0,-3,55,55,21,-3,7,18,43,98
GLPI,Gaming and Leisure Properties,46.26,1,-6,0,65,60,3,-14,-8,57,38,98
MAR,Marriott International,269.61,7,0,0,58,65,9,-10,7,27,33,98
BOKF,BOK Financial Corporation,105.38,14,34,0,22,70,15,-6,4,14,27,97
NWSA,News Corp (Class A),29.61,3,1,9,58,71,6,-11,10,21,26,97
FLS,Flowserve,53.95,0,36,0,27,63,9,-3,3,25,34,97
UNM,Unum,71.01,0,-11,1,40,30,14,-11,10,54,67,97
BURL,Burlington Stores,287.33,7,28,1,3,39,9,27,3,17,56,95
BAC,Bank of America,47.24,14,2,17,18,51,27,-7,10,14,44,95
GPC,Genuine Parts Company,138.05,44,18,1,0,63,14,25,10,-17,32,95
WTFC,Wintrust Financial,128.43,6,2,9,49,66,8,-7,8,19,28,94
PRU,Prudential Financial,107.17,28,1,-13,55,71,20,-20,4,19,23,94
ZION,Zions Bancorporation,53.85,7,47,1,4,59,21,-8,7,15,35,94
BG,Bunge Global,83.24,77,5,0,0,82,-3,10,10,-5,12,94
GPK,Graphic Packaging,23.11,12,0,-19,58,51,7,-3,-32,71,43,94
IRM,Iron Mountain,93.98,0,-6,-3,57,48,7,-27,10,56,46,94
U,Unity Technologies,37.95,14,54,6,0,74,16,28,10,-35,19,93
MU,Micron Technology,124.25,35,4,2,22,63,45,-20,10,-5,30,93
APPF,AppFolio,268.54,-28,50,5,28,55,-37,42,5,28,38,93
POST,Post Holdings,108.51,27,-29,-6,87,79,-2,-33,-8,57,14,93
BJ,BJ's Wholesale Club,103.43,-7,-32,78,10,49,-18,6,-2,58,44,93
UTHR,United Therapeutics,309.8,9,1,-10,57,57,5,1,-29,59,36,93
RNR,RenaissanceRe,244.07,1,1,-8,35,29,19,9,8,28,64,93
DOCS,Doximity,64.03,28,35,54,0,117,-8,-11,-17,12,-24,93
FSLR,First Solar,184.78,0,30,-39,62,53,5,30,10,-6,39,92
INGR,Ingredion,127.82,0,-9,-3,34,22,24,-20,10,56,70,92
TKR,Timken Company,80.37,7,50,0,4,61,32,-3,7,-5,31,92
JHX,James Hardie Industries,29.65,46,33,-27,3,55,49,-10,1,-3,37,92
AVT,Avnet,54.75,16,1,1,45,63,30,-10,10,-2,28,91
O,Realty Income,57.92,30,9,10,7,56,26,-14,10,13,35,91
EOG,EOG Resources,118.58,1,1,-5,45,42,15,-20,3,51,49,91
BKR,Baker Hughes,42.85,-35,19,4,35,23,-26,64,4,26,68,91
W,Wayfair,78.69,14,65,4,-41,42,8,71,10,-40,49,91
FCNCA,First Citizens BancShares,1904.95,0,-5,-3,59,51,16,-5,7,21,39,90
DINO,HF Sinclair,45.05,14,67,0,1,82,11,-5,10,-8,8,90
IPGP,IPG Photonics,80.36,13,64,1,-44,34,23,71,6,-44,56,90
ZBRA,Zebra Technologies,337.81,8,51,-2,-7,50,23,-1,4,13,39,89
STAG,STAG Industrial,35.17,6,0,0,96,102,5,-24,10,-4,-13,89
GXO,GXO Logistics,53.8,16,65,1,0,82,9,-4,9,-8,6,88
LAMR,Lamar Advertising,121.57,1,0,0,64,65,3,-9,8,21,23,88
UHS,Universal Health Services,178.5,56,-21,-11,22,46,46,1,-4,-1,42,88
SLGN,Silgan Holdings,47.58,0,-11,-3,80,66,9,-11,10,13,21,87
EWBC,East West Bancorp,102.87,14,2,9,22,47,20,-8,9,19,40,87
SJM,J.M. Smucker Company (The),113.02,33,17,2,-4,48,50,22,-10,-23,39,87
DECK,Deckers Brands,106.45,2,0,-24,93,71,9,-5,-20,31,15,86
PODD,Insulet,308.57,32,2,45,4,83,23,-41,14,6,2,85
TFC,Truist Financial,44.83,10,39,1,4,54,16,-6,7,14,31,85
NTRA,Natera,157.68,30,-1,1,18,48,47,-26,-3,19,37,85
PINC,"Premier, Inc.",24.54,56,5,17,-28,50,47,6,15,-34,34,84
KIM,Kimco Realty,21.52,0,2,0,55,57,7,-2,8,14,27,84
GNTX,Gentex,27.83,14,30,0,1,45,14,28,4,-8,38,83
LSCC,Lattice Semiconductor,65.22,49,7,1,0,57,49,-10,2,-15,26,83
EL,Estée Lauder Companies (The),95.25,7,55,0,-26,36,6,68,8,-35,47,83
TXT,Textron,81.35,14,1,0,53,68,16,-6,10,-5,15,83
XYZ,"Block, Inc.",76.96,-2,43,-3,-36,2,2,62,4,13,81,83
VRTX,Vertex Pharmaceuticals,395.85,-49,-7,-2,104,46,12,-7,-6,37,36,82
WAL,Western Alliance Bancorporation,84.68,14,2,0,4,20,46,-9,7,18,62,82
CMG,Chipotle Mexican Grill,43.47,2,-15,-6,80,61,12,-16,-4,29,21,82
MTD,Mettler Toledo,1323.79,37,50,-23,0,64,25,-6,4,-5,18,82
ACGL,Arch Capital Group,89.96,5,-22,-8,62,37,-8,1,-1,51,43,80
VIRT,Virtu Financial,41.82,-44,0,76,14,46,-51,-1,71,14,33,79
AWK,American Water Works,143.73,2,9,26,1,38,-12,23,22,8,41,79
LNW,Light & Wonder,88.51,9,-5,-3,57,58,19,-9,-15,25,20,78
GL,Globe Life,138.94,-7,17,45,14,69,-19,16,4,8,9,78
DKNG,DraftKings,43.15,-28,41,0,0,13,1,41,2,20,64,77
SFD,Smithfield Foods,25.51,1,60,0,0,61,1,11,4,0,16,77
HBAN,Huntington Bancshares,16.73,10,1,9,21,41,20,-11,10,16,35,76
APD,Air Products,294.24,8,36,0,16,60,8,-5,2,10,15,75
XOM,ExxonMobil,107.57,0,-8,-2,44,34,1,-19,9,50,41,75
NVST,Envista,21.57,21,50,4,0,75,24,1,6,-32,-1,74
VVV,Valvoline,39.86,42,6,0,31,79,8,-16,7,-4,-5,74
MHK,Mohawk Industries,132.69,17,27,0,-11,33,8,31,2,-1,40,73
IONS,Ionis Pharmaceuticals,43.12,2,68,1,0,71,4,-2,10,-10,2,73
RYN,Rayonier,26.78,35,7,0,0,42,48,23,-32,-9,30,72
NUE,Nucor,145.89,14,42,0,3,59,11,1,7,-8,11,70
ROK,Rockwell Automation,348.99,14,2,15,15,46,31,-6,10,-11,24,70
KEYS,Keysight,170.21,14,2,2,1,19,39,-2,8,5,50,69
SITE,SiteOne Landscape Supply,146.22,8,32,0,-9,31,11,31,3,-8,37,68
COLB,Columbia Banking System,26.15,27,14,0,0,41,23,-11,5,10,27,68
ASTS,AST SpaceMobile,50.07,0,49,11,0,60,-5,-5,10,8,8,68
CSGP,CoStar Group,87.57,-25,47,6,14,42,-30,42,23,-9,26,68
VRSN,Verisign,267.5,-15,-2,36,9,28,-16,-4,52,7,39,67
NYT,New York Times Company,60.62,6,6,2,16,30,5,1,10,21,37,67
MSCI,MSCI,567.57,7,0,0,14,21,16,1,7,20,44,65
BROS,Dutch Bros. Coffee,67.52,35,0,53,0,88,8,-39,-3,11,-23,65
FIVE,Five Below,138.19,14,67,0,-16,65,6,-2,11,-15,0,65
ABT,Abbott Laboratories,129.4,-2,-3,56,13,64,-15,6,-4,14,1,65
DD,DuPont,73.97,7,36,-3,19,59,9,-7,7,-3,6,65
HHH,Howard Hughes Holdings,74.56,35,5,0,0,40,45,-6,-28,14,25,65
PEN,"Penumbra, Inc.",257.42,10,0,32,11,53,11,3,-6,3,11,64
HLNE,Hamilton Lane,160.75,14,2,1,25,42,9,-5,-3,21,22,64
MTB,M&T Bank,193.23,11,0,1,22,34,19,-11,8,14,30,64
AMH,American Homes 4 Rent,34.89,0,-11,-8,68,49,2,-13,10,15,14,63
AMKR,Amkor Technology,24.97,14,50,-40,2,26,39,-2,4,-5,36,62
ETSY,Etsy,70.05,14,55,1,-30,40,30,19,10,-37,22,62
SHC,Sotera Health,15.72,28,4,1,0,33,28,4,2,-6,28,61
AUR,Aurora Innovation,6.46,37,0,0,0,37,7,20,-18,15,24,61
REG,Regency Centers,72.02,-16,8,5,53,50,-29,11,10,19,11,61
VOYA,Voya Financial,74.78,42,6,1,4,53,9,-9,8,-1,7,60
CTVA,Corteva,72.32,9,0,53,0,62,-5,-18,10,11,-2,60
BLDR,Builders FirstSource,144.41,14,31,-28,65,82,11,1,-32,-3,-23,59
HOLX,Hologic,68.99,9,53,-35,0,27,23,13,3,-7,32,59
VNOM,Viper Energy,38.69,5,0,-9,44,40,9,-9,-28,47,19,59
RH,RH,245.69,54,20,-24,-7,43,14,16,-23,9,16,59
COIN,Coinbase,327.1,0,0,9,0,9,30,-9,9,18,48,57
MTSI,MACOM Technology Solutions,126.0,-35,0,0,58,23,6,-9,8,29,34,57
ADC,Agree Realty,72.27,-18,-4,63,16,57,-18,10,-5,13,0,57
ROKU,"Roku, Inc.",88.12,4,46,10,-19,41,7,-1,5,4,15,56
ALLY,Ally Financial,38.89,14,2,2,4,22,21,-11,8,16,34,56
SBUX,Starbucks,94.16,14,4,0,1,19,47,-2,-15,7,37,56
SNV,Synovus,49.54,14,0,0,21,35,7,-8,8,14,21,56
GWRE,Guidewire Software,208.85,-34,-5,110,21,92,-37,-29,10,20,-36,56
CCK,Crown Holdings,102.81,17,0,17,5,39,7,-13,10,12,16,55
FHB,"First Hawaiian, Inc.",25.03,10,0,0,14,24,21,-11,7,14,31,55
OC,Owens Corning,155.44,14,7,-24,58,55,8,-9,-28,29,0,55
TXN,Texas Instruments,193.3,14,0,1,22,37,6,-15,10,16,17,54
USB,U.S. Bancorp,46.6,14,2,0,4,20,25,-13,7,15,34,54
MTCH,Match Group,38.73,7,49,4,-37,23,7,57,5,-38,31,54
WH,Wyndham Hotels & Resorts,91.12,9,26,0,11,46,13,-4,-17,15,7,53
ROIV,Roivant Sciences,11.95,9,2,1,0,12,12,18,10,-1,39,51
UBER,Uber,90.83,0,0,18,0,18,2,-12,16,26,32,50
TFSL,Third Federal S&L,13.19,14,1,3,5,23,14,-16,10,19,27,50
ALK,Alaska Air Group,57.75,14,31,0,2,47,9,2,-17,9,3,50
PEP,PepsiCo,149.37,33,20,-42,0,11,45,45,-39,-13,38,49
DPZ,Domino's,450.85,0,-7,0,10,3,8,-7,27,18,46,49
ELF,e.l.f. Beauty,122.85,13,1,0,31,45,21,-20,8,-5,4,49
HR,Healthcare Realty Trust,16.68,0,33,2,-9,26,-29,39,2,9,21,47
BMY,Bristol Myers Squibb,47.85,20,1,-3,-5,13,49,-6,-14,5,34,47
TRGP,Targa Resources,166.75,1,0,0,51,52,-19,-21,-20,54,-6,46
VLO,Valero Energy,136.17,0,0,0,44,44,9,-12,9,-5,1,45
IP,International Paper,48.63,0,2,0,16,18,11,-3,3,16,27,45
IQV,IQVIA,190.22,7,20,-40,0,-13,16,46,2,-6,58,45
KEX,Kirby Corporation,99.51,-31,-10,-3,35,-9,5,-3,10,42,54,45
CBSH,Commerce Bancshares,62.02,10,-7,0,11,14,20,-13,10,13,30,44
TW,Tradeweb,130.67,-49,-6,109,0,54,-41,-2,10,23,-10,44
CART,Maplebear Inc.,45.1,-7,0,23,0,16,-7,28,7,0,28,44
CVS,CVS Health,65.91,33,0,10,-17,26,43,4,-1,-28,18,44
CPNG,Coupang,28.48,0,0,17,0,17,8,-9,10,17,26,43
EXLS,EXL Service,43.21,0,-24,0,65,41,7,-2,-16,13,2,43
EQIX,Equinix,783.57,0,-29,-8,34,-3,19,9,-8,26,46,43
PNFP,Pinnacle Financial Partners,93.24,21,-14,-4,15,18,19,-14,1,18,24,42
CNH,CNH Industrial,12.82,5,0,19,0,24,22,-16,10,2,18,42
SEG,Seaport Entertainment Group,24.95,12,29,0,0,41,4,25,-28,0,1,42
DOX,Amdocs,88.6,7,-3,2,58,64,-10,-27,10,5,-22,42
DG,Dollar General,115.79,62,9,2,-17,56,-11,1,22,-26,-14,42
ARW,Arrow Electronics,127.4,13,1,1,4,19,32,-11,10,-8,23,42
FICO,Fair Isaac,1334.45,-70,-27,-6,166,63,1,-26,-28,31,-22,41
EQT,EQT Corporation,51.48,-60,-9,41,42,14,2,-26,41,10,27,41
CI,Cigna,287.1,14,-28,-6,58,38,28,-22,-3,-1,2,40
IR,Ingersoll Rand,80.76,1,0,-21,23,3,12,-11,7,29,37,40
SMMT,Summit Therapeutics,26.87,-14,1,9,14,10,-12,29,-8,19,28,38
PSX,Phillips 66,122.58,0,0,0,41,41,6,-14,9,-5,-4,37
ROP,Roper Technologies,522.53,-65,-9,-2,182,106,-68,-26,-1,26,-69,37
TXRH,Texas Roadhouse,175.17,-28,-4,0,64,32,3,-40,10,31,4,36
CGNX,Cognex Corporation,44.19,13,47,1,-31,30,7,33,6,-40,6,36
NBIX,Neurocrine Biosciences,131.56,2,2,-5,25,24,9,-1,7,-4,11,35
CUZ,Cousins Properties,28.24,12,0,0,11,23,11,-22,10,13,12,35
TEM,Tempus AI,69.62,28,2,0,0,30,28,-26,3,0,5,35
VTRS,Viatris,10.41,33,5,-25,0,13,27,-7,2,-1,21,34
FR,First Industrial Realty Trust,49.02,2,1,-3,14,14,5,-7,8,14,20,34
CRUS,Cirrus Logic,110.59,22,2,-23,19,20,27,-20,10,-3,14,34
ZS,Zscaler,277.76,-4,0,17,5,18,6,-18,10,18,16,34
TMO,Thermo Fisher Scientific,485.11,13,16,-22,0,7,20,30,-21,-3,26,33
CPAY,Corpay,316.58,1,-9,-3,21,10,9,-6,-5,25,23,33
PII,Polaris Inc.,59.49,13,34,0,-17,30,14,1,5,-17,3,33
AGO,Assured Guaranty,82.5,-26,-5,-2,56,23,-29,6,10,22,9,32
SNDK,SanDisk,46.97,28,2,0,0,30,20,-21,2,0,1,31
SW,Smurfit Westrock,45.12,0,1,-3,16,14,27,-4,-23,17,17,31
FTNT,Fortinet,79.34,-77,-9,-2,113,25,6,-11,-2,13,6,31
BDX,Becton Dickinson,195.96,35,5,-28,-5,7,27,31,-19,-15,24,31
LEA,Lear Corporation,103.17,14,2,0,-17,-1,46,-9,9,-15,31,30
HXL,Hexcel,63.92,14,37,-29,1,23,10,2,4,-9,7,30
TRU,TransUnion,92.81,0,1,0,3,4,6,-2,8,14,26,30
EFX,Equifax,253.32,7,-9,-4,16,10,9,-17,10,18,20,30
LAD,Lithia Motors,315.11,12,-12,-5,14,9,11,-13,1,21,20,29
GO,Grocery Outlet,18.37,42,6,0,0,48,-15,22,2,-28,-19,29
ISRG,Intuitive Surgical,482.34,0,-11,-3,22,8,16,-19,-2,26,21,29
DIS,Walt Disney Company (The),116.65,3,0,15,-1,17,9,-10,10,3,12,29
TAP,Molson Coors,51.73,28,0,-13,0,15,36,-6,-14,-3,13,28
AES,AES Corporation,13.05,-2,26,0,-11,13,7,26,6,-24,15,28
QCOM,Qualcomm,156.61,7,1,-25,22,5,30,-10,8,-5,23,28
PCG,PG&E Corporation,15.27,58,0,-30,1,29,17,12,-29,-1,-1,28
PB,Prosperity Bancshares,68.48,14,-12,-4,14,12,14,-15,2,14,15,27
CARR,Carrier Global,67.07,0,-8,-3,0,-11,6,-4,10,26,38,27
ATR,AptarGroup,141.43,0,-9,-3,20,8,-10,-6,10,25,19,27
PINS,Pinterest,35.77,-28,50,0,0,22,3,-1,6,-5,3,25
VNO,Vornado Realty Trust,37.79,4,-4,0,4,4,5,-7,8,15,21,25
DHR,Danaher Corporation,209.14,14,5,-29,0,-10,27,8,3,-4,34,24
QS,QuantumScape,9.4,6,39,6,0,51,7,-6,8,-36,-27,24
NU,Nubank,12.38,6,-3,-3,0,0,5,-11,10,19,23,23
RBRK,Rubrik,88.07,-28,0,0,0,-28,7,-1,44,0,50,22
MAT,Mattel,18.28,19,0,-4,0,15,46,-15,7,-31,7,22
CFR,Frost Bank,125.5,0,0,0,4,4,9,-9,8,10,18,22
FOUR,Shift4,90.13,0,-7,0,0,-7,14,-7,-2,24,29,22
RRX,Regal Rexnord,154.57,6,1,0,3,10,9,-3,7,-1,12,22
GMED,Globus Medical,62.79,31,0,-15,0,16,48,-36,-20,12,4,20
HPQ,HP Inc.,27.14,33,2,-25,0,10,49,-9,-29,-1,10,20
DBX,Dropbox,28.14,8,-11,0,9,6,21,-9,-7,8,13,19
DVA,DaVita,134.68,0,-6,-3,20,11,16,-7,-20,19,8,19
MKSI,MKS Instruments,104.36,31,5,-27,-13,-4,32,-10,6,-5,23,19
HIW,Highwoods Properties,29.69,3,0,1,6,10,6,-20,10,13,9,19
NEE,NextEra Energy,72.29,3,7,2,0,12,-9,-7,10,13,7,19
KMB,Kimberly-Clark,134.81,0,1,2,18,21,-18,1,-11,26,-2,19
SMCI,Supermicro,46.04,-42,2,0,58,18,5,-1,5,-9,0,18
HSIC,Schein (Henry),68.99,14,0,-5,0,9,24,-16,-3,3,8,17
CACC,Credit Acceptance,487.61,8,-9,-3,0,-4,38,-20,7,-5,20,16
BC,Brunswick Corporation,64.62,14,49,-38,-7,18,10,-7,4,-9,-2,16
AVY,Avery Dennison,179.42,16,1,-35,1,-17,46,-16,7,-5,32,15
NTNX,Nutanix,70.17,-34,-3,31,22,16,-26,-9,10,24,-1,15
DXCM,Dexcom,79.95,0,0,0,-14,-14,30,-2,10,-9,29,15
NDSN,Nordson,221.56,14,1,0,0,15,8,-11,10,-7,0,15
ALSN,Allison Transmission,90.69,23,-24,-5,35,29,14,-42,-21,34,-15,14
AS,Amer Sports,39.11,3,1,4,0,8,7,-11,10,0,6,14
EEFT,Euronet Worldwide,97.72,0,-11,-3,-3,-17,19,-11,10,13,31,14
SUI,Sun Communities,128.0,8,1,3,-24,-12,3,2,10,11,26,14
PEGA,Pegasystems,52.9,-34,1,19,5,-9,2,-2,8,15,23,14
GAP,Gap Inc.,21.15,14,-24,-5,18,3,11,-16,-3,19,11,14
SNDR,Schneider National,25.24,6,2,-5,1,4,8,-11,2,10,9,13
HRB,H&R Block,49.92,-15,-46,-1,52,-10,-12,-12,-6,52,22,12
RAL,Ralliant,45.02,1,0,0,0,1,20,-10,0,0,10,11
AXTA,Axalta,30.74,14,0,-16,22,20,10,-16,-29,26,-9,11
BEPC,Brookfield Renewable Partners,33.78,-63,66,10,0,13,-21,-1,10,10,-2,11
KRMN,Karman Holdings,51.83,7,2,0,0,9,7,-8,2,0,1,10
GEHC,GE HealthCare,75.31,14,2,-20,0,-4,28,-4,-18,8,14,10
FBIN,Fortune Brands Innovations,60.61,14,17,-26,0,5,8,31,-32,-2,5,10
INGM,Ingram Micro,19.94,3,0,0,0,3,6,-7,7,0,6,9
BAH,Booz Allen Hamilton,111.67,0,0,-30,101,71,-26,-5,-32,-1,-64,7
MGM,MGM Resorts International,36.44,2,2,-3,0,1,12,-4,7,-9,6,7
ESS,Essex Property Trust,258.77,0,-10,-3,14,1,2,-7,-3,14,6,7
EIX,Edison International,56.28,21,9,-32,0,-2,15,23,-29,-1,8,6
CHDN,Churchill Downs Incorporated,103.63,0,34,-31,0,3,8,-6,2,-1,3,6
BBY,Best Buy,72.75,38,2,-24,-6,10,49,-16,-35,-2,-4,6
KVUE,Kenvue,21.71,0,0,1,0,1,8,-3,-3,3,5,6
REYN,Reynolds Consumer Products,23.25,38,6,-28,0,16,7,25,-40,-3,-11,5
LYFT,Lyft,14.58,7,0,0,-1,6,7,-17,10,-2,-2,4
FDX,FedEx,230.48,6,2,-26,32,14,-1,-9,2,-4,-12,2
CHH,Choice Hotels,124.13,0,-6,-3,15,6,6,-7,-17,14,-4,2
EXR,Extra Space Storage,138.22,0,-10,-3,0,-13,1,-10,10,13,14,1
MSGS,Madison Square Garden Sports,194.52,-9,-2,-4,21,6,-23,-12,3,27,-5,1
BIO,Bio-Rad Laboratories,286.86,9,31,-27,-28,-15,16,36,1,-37,16,1
EQR,Equity Residential,63.99,0,-10,-3,13,0,2,-11,-3,13,1,1
OTIS,Otis Worldwide,89.15,13,-16,-4,0,-7,8,-13,-14,26,7,0
VEEV,Veeva Systems,279.11,-64,0,45,8,-11,-14,-3,10,18,11,0
A,Agilent Technologies,120.29,13,1,-23,0,-9,28,-16,1,-5,8,-1
CTRA,Coterra,24.23,1,-21,-5,44,19,7,-28,-12,13,-20,-1
ALGM,Allegro MicroSystems,31.84,0,0,11,0,11,6,-11,8,-16,-13,-2
XP,XP Inc.,17.51,14,-1,0,0,13,7,-30,16,-8,-15,-2
CL,Colgate-Palmolive,86.32,7,-26,-6,23,-2,7,-19,-14,26,0,-2
PCOR,Procore,65.64,0,-4,-3,0,-7,5,-3,-17,19,4,-3
FI,Fiserv,134.23,0,-24,-14,35,-3,6,-18,-15,27,0,-3
CTSH,Cognizant,70.39,0,-11,-3,14,0,1,-19,-3,18,-3,-3
CF,CF Industries,86.42,0,-5,0,4,-1,10,-31,10,8,-3,-4
SOLV,Solventum,74.39,7,0,0,0,7,2,-19,6,0,-11,-4
MIDD,Middleby,138.0,6,-6,-3,0,-3,11,-9,-16,13,-1,-4
QXO,"QXO, Inc.",21.04,7,1,0,-14,-6,16,-21,13,-6,2,-4
NKE,"Nike, Inc.",77.2,7,33,0,-21,19,9,-3,7,-36,-23,-4
NNN,NNN Reit,41.61,-30,0,8,22,0,-15,-13,10,14,-4,-4
TRIP,Tripadvisor,18.17,28,30,0,-52,6,1,25,7,-44,-11,-5
YETI,Yeti Holdings,35.35,6,32,-35,-6,-3,9,-5,4,-10,-2,-5
ONTO,Onto Innovation,111.48,28,2,-26,0,4,27,-11,-21,-4,-9,-5
MCHP,Microchip Technology,65.71,0,0,0,0,0,6,-15,10,-7,-6,-6
G,Genpact,44.23,6,0,0,3,9,-2,-8,-15,10,-15,-6
TYL,Tyler Technologies,580.11,-15,1,0,17,3,-30,2,1,18,-9,-6
CWEN-A,Clearway Energy (Class A),27.56,-44,-3,58,6,17,-47,-9,22,10,-24,-7
CPT,Camden Property Trust,107.0,0,-10,0,0,-10,2,-7,-3,11,3,-7
APTV,Aptiv,74.71,14,2,1,-24,-7,37,-11,10,-36,0,-7
HST,Host Hotels & Resorts,16.1,7,2,-32,2,-21,19,-7,8,-6,14,-7
TSN,Tyson Foods,57.69,49,0,0,-28,21,-7,-22,-11,11,-29,-8
CWEN,Clearway Energy (Class C),29.55,-44,-3,58,4,15,-47,-9,22,10,-24,-9
KMPR,Kemper Corporation,52.66,0,-6,-6,-1,-13,17,-25,-3,14,3,-10
UWMC,United Wholesale Mortgage,5.59,35,5,-29,0,11,24,1,-42,-4,-21,-10
COP,ConocoPhillips,95.86,3,17,-45,2,-23,21,-3,2,-8,12,-11
MASI,Masimo,156.06,10,-6,0,-6,-2,16,-21,-15,10,-10,-12
OKE,Oneok,75.33,-63,-9,-13,54,-31,2,-9,-25,51,19,-12
AVB,AvalonBay Communities,191.07,0,-10,-3,16,3,5,-28,-7,15,-15,-12
EXE,Expand Energy,96.47,-32,-18,41,0,-9,-26,-29,41,10,-4,-13
ABNB,Airbnb,124.54,0,-5,-3,0,-8,6,-4,-2,-5,-5,-13
BALL,Ball Corporation,54.89,0,0,-3,-11,-14,3,-7,10,-5,1,-13
GLIBA,GCI Liberty (Series A),33.97,-3,0,0,0,-3,-12,0,0,0,-12,-15
TTC,Toro Company (The),77.31,14,21,-35,-6,-6,9,1,1,-20,-9,-15
LBTYK,Liberty Global (Series C),11.45,63,9,-40,-30,2,10,46,-37,-36,-17,-15
FRT,Federal Realty Investment Trust,94.6,6,1,-23,1,-15,9,-10,1,-1,-1,-16
RVMD,Revolution Medicines,36.08,0,-9,-14,0,-23,6,-35,10,26,7,-16
DLB,Dolby Laboratories,73.71,6,-9,-3,0,-6,9,-7,-20,8,-10,-16
SPB,Spectrum Brands,59.42,14,1,-28,0,-13,5,-5,-27,24,-3,-16
BIRK,Birkenstock,50.15,0,-9,-10,0,-19,6,-2,-1,0,3,-16
RYAN,Ryan Specialty,60.98,6,-35,0,0,-29,37,-41,-9,25,12,-17
AA,Alcoa,31.73,14,32,-21,-20,5,14,-7,2,-32,-23,-18
GLIBK,GCI Liberty (Series C),33.95,-4,0,0,0,-4,-14,0,0,0,-14,-18
ESAB,ESAB,114.37,-42,-6,0,0,-48,3,-1,10,17,29,-19
INTC,Intel,22.2,21,1,0,-20,2,21,-14,-17,-12,-22,-20
SAIL,SailPoint,19.92,-1,-5,0,0,-6,6,-22,2,0,-14,-20
REXR,Rexford Industrial,38.0,11,50,-46,-18,-3,7,1,6,-32,-18,-21
PK,Park Hotels & Resorts,11.19,8,2,-26,-7,-23,11,-7,3,-5,2,-21
GRAL,"Grail, Inc.",34.02,6,-12,0,0,-6,10,-22,-3,0,-15,-21
EGP,EastGroup Properties,164.19,1,-4,-5,8,0,4,-30,10,-5,-21,-21
SARO,StandardAero,28.11,-5,-1,0,0,-6,-4,-22,10,0,-16,-22
BXP,"BXP, Inc.",65.5,-32,-7,-3,0,-42,2,-5,10,13,20,-22
NCNO,nCino,28.13,0,1,-26,0,-25,7,-8,5,-1,3,-22
ONON,On Holding AG,48.17,0,-10,0,0,-10,-2,-41,10,20,-13,-23
PYPL,PayPal,70.63,5,0,-3,-39,-37,6,-4,3,9,14,-23
LBTYA,Liberty Global (Series A),11.39,63,9,-40,-31,1,14,9,-38,-10,-25,-24
ADSK,Autodesk,286.95,-35,-2,0,14,-23,-26,-5,10,19,-2,-25
ST,Sensata Technologies,33.14,8,2,0,-15,-5,14,-7,8,-35,-20,-25
WST,West Pharmaceutical Services,246.14,2,17,-27,-7,-15,2,-5,1,-8,-10,-25
M,"Macy's, Inc.",13.21,7,31,-31,-15,-8,17,-3,-25,-6,-17,-25
FIS,Fidelity National Information Services,72.78,0,-7,-2,-37,-46,10,-9,9,11,21,-25
FND,Floor & Decor,85.93,14,31,-35,0,10,11,-11,-29,-6,-35,-25
BFAM,Bright Horizons,119.51,-37,-7,-1,1,-44,-15,3,15,15,18,-26
HOG,Harley-Davidson,27.44,7,2,-43,-9,-43,24,-2,5,-11,16,-27
CRWD,CrowdStrike,431.98,-84,-5,45,0,-44,6,-19,10,20,17,-27
RRC,Range Resources,34.37,-63,-16,-1,42,-38,-27,-27,10,55,11,-27
CCCS,CCC Intelligent Solutions,9.65,-42,2,-28,0,-68,3,42,2,-6,41,-27
HRL,Hormel Foods,28.96,16,-20,-10,-23,-37,46,-16,10,-30,10,-27
LUV,Southwest Airlines,30.97,5,0,0,-39,-34,6,-11,8,4,7,-27
CAR,Avis Budget Group,161.24,0,0,9,-20,-11,11,-3,13,-37,-16,-27
SWKS,Skyworks Solutions,73.65,27,0,-43,-30,-46,33,-17,7,-5,18,-28
UHAL,U-Haul,59.04,0,-12,-15,0,-27,14,-7,-28,20,-1,-28
ON,ON Semiconductor,51.85,0,0,-37,0,-37,25,-8,6,-15,8,-29
MTDR,Matador Resources,47.97,0,0,-29,0,-29,11,-9,3,-6,-1,-30
IRDM,Iridium Communications,24.98,10,-10,-4,-19,-23,14,-9,7,-19,-7,-30
JAZZ,Jazz Pharmaceuticals,117.17,12,5,-3,-6,8,23,-6,-16,-39,-38,-30
OMC,Omnicom Group,76.48,13,2,-27,1,-11,19,-6,-32,-1,-20,-31
WAT,Waters Corporation,296.86,6,-23,-5,0,-22,19,-22,-20,14,-9,-31
POOL,Pool Corporation,330.74,7,17,-23,-6,-5,11,1,-29,-9,-26,-31
VAC,Marriott Vacations Worldwide,76.83,2,1,-3,-17,-17,10,-7,7,-25,-15,-32
CLF,Cleveland-Cliffs,10.64,6,30,-63,-16,-43,19,-3,3,-8,11,-32
CFLT,"Confluent, Inc.",17.3,0,-10,-3,0,-13,5,-4,-18,-2,-19,-32
HSY,Hershey Company (The),180.1,-30,31,4,0,5,-39,16,4,-19,-38,-33
PFE,Pfizer,25.14,28,7,-33,-23,-21,23,-14,7,-28,-12,-33
DVN,Devon Energy,33.62,14,2,-50,-5,-39,40,-21,9,-22,6,-33
UHAL-B,U-Haul (Series N),54.02,12,-12,-23,0,-23,38,-11,-37,-1,-11,-34
PR,Permian Resources,13.47,-62,0,-8,26,-44,6,-5,10,-2,9,-35
SNOW,Snowflake Inc.,196.91,-63,0,15,0,-48,2,-1,10,1,12,-36
SON,Sonoco,46.61,6,8,-44,0,-30,7,-6,7,-14,-6,-36
PSA,Public Storage,283.17,1,-10,-11,1,-19,1,-41,10,13,-17,-36
GPN,Global Payments,86.46,7,17,-27,-39,-42,6,33,-24,-10,5,-37
TREX,"Trex Company, Inc.",65.82,4,26,-54,-13,-37,5,-2,2,-6,-1,-38
GTM,ZoomInfo,10.09,-4,1,-3,0,-6,2,-3,6,-37,-32,-38
CNXC,Concentrix,49.19,0,-9,-3,0,-12,5,-7,8,-33,-27,-39
TTD,Trade Desk (The),54.35,-28,-4,-27,-1,-60,-26,25,1,20,20,-40
APA,APA Corporation,20.56,35,5,-85,-12,-57,28,3,5,-19,17,-40
PPG,PPG Industries,112.6,7,0,-46,-8,-47,14,-11,10,-8,5,-42
COO,Cooper Companies (The),74.29,14,0,-27,-5,-18,22,-11,-32,-3,-24,-42
CERT,"Certara, Inc.",11.17,35,-4,-15,0,16,4,-23,-7,-32,-58,-42
RIVN,Rivian,12.26,0,-12,-3,0,-15,2,-6,-3,-21,-28,-43
MOS,Mosaic Company (The),32.21,-1,-2,16,-16,-3,-7,-18,15,-30,-40,-43
EW,Edwards Lifesciences,77.66,-42,14,4,-14,-38,1,-2,30,-35,-6,-44
QSR,Restaurant Brands International,65.49,-35,-5,0,40,0,-40,-6,10,-8,-44,-44
SAIA,Saia,313.2,6,2,-26,4,-14,8,-5,-28,-5,-30,-44
INVH,Invitation Homes,30.56,0,-15,-8,0,-23,3,-35,-3,14,-21,-44
OLED,Universal Display Corporation,145.14,1,0,-37,0,-36,6,-21,10,-5,-10,-46
OXY,Occidental Petroleum,44.74,14,2,-55,0,-39,9,-6,6,-16,-7,-46
KBR,"KBR, Inc.",50.47,6,0,-30,0,-24,-15,1,-8,-1,-23,-47
SWK,Stanley Black & Decker,75.97,14,31,-29,-39,-23,21,-9,-35,-2,-25,-48
ILMN,"Illumina, Inc.",101.11,1,45,-28,-40,-22,16,-4,2,-40,-26,-48
WFRD,Weatherford International,57.55,8,36,-44,0,0,8,-3,-48,-5,-48,-48
LCID,Lucid Motors,2.35,0,0,-4,0,-4,13,-6,-17,-35,-45,-49
ELV,Elevance Health,294.21,28,-30,-44,-2,-48,33,-22,-10,-3,-2,-50
PLD,Prologis,106.25,-24,0,-23,0,-47,3,-12,10,-5,-4,-51
FLO,Flowers Foods,16.76,33,0,-37,-8,-12,32,8,-57,-23,-40,-52
LBRDA,Liberty Broadband (Series A),61.19,0,-14,-3,-36,-53,8,-14,-3,8,-1,-54
SMG,Scotts Miracle-Gro Company,63.74,2,0,-22,-39,-59,11,-11,6,-1,5,-54
LBRDK,Liberty Broadband (Series C),61.3,0,-14,-3,-36,-53,8,-14,-3,8,-1,-54
IPG,Interpublic Group of Companies (The),26.19,14,17,-43,0,-12,21,-6,-40,-17,-42,-54
CCI,Crown Castle,101.8,-75,38,7,-28,-58,-19,-3,20,5,3,-55
EPR,EPR Properties,53.41,-135,-3,57,29,-52,-21,-13,10,21,-3,-55
VRSK,Verisk Analytics,264.18,-132,-13,0,114,-31,-14,-37,-2,28,-25,-56
FTRE,Fortrea,7.85,14,8,-37,0,-15,10,16,-65,-2,-41,-56
ZM,Zoom Communications,72.39,0,-12,-3,0,-15,5,-48,-2,4,-41,-56
NOW,ServiceNow,863.14,-79,-5,-3,82,-5,-72,-10,8,22,-52,-57
EG,Everest Group,336.77,0,-22,-36,55,-3,28,-40,-37,-5,-54,-57
PVH,PVH Corp.,77.48,8,1,-32,0,-23,6,-5,-28,-7,-34,-57
DAY,Dayforce,53.42,0,-9,-20,-12,-41,6,-4,-24,5,-17,-58
REGN,Regeneron Pharmaceuticals,561.52,-4,2,-41,0,-43,4,27,-42,-4,-15,-58
KNX,Knight-Swift,44.09,6,0,-25,0,-19,9,-14,-21,-13,-39,-58
DT,Dynatrace,47.79,-66,-5,-2,0,-73,6,-18,7,20,15,-58
TWLO,Twilio,101.72,-34,-4,-2,-34,-74,3,-4,6,11,16,-58
TXG,10x Genomics,13.57,7,46,-76,0,-23,5,-3,4,-42,-36,-59
CDW,CDW,167.45,0,-7,-42,0,-49,6,-10,2,-8,-10,-59
AAL,American Airlines Group,13.11,28,33,-21,-76,-36,47,-11,-21,-39,-24,-60
FANG,Diamondback Energy,139.97,-40,-5,-29,47,-27,-31,-1,4,-5,-33,-60
BHF,Brighthouse Financial,46.97,2,-29,-3,0,-30,12,-47,-3,8,-30,-60
KSS,Kohl's,13.99,20,31,-62,-31,-42,17,-8,4,-32,-19,-61
KHC,Kraft Heinz,28.02,2,1,-42,0,-39,4,-2,-14,-10,-22,-61
EMN,Eastman Chemical Company,66.55,1,-13,-21,-1,-34,21,-11,-35,-2,-27,-61
CPB,Campbell Soup Company,32.54,0,0,-32,-6,-38,4,16,-39,-5,-24,-62
SBAC,SBA Communications,219.52,-49,-7,16,-20,-60,-18,-7,17,5,-3,-63
ODFL,Old Dominion Freight Line,153.47,3,-11,-26,0,-34,8,-5,-31,-1,-29,-63
TECH,Bio-Techne,54.72,7,2,-27,-24,-42,16,-4,-27,-6,-21,-63
SEE,Sealed Air,30.36,14,0,-24,-24,-34,9,-15,8,-32,-30,-64
S,SentinelOne,17.19,0,-7,-25,0,-32,6,-9,-28,-1,-32,-64
APLS,Apellis Pharmaceuticals,26.57,70,12,-70,-16,-4,2,23,-68,-18,-61,-65
OGN,Organon & Co.,9.35,1,-7,-29,0,-35,23,-7,-42,-4,-30,-65
DAR,Darling Ingredients,32.06,2,-10,-6,-20,-34,7,-16,8,-30,-31,-65
JBHT,J. B. Hunt,145.85,5,0,-31,0,-26,9,-11,-28,-10,-40,-66
BBWI,"Bath & Body Works, Inc.",29.57,2,-4,-25,-15,-42,6,-9,-16,-6,-25,-67
PCTY,Paylocity,173.69,-32,-4,-1,-3,-40,-33,20,-19,5,-27,-67
FCN,FTI Consulting,169.02,1,21,-37,0,-15,5,-6,-47,-5,-53,-68
VFC,VF Corporation,13.07,0,0,-20,-43,-63,9,-2,-20,7,-6,-69
CMCSA,Comcast,32.94,3,-12,-35,-9,-53,8,-14,-2,-8,-16,-69
CHTR,Charter Communications,268.99,0,-14,-4,-36,-54,8,-19,-4,-1,-16,-70
AVTR,Avantor,13.07,13,-9,-29,0,-25,21,-22,-40,-5,-46,-71
OVV,Ovintiv,39.5,-63,2,-5,0,-66,-3,-3,7,-6,-5,-71
CHE,Chemed Corporation,450.35,10,-58,-11,0,-59,51,-46,-9,-8,-12,-71
LKQ,LKQ Corporation,31.71,7,-42,-6,-2,-43,19,-16,-14,-17,-28,-71
WHR,Whirlpool Corporation,90.25,7,-10,-5,-26,-34,11,-16,3,-36,-38,-72
IEX,IDEX Corporation,169.49,0,-11,-28,0,-39,11,-11,-28,-6,-34,-73
PAYC,Paycom,221.49,-21,-9,19,-24,-35,-24,13,10,-37,-38,-73
RVTY,Revvity,90.89,1,-11,-20,-24,-54,19,-16,-25,3,-19,-73
IAC,IAC Inc.,35.62,0,-7,-2,-31,-40,5,-7,6,-38,-34,-74
TGT,Target Corporation,105.32,4,31,-31,-11,-7,-16,-7,-39,-6,-68,-75
MDLZ,Mondelez International,62.19,-77,-11,0,0,-88,10,-7,19,-9,13,-75
ACI,Albertsons,19.1,-7,-22,0,0,-29,-16,-18,-3,-9,-46,-75
MKC,McCormick & Company,70.66,0,-26,-6,-2,-34,-12,-25,-14,10,-41,-75
MORN,"Morningstar, Inc.",261.06,-70,-10,-20,28,-72,4,-23,-2,18,-3,-75
LW,Lamb Weston,54.7,0,1,-72,-8,-79,15,-1,3,-14,3,-76
CIVI,Civitas Resources,33.18,20,3,-55,-6,-38,25,1,-55,-9,-38,-76
CRL,Charles River Laboratories,155.0,0,2,-54,-26,-78,8,-5,6,-8,1,-77
CLVT,Clarivate,4.26,7,0,-77,-6,-76,39,-2,3,-42,-2,-78
TFX,Teleflex,122.91,14,0,-42,-39,-67,28,8,-38,-10,-12,-79
KD,Kyndryl,30.55,-68,-7,-2,0,-77,-12,-18,8,20,-2,-79
DLR,Digital Realty,168.59,-66,0,0,22,-44,-60,-5,10,19,-36,-80
DOC,Healthpeak Properties,17.12,0,-6,-17,-31,-54,3,-6,-32,9,-26,-80
WY,Weyerhaeuser,26.42,7,1,-23,0,-15,7,-32,-35,-8,-68,-83
GME,GameStop,23.02,10,-43,-10,-30,-73,8,-8,-3,-7,-10,-83
WBD,Warner Bros. Discovery,12.05,-63,45,12,-42,-48,6,-4,8,-45,-35,-83
RGEN,Repligen,127.19,7,0,-16,-17,-26,14,-15,-20,-37,-58,-84
ZTS,Zoetis,152.18,1,-24,-35,-3,-61,23,-39,-2,-5,-23,-84
DDOG,Datadog,128.72,-70,0,-2,0,-72,-26,-8,7,15,-12,-84
NOV,NOV Inc.,12.34,0,-9,-55,-12,-76,9,-4,1,-15,-9,-85
FTV,Fortive,48.73,0,-11,-21,0,-32,9,-37,-17,-8,-53,-85
DNB,Dun & Bradstreet,9.1,-8,44,-26,0,10,-26,-5,-28,-37,-96,-86
WDAY,"Workday, Inc.",223.11,-67,-13,-10,14,-76,5,-9,-4,-2,-10,-86
ELS,Equity Lifestyle Properties,60.93,0,-35,-21,0,-56,3,2,-32,-3,-30,-86
CLX,Clorox,122.87,-21,-3,-17,-5,-46,-21,-5,-27,13,-40,-86
MRK,Merck & Co.,82.71,7,9,-47,0,-31,7,-5,-51,-6,-55,-86
LINE,"Lineage, Inc.",41.27,-28,-5,0,0,-33,-31,9,-31,0,-53,-86
AKAM,Akamai Technologies,75.45,0,-10,-26,-7,-43,2,-9,-26,-10,-43,-86
MTN,Vail Resorts,154.97,5,0,-33,-23,-51,9,-15,6,-36,-36,-87
UDR,"UDR, Inc.",38.49,-77,-10,-3,0,-90,1,-7,-5,13,2,-88
KMX,CarMax,58.61,7,-22,-19,-36,-70,13,-20,-23,11,-19,-89
AR,Antero Resources,32.38,-44,-18,-1,10,-53,-27,-29,10,10,-36,-89
WLK,Westlake Corporation,85.04,7,1,-40,0,-32,6,-7,-52,-6,-59,-91
PRMB,Primo Brands,24.41,0,-51,0,22,-29,10,-80,-10,18,-62,-91
DOCU,DocuSign,70.7,-73,-12,-3,-12,-100,5,-6,-2,11,8,-92
CROX,Crocs,83.41,-35,-5,-42,-1,-83,6,-9,-4,-5,-12,-95
ZBH,Zimmer Biomet,103.21,35,5,-65,-17,-42,35,-7,-64,-18,-54,-96
ASH,Ashland Global,54.88,14,8,-41,-9,-28,9,-15,-53,-10,-69,-97
DUOL,Duolingo,328.11,-17,-31,0,0,-48,-26,-45,-1,23,-49,-97
CPRI,Capri Holdings,22.03,7,8,-72,-11,-68,7,-7,3,-32,-29,-97
STZ,Constellation Brands,170.36,-5,0,-45,-3,-53,2,23,-61,-8,-44,-97
EXAS,Exact Sciences,44.93,6,-16,-28,-25,-63,6,-23,-2,-16,-35,-98
MOH,Molina Healthcare,161.17,7,-57,-13,-2,-65,6,-22,-9,-8,-33,-98
PENN,Penn Entertainment,17.8,2,1,-3,-34,-34,7,-9,-18,-44,-64,-98
CAVA,Cava Group,70.51,-27,-1,-14,0,-42,-26,-5,-28,2,-57,-99
CC,Chemours,14.65,7,31,-65,-13,-40,6,-9,-27,-30,-60,-100
ENTG,Entegris,79.86,0,0,-44,-6,-50,6,-3,-49,-5,-51,-101
AMT,American Tower,204.15,-87,-7,16,0,-78,-49,-6,20,11,-24,-102
FMC,FMC Corporation,37.55,0,-9,-40,-24,-73,6,-12,2,-26,-30,-103
AZTA,Azenta,32.09,7,1,-53,-31,-76,6,-6,-19,-9,-28,-104
FRPT,Freshpet,64.23,-52,-42,-24,-6,-124,4,16,-20,19,19,-105
MDB,MongoDB Inc.,207.5,-63,0,-26,-9,-98,1,-1,2,-9,-7,-105
OKTA,"Okta, Inc.",91.02,-35,-46,0,-24,-105,2,-5,-3,6,0,-105
MPC,Marathon Petroleum,161.71,-77,0,0,49,-28,-69,-10,10,-8,-77,-105
DV,DoubleVerify,15.39,-35,2,-70,0,-103,7,18,-18,-10,-3,-106
SAM,Boston Beer Company,224.77,14,1,-35,-37,-57,10,15,-31,-44,-50,-107
LSTR,Landstar,132.81,0,-12,-35,0,-47,8,-20,-42,-7,-61,-108
CUBE,CubeSmart,39.52,-72,-7,-23,1,-101,3,-20,10,-2,-9,-110
MAA,Mid-America Apartment Communities,139.71,-74,-11,0,0,-85,-22,-7,-8,11,-26,-111
DJT,Trump Media & Technology Group,18.0,9,-52,-56,0,-99,29,-8,-24,-9,-12,-111
ENOV,Enovis,29.59,35,-23,-65,-17,-70,35,-16,-25,-37,-43,-113
GTLB,GitLab,41.54,-67,-6,-21,0,-94,2,-3,-20,-1,-22,-116
ALB,Albemarle Corporation,81.67,25,30,-128,-23,-96,-2,3,4,-25,-20,-116
SLB,Schlumberger,33.55,0,-9,-70,0,-79,8,-15,-21,-10,-38,-117
TPL,Texas Pacific Land Corporation,883.71,-38,-52,-9,58,-41,-33,-52,-5,13,-77,-118
UNH,UnitedHealth Group,271.84,14,-81,-18,-4,-89,24,-22,-31,-1,-30,-119
ESTC,Elastic NV,76.37,-70,-9,-13,-6,-98,4,-5,-18,-4,-23,-121
BF-A,Brown–Forman (Class A),30.62,46,0,-102,-18,-74,-4,23,-42,-24,-47,-121
LYB,LyondellBasell,52.92,0,-9,-44,-5,-58,9,-7,-58,-7,-63,-121
BAX,Baxter International,24.1,0,-26,-23,-38,-87,45,-25,-14,-41,-35,-122
BF-B,Brown–Forman (Class B),30.84,47,1,-103,-18,-73,-10,23,-35,-28,-50,-123
TDC,Teradata,21.41,5,-5,-79,-17,-96,5,-18,1,-16,-28,-124
ACHC,Acadia Healthcare,20.76,11,-22,-48,-11,-70,16,-13,-42,-16,-55,-125
BSY,Bentley Systems,52.1,-64,0,9,0,-55,-72,-3,10,-6,-71,-126
LOAR,Loar Holdings,68.2,-49,-28,0,0,-77,8,-55,-3,0,-50,-127
NWL,Newell Brands,5.18,0,-9,-27,-31,-67,9,-7,-27,-36,-61,-128
LULU,Lululemon Athletica,200.52,0,-47,-11,-3,-61,6,-41,-20,-12,-67,-128
RARE,Ultragenyx,28.95,9,-25,-27,-38,-81,8,-17,-35,-3,-47,-128
WSC,WillScot Mobile Mini,25.58,0,-9,-65,-6,-80,8,-3,-42,-12,-49,-129
GLOB,Globant,79.64,0,-61,-26,-7,-94,6,-9,-26,-7,-36,-130
DOW,Dow Inc.,22.92,0,-15,-43,-1,-59,9,-15,-58,-8,-72,-131
CZR,Caesars Entertainment,25.73,0,-10,-26,-25,-61,8,-11,-35,-37,-75,-136
CRI,Carter's,26.16,7,-15,-62,-17,-87,6,-7,-39,-9,-49,-136
COTY,Coty,5.05,7,1,-64,-7,-63,9,-9,-66,-9,-75,-138
BMRN,BioMarin Pharmaceutical,58.28,-25,0,-50,-20,-95,-34,27,-15,-22,-44,-139
ALGN,Align Technology,145.82,0,-10,-67,-25,-102,5,-3,-3,-38,-39,-141
EPAM,EPAM Systems,160.77,6,-11,-26,-27,-58,-12,-17,-17,-37,-83,-141
HUN,Huntsman Corporation,10.13,6,-15,-45,-15,-69,7,-7,-40,-33,-73,-142
WEN,Wendy's Company (The),10.42,7,-35,-37,-8,-73,4,-26,-32,-15,-69,-142
JKHY,Jack Henry & Associates,163.31,-98,-10,-3,0,-111,1,-41,-3,11,-32,-143
RNG,RingCentral,30.03,7,1,-26,-41,-59,4,-18,-26,-45,-85,-144
OLN,Olin Corporation,21.37,7,1,-60,-9,-61,11,-11,-62,-23,-85,-146
BRKR,Bruker,34.54,0,-10,-60,-8,-78,11,-8,-64,-9,-70,-148
QDEL,QuidelOrtho,27.1,9,-24,-23,-38,-76,14,-16,-23,-47,-72,-148
CHRD,Chord Energy,101.27,-63,2,-50,0,-111,-33,-3,4,-6,-38,-149
ADBE,Adobe Inc.,351.04,0,-26,-36,-6,-68,5,-42,-40,-5,-82,-150
BIIB,Biogen,135.25,7,1,-84,-27,-103,7,8,-47,-18,-50,-153
PATH,UiPath,10.98,-105,-12,-11,0,-128,4,-16,-3,-10,-25,-153
MAN,ManpowerGroup,41.76,3,0,-46,-28,-71,9,-9,-46,-36,-82,-153
COLM,Columbia Sportswear,53.08,0,-108,-21,-6,-135,6,-22,-16,13,-19,-154
CRM,Salesforce,237.07,-70,-10,-13,22,-71,-75,-9,-21,21,-84,-155
GDDY,GoDaddy,143.32,-107,-25,-3,22,-113,4,-49,-19,22,-42,-155
SRPT,Sarepta Therapeutics,20.39,35,-147,-29,-7,-148,44,4,-50,-6,-8,-156
TEAM,Atlassian,163.99,-70,-25,-6,-6,-107,-26,-17,-18,11,-50,-157
IT,Gartner,242.66,-93,-42,-21,0,-156,5,-45,-19,57,-2,-158
MRNA,Moderna,26.89,0,-6,-55,-4,-65,6,-7,-55,-39,-95,-160
NSA,National Storage Affiliates,30.32,8,-58,-15,-4,-69,4,-59,-36,-1,-92,-161
UA,Under Armour (Class C),4.89,-30,-4,-28,-37,-99,-26,-6,6,-37,-63,-162
UAA,Under Armour (Class A),5.04,-29,-4,-28,-44,-105,-26,-6,5,-37,-64,-169
VSTS,Vestis,4.65,-72,-9,-22,0,-103,-37,-4,-27,0,-68,-171
CAG,Conagra Brands,19.53,33,-83,-32,-7,-89,51,-97,-14,-23,-83,-172
PRGO,Perrigo,23.68,0,-6,-2,-113,-121,8,-5,-2,-55,-54,-175
MKTX,MarketAxess,188.94,-45,-14,-28,-29,-116,15,-29,-2,-44,-60,-176
SIRI,Sirius XM,22.4,6,0,-83,-31,-108,7,-10,-49,-17,-69,-177
FIVN,Five9,26.21,0,-5,-79,-35,-119,5,-9,-17,-40,-61,-180
LEG,Leggett & Platt,9.46,7,1,-132,-30,-154,11,-7,7,-38,-27,-181
CNC,Centene,27.06,8,-58,-44,-11,-105,21,-56,-13,-28,-76,-181
IOT,Samsara,32.99,-66,-31,-10,0,-107,-75,-4,-17,20,-76,-183
HAL,Halliburton,21.19,-41,-6,-63,-5,-115,5,-2,-62,-9,-68,-183
MPW,Medical Properties Trust,4.12,-28,-65,-7,-36,-136,2,-8,-7,-35,-48,-184
GFS,GlobalFoundries,33.46,-72,-7,-82,0,-161,6,-11,-2,-17,-24,-185
INSP,Inspire Medical Systems,87.21,-49,-62,-23,-6,-140,16,-16,-28,-17,-45,-185
WU,Western Union,8.49,20,-90,-23,-46,-139,21,-7,-58,-5,-49,-188
NFE,New Fortress Energy,2.54,-28,-4,-71,-3,-106,-30,-7,-22,-25,-84,-190
IFF,International Flavors & Fragrances,66.51,-88,-11,-23,-31,-153,5,-7,-35,-1,-38,-191
DXC,DXC Technology,13.89,8,-25,-25,-73,-115,6,-19,-32,-34,-79,-194
CE,Celanese,41.79,-91,-4,-43,-10,-148,-26,-11,-1,-9,-47,-195
BRBR,BellRing Brands,39.54,-65,-69,-13,0,-147,4,-61,-19,27,-49,-196
PLTK,Playtika,3.78,-84,-14,-26,0,-124,1,-16,-27,-31,-73,-197
UPS,United Parcel Service,88.19,1,-12,-106,-16,-133,21,-20,-34,-34,-67,-200
HUBS,HubSpot,437.7,-73,-44,-10,-1,-128,-82,-4,-18,19,-85,-213
BILL,Bill.com,40.4,-85,-10,-24,0,-119,-33,-11,-20,-37,-101,-220
FDS,FactSet,376.18,-156,-18,-5,0,-179,-30,-14,-3,-1,-48,-227
ARE,Alexandria Real Estate Equities,74.95,-86,2,-37,-30,-151,2,-5,-48,-35,-86,-237
XRAY,Dentsply Sirona,13.84,0,-10,-81,-42,-133,6,-7,-68,-40,-109,-242
RHI,Robert Half,36.66,2,-139,-29,-9,-175,8,-16,-27,-32,-67,-242
GIS,General Mills,49.73,0,-89,-41,-4,-134,-19,-35,-37,-19,-110,-244
ENPH,Enphase Energy,34.21,13,-149,-46,-20,-202,27,-14,-53,-24,-64,-266
COLD,Americold,14.98,-35,-93,-41,-11,-180,5,-35,-41,-15,-86,-266
ACN,Accenture,245.63,-91,-26,-23,-1,-141,-103,-24,-19,19,-127,-268
WOLF,Wolfspeed,1.33,-84,-2,-134,-30,-250,-26,-18,-100,-37,-181,-431
