Symbol,Name,Close,1H Cloud Score,1D Cloud Score,1W Cloud Score,1M Cloud Score,Cloud Score Sum,1H TKx Score,1D TKx Score,1W TKx Score,1M TKx Score,TKx Score Sum,Total Score Sum
TJX,TJX Companies,132.0,28,4,147,198,377,26,8,116,193,343,720
ORLY,O'Reilly Auto Parts,103.47,98,15,162,199,474,26,21,53,89,189,663
COOP,Mr. Cooper Group,185.89,35,61,118,58,272,33,60,116,56,265,537
RSG,Republic Services,235.53,0,-7,123,177,293,16,-32,92,160,236,529
ICE,Intercontinental Exchange,188.03,31,67,111,161,370,26,68,21,21,136,506
RBC,RBC Bearings,404.62,30,65,92,164,351,-3,74,13,57,141,492
WM,"Waste Management, Inc.",233.26,0,1,94,187,282,16,8,26,159,209,491
WELL,Welltower,169.73,56,58,115,58,287,26,19,132,24,201,488
HWM,Howmet Aerospace,181.54,0,74,147,29,250,-9,74,91,57,213,463
PLTR,Palantir Technologies,182.16,28,74,115,0,217,26,76,118,20,240,457
COST,Costco,977.8,20,-18,116,180,298,12,-37,-1,184,158,456
SO,Southern Company,95.34,14,34,75,190,313,-12,50,22,79,139,452
ROL,"Rollins, Inc.",58.53,33,11,30,286,360,26,3,22,35,86,446
CASY,Casey's,518.65,-20,41,112,87,220,-19,41,116,78,216,436
CTAS,Cintas,223.38,13,4,18,167,202,23,7,12,187,229,431
NFG,National Fuel Gas,87.31,1,145,59,52,257,14,76,70,10,170,427
NDAQ,"Nasdaq, Inc.",96.44,13,67,75,144,299,26,74,9,14,123,422
SPGI,S&P Global,559.15,80,61,15,172,328,34,30,7,21,92,420
CBOE,Cboe Global Markets,249.45,35,57,143,55,290,5,52,21,51,129,419
PGR,Progressive Corporation,245.4,0,-41,104,177,240,21,-37,-2,189,171,411
JPM,JPMorgan Chase,287.13,-35,63,122,158,308,-6,74,9,26,103,411
ORI,Old Republic International,37.09,23,-1,146,58,226,21,-18,116,55,174,400
AWI,Armstrong World Industries,188.01,80,68,93,21,262,83,27,9,19,138,400
CDNS,Cadence Design Systems,354.32,0,30,16,141,187,-9,29,9,180,209,396
WMT,Walmart,103.15,77,11,126,101,315,35,6,9,29,79,394
FAST,Fastenal,47.51,9,83,122,106,320,14,27,9,23,73,393
ETR,Entergy,90.53,56,19,75,137,287,-12,14,88,14,104,391
OLLI,Ollie's Bargain Outlet,139.3,73,61,114,16,264,-3,42,62,23,124,388
HEI,HEICO (Common),316.92,-20,68,24,189,261,-12,66,15,57,126,387
AZO,AutoZone,4063.18,35,14,93,86,228,27,21,53,57,158,386
DUK,Duke Energy,125.94,49,17,75,183,324,-2,27,21,16,62,386
MCD,McDonald's,307.97,14,2,51,242,309,6,17,-3,57,77,386
RBA,RB Global,111.06,9,72,103,27,211,26,21,106,19,172,383
WRB,W. R. Berkley Corporation,70.1,56,-1,93,176,324,-2,-26,23,55,50,374
MSI,Motorola Solutions,445.62,14,16,0,153,183,5,26,-26,185,190,373
ALL,Allstate,205.0,42,6,96,159,303,34,6,10,17,67,370
ORCL,Oracle Corporation,249.46,0,60,10,198,268,-3,67,9,27,100,368
ARES,Ares Management,186.92,16,61,16,59,152,26,74,9,106,215,367
DASH,DoorDash,270.99,80,60,96,0,236,28,73,9,18,128,364
AXON,Axon Enterprise,871.03,58,3,144,94,299,22,3,9,30,64,363
DTE,DTE Energy,140.16,33,17,73,189,312,-3,14,26,13,50,362
BR,Broadridge Financial Solutions,266.45,21,14,113,145,293,25,8,9,25,67,360
HEI-A,HEICO (Class A),247.21,-20,69,25,182,256,-14,67,16,30,99,355
AAPL,Apple Inc.,220.13,13,28,0,251,292,13,-2,-24,71,58,350
AVGO,Broadcom,303.86,12,64,18,116,210,21,76,9,30,136,346
GS,Goldman Sachs,720.07,9,61,91,58,219,23,72,9,21,125,344
EVRG,Evergy,72.85,55,42,57,14,168,47,42,76,10,175,343
MA,Mastercard,561.26,-6,6,125,155,280,15,13,9,26,63,343
AM,Antero Midstream,18.47,42,6,147,23,218,9,-19,77,55,122,340
MSFT,Microsoft,521.1,-15,68,15,173,241,-12,76,9,25,98,339
NVDA,Nvidia,180.87,9,60,13,134,216,20,68,9,26,123,339
NET,Cloudflare,210.38,70,61,38,0,169,69,71,9,19,168,337
RTX,RTX Corporation,155.71,-7,60,76,54,183,-9,66,83,14,154,337
CME,CME Group,280.95,49,11,53,136,249,-10,22,49,19,80,329
MCO,Moody's Corporation,514.15,13,61,15,156,245,22,28,7,25,82,327
MS,Morgan Stanley,140.98,9,61,75,64,209,20,72,9,16,117,326
HUBB,Hubbell Incorporated,417.99,-35,59,0,182,206,-33,77,5,71,120,326
APH,Amphenol,108.59,28,74,18,65,185,26,76,9,27,138,323
EBAY,eBay,93.02,42,70,76,14,202,5,19,81,16,121,323
BK,BNY Mellon,102.19,10,63,93,40,206,21,67,9,19,116,322
ANSS,Ansys,384.54,94,46,13,10,163,106,25,6,22,159,322
GLW,Corning Inc.,64.79,118,60,18,17,213,21,67,7,14,109,322
LYV,Live Nation Entertainment,148.58,0,62,93,147,302,-3,-2,8,16,19,321
BSX,Boston Scientific,102.97,-21,0,143,144,266,-13,-2,9,57,51,317
GOOGL,Alphabet (Class A),196.56,13,50,7,176,246,21,24,4,21,70,316
GOOG,Alphabet (Class C),197.35,13,50,6,176,245,21,24,3,21,69,314
KR,Kroger,73.78,29,34,78,67,208,35,6,49,15,105,313
NRG,NRG Energy,153.17,-14,0,102,94,182,-12,7,112,21,128,310
L,Loews Corporation,93.27,28,61,111,55,255,26,-5,9,24,54,309
TPR,"Tapestry, Inc.",108.47,28,61,79,21,189,26,67,7,19,119,308
VMI,Valmont Industries,368.0,28,51,61,58,198,23,71,6,10,110,308
FFIV,"F5, Inc.",317.18,42,60,93,14,209,-2,74,9,17,98,307
ADP,Automatic Data Processing,302.95,-34,-5,84,180,225,4,8,9,57,78,303
SGI,Somnigroup International,73.94,2,61,40,64,167,26,74,9,26,135,302
J,Jacobs Solutions,146.99,20,59,5,106,190,12,74,6,19,111,301
MSA,MSA Safety,177.0,0,63,1,164,228,-6,74,9,-5,72,300
YUM,Yum! Brands,142.59,-21,-3,27,259,262,-13,-7,-1,57,36,298
ITT,ITT Inc.,165.01,1,67,15,99,182,4,74,9,26,113,295
HD,Home Depot (The),386.17,28,13,0,180,221,26,26,1,19,72,293
PTC,PTC Inc.,206.22,-5,60,5,182,242,-7,24,6,26,49,291
KLAC,KLA Corporation,912.48,7,61,13,177,258,4,-6,9,26,33,291
TRV,Travelers Companies (The),265.39,28,0,90,58,176,24,8,23,56,111,287
SSD,Simpson Manufacturing Company,182.03,69,13,0,156,238,18,26,5,-1,48,286
ATO,Atmos Energy,162.63,14,1,73,45,133,7,17,84,45,153,286
HIG,Hartford (The),127.29,28,3,93,57,181,22,7,20,56,105,286
ALNY,Alnylam Pharmaceuticals,435.32,54,60,16,15,145,45,68,9,15,137,282
MMC,Marsh McLennan,203.31,0,-42,-2,175,131,20,-37,-10,178,151,282
TMUS,T-Mobile US,242.94,3,0,93,139,235,5,13,-7,35,46,281
OGE,OGE Energy,45.85,39,17,67,45,168,3,27,67,14,111,279
LIN,Linde plc,469.45,16,4,12,110,142,26,-5,9,106,136,278
USFD,US Foods,80.09,-7,64,142,35,234,10,-1,9,26,44,278
IBKR,Interactive Brokers,64.29,-12,61,88,57,194,-12,30,7,57,82,276
JBL,Jabil,220.49,0,64,18,65,147,-12,74,10,57,129,276
MO,Altria,63.58,52,14,69,45,180,47,7,25,16,95,275
NVT,Nvent Electric,89.11,84,61,7,12,164,34,74,7,-5,110,274
FIX,Comfort Systems USA,694.83,1,64,16,64,145,-11,76,9,55,129,274
FERG,Ferguson Enterprises,224.78,7,63,10,65,145,21,74,9,25,129,274
BWXT,BWX Technologies,179.52,89,59,12,35,195,26,12,9,31,78,273
WSM,"Williams-Sonoma, Inc.",198.13,97,27,7,65,196,25,29,1,21,76,272
RPM,RPM International,119.09,0,12,-2,180,190,25,21,6,30,82,272
CHD,Church & Dwight,92.64,-54,-9,-15,344,266,4,-11,-13,25,5,271
SHW,Sherwin-Williams,349.93,34,4,0,190,228,26,-13,9,19,41,269
SNPS,Synopsys,620.59,0,48,6,180,234,-9,40,7,-5,33,267
ITW,Illinois Tool Works,256.46,0,32,1,178,211,21,-1,6,29,55,266
ETN,Eaton Corporation,360.16,-21,61,7,114,161,-49,74,7,72,104,265
EME,Emcor,617.5,-3,61,16,58,132,-9,76,7,57,131,263
ACM,AECOM,119.14,21,67,15,65,168,21,-7,9,71,94,262
PPL,PPL Corporation,36.37,7,19,75,23,124,22,14,87,14,137,261
INTU,Intuit,761.46,-21,74,16,191,260,-36,8,9,20,1,261
CW,Curtiss-Wright,474.0,-7,69,18,54,134,-7,76,9,49,127,261
NWS,News Corp (Class B),33.55,10,64,111,58,243,-5,-7,9,21,18,261
MPWR,Monolithic Power Systems,798.23,35,61,2,157,255,-8,5,9,-2,4,259
PH,Parker Hannifin,725.97,1,62,16,65,144,1,74,9,30,114,258
IBM,IBM,249.97,-6,-6,108,54,150,11,-14,55,56,108,258
SSNC,SS&C Technologies,86.39,13,37,89,14,153,21,62,6,15,104,257
SPOT,Spotify,686.91,10,0,111,12,133,28,-18,94,20,124,257
RJF,Raymond James Financial,162.98,-7,60,91,58,202,-3,32,6,19,54,256
NOC,Northrop Grumman,587.49,91,28,9,58,186,-7,48,16,12,69,255
KO,Coca-Cola Company (The),70.46,14,-13,27,182,210,27,-18,22,14,45,255
AXS,AXIS Capital,95.97,9,-7,85,45,132,22,-33,81,53,123,255
LPLA,LPL Financial,368.78,-35,62,44,99,170,-4,23,9,57,85,255
PWR,Quanta Services,387.35,-35,68,16,99,148,-54,76,9,72,103,251
FE,FirstEnergy,43.43,147,14,5,55,221,-8,15,9,14,30,251
AAON,AAON,82.77,5,0,-12,245,238,-6,10,-24,31,11,249
EHC,Encompass Health,116.58,22,0,142,29,193,21,-18,23,29,55,248
AJG,Arthur J. Gallagher & Co.,289.99,0,-31,0,186,155,23,-37,-1,107,92,247
EVR,Evercore,297.77,-1,60,6,58,123,17,74,7,26,124,247
APP,AppLovin,437.21,65,6,104,0,175,35,14,5,18,72,247
GD,General Dynamics,312.75,0,83,7,54,144,-2,38,9,57,102,246
PAYX,Paychex,140.54,-36,-7,83,167,207,4,9,12,14,39,246
AMD,Advanced Micro Devices,172.4,0,60,2,110,172,4,67,9,-7,73,245
AON,AON,365.34,0,4,1,177,182,22,-1,-14,56,63,245
TTEK,Tetra Tech,37.23,1,59,-28,119,151,16,74,5,-1,94,245
SCHW,Charles Schwab Corporation,95.99,-8,74,76,11,153,-7,74,9,14,90,243
NI,NiSource,42.36,0,22,73,45,140,-13,14,88,14,103,243
CAT,Caterpillar Inc.,417.31,-10,60,7,64,121,-9,67,7,57,122,243
SCI,Service Corporation International,79.39,28,0,0,175,203,34,-14,7,13,40,243
ANET,Arista Networks,139.3,14,46,6,58,124,14,42,5,56,117,241
GRMN,Garmin,228.99,1,34,111,19,165,22,27,5,21,75,240
NEM,Newmont,69.07,28,85,18,5,136,28,47,18,10,103,239
EXC,Exelon,45.58,55,6,54,14,129,49,26,25,10,110,239
CBRE,CBRE Group,154.32,0,45,91,22,158,19,41,7,14,81,239
VTR,"Ventas, Inc.",68.74,42,17,71,22,152,48,19,3,15,85,237
PEG,Public Service Enterprise Group,87.52,-13,40,3,152,182,-12,47,3,17,55,237
CACI,CACI,499.98,9,44,1,154,208,26,-9,13,-1,29,237
SNX,TD Synnex,143.47,0,61,14,63,138,4,67,7,21,99,237
ALAB,Astera Labs,170.95,107,59,0,0,166,45,21,4,0,70,236
BYD,Boyd Gaming,82.13,-35,61,47,59,132,-7,74,9,27,103,235
RL,Ralph Lauren Corporation,283.63,-7,63,93,34,183,-7,24,9,26,52,235
TSCO,Tractor Supply Company,60.04,5,27,6,85,123,26,-2,3,85,112,235
LOPE,Grand Canyon Education,194.73,14,1,146,35,196,12,-41,33,34,38,234
LRCX,Lam Research,99.14,10,61,8,152,231,4,-5,9,-5,3,234
LECO,Lincoln Electric,241.4,42,60,6,65,173,-7,67,7,-7,60,233
NFLX,Netflix,1180.37,1,0,115,20,136,6,-15,86,20,97,233
BLK,BlackRock,1113.81,10,60,16,22,108,21,74,9,21,125,233
LOW,Lowe's,238.61,28,13,-19,166,188,26,25,-26,19,44,232
RBLX,Roblox Corporation,129.68,-5,73,52,0,120,10,74,15,11,110,230
CINF,Cincinnati Financial,151.59,14,4,84,62,164,21,21,9,15,66,230
SRE,Sempra,82.61,7,16,0,181,204,4,16,7,-1,26,230
TDG,TransDigm Group,1429.15,-21,0,18,157,154,-21,31,9,57,76,230
STE,Steris,236.24,7,0,13,195,215,1,-33,21,25,14,229
PM,Philip Morris International,168.18,14,-11,69,55,127,13,-23,84,27,101,228
MTZ,MasTec,182.95,9,67,18,18,112,20,74,9,13,116,228
VST,Vistra Corp.,205.6,7,60,18,30,115,-12,73,7,45,113,228
CNP,Centerpoint Energy,38.99,55,15,48,45,163,-7,14,42,15,64,227
CLH,Clean Harbors,241.95,23,13,1,58,95,40,26,9,57,132,227
XYL,Xylem Inc.,143.49,42,61,7,22,132,34,30,9,22,95,227
DHI,D. R. Horton,153.91,35,34,0,65,134,54,38,3,-2,93,227
VICI,Vici Properties,33.01,-2,42,57,15,112,-8,42,22,57,113,225
MP,MP Materials,71.02,35,44,31,0,110,26,41,44,4,115,225
JCI,Johnson Controls,104.3,-21,69,74,19,141,-18,74,9,18,83,224
AME,Ametek,182.37,-2,6,3,106,113,-6,6,9,101,110,223
R,Ryder,175.93,1,46,10,56,113,15,32,7,56,110,223
GGG,Graco Inc.,83.95,0,0,-3,178,175,21,-11,9,29,48,223
AEP,American Electric Power,113.74,50,25,72,23,170,-11,27,22,14,52,222
UNP,Union Pacific Corporation,222.68,0,0,-5,198,193,19,-12,3,19,29,222
HCA,HCA Healthcare,373.11,43,0,2,97,142,53,-17,15,29,80,222
FYBR,Frontier Communications,36.67,0,22,88,0,110,7,-3,93,14,111,221
NEU,NewMarket,724.11,18,83,18,29,148,31,-6,21,27,73,221
COF,Capital One,207.37,-6,67,93,21,175,20,-3,9,18,44,219
URI,United Rentals,854.7,0,61,6,64,131,-9,32,7,57,87,218
FLUT,Flutter Entertainment,305.95,10,43,18,21,92,15,76,7,27,125,217
WCC,Wesco International,205.02,-37,60,6,58,87,-9,74,7,57,129,216
TRMB,Trimble Inc.,82.52,-7,61,78,4,136,-5,66,7,12,80,216
CNM,Core & Main,64.1,7,63,18,0,88,19,74,9,24,126,214
SEB,Seaboard Corporation,3508.2,91,35,4,-23,107,82,47,7,-29,107,214
DGX,Quest Diagnostics,174.26,7,0,67,18,92,44,-3,67,14,122,214
CVNA,Carvana,357.74,-16,73,91,11,159,4,26,9,16,55,214
ABBV,AbbVie,198.95,35,13,16,58,122,5,20,2,64,91,213
GE,GE Aerospace,272.07,13,72,18,27,130,-7,30,29,29,81,211
PHM,PulteGroup,120.68,28,34,-22,65,105,33,38,5,29,105,210
AMAT,Applied Materials,183.12,0,61,0,149,210,4,-6,7,-5,0,210
SYF,Synchrony Financial,68.49,-7,61,16,21,91,19,74,7,18,118,209
BKNG,Booking Holdings,5424.79,-4,0,135,35,166,14,-6,9,26,43,209
AIZ,Assurant,201.8,28,2,0,152,182,34,-28,1,19,26,208
MNST,Monster Beverage,60.85,7,0,25,180,212,5,-31,18,4,-4,208
AEE,Ameren,102.33,42,17,55,13,127,-11,19,60,10,78,205
HOOD,Robinhood Markets,111.21,9,63,80,0,152,25,1,9,18,53,205
AU,AngloGold Ashanti,58.02,28,5,75,18,126,28,14,23,14,79,205
LDOS,Leidos,175.42,21,73,1,23,118,25,30,12,19,86,204
TOL,Toll Brothers,125.84,26,45,-22,61,110,27,38,3,26,94,204
CMI,Cummins,384.58,21,33,4,65,123,21,24,5,30,80,203
MKL,Markel,1897.33,-35,0,67,55,87,9,74,7,26,116,203
V,Visa Inc.,332.08,-44,-5,136,133,220,-47,-5,9,26,-17,203
BX,Blackstone Inc.,167.69,-38,32,3,142,139,9,30,4,21,64,203
FTI,TechnipFMC,35.13,-7,61,16,27,97,-5,65,9,37,106,203
C,Citigroup,91.26,0,61,18,18,97,11,71,9,14,105,202
PNW,Pinnacle West Capital,93.81,28,6,67,18,119,39,-3,21,26,83,202
PSTG,Pure Storage,57.82,0,60,0,42,102,10,28,5,57,100,202
WEC,WEC Energy Group,110.7,36,17,54,13,120,-12,15,67,11,81,201
INFA,Informatica,24.7,119,52,-41,0,130,-3,74,7,-7,71,201
COR,Cencora,278.36,-14,-2,43,75,102,-11,-12,54,68,99,201
DE,Deere & Company,506.81,-17,0,48,109,140,11,-4,44,10,61,201
FRHC,Freedom Holding,185.47,62,16,53,14,145,-2,17,9,30,54,199
VMC,Vulcan Materials,282.11,31,13,5,60,109,33,21,9,27,90,199
CG,Carlyle Group (The),61.56,13,52,7,21,93,18,63,6,18,105,198
KKR,KKR & Co. Inc.,142.21,-39,50,0,103,114,15,43,5,21,84,198
DLTR,Dollar Tree,117.17,25,78,5,-15,93,26,77,24,-22,105,198
LLY,Lilly (Eli),640.84,-56,-8,-2,172,106,-10,11,-6,96,91,197
COHR,Coherent Corp.,113.85,9,60,5,15,89,20,67,6,15,108,197
T,AT&T,28.08,5,1,69,16,91,-5,3,93,15,106,197
PCAR,Paccar,96.78,-11,13,-21,159,140,11,24,-13,34,56,196
WWD,"Woodward, Inc.",250.5,-20,70,18,35,103,-14,72,9,26,93,196
WBA,Walgreens Boots Alliance,11.9,77,61,0,-77,61,87,76,5,-35,133,194
WMB,Williams Companies,57.91,-14,-3,111,52,146,-19,1,9,57,48,194
LITE,Lumentum,111.13,9,59,13,3,84,26,67,7,10,110,194
VLTO,Veralto,107.56,77,61,1,0,139,23,24,8,0,55,194
LHX,L3Harris,273.8,0,83,11,5,99,-7,76,11,14,94,193
AMED,Amedisys,100.9,49,78,11,-40,98,20,41,24,10,95,193
PFGC,Performance Food Group,98.23,-21,64,52,43,138,-33,22,9,57,55,193
CMS,CMS Energy,74.58,40,8,75,23,146,-8,19,21,14,46,192
SLM,Sallie Mae,31.57,0,0,89,22,111,26,-11,43,21,79,190
CELH,Celsius Holdings,50.09,7,100,0,65,172,1,9,17,-9,18,190
STT,State Street Corporation,109.84,-5,63,16,16,90,10,68,8,14,100,190
HAYW,Hayward Holdings,15.68,88,32,1,0,121,22,24,7,16,69,190
NSC,Norfolk Southern,280.41,0,60,10,4,74,19,74,9,14,116,190
AMZN,Amazon,223.18,0,51,16,21,88,10,66,6,20,102,190
IDA,Idacorp,125.32,41,30,55,18,144,-12,22,25,10,45,189
DELL,Dell Technologies,133.93,7,61,5,32,105,4,74,9,-4,83,188
EXPD,Expeditors International,118.02,28,6,0,131,165,33,-12,5,-3,23,188
D,Dominion Energy,61.77,36,59,13,1,109,33,27,9,10,79,188
PPC,Pilgrim's Pride,49.91,32,1,85,21,139,26,8,-3,18,49,188
SF,Stifel,110.3,-15,51,7,59,102,-6,66,6,20,86,188
ZG,Zillow (Class A),81.13,28,34,53,0,115,24,24,2,20,70,185
OHI,Omega Healthcare Investors,40.15,38,20,5,40,103,35,12,4,31,82,185
CSCO,Cisco,69.93,13,61,47,14,135,21,-5,9,25,50,185
NVR,"NVR, Inc.",7823.67,26,30,-22,65,99,27,26,2,29,84,183
SYY,Sysco,80.37,30,48,6,3,87,13,61,6,14,94,181
CRH,CRH plc,106.93,16,15,6,64,101,26,24,3,27,80,181
APPF,AppFolio,300.2,42,46,4,28,120,-9,38,4,28,61,181
PAG,Penske Automotive Group,175.13,21,3,14,62,100,26,-12,9,57,80,180
HLI,Houlihan Lokey,189.47,-6,63,16,44,117,-5,32,9,26,62,179
RMD,Resmed,280.15,-2,67,16,13,94,-9,73,8,13,85,179
LNT,Alliant Energy,66.11,37,21,67,14,139,-3,21,9,13,40,179
TT,Trane Technologies,428.11,-49,1,15,164,131,-19,29,9,29,48,179
CSL,Carlisle Companies,354.46,-42,-6,-2,178,128,-3,25,9,20,51,179
TNL,Travel + Leisure Co.,59.1,0,51,8,16,75,16,67,6,14,103,178
UI,Ubiquiti,460.39,14,33,51,10,108,25,25,9,10,69,177
TDY,Teledyne Technologies,550.08,1,60,51,14,126,-3,30,9,15,51,177
OSK,Oshkosh Corporation,135.23,30,60,10,4,104,-2,65,7,2,72,176
VRT,Vertiv,139.52,-7,60,8,8,69,1,74,6,26,107,176
DRI,Darden Restaurants,206.66,2,-6,43,61,100,24,-25,47,30,76,176
BLD,TopBuild,413.16,27,35,1,46,109,27,38,5,-3,67,176
LLYVA,Liberty Live (Series A),82.61,9,74,29,0,112,20,35,9,0,64,176
JEF,Jefferies Financial Group,57.6,9,37,-19,58,85,18,37,-22,57,90,175
WFC,Wells Fargo,77.07,-42,61,91,29,139,10,-2,9,19,36,175
ADI,Analog Devices,223.15,-42,0,10,179,147,5,-12,9,26,28,175
LNG,Cheniere Energy,235.43,0,0,59,58,117,-9,2,9,56,58,175
RCL,Royal Caribbean Group,309.75,-56,61,120,28,153,-12,-3,9,27,21,174
SPR,Spirit AeroSystems,39.91,0,75,17,0,92,17,22,29,14,82,174
MCK,McKesson Corporation,665.0,-7,-1,41,58,91,-7,-14,37,67,83,174
LAMR,Lamar Advertising,124.94,9,51,6,64,130,21,-5,7,21,44,174
RGLD,Royal Gold,165.33,28,-24,60,18,82,38,-29,67,16,92,174
NWSA,News Corp (Class A),28.97,-3,61,8,58,124,26,-7,9,21,49,173
WPC,W. P. Carey,65.78,6,58,28,2,94,-4,50,25,5,76,170
LNC,Lincoln Financial,38.27,42,30,17,1,90,34,30,7,8,79,169
RITM,Rithm Capital,12.19,0,61,16,32,109,-3,28,9,26,60,169
BWA,BorgWarner,38.2,42,63,7,2,114,34,27,9,-16,54,168
BJ,BJ's Wholesale Club,108.46,45,-28,77,10,104,5,2,-1,58,64,168
DCI,Donaldson Company,72.08,9,13,1,65,88,21,20,9,30,80,168
SOFI,SoFi,22.08,0,53,45,0,98,7,44,7,11,69,167
RLI,RLI Corp.,66.67,0,-45,-9,176,122,24,-38,-28,87,45,167
CAH,Cardinal Health,153.41,-7,0,54,38,85,-9,-13,47,57,82,167
ADT,ADT Inc.,8.44,0,81,30,0,111,25,-2,24,8,55,166
HPE,Hewlett Packard Enterprise,20.4,0,57,0,42,99,10,-3,6,54,67,166
KEX,Kirby Corporation,100.3,-3,-6,-2,35,24,16,74,9,42,141,165
BPOP,"Popular, Inc.",113.62,2,68,16,59,145,-6,-3,9,19,19,164
DDS,Dillard's,467.3,-40,43,13,54,70,4,29,6,55,94,164
DKS,Dick's Sporting Goods,215.18,9,27,0,63,99,19,33,-20,33,65,164
Z,Zillow (Class C),84.63,28,34,10,0,72,26,43,3,20,92,164
ED,Consolidated Edison,105.12,43,1,27,47,118,-10,13,-3,45,45,163
KRC,Kilroy Realty,38.27,16,51,5,0,72,21,54,5,11,91,163
MLM,Martin Marietta Materials,600.05,28,16,5,60,109,-3,21,9,27,54,163
META,Meta Platforms,761.87,42,61,16,29,148,-3,-12,7,23,15,163
SYK,Stryker Corporation,376.45,-36,0,16,159,139,-9,-3,7,29,24,163
AMG,Affiliated Managers Group,209.76,0,67,10,22,99,-1,38,9,17,63,162
THG,Hanover Insurance,169.64,-6,0,60,24,78,12,6,52,14,84,162
CR,Crane Co.,194.63,0,68,15,0,83,-5,70,9,5,79,162
LLYVK,Liberty Live (Series C),84.63,0,67,29,0,96,20,37,9,0,66,162
APO,Apollo Global Management,141.16,0,43,0,97,140,-4,-5,5,26,22,162
KMI,Kinder Morgan,26.78,-14,-2,91,44,119,-18,1,7,52,42,161
XEL,Xcel Energy,73.22,0,17,50,12,79,-11,26,58,9,82,161
VRSN,Verisign,274.12,0,0,35,9,44,19,40,51,7,117,161
EMR,Emerson Electric,132.82,-35,61,15,64,105,-47,67,9,26,55,160
CIEN,Ciena,95.14,13,61,8,12,94,19,24,7,16,66,160
BRX,Brixmor Property Group,26.1,0,43,0,55,98,17,8,9,26,60,158
WDC,Western Digital,74.4,0,61,11,18,90,-16,72,9,3,68,158
TOST,"Toast, Inc.",45.61,-15,62,76,0,123,-12,21,9,17,35,158
PNR,Pentair,102.05,7,61,8,62,138,-2,-9,7,24,20,158
SPG,Simon Property Group,166.28,18,30,0,35,83,18,29,7,21,75,158
AMTM,Amentum,25.88,12,73,0,0,85,25,38,9,0,72,157
ABT,Abbott Laboratories,132.09,56,-6,55,13,118,26,2,-3,14,39,157
MSTR,MicroStrategy,402.24,6,1,98,19,124,9,-6,9,20,32,156
AMGN,Amgen,284.64,-44,26,0,165,147,-13,-1,-13,36,9,156
AZEK,Azek,54.32,17,52,15,0,84,33,14,7,18,72,156
WTW,Willis Towers Watson,325.4,42,6,7,24,79,42,20,-14,29,77,156
H,Hyatt Hotels,139.1,0,44,-2,55,97,2,-5,5,55,57,154
AN,AutoNation,194.52,0,0,16,61,77,19,-9,9,57,76,153
EXEL,Exelixis,37.39,0,-8,63,14,69,13,-8,54,24,83,152
APG,APi Group,34.76,-16,68,17,0,69,-27,74,9,26,82,151
GILD,Gilead Sciences,110.34,-15,55,50,35,125,-19,-1,7,39,26,151
SFD,Smithfield Foods,25.74,56,56,0,0,112,28,7,3,0,38,150
ULTA,Ulta Beauty,506.18,-7,71,11,4,79,-5,74,11,-9,71,150
ALLE,Allegion,163.69,0,73,8,21,102,-12,29,9,22,48,150
CSX,CSX Corporation,35.25,-2,60,1,4,63,19,64,9,-6,86,149
FLEX,Flex Ltd.,49.71,-42,61,17,58,94,-9,-3,9,57,54,148
AYI,Acuity Brands,304.88,-7,37,3,27,60,-4,66,5,20,87,147
LVS,Las Vegas Sands,53.0,9,61,5,2,77,11,67,6,-14,70,147
ROP,Roper Technologies,536.5,-37,-5,-1,182,139,-40,-22,43,26,7,146
CHRW,C.H. Robinson,117.82,42,29,2,4,77,34,22,5,8,69,146
PRI,Primerica,255.47,-6,-1,0,108,101,21,-13,7,30,45,146
SEIC,SEI Investments Company,86.79,-6,0,91,35,120,-4,-6,9,26,25,145
SNA,Snap-on,321.08,0,16,0,59,75,16,-5,2,57,70,145
INCY,Incyte,78.21,84,47,2,0,133,-3,11,5,-1,12,145
BKR,Baker Hughes,42.95,-7,15,3,35,46,9,60,3,26,98,144
GEV,GE Vernova,645.85,-4,73,0,0,69,-12,76,10,0,74,143
FSLR,First Solar,185.6,35,26,-38,62,85,29,26,9,-6,58,143
PINS,Pinterest,39.21,10,46,4,0,60,20,62,5,-5,82,142
DTM,DT Midstream,104.2,0,0,102,0,102,5,1,9,25,40,142
LMT,Lockheed Martin,430.78,14,-13,-28,165,138,33,-24,-3,-2,4,142
MMM,3M,151.76,13,4,73,14,104,20,-6,9,14,37,141
HAS,Hasbro,77.32,24,61,13,3,101,22,-2,9,11,40,141
GXO,GXO Logistics,50.96,8,61,0,0,69,5,67,8,-8,72,141
FAF,First American Financial Corporation,62.57,82,10,1,14,107,26,7,-18,18,33,140
COKE,Coca-Cola Consolidated,114.21,0,0,0,86,86,16,-1,-14,52,53,139
EXPE,Expedia Group,188.17,2,34,48,11,95,26,-1,5,14,44,139
JLL,Jones Lang LaSalle,274.63,9,35,3,14,61,20,40,3,14,77,138
AFRM,Affirm Holdings,78.99,28,43,11,0,82,26,4,7,17,54,136
TPG,TPG Inc.,60.18,14,44,0,0,58,21,35,3,19,78,136
OMF,OneMain Financial,55.61,-44,61,16,60,93,9,-1,9,26,43,136
HLT,Hilton Worldwide,260.92,-41,61,15,64,99,7,-4,7,26,36,135
RF,Regions Financial Corporation,24.63,-35,60,6,22,53,-7,67,7,14,81,134
JNJ,Johnson & Johnson,171.55,31,27,7,7,72,27,25,4,6,62,134
TTWO,Take-Two Interactive,226.44,2,0,44,13,59,26,-16,44,20,74,133
MTG,MGIC Investment Corporation,26.47,42,0,18,55,115,-3,-16,9,28,18,133
GNRC,Generac,193.67,49,45,2,-34,62,-8,63,6,10,71,133
MSM,MSC Industrial Direct,85.99,0,61,6,58,125,13,-5,9,-9,8,133
RDDT,Reddit,211.9,49,36,0,0,85,42,5,1,0,48,133
ROST,Ross Stores,145.15,28,4,0,35,67,26,13,-3,29,65,132
ADM,Archer Daniels Midland,57.74,20,62,1,0,83,20,38,9,-20,47,130
CVX,Chevron Corporation,153.17,0,23,6,48,77,14,44,-11,6,53,130
CNA,CNA Financial,47.01,28,2,1,57,88,26,3,-8,20,41,129
PKG,Packaging Corporation of America,194.88,0,29,-2,61,88,15,-2,2,26,41,129
KIM,Kimco Realty,21.18,-39,4,0,55,20,14,74,7,14,109,129
LFUS,Littelfuse,247.84,-4,61,2,2,61,2,66,7,-8,67,128
VIRT,Virtu Financial,42.45,-16,0,75,14,73,-23,-6,70,14,55,128
HII,Huntington Ingalls Industries,266.43,-16,100,7,6,97,-7,31,15,-9,30,127
GTES,Gates Corporation,23.88,-26,61,16,15,66,-35,69,9,18,61,127
GL,Globe Life,140.5,13,13,44,14,84,19,12,3,8,42,126
VNT,Vontier,40.37,0,61,4,0,65,-9,68,7,-5,61,126
PG,Procter & Gamble,153.49,0,-38,-5,179,136,12,-36,-13,26,-11,125
NLY,Annaly Capital Management,20.58,9,43,17,10,79,-6,29,7,16,46,125
UTHR,United Therapeutics,299.46,21,0,-9,57,69,27,-2,-28,59,56,125
VIK,Viking Holdings,56.91,-14,61,0,0,47,-9,76,9,0,76,123
THC,Tenet Healthcare,163.41,7,0,13,57,77,19,-4,7,24,46,123
BA,Boeing,227.37,0,74,7,0,81,19,25,9,-11,42,123
TLN,Talen Energy,376.0,1,73,38,0,112,-9,8,10,2,11,123
THO,Thor Industries,95.87,13,45,-25,2,35,21,67,5,-6,87,122
GPK,Graphic Packaging,22.84,5,0,-18,58,45,18,19,-31,71,77,122
NXST,Nexstar Media Group,184.17,-1,60,8,4,71,7,27,6,10,50,121
DAL,Delta Air Lines,53.65,1,33,0,19,53,17,24,1,26,68,121
CEG,Constellation Energy,336.34,-1,61,15,0,75,-12,29,9,19,45,120
K,Kellanova,80.08,7,1,68,21,97,3,13,-6,13,23,120
DKNG,DraftKings,45.18,2,37,8,0,47,15,37,1,20,73,120
GM,General Motors,52.96,0,43,6,11,60,5,35,6,13,59,119
HON,Honeywell,216.53,-77,0,0,178,101,-5,-8,9,22,18,119
IDXX,Idexx Laboratories,650.48,28,68,13,4,113,-3,8,9,-8,6,119
FWONK,Liberty Formula 1 (Series C),97.05,-59,0,69,57,67,-7,-6,9,56,52,119
GWRE,Guidewire Software,217.35,-6,-1,109,21,123,-9,-25,9,20,-5,118
AGNC,AGNC Investment,9.4,-12,46,10,16,60,-10,44,7,17,58,118
GWW,W. W. Grainger,942.5,-35,-5,-2,94,52,10,-10,9,57,66,118
NBIX,Neurocrine Biosciences,125.54,-41,52,-4,25,32,13,71,6,-4,86,118
MEDP,Medpace,429.19,0,35,3,32,70,-2,45,3,2,48,118
ADC,Agree Realty,73.87,33,0,62,16,111,-8,6,-4,13,7,118
STWD,Starwood Property Trust,19.79,3,0,17,58,78,18,-8,9,21,40,118
EQH,Equitable Holdings,50.34,0,-1,91,11,101,5,-17,9,19,16,117
NCLH,Norwegian Cruise Line Holdings,24.48,-14,32,0,0,18,15,62,2,20,99,117
REG,Regency Centers,72.54,22,4,4,53,83,-1,7,9,19,34,117
FHN,First Horizon Corporation,21.17,-44,61,51,4,72,-5,32,7,10,44,116
RPRX,Royalty Pharma,37.01,0,64,31,0,95,-9,43,25,-38,21,116
ECG,Everus Construction Group,71.5,-2,59,0,0,57,20,33,6,0,59,116
JHG,Janus Henderson,42.43,-6,46,5,19,64,-3,30,6,18,51,115
CMA,Comerica,66.02,-9,35,6,4,36,-5,66,6,12,79,115
WSO,Watsco,416.1,-56,-5,-2,196,133,-60,-3,-27,71,-19,114
MRP,Millrose Properties,31.34,16,50,0,0,66,18,28,2,0,48,114
W,Wayfair,73.26,28,61,3,-41,51,26,67,9,-40,62,113
AFL,Aflac,102.28,13,-9,0,58,62,21,-18,-7,55,51,113
MDT,Medtronic,91.3,5,28,10,1,44,11,42,2,13,68,112
BLDR,Builders FirstSource,131.27,18,27,-27,65,83,30,33,-31,-3,29,112
CPRT,Copart,46.12,21,-52,-12,176,133,21,-48,-22,28,-21,112
FTAI,FTAI Aviation,138.08,9,7,2,47,65,4,7,5,31,47,112
ACGL,Arch Capital Group,88.87,28,-18,-7,62,65,-3,-10,9,51,47,112
TW,Tradeweb,138.24,-21,-2,108,0,85,-13,7,9,23,26,111
CSGP,CoStar Group,95.31,0,43,5,14,62,-2,38,22,-9,49,111
RKT,Rocket Companies,17.55,35,17,3,0,55,33,14,8,1,56,111
RS,"Reliance, Inc.",285.47,-77,-5,0,115,33,-5,-4,9,77,77,110
AGO,Assured Guaranty,84.63,23,-1,0,56,78,-1,2,9,22,32,110
QRVO,Qorvo,87.55,2,61,-1,-31,31,7,69,7,-5,78,109
IVZ,Invesco,20.57,-6,37,6,2,39,18,33,6,13,70,109
MUSA,Murphy USA,372.03,0,-8,-12,68,48,13,-3,-28,79,61,109
CXT,Crane NXT,57.19,-35,51,-4,55,67,-39,19,5,56,41,108
LPX,Louisiana-Pacific,92.49,34,8,-4,63,101,5,-1,-23,26,7,108
PSN,Parsons Corporation,76.91,20,46,-26,0,40,22,45,2,-1,68,108
AFG,American Financial Group,127.97,14,2,0,56,72,15,2,3,14,34,106
MDU,MDU Resources,16.33,-7,-1,0,58,50,-4,21,9,30,56,106
UAL,United Airlines Holdings,88.02,1,34,0,11,46,17,24,3,16,60,106
ATI,ATI Inc.,73.74,-42,0,15,43,16,-45,74,9,52,90,106
FNF,Fidelity National Financial,58.01,28,0,1,58,87,-3,10,-10,21,18,105
VEEV,Veeva Systems,279.6,-36,64,44,8,80,-14,11,9,18,24,104
LEN,Lennar (Class A),119.51,30,17,-29,64,82,33,26,-34,-3,22,104
ECL,Ecolab,269.92,23,4,15,22,64,20,-8,9,19,40,104
SMCI,Supermicro,46.67,-14,37,0,58,81,-33,60,4,-9,22,103
IONS,Ionis Pharmaceuticals,41.05,-17,64,0,0,47,-14,70,9,-10,55,102
LEN-B,Lennar (Class B),114.38,29,13,-27,62,77,33,27,-34,-1,25,102
LAZ,Lazard,51.29,0,44,1,20,65,18,-2,6,13,35,100
HR,Healthcare Realty Trust,16.87,35,29,1,-9,56,-1,35,1,9,44,100
CFG,Citizens Financial Group,46.69,-41,49,7,4,19,-6,66,6,14,80,99
WTFC,Wintrust Financial,122.89,-44,61,0,49,66,10,-3,7,19,33,99
TWLO,Twilio,122.4,-6,53,46,-34,59,13,11,5,11,40,99
BEPC,Brookfield Renewable Partners,34.33,-35,62,9,0,36,-30,73,9,10,62,98
BURL,Burlington Stores,278.11,2,24,1,3,30,26,23,2,17,68,98
MAS,Masco,69.36,7,27,-19,65,80,-1,27,-31,21,16,96
BRO,Brown & Brown,92.52,0,-70,-2,163,91,3,-16,-9,26,4,95
EXP,Eagle Materials,224.22,0,12,-14,57,55,16,24,-28,27,39,94
AIG,American International Group,76.61,-7,-19,27,53,54,22,-25,22,21,40,94
SMMT,Summit Therapeutics,28.07,28,14,8,14,64,-7,25,-7,19,30,94
GLPI,Gaming and Leisure Properties,46.12,-2,-2,0,65,61,-8,-10,-7,57,32,93
SKX,Skechers,63.03,-30,59,-23,55,61,2,-3,6,26,31,92
LH,Labcorp,259.9,-4,11,54,15,76,-7,-2,7,18,16,92
FWONA,Liberty Formula 1 (Series A),86.58,-59,0,68,62,71,-35,-9,8,56,20,91
TTD,Trade Desk (The),88.37,28,44,-26,4,50,26,21,-26,20,41,91
SAIC,SAIC,116.05,20,21,-36,67,72,21,-3,1,-1,18,90
F,Ford Motor Company,11.29,14,75,1,-17,73,20,-7,9,-5,17,90
EA,Electronic Arts,162.76,35,7,3,7,52,42,-18,15,-1,38,90
NYT,New York Times Company,58.18,28,2,1,16,47,28,-15,9,21,43,90
NTNX,Nutanix,72.65,-6,0,30,22,46,16,-5,9,24,44,90
XYZ,"Block, Inc.",76.73,0,39,-2,-36,1,14,58,3,13,88,89
HXL,Hexcel,61.14,3,33,-28,1,9,24,62,3,-9,80,89
FNB,FNB Corporation,14.75,-46,61,0,55,70,-5,-4,8,19,18,88
PEGA,Pegasystems,53.78,-6,73,18,5,90,-36,12,7,15,-2,88
VRTX,Vertex Pharmaceuticals,375.74,-21,-3,-1,104,79,-21,-3,-5,37,8,87
SN,SharkNinja,115.22,0,37,7,0,44,7,29,6,1,43,87
TER,Teradyne,106.46,9,32,-28,2,15,13,62,2,-5,72,87
AMP,Ameriprise Financial,498.42,-39,0,0,64,25,-6,-11,7,71,61,86
ES,Eversource Energy,65.94,0,64,14,-10,68,-12,19,9,2,18,86
ESI,Element Solutions,23.67,3,33,-19,57,74,13,-6,6,-1,12,86
UBER,Uber,92.68,6,4,17,0,27,26,-8,15,26,59,86
UGI,UGI Corporation,35.46,-4,0,41,4,41,-8,-1,48,5,44,85
TRGP,Targa Resources,166.89,6,0,0,51,57,9,-17,-19,54,27,84
SCCO,Southern Copper,97.54,13,0,-4,61,70,19,-14,9,-2,12,82
HLNE,Hamilton Lane,153.03,17,0,0,25,42,21,-1,-2,21,39,81
BOKF,BOK Financial Corporation,100.31,0,30,0,22,52,14,-2,3,14,29,81
OZK,Bank OZK,47.38,-70,61,16,56,63,-5,-3,7,19,18,81
BG,Bunge Global,82.77,49,1,0,0,50,21,6,9,-5,31,81
CART,Maplebear Inc.,49.44,2,30,22,0,54,-3,24,6,0,27,81
BEN,Franklin Templeton Investments,24.86,28,64,7,1,100,-2,-5,9,-22,-20,80
KDP,Keurig Dr Pepper,33.9,5,1,6,1,13,7,31,17,12,67,80
AWK,American Water Works,144.42,14,5,25,1,45,-13,19,21,8,35,80
FICO,Fair Isaac,1334.92,-42,-23,-5,166,96,2,-22,-27,31,-16,80
PLNT,Planet Fitness,105.42,-20,0,62,13,55,3,-2,9,14,24,79
ROIV,Roivant Sciences,11.57,13,22,0,0,35,22,14,9,-1,44,79
ZBRA,Zebra Technologies,316.25,-21,47,-1,-7,18,-21,66,3,13,61,79
AL,Air Lease Corporation,55.25,0,0,16,22,38,12,-7,9,26,40,78
AXP,American Express,294.81,-49,0,16,99,66,-7,-9,7,21,12,78
WTM,White Mountains Insurance Group,1755.44,-9,-1,-3,59,46,-1,-5,-19,56,31,77
APD,Air Products,288.56,0,32,0,16,48,19,-1,1,10,29,77
RGA,Reinsurance Group of America,181.93,9,-5,-2,40,42,18,-39,1,53,33,75
WAL,Western Alliance Bancorporation,78.1,0,34,0,4,38,18,-5,6,18,37,75
EQT,EQT Corporation,51.26,-32,-5,40,42,45,2,-22,40,10,30,75
WEX,WEX Inc.,169.81,0,43,-42,1,2,17,61,3,-8,73,75
STAG,STAG Industrial,34.88,0,0,0,96,96,-6,-20,9,-4,-21,75
TXRH,Texas Roadhouse,185.04,0,0,1,64,65,5,-36,9,31,9,74
MANH,Manhattan Associates,211.33,-37,55,-28,65,55,-9,-1,2,27,19,74
MSGS,Madison Square Garden Sports,202.24,2,35,-3,21,55,-3,-8,2,27,18,73
CCL,Carnival Corporation & plc,29.02,-21,60,16,0,55,-6,-2,7,19,18,73
HRB,H&R Block,55.14,0,-42,-1,52,9,25,-8,-5,52,64,73
OWL,Blue Owl Capital,18.94,-5,40,-3,0,32,24,-6,1,21,40,72
PNC,PNC Financial Services,187.22,-8,51,0,14,57,-3,-3,6,14,14,71
ELAN,Elanco,16.48,7,64,1,-7,65,7,-3,8,-6,6,71
BSY,Bentley Systems,53.55,-36,64,8,0,36,-44,76,9,-6,35,71
BRK-B,Berkshire Hathaway,462.16,-44,-46,123,62,95,11,-58,-4,26,-25,70
FLS,Flowserve,52.36,-35,32,0,27,24,-5,24,2,25,46,70
MTSI,MACOM Technology Solutions,127.66,-7,0,0,58,51,-12,-5,7,29,19,70
AGCO,AGCO,111.76,-10,63,6,2,61,-17,29,10,-13,9,70
FCX,Freeport-McMoRan,40.8,0,0,-2,58,56,19,-9,9,-6,13,69
NTAP,Netapp,103.87,0,4,-3,57,58,11,-5,6,-1,11,69
TKR,Timken Company,73.89,-49,46,-2,4,-1,4,65,6,-5,70,69
IP,International Paper,48.08,0,1,0,16,17,10,24,2,16,52,69
MRVL,Marvell Technology,75.86,-23,35,-20,106,98,-35,7,-20,18,-30,68
ROKU,"Roku, Inc.",83.08,-35,42,9,-19,-3,-3,66,4,4,71,68
TKO,TKO Group Holdings,160.81,-35,-2,70,40,73,-47,-17,9,50,-5,68
BAH,Booz Allen Hamilton,110.84,0,0,-29,101,72,29,-1,-31,-1,-4,68
FIVE,Five Below,132.71,-39,63,0,-16,8,-7,72,10,-15,60,68
ALK,Alaska Air Group,53.26,3,27,-2,2,30,20,24,-16,9,37,67
OC,Owens Corning,147.08,14,3,-23,58,52,18,-5,-27,29,15,67
GPC,Genuine Parts Company,134.0,16,14,0,0,30,21,21,9,-17,34,64
DOX,Amdocs,88.87,7,0,1,58,66,5,-23,9,5,-4,62
NTRS,Northern Trust,124.72,-15,61,15,11,72,-35,3,9,13,-10,62
AOS,A. O. Smith,70.64,0,27,-41,58,44,14,-1,9,-5,17,61
KMB,Kimberly-Clark,136.78,35,2,1,18,56,27,-38,-10,26,5,61
AMKR,Amkor Technology,22.9,0,46,-39,2,9,11,42,3,-5,51,60
DINO,HF Sinclair,43.58,0,63,0,0,63,-3,-1,9,-8,-3,60
TROW,T. Rowe Price,104.07,13,46,-22,-25,12,-2,30,5,13,46,58
VVV,Valvoline,38.74,14,2,0,31,47,21,-12,6,-4,11,58
WTRG,Essential Utilities,38.43,35,0,5,0,40,2,13,-2,5,18,58
MTCH,Match Group,36.33,14,45,3,-37,25,14,53,4,-38,33,58
PRU,Prudential Financial,100.7,-6,-1,-12,55,36,16,-16,3,19,22,58
XPO,"XPO, Inc.",120.43,-44,0,-2,61,15,11,-1,6,27,43,58
QGEN,Qiagen,48.37,-14,58,11,3,58,-14,-1,9,5,-1,57
MHK,Mohawk Industries,120.45,19,23,-25,-11,6,23,27,1,-1,50,56
EXE,Expand Energy,99.99,-4,-14,40,0,22,9,-25,40,10,34,56
SNV,Synovus,47.1,0,0,0,21,21,18,-4,7,14,35,56
TXN,Texas Instruments,185.97,2,0,0,22,24,18,-11,9,16,32,56
HOLX,Hologic,67.94,42,49,-34,0,57,-5,9,2,-7,-1,56
TSLA,"Tesla, Inc.",322.29,11,0,0,10,21,16,6,3,10,35,56
CWEN-A,Clearway Energy (Class A),28.47,-16,0,57,6,47,-19,-5,21,10,7,54
VNOM,Viper Energy,37.73,14,-33,-8,44,17,21,-5,-27,47,36,53
SLGN,Silgan Holdings,46.62,-49,-7,-2,80,22,16,-7,9,13,31,53
NUE,Nucor,137.86,-35,38,0,3,6,10,39,6,-8,47,53
MET,Metlife,73.81,-7,-1,-2,58,48,-3,-18,7,18,4,52
EL,Estée Lauder Companies (The),91.26,0,51,0,-26,25,-9,64,7,-35,27,52
CWEN,Clearway Energy (Class C),30.38,-16,0,57,4,45,-19,-5,21,10,7,52
MTD,Mettler Toledo,1236.97,9,46,-22,0,33,23,-2,3,-5,19,52
PFG,Principal Financial Group,75.6,-49,0,-2,55,4,-3,27,6,18,48,52
ADSK,Autodesk,292.98,-7,0,4,14,11,13,-1,9,19,40,51
PANW,Palo Alto Networks,168.14,-52,-6,-1,81,22,-47,10,9,57,29,51
ROK,Rockwell Automation,332.68,-41,64,14,15,52,3,-2,9,-11,-1,51
U,Unity Technologies,33.56,2,50,5,0,57,-5,24,9,-35,-7,50
UNM,Unum,68.57,-49,-7,0,40,-16,10,-7,9,54,66,50
BROS,Dutch Bros. Coffee,70.34,7,1,52,0,60,16,-35,-2,11,-10,50
FITB,Fifth Third Bancorp,41.19,-44,37,0,22,15,18,-5,6,16,35,50
CB,Chubb Limited,269.33,2,-26,0,58,34,-2,-37,-3,56,14,48
TXT,Textron,77.39,0,0,-3,53,50,-5,-2,9,-5,-3,47
LEA,Lear Corporation,96.03,0,61,-3,-17,41,18,-5,8,-15,6,47
AMCR,Amcor,9.65,5,27,0,0,32,17,-5,5,-2,15,47
MAR,Marriott International,260.58,-48,0,0,58,10,10,-6,6,27,37,47
IRM,Iron Mountain,91.88,-44,-2,-2,57,9,-5,-23,9,56,37,46
ZS,Zscaler,272.49,-7,0,16,5,14,19,-14,9,18,32,46
CGNX,Cognex Corporation,41.38,42,43,0,-31,54,-3,29,5,-40,-9,45
KNSL,Kinsale Capital Group,440.01,-61,-8,-2,33,-38,-7,-1,6,85,83,45
VZ,Verizon,42.98,2,1,29,10,42,-16,6,-1,14,3,45
WBS,Webster Bank,55.36,-55,61,7,14,27,-4,-2,7,17,18,45
RBRK,Rubrik,89.81,0,0,0,0,0,-3,4,43,0,44,44
AUR,Aurora Innovation,6.21,9,0,0,0,9,21,16,-17,15,35,44
FOXA,Fox Corporation (Class A),53.89,-21,0,67,1,47,-12,-13,7,14,-4,43
CCK,Crown Holdings,100.76,0,0,16,5,21,8,-9,9,12,20,41
XP,XP Inc.,17.35,20,0,0,0,20,39,-26,15,-8,20,40
ARMK,Aramark,39.12,-55,0,14,40,-1,-21,-3,9,56,41,40
REXR,Rexford Industrial,36.97,5,46,-45,-18,-12,18,61,5,-32,52,40
TYL,Tyler Technologies,600.03,42,6,1,17,66,-2,-15,-27,18,-26,40
EOG,EOG Resources,116.94,-34,-1,-4,45,6,-4,-16,2,51,33,39
SEG,Seaport Entertainment Group,23.09,9,25,0,0,34,11,21,-27,0,5,39
PODD,Insulet,303.56,4,0,44,4,52,4,-37,13,6,-14,38
WMS,Advanced Drainage Systems,133.52,7,3,0,3,13,18,1,9,-3,25,38
RRC,Range Resources,34.88,-35,-12,0,42,-5,2,-23,9,55,43,38
RH,RH,213.08,26,16,-23,-7,12,26,12,-22,9,25,37
KEY,Keycorp,17.41,-44,61,7,4,28,-8,-3,7,13,9,37
FOX,Fox Corporation (Class B),49.08,-21,0,66,1,46,-12,-12,6,9,-9,37
WAB,Wabtec,187.93,-77,-1,0,49,-29,10,-10,9,56,65,36
EXLS,EXL Service,42.06,-23,-20,0,65,22,9,7,-15,13,14,36
DG,Dollar General,115.65,34,5,1,-17,23,33,-15,21,-26,13,36
STLD,Steel Dynamics,122.08,-77,-5,-2,55,-29,10,-11,9,57,65,36
KEYS,Keysight,161.25,0,0,1,0,1,11,12,7,5,35,36
NEE,NextEra Energy,72.59,5,3,1,0,9,7,-3,9,13,26,35
MU,Micron Technology,111.87,7,0,0,22,29,17,-16,9,-5,5,34
FBIN,Fortune Brands Innovations,56.68,28,13,-25,-5,11,29,27,-31,-2,23,34
DUOL,Duolingo,390.84,7,-27,52,0,32,7,-41,13,23,2,34
VOYA,Voya Financial,70.65,14,2,-2,4,18,14,-5,7,-1,15,33
WYNN,Wynn Resorts,107.14,-27,63,7,3,46,-44,29,9,-8,-14,32
DDOG,Datadog,136.35,-42,51,0,0,9,6,-4,6,15,23,32
NNN,NNN Reit,41.94,-2,0,7,22,27,-10,-9,9,14,4,31
NU,Nubank,12.4,0,0,-2,0,-2,11,-7,9,19,32,30
AMH,American Homes 4 Rent,34.78,-25,-7,-7,68,29,-14,-9,9,15,1,30
BXP,"BXP, Inc.",65.69,-4,-3,-2,0,-9,18,-1,9,13,39,30
EWBC,East West Bancorp,97.45,-78,61,8,22,13,-7,-4,8,19,16,29
AS,Amer Sports,37.81,2,0,3,0,5,21,-7,9,0,23,28
DECK,Deckers Brands,101.87,-42,-6,-23,93,22,-5,-1,-19,31,6,28
IPGP,IPG Photonics,74.78,-2,60,-2,-44,12,-12,67,5,-44,16,28
GAP,Gap Inc.,20.09,9,-20,-4,18,3,20,-12,-2,19,25,28
O,Realty Income,57.12,2,5,9,7,23,-7,-10,9,13,5,28
TRU,TransUnion,90.64,-35,50,0,3,18,-40,29,7,14,10,28
VKTX,Viking Therapeutics,35.55,6,27,-39,21,15,-9,23,4,-6,12,27
DOCS,Doximity,58.62,0,31,0,0,31,7,-7,-16,12,-4,27
SUI,Sun Communities,125.05,42,6,2,-24,26,-5,-15,9,11,0,26
EFX,Equifax,241.92,0,-5,-3,16,8,4,-13,9,18,18,26
RNR,RenaissanceRe,239.59,-9,0,-7,35,19,-33,5,7,28,7,26
EQR,Equity Residential,63.91,0,-6,-2,13,5,17,-7,-2,13,21,26
PNFP,Pinnacle Financial Partners,87.8,0,-10,-3,15,2,18,-10,-3,18,23,25
LSCC,Lattice Semiconductor,60.7,21,3,0,0,24,21,-6,1,-15,1,25
UHS,Universal Health Services,168.98,28,-17,-10,22,23,18,-13,-3,-1,1,24
SBUX,Starbucks,91.05,0,0,0,0,0,19,12,-14,7,24,24
GNTX,Gentex,26.67,5,26,-41,0,-10,15,24,3,-8,34,24
WH,Wyndham Hotels & Resorts,83.75,-42,22,-2,11,-11,11,24,-16,15,34,23
SJM,J.M. Smucker Company (The),110.99,5,13,1,-4,15,22,18,-9,-23,8,23
SSB,SouthState Corporation,91.81,-46,32,0,22,8,-5,-2,3,19,15,23
ASTS,AST SpaceMobile,47.7,-44,45,10,0,11,-5,-1,9,8,11,22
WING,Wingstop,330.6,-4,0,0,38,34,-24,-28,7,31,-14,20
CAR,Avis Budget Group,156.77,-49,77,8,-20,16,-58,87,12,-37,4,20
PINC,"Premier, Inc.",22.46,28,1,16,-28,17,19,2,14,-34,1,18
NTRA,Natera,141.46,2,-16,0,18,4,19,-22,-2,19,14,18
LYFT,Lyft,14.21,1,0,-3,-1,-3,26,-13,9,-2,20,17
AAP,Advance Auto Parts,58.34,0,53,0,-28,25,19,-2,9,-34,-8,17
FTNT,Fortinet,75.31,-49,-5,-1,113,58,-47,-7,-1,13,-42,16
CPNG,Coupang,27.81,-14,0,16,0,2,-8,-5,9,17,13,15
BAC,Bank of America,44.93,-35,0,16,18,-1,-5,-3,9,14,15,14
PCG,PG&E Corporation,15.06,30,0,-29,1,2,33,8,-28,-1,12,14
CUZ,Cousins Properties,27.02,-4,-6,0,11,1,9,-18,9,13,13,14
GO,Grocery Outlet,18.4,14,2,0,0,16,6,18,1,-28,-3,13
KRMN,Karman Holdings,48.19,-14,44,0,0,30,-14,-4,1,0,-17,13
HSY,Hershey Company (The),187.55,-2,27,3,0,28,-11,12,3,-19,-15,13
SNDR,Schneider National,24.17,-7,0,-4,0,-11,19,-7,1,10,23,12
QS,QuantumScape,9.23,0,35,5,0,40,3,-2,7,-36,-28,12
FDX,FedEx,224.63,0,0,-25,32,7,12,-5,1,-4,4,11
CTRA,Coterra,23.77,-2,-17,-4,44,21,12,-24,-11,13,-10,11
LAD,Lithia Motors,292.81,0,-8,-4,14,2,18,-9,-21,21,9,11
ETSY,Etsy,60.51,0,51,0,-30,21,2,15,9,-37,-11,10
FANG,Diamondback Energy,141.12,-12,-1,-28,47,6,-3,8,3,-5,3,9
XOM,ExxonMobil,105.94,-33,-4,-1,44,6,-41,-15,8,50,2,8
RRX,Regal Rexnord,141.0,-35,0,-2,3,-34,-1,37,6,-1,41,7
OTIS,Otis Worldwide,87.33,0,-12,-3,0,-15,18,-9,-13,26,22,7
CI,Cigna,271.0,0,-24,-5,58,29,-1,-18,-2,-1,-22,7
SITE,SiteOne Landscape Supply,133.93,-1,28,-25,-9,-7,-7,27,2,-8,14,7
MSCI,MSCI,545.65,-7,-1,0,14,6,-12,-13,6,20,1,7
WBD,Warner Bros. Discovery,11.86,-35,41,11,-42,-25,9,61,7,-45,32,7
NOW,ServiceNow,874.44,-51,-1,-2,82,28,-44,-6,7,22,-21,7
AVB,AvalonBay Communities,188.25,-2,-6,-2,16,6,15,-24,-6,15,0,6
AVT,Avnet,51.23,-42,0,0,45,3,2,-6,9,-2,3,6
COLB,Columbia Banking System,23.67,0,10,-2,-9,-1,-1,-7,4,10,6,5
BC,Brunswick Corporation,57.15,-7,45,-37,-7,-6,19,-3,3,-9,10,4
CARR,Carrier Global,66.39,-56,-4,-2,0,-62,2,29,9,26,66,4
NVST,Envista,20.08,0,46,3,0,49,-13,-6,5,-32,-46,3
SNOW,Snowflake Inc.,206.42,-35,0,14,0,-21,8,6,9,1,24,3
CL,Colgate-Palmolive,84.7,0,-22,-5,23,-4,9,-15,-13,26,7,3
KVUE,Kenvue,21.78,-1,-3,4,0,0,-13,14,-2,3,2,2
OVV,Ovintiv,38.89,-35,0,-4,0,-39,-5,46,6,-6,41,2
GTM,ZoomInfo,10.39,-39,2,-2,0,-39,7,65,5,-37,40,1
ESAB,ESAB,115.87,-14,-2,0,0,-16,-33,24,9,17,17,1
PR,Permian Resources,13.24,-34,0,-7,26,-15,9,-1,9,-2,15,0
JHX,James Hardie Industries,27.72,18,29,-26,3,24,21,-6,-38,-3,-26,-2
INGR,Ingredion,126.33,-43,-5,-2,34,-16,-35,-16,9,56,14,-2
CCI,Crown Castle,106.23,-47,34,6,-28,-35,-26,33,19,5,31,-4
VRSK,Verisk Analytics,264.52,-104,-9,0,114,1,1,-33,-1,28,-5,-4
ATR,AptarGroup,140.5,-51,-5,-2,20,-38,2,-2,9,25,34,-4
TSN,Tyson Foods,56.35,21,0,-5,-28,-12,25,-18,-10,11,8,-4
HBAN,Huntington Bancshares,15.88,-44,0,8,21,-15,-7,-7,9,16,11,-4
BMY,Bristol Myers Squibb,45.37,0,-8,-2,-5,-15,21,-2,-13,5,11,-4
TFC,Truist Financial,42.85,-55,35,0,4,-16,-6,-2,6,14,12,-4
EIX,Edison International,54.98,32,5,-31,0,6,-2,19,-28,-1,-12,-6
POST,Post Holdings,102.89,-44,-25,-5,87,13,-40,-29,-7,57,-19,-6
EW,Edwards Lifesciences,77.92,-14,10,3,-14,-15,-12,26,29,-35,8,-7
SOLV,Solventum,71.99,-3,0,0,0,-3,5,-15,5,0,-5,-8
HHH,Howard Hughes Holdings,70.36,7,1,-12,-6,-10,17,-2,-27,14,2,-8
PCTY,Paylocity,183.6,-4,0,0,-3,-7,-5,16,-18,5,-2,-9
ACI,Albertsons,19.86,0,-18,24,0,6,10,-14,-2,-9,-15,-9
PSA,Public Storage,283.8,3,-6,-10,1,-12,18,-37,9,13,3,-9
RYN,Rayonier,25.84,7,3,-19,0,-9,20,19,-31,-9,-1,-10
ALSN,Allison Transmission,87.43,-7,-20,-4,35,4,10,-38,-20,34,-14,-10
SPB,Spectrum Brands,56.89,7,0,-27,-4,-24,16,-1,-26,24,13,-11
VNO,Vornado Realty Trust,37.6,-44,0,0,4,-40,9,-3,7,15,28,-12
EQIX,Equinix,779.51,-35,-25,-7,34,-33,-3,5,-7,26,21,-12
TFSL,Third Federal S&L,12.69,-13,0,2,5,-6,-23,-12,9,19,-7,-13
IR,Ingersoll Rand,76.3,-39,-2,-20,23,-38,-3,-7,6,29,25,-13
PEP,PepsiCo,144.01,5,16,-41,0,-20,17,41,-38,-13,7,-13
CTVA,Corteva,71.08,-63,0,52,0,-11,-8,-14,9,11,-2,-13
PCOR,Procore,64.36,-39,0,-2,0,-41,-5,29,-16,19,27,-14
USB,U.S. Bancorp,44.11,-41,0,0,4,-37,11,-9,6,15,23,-14
PSX,Phillips 66,119.31,-41,0,-2,41,-2,-5,-10,8,-5,-12,-14
LII,Lennox International,593.85,-49,28,0,38,17,-59,-2,3,27,-31,-14
VLO,Valero Energy,132.59,-49,0,0,44,-5,-5,-8,8,-5,-10,-15
CPAY,Corpay,304.56,-44,-5,-2,21,-30,-9,-2,1,25,15,-15
ZION,Zions Bancorporation,51.21,-71,43,0,4,-24,-9,-4,6,15,8,-16
FR,First Industrial Realty Trust,48.36,-44,0,-2,14,-32,-3,-3,7,14,15,-17
OKE,Oneok,75.5,-35,-5,-12,54,2,-41,-5,-24,51,-19,-17
SARO,StandardAero,28.19,1,0,0,0,1,-9,-18,9,0,-18,-17
DLR,Digital Realty,171.2,-38,0,4,22,-12,-32,-1,9,19,-5,-17
MDB,MongoDB Inc.,228.0,-35,32,-25,-9,-37,11,17,1,-9,20,-17
DOV,Dover Corporation,174.05,-76,0,-2,106,28,-68,-2,5,19,-46,-18
PAYC,Paycom,233.69,7,-5,18,-24,-4,5,9,9,-37,-14,-18
FRT,Federal Realty Investment Trust,92.33,0,-5,-22,0,-27,18,-6,-2,-1,9,-18
CAVA,Cava Group,88.9,2,1,-13,0,-10,18,-1,-27,2,-8,-18
NDSN,Nordson,212.01,0,4,-35,0,-31,17,-7,9,-7,12,-19
CLX,Clorox,126.07,0,0,-16,-5,-21,16,-1,-26,13,2,-19
CFLT,"Confluent, Inc.",16.93,-42,-6,-2,0,-50,-6,55,-17,-2,30,-20
UHAL,U-Haul,58.35,0,-8,-14,0,-22,10,-3,-27,20,0,-22
MAT,Mattel,17.3,0,-1,-3,0,-4,18,-11,6,-31,-18,-22
TAP,Molson Coors,49.49,0,0,-12,0,-12,8,-2,-13,-3,-10,-22
CCCS,CCC Intelligent Solutions,9.72,-14,35,-27,0,-6,-49,38,1,-6,-16,-22
DD,DuPont,70.91,-60,32,-2,19,-11,-12,-3,6,-3,-12,-23
TEM,Tempus AI,58.82,0,0,0,0,0,-4,-22,2,0,-24,-24
MGM,MGM Resorts International,34.72,-42,41,-2,0,-3,-53,35,6,-9,-21,-24
DNB,Dun & Bradstreet,9.1,-2,40,-25,0,13,26,-1,-27,-37,-39,-26
REYN,Reynolds Consumer Products,22.53,10,2,-27,0,-15,10,21,-39,-3,-11,-26
EGP,EastGroup Properties,163.28,0,0,-4,8,4,-8,-26,9,-5,-30,-26
CVS,CVS Health,63.58,5,-17,9,-17,-20,15,-18,24,-28,-7,-27
CPB,Campbell Soup Company,32.91,18,0,-31,-6,-19,23,12,-38,-5,-8,-27
LINE,"Lineage, Inc.",42.86,0,-1,0,0,-1,-3,5,-30,0,-28,-29
TMO,Thermo Fisher Scientific,454.22,-11,12,-21,0,-20,-13,26,-20,-3,-10,-30
GPN,Global Payments,82.03,12,13,-26,-39,-40,14,29,-23,-10,10,-30
TGT,Target Corporation,105.69,13,27,-30,-11,-1,17,-3,-38,-6,-30,-31
FND,Floor & Decor,79.65,27,27,-34,-6,14,-4,-7,-28,-6,-45,-31
AES,AES Corporation,12.88,-22,22,-2,-11,-13,-21,22,5,-24,-18,-31
SBAC,SBA Communications,223.24,-21,-3,15,-20,-29,-21,-3,16,5,-3,-32
HUM,Humana,256.27,86,3,-88,-12,-11,12,6,-19,-20,-21,-32
LNW,Light & Wonder,77.93,-46,-1,-2,57,8,-46,-5,-14,25,-40,-32
SON,Sonoco,45.92,0,4,-43,0,-39,17,-2,6,-14,7,-32
HPQ,HP Inc.,25.36,5,0,-24,0,-19,21,-5,-28,-1,-13,-32
DHR,Danaher Corporation,198.51,0,1,-28,0,-27,-8,4,2,-4,-6,-33
RVMD,Revolution Medicines,34.95,-14,-5,-13,0,-32,-6,-31,9,26,-2,-34
AVY,Avery Dennison,170.0,0,-7,-34,0,-41,18,-12,6,-5,7,-34
KHC,Kraft Heinz,27.66,0,0,-41,0,-41,9,20,-13,-10,6,-35
CF,CF Industries,82.88,-18,-1,0,4,-15,-10,-27,9,8,-20,-35
YETI,Yeti Holdings,32.65,-8,28,-34,-6,-20,-7,-1,3,-10,-15,-35
DXCM,Dexcom,76.44,-42,-4,-2,-14,-62,2,24,9,-9,26,-36
AXTA,Axalta,28.47,0,-48,-15,22,-41,19,-12,-28,26,5,-36
VTRS,Viatris,9.39,5,1,-24,-7,-25,-8,-3,1,-1,-11,-36
UWMC,United Wholesale Mortgage,4.5,7,1,-28,0,-20,31,-3,-41,-4,-17,-37
MKSI,MKS Instruments,98.84,3,1,-26,-13,-35,4,-6,5,-5,-2,-37
GRAL,"Grail, Inc.",32.92,0,-8,0,0,-8,-9,-18,-2,0,-29,-37
BFAM,Bright Horizons,120.23,-9,-3,2,1,-9,-18,-40,14,15,-29,-38
WFRD,Weatherford International,55.3,-12,32,-43,0,-23,-5,41,-47,-5,-16,-39
CRUS,Cirrus Logic,100.68,-14,0,-22,19,-17,-12,-16,9,-3,-22,-39
AMT,American Tower,209.98,-59,-3,15,1,-46,-21,-2,19,11,7,-39
ARW,Arrow Electronics,118.58,-42,0,0,4,-38,4,-7,9,-8,-2,-40
EXR,Extra Space Storage,138.31,-42,-6,-2,0,-50,-7,-6,9,13,9,-41
ILMN,"Illumina, Inc.",95.54,-35,41,-27,-40,-61,-8,67,1,-40,20,-41
POOL,Pool Corporation,308.87,-6,13,-22,-6,-21,18,-1,-28,-9,-20,-41
BIRK,Birkenstock,48.51,-37,-5,-9,0,-51,-7,8,9,0,10,-41
PARA,Paramount Global (Class B),11.08,-23,-1,0,-39,-63,-12,67,11,-45,21,-42
UDR,"UDR, Inc.",38.82,-49,-6,-2,0,-57,9,-3,-4,13,15,-42
WDAY,"Workday, Inc.",220.96,-39,-9,-9,14,-43,11,-5,-3,-2,1,-42
SNDK,SanDisk,40.66,-20,0,0,0,-20,-6,-17,1,0,-22,-42
OMC,Omnicom Group,72.67,0,0,-26,0,-26,18,-2,-31,-1,-16,-42
RYAN,Ryan Specialty,59.53,0,-31,0,0,-31,9,-37,-8,25,-11,-42
COP,ConocoPhillips,92.66,-12,13,-44,0,-43,-5,12,1,-8,0,-43
PYPL,PayPal,68.22,-56,0,-2,-39,-97,16,26,2,9,53,-44
CROX,Crocs,74.37,-7,-1,-41,-1,-50,19,-5,-3,-5,6,-44
DLB,Dolby Laboratories,71.97,-39,-5,-2,0,-46,16,-3,-19,8,2,-44
CHH,Choice Hotels,123.29,-55,-2,-2,15,-44,5,-3,-16,14,0,-44
MCHP,Microchip Technology,66.24,-42,0,0,0,-42,7,-11,9,-7,-2,-44
KBR,"KBR, Inc.",49.85,28,-34,-29,0,-35,33,-34,-7,-1,-9,-44
DVA,DaVita,127.7,-44,-2,-2,20,-28,-14,-3,-19,19,-17,-45
GEHC,GE HealthCare,71.09,-49,0,-19,0,-68,-3,35,-17,8,23,-45
CTSH,Cognizant,69.12,-58,-7,-2,14,-53,7,-15,-2,18,8,-45
MTB,M&T Bank,183.78,-74,0,0,22,-52,-7,-7,7,14,7,-45
CNH,CNH Industrial,12.45,-36,0,18,0,-18,-26,-12,9,2,-27,-45
KMPR,Kemper Corporation,50.65,-14,-2,-5,-1,-22,-14,-21,-2,14,-23,-45
COIN,Coinbase,311.03,-77,0,8,0,-69,2,-5,8,18,23,-46
PPG,PPG Industries,106.16,0,-5,-45,-8,-58,18,-7,9,-8,12,-46
BBY,Best Buy,67.58,10,0,-23,-6,-19,21,-12,-34,-2,-27,-46
TREX,"Trex Company, Inc.",61.45,-14,22,-53,-13,-58,-9,26,1,-6,12,-46
MPC,Marathon Petroleum,161.57,-49,0,0,49,0,-41,-6,9,-8,-46,-46
CRWD,CrowdStrike,425.0,-56,-1,44,0,-13,-47,-15,9,20,-33,-46
PVH,PVH Corp.,73.78,0,0,-31,-3,-34,22,-1,-27,-7,-13,-47
BDX,Becton Dickinson,187.74,7,1,-27,-5,-24,-17,27,-18,-15,-23,-47
CHRD,Chord Energy,99.33,-35,0,-49,0,-84,-5,45,3,-6,37,-47
QCOM,Qualcomm,145.92,-42,-2,-24,22,-46,2,-6,7,-5,-2,-48
DPZ,Domino's,442.42,-42,-3,0,10,-35,-54,-3,26,18,-13,-48
AA,Alcoa,30.11,0,28,-20,-20,-12,-2,-3,1,-32,-36,-48
ABNB,Airbnb,120.03,-52,-1,-2,0,-55,-7,19,-1,-5,6,-49
FHB,"First Hawaiian, Inc.",23.67,-71,-1,0,14,-58,-4,-7,6,14,9,-49
MASI,Masimo,144.89,-14,-2,0,-6,-22,-6,-17,-14,10,-27,-49
PK,Park Hotels & Resorts,10.33,-55,27,-25,-7,-60,15,-3,2,-5,9,-51
FCNCA,First Citizens BancShares,1820.79,-66,-1,-2,59,-10,-67,-1,6,21,-41,-51
CPT,Camden Property Trust,106.97,-49,-6,0,0,-55,-3,-3,-2,11,3,-52
TPL,Texas Pacific Land Corporation,867.99,-10,-48,-8,58,-8,-5,-48,-4,13,-44,-52
M,"Macy's, Inc.",12.11,-39,27,-30,-15,-57,10,24,-24,-6,4,-53
PLD,Prologis,106.29,-44,1,-22,0,-65,15,-8,9,-5,11,-54
NKE,"Nike, Inc.",74.33,-7,29,-76,-21,-75,21,29,6,-36,20,-55
AR,Antero Resources,33.08,-16,-14,0,10,-20,-29,-25,9,10,-35,-55
FCN,FTI Consulting,168.29,0,17,-36,0,-19,16,-2,-46,-5,-37,-56
WST,West Pharmaceutical Services,240.54,-6,13,-26,-7,-26,5,-1,-26,-8,-30,-56
DIS,Walt Disney Company (The),112.89,-63,0,14,-1,-50,-12,-6,9,3,-6,-56
SW,Smurfit Westrock,43.81,-42,1,-2,16,-27,-49,24,-22,17,-30,-57
CERT,"Certara, Inc.",11.26,7,0,-14,0,-7,7,-19,-6,-32,-50,-57
GEN,Gen Digital,28.29,-46,0,14,16,-16,-63,-3,9,16,-41,-57
IQV,IQVIA,178.97,-14,16,-39,-1,-38,-56,42,1,-6,-19,-57
CACC,Credit Acceptance,462.65,-45,-5,-2,0,-52,10,-16,6,-5,-5,-57
OXY,Occidental Petroleum,43.62,0,0,-54,0,-54,10,-2,5,-16,-3,-57
TXG,10x Genomics,12.78,-14,42,-75,0,-47,-14,43,3,-42,-10,-57
OKTA,"Okta, Inc.",93.57,-7,-42,4,-24,-69,8,-1,-2,6,11,-58
SWK,Stanley Black & Decker,68.73,0,27,-28,-39,-40,22,-5,-34,-2,-19,-59
HIW,Highwoods Properties,28.74,-77,-4,0,6,-75,10,-16,9,13,16,-59
LBTYK,Liberty Global (Series C),11.09,35,5,-39,-30,-29,-1,42,-36,-36,-31,-60
DV,DoubleVerify,14.83,-7,34,-69,0,-42,-5,14,-17,-10,-18,-60
MAA,Mid-America Apartment Communities,142.15,-46,-7,0,0,-53,-8,-3,-7,11,-7,-60
BMRN,BioMarin Pharmaceutical,59.47,28,0,-49,-20,-41,-6,23,-14,-22,-19,-60
RAL,Ralliant,42.78,-51,0,0,0,-51,-4,-6,0,0,-10,-61
WHR,Whirlpool Corporation,83.77,0,-6,-4,-26,-36,21,-12,2,-36,-25,-61
HRL,Hormel Foods,28.55,0,-16,-9,-23,-48,18,-12,9,-30,-15,-63
JBHT,J. B. Hunt,140.31,-7,0,-30,-1,-38,18,-7,-27,-10,-26,-64
CFR,Frost Bank,122.22,-71,0,0,4,-67,-9,-5,7,10,3,-64
KNX,Knight-Swift,41.45,-7,-7,-24,-2,-40,19,-10,-20,-13,-24,-64
UHAL-B,U-Haul (Series N),52.58,0,-8,-22,0,-30,10,-7,-36,-1,-34,-64
DOCU,DocuSign,70.5,-45,-8,-2,-12,-67,-6,-2,-1,11,2,-65
CMG,Chipotle Mexican Grill,42.69,-133,-11,-5,80,-69,-11,-12,-3,29,3,-66
BBWI,"Bath & Body Works, Inc.",29.3,0,0,-24,-15,-39,-3,-5,-15,-6,-29,-68
REGN,Regeneron Pharmaceuticals,559.84,-3,5,-40,0,-38,-8,23,-41,-4,-30,-68
GTLB,GitLab,41.63,-39,-2,-20,0,-61,-3,15,-19,-1,-8,-69
IPG,Interpublic Group of Companies (The),24.83,0,13,-42,0,-29,18,-2,-39,-17,-40,-69
MIDD,Middleby,120.17,-44,-2,-2,-1,-49,-14,-5,-15,13,-21,-70
CBSH,Commerce Bancshares,59.86,-84,-3,0,11,-76,-7,-9,9,13,6,-70
TTC,Toro Company (The),73.43,0,17,-34,-6,-23,21,-1,-47,-20,-47,-70
IRDM,Iridium Communications,23.75,-17,-6,-3,-19,-45,-8,-5,6,-19,-26,-71
WLK,Westlake Corporation,82.08,7,0,-39,0,-32,21,-3,-51,-6,-39,-71
GME,GameStop,22.66,0,-39,-9,-30,-78,18,-4,-2,-7,5,-73
LBTYA,Liberty Global (Series A),10.91,35,5,-39,-31,-30,-1,5,-37,-10,-43,-73
BHF,Brighthouse Financial,46.18,-7,-25,-2,0,-34,-3,-43,-2,8,-40,-74
DT,Dynatrace,46.88,-38,-1,-1,0,-40,-47,-14,6,20,-35,-75
FOUR,Shift4,83.4,-44,-3,-1,0,-48,-47,-3,-1,24,-27,-75
FTRE,Fortrea,7.24,13,4,-36,0,-19,-3,12,-64,-2,-57,-76
KSS,Kohl's,11.28,0,27,-61,-31,-65,22,-4,3,-32,-11,-76
DVN,Devon Energy,32.4,-4,0,-49,-5,-58,12,-17,8,-22,-19,-77
UA,Under Armour (Class C),6.28,-2,0,-27,-37,-66,23,-2,5,-37,-11,-77
HOG,Harley-Davidson,24.11,-23,0,-42,-9,-74,12,-8,4,-11,-3,-77
MORN,"Morningstar, Inc.",260.24,-42,-6,-19,28,-39,-36,-19,-1,18,-38,-77
DAY,Dayforce,52.81,-36,-5,-19,-12,-72,4,8,-23,5,-6,-78
KD,Kyndryl,30.19,-40,-3,-1,0,-44,-47,-14,7,20,-34,-78
PARAA,Paramount Global (Class A),16.95,-35,-5,-2,0,-42,-35,-5,-2,6,-36,-78
WY,Weyerhaeuser,25.7,1,-7,-22,0,-28,19,-28,-34,-8,-51,-79
CPRI,Capri Holdings,20.8,14,4,-71,-11,-64,18,-3,2,-32,-15,-79
ANGI,Angi Inc.,18.9,14,2,-39,-51,-74,10,24,5,-44,-5,-79
BIO,Bio-Rad Laboratories,264.09,-8,27,-26,-28,-35,-9,32,-31,-37,-45,-80
VFC,VF Corporation,12.06,-23,-1,-19,-43,-86,-3,21,-19,7,6,-80
PB,Prosperity Bancshares,65.41,-84,-8,-3,14,-81,-4,-11,1,14,0,-81
CNXC,Concentrix,46.23,-52,-5,-2,0,-59,5,-3,7,-33,-24,-83
TEAM,Atlassian,170.57,-42,-21,-5,-6,-74,10,-13,-17,11,-9,-83
UAA,Under Armour (Class A),6.64,-1,0,-27,-44,-72,22,-2,4,-37,-13,-85
PEN,"Penumbra, Inc.",240.83,-23,-50,31,11,-31,1,-53,-5,3,-54,-85
CUBE,CubeSmart,39.5,-44,-3,-22,0,-69,-7,-16,9,-2,-16,-85
PFE,Pfizer,24.25,0,3,-32,-23,-52,-1,-10,6,-28,-33,-85
SEE,Sealed Air,29.55,0,0,-23,-24,-47,-3,-11,7,-32,-39,-86
VSTS,Vestis,5.18,-44,-5,-21,0,-70,-9,18,-26,0,-17,-87
DBX,Dropbox,26.18,-37,-7,-2,9,-37,-47,-5,-6,8,-50,-87
TRIP,Tripadvisor,16.09,-52,26,0,-52,-78,7,21,6,-44,-10,-88
CRM,Salesforce,240.88,-42,-6,-12,22,-38,-47,-5,-20,21,-51,-89
MOS,Mosaic Company (The),31.68,-42,-2,15,-16,-45,-14,-14,14,-30,-44,-89
STZ,Constellation Brands,173.22,5,0,-44,0,-39,-1,19,-60,-8,-50,-89
FI,Fiserv,132.69,-49,-20,-13,35,-47,-42,-14,-14,27,-43,-90
PII,Polaris Inc.,52.12,-34,30,-99,-17,-120,15,27,4,-17,29,-91
ST,Sensata Technologies,29.4,-49,61,-2,-15,-5,-55,-3,7,-35,-86,-91
LKQ,LKQ Corporation,29.77,0,-38,-5,-2,-45,-5,-12,-13,-17,-47,-92
HSIC,Schein (Henry),65.9,-59,-3,-4,-1,-67,-14,-12,-2,3,-25,-92
ALLY,Ally Financial,36.95,-107,0,0,4,-103,-5,-7,7,16,11,-92
QXO,"QXO, Inc.",19.37,-56,0,0,-14,-70,-12,-17,12,-6,-23,-93
CRL,Charles River Laboratories,149.77,-14,46,-53,-26,-47,-43,-1,5,-8,-47,-94
ELV,Elevance Health,283.53,0,-26,-43,-2,-71,5,-18,-9,-3,-25,-96
ZM,Zoom Communications,71.58,-55,-8,-2,0,-65,10,-44,-1,4,-31,-96
EPR,EPR Properties,54.14,-107,0,56,29,-22,-116,-9,29,21,-75,-97
FRPT,Freshpet,64.03,-24,-38,-23,-6,-91,-19,12,-19,19,-7,-98
G,Genpact,41.68,-46,-3,-1,0,-50,-40,-4,-14,10,-48,-98
JAZZ,Jazz Pharmaceuticals,112.15,-21,1,-2,-6,-28,-14,-2,-15,-39,-70,-98
ASH,Ashland Global,52.77,5,4,-40,-9,-40,14,-11,-52,-10,-59,-99
ELF,e.l.f. Beauty,99.92,-32,0,-49,31,-50,-35,-16,7,-5,-49,-99
A,Agilent Technologies,113.94,-38,0,-22,-2,-62,-2,-12,-19,-5,-38,-100
CHE,Chemed Corporation,435.07,0,-54,-10,-2,-66,23,-42,-8,-8,-35,-101
ISRG,Intuitive Surgical,469.82,-85,-7,-2,22,-72,-40,-15,-1,26,-30,-102
SAM,Boston Beer Company,221.52,6,0,-34,-37,-65,25,11,-30,-44,-38,-103
ESS,Essex Property Trust,257.04,-49,-6,-2,14,-43,-70,-3,-2,14,-61,-104
ELS,Equity Lifestyle Properties,61.17,28,-31,-20,0,-23,-3,-45,-31,-3,-82,-105
APTV,Aptiv,65.83,-56,0,0,-24,-80,9,-7,9,-36,-25,-105
SAIA,Saia,284.64,-44,0,-25,4,-65,-7,-1,-27,-5,-40,-105
ODFL,Old Dominion Freight Line,145.32,-56,-7,-25,0,-88,14,-1,-30,-1,-18,-106
APLS,Apellis Pharmaceuticals,24.37,42,8,-69,-16,-35,-6,19,-67,-18,-72,-107
MRK,Merck & Co.,80.38,0,5,-46,-4,-45,-5,-1,-50,-6,-62,-107
CLF,Cleveland-Cliffs,9.42,-35,26,-62,-16,-87,-55,39,2,-8,-22,-109
ONON,On Holding AG,45.15,-49,-6,-1,0,-56,-45,-37,9,20,-53,-109
INGM,Ingram Micro,18.86,-48,0,0,0,-48,-65,-3,6,0,-62,-110
FIS,Fidelity National Information Services,70.11,-39,-3,-1,-37,-80,-44,-5,8,11,-30,-110
PATH,UiPath,10.93,-77,-8,-10,0,-95,9,-12,-2,-10,-15,-110
INTC,Intel,19.8,0,-6,-68,-20,-94,21,-10,-16,-12,-17,-111
TECH,Bio-Techne,50.14,-17,0,-26,-24,-67,-49,37,-26,-6,-44,-111
ONTO,Onto Innovation,92.61,-39,-3,-25,0,-67,-14,-7,-20,-4,-45,-112
ZTS,Zoetis,147.53,-3,-20,-34,-3,-60,-12,-35,-1,-5,-53,-113
AAL,American Airlines Group,11.74,0,29,-20,-76,-67,19,-7,-20,-39,-47,-114
CHDN,Churchill Downs Incorporated,102.22,-51,30,-30,0,-51,-61,-2,1,-1,-63,-114
ENTG,Entegris,73.46,-49,-4,-43,-6,-102,4,37,-48,-5,-12,-114
EEFT,Euronet Worldwide,91.21,-53,-7,-2,-3,-65,-65,-7,9,13,-50,-115
LUV,Southwest Airlines,29.57,-77,0,0,-39,-116,-4,-7,7,4,0,-116
CIVI,Civitas Resources,30.08,-2,0,-54,-6,-62,1,8,-54,-9,-54,-116
CC,Chemours,12.18,0,27,-64,-13,-50,-5,-5,-26,-30,-66,-116
FLO,Flowers Foods,16.26,5,-7,-36,-8,-46,4,4,-56,-23,-71,-117
MDLZ,Mondelez International,62.4,-49,-7,0,0,-56,-68,-3,18,-9,-62,-118
CRI,Carter's,25.71,0,-11,-61,-17,-89,20,-3,-38,-9,-30,-119
EPAM,EPAM Systems,157.74,0,-7,-25,-27,-59,5,-13,-16,-37,-61,-120
MTDR,Matador Resources,46.1,-41,0,-28,0,-69,-43,-5,2,-6,-52,-121
BF-B,Brown–Forman (Class B),31.03,19,1,-102,-18,-100,21,19,-34,-28,-22,-122
ALB,Albemarle Corporation,70.06,0,26,-127,-23,-124,23,-1,3,-25,0,-124
NFE,New Fortress Energy,3.06,0,0,-70,-3,-73,-2,-3,-21,-25,-51,-124
IEX,IDEX Corporation,158.5,-49,-7,-27,-2,-85,-1,-7,-27,-6,-41,-126
EMN,Eastman Chemical Company,61.28,-63,-9,-20,-1,-93,10,-7,-34,-2,-33,-126
EXAS,Exact Sciences,43.15,-17,-12,-27,-25,-81,-10,-19,-1,-16,-46,-127
BF-A,Brown–Forman (Class A),30.47,18,0,-101,-18,-101,20,19,-41,-24,-26,-127
LBRDA,Liberty Broadband (Series A),58.58,-71,-10,-2,-36,-119,-5,-10,-2,8,-9,-128
RNG,RingCentral,29.11,14,2,-25,-41,-50,6,-14,-25,-45,-78,-128
WAT,Waters Corporation,277.98,-37,-19,-4,-2,-62,-43,-18,-19,14,-66,-128
FTV,Fortive,47.48,-44,-7,-20,0,-71,-1,-33,-16,-8,-58,-129
LBRDK,Liberty Broadband (Series C),58.88,-71,-10,-2,-36,-119,-7,-10,-2,8,-11,-130
LCID,Lucid Motors,2.16,-59,-2,-3,0,-64,-14,-2,-16,-35,-67,-131
LOAR,Loar Holdings,71.04,-21,-24,0,0,-45,-33,-51,-2,0,-86,-131
CE,Celanese,48.67,-63,0,-42,-10,-115,-5,-7,5,-9,-16,-131
SMG,Scotts Miracle-Gro Company,60.0,-56,0,-21,-39,-116,-12,-7,5,-1,-15,-131
WEN,Wendy's Company (The),9.97,0,-31,-36,-8,-75,12,-22,-31,-15,-56,-131
SHC,Sotera Health,11.24,-42,-6,-26,0,-74,-47,-2,-3,-6,-58,-132
MPW,Medical Properties Trust,4.16,0,-61,-6,-36,-103,14,-4,-6,-35,-31,-134
ALGM,Allegro MicroSystems,30.72,-84,0,10,0,-74,-44,-7,7,-16,-60,-134
ON,ON Semiconductor,47.59,-42,0,-36,-1,-79,-42,-4,5,-15,-56,-135
HUBS,HubSpot,462.01,-45,-40,-9,-1,-95,-54,11,-17,19,-41,-136
FDS,FactSet,386.42,-128,-14,-4,0,-146,-2,-10,-2,23,9,-137
AVTR,Avantor,11.39,-35,-5,-28,0,-68,-8,-18,-39,-5,-70,-138
TDC,Teradata,20.8,0,-1,-78,-17,-96,14,-14,-26,-16,-42,-138
BALL,Ball Corporation,54.04,-59,0,-2,-11,-72,-68,-3,9,-5,-67,-139
ESTC,Elastic NV,76.37,-42,-5,-12,-6,-65,-52,-1,-17,-4,-74,-139
RARE,Ultragenyx,27.81,1,-21,-26,-38,-84,-6,-13,-34,-3,-56,-140
HST,Host Hotels & Resorts,15.27,-56,0,-31,2,-85,-54,-3,7,-6,-56,-141
MKC,McCormick & Company,70.24,-44,-22,-5,-2,-73,-44,-21,-13,10,-68,-141
RVTY,Revvity,86.43,-51,-7,-19,-24,-101,-8,-12,-24,3,-41,-142
ALGN,Align Technology,138.75,-42,-6,-66,-25,-139,2,35,-2,-38,-3,-142
OGN,Organon & Co.,9.12,-24,-3,-28,0,-55,-40,-3,-41,-4,-88,-143
EG,Everest Group,328.38,-35,-18,-35,55,-33,-33,-36,-36,-5,-110,-143
COTY,Coty,4.8,-7,-1,-63,-7,-78,14,-5,-65,-9,-65,-143
LSTR,Landstar,128.68,-49,-8,-34,-1,-92,11,-16,-41,-7,-53,-145
CDW,CDW,161.75,-42,-3,-41,0,-86,-47,-6,1,-8,-60,-146
DOC,Healthpeak Properties,16.95,-70,-2,-16,-31,-119,-5,-2,-31,9,-29,-148
HAL,Halliburton,20.88,-13,-2,-62,-5,-82,-5,9,-61,-9,-66,-148
GMED,Globus Medical,54.07,3,-116,-14,-2,-129,20,-32,-19,12,-19,-148
RIVN,Rivian,12.07,-55,-8,-2,0,-65,-58,-2,-2,-21,-83,-148
JKHY,Jack Henry & Associates,164.15,-70,-6,-2,0,-78,-43,-37,-2,11,-71,-149
APA,APA Corporation,19.47,7,1,-84,-12,-88,-42,-4,4,-19,-61,-149
INVH,Invitation Homes,30.22,-71,-11,-7,0,-89,-41,-31,-2,14,-60,-149
ZBH,Zimmer Biomet,98.43,7,1,-64,-17,-73,7,-3,-63,-18,-77,-150
NSA,National Storage Affiliates,30.24,0,-54,-14,-4,-72,12,-55,-35,-1,-79,-151
IAC,IAC Inc.,35.0,-60,-3,-1,-31,-95,-21,-3,5,-38,-57,-152
NCNO,nCino,26.88,-56,0,-25,0,-81,-70,-4,4,-1,-71,-152
MTN,Vail Resorts,149.45,-60,-6,-32,-23,-121,10,-11,5,-36,-32,-153
BILL,Bill.com,41.51,-57,-6,-23,0,-86,-5,-7,-19,-37,-68,-154
SWKS,Skyworks Solutions,68.55,-77,0,-42,-30,-149,5,-13,6,-5,-7,-156
LW,Lamb Weston,52.13,-21,-2,-71,-8,-102,-48,5,2,-14,-55,-157
WSC,WillScot Mobile Mini,24.68,-44,-5,-64,-6,-119,-9,24,-41,-12,-38,-157
CLVT,Clarivate,3.82,-52,-5,-76,-6,-139,11,9,2,-42,-20,-159
ENOV,Enovis,28.53,7,-19,-64,-17,-93,7,-12,-24,-37,-66,-159
VAC,Marriott Vacations Worldwide,71.43,-55,0,-2,-17,-74,-64,-3,6,-25,-86,-160
MKTX,MarketAxess,184.48,-17,-10,-27,-29,-83,-10,-25,-1,-44,-80,-163
SLB,Schlumberger,32.79,-44,-5,-69,-1,-119,-5,-11,-20,-10,-46,-165
FIVN,Five9,25.29,-5,-1,-78,-35,-119,14,-5,-16,-40,-47,-166
QDEL,QuidelOrtho,24.41,0,-20,-22,-38,-80,-5,-12,-22,-47,-86,-166
PLTK,Playtika,3.97,-56,-10,-25,0,-91,-7,-12,-26,-31,-76,-167
ACHC,Acadia Healthcare,18.21,-18,-18,-47,-11,-94,-9,-9,-41,-16,-75,-169
S,SentinelOne,16.68,-55,-3,-24,0,-82,-55,-5,-27,-1,-88,-170
CMCSA,Comcast,31.67,-70,-8,-34,-9,-121,-33,-10,-1,-8,-52,-173
NWL,Newell Brands,4.93,-45,-5,-26,-31,-107,-2,-3,-26,-36,-67,-174
COO,Cooper Companies (The),69.21,-44,-7,-26,-5,-82,-55,-7,-31,-3,-96,-178
DXC,DXC Technology,13.24,0,-21,-24,-73,-118,19,-15,-31,-34,-61,-179
KMX,CarMax,55.27,-78,-18,-18,-36,-150,-4,-16,-22,11,-31,-181
BIIB,Biogen,127.69,-4,0,-83,-27,-114,-7,4,-46,-18,-67,-181
AKAM,Akamai Technologies,74.92,-44,-6,-25,-7,-82,-62,-5,-25,-10,-102,-184
BAX,Baxter International,23.53,-44,-22,-22,-38,-126,17,-21,-13,-41,-58,-184
RGEN,Repligen,113.55,-30,-19,-15,-17,-81,-42,-11,-19,-37,-109,-190
IT,Gartner,229.9,-65,-38,-20,0,-123,-66,-41,-18,57,-68,-191
PENN,Penn Entertainment,16.91,-39,0,-2,-34,-75,-51,-5,-17,-44,-117,-192
UPS,United Parcel Service,86.52,-2,-8,-105,-16,-131,17,-16,-33,-34,-66,-197
GFS,GlobalFoundries,32.3,-44,-3,-81,0,-128,-44,-7,-1,-17,-69,-197
COLM,Columbia Sportswear,50.95,-58,-104,-20,-6,-188,10,-18,-15,13,-10,-198
INSP,Inspire Medical Systems,77.06,-21,-58,-22,-6,-107,-36,-12,-27,-17,-92,-199
ARE,Alexandria Real Estate Equities,74.57,-58,13,-36,-30,-111,-7,-1,-47,-35,-90,-201
ACN,Accenture,241.66,-63,-22,-22,-1,-108,-75,-20,-18,19,-94,-202
BRBR,BellRing Brands,39.15,-37,-65,-12,0,-114,-40,-57,-18,27,-88,-202
GIS,General Mills,50.16,3,-85,-40,-4,-126,9,-31,-36,-19,-77,-203
GDDY,GoDaddy,150.33,-79,-21,-2,22,-80,-82,-45,-18,22,-123,-203
AZTA,Azenta,29.14,-41,0,-52,-31,-124,-51,-2,-18,-9,-80,-204
DJT,Trump Media & Technology Group,17.14,-67,-48,-55,0,-170,1,-4,-23,-9,-35,-205
CHTR,Charter Communications,258.73,-71,-10,-3,-36,-120,-72,-15,-3,-1,-91,-211
DAR,Darling Ingredients,30.7,-77,-6,-5,-20,-108,-68,-12,7,-30,-103,-211
GLOB,Globant,78.01,-41,-57,-25,-7,-130,-45,-5,-25,-7,-82,-212
HUN,Huntsman Corporation,9.49,-77,-11,-44,-15,-147,9,-3,-39,-33,-66,-213
OLN,Olin Corporation,19.25,-49,-7,-59,-9,-124,-3,-7,-61,-23,-94,-218
CAG,Conagra Brands,19.26,5,-79,-31,-7,-112,23,-93,-13,-23,-106,-218
OLED,Universal Display Corporation,138.57,-83,0,-36,-1,-120,-89,-17,9,-5,-102,-222
NOV,NOV Inc.,11.91,-56,-5,-54,-12,-127,-54,18,-45,-15,-96,-223
FMC,FMC Corporation,36.47,-56,-5,-39,-24,-124,-69,-8,1,-26,-102,-226
UNH,UnitedHealth Group,244.66,-77,-77,-17,-4,-175,-3,-18,-30,-1,-52,-227
PRMB,Primo Brands,24.03,-54,-47,0,22,-79,-82,-76,-9,18,-149,-228
PRGO,Perrigo,22.83,-42,-2,-1,-113,-158,-14,-1,-1,-55,-71,-229
IFF,International Flavors & Fragrances,64.22,-60,-7,-22,-31,-120,-73,-3,-34,-1,-111,-231
LYB,LyondellBasell,50.18,-63,-5,-43,-5,-116,-49,-3,-57,-7,-116,-232
BRKR,Bruker,31.17,-37,-6,-59,-8,-110,-46,-4,-63,-9,-122,-232
COLD,Americold,14.67,-7,-89,-40,-11,-147,-6,-31,-40,-15,-92,-239
LEG,Leggett & Platt,8.64,-53,0,-131,-30,-214,9,-3,6,-38,-26,-240
CZR,Caesars Entertainment,24.15,-59,-6,-25,-25,-115,-51,-7,-34,-37,-129,-244
SRPT,Sarepta Therapeutics,17.98,7,-143,-28,-7,-171,16,-37,-49,-6,-76,-247
ADBE,Adobe Inc.,338.19,-44,-22,-35,-6,-107,-67,-38,-39,-5,-149,-256
DOW,Dow Inc.,21.62,-77,-11,-42,-1,-131,-49,-11,-57,-8,-125,-256
SIRI,Sirius XM,21.32,-58,-2,-82,-31,-173,-12,-6,-48,-17,-83,-256
MAN,ManpowerGroup,39.45,-53,-5,-45,-28,-131,-51,-5,-45,-36,-137,-268
MRNA,Moderna,26.62,-56,-2,-54,-4,-116,-59,-3,-54,-39,-155,-271
LULU,Lululemon Athletica,191.13,-142,-43,-10,-3,-198,-5,-37,-19,-12,-73,-271
WU,Western Union,7.99,-55,-86,-22,-46,-209,-1,-3,-57,-5,-66,-275
CNC,Centene,25.26,-77,-54,-43,-11,-185,-16,-52,-12,-28,-108,-293
MOH,Molina Healthcare,155.0,-178,-53,-12,-2,-245,-44,-18,-8,-8,-78,-323
TFX,Teleflex,115.45,-16,-130,-41,-39,-226,-61,4,-37,-10,-104,-330
XRAY,Dentsply Sirona,13.24,-55,-6,-80,-42,-183,-66,-3,-67,-40,-176,-359
WOLF,Wolfspeed,1.51,-56,0,-133,-30,-219,-10,-14,-99,-37,-160,-379
RHI,Robert Half,34.39,-77,-135,-28,-9,-249,-75,-12,-26,-32,-145,-394
ENPH,Enphase Energy,31.81,-84,-145,-45,-20,-294,-77,-10,-52,-24,-163,-457
