Symbol,Name,Close,1H Cloud Score,1D Cloud Score,1W Cloud Score,1M Cloud Score,Cloud Score Sum,1H TKx Score,1D TKx Score,1W TKx Score,1M TKx Score,TKx Score Sum,Total Score Sum
TJX,TJX Companies,140.04,0,32,153,199,384,-11,36,122,194,341,725
ORLY,O'Reilly Auto Parts,104.54,-7,43,168,200,404,-12,49,59,90,186,590
GOOGL,Alphabet (Class A),249.52,126,78,13,177,394,73,52,10,22,157,551
GOOG,Alphabet (Class C),249.85,126,78,12,177,393,73,52,9,22,156,549
COOP,Mr. Cooper Group,221.04,0,89,124,59,272,3,88,122,57,270,542
JPM,JPMorgan Chase,311.75,36,91,128,159,414,39,16,15,27,97,511
GS,Goldman Sachs,794.56,58,89,97,59,303,49,100,15,22,186,489
CASY,Casey's,554.76,58,8,118,88,272,3,4,122,79,208,480
RBA,RB Global,118.15,52,100,109,28,289,5,49,112,20,186,475
ITT,ITT Inc.,179.46,45,95,21,100,261,65,102,15,27,209,470
GLW,Corning Inc.,76.87,126,88,24,18,256,75,95,13,15,198,454
WELL,Welltower,165.93,-12,86,121,59,254,-12,47,138,25,198,452
FIX,Comfort Systems USA,761.69,47,92,22,65,226,51,104,15,56,226,452
WDC,Western Digital,100.92,126,89,17,19,251,75,100,15,4,194,445
MSI,Motorola Solutions,477.83,-6,44,6,154,198,-19,54,6,186,227,425
HWM,Howmet Aerospace,185.43,70,6,153,30,259,-3,6,97,58,158,417
APP,AppLovin,606.24,120,34,110,0,264,75,42,11,19,147,411
MS,Morgan Stanley,157.46,51,89,81,65,286,-9,100,15,17,123,409
ORI,Old Republic International,39.65,-18,26,152,59,219,-14,24,122,56,188,407
KRC,Kilroy Realty,43.74,176,79,11,0,266,35,82,11,12,140,406
YUM,Yum! Brands,148.19,46,5,33,260,344,2,5,-7,58,58,402
NRG,NRG Energy,164.54,52,4,108,95,259,-2,3,118,22,141,400
BK,BNY Mellon,107.02,35,91,99,41,266,3,95,15,20,133,399
WRB,W. R. Berkley Corporation,73.13,7,15,99,177,298,-14,28,29,56,99,397
WMT,Walmart,104.26,72,13,132,102,319,26,4,15,30,75,394
PLTR,Palantir Technologies,168.27,49,102,121,0,272,-6,-17,124,21,122,394
APH,Amphenol,118.39,60,102,24,66,252,-7,104,15,28,140,392
MCD,McDonald's,304.97,-44,25,57,243,281,3,45,3,58,109,390
LOPE,Grand Canyon Education,209.04,35,29,152,36,252,33,28,39,35,135,387
LYV,Live Nation Entertainment,169.36,0,90,99,148,337,-12,28,14,17,47,384
NEM,Newmont,78.7,138,113,24,6,281,-7,75,24,11,103,384
DDS,Dillard's,596.83,127,71,19,55,272,15,25,12,56,108,380
IBM,IBM,259.11,71,0,114,55,240,13,8,61,57,139,379
TIGO,Millicom,48.31,7,169,82,3,261,18,54,29,17,118,379
AAPL,Apple Inc.,238.97,16,56,3,252,327,21,24,7,-1,51,378
RTX,RTX Corporation,158.33,21,88,82,55,246,33,-5,89,15,132,378
MA,Mastercard,598.24,10,34,131,156,331,5,-2,15,27,45,376
KLAC,KLA Corporation,989.44,63,8,19,178,268,64,2,15,27,108,376
FAST,Fastenal,47.11,-2,111,128,107,344,-12,-4,19,26,29,373
BX,Blackstone Inc.,183.68,58,60,9,143,270,63,7,10,22,102,372
FTAI,FTAI Aviation,174.2,133,35,8,48,224,65,35,11,32,143,367
AZO,AutoZone,4221.27,-11,42,99,87,217,-19,49,59,58,147,364
C,Citigroup,101.76,53,89,24,19,185,49,99,15,15,178,363
SO,Southern Company,91.61,0,0,81,191,272,-8,-14,28,80,86,358
HUBB,Hubbell Incorporated,433.5,-2,87,6,183,274,-19,18,11,72,82,356
PFGC,Performance Food Group,108.75,36,92,58,44,230,34,18,15,58,125,355
PANW,Palo Alto Networks,203.07,161,9,4,82,256,16,10,15,58,99,355
FYBR,Frontier Communications,37.4,105,27,94,0,226,-12,26,99,15,128,354
STE,Steris,248.78,35,28,19,196,278,2,21,27,26,76,354
MNST,Monster Beverage,66.53,35,28,31,181,275,47,2,24,5,78,353
ETR,Entergy,88.16,-1,47,81,138,265,-10,-12,94,15,87,352
AMG,Affiliated Managers Group,238.51,126,95,16,23,260,-9,66,15,18,90,350
SGI,Somnigroup International,85.06,-2,89,46,65,198,4,102,15,27,148,346
LITE,Lumentum,163.37,119,87,19,4,229,-3,95,13,11,116,345
LHX,L3Harris,281.84,37,111,17,6,171,38,104,17,15,174,345
CDNS,Cadence Design Systems,347.31,4,0,22,142,168,-7,-14,15,181,175,343
EVR,Evercore,349.67,57,88,12,59,216,62,24,13,27,126,342
CIEN,Ciena,136.47,112,89,14,13,228,70,11,13,17,111,339
HD,Home Depot (The),416.99,0,41,6,181,228,29,54,7,20,110,338
ROL,"Rollins, Inc.",56.16,-18,-3,36,287,302,-18,-11,28,36,35,337
COST,Costco,962.65,0,0,0,181,181,-12,-11,-7,185,155,336
WCC,Wesco International,214.35,-2,88,12,59,157,3,102,13,58,176,333
TLN,Talen Energy,408.38,58,101,44,0,203,72,36,16,3,127,330
AM,Antero Midstream,18.54,8,11,153,24,196,-12,4,83,56,131,327
RBC,RBC Bearings,380.19,0,-4,98,165,259,3,-12,19,58,68,327
CAT,Caterpillar Inc.,450.7,35,88,13,65,201,42,13,13,58,126,327
AU,AngloGold Ashanti,64.52,112,33,81,19,245,-5,42,29,15,81,326
ACM,AECOM,126.91,35,95,21,66,217,-4,24,15,73,108,325
LLY,Lilly (Eli),760.13,52,3,-8,173,220,9,11,-12,97,105,325
PSTG,Pure Storage,85.79,118,19,4,43,184,61,11,11,58,141,325
V,Visa Inc.,346.07,3,0,142,134,279,5,-2,15,27,45,324
RSG,Republic Services,226.3,-27,-35,129,178,245,-19,-60,-6,161,76,321
MPWR,Monolithic Power Systems,876.81,7,89,8,158,262,12,33,15,-3,57,319
MLI,Mueller Industries,98.77,42,61,12,59,174,3,54,13,72,142,316
L,Loews Corporation,96.8,0,89,117,56,262,-12,24,15,25,52,314
LRCX,Lam Research,121.89,59,11,14,153,237,65,3,15,-6,77,314
ITW,Illinois Tool Works,262.49,-2,60,7,179,244,3,24,12,30,69,313
CMI,Cummins,412.26,42,61,10,66,179,39,52,11,31,133,312
GD,General Dynamics,325.24,0,111,13,55,179,-9,66,15,58,130,309
TPR,"Tapestry, Inc.",109.88,40,89,85,22,236,33,6,13,20,72,308
GE,GE Aerospace,289.53,42,100,24,28,194,38,11,35,30,114,308
SNDK,SanDisk,93.98,127,22,0,0,149,126,24,7,0,157,306
JEF,Jefferies Financial Group,66.54,48,65,2,59,174,3,65,6,58,132,306
MCO,Moody's Corporation,512.01,7,89,21,157,274,3,-12,13,26,30,304
ALLE,Allegion,176.71,36,101,14,22,173,35,57,15,23,130,303
SSNC,SS&C Technologies,88.84,7,65,95,15,182,3,90,12,16,121,303
RJF,Raymond James Financial,170.15,13,88,97,59,257,3,11,12,20,46,303
TKO,TKO Group Holdings,201.34,81,27,76,41,225,-9,20,15,51,77,302
CRS,Carpenter Technology Corporation,243.85,0,-18,151,36,169,4,1,76,50,131,300
URI,United Rentals,930.65,-5,89,12,65,161,7,60,13,58,138,299
LOW,Lowe's,267.99,0,41,5,167,213,3,53,6,20,82,295
HEI,HEICO (Common),316.83,-1,0,30,190,219,-5,2,21,58,76,295
BSX,Boston Scientific,98.5,-42,-4,149,145,248,-40,13,15,58,46,294
EXEL,Exelixis,40.45,52,0,69,15,136,70,3,60,25,158,294
SNX,TD Synnex,148.51,-2,89,20,64,171,-11,95,13,22,119,290
T,AT&T,29.54,33,29,75,17,154,-10,31,99,16,136,290
AYI,Acuity Brands,339.72,29,65,9,28,131,33,94,11,21,159,290
ADI,Analog Devices,246.29,0,20,16,180,216,12,20,15,27,74,290
DUK,Duke Energy,121.07,-1,0,81,184,264,-10,-9,27,17,25,289
DTE,DTE Energy,135.12,-2,0,79,190,267,-14,-11,32,14,21,288
TRV,Travelers Companies (The),275.03,0,25,96,59,180,-14,36,29,57,108,288
AXON,Axon Enterprise,751.66,29,-5,150,95,269,-8,-19,15,31,19,288
AWI,Armstrong World Industries,193.97,-2,96,99,22,215,-17,55,15,20,73,288
NFLX,Netflix,1228.62,2,0,121,21,144,9,20,92,21,142,286
ALAB,Astera Labs,249.39,69,87,2,0,158,68,49,10,0,127,285
ABBV,AbbVie,220.8,35,41,22,59,157,7,48,8,65,128,285
CG,Carlyle Group (The),67.6,42,80,13,22,157,5,91,12,19,127,284
OLLI,Ollie's Bargain Outlet,137.04,21,3,120,17,161,30,1,68,24,123,284
AVGO,Broadcom,345.89,0,92,24,117,233,-5,9,15,31,50,283
AME,Ametek,186.26,-2,34,9,107,148,-16,34,15,102,135,283
NVT,Nvent Electric,96.52,60,89,13,13,175,-2,102,13,-6,107,282
HIG,Hartford (The),130.65,-14,31,99,58,174,-14,35,26,57,104,278
RGLD,Royal Gold,188.09,133,19,66,19,237,-5,27,1,17,40,277
RL,Ralph Lauren Corporation,306.14,-6,91,99,35,219,-4,20,15,27,58,277
COF,Capital One,225.52,12,95,99,22,228,-1,15,15,19,48,276
HLI,Houlihan Lokey,204.43,48,91,22,45,206,3,24,15,27,69,275
CBRE,CBRE Group,164.34,0,73,97,23,193,-16,69,13,15,81,274
R,Ryder,184.7,-2,74,16,57,145,-2,60,13,57,128,273
HPE,Hewlett Packard Enterprise,24.76,62,85,6,43,196,-13,22,12,55,76,272
EXPD,Expeditors International,124.91,38,34,6,132,210,30,25,11,-4,62,272
EHC,Encompass Health,124.25,-1,23,148,30,200,-13,26,29,30,72,272
LIN,Linde plc,479.9,3,32,18,111,164,-13,-1,15,107,108,272
J,Jacobs Solutions,147.28,35,87,11,107,240,3,-5,12,20,30,270
EXPE,Expedia Group,225.11,36,62,54,12,164,51,28,11,15,105,269
ATO,Atmos Energy,163.47,-9,29,79,46,145,-9,-3,90,46,124,269
SF,Stifel,114.1,1,79,13,60,153,-12,94,12,21,115,268
RPM,RPM International,123.03,-2,40,5,181,224,-16,49,12,-1,44,268
TTWO,Take-Two Interactive,250.53,99,12,50,14,175,2,19,50,21,92,267
CBOE,Cboe Global Markets,236.96,6,0,149,56,211,-10,-15,27,52,54,265
ORCL,Oracle Corporation,301.41,2,6,16,199,223,-5,3,15,28,41,264
EBAY,eBay,89.95,-28,98,82,15,167,2,-9,87,17,97,264
HEI-A,HEICO (Class A),250.18,-3,0,31,183,211,-4,3,22,31,52,263
LMT,Lockheed Martin,473.06,68,15,-34,166,215,40,17,-9,-3,45,260
AJG,Arthur J. Gallagher & Co.,292.66,-27,0,0,187,160,1,-2,-7,108,100,260
PGR,Progressive Corporation,243.61,-7,-69,-1,178,101,-14,-9,-8,190,159,260
SRE,Sempra,82.68,36,44,5,182,267,-10,-9,13,-2,-8,259
LDOS,Leidos,183.7,42,101,7,24,174,-12,58,18,20,84,258
BR,Broadridge Financial Solutions,245.19,-19,-3,119,146,243,-15,-11,15,26,15,258
CHD,Church & Dwight,91.97,-28,-37,-21,345,259,-21,13,-19,26,-1,258
ETN,Eaton Corporation,363.3,42,0,13,115,170,-5,6,13,73,87,257
ICE,Intercontinental Exchange,172.22,-21,-13,117,162,245,-18,-19,27,22,12,257
WMB,Williams Companies,59.03,7,0,117,53,177,1,5,15,58,79,256
WM,"Waste Management, Inc.",215.66,-63,-18,0,188,107,-19,-24,32,160,149,256
PTC,PTC Inc.,204.04,-49,88,11,183,233,-11,-5,12,27,23,256
AAON,AAON,80.5,-2,0,-18,246,226,8,18,-30,32,28,254
COR,Cencora,288.99,-16,12,49,76,121,-19,21,60,69,131,252
DOCS,Doximity,72.68,64,59,59,0,182,28,24,5,13,70,252
PCAR,Paccar,100.86,35,10,-27,160,178,33,1,2,35,71,249
IRM,Iron Mountain,99.48,50,3,1,58,112,63,2,15,57,137,249
ANET,Arista Networks,142.83,-9,74,12,59,136,-25,70,11,57,113,249
BRK-B,Berkshire Hathaway,492.49,-1,15,129,63,206,2,23,-10,27,42,248
ULTA,Ulta Beauty,528.86,13,99,17,5,134,5,102,17,-10,114,248
SPOT,Spotify,707.19,2,3,117,13,135,-5,-5,100,21,111,246
DRS,Leonardo DRS,41.58,27,-21,144,59,209,-4,-4,15,30,37,246
ESI,Element Solutions,26.38,63,61,2,58,184,27,25,12,-2,62,246
AMAT,Applied Materials,178.1,58,0,0,150,208,63,-34,13,-6,36,244
TOL,Toll Brothers,140.16,-2,73,5,62,138,3,66,9,27,105,243
PHM,PulteGroup,134.1,-2,62,6,66,132,3,66,11,30,110,242
KMI,Kinder Morgan,27.57,42,0,97,45,184,-13,5,13,53,58,242
NTAP,Netapp,123.91,126,32,3,58,219,-11,24,12,-2,23,242
DASH,DoorDash,259.14,2,88,102,0,192,12,3,15,19,49,241
BPOP,"Popular, Inc.",125.02,0,96,22,60,178,4,24,15,20,63,241
CW,Curtiss-Wright,498.5,0,97,24,55,176,-5,5,15,50,65,241
FWONA,Liberty Formula 1 (Series A),92.46,10,2,74,63,149,5,16,14,57,92,241
AXS,AXIS Capital,94.92,-18,-2,91,46,117,-16,-2,87,54,123,240
SCI,Service Corporation International,79.74,35,5,2,176,218,3,-8,13,14,22,240
PM,Philip Morris International,166.32,0,-3,75,56,128,2,-9,90,28,111,239
MSFT,Microsoft,509.91,28,0,21,174,223,-3,-22,15,26,16,239
FFIV,"F5, Inc.",323.58,0,88,99,15,202,2,2,15,18,37,239
FERG,Ferguson Enterprises,224.55,0,2,16,66,84,12,102,15,26,155,239
SOFI,SoFi,27.15,58,81,51,0,190,-2,25,13,12,48,238
VRSN,Verisign,287.68,105,3,41,10,159,4,10,57,8,79,238
INSM,Insmed,144.75,0,69,69,17,155,7,39,15,21,82,237
PPL,PPL Corporation,35.61,-5,47,81,24,147,-10,-8,93,15,90,237
FWONK,Liberty Formula 1 (Series C),102.02,9,2,75,58,144,5,16,15,57,93,237
HHH,Howard Hughes Holdings,82.27,126,29,3,1,159,34,24,4,15,77,236
DGX,Quest Diagnostics,182.3,0,28,73,19,120,1,26,73,15,115,235
GRMN,Garmin,234.07,-2,62,117,20,197,-19,23,11,22,37,234
CACI,CACI,495.79,44,7,7,155,213,3,1,19,-2,21,234
WPC,W. P. Carey,67.96,0,86,34,3,123,-8,78,31,6,107,230
NFG,National Fuel Gas,87.99,38,6,65,53,162,-11,-9,76,11,67,229
MEDP,Medpace,497.81,36,63,9,33,141,3,73,9,3,88,229
NEU,NewMarket,830.54,-1,111,24,30,164,-15,25,27,28,65,229
CINF,Cincinnati Financial,154.45,0,32,90,63,185,-10,23,15,16,44,229
SCCO,Southern Copper,106.83,83,11,3,63,160,32,24,15,-3,68,228
BRX,Brixmor Property Group,27.82,-2,71,5,56,130,31,24,15,27,97,227
HOOD,Robinhood Markets,118.58,2,91,86,0,179,5,8,15,19,47,226
TSLA,"Tesla, Inc.",425.59,63,28,3,11,105,65,34,9,11,119,224
NWS,News Corp (Class B),33.14,7,-7,117,59,176,21,-11,15,22,47,223
OMF,OneMain Financial,60.52,-2,89,22,61,170,-13,24,15,27,53,223
EVRG,Evergy,71.76,0,70,63,15,148,-10,-8,82,11,75,223
SYY,Sysco,82.46,8,76,12,4,100,6,89,12,15,122,222
MU,Micron Technology,159.97,70,15,3,23,111,70,24,15,1,110,221
META,Meta Platforms,775.48,22,89,22,30,163,19,2,13,24,58,221
SPGI,S&P Global,544.12,0,1,21,173,195,2,-12,13,22,25,220
BKNG,Booking Holdings,5550.67,5,1,141,36,183,1,-6,15,27,37,220
OZK,Bank OZK,52.0,-2,89,22,57,166,3,17,13,20,53,219
CME,CME Group,262.42,0,-23,59,137,173,-12,-18,55,20,45,218
SSD,Simpson Manufacturing Company,182.48,-28,41,6,157,176,-22,54,11,-2,41,217
PNR,Pentair,109.46,0,89,14,63,166,-14,26,13,25,50,216
DCI,Donaldson Company,80.67,0,41,7,66,114,7,48,15,31,101,215
BWXT,BWX Technologies,168.37,42,87,18,36,183,-2,-13,15,32,32,215
EME,Emcor,616.88,-14,89,22,59,156,-21,8,13,58,58,214
CHRW,C.H. Robinson,135.13,35,57,8,5,105,38,50,11,9,108,213
MMC,Marsh McLennan,197.47,-22,-70,-8,176,76,-18,-8,-16,179,137,213
PG,Procter & Gamble,160.34,7,1,-11,180,177,7,21,-19,27,36,213
ALNY,Alnylam Pharmaceuticals,451.96,-18,88,22,16,108,-22,96,15,16,105,213
UNP,Union Pacific Corporation,217.18,1,-17,-11,199,172,30,-9,-1,20,40,212
INTU,Intuit,662.51,0,-20,22,192,194,7,-26,15,21,17,211
VMI,Valmont Industries,372.67,-2,79,67,59,203,-19,3,12,11,7,210
GM,General Motors,58.76,35,71,12,12,130,-9,63,12,14,80,210
NU,Nubank,15.98,58,20,6,0,84,75,15,15,20,125,209
CMA,Comerica,69.61,7,63,12,5,87,3,94,12,13,122,209
PH,Parker Hannifin,738.35,-14,90,22,66,164,-22,21,15,31,45,209
DBX,Dropbox,31.7,77,15,4,10,106,69,20,5,9,103,209
SHW,Sherwin-Williams,350.22,-28,32,0,191,195,-20,-2,15,20,13,208
KKR,KKR & Co. Inc.,144.44,42,0,2,104,148,51,-25,11,22,59,207
MLM,Martin Marietta Materials,609.73,-2,44,11,61,114,1,49,15,28,93,207
AXP,American Express,335.99,10,18,22,100,150,4,18,13,22,57,207
CNP,Centerpoint Energy,38.15,6,43,54,46,149,-8,1,48,16,57,206
USFD,US Foods,78.81,1,-13,148,36,172,-10,2,15,27,34,206
AN,AutoNation,220.72,-2,26,22,62,108,2,22,15,58,97,205
FNB,FNB Corporation,16.26,-2,89,6,56,149,3,19,14,20,56,205
NDAQ,"Nasdaq, Inc.",93.09,-18,0,81,145,208,-20,-13,15,15,-3,205
ROIV,Roivant Sciences,15.27,107,26,6,0,139,7,42,15,1,65,204
MDT,Medtronic,94.58,35,56,16,2,109,3,70,8,14,95,204
HCA,HCA Healthcare,399.35,-2,28,8,98,132,-7,28,21,30,72,204
ALL,Allstate,197.22,-62,-3,102,160,197,-19,-9,16,18,6,203
UNM,Unum,75.09,79,0,3,41,123,1,9,15,55,80,203
WEC,WEC Energy Group,109.26,3,45,60,14,122,-6,2,73,12,81,203
EPR,EPR Properties,56.65,46,5,62,30,143,-5,8,35,22,60,203
CPNG,Coupang,33.54,61,8,22,0,91,70,8,15,18,111,202
VNT,Vontier,42.58,-2,89,10,0,97,2,96,13,-6,105,202
GL,Globe Life,142.73,35,41,50,15,141,3,40,9,9,61,202
AIZ,Assurant,209.61,-2,30,6,153,187,-12,-1,7,20,14,201
FHN,First Horizon Corporation,22.68,3,89,57,5,154,3,18,13,11,45,199
NTRS,Northern Trust,129.4,13,89,21,12,135,3,31,15,14,63,198
BLK,BlackRock,1131.7,35,88,22,23,168,2,-9,15,22,30,198
CRH,CRH plc,111.26,-2,43,12,65,118,-10,52,9,28,79,197
LLYVA,Liberty Live (Series A),96.82,0,102,35,0,137,-19,63,15,1,60,197
ADT,ADT Inc.,8.61,-2,109,36,0,143,-9,24,30,9,54,197
AON,AON,358.08,-18,-2,0,178,158,-14,-6,2,57,39,197
JHG,Janus Henderson,44.53,0,74,11,20,105,3,58,12,19,92,197
DRI,Darden Restaurants,208.87,-2,0,49,62,109,-14,18,53,31,88,197
IBKR,Interactive Brokers,62.32,-1,0,99,58,156,-14,-16,13,58,41,197
WFC,Wells Fargo,82.47,12,5,97,30,144,4,13,15,20,52,196
U,Unity Technologies,45.6,22,78,11,0,111,17,52,15,1,85,196
AFL,Aflac,109.23,35,25,6,59,125,2,24,-13,56,69,194
NI,NiSource,39.63,-14,-3,79,46,108,-14,-10,94,15,85,193
CELH,Celsius Holdings,56.35,-17,128,0,66,177,4,-1,23,-10,16,193
GGG,Graco Inc.,84.8,-2,0,0,179,177,3,-1,15,-1,16,193
IDA,Idacorp,125.38,28,58,61,19,166,-8,-8,31,11,26,192
JLL,Jones Lang LaSalle,316.98,8,63,9,15,95,5,68,9,15,97,192
LLYVK,Liberty Live (Series C),99.68,0,95,35,0,130,-19,65,15,1,62,192
XEL,Xcel Energy,72.04,-2,45,56,13,112,-11,14,64,10,77,189
KEYS,Keysight,172.91,69,11,3,1,84,74,11,13,6,104,188
ZG,Zillow (Class A),86.72,11,62,59,0,132,7,18,8,21,54,186
TPG,TPG Inc.,62.64,36,72,7,0,115,48,-7,9,20,70,185
VMC,Vulcan Materials,292.05,-2,41,11,61,111,-19,49,15,28,73,184
XOM,ExxonMobil,115.27,33,8,2,45,88,14,17,14,51,96,184
OGE,OGE Energy,44.11,7,-9,73,46,117,-10,-12,73,15,66,183
SPG,Simon Property Group,181.62,0,58,6,36,100,-9,57,13,22,83,183
TDY,Teledyne Technologies,550.88,-2,88,57,15,158,-10,3,15,16,24,182
PAG,Penske Automotive Group,177.86,-32,31,20,63,82,2,25,15,58,100,182
XYL,Xylem Inc.,140.96,23,89,13,23,148,3,-8,15,23,33,181
FICO,Fair Isaac,1552.44,0,0,-11,167,156,13,13,-33,32,25,181
THG,Hanover Insurance,174.9,-16,28,66,25,103,-16,20,58,15,77,180
AFRM,Affirm Holdings,90.39,11,71,17,0,99,18,32,13,18,81,180
MAS,Masco,72.49,-2,55,-2,66,117,-20,55,6,22,63,180
TSCO,Tractor Supply Company,59.09,-1,5,12,86,102,-12,-6,9,86,77,179
FTI,TechnipFMC,39.23,-1,89,22,28,138,-23,11,15,38,41,179
NOW,ServiceNow,950.19,59,0,0,83,142,-8,8,13,23,36,178
KRMN,Karman Holdings,64.1,63,26,0,0,89,65,17,7,0,89,178
MP,MP Materials,66.82,7,72,37,0,116,21,-14,50,5,62,178
RF,Regions Financial Corporation,26.93,-2,88,12,23,121,3,25,13,15,56,177
AGNC,AGNC Investment,10.22,0,74,16,17,107,-33,72,13,18,70,177
LFUS,Littelfuse,260.28,-2,89,8,3,98,-19,94,13,-9,79,177
SYF,Synchrony Financial,74.82,-2,89,22,22,131,-11,24,13,19,45,176
TDG,TransDigm Group,1276.17,-2,-25,2,158,133,-5,-26,15,58,42,175
NVR,"NVR, Inc.",8152.96,-20,58,-1,66,103,-20,54,8,30,72,175
CLH,Clean Harbors,236.36,0,41,6,59,106,3,-8,15,58,68,174
MO,Altria,65.51,-21,42,75,46,142,-14,-2,31,17,32,174
CVNA,Carvana,377.95,7,1,97,12,117,16,9,15,17,57,174
MTZ,MasTec,193.46,42,6,24,19,91,42,11,15,14,82,173
LNG,Cheniere Energy,235.45,-6,2,65,59,120,-18,-1,15,57,53,173
ARES,Ares Management,178.94,-1,0,22,60,81,-14,-16,15,107,92,173
SNA,Snap-on,331.36,35,10,3,60,108,-5,4,8,58,65,173
CAH,Cardinal Health,148.69,-11,-19,60,39,69,-16,8,53,58,103,172
CTAS,Cintas,199.94,-164,-23,0,168,-19,2,-18,18,188,190,171
HII,Huntington Ingalls Industries,272.49,0,128,13,7,148,4,8,21,-10,23,171
VIK,Viking Holdings,61.93,-18,89,0,0,71,-19,104,15,0,100,171
BWA,BorgWarner,44.18,8,91,13,3,115,2,55,15,-17,55,170
MUSA,Murphy USA,398.24,38,2,-18,69,91,30,2,-34,80,78,169
SEB,Seaboard Corporation,3891.2,-1,63,10,2,74,5,75,13,1,94,168
NVDA,Nvidia,170.21,-7,0,19,135,147,-6,-15,15,27,21,168
WSM,"Williams-Sonoma, Inc.",198.04,0,55,13,66,134,2,3,7,22,34,168
FLEX,Flex Ltd.,56.45,0,18,23,59,100,-16,11,15,58,68,168
LH,Labcorp,276.14,7,39,60,16,122,-12,26,13,19,46,168
PRI,Primerica,271.21,0,11,0,109,120,-14,18,13,31,48,168
WBS,Webster Bank,60.66,-2,89,13,15,115,3,18,13,18,52,167
EQH,Equitable Holdings,53.55,3,10,97,12,122,-11,21,15,20,45,167
NOC,Northrop Grumman,577.24,-1,56,15,59,129,11,-8,22,13,38,167
NET,Cloudflare,213.88,-1,89,44,0,132,-11,11,15,20,35,167
CSL,Carlisle Companies,334.06,-28,-4,-2,179,145,-25,11,15,21,22,167
FOX,Fox Corporation (Class B),53.56,0,25,72,2,99,24,21,12,10,67,166
UTHR,United Therapeutics,403.58,5,25,3,58,91,-14,25,3,60,74,165
DKS,Dick's Sporting Goods,222.85,0,55,2,64,121,2,3,5,34,44,165
ATI,ATI Inc.,78.48,17,-20,21,44,62,27,8,15,53,103,165
MSGS,Madison Square Garden Sports,219.65,56,7,2,22,87,56,14,8,-1,77,164
DHI,D. R. Horton,169.92,-21,62,6,66,113,-21,66,9,-3,51,164
SEIC,SEI Investments Company,86.63,-2,-9,97,36,122,6,-6,15,27,42,164
FSLR,First Solar,210.71,18,54,0,63,135,12,9,15,-7,29,164
APO,Apollo Global Management,138.83,36,-21,-6,98,107,50,-33,11,27,55,162
KR,Kroger,66.93,-14,-15,84,68,123,-14,-18,55,16,39,162
CVX,Chevron Corporation,160.1,21,51,12,49,133,14,1,6,7,28,161
AFG,American Financial Group,139.18,11,30,6,57,104,3,30,9,15,57,161
ADM,Archer Daniels Midland,61.24,0,90,7,0,97,4,66,15,-21,64,161
LYFT,Lyft,22.88,79,23,6,-2,106,21,18,15,1,55,161
GTES,Gates Corporation,25.2,-2,89,22,16,125,-17,18,15,19,35,160
NWSA,News Corp (Class A),30.24,21,3,14,59,97,24,2,15,22,63,160
RS,"Reliance, Inc.",288.3,-28,-33,-1,116,54,3,10,15,78,106,160
MKSI,MKS Instruments,119.44,58,10,2,0,70,63,21,11,-6,89,159
MCK,McKesson Corporation,692.02,-10,0,47,59,96,-20,17,-2,68,63,159
NLY,Annaly Capital Management,21.92,0,71,23,11,105,-33,57,13,17,54,159
CFG,Citizens Financial Group,52.31,7,77,13,5,102,4,24,12,15,55,157
D,Dominion Energy,59.63,36,87,19,2,144,-6,-8,15,11,12,156
DE,Deere & Company,469.12,-28,-19,54,110,117,10,-32,50,11,39,156
DINO,HF Sinclair,52.63,14,91,5,2,112,16,21,15,-9,43,155
PNC,PNC Financial Services,203.77,3,79,7,15,104,4,20,12,15,51,155
UI,Ubiquiti,608.33,3,18,57,11,89,-13,53,15,11,66,155
LPLA,LPL Financial,336.05,-18,-14,50,100,118,-12,-25,15,58,36,154
IVZ,Invesco,22.17,0,65,12,3,80,-13,61,12,14,74,154
JCI,Johnson Controls,107.42,0,6,80,20,106,3,11,15,19,48,154
PWR,Quanta Services,375.83,-10,-2,22,100,110,-19,-25,15,73,44,154
GWRE,Guidewire Software,246.79,0,9,115,22,146,-38,9,15,21,7,153
SHC,Sotera Health,16.26,35,28,6,0,69,56,28,7,-7,84,153
BAC,Bank of America,51.4,36,22,22,19,99,5,19,15,15,54,153
RDDT,Reddit,266.65,5,64,2,0,71,42,33,7,0,82,153
CRWD,CrowdStrike,445.51,35,-29,50,0,56,59,1,15,21,96,152
LAZ,Lazard,55.67,-2,72,7,21,98,3,24,12,14,53,151
MSA,MSA Safety,169.13,-2,-2,0,165,161,3,-22,15,-6,-10,151
GWW,W. W. Grainger,998.57,0,0,-8,95,87,-5,17,-6,58,64,151
F,Ford Motor Company,11.66,7,103,7,0,117,1,23,15,-6,33,150
FITB,Fifth Third Bancorp,45.92,3,65,5,23,96,3,22,12,17,54,150
DTM,DT Midstream,107.46,3,7,108,0,118,-16,6,15,26,31,149
VTR,"Ventas, Inc.",67.36,-2,45,77,23,143,-11,-9,9,16,5,148
RCL,Royal Caribbean Group,323.34,-47,1,126,29,109,-21,17,15,28,39,148
IDXX,Idexx Laboratories,641.34,10,96,19,5,130,19,-7,15,-9,18,148
AMKR,Amkor Technology,26.61,59,74,0,3,136,-1,10,9,-6,12,148
FOXA,Fox Corporation (Class A),59.22,7,25,73,2,107,-8,21,13,15,41,148
STT,State Street Corporation,111.6,-1,91,22,17,129,-11,-1,14,15,17,146
Z,Zillow (Class C),90.35,13,62,16,0,91,7,18,9,21,55,146
BKR,Baker Hughes,46.47,0,43,9,36,88,10,12,9,27,58,146
VST,Vistra Corp.,208.31,49,6,24,31,110,-4,-20,13,46,35,145
LEN,Lennar (Class A),132.96,-22,45,-2,65,86,3,54,6,-4,59,145
LEN-B,Lennar (Class B),127.0,-21,41,0,63,83,3,55,6,-2,62,145
VVV,Valvoline,40.57,45,30,0,32,107,5,24,12,-5,36,143
LAMR,Lamar Advertising,126.61,-2,18,6,65,87,1,18,13,22,54,141
FIVE,Five Below,148.45,9,91,5,0,105,14,22,16,-16,36,141
JNJ,Johnson & Johnson,177.2,7,55,13,8,83,-12,53,10,7,58,141
NXST,Nexstar Media Group,206.12,9,88,14,5,116,3,-2,12,11,24,140
PEGA,Pegasystems,58.51,69,9,24,6,108,-5,8,13,16,32,140
MAR,Marriott International,261.89,-2,-1,0,59,56,27,17,12,28,84,140
MTG,MGIC Investment Corporation,28.0,-16,26,24,56,90,-20,26,15,29,50,140
XPO,"XPO, Inc.",129.99,0,8,0,62,70,12,17,12,28,69,139
ALLY,Ally Financial,43.96,30,18,7,5,60,29,19,13,17,78,138
WYNN,Wynn Resorts,123.29,0,91,13,4,108,5,19,15,-9,30,138
ELAN,Elanco,18.43,0,92,7,0,99,7,24,14,-7,38,137
CRUS,Cirrus Logic,119.16,28,26,3,20,77,28,21,15,-4,60,137
MMM,3M,155.16,-2,10,79,15,102,-18,23,15,15,35,137
PEG,Public Service Enterprise Group,80.42,-3,-11,0,153,139,-10,-19,9,18,-2,137
SSB,SouthState Corporation,101.3,-2,60,5,23,86,3,18,9,20,50,136
PKG,Packaging Corporation of America,212.09,-2,19,0,62,79,3,19,8,27,57,136
FLS,Flowserve,56.28,0,60,3,28,91,2,9,8,26,45,136
EXP,Eagle Materials,230.15,-2,40,-20,58,76,4,52,5,-1,60,136
RRC,Range Resources,35.55,40,-40,0,43,43,33,7,-3,56,93,136
MRP,Millrose Properties,34.16,-1,78,0,0,77,-5,56,8,0,59,136
BOKF,BOK Financial Corporation,110.13,-2,58,5,23,84,3,24,9,15,51,135
AMGN,Amgen,274.61,-28,-10,-3,166,125,-19,-11,3,37,10,135
TT,Trane Technologies,398.8,-28,-15,21,165,143,-25,-28,15,30,-8,135
BXP,"BXP, Inc.",76.45,35,15,3,1,54,33,16,15,14,78,132
QCOM,Qualcomm,165.2,36,16,0,23,75,32,18,13,-6,57,132
XP,XP Inc.,19.95,63,6,4,0,73,34,12,21,-9,58,131
HON,Honeywell,211.63,-6,-24,0,179,149,-20,-36,15,23,-18,131
FE,FirstEnergy,43.43,7,42,11,56,116,-8,-7,15,15,15,131
JBL,Jabil,213.66,1,0,24,66,91,-11,-23,16,58,40,131
AL,Air Lease Corporation,63.56,-7,19,22,23,57,9,22,15,27,73,130
WSO,Watsco,388.1,-40,-33,-8,197,116,6,-31,-33,72,14,130
TXT,Textron,82.76,21,5,0,54,80,27,13,15,-6,49,129
ZION,Zions Bancorporation,57.52,0,71,5,5,81,3,17,12,16,48,129
GNTX,Gentex,29.05,16,54,0,2,72,5,52,9,-9,57,129
TFC,Truist Financial,45.37,0,63,6,5,74,4,24,12,15,55,129
LNC,Lincoln Financial,39.37,-20,58,23,2,63,-15,58,13,9,65,128
W,Wayfair,86.36,0,89,9,-42,56,3,95,15,-41,72,128
UAL,United Airlines Holdings,105.52,-6,62,6,12,74,1,26,9,17,53,127
RITM,Rithm Capital,12.45,-1,1,22,33,55,-26,56,15,27,72,127
TEM,Tempus AI,86.49,67,26,0,0,93,1,24,8,0,33,126
AEE,Ameren,98.98,-5,0,61,14,70,-10,-11,66,11,56,126
COKE,Coca-Cola Consolidated,118.58,-11,18,0,87,94,-15,13,-20,53,31,125
MKL,Markel,1926.69,-2,-3,73,56,124,-14,-25,13,27,1,125
AMZN,Amazon,231.64,0,11,22,22,55,15,21,12,21,69,124
ECG,Everus Construction Group,78.94,36,87,0,0,123,5,-16,12,0,1,124
AMD,Advanced Micro Devices,159.09,20,0,3,111,134,-2,-15,15,-8,-10,124
ELF,e.l.f. Beauty,145.99,21,15,1,32,69,28,20,13,-6,55,124
OHI,Omega Healthcare Investors,41.63,-18,48,11,41,82,-41,40,10,32,41,123
THC,Tenet Healthcare,183.45,-18,26,19,58,85,-23,23,13,25,38,123
ROKU,"Roku, Inc.",98.34,10,70,15,-20,75,14,18,10,5,47,122
STWD,Starwood Property Trust,20.28,-2,11,23,59,91,-25,19,15,22,31,122
ROST,Ross Stores,146.64,-28,32,5,36,45,1,41,4,30,76,121
CCL,Carnival Corporation & plc,31.19,-22,88,22,2,90,-20,18,13,20,31,121
STLD,Steel Dynamics,136.78,14,3,5,56,78,12,17,15,-1,43,121
NTRA,Natera,175.47,15,20,6,19,60,12,24,5,20,61,121
HALO,Halozyme,75.82,0,36,12,20,68,-15,47,6,15,53,121
FRHC,Freedom Holding,168.73,0,0,59,15,74,20,-19,15,31,47,121
GLPI,Gaming and Leisure Properties,47.39,-18,18,5,66,71,-14,18,-13,58,49,120
TER,Teradyne,114.32,-48,60,0,3,15,12,90,8,-6,104,119
VLO,Valero Energy,163.67,14,18,5,45,82,12,17,14,-6,37,119
CPRT,Copart,46.61,-20,-2,-18,177,137,-19,-1,-28,29,-19,118
CORT,Corcept Therapeutics,75.19,7,1,69,20,97,4,-7,-16,39,20,117
EA,Electronic Arts,173.59,29,35,9,8,81,-1,-6,21,22,36,117
MPC,Marathon Petroleum,184.69,14,15,4,50,83,12,15,15,-9,33,116
RKT,Rocket Companies,21.18,0,45,9,0,54,4,42,14,2,62,116
INCY,Incyte,84.8,-28,75,8,0,55,3,39,11,8,61,116
LECO,Lincoln Electric,234.26,-32,88,12,66,134,-21,-3,13,-8,-19,115
MTSI,MACOM Technology Solutions,131.92,0,1,4,59,64,2,5,13,30,50,114
BAM,Brookfield Asset Management,58.69,12,0,70,0,82,27,-19,15,9,32,114
MSM,MSC Industrial Direct,91.28,-2,18,12,59,87,2,20,15,-10,27,114
SYK,Stryker Corporation,376.76,-42,-4,0,160,114,-42,-1,13,30,0,114
HR,Healthcare Realty Trust,17.96,-1,57,7,1,64,-30,63,7,10,50,114
ABT,Abbott Laboratories,134.17,15,18,61,14,108,5,-6,-9,15,5,113
FCX,Freeport-McMoRan,45.11,-1,12,3,59,73,15,17,15,-7,40,113
TNL,Travel + Leisure Co.,61.09,-28,79,14,17,82,-21,24,12,15,30,112
PSX,Phillips 66,133.18,14,18,0,42,74,12,18,14,-6,38,112
EOG,EOG Resources,119.89,0,2,-3,46,45,9,-2,8,52,67,112
SNPS,Synopsys,425.38,-42,-6,-2,181,131,-10,-18,13,-6,-21,110
AEP,American Electric Power,107.51,-14,0,78,24,88,-12,-10,28,15,21,109
PFG,Principal Financial Group,80.84,0,18,0,56,74,-9,13,12,19,35,109
OTIS,Otis Worldwide,89.69,47,0,-9,0,38,61,1,-19,27,70,108
WTFC,Wintrust Financial,134.0,-37,26,14,50,53,3,18,13,20,54,107
KO,Coca-Cola Company (The),67.04,-69,-18,33,183,129,-23,-11,-3,15,-22,107
KEY,Keycorp,18.72,-20,89,13,5,87,-26,18,13,14,19,106
HBAN,Huntington Bancshares,17.54,-2,18,14,22,52,3,18,15,17,53,105
ADP,Automatic Data Processing,289.11,-113,-12,0,181,56,1,-25,15,58,49,105
MET,Metlife,78.69,-14,20,0,59,65,-12,20,13,19,40,105
HLT,Hilton Worldwide,266.32,-22,0,21,65,64,-19,19,13,27,40,104
DECK,Deckers Brands,118.72,0,15,-29,94,80,5,12,-25,32,24,104
FAF,First American Financial Corporation,66.83,0,38,7,15,60,-12,35,2,19,44,104
EFX,Equifax,262.44,36,5,1,17,59,5,5,15,19,44,103
EMR,Emerson Electric,131.06,-14,-2,21,65,70,-14,5,15,27,33,103
RBLX,Roblox Corporation,135.44,2,7,58,0,67,-7,8,21,12,34,101
MRVL,Marvell Technology,70.98,14,-13,-26,107,82,16,-21,5,19,19,101
FNF,Fidelity National Financial,58.74,-14,26,0,59,71,-14,38,-16,22,30,101
DAL,Delta Air Lines,58.83,-48,61,6,20,39,1,26,7,27,61,100
VLTO,Veralto,106.75,-1,89,7,0,95,-11,2,14,0,5,100
TTEK,Tetra Tech,36.11,24,-1,-34,120,109,7,-25,11,-2,-9,100
AOS,A. O. Smith,73.15,0,11,0,59,70,7,13,15,-6,29,99
IONS,Ionis Pharmaceuticals,61.17,0,92,6,1,99,-21,17,15,-11,0,99
PODD,Insulet,322.35,-13,26,50,5,68,-16,21,19,7,31,99
VZ,Verizon,44.19,8,29,35,11,83,4,-9,5,15,15,98
WTW,Willis Towers Watson,332.22,-1,34,13,25,71,-13,5,5,30,27,98
WBD,Warner Bros. Discovery,18.01,60,5,17,0,82,-3,5,13,1,16,98
LNT,Alliant Energy,63.85,-2,0,73,15,86,-10,-8,15,14,11,97
O,Realty Income,59.72,0,33,15,8,56,-11,23,15,14,41,97
MTB,M&T Bank,198.56,0,18,6,23,47,4,18,13,15,50,97
MTCH,Match Group,37.6,-2,73,9,-38,42,3,81,10,-39,55,97
CSCO,Cisco,67.72,2,0,53,15,70,3,-18,15,26,26,96
VICI,Vici Properties,32.57,-56,0,63,16,23,-26,12,28,58,72,95
NYT,New York Times Company,58.49,7,30,7,17,61,2,-5,15,22,34,95
GPC,Genuine Parts Company,139.23,-1,42,6,0,47,1,49,15,-18,47,94
USB,U.S. Bancorp,49.63,7,22,5,5,39,4,23,12,16,55,94
GILD,Gilead Sciences,112.27,-21,0,56,36,71,-20,-11,13,40,22,93
HSY,Hershey Company (The),191.16,14,55,9,0,78,17,9,9,-20,15,93
THO,Thor Industries,104.01,-42,73,6,3,40,-46,95,11,-7,53,93
H,Hyatt Hotels,140.99,-24,0,-1,56,31,-19,14,11,56,62,93
WAL,Western Alliance Bancorporation,88.9,-1,26,5,5,35,3,24,12,19,58,93
NSC,Norfolk Southern,278.0,17,3,16,5,41,30,-9,15,15,51,92
CB,Chubb Limited,271.99,-17,0,0,59,42,-19,21,-9,57,50,92
EWBC,East West Bancorp,107.52,-1,18,14,23,54,-14,18,14,20,38,92
BLD,TopBuild,413.01,-32,63,7,47,85,3,-3,11,-4,7,92
TRMB,Trimble Inc.,79.64,-4,0,84,5,85,-20,1,13,13,7,92
DLR,Digital Realty,171.15,42,-1,2,23,66,-12,2,15,20,25,91
AMP,Ameriprise Financial,486.15,-20,-13,0,65,32,-17,-9,13,72,59,91
MSCI,MSCI,579.0,7,8,0,15,30,3,25,12,21,61,91
AIT,Applied Industrial Technologies,259.83,-16,0,12,59,55,-19,-15,11,58,35,90
M,"Macy's, Inc.",17.43,21,55,3,-16,63,12,18,4,-7,27,90
DELL,Dell Technologies,130.34,21,0,0,33,54,39,-13,15,-5,36,90
TMUS,T-Mobile US,239.36,-58,0,0,140,82,-12,-4,-13,36,7,89
RKLB,Rocket Lab,48.06,0,9,54,0,63,-9,11,15,9,26,89
STAG,STAG Industrial,35.39,-45,18,0,97,70,-12,21,15,-5,19,89
SLM,Sallie Mae,28.09,-56,-23,95,23,39,1,-23,49,22,49,88
NCLH,Norwegian Cruise Line Holdings,25.4,-2,60,5,0,63,-13,9,8,21,25,88
DD,DuPont,76.78,0,60,-8,20,72,-11,18,12,-4,15,87
APA,APA Corporation,24.16,21,29,0,-13,37,33,27,10,-20,50,87
BYD,Boyd Gaming,82.86,-44,0,53,60,69,-23,-2,15,28,18,87
INFA,Informatica,24.81,0,80,0,0,80,3,-2,13,-8,6,86
PCOR,Procore,72.6,21,3,0,0,24,27,9,5,20,61,85
MHK,Mohawk Industries,131.29,-7,51,0,0,44,-19,55,7,-2,41,85
MPW,Medical Properties Trust,4.93,81,9,2,-37,55,63,15,-12,-36,30,85
PLD,Prologis,113.9,35,18,4,0,57,2,17,15,-6,28,85
FHB,"First Hawaiian, Inc.",25.38,-2,18,5,15,36,3,18,12,15,48,84
VRTX,Vertex Pharmaceuticals,387.15,-5,-31,-7,105,62,-11,6,-11,38,22,84
CHWY,Chewy,38.22,0,0,46,0,46,16,22,-6,6,38,84
TOST,"Toast, Inc.",40.65,0,-12,82,0,70,3,-22,15,18,14,84
FTNT,Fortinet,80.31,8,-33,-7,114,82,-10,4,-7,14,1,83
HUBS,HubSpot,507.44,63,0,-15,12,60,18,8,-23,20,23,83
NBIX,Neurocrine Biosciences,142.71,0,26,5,26,57,1,18,12,-5,26,83
FR,First Industrial Realty Trust,51.73,-1,21,0,15,35,2,17,13,15,47,82
WMS,Advanced Drainage Systems,140.8,0,31,0,4,35,7,29,15,-4,47,82
HXL,Hexcel,62.07,-9,61,-2,0,50,7,26,9,-10,32,82
NUE,Nucor,142.79,-2,66,0,4,68,12,-1,12,-9,14,82
CVS,CVS Health,74.02,34,24,15,0,73,4,28,5,-29,8,81
BEPC,Brookfield Renewable Partners,33.94,35,0,15,0,50,-2,7,15,11,31,81
CMS,CMS Energy,70.35,-14,-2,81,24,89,-12,-14,3,15,-8,81
CXT,Crane NXT,56.84,-20,-1,-1,56,34,-19,-2,11,57,47,81
CNM,Core & Main,49.1,-49,-7,-2,0,-58,-5,102,15,25,137,79
ONTO,Onto Innovation,115.97,40,18,-31,0,27,61,21,-26,-5,51,78
TFSL,Third Federal S&L,13.17,-2,22,8,6,34,-15,24,15,20,44,78
VRT,Vertiv,136.87,42,0,14,9,65,-7,-20,12,27,12,77
GXO,GXO Logistics,50.5,-2,89,6,0,93,-17,-4,14,-9,-16,77
LAD,Lithia Motors,333.62,-2,16,0,15,29,2,18,6,22,48,77
ADSK,Autodesk,319.26,-6,13,4,15,26,2,13,15,20,50,76
OSK,Oshkosh Corporation,133.78,-24,88,16,5,85,-21,-4,13,3,-9,76
ZM,Zoom Communications,86.31,13,15,5,-1,32,16,17,5,5,43,75
SMCI,Supermicro,44.9,44,-13,0,59,90,-17,2,10,-10,-15,75
PK,Park Hotels & Resorts,12.0,23,26,-31,0,18,36,18,8,-6,56,74
CEG,Constellation Energy,321.25,42,0,21,0,63,-5,-20,15,20,10,73
BLDR,Builders FirstSource,129.33,-21,55,-33,66,67,-21,25,5,-4,5,72
KIM,Kimco Realty,21.96,-41,26,4,56,45,-19,18,13,15,27,72
UBER,Uber,92.97,0,8,23,0,31,-5,-4,21,27,39,70
ROP,Roper Technologies,509.59,-48,-33,-7,183,95,3,-50,-6,27,-26,69
SEE,Sealed Air,33.78,69,19,0,-25,63,3,22,13,-33,5,68
SNV,Synovus,51.45,-2,0,4,22,24,3,13,13,15,44,68
CTVA,Corteva,70.65,-21,-3,58,0,34,-13,20,15,12,34,68
ROK,Rockwell Automation,344.66,0,5,20,16,41,3,21,15,-12,27,68
SAIL,SailPoint,21.11,23,4,0,0,27,25,9,7,0,41,68
VOYA,Voya Financial,76.06,0,30,6,5,41,-9,24,13,-2,26,67
DOCU,DocuSign,84.52,36,2,0,-13,25,27,10,-7,12,42,67
NVST,Envista,20.99,0,74,9,0,83,5,1,11,-33,-16,67
NNN,NNN Reit,42.58,-1,11,5,23,38,-14,12,15,15,28,66
EQT,EQT Corporation,50.01,-27,-33,46,43,29,-18,-2,46,11,37,66
SCHW,Charles Schwab Corporation,92.09,-23,-3,82,12,68,-17,-16,15,15,-3,65
CTRA,Coterra,24.38,14,0,-10,45,49,7,11,-17,14,15,64
LSCC,Lattice Semiconductor,66.94,7,31,6,0,44,5,24,7,-16,20,64
WWD,"Woodward, Inc.",237.49,-7,-1,24,36,52,-6,-25,15,27,11,63
NTNX,Nutanix,77.67,0,6,3,23,32,-14,5,15,25,31,63
NDSN,Nordson,223.9,-2,19,0,2,19,14,23,15,-8,44,63
EXE,Expand Energy,99.69,12,-42,46,0,16,33,7,-4,11,47,63
HIW,Highwoods Properties,31.83,0,15,5,7,27,-12,18,15,14,35,62
EGP,EastGroup Properties,165.95,0,0,-2,9,7,27,18,15,-6,54,61
SITE,SiteOne Landscape Supply,135.89,-41,56,-1,-10,4,3,55,8,-9,57,61
RMD,Resmed,271.73,-1,0,22,14,35,7,-9,14,14,26,61
RH,RH,229.62,0,44,-29,-8,7,11,40,3,-1,53,60
DOV,Dover Corporation,171.53,-28,-14,-8,107,57,-23,-5,11,20,3,60
SOLV,Solventum,74.05,14,0,0,0,14,26,8,11,0,45,59
GME,GameStop,26.13,56,0,-15,-31,10,51,12,-8,-8,47,57
BJ,BJ's Wholesale Club,99.26,45,-56,0,11,0,27,-23,-7,59,56,56
ALK,Alaska Air Group,58.51,-22,55,0,3,36,-19,26,3,10,20,56
CUZ,Cousins Properties,28.91,-2,14,0,12,24,-15,18,15,14,32,56
HST,Host Hotels & Resorts,17.54,0,21,3,3,27,4,18,13,-7,28,55
VEEV,Veeva Systems,274.43,0,0,50,9,59,-24,-14,15,19,-4,55
TTC,Toro Company (The),79.14,-2,45,0,-1,42,3,25,6,-21,13,55
UWMC,United Wholesale Mortgage,6.7,0,29,0,0,29,3,25,3,-5,26,55
INTC,Intel,24.89,21,25,0,-21,25,13,24,5,-13,29,54
KNSL,Kinsale Capital Group,430.63,-54,-18,-2,34,-40,2,-6,12,86,94,54
LNW,Light & Wonder,88.24,0,3,-8,58,53,-5,-1,-20,26,0,53
QSR,Restaurant Brands International,63.88,35,-29,-5,41,42,35,-30,15,-9,11,53
EXC,Exelon,43.23,-5,-4,60,15,66,-7,-11,-6,11,-13,53
OC,Owens Corning,146.26,-18,31,-29,59,43,-18,24,4,-1,9,52
MTD,Mettler Toledo,1274.14,0,74,-28,0,46,5,-3,9,-6,5,51
TRGP,Targa Resources,166.52,11,1,0,52,64,2,-45,-25,55,-13,51
PVH,PVH Corp.,84.1,0,25,0,2,27,4,24,4,-8,24,51
DNB,Dun & Bradstreet,9.15,29,52,-28,0,53,46,-13,2,-37,-2,51
ARMK,Aramark,37.46,-20,-15,20,41,26,-17,-31,15,57,24,50
VNO,Vornado Realty Trust,41.23,0,11,3,5,19,-9,11,13,16,31,50
CGNX,Cognex Corporation,44.09,-2,71,6,-32,43,-20,57,11,-41,7,50
CSGP,CoStar Group,87.87,0,0,11,15,26,25,-19,28,-10,24,50
LVS,Las Vegas Sands,52.69,-28,89,11,3,75,-19,-3,12,-15,-25,50
WAB,Wabtec,185.53,-20,-25,0,50,5,-22,-5,15,57,45,50
FCNCA,First Citizens BancShares,1882.47,-19,-9,-1,60,31,-14,-2,12,22,18,49
LPX,Louisiana-Pacific,90.29,-23,-1,-2,64,38,-20,-1,5,27,11,49
RGA,Reinsurance Group of America,186.12,-22,7,-8,41,18,-16,-1,-6,54,31,49
WFRD,Weatherford International,63.81,14,60,-49,0,25,7,18,5,-6,24,49
ZS,Zscaler,279.24,0,-2,22,6,26,-14,2,15,19,22,48
ADC,Agree Realty,72.0,-12,-2,68,17,71,-12,-16,-10,14,-24,47
DIS,Walt Disney Company (The),116.11,-2,-4,20,-1,13,2,13,15,4,34,47
APPF,AppFolio,276.95,-14,0,10,29,25,-19,2,10,29,22,47
UHS,Universal Health Services,187.44,0,21,-1,23,43,-10,25,-9,-2,4,47
TRU,TransUnion,91.67,0,1,0,4,5,5,8,13,15,41,46
PNFP,Pinnacle Financial Partners,96.92,-2,0,-9,16,5,3,13,6,19,41,46
HAYW,Hayward Holdings,15.11,-28,60,7,0,39,-22,-1,13,17,7,46
BC,Brunswick Corporation,64.98,-1,73,-43,-8,21,7,18,9,-10,24,45
PLNT,Planet Fitness,98.67,-29,-12,68,14,41,-22,-4,15,15,4,45
CLF,Cleveland-Cliffs,11.31,0,54,0,-17,37,-5,14,8,-9,8,45
REXR,Rexford Industrial,42.28,0,74,0,-19,55,-13,25,11,-33,-10,45
MOS,Mosaic Company (The),34.16,38,1,21,-17,43,3,8,20,-31,0,43
RNR,RenaissanceRe,241.29,0,-2,-13,36,21,-12,-8,13,29,22,43
AGO,Assured Guaranty,81.78,-2,-29,-7,57,19,-16,2,15,23,24,43
CSX,CSX Corporation,32.77,21,-12,1,5,15,32,-12,15,-7,28,43
MANH,Manhattan Associates,215.01,0,0,-34,66,32,2,1,8,-1,10,42
GTM,ZoomInfo,12.01,43,6,0,0,49,4,16,11,-38,-7,42
DAY,Dayforce,68.63,-2,22,5,-13,12,7,18,5,-1,29,41
COIN,Coinbase,320.49,49,-17,14,0,46,-5,-33,14,19,-5,41
AVT,Avnet,52.3,-7,6,6,46,51,-20,-3,15,-3,-11,40
QS,QuantumScape,10.26,25,1,11,0,37,26,1,13,-37,3,40
APG,APi Group,34.69,-2,0,23,0,21,-19,-5,15,27,18,39
DVN,Devon Energy,35.42,4,26,-3,-6,21,5,22,14,-23,18,39
GNRC,Generac,181.27,-2,73,8,-35,44,-19,-9,12,11,-5,39
TKR,Timken Company,77.14,0,5,-1,5,9,5,18,12,-6,29,38
HOG,Harley-Davidson,29.82,-2,26,0,-10,14,3,23,10,-12,24,38
EXLS,EXL Service,42.55,-28,-8,0,66,30,-19,9,4,14,8,38
EQIX,Equinix,778.81,0,-2,-13,35,20,1,2,-13,27,17,37
MDU,MDU Resources,15.84,-14,-17,-1,59,27,-17,-21,15,31,8,35
UGI,UGI Corporation,32.88,-16,-16,47,5,20,-17,-29,54,6,14,34
CFR,Frost Bank,126.19,-2,-9,0,5,-6,3,13,13,11,40,34
IPGP,IPG Photonics,80.91,-2,88,6,-45,47,3,18,11,-45,-13,34
SUI,Sun Communities,128.46,0,13,8,-25,-4,-16,26,15,12,37,33
PRU,Prudential Financial,103.0,-18,0,-18,56,20,-14,-2,9,20,13,33
SAIC,SAIC,102.83,-4,-10,-3,68,51,-13,-10,7,-2,-18,33
CNXC,Concentrix,55.49,31,2,1,0,34,26,9,-3,-34,-2,32
IP,International Paper,46.94,0,-12,0,17,5,5,-4,8,17,26,31
CWEN-A,Clearway Energy (Class A),26.54,-14,-19,63,7,37,-11,-33,27,11,-6,31
CI,Cigna,296.58,-21,1,-2,59,37,-19,23,-8,-2,-6,31
SON,Sonoco,47.4,36,5,0,0,41,-10,3,12,-15,-10,31
PINS,Pinterest,36.47,0,0,1,-1,0,17,9,11,-6,31,31
ECL,Ecolab,265.6,-28,0,21,23,16,-14,-6,15,20,15,31
AS,Amer Sports,37.09,0,-6,9,0,3,17,-5,15,0,27,30
CWEN,Clearway Energy (Class C),27.9,-13,-19,63,5,36,-11,-33,27,11,-6,30
FRT,Federal Realty Investment Trust,99.3,-2,21,-2,2,19,-14,21,6,-2,11,30
RVMD,Revolution Medicines,43.8,0,9,-1,0,8,-9,15,15,-1,20,28
SWK,Stanley Black & Decker,78.26,8,55,-34,-40,-11,14,24,4,-3,39,28
POST,Post Holdings,102.89,-70,-8,-3,88,7,-21,-3,-13,58,21,28
RPRX,Royalty Pharma,35.65,-2,0,37,0,35,-21,-18,31,1,-7,28
COHR,Coherent Corp.,103.41,3,0,3,16,22,-7,-16,12,16,5,27
LBTYK,Liberty Global (Series C),11.95,30,33,-45,-31,-13,3,70,4,-37,40,27
ASTS,AST SpaceMobile,41.19,0,-8,16,0,8,24,-29,15,9,19,27
WAT,Waters Corporation,303.66,13,-7,-10,0,-4,23,18,-25,15,31,27
ED,Consolidated Edison,96.4,-5,-16,0,48,27,-18,-19,-9,46,0,27
OVV,Ovintiv,41.99,0,2,0,3,5,6,11,12,-7,22,27
BG,Bunge Global,80.41,-2,20,0,0,18,5,-6,15,-6,8,26
ENTG,Entegris,92.12,32,5,-49,-7,-19,29,17,4,-6,44,25
ALSN,Allison Transmission,87.35,-6,-4,-10,36,16,-22,22,-26,35,9,25
DOX,Amdocs,84.09,-2,-27,0,59,30,-12,-14,15,6,-5,25
COLB,Columbia Banking System,25.83,-48,38,0,0,-10,-12,24,10,11,33,23
AGCO,AGCO,109.42,1,0,12,0,13,21,-13,16,-14,10,23
HRB,H&R Block,51.37,1,-70,-6,53,-22,1,2,-11,53,45,23
GEHC,GE HealthCare,76.63,0,9,-25,0,-16,16,10,4,9,39,23
OMC,Omnicom Group,76.62,-2,26,-32,2,-6,7,21,2,-2,28,22
A,Agilent Technologies,126.74,0,15,-28,0,-13,13,21,6,-6,34,21
VNOM,Viper Energy,37.87,-2,0,-14,45,29,-19,-4,-33,48,-8,21
FBIN,Fortune Brands Innovations,56.97,-20,41,-31,-6,-16,-20,55,4,-3,36,20
FLUT,Flutter Entertainment,279.0,-28,0,24,22,18,-35,-4,13,28,2,20
GPN,Global Payments,85.39,-2,41,-32,-40,-33,3,57,3,-11,52,19
FND,Floor & Decor,87.19,0,10,-40,0,-30,29,24,3,-7,49,19
TROW,T. Rowe Price,104.85,-44,74,3,-26,7,2,-1,11,-1,11,18
APD,Air Products,290.58,-2,1,0,17,16,-14,-2,7,11,2,18
EXR,Extra Space Storage,143.15,-2,8,-8,0,-2,-19,9,15,14,19,17
GAP,Gap Inc.,22.79,-14,0,0,19,5,-21,21,-8,20,12,17
ES,Eversource Energy,63.31,-2,-2,20,-11,5,-9,3,15,3,12,17
CNA,CNA Financial,46.17,-65,30,7,58,30,-16,-4,-14,21,-13,17
LBTYA,Liberty Global (Series A),11.77,30,33,-45,-32,-14,3,33,6,-11,31,17
GTLB,GitLab,50.47,44,8,-26,0,26,3,15,-25,-2,-9,17
REGN,Regeneron Pharmaceuticals,585.56,17,26,-46,0,-3,31,-8,1,-5,19,16
AUR,Aurora Innovation,5.89,21,0,-6,0,15,21,-13,-23,16,1,16
BEN,Franklin Templeton Investments,24.22,-63,92,13,0,42,-12,-6,15,-23,-26,16
SNOW,Snowflake Inc.,218.05,-16,14,20,0,18,-33,14,15,2,-2,16
IOT,Samsara,38.86,0,0,-15,0,-15,23,9,-22,21,31,16
QXO,"QXO, Inc.",20.94,-2,9,0,-15,-8,3,10,18,-7,24,16
INGM,Ingram Micro,20.81,0,6,0,0,6,-11,9,12,0,10,16
CPAY,Corpay,311.07,0,-33,-3,22,-14,3,-2,3,26,30,16
VRSK,Verisk Analytics,249.58,-42,-37,-1,115,35,-40,-3,-7,29,-21,14
CUBE,CubeSmart,41.25,10,1,-28,2,-15,3,14,15,-3,29,14
PNW,Pinnacle West Capital,86.16,-19,-14,0,19,-14,-14,-12,27,27,28,14
LOAR,Loar Holdings,78.8,0,0,0,0,0,6,16,-8,0,14,14
HLNE,Hamilton Lane,146.03,-2,-4,-3,26,17,-19,-11,3,22,-5,12
PAYX,Paychex,132.46,-84,-35,-1,168,48,-17,-28,-6,15,-36,12
NCNO,nCino,30.64,0,15,-31,0,-16,5,15,10,-2,28,12
PSN,Parsons Corporation,82.88,7,1,0,0,8,4,-8,8,-2,2,10
TMO,Thermo Fisher Scientific,471.1,-26,40,-27,0,-13,-1,54,-26,-4,23,10
APTV,Aptiv,82.88,0,26,6,-25,7,3,22,15,-37,3,10
FANG,Diamondback Energy,140.49,0,-10,-34,48,4,6,-3,9,-6,6,10
CCK,Crown Holdings,95.04,-2,-21,22,6,5,-12,-12,15,13,4,9
MDB,MongoDB Inc.,315.13,-2,23,3,-10,14,-17,15,7,-10,-5,9
SAIA,Saia,308.19,0,3,-31,5,-23,32,3,3,-6,32,9
LUV,Southwest Airlines,32.15,7,0,6,-40,-27,5,13,13,5,36,9
ST,Sensata Technologies,31.1,-2,26,0,-16,8,3,20,13,-36,0,8
EQR,Equity Residential,64.61,-2,-2,-1,14,9,-19,12,-8,14,-1,8
ACGL,Arch Capital Group,87.34,-17,-2,-13,63,31,-14,-2,-6,-1,-23,8
MSTR,MicroStrategy,329.72,-1,-24,0,20,-5,10,-34,15,21,12,7
WDAY,"Workday, Inc.",234.94,7,1,-15,15,8,1,9,-9,-3,-2,6
SFD,Smithfield Foods,24.34,1,0,0,0,1,5,-9,9,0,5,6
AVB,AvalonBay Communities,192.53,-2,0,-8,17,7,-19,13,-12,16,-2,5
REG,Regency Centers,69.75,-41,-2,0,54,11,-52,10,15,20,-7,4
MCHP,Microchip Technology,65.78,7,-8,0,0,-1,7,-9,15,-8,5,4
IPG,Interpublic Group of Companies (The),26.24,-2,41,-48,0,-9,7,21,3,-18,13,4
XYZ,"Block, Inc.",75.73,7,2,0,-37,-28,13,-4,9,14,32,4
RRX,Regal Rexnord,140.29,-2,-8,-4,4,-10,7,-4,12,-2,13,3
HPQ,HP Inc.,27.91,-26,26,-30,0,-30,4,27,4,-2,33,3
K,Kellanova,78.63,-5,-1,0,22,16,-18,2,-12,14,-14,2
IT,Gartner,253.76,27,-66,-26,0,-65,27,6,-24,58,67,2
AA,Alcoa,32.88,35,18,-26,-21,6,-1,23,7,-33,-4,2
ZBRA,Zebra Technologies,317.33,21,-1,-7,-8,5,-2,-25,9,14,-4,1
INGR,Ingredion,123.99,-56,-33,-3,35,-57,5,-3,-1,57,58,1
WEX,WEX Inc.,167.43,-3,71,-48,0,20,-20,1,9,-9,-19,1
NEE,NextEra Energy,70.31,-2,-2,-1,0,-5,-14,-9,15,14,6,1
CR,Crane Co.,180.41,-2,-4,21,0,15,-20,-16,15,6,-15,0
HAS,Hasbro,73.91,-28,0,19,4,-5,-19,-3,15,12,5,0
MDLZ,Mondelez International,62.85,14,-35,0,0,-21,5,2,24,-10,21,0
PR,Permian Resources,13.59,-35,-3,-2,27,-13,3,-3,15,-3,12,-1
RIVN,Rivian,14.09,0,2,1,0,3,14,12,-8,-22,-4,-1
REYN,Reynolds Consumer Products,22.96,-2,30,-33,0,-5,6,-1,2,-4,3,-2
OXY,Occidental Petroleum,47.22,14,19,-60,0,-27,10,21,11,-17,25,-2
CTSH,Cognizant,70.04,-2,-35,-8,15,-30,7,10,-8,19,28,-2
ESS,Essex Property Trust,266.17,0,-34,0,15,-19,1,9,-8,15,17,-2
FOUR,Shift4,86.82,0,-31,-5,0,-36,5,-2,5,25,33,-3
CMG,Chipotle Mexican Grill,39.67,0,-39,-11,81,31,16,-40,-9,-1,-34,-3
LEA,Lear Corporation,105.89,-32,26,0,-18,-24,3,18,14,-16,19,-5
BSY,Bentley Systems,52.75,-2,-4,14,0,8,-19,-3,15,-7,-14,-6
CERT,"Certara, Inc.",11.51,30,5,-20,0,15,27,-4,-12,-33,-22,-7
CACC,Credit Acceptance,504.8,-28,3,0,2,-23,7,18,-3,-6,16,-7
GEN,Gen Digital,28.67,-28,-3,20,17,6,-40,-5,15,17,-13,-7
JAZZ,Jazz Pharmaceuticals,129.54,4,29,0,-7,26,6,21,-21,-40,-34,-8
HSIC,Schein (Henry),67.36,-6,-1,-10,0,-17,-12,13,4,4,9,-8
SBUX,Starbucks,83.21,0,-11,-6,0,-17,16,-19,3,8,8,-9
BBY,Best Buy,74.52,-2,26,-29,-7,-12,-21,23,3,-3,2,-10
ARE,Alexandria Real Estate Equities,85.2,75,26,-42,-31,28,35,15,-53,-36,-39,-11
AMT,American Tower,197.21,6,-31,-2,-1,-28,9,-30,25,12,16,-12
OWL,Blue Owl Capital,18.57,0,-20,-9,0,-29,3,-16,7,22,16,-13
PATH,UiPath,11.83,7,0,-16,0,-9,7,8,-8,-11,-4,-13
RLI,RLI Corp.,65.43,-44,-73,-15,177,45,-16,-7,-34,-1,-58,-13
FDX,FedEx,225.91,0,-3,-31,33,-1,-9,-6,7,-5,-13,-14
CHE,Chemed Corporation,457.61,0,0,-16,0,-16,5,20,-14,-9,2,-14
DOC,Healthpeak Properties,18.22,21,10,-22,-32,-23,23,13,-37,10,9,-14
TXRH,Texas Roadhouse,164.24,-19,-28,-4,65,14,-11,-64,15,32,-28,-14
SMMT,Summit Therapeutics,18.11,-2,-8,0,15,5,-16,-22,-2,20,-20,-15
GEV,GE Vernova,614.82,0,0,1,0,1,-17,-15,16,0,-16,-15
PEN,"Penumbra, Inc.",256.43,-26,14,0,12,0,-36,27,-11,4,-16,-16
ARW,Arrow Electronics,119.09,-7,-1,0,0,-8,-13,-1,15,-9,-8,-16
EIX,Edison International,55.56,0,33,-37,0,-4,-13,-2,5,-2,-12,-16
SARO,StandardAero,27.53,36,-25,0,0,11,4,-46,15,0,-27,-16
AR,Antero Resources,32.26,-2,-42,-1,11,-34,3,7,-5,11,16,-18
WST,West Pharmaceutical Services,256.56,0,9,-32,-8,-31,5,10,6,-9,12,-19
OKE,Oneok,72.85,4,-33,-18,55,8,-16,-33,-30,52,-27,-19
TPL,Texas Pacific Land Corporation,913.76,-1,-76,-14,59,-32,-5,12,-10,14,11,-21
S,SentinelOne,18.35,7,0,-30,0,-23,-10,10,4,-2,2,-21
ETSY,Etsy,60.66,42,0,2,-31,13,5,-16,15,-38,-34,-21
PSA,Public Storage,284.2,-23,0,-16,2,-37,-19,21,15,-1,16,-21
CF,CF Industries,84.21,-2,-29,0,5,-26,-21,1,15,9,4,-22
RYN,Rayonier,25.73,-22,31,-2,0,7,-19,-3,3,-10,-29,-22
VFC,VF Corporation,14.78,-2,18,-25,-44,-53,5,16,2,8,31,-22
SPR,Spirit AeroSystems,38.56,-49,-5,23,0,-31,-40,-2,35,15,8,-23
POOL,Pool Corporation,323.33,0,9,-28,-7,-26,9,2,2,-10,3,-23
ALGM,Allegro MicroSystems,30.75,5,-12,16,0,9,6,-35,13,-17,-33,-24
CLX,Clorox,125.43,8,2,-22,-6,-18,7,5,-32,14,-6,-24
DDOG,Datadog,134.23,-14,-2,4,0,-12,-30,6,12,-1,-13,-25
GLIBA,GCI Liberty (Series A),35.49,-28,0,0,0,-28,-21,23,0,0,2,-26
WH,Wyndham Hotels & Resorts,83.6,-24,-1,-8,12,-21,-18,-6,3,16,-5,-26
LII,Lennox International,545.93,-28,-17,-2,39,-8,-25,-30,9,28,-18,-26
LW,Lamb Weston,55.62,-2,25,-77,-9,-63,29,13,8,-15,35,-28
FI,Fiserv,134.23,-2,-48,-19,36,-33,5,-8,-20,28,5,-28
HUM,Humana,269.52,-45,31,0,-13,-27,-15,34,1,-21,-1,-28
RBRK,Rubrik,73.84,-42,-6,0,0,-48,-40,11,49,0,20,-28
CART,Maplebear Inc.,44.9,-6,-5,0,0,-11,-12,-19,12,0,-19,-30
DAR,Darling Ingredients,33.13,13,0,-11,-21,-19,13,-6,13,-31,-11,-30
BAH,Booz Allen Hamilton,101.55,-18,-12,-35,102,37,-17,-11,-37,-2,-67,-30
BILL,Bill.com,51.94,0,14,-29,0,-15,5,14,3,-38,-16,-31
CCCS,CCC Intelligent Solutions,9.71,0,0,-33,0,-33,-12,14,7,-7,2,-31
BIO,Bio-Rad Laboratories,280.55,-55,55,-32,-29,-61,2,60,6,-38,30,-31
ESAB,ESAB,109.61,-38,-30,-2,0,-70,2,4,15,18,39,-31
FCN,FTI Consulting,163.0,-2,-6,-42,0,-50,2,17,5,-6,18,-32
RAL,Ralliant,41.87,-2,0,0,0,-2,3,-34,0,0,-31,-33
SBAC,SBA Communications,199.45,16,-31,-4,-21,-40,35,-31,-3,6,7,-33
BRO,Brown & Brown,92.23,-84,-98,-4,164,-22,-19,-4,-15,27,-11,-33
YETI,Yeti Holdings,35.4,-2,2,-40,-7,-47,4,12,9,-11,14,-33
BHF,Brighthouse Financial,45.92,0,-3,-8,0,-11,-15,-9,-8,9,-23,-34
DPZ,Domino's,438.1,-42,-31,-1,11,-63,-21,-1,32,19,29,-34
SWKS,Skyworks Solutions,74.48,1,11,-48,-31,-67,6,21,12,-6,33,-34
DG,Dollar General,106.18,0,-5,0,-18,-23,3,-14,27,-27,-11,-34
IQV,IQVIA,186.69,0,5,-45,0,-40,5,1,7,-7,6,-34
CCI,Crown Castle,94.79,0,-16,-1,-29,-46,7,-27,25,6,11,-35
ABNB,Airbnb,123.22,-2,-29,-8,0,-39,7,-3,5,-6,3,-36
QRVO,Qorvo,87.65,-42,2,0,-32,-72,5,24,13,-6,36,-36
QGEN,Qiagen,45.44,-42,-6,17,0,-31,3,-29,15,6,-5,-36
CIVI,Civitas Resources,32.26,-7,27,-60,-1,-41,10,-1,4,-10,3,-38
EL,Estée Lauder Companies (The),88.2,2,0,0,-27,-25,14,-5,13,-36,-14,-39
TDC,Teradata,21.82,45,1,-84,-18,-56,31,3,-2,-17,15,-41
CHRD,Chord Energy,105.31,0,2,-55,0,-53,10,-2,9,-7,10,-43
EG,Everest Group,333.63,-14,-2,-41,56,-1,-12,18,-42,-6,-42,-43
AXTA,Axalta,30.49,-24,10,-21,23,-12,-19,23,-34,-1,-31,-43
COP,ConocoPhillips,93.83,0,2,-50,0,-48,10,-3,7,-9,5,-43
AIG,American International Group,76.83,-90,-9,0,54,-45,-13,-3,-5,22,1,-44
SN,SharkNinja,113.96,-56,0,13,0,-43,3,-20,12,2,-3,-46
ON,ON Semiconductor,49.8,10,-14,-42,-2,-48,12,-5,11,-16,2,-46
DLB,Dolby Laboratories,71.45,-2,-17,-8,0,-27,4,-7,-25,9,-19,-46
TXN,Texas Instruments,180.21,-84,-11,-2,23,-74,3,-7,15,17,28,-46
HOLX,Hologic,68.26,1,1,-40,0,-38,2,-11,8,-8,-9,-47
IR,Ingersoll Rand,79.0,-16,-24,-26,24,-42,-24,8,12,-1,-5,-47
PB,Prosperity Bancshares,65.84,-24,-36,-9,15,-54,-14,-2,7,15,6,-48
CAR,Avis Budget Group,153.18,-24,-10,14,-21,-41,3,8,18,-38,-9,-50
ATR,AptarGroup,134.65,-42,-33,-8,21,-62,1,-30,15,26,12,-50
SNDR,Schneider National,23.28,-4,-14,-10,0,-28,-20,-8,7,-1,-22,-50
DT,Dynatrace,48.06,-42,-29,-7,0,-78,-10,4,12,21,27,-51
UNH,UnitedHealth Group,341.65,0,11,-23,-5,-17,-19,23,-36,-2,-34,-51
SW,Smurfit Westrock,44.06,-49,-4,-2,17,-38,-47,10,5,18,-14,-52
GLIBK,GCI Liberty (Series C),35.01,-27,0,0,0,-27,-21,-4,0,0,-25,-52
LINE,"Lineage, Inc.",41.52,-1,-29,0,0,-30,12,2,-36,0,-22,-52
PCG,PG&E Corporation,15.09,-2,1,-35,2,-34,-18,36,-34,-2,-18,-52
KMB,Kimberly-Clark,125.6,-28,-4,-4,19,-17,-36,-11,-16,27,-36,-53
BDX,Becton Dickinson,187.56,-2,29,-33,-6,-12,3,-4,-24,-16,-41,-53
CPT,Camden Property Trust,106.48,-27,-4,-1,0,-32,-38,13,-8,12,-21,-53
AVY,Avery Dennison,164.95,-2,-17,-40,0,-59,7,-8,12,-6,5,-54
IAC,IAC Inc.,37.0,8,1,-7,-32,-30,7,10,-2,-39,-24,-54
DXCM,Dexcom,76.44,-13,-17,-4,-15,-49,-12,2,15,-10,-5,-54
PPC,Pilgrim's Pride,42.32,-49,-9,0,22,-36,-13,-16,-9,19,-19,-55
RNG,RingCentral,31.57,7,25,-31,-42,-41,5,22,5,-46,-14,-55
KD,Kyndryl,31.82,-16,-31,0,0,-47,-33,6,-2,21,-8,-55
CARR,Carrier Global,60.71,-38,-32,-4,0,-74,4,-28,15,27,18,-56
GDDY,GoDaddy,144.08,-2,-49,-8,23,-36,-24,5,-24,23,-20,-56
VTRS,Viatris,9.61,-43,29,-2,-1,-17,-42,-2,7,-2,-39,-56
ELV,Elevance Health,308.32,-5,0,-49,-3,-57,2,18,-15,-4,1,-56
KNX,Knight-Swift,41.76,-2,-17,-30,-3,-52,6,-1,5,-14,-4,-56
AES,AES Corporation,12.52,-9,0,-1,-12,-22,-11,-10,11,-25,-35,-57
LCID,Lucid Motors,20.36,45,-21,-9,0,15,16,-30,-22,-36,-72,-57
MTDR,Matador Resources,47.51,-26,-1,-34,0,-61,2,-1,8,-7,2,-59
OGN,Organon & Co.,10.44,0,9,-34,0,-25,5,11,-47,-5,-36,-61
VIRT,Virtu Financial,35.17,-69,-13,0,15,-67,-60,-25,76,15,6,-61
MGM,MGM Resorts International,35.29,-70,0,-2,0,-72,13,-4,12,-10,11,-61
CFLT,"Confluent, Inc.",19.58,0,-34,-8,0,-42,-7,9,-23,1,-20,-62
WLK,Westlake Corporation,86.96,-2,25,-45,0,-22,6,18,-57,-7,-40,-62
JBHT,J. B. Hunt,134.5,-2,-14,-36,-1,-53,3,-7,5,-11,-10,-63
AMCR,Amcor,8.27,-2,-24,-6,0,-32,10,-33,-6,-3,-32,-64
KMPR,Kemper Corporation,52.65,-26,-30,-11,0,-67,-19,15,-8,15,3,-64
NOV,NOV Inc.,12.92,-2,2,-60,-13,-73,6,11,6,-16,7,-66
MIDD,Middleby,133.95,-33,-30,-8,0,-71,2,10,-21,14,5,-66
WTM,White Mountains Insurance Group,1722.33,-62,-6,-4,60,-12,-79,-9,-25,57,-56,-68
CPB,Campbell Soup Company,32.93,0,11,-37,-7,-33,9,5,-44,-6,-36,-69
BROS,Dutch Bros. Coffee,57.95,-61,-3,0,0,-64,-20,-3,5,12,-6,-70
DLTR,Dollar Tree,97.78,-15,-8,0,-16,-39,-21,-17,30,-23,-31,-70
CBSH,Commerce Bancshares,59.25,-77,-31,-1,12,-97,3,-6,15,14,26,-71
ILMN,"Illumina, Inc.",100.86,19,0,-33,-41,-55,17,1,7,-41,-16,-71
DKNG,DraftKings,42.64,-63,0,0,0,-63,-54,18,7,21,-8,-71
PYPL,PayPal,68.61,7,-24,-8,-40,-65,4,-28,8,10,-6,-71
KVUE,Kenvue,18.33,-5,-17,-3,0,-25,-15,-27,-8,4,-46,-71
CDW,CDW,167.3,0,-31,-47,0,-78,4,5,7,-9,7,-71
TWLO,Twilio,103.57,-37,-28,0,-35,-100,2,3,11,12,28,-72
BURL,Burlington Stores,262.75,-51,0,6,4,-41,-54,-4,8,18,-32,-73
KBR,"KBR, Inc.",48.81,-2,0,-35,0,-37,-18,-5,-13,-2,-38,-75
OLN,Olin Corporation,25.17,0,18,-65,-10,-57,-16,18,3,-24,-19,-76
BMY,Bristol Myers Squibb,46.15,-26,0,-5,-6,-37,-23,-3,-19,6,-39,-76
ELS,Equity Lifestyle Properties,60.62,-1,0,-26,0,-27,-12,4,-37,-4,-49,-76
LBRDK,Liberty Broadband (Series C),61.71,8,-38,-8,-37,-75,7,-9,-8,9,-1,-76
BIIB,Biogen,144.87,0,25,-89,-28,-92,1,32,2,-19,16,-76
LBRDA,Liberty Broadband (Series A),61.32,8,-38,-8,-37,-75,7,-9,-8,9,-1,-76
ESTC,Elastic NV,87.12,-14,8,-18,-7,-31,-31,14,-23,-5,-45,-76
PPG,PPG Industries,108.12,-2,-3,-51,-9,-65,-14,-4,15,-9,-12,-77
SJM,J.M. Smucker Company (The),105.22,-27,0,-2,-5,-34,-28,6,3,-24,-43,-77
TYL,Tyler Technologies,536.11,-42,-18,0,18,-42,-41,-20,6,19,-36,-78
ONON,On Holding AG,43.83,0,-34,-4,0,-38,5,-65,-1,21,-40,-78
EXAS,Exact Sciences,52.35,0,9,-33,-26,-50,-22,17,-7,-17,-29,-79
BALL,Ball Corporation,49.04,-2,-23,-8,-12,-45,-13,-31,15,-6,-35,-80
LKQ,LKQ Corporation,31.1,-20,-3,-11,-3,-37,-20,14,-19,-18,-43,-80
ADBE,Adobe Inc.,361.91,7,0,-41,-7,-41,7,4,-45,-6,-40,-81
AWK,American Water Works,136.14,-56,-8,31,0,-33,-48,-8,-1,9,-48,-81
SIRI,Sirius XM,23.11,-29,16,-2,-32,-47,-41,20,5,-18,-34,-81
PFE,Pfizer,24.04,-28,-4,-4,-24,-60,1,-7,12,-29,-23,-83
UDR,"UDR, Inc.",37.3,-28,-34,-3,-1,-66,-20,-2,-10,14,-18,-84
SMG,Scotts Miracle-Gro Company,59.88,-2,-14,-27,-40,-83,-20,9,11,-2,-2,-85
CNH,CNH Industrial,10.86,-40,-24,-2,0,-66,3,-40,15,3,-19,-85
FTV,Fortive,48.04,-2,-35,-26,0,-63,3,5,-22,-9,-23,-86
CE,Celanese,45.13,-2,-28,-48,-11,-89,5,9,-2,-10,2,-87
MTN,Vail Resorts,149.12,0,-9,-38,-24,-71,13,-4,11,-37,-17,-88
UHAL,U-Haul,55.93,-28,-36,-20,0,-84,3,4,-33,21,-5,-89
KMX,CarMax,59.14,-2,-1,-24,-37,-64,-11,15,-28,-1,-25,-89
EEFT,Euronet Worldwide,88.86,-5,-35,-8,-4,-52,-12,-35,-5,14,-38,-90
PENN,Penn Entertainment,18.93,-28,25,0,-35,-38,-30,18,5,-45,-52,-90
INVH,Invitation Homes,29.64,-22,-39,-13,0,-74,-19,-4,-8,15,-16,-90
WTRG,Essential Utilities,37.3,-83,-2,11,0,-74,-12,-5,-6,6,-17,-91
CRM,Salesforce,242.16,-30,-34,-18,23,-59,-38,9,-26,22,-33,-92
TSN,Tyson Foods,54.11,-28,0,-6,-29,-63,-21,-4,-16,12,-29,-92
AMH,American Homes 4 Rent,33.31,-82,-35,-13,69,-61,-42,-4,-1,16,-31,-92
AMTM,Amentum,22.25,-70,-1,0,0,-71,-21,-15,15,0,-21,-92
EMN,Eastman Chemical Company,66.02,-2,-37,-26,-2,-67,3,13,-40,-3,-27,-94
BA,Boeing,214.67,-63,-4,13,0,-54,-40,-3,15,-12,-40,-94
SAM,Boston Beer Company,225.83,7,11,-40,-38,-60,7,39,-36,-45,-35,-95
FIS,Fidelity National Information Services,67.14,-2,-31,-7,-38,-78,4,-33,-2,12,-19,-97
MAA,Mid-America Apartment Communities,139.5,-29,-35,-2,0,-66,-40,9,-13,12,-32,-98
NWL,Newell Brands,5.74,-37,18,-32,-32,-83,3,16,3,-37,-15,-98
CAG,Conagra Brands,18.9,-2,-3,-37,-8,-50,2,-7,-19,-24,-48,-98
JHX,James Hardie Industries,19.17,-10,-20,-32,-2,-64,-9,-16,-5,-4,-34,-98
MORN,"Morningstar, Inc.",249.01,-22,-34,-25,29,-52,-16,-47,-3,19,-47,-99
CL,Colgate-Palmolive,82.21,-42,-50,-11,24,-79,-19,-11,-19,27,-22,-101
JKHY,Jack Henry & Associates,159.78,-2,-34,-8,-1,-45,5,-65,-8,12,-56,-101
PAYC,Paycom,214.72,-21,-17,24,-25,-39,-20,-20,15,-38,-63,-102
ACHC,Acadia Healthcare,21.92,-2,4,-53,-12,-63,6,19,-47,-17,-39,-102
TECH,Bio-Techne,51.52,-2,-4,-32,-25,-63,3,-4,-32,-7,-40,-103
UHAL-B,U-Haul (Series N),51.32,-2,-36,-28,0,-66,3,3,-42,-2,-38,-104
WHR,Whirlpool Corporation,86.34,-23,-1,-10,-27,-61,-20,15,-1,-37,-43,-104
DOW,Dow Inc.,24.54,0,0,-48,-2,-50,3,14,-63,-9,-55,-105
DVA,DaVita,127.98,-42,-17,-8,21,-46,-52,-3,-25,20,-60,-106
ISRG,Intuitive Surgical,433.67,-28,-35,-8,23,-48,-39,-43,-3,27,-58,-106
TEAM,Atlassian,172.38,-2,-49,-11,-7,-69,-33,7,-23,12,-37,-106
CZR,Caesars Entertainment,25.43,-2,-34,-31,-26,-93,12,9,3,-38,-14,-107
TW,Tradeweb,117.21,-70,-30,-3,1,-102,1,-26,-4,24,-5,-107
RYAN,Ryan Specialty,53.43,7,-59,-8,0,-60,6,-65,-14,26,-47,-107
PEP,PepsiCo,141.25,-70,44,-47,0,-73,-21,-3,4,-14,-34,-107
NSA,National Storage Affiliates,30.7,-44,5,-20,-5,-64,-21,20,-41,-2,-44,-108
SFM,Sprouts Farmers Market,123.35,-118,-37,0,47,-108,-19,-35,-4,58,0,-108
IRDM,Iridium Communications,18.38,-56,-34,-9,-20,-119,7,11,12,-20,10,-109
CNC,Centene,32.01,-2,0,-49,-12,-63,-18,19,-18,-29,-46,-109
ENPH,Enphase Energy,38.72,14,2,-51,-21,-56,14,15,-58,-25,-54,-110
AKAM,Akamai Technologies,75.83,-27,2,-31,-8,-64,-20,16,-31,-11,-46,-110
MASI,Masimo,141.18,-2,-30,-4,-7,-43,-14,-45,-20,11,-68,-111
IEX,IDEX Corporation,159.55,-2,-35,-33,-3,-73,7,-6,-33,-7,-39,-112
RGEN,Repligen,119.38,1,-8,-21,-18,-46,6,-9,-25,-38,-66,-112
HAL,Halliburton,22.27,0,15,-68,-1,-54,5,13,-67,-10,-59,-113
KEX,Kirby Corporation,82.65,-98,-34,-8,36,-104,-41,-27,15,43,-10,-114
ASH,Ashland Global,51.12,-28,-1,-46,-10,-85,-20,-3,4,-11,-30,-115
MAT,Mattel,17.24,-42,-8,-9,0,-59,-51,14,12,-32,-57,-116
WING,Wingstop,256.95,-81,-10,-2,39,-54,-86,-23,13,32,-64,-118
SRPT,Sarepta Therapeutics,17.05,-2,0,-34,-8,-44,-4,-8,-55,-7,-74,-118
FMC,FMC Corporation,37.28,-2,-14,-45,-25,-86,-12,-4,7,-27,-36,-122
CHTR,Charter Communications,267.9,8,-38,-9,-37,-76,7,-43,-9,-2,-47,-123
CRL,Charles River Laboratories,152.69,-49,-4,-59,-27,-139,2,9,11,-9,13,-126
EPAM,EPAM Systems,153.47,-2,-6,-31,-28,-67,5,-4,-22,-38,-59,-126
KDP,Keurig Dr Pepper,27.26,-119,-17,-4,-1,-141,4,-11,23,-1,15,-126
TFX,Teleflex,125.68,-18,20,-47,-40,-85,-20,32,-43,-11,-42,-127
COLM,Columbia Sportswear,53.23,-44,-4,-26,-7,-81,-54,14,-21,14,-47,-128
ALB,Albemarle Corporation,80.17,21,5,-133,-24,-131,24,-4,9,-26,3,-128
FRPT,Freshpet,53.4,-2,-66,-29,-7,-104,4,-23,-25,20,-24,-128
G,Genpact,41.78,-56,-6,-2,0,-64,-54,-3,-20,11,-66,-130
DUOL,Duolingo,279.02,-8,-55,-1,0,-64,-15,-69,-6,24,-66,-130
APLS,Apellis Pharmaceuticals,23.12,-55,36,-75,-17,-111,-54,47,6,-19,-20,-131
LSTR,Landstar,125.76,-4,-36,-40,-1,-81,5,-1,-47,-8,-51,-132
TREX,"Trex Company, Inc.",53.86,-44,-4,-59,-14,-121,-21,9,7,-7,-12,-133
VKTX,Viking Therapeutics,23.09,-56,-21,-45,22,-100,-24,-13,10,-7,-34,-134
SLB,Schlumberger,34.83,-20,0,-75,0,-95,-19,17,-26,-11,-39,-134
RVTY,Revvity,85.45,7,-35,-25,-25,-78,10,-40,-30,4,-56,-134
WSC,WillScot Mobile Mini,22.62,-2,-33,-70,-7,-112,14,-27,3,-13,-23,-135
MRK,Merck & Co.,81.15,-26,33,-52,-1,-46,-25,-2,-56,-7,-90,-136
GMED,Globus Medical,56.22,-84,0,-20,-1,-105,-19,-2,-25,13,-33,-138
OLED,Universal Display Corporation,136.54,-42,-21,-42,-2,-107,5,-45,15,-6,-31,-138
ODFL,Old Dominion Freight Line,141.79,-28,-35,-31,0,-94,3,-9,-36,-2,-44,-138
AVTR,Avantor,12.4,-56,-1,-34,0,-91,4,-2,-45,-6,-49,-140
MOH,Molina Healthcare,176.32,-9,-81,-18,-3,-111,-22,15,-14,-9,-30,-141
CROX,Crocs,80.53,-53,-29,-47,-2,-131,7,-2,-9,-6,-10,-141
WY,Weyerhaeuser,24.5,-28,-4,-28,0,-60,-24,-8,-40,-9,-81,-141
TTD,Trade Desk (The),45.4,-70,-28,-32,-2,-132,5,-20,6,-1,-10,-142
BFAM,Bright Horizons,109.17,-112,-7,-4,0,-123,-21,-13,-1,16,-19,-142
PCTY,Paylocity,165.39,-83,-17,-3,-4,-107,-19,-21,-2,6,-36,-143
BRKR,Bruker,32.11,21,-34,-65,-9,-87,52,-32,-69,-10,-59,-146
EW,Edwards Lifesciences,75.21,-60,-4,0,-15,-79,-68,-2,35,-36,-71,-150
DHR,Danaher Corporation,192.89,-106,-7,-34,-1,-148,4,-10,8,-5,-3,-151
GIS,General Mills,49.17,-19,-4,-46,-5,-74,-21,5,-42,-20,-78,-152
ZTS,Zoetis,146.78,-84,-7,-40,-4,-135,3,-8,-7,-6,-18,-153
GFS,GlobalFoundries,32.2,0,-31,-87,0,-118,12,-35,5,-18,-36,-154
AAL,American Airlines Group,12.48,-55,57,-26,-77,-101,-19,-1,4,-40,-56,-157
MRNA,Moderna,25.02,0,-30,-60,-5,-95,7,-31,2,-40,-62,-157
PRMB,Primo Brands,22.64,-56,-75,-3,23,-111,-48,-3,-15,19,-47,-158
ACI,Albertsons,18.41,-84,-46,-2,0,-132,-13,-8,-8,1,-28,-160
OKTA,"Okta, Inc.",90.01,-24,-70,-3,-25,-122,-33,-6,-8,7,-40,-162
ZBH,Zimmer Biomet,99.89,-61,29,-2,-18,-52,-20,-2,-69,-19,-110,-162
COO,Cooper Companies (The),64.34,-20,-14,-32,-6,-72,-42,-9,-37,-4,-92,-164
WU,Western Union,8.36,-42,0,-28,-47,-117,4,18,-63,-6,-47,-164
TAP,Molson Coors,46.87,-56,-6,-18,-1,-81,-52,-8,-19,-4,-83,-164
BIRK,Birkenstock,45.61,-84,-9,-4,0,-97,-54,-7,-6,0,-67,-164
CMCSA,Comcast,32.42,-44,-36,-40,-10,-130,-34,15,-7,-9,-35,-165
INSP,Inspire Medical Systems,79.96,-1,-86,-28,-7,-122,7,-3,-33,-18,-47,-169
CLVT,Clarivate,4.09,-23,-1,-82,-7,-113,-40,18,8,-43,-57,-170
MKC,McCormick & Company,66.84,-29,-50,-11,-3,-93,-20,-49,-19,11,-77,-170
CHH,Choice Hotels,111.13,-98,-30,-8,0,-136,3,-31,-22,15,-35,-171
NKE,"Nike, Inc.",72.31,-89,0,-3,-22,-114,-26,-7,12,-37,-58,-172
RARE,Ultragenyx,28.71,-27,-4,-32,-39,-102,-48,22,-40,-4,-70,-172
BBWI,"Bath & Body Works, Inc.",25.74,-58,-8,-30,-16,-112,-56,-1,4,-7,-60,-172
HRL,Hormel Foods,24.88,-20,-44,-15,-24,-103,3,-40,-2,-31,-70,-173
CHDN,Churchill Downs Incorporated,96.1,-84,-13,-36,0,-133,-19,-30,7,-2,-44,-177
IFF,International Flavors & Fragrances,63.32,-28,-35,-28,-32,-123,-17,-1,-40,-2,-60,-183
DXC,DXC Technology,14.01,-28,0,-30,-74,-132,3,18,-37,-35,-51,-183
FDS,FactSet,335.98,-42,-42,-10,0,-94,-41,-38,-8,-2,-89,-183
LYB,LyondellBasell,53.53,-20,-33,-49,-6,-108,-19,14,-63,-8,-76,-184
KHC,Kraft Heinz,25.73,-44,-8,-47,-1,-100,-28,-26,-19,-11,-84,-184
DJT,Trump Media & Technology Group,16.91,0,-76,-61,0,-137,-2,-7,-29,-10,-48,-185
COTY,Coty,4.31,7,-21,-69,-8,-91,20,-33,-71,-10,-94,-185
MAN,ManpowerGroup,37.83,-2,-16,-51,-29,-98,2,-8,-51,-37,-94,-192
LULU,Lululemon Athletica,163.46,-63,-71,-16,-4,-154,4,-9,-25,-13,-43,-197
UA,Under Armour (Class C),4.79,-49,-28,-33,-38,-148,7,-30,11,-38,-50,-198
UAA,Under Armour (Class A),4.87,-44,-28,-33,-45,-150,6,-30,10,-38,-52,-202
BF-A,Brown–Forman (Class A),27.92,0,-8,-107,-19,-134,7,-5,-47,-25,-70,-204
BF-B,Brown–Forman (Class B),27.45,0,-11,-108,-19,-138,7,-5,-40,-29,-67,-205
MKTX,MarketAxess,183.65,-2,-38,-33,-30,-103,1,-53,-7,-45,-104,-207
HUN,Huntsman Corporation,10.31,-28,0,-50,-16,-94,-54,14,-45,-34,-119,-213
BMRN,BioMarin Pharmaceutical,54.39,-70,-8,-55,-21,-154,2,-22,-20,-23,-63,-217
GPK,Graphic Packaging,20.04,-112,-14,-24,0,-150,-19,-11,-37,-1,-68,-218
ACN,Accenture,241.28,-77,-50,-28,-1,-156,-54,-4,-24,20,-62,-218
UPS,United Parcel Service,84.18,1,-36,-111,-17,-163,26,-8,-39,-35,-56,-219
CAVA,Cava Group,62.4,-84,-25,-19,0,-128,-33,-29,-33,3,-92,-220
TGT,Target Corporation,88.93,-140,-14,-36,-12,-202,2,-20,3,-7,-22,-224
BAX,Baxter International,23.19,-13,-50,-28,-39,-130,-33,-3,-19,-42,-97,-227
BRBR,BellRing Brands,36.63,-21,-93,-18,0,-132,-17,-85,-24,28,-98,-230
XRAY,Dentsply Sirona,13.42,-43,-34,-86,-43,-206,3,9,4,-41,-25,-231
SLGN,Silgan Holdings,43.23,-84,-35,-8,0,-127,-82,-35,-2,14,-105,-232
DV,DoubleVerify,12.95,-70,-7,-75,0,-152,-82,-9,4,-11,-98,-250
ALGN,Align Technology,129.31,-30,-34,-72,-26,-162,-36,-8,-8,-39,-91,-253
RHI,Robert Half,34.72,-2,-163,-34,-10,-209,3,13,-32,-33,-49,-258
FLO,Flowers Foods,13.37,-44,-23,-42,-9,-118,-40,-16,-62,-24,-142,-260
COLD,Americold,13.27,-2,-117,-46,-12,-177,27,-59,-46,-16,-94,-271
WEN,Wendy's Company (The),9.47,-84,-59,-42,-9,-194,-49,-6,-37,-16,-108,-302
GLOB,Globant,56.33,-122,-85,-31,-8,-246,5,-33,-31,-8,-67,-313
PRGO,Perrigo,21.14,-83,-30,-7,-114,-234,-19,-3,-7,-56,-85,-319
STZ,Constellation Brands,133.03,-162,-17,-50,-4,-233,-76,-20,-66,-9,-171,-404
