Symbol,Name,Close,1H Cloud Score,1D Cloud Score,1W Cloud Score,1M Cloud Score,Cloud Score Sum,1H TKx Score,1D TKx Score,1W TKx Score,1M TKx Score,TKx Score Sum,Total Score Sum
TJX,TJX Companies,122.53,-56,0,140,196,280,-11,-12,109,191,277,557
RSG,Republic Services,248.4,-2,25,116,175,314,-16,16,85,158,243,557
IBM,IBM,283.23,87,32,101,52,272,86,40,48,54,228,500
CASY,Casey's,506.07,49,7,105,85,246,46,7,109,76,238,484
WM,"Waste Management, Inc.",233.23,-4,24,87,185,292,-16,16,19,157,176,468
AJG,Arthur J. Gallagher & Co.,317.13,0,-8,157,184,333,4,-3,20,105,126,459
CTVA,Corteva,74.13,287,40,45,0,372,33,40,2,9,84,456
CTAS,Cintas,220.31,-20,47,11,163,201,-11,42,5,185,221,422
ICE,Intercontinental Exchange,179.8,23,33,104,159,319,35,34,14,19,102,421
ORLY,O'Reilly Auto Parts,88.31,-27,-6,155,197,319,-38,-1,46,87,94,413
ROL,"Rollins, Inc.",56.1,-18,49,23,284,338,-16,42,15,33,74,412
JPM,JPMorgan Chase,273.95,22,29,115,156,322,19,40,2,24,85,407
MSFT,Microsoft,480.24,119,34,8,171,332,6,42,2,23,73,405
HEI,HEICO (Common),311.3,36,34,17,187,274,33,32,8,55,128,402
ORCL,Oracle Corporation,210.71,119,26,3,196,344,-2,33,2,25,58,402
RTX,RTX Corporation,145.88,100,26,69,52,247,33,32,76,12,153,400
NFG,National Fuel Gas,85.4,34,111,52,50,247,38,42,63,8,151,398
WRB,W. R. Berkley Corporation,72.78,-2,82,86,174,340,-10,-2,16,53,57,397
PGR,Progressive Corporation,260.22,-61,-7,97,175,204,-10,-3,14,187,188,392
HWM,Howmet Aerospace,170.23,0,40,140,27,207,-2,40,84,52,174,381
CF,CF Industries,100.31,301,26,7,2,336,-2,38,2,6,44,380
RBLX,Roblox Corporation,102.69,196,39,45,0,280,38,40,8,9,95,375
HEI-A,HEICO (Class A),243.86,35,35,18,180,268,33,33,9,28,103,371
MCK,McKesson Corporation,728.83,37,100,34,56,227,5,40,30,65,140,367
WELL,Welltower,153.18,6,24,108,56,194,5,20,125,22,172,366
COR,Cencora,296.72,34,104,36,69,243,7,4,47,65,123,366
PLTR,Palantir Technologies,139.94,53,40,108,0,201,-7,42,111,18,164,365
COST,Costco,974.62,-70,36,109,178,253,-70,-3,2,182,111,364
FTI,TechnipFMC,35.32,107,27,9,25,168,116,31,2,35,184,352
KLAC,KLA Corporation,871.16,77,27,6,175,285,-2,42,2,24,66,351
BSX,Boston Scientific,101.39,0,4,136,142,282,19,-9,2,55,67,349
PM,Philip Morris International,182.6,0,100,62,53,215,-12,42,77,25,132,347
ORI,Old Republic International,37.0,0,1,139,56,196,-10,-2,109,53,150,346
NFLX,Netflix,1222.2,1,45,108,18,172,33,42,79,18,172,344
NRG,NRG Energy,152.66,0,40,95,92,227,-7,-1,105,19,116,343
CAH,Cardinal Health,165.4,35,49,47,36,167,35,40,40,55,170,337
CDNS,Cadence Design Systems,296.98,-10,39,9,139,177,-24,4,2,178,160,337
SO,Southern Company,88.63,-14,0,68,188,242,-16,16,15,77,92,334
SPOT,Spotify,710.19,27,41,104,10,182,-1,42,87,18,146,328
AXON,Axon Enterprise,770.37,-2,38,137,92,265,-10,42,2,28,62,327
HUBB,Hubbell Incorporated,398.77,9,25,0,180,214,13,43,-17,69,108,322
MNST,Monster Beverage,63.18,3,77,18,178,276,-10,40,11,2,43,319
AXS,AXIS Capital,101.94,-2,41,78,43,160,-10,40,74,51,155,315
PWR,Quanta Services,360.3,23,34,9,97,163,33,42,2,70,147,310
GS,Goldman Sachs,635.61,69,27,84,56,236,14,38,2,19,73,309
EHC,Encompass Health,119.78,-1,41,135,27,202,5,58,16,27,106,308
BR,Broadridge Financial Solutions,237.77,-38,26,106,143,237,6,40,2,23,71,308
LRCX,Lam Research,92.28,77,27,1,150,255,19,34,2,-3,52,307
CBOE,Cboe Global Markets,227.38,11,23,136,53,223,2,18,14,49,83,306
NDAQ,"Nasdaq, Inc.",86.37,3,33,68,142,246,3,40,2,12,57,303
LYV,Live Nation Entertainment,148.26,13,28,86,145,272,13,2,1,14,30,302
PR,Permian Resources,14.7,83,26,2,24,135,89,29,2,47,167,302
FAST,Fastenal,41.48,-11,49,115,104,257,-22,41,5,21,45,302
NVDA,Nvidia,145.47,21,26,6,132,185,56,34,2,24,116,301
BRO,Brown & Brown,108.3,14,-36,108,161,247,30,-3,-2,24,49,296
DE,Deere & Company,525.08,21,29,41,107,198,13,40,37,8,98,296
WMT,Walmart,95.13,0,41,119,99,259,4,-1,2,27,32,291
UNM,Unum,78.43,-3,27,177,38,239,1,-3,2,52,52,291
DRI,Darden Restaurants,222.84,21,46,36,59,162,19,40,40,28,127,289
INTU,Intuit,754.8,-7,40,9,189,231,-4,40,2,18,56,287
ETN,Eaton Corporation,334.73,21,27,1,112,161,33,40,-17,70,126,287
MA,Mastercard,538.92,-28,0,118,153,243,-29,40,2,24,37,280
RRC,Range Resources,42.58,49,27,26,40,142,55,28,2,53,138,280
LOPE,Grand Canyon Education,188.35,0,38,139,33,210,19,-7,26,32,70,280
ADI,Analog Devices,229.71,0,27,3,177,207,13,33,2,24,72,279
VRSN,Verisign,281.1,21,138,28,7,194,30,6,44,5,85,279
OLLI,Ollie's Bargain Outlet,120.32,21,27,107,14,169,26,8,55,21,110,279
RS,"Reliance, Inc.",309.04,1,37,3,113,154,5,42,2,75,124,278
LPLA,LPL Financial,379.25,0,28,37,97,162,19,36,2,55,112,274
STE,Steris,236.17,-20,30,6,193,209,-14,40,14,23,63,272
CACI,CACI,454.52,36,10,0,152,198,12,1,6,55,74,272
FWONK,Liberty Formula 1 (Series C),101.97,12,30,62,55,159,19,37,2,54,112,271
ALL,Allstate,195.69,-8,26,89,157,264,-9,-3,3,15,6,270
BWXT,BWX Technologies,140.52,126,25,5,33,189,5,42,2,29,78,267
ADP,Automatic Data Processing,306.2,-55,30,77,178,230,-53,33,2,55,37,267
PAYX,Paychex,150.29,-50,33,76,165,224,-9,33,5,12,41,265
PANW,Palo Alto Networks,199.73,21,27,9,79,136,32,38,2,55,127,263
FWONA,Liberty Formula 1 (Series A),92.01,7,29,61,60,157,13,38,1,54,106,263
EMR,Emerson Electric,128.65,84,27,8,62,181,21,33,2,24,80,261
DGX,Quest Diagnostics,179.77,70,41,60,16,187,-6,7,60,12,73,260
LLY,Lilly (Eli),784.5,-2,-2,0,170,166,-11,6,2,94,91,257
MMC,Marsh McLennan,214.34,-62,-8,0,173,103,-16,-3,-3,176,154,257
MU,Micron Technology,121.8,91,26,1,20,138,86,32,2,-3,117,255
CHD,Church & Dwight,95.88,-28,-51,-8,342,255,-33,14,-6,23,-2,253
YUM,Yum! Brands,138.36,-21,-19,20,257,237,-40,-15,14,55,14,251
RBA,RB Global,104.62,-11,38,96,25,148,-19,1,101,20,103,251
EBAY,eBay,77.53,-6,36,69,12,111,11,40,74,14,139,250
TRV,Travelers Companies (The),265.02,0,41,83,56,180,3,-3,16,54,70,250
VIRT,Virtu Financial,42.67,22,41,68,12,143,30,1,63,12,106,249
TDG,TransDigm Group,1414.49,-2,40,11,155,204,-12,-1,2,55,44,248
RCL,Royal Caribbean Group,267.77,2,27,113,26,168,13,40,2,25,80,248
LH,Labcorp,261.4,114,33,47,13,207,-2,33,-7,16,40,247
AM,Antero Midstream,18.13,-56,33,140,21,138,-12,-2,70,53,109,247
MCD,McDonald's,289.6,-71,-8,44,240,205,-18,-11,14,55,40,245
VRSK,Verisk Analytics,306.23,-56,36,60,112,152,-19,33,51,26,91,243
JBL,Jabil,204.66,21,30,11,63,125,20,40,3,55,118,243
MTSI,MACOM Technology Solutions,134.39,88,27,8,56,179,7,39,-13,27,60,239
CME,CME Group,272.1,0,1,46,134,181,2,-4,42,17,57,238
IRM,Iron Mountain,102.65,22,32,0,55,109,32,40,2,54,128,237
MKL,Markel,1950.86,21,26,60,53,160,23,40,-10,24,77,237
DTE,DTE Energy,131.79,-20,0,66,187,233,-19,-8,19,11,3,236
GOOG,Alphabet (Class C),173.98,-1,16,0,174,189,-1,38,-11,19,45,234
GOOGL,Alphabet (Class A),173.31,-1,16,0,174,189,-1,38,-11,19,45,234
MPWR,Monolithic Power Systems,693.24,-6,27,-18,155,158,12,37,2,24,75,233
DUK,Duke Energy,114.58,-18,-12,68,181,219,-18,4,14,14,14,233
BK,BNY Mellon,91.6,9,29,86,38,162,19,33,2,17,71,233
TKO,TKO Group Holdings,175.93,21,37,63,38,159,19,4,2,48,73,232
HIG,Hartford (The),124.91,-2,41,86,55,180,-9,-7,13,54,51,231
NWS,News Corp (Class B),32.3,7,30,104,56,197,19,-7,2,19,33,230
LIN,Linde plc,458.7,-20,25,5,108,118,-34,40,2,104,112,230
EME,Emcor,484.94,22,27,9,56,114,30,42,-13,55,114,228
PAG,Penske Automotive Group,170.55,21,28,7,60,116,13,42,2,55,112,228
NI,NiSource,39.29,-2,24,66,43,131,-12,16,81,12,97,228
AVGO,Broadcom,251.31,-2,30,11,114,153,2,42,2,28,74,227
LMT,Lockheed Martin,468.59,0,5,-21,163,147,-9,16,2,70,79,226
FIX,Comfort Systems USA,499.03,22,30,9,62,123,5,42,2,53,102,225
BYD,Boyd Gaming,76.07,21,27,40,57,145,13,40,2,25,80,225
MS,Morgan Stanley,132.52,7,27,68,62,164,6,38,2,14,60,224
MPC,Marathon Petroleum,167.44,63,29,0,47,139,56,33,2,-6,85,224
MSI,Motorola Solutions,404.74,-56,-11,0,151,84,-23,-2,-19,183,139,223
CRWD,CrowdStrike,485.08,42,40,37,0,119,42,42,2,18,104,223
EOG,EOG Resources,123.83,68,6,0,43,117,62,7,-13,49,105,222
BKNG,Booking Holdings,5277.57,-42,39,128,33,158,-2,40,2,24,64,222
WMB,Williams Companies,59.09,-21,26,104,50,159,-12,18,2,55,63,222
XOM,ExxonMobil,113.21,63,6,1,42,112,55,5,1,48,109,221
TT,Trane Technologies,419.83,-5,35,8,162,200,-8,-1,2,27,20,220
HOOD,Robinhood Markets,78.36,22,29,73,0,124,38,40,2,16,96,220
GGG,Graco Inc.,84.61,-5,27,-2,176,196,3,-11,2,27,21,217
MSA,MSA Safety,165.1,1,29,-27,162,165,13,40,2,-3,52,217
HON,Honeywell,221.78,-38,27,8,176,173,-16,36,2,20,42,215
SEIC,SEI Investments Company,83.22,-2,33,84,33,148,-1,40,2,24,65,213
RBC,RBC Bearings,371.93,-17,31,85,56,155,-43,40,6,55,58,213
JCI,Johnson Controls,103.47,21,35,67,17,140,14,40,2,16,72,212
SCHW,Charles Schwab Corporation,89.91,21,40,69,9,139,19,40,2,12,73,212
GWRE,Guidewire Software,246.81,0,40,102,19,161,-10,40,2,18,50,211
AN,AutoNation,193.02,1,29,9,59,98,13,42,2,55,112,210
USFD,US Foods,75.28,-51,30,135,33,147,-3,40,2,24,63,210
RJF,Raymond James Financial,148.2,21,26,84,56,187,26,-9,-12,17,22,209
PTC,PTC Inc.,166.63,-11,26,-18,180,177,-8,34,-19,24,31,208
ARES,Ares Management,167.35,-18,27,9,57,75,-14,40,2,104,132,207
MP,MP Materials,37.2,98,10,24,0,132,29,7,37,2,75,207
ACM,AECOM,110.41,-3,33,8,63,101,-7,40,2,69,104,205
J,Jacobs Solutions,127.3,21,25,0,104,150,13,40,-16,17,54,204
EXE,Expand Energy,120.75,22,47,33,0,102,28,32,33,8,101,203
PSX,Phillips 66,124.83,56,26,0,39,121,56,28,1,-3,82,203
T,AT&T,27.67,-11,24,62,14,89,-26,40,86,13,113,202
SGI,Somnigroup International,65.0,1,27,33,62,123,13,40,2,24,79,202
EQT,EQT Corporation,59.37,28,33,33,40,134,30,-4,33,8,67,201
FDS,FactSet,425.08,0,-6,-3,192,183,5,-9,1,21,18,201
VLO,Valero Energy,139.43,49,27,0,42,118,55,29,1,-3,82,200
ROP,Roper Technologies,555.69,-25,0,21,180,176,-28,-9,36,24,23,199
AZO,AutoZone,3602.69,-61,-4,86,84,105,1,-8,46,55,94,199
EPR,EPR Properties,57.19,7,29,49,27,112,5,40,22,19,86,198
WWD,"Woodward, Inc.",239.11,21,36,11,33,101,33,38,2,24,97,198
VST,Vistra Corp.,181.19,27,26,11,28,92,35,39,-13,43,104,196
L,Loews Corporation,88.33,0,27,104,53,184,-10,-3,2,22,11,195
LNG,Cheniere Energy,235.06,0,33,52,56,141,-12,10,2,54,54,195
TPR,"Tapestry, Inc.",84.25,21,27,72,19,139,13,33,-7,17,56,195
HCA,HCA Healthcare,377.02,9,41,6,95,151,11,-3,8,27,43,194
COF,Capital One,197.18,-13,33,86,19,125,11,40,2,16,69,194
NTRA,Natera,170.87,23,18,84,16,141,18,16,2,17,53,194
CTRA,Coterra,26.75,91,5,3,42,141,26,19,-4,11,52,193
CELH,Celsius Holdings,44.08,21,66,0,63,150,18,22,10,-7,43,193
DASH,DoorDash,220.52,23,26,89,0,138,-3,39,2,16,54,192
AXP,American Express,296.42,1,27,9,97,134,12,40,-13,19,58,192
DINO,HF Sinclair,41.45,69,29,0,0,98,63,34,2,-6,93,191
ITT,ITT Inc.,150.67,-2,33,8,97,136,-12,40,2,24,54,190
TTWO,Take-Two Interactive,238.49,21,47,37,11,116,13,4,37,18,72,188
AME,Ametek,177.76,-14,27,1,104,118,-29,-2,2,99,70,188
SLM,Sallie Mae,31.7,0,34,82,20,136,3,-6,36,19,52,188
APH,Amphenol,93.46,1,40,11,63,115,3,42,2,25,72,187
KO,Coca-Cola Company (The),69.21,-25,-2,20,180,173,-29,15,15,12,13,186
CWEN-A,Clearway Energy (Class A),30.21,47,25,50,4,126,2,36,14,8,60,186
KD,Kyndryl,40.22,0,29,101,0,130,13,34,-9,18,56,186
AMGN,Amgen,289.44,-7,0,0,163,156,-14,15,-6,34,29,185
RL,Ralph Lauren Corporation,267.82,0,29,86,32,147,13,-2,2,24,37,184
FERG,Ferguson Enterprises,214.25,7,29,3,63,102,17,40,2,23,82,184
AR,Antero Resources,43.02,42,27,33,8,110,60,4,2,8,74,184
FTNT,Fortinet,100.84,-7,26,46,111,176,-4,-1,2,11,8,184
AAPL,Apple Inc.,196.25,-41,-6,-2,249,200,-53,-16,-17,69,-17,183
ATO,Atmos Energy,152.36,-5,-3,66,43,101,-19,-20,77,43,81,182
CWEN,Clearway Energy (Class C),32.09,45,25,50,2,122,2,36,14,8,60,182
FYBR,Frontier Communications,36.2,0,3,81,0,84,13,-14,86,12,97,181
MO,Altria,59.49,0,24,62,43,129,4,15,18,14,51,180
CW,Curtiss-Wright,462.57,0,35,11,52,98,-10,42,2,47,81,179
OMF,OneMain Financial,53.65,7,27,9,58,101,12,38,2,24,76,177
KMI,Kinder Morgan,27.58,-2,25,84,42,149,-10,-1,-11,50,28,177
PEG,Public Service Enterprise Group,82.07,8,6,0,150,164,5,13,-20,15,13,177
UGI,UGI Corporation,36.38,11,41,34,2,88,5,40,41,3,89,177
EQH,Equitable Holdings,52.86,0,27,84,9,120,5,33,2,17,57,177
ETR,Entergy,80.92,-20,-2,65,20,63,-20,40,81,12,113,176
HES,Hess Corporation,143.58,94,2,2,53,151,14,12,-3,1,24,175
MDLZ,Mondelez International,66.35,-3,-2,0,180,175,-19,14,11,-7,-1,174
CSCO,Cisco,65.86,16,27,40,12,95,20,33,2,23,78,173
AIZ,Assurant,195.5,-6,0,0,150,144,-8,31,-12,17,28,172
DLTR,Dollar Tree,97.58,70,44,0,-13,101,31,43,17,-20,71,172
TMUS,T-Mobile US,220.97,-53,-28,86,137,142,-54,-38,88,33,29,171
CAT,Caterpillar Inc.,359.82,7,26,0,62,95,2,33,-16,55,74,169
ATI,ATI Inc.,82.17,-2,34,8,41,81,-5,40,2,50,87,168
KEX,Kirby Corporation,112.86,12,27,0,33,72,13,40,2,40,95,167
NEM,Newmont,58.27,35,51,11,3,100,35,13,11,8,67,167
MRVL,Marvell Technology,74.95,21,1,-13,104,113,18,32,-13,16,53,166
AMD,Advanced Micro Devices,126.79,21,26,-34,108,121,14,33,2,-5,44,165
APG,APi Group,48.95,21,34,10,0,65,33,40,2,24,99,164
FFIV,"F5, Inc.",286.37,-13,26,86,12,111,-5,40,2,15,52,163
PPC,Pilgrim's Pride,45.9,0,-11,78,19,86,-2,-32,95,16,77,163
PFGC,Performance Food Group,84.98,-41,30,45,41,75,-10,40,2,55,87,162
DTM,DT Midstream,105.28,-17,33,95,0,111,-14,40,2,23,51,162
WFC,Wells Fargo,74.75,0,27,84,27,138,7,-2,2,17,24,162
BKR,Baker Hughes,38.97,91,0,0,33,124,-2,26,-11,24,37,161
BEN,Franklin Templeton Investments,22.6,64,30,0,0,94,44,40,2,-20,66,160
ARMK,Aramark,40.13,4,31,7,38,80,-12,35,2,54,79,159
VMI,Valmont Industries,320.26,-2,17,54,56,125,-2,37,-9,8,34,159
CVNA,Carvana,307.94,-35,39,84,9,97,2,42,2,14,60,157
ALNY,Alnylam Pharmaceuticals,312.44,34,26,9,13,82,26,34,2,13,75,157
NVT,Nvent Electric,70.49,22,27,0,10,59,80,40,-20,-3,97,156
KR,Kroger,65.52,0,-12,71,65,124,-2,-23,42,13,30,154
UNP,Union Pacific Corporation,222.02,-14,0,-6,196,176,-36,8,-12,17,-23,153
RGLD,Royal Gold,179.22,0,5,53,16,74,-9,14,60,14,79,153
TW,Tradeweb,138.79,2,5,101,0,108,30,-9,2,21,44,152
AMP,Ameriprise Financial,505.77,-6,26,1,62,83,13,-2,-12,69,68,151
SNX,TD Synnex,124.68,0,27,7,61,95,13,33,-9,19,56,151
EVR,Evercore,246.91,5,26,0,56,87,17,40,-18,24,63,150
ABT,Abbott Laboratories,132.43,-11,24,48,11,72,-16,42,40,12,78,150
MTG,MGIC Investment Corporation,26.95,10,40,11,53,114,2,6,2,26,36,150
GD,General Dynamics,278.52,0,49,0,52,101,-12,4,2,55,49,150
OGE,OGE Energy,43.88,-17,0,60,43,86,-18,9,60,12,63,149
MCO,Moody's Corporation,470.52,-35,27,8,154,154,-54,35,-10,23,-6,148
PLNT,Planet Fitness,107.69,7,23,55,11,96,4,34,2,12,52,148
AIG,American International Group,84.27,-2,24,20,51,93,-7,27,15,19,54,147
NET,Cloudflare,181.33,15,27,31,0,73,18,37,2,17,74,147
AON,AON,350.74,-56,-3,0,175,116,-14,-3,-7,54,30,146
H,Hyatt Hotels,132.55,9,10,-15,53,57,19,33,-19,53,86,143
EVRG,Evergy,66.77,0,8,50,12,70,-12,8,69,8,73,143
TXRH,Texas Roadhouse,192.99,10,28,1,62,101,13,-2,2,29,42,143
NEU,NewMarket,649.78,0,49,11,27,87,-25,41,14,25,55,142
RPM,RPM International,106.99,-28,-1,-11,178,138,-38,33,-19,28,4,142
CB,Chubb Limited,282.11,-56,-3,93,56,90,-14,-3,14,54,51,141
STAG,STAG Industrial,36.33,-17,27,1,94,105,3,33,2,-2,36,141
MTZ,MasTec,164.68,23,33,11,16,83,5,40,2,11,58,141
GEV,GE Vernova,490.36,21,39,0,0,60,35,42,3,0,80,140
PPL,PPL Corporation,33.59,-20,-4,68,21,65,-18,1,80,12,75,140
TSCO,Tractor Supply Company,52.03,7,0,0,83,90,-11,3,-25,83,50,140
BJ,BJ's Wholesale Club,108.31,-4,-1,70,8,73,-12,-10,32,56,66,139
ZS,Zscaler,305.47,22,40,9,3,74,5,42,2,16,65,139
SF,Stifel,97.17,7,17,0,57,81,19,32,-12,18,57,138
VRT,Vertiv,119.09,21,26,1,6,54,33,40,-13,24,84,138
DLR,Digital Realty,176.66,5,33,7,20,65,14,40,2,17,73,138
WCC,Wesco International,176.73,7,26,0,56,89,-31,40,-16,55,48,137
SCI,Service Corporation International,78.31,-18,10,0,173,165,-30,10,-19,11,-28,137
MTDR,Matador Resources,51.08,84,7,-21,1,71,56,27,-14,-4,65,136
STLD,Steel Dynamics,130.07,-2,39,0,53,90,-9,-2,2,55,46,136
DOX,Amdocs,92.34,-2,36,9,56,99,-2,34,2,3,37,136
AAON,AAON,71.85,-51,-7,-5,243,180,-47,-9,-17,29,-44,136
CINF,Cincinnati Financial,145.64,-49,33,77,60,121,1,-2,2,13,14,135
CVX,Chevron Corporation,148.22,63,0,1,46,110,14,10,-4,4,24,134
BRK-B,Berkshire Hathaway,485.09,-38,-12,116,60,126,-10,-24,17,24,7,133
SCCO,Southern Copper,95.27,-2,26,-13,60,71,-4,39,2,25,62,133
POST,Post Holdings,112.59,0,0,0,85,85,-17,7,2,55,47,132
WSO,Watsco,423.28,-28,-22,-5,194,139,-37,-20,-20,69,-8,131
CLH,Clean Harbors,226.36,3,34,0,56,93,-12,-8,2,55,37,130
NTRS,Northern Trust,111.01,21,27,8,9,65,19,33,2,11,65,130
SHW,Sherwin-Williams,331.53,-37,-4,-2,188,145,-33,-2,2,17,-16,129
SYK,Stryker Corporation,373.28,-37,27,9,157,156,-35,-7,-12,27,-27,129
MSTR,MicroStrategy,368.95,-14,41,91,17,135,-14,-12,2,18,-6,129
MSM,MSC Industrial Direct,82.12,7,27,0,56,90,2,42,2,-7,39,129
BSY,Bentley Systems,50.69,27,30,1,0,58,30,42,2,-4,70,128
FICO,Fair Isaac,1762.96,-8,-20,0,164,136,-5,-13,-20,29,-9,127
TRMB,Trimble Inc.,71.7,-2,27,71,2,98,-2,32,-12,10,28,126
META,Meta Platforms,695.4,7,27,9,27,70,13,32,-10,21,56,126
WAB,Wabtec,200.74,-14,29,11,47,73,-43,40,2,54,53,126
VICI,Vici Properties,32.33,0,8,50,13,71,-24,8,15,55,54,125
C,Citigroup,78.35,7,27,11,16,61,13,37,2,12,64,125
SNDK,SanDisk,46.62,69,3,0,0,72,26,27,0,0,53,125
TOST,"Toast, Inc.",42.57,0,28,69,0,97,12,-2,2,15,27,124
BALL,Ball Corporation,55.83,82,27,-27,-9,73,13,39,2,-3,51,124
NWSA,News Corp (Class A),28.07,7,27,1,56,91,19,-7,2,19,33,124
ITW,Illinois Tool Works,241.35,-28,0,-5,176,143,-37,-4,-6,27,-20,123
THG,Hanover Insurance,167.01,-49,25,53,22,51,-19,34,45,12,72,123
CXT,Crane NXT,54.54,-1,17,-17,53,52,-1,30,-13,54,70,122
WDC,Western Digital,59.18,21,27,4,10,62,19,38,2,1,60,122
BAC,Bank of America,45.05,7,27,9,16,59,15,34,2,12,63,122
ULTA,Ulta Beauty,473.17,16,37,4,2,59,26,40,4,-7,63,122
RPRX,Royalty Pharma,34.9,85,30,24,0,139,-9,9,18,-36,-18,121
LITE,Lumentum,88.4,22,25,6,1,54,38,33,-13,8,66,120
GILD,Gilead Sciences,108.0,-14,21,43,33,83,-20,22,-3,37,36,119
ADC,Agree Realty,75.31,9,1,55,14,79,5,9,15,11,40,119
R,Ryder,151.64,7,12,3,54,76,12,-8,-15,54,43,119
SSNC,SS&C Technologies,79.51,-14,3,82,12,83,2,28,-7,13,36,119
OVV,Ovintiv,41.23,90,9,-29,1,71,55,12,-16,-4,47,118
SYF,Synchrony Financial,61.44,7,27,9,19,62,12,40,-12,16,56,118
X,U.S. Steel,54.85,14,21,11,24,70,12,17,15,4,48,118
THC,Tenet Healthcare,167.64,16,36,6,55,113,11,-1,-27,22,5,118
GE,GE Aerospace,235.9,-41,38,11,25,33,-2,38,22,27,85,118
SPGI,S&P Global,502.63,-35,27,8,170,170,-54,-8,-10,19,-53,117
STT,State Street Corporation,98.91,6,29,9,14,58,12,34,1,12,59,117
GTES,Gates Corporation,21.98,1,27,9,13,50,13,35,2,16,66,116
DELL,Dell Technologies,116.56,17,27,-17,30,57,19,40,2,-2,59,116
JEF,Jefferies Financial Group,53.21,7,3,-12,56,54,18,3,-15,55,61,115
RLI,RLI Corp.,71.45,-56,-11,-3,174,104,-20,-4,-21,56,11,115
AMAT,Applied Materials,172.94,1,27,-22,147,153,-2,7,-41,-3,-39,114
KIM,Kimco Realty,21.0,0,26,0,53,79,3,40,-20,12,35,114
SNPS,Synopsys,473.69,-13,14,-19,178,160,-29,6,-20,-3,-46,114
URI,United Rentals,698.78,-11,27,-2,62,76,5,-2,-21,55,37,113
ADM,Archer Daniels Midland,54.13,51,28,0,-9,70,55,4,2,-18,43,113
CI,Cigna,314.49,7,-12,1,56,52,-9,2,12,55,60,112
AVT,Avnet,50.91,-2,27,0,43,68,13,4,2,25,44,112
KNSL,Kinsale Capital Group,461.16,-7,12,0,31,36,-9,21,-19,83,76,112
PRI,Primerica,260.34,0,-4,0,106,102,1,-8,-12,28,9,111
KBR,"KBR, Inc.",52.79,-3,31,-22,62,68,-15,1,2,55,43,111
LDOS,Leidos,148.35,34,39,-5,21,89,12,-12,5,17,22,111
COIN,Coinbase,295.16,8,26,1,0,35,18,40,1,16,75,110
EXEL,Exelixis,40.73,-45,26,56,12,49,-5,-3,47,22,61,110
CHE,Chemed Corporation,546.09,-16,-20,-3,183,144,-20,-8,-1,-6,-35,109
MOS,Mosaic Company (The),36.44,16,47,8,-14,57,33,40,7,-28,52,109
CCK,Crown Holdings,102.53,21,37,9,3,70,18,9,2,10,39,109
EWBC,East West Bancorp,93.61,5,27,0,20,52,1,38,1,17,57,109
REG,Regency Centers,70.72,-38,25,60,51,98,3,-12,2,17,10,108
PEGA,Pegasystems,101.03,1,39,11,3,54,13,40,-12,13,54,108
TXN,Texas Instruments,198.33,0,27,1,20,48,13,31,2,14,60,108
BPOP,"Popular, Inc.",103.81,-16,34,9,57,84,-35,40,2,17,24,108
ARW,Arrow Electronics,123.5,21,34,0,2,57,14,40,2,-6,50,107
DDS,Dillard's,398.03,-2,9,6,52,65,-4,1,-9,53,41,106
BRX,Brixmor Property Group,25.81,6,9,0,53,68,6,6,2,24,38,106
GRMN,Garmin,198.3,-24,0,104,17,97,-29,28,-9,19,9,106
ODFL,Old Dominion Freight Line,155.94,-23,-1,-18,185,143,-33,-11,-23,30,-37,106
VRTX,Vertex Pharmaceuticals,448.37,-1,-31,-1,102,69,-20,6,15,35,36,105
NTAP,Netapp,102.74,0,12,-17,55,50,17,40,-22,20,55,105
NSC,Norfolk Southern,252.92,7,26,3,2,38,13,40,2,12,67,105
PCAR,Paccar,90.7,-26,0,-14,157,117,-35,-3,-6,32,-12,105
HIW,Highwoods Properties,31.83,7,33,3,4,47,4,40,2,11,57,104
PH,Parker Hannifin,651.83,-28,28,9,63,72,-38,40,2,28,32,104
UTHR,United Therapeutics,291.98,0,-7,-2,55,46,24,-2,-21,57,58,104
CBRE,CBRE Group,133.48,0,11,84,20,115,-20,7,-11,12,-12,103
AMG,Affiliated Managers Group,184.64,7,33,3,20,63,19,4,2,15,40,103
LHX,L3Harris,248.85,1,49,4,3,57,-12,42,4,12,46,103
RMD,Resmed,250.87,0,33,9,11,53,-2,39,1,11,49,102
SLGN,Silgan Holdings,53.71,-5,33,11,78,117,-20,-8,2,11,-15,102
AMZN,Amazon,212.55,0,17,9,19,45,18,32,-11,18,57,102
DT,Dynatrace,55.66,16,25,6,0,47,13,33,-10,18,54,101
FOXA,Fox Corporation (Class A),54.7,6,26,60,0,92,3,-1,-5,12,9,101
AFL,Aflac,102.6,7,-20,0,56,43,26,-23,2,53,58,101
HII,Huntington Ingalls Industries,234.22,37,66,0,4,107,7,-15,8,-7,-7,100
EA,Electronic Arts,151.0,32,3,0,5,40,31,2,8,19,60,100
TDY,Teledyne Technologies,488.92,-29,26,44,12,53,1,31,2,13,47,100
ADSK,Autodesk,295.09,-5,30,46,12,83,-1,-2,2,17,16,99
KKR,KKR & Co. Inc.,122.38,-6,16,0,101,111,-28,9,-12,19,-12,99
GWW,W. W. Grainger,1042.45,-28,27,0,92,91,-47,-2,2,55,8,99
CMG,Chipotle Mexican Grill,51.83,0,11,-16,78,73,13,4,-18,27,26,99
ABBV,AbbVie,185.49,-13,0,9,56,52,-16,6,-6,62,46,98
WEC,WEC Energy Group,103.83,-23,-3,47,11,32,-19,16,60,9,66,98
INGR,Ingredion,136.86,-9,33,4,32,60,-19,1,2,54,38,98
LAMR,Lamar Advertising,119.78,-28,17,0,62,51,5,40,-19,19,45,96
QGEN,Qiagen,46.56,0,24,4,1,29,-11,65,2,11,67,96
GLW,Corning Inc.,50.45,-2,26,11,15,50,13,33,-12,12,46,96
DOV,Dover Corporation,175.64,-13,16,0,104,107,-8,-9,-11,17,-11,96
LECO,Lincoln Electric,201.11,0,26,0,63,89,-10,33,-12,-5,6,95
SPR,Spirit AeroSystems,36.88,-35,41,10,0,16,2,42,22,12,78,94
WPC,W. P. Carey,63.71,7,24,21,0,52,5,16,18,3,42,94
STWD,Starwood Property Trust,20.07,-1,27,10,56,92,-30,11,2,19,2,94
GRAL,"Grail, Inc.",48.47,45,7,0,0,52,10,40,-9,0,41,93
AMED,Amedisys,97.89,49,44,4,-38,59,2,7,17,8,34,93
FOX,Fox Corporation (Class B),50.21,6,26,59,0,91,3,-2,-6,7,2,93
CPNG,Coupang,28.39,0,33,9,0,42,-7,40,2,15,50,92
ACGL,Arch Capital Group,90.28,-3,1,0,60,58,-14,-3,2,49,34,92
MET,Metlife,78.55,0,26,0,56,82,13,-8,-12,16,9,91
DKNG,DraftKings,39.6,63,3,1,0,67,13,3,-10,18,24,91
WTFC,Wintrust Financial,118.81,-28,27,0,47,46,1,40,-13,17,45,91
SAIC,SAIC,104.75,14,-13,-29,65,37,5,-13,6,55,53,90
SRE,Sempra,74.39,-73,3,-7,179,102,1,-4,-21,12,-12,90
CCL,Carnival Corporation & plc,23.6,2,26,9,0,37,13,34,-12,17,52,89
COHR,Coherent Corp.,82.28,7,26,0,13,46,13,33,-16,13,43,89
UNH,UnitedHealth Group,307.31,0,-43,-10,-2,-55,-16,1,-23,182,144,89
LLYVA,Liberty Live (Series A),78.09,13,40,20,0,73,13,1,2,0,16,89
HLT,Hilton Worldwide,247.57,-28,27,8,62,69,10,-4,-10,24,20,89
LLYVK,Liberty Live (Series C),79.3,16,33,21,0,70,13,3,2,0,18,88
AWI,Armstrong World Industries,151.38,-30,34,86,19,109,-33,-7,2,17,-21,88
GEN,Gen Digital,29.36,-2,30,7,14,49,-10,32,2,14,38,87
ROK,Rockwell Automation,321.73,-1,30,7,13,49,13,32,2,-9,38,87
AYI,Acuity Brands,277.43,7,3,0,25,35,13,32,-13,18,50,85
CPRT,Copart,47.86,-35,-18,-5,174,116,-28,-14,-15,26,-31,85
VEEV,Veeva Systems,281.43,-14,30,37,6,59,-26,33,2,16,25,84
XYL,Xylem Inc.,125.14,-13,27,-2,20,32,-7,37,2,20,52,84
HPE,Hewlett Packard Enterprise,17.79,-13,23,-16,40,34,13,-2,-13,52,50,84
CAR,Avis Budget Group,129.8,21,43,1,-18,47,14,53,5,-35,37,84
CSL,Carlisle Companies,355.42,-43,-1,-3,176,129,-54,-12,2,18,-46,83
SKX,Skechers,62.42,0,25,-16,53,62,-23,32,-12,24,21,83
FCX,Freeport-McMoRan,41.19,0,27,-29,56,54,-2,33,2,-4,29,83
PSTG,Pure Storage,52.88,-28,26,0,40,38,5,-2,-13,55,45,83
CEG,Constellation Energy,306.32,6,27,8,0,41,26,-3,2,17,42,83
ANET,Arista Networks,90.26,-13,12,0,56,55,-22,8,-13,54,27,82
PRU,Prudential Financial,104.12,-2,17,-5,53,63,12,9,-19,17,19,82
OHI,Omega Healthcare Investors,36.99,0,2,0,38,40,6,10,-3,29,42,82
BHF,Brighthouse Financial,58.92,8,30,10,9,57,26,-9,2,6,25,82
TRGP,Targa Resources,169.3,0,0,0,49,49,-12,4,-12,52,32,81
ZI,ZoomInfo,10.34,98,0,-15,0,83,21,30,-20,-34,-3,80
NNN,NNN Reit,42.7,7,25,0,20,52,5,9,2,12,28,80
SNOW,Snowflake Inc.,212.04,3,30,7,0,40,5,40,2,-8,39,79
SOFI,SoFi,15.37,7,19,38,0,64,8,10,-12,9,15,79
NOC,Northrop Grumman,494.44,0,0,2,56,58,-12,14,9,10,21,79
ED,Consolidated Edison,100.73,-18,-11,20,45,36,-18,3,14,43,42,78
FIS,Fidelity National Information Services,80.48,7,42,0,-35,14,13,40,1,9,63,77
ROIV,Roivant Sciences,11.44,7,37,0,0,44,3,6,2,22,33,77
HAS,Hasbro,67.93,0,27,6,1,34,-6,38,2,9,43,77
IDA,Idacorp,113.71,-26,-4,48,16,34,1,16,18,8,43,77
DDOG,Datadog,130.0,19,17,-15,0,21,27,34,-18,13,56,77
HLI,Houlihan Lokey,173.09,-28,29,9,42,52,3,-4,2,24,25,77
RF,Regions Financial Corporation,21.97,1,26,0,20,47,3,33,-19,12,29,76
UBER,Uber,83.44,-5,39,10,0,44,9,-9,8,24,32,76
HBAN,Huntington Bancshares,15.72,-28,27,1,19,19,3,38,2,14,57,76
XPO,"XPO, Inc.",120.62,0,9,-1,59,67,-2,1,-15,25,9,76
MORN,"Morningstar, Inc.",302.92,-2,27,-12,26,39,5,33,-18,16,36,75
WSM,"Williams-Sonoma, Inc.",160.39,5,0,0,63,68,12,-15,-9,19,7,75
AEP,American Electric Power,101.18,-9,-16,65,21,61,-17,4,15,12,14,75
EXPD,Expeditors International,113.09,0,0,-12,129,117,-10,-2,-29,-1,-42,75
MRP,Millrose Properties,28.22,9,16,0,0,25,12,37,0,0,49,74
XP,XP Inc.,19.85,-7,41,4,0,38,-5,39,8,-6,36,74
AMH,American Homes 4 Rent,36.53,-2,2,0,66,66,4,-11,2,13,8,74
BX,Blackstone Inc.,137.46,-18,0,-5,140,117,-33,-13,-16,19,-43,74
ECL,Ecolab,260.17,-14,25,8,20,39,-20,35,2,17,34,73
DOCS,Doximity,57.06,3,0,46,0,49,13,8,-9,10,22,71
CG,Carlyle Group (The),47.08,0,18,0,19,37,1,29,-12,16,34,71
FHN,First Horizon Corporation,19.52,-36,27,44,2,37,3,33,-10,8,34,71
PNR,Pentair,96.94,-30,27,0,60,57,-32,40,-16,22,14,71
BLK,BlackRock,978.23,-17,26,9,20,38,-29,40,2,19,32,70
ALGM,Allegro MicroSystems,31.08,21,26,3,0,50,14,27,-7,-14,20,70
IBKR,Interactive Brokers,52.6,-7,-1,-1,-1,-10,-7,42,-10,55,80,70
GLPI,Gaming and Leisure Properties,46.39,-26,-35,1,63,3,3,7,2,55,67,70
AEE,Ameren,94.41,-25,-4,48,11,30,-19,-2,53,8,40,70
MMM,3M,142.54,-17,27,66,12,88,-28,-4,2,12,-18,70
NBIX,Neurocrine Biosciences,127.38,7,18,-20,23,28,19,37,-12,-2,42,70
JNPR,Juniper Networks,35.85,0,22,0,52,74,19,-13,-29,18,-5,69
CUZ,Cousins Properties,30.53,9,17,3,9,38,7,10,2,11,30,68
BEPC,Brookfield Renewable Partners,31.76,0,28,2,0,30,-11,39,2,8,38,68
LAD,Lithia Motors,326.89,0,8,0,12,20,10,33,-14,19,48,68
MAR,Marriott International,257.52,-28,27,0,56,55,3,-4,-11,25,13,68
CIEN,Ciena,73.83,0,27,1,10,38,30,-2,-13,14,29,67
LNW,Light & Wonder,86.14,0,-1,-13,55,41,12,-2,-7,23,26,67
EGP,EastGroup Properties,170.81,-1,24,1,6,30,-2,39,2,-3,36,66
ALAB,Astera Labs,99.63,7,25,0,0,32,14,34,-14,0,34,66
TXT,Textron,76.62,-2,27,-27,51,49,-19,37,2,-3,17,66
BXP,"BXP, Inc.",71.78,-3,25,0,0,22,-10,40,2,11,43,65
IDXX,Idexx Laboratories,520.06,-4,34,6,2,38,-10,40,2,-6,26,64
BROS,Dutch Bros. Coffee,69.76,0,19,45,0,64,-1,-1,-7,9,0,64
MANH,Manhattan Associates,188.56,-6,21,-21,63,57,-3,3,-19,25,6,63
NOW,ServiceNow,981.41,-44,28,0,80,64,-5,-4,-12,20,-1,63
FCNCA,First Citizens BancShares,1845.7,1,9,-5,57,62,7,-12,-13,19,1,63
ECG,Everus Construction Group,59.81,-1,25,0,0,24,5,42,-9,0,38,62
KEY,Keycorp,16.01,0,27,0,2,29,7,33,-19,11,32,61
VNO,Vornado Realty Trust,40.51,0,17,3,2,22,8,33,-15,13,39,61
PODD,Insulet,301.76,-5,28,37,2,62,-9,-3,6,4,-2,60
CFG,Citizens Financial Group,41.33,3,15,0,2,20,7,32,-12,12,39,59
NOV,NOV Inc.,13.78,70,7,-47,-10,20,82,8,-38,-13,39,59
AL,Air Lease Corporation,56.42,-25,33,9,20,37,-38,33,2,24,21,58
K,Kellanova,78.92,-91,-7,61,19,-18,-4,-4,73,11,76,58
AGO,Assured Guaranty,85.59,8,1,0,54,63,-9,-19,2,20,-6,57
DG,Dollar General,112.28,0,68,0,-15,53,-3,16,14,-24,3,56
WHR,Whirlpool Corporation,91.81,84,4,-16,-24,48,28,26,-12,-34,8,56
RNR,RenaissanceRe,245.04,4,24,0,33,61,-9,-3,-21,26,-7,54
O,Realty Income,57.58,0,23,2,5,30,2,9,2,11,24,54
APO,Apollo Global Management,133.09,-14,9,-2,95,88,-28,-15,-15,24,-34,54
NYT,New York Times Company,54.05,-14,38,7,14,45,-10,-2,2,19,9,54
CRUS,Cirrus Logic,104.35,7,27,-15,17,36,13,3,2,-1,17,53
EQIX,Equinix,886.51,-31,27,9,32,37,-50,40,2,24,16,53
CHRD,Chord Energy,104.59,69,8,-42,1,36,56,11,-46,-4,17,53
SSD,Simpson Manufacturing Company,152.68,-37,-1,-18,154,98,-33,-15,-21,24,-45,53
BAH,Booz Allen Hamilton,102.05,-1,-16,-22,99,60,-8,-12,-24,36,-8,52
GL,Globe Life,119.74,-2,0,37,12,47,3,-3,-1,6,5,52
VNOM,Viper Energy,40.85,-2,4,-1,42,43,-19,3,-20,45,9,52
ROKU,"Roku, Inc.",81.47,21,8,2,-17,14,13,32,-10,2,37,51
PNW,Pinnacle West Capital,88.52,-18,-4,60,16,54,-18,-23,14,24,-3,51
AMT,American Tower,215.48,0,5,8,4,17,3,10,12,9,34,51
ISRG,Intuitive Surgical,509.35,-56,0,86,20,50,-2,-8,-13,24,1,51
SNV,Synovus,47.91,-28,27,0,19,18,3,33,-15,12,33,51
MLM,Martin Marietta Materials,538.51,-24,36,-2,58,68,-38,-7,2,25,-18,50
WING,Wingstop,350.35,-23,33,3,36,49,-33,33,-30,29,-1,48
SMCI,Supermicro,44.44,7,3,-43,56,23,14,26,-8,-7,25,48
RITM,Rithm Capital,11.2,-13,27,9,30,53,-20,-11,2,24,-5,48
AZEK,Azek,51.36,-11,45,13,0,47,-29,7,5,18,1,48
WTM,White Mountains Insurance Group,1750.21,-28,-7,0,57,22,-6,-10,-12,54,26,48
DUOL,Duolingo,478.82,-58,40,45,0,27,1,-7,6,21,21,48
SFD,Smithfield Foods,23.37,-3,22,0,0,19,-12,40,0,0,28,47
OZK,Bank OZK,44.94,-17,27,9,54,73,-35,3,-11,17,-26,47
PINS,Pinterest,34.78,4,12,0,0,16,17,28,-11,-3,31,47
WYNN,Wynn Resorts,86.92,21,29,-3,-1,46,14,-10,2,-6,0,46
TNL,Travel + Leisure Co.,48.89,-28,17,1,14,4,6,33,-9,12,42,46
SARO,StandardAero,29.74,-6,27,0,0,21,-11,34,2,0,25,46
FIVE,Five Below,123.17,-11,29,0,-14,4,13,38,3,-13,41,45
HD,Home Depot (The),346.99,-56,-2,-4,178,116,-61,-12,-16,17,-72,44
OXY,Occidental Petroleum,45.37,84,7,-47,0,44,56,9,-51,-14,0,44
VTR,"Ventas, Inc.",62.69,-17,-16,64,20,51,-12,-23,15,13,-7,44
CR,Crane Co.,178.51,-11,34,8,0,31,-28,36,2,3,13,44
PNC,PNC Financial Services,175.31,-17,17,0,12,12,3,32,-16,12,31,43
CUBE,CubeSmart,42.7,-16,33,-15,20,22,-31,38,2,12,21,43
NTNX,Nutanix,73.57,-56,33,23,20,20,7,-8,2,22,23,43
AWK,American Water Works,141.12,0,-4,18,4,18,1,4,14,6,25,43
AGCO,AGCO,102.59,9,29,0,0,38,19,-8,3,-11,3,41
LNT,Alliant Energy,60.01,-18,-3,60,12,51,-12,-11,2,11,-10,41
VMC,Vulcan Materials,258.05,-28,35,0,58,65,-42,-9,2,25,-24,41
CMS,CMS Energy,68.81,-18,-19,68,21,52,-12,-25,14,12,-11,41
CNM,Core & Main,56.15,-19,29,11,0,21,-45,40,2,22,19,40
ESAB,ESAB,118.17,-17,0,92,0,75,-43,-9,2,15,-35,40
ADT,ADT Inc.,8.14,-17,47,23,0,53,-35,-2,17,6,-14,39
JHG,Janus Henderson,36.64,0,12,0,17,29,13,-8,-11,16,10,39
OSK,Oshkosh Corporation,109.59,0,26,3,2,31,-8,31,-12,-3,8,39
FNB,FNB Corporation,13.79,-28,27,-5,53,47,-33,7,1,17,-8,39
ZBRA,Zebra Technologies,291.72,0,13,-13,-5,-5,13,32,-13,11,43,38
CVS,CVS Health,66.86,58,0,2,-15,45,-5,6,17,-26,-8,37
AFRM,Affirm Holdings,61.68,1,9,4,0,14,7,10,-9,15,23,37
ALLY,Ally Financial,36.84,1,17,-2,2,18,7,11,-13,14,19,37
FOUR,Shift4,91.84,-31,7,0,0,-24,12,36,-9,22,61,37
TWLO,Twilio,116.67,0,19,39,-32,26,12,-1,-10,9,10,36
VVV,Valvoline,36.46,14,12,-18,29,37,13,28,-40,-2,-1,36
DCI,Donaldson Company,68.41,-41,27,-2,63,47,-38,-3,2,28,-11,36
AFG,American Financial Group,122.67,-5,-1,-4,54,44,1,-23,2,12,-8,36
BA,Boeing,197.73,-35,40,0,0,5,-2,40,2,-9,31,36
ALLE,Allegion,136.8,-38,39,0,19,20,3,-9,2,20,16,36
HST,Host Hotels & Resorts,15.72,0,27,-24,2,5,12,40,-19,-4,29,34
SLB,Schlumberger,35.85,59,0,-62,0,-3,55,3,-13,-8,37,34
CTSH,Cognizant,79.14,-12,27,8,12,35,-4,-3,-10,16,-1,34
AS,Amer Sports,36.19,-16,27,0,0,11,-11,32,2,0,23,34
ANSS,Ansys,336.23,-12,27,9,9,33,-28,6,2,21,1,34
AVB,AvalonBay Communities,206.61,0,8,0,14,22,-9,7,1,13,12,34
APPF,AppFolio,223.75,0,12,0,26,38,-23,4,-12,26,-5,33
PG,Procter & Gamble,158.02,-71,-4,-1,177,101,-84,-2,-6,24,-68,33
PEN,"Penumbra, Inc.",257.0,3,-16,24,9,20,-8,-19,38,1,12,32
AMTM,Amentum,21.85,-4,39,0,0,35,-9,4,2,0,-3,32
MCHP,Microchip Technology,68.02,0,27,-38,1,-10,12,33,2,-5,42,32
CNH,CNH Industrial,12.82,7,28,11,0,46,13,-8,2,-21,-14,32
ATR,AptarGroup,149.76,-17,33,0,18,34,-21,-7,2,23,-3,31
JKHY,Jack Henry & Associates,181.47,3,24,8,2,37,7,-3,-19,9,-6,31
PFG,Principal Financial Group,75.96,-2,0,-5,53,46,-11,-9,-12,16,-16,30
INFA,Informatica,24.15,13,18,-34,0,-3,16,40,-19,-5,32,29
ESI,Element Solutions,21.37,-14,0,-12,55,29,12,-9,-21,18,0,29
KEYS,Keysight,160.14,-4,27,8,0,31,13,-9,-9,3,-2,29
PARAA,Paramount Global (Class A),22.58,3,3,31,0,37,5,-14,-4,4,-9,28
LVS,Las Vegas Sands,41.78,1,27,-14,-4,10,14,33,-18,-12,17,27
LOW,Lowe's,210.87,-47,-4,-12,164,101,-60,-12,-19,17,-74,27
IONS,Ionis Pharmaceuticals,37.01,7,30,-41,-9,-13,9,36,2,-8,39,26
INVH,Invitation Homes,33.74,10,2,1,5,18,2,-19,13,12,8,26
LEN-B,Lennar (Class B),99.31,-12,-2,-20,60,26,-5,4,-27,28,0,26
CMI,Cummins,314.84,-14,1,0,63,50,-38,-2,-13,28,-25,25
CNP,Centerpoint Energy,35.58,-70,-3,41,43,11,-13,-21,35,13,14,25
SNA,Snap-on,306.68,-28,-4,-1,57,24,-36,-7,-11,55,1,25
AGNC,AGNC Investment,9.27,0,12,3,14,29,-23,10,-6,15,-4,25
FITB,Fifth Third Bancorp,38.76,-28,3,-2,20,-7,5,32,-19,14,32,25
TYL,Tyler Technologies,568.64,-5,0,0,15,10,-8,26,-20,16,14,24
BWA,BorgWarner,33.3,0,29,0,0,29,-29,36,2,-14,-5,24
ZION,Zions Bancorporation,48.33,-16,9,-2,2,-7,1,32,-15,13,31,24
ESS,Essex Property Trust,284.08,0,9,0,12,21,-19,7,2,12,2,23
BG,Bunge Global,85.53,28,5,-36,0,-3,26,1,2,-3,26,23
MUSA,Murphy USA,407.47,-40,-29,-5,66,-8,4,-29,-21,77,31,23
SUI,Sun Communities,125.97,3,18,1,-22,0,4,8,2,9,23,23
TTEK,Tetra Tech,35.52,-4,25,-21,3,3,-14,40,-24,17,19,22
GDDY,GoDaddy,176.41,-11,0,0,20,9,15,-11,-11,20,13,22
RKT,Rocket Companies,13.78,7,1,-11,0,-3,-14,23,-2,18,25,22
DAR,Darling Ingredients,38.53,55,4,0,-18,41,28,3,-22,-28,-19,22
NU,Nubank,12.24,-14,38,0,0,24,-7,-15,2,17,-3,21
DPZ,Domino's,446.77,-7,-1,-1,8,-1,-2,-13,19,16,20,19
DIS,Walt Disney Company (The),117.83,0,27,7,-39,-5,-10,31,2,1,24,19
CSX,CSX Corporation,32.24,-3,26,-28,2,-3,-6,30,2,-4,22,19
EQR,Equity Residential,68.86,-2,26,0,11,35,-11,-18,2,11,-16,19
W,Wayfair,49.06,21,27,0,-39,9,13,33,2,-38,10,19
XEL,Xcel Energy,66.27,-28,-11,43,10,14,-43,-11,51,7,4,18
EXPE,Expedia Group,162.46,-28,0,41,9,22,-40,33,-10,12,-5,17
WBA,Walgreens Boots Alliance,11.39,60,27,0,-75,12,1,42,-5,-33,5,17
APP,AppLovin,344.56,-47,17,97,0,67,-56,-1,-9,16,-50,17
WBS,Webster Bank,51.57,-28,27,0,12,11,-33,35,-12,15,5,16
RYAN,Ryan Specialty,66.71,0,-8,0,0,-8,5,-3,-1,23,24,16
TOL,Toll Brothers,105.45,-13,11,-15,59,42,-33,4,-21,24,-26,16
KMPR,Kemper Corporation,63.29,7,17,0,2,26,-7,-3,-12,12,-10,16
NEE,NextEra Energy,71.58,-8,14,0,0,6,-12,9,2,11,10,16
DBX,Dropbox,28.32,-4,5,11,7,19,17,-14,-12,6,-3,16
MTB,M&T Bank,181.65,-28,27,0,20,19,-33,33,-16,12,-4,15
VNT,Vontier,35.74,-14,27,-5,0,8,-9,34,-15,-3,7,15
CARR,Carrier Global,69.86,-14,34,0,0,20,-22,-9,2,24,-5,15
VOYA,Voya Financial,66.54,-2,27,-15,2,12,-8,1,-20,29,2,14
EXR,Extra Space Storage,146.46,-28,24,-5,0,-9,-30,40,2,11,23,14
IR,Ingersoll Rand,80.81,-28,26,-13,21,6,-33,33,-20,27,7,13
UI,Ubiquiti,376.85,-31,28,44,8,49,-41,-5,2,8,-36,13
NLY,Annaly Capital Management,19.18,0,9,10,8,27,-23,1,-6,14,-14,13
PKG,Packaging Corporation of America,186.22,-37,0,-5,59,17,-38,27,-18,24,-5,12
RRX,Regal Rexnord,139.71,-2,27,-20,1,6,13,3,-21,11,6,12
FE,FirstEnergy,39.74,-21,-3,0,53,29,-19,-12,2,12,-17,12
EFX,Equifax,253.39,-14,39,-1,14,38,-32,-12,2,16,-26,12
MKSI,MKS Instruments,92.18,0,12,-19,-11,-18,14,32,-13,-3,30,12
EXC,Exelon,42.35,-14,-16,47,12,29,-18,-26,18,8,-18,11
SBUX,Starbucks,92.27,0,0,2,1,3,-17,26,-7,5,7,10
CSGP,CoStar Group,79.57,0,9,0,12,21,-23,4,15,-7,-11,10
TFC,Truist Financial,39.81,0,1,-2,2,1,3,9,-15,12,9,10
RGA,Reinsurance Group of America,195.58,-39,27,0,38,26,-43,-5,-19,51,-16,10
NVR,"NVR, Inc.",6980.99,-14,-2,-15,63,32,-24,-2,-24,27,-23,9
JLL,Jones Lang LaSalle,237.35,0,1,0,12,13,-11,6,-12,12,-5,8
NDSN,Nordson,213.58,-11,26,-28,0,-13,-9,32,2,-5,20,7
CL,Colgate-Palmolive,88.18,-20,-4,-3,21,-6,-20,15,-6,24,13,7
APD,Air Products,275.39,-14,0,0,14,0,-18,28,-11,8,7,7
TPL,Texas Pacific Land Corporation,1079.07,-21,-14,-1,56,20,-12,-14,2,11,-13,7
UAL,United Airlines Holdings,74.29,-38,0,0,9,-29,-6,39,-12,14,35,6
ILMN,"Illumina, Inc.",90.3,65,7,-20,-38,14,17,33,-20,-38,-8,6
PCOR,Procore,66.3,0,0,-3,0,-3,13,-13,-9,17,8,5
MSGS,Madison Square Garden Sports,191.19,1,1,-12,19,9,1,-12,-18,25,-4,5
CACC,Credit Acceptance,503.95,0,3,0,0,3,8,4,-7,-3,2,5
PHM,PulteGroup,99.13,-13,-2,-15,63,33,-33,4,-26,27,-28,5
CFLT,"Confluent, Inc.",23.94,-6,0,-8,0,-14,5,21,-10,2,18,4
OTIS,Otis Worldwide,95.68,-1,-2,0,0,-3,-12,1,-6,24,7,4
HRB,H&R Block,55.11,-56,-8,0,50,-14,-18,-20,6,50,18,4
PNFP,Pinnacle Financial Partners,103.62,-35,27,0,13,5,3,-8,-12,16,-1,4
NCLH,Norwegian Cruise Line Holdings,18.4,-28,0,-12,-3,-43,12,28,-12,18,46,3
CRH,CRH plc,89.02,-20,-2,0,62,40,-40,-13,-9,25,-37,3
SN,SharkNinja,89.31,7,3,0,0,10,12,-9,-10,0,-7,3
ACI,Albertsons,21.09,-3,-2,17,0,12,-4,-17,19,-7,-9,3
LNC,Lincoln Financial,33.17,1,1,10,-4,8,14,-15,-10,6,-5,3
INGM,Ingram Micro,19.48,-4,12,0,0,8,13,-9,-10,0,-6,2
DECK,Deckers Brands,101.0,-28,-6,-16,91,41,-38,-18,-12,29,-39,2
CHDN,Churchill Downs Incorporated,98.93,0,0,-23,0,-23,7,14,-24,28,25,2
COKE,Coca-Cola Consolidated,106.2,-23,-34,0,83,26,-33,-34,-7,50,-24,2
DHI,D. R. Horton,121.27,-12,-2,-20,63,29,-33,4,-27,28,-28,1
ELAN,Elanco,13.32,-14,30,-29,-5,-18,-10,32,1,-4,19,1
PARA,Paramount Global (Class B),12.05,5,28,0,-37,-4,9,34,4,-43,4,0
TSLA,"Tesla, Inc.",322.1,7,9,0,8,24,-10,-6,-16,8,-24,0
TER,Teradyne,86.31,2,0,-21,-4,-23,13,28,-15,-3,23,0
LAZ,Lazard,43.57,-2,10,-2,18,24,-11,-4,-20,11,-24,0
G,Genpact,42.13,-7,-32,45,0,6,-5,-3,-7,8,-7,-1
LII,Lennox International,547.93,-38,-4,0,36,-6,5,-11,-15,25,4,-2
NCNO,nCino,26.81,-7,12,-18,0,-13,-11,29,-20,13,11,-2
FANG,Diamondback Energy,148.73,0,9,-21,45,33,-5,12,-40,-3,-36,-3
CPT,Camden Property Trust,115.63,-18,17,8,0,7,-28,7,2,9,-10,-3
LEN,Lennar (Class A),103.39,-13,-2,-22,62,25,-5,4,-27,-1,-29,-4
APTV,Aptiv,67.67,-6,27,0,-22,-1,-5,33,2,-34,-4,-5
DXCM,Dexcom,80.97,-49,31,-2,-12,-32,-8,40,2,-7,27,-5
SOLV,Solventum,72.63,-14,0,0,0,-14,-11,28,-8,0,9,-5
SYY,Sysco,73.99,-2,14,-1,1,12,-36,27,-20,12,-17,-5
PSN,Parsons Corporation,68.0,-3,12,-19,0,-10,-18,11,-22,33,4,-6
MDT,Medtronic,85.73,-6,0,3,-4,-7,-12,8,-6,11,1,-6
INCY,Incyte,68.27,-2,13,0,-29,-18,-5,35,-23,5,12,-6
SNDR,Schneider National,23.93,-6,7,-15,0,-14,-7,26,-19,8,8,-6
ES,Eversource Energy,62.4,-20,30,7,-8,9,-25,33,2,-26,-16,-7
WMS,Advanced Drainage Systems,112.95,-3,11,-32,1,-23,12,3,2,-1,16,-7
OLED,Universal Display Corporation,153.34,-10,27,-29,0,-12,-28,34,2,-3,5,-7
THO,Thor Industries,85.88,-2,11,-18,0,-9,-8,33,-21,-4,0,-9
USB,U.S. Bancorp,43.27,-28,27,-2,2,-1,-38,33,-16,13,-8,-9
BIRK,Birkenstock,52.56,-36,29,-2,0,-9,2,-4,2,0,0,-9
QCOM,Qualcomm,153.67,-3,12,-17,20,12,-11,35,-44,-3,-23,-11
CCCS,CCC Intelligent Solutions,9.44,14,1,-20,0,-5,11,4,-19,-4,-8,-13
FHB,"First Hawaiian, Inc.",23.18,-27,0,-2,12,-17,-33,37,-12,12,4,-13
EIX,Edison International,50.48,0,-10,-24,-1,-35,5,-11,-21,48,21,-14
DKS,Dick's Sporting Goods,174.23,-16,-24,-5,61,16,-30,-18,-13,31,-30,-14
GAP,Gap Inc.,20.86,-34,-1,-4,16,-23,-2,-10,3,17,8,-15
TPG,TPG Inc.,49.96,-2,10,-5,0,3,-20,1,-16,17,-18,-15
CRM,Salesforce,259.55,-13,-4,-5,20,-2,-5,-14,-13,19,-13,-15
FNF,Fidelity National Financial,54.13,-14,-29,0,56,13,-20,-24,-3,19,-28,-15
CPAY,Corpay,314.42,-16,-1,-1,19,1,-28,-1,-11,23,-17,-16
APA,APA Corporation,20.31,91,9,-77,-10,13,56,13,-81,-17,-29,-16
LBRDK,Liberty Broadband (Series C),90.07,-28,38,39,-34,15,-28,-11,2,6,-31,-16
VZ,Verizon,41.66,-35,-3,22,8,-8,-32,-3,15,12,-8,-16
EEFT,Euronet Worldwide,100.05,-28,0,-1,-1,-30,-32,32,2,11,13,-17
MAT,Mattel,18.99,-3,26,6,0,29,-6,-2,-10,-29,-47,-18
DAL,Delta Air Lines,47.55,-35,0,-5,17,-23,-2,-4,-13,24,5,-18
A,Agilent Technologies,115.54,-6,1,-15,-3,-23,-10,30,-12,-3,5,-18
LBRDA,Liberty Broadband (Series A),89.3,-29,38,39,-34,14,-30,-10,2,6,-32,-18
MASI,Masimo,162.93,-28,0,38,-4,6,-38,13,-7,8,-24,-18
OKE,Oneok,81.17,-12,-53,-5,52,-18,-17,-15,-17,49,0,-18
JNJ,Johnson & Johnson,150.76,-14,-1,-1,0,-16,-16,15,-6,4,-3,-19
GPK,Graphic Packaging,21.27,-38,-71,-11,56,-64,8,-8,-24,69,45,-19
IRDM,Iridium Communications,28.76,0,9,-13,-17,-21,3,31,-15,-17,2,-19
SPG,Simon Property Group,157.09,-41,0,0,33,-8,-9,-15,-7,19,-12,-20
FTV,Fortive,69.85,-17,0,-13,31,1,-6,-4,-9,-3,-22,-21
ABNB,Airbnb,132.19,-14,12,-2,0,-4,-44,40,-10,-3,-17,-21
WAT,Waters Corporation,339.38,-14,-1,0,12,-3,-10,-8,-12,12,-18,-21
CNXC,Concentrix,53.16,-10,0,0,0,-10,-6,30,-4,-31,-11,-21
F,Ford Motor Company,10.42,0,41,-42,-15,-16,-8,3,2,-3,-6,-22
SBAC,SBA Communications,228.27,4,0,8,-18,-6,-7,-21,9,3,-16,-22
HSIC,Schein (Henry),71.13,0,3,-4,0,-1,-9,-3,-11,1,-22,-23
ZG,Zillow (Class A),65.95,-14,0,46,-39,-7,-33,9,-10,18,-16,-23
LFUS,Littelfuse,219.47,0,27,-17,0,10,-28,32,-31,-6,-33,-23
WBD,Warner Bros. Discovery,10.59,21,7,4,-40,-8,12,27,-12,-43,-16,-24
MDU,MDU Resources,16.15,-35,-3,0,38,0,-35,-15,2,24,-24,-24
TKR,Timken Company,70.61,-6,12,-16,2,-8,-32,31,-13,-3,-17,-25
ELF,e.l.f. Beauty,122.25,0,19,-42,29,6,-16,33,-46,-3,-32,-26
HXL,Hexcel,54.35,-11,0,-21,0,-32,-2,28,-13,-7,6,-26
OC,Owens Corning,130.58,-16,-6,-16,56,18,-33,-18,-20,27,-44,-26
MAS,Masco,60.91,-24,-2,-12,63,25,-33,-14,-24,19,-52,-27
GM,General Motors,48.1,-10,9,0,9,8,-27,1,-20,11,-35,-27
OWL,Blue Owl Capital,18.67,-14,6,-2,0,-10,-32,9,-13,19,-17,-27
UDR,"UDR, Inc.",41.12,-17,0,0,0,-17,-29,6,2,11,-10,-27
KDP,Keurig Dr Pepper,33.2,7,-13,0,0,-6,-11,-30,10,10,-21,-27
NVST,Envista,18.63,-6,12,-15,0,-9,-6,33,-15,-30,-18,-27
LPX,Louisiana-Pacific,86.53,-30,-2,-2,61,27,-56,-7,-16,24,-55,-28
ZM,Zoom Communications,77.49,-63,28,0,0,-35,12,-10,2,2,6,-29
ESTC,Elastic NV,83.45,-6,-1,-5,-4,-16,11,-12,-10,-2,-13,-29
ALSN,Allison Transmission,92.27,-56,0,0,33,-23,-22,-4,-13,32,-7,-30
PSA,Public Storage,290.81,-40,28,-3,13,-2,-38,-3,2,11,-28,-30
GXO,GXO Logistics,42.8,0,27,-29,0,-2,-29,33,-27,-6,-29,-31
BFAM,Bright Horizons,122.16,-66,25,6,6,-29,-16,-6,7,13,-2,-31
NUE,Nucor,126.2,16,4,-47,0,-27,21,5,-24,-6,-4,-31
KRC,Kilroy Realty,35.04,0,17,-12,-38,-33,-9,20,-18,9,2,-31
DVA,DaVita,135.75,-5,-46,-2,18,-35,11,-12,-12,17,4,-31
BRBR,BellRing Brands,60.72,0,-31,-5,0,-36,13,-23,-11,25,4,-32
TRU,TransUnion,84.82,-28,16,-3,0,-15,6,-12,-23,12,-17,-32
AKAM,Akamai Technologies,78.7,1,0,-18,-5,-22,13,2,-18,-8,-11,-33
SW,Smurfit Westrock,42.4,-11,0,0,0,-11,-2,-5,-15,0,-22,-33
FAF,First American Financial Corporation,57.79,0,-32,-5,12,-25,-14,1,-11,16,-8,-33
NXST,Nexstar Media Group,166.65,-15,26,0,2,13,-28,-2,-24,8,-46,-33
HOLX,Hologic,63.98,0,15,-27,0,-12,-11,22,-27,-5,-21,-33
FDX,FedEx,223.26,0,0,-18,30,12,-10,-14,-20,-2,-46,-34
ON,ON Semiconductor,52.27,0,12,-29,0,-17,-2,33,-35,-13,-17,-34
DNB,Dun & Bradstreet,9.07,10,6,-18,0,-2,13,10,-20,-35,-32,-34
Z,Zillow (Class C),67.5,-13,0,0,-5,-18,-33,9,-10,18,-16,-34
HR,Healthcare Realty Trust,15.05,60,-52,0,-37,-29,7,1,-21,7,-6,-35
IP,International Paper,46.14,-38,0,0,14,-24,-11,-2,-12,14,-11,-35
CIVI,Civitas Resources,32.02,63,2,-47,-4,14,-2,7,-47,-7,-49,-35
FCN,FTI Consulting,161.41,30,-13,-29,0,-12,30,-12,-39,-3,-24,-36
AMKR,Amkor Technology,20.36,1,12,-32,0,-19,18,8,-40,-3,-17,-36
CNA,CNA Financial,45.11,-74,-11,0,55,-30,-12,-12,-1,18,-7,-37
PYPL,PayPal,68.56,-14,17,-2,-37,-36,-25,33,-16,7,-1,-37
FSLR,First Solar,143.67,-14,26,-31,0,-19,-14,-2,2,-4,-18,-37
PATH,UiPath,12.38,-38,17,-3,0,-24,-2,-5,2,-8,-13,-37
SWKS,Skyworks Solutions,71.63,-6,25,-35,-28,-44,12,35,-38,-3,6,-38
FR,First Industrial Realty Trust,49.14,-4,1,-5,12,4,-33,-14,-7,12,-42,-38
AAP,Advance Auto Parts,48.54,-28,19,0,-26,-35,1,26,2,-32,-3,-38
D,Dominion Energy,54.19,-27,25,6,-32,-28,-18,-2,2,8,-10,-38
U,Unity Technologies,23.92,-41,16,0,0,-25,-23,40,2,-33,-14,-39
LSCC,Lattice Semiconductor,51.01,7,1,-12,-3,-7,5,-15,-9,-13,-32,-39
CMA,Comerica,55.85,-35,1,-2,2,-34,-33,32,-16,10,-7,-41
QRVO,Qorvo,80.22,-3,27,-35,-29,-40,6,35,-39,-3,-1,-41
WEX,WEX Inc.,139.14,-4,9,-35,-3,-33,-4,27,-26,-6,-9,-42
XYZ,"Block, Inc.",63.11,-11,5,-16,-34,-56,-4,24,-17,11,14,-42
EXP,Eagle Materials,195.55,-28,-16,-7,55,4,-37,-13,-21,25,-46,-42
HHH,Howard Hughes Holdings,69.39,0,0,-5,-4,-9,-8,-17,-20,12,-33,-42
BLD,TopBuild,297.97,-2,1,-21,44,22,-30,4,-38,-1,-65,-43
DLB,Dolby Laboratories,73.35,-14,-2,-2,0,-18,-7,-13,-12,6,-26,-44
LYFT,Lyft,14.7,-35,28,-2,0,-9,-36,-3,2,2,-35,-44
BBWI,"Bath & Body Works, Inc.",27.66,13,-14,-17,-13,-31,13,-15,-8,-4,-14,-45
UHS,Universal Health Services,171.15,-56,-4,-3,20,-43,8,-8,-27,24,-3,-46
KVUE,Kenvue,21.36,-13,-11,0,0,-24,-22,-12,11,1,-22,-46
HAL,Halliburton,22.28,69,0,-55,-3,11,-3,7,-54,-7,-57,-46
MEDP,Medpace,302.9,-24,1,-19,30,-12,-32,11,-11,-2,-34,-46
CART,Maplebear Inc.,43.15,-50,3,15,0,-32,-5,-1,-9,0,-15,-47
EG,Everest Group,332.91,-14,-8,-28,53,3,-10,-8,-29,-3,-50,-47
CROX,Crocs,100.07,-11,-1,-34,0,-46,13,-13,2,-3,-1,-47
VTRS,Viatris,8.77,-5,1,-17,-5,-26,-23,5,-21,17,-22,-48
CCI,Crown Castle,99.38,-2,0,-5,-26,-33,-10,-21,12,3,-16,-49
CHH,Choice Hotels,123.46,-25,-1,-5,13,-18,-32,-2,-9,12,-31,-49
ST,Sensata Technologies,28.33,1,27,-34,-13,-19,13,31,-41,-33,-30,-49
CFR,Frost Bank,123.55,-35,27,0,2,-6,-38,-3,-12,8,-45,-51
PLD,Prologis,105.06,-20,17,-15,0,-18,-33,1,2,-3,-33,-51
ROST,Ross Stores,128.02,-45,-4,-5,33,-21,-49,-12,3,27,-31,-52
WTRG,Essential Utilities,37.39,-21,-6,0,-1,-28,-19,-22,14,3,-24,-52
ACN,Accenture,306.2,-20,0,-15,12,-23,-33,-2,-11,17,-29,-52
AXTA,Axalta,29.41,-38,-14,-8,20,-40,2,-17,-21,24,-12,-52
OKTA,"Okta, Inc.",98.97,-56,-8,16,-22,-70,5,-12,21,4,18,-52
SEB,Seaboard Corporation,2790.08,7,1,0,-21,-13,-19,13,-6,-27,-39,-52
DVN,Devon Energy,34.01,0,9,-42,-3,-36,-4,6,1,-20,-17,-53
GEHC,GE HealthCare,71.88,-10,0,-12,0,-22,-28,1,-10,6,-31,-53
VAC,Marriott Vacations Worldwide,67.99,8,2,-17,-15,-22,13,-4,-17,-23,-31,-53
SEG,Seaport Entertainment Group,19.52,-16,0,0,0,-16,-27,9,-20,0,-38,-54
ELS,Equity Lifestyle Properties,63.11,6,-16,-13,0,-23,5,-11,-24,-1,-31,-54
AMCR,Amcor,9.06,-11,-4,-12,0,-27,-10,1,-27,9,-27,-54
MTD,Mettler Toledo,1146.94,-14,12,-15,0,-17,-33,32,-33,-3,-37,-54
IVZ,Invesco,14.73,0,3,-12,-4,-13,-29,-11,-12,11,-41,-54
AOS,A. O. Smith,63.09,-24,-5,-34,56,-7,-33,-13,2,-3,-47,-54
PINC,"Premier, Inc.",22.26,-46,38,9,-26,-25,-3,-2,7,-32,-30,-55
MSCI,MSCI,543.74,-38,25,0,12,-1,-48,-9,-15,18,-54,-55
AVTR,Avantor,13.3,-10,-2,-21,0,-33,-1,13,-32,-3,-23,-56
WH,Wyndham Hotels & Resorts,79.69,-34,-15,-3,9,-43,-2,-15,-9,13,-13,-56
PK,Park Hotels & Resorts,10.18,-6,-1,-18,-5,-30,12,-16,-20,-3,-27,-57
PVH,PVH Corp.,64.84,0,-10,-24,-1,-35,13,-10,-20,-5,-22,-57
DAY,Dayforce,56.25,-28,12,-12,-10,-38,-28,21,-16,3,-20,-58
LUV,Southwest Airlines,31.17,-34,26,8,-37,-37,-35,29,-17,2,-21,-58
BC,Brunswick Corporation,55.52,-3,11,-30,-5,-27,-30,27,-21,-7,-31,-58
VLTO,Veralto,97.03,-41,27,0,0,-14,-41,-4,1,0,-44,-58
HAYW,Hayward Holdings,13.48,-30,27,-5,0,-8,-35,-12,-18,14,-51,-59
MTN,Vail Resorts,155.18,17,17,-25,-21,-12,13,-7,-19,-34,-47,-59
GNRC,Generac,125.52,-11,11,-12,-32,-44,-33,29,-20,8,-16,-60
MOH,Molina Healthcare,295.33,4,-19,-5,0,-20,-20,-13,-1,-6,-40,-60
WDAY,"Workday, Inc.",236.89,-24,-1,-2,12,-15,-38,-13,-15,20,-46,-61
RIVN,Rivian,13.77,-31,29,0,0,-2,-33,-10,3,-19,-59,-61
AA,Alcoa,28.36,-6,0,-13,-18,-37,-4,27,-19,-30,-26,-63
FLS,Flowserve,46.43,-77,0,-3,25,-55,-10,-8,-13,23,-8,-63
FRT,Federal Realty Investment Trust,95.63,-26,9,-15,2,-30,-33,8,-21,12,-34,-64
RH,RH,189.11,-2,-1,-16,-5,-24,-19,-15,-15,7,-42,-66
BOKF,BOK Financial Corporation,92.59,-25,-4,-4,20,-13,-35,-12,-18,12,-53,-66
UHAL,U-Haul,62.17,-27,-2,-7,20,-16,-34,-15,-20,18,-51,-67
MGM,MGM Resorts International,33.95,21,7,-48,0,-20,13,1,-55,-7,-48,-68
MIDD,Middleby,141.79,-37,0,6,0,-31,-38,-2,-8,11,-37,-68
DD,DuPont,66.85,-14,0,-13,17,-10,-33,3,-27,-1,-58,-68
TFSL,Third Federal S&L,12.65,-37,1,0,3,-33,-42,-12,2,17,-35,-68
GTLB,GitLab,42.01,-42,-6,-13,0,-61,2,-14,-12,16,-8,-69
PENN,Penn Entertainment,17.26,9,0,-15,-32,-38,13,8,-10,-42,-31,-69
HPQ,HP Inc.,24.17,-41,-4,-17,0,-62,12,-12,-21,14,-7,-69
S,SentinelOne,17.6,-32,-4,-17,0,-53,6,-15,-20,12,-17,-70
WST,West Pharmaceutical Services,218.12,-4,10,-19,-5,-18,-37,10,-19,-6,-52,-70
WAL,Western Alliance Bancorporation,72.41,-18,0,-4,2,-20,-33,-14,-19,16,-50,-70
DHR,Danaher Corporation,194.37,-10,9,-21,0,-22,-23,8,-32,-2,-49,-71
PB,Prosperity Bancshares,67.68,-28,-2,-4,12,-22,-33,-12,-16,12,-49,-71
MKC,McCormick & Company,73.2,-14,-45,0,-2,-61,-19,7,-6,8,-10,-71
MAA,Mid-America Apartment Communities,148.92,-20,-13,0,0,-33,-30,-20,2,9,-39,-72
HSY,Hershey Company (The),169.75,0,0,-37,-2,-39,-19,8,-6,-17,-34,-73
REXR,Rexford Industrial,36.7,0,12,-38,-16,-42,5,27,-33,-30,-31,-73
LCID,Lucid Motors,2.22,7,-15,-24,0,-32,13,-12,-9,-33,-41,-73
KMB,Kimberly-Clark,127.89,-84,-4,0,16,-72,-19,-4,-3,24,-2,-74
IT,Gartner,399.33,-112,-4,-13,56,-73,-39,-7,-11,55,-2,-75
INTC,Intel,21.48,7,0,-61,-18,-72,13,3,-9,-10,-3,-75
CBSH,Commerce Bancshares,60.45,-41,0,0,2,-39,-40,-9,2,11,-36,-75
GPC,Genuine Parts Company,118.85,-45,25,-5,0,-25,-36,-2,2,-15,-51,-76
LOAR,Loar Holdings,82.41,-49,0,0,0,-49,-16,-17,6,0,-27,-76
TEAM,Atlassian,196.18,-40,-6,-2,-4,-52,-7,-16,-10,9,-24,-76
WFRD,Weatherford International,51.19,0,4,-36,0,-32,-9,7,-40,-3,-45,-77
BBY,Best Buy,67.76,-14,-1,-16,-4,-35,-35,6,-27,14,-42,-77
IQV,IQVIA,154.61,0,0,-32,-4,-36,-11,8,-34,-4,-41,-77
GME,GameStop,23.45,-43,-5,-2,-28,-78,10,-7,3,-5,1,-77
LEA,Lear Corporation,91.25,-14,27,-60,-15,-62,-11,7,1,-13,-16,-78
ZTS,Zoetis,155.76,-28,0,-27,-1,-56,-20,-1,1,-3,-23,-79
WY,Weyerhaeuser,25.97,-14,0,-15,0,-29,-30,9,-27,-6,-54,-83
HRL,Hormel Foods,30.16,-23,17,-2,-21,-29,-34,6,2,-28,-54,-83
SMG,Scotts Miracle-Gro Company,60.86,-25,23,-14,-37,-53,-44,26,-24,11,-31,-84
CHTR,Charter Communications,377.41,-24,0,10,-34,-48,-30,-12,2,4,-36,-84
INSP,Inspire Medical Systems,129.71,-1,-24,-15,-4,-44,11,-16,-20,-15,-40,-84
WTW,Willis Towers Watson,297.51,-71,-39,0,22,-88,-14,-3,-7,27,3,-85
JBHT,J. B. Hunt,138.93,-11,0,-23,-3,-37,-9,-11,-20,-8,-48,-85
SEE,Sealed Air,30.46,-28,27,-16,-22,-39,-36,38,-19,-30,-47,-86
AZTA,Azenta,29.94,0,0,-45,-29,-74,-15,21,-11,-7,-12,-86
PFE,Pfizer,23.89,-5,8,-25,-21,-43,-18,33,-33,-26,-44,-87
PPG,PPG Industries,108.25,-28,27,-38,-6,-45,-35,-4,2,-6,-43,-88
ENTG,Entegris,76.24,0,0,-36,-4,-40,-7,3,-41,-3,-48,-88
DOCU,DocuSign,75.29,-63,-7,-3,-10,-83,-2,-1,-12,9,-6,-89
BMY,Bristol Myers Squibb,46.86,-20,-52,-1,-3,-76,-23,13,-6,3,-13,-89
FI,Fiserv,161.35,-8,-53,-6,33,-34,-34,-39,-7,25,-55,-89
ETSY,Etsy,55.3,-28,17,-1,-28,-40,-45,27,2,-35,-51,-91
TXG,10x Genomics,10.88,63,8,-68,0,3,4,9,-67,-40,-94,-91
MKTX,MarketAxess,220.73,0,11,-20,-27,-36,-19,3,2,-42,-56,-92
COP,ConocoPhillips,93.8,0,6,-37,1,-30,-9,5,-53,-6,-63,-93
CHRW,C.H. Robinson,93.43,-40,0,0,0,-40,-38,-2,-19,6,-53,-93
MDB,MongoDB Inc.,204.1,-28,0,-18,-7,-53,-46,32,-19,-7,-40,-93
ALK,Alaska Air Group,46.9,-41,-2,-2,-1,-46,-41,-6,-9,7,-49,-95
SITE,SiteOne Landscape Supply,116.89,-16,1,-18,-7,-40,-33,4,-21,-6,-56,-96
YETI,Yeti Holdings,29.3,-28,-1,-27,-4,-60,-37,27,-18,-8,-36,-96
BURL,Burlington Stores,227.32,-35,-2,-2,0,-39,-43,-11,-18,15,-57,-96
CMCSA,Comcast,34.25,-13,0,-27,-7,-47,-23,4,-24,-6,-49,-96
IFF,International Flavors & Fragrances,74.89,-25,12,-15,-29,-57,-33,9,-27,9,-42,-99
COLB,Columbia Banking System,22.29,-34,-2,-2,-7,-45,-33,-12,-18,8,-55,-100
TROW,T. Rowe Price,92.1,-28,12,-15,-23,-54,-33,-8,-17,11,-47,-101
TECH,Bio-Techne,50.1,-11,-2,-19,-22,-54,-28,3,-19,-4,-48,-102
FND,Floor & Decor,73.83,-4,-2,-27,-4,-37,-24,-16,-21,-4,-65,-102
LSTR,Landstar,137.19,-25,-1,-27,0,-53,-9,-3,-34,-5,-51,-104
LKQ,LKQ Corporation,36.84,-35,-4,-2,0,-41,-33,-10,-6,-15,-64,-105
AVY,Avery Dennison,173.96,-26,26,-27,0,-27,-38,-2,-35,-3,-78,-105
EMN,Eastman Chemical Company,74.71,-35,-4,-13,0,-52,-33,-6,-27,13,-53,-105
RARE,Ultragenyx,37.37,-13,7,-19,-36,-61,-23,6,-27,-1,-45,-106
M,"Macy's, Inc.",11.08,-28,-1,-23,-13,-65,-7,-13,-17,-4,-41,-106
HUBS,HubSpot,544.46,-49,-6,-2,9,-48,-51,-14,-10,17,-58,-106
TSN,Tyson Foods,54.34,-26,-32,-3,-26,-87,-24,-1,-3,9,-19,-106
LYB,LyondellBasell,58.64,0,0,-36,0,-36,-19,3,-50,-5,-71,-107
IAC,IAC Inc.,36.8,8,3,-32,-29,-50,18,-13,-27,-36,-58,-108
MTCH,Match Group,30.3,-32,11,-18,-35,-74,8,19,-25,-36,-34,-108
REGN,Regeneron Pharmaceuticals,513.54,0,-14,-33,-2,-49,-12,-11,-34,-2,-59,-108
FMC,FMC Corporation,41.62,-5,16,-32,-22,-43,-33,20,-28,-24,-65,-108
CZR,Caesars Entertainment,27.75,2,0,-18,-23,-39,7,-14,-27,-35,-69,-108
CE,Celanese,54.42,-14,12,-35,-8,-45,-32,29,-53,-7,-63,-108
RNG,RingCentral,27.21,2,8,-18,-39,-47,13,-13,-18,-43,-61,-108
VKTX,Viking Therapeutics,26.27,-27,0,-32,19,-40,-28,-12,-25,-4,-69,-109
NWL,Newell Brands,5.43,-6,0,-19,-29,-54,-5,3,-19,-34,-55,-109
TGT,Target Corporation,95.14,-14,-1,-23,-9,-47,-35,7,-31,-4,-63,-110
SJM,J.M. Smucker Company (The),95.97,-49,-7,-4,-2,-62,-18,-7,-2,-21,-48,-110
FTRE,Fortrea,5.45,-2,-4,-28,0,-34,-20,1,-57,0,-76,-110
PAYC,Paycom,232.84,-50,40,11,-22,-21,-56,-1,2,-35,-90,-111
LINE,"Lineage, Inc.",44.5,-3,-52,0,0,-55,2,-35,-23,0,-56,-111
HUM,Humana,243.42,15,-34,-81,-10,-110,26,2,-12,-18,-2,-112
TTD,Trade Desk (The),68.64,-69,10,-19,2,-76,-32,-3,-19,18,-36,-112
IEX,IDEX Corporation,175.12,-25,-1,-20,0,-46,-32,-11,-20,-4,-67,-113
LW,Lamb Weston,53.22,-14,0,-64,-6,-84,-19,19,-18,-12,-30,-114
UAA,Under Armour (Class A),6.17,-23,17,-20,-42,-68,-30,37,-20,-35,-48,-116
JAZZ,Jazz Pharmaceuticals,108.19,-26,-6,-7,-4,-43,-37,8,-8,-37,-74,-117
CLF,Cleveland-Cliffs,7.34,-2,-6,-55,-14,-77,16,5,-55,-6,-40,-117
BILL,Bill.com,42.67,-38,-4,-16,0,-58,2,-15,-12,-35,-60,-118
CNC,Centene,55.16,0,-20,-36,-9,-65,-4,-18,-5,-26,-53,-118
VFC,VF Corporation,11.76,-32,-4,-12,-41,-89,-7,-15,-12,5,-29,-118
DOW,Dow Inc.,28.5,-6,-1,-35,0,-42,-23,3,-50,-6,-76,-118
COO,Cooper Companies (The),69.83,-2,-14,-19,-3,-38,-38,-18,-24,-1,-81,-119
SHC,Sotera Health,10.94,-41,-4,-19,0,-64,-42,-11,2,-4,-55,-119
OGN,Organon & Co.,9.88,0,-60,-21,0,-81,-10,8,-34,-2,-38,-119
TDC,Teradata,21.98,-2,3,-71,-15,-85,13,-14,-19,-14,-34,-119
UA,Under Armour (Class C),5.88,-23,19,-20,-35,-59,-30,29,-24,-35,-60,-119
RGEN,Repligen,117.47,-14,-7,-8,-15,-44,-32,3,-12,-35,-76,-120
UHAL-B,U-Haul (Series N),54.83,-28,-4,-15,0,-47,-37,-14,-29,7,-73,-120
EXAS,Exact Sciences,52.34,-35,33,-20,-23,-45,-33,-4,-24,-14,-75,-120
DV,DoubleVerify,14.18,-16,0,-62,0,-78,-33,9,-10,-8,-42,-120
CRL,Charles River Laboratories,145.33,-3,12,-46,-24,-61,-29,30,-55,-6,-60,-121
GPN,Global Payments,76.14,-28,-5,-19,-37,-89,3,-13,-16,-8,-34,-123
RVTY,Revvity,94.43,0,-70,-12,-22,-104,-6,3,-17,1,-19,-123
ONTO,Onto Innovation,97.04,-4,-88,-18,0,-110,-1,3,-13,-2,-13,-123
IPGP,IPG Photonics,66.91,-16,26,-78,-42,-110,13,33,-19,-42,-15,-125
BIO,Bio-Rad Laboratories,230.81,7,-20,-19,-26,-58,11,-20,-24,-35,-68,-126
MHK,Mohawk Industries,98.0,-14,-21,-18,-9,-62,-33,-18,-26,12,-65,-127
KNX,Knight-Swift,42.84,-41,-1,-17,0,-59,-39,-5,-13,-11,-68,-127
NSA,National Storage Affiliates,32.82,-28,-20,-7,-2,-57,-31,-21,-28,10,-70,-127
SWK,Stanley Black & Decker,64.6,-20,0,-21,-37,-78,-32,-4,-27,12,-51,-129
CERT,"Certara, Inc.",10.57,-35,-5,-7,0,-47,-33,-22,2,-30,-83,-130
MPW,Medical Properties Trust,4.43,-20,-27,-2,-34,-83,-5,-25,14,-33,-49,-132
PCTY,Paylocity,176.28,-56,-5,0,-1,-62,-56,-7,-11,3,-71,-133
SAIA,Saia,260.68,1,-84,-18,2,-99,-3,-10,-20,-3,-36,-135
COLM,Columbia Sportswear,60.05,-28,-70,-13,-4,-115,-11,-13,-8,11,-21,-136
POOL,Pool Corporation,284.86,-38,-6,-15,-4,-63,-33,-12,-21,-7,-73,-136
FIVN,Five9,27.37,-28,0,-71,-33,-132,11,32,-9,-38,-4,-136
EW,Edwards Lifesciences,74.0,-50,1,0,-12,-61,-63,-2,22,-33,-76,-137
AES,AES Corporation,10.51,-13,-2,-34,-9,-58,-14,1,-45,-22,-80,-138
FRPT,Freshpet,71.75,-57,-4,-16,-4,-81,-54,-8,-12,17,-57,-138
BAX,Baxter International,29.8,-14,-2,-15,-36,-67,-29,3,-6,-39,-71,-138
GFS,GlobalFoundries,37.12,-16,5,-74,0,-85,-33,3,-9,-15,-54,-139
CLVT,Clarivate,4.25,-16,17,-69,-4,-72,-2,4,-29,-40,-67,-139
COTY,Coty,4.8,-14,-1,-56,-5,-76,-10,11,-58,-7,-64,-140
BLDR,Builders FirstSource,106.81,-13,-95,-20,63,-65,-33,-17,-24,-1,-75,-140
HOG,Harley-Davidson,23.36,-20,0,-35,-7,-62,-33,-9,-30,-9,-81,-143
RYN,Rayonier,22.61,-23,-52,-12,-3,-90,-29,7,-24,-7,-53,-143
ASH,Ashland Global,48.67,-24,-4,-33,-7,-68,-30,7,-45,-8,-76,-144
ELV,Elevance Health,375.94,-21,-26,-36,0,-83,-17,-41,-2,-1,-61,-144
GMED,Globus Medical,57.37,-23,-82,-7,-1,-113,-32,3,-12,10,-31,-144
EL,Estée Lauder Companies (The),74.75,21,17,-112,-24,-98,13,30,-57,-33,-47,-145
CGNX,Cognex Corporation,29.98,-17,9,-32,-29,-69,-31,31,-40,-38,-78,-147
SON,Sonoco,43.49,-25,0,-36,-3,-64,-35,-3,-34,-12,-84,-148
GLOB,Globant,88.03,-28,-23,-18,-5,-74,-35,-17,-18,-5,-75,-149
IPG,Interpublic Group of Companies (The),23.09,-11,-16,-35,0,-62,-23,-18,-32,-15,-88,-150
CDW,CDW,169.95,-38,27,-34,0,-45,-38,-6,-55,-6,-105,-150
DOC,Healthpeak Properties,17.03,-20,-53,-9,-29,-111,-29,7,-24,7,-39,-150
ADBE,Adobe Inc.,378.05,-28,0,-28,-4,-60,-51,-4,-32,-3,-90,-150
TREX,"Trex Company, Inc.",52.6,-20,-4,-46,-11,-81,-33,-16,-18,-4,-71,-152
KSS,Kohl's,8.33,-11,0,-54,-29,-94,-1,28,-55,-30,-58,-152
CPRI,Capri Holdings,17.09,-20,0,-64,-9,-93,3,-4,-28,-30,-59,-152
PEP,PepsiCo,129.05,-12,-52,-34,-1,-99,-18,7,-31,-11,-53,-152
BDX,Becton Dickinson,168.63,-14,-80,-20,-3,-117,-19,8,-11,-13,-35,-152
LBTYA,Liberty Global (Series A),9.69,-5,-53,-32,-29,-119,-2,7,-30,-8,-33,-152
EPAM,EPAM Systems,164.98,-28,-1,-18,-25,-72,-33,-4,-9,-35,-81,-153
GNTX,Gentex,21.4,-14,-2,-34,-6,-56,-24,-16,-51,-6,-97,-153
PII,Polaris Inc.,40.07,-6,12,-92,-15,-101,-32,27,-35,-15,-55,-156
MRK,Merck & Co.,79.3,-2,-55,-39,-2,-98,-19,7,-43,-4,-59,-157
UPS,United Parcel Service,99.19,-6,0,-98,-14,-118,-10,27,-26,-32,-41,-159
UWMC,United Wholesale Mortgage,3.96,-19,-61,-21,0,-101,-28,6,-34,-2,-58,-159
PCG,PG&E Corporation,14.08,-133,-11,-22,0,-166,2,-13,-21,38,6,-160
TTC,Toro Company (The),69.32,-70,-1,-27,-5,-103,7,-9,-40,-18,-60,-163
DXC,DXC Technology,14.75,-6,-1,-17,-71,-95,-11,-1,-24,-32,-68,-163
LULU,Lululemon Athletica,228.59,-63,-9,-3,-1,-76,-63,-3,-12,-10,-88,-164
PLTK,Playtika,4.56,-32,-15,-18,0,-65,-33,-23,-19,-29,-104,-169
BRKR,Bruker,38.44,-14,-4,-52,-6,-76,-33,3,-56,-7,-93,-169
KMX,CarMax,64.32,-14,-76,-11,-34,-135,-33,4,-15,9,-35,-170
KHC,Kraft Heinz,25.68,-27,-40,-34,-2,-103,-24,-30,-6,-8,-68,-171
GIS,General Mills,52.95,-25,-51,-33,-2,-111,-23,7,-29,-17,-62,-173
QS,QuantumScape,4.38,0,1,-76,0,-75,-28,1,-40,-34,-101,-176
SIRI,Sirius XM,21.48,-14,0,-75,-29,-118,-33,31,-41,-15,-58,-176
LBTYK,Liberty Global (Series C),9.98,-5,-53,-32,-28,-118,-3,8,-29,-34,-58,-176
GO,Grocery Outlet,13.05,-20,-3,-92,0,-115,-15,-24,2,-26,-63,-178
WSC,WillScot Mobile Mini,25.95,-28,-1,-57,-4,-90,-37,-12,-34,-10,-93,-183
PRGO,Perrigo,26.34,-18,0,-1,-111,-130,-23,29,-7,-53,-54,-184
AAL,American Airlines Group,10.58,-40,0,-13,-74,-127,-2,-5,-13,-37,-57,-184
OLN,Olin Corporation,19.43,-17,-5,-52,-7,-81,-30,1,-54,-21,-104,-185
MRNA,Moderna,25.42,-30,-3,-47,-2,-82,-35,15,-47,-37,-104,-186
WEN,Wendy's Company (The),11.34,-13,-54,-29,-6,-102,10,-60,-24,-13,-87,-189
CAVA,Cava Group,74.44,-68,-16,-6,0,-90,-66,-15,-20,0,-101,-191
BIIB,Biogen,126.61,-27,0,-76,-25,-128,-36,27,-39,-16,-64,-192
COLD,Americold,16.8,-24,-55,-33,-9,-121,-30,1,-33,-13,-75,-196
QDEL,QuidelOrtho,28.34,-35,-3,-15,-36,-89,-31,-16,-15,-45,-107,-196
ENOV,Enovis,30.66,-11,-20,-57,-15,-103,-31,-16,-17,-35,-99,-202
OMC,Omnicom Group,69.44,-30,-131,-19,0,-180,-31,-18,-24,48,-25,-205
ALGN,Align Technology,180.07,-14,12,-59,-23,-84,-33,1,-54,-36,-122,-206
ANGI,Angi Inc.,15.06,-34,12,-32,-49,-103,-33,-2,-30,-42,-107,-210
VSTS,Vestis,5.81,-41,-96,-13,0,-150,-39,-4,-19,0,-62,-212
TAP,Molson Coors,48.81,-126,-38,-5,12,-157,-38,-12,-6,-1,-57,-214
BMRN,BioMarin Pharmaceutical,55.23,-24,-52,-42,-18,-136,-29,-23,-7,-20,-79,-215
ALB,Albemarle Corporation,59.41,-6,0,-120,-21,-147,-30,3,-19,-23,-69,-216
NKE,"Nike, Inc.",59.51,-20,0,-69,-19,-108,-33,28,-70,-34,-109,-217
ARE,Alexandria Real Estate Equities,70.86,-10,-60,-29,-28,-127,-29,1,-40,-33,-101,-228
MAN,ManpowerGroup,39.8,-20,-53,-38,-26,-137,-20,-3,-38,-34,-95,-232
WLK,Westlake Corporation,71.16,-11,-84,-32,-2,-129,-24,-33,-44,-4,-105,-234
LEG,Leggett & Platt,9.12,-10,12,-124,-28,-150,-25,3,-27,-36,-85,-235
REYN,Reynolds Consumer Products,21.07,-30,-93,-20,0,-143,-38,-23,-32,-1,-94,-237
TRIP,Tripadvisor,13.04,-38,-1,-53,-50,-142,-38,-6,-10,-42,-96,-238
FBIN,Fortune Brands Innovations,49.59,-23,-139,-18,-3,-183,-33,-16,-24,18,-55,-238
CC,Chemours,11.0,0,-101,-57,-11,-169,-28,4,-19,-28,-71,-240
TMO,Thermo Fisher Scientific,392.14,-16,-78,-14,-3,-111,-28,-88,-13,-1,-130,-241
HUN,Huntsman Corporation,10.44,-26,-63,-37,-13,-139,-30,-19,-32,-31,-112,-251
ACHC,Acadia Healthcare,21.52,-35,-79,-40,-9,-163,-25,-16,-34,-14,-89,-252
SPB,Spectrum Brands,52.01,-47,-127,-20,-2,-196,-45,-17,-19,22,-59,-255
NFE,New Fortress Energy,2.14,-26,-83,-63,-1,-173,-28,-18,-14,-23,-83,-256
DJT,Trump Media & Technology Group,18.58,-119,-14,-48,0,-181,-37,-16,-16,-7,-76,-257
RHI,Robert Half,41.33,-42,-101,-21,-7,-171,-38,-6,-19,-30,-93,-264
ZBH,Zimmer Biomet,90.56,-23,-50,-57,-15,-145,-30,-20,-56,-16,-122,-267
CAG,Conagra Brands,21.5,-73,-45,-24,-5,-147,-35,-59,-6,-21,-121,-268
CRI,Carter's,29.83,-11,-96,-54,-15,-176,-35,-20,-31,-7,-93,-269
SRPT,Sarepta Therapeutics,20.76,-38,-109,-21,-5,-173,-47,-3,-42,-4,-96,-269
CPB,Campbell Soup Company,31.85,-45,-52,-24,-4,-125,-49,-62,-31,-3,-145,-270
WU,Western Union,8.45,-38,-52,-15,-44,-149,-55,-21,-50,-3,-129,-278
XRAY,Dentsply Sirona,15.4,-29,0,-73,-40,-142,-35,-3,-60,-38,-136,-278
FLO,Flowers Foods,15.9,-41,-52,-29,-6,-128,-38,-44,-49,-21,-152,-280
APLS,Apellis Pharmaceuticals,17.78,-21,-91,-62,-14,-188,-38,6,-60,-16,-108,-296
STZ,Constellation Brands,159.99,-137,-10,-37,-1,-185,-42,-14,-53,-6,-115,-300
ENPH,Enphase Energy,36.38,-14,-111,-38,-18,-181,-14,-52,-45,-22,-133,-314
TFX,Teleflex,117.72,-25,-96,-34,-37,-192,-38,-51,-30,-8,-127,-319
CLX,Clorox,120.93,-73,-115,-9,-3,-200,-41,-73,-19,11,-122,-322
BF-B,Brown–Forman (Class B),25.69,-136,-14,-95,-16,-261,-35,-13,-27,-26,-101,-362
BF-A,Brown–Forman (Class A),26.43,-136,-14,-94,-16,-260,-35,-14,-34,-22,-105,-365
SAM,Boston Beer Company,201.54,-138,-16,-27,-35,-216,-62,-26,-23,-42,-153,-369
WOLF,Wolfspeed,0.88,-40,-21,-126,-28,-215,-39,-20,-92,-35,-186,-401
