Symbol,Name,Close,1H Cloud Score,1D Cloud Score,1W Cloud Score,1M Cloud Score,Cloud Score Sum,1H TKx Score,1D TKx Score,1W TKx Score,1M TKx Score,TKx Score Sum,Total Score Sum
TJX,TJX Companies,142.67,0,46,156,200,402,-22,8,125,195,306,708
ORI,Old Republic International,43.23,84,40,155,60,339,89,38,125,57,309,648
COOP,Mr. Cooper Group,210.79,-7,100,126,60,279,11,99,124,58,292,571
GLW,Corning Inc.,85.08,224,102,27,19,372,49,109,16,16,190,562
WRB,W. R. Berkley Corporation,77.78,89,29,102,178,398,19,42,32,57,150,548
IBM,IBM,293.87,169,14,117,56,356,26,22,64,58,170,526
ETR,Entergy,95.98,77,13,84,139,313,85,12,97,16,210,523
L,Loews Corporation,102.99,80,103,120,57,360,78,38,18,26,160,520
RTX,RTX Corporation,169.27,119,102,85,56,362,14,11,92,16,133,495
WELL,Welltower,172.98,-4,100,124,60,280,-23,61,141,26,205,485
ORLY,O'Reilly Auto Parts,101.83,-14,0,171,201,358,-29,2,62,91,126,484
LMT,Lockheed Martin,511.0,166,29,1,167,363,87,31,3,-4,117,480
GD,General Dynamics,343.59,56,125,16,56,253,64,80,18,59,221,474
CASY,Casey's,554.35,0,22,121,89,232,-7,18,125,80,216,448
AAPL,Apple Inc.,256.49,1,70,6,253,330,-4,38,10,73,117,447
EVRG,Evergy,77.69,81,84,66,16,247,87,12,85,12,196,443
DTE,DTE Energy,142.39,84,11,82,191,368,12,8,35,15,70,438
GS,Goldman Sachs,789.64,0,103,100,60,263,16,114,18,23,171,434
PWR,Quanta Services,421.73,95,10,25,101,231,91,14,18,74,197,428
SO,Southern Company,96.41,20,3,84,192,299,12,4,31,81,128,427
SCCO,Southern Copper,126.7,181,25,6,65,277,89,38,18,2,147,424
GOOG,Alphabet (Class C),247.12,12,92,15,178,297,23,66,12,23,124,421
MPWR,Monolithic Power Systems,946.18,32,103,11,159,305,48,47,18,2,115,420
BWXT,BWX Technologies,191.4,140,101,21,37,299,54,13,18,33,118,417
RL,Ralph Lauren Corporation,324.72,42,105,102,36,285,49,34,18,28,129,414
AJG,Arthur J. Gallagher & Co.,309.84,91,8,0,188,287,19,7,-10,109,125,412
GOOGL,Alphabet (Class A),245.82,0,92,16,178,286,23,66,13,23,125,411
ATO,Atmos Energy,174.9,74,43,82,47,246,19,5,93,47,164,410
PLTR,Palantir Technologies,182.16,0,116,124,0,240,6,14,127,22,169,409
ULTA,Ulta Beauty,556.43,70,113,20,6,209,69,116,20,-11,194,403
JPM,JPMorgan Chase,307.7,-32,105,131,160,364,-40,30,18,28,36,400
ROL,"Rollins, Inc.",57.97,0,8,39,288,335,-5,2,31,37,65,400
GRMN,Garmin,256.33,56,76,120,21,273,50,37,14,23,124,397
CINF,Cincinnati Financial,165.69,56,46,93,64,259,59,37,18,17,131,390
ITT,ITT Inc.,178.83,0,109,24,101,234,-6,116,18,28,156,390
TRV,Travelers Companies (The),284.98,27,39,99,60,225,23,50,32,58,163,388
APH,Amphenol,124.52,4,116,27,67,214,2,118,18,29,167,381
EME,Emcor,673.3,42,103,25,60,230,51,22,16,59,148,378
MS,Morgan Stanley,155.98,-42,103,84,66,211,14,114,18,18,164,375
FIX,Comfort Systems USA,817.09,0,106,25,66,197,-17,118,18,57,176,373
SRE,Sempra,94.03,77,58,8,183,326,15,13,16,1,45,371
LLY,Lilly (Eli),843.94,38,8,2,174,222,40,25,-15,98,148,370
CORT,Corcept Therapeutics,90.32,105,15,72,21,213,102,13,2,40,157,370
BK,BNY Mellon,106.93,-32,105,102,42,217,5,109,18,21,153,370
NRG,NRG Energy,162.64,-9,18,111,96,216,-9,17,121,23,152,368
THG,Hanover Insurance,184.47,56,42,69,26,193,63,34,61,16,174,367
MSI,Motorola Solutions,458.51,0,3,9,155,167,13,-9,9,187,200,367
HWM,Howmet Aerospace,191.46,-21,20,156,31,186,2,20,100,59,181,367
NI,NiSource,43.58,84,10,82,47,223,19,10,97,16,142,365
MNST,Monster Beverage,68.15,51,42,34,182,309,5,16,27,6,54,363
DUK,Duke Energy,125.55,21,3,84,185,293,14,5,30,18,67,360
AU,AngloGold Ashanti,74.55,56,47,84,20,207,49,56,32,16,153,360
J,Jacobs Solutions,155.35,38,101,14,108,261,50,12,15,21,98,359
V,Visa Inc.,352.4,38,3,145,135,321,7,3,-1,28,37,358
CDNS,Cadence Design Systems,345.41,-7,0,25,143,161,-6,-1,18,182,193,354
LDOS,Leidos,197.06,40,115,10,25,190,49,72,21,21,163,353
WMT,Walmart,103.24,3,27,135,103,268,17,18,18,31,84,352
AWI,Armstrong World Industries,197.06,37,110,102,23,272,49,-9,18,21,79,351
IBKR,Interactive Brokers,69.35,98,14,97,59,268,-5,13,16,59,83,351
YUM,Yum! Brands,146.67,-14,19,36,261,302,-32,19,2,59,48,350
CMI,Cummins,434.11,37,75,13,67,192,44,66,14,32,156,348
BSX,Boston Scientific,95.89,8,-18,152,146,288,-6,-12,18,59,59,347
INSM,Insmed,162.32,39,83,72,18,212,42,53,18,22,135,347
TDY,Teledyne Technologies,588.3,95,102,60,16,273,22,17,18,17,74,347
MA,Mastercard,579.81,19,0,134,157,310,5,-16,18,28,35,345
CRS,Carpenter Technology Corporation,256.47,20,0,154,37,211,13,-11,79,51,132,343
AAON,AAON,103.04,38,14,0,247,299,44,32,-33,-1,42,341
URI,United Rentals,989.04,37,103,15,66,221,49,-6,16,59,118,339
NOC,Northrop Grumman,621.64,70,70,18,60,218,77,4,25,14,120,338
NEM,Newmont,86.95,26,127,27,7,187,23,89,27,12,151,338
TIGO,Millicom,48.57,1,183,85,4,273,14,-1,32,18,63,336
AZO,AutoZone,4080.35,-7,56,102,88,239,-27,2,62,59,96,335
DASH,DoorDash,276.84,49,102,105,0,256,19,17,18,20,74,330
SCI,Service Corporation International,83.0,86,19,5,177,287,-2,13,16,15,42,329
AM,Antero Midstream,19.13,-20,25,156,25,186,-19,18,86,57,142,328
COR,Cencora,308.72,0,26,52,77,155,3,35,63,70,171,326
XEL,Xcel Energy,81.84,74,59,59,14,206,13,28,67,11,119,325
LOPE,Grand Canyon Education,209.25,-7,43,155,37,228,-23,42,42,36,97,325
NEU,NewMarket,857.16,42,125,27,31,225,35,3,30,29,97,322
HCA,HCA Healthcare,437.56,84,42,11,99,236,21,10,24,31,86,322
CAT,Caterpillar Inc.,486.9,37,102,16,66,221,-5,27,16,59,97,318
LHX,L3Harris,301.34,2,125,20,7,154,10,118,20,16,164,318
ANET,Arista Networks,145.27,0,88,15,60,163,-1,84,14,58,155,318
AVGO,Broadcom,336.41,1,106,27,118,252,-8,23,18,32,65,317
PPL,PPL Corporation,37.48,14,61,84,25,184,13,7,96,16,132,316
ACM,AECOM,129.43,-18,109,24,67,182,3,38,18,73,132,314
CHD,Church & Dwight,90.04,12,-51,-24,346,283,39,-14,-22,27,30,313
FFIV,"F5, Inc.",330.78,14,102,102,16,234,26,16,18,19,79,313
UNM,Unum,78.26,177,14,6,42,239,-3,23,-2,56,74,313
FWONA,Liberty Formula 1 (Series A),98.04,28,16,77,64,185,21,30,17,58,126,311
SNX,TD Synnex,158.65,0,103,23,65,191,-29,109,16,23,119,310
MMC,Marsh McLennan,203.84,45,-84,-11,177,127,19,1,-19,180,181,308
IDA,Idacorp,133.3,81,72,64,20,237,13,11,34,12,70,307
WPC,W. P. Carey,68.22,35,100,37,4,176,-6,92,34,7,127,303
FWONK,Liberty Formula 1 (Series C),106.72,21,16,78,59,174,21,30,18,58,127,301
IONS,Ionis Pharmaceuticals,68.95,70,106,9,2,187,77,31,18,-12,114,301
HIG,Hartford (The),133.78,6,45,102,59,212,-1,2,29,58,88,300
TPR,"Tapestry, Inc.",115.27,34,103,88,23,248,-5,20,16,21,52,300
MSFT,Microsoft,523.97,26,2,24,175,227,17,11,18,27,73,300
HOOD,Robinhood Markets,144.96,49,105,89,0,243,-5,22,18,20,55,298
CW,Curtiss-Wright,540.39,2,111,27,56,196,14,19,18,51,102,298
RJF,Raymond James Financial,165.63,-35,102,100,60,227,9,25,15,21,70,297
ALL,Allstate,211.79,0,14,105,161,280,-29,7,19,19,16,296
HEI-A,HEICO (Class A),250.06,-1,0,34,184,217,18,3,25,32,78,295
EHC,Encompass Health,125.23,-34,37,151,31,185,6,40,32,31,109,294
ORCL,Oracle Corporation,284.67,-6,20,19,200,233,-5,17,18,29,59,292
PNR,Pentair,110.65,31,103,17,64,215,-5,40,16,26,77,292
AFL,Aflac,112.93,68,39,9,60,176,18,38,2,57,115,291
AFG,American Financial Group,146.81,109,44,9,58,220,-1,44,12,16,71,291
RBC,RBC Bearings,373.66,-28,-5,101,166,234,2,-26,22,59,57,291
UI,Ubiquiti,673.21,101,32,60,12,205,-12,67,18,12,85,290
MLI,Mueller Industries,98.69,-11,75,15,60,139,-7,68,16,73,150,289
WTW,Willis Towers Watson,349.92,91,48,16,26,181,50,19,8,31,108,289
AON,AON,366.93,34,0,0,179,213,33,-20,5,58,76,289
AMG,Affiliated Managers Group,240.03,0,109,19,24,152,19,80,18,19,136,288
IVZ,Invesco,24.09,56,79,15,4,154,29,75,15,15,134,288
HEI,HEICO (Common),316.84,-6,-1,33,191,217,-6,-7,24,59,70,287
ALLE,Allegion,177.08,25,115,17,23,180,-7,71,18,24,106,286
TER,Teradyne,140.13,98,74,3,4,179,-1,104,11,-7,107,286
TT,Trane Technologies,423.11,56,-29,24,166,217,12,6,18,31,67,284
CTAS,Cintas,199.11,-9,-37,0,169,123,-28,1,-1,189,161,284
VMI,Valmont Industries,397.08,56,8,70,60,194,54,8,15,12,89,283
DRS,Leonardo DRS,44.74,2,2,147,60,211,10,13,18,31,72,283
BPOP,"Popular, Inc.",125.35,-5,110,25,61,191,15,38,18,21,92,283
AEP,American Electric Power,118.17,70,6,81,25,182,48,4,31,16,99,281
DCI,Donaldson Company,82.36,38,55,10,67,170,-2,62,18,32,110,280
HPE,Hewlett Packard Enterprise,24.91,14,99,9,44,166,7,36,15,56,114,280
UTHR,United Therapeutics,456.89,35,39,6,59,139,35,39,6,61,141,280
BR,Broadridge Financial Solutions,236.91,0,-17,122,147,252,7,-25,18,27,27,279
DTM,DT Midstream,113.95,87,21,111,0,219,-5,20,18,27,60,279
BRK-B,Berkshire Hathaway,502.35,21,29,132,64,246,15,3,-13,28,33,279
AIZ,Assurant,216.24,0,44,9,154,207,35,6,10,21,72,279
AXON,Axon Enterprise,714.35,0,-19,153,96,230,7,-10,18,32,47,277
JHG,Janus Henderson,45.36,24,88,14,21,147,23,72,15,20,130,277
GE,GE Aerospace,301.8,7,114,27,29,177,5,25,38,31,99,276
WEC,WEC Energy Group,115.19,21,59,63,15,158,13,16,76,13,118,276
WMB,Williams Companies,63.97,0,14,120,54,188,-8,19,18,59,88,276
SGI,Somnigroup International,83.82,22,103,49,66,240,-2,-9,18,28,35,275
MRVL,Marvell Technology,86.96,112,10,0,108,230,26,12,8,-1,45,275
KLAC,KLA Corporation,1084.32,-2,22,22,179,221,-8,16,18,28,54,275
ELAN,Elanco,20.44,56,106,10,0,172,54,38,17,-8,101,273
TTWO,Take-Two Interactive,260.49,51,26,53,15,145,19,33,53,22,127,272
UHS,Universal Health Services,209.73,84,35,3,24,146,84,39,2,1,126,272
TLN,Talen Energy,431.04,41,115,47,0,203,-5,50,19,4,68,271
MDT,Medtronic,98.34,31,70,19,3,123,38,84,11,15,148,271
PANW,Palo Alto Networks,211.02,30,23,7,83,143,26,24,18,59,127,270
WDC,Western Digital,119.92,-2,103,20,20,141,-8,114,18,5,129,270
EQT,EQT Corporation,57.15,77,5,49,44,175,77,7,-1,12,95,270
LRCX,Lam Research,140.33,49,25,17,154,245,-4,17,18,-7,24,269
TKO,TKO Group Holdings,197.93,-2,41,79,42,160,5,34,18,52,109,269
ABBV,AbbVie,232.84,0,55,24,60,139,-14,62,10,66,124,263
AEE,Ameren,104.64,74,11,64,15,164,13,5,69,12,99,263
LIN,Linde plc,470.19,0,0,21,112,133,9,-5,18,108,130,263
DDS,Dillard's,611.63,0,85,22,56,163,-12,39,15,57,99,262
WM,"Waste Management, Inc.",217.56,-10,-32,0,189,147,-7,-38,-2,161,114,261
MEDP,Medpace,531.52,43,77,12,34,166,-9,87,12,4,94,260
CNP,Centerpoint Energy,39.28,0,57,57,47,161,15,15,51,17,98,259
FHN,First Horizon Corporation,23.0,14,103,60,6,183,16,32,16,12,76,259
FE,FirstEnergy,46.42,74,56,14,57,201,13,10,18,16,57,258
ES,Eversource Energy,72.83,91,13,23,2,129,89,17,18,4,128,257
PSTG,Pure Storage,87.89,30,33,7,44,114,43,25,14,59,141,255
VMC,Vulcan Materials,300.86,0,55,14,62,131,11,63,18,29,121,252
PGR,Progressive Corporation,243.89,0,-83,-1,179,95,-24,1,-11,191,157,252
ETN,Eaton Corporation,370.95,0,13,16,116,145,-5,20,16,74,105,250
C,Citigroup,97.8,-42,103,27,20,108,-5,113,18,16,142,250
FICO,Fair Isaac,1879.09,28,4,1,168,201,24,27,-36,33,48,249
CIEN,Ciena,151.47,57,103,17,14,191,-1,25,16,18,58,249
CBOE,Cboe Global Markets,240.81,-16,0,152,57,193,-33,6,30,53,56,249
RBA,RB Global,105.74,-10,-9,112,29,122,-5,-4,115,21,127,249
NFLX,Netflix,1191.58,2,-10,124,22,138,7,-14,95,22,110,248
OGE,OGE Energy,45.96,2,8,76,47,133,12,9,76,16,113,246
DGX,Quest Diagnostics,181.91,-30,42,76,20,108,5,40,76,16,137,245
PTC,PTC Inc.,202.25,0,0,14,184,198,22,-19,15,28,46,244
MDU,MDU Resources,18.22,91,11,3,60,165,16,13,18,32,79,244
UNP,Union Pacific Corporation,231.85,0,11,1,200,212,-2,11,2,21,32,244
CACI,CACI,525.96,36,8,10,156,210,-1,15,22,-3,33,243
NDAQ,"Nasdaq, Inc.",88.44,2,-11,84,146,221,15,-27,18,16,22,243
CXT,Crane NXT,67.42,77,11,3,57,148,19,3,14,58,94,242
OZK,Bank OZK,51.99,8,103,25,58,194,17,-6,16,21,48,242
XYL,Xylem Inc.,148.14,50,103,16,24,193,-5,12,18,24,49,242
AYI,Acuity Brands,346.95,-8,79,12,29,112,-16,108,14,22,128,240
LITE,Lumentum,157.09,-6,101,22,5,122,-19,109,16,12,118,240
FYBR,Frontier Communications,37.33,-2,41,97,0,136,-19,4,102,16,103,239
FNB,FNB Corporation,16.34,19,103,9,57,188,23,-10,17,21,51,239
FTAI,FTAI Aviation,170.77,0,49,11,49,109,34,49,14,33,130,239
MLM,Martin Marietta Materials,629.63,44,58,14,62,178,21,-8,18,29,60,238
R,Ryder,185.67,-2,88,18,58,162,-1,4,15,58,76,238
KRMN,Karman Holdings,75.24,161,40,0,0,201,-5,31,10,0,36,237
MET,Metlife,82.75,83,34,3,60,180,14,6,16,20,56,236
PH,Parker Hannifin,750.83,-7,104,25,67,189,-5,2,18,32,47,236
BLK,BlackRock,1167.2,14,102,25,24,165,16,13,18,23,70,235
AIG,American International Group,84.04,56,3,36,55,150,65,3,-8,23,83,233
NVT,Nvent Electric,95.99,-6,103,16,14,127,-19,116,16,-7,106,233
CME,CME Group,263.57,-19,-37,62,138,144,2,7,58,21,88,232
MCO,Moody's Corporation,488.37,18,-14,2,158,164,50,-26,16,27,67,231
RNR,RenaissanceRe,267.0,81,14,2,37,134,42,9,16,30,97,231
CRH,CRH plc,116.32,0,57,15,66,138,-14,66,12,29,93,231
LNT,Alliant Energy,68.08,75,11,76,16,178,14,5,18,15,52,230
PFG,Principal Financial Group,83.57,38,32,5,57,132,35,27,15,20,97,229
STE,Steris,241.56,-35,1,22,197,185,-6,-9,30,27,42,227
NEE,NextEra Energy,83.23,84,10,3,2,99,88,6,18,15,127,226
CB,Chubb Limited,289.18,70,8,3,60,141,33,5,-12,58,84,225
EXC,Exelon,46.81,81,6,63,16,166,40,5,2,12,59,225
KMI,Kinder Morgan,28.02,-2,10,100,46,154,-19,19,16,54,70,224
MO,Altria,66.65,7,56,78,47,188,-19,3,34,18,36,224
NTRS,Northern Trust,132.44,0,103,24,13,140,5,45,18,15,83,223
AMGN,Amgen,295.54,38,5,2,167,212,-9,-25,6,38,10,222
HUBB,Hubbell Incorporated,412.95,-28,-3,9,184,162,-19,-9,14,73,59,221
RGA,Reinsurance Group of America,197.65,48,21,1,42,112,48,3,2,55,108,220
ESI,Element Solutions,26.45,28,75,2,59,164,41,3,15,-3,56,220
AMD,Advanced Micro Devices,211.49,37,2,6,112,157,49,4,18,-9,62,219
SYY,Sysco,79.94,-13,90,15,5,97,-13,103,15,16,121,218
SPOT,Spotify,680.43,-33,-3,120,14,98,-21,14,103,22,118,216
STT,State Street Corporation,116.96,12,105,25,18,160,16,7,17,16,56,216
NVDA,Nvidia,184.96,0,14,22,136,172,-14,12,18,28,44,216
HII,Huntington Ingalls Industries,285.34,0,142,16,8,166,12,22,24,-11,47,213
EXPD,Expeditors International,122.27,23,48,9,133,213,-3,-6,14,-5,0,213
NET,Cloudflare,217.42,0,103,47,0,150,-1,25,18,21,63,213
TXT,Textron,85.04,49,19,2,55,125,50,27,18,-7,88,213
FTI,TechnipFMC,38.21,-28,103,25,29,129,1,25,18,39,83,212
MCD,McDonald's,296.33,-35,-2,0,244,207,-47,-14,6,59,4,211
LH,Labcorp,279.55,-3,53,63,17,130,5,40,16,20,81,211
LYV,Live Nation Entertainment,155.22,-35,0,102,149,216,-33,-8,17,18,-6,210
APP,AppLovin,631.72,-14,48,113,0,147,-27,56,14,20,63,210
EBAY,eBay,93.06,4,1,85,16,106,19,-23,90,18,104,210
OLLI,Ollie's Bargain Outlet,122.68,-14,-2,123,18,125,-7,-4,71,25,85,210
ICE,Intercontinental Exchange,161.97,-35,-27,120,163,221,-33,-33,30,23,-13,208
CMS,CMS Energy,73.76,57,2,84,25,168,13,5,6,16,40,208
PRI,Primerica,273.08,-5,25,2,110,132,-4,32,16,32,76,208
SYK,Stryker Corporation,369.25,6,-18,1,161,150,22,-15,16,31,54,204
RRC,Range Resources,39.37,77,5,3,44,129,2,21,-6,57,74,203
VEEV,Veeva Systems,306.45,61,8,53,10,132,24,8,18,20,70,202
ITW,Illinois Tool Works,255.75,-15,0,10,180,175,-9,-10,15,31,27,202
RGLD,Royal Gold,198.1,0,33,69,20,122,17,41,4,18,80,202
HLI,Houlihan Lokey,194.37,-45,105,25,46,131,-14,38,18,28,70,201
FLEX,Flex Ltd.,57.23,0,32,26,60,118,-19,25,18,59,83,201
FSLR,First Solar,227.59,37,68,3,64,172,-5,23,18,-8,28,200
THC,Tenet Healthcare,204.93,7,40,22,59,128,-8,37,16,26,71,199
RKLB,Rocket Lab,61.51,28,23,57,0,108,38,25,18,10,91,199
ATI,ATI Inc.,83.51,20,2,24,45,91,13,22,18,54,107,198
NFG,National Fuel Gas,89.17,-21,20,68,54,121,-28,13,79,12,76,197
PFGC,Performance Food Group,100.84,-81,106,61,45,131,-7,-4,18,59,66,197
ADP,Automatic Data Processing,292.52,11,-26,0,182,167,11,-39,-2,59,29,196
COST,Costco,914.76,-96,-14,0,182,72,-27,-25,-10,186,124,196
FERG,Ferguson Enterprises,231.01,24,4,19,67,114,28,8,18,27,81,195
MCK,McKesson Corporation,750.09,0,14,50,60,124,-26,31,-5,69,69,193
LNG,Cheniere Energy,235.26,0,0,68,60,128,3,-15,18,58,64,192
AXS,AXIS Capital,96.53,7,-7,94,47,141,13,-16,-1,55,51,192
BKNG,Booking Holdings,5247.0,-7,-7,144,37,167,-1,-20,18,28,25,192
USFD,US Foods,76.09,0,-27,151,37,161,-7,-8,18,28,31,192
ADI,Analog Devices,233.66,-41,-1,19,181,158,-5,-8,18,28,33,191
INTC,Intel,37.19,119,39,3,0,161,-2,38,8,-14,30,191
INTU,Intuit,657.76,-28,-34,25,193,156,-14,8,18,22,34,190
SPG,Simon Property Group,178.96,-12,72,9,37,106,-26,71,16,23,84,190
CHRW,C.H. Robinson,133.78,23,71,11,4,109,-7,64,14,10,81,190
XOM,ExxonMobil,114.26,0,22,5,46,73,16,31,17,52,116,189
CWEN-A,Clearway Energy (Class A),29.2,35,2,66,8,111,31,5,30,12,78,189
BEPC,Brookfield Renewable Partners,38.09,54,12,18,0,84,54,21,18,12,105,189
DKS,Dick's Sporting Goods,224.81,-2,69,5,65,137,-9,17,8,35,51,188
AMAT,Applied Materials,211.57,0,14,3,151,168,-3,14,16,-7,20,188
CWEN,Clearway Energy (Class C),30.97,35,2,66,6,109,31,5,30,12,78,187
SOFI,SoFi,28.14,2,95,54,0,151,8,-1,16,13,36,187
STAG,STAG Industrial,36.4,35,6,2,98,141,47,-13,18,-6,46,187
AN,AutoNation,215.12,-1,40,25,63,127,-9,-9,18,59,59,186
D,Dominion Energy,60.87,0,101,22,3,126,19,11,18,12,60,186
AMKR,Amkor Technology,29.76,33,88,2,4,127,29,24,12,-7,58,185
VTR,"Ventas, Inc.",68.85,0,59,80,24,163,-14,6,12,17,21,184
ADT,ADT Inc.,8.58,-7,123,39,0,155,-7,-8,33,10,28,183
BWA,BorgWarner,42.38,-7,105,16,4,118,-4,69,18,-18,65,183
IRM,Iron Mountain,105.89,34,17,4,59,114,36,16,18,-1,69,183
CMA,Comerica,80.04,24,77,15,6,122,29,3,15,14,61,183
AME,Ametek,181.45,-23,-1,12,108,96,-28,-7,18,103,86,182
MSA,MSA Safety,172.08,1,-1,2,166,168,-3,5,18,-7,13,181
BKR,Baker Hughes,48.57,-7,57,12,37,99,16,26,12,28,82,181
CELH,Celsius Holdings,61.05,49,8,1,67,125,56,-15,26,-11,56,181
CFG,Citizens Financial Group,53.13,0,91,16,6,113,-2,38,15,16,67,180
H,Hyatt Hotels,144.75,49,8,5,57,119,-1,-9,14,57,61,180
CAH,Cardinal Health,156.65,1,8,63,40,112,-12,22,-1,59,68,180
EG,Everest Group,364.61,70,10,1,57,138,39,7,2,-7,41,179
FAST,Fastenal,47.46,-12,0,57,108,153,-2,-18,21,25,26,179
TOL,Toll Brothers,132.96,-7,87,8,63,151,-5,-7,12,28,28,179
SHW,Sherwin-Williams,336.92,-14,-13,-1,192,164,-9,-16,18,21,14,178
PHM,PulteGroup,129.61,-7,76,9,67,145,-7,-6,14,31,32,177
STLD,Steel Dynamics,142.74,52,17,8,57,134,-8,31,18,1,42,176
CLF,Cleveland-Cliffs,12.81,70,68,0,-18,120,26,28,11,-10,55,175
DD,DuPont,78.89,37,74,2,21,134,-1,32,15,-5,41,175
JNJ,Johnson & Johnson,188.9,61,69,16,9,155,-5,4,13,8,20,175
VRTX,Vertex Pharmaceuticals,410.25,49,0,-10,106,145,4,1,-14,39,30,175
CSX,CSX Corporation,35.98,119,7,4,6,136,22,6,18,-8,38,174
DOCS,Doximity,71.39,-18,73,62,0,117,-3,38,8,14,57,174
F,Ford Motor Company,11.93,0,117,10,0,127,-1,37,18,-7,47,174
WSO,Watsco,396.53,-3,-47,-11,198,137,-5,4,-36,73,36,173
TNL,Travel + Leisure Co.,60.72,26,93,17,18,154,-5,-7,15,16,19,173
GM,General Motors,57.26,-15,85,15,13,98,-33,77,15,15,74,172
AGNC,AGNC Investment,9.99,24,88,19,18,149,-5,-7,16,19,23,172
EXPE,Expedia Group,216.25,-6,76,57,13,140,-1,2,14,16,31,171
ECL,Ecolab,278.98,56,3,24,24,107,22,3,18,21,64,171
SSD,Simpson Manufacturing Company,170.15,0,-9,2,158,151,22,-14,14,-3,19,170
JCI,Johnson Controls,108.31,0,8,83,21,112,-5,25,18,20,58,170
TDG,TransDigm Group,1283.86,-28,-39,5,159,97,5,10,-1,59,73,170
FTNT,Fortinet,84.92,36,0,0,115,151,-4,18,-10,15,19,170
SMCI,Supermicro,55.08,42,5,0,60,107,44,16,13,-11,62,169
ALNY,Alnylam Pharmaceuticals,459.65,2,102,25,17,146,-1,-11,18,17,23,169
KNSL,Kinsale Capital Group,473.66,28,2,2,35,67,37,-20,-3,87,101,168
BOKF,BOK Financial Corporation,114.18,21,72,8,24,125,19,-4,12,16,43,168
ROIV,Roivant Sciences,16.11,46,40,9,0,95,-4,56,18,2,72,167
HR,Healthcare Realty Trust,17.98,0,71,10,2,83,-15,77,10,11,83,166
GWRE,Guidewire Software,227.32,-7,0,118,23,134,-1,-8,18,22,31,165
INCY,Incyte,87.2,38,89,11,1,139,14,-13,14,9,24,163
NWS,News Corp (Class B),30.89,-35,-5,120,60,140,-28,8,18,23,21,161
MKL,Markel,1965.54,21,-17,76,57,137,19,-39,16,28,24,161
SNA,Snap-on,336.85,-8,24,6,61,83,-11,18,11,59,77,160
EQH,Equitable Holdings,50.98,0,-6,100,13,107,16,-2,18,21,53,160
SEIC,SEI Investments Company,84.76,0,-23,100,37,114,19,-20,18,28,45,159
EWBC,East West Bancorp,106.84,0,32,17,24,73,16,32,17,21,86,159
DDOG,Datadog,154.52,56,8,7,0,71,54,20,15,-2,87,158
WFC,Wells Fargo,81.14,-35,19,100,31,115,5,-2,18,21,42,157
GGG,Graco Inc.,83.44,-7,-13,2,180,162,-7,-15,18,-2,-6,156
CVNA,Carvana,370.31,-14,15,100,13,114,-17,23,18,18,42,156
EA,Electronic Arts,200.03,51,49,12,9,121,-24,11,24,23,34,155
GILD,Gilead Sciences,116.79,9,1,59,37,106,16,-25,16,41,48,154
MU,Micron Technology,185.65,42,29,6,24,101,-5,38,18,2,53,154
CEG,Constellation Energy,358.28,35,8,24,0,67,34,13,18,21,86,153
KR,Kroger,66.88,5,-29,87,69,132,-23,-32,58,17,20,152
SSB,SouthState Corporation,99.98,2,74,8,24,108,16,-6,12,21,43,151
HSY,Hershey Company (The),194.33,24,69,12,0,105,32,23,12,-21,46,151
SCHW,Charles Schwab Corporation,94.01,0,0,85,13,98,12,6,18,16,52,150
CSL,Carlisle Companies,325.06,-15,-18,-5,180,142,2,-14,-2,22,8,150
NLY,Annaly Capital Management,20.6,5,85,26,12,128,-3,-10,16,18,21,149
REYN,Reynolds Consumer Products,24.84,49,44,0,0,93,49,7,5,-5,56,149
MTSI,MACOM Technology Solutions,127.93,20,-1,7,60,86,23,-7,16,31,63,149
DLR,Digital Realty,175.14,25,6,5,24,60,33,16,18,21,88,148
RSG,Republic Services,222.76,-30,-49,0,179,100,-32,-74,-9,162,47,147
LPX,Louisiana-Pacific,89.9,32,-15,-5,65,77,49,-15,8,28,70,147
EMR,Emerson Electric,131.49,28,-1,24,66,117,-6,-10,18,28,30,147
AL,Air Lease Corporation,63.65,0,33,25,24,82,20,-1,18,28,65,147
AXP,American Express,327.82,-42,32,25,101,116,-40,32,16,23,31,147
BG,Bunge Global,84.0,56,5,0,0,61,71,3,18,-7,85,146
SNOW,Snowflake Inc.,234.76,37,28,23,0,88,35,2,18,3,58,146
NTAP,Netapp,117.97,-6,46,6,59,105,-9,38,15,-3,41,146
FDX,FedEx,242.29,83,13,0,34,130,-1,13,10,-6,16,146
ALAB,Astera Labs,212.36,4,101,5,0,110,26,-4,13,0,35,145
BYD,Boyd Gaming,83.59,-7,0,56,61,110,-19,7,18,29,35,145
CSCO,Cisco,68.99,13,3,56,16,88,4,6,18,27,55,143
K,Kellanova,82.9,49,7,2,23,81,60,1,-15,15,61,142
INFA,Informatica,24.88,40,94,0,0,134,-3,3,16,-9,7,141
EVR,Evercore,323.5,-66,102,15,60,111,-14,-1,16,28,29,140
ARMK,Aramark,38.37,48,-29,23,42,84,25,-45,18,58,56,140
VICI,Vici Properties,31.98,-5,-2,66,17,76,-12,-14,31,59,64,140
MP,MP Materials,73.79,0,4,40,0,44,26,11,53,6,96,140
W,Wayfair,83.11,-9,103,12,-43,63,-8,109,18,-42,77,140
KRC,Kilroy Realty,41.74,-6,93,14,0,101,12,-1,14,13,38,139
MAR,Marriott International,267.43,24,0,2,60,86,23,-15,15,29,52,138
NDSN,Nordson,230.9,37,33,2,3,75,50,4,18,-9,63,138
FIVE,Five Below,148.54,-7,105,8,0,106,-6,36,19,-17,32,138
WCC,Wesco International,214.01,4,0,15,60,79,-2,-14,16,59,59,138
WWD,"Woodward, Inc.",254.42,62,6,27,37,132,-1,-39,18,28,6,138
ROKU,"Roku, Inc.",101.82,0,84,18,-21,81,5,32,13,6,56,137
DHI,D. R. Horton,161.14,-7,76,9,67,145,-7,-9,12,-4,-8,137
PSN,Parsons Corporation,87.77,49,15,2,1,67,50,12,11,-3,70,137
PCAR,Paccar,96.7,-17,0,-30,161,114,-12,-6,5,36,23,137
KO,Coca-Cola Company (The),66.8,7,-32,0,184,159,-8,-25,-6,16,-23,136
TSLA,"Tesla, Inc.",432.87,-2,42,6,12,58,6,48,12,12,78,136
XPO,"XPO, Inc.",132.38,13,2,2,63,80,19,-8,15,29,55,135
CVS,CVS Health,77.14,35,38,18,0,91,-8,42,8,2,44,135
ECG,Everus Construction Group,82.68,0,101,0,0,101,6,13,15,0,34,135
AIT,Applied Industrial Technologies,252.86,-8,0,15,60,67,-3,-2,14,59,68,135
GWW,W. W. Grainger,959.39,0,-10,-11,96,75,23,-13,-9,59,60,135
BRX,Brixmor Property Group,26.87,-29,85,8,57,121,-26,-7,18,28,13,134
RPM,RPM International,112.75,-14,-5,-3,182,160,-26,-13,15,-2,-26,134
VRT,Vertiv,158.93,42,14,17,10,83,-5,13,15,28,51,134
KEY,Keycorp,18.4,-12,103,16,6,113,-5,-6,16,15,20,133
SSNC,SS&C Technologies,87.74,-15,0,98,16,99,4,-2,15,17,34,133
EPR,EPR Properties,55.08,-14,0,65,31,82,-12,22,18,23,51,133
O,Realty Income,59.64,-3,47,18,9,71,-8,37,18,15,62,133
AMP,Ameriprise Financial,497.79,9,-27,2,66,50,16,-23,16,73,82,132
VST,Vistra Corp.,199.69,0,5,27,32,64,-9,14,16,47,68,132
WAB,Wabtec,197.81,0,0,3,51,54,-5,6,18,58,77,131
UBER,Uber,97.81,1,22,26,1,50,15,14,24,28,81,131
ABT,Abbott Laboratories,133.01,0,32,64,15,111,-2,-1,4,16,17,128
ASTS,AST SpaceMobile,74.75,35,5,19,0,59,30,11,18,10,69,128
CPNG,Coupang,32.37,2,22,25,0,49,19,22,18,19,78,127
PEG,Public Service Enterprise Group,80.51,-15,-25,2,154,116,-26,7,11,19,11,127
WYNN,Wynn Resorts,122.85,-21,105,16,5,105,-19,33,18,-10,22,127
RCL,Royal Caribbean Group,314.75,-52,0,129,30,107,-14,-13,18,29,20,127
TFSL,Third Federal S&L,13.57,23,36,11,7,77,24,-14,18,21,49,126
CLH,Clean Harbors,231.6,0,-10,9,60,59,12,-22,18,59,67,126
JBL,Jabil,202.63,-23,-3,27,67,68,-19,-1,19,59,58,126
LAMR,Lamar Advertising,121.43,-3,32,9,66,104,-10,-8,16,23,21,125
COKE,Coca-Cola Consolidated,119.83,39,6,0,68,113,-8,-10,-24,54,12,125
ZION,Zions Bancorporation,56.77,0,85,8,6,99,-2,-4,15,17,26,125
PAG,Penske Automotive Group,169.73,-7,-4,23,64,76,-14,-14,18,59,49,125
GXO,GXO Logistics,54.21,65,12,9,0,86,28,3,17,-10,38,124
SNDK,SanDisk,120.87,49,36,0,0,85,-9,38,10,0,39,124
TRMB,Trimble Inc.,79.29,-6,-1,87,6,86,16,-9,16,14,37,123
WSM,"Williams-Sonoma, Inc.",189.35,-6,0,16,67,77,-6,17,10,23,44,121
PNW,Pinnacle West Capital,91.98,46,1,2,20,69,21,4,-1,28,52,121
DE,Deere & Company,461.49,0,-33,57,111,135,21,-46,-1,12,-14,121
TPL,Texas Pacific Land Corporation,959.68,39,0,-17,60,82,33,3,-13,15,38,120
MTZ,MasTec,212.98,0,20,27,20,67,-5,25,18,15,53,120
ROST,Ross Stores,150.32,0,46,8,37,91,-14,5,7,31,29,120
MMM,3M,155.33,-2,6,82,16,102,-8,-9,18,16,17,119
PG,Procter & Gamble,152.56,-3,-12,-14,181,152,-33,-6,-22,28,-33,119
DRI,Darden Restaurants,191.57,0,-14,52,63,101,-2,-9,-4,32,17,118
COIN,Coinbase,375.67,46,5,17,0,68,-1,14,17,20,50,118
SHC,Sotera Health,16.08,21,42,9,0,72,49,-6,10,-8,45,117
DELL,Dell Technologies,150.88,42,7,4,34,87,6,12,18,-6,30,117
TEM,Tempus AI,92.97,30,40,0,0,70,35,1,11,0,47,117
QCOM,Qualcomm,165.46,-3,30,0,24,51,24,32,16,-7,65,116
FRHC,Freedom Holding,170.31,0,0,62,16,78,-12,-1,18,32,37,115
RS,"Reliance, Inc.",280.54,-4,-47,-4,117,62,-11,-12,-3,79,53,115
M,"Macy's, Inc.",17.75,0,69,6,-17,58,26,32,7,-8,57,115
CI,Cigna,307.23,33,4,-1,60,96,42,-9,-11,-3,19,115
FOXA,Fox Corporation (Class A),61.51,-16,39,76,3,102,-31,11,16,16,12,114
WTFC,Wintrust Financial,131.75,0,2,17,51,70,16,-9,16,21,44,114
HLT,Hilton Worldwide,258.72,0,-6,24,66,84,-1,-14,16,28,29,113
MOH,Molina Healthcare,203.31,61,0,-21,-4,36,75,29,-17,-10,77,113
RVMD,Revolution Medicines,46.55,48,23,2,0,73,-5,29,18,-2,40,113
WTM,White Mountains Insurance Group,1906.05,21,3,1,61,86,20,-23,-28,58,27,113
WTRG,Essential Utilities,40.63,68,3,14,1,86,12,5,2,7,26,112
COHR,Coherent Corp.,113.58,35,14,6,17,72,-5,13,15,17,40,112
TFC,Truist Financial,45.22,-5,77,9,6,87,-5,-1,15,16,25,112
AMTM,Amentum,25.24,42,5,0,0,47,42,5,18,0,65,112
ELF,e.l.f. Beauty,140.61,14,29,1,33,77,28,-3,16,-7,34,111
CRWD,CrowdStrike,484.7,-6,14,53,0,61,-5,15,18,22,50,111
MPC,Marathon Petroleum,191.53,-7,29,7,51,80,-7,29,18,-10,30,110
EGP,EastGroup Properties,172.04,56,8,2,10,76,17,6,18,-7,34,110
QSR,Restaurant Brands International,67.26,35,4,2,42,83,29,9,-1,-10,27,110
BAM,Brookfield Asset Management,57.97,0,-6,73,0,67,16,-2,18,10,42,109
CRUS,Cirrus Logic,123.96,-3,40,6,21,64,-3,35,18,-5,45,109
APA,APA Corporation,25.08,16,43,2,0,61,14,41,13,-21,47,108
FANG,Diamondback Energy,148.85,18,3,0,49,70,25,8,12,-7,38,108
PKG,Packaging Corporation of America,210.59,-14,33,3,63,85,-15,-1,11,28,23,108
DOC,Healthpeak Properties,19.16,83,24,1,-33,75,-7,27,2,11,33,108
GTES,Gates Corporation,25.41,34,8,25,17,84,-5,-9,18,20,24,108
PODD,Insulet,313.61,7,0,53,6,66,24,-12,22,8,42,108
NTRA,Natera,168.5,0,34,9,20,63,19,-4,8,21,44,107
FOX,Fox Corporation (Class B),55.07,-16,39,75,3,101,-31,11,15,11,6,107
RPRX,Royalty Pharma,36.08,33,0,40,0,73,5,-8,34,2,33,106
A,Agilent Technologies,138.56,38,29,2,1,70,-1,35,9,-7,36,106
LFUS,Littelfuse,254.22,-6,103,11,4,112,-6,-6,16,-10,-6,106
HIW,Highwoods Properties,31.74,0,29,8,8,45,-4,32,18,15,61,106
CNA,CNA Financial,46.91,21,0,1,59,81,19,-18,2,22,25,106
DINO,HF Sinclair,51.99,-42,105,8,3,74,-12,35,18,-10,31,105
APG,APi Group,34.53,2,0,26,0,28,50,-19,18,28,77,105
ETSY,Etsy,71.45,140,10,5,-32,123,-9,12,18,-39,-18,105
HHH,Howard Hughes Holdings,83.11,0,43,6,2,51,-8,38,7,16,53,104
POST,Post Holdings,107.67,6,-4,-6,89,85,-8,-17,-16,59,18,103
QS,QuantumScape,15.34,35,15,14,0,64,46,15,16,-38,39,103
BRO,Brown & Brown,95.56,27,-112,-7,165,73,19,1,-18,28,30,103
HAYW,Hayward Holdings,15.45,33,0,2,0,35,49,-15,16,18,68,103
MSGS,Madison Square Garden Sports,219.72,-6,21,5,23,43,-9,28,11,29,59,102
ROP,Roper Technologies,510.51,10,-47,-10,184,137,10,-64,-9,28,-35,102
SNPS,Synopsys,477.51,-21,-20,0,182,141,2,-32,-2,-7,-39,102
ACGL,Arch Capital Group,94.1,21,2,0,64,87,16,1,-1,-2,14,101
SPR,Spirit AeroSystems,39.58,14,0,26,0,40,23,-16,38,16,61,101
RMD,Resmed,283.39,29,1,25,15,70,21,-23,17,15,30,100
HON,Honeywell,208.96,0,-38,1,180,143,-16,-50,-1,24,-43,100
EXEL,Exelixis,39.62,-10,0,72,16,78,-19,17,-2,26,22,100
GLPI,Gaming and Leisure Properties,45.9,-9,-1,0,67,57,-9,-9,2,59,43,100
CGNX,Cognex Corporation,45.94,0,85,9,-33,61,-5,71,14,-42,38,99
COLB,Columbia Banking System,26.18,19,52,2,0,73,28,-14,13,-1,26,99
TRGP,Targa Resources,166.47,-29,0,0,53,24,1,14,2,56,73,97
WAL,Western Alliance Bancorporation,85.96,-3,40,8,6,51,16,-6,15,20,45,96
PAYX,Paychex,127.04,6,-49,-4,169,122,9,-42,-9,16,-26,96
MSM,MSC Industrial Direct,90.23,-5,32,15,60,102,-7,-6,18,-11,-6,96
ACHC,Acadia Healthcare,27.23,70,18,-56,-13,19,83,10,1,-18,76,95
EXAS,Exact Sciences,57.72,44,23,1,-27,41,38,31,1,-18,52,93
WBS,Webster Bank,60.11,14,3,16,16,49,17,-8,16,19,44,93
PSX,Phillips 66,132.38,-17,32,3,43,61,-12,32,17,-7,30,91
FCX,Freeport-McMoRan,40.7,0,-10,0,60,50,41,-10,18,-8,41,91
VNO,Vornado Realty Trust,40.55,-2,25,6,6,35,-3,25,16,17,55,90
NTNX,Nutanix,69.99,-18,20,6,24,32,-5,19,18,26,58,90
TMUS,T-Mobile US,227.68,-35,-9,0,141,97,-26,-18,-1,37,-8,89
VOYA,Voya Financial,75.08,0,44,9,6,59,19,-2,16,-3,30,89
THO,Thor Industries,104.53,0,87,9,4,100,-5,-13,14,-8,-12,88
ZS,Zscaler,292.84,-5,8,25,7,35,-1,16,18,20,53,88
NVR,"NVR, Inc.",7840.13,-7,0,0,67,60,-5,-10,11,31,27,87
CPRT,Copart,44.21,-14,-16,-21,178,127,-24,-15,-31,30,-40,87
COF,Capital One,213.61,-67,0,102,23,58,-5,-6,18,20,27,85
BXP,"BXP, Inc.",73.77,-5,29,6,0,30,-9,30,18,15,54,84
NBIX,Neurocrine Biosciences,137.0,-9,40,8,27,66,9,-1,15,-6,17,83
SF,Stifel,111.0,-35,0,16,61,42,10,-7,15,22,40,82
FITB,Fifth Third Bancorp,43.68,-51,79,8,24,60,-5,-6,15,18,22,82
SEE,Sealed Air,35.38,56,33,4,-26,67,-4,36,16,-34,14,81
PVH,PVH Corp.,83.49,-7,39,0,3,35,10,38,7,-9,46,81
PLD,Prologis,115.97,1,32,7,0,40,-2,31,18,-7,40,80
ADSK,Autodesk,314.29,-7,27,7,16,43,-1,-1,18,21,37,80
SPGI,S&P Global,481.06,-98,-14,0,174,62,5,-26,16,23,18,80
CG,Carlyle Group (The),61.62,-6,0,16,23,33,16,-4,15,20,47,80
NSC,Norfolk Southern,295.89,0,17,19,6,42,-7,11,18,16,38,80
ESAB,ESAB,117.39,42,-1,0,0,41,33,-14,-1,19,37,78
EXE,Expand Energy,109.01,3,5,49,0,57,-5,21,-7,12,21,78
HD,Home Depot (The),386.89,-90,0,9,182,101,-49,-6,10,21,-24,77
AGO,Assured Guaranty,82.6,-11,0,-1,58,46,-8,16,-1,24,31,77
CTVA,Corteva,65.6,0,-17,61,1,45,10,-9,18,13,32,77
TTEK,Tetra Tech,34.27,7,-13,-37,121,78,26,-39,14,-3,-2,76
WFRD,Weatherford International,65.47,-12,74,0,0,62,-19,32,8,-7,14,76
NOW,ServiceNow,904.3,-44,-2,0,84,38,-1,-1,16,24,38,76
AMZN,Amazon,221.8,0,-3,25,23,45,5,-11,15,22,31,76
MSCI,MSCI,569.08,9,4,2,16,31,17,-10,15,22,44,75
REG,Regency Centers,71.49,-9,11,2,55,59,-26,3,18,21,16,75
LSCC,Lattice Semiconductor,71.92,-5,45,9,0,49,-5,38,10,-17,26,75
IPGP,IPG Photonics,84.94,24,102,9,-46,89,26,-8,14,-46,-14,75
ED,Consolidated Edison,100.03,6,-30,0,49,25,9,5,-12,47,49,74
LW,Lamb Weston,63.31,42,8,0,-10,40,50,-11,11,-16,34,74
REXR,Rexford Industrial,41.6,0,88,1,-20,69,29,-5,14,-34,4,73
VNOM,Viper Energy,38.3,-7,0,-17,46,22,-5,8,-1,49,51,73
BLD,TopBuild,395.94,4,0,10,48,62,19,-17,14,-5,11,73
AWK,American Water Works,142.5,12,0,34,1,47,12,1,2,10,25,72
RRX,Regal Rexnord,144.04,24,-1,2,5,30,28,2,15,-3,42,72
BAC,Bank of America,50.28,-35,36,25,20,46,-41,33,18,16,26,72
BIIB,Biogen,152.21,35,39,0,-29,45,-5,46,5,-20,26,71
MKSI,MKS Instruments,128.82,0,24,5,1,30,-1,35,14,-7,41,71
CNC,Centene,38.41,77,0,-52,-13,12,75,33,-21,-30,57,69
LECO,Lincoln Electric,236.39,2,0,15,67,84,-5,-17,16,-9,-15,69
RBLX,Roblox Corporation,125.0,-23,-1,61,0,37,-28,22,24,13,31,68
FR,First Industrial Realty Trust,51.66,0,35,2,16,53,-11,-6,16,16,15,68
TMO,Thermo Fisher Scientific,539.26,38,6,2,0,46,38,-14,3,-5,22,68
KIM,Kimco Realty,21.36,-10,0,2,57,49,-4,-9,16,16,19,68
JAZZ,Jazz Pharmaceuticals,137.24,40,43,2,-8,77,-7,35,3,-41,-10,67
HRB,H&R Block,50.64,0,-2,-9,54,43,-7,-9,-14,54,24,67
HXL,Hexcel,65.26,37,8,2,1,48,30,-13,12,-11,18,66
CF,CF Industries,91.96,14,2,5,6,27,20,10,-1,10,39,66
SUI,Sun Communities,126.16,-9,27,11,-26,3,-8,40,18,13,63,66
KEYS,Keysight,170.09,-8,25,6,2,25,-7,25,16,7,41,66
BC,Brunswick Corporation,63.0,-1,87,0,-9,77,-6,-6,12,-11,-11,66
MTD,Mettler Toledo,1308.08,35,5,2,0,42,35,-17,12,-7,23,65
ALLY,Ally Financial,39.92,0,3,10,6,19,16,-4,16,18,46,65
EXP,Eagle Materials,232.26,0,9,-23,59,45,20,-6,8,-2,20,65
FHB,"First Hawaiian, Inc.",24.71,0,0,8,16,24,16,-7,15,16,40,64
NOV,NOV Inc.,13.69,21,11,0,-14,18,29,25,9,-17,46,64
LYFT,Lyft,21.2,-18,37,9,-3,25,-14,32,18,2,38,63
NU,Nubank,15.13,-57,34,9,0,-14,9,29,18,21,77,63
CFLT,"Confluent, Inc.",20.75,28,0,-11,0,17,47,23,-26,2,46,63
PCOR,Procore,71.4,-7,17,2,0,12,-1,23,8,21,51,63
VKTX,Viking Therapeutics,31.53,39,0,-48,23,14,38,5,13,-8,48,62
NWSA,News Corp (Class A),27.39,-35,-4,17,60,38,-33,16,18,23,24,62
NNN,NNN Reit,42.23,-3,8,8,24,37,-11,2,18,16,25,62
MUSA,Murphy USA,382.33,-12,-2,-21,70,35,-11,-6,-37,81,27,62
TSCO,Tractor Supply Company,53.71,-84,-9,15,87,9,-26,-20,12,87,53,62
CFR,Frost Bank,127.43,14,-1,6,6,25,21,-12,16,12,37,62
EQIX,Equinix,786.69,1,0,-16,36,21,13,16,-16,28,41,62
BBY,Best Buy,75.24,-2,40,0,-8,30,-9,37,6,-4,30,60
NXST,Nexstar Media Group,204.07,7,0,17,6,30,19,-16,15,12,30,60
UAL,United Airlines Holdings,96.65,0,0,9,13,22,16,-9,12,18,37,59
ROK,Rockwell Automation,344.32,-2,19,23,17,57,-7,4,18,-13,2,59
AVT,Avnet,51.34,-7,0,9,47,49,12,-17,18,-4,9,58
TPG,TPG Inc.,57.11,0,0,10,0,10,16,-2,12,21,47,57
TOST,"Toast, Inc.",37.17,0,-26,85,0,59,16,-36,-1,19,-2,57
PSA,Public Storage,293.48,48,8,0,3,59,-2,3,-1,-2,-2,57
IPG,Interpublic Group of Companies (The),27.26,1,55,1,0,57,9,4,6,-19,0,57
MAS,Masco,68.54,-14,0,-5,67,48,-11,-13,9,23,8,56
RGEN,Repligen,145.96,42,8,2,-19,33,49,11,2,-39,23,56
AA,Alcoa,35.53,37,32,1,-22,48,-5,37,10,-34,8,56
KKR,KKR & Co. Inc.,124.73,-70,-9,0,105,26,-6,-2,14,23,29,55
QGEN,Qiagen,46.79,35,-20,20,0,35,38,-43,18,7,20,55
HBAN,Huntington Bancshares,16.75,-12,0,17,23,28,-5,-4,18,18,27,55
OSK,Oshkosh Corporation,130.35,0,0,19,6,25,28,-18,16,4,30,55
WMS,Advanced Drainage Systems,138.46,-2,45,2,5,50,-7,-2,18,-5,4,54
CMG,Chipotle Mexican Grill,40.94,27,-53,-14,82,42,23,2,-12,-2,11,53
MTG,MGIC Investment Corporation,27.03,-35,0,27,57,49,-40,-4,18,30,4,53
DOV,Dover Corporation,164.71,-7,-28,-11,108,62,-11,-19,-1,21,-10,52
PATH,UiPath,14.82,14,12,0,0,26,14,22,2,-12,26,52
DAY,Dayforce,68.99,25,36,8,-14,55,-1,-8,8,-2,-3,52
UNH,UnitedHealth Group,363.82,30,25,-26,0,29,28,37,-39,-3,23,52
IR,Ingersoll Rand,81.35,-3,0,-1,25,21,-5,22,15,-2,30,51
DNB,Dun & Bradstreet,9.15,29,52,-28,0,53,46,-13,2,-37,-2,51
OHI,Omega Healthcare Investors,41.06,-16,1,14,42,41,-25,-12,13,33,9,50
PRU,Prudential Financial,103.73,7,-6,-21,57,37,17,-16,12,-1,12,49
INGM,Ingram Micro,21.11,0,20,0,0,20,-9,23,15,0,29,49
RF,Regions Financial Corporation,25.72,-12,0,15,24,27,-5,-6,16,16,21,48
MASI,Masimo,150.25,42,0,0,-8,34,20,5,-23,12,14,48
FNF,Fidelity National Financial,56.73,-14,0,0,60,46,-22,-2,3,23,2,48
BX,Blackstone Inc.,164.95,-69,0,12,144,87,-73,-2,13,23,-39,48
VLO,Valero Energy,163.19,-33,32,8,46,53,-46,31,17,-7,-5,48
CBRE,CBRE Group,152.71,-85,0,100,24,39,-14,-10,16,16,8,47
DAL,Delta Air Lines,56.64,-5,0,9,21,25,-2,-14,10,28,22,47
MOS,Mosaic Company (The),35.4,2,4,24,-18,12,21,22,23,-32,34,46
SAIL,SailPoint,21.99,-5,18,0,0,13,-1,23,10,0,32,45
GPC,Genuine Parts Company,135.98,-7,56,9,0,58,-10,-3,18,-19,-14,44
BURL,Burlington Stores,259.93,0,-2,9,5,12,20,-18,11,19,32,44
AOS,A. O. Smith,71.39,-7,0,0,60,53,-14,-6,18,-7,-9,44
CTRA,Coterra,24.53,14,0,-13,46,47,12,-12,-20,15,-5,42
WBD,Warner Bros. Discovery,18.6,-18,19,20,0,21,-17,19,16,2,20,41
BA,Boeing,221.84,14,0,16,0,30,23,-17,18,-13,11,41
RYN,Rayonier,26.35,0,45,2,0,47,-7,5,6,-11,-7,40
LEN-B,Lennar (Class B),115.35,-7,0,-1,64,56,-9,-13,9,-3,-16,40
AR,Antero Resources,33.9,0,0,0,12,12,2,21,-8,12,27,39
ALB,Albemarle Corporation,90.54,20,19,0,-25,14,28,10,12,-27,23,37
PM,Philip Morris International,154.54,-37,-17,78,57,81,-48,-23,-2,29,-44,37
ENTG,Entegris,92.25,-2,19,0,-8,9,-3,31,7,-7,28,37
MPW,Medical Properties Trust,5.43,40,23,5,-38,30,-8,29,-15,1,7,37
AFRM,Affirm Holdings,76.59,0,-1,20,0,19,-9,-9,16,19,17,36
CACC,Credit Acceptance,492.76,25,2,0,0,27,36,-14,-6,-7,9,36
LEN,Lennar (Class A),122.14,-7,0,-5,66,54,-9,-13,9,-5,-18,36
RLI,RLI Corp.,65.08,4,-87,-18,178,77,18,-21,-37,-2,-42,35
TTD,Trade Desk (The),53.51,62,-42,-35,-3,-18,54,2,-1,-2,53,35
BLDR,Builders FirstSource,126.88,23,0,-36,67,54,-8,-14,8,-5,-19,35
BSY,Bentley Systems,52.57,-2,-1,17,0,14,28,-17,18,-8,21,35
MIDD,Middleby,137.34,28,4,-11,0,21,35,-13,-24,15,13,34
IQV,IQVIA,200.88,39,6,2,0,47,-5,-10,10,-8,-13,34
APLS,Apellis Pharmaceuticals,25.19,30,0,0,-18,12,47,-14,9,-20,22,34
OMF,OneMain Financial,54.88,-75,-3,25,62,9,-14,-7,18,28,25,34
LNC,Lincoln Financial,40.06,-4,0,26,3,25,-4,-14,16,10,8,33
VRSN,Verisign,270.21,-43,-5,44,11,7,-40,-3,60,9,26,33
VTRS,Viatris,10.13,38,5,1,0,44,-2,-16,10,-3,-11,33
GMED,Globus Medical,59.31,37,0,-23,0,14,48,-16,-28,14,18,32
ADM,Archer Daniels Midland,62.68,17,3,10,0,30,19,-13,18,-22,2,32
APTV,Aptiv,85.26,-5,40,9,-26,18,-3,36,18,-38,13,31
HAS,Hasbro,74.83,-9,0,22,5,18,-1,-17,18,13,13,31
PYPL,PayPal,74.63,19,1,0,-41,-21,19,11,11,11,52,31
AGCO,AGCO,110.25,16,0,15,0,31,22,-27,19,-15,-1,30
HAL,Halliburton,24.29,0,29,0,0,29,-19,27,3,-11,0,29
LBTYA,Liberty Global (Series A),11.38,-9,47,0,0,38,-10,-7,9,-1,-9,29
WST,West Pharmaceutical Services,265.96,0,23,0,-9,14,-9,24,9,-10,14,28
LNW,Light & Wonder,79.98,-15,-7,-11,59,26,-11,-15,1,27,2,28
ARES,Ares Management,148.63,-70,-10,-2,61,-21,-68,-10,18,108,48,27
SNV,Synovus,47.69,-11,-12,7,23,7,-5,-7,16,16,20,27
CERT,"Certara, Inc.",12.95,51,19,0,0,70,-8,13,-15,-34,-44,26
JEF,Jefferies Financial Group,59.1,-67,0,0,60,-7,-33,-2,9,59,33,26
OMC,Omnicom Group,79.76,2,40,-35,3,10,9,4,5,-3,15,25
DVN,Devon Energy,34.99,-30,40,0,-7,3,-7,36,17,-24,22,25
PCG,PG&E Corporation,16.2,41,8,-38,3,14,49,2,-37,-3,11,25
ONTO,Onto Innovation,135.14,-1,32,-34,0,-3,-5,35,3,-6,27,24
USB,U.S. Bancorp,47.51,-49,36,8,6,1,-5,-4,15,17,23,24
VRSK,Verisk Analytics,245.9,-14,-51,-4,116,47,-26,-17,-10,30,-23,24
CAI,Caris Life Sciences,31.58,19,0,0,0,19,20,-16,0,0,4,23
EFX,Equifax,238.11,-28,-4,0,18,-14,3,-4,18,20,37,23
EXR,Extra Space Storage,142.96,22,1,0,0,23,-8,-8,-1,15,-2,21
PLNT,Planet Fitness,96.81,-21,-26,71,15,39,-34,-18,18,16,-18,21
TXRH,Texas Roadhouse,166.64,31,-42,-7,66,48,22,-78,-4,33,-27,21
FRT,Federal Realty Investment Trust,97.6,-11,35,1,3,28,-7,-6,9,-3,-7,21
IDXX,Idexx Laboratories,627.75,2,4,22,6,34,-1,-21,18,-10,-14,20
CUZ,Cousins Properties,28.01,-9,6,2,13,12,-18,-7,18,15,8,20
DHR,Danaher Corporation,208.75,40,5,0,0,45,-7,-24,11,-6,-26,19
LBTYK,Liberty Global (Series C),11.51,-9,47,-1,0,37,-16,-7,7,-2,-18,19
SAIC,SAIC,101.2,34,-24,-6,0,4,42,-24,-3,-3,12,16
EXLS,EXL Service,42.34,-16,-5,0,67,46,-30,-13,-2,15,-30,16
META,Meta Platforms,712.92,-74,-6,25,31,-24,3,-4,16,25,40,16
ELV,Elevance Health,357.49,39,4,-52,0,-9,37,11,-18,-5,25,16
LPLA,LPL Financial,317.52,-35,-28,0,101,38,-41,-39,-1,59,-22,16
XYZ,"Block, Inc.",79.03,27,4,2,-38,-5,27,-18,12,-1,20,15
ELS,Equity Lifestyle Properties,62.03,37,6,-29,0,14,40,5,-40,-5,0,14
MDB,MongoDB Inc.,318.43,-6,37,6,-11,26,-9,-2,10,-11,-12,14
BDX,Becton Dickinson,192.59,37,5,-36,-7,-1,48,-18,1,-17,14,13
MAT,Mattel,18.0,25,0,-12,0,13,31,-14,15,-33,-1,12
LII,Lennox International,542.03,31,-31,-5,40,35,-5,-44,-3,29,-23,12
WDAY,"Workday, Inc.",233.22,-9,15,-18,16,4,-1,23,-12,-4,6,10
LOW,Lowe's,239.89,-91,0,0,168,77,-92,-6,9,21,-68,9
TWLO,Twilio,107.56,14,-1,0,-36,-23,32,-12,-1,13,32,9
T,AT&T,26.16,-85,-5,78,18,6,-108,-8,102,17,3,9
CVX,Chevron Corporation,154.9,-49,0,15,50,16,-19,-5,9,8,-7,9
SMMT,Summit Therapeutics,22.29,16,-22,3,16,13,16,-36,-5,21,-4,9
BEN,Franklin Templeton Investments,23.41,0,-2,16,0,14,20,-20,18,-24,-6,8
RBRK,Rubrik,79.44,-7,-20,0,0,-27,-5,-12,52,0,35,8
OXY,Occidental Petroleum,45.33,-28,3,0,0,-25,2,35,14,-18,33,8
APD,Air Products,270.89,0,-11,-3,18,4,-2,-16,10,12,4,8
VLTO,Veralto,104.85,-4,0,10,0,6,-7,-9,17,0,1,7
MCHP,Microchip Technology,64.97,-2,-1,0,0,-3,-3,4,18,-9,10,7
GEHC,GE HealthCare,74.47,0,6,-1,0,5,-7,-9,7,10,1,6
IOT,Samsara,38.72,28,5,-18,0,15,-1,-5,-25,22,-9,6
DBX,Dropbox,29.1,-43,29,7,11,4,-14,-2,8,10,2,6
BIO,Bio-Rad Laboratories,296.84,35,6,0,-30,11,38,-14,9,-39,-6,5
GAP,Gap Inc.,21.07,-7,0,0,20,13,-11,-7,-11,21,-8,5
FCNCA,First Citizens BancShares,1771.51,-49,-23,-4,61,-15,14,-16,-1,23,20,5
TROW,T. Rowe Price,105.8,14,2,2,-27,-9,16,-15,14,-2,13,4
TKR,Timken Company,75.81,0,0,2,6,8,-3,-9,15,-7,-4,4
BAH,Booz Allen Hamilton,104.05,35,-26,-38,103,74,-2,-25,-40,-3,-70,4
SYF,Synchrony Financial,70.9,-73,0,25,23,-25,-1,-6,16,20,29,4
APPF,AppFolio,239.65,-39,-5,13,30,-1,-33,-5,13,30,5,4
LAD,Lithia Motors,304.44,-18,-2,-3,16,-7,-14,-7,9,23,11,4
RVTY,Revvity,91.19,40,-1,-28,-26,-15,47,5,-33,-1,18,3
CR,Crane Co.,178.88,-6,-18,24,0,0,8,-30,18,7,3,3
CRL,Charles River Laboratories,170.14,38,5,0,-28,15,-4,-12,14,-10,-12,3
HOLX,Hologic,67.72,1,4,0,0,5,-8,3,11,-9,-3,2
STWD,Starwood Property Trust,18.92,-100,-3,26,60,-17,-12,-10,18,23,19,2
GL,Globe Life,135.61,-49,0,53,16,20,-40,-2,12,10,-20,0
WAT,Waters Corporation,318.14,36,0,-13,0,23,-5,-6,-28,16,-23,0
RAL,Ralliant,43.84,-1,0,0,0,-1,-7,7,0,0,0,-1
GEV,GE Vernova,606.31,-4,0,4,0,0,-19,-1,19,0,-1,-1
DECK,Deckers Brands,97.97,-10,-9,-32,95,44,-7,-9,-28,-1,-45,-1
INGR,Ingredion,120.59,-15,-47,-6,36,-32,-7,-17,-4,58,30,-2
SOLV,Solventum,72.15,0,-1,0,0,-1,-6,-9,14,0,-1,-2
PNC,PNC Financial Services,193.81,-49,0,10,16,-23,-5,-6,15,16,20,-3
LOAR,Loar Holdings,76.95,-7,0,0,0,-7,-15,30,-11,0,4,-3
MDLZ,Mondelez International,62.6,0,-9,0,0,-9,4,16,-3,-11,6,-3
ESS,Essex Property Trust,262.1,-18,-4,-2,16,-8,-24,23,-11,16,4,-4
TTC,Toro Company (The),77.08,1,0,0,-2,-1,23,-13,9,-22,-3,-4
CRM,Salesforce,239.77,0,-6,-21,24,-3,17,-12,-29,23,-1,-4
DT,Dynatrace,48.13,-7,-3,-10,0,-20,-9,3,-1,22,15,-5
HUM,Humana,295.37,21,3,0,-14,10,17,-14,4,-22,-15,-5
OKE,Oneok,72.43,-8,-47,-21,56,-20,-7,1,-33,53,14,-6
EW,Edwards Lifesciences,76.71,9,-5,0,-16,-12,21,-16,38,-37,6,-6
GLIBK,GCI Liberty (Series C),36.04,-2,0,0,0,-2,-8,3,0,0,-5,-7
PEGA,Pegasystems,55.03,-59,23,27,7,-2,-61,22,16,17,-6,-8
KD,Kyndryl,29.88,-2,-45,-4,0,-51,36,-10,-5,22,43,-8
QXO,"QXO, Inc.",19.48,21,-12,0,-16,-7,-5,-10,21,-8,-2,-9
ALSN,Allison Transmission,83.69,-9,-13,-13,37,2,-9,-9,-29,36,-11,-9
GTLB,GitLab,46.15,0,22,-29,0,-7,-1,29,-28,-3,-3,-10
GLIBA,GCI Liberty (Series A),36.1,-4,0,0,0,-4,-8,2,0,0,-6,-10
MSTR,MicroStrategy,328.24,0,-1,2,21,22,-5,-48,-1,22,-32,-10
PNFP,Pinnacle Financial Partners,91.91,-11,-12,-12,17,-18,-3,-6,-3,20,8,-10
DIS,Walt Disney Company (The),112.54,-29,-18,23,-2,-26,7,-14,18,5,16,-10
IP,International Paper,45.93,-5,-26,0,18,-13,5,-18,-2,18,3,-10
QRVO,Qorvo,89.45,-6,16,0,-33,-23,-5,8,16,-7,12,-11
FLS,Flowserve,52.01,-69,0,2,29,-38,-9,-2,11,27,27,-11
CPAY,Corpay,288.95,-5,-47,-6,23,-35,16,-16,-3,27,24,-11
SAIA,Saia,305.73,14,0,-34,0,-20,21,-6,1,-7,9,-11
OTIS,Otis Worldwide,90.39,-7,0,-12,0,-19,-14,15,-22,28,7,-12
ZM,Zoom Communications,79.48,-43,29,8,-2,-8,-14,-4,8,6,-4,-12
LLYVK,Liberty Live (Series C),90.76,-35,0,38,0,3,-28,-8,18,2,-16,-13
AMH,American Homes 4 Rent,32.38,-15,-49,-16,70,-10,2,-18,-4,17,-3,-13
TXN,Texas Instruments,177.02,-18,-25,1,24,-18,-11,-21,18,18,4,-14
OLN,Olin Corporation,24.73,0,32,-68,-11,-47,58,-6,6,-25,33,-14
CSGP,CoStar Group,80.59,-14,-10,0,16,-8,-5,-33,31,1,-6,-14
EL,Estée Lauder Companies (The),92.69,28,1,0,-28,1,23,-19,16,-37,-17,-16
CTSH,Cognizant,67.95,11,-49,-11,16,-33,21,-14,-11,20,16,-17
BILL,Bill.com,52.77,-7,28,-32,0,-11,-1,28,6,-39,-6,-17
LLYVA,Liberty Live (Series A),88.26,-35,0,38,0,3,-33,-7,18,2,-20,-17
CHWY,Chewy,37.62,-20,-3,49,0,26,-28,-13,-9,7,-43,-17
WH,Wyndham Hotels & Resorts,79.55,-7,-15,-11,13,-20,-1,-20,6,17,2,-18
PFE,Pfizer,26.26,42,6,2,-25,25,-8,-21,15,-30,-44,-19
SRPT,Sarepta Therapeutics,23.13,38,2,-37,-9,-6,48,5,-58,-8,-13,-19
DUOL,Duolingo,320.12,7,-69,0,0,-62,21,6,-9,25,43,-19
LUV,Southwest Airlines,32.39,5,0,8,-41,-28,-11,-1,15,6,9,-19
WLK,Westlake Corporation,80.34,19,-1,-48,0,-30,28,-12,2,-8,10,-20
FOUR,Shift4,78.1,0,-45,-8,0,-53,23,-16,-1,26,32,-21
APO,Apollo Global Management,126.05,-65,-10,-3,99,21,-67,-2,-1,28,-42,-21
WING,Wingstop,244.78,-14,-24,-5,40,-3,-13,-37,-1,33,-18,-21
RKT,Rocket Companies,16.29,-28,-1,12,0,-17,-20,-4,17,3,-4,-21
MANH,Manhattan Associates,198.95,-75,-11,0,67,-19,-7,-5,11,-2,-3,-22
CNM,Core & Main,50.86,-9,-21,4,0,-26,-26,-14,18,26,4,-22
ARW,Arrow Electronics,119.52,-4,-15,9,0,-10,-6,-15,18,-10,-13,-23
OVV,Ovintiv,39.68,-49,-2,0,0,-51,-4,25,15,-8,28,-23
SWK,Stanley Black & Decker,73.21,-6,69,-37,-41,-15,-5,-6,7,-4,-8,-23
RYAN,Ryan Specialty,58.22,27,-73,-11,0,-57,19,5,-17,27,34,-23
NVST,Envista,20.42,0,0,12,0,12,-7,-9,14,-34,-36,-24
AES,AES Corporation,14.41,0,5,0,-13,-8,-10,6,14,-26,-16,-24
NUE,Nucor,135.76,-5,0,0,0,-5,-9,-15,15,-10,-19,-24
LINE,"Lineage, Inc.",40.03,22,-1,0,0,21,-1,-6,-39,0,-46,-25
CCK,Crown Holdings,92.2,-14,-35,25,7,-17,-14,-26,18,14,-8,-25
COP,ConocoPhillips,95.23,-28,0,0,1,-27,-7,8,10,-10,1,-26
AS,Amer Sports,34.17,-12,-13,12,0,-13,-12,-19,18,0,-13,-26
PR,Permian Resources,12.59,-49,-7,0,28,-28,-7,-6,18,-4,1,-27
VZ,Verizon,41.42,-14,-2,0,12,-4,-24,-23,8,16,-23,-27
WEX,WEX Inc.,157.4,-6,-2,0,0,-8,-9,-13,12,-10,-20,-28
LAZ,Lazard,49.9,-69,-1,10,22,-38,-14,-7,15,15,9,-29
CART,Maplebear Inc.,39.03,2,-19,-2,0,-19,-1,-9,-1,1,-10,-29
CBSH,Commerce Bancshares,58.94,-5,-45,-2,13,-39,15,-20,-1,15,9,-30
ZBRA,Zebra Technologies,296.39,0,-12,-10,-9,-31,-5,-5,12,-1,1,-30
AUR,Aurora Innovation,5.39,0,-9,-9,0,-18,-1,-2,-26,17,-12,-30
PEN,"Penumbra, Inc.",249.19,-4,-1,0,0,-5,-5,-12,-14,5,-26,-31
SARO,StandardAero,26.56,-9,-3,0,0,-12,-16,-2,-1,0,-19,-31
CUBE,CubeSmart,40.04,-10,0,0,3,-7,-10,-9,-1,-4,-24,-31
JHX,James Hardie Industries,21.75,38,-34,-35,-3,-34,46,-30,-8,-5,3,-31
VIK,Viking Holdings,59.49,-16,0,0,0,-16,-27,-7,18,0,-16,-32
CCL,Carnival Corporation & plc,28.71,-75,0,25,0,-50,-12,-8,16,21,17,-33
HALO,Halozyme,66.05,-66,0,15,21,-30,-26,-2,9,16,-3,-33
SJM,J.M. Smucker Company (The),108.13,0,1,-2,-6,-7,-14,6,6,-25,-27,-34
SIRI,Sirius XM,22.85,0,30,-1,-33,-4,-8,-11,8,-19,-30,-34
NYT,New York Times Company,55.04,-82,-5,10,18,-59,3,-19,18,23,25,-34
MHK,Mohawk Industries,122.58,-10,0,0,-13,-23,-11,-9,10,-3,-13,-36
MRK,Merck & Co.,87.6,42,6,-55,0,-7,-8,-16,3,-8,-29,-36
HST,Host Hotels & Resorts,16.42,-42,35,6,4,3,-42,-5,16,-8,-39,-36
OLED,Universal Display Corporation,140.5,-5,-1,-45,-1,-52,-5,8,18,-7,14,-38
FLUT,Flutter Entertainment,237.98,-42,-7,0,23,-26,-39,-18,16,29,-12,-38
MTB,M&T Bank,189.62,-42,0,9,24,-9,-61,-2,16,16,-31,-40
GPN,Global Payments,88.12,23,5,-35,-41,-48,27,-14,6,-12,7,-41
CCCS,CCC Intelligent Solutions,9.27,0,-12,-36,0,-48,19,-14,10,-8,7,-41
LVS,Las Vegas Sands,51.81,-21,0,14,4,-3,-21,-17,15,-16,-39,-42
LEA,Lear Corporation,99.37,-7,-1,0,-19,-27,-5,-10,17,-17,-15,-42
TECH,Bio-Techne,59.18,39,6,-35,-26,-16,-4,-18,3,-8,-27,-43
DOX,Amdocs,82.44,0,-41,0,0,-41,22,-28,-3,7,-2,-43
GEN,Gen Digital,27.3,-43,-17,23,18,-19,-42,-19,18,18,-25,-44
BHF,Brighthouse Financial,48.61,-14,0,-1,0,-15,-42,13,-11,10,-30,-45
SNDR,Schneider National,21.62,3,-28,-13,-2,-40,21,-22,-3,-2,-6,-46
ONON,On Holding AG,41.72,-2,-48,-7,0,-57,-2,-6,-4,22,10,-47
SW,Smurfit Westrock,41.19,-33,-18,-5,18,-38,-24,-12,8,19,-9,-47
FTV,Fortive,49.62,0,0,-29,0,-29,-5,19,-25,-7,-18,-47
CIVI,Civitas Resources,34.06,3,41,-63,-2,-21,-7,-15,7,-11,-26,-47
GDDY,GoDaddy,135.32,-1,-63,-11,24,-51,16,-10,-27,24,3,-48
JBHT,J. B. Hunt,140.04,22,-28,-39,-2,-47,23,-21,8,-12,-2,-49
VFC,VF Corporation,14.53,-7,32,-28,-45,-48,-9,4,5,-1,-1,-49
S,SentinelOne,17.25,-7,-1,-33,0,-41,-1,-2,-3,-3,-9,-50
PPC,Pilgrim's Pride,38.57,-14,-23,-1,23,-15,-14,-30,-12,20,-36,-51
FIS,Fidelity National Information Services,68.54,32,-45,-10,-39,-62,50,-47,-5,13,11,-51
NCLH,Norwegian Cruise Line Holdings,23.91,-74,0,8,0,-66,-12,-7,11,22,14,-52
COO,Cooper Companies (The),69.01,31,0,-35,-7,-11,-1,3,-40,-5,-43,-54
SEB,Seaboard Corporation,3546.0,-29,0,13,-1,-17,-42,-13,16,2,-37,-54
OGN,Organon & Co.,10.6,0,23,-37,0,-14,-9,25,-50,-6,-40,-54
GNRC,Generac,167.02,-19,0,11,-36,-44,-14,-23,15,12,-10,-54
OKTA,"Okta, Inc.",90.92,-6,-3,-6,-26,-41,-14,3,-11,8,-14,-55
CNXC,Concentrix,47.76,-1,-8,-3,0,-12,2,-4,-6,-35,-43,-55
CHRD,Chord Energy,99.4,-49,-7,0,0,-56,13,-16,12,-8,1,-55
ST,Sensata Technologies,30.53,0,-1,2,-17,-16,-5,-14,16,-37,-40,-56
GME,GameStop,24.33,-17,8,-2,-32,-43,-19,26,-11,-9,-13,-56
HOG,Harley-Davidson,26.89,-20,0,0,-11,-31,-19,-6,13,-13,-25,-56
EQR,Equity Residential,62.47,-33,-4,-4,15,-26,-26,-8,-11,15,-30,-56
PB,Prosperity Bancshares,65.59,-5,-50,-12,16,-51,-3,-16,-3,16,-6,-57
CAR,Avis Budget Group,149.28,-22,-8,17,-22,-35,-26,22,21,-39,-22,-57
DXCM,Dexcom,66.03,0,-31,-7,-16,-54,22,-14,-2,-11,-5,-59
KNX,Knight-Swift,42.8,21,-31,-33,-4,-47,21,-15,-3,-15,-12,-59
HSIC,Schein (Henry),64.86,-14,-10,-13,-2,-39,-11,-11,-3,5,-20,-59
LBRDK,Liberty Broadband (Series C),63.75,21,-52,-11,-38,-80,12,9,-11,10,20,-60
RDDT,Reddit,206.07,-77,0,5,0,-72,5,-5,10,0,10,-62
KMB,Kimberly-Clark,122.34,-15,-18,-7,20,-20,-26,-25,-19,28,-42,-62
ZBH,Zimmer Biomet,99.06,0,0,-5,-19,-24,-5,-16,2,-20,-39,-63
UGI,UGI Corporation,32.29,-27,-30,50,6,-1,-25,-43,-1,7,-62,-63
SWKS,Skyworks Solutions,74.34,-49,25,0,-32,-56,-14,-1,15,-7,-7,-63
IRDM,Iridium Communications,19.41,28,-48,-12,-21,-53,28,-14,-3,-21,-10,-63
AKAM,Akamai Technologies,76.62,28,8,-34,-9,-7,-2,-10,-34,-12,-58,-65
RIVN,Rivian,13.24,-36,16,0,0,-20,-47,26,-1,-23,-45,-65
KDP,Keurig Dr Pepper,25.32,-14,-31,-7,-2,-54,-11,-25,26,-2,-12,-66
ON,ON Semiconductor,48.18,-5,-28,-45,-3,-81,19,-1,14,-17,15,-66
YETI,Yeti Holdings,33.21,-2,-2,-43,-8,-55,-5,-7,12,-12,-12,-67
CNH,CNH Industrial,10.96,8,-38,-5,0,-35,21,-54,-3,4,-32,-67
AVB,AvalonBay Communities,187.52,-30,-2,-11,18,-25,-42,-2,-15,17,-42,-67
ADC,Agree Realty,70.46,-17,-16,0,18,-15,-25,-30,-13,15,-53,-68
GTM,ZoomInfo,10.5,-63,20,0,0,-43,5,-5,14,-39,-25,-68
VNT,Vontier,39.77,-69,0,13,0,-56,-17,-4,16,-7,-12,-68
ESTC,Elastic NV,80.37,-14,-1,-21,-8,-44,-14,-4,-1,-6,-25,-69
TAP,Molson Coors,46.19,32,-20,-21,-2,-11,-10,-22,-22,-5,-59,-70
DPZ,Domino's,411.27,-21,-45,-4,12,-58,-14,-15,-3,20,-12,-70
TSN,Tyson Foods,54.21,1,-2,-9,-30,-40,-7,-18,-19,13,-31,-71
ASH,Ashland Global,47.48,-5,-13,-49,-11,-78,29,-17,7,-12,7,-71
FAF,First American Financial Corporation,60.96,-91,0,0,16,-75,-12,-9,5,20,4,-71
AVTR,Avantor,13.47,37,5,-37,-1,4,-5,-16,-48,-7,-76,-72
LCID,Lucid Motors,22.01,-6,-1,-12,0,-19,-5,14,-25,-37,-53,-72
EOG,EOG Resources,110.03,-50,-13,-6,47,-22,-44,-16,11,-1,-50,-72
TFX,Teleflex,127.01,31,8,-50,-41,-52,-1,-9,1,-12,-21,-73
UWMC,United Wholesale Mortgage,5.34,-87,43,0,0,-44,-26,-4,6,-6,-30,-74
ISRG,Intuitive Surgical,440.68,0,-49,-11,24,-36,-3,-57,-6,28,-38,-74
RH,RH,196.49,-10,-8,-32,-9,-59,-7,-13,6,-2,-16,-75
MTN,Vail Resorts,152.06,36,-2,-41,-25,-32,-1,-18,14,-38,-43,-75
Z,Zillow (Class C),72.73,-85,-6,0,0,-91,-12,-6,12,22,16,-75
DVA,DaVita,131.03,-16,-31,-11,22,-36,-16,-17,-28,21,-40,-76
ZG,Zillow (Class A),70.08,-85,-6,0,0,-91,-12,-6,11,22,15,-76
DOCU,DocuSign,69.94,-63,-6,-2,-14,-85,11,-5,-10,13,9,-76
IT,Gartner,245.2,-16,-80,-29,0,-125,-4,20,-27,59,48,-77
REGN,Regeneron Pharmaceuticals,583.21,0,5,-49,0,-44,-9,-22,4,-6,-33,-77
HUBS,HubSpot,450.18,-42,-6,-18,-2,-68,-1,-3,-26,21,-9,-77
BBWI,"Bath & Body Works, Inc.",25.67,-1,-22,-33,-17,-73,23,-15,-4,-8,-4,-77
KVUE,Kenvue,16.22,0,-31,-6,0,-37,7,-41,-11,5,-40,-77
MRNA,Moderna,27.33,37,-2,-63,-6,-34,-7,8,-3,-41,-43,-77
FI,Fiserv,126.69,-4,-62,-22,37,-51,-11,-22,-23,29,-27,-78
CARR,Carrier Global,59.17,-5,-46,-7,0,-58,-4,-42,-2,28,-20,-78
EIX,Edison International,53.69,-14,0,-40,0,-54,-21,-8,8,-3,-24,-78
DLB,Dolby Laboratories,69.94,-7,-11,-11,0,-29,-26,-21,-1,-1,-49,-78
COLM,Columbia Sportswear,52.03,-5,-9,-29,-8,-51,-6,-13,-24,15,-28,-79
LBRDA,Liberty Broadband (Series A),63.5,1,-52,-11,-38,-100,13,9,-11,10,21,-79
SBUX,Starbucks,81.24,-14,-25,-9,0,-48,-13,-33,6,9,-31,-79
BIRK,Birkenstock,44.19,-7,-23,-7,0,-37,-12,-21,-9,0,-42,-79
VVV,Valvoline,34.62,-91,-9,-3,33,-70,-14,-6,15,-6,-11,-81
BMY,Bristol Myers Squibb,44.64,-9,-4,-8,-7,-28,-21,-17,-22,7,-53,-81
ODFL,Old Dominion Freight Line,141.31,22,-49,-34,0,-61,44,-23,-39,-3,-21,-82
MGM,MGM Resorts International,33.11,-27,-6,-1,0,-34,-35,-18,15,-11,-49,-83
KBR,"KBR, Inc.",46.84,-7,-9,-38,0,-54,8,-19,-16,-3,-30,-84
NSA,National Storage Affiliates,30.43,1,1,-23,-6,-27,2,-13,-44,-3,-58,-85
KEX,Kirby Corporation,81.58,-7,-48,-11,37,-29,-12,-41,-2,-1,-56,-85
CCI,Crown Castle,95.15,-14,-30,-4,-30,-78,-14,3,-3,7,-7,-85
POOL,Pool Corporation,300.99,-14,-10,-31,-8,-63,-11,-6,5,-11,-23,-86
TGT,Target Corporation,89.29,32,-28,-39,-13,-48,5,-34,-1,-8,-38,-86
SMG,Scotts Miracle-Gro Company,57.84,23,-28,-30,-41,-76,-9,-14,14,-3,-12,-88
FCN,FTI Consulting,160.67,0,-20,-45,0,-65,-1,-14,-2,-7,-24,-89
TDC,Teradata,21.73,-6,4,-87,-19,-108,21,17,-1,-18,19,-89
NKE,"Nike, Inc.",68.91,-7,-1,0,-23,-31,-14,-21,15,-38,-58,-89
TRU,TransUnion,76.36,-85,-13,-3,-1,-102,4,-6,-1,16,13,-89
TREX,"Trex Company, Inc.",52.65,22,-18,-62,-15,-73,5,-14,-2,-8,-19,-92
GNTX,Gentex,26.62,-49,0,0,-1,-50,-40,-4,12,-10,-42,-92
PEP,PepsiCo,140.82,-3,0,-50,0,-53,-14,-17,7,-15,-39,-92
SLGN,Silgan Holdings,43.04,1,-49,-11,0,-59,5,-49,-5,15,-34,-93
CAG,Conagra Brands,18.92,35,-2,-40,-9,-16,-9,-21,-22,-25,-77,-93
FBIN,Fortune Brands Innovations,51.02,-16,-11,-34,-7,-68,-14,-14,7,-4,-25,-93
MKC,McCormick & Company,65.6,-1,-64,-14,-4,-83,62,-63,-22,12,-11,-94
OWL,Blue Owl Capital,16.12,-70,-34,-12,0,-116,10,-10,-1,23,22,-94
PK,Park Hotels & Resorts,10.8,-81,0,0,0,-81,-12,-5,11,-7,-13,-94
CHTR,Charter Communications,276.43,1,-52,-12,-38,-101,13,8,-12,-3,6,-95
SLM,Sallie Mae,27.05,-63,-37,0,24,-76,-5,-37,-1,23,-20,-96
ARE,Alexandria Real Estate Equities,78.07,-14,40,-45,-32,-51,-11,-2,3,-37,-47,-98
ACN,Accenture,251.26,12,-64,-31,-2,-85,11,-18,-27,21,-13,-98
BFAM,Bright Horizons,99.6,-28,-21,-7,0,-56,-30,-27,-4,17,-44,-100
AXTA,Axalta,27.31,-9,-11,-24,0,-44,-5,-13,-37,-2,-57,-101
LKQ,LKQ Corporation,29.95,-6,-17,-14,-4,-41,-9,-10,-22,-19,-60,-101
XP,XP Inc.,16.45,-70,-2,0,0,-72,-41,-3,24,-10,-30,-102
CLX,Clorox,120.52,-14,-2,-25,-7,-48,-12,-6,-35,-1,-54,-102
VIRT,Virtu Financial,32.38,-35,-27,0,16,-46,-33,-39,-1,16,-57,-103
PPG,PPG Industries,101.74,-9,-12,-54,-10,-85,-8,-18,18,-10,-18,-103
DAR,Darling Ingredients,30.93,-3,-7,-14,-22,-46,-5,-20,-1,-32,-58,-104
GIS,General Mills,50.92,6,1,-49,-6,-48,-9,19,-45,-21,-56,-104
PINS,Pinterest,31.39,-82,-12,-3,-2,-99,-1,-12,14,-7,-6,-105
JLL,Jones Lang LaSalle,286.3,-73,0,12,16,-45,-82,-6,12,16,-60,-105
RITM,Rithm Capital,10.87,-99,-9,25,34,-49,-90,-14,18,28,-58,-107
U,Unity Technologies,36.42,-66,0,14,0,-52,-72,-3,18,2,-55,-107
CAVA,Cava Group,61.64,-1,-39,-22,0,-62,29,-43,-36,4,-46,-108
SLB,Schlumberger,34.4,-5,-1,-78,0,-84,-3,-8,-1,-12,-24,-108
DKNG,DraftKings,32.92,-53,-6,-2,0,-61,-65,-14,10,22,-47,-108
MTDR,Matador Resources,44.25,-49,-7,-37,0,-93,-4,-15,11,-8,-16,-109
CZR,Caesars Entertainment,24.64,-9,-2,-34,-27,-72,-7,10,-2,-39,-38,-110
ATR,AptarGroup,130.56,-11,-47,-11,22,-47,-16,-44,-3,-1,-64,-111
STZ,Constellation Brands,140.14,40,-31,-53,-5,-49,48,-34,-69,-10,-65,-114
SFD,Smithfield Foods,22.32,-63,-14,0,0,-77,-26,-23,12,0,-37,-114
GFS,GlobalFoundries,34.9,-6,-1,-90,0,-97,-5,8,-2,-19,-18,-115
KMPR,Kemper Corporation,49.76,-34,-9,-14,-2,-59,-47,-14,-11,16,-56,-115
EMN,Eastman Chemical Company,62.37,-5,-12,-29,-3,-49,-5,-14,-43,-4,-66,-115
MRP,Millrose Properties,32.02,-56,0,0,0,-56,-63,-7,11,0,-59,-115
PRMB,Primo Brands,21.96,-20,-89,-6,24,-91,-9,-17,-18,20,-24,-115
CHE,Chemed Corporation,435.67,-42,-5,-19,-1,-67,-8,-14,-17,-10,-49,-116
HPQ,HP Inc.,26.56,-68,0,-33,0,-101,-12,-8,7,-3,-16,-117
IEX,IDEX Corporation,165.86,37,-49,-36,-4,-52,-2,-20,-36,-8,-66,-118
EEFT,Euronet Worldwide,86.93,-8,-49,-11,-5,-73,-4,-49,-8,15,-46,-119
ZTS,Zoetis,142.73,-1,-21,-43,-5,-70,-11,-22,-10,-7,-50,-120
ALK,Alaska Air Group,49.01,-120,-9,-3,1,-131,3,-9,6,11,11,-120
AVY,Avery Dennison,161.33,-6,-31,-43,0,-80,-8,-22,-3,-7,-40,-120
G,Genpact,40.69,-28,-20,-5,0,-53,-41,-16,-23,12,-68,-121
WHR,Whirlpool Corporation,76.6,-5,-15,-13,-28,-61,-6,-12,-4,-38,-60,-121
OC,Owens Corning,133.41,-116,-7,-32,60,-95,-19,-14,7,-2,-28,-123
JKHY,Jack Henry & Associates,149.72,2,-48,-11,-2,-59,12,-79,-11,13,-65,-124
ILMN,"Illumina, Inc.",96.66,-1,-1,-36,-42,-80,-6,-6,10,-42,-44,-124
BRKR,Bruker,34.56,35,-1,-68,-10,-44,-3,5,-72,-11,-81,-125
NWL,Newell Brands,5.18,-1,-9,-35,-33,-78,-5,-12,6,-38,-49,-127
UHAL,U-Haul,55.03,-14,-50,-23,0,-87,-12,-14,-36,22,-40,-127
UDR,"UDR, Inc.",36.12,-30,-48,-6,-2,-86,-28,-16,-13,15,-42,-128
KMX,CarMax,44.85,-2,-13,-27,-38,-80,-5,-11,-31,-2,-49,-129
AMCR,Amcor,7.95,-10,-38,-9,-1,-58,-11,-47,-9,-4,-71,-129
ABNB,Airbnb,119.85,-10,-43,-11,0,-64,-40,-17,-1,-7,-65,-129
MAA,Mid-America Apartment Communities,136.2,-63,-49,-5,0,-117,3,-12,-16,13,-12,-129
SON,Sonoco,42.47,-93,-11,-4,-2,-110,-11,-8,15,-16,-20,-130
NIQ,NIQ Global Intelligence,14.94,-91,0,0,0,-91,-33,-6,0,0,-39,-130
CPB,Campbell Soup Company,31.11,-14,0,-40,-8,-62,-14,-1,-47,-7,-69,-131
BALL,Ball Corporation,48.53,-7,-37,-11,-13,-68,-11,-45,-1,-7,-64,-132
LSTR,Landstar,123.98,13,-50,-43,-2,-82,23,-15,-50,-9,-51,-133
HLNE,Hamilton Lane,122.54,-70,-10,-6,27,-59,-70,-25,-3,23,-75,-134
WY,Weyerhaeuser,24.42,-6,-18,-31,0,-55,-6,-22,-43,-10,-81,-136
BMRN,BioMarin Pharmaceutical,54.69,0,-22,-58,-22,-102,48,-36,-23,-24,-35,-137
AAL,American Airlines Group,11.65,0,-9,-29,-78,-116,28,-15,7,-41,-21,-137
ADBE,Adobe Inc.,348.23,-42,-5,-44,-8,-99,-1,18,-48,-7,-38,-137
CHDN,Churchill Downs Incorporated,91.54,-14,-27,-39,0,-80,-9,-44,-2,-3,-58,-138
CE,Celanese,42.64,0,-42,-51,-12,-105,-5,-12,-5,-11,-33,-138
PAYC,Paycom,203.78,-42,-31,1,-26,-98,-5,-34,-2,1,-40,-138
INVH,Invitation Homes,28.14,-33,-53,-16,0,-102,-26,-18,-11,16,-39,-141
RARE,Ultragenyx,29.73,0,0,-35,-40,-75,-5,-14,-43,-5,-67,-142
DG,Dollar General,96.37,-52,-13,0,-19,-84,-33,-28,30,-28,-59,-143
CL,Colgate-Palmolive,79.11,-38,-64,-14,25,-91,-34,-25,-22,28,-53,-144
BJ,BJ's Wholesale Club,89.93,-91,-70,-3,12,-152,-6,-37,-10,60,7,-145
WU,Western Union,8.18,14,0,-31,-48,-65,6,-14,-66,-7,-81,-146
PCTY,Paylocity,153.19,-75,-31,-6,-5,-117,-1,-35,-5,7,-34,-151
CROX,Crocs,78.84,-7,-43,-50,-3,-103,-13,-16,-12,-7,-48,-151
GPK,Graphic Packaging,18.98,-14,-28,-27,0,-69,-16,-25,-40,-2,-83,-152
CPT,Camden Property Trust,103.36,-64,-10,-3,-1,-78,-69,-11,-11,13,-78,-156
CLVT,Clarivate,3.76,-4,-13,-85,-8,-110,-2,-13,11,-44,-48,-158
PENN,Penn Entertainment,17.92,-31,-1,-1,-36,-69,-42,-10,8,-46,-90,-159
DOW,Dow Inc.,22.5,-7,-12,-51,-3,-73,-7,-6,-66,-10,-89,-162
UHAL-B,U-Haul (Series N),49.64,-12,-50,-31,0,-93,-11,-14,-45,-3,-73,-166
WSC,WillScot Mobile Mini,21.69,13,-47,-73,-8,-115,1,-41,-2,-14,-56,-171
SN,SharkNinja,91.79,-84,-6,16,0,-74,-82,-34,15,3,-98,-172
ALGM,Allegro MicroSystems,27.5,-63,-13,19,0,-57,-65,-49,16,-18,-116,-173
IFF,International Flavors & Fragrances,61.02,0,-49,-31,-33,-113,-1,-15,-43,-3,-62,-175
EPAM,EPAM Systems,149.9,-6,-20,-34,-29,-89,-5,-18,-25,-39,-87,-176
KHC,Kraft Heinz,25.41,-14,-22,-50,-2,-88,-14,-40,-22,-12,-88,-176
CDW,CDW,155.2,-49,-45,-50,0,-144,-12,-10,-1,-10,-33,-177
ENPH,Enphase Energy,36.27,-2,0,-54,-22,-78,-10,-2,-61,-26,-99,-177
CMCSA,Comcast,30.6,-39,-50,-43,-11,-143,-2,-14,-10,-10,-36,-179
MAN,ManpowerGroup,38.35,26,-30,-54,-30,-88,23,-22,-54,-38,-91,-179
SAM,Boston Beer Company,221.39,7,1,-43,-39,-74,-6,-14,-39,-46,-105,-179
MTCH,Match Group,33.09,-80,-2,12,-39,-109,-33,-10,13,-40,-70,-179
FRPT,Freshpet,52.88,0,-80,-32,-8,-120,5,-37,-28,-1,-61,-181
INSP,Inspire Medical Systems,76.89,9,-100,-31,-8,-130,21,-17,-36,-19,-51,-181
AMT,American Tower,186.97,-42,-45,-5,-2,-94,-53,-44,-3,13,-87,-181
HUN,Huntsman Corporation,9.04,-2,-13,-53,-17,-85,-1,-13,-48,-35,-97,-182
DLTR,Dollar Tree,85.12,-91,-22,0,-17,-130,-35,-31,33,-24,-57,-187
SITE,SiteOne Landscape Supply,123.22,-139,-10,-4,-11,-164,-11,-14,11,-10,-24,-188
COTY,Coty,4.06,2,-35,-72,-9,-114,14,-5,-74,-11,-76,-190
ALGN,Align Technology,130.51,28,-48,-75,-27,-122,-2,-22,-11,-40,-75,-197
UPS,United Parcel Service,85.99,30,-50,-114,-18,-152,29,1,-42,-36,-48,-200
IAC,IAC Inc.,33.46,-84,-13,-10,-33,-140,-11,-5,-5,-40,-61,-201
LYB,LyondellBasell,49.12,-2,-47,-52,-7,-108,-7,-12,-66,-9,-94,-202
BROS,Dutch Bros. Coffee,47.66,-159,-17,-3,0,-179,-19,-17,-2,13,-25,-204
LULU,Lululemon Athletica,173.16,-6,-85,-19,-5,-115,-26,-23,-28,-14,-91,-206
NCNO,nCino,25.62,-78,-6,-34,0,-118,-88,-11,13,-3,-89,-207
TYL,Tyler Technologies,485.91,-140,-32,-2,19,-155,-39,-34,-1,20,-54,-209
TEAM,Atlassian,150.17,-100,-63,-14,-8,-185,-1,-11,-26,13,-25,-210
WEN,Wendy's Company (The),9.12,-3,-73,-45,-10,-131,-6,-20,-40,-17,-83,-214
DXC,DXC Technology,13.28,-8,-2,-33,-75,-118,-8,-13,-40,-36,-97,-215
UA,Under Armour (Class C),4.74,-3,-42,-36,-39,-120,-11,-44,-3,-39,-97,-217
DJT,Trump Media & Technology Group,17.02,0,-90,-64,0,-154,-3,-21,-32,-11,-67,-221
UAA,Under Armour (Class A),4.85,-3,-42,-36,-46,-127,-11,-44,-3,-39,-97,-224
BAX,Baxter International,22.89,0,-64,-31,-40,-135,-8,-17,-22,-43,-90,-225
FLO,Flowers Foods,12.77,-3,-37,-45,-10,-95,-11,-30,-65,-25,-131,-226
HRL,Hormel Foods,24.0,-14,-58,-18,-25,-115,-20,-54,-5,-32,-111,-226
GLOB,Globant,58.93,-1,-99,-34,-9,-143,-3,-47,-34,-9,-93,-236
RNG,RingCentral,27.12,-77,-1,-34,-43,-155,-40,-6,8,-47,-85,-240
TW,Tradeweb,104.56,-168,-44,-6,2,-216,-8,-40,-7,25,-30,-246
FND,Floor & Decor,70.38,-90,-9,-43,-8,-150,-92,-6,6,-8,-100,-250
XRAY,Dentsply Sirona,12.32,-9,-48,-89,-44,-190,-11,-13,-3,-42,-69,-259
BF-A,Brown–Forman (Class A),27.54,-2,-22,-110,-20,-154,-14,-19,-50,-26,-109,-263
PRGO,Perrigo,21.67,-1,-44,-10,-115,-170,-9,-17,-10,-57,-93,-263
MORN,"Morningstar, Inc.",226.23,-120,-48,-28,0,-196,2,-61,-6,-2,-67,-263
BF-B,Brown–Forman (Class B),27.86,0,-25,-111,-20,-156,-18,-19,-43,-30,-110,-266
SBAC,SBA Communications,188.6,-62,-45,-7,-22,-136,-91,-45,-6,7,-135,-271
COLD,Americold,13.35,19,-131,-49,-13,-174,29,-73,-49,-17,-110,-284
MKTX,MarketAxess,168.21,-48,-52,-36,-31,-167,2,-67,-10,-46,-121,-288
ACI,Albertsons,17.2,-182,-60,-5,0,-247,-14,-22,-11,2,-45,-292
DV,DoubleVerify,11.22,-168,-21,-78,0,-267,4,-23,-1,-12,-32,-299
FDS,FactSet,276.94,-140,-56,-13,-2,-211,-34,-52,-11,-3,-100,-311
RHI,Robert Half,33.19,-5,-177,-37,-11,-230,-7,-14,-35,-34,-90,-320
BRBR,BellRing Brands,34.77,-33,-107,-21,0,-161,-32,-99,-27,-1,-159,-320
SFM,Sprouts Farmers Market,102.8,-216,-51,-3,48,-222,-117,-49,-7,59,-114,-336
FMC,FMC Corporation,31.13,-94,-28,-48,-26,-196,-110,-18,-3,-28,-159,-355
CHH,Choice Hotels,101.33,-196,-44,-11,0,-251,-54,-45,-25,16,-108,-359
