Symbol,Name,Close,1H Cloud Score,1D Cloud Score,1W Cloud Score,1M Cloud Score,Cloud Score Sum,1H TKx Score,1D TKx Score,1W TKx Score,1M TKx Score,TKx Score Sum,Total Score Sum
TJX,TJX Companies,143.26,0,60,158,200,418,-17,3,127,195,308,726
COOP,Mr. Cooper Group,210.79,-7,100,126,60,279,11,99,124,58,292,571
COR,Cencora,335.98,93,40,54,77,264,101,49,65,70,285,549
AAPL,Apple Inc.,268.74,45,84,8,253,390,13,52,12,73,150,540
RL,Ralph Lauren Corporation,337.52,55,119,104,36,314,63,48,20,28,159,473
RTX,RTX Corporation,179.23,35,116,87,56,294,42,25,94,16,177,471
ORLY,O'Reilly Auto Parts,95.78,-50,-3,173,201,321,-7,-11,64,91,137,458
GD,General Dynamics,353.79,35,139,18,56,248,37,94,20,59,210,458
APH,Amphenol,135.86,28,130,29,67,254,20,132,20,29,201,455
FIX,Comfort Systems USA,975.91,14,120,27,66,227,14,132,20,57,223,450
NRG,NRG Energy,172.6,13,32,113,96,254,14,31,123,23,191,445
WRB,W. R. Berkley Corporation,75.27,4,43,104,178,329,26,-1,34,57,116,445
WELL,Welltower,182.63,51,11,126,60,248,21,2,143,26,192,440
PLTR,Palantir Technologies,189.18,20,130,126,0,276,15,-3,129,22,163,439
GOOG,Alphabet (Class C),269.84,68,106,17,178,369,25,8,14,23,70,439
BSX,Boston Scientific,102.4,63,-3,154,146,360,-9,6,20,59,76,436
GOOGL,Alphabet (Class A),269.27,68,106,18,178,370,25,3,15,23,66,436
HWM,Howmet Aerospace,201.95,21,34,158,31,244,15,5,102,59,181,425
L,Loews Corporation,100.08,0,117,122,57,296,31,52,20,26,129,425
ORI,Old Republic International,40.51,-21,54,157,60,250,-12,-3,127,57,169,419
CDNS,Cadence Design Systems,351.79,19,1,27,143,190,42,-15,20,182,229,419
EHC,Encompass Health,127.15,49,51,153,31,284,61,1,34,31,127,411
ETR,Entergy,97.37,2,27,86,139,254,16,26,99,16,157,411
LOPE,Grand Canyon Education,218.5,39,57,157,37,290,36,3,44,36,119,409
MPWR,Monolithic Power Systems,1104.96,21,117,13,159,310,15,61,20,2,98,408
RBC,RBC Bearings,411.02,42,4,103,166,315,41,-40,24,59,84,399
MDU,MDU Resources,20.0,189,25,5,60,279,39,27,20,32,118,397
TIGO,Millicom,49.49,24,197,87,4,312,19,14,34,18,85,397
ROL,"Rollins, Inc.",56.22,19,-9,41,288,339,-6,-8,33,37,56,395
CRS,Carpenter Technology Corporation,318.59,21,3,156,37,217,38,3,81,51,173,390
KLAC,KLA Corporation,1215.13,57,36,24,179,296,15,30,20,28,93,389
MCK,McKesson Corporation,811.66,89,28,52,60,229,40,45,2,69,156,385
IBM,IBM,313.01,19,28,119,56,222,42,-3,66,58,163,385
V,Visa Inc.,347.92,31,6,147,135,319,36,-5,-3,28,56,375
MNST,Monster Beverage,69.71,16,56,36,182,290,20,30,29,6,85,375
ACM,AECOM,132.59,1,123,26,67,217,12,52,20,73,157,374
LLY,Lilly (Eli),826.11,5,22,1,174,202,26,39,2,98,165,367
AWI,Armstrong World Industries,202.65,46,124,104,23,297,12,14,20,21,67,364
MEDP,Medpace,596.51,55,91,14,34,194,47,101,14,4,166,360
HCA,HCA Healthcare,467.87,46,56,13,99,214,61,24,26,31,142,356
EME,Emcor,754.9,20,117,27,60,224,17,36,18,59,130,354
GLW,Corning Inc.,89.38,19,116,29,19,183,14,123,18,16,171,354
AAON,AAON,104.92,16,28,1,247,292,14,46,2,-1,61,353
AVGO,Broadcom,361.96,14,120,29,118,281,14,3,20,32,69,350
CW,Curtiss-Wright,573.41,19,125,29,56,229,15,33,20,51,119,348
DTE,DTE Energy,141.61,-7,25,84,191,293,-19,22,37,15,55,348
JPM,JPMorgan Chase,304.15,2,2,133,160,297,12,-10,20,28,50,347
WDC,Western Digital,126.68,20,117,22,20,179,15,128,20,5,168,347
DCI,Donaldson Company,83.58,57,69,12,67,205,14,76,20,32,142,347
SO,Southern Company,95.4,-34,17,86,192,261,-47,18,33,81,85,346
MS,Morgan Stanley,166.02,14,117,86,66,283,14,9,20,18,61,344
THC,Tenet Healthcare,216.15,48,54,24,59,185,63,51,18,26,158,343
GRMN,Garmin,251.44,7,90,122,21,240,13,51,16,23,103,343
DDS,Dillard's,614.99,8,99,24,56,187,27,53,17,57,154,341
MA,Mastercard,572.2,35,-1,136,157,327,-5,-30,20,28,13,340
DUK,Duke Energy,127.49,-7,17,86,185,281,-15,19,32,18,54,335
HEI,HEICO (Common),315.66,21,-13,35,191,234,36,-21,26,59,100,334
CASY,Casey's,535.93,-34,1,123,89,179,-52,-1,127,80,154,333
AYI,Acuity Brands,370.51,19,93,14,29,155,17,122,16,22,177,332
BK,BNY Mellon,107.59,19,119,104,42,284,14,-7,20,21,48,332
CAT,Caterpillar Inc.,527.12,1,116,18,66,201,9,41,18,59,127,328
SRE,Sempra,93.17,6,72,10,183,271,8,27,18,1,54,325
CACI,CACI,578.61,42,22,12,156,232,39,29,24,1,93,325
PANW,Palo Alto Networks,220.3,35,37,9,83,164,42,38,20,59,159,323
NVT,nVent Electric,103.96,17,117,18,14,166,16,130,18,-7,157,323
HUBB,Hubbell Incorporated,433.9,21,0,11,184,216,14,2,16,73,105,321
WMT,Walmart,104.47,-6,41,137,103,275,-14,9,20,31,46,321
MSFT,Microsoft,531.41,28,2,26,175,231,40,1,20,27,88,319
GE,GE Aerospace,312.8,6,128,29,29,192,12,39,40,31,122,314
INTU,Intuit,683.37,41,0,27,193,261,42,-12,-2,22,50,311
AXP,American Express,361.56,49,46,27,101,223,42,3,18,23,86,309
CBOE,Cboe Global Markets,238.28,0,0,154,57,211,19,-6,32,53,98,309
MCD,McDonald's,310.01,7,1,2,244,254,-17,4,8,59,54,308
CAH,Cardinal Health,163.8,44,22,65,40,171,40,36,2,59,137,308
ATO,Atmos Energy,176.34,-21,57,84,47,167,-21,19,95,47,140,307
COST,Costco,930.0,-13,-28,0,182,141,-15,6,-12,186,165,306
CRH,CRH plc,120.95,14,71,17,66,168,14,80,14,29,137,305
TRV,Travelers Companies (The),270.33,17,0,101,60,178,38,-5,34,58,125,303
PWR,Quanta Services,441.95,14,24,27,101,166,14,28,20,74,136,302
J,Jacobs Solutions,160.96,0,115,16,108,239,-1,26,17,21,63,302
ROIV,Roivant Sciences,18.83,76,54,11,0,141,68,70,20,2,160,301
GWRE,Guidewire Software,253.04,89,8,120,23,240,12,6,20,22,60,300
EBAY,eBay,98.03,56,6,87,16,165,14,9,92,18,133,298
MSI,Motorola Solutions,443.91,-17,-9,11,155,140,-20,-23,11,187,155,295
PPL,PPL Corporation,37.46,-10,75,86,25,176,-16,21,98,16,119,295
EVRG,Evergy,78.3,2,98,68,16,184,-15,26,87,12,110,294
MLI,Mueller Industries,103.72,42,89,17,60,208,-8,3,18,73,86,294
FYBR,Frontier Communications,37.58,8,55,99,0,162,20,-9,104,16,131,293
ANET,Arista Networks,156.8,21,102,17,60,200,22,-3,16,58,93,293
LRCX,Lam Research,156.89,21,39,19,154,233,15,31,20,-7,59,292
FLEX,Flex Ltd.,64.63,21,46,28,60,155,18,39,20,59,136,291
HII,Huntington Ingalls Industries,301.74,21,156,18,8,203,36,36,26,-11,87,290
TDG,TransDigm Group,1354.94,38,0,7,159,204,39,-10,-3,59,85,289
TT,Trane Technologies,428.27,14,0,26,166,206,12,20,20,31,83,289
NI,NiSource,43.75,1,24,84,47,156,-9,24,99,16,130,286
AXON,Axon Enterprise,749.06,23,-33,155,96,241,37,-24,-1,32,44,285
TPR,"Tapestry, Inc.",114.95,0,117,90,23,230,-19,34,18,21,54,284
YUM,Yum! Brands,142.95,-11,-2,0,261,248,-17,-12,4,59,34,282
IBKR,Interactive Brokers,69.51,6,28,99,59,192,15,-3,18,59,89,281
INSM,Insmed,164.01,-27,97,74,18,162,7,67,20,22,116,278
HON,Honeywell,214.99,38,0,1,180,219,35,2,-3,24,58,277
CNP,Centerpoint Energy,39.6,-9,71,59,47,168,6,29,53,17,105,273
SNX,TD Synnex,155.0,13,117,25,65,220,13,-4,18,23,50,270
HOOD,Robinhood Markets,145.84,9,119,91,0,219,14,-3,20,20,51,270
BWXT,BWX Technologies,204.02,2,115,23,37,177,12,27,20,33,92,269
RBA,RB Global,101.44,0,-23,114,29,120,28,-18,117,21,148,268
CTAS,Cintas,188.65,-6,-51,-3,169,109,-16,-13,-3,189,157,266
XYL,Xylem Inc.,149.4,21,117,18,24,180,15,26,20,24,85,265
HEI-A,HEICO (Class A),246.65,1,-13,36,184,208,12,-14,27,32,57,265
FERG,Ferguson Enterprises,250.86,77,18,21,67,183,12,22,20,27,81,264
PTC,PTC Inc.,203.39,0,0,16,184,200,14,3,17,28,62,262
WM,"Waste Management, Inc.",213.68,-11,-46,-1,189,131,-18,-9,-4,161,130,261
CIEN,Ciena,182.53,21,117,19,14,171,14,39,18,18,89,260
SNDK,SanDisk,176.46,77,50,0,0,127,69,52,12,0,133,260
AGNC,AGNC Investment,10.3,29,102,21,18,170,40,13,18,19,90,260
ELAN,Elanco,22.27,49,120,12,0,181,15,52,19,-8,78,259
AMAT,Applied Materials,231.28,21,28,5,151,205,15,28,18,-7,54,259
WEC,WEC Energy Group,116.67,0,73,65,15,153,-15,30,78,13,106,259
TER,Teradyne,147.49,21,88,5,4,118,15,118,13,-7,139,257
SCI,Service Corporation International,82.16,0,33,7,177,217,-20,27,18,15,40,257
AM,Antero Midstream,17.69,-36,0,158,25,147,-27,-10,88,57,108,255
UI,Ubiquiti,746.77,7,46,62,12,127,14,81,20,12,127,254
NVDA,Nvidia,191.43,7,28,24,136,195,14,-3,20,28,59,254
CME,CME Group,270.98,13,0,64,138,215,-2,21,-2,21,38,253
EXAS,Exact Sciences,63.49,142,37,3,-27,155,68,45,3,-18,98,253
VMI,Valmont Industries,415.02,21,22,72,60,175,26,22,17,12,77,252
IDA,Idacorp,136.39,0,86,66,20,172,6,25,36,12,79,251
AU,AngloGold Ashanti,64.98,-35,61,86,20,132,-3,70,34,16,117,249
PSTG,Pure Storage,95.49,19,47,9,44,119,15,39,16,59,129,248
ETN,Eaton Corporation,379.65,7,3,18,116,144,14,-3,18,74,103,247
VTR,"Ventas, Inc.",71.57,7,73,82,24,186,8,20,14,17,59,245
DOV,Dover Corporation,177.93,56,0,0,108,164,61,1,-3,21,80,244
NEM,Newmont,78.6,-35,141,29,7,142,-43,103,29,12,101,243
AME,Ametek,186.77,0,0,14,108,122,-5,3,20,103,121,243
SNA,Snap-on,346.45,4,38,8,61,111,28,32,13,59,132,243
OGE,OGE Energy,46.5,0,22,78,47,147,-21,23,78,16,96,243
DRS,Leonardo DRS,41.33,0,-9,149,60,200,15,-4,-1,31,41,241
CSL,Carlisle Companies,338.59,42,-32,-7,180,183,36,3,-4,22,57,240
ATI,ATI Inc.,91.73,21,3,26,45,95,35,36,20,54,145,240
UHS,Universal Health Services,214.08,45,49,2,24,120,61,53,4,1,119,239
CMI,Cummins,421.08,14,89,15,67,185,13,-7,16,32,54,239
STE,Steris,241.0,0,0,24,197,221,-18,-23,32,27,18,239
CINF,Cincinnati Financial,157.67,7,7,95,64,173,34,-6,20,17,65,238
LPLA,LPL Financial,343.44,63,0,2,101,166,11,5,-3,59,72,238
PCAR,Paccar,101.08,42,2,1,161,206,-12,1,7,36,32,238
BLD,TopBuild,453.89,102,14,12,48,176,36,9,16,1,62,238
LHX,L3Harris,291.13,0,139,22,7,168,35,-4,22,16,69,237
RCL,Royal Caribbean Group,320.26,32,-14,131,30,179,34,-27,20,29,56,235
ORCL,Oracle Corporation,281.34,-42,-1,21,200,178,16,-9,20,29,56,234
APP,AppLovin,643.07,14,62,115,0,191,17,-11,16,20,42,233
BR,Broadridge Financial Solutions,231.98,16,-31,124,147,256,-9,-39,-2,27,-23,233
SOFI,SoFi,30.07,21,109,56,0,186,14,2,18,13,47,233
XEL,Xcel Energy,80.69,-35,73,61,14,113,-2,42,69,11,120,233
SYK,Stryker Corporation,383.8,50,-3,3,161,211,-15,7,-1,31,22,233
MMC,Marsh McLennan,187.62,-56,-8,-13,177,100,-23,-3,-21,180,133,233
IRM,Iron Mountain,106.47,14,31,6,59,110,14,30,20,58,122,232
NTRA,Natera,192.18,98,48,11,20,177,15,9,10,21,55,232
KIM,Kimco Realty,22.38,63,5,4,57,129,67,2,18,16,103,232
CRWD,CrowdStrike,529.61,37,28,55,0,120,40,29,20,22,111,231
JCI,Johnson Controls,113.05,21,10,85,21,137,14,39,20,20,93,230
ADI,Analog Devices,242.97,2,0,21,181,204,-25,2,20,28,25,229
FSLR,First Solar,247.55,14,82,5,64,165,14,37,20,-8,63,228
AIZ,Assurant,212.17,0,2,11,154,167,30,-3,12,21,60,227
PH,Parker Hannifin,774.18,35,3,27,67,132,40,2,20,32,94,226
HIG,Hartford (The),124.94,0,-8,104,59,155,-7,-12,31,58,70,225
GS,Goldman Sachs,789.8,14,2,102,60,178,14,-10,20,23,47,225
AZO,AutoZone,3818.02,-52,-6,104,88,134,-18,-14,64,59,91,225
FTAI,FTAI Aviation,185.29,23,63,13,49,148,38,-11,16,33,76,224
ITT,ITT Inc.,176.64,17,3,26,101,147,40,-12,20,28,76,223
ABBV,AbbVie,228.0,0,69,27,60,156,-8,-4,13,66,67,223
LYV,Live Nation Entertainment,153.14,-13,-14,104,149,226,-19,-22,19,18,-4,222
CLH,Clean Harbors,242.24,49,3,11,60,123,12,8,20,59,99,222
NDAQ,"Nasdaq, Inc.",88.74,-28,-25,86,146,179,2,2,20,16,40,219
A,Agilent Technologies,146.57,57,43,4,1,105,61,49,11,-7,114,219
TOL,Toll Brothers,138.81,44,0,2,63,109,67,1,14,28,110,219
AMG,Affiliated Managers Group,241.85,17,123,21,24,185,9,-14,20,19,34,219
BRX,Brixmor Property Group,28.17,49,7,10,57,123,42,3,20,28,93,216
WFC,Wells Fargo,87.0,14,10,102,31,157,13,3,20,21,57,214
CMA,Comerica,77.95,18,91,17,6,132,34,17,17,14,82,214
LITE,Lumentum,193.79,20,115,24,5,164,17,3,18,12,50,214
CBRE,CBRE Group,161.12,63,0,102,24,189,-12,3,18,16,25,214
ALNY,Alnylam Pharmaceuticals,478.13,0,116,27,17,160,7,9,20,17,53,213
STLD,Steel Dynamics,158.01,42,31,10,57,140,7,45,20,1,73,213
ARMK,Aramark,40.12,21,0,25,42,88,32,14,20,58,124,212
LDOS,Leidos,189.14,0,129,12,25,166,5,-4,23,21,45,211
STAG,STAG Industrial,38.54,76,11,4,98,189,-4,11,20,-6,21,210
COF,Capital One,223.42,45,2,104,23,174,14,-20,20,20,34,208
SF,Stifel,119.03,42,4,18,61,125,40,3,17,22,82,207
CSCO,Cisco,71.36,50,9,58,16,133,7,20,20,27,74,207
SPOT,Spotify,657.64,-14,-4,122,14,118,-25,-14,105,22,88,206
ES,Eversource Energy,74.71,41,27,25,2,95,56,31,20,4,111,206
BLK,BlackRock,1130.04,-38,116,27,24,129,6,27,20,23,76,205
AMGN,Amgen,291.16,-21,19,0,167,165,-21,13,8,38,38,203
WCC,Wesco International,223.04,18,3,17,60,98,13,14,18,59,104,202
TRMB,Trimble Inc.,81.12,38,0,89,6,133,36,1,18,14,69,202
INCY,Incyte,93.1,20,103,13,1,137,26,14,16,9,65,202
KO,Coca-Cola Company (The),70.08,0,5,4,184,193,-11,11,-8,16,8,201
SCCO,Southern Copper,132.99,5,39,8,65,117,10,52,20,2,84,201
AMD,Advanced Micro Devices,259.76,21,16,8,112,157,14,18,20,-9,43,200
AIT,Applied Industrial Technologies,260.1,35,-9,17,60,103,37,-16,16,59,96,199
HD,Home Depot (The),385.27,0,-3,11,182,190,-6,-20,12,21,7,197
TKO,TKO Group Holdings,187.52,0,0,81,42,123,15,-13,20,52,74,197
LIN,Linde plc,444.65,-16,-13,23,112,106,-18,-19,20,108,91,197
NOC,Northrop Grumman,596.0,0,84,20,60,164,-6,-3,27,14,32,196
ALL,Allstate,192.85,-90,-9,107,161,169,-6,-8,21,19,26,195
M,"Macy's, Inc.",19.38,63,83,8,1,155,35,3,9,-8,39,194
ROST,Ross Stores,160.71,16,60,10,37,123,10,19,9,31,69,192
WAT,Waters Corporation,351.86,134,14,1,1,150,12,13,1,16,42,192
EMR,Emerson Electric,134.49,35,0,26,66,127,16,1,20,28,65,192
PLD,Prologis,127.09,63,46,9,1,119,14,45,20,-7,72,191
POST,Post Holdings,108.41,35,4,-8,89,120,-2,12,1,59,70,190
ZS,Zscaler,326.21,26,22,27,7,82,38,30,20,20,108,190
FR,First Industrial Realty Trust,56.57,68,49,4,16,137,16,3,18,16,53,190
DASH,DoorDash,263.32,0,2,107,0,109,9,31,20,20,80,189
BKNG,Booking Holdings,5260.0,11,-21,146,37,173,2,-34,20,28,16,189
AMKR,Amkor Technology,33.2,21,102,2,4,129,14,38,14,-7,59,188
WWD,"Woodward, Inc.",266.48,21,3,29,37,90,36,14,20,28,98,188
XOM,ExxonMobil,115.92,28,7,7,46,88,41,-12,19,52,100,188
DE,Deere & Company,478.21,51,0,2,111,164,14,1,-3,12,24,188
WMB,Williams Companies,57.67,-36,-2,122,54,138,-27,-3,20,59,49,187
MRVL,Marvell Technology,88.69,6,24,0,108,138,13,26,10,-1,48,186
D,Dominion Energy,60.78,-10,115,24,3,132,-3,25,20,12,54,186
ECG,Everus Construction Group,91.57,14,115,0,0,129,13,27,17,0,57,186
MLM,Martin Marietta Materials,616.94,-10,72,16,62,140,-17,14,20,29,46,186
EA,Electronic Arts,200.5,-1,63,14,9,85,26,25,26,23,100,185
LEN,Lennar (Class A),128.71,49,0,0,66,115,61,2,11,-5,69,184
ARES,Ares Management,150.95,30,-24,0,61,67,34,-24,-1,108,117,184
MU,Micron Technology,220.04,21,43,8,24,96,14,52,20,2,88,184
FICO,Fair Isaac,1683.73,11,3,-3,168,179,15,-6,-38,33,4,183
GM,General Motors,69.35,49,10,17,13,89,61,1,17,15,94,183
EXPE,Expedia Group,222.5,7,90,59,13,169,-12,-7,16,16,13,182
TSCO,Tractor Supply Company,56.37,21,-23,17,87,102,12,-34,14,87,79,181
MMM,3M,168.35,40,5,84,16,145,-3,3,20,16,36,181
OMF,OneMain Financial,58.23,42,-17,27,62,114,40,-21,20,28,67,181
LOW,Lowe's,243.63,0,0,0,168,168,1,-20,11,21,13,181
TTWO,Take-Two Interactive,254.26,-27,40,55,15,83,-27,47,55,22,97,180
SPGI,S&P Global,496.53,16,-28,1,174,163,34,-40,-1,23,16,179
RVMD,Revolution Medicines,57.99,63,37,4,0,104,11,43,20,1,75,179
JLL,Jones Lang LaSalle,315.78,68,9,14,16,107,39,3,14,16,72,179
CR,Crane Co.,191.42,58,0,26,0,84,65,3,20,7,95,179
JBL,Jabil,211.25,17,-17,29,67,96,16,-15,21,59,81,177
RKLB,Rocket Lab,65.62,0,37,59,0,96,12,39,20,10,81,177
ITW,Illinois Tool Works,247.81,-11,-14,12,180,167,-14,-24,17,31,10,177
KR,Kroger,68.04,0,0,89,69,158,-5,8,-2,17,18,176
HLI,Houlihan Lokey,202.3,31,1,27,46,105,37,-14,20,28,71,176
UNP,Union Pacific Corporation,218.15,-22,-2,-1,200,175,-23,-3,5,21,0,175
DINO,HF Sinclair,54.75,23,119,10,3,155,22,-13,20,-10,19,174
LNT,Alliant Energy,68.86,4,25,78,16,123,-3,19,20,15,51,174
NOW,ServiceNow,946.32,42,1,1,84,128,37,-15,-1,24,45,173
LEN-B,Lennar (Class B),120.5,38,0,0,64,102,62,1,11,-3,71,173
WFRD,Weatherford International,70.49,41,88,0,0,129,37,3,10,-7,43,172
IP,International Paper,48.19,70,0,0,18,88,63,7,-4,18,84,172
FTI,TechnipFMC,40.53,28,3,27,29,87,40,-14,20,39,85,172
THG,Hanover Insurance,173.84,10,0,71,26,107,-9,-5,63,16,65,172
BAC,Bank of America,53.02,23,50,27,20,120,14,1,20,16,51,171
KRMN,Karman Holdings,83.87,23,54,0,0,77,37,45,12,0,94,171
RSG,Republic Services,220.99,-2,-63,0,179,114,-6,-88,-11,162,57,171
FTNT,Fortinet,85.28,15,0,0,115,130,40,-3,-12,15,40,170
FHN,First Horizon Corporation,20.99,0,-9,62,6,59,35,46,18,12,111,170
META,Meta Platforms,750.96,45,0,27,31,103,42,-18,18,25,67,170
AJG,Arthur J. Gallagher & Co.,279.0,-91,-9,-2,188,86,-5,-8,-12,109,84,170
MSA,MSA Safety,166.86,-2,-13,4,166,155,9,-7,20,-7,15,170
ADT,ADT Inc.,8.74,35,5,41,0,81,40,3,35,10,88,169
RJF,Raymond James Financial,161.7,-5,-2,102,60,155,-12,-12,17,21,14,169
SSD,Simpson Manufacturing Company,175.89,3,-4,2,158,159,-4,1,16,-3,10,169
FOXA,Fox Corporation (Class A),61.28,21,2,78,3,104,42,-11,18,16,65,169
CRUS,Cirrus Logic,132.87,53,54,8,21,136,15,3,20,-5,33,169
JEF,Jefferies Financial Group,56.57,27,-14,0,60,73,41,-16,11,59,95,168
QCOM,Qualcomm,187.71,45,11,0,24,80,67,2,18,1,88,168
MTSI,MACOM Technology Solutions,146.37,22,10,9,60,101,15,3,18,31,67,168
VEEV,Veeva Systems,295.74,16,22,55,10,103,30,-5,20,20,65,168
MO,Altria,63.74,-6,0,80,47,121,-5,-3,36,18,46,167
LECO,Lincoln Electric,242.1,59,3,17,67,146,9,3,18,-9,21,167
RPRX,Royalty Pharma,37.26,59,10,42,0,111,5,13,36,2,56,167
VRT,Vertiv,192.93,21,28,19,10,78,17,27,17,28,89,167
AEE,Ameren,104.81,-11,25,67,15,96,-33,19,72,12,70,166
CWEN-A,Clearway Energy (Class A),29.97,6,4,68,8,86,16,19,32,12,79,165
MCO,Moody's Corporation,495.16,14,-28,4,158,148,12,-40,18,27,17,165
MSGS,Madison Square Garden Sports,227.24,29,35,7,23,94,35,-6,13,29,71,165
PEG,Public Service Enterprise Group,83.44,0,0,5,154,159,-33,21,-2,19,5,164
IVZ,Invesco,23.47,7,93,17,4,121,14,-3,17,15,43,164
DGX,Quest Diagnostics,180.28,-28,0,78,20,70,-7,7,78,16,94,164
REG,Regency Centers,73.17,18,7,4,55,84,37,2,20,21,80,164
NBIX,Neurocrine Biosciences,148.97,47,7,10,27,91,61,1,17,-6,73,164
CWEN,Clearway Energy (Class C),31.97,6,4,68,6,84,16,19,32,12,79,163
SCHW,Charles Schwab Corporation,94.83,6,1,87,13,107,11,8,20,16,55,162
GWW,W. W. Grainger,978.31,45,-24,-13,96,104,9,1,-11,59,58,162
SHW,Sherwin-Williams,336.06,3,-27,-3,192,165,6,-30,-1,21,-4,161
SNOW,Snowflake Inc.,266.02,21,42,25,0,88,34,16,20,3,73,161
FAST,Fastenal,42.53,-6,-11,59,108,150,-6,-32,23,25,10,160
MTD,Mettler Toledo,1420.69,56,19,4,1,80,61,12,14,-7,80,160
SNPS,Synopsys,465.28,14,-34,0,182,162,16,-7,-4,-7,-2,160
CVNA,Carvana,355.35,14,-12,102,13,117,13,-9,20,18,42,159
GILD,Gilead Sciences,120.44,0,15,61,37,113,-22,9,18,41,46,159
FOX,Fox Corporation (Class B),54.79,20,1,77,3,101,41,-11,17,11,58,159
BBY,Best Buy,82.9,75,11,2,1,89,14,51,8,-4,69,158
LH,Labcorp,275.65,-11,67,65,17,138,-26,6,18,20,18,156
HPE,Hewlett Packard Enterprise,24.18,0,2,11,44,57,31,-5,17,56,99,156
SYF,Synchrony Financial,74.96,50,2,27,23,102,15,1,18,20,54,156
OLLI,Ollie's Bargain Outlet,124.26,0,-10,125,18,133,-58,-18,73,25,22,155
WTM,White Mountains Insurance Group,1937.65,40,17,3,61,121,-4,10,-30,58,34,155
IONS,Ionis Pharmaceuticals,72.99,5,120,11,2,138,-37,45,20,-12,16,154
H,Hyatt Hotels,148.91,-2,22,7,57,84,-17,14,16,57,70,154
ISRG,Intuitive Surgical,551.24,45,4,1,24,74,58,1,-8,28,79,153
JAZZ,Jazz Pharmaceuticals,139.27,35,57,4,0,96,44,49,5,-41,57,153
CB,Chubb Limited,281.64,21,3,0,60,84,30,-5,-14,58,69,153
NU,Nubank,15.99,24,48,11,0,83,40,-11,20,21,70,153
WPC,W. P. Carey,66.83,-14,114,39,4,143,-26,-8,36,7,9,152
CMS,CMS Energy,74.57,-7,16,86,25,120,-12,19,8,16,31,151
COHR,Coherent Corp.,134.98,21,28,8,17,74,14,27,17,17,75,149
LMT,Lockheed Martin,486.8,-35,43,0,167,175,-26,-1,5,-4,-26,149
WAB,Wabtec,200.36,19,1,5,51,76,19,-4,-1,58,72,148
EQIX,Equinix,843.35,33,11,1,36,81,26,30,-18,28,66,147
WBD,Warner Bros. Discovery,21.05,38,33,22,0,93,31,3,18,2,54,147
PGR,Progressive Corporation,216.57,-88,-97,-3,179,-9,-12,-11,-13,191,155,146
HR,Healthcare Realty Trust,18.67,5,85,12,2,104,10,8,12,11,41,145
CXT,Crane NXT,65.63,-8,25,5,57,79,-25,17,16,58,66,145
HAS,Hasbro,78.08,51,1,24,5,81,61,-31,20,13,63,144
ICE,Intercontinental Exchange,159.84,15,-41,0,163,137,33,-47,-2,23,7,144
MPC,Marathon Petroleum,196.2,23,43,9,51,126,16,-8,20,-10,18,144
FFIV,"F5, Inc.",288.88,-2,-8,104,16,110,-2,-3,20,19,34,144
PG,Procter & Gamble,151.73,3,-26,-16,181,142,-5,2,-24,28,1,143
FRT,Federal Realty Investment Trust,100.98,51,9,2,3,65,67,3,11,-3,78,143
CVS,CVS Health,82.44,0,52,20,1,73,2,56,10,2,70,143
GTES,Gates Corporation,26.0,21,9,27,17,74,14,14,20,20,68,142
AEP,American Electric Power,116.39,-32,20,83,25,96,-21,18,33,16,46,142
MTZ,MasTec,211.91,14,34,29,20,97,14,-4,20,15,45,142
INTC,Intel,39.51,20,53,5,0,78,15,52,10,-14,63,141
VLO,Valero Energy,174.36,23,46,10,46,125,16,-12,19,-7,16,141
SSNC,SS&C Technologies,85.46,14,-13,100,16,117,6,-16,17,17,24,141
MKSI,MKS Instruments,145.03,21,38,7,1,67,15,49,16,-7,73,140
CEG,Constellation Energy,391.25,9,22,26,0,57,14,27,20,21,82,139
DELL,Dell Technologies,162.23,14,21,6,34,75,24,26,20,-6,64,139
BEPC,Brookfield Renewable Partners,40.88,11,26,20,0,57,14,35,20,12,81,138
FNF,Fidelity National Financial,56.99,29,0,0,60,89,37,-16,5,23,49,138
HHH,Howard Hughes Holdings,82.13,21,57,8,2,88,34,-10,9,16,49,137
HRB,H&R Block,52.44,11,5,-11,54,59,26,14,-16,54,78,137
BYD,Boyd Gaming,79.59,-14,-2,58,61,103,-6,-9,20,29,34,137
MAR,Marriott International,271.18,31,5,4,60,100,-2,-7,17,29,37,137
EXEL,Exelixis,40.01,16,0,74,16,106,18,-9,-4,26,31,137
NDSN,Nordson,238.39,45,47,4,3,99,8,18,20,-9,37,136
TMO,Thermo Fisher Scientific,564.27,43,20,4,1,68,56,12,5,-5,68,136
SHC,Sotera Health,16.7,63,56,11,0,130,-4,6,12,-8,6,136
ROK,Rockwell Automation,361.58,59,11,25,17,112,14,3,20,-13,24,136
GEHC,GE HealthCare,78.35,44,6,1,0,51,63,3,9,10,85,136
VST,Vistra Corp.,199.32,1,0,29,32,62,14,-6,18,47,73,135
FE,FirstEnergy,46.43,-21,70,16,57,122,-47,24,20,16,13,135
F,Ford Motor Company,13.23,35,11,12,1,59,61,1,20,-7,75,134
AGO,Assured Guaranty,82.29,30,0,-3,58,85,36,-8,-3,24,49,134
PEGA,Pegasystems,66.69,35,5,29,7,76,34,-12,18,17,57,133
USFD,US Foods,74.19,-23,-41,153,37,126,-19,-22,20,28,7,133
NET,Cloudflare,225.02,20,3,49,0,72,30,-10,20,21,61,133
NFG,National Fuel Gas,81.34,-35,-5,70,54,84,-35,-10,81,12,48,132
URI,United Rentals,900.16,-21,0,17,66,62,-21,14,18,59,70,132
PNR,Pentair,109.13,17,0,19,64,100,-5,-8,18,26,31,131
EVR,Evercore,330.07,13,0,17,60,90,10,-15,18,28,41,131
ZM,Zoom Communications,85.16,42,6,10,-2,56,56,1,10,6,73,129
GGG,Graco Inc.,81.96,-1,-27,2,180,154,7,-29,-1,-2,-25,129
RRC,Range Resources,37.35,13,6,5,44,68,15,-3,-8,57,61,129
CRL,Charles River Laboratories,195.28,56,19,2,-28,49,60,14,16,-10,80,129
WSM,"Williams-Sonoma, Inc.",192.92,13,0,18,67,98,10,-14,12,23,31,129
RPM,RPM International,111.61,-10,-19,-5,182,148,-8,-27,17,-2,-20,128
VMC,Vulcan Materials,292.08,-56,0,16,62,22,-20,77,20,29,106,128
PFGC,Performance Food Group,99.86,-37,0,63,45,71,-5,-18,20,59,56,127
COKE,Coca-Cola Consolidated,128.05,-4,20,0,68,84,-25,13,1,54,43,127
EXPD,Expeditors International,119.68,0,0,2,133,135,-21,1,16,-5,-9,126
HLT,Hilton Worldwide,266.19,-2,-3,26,66,87,-12,4,18,28,38,125
DKS,Dick's Sporting Goods,229.2,2,11,7,65,85,-8,3,10,35,40,125
VICI,Vici Properties,30.97,-3,-16,68,17,66,-5,-28,33,59,59,125
TECH,Bio-Techne,64.25,56,20,1,-26,51,63,14,5,-8,74,125
CELH,Celsius Holdings,62.25,-7,22,3,67,85,9,14,28,-11,40,125
DLR,Digital Realty,178.12,19,11,7,24,61,21,2,20,21,64,125
JNJ,Johnson & Johnson,190.3,0,83,18,9,110,-27,18,15,8,14,124
RS,"Reliance, Inc.",278.61,14,-61,-6,117,64,12,-26,-5,79,60,124
ECL,Ecolab,279.54,5,7,26,24,62,4,17,20,21,62,124
EXC,Exelon,48.08,2,20,65,16,103,-14,19,4,12,21,124
VRTX,Vertex Pharmaceuticals,420.04,0,0,-12,106,94,-9,15,-16,39,29,123
EWBC,East West Bancorp,102.73,27,-9,19,24,61,36,-14,19,21,62,123
O,Realty Income,60.4,2,61,20,9,92,-7,2,20,15,30,122
GAP,Gap Inc.,23.88,46,3,1,20,70,40,3,-13,21,51,121
UTHR,United Therapeutics,420.85,-61,53,8,59,59,-5,-2,8,61,62,121
FLS,Flowserve,52.85,38,-13,1,29,55,42,-16,13,27,66,121
AN,AutoNation,195.08,-22,-2,27,63,66,-21,-3,20,59,55,121
BG,Bunge Global,96.4,63,9,2,1,75,16,17,20,-7,46,121
SBUX,Starbucks,87.2,56,0,-11,0,45,67,2,-3,9,75,120
DLTR,Dollar Tree,102.59,77,0,2,-17,62,41,6,35,-24,58,120
CNM,Core & Main,53.99,55,0,2,0,57,16,1,20,26,63,120
NFLX,Netflix,1094.3,-28,-4,126,22,116,-26,8,-1,22,3,119
LNG,Cheniere Energy,219.94,-13,-13,70,60,104,-12,-29,-2,58,15,119
AL,Air Lease Corporation,63.58,-1,47,27,24,97,-12,-15,20,28,21,118
BX,Blackstone Inc.,153.84,-21,-8,2,144,117,-21,-16,15,23,1,118
LVS,Las Vegas Sands,59.44,34,3,16,4,57,58,1,17,-16,60,117
K,Kellanova,83.1,51,21,4,23,99,5,15,-17,15,18,117
DD,DuPont,81.4,51,11,4,21,87,15,3,17,-5,30,117
STT,State Street Corporation,117.76,22,6,27,18,73,13,-5,19,16,43,116
ESI,Element Solutions,26.48,21,3,4,59,87,14,1,17,-3,29,116
UGI,UGI Corporation,33.99,45,0,52,6,103,8,1,-3,7,13,116
TSLA,"Tesla, Inc.",452.35,7,56,8,12,83,12,-6,14,12,32,115
KKR,KKR & Co. Inc.,122.26,0,-23,0,105,82,10,-16,16,23,33,115
SEIC,SEI Investments Company,83.07,7,-37,102,37,109,12,-34,-1,28,5,114
BKR,Baker Hughes,46.59,31,6,14,37,88,-5,-12,14,28,25,113
WST,West Pharmaceutical Services,287.22,49,37,1,-9,78,-5,38,11,-10,34,112
NLY,Annaly Capital Management,21.17,41,1,28,12,82,-13,7,18,18,30,112
FANG,Diamondback Energy,144.41,21,3,0,49,73,36,-4,14,-7,39,112
PRI,Primerica,263.0,-9,-4,1,110,98,-23,-14,18,32,13,111
CVX,Chevron Corporation,155.29,49,0,17,50,116,-5,-19,11,8,-5,111
WYNN,Wynn Resorts,125.4,41,3,18,5,67,42,-9,20,-10,43,110
OSK,Oshkosh Corporation,139.14,21,3,21,6,51,34,3,18,4,59,110
EQT,EQT Corporation,53.74,-16,0,51,44,79,1,21,-3,12,31,110
FNB,FNB Corporation,15.7,14,0,11,57,82,12,-24,19,21,28,110
MTG,MGIC Investment Corporation,26.98,-2,0,29,57,84,-6,-18,20,30,26,110
LYFT,Lyft,20.62,23,51,11,-3,82,14,-9,20,2,27,109
RGA,Reinsurance Group of America,189.46,0,0,0,42,42,14,-6,4,55,67,109
CFG,Citizens Financial Group,51.89,21,3,18,6,48,35,-7,17,16,61,109
DHI,D. R. Horton,158.75,28,0,1,67,96,26,-23,14,-4,13,109
FDX,FedEx,247.42,49,11,0,34,94,8,1,12,-6,15,109
PFG,Principal Financial Group,79.59,0,0,7,57,64,14,-6,17,20,45,109
ADP,Automatic Data Processing,280.45,-20,-40,0,182,122,-17,-53,-4,59,-15,107
SGI,Somnigroup International,82.46,-44,0,51,66,73,-24,10,20,28,34,107
NWS,News Corp (Class B),30.95,19,-19,1,60,61,36,-11,-3,23,45,106
WMS,Advanced Drainage Systems,142.81,66,3,2,5,76,14,1,20,-5,30,106
BC,Brunswick Corporation,70.89,49,7,2,0,58,42,3,14,-11,48,106
MET,Metlife,78.87,0,0,5,60,65,7,-5,18,20,40,105
T,AT&T,25.52,2,-19,0,18,1,4,-22,104,17,103,104
TFC,Truist Financial,44.63,28,0,11,6,45,40,-15,17,16,58,103
DDOG,Datadog,157.56,6,22,9,0,37,14,34,17,1,66,103
C,Citigroup,101.0,14,2,29,20,65,14,-12,20,16,38,103
TNL,Travel + Leisure Co.,65.8,35,4,19,18,76,-10,3,17,16,26,102
USB,U.S. Bancorp,47.81,35,0,10,6,51,35,-18,17,17,51,102
TFSL,Third Federal S&L,13.8,28,4,13,7,52,36,-28,20,21,49,101
R,Ryder,168.27,-23,-3,21,58,53,-21,-7,18,58,48,101
ASTS,AST SpaceMobile,79.45,0,19,21,0,40,6,25,20,10,61,101
PM,Philip Morris International,153.24,9,-31,80,57,115,-2,-37,-4,29,-14,101
MUSA,Murphy USA,394.43,14,1,-23,70,62,16,-20,-39,81,38,100
PCOR,Procore,74.41,35,31,1,0,67,14,-12,10,21,33,100
AMZN,Amazon,226.98,21,0,27,23,71,15,-25,17,22,29,100
NEE,NextEra Energy,86.01,4,24,5,2,35,10,20,20,15,65,100
ULTA,Ulta Beauty,522.64,-78,127,22,6,77,16,-4,22,-11,23,100
APO,Apollo Global Management,126.36,14,-24,-5,99,84,7,-16,-3,28,16,100
MDB,MongoDB Inc.,340.3,23,51,8,0,82,14,2,12,-11,17,99
ALLY,Ally Financial,41.29,49,0,12,6,67,14,-18,18,18,32,99
LLYVK,Liberty Live (Series C),93.33,49,0,40,0,89,10,-22,20,2,10,99
HAL,Halliburton,26.82,35,43,0,0,78,39,-12,5,-11,21,99
FIVE,Five Below,160.16,57,11,10,0,78,14,3,21,-17,21,99
LLYVA,Liberty Live (Series A),90.44,48,0,40,0,88,9,-21,20,2,10,98
TKR,Timken Company,77.31,42,0,1,6,49,37,2,17,-7,49,98
PHM,PulteGroup,120.35,0,-5,11,67,73,-2,-20,16,31,25,98
VNT,Vontier,43.04,56,3,15,0,74,12,1,18,-7,24,98
WTFC,Wintrust Financial,131.4,14,-9,19,51,75,6,-23,18,21,22,97
PSX,Phillips 66,135.4,23,4,5,43,75,23,-13,19,-7,22,97
UBER,Uber,96.43,7,1,28,1,37,16,-10,26,28,60,97
BXP,"BXP, Inc.",74.53,28,5,8,0,41,33,-13,20,15,55,96
DAY,Dayforce,68.44,20,50,10,-14,66,44,-22,10,-2,30,96
LAD,Lithia Motors,321.89,24,0,1,16,41,42,-21,11,23,55,96
INGM,Ingram Micro,22.11,1,34,0,0,35,6,37,17,0,60,95
TEM,Tempus AI,91.53,1,54,0,0,55,12,15,13,0,40,95
FAF,First American Financial Corporation,63.87,34,0,1,16,51,40,-23,7,20,44,95
PVH,PVH Corp.,85.47,50,5,0,3,58,36,1,9,-9,37,95
RKT,Rocket Companies,18.16,39,0,14,0,53,37,-18,19,3,41,94
AXS,AXIS Capital,91.23,-57,-9,96,47,77,-5,-30,-3,55,17,94
AIG,American International Group,79.31,0,1,0,55,56,28,-4,-10,23,37,93
AFL,Aflac,107.53,-62,53,11,60,62,-24,-6,4,57,31,93
MDT,Medtronic,94.12,-21,84,21,3,87,-19,-3,13,15,6,93
LPX,Louisiana-Pacific,92.81,14,-29,-7,65,43,11,11,-1,28,49,92
NTNX,Nutanix,69.55,21,-10,8,24,43,38,-14,-1,26,49,92
SLGN,Silgan Holdings,44.76,56,0,-13,0,43,36,5,-7,15,49,92
KNSL,Kinsale Capital Group,432.01,-14,-2,-1,35,18,-7,-1,-5,87,74,92
DAL,Delta Air Lines,60.44,0,2,11,21,34,6,11,12,28,57,91
AA,Alcoa,39.9,21,46,3,-22,48,13,51,12,-34,42,90
BIO,Bio-Rad Laboratories,336.92,74,20,2,-30,66,38,14,11,-39,24,90
AON,AON,336.76,-78,-13,-1,179,87,-28,-34,7,58,3,90
EPR,EPR Properties,53.46,-16,-5,67,31,77,-22,-8,20,23,13,90
AFG,American Financial Group,133.02,0,0,11,58,69,-2,-7,14,16,21,90
DOCS,Doximity,68.47,7,0,64,0,71,7,-12,10,14,19,90
MAS,Masco,68.31,0,-4,0,67,63,-9,1,11,23,26,89
TXRH,Texas Roadhouse,174.3,0,2,2,66,70,-21,13,-6,33,19,89
FITB,Fifth Third Bancorp,42.45,14,-9,10,24,39,34,-20,17,18,49,88
NYT,New York Times Company,57.3,50,0,12,18,80,-2,-33,20,23,8,88
NWSA,News Corp (Class A),26.75,7,-18,-3,60,46,10,-11,20,23,42,88
THO,Thor Industries,109.13,45,5,11,4,65,12,3,16,-8,23,88
ROP,Roper Technologies,463.73,-21,-61,-12,184,90,-17,-3,-11,28,-3,87
BAM,Brookfield Asset Management,54.57,0,-12,75,0,63,10,-16,20,10,24,87
BPOP,"Popular, Inc.",112.55,-17,-8,27,61,63,-5,-12,20,21,24,87
IPGP,IPG Photonics,87.1,7,116,11,-46,88,14,14,16,-46,-2,86
ADSK,Autodesk,313.55,22,1,9,16,48,12,-15,20,21,38,86
TLN,Talen Energy,406.79,2,2,49,0,53,14,-6,21,4,33,86
LAMR,Lamar Advertising,120.02,0,-3,11,66,74,-7,-22,18,23,12,86
IR,Ingersoll Rand,80.25,34,0,-3,25,56,40,-7,-2,-2,29,85
YETI,Yeti Holdings,36.04,45,3,0,-8,40,41,2,14,-12,45,85
CLF,Cleveland-Cliffs,13.77,-35,82,1,-18,30,9,42,13,-10,54,84
UNM,Unum,75.8,0,6,8,42,56,-17,-7,-4,56,28,84
RBLX,Roblox Corporation,128.46,-28,0,63,0,35,2,8,26,13,49,84
SW,Smurfit Westrock,43.42,37,-32,-7,18,16,37,2,10,19,68,84
WBS,Webster Bank,57.1,11,-8,18,16,37,31,-22,18,19,46,83
HOLX,Hologic,73.95,50,9,1,0,60,2,17,13,-9,23,83
PKG,Packaging Corporation of America,206.59,-2,0,0,63,61,-4,-15,13,28,22,83
KEY,Keycorp,17.6,19,-9,18,6,34,36,-20,18,15,49,83
MKL,Markel,1881.42,-61,-9,78,57,65,-23,-5,18,28,18,83
PODD,Insulet,325.95,0,0,55,6,61,-16,6,24,8,22,83
AGCO,AGCO,108.74,55,-14,17,0,58,17,1,21,-15,24,82
ZBRA,Zebra Technologies,310.2,42,-26,0,-9,7,61,1,14,-1,75,82
JHG,Janus Henderson,46.34,7,1,16,21,45,7,-8,17,20,36,81
CCK,Crown Holdings,99.1,44,0,27,7,78,-10,1,-2,14,3,81
AMP,Ameriprise Financial,484.68,7,-41,1,66,33,14,-37,-2,73,48,81
APG,APi Group,34.68,1,-4,28,0,25,12,-4,20,28,56,81
HXL,Hexcel,73.82,28,5,4,1,38,37,3,14,-11,43,81
TRGP,Targa Resources,153.99,9,-13,-3,53,46,-5,-13,-3,56,35,81
LSCC,Lattice Semiconductor,71.51,6,59,11,0,76,12,-3,12,-17,4,80
STWD,Starwood Property Trust,18.58,-6,-17,28,60,65,-4,-24,20,23,15,80
IDXX,Idexx Laboratories,647.4,17,1,24,6,48,14,8,20,-10,32,80
PAG,Penske Automotive Group,166.07,-23,-18,25,64,48,-19,-28,20,59,32,80
IQV,IQVIA,217.36,44,20,4,0,68,-7,14,12,-8,11,79
CTVA,Corteva,63.93,20,-31,63,1,53,36,-23,-1,13,25,78
PATH,UiPath,17.41,7,26,3,0,36,14,36,4,-12,42,78
PRU,Prudential Financial,102.21,14,-20,-23,57,28,34,3,14,-1,50,78
FRHC,Freedom Holding,156.48,-55,-8,64,16,17,14,-7,20,32,59,76
RGEN,Repligen,160.8,59,22,4,-19,66,20,25,4,-39,10,76
AFRM,Affirm Holdings,76.46,21,-15,22,0,28,34,-23,18,19,48,76
COIN,Coinbase,361.49,7,0,19,0,26,14,-3,19,20,50,76
APPF,AppFolio,245.39,41,-19,2,30,54,14,-19,-3,30,22,76
BRO,Brown & Brown,87.74,-60,-11,-9,165,85,-12,-5,-20,28,-9,76
RGLD,Royal Gold,177.59,-49,0,71,20,42,-45,55,6,18,34,76
APA,APA Corporation,23.34,21,57,2,-14,66,23,-8,15,-21,9,75
DTM,DT Midstream,106.55,-90,35,113,0,58,-26,-4,20,27,17,75
OHI,Omega Healthcare Investors,40.92,1,0,16,42,59,-7,-26,15,33,15,74
EGP,EastGroup Properties,178.87,0,22,4,10,36,5,20,20,-7,38,74
SPG,Simon Property Group,179.81,7,1,11,37,56,-13,-10,18,23,18,74
APLS,Apellis Pharmaceuticals,29.79,42,6,0,-18,30,42,11,11,-20,44,74
RF,Regions Financial Corporation,24.23,14,-9,17,24,46,14,-20,18,16,28,74
BROS,Dutch Bros. Coffee,59.87,77,-31,0,0,46,14,3,-4,13,26,72
LFUS,Littelfuse,272.25,21,10,13,4,48,13,3,18,-10,24,72
UNH,UnitedHealth Group,366.0,3,39,-28,0,14,9,51,1,-3,58,72
SPR,Spirit AeroSystems,39.68,14,-13,28,0,29,16,-30,40,16,42,71
RITM,Rithm Capital,10.94,14,-23,27,34,52,-1,-28,20,28,19,71
FCNCA,First Citizens BancShares,1786.65,28,-37,-6,61,46,35,-30,-3,23,25,71
APTV,Aptiv,86.12,35,54,11,-26,74,14,1,20,-38,-3,71
VTRS,Viatris,10.43,51,8,2,0,61,-10,11,12,-3,10,71
INFA,Informatica,24.87,4,6,2,0,12,33,17,18,-9,59,71
NTRS,Northern Trust,126.2,2,0,26,13,41,6,-11,20,15,30,71
GLPI,Gaming and Leisure Properties,44.99,-10,-15,0,67,42,-8,-23,1,59,29,71
WAL,Western Alliance Bancorporation,79.32,24,-13,1,6,18,35,-20,17,20,52,70
BURL,Burlington Stores,271.11,7,-6,11,5,17,12,9,13,19,53,70
CPRT,Copart,44.15,-5,-30,-23,178,120,-19,-29,-33,30,-51,69
TRU,TransUnion,85.32,44,-27,0,0,17,37,1,-3,16,51,68
CPNG,Coupang,31.74,4,0,27,0,31,8,-10,20,19,37,68
LNC,Lincoln Financial,40.31,22,0,28,3,53,15,-28,18,10,15,68
BIIB,Biogen,150.52,22,53,0,-29,46,41,-6,7,-20,22,68
PAYX,Paychex,125.01,-22,-63,-6,169,78,-20,5,-11,16,-10,68
TMUS,T-Mobile US,220.61,-28,-23,0,141,90,-27,-32,-1,37,-23,67
QS,QuantumScape,16.26,0,29,16,0,45,13,29,18,-38,22,67
FWONA,Liberty Formula 1 (Series A),87.53,-90,-3,79,64,50,-54,-6,19,58,17,67
GL,Globe Life,135.04,-14,0,55,16,57,2,-16,14,10,10,67
TGT,Target Corporation,97.76,63,0,-41,-13,9,65,3,-3,-8,57,66
PINS,Pinterest,35.25,70,-26,0,-2,42,14,1,16,-7,24,66
AVT,Avnet,51.14,-4,0,11,47,54,-5,1,20,-4,12,66
BOKF,BOK Financial Corporation,107.84,0,0,10,24,34,7,-5,14,16,32,66
XPO,"XPO, Inc.",125.26,-21,-3,4,63,43,-21,-3,17,29,22,65
ED,Consolidated Edison,100.2,-21,0,0,49,28,-15,19,-14,47,37,65
VNOM,Viper Energy,37.2,23,-13,-19,46,37,-5,-13,-3,49,28,65
JBHT,J. B. Hunt,167.8,56,8,2,0,66,-12,13,10,-12,-1,65
CG,Carlyle Group (The),58.21,0,-8,18,23,33,12,-18,17,20,31,64
HAYW,Hayward Holdings,15.43,3,0,4,0,7,12,9,18,18,57,64
SARO,StandardAero,28.86,21,3,0,0,24,32,11,-3,0,40,64
PSN,Parsons Corporation,83.95,-8,29,0,1,22,5,26,13,-3,41,63
NTAP,Netapp,117.18,-16,0,8,59,51,-5,3,17,-3,12,63
SAIL,SailPoint,22.77,4,32,0,0,36,14,1,12,0,27,63
UWMC,United Wholesale Mortgage,5.85,35,0,0,0,35,42,-18,8,-6,26,61
KEYS,Keysight,167.79,21,0,8,2,31,16,-12,18,7,29,60
MTB,M&T Bank,182.89,14,-14,11,24,35,6,-16,18,16,24,59
KRC,Kilroy Realty,41.22,24,0,16,0,40,5,-15,16,13,19,59
QGEN,Qiagen,48.42,0,0,22,1,23,-4,12,20,7,35,58
LOAR,Loar Holdings,80.46,-2,14,2,0,14,12,44,-13,0,43,57
PNW,Pinnacle West Capital,91.81,-16,15,4,20,23,-10,18,-3,28,33,56
ETSY,Etsy,75.54,20,24,7,-32,19,30,26,20,-39,37,56
ALB,Albemarle Corporation,96.21,20,33,2,-25,30,15,24,14,-27,26,56
NOV,NOV Inc.,13.95,28,5,0,-14,19,39,3,11,-17,36,55
AR,Antero Resources,32.67,19,0,-4,12,27,36,-10,-10,12,28,55
GEV,GE Vernova,584.13,0,-2,6,0,4,17,13,21,0,51,55
GXO,GXO Logistics,54.68,0,11,11,0,22,7,17,19,-10,33,55
WSO,Watsco,364.36,-24,-61,-13,198,100,2,-8,-38,-1,-45,55
FHB,"First Hawaiian, Inc.",24.99,14,0,1,16,31,12,-21,17,16,24,55
CF,CF Industries,86.39,14,0,7,6,27,29,-8,-3,10,28,55
TDY,Teledyne Technologies,528.58,-28,-3,62,16,47,-26,-4,20,17,7,54
LW,Lamb Weston,66.58,18,22,0,-10,30,12,14,13,-16,23,53
CI,Cigna,309.36,7,7,-3,60,71,-16,14,-13,-3,-18,53
ADM,Archer Daniels Midland,61.75,0,17,12,0,29,15,10,20,-22,23,52
MRK,Merck & Co.,88.0,35,20,0,0,55,-14,14,5,-8,-3,52
OLED,Universal Display Corporation,150.77,3,1,0,0,4,13,22,20,-7,48,52
EXLS,EXL Service,41.46,18,-19,0,67,66,1,-27,-4,15,-15,51
DNB,Dun & Bradstreet,9.15,29,52,-28,0,53,46,-13,2,-37,-2,51
DT,Dynatrace,50.5,40,0,-12,0,28,12,-8,-3,22,23,51
NNN,NNN Reit,42.21,-8,0,10,24,26,-3,-8,20,16,25,51
PK,Park Hotels & Resorts,11.28,36,0,0,0,36,7,1,13,-7,14,50
ENTG,Entegris,94.31,7,33,0,0,40,14,-6,9,-7,10,50
BWA,BorgWarner,43.32,0,10,18,4,32,15,1,20,-18,18,50
MSM,MSC Industrial Direct,85.8,-7,-2,17,60,68,-7,-20,20,-11,-18,50
WTW,Willis Towers Watson,326.8,-17,0,18,26,27,-12,-6,10,31,23,50
DHR,Danaher Corporation,221.02,0,19,0,0,19,9,14,13,-6,30,49
CERT,"Certara, Inc.",12.51,20,33,0,0,53,34,-6,1,-34,-5,48
CSX,CSX Corporation,36.0,-23,21,6,6,10,6,20,20,-8,38,48
U,Unity Technologies,39.19,14,0,16,0,30,12,-17,20,2,17,47
ROKU,"Roku, Inc.",98.82,7,11,20,-21,17,15,-6,15,6,30,47
ABNB,Airbnb,129.05,70,0,0,0,70,-16,3,-3,-7,-23,47
PNC,PNC Financial Services,184.86,4,-13,12,16,19,15,-20,17,16,28,47
AMH,American Homes 4 Rent,33.43,35,-63,-18,70,24,10,1,-6,17,22,46
NSC,Norfolk Southern,281.65,-22,31,21,6,36,-24,-3,20,16,9,45
ESS,Essex Property Trust,262.34,41,0,-4,16,53,-1,-10,-13,16,-8,45
WTRG,Essential Utilities,40.64,-2,17,16,1,32,-18,19,4,7,12,44
COLM,Columbia Sportswear,54.9,49,0,-31,-8,10,42,3,-26,15,34,44
MAT,Mattel,19.03,51,1,2,0,54,19,5,-1,-33,-10,44
CTRA,Coterra,23.67,21,-13,-15,46,39,38,-26,-22,15,5,44
LAZ,Lazard,50.29,7,-15,12,22,26,6,-21,17,15,17,43
TOST,"Toast, Inc.",38.88,69,-40,2,0,31,-5,1,-3,19,12,43
EFX,Equifax,229.04,14,-18,-14,18,0,42,-18,-1,20,43,43
ZION,Zions Bancorporation,52.84,19,-9,1,6,17,9,-18,17,17,25,42
KMI,Kinder Morgan,26.15,-21,-3,0,46,22,-26,-8,-1,54,19,41
HALO,Halozyme,65.85,-2,-1,17,21,35,-5,-16,11,16,6,41
CNH,CNH Industrial,10.83,40,-52,-7,0,-19,59,1,-5,4,59,40
HUM,Humana,292.34,42,6,0,-14,34,12,9,6,-22,5,39
SMCI,Supermicro,51.55,-28,1,0,60,33,-28,30,15,-11,6,39
VLTO,Veralto,104.13,37,-2,12,0,47,-4,-23,19,0,-8,39
EXE,Expand Energy,103.89,0,6,51,0,57,-17,-4,-9,12,-18,39
BRK-B,Berkshire Hathaway,488.04,-7,0,0,64,57,-24,-7,-15,28,-18,39
HBAN,Huntington Bancshares,15.62,-7,-14,19,23,21,-3,-18,20,18,17,38
TPL,Texas Pacific Land Corporation,929.48,0,0,-19,60,41,-4,1,-15,15,-3,38
RRX,Regal Rexnord,146.49,2,0,2,5,9,13,1,17,-3,28,37
ZG,Zillow (Class A),74.14,41,-20,2,0,23,-1,-20,13,22,14,37
TPG,TPG Inc.,57.58,7,-12,12,0,7,11,-16,14,21,30,37
NVR,"NVR, Inc.",7423.84,-14,-13,-3,67,37,-20,-24,13,31,0,37
BA,Boeing,223.03,14,-13,18,0,19,41,-31,20,-13,17,36
CGNX,Cognex Corporation,48.28,57,11,11,-33,46,13,3,16,-42,-10,36
Z,Zillow (Class C),76.76,42,-20,2,0,24,-4,-20,14,22,12,36
WEX,WEX Inc.,160.92,35,-16,0,0,19,40,-27,14,-10,17,36
GTM,ZoomInfo,11.43,37,1,0,0,38,40,-19,16,-39,-2,36
UAL,United Airlines Holdings,98.76,-30,0,11,13,-6,8,2,14,18,42,36
OTIS,Otis Worldwide,92.01,48,0,-14,0,34,-5,3,-24,28,2,36
ALLE,Allegion,170.91,-21,0,19,23,21,-21,-8,20,24,15,36
WING,Wingstop,254.96,0,-38,0,40,2,2,2,-3,33,34,36
ALGM,Allegro MicroSystems,30.49,1,-2,21,0,20,12,3,18,-18,15,35
ALSN,Allison Transmission,83.4,27,-27,-15,37,22,31,-23,-31,36,13,35
FCX,Freeport-McMoRan,41.11,-8,-12,3,60,43,-10,11,-1,-8,-8,35
ADC,Agree Realty,74.96,0,11,3,18,32,-19,6,1,15,3,35
EXR,Extra Space Storage,149.39,0,11,2,1,14,-7,11,2,15,21,35
CHRW,C.H. Robinson,129.05,1,0,13,4,18,1,-11,16,10,16,34
GMED,Globus Medical,63.26,47,7,-25,0,29,7,14,-30,14,5,34
DOC,Healthpeak Properties,19.07,11,38,-3,-33,13,4,1,4,11,20,33
CMG,Chipotle Mexican Grill,41.06,-13,0,-16,82,53,-20,16,-14,-2,-20,33
EG,Everest Group,343.89,-6,7,0,57,58,-19,-4,4,-7,-26,32
GNRC,Generac,190.51,1,3,13,-36,-19,13,9,17,12,51,32
CORT,Corcept Therapeutics,72.56,-29,0,0,21,-8,1,-5,4,40,40,32
PSA,Public Storage,300.24,-8,22,2,3,19,-23,17,20,-2,12,31
EXP,Eagle Materials,233.51,-9,1,-25,59,26,-17,14,10,-2,5,31
CACC,Credit Acceptance,503.89,20,2,0,1,23,12,11,-8,-7,8,31
KEX,Kirby Corporation,88.76,63,-62,-13,37,25,7,3,-4,-1,5,30
VNO,Vornado Realty Trust,39.18,0,-1,8,6,13,-5,-13,18,17,17,30
AES,AES Corporation,14.49,0,19,0,-13,6,14,20,16,-26,24,30
AVY,Avery Dennison,180.52,37,4,0,1,42,-2,1,-5,-7,-13,29
IT,Gartner,255.71,35,0,-31,0,4,3,-9,-29,59,24,28
RDDT,Reddit,219.3,14,0,7,0,21,14,-19,12,0,7,28
AWK,American Water Works,138.0,-10,-1,36,0,25,-26,15,4,10,3,28
NUE,Nucor,144.18,35,1,1,1,38,12,-29,17,-10,-10,28
AOS,A. O. Smith,68.61,-6,-12,0,60,42,-7,-20,20,-7,-14,28
EQH,Equitable Holdings,48.92,14,-20,1,13,8,15,-16,-1,21,19,27
NVST,Envista,20.35,42,0,14,0,56,12,-23,16,-34,-29,27
FWONK,Liberty Formula 1 (Series C),94.79,-84,-7,80,59,48,-94,-6,20,58,-22,26
REYN,Reynolds Consumer Products,23.67,0,58,-38,0,20,7,-4,7,-5,5,25
IOT,Samsara,39.9,21,2,-20,0,3,35,-8,-27,22,22,25
QSR,Restaurant Brands International,67.36,-26,18,4,42,38,-23,23,-3,-10,-13,25
CCL,Carnival Corporation & plc,29.42,1,-11,27,0,17,-9,-22,18,21,8,25
VIK,Viking Holdings,60.37,-1,0,1,0,0,2,1,20,0,23,23
XYZ,"Block, Inc.",80.16,20,6,4,-38,-8,17,1,14,-1,31,23
GTLB,GitLab,48.5,42,6,-31,0,17,6,1,2,-3,6,23
RAL,Ralliant,43.54,17,0,0,0,17,12,-7,0,0,5,22
TWLO,Twilio,114.51,19,1,2,-36,-14,15,11,-3,13,36,22
MSTR,MicroStrategy,295.67,0,-15,-3,21,3,7,-7,-3,22,19,22
VFC,VF Corporation,16.6,42,6,-30,-45,-27,40,3,7,-1,49,22
OVV,Ovintiv,37.35,14,-16,0,0,-2,28,-13,17,-8,24,22
IFF,International Flavors & Fragrances,65.3,66,0,-33,-33,0,67,3,-45,-3,22,22
SUI,Sun Communities,124.46,0,0,13,-26,-13,10,-8,20,13,35,22
NEU,NewMarket,756.87,-88,0,29,31,-28,-7,-5,32,29,49,21
OZK,Bank OZK,46.03,-83,-8,27,58,-6,8,-20,18,21,27,21
VOYA,Voya Financial,73.69,-1,0,11,6,16,6,-16,18,-3,5,21
RNR,RenaissanceRe,242.14,-60,0,-1,37,-24,1,-4,18,30,45,21
TXT,Textron,80.48,-21,-3,4,55,35,-21,-6,20,-7,-14,21
MSCI,MSCI,546.73,7,-12,-1,16,10,14,-24,-1,22,11,21
PR,Permian Resources,12.58,21,-21,0,28,28,-3,-20,20,-4,-7,21
LEA,Lear Corporation,101.73,35,-13,0,-19,3,14,1,19,-17,17,20
ONTO,Onto Innovation,134.34,2,46,-36,0,12,14,-6,5,-6,7,19
COLB,Columbia Banking System,25.7,14,0,4,0,18,14,-28,15,-1,0,18
TW,Tradeweb,109.83,28,-58,-8,2,-36,36,2,-9,25,54,18
NCLH,Norwegian Cruise Line Holdings,23.52,0,-8,10,0,2,1,-21,13,22,15,17
VRSK,Verisk Analytics,233.58,-2,-65,-6,116,43,-14,-31,-12,30,-27,16
LNW,Light & Wonder,75.95,0,-21,-13,59,25,-5,-29,-2,27,-9,16
SEE,Sealed Air,34.8,0,47,6,-26,27,12,-7,18,-34,-11,16
XP,XP Inc.,17.62,42,-16,2,0,28,14,-17,-1,-10,-14,14
AS,Amer Sports,32.56,12,-27,14,0,-1,28,-33,20,0,15,14
BLDR,Builders FirstSource,123.19,-6,-12,-38,67,11,-5,3,10,-5,3,14
CUBE,CubeSmart,41.69,0,10,0,3,13,-6,9,2,-4,1,14
RBRK,Rubrik,77.76,-12,-34,2,0,-44,6,-3,54,0,57,13
CFR,Frost Bank,125.27,11,-9,8,6,16,12,-26,-1,12,-3,13
TTEK,Tetra Tech,33.46,0,-27,-39,121,55,-3,-53,16,-3,-43,12
ALAB,Astera Labs,170.36,0,-7,7,0,0,15,-18,15,0,12,12
ACN,Accenture,250.76,34,0,-33,-2,-1,8,13,-29,21,13,12
ESAB,ESAB,121.52,0,1,2,0,3,-22,14,-3,19,8,11
LKQ,LKQ Corporation,31.49,37,-31,-16,-4,-14,67,1,-24,-19,25,11
ESTC,Elastic NV,88.69,17,5,-23,-8,-9,41,-18,2,-6,19,10
MRP,Millrose Properties,32.9,1,0,0,0,1,-5,1,13,0,9,10
CUZ,Cousins Properties,26.72,7,-14,0,13,6,12,-21,-2,15,4,10
QRVO,Qorvo,92.16,7,8,2,-33,-16,13,1,19,-7,26,10
ACGL,Arch Capital Group,85.89,-6,-9,-18,64,31,-12,-5,-2,-2,-21,10
GEN,Gen Digital,26.85,-5,-31,25,18,7,-5,-33,20,18,0,7
HOG,Harley-Davidson,26.98,0,-1,0,-11,-12,37,-20,15,-13,19,7
GLIBK,GCI Liberty (Series C),36.82,4,0,0,0,4,-14,17,0,0,3,7
VKTX,Viking Therapeutics,35.93,6,3,-50,23,-18,15,19,-1,-8,25,7
BEN,Franklin Templeton Investments,23.38,7,-16,18,0,9,35,-34,20,-24,-3,6
RMD,Resmed,259.19,-35,-10,27,15,-3,-21,-5,19,15,8,5
NCNO,nCino,27.1,35,-20,-36,0,-21,37,-25,15,-3,24,3
ABT,Abbott Laboratories,127.18,-63,-1,66,15,17,-27,-9,6,16,-14,3
JHX,James Hardie Industries,21.98,17,0,-37,-3,-23,26,14,-10,-5,25,2
DBX,Dropbox,29.1,0,0,2,11,13,-16,-16,10,10,-12,1
CFLT,"Confluent, Inc.",22.06,-7,14,-13,0,-6,-5,37,-28,2,6,0
EQR,Equity Residential,63.3,35,-18,-6,15,26,-6,-22,-13,15,-26,0
PEN,"Penumbra, Inc.",248.0,-4,-11,0,0,-15,28,-2,-16,5,15,0
SNV,Synovus,45.38,-1,-26,1,23,-3,11,-21,-3,16,3,0
MP,MP Materials,65.57,-48,0,42,0,-6,-54,-1,55,6,6,0
ON,ON Semiconductor,52.68,0,0,0,-3,-3,1,3,16,-17,3,0
LINE,"Lineage, Inc.",41.73,16,1,0,0,17,9,14,-41,0,-18,-1
DUOL,Duolingo,306.82,-48,0,0,0,-48,12,20,-11,25,46,-2
CSGP,CoStar Group,78.12,20,-24,0,16,12,34,-47,-2,1,-14,-2
ARW,Arrow Electronics,119.4,0,-4,11,0,7,-21,1,20,-10,-10,-3
CAR,Avis Budget Group,155.17,17,-1,19,-22,13,14,-14,23,-39,-16,-3
BSY,Bentley Systems,52.2,5,-15,19,0,9,7,-31,20,-8,-12,-3
WDAY,"Workday, Inc.",238.96,0,29,-20,16,25,-7,-4,-14,-4,-29,-4
GLIBA,GCI Liberty (Series A),36.73,4,0,0,0,4,-7,-1,0,0,-8,-4
DVN,Devon Energy,32.93,7,-12,0,-7,-12,26,-13,19,-24,8,-4
TROW,T. Rowe Price,104.92,7,-8,4,-27,-24,7,-3,16,-2,18,-6
EL,Estée Lauder Companies (The),100.46,2,11,2,-28,-13,12,14,18,-37,7,-6
IPG,Interpublic Group of Companies (The),27.11,0,10,1,0,11,-10,4,8,-19,-17,-6
AMCR,Amcor,8.27,68,-52,-11,0,5,2,2,-11,-4,-11,-6
SYY,Sysco,78.02,-26,-4,17,5,-8,-25,-8,17,16,0,-8
SSB,SouthState Corporation,90.43,-22,-8,-1,24,-7,-17,-20,14,21,-2,-9
CRM,Salesforce,255.47,0,6,-23,24,7,-16,8,-31,23,-16,-9
DRI,Darden Restaurants,183.58,-14,-28,0,63,21,-33,-23,-6,32,-30,-9
LBTYA,Liberty Global (Series A),10.93,-1,0,-3,0,-4,6,-21,11,-1,-5,-9
SN,SharkNinja,96.75,21,-20,2,0,3,16,-48,17,3,-12,-9
HST,Host Hotels & Resorts,16.64,0,0,8,4,12,-12,-19,18,-8,-21,-9
MCHP,Microchip Technology,64.54,0,-4,0,0,-4,-20,3,20,-9,-6,-10
DAR,Darling Ingredients,34.47,21,3,0,-22,2,21,1,-3,-32,-13,-11
PLNT,Planet Fitness,96.3,20,-40,1,15,-4,12,-32,-3,16,-7,-11
PEP,PepsiCo,152.62,0,12,1,0,13,-22,4,9,-15,-24,-11
SEB,Seaboard Corporation,3344.43,-9,-5,15,-1,0,-5,-27,18,2,-12,-12
RLI,RLI Corp.,61.04,0,-101,-20,178,57,7,-35,-39,-2,-69,-12
MASI,Masimo,148.0,0,0,-9,-8,-17,-1,19,-25,12,5,-12
DOCU,DocuSign,71.44,37,-20,-4,-14,-1,6,-19,-12,13,-12,-13
W,Wayfair,86.49,20,1,14,-43,-8,16,1,20,-42,-5,-13
CNA,CNA Financial,45.28,-60,-9,0,59,-10,-21,-8,4,22,-3,-13
LBTYK,Liberty Global (Series C),11.06,0,-1,-3,-1,-5,6,-21,9,-2,-8,-13
ASH,Ashland Global,50.66,68,-27,-51,-11,-21,7,3,9,-12,7,-14
BHF,Brighthouse Financial,46.83,0,-1,-3,0,-4,4,-12,-13,10,-11,-15
LULU,Lululemon Athletica,181.42,42,0,-21,-5,16,7,5,-30,-14,-32,-16
FLUT,Flutter Entertainment,244.32,-11,-21,2,23,-7,-5,-32,-1,29,-9,-16
HLNE,Hamilton Lane,119.82,-1,-24,-8,27,-6,10,-39,-5,23,-11,-17
SLB,Schlumberger,36.16,36,3,-80,0,-41,61,-22,-3,-12,24,-17
CPT,Camden Property Trust,104.16,40,-24,-5,-1,10,-2,-25,-13,13,-27,-17
AMTM,Amentum,22.46,-14,-13,0,0,-27,-5,-6,20,0,9,-18
MTN,Vail Resorts,157.91,18,1,0,-25,-6,16,11,-1,-38,-12,-18
NXST,Nexstar Media Group,190.82,-16,-9,19,6,0,-17,-30,17,12,-18,-18
VRSN,Verisign,247.21,-25,-19,46,11,13,-23,-17,-1,9,-32,-19
RNG,RingCentral,30.31,39,0,0,-43,-4,41,-20,10,-47,-16,-20
KNX,Knight-Swift,45.1,-1,2,-1,0,0,-19,13,1,-15,-20,-20
RIVN,Rivian,13.4,7,0,0,0,7,7,-13,2,-23,-27,-20
CAI,Caris Life Sciences,30.21,-8,-14,0,0,-22,-4,6,0,0,2,-20
MPW,Medical Properties Trust,5.13,-37,37,7,-38,-31,14,-6,2,1,11,-20
HUBS,HubSpot,471.88,34,-4,-20,-2,8,-5,-17,-28,21,-29,-21
SWKS,Skyworks Solutions,75.85,2,0,0,-32,-30,14,-15,17,-7,9,-21
AVTR,Avantor,15.1,0,19,-39,-1,-21,-7,12,1,-7,-1,-22
CCI,Crown Castle,97.6,-7,0,1,-30,-36,-5,17,-5,7,14,-22
PNFP,Pinnacle Financial Partners,86.94,-5,-26,-14,17,-28,11,-20,-5,20,6,-22
MGM,MGM Resorts International,32.89,27,-20,0,0,7,-4,-32,17,-11,-30,-23
FRPT,Freshpet,55.85,57,-3,-34,-8,12,-9,5,-30,-1,-35,-23
EW,Edwards Lifesciences,80.85,37,1,0,-16,22,-9,2,-1,-37,-45,-23
NKE,"Nike, Inc.",68.55,34,-15,0,-23,-4,37,-35,17,-38,-19,-23
MANH,Manhattan Associates,188.21,-26,-25,-1,67,15,-17,-19,-1,-2,-39,-24
KDP,Keurig Dr Pepper,29.25,7,0,-9,0,-2,-25,6,-1,-2,-22,-24
SBAC,SBA Communications,197.35,63,-59,-9,-22,-27,10,2,-8,-1,3,-24
DVA,DaVita,129.55,38,-45,-13,22,2,12,-31,-30,21,-28,-26
SOLV,Solventum,71.99,-1,-15,0,0,-16,-18,-8,16,0,-10,-26
HPQ,HP Inc.,27.92,2,0,-35,0,-33,-2,3,9,-3,7,-26
EOG,EOG Resources,106.56,0,-27,-8,47,12,-5,-30,-2,-1,-38,-26
SITE,SiteOne Landscape Supply,124.45,21,-24,0,-11,-14,13,-28,13,-10,-12,-26
AVB,AvalonBay Communities,188.35,6,-16,-13,18,-5,-5,-16,-17,17,-21,-26
DIS,Walt Disney Company (The),112.32,0,-32,25,-2,-9,-15,-28,20,5,-18,-27
COP,ConocoPhillips,88.68,7,-14,-4,0,-11,-5,-13,12,-10,-16,-27
VIRT,Virtu Financial,33.87,17,-41,0,16,-8,21,-53,-3,16,-19,-27
SLM,Sallie Mae,28.46,35,-51,1,24,9,-5,-51,-3,23,-36,-27
MOS,Mosaic Company (The),29.55,0,-12,26,-18,-4,22,-12,-1,-32,-23,-27
TTD,Trade Desk (The),53.63,7,0,-37,-3,-33,-5,16,-3,-2,6,-27
OMC,Omnicom Group,79.19,0,10,-37,3,-24,-11,4,7,-3,-3,-27
PFE,Pfizer,24.75,6,5,0,-25,-14,6,-7,17,-30,-14,-28
LII,Lennox International,502.08,-28,-45,-7,40,-40,-19,7,-5,29,12,-28
PYPL,PayPal,70.21,6,0,-13,-41,-48,14,-4,-1,11,20,-28
OKE,Oneok,69.29,6,-61,-23,56,-22,-12,-13,-35,53,-7,-29
OC,Owens Corning,127.48,-6,-21,-34,60,-1,-7,-28,9,-2,-28,-29
KD,Kyndryl,28.91,7,-59,-6,0,-58,38,-24,-7,22,29,-29
S,SentinelOne,17.59,18,-4,-35,0,-21,14,-16,-5,-3,-10,-31
AXTA,Axalta,29.07,50,-25,-26,24,23,13,-27,-39,-2,-55,-32
EIX,Edison International,56.9,0,10,-42,0,-32,-12,2,10,-3,-3,-35
LUV,Southwest Airlines,32.25,-21,0,11,-41,-51,-22,13,18,6,15,-36
ST,Sensata Technologies,31.62,0,0,2,-17,-15,-5,3,18,-37,-21,-36
MHK,Mohawk Industries,119.15,-12,-2,0,-13,-27,-20,1,12,-3,-10,-37
PCG,PG&E Corporation,16.42,-19,22,-40,3,-34,-19,16,3,-3,-3,-37
GLOB,Globant,62.65,35,0,-36,-9,-10,7,11,-36,-9,-27,-37
ACI,Albertsons,18.78,0,0,-7,0,-7,-25,6,-13,2,-30,-37
PRMB,Primo Brands,22.57,40,-103,-8,24,-47,7,2,-20,20,9,-38
APD,Air Products,255.82,0,-25,-5,0,-30,11,-30,-1,12,-8,-38
INVH,Invitation Homes,28.87,48,-67,-18,0,-37,-6,2,-13,16,-1,-38
GPN,Global Payments,86.79,21,6,-37,-41,-51,15,2,8,-12,13,-38
REGN,Regeneron Pharmaceuticals,584.76,14,1,-51,0,-36,6,-8,6,-6,-2,-38
GPC,Genuine Parts Company,131.42,-14,0,11,0,-3,-22,-17,20,-19,-38,-41
BJ,BJ's Wholesale Club,93.65,0,-84,-5,12,-77,-14,2,-12,60,36,-41
CCCS,CCC Intelligent Solutions,9.31,16,-26,-38,0,-48,30,-28,12,-8,6,-42
CARR,Carrier Global,58.28,0,-60,-9,0,-69,2,1,-4,28,27,-42
HIW,Highwoods Properties,29.56,-93,-6,10,8,-81,11,-8,20,15,38,-43
DKNG,DraftKings,32.96,-14,-20,-4,0,-38,-12,-28,12,22,-6,-44
DECK,Deckers Brands,90.48,-14,-23,-34,95,24,-14,-23,-30,-1,-68,-44
DXCM,Dexcom,70.63,44,-45,-9,-16,-26,-4,1,-4,-11,-18,-44
OKTA,"Okta, Inc.",90.0,6,-17,-8,-26,-45,12,-7,-13,8,0,-45
NIQ,NIQ Global Intelligence,13.83,-14,0,0,0,-14,-11,-20,0,0,-31,-45
TTC,Toro Company (The),74.53,0,-13,0,-2,-15,8,-27,11,-22,-30,-45
MKC,McCormick & Company,67.14,0,-3,-16,-4,-23,-17,5,-24,12,-24,-47
REXR,Rexford Industrial,42.54,0,11,2,-20,-7,-26,3,16,-34,-41,-48
CART,Maplebear Inc.,38.34,-6,-33,-4,0,-43,-4,1,-3,1,-5,-48
BALL,Ball Corporation,49.85,40,-51,-13,-13,-37,-2,1,-3,-7,-11,-48
DOX,Amdocs,84.27,5,-55,0,1,-49,-5,3,-5,7,0,-49
AAL,American Airlines Group,13.4,21,2,0,-78,-55,33,5,9,-41,6,-49
FTV,Fortive,49.46,2,0,-31,0,-29,12,1,-27,-7,-21,-50
ELF,e.l.f. Beauty,126.27,-42,0,0,33,-9,-42,-10,18,-7,-41,-50
GNTX,Gentex,23.72,-14,-2,-1,-1,-18,-19,-18,14,-10,-33,-51
AUR,Aurora Innovation,5.28,0,-23,-11,0,-34,10,-16,-28,17,-17,-51
VVV,Valvoline,33.59,-25,-23,-5,33,-20,-23,-20,17,-6,-32,-52
WLK,Westlake Corporation,79.74,16,-12,-50,-2,-48,26,-26,4,-8,-4,-52
EMN,Eastman Chemical Company,63.79,42,-26,-31,-3,-18,42,-28,-45,-4,-35,-53
CTSH,Cognizant,68.04,35,-63,-13,16,-25,-7,-28,-13,20,-28,-53
FI,Fiserv,126.55,35,-76,-24,37,-28,7,-36,-25,29,-25,-53
OWL,Blue Owl Capital,16.88,11,-48,-14,0,-51,2,-24,-3,23,-2,-53
MIDD,Middleby,131.32,-5,-4,-13,0,-22,-22,-27,2,15,-32,-54
GME,GameStop,23.54,6,-8,-4,-32,-38,15,-9,-13,-9,-16,-54
OXY,Occidental Petroleum,42.3,9,-13,-65,0,-69,28,-11,16,-18,15,-54
PENN,Penn Entertainment,18.04,27,-15,-3,-36,-27,33,-24,10,-46,-27,-54
ZBH,Zimmer Biomet,103.16,0,4,-7,-19,-22,-18,2,4,-20,-32,-54
FOUR,Shift4,76.83,7,-59,-10,0,-62,14,-30,-3,26,7,-55
ILMN,"Illumina, Inc.",100.35,2,0,0,-42,-40,14,1,12,-42,-15,-55
SJM,J.M. Smucker Company (The),104.76,7,-6,-4,-6,-9,-17,-14,8,-25,-48,-57
SMMT,Summit Therapeutics,19.47,-54,-36,-1,16,-75,6,-2,-7,21,18,-57
TFX,Teleflex,132.67,48,7,-52,-41,-38,-17,6,3,-12,-20,-58
CPAY,Corpay,284.25,0,-61,-8,23,-46,-5,-30,-5,27,-13,-59
SWK,Stanley Black & Decker,72.07,35,-13,-39,-41,-58,14,-20,9,-4,-1,-59
RH,RH,188.42,13,-22,-34,-9,-52,14,-27,8,-2,-7,-59
BILL,Bill.com,50.78,-8,42,-34,0,0,-21,-7,8,-39,-59,-59
IEX,IDEX Corporation,167.63,0,0,-38,0,-38,8,14,-38,-8,-24,-62
FBIN,Fortune Brands Innovations,51.56,38,-25,-36,-7,-30,-9,-28,9,-4,-32,-62
TXN,Texas Instruments,169.42,-28,-39,-1,24,-44,-2,-35,-1,18,-20,-64
AMT,American Tower,189.65,0,-59,-7,-2,-68,-5,1,-5,13,4,-64
SRPT,Sarepta Therapeutics,23.48,7,16,-39,-9,-25,10,19,-60,-8,-39,-64
RYAN,Ryan Specialty,53.51,0,-87,-13,0,-100,30,-5,-19,27,33,-67
RVTY,Revvity,97.11,2,8,-30,-26,-46,-4,19,-35,-1,-21,-67
ZTS,Zoetis,147.44,42,-35,-45,-5,-43,-9,4,-12,-7,-24,-67
INGR,Ingredion,117.46,-23,-61,-8,36,-56,-33,-31,-6,58,-12,-68
PPC,Pilgrim's Pride,37.91,0,-37,-3,23,-17,-14,-44,-14,20,-52,-69
IAC,IAC Inc.,33.64,35,-27,-12,-33,-37,34,-19,-7,-40,-32,-69
KMB,Kimberly-Clark,120.62,0,-32,-9,20,-21,-17,-39,-21,28,-49,-70
PB,Prosperity Bancshares,63.75,0,-64,-14,16,-62,11,-30,-5,16,-8,-70
SON,Sonoco,39.45,-5,-25,-6,-2,-38,-12,-22,17,-16,-33,-71
CHDN,Churchill Downs Incorporated,103.14,42,0,-41,0,1,-7,-58,-4,-3,-72,-71
FCN,FTI Consulting,166.58,9,0,-47,0,-38,5,-28,-4,-7,-34,-72
ELV,Elevance Health,342.6,-28,18,-54,-4,-68,-4,25,-20,-5,-4,-72
ELS,Equity Lifestyle Properties,61.91,-21,20,-31,0,-32,-13,19,-42,-5,-41,-73
CROX,Crocs,87.3,7,0,-52,-3,-48,-8,3,-14,-7,-26,-74
TEAM,Atlassian,164.17,47,-77,-16,-8,-54,-9,2,-28,13,-22,-76
CIVI,Civitas Resources,28.57,0,-12,-65,-2,-79,15,-10,9,-11,3,-76
CHRD,Chord Energy,93.18,13,-21,-60,0,-68,15,-30,14,-8,-9,-77
SNDR,Schneider National,23.04,0,-42,-15,0,-57,-21,8,-5,-2,-20,-77
DG,Dollar General,102.77,-14,-27,0,-19,-60,-28,6,32,-28,-18,-78
ADBE,Adobe Inc.,357.75,35,1,-46,-8,-18,8,-12,-50,-7,-61,-79
TYL,Tyler Technologies,509.33,-1,-46,-4,19,-32,-16,-48,-3,20,-47,-79
ALK,Alaska Air Group,44.79,-27,-23,-5,-1,-56,-20,-23,8,11,-24,-80
OLN,Olin Corporation,24.02,14,0,-70,-11,-67,16,-12,8,-25,-13,-80
RYN,Rayonier,23.33,-30,-5,-3,-1,-39,-32,-8,8,-11,-43,-82
DOW,Dow Inc.,25.74,21,1,-53,-3,-34,28,2,-68,-10,-48,-82
MDLZ,Mondelez International,61.66,-21,-3,-3,0,-27,-26,-13,-5,-11,-55,-82
BMY,Bristol Myers Squibb,43.39,-7,-18,-10,-7,-42,-14,-10,-24,7,-41,-83
COO,Cooper Companies (The),72.83,0,8,-37,-7,-36,-17,17,-42,-5,-47,-83
PPG,PPG Industries,105.49,42,-26,-56,-10,-50,11,-32,-3,-10,-34,-84
SAIA,Saia,288.95,-21,-3,-36,0,-60,-19,-1,3,-7,-24,-84
HSIC,Schein (Henry),63.53,0,-24,-15,-2,-41,-18,-25,-5,5,-43,-84
NSA,National Storage Affiliates,31.37,-1,10,-25,-6,-22,-23,9,-46,-3,-63,-85
FND,Floor & Decor,72.62,2,-23,-45,-8,-74,9,-20,8,-8,-11,-85
DPZ,Domino's,412.7,-6,-59,-6,12,-59,-13,-29,-5,20,-27,-86
JKHY,Jack Henry & Associates,156.3,2,-62,-13,-2,-75,-15,4,-13,13,-11,-86
BDX,Becton Dickinson,186.96,0,0,-38,-7,-45,-24,-4,3,-17,-42,-87
VZ,Verizon,39.22,-28,-16,-1,12,-33,-32,-37,-1,16,-54,-87
EPAM,EPAM Systems,162.5,35,0,-36,-29,-30,40,-32,-27,-39,-58,-88
WH,Wyndham Hotels & Resorts,74.78,-21,-29,-13,13,-50,-19,-34,-3,17,-39,-89
GFS,GlobalFoundries,35.42,21,0,-92,0,-71,12,-7,-4,-19,-18,-89
CL,Colgate-Palmolive,77.85,-9,-78,-16,25,-78,-17,1,-24,28,-12,-90
ONON,On Holding AG,42.2,-2,-62,-9,0,-73,-14,-20,-6,22,-18,-91
BFAM,Bright Horizons,99.2,-2,-35,-9,0,-46,-16,-41,-6,17,-46,-92
CDW,CDW,159.23,42,-59,-52,0,-69,14,-24,-3,-10,-23,-92
DV,DoubleVerify,11.84,37,-35,-80,0,-78,37,-37,-3,-12,-15,-93
SMG,Scotts Miracle-Gro Company,55.09,2,-42,-32,-41,-113,35,-28,16,-3,20,-93
CNXC,Concentrix,46.03,0,-22,-5,0,-27,-5,-18,-8,-35,-66,-93
UDR,"UDR, Inc.",36.01,-7,-62,-8,-2,-79,-17,2,-15,15,-15,-94
MRNA,Moderna,26.65,-6,0,-65,-6,-77,7,22,-5,-41,-17,-94
SFD,Smithfield Foods,21.59,-21,-28,0,0,-49,-23,-37,14,0,-46,-95
SFM,Sprouts Farmers Market,106.84,-16,-65,-5,48,-38,-44,-63,-9,59,-57,-95
BIRK,Birkenstock,42.4,1,-37,-9,0,-45,-5,-35,-11,0,-51,-96
COLD,Americold,14.09,17,0,-51,-13,-47,8,11,-51,-17,-49,-96
CPB,Campbell Soup Company,31.4,38,0,-42,-8,-12,-14,-15,-49,-7,-85,-97
RARE,Ultragenyx,35.3,7,1,-37,-40,-69,7,13,-45,-5,-30,-99
HSY,Hershey Company (The),181.4,-54,0,14,0,-40,-47,-5,14,-21,-59,-99
AKAM,Akamai Technologies,75.5,14,-4,-36,-9,-35,6,-24,-36,-12,-66,-101
CHWY,Chewy,34.6,-64,-11,51,0,-24,-68,-5,-11,7,-77,-101
BBWI,"Bath & Body Works, Inc.",26.05,0,-36,-35,-17,-88,-3,3,-6,-8,-14,-102
FIS,Fidelity National Information Services,66.52,-6,-59,-12,-39,-116,-5,13,-7,13,14,-102
G,Genpact,39.51,0,-34,-7,0,-41,-19,-30,-25,12,-62,-103
QXO,"QXO, Inc.",18.07,-28,-26,0,-16,-70,-25,-24,23,-8,-34,-104
MOH,Molina Healthcare,162.19,-21,-3,-23,-4,-51,-21,-3,-19,-10,-53,-104
SAM,Boston Beer Company,227.52,14,2,-45,-39,-68,-4,11,1,-46,-38,-106
CE,Celanese,43.87,21,-56,-53,-12,-100,37,-26,-7,-11,-7,-107
TDC,Teradata,21.38,15,-2,-89,-19,-95,12,-6,-1,-18,-13,-108
KMPR,Kemper Corporation,46.5,-20,-23,-16,-2,-61,-23,-28,-13,16,-48,-109
NWL,Newell Brands,5.08,19,-23,-37,-33,-74,21,-26,8,-38,-35,-109
GDDY,GoDaddy,131.88,1,-77,-13,24,-65,-16,-24,-29,24,-45,-110
SIRI,Sirius XM,21.62,-12,-13,-3,-33,-61,-18,-25,10,-19,-52,-113
WHR,Whirlpool Corporation,73.78,15,-29,-15,-28,-57,14,-26,-6,-38,-56,-113
MAA,Mid-America Apartment Communities,132.91,-3,-63,-7,-1,-74,-7,-27,-18,13,-39,-113
ARE,Alexandria Real Estate Equities,77.86,29,-14,-47,-32,-64,-3,-16,5,-37,-51,-115
CAVA,Cava Group,62.95,-7,-53,-24,0,-84,-9,11,-38,4,-32,-116
MTCH,Match Group,32.81,0,-16,2,-39,-53,-14,-24,15,-40,-63,-116
CHE,Chemed Corporation,437.4,0,-19,-21,-1,-41,-23,-28,-19,-10,-80,-121
SAIC,SAIC,93.24,-14,-38,-8,0,-60,-16,-38,-5,-3,-62,-122
PCTY,Paylocity,151.39,-1,-45,-8,-5,-59,-16,-49,-7,7,-65,-124
WU,Western Union,8.91,14,2,-33,-48,-65,12,3,-68,-7,-60,-125
LSTR,Landstar,129.6,-6,-3,-45,-2,-56,-19,11,-52,-9,-69,-125
POOL,Pool Corporation,293.71,-8,-24,-33,-8,-73,-19,-20,-2,-11,-52,-125
DLB,Dolby Laboratories,67.61,-26,-25,-13,-1,-65,-24,-35,-3,-1,-63,-128
KBR,"KBR, Inc.",43.8,-5,-23,-40,0,-68,-7,-33,-18,-3,-61,-129
WSC,WillScot Mobile Mini,22.76,15,-61,-75,-8,-129,11,7,-4,-14,0,-129
KVUE,Kenvue,15.09,0,-45,-8,0,-53,-14,-55,-13,5,-77,-130
FMC,FMC Corporation,30.63,19,-42,-50,-26,-99,31,-32,-5,-28,-34,-133
KMX,CarMax,45.08,13,-27,-29,-38,-81,7,-25,-33,-2,-53,-134
CZR,Caesars Entertainment,22.56,5,-16,-36,-27,-74,-5,-12,-4,-39,-60,-134
BMRN,BioMarin Pharmaceutical,52.69,-1,-36,-60,-22,-119,33,1,-25,-24,-15,-134
TAP,Molson Coors,45.26,-21,-34,-23,-2,-80,-33,7,-24,-5,-55,-135
TSN,Tyson Foods,52.1,-21,-16,-11,-30,-78,-17,-32,-21,13,-57,-135
WY,Weyerhaeuser,24.02,3,-32,-33,-1,-63,15,-36,-45,-10,-76,-139
UPS,United Parcel Service,89.21,51,0,-116,-18,-83,9,15,-44,-36,-56,-139
ATR,AptarGroup,128.81,-9,-61,-13,22,-61,-15,-58,-5,-1,-79,-140
BRKR,Bruker,38.62,0,8,-70,-10,-72,-5,19,-74,-11,-71,-143
PAYC,Paycom,200.28,-5,-45,0,-26,-76,-20,-48,-4,1,-71,-147
IRDM,Iridium Communications,17.95,-21,-62,-14,-21,-118,-13,9,-5,-21,-30,-148
MTDR,Matador Resources,39.41,-28,-21,-39,0,-88,-23,-29,-1,-8,-61,-149
ACHC,Acadia Healthcare,22.94,-87,32,-58,-13,-126,-7,-4,3,-18,-26,-152
CHD,Church & Dwight,85.64,-21,-65,-26,0,-112,-18,-28,-24,27,-43,-155
UHAL,U-Haul,55.24,-6,-64,-25,0,-95,-18,-28,-38,22,-62,-157
CLVT,Clarivate,3.71,23,-27,-87,-8,-99,14,-27,-1,-44,-58,-157
CNC,Centene,33.13,-21,5,-54,-13,-83,-19,-3,-23,-30,-75,-158
CLX,Clorox,115.48,-23,-16,-27,-7,-73,-28,-20,-37,-1,-86,-159
BAH,Booz Allen Hamilton,86.53,-14,-40,-40,0,-94,-16,-8,-42,-3,-69,-163
XRAY,Dentsply Sirona,13.1,42,-62,-91,-44,-155,37,2,-5,-42,-8,-163
HUN,Huntsman Corporation,9.28,21,-27,-55,-17,-78,26,-27,-50,-35,-86,-164
DXC,DXC Technology,13.42,31,-16,-35,-75,-95,36,-27,-42,-36,-69,-164
CAG,Conagra Brands,18.5,0,-16,-42,-9,-67,-17,-35,-24,-25,-101,-168
GIS,General Mills,48.29,-16,-3,-51,-6,-76,-17,-10,-47,-21,-95,-171
GPK,Graphic Packaging,17.36,-4,-42,-29,-1,-76,-14,-39,-42,-2,-97,-173
ALGN,Align Technology,135.62,44,-62,-77,-27,-122,-5,7,-13,-40,-51,-173
MORN,"Morningstar, Inc.",218.47,-1,-62,-30,-1,-94,5,-75,-8,-2,-80,-174
HRL,Hormel Foods,23.75,-1,-72,-20,-25,-118,-18,1,-7,-32,-56,-174
ENPH,Enphase Energy,36.77,0,0,-56,-22,-78,7,-16,-63,-26,-98,-176
EEFT,Euronet Worldwide,80.57,-20,-63,-13,-5,-101,-19,-63,-10,15,-77,-178
CHH,Choice Hotels,97.28,-18,-58,-13,-1,-90,-18,-59,-27,16,-88,-178
FDS,FactSet,290.36,7,-70,-15,-2,-80,-18,-66,-13,-3,-100,-180
LYB,LyondellBasell,49.09,14,-61,-54,-7,-108,19,-26,-68,-9,-84,-192
CBSH,Commerce Bancshares,53.09,-103,-59,-4,13,-153,-21,-34,-3,15,-43,-196
KHC,Kraft Heinz,25.59,2,-36,-52,-2,-88,-18,-54,-24,-12,-108,-196
UHAL-B,U-Haul (Series N),50.23,-5,-64,-33,0,-102,-18,-28,-47,-3,-96,-198
BAX,Baxter International,23.17,7,-78,-33,-40,-144,10,1,-24,-43,-56,-200
CMCSA,Comcast,29.4,-23,-64,-45,-11,-143,-18,-28,-12,-10,-68,-211
UA,Under Armour (Class C),4.68,0,-56,-38,-39,-133,21,-58,-5,-39,-81,-214
OGN,Organon & Co.,7.05,-98,-8,-39,0,-145,-5,-8,-52,-6,-71,-216
LBRDA,Liberty Broadband (Series A),56.32,-91,-8,-13,-38,-150,-55,-8,-13,10,-66,-216
LBRDK,Liberty Broadband (Series C),56.54,-91,-8,-13,-38,-150,-55,-8,-13,10,-66,-216
MKTX,MarketAxess,167.46,-8,-66,-38,-31,-143,-16,-1,-12,-46,-75,-218
ODFL,Old Dominion Freight Line,136.69,-21,-63,-36,0,-120,-21,-37,-41,-3,-102,-222
COTY,Coty,4.1,-41,-6,-74,-9,-130,-12,7,-76,-11,-92,-222
UAA,Under Armour (Class A),4.84,3,-56,-38,-46,-137,15,-58,-5,-39,-87,-224
TREX,"Trex Company, Inc.",49.73,-56,-32,-64,-15,-167,-19,-28,-4,-8,-59,-226
STZ,Constellation Brands,137.97,-21,-45,-55,-5,-126,-31,11,-71,-10,-101,-227
CHTR,Charter Communications,245.4,-91,-8,-14,-38,-151,-55,-8,-14,-3,-80,-231
DJT,Trump Media & Technology Group,16.03,3,-104,-66,0,-167,15,-35,-34,-11,-65,-232
INSP,Inspire Medical Systems,78.25,-14,-114,-33,-8,-169,-17,9,-38,-19,-65,-234
LCID,Lucid Motors,18.12,-104,-4,-14,0,-122,-53,-7,-27,-37,-124,-246
BF-B,Brown–Forman (Class B),28.51,0,0,-113,-20,-133,-26,-12,-45,-30,-113,-246
WEN,Wendy's Company (The),8.92,-1,-87,-47,-10,-145,-14,-34,-42,-17,-107,-252
FLO,Flowers Foods,12.86,0,-51,-47,-10,-108,-17,-44,-67,-25,-153,-261
PRGO,Perrigo,21.95,7,-58,-12,-115,-178,-18,1,-12,-57,-86,-264
BF-A,Brown–Forman (Class A),28.18,0,-36,-112,-20,-168,-28,8,-52,-26,-98,-266
BRBR,BellRing Brands,31.84,-14,-121,-23,0,-158,-14,-113,-29,-1,-157,-315
MAN,ManpowerGroup,32.85,-75,-44,-56,-30,-205,-47,-36,-56,-38,-177,-382
RHI,Robert Half,29.32,-103,-191,-39,-11,-344,2,-28,-37,-34,-97,-441
