Symbol,Name,Close,1H Cloud Score,1D Cloud Score,1W Cloud Score,1M Cloud Score,Cloud Score Sum,1H TKx Score,1D TKx Score,1W TKx Score,1M TKx Score,TKx Score Sum,Total Score Sum
TJX,TJX Companies,138.57,-11,48,156,200,393,-7,10,125,195,323,716
GLW,Corning Inc.,87.22,238,104,27,19,388,63,111,16,16,206,594
WRB,W. R. Berkley Corporation,77.53,103,31,102,178,414,33,44,32,57,166,580
COOP,Mr. Cooper Group,210.79,-7,100,126,60,279,11,99,124,58,292,571
L,Loews Corporation,102.25,94,105,120,57,376,92,40,18,26,176,552
ORI,Old Republic International,43.08,0,42,155,60,257,-12,40,125,57,210,467
WELL,Welltower,167.27,-18,102,124,60,268,-37,63,141,26,193,461
PWR,Quanta Services,429.91,109,12,25,101,247,105,16,18,74,213,460
SO,Southern Company,96.12,34,5,84,192,315,26,6,31,81,144,459
ORLY,O'Reilly Auto Parts,99.72,-28,0,171,201,344,-43,4,62,91,114,458
SCCO,Southern Copper,130.57,195,27,6,65,293,103,40,18,2,163,456
MPWR,Monolithic Power Systems,979.36,46,105,11,159,321,62,49,18,2,131,452
BWXT,BWX Technologies,195.62,154,103,21,37,315,68,15,18,33,134,449
RL,Ralph Lauren Corporation,323.05,56,107,102,36,301,63,36,18,28,145,446
ETR,Entergy,95.61,91,15,84,139,329,-10,14,97,16,117,446
ATO,Atmos Energy,174.92,88,45,82,47,262,33,7,93,47,180,442
AAPL,Apple Inc.,254.03,-7,72,6,253,324,-7,40,10,73,116,440
CASY,Casey's,551.34,-3,24,121,89,231,-20,20,125,80,205,436
ULTA,Ulta Beauty,560.68,84,115,20,6,225,83,118,20,-11,210,435
MMC,Marsh McLennan,206.02,59,0,-11,177,225,33,3,-19,180,197,422
PLTR,Palantir Technologies,185.32,6,118,124,0,248,2,16,127,22,167,415
APH,Amphenol,126.25,18,118,27,67,230,16,120,18,29,183,413
EME,Emcor,680.83,56,105,25,60,246,65,24,16,59,164,410
LMT,Lockheed Martin,507.61,180,31,1,167,379,-2,33,3,-4,30,409
FIX,Comfort Systems USA,835.07,3,108,25,66,202,10,120,18,57,205,407
LLY,Lilly (Eli),855.22,52,10,2,174,238,54,27,-15,98,164,402
GS,Goldman Sachs,780.26,-10,105,100,60,255,-12,116,18,23,145,400
NRG,NRG Energy,168.21,2,20,111,96,229,7,19,121,23,170,399
MNST,Monster Beverage,69.04,65,44,34,182,325,19,18,27,6,70,395
DUK,Duke Energy,124.69,35,5,84,185,309,28,7,30,18,83,392
J,Jacobs Solutions,155.45,52,103,14,108,277,64,14,15,21,114,391
CRS,Carpenter Technology Corporation,250.86,34,0,154,37,225,27,2,79,51,159,384
IBKR,Interactive Brokers,72.61,112,16,97,59,284,10,15,16,59,100,384
EVRG,Evergy,76.71,0,86,66,16,168,101,14,85,12,212,380
INSM,Insmed,164.41,53,85,72,18,228,56,55,18,22,151,379
JPM,JPMorgan Chase,305.55,-46,107,131,160,352,-54,32,18,28,24,376
GRMN,Garmin,256.53,70,78,120,21,289,10,39,14,23,86,375
BK,BNY Mellon,106.82,-46,107,102,42,205,19,111,18,21,169,374
AM,Antero Midstream,18.83,-7,27,156,25,201,9,20,86,57,172,373
GOOGL,Alphabet (Class A),241.28,-7,94,16,178,281,-12,68,13,23,92,373
ITT,ITT Inc.,172.94,-7,111,24,101,229,-20,118,18,28,144,373
ROL,"Rollins, Inc.",56.61,-6,-1,39,288,320,-19,4,31,37,53,373
GOOG,Alphabet (Class C),242.16,-7,94,15,178,280,-12,68,12,23,91,371
SRE,Sempra,91.66,91,60,8,183,342,-3,15,16,1,29,371
NOC,Northrop Grumman,635.0,84,72,18,60,234,91,6,25,14,136,370
BSX,Boston Scientific,97.3,22,-20,152,146,300,6,-14,18,59,69,369
ACM,AECOM,131.29,14,111,24,67,216,17,40,18,73,148,364
RTX,RTX Corporation,162.15,-3,104,85,56,242,-5,13,92,16,116,358
XEL,Xcel Energy,81.28,88,61,59,14,222,27,30,67,11,135,357
GD,General Dynamics,342.68,0,127,16,56,199,-2,82,18,59,157,356
HWM,Howmet Aerospace,188.82,-35,22,156,31,174,-1,22,100,59,180,354
MSI,Motorola Solutions,457.77,6,0,9,155,170,-1,-11,9,187,184,354
COR,Cencora,314.12,9,28,52,77,166,17,37,63,70,187,353
CDNS,Cadence Design Systems,348.63,-8,0,25,143,160,-4,-3,18,182,193,353
ANET,Arista Networks,158.25,14,90,15,60,179,14,86,14,58,172,351
CAT,Caterpillar Inc.,500.41,51,104,16,66,237,10,29,16,59,114,351
FFIV,"F5, Inc.",342.5,28,104,102,16,250,40,18,18,19,95,345
DTE,DTE Energy,140.05,0,13,82,191,286,-5,10,35,15,55,341
IDA,Idacorp,134.64,95,74,64,20,253,27,13,34,12,86,339
MS,Morgan Stanley,156.31,-56,105,84,66,199,-12,116,18,18,140,339
WMT,Walmart,101.77,-7,29,135,103,260,31,-1,18,31,79,339
DASH,DoorDash,275.44,63,104,105,0,272,8,19,18,20,65,337
SNX,TD Synnex,156.5,0,105,23,65,193,-7,111,16,23,143,336
COST,Costco,941.3,7,-16,0,182,173,12,-27,-10,186,161,334
UI,Ubiquiti,696.18,115,34,60,12,221,14,69,18,12,113,334
IONS,Ionis Pharmaceuticals,70.27,84,108,9,2,203,91,33,18,-12,130,333
LHX,L3Harris,298.09,0,127,20,7,154,23,120,20,16,179,333
RBC,RBC Bearings,384.5,3,-7,101,166,263,16,-28,22,59,69,332
TRV,Travelers Companies (The),274.4,-6,41,99,60,194,-5,52,32,58,137,331
CW,Curtiss-Wright,554.78,16,113,27,56,212,28,21,18,51,118,330
HOOD,Robinhood Markets,152.43,63,107,89,0,259,8,24,18,20,70,329
AVGO,Broadcom,345.02,15,108,27,118,268,10,-1,18,32,59,327
IBM,IBM,288.21,0,16,117,56,189,-11,24,64,58,135,324
ORCL,Oracle Corporation,297.03,7,22,19,200,248,10,19,18,29,76,324
AU,AngloGold Ashanti,72.27,0,49,84,20,153,63,58,32,16,169,322
ALL,Allstate,208.99,-7,16,105,161,275,-2,9,19,19,45,320
PPL,PPL Corporation,36.93,28,63,84,25,200,-2,9,96,16,119,319
LDOS,Leidos,194.04,54,117,10,25,206,-3,74,21,21,113,319
VMI,Valmont Industries,399.75,70,10,70,60,210,68,10,15,12,105,315
V,Visa Inc.,347.0,0,5,145,135,285,-2,5,-1,28,30,315
CBOE,Cboe Global Markets,240.78,0,0,152,57,209,13,8,30,53,104,313
HPE,Hewlett Packard Enterprise,26.24,28,101,9,44,182,21,38,15,56,130,312
AEP,American Electric Power,116.91,84,8,81,25,198,61,6,31,16,114,312
URI,United Rentals,979.71,51,105,15,66,237,-2,2,16,59,75,312
AAON,AAON,101.23,52,16,0,247,315,-3,34,-33,-1,-3,312
MA,Mastercard,564.75,-5,0,134,157,286,-5,-18,18,28,23,309
MRVL,Marvell Technology,90.56,126,12,1,108,247,40,14,8,-1,61,308
TIGO,Millicom,47.35,-5,185,85,4,269,-13,2,32,18,39,308
PANW,Palo Alto Networks,215.17,44,25,7,83,159,40,26,18,59,143,302
TLN,Talen Energy,444.54,55,117,47,0,219,7,52,19,4,82,301
LOPE,Grand Canyon Education,206.97,-21,45,155,37,216,-37,44,42,36,85,301
HEI,HEICO (Common),315.89,-5,-1,33,191,218,8,-9,24,59,82,300
EHC,Encompass Health,123.12,-48,39,151,31,173,20,42,32,31,125,298
MSFT,Microsoft,522.24,40,4,24,175,243,-7,13,18,27,51,294
NEU,NewMarket,779.18,-5,127,27,31,180,49,5,30,29,113,293
FHN,First Horizon Corporation,23.43,28,105,60,6,199,30,34,16,12,92,291
CORT,Corcept Therapeutics,88.36,119,17,72,21,229,4,15,2,40,61,290
FE,FirstEnergy,46.68,88,58,14,57,217,27,12,18,16,73,290
PSTG,Pure Storage,93.61,44,35,7,44,130,57,27,14,59,157,287
BR,Broadridge Financial Solutions,234.04,-3,-19,122,147,247,21,-27,18,27,39,286
ABBV,AbbVie,230.74,-2,57,25,60,140,5,64,11,66,146,286
AYI,Acuity Brands,360.84,8,81,12,29,130,9,110,14,22,155,285
AJG,Arthur J. Gallagher & Co.,302.21,-7,10,0,188,191,-14,9,-10,109,94,285
NFLX,Netflix,1231.69,16,0,124,22,162,21,-16,95,22,122,284
MLI,Mueller Industries,97.95,-7,77,15,60,145,-21,70,16,73,138,283
PGR,Progressive Corporation,242.12,-4,-85,-1,179,89,11,3,-11,191,194,283
AXON,Axon Enterprise,734.16,6,-21,153,96,234,10,-12,18,32,48,282
NEM,Newmont,85.23,-4,129,27,7,159,-7,91,27,12,123,282
WEC,WEC Energy Group,113.88,35,61,63,15,174,-2,18,76,13,105,279
WM,"Waste Management, Inc.",217.47,-6,-34,0,189,149,9,-40,-2,161,128,277
CNP,Centerpoint Energy,39.09,0,59,57,47,163,29,17,51,17,114,277
CIEN,Ciena,163.62,71,105,17,14,207,9,27,16,18,70,277
MDU,MDU Resources,18.72,105,13,3,60,181,30,15,18,32,95,276
AMGN,Amgen,295.44,52,7,2,167,228,3,1,6,38,48,276
KRMN,Karman Holdings,74.52,175,42,0,0,217,14,33,10,0,57,274
CXT,Crane NXT,68.1,91,13,3,57,164,33,5,14,58,110,274
CINF,Cincinnati Financial,161.68,0,48,93,64,205,-6,39,18,17,68,273
HEI-A,HEICO (Class A),249.73,-6,-1,34,184,211,7,-2,25,32,62,273
TPR,"Tapestry, Inc.",113.47,0,105,88,23,216,-7,22,16,21,52,268
YUM,Yum! Brands,142.7,-28,-1,0,261,232,-46,21,2,59,36,268
DRS,Leonardo DRS,44.38,0,0,147,60,207,-3,15,18,31,61,268
GE,GE Aerospace,299.33,1,116,27,29,173,-2,27,38,31,94,267
NDAQ,"Nasdaq, Inc.",91.4,16,-13,84,146,233,29,-29,18,16,34,267
NVT,Nvent Electric,97.73,-1,105,16,14,134,5,118,16,-7,132,266
LITE,Lumentum,159.72,-5,103,22,5,125,2,111,16,12,141,266
DGX,Quest Diagnostics,181.44,-6,44,76,20,134,-2,42,76,16,132,266
AWI,Armstrong World Industries,194.68,-1,112,102,23,236,-12,2,18,21,29,265
AIG,American International Group,83.17,70,5,36,55,166,79,5,-8,23,99,265
SGI,Somnigroup International,83.94,0,105,49,66,220,10,-11,18,28,45,265
IVZ,Invesco,23.91,70,81,15,4,170,-13,77,15,15,94,264
ETN,Eaton Corporation,377.17,0,15,16,116,147,5,22,16,74,117,264
NVDA,Nvidia,192.54,14,16,22,136,188,14,14,18,28,74,262
CME,CME Group,268.79,2,-39,62,138,163,9,9,58,21,97,260
WMB,Williams Companies,63.1,-7,16,120,54,183,-22,21,18,59,76,259
CMI,Cummins,426.65,0,77,13,67,157,-12,68,14,32,102,259
BPOP,"Popular, Inc.",124.79,-7,112,25,61,191,-12,40,18,21,67,258
NEE,NextEra Energy,83.71,98,12,3,2,115,102,8,18,15,143,258
UTHR,United Therapeutics,445.35,49,41,6,59,155,-6,41,6,61,102,257
EXC,Exelon,46.66,95,8,63,16,182,54,7,2,12,75,257
MCO,Moody's Corporation,492.67,32,-16,2,158,176,64,-28,16,27,79,255
NI,NiSource,42.94,-1,12,82,47,140,-12,12,97,16,113,253
CHD,Church & Dwight,87.59,0,-53,-24,346,269,-5,-16,-22,27,-16,253
FWONK,Liberty Formula 1 (Series C),104.8,0,18,78,59,155,-10,32,18,58,98,253
FYBR,Frontier Communications,37.36,-16,43,97,0,124,4,6,102,16,128,252
FLEX,Flex Ltd.,59.83,14,34,26,60,134,14,27,18,59,118,252
AMD,Advanced Micro Devices,232.91,51,4,6,112,173,63,6,18,-9,78,251
KLAC,KLA Corporation,1054.24,-16,24,22,179,209,-22,18,18,28,42,251
CRH,CRH plc,117.61,0,59,15,66,140,2,68,12,29,111,251
CTAS,Cintas,191.71,-23,-39,-1,169,106,-42,-1,-1,189,145,251
FWONA,Liberty Formula 1 (Series A),95.32,-6,18,77,64,153,-10,32,17,58,97,250
MLM,Martin Marietta Materials,633.82,58,60,14,62,194,7,2,18,29,56,250
ALLE,Allegion,175.49,-3,117,17,23,154,-21,73,18,24,94,248
STT,State Street Corporation,117.28,26,107,25,18,176,30,9,17,16,72,248
AZO,AutoZone,3969.19,-21,0,102,88,169,-41,-2,62,59,78,247
WDC,Western Digital,119.68,-16,105,20,20,129,-22,116,18,5,117,246
THG,Hanover Insurance,179.49,-1,44,69,26,138,-5,36,61,16,108,246
BRO,Brown & Brown,95.52,41,0,-7,165,199,33,3,-18,28,46,245
WPC,W. P. Carey,67.08,-14,102,37,4,129,-20,94,34,7,115,244
PNR,Pentair,109.84,-7,105,17,64,179,-19,42,16,26,65,244
MDT,Medtronic,96.5,45,72,19,3,139,-9,86,11,15,103,242
HIG,Hartford (The),130.14,-7,0,102,59,154,-5,4,29,58,86,240
DDS,Dillard's,596.84,-13,87,22,56,152,-26,41,15,57,87,239
MCK,McKesson Corporation,758.07,5,16,50,60,131,10,33,-5,69,107,238
VMC,Vulcan Materials,303.01,2,57,14,62,135,-9,65,18,29,103,238
LIN,Linde plc,458.96,-9,-1,21,112,123,-5,-7,18,108,114,237
AIZ,Assurant,218.46,0,46,9,154,209,-12,8,10,21,27,236
MO,Altria,65.72,0,58,78,47,183,-5,5,34,18,52,235
LNT,Alliant Energy,67.24,89,13,76,16,194,-2,7,18,15,38,232
BRK-B,Berkshire Hathaway,496.73,-6,31,132,64,221,-9,5,-13,28,11,232
HUBB,Hubbell Incorporated,419.04,-42,0,9,184,151,5,-11,14,73,81,232
DCI,Donaldson Company,81.43,0,57,10,67,134,-16,64,18,32,98,232
RKLB,Rocket Lab,66.42,42,25,57,0,124,52,27,18,10,107,231
APP,AppLovin,600.17,-28,50,113,0,135,2,58,14,20,94,229
UNP,Union Pacific Corporation,231.54,-7,13,2,200,208,-16,13,3,21,21,229
FSLR,First Solar,234.3,51,70,3,64,188,6,25,18,-8,41,229
CELH,Celsius Holdings,64.26,63,10,1,67,141,70,2,26,-11,87,228
SYK,Stryker Corporation,370.16,20,-20,1,161,162,36,-17,16,31,66,228
HII,Huntington Ingalls Industries,286.17,14,144,16,8,182,8,24,24,-11,45,227
C,Citigroup,95.92,-56,105,27,20,96,-19,115,18,16,130,226
SCI,Service Corporation International,80.59,-8,21,5,177,195,-16,15,16,15,30,225
BLK,BlackRock,1167.35,28,104,25,24,181,-12,15,18,23,44,225
CAH,Cardinal Health,157.2,15,10,63,40,128,14,24,-1,59,96,224
R,Ryder,184.1,-8,90,19,58,159,-15,6,16,58,65,224
STE,Steris,239.56,-49,0,22,197,170,8,-11,30,27,54,224
AXS,AXIS Capital,96.79,21,-1,94,47,161,27,-18,-1,55,63,224
TDY,Teledyne Technologies,576.31,0,104,60,16,180,-12,19,18,17,42,222
BEPC,Brookfield Renewable Partners,38.1,68,14,18,0,100,68,23,18,12,121,221
TT,Trane Technologies,418.83,0,-31,24,166,159,5,8,18,31,62,221
OGE,OGE Energy,45.35,-5,10,76,47,128,-10,11,76,16,93,221
KNSL,Kinsale Capital Group,476.67,42,4,2,35,83,51,2,-3,87,137,220
CWEN,Clearway Energy (Class C),31.66,49,4,66,6,125,45,7,30,12,94,219
RBA,RB Global,103.75,-24,-11,112,29,106,-19,-6,115,21,111,217
INTC,Intel,37.8,133,41,3,0,177,5,40,8,-14,39,216
NET,Cloudflare,221.0,5,105,47,0,157,-7,27,18,21,59,216
AON,AON,360.42,0,-1,0,179,178,-4,-22,5,58,37,215
SOFI,SoFi,28.43,16,97,54,0,167,22,-3,16,13,48,215
JHG,Janus Henderson,43.92,-7,90,14,21,118,-12,74,15,20,97,215
H,Hyatt Hotels,145.81,63,10,5,57,135,7,2,14,57,80,215
AGNC,AGNC Investment,10.01,38,90,19,18,165,13,1,16,19,49,214
JNJ,Johnson & Johnson,191.06,75,71,16,9,171,12,6,13,8,39,210
LRCX,Lam Research,140.8,0,27,17,154,198,-18,19,18,-7,12,210
STLD,Steel Dynamics,147.8,66,19,8,57,150,8,33,18,1,60,210
RSG,Republic Services,221.78,-7,-51,0,179,121,11,-76,-9,162,88,209
OZK,Bank OZK,51.34,-1,105,25,58,187,-7,-8,16,21,22,209
HCA,HCA Healthcare,418.78,-3,44,11,99,151,-9,12,24,31,58,209
CLF,Cleveland-Cliffs,14.19,84,70,1,-18,137,40,30,11,-10,71,208
MEDP,Medpace,517.8,0,79,12,34,125,-22,89,12,4,83,208
AMG,Affiliated Managers Group,241.97,14,111,19,24,168,5,-2,18,19,40,208
CMS,CMS Energy,73.27,71,4,84,25,184,-5,7,6,16,24,208
DOCS,Doximity,72.56,0,75,62,0,137,8,40,8,14,70,207
CACI,CACI,511.47,0,10,10,156,176,-6,17,22,-3,30,206
CB,Chubb Limited,284.36,84,10,3,60,157,-4,7,-12,58,49,206
XOM,ExxonMobil,112.93,-1,24,5,46,74,30,33,17,52,132,206
TKO,TKO Group Holdings,186.39,-16,43,79,42,148,-11,-1,18,52,58,206
PTC,PTC Inc.,201.75,-3,0,14,184,195,-12,-21,15,28,10,205
VRTX,Vertex Pharmaceuticals,414.89,63,0,-10,106,159,18,3,-14,39,46,205
AMAT,Applied Materials,220.04,7,16,3,151,177,3,16,16,-7,28,205
OLLI,Ollie's Bargain Outlet,126.51,-28,-4,123,18,109,4,-6,71,25,94,203
USFD,US Foods,75.27,-4,-29,151,37,155,12,-10,18,28,48,203
TTWO,Take-Two Interactive,256.7,0,28,53,15,96,-5,35,53,22,105,201
NTRS,Northern Trust,129.95,-9,105,24,13,133,-12,47,18,15,68,201
SMCI,Supermicro,58.05,56,7,0,60,123,58,18,13,-11,78,201
AFL,Aflac,111.16,0,41,9,60,110,-9,40,2,57,90,200
LNG,Cheniere Energy,231.42,-3,-1,68,60,124,17,-17,18,58,76,200
SPOT,Spotify,673.44,-47,-5,120,14,82,-7,-2,103,22,116,198
KR,Kroger,67.56,19,-31,87,69,144,13,-34,58,17,54,198
AME,Ametek,183.34,-37,0,12,108,83,2,-9,18,103,114,197
SPGI,S&P Global,487.62,7,-16,1,174,166,19,-28,16,23,30,196
VEEV,Veeva Systems,298.53,75,10,53,10,148,-5,10,18,20,43,191
DDOG,Datadog,164.04,70,10,7,0,87,68,22,15,-2,103,190
BRX,Brixmor Property Group,27.03,-5,87,8,57,147,6,-9,18,28,43,190
FTAI,FTAI Aviation,169.44,-7,51,11,49,104,-12,51,14,33,86,190
FERG,Ferguson Enterprises,234.77,38,6,19,67,130,4,10,18,27,59,189
NFG,National Fuel Gas,85.79,-35,0,68,54,87,-5,15,79,12,101,188
LH,Labcorp,277.78,-17,55,63,17,118,-8,42,16,20,70,188
KMI,Kinder Morgan,27.53,-16,0,100,46,130,-33,21,16,54,58,188
THC,Tenet Healthcare,194.76,-6,42,22,59,117,-11,39,16,26,70,187
AN,AutoNation,218.31,0,42,25,63,130,-23,2,18,59,56,186
ES,Eversource Energy,72.39,105,15,23,2,145,-1,19,18,4,40,185
CEG,Constellation Energy,383.43,49,10,24,0,83,48,15,18,21,102,185
GWRE,Guidewire Software,236.66,5,2,118,23,148,6,-10,18,22,36,184
MU,Micron Technology,192.32,56,31,6,24,117,6,40,18,2,66,183
CWEN-A,Clearway Energy (Class A),29.88,49,4,66,8,127,7,7,30,12,56,183
XYL,Xylem Inc.,146.82,0,105,16,24,145,-19,14,18,24,37,182
WCC,Wesco International,222.12,18,2,15,60,95,10,2,16,59,87,182
GILD,Gilead Sciences,116.75,23,3,59,37,122,30,-27,16,41,60,182
SSD,Simpson Manufacturing Company,169.35,0,-11,2,158,149,36,-16,14,-3,31,180
NLY,Annaly Capital Management,20.89,19,87,26,12,144,13,-12,16,18,35,179
TER,Teradyne,145.19,1,76,3,4,84,-15,106,11,-7,95,179
MCD,McDonald's,293.85,-49,-4,0,244,191,-61,-16,6,59,-12,179
FNB,FNB Corporation,15.94,-7,105,9,57,164,-12,-12,17,21,14,178
SNOW,Snowflake Inc.,250.68,51,30,23,0,104,49,4,18,3,74,178
ARMK,Aramark,39.89,62,-31,23,42,96,4,2,18,58,82,178
LYV,Live Nation Entertainment,152.8,-49,-2,102,149,200,-47,-10,17,18,-22,178
EBAY,eBay,90.11,-1,0,85,16,100,-6,-25,90,18,77,177
DTM,DT Midstream,111.17,-6,23,111,0,128,-19,22,18,27,48,176
CSCO,Cisco,69.98,27,5,56,16,104,18,8,18,27,71,175
ATI,ATI Inc.,82.25,0,0,24,45,69,10,24,18,54,106,175
CSX,CSX Corporation,36.06,133,9,4,6,152,5,8,18,-8,23,175
XPO,"XPO, Inc.",137.67,27,4,2,63,96,33,1,15,29,78,174
K,Kellanova,82.87,63,9,2,23,97,74,3,-15,15,77,174
DKS,Dick's Sporting Goods,223.92,-7,71,5,65,134,-23,19,8,35,39,173
FICO,Fair Isaac,1709.14,-13,6,-1,168,160,-13,29,-36,33,13,173
COKE,Coca-Cola Consolidated,123.11,53,8,0,68,129,12,1,-24,54,43,172
PEG,Public Service Enterprise Group,81.4,-12,-27,3,154,118,13,9,12,19,53,171
AEE,Ameren,103.04,0,13,64,15,92,-9,7,69,12,79,171
ITW,Illinois Tool Works,248.31,-29,-2,10,180,159,-23,-12,15,31,11,170
RGLD,Royal Gold,192.73,-6,35,69,20,118,-14,43,4,18,51,169
CMA,Comerica,80.2,38,79,15,6,138,-3,5,15,14,31,169
INFA,Informatica,24.9,54,96,0,0,150,6,5,16,-9,18,168
VST,Vistra Corp.,210.01,14,7,27,32,80,8,16,16,47,87,167
ECG,Everus Construction Group,87.76,13,103,0,0,116,20,15,15,0,50,166
SPG,Simon Property Group,178.88,-26,74,9,37,94,-40,73,16,23,72,166
VRT,Vertiv,168.88,56,16,17,10,99,8,15,15,28,66,165
ADT,ADT Inc.,8.64,-11,125,39,0,153,-21,-10,33,10,12,165
AFG,American Financial Group,143.29,-7,46,9,58,106,-15,46,12,16,59,165
ALNY,Alnylam Pharmaceuticals,456.95,1,104,25,17,147,-5,-13,18,17,17,164
AMKR,Amkor Technology,30.64,47,90,2,4,143,-12,26,12,-7,19,162
RJF,Raymond James Financial,164.2,-49,0,100,60,111,-12,27,15,21,51,162
INTU,Intuit,644.72,-42,-36,25,193,140,-28,10,18,22,22,162
ADI,Analog Devices,237.9,-55,0,19,181,145,-19,-10,18,28,17,162
MSA,MSA Safety,170.59,-6,-1,2,166,161,-17,7,18,-7,1,162
BOKF,BOK Financial Corporation,114.99,35,74,8,24,141,-2,-6,12,16,20,161
ASTS,AST SpaceMobile,86.78,49,7,19,0,75,44,13,18,10,85,160
VTR,"Ventas, Inc.",67.68,-14,61,80,24,151,-28,8,12,17,9,160
BKNG,Booking Holdings,5187.75,-21,-9,144,37,151,-15,-22,18,28,9,160
CFG,Citizens Financial Group,51.84,-10,93,16,6,105,-16,40,15,16,55,160
STAG,STAG Industrial,36.43,49,8,2,98,157,5,-15,18,-6,2,159
BWA,BorgWarner,41.65,-21,107,16,4,106,-18,71,18,-18,53,159
JCI,Johnson Controls,107.78,-1,10,83,21,113,-19,27,18,20,46,159
ADP,Automatic Data Processing,285.84,-6,-28,0,182,148,-6,-41,-2,59,10,158
SNDK,SanDisk,129.77,63,38,0,0,101,7,40,10,0,57,158
FTI,TechnipFMC,36.91,-42,105,25,29,117,-14,-2,18,39,41,158
IRM,Iron Mountain,105.0,48,19,4,59,130,-9,18,18,-1,26,156
ELAN,Elanco,20.05,0,108,10,0,118,-12,40,17,-8,37,155
FIVE,Five Below,150.8,-8,107,8,0,107,7,38,19,-17,47,154
APG,APi Group,35.02,16,0,26,0,42,64,2,18,28,112,154
RVMD,Revolution Medicines,47.62,62,25,2,0,89,14,31,18,1,64,153
PNW,Pinnacle West Capital,91.61,60,3,2,20,85,35,6,-1,28,68,153
WSO,Watsco,380.63,-10,-49,-11,198,128,-19,6,-36,73,24,152
F,Ford Motor Company,11.51,-13,119,10,0,116,-15,39,18,-7,35,151
ABT,Abbott Laboratories,133.32,13,34,64,15,126,7,-3,4,16,24,150
CRWD,CrowdStrike,509.15,14,16,53,0,83,10,17,18,22,67,150
CHRW,C.H. Robinson,128.89,-8,73,11,4,80,-21,66,14,10,69,149
CLH,Clean Harbors,232.22,2,-1,9,60,70,26,-24,18,59,79,149
DELL,Dell Technologies,155.96,56,9,4,34,103,20,14,18,-6,46,149
FAST,Fastenal,46.71,-26,0,57,108,139,-16,-20,21,25,10,149
RRC,Range Resources,38.57,5,7,3,44,59,16,23,-6,57,90,149
TEM,Tempus AI,99.25,44,42,0,0,86,49,3,11,0,63,149
PRI,Primerica,269.33,-19,27,2,110,120,-18,-2,16,32,28,148
D,Dominion Energy,60.26,-11,103,22,3,117,-12,13,18,12,31,148
EXPE,Expedia Group,216.87,-20,78,57,13,128,-15,4,14,16,19,147
MKL,Markel,1949.46,35,-19,76,57,149,-5,-41,16,28,-2,147
COIN,Coinbase,387.04,60,7,17,0,84,10,16,17,20,63,147
SNPS,Synopsys,484.23,14,-22,0,182,174,16,-34,-2,-7,-27,147
MTSI,MACOM Technology Solutions,133.02,34,2,7,60,103,6,-9,16,31,44,147
SHW,Sherwin-Williams,333.22,-28,-15,-1,192,148,-23,-18,18,21,-2,146
COHR,Coherent Corp.,122.42,49,16,6,17,88,10,15,15,17,57,145
ELF,e.l.f. Beauty,144.92,28,31,1,33,93,42,1,16,-7,52,145
WTRG,Essential Utilities,40.47,82,5,14,1,102,26,7,2,7,42,144
ALAB,Astera Labs,225.16,18,103,5,0,126,10,-6,13,0,17,143
TDG,TransDigm Group,1275.45,-42,-41,5,159,81,-9,12,-1,59,61,142
ESI,Element Solutions,25.81,-2,77,2,59,136,-12,5,15,-3,5,141
BKR,Baker Hughes,47.88,-21,59,12,37,87,-14,28,12,28,54,141
WTM,White Mountains Insurance Group,1921.42,35,5,1,61,102,34,-25,-28,58,39,141
ROIV,Roivant Sciences,16.11,0,42,9,0,51,9,58,18,2,87,138
MET,Metlife,81.99,0,36,3,60,99,-5,8,16,20,39,138
FRHC,Freedom Holding,170.62,0,0,62,16,78,8,1,18,32,59,137
MTZ,MasTec,210.09,0,22,27,20,69,8,27,18,15,68,137
SNA,Snap-on,331.77,-22,26,6,61,71,-25,20,11,59,65,136
PFG,Principal Financial Group,82.71,-12,34,5,57,84,-12,29,15,20,52,136
ED,Consolidated Edison,100.81,20,0,1,49,70,23,7,-12,47,65,135
NTRA,Natera,173.09,14,36,9,20,79,33,-6,8,21,56,135
JBL,Jabil,204.63,-37,-5,27,67,52,7,-3,19,59,82,134
PODD,Insulet,320.38,21,0,53,6,80,38,-14,22,8,54,134
NTAP,Netapp,120.32,3,48,6,59,116,7,-2,15,-3,17,133
WTW,Willis Towers Watson,337.39,-7,50,16,26,85,-12,21,8,31,48,133
BAM,Brookfield Asset Management,58.76,5,0,73,0,78,30,-4,18,10,54,132
CGNX,Cognex Corporation,46.56,14,87,9,-33,77,10,73,14,-42,55,132
DINO,HF Sinclair,52.36,-3,107,8,3,115,10,-1,18,-10,17,132
HSY,Hershey Company (The),192.6,38,71,12,0,121,-7,25,12,-21,9,130
ECL,Ecolab,272.53,0,0,24,24,48,36,5,18,21,80,128
PM,Philip Morris International,156.87,0,-19,78,57,116,10,-25,-2,29,12,128
FTNT,Fortinet,86.19,6,0,0,115,121,-18,20,-10,15,7,128
FCX,Freeport-McMoRan,43.32,14,0,1,60,75,55,-12,18,-8,53,128
PG,Procter & Gamble,150.59,-17,-14,-14,181,136,-7,-8,-22,28,-9,127
ROP,Roper Technologies,517.92,24,-49,-10,184,149,24,-66,-9,28,-23,126
GWW,W. W. Grainger,968.54,13,-12,-11,96,86,5,-15,-9,59,40,126
SCHW,Charles Schwab Corporation,94.02,0,0,85,13,98,-14,8,18,16,28,126
TXRH,Texas Roadhouse,167.75,45,-44,-7,66,60,36,1,-4,33,66,126
CSL,Carlisle Companies,322.33,-29,-20,-5,180,126,-5,-16,-2,22,-1,125
EXAS,Exact Sciences,59.47,58,25,1,-27,57,52,33,1,-18,68,125
KO,Coca-Cola Company (The),66.37,0,-34,0,184,150,-8,-27,-6,16,-25,125
DD,DuPont,77.82,-3,76,2,21,96,-15,34,15,-5,29,125
ESAB,ESAB,118.43,56,0,1,0,57,47,2,-1,19,67,124
GGG,Graco Inc.,81.83,-21,-15,2,180,146,-21,-17,18,-2,-22,124
A,Agilent Technologies,140.15,52,31,2,1,86,-1,37,9,-7,38,124
COF,Capital One,210.8,-10,-2,102,23,113,-19,-8,18,20,11,124
HLT,Hilton Worldwide,260.09,7,-8,24,66,89,5,-16,16,28,33,122
ZS,Zscaler,315.22,14,10,25,7,56,9,18,18,20,65,121
SSB,SouthState Corporation,98.78,-2,76,8,24,106,-10,-8,12,21,15,121
PAYX,Paychex,125.23,20,-51,-4,169,134,23,-44,-9,16,-14,120
RS,"Reliance, Inc.",279.28,-11,-49,-4,117,53,5,-14,-3,79,67,120
NU,Nubank,15.37,-2,36,9,0,43,7,31,18,21,77,120
RGA,Reinsurance Group of America,194.7,0,23,1,42,66,-9,5,2,55,53,119
BYD,Boyd Gaming,83.36,-21,0,56,61,96,-33,9,18,29,23,119
UNM,Unum,76.77,-7,16,6,42,57,-17,25,-2,56,62,119
EQH,Equitable Holdings,49.9,-9,-8,100,13,96,-12,-4,18,21,23,119
LW,Lamb Weston,64.61,56,10,0,-10,56,64,2,11,-16,61,117
CVS,CVS Health,76.74,0,40,18,0,58,5,44,8,2,59,117
TRGP,Targa Resources,161.34,-7,-1,0,53,45,15,-1,2,56,72,117
SEIC,SEI Investments Company,84.11,-7,-25,100,37,105,-12,-22,18,28,12,117
WAB,Wabtec,195.62,-4,0,3,51,50,-19,8,18,58,65,115
LPX,Louisiana-Pacific,90.11,46,-17,-5,65,89,7,-17,8,28,26,115
ROKU,"Roku, Inc.",96.96,-9,86,18,-21,74,-12,34,13,6,41,115
PSN,Parsons Corporation,87.42,63,17,2,1,83,10,14,11,-3,32,115
CVNA,Carvana,360.18,-28,0,100,13,85,-31,25,18,18,30,115
PH,Parker Hannifin,738.74,-7,0,25,67,85,-19,-1,18,32,30,115
NOW,ServiceNow,917.96,0,0,0,84,84,-7,-3,16,24,30,114
EMR,Emerson Electric,131.55,0,-3,24,66,87,-20,1,18,28,27,114
PKG,Packaging Corporation of America,211.38,-28,35,3,63,73,5,-3,11,28,41,114
TSLA,"Tesla, Inc.",435.53,-16,44,6,12,46,-7,50,12,12,67,113
RMD,Resmed,277.9,43,0,25,15,83,-4,2,17,15,30,113
EVR,Evercore,313.23,-80,104,15,60,99,-28,-3,16,28,13,112
EXPD,Expeditors International,116.21,-13,-1,9,133,128,-17,-8,14,-5,-16,112
INCY,Incyte,84.75,-2,91,11,0,100,-14,2,14,9,11,111
WFC,Wells Fargo,79.88,-49,1,100,31,83,-8,-4,18,21,27,110
AL,Air Lease Corporation,63.6,-4,35,25,24,80,-14,-3,18,28,29,109
O,Realty Income,58.66,-17,49,18,9,59,-22,39,18,15,50,109
NDSN,Nordson,233.93,50,35,2,3,90,4,6,18,-9,19,109
VICI,Vici Properties,30.97,-19,-4,66,17,60,-26,-16,31,59,48,108
WWD,"Woodward, Inc.",251.65,0,8,27,37,72,-12,2,18,28,36,108
LSCC,Lattice Semiconductor,74.59,14,47,9,0,70,5,40,10,-17,38,108
JAZZ,Jazz Pharmaceuticals,138.11,54,45,2,0,101,8,37,3,-41,7,108
EPR,EPR Properties,54.32,-28,0,65,31,68,-26,24,18,23,39,107
CI,Cigna,306.14,47,6,-1,60,112,7,2,-11,-3,-5,107
MP,MP Materials,72.32,0,6,40,0,46,-12,13,53,6,60,106
AMZN,Amazon,227.74,14,1,25,23,63,19,-13,15,22,43,106
PCAR,Paccar,95.22,-31,-2,-30,161,98,-26,-8,5,36,7,105
RNR,RenaissanceRe,259.42,0,16,2,37,55,-8,11,16,30,49,104
ROST,Ross Stores,150.0,-6,48,8,37,87,-28,7,7,31,17,104
TXT,Textron,84.64,-2,21,2,55,76,-12,29,18,-7,28,104
AIT,Applied Industrial Technologies,250.98,-22,-1,15,60,52,-17,-4,14,59,52,104
UBER,Uber,96.0,-4,24,26,1,47,-11,16,24,28,57,104
EXP,Eagle Materials,234.02,14,11,-23,59,61,34,2,8,-2,42,103
WYNN,Wynn Resorts,123.55,-35,107,16,5,93,-33,35,18,-10,10,103
EQT,EQT Corporation,54.9,-2,0,49,44,91,-9,9,-1,12,11,102
T,AT&T,26.11,-99,-7,78,18,-10,3,-10,102,17,112,102
MMM,3M,152.88,-7,0,82,16,91,-22,-1,18,16,11,102
SYY,Sysco,78.03,-27,0,15,5,-7,-27,105,15,16,109,102
META,Meta Platforms,733.51,2,-8,25,31,50,17,-6,16,25,52,102
RPM,RPM International,110.9,-28,-7,-3,182,144,-40,-15,15,-2,-42,102
ZION,Zions Bancorporation,55.83,-9,87,8,6,92,-16,-6,15,17,10,102
TMUS,T-Mobile US,226.18,-49,-11,0,141,81,5,-20,-1,37,21,102
PAG,Penske Automotive Group,167.57,-13,-6,23,64,68,-28,-16,18,59,33,101
BLD,TopBuild,425.65,18,2,10,48,78,33,-19,14,-5,23,101
KRC,Kilroy Realty,40.48,-20,95,14,0,89,-12,-3,14,13,12,101
TTEK,Tetra Tech,34.31,21,-15,-37,121,90,40,-41,14,-3,10,100
LPLA,LPL Financial,327.61,0,-30,1,101,72,10,-41,-1,59,27,99
AWK,American Water Works,141.07,26,-2,34,0,58,26,3,2,10,41,99
SSNC,SS&C Technologies,84.68,-29,-1,98,16,84,-13,-4,15,17,15,99
CPNG,Coupang,32.47,2,24,25,0,51,-14,24,18,19,47,98
PCOR,Procore,74.69,13,19,2,0,34,10,25,8,21,64,98
UHS,Universal Health Services,201.61,0,37,3,24,64,-12,41,2,1,32,96
AMP,Ameriprise Financial,491.24,0,-29,2,66,39,-7,-25,16,73,57,96
RCL,Royal Caribbean Group,307.14,-66,-2,129,30,91,-28,-15,18,29,4,95
RBLX,Roblox Corporation,126.43,-37,0,61,0,24,10,24,24,13,71,95
PCG,PG&E Corporation,16.24,55,10,-38,3,30,63,4,1,-3,65,95
CFLT,"Confluent, Inc.",24.06,42,2,-11,0,33,61,25,-26,2,62,95
CRUS,Cirrus Logic,124.84,-7,42,6,21,62,-17,37,18,-5,33,95
EA,Electronic Arts,200.03,0,51,12,9,72,-38,13,24,23,22,94
SF,Stifel,111.36,-9,0,16,61,68,-3,-9,15,22,25,93
MAR,Marriott International,266.13,0,-1,2,60,61,5,-17,15,29,32,93
VKTX,Viking Therapeutics,34.99,53,1,-48,23,29,52,7,13,-8,64,93
WFRD,Weatherford International,64.31,-26,76,0,0,50,8,34,8,-7,43,93
EWBC,East West Bancorp,104.98,-7,34,17,24,68,-12,-2,17,21,24,92
AA,Alcoa,37.0,51,34,1,-22,64,13,39,10,-34,28,92
TRMB,Trimble Inc.,79.2,-7,-1,87,6,85,-12,-11,16,14,7,92
EQIX,Equinix,808.25,15,1,-16,36,36,26,18,-16,28,56,92
VLO,Valero Energy,162.01,-47,34,8,46,41,8,33,17,-7,51,92
FOXA,Fox Corporation (Class A),58.86,-30,41,76,3,90,-45,13,16,16,0,90
DRI,Darden Restaurants,186.74,-10,-16,52,63,89,-16,-11,-4,32,1,90
DE,Deere & Company,456.24,-4,-35,57,111,129,-2,-48,-1,12,-39,90
LFUS,Littelfuse,255.87,-9,105,11,4,111,-20,-8,16,-10,-22,89
NBIX,Neurocrine Biosciences,138.42,0,42,8,27,77,5,-3,15,-6,11,88
ACGL,Arch Capital Group,92.26,35,4,-16,64,87,-2,3,2,-2,1,88
AXP,American Express,324.53,-56,34,25,101,104,-54,-2,16,23,-17,87
HIW,Highwoods Properties,30.94,-9,31,8,8,38,-18,34,18,15,49,87
HHH,Howard Hughes Holdings,81.51,-7,45,6,2,46,-22,40,7,16,41,87
MPC,Marathon Petroleum,187.56,-21,31,7,51,68,-21,31,18,-10,18,86
RPRX,Royalty Pharma,36.13,2,0,40,0,42,7,1,34,2,44,86
SYF,Synchrony Financial,70.98,0,0,25,23,48,10,-8,16,20,38,86
PATH,UiPath,18.52,28,14,1,0,43,28,24,2,-12,42,85
UNH,UnitedHealth Group,367.69,44,27,-26,0,45,42,39,-39,-3,39,84
PSA,Public Storage,294.01,62,10,0,3,75,7,5,-1,-2,9,84
DLR,Digital Realty,175.18,2,8,5,24,39,-13,18,18,21,44,83
OSK,Oshkosh Corporation,132.52,14,0,19,6,39,42,-20,16,4,42,81
IPGP,IPG Photonics,86.6,38,104,9,-46,105,6,2,14,-46,-24,81
UAL,United Airlines Holdings,101.37,7,2,9,13,31,30,-11,12,18,49,80
LECO,Lincoln Electric,235.21,-3,0,15,67,79,13,-19,16,-9,1,80
QGEN,Qiagen,46.93,49,-22,20,0,47,52,-45,18,7,32,79
MASI,Masimo,150.47,56,0,0,-8,48,34,7,-23,12,30,78
MSGS,Madison Square Garden Sports,218.62,-20,23,5,23,31,-23,30,11,29,47,78
TSCO,Tractor Supply Company,54.24,-98,-11,15,87,-7,7,-22,12,87,84,77
CPRT,Copart,44.03,-7,-18,-21,178,132,-38,-17,-31,30,-56,76
POST,Post Holdings,106.08,-3,-6,-6,89,74,-22,-19,-16,59,2,76
QCOM,Qualcomm,165.67,-12,32,0,24,44,-12,34,16,-7,31,75
WTFC,Wintrust Financial,131.38,-5,0,17,51,63,-14,-11,16,21,12,75
HON,Honeywell,204.2,-7,-40,0,180,133,-30,-52,-1,24,-59,74
WSM,"Williams-Sonoma, Inc.",188.79,-20,0,16,67,63,-20,-2,10,23,11,74
EXEL,Exelixis,38.57,-24,0,72,16,64,-33,19,-2,26,10,74
GTES,Gates Corporation,25.3,0,10,25,17,52,-19,2,18,20,21,73
SMMT,Summit Therapeutics,22.66,30,-24,3,16,25,30,2,-5,21,48,73
M,"Macy's, Inc.",17.25,-7,71,6,-17,53,-14,34,7,-8,19,72
EGP,EastGroup Properties,170.57,0,10,2,10,22,31,8,18,-7,50,72
BURL,Burlington Stores,260.39,14,-1,9,5,27,34,-20,11,19,44,71
PHM,PulteGroup,121.37,-21,0,9,67,55,-21,-8,14,31,16,71
IQV,IQVIA,203.07,53,8,2,0,63,4,2,10,-8,8,71
INGM,Ingram Micro,21.68,0,22,0,0,22,9,25,15,0,49,71
QS,QuantumScape,14.99,49,17,14,0,80,-5,17,16,-38,-10,70
ALB,Albemarle Corporation,96.49,34,21,1,-25,31,42,12,12,-27,39,70
GLPI,Gaming and Leisure Properties,44.92,-23,-3,0,67,41,-23,-11,2,59,27,68
DAL,Delta Air Lines,59.55,7,1,9,21,38,7,-16,10,28,29,67
MANH,Manhattan Associates,203.51,0,-13,0,67,54,11,-7,11,-2,13,67
EG,Everest Group,351.78,-2,12,0,57,67,-5,9,2,-7,-1,66
EXE,Expand Energy,105.98,-5,0,49,0,44,-7,23,-7,12,21,65
XYZ,"Block, Inc.",80.87,41,6,2,-38,11,41,1,12,-1,53,64
PYPL,PayPal,75.78,33,3,1,-41,-4,33,13,11,11,68,64
CACC,Credit Acceptance,492.9,39,4,0,0,43,50,-16,-6,-7,21,64
JHX,James Hardie Industries,21.91,52,0,-35,-3,14,60,2,-8,-5,49,63
HR,Healthcare Realty Trust,17.69,-14,73,10,2,71,-29,-1,10,11,-9,62
MDB,MongoDB Inc.,331.39,14,39,6,0,59,8,-4,10,-11,3,62
TOL,Toll Brothers,128.7,-21,0,8,63,50,-19,-9,12,28,12,62
LAMR,Lamar Advertising,118.33,-17,-1,9,66,57,-24,-10,16,23,5,62
NSC,Norfolk Southern,294.84,-8,19,19,6,36,-21,13,18,16,26,62
PLD,Prologis,114.42,-7,34,7,0,34,-16,33,18,-7,28,62
MKSI,MKS Instruments,134.26,0,26,5,1,32,-15,37,14,-7,29,61
APLS,Apellis Pharmaceuticals,25.73,44,1,0,-18,27,61,-16,9,-20,34,61
GM,General Motors,55.93,-29,0,15,13,-1,-47,79,15,15,62,61
PFGC,Performance Food Group,100.35,-95,0,61,45,11,-21,-6,18,59,50,61
CNA,CNA Financial,46.1,0,-1,0,59,58,-4,-20,2,22,0,58
SPR,Spirit AeroSystems,38.65,-2,-1,26,0,23,-1,-18,38,16,35,58
HXL,Hexcel,64.44,51,10,2,1,64,-10,2,12,-11,-7,57
ICE,Intercontinental Exchange,159.31,-49,-29,0,163,85,-47,-35,30,23,-29,56
NVR,"NVR, Inc.",7622.51,-21,-1,-1,67,44,-19,-12,11,31,11,55
VOYA,Voya Financial,74.56,-10,46,9,6,51,-5,-4,16,-3,4,55
FITB,Fifth Third Bancorp,43.78,-65,81,8,24,48,-19,-8,15,18,6,54
FANG,Diamondback Energy,144.21,-4,5,0,49,50,-12,10,12,-7,3,53
GEV,GE Vernova,634.37,13,2,4,0,19,14,1,19,0,34,53
AFRM,Affirm Holdings,77.5,2,-3,20,0,19,10,-11,16,19,34,53
HRB,H&R Block,49.64,-9,-4,-9,54,32,-21,2,-14,54,21,53
APA,APA Corporation,23.67,-7,45,2,-14,26,-8,43,13,-21,27,53
ADSK,Autodesk,310.39,-21,29,7,16,31,-15,-3,18,21,21,52
ZM,Zoom Communications,82.72,0,31,8,-2,37,7,-6,8,6,15,52
MOH,Molina Healthcare,200.34,75,0,-21,-4,50,-3,31,-17,-10,1,51
DNB,Dun & Bradstreet,9.15,29,52,-28,0,53,46,-13,2,-37,-2,51
PEGA,Pegasystems,56.24,-73,25,27,7,-14,7,24,16,17,64,50
AGO,Assured Guaranty,81.86,-25,-1,-1,58,31,-22,18,-1,24,19,50
FR,First Industrial Realty Trust,51.29,-4,37,2,16,51,-25,-8,16,16,-1,50
ELV,Elevance Health,358.12,53,6,-52,0,7,51,13,-18,-5,41,48
CTVA,Corteva,62.77,-9,-19,61,1,34,-6,-11,18,13,14,48
BAC,Bank of America,49.79,-49,38,25,20,34,-55,35,18,16,14,48
CMG,Chipotle Mexican Grill,40.89,41,-55,-14,82,54,3,4,-12,-2,-7,47
ELS,Equity Lifestyle Properties,62.78,51,8,-29,0,30,54,7,-40,-5,16,46
HD,Home Depot (The),377.8,-104,-1,9,182,86,-63,-8,10,21,-40,46
CHWY,Chewy,39.12,5,1,49,0,55,8,-15,-9,7,-9,46
FDX,FedEx,237.03,-7,15,-1,34,41,-15,15,10,-6,4,45
BBY,Best Buy,75.25,-7,42,0,-8,27,-23,39,6,-4,18,45
TOST,"Toast, Inc.",36.85,9,-28,85,0,66,-2,-38,-1,19,-22,44
ROK,Rockwell Automation,342.82,-7,21,23,17,54,-21,6,18,-13,-10,44
FOX,Fox Corporation (Class B),52.66,-30,0,75,3,48,-45,13,15,11,-6,42
IPG,Interpublic Group of Companies (The),26.53,-6,57,0,0,51,-2,6,6,-19,-9,42
KEYS,Keysight,171.09,-22,27,6,2,13,-21,27,16,7,29,42
CG,Carlyle Group (The),59.1,-12,0,16,23,27,-14,-6,15,20,15,42
MSCI,MSCI,558.25,-1,0,2,16,17,-1,-12,15,22,24,41
SAIL,SailPoint,23.32,1,20,0,0,21,-15,25,10,0,20,41
LYFT,Lyft,19.71,-32,39,9,-3,13,-28,34,18,2,26,39
TWLO,Twilio,113.95,28,2,1,-36,-5,46,-14,-1,13,44,39
REG,Regency Centers,71.28,-23,0,2,55,34,-40,5,18,21,4,38
RBRK,Rubrik,86.1,13,-22,0,0,-9,9,-14,52,0,47,38
QSR,Restaurant Brands International,66.65,0,6,2,42,50,-12,11,-1,-10,-12,38
WBS,Webster Bank,59.18,-8,0,16,16,24,-11,-10,16,19,14,38
TMO,Thermo Fisher Scientific,532.21,52,8,2,0,62,-6,-16,3,-5,-24,38
RLI,RLI Corp.,63.61,-3,-89,-18,178,68,32,-23,-37,-2,-30,38
VNO,Vornado Realty Trust,39.5,-16,27,6,6,23,-17,-1,16,17,15,38
ALLY,Ally Financial,39.21,-3,1,10,6,14,-5,-6,16,18,23,37
AR,Antero Resources,33.6,-7,0,0,12,5,5,23,-8,12,32,37
KIM,Kimco Realty,21.22,-24,-2,2,57,33,-18,-11,16,16,3,36
PR,Permian Resources,12.8,0,-9,0,28,19,11,-8,18,-4,17,36
HOLX,Hologic,68.62,15,6,0,0,21,7,5,11,-9,14,35
VNOM,Viper Energy,37.84,-21,-1,-17,46,7,-19,-1,-1,49,28,35
SHC,Sotera Health,15.77,0,44,9,0,53,-12,-8,10,-8,-18,35
WAT,Waters Corporation,330.54,50,2,-13,1,40,6,1,-28,16,-5,35
EL,Estée Lauder Companies (The),93.96,42,3,0,-28,17,37,2,16,-37,18,35
MSM,MSC Industrial Direct,88.6,-19,0,15,60,56,-21,-8,18,-11,-22,34
WMS,Advanced Drainage Systems,137.79,-7,47,0,5,45,-21,-4,18,-5,-12,33
U,Unity Technologies,38.97,0,1,14,0,15,2,-5,18,2,17,32
RGEN,Repligen,148.85,56,10,2,-19,49,7,13,2,-39,-17,32
PSX,Phillips 66,131.07,-31,34,3,43,49,-26,-1,17,-7,-17,32
MTD,Mettler Toledo,1308.56,49,7,2,0,58,-12,-19,12,-7,-26,32
BEN,Franklin Templeton Investments,23.64,13,-4,16,0,25,34,-22,18,-24,6,31
MUSA,Murphy USA,367.29,-26,-4,-21,70,19,-25,-8,-37,81,11,30
IOT,Samsara,40.06,42,7,-18,0,31,9,-7,-25,22,-1,30
JBHT,J. B. Hunt,142.61,36,-1,-39,0,-4,37,1,8,-12,34,30
COLB,Columbia Banking System,25.67,-9,54,2,0,47,-14,-16,13,-1,-18,29
WDAY,"Workday, Inc.",238.07,0,17,-18,16,15,5,25,-12,-4,14,29
TNL,Travel + Leisure Co.,59.49,-10,0,17,18,25,-19,-9,15,16,3,28
HAS,Hasbro,74.66,-7,-1,22,5,19,-3,-19,18,13,9,28
LOAR,Loar Holdings,79.4,0,2,0,0,2,5,32,-11,0,26,28
TPL,Texas Pacific Land Corporation,907.51,-7,-1,-17,60,35,-14,5,-13,15,-7,28
GL,Globe Life,136.4,-63,0,53,16,6,4,-4,12,10,22,28
HLI,Houlihan Lokey,189.76,-59,0,25,46,12,-28,-2,18,28,16,28
TPG,TPG Inc.,58.19,0,0,10,0,10,-12,-4,12,21,17,27
TFSL,Third Federal S&L,13.27,-5,0,11,7,13,-9,-16,18,21,14,27
DVN,Devon Energy,34.35,-7,42,0,-7,28,7,-1,17,-24,-1,27
BXP,"BXP, Inc.",71.46,-19,31,6,0,18,-23,-1,18,15,9,27
BIIB,Biogen,149.63,0,41,0,-29,12,-19,48,5,-20,14,26
FCNCA,First Citizens BancShares,1777.17,0,-25,-4,61,32,-10,-18,-1,23,-6,26
SW,Smurfit Westrock,42.9,6,-20,-5,18,-1,14,-14,8,19,27,26
NNN,NNN Reit,41.97,-17,-2,8,24,13,-25,4,18,16,13,26
MAS,Masco,67.42,-28,-1,-5,67,33,-25,-15,9,23,-8,25
REXR,Rexford Industrial,41.26,-7,90,1,-20,64,-12,-7,14,-34,-39,25
NXST,Nexstar Media Group,199.23,-1,0,17,6,22,-6,-18,15,12,3,25
RYN,Rayonier,26.25,-5,47,2,0,44,-21,7,6,-11,-19,25
ADM,Archer Daniels Midland,61.44,31,5,10,0,46,-2,-15,18,-22,-21,25
IR,Ingersoll Rand,78.48,-17,-1,-1,25,6,-19,24,15,-2,18,24
CVX,Chevron Corporation,151.64,-63,0,15,50,2,12,-7,9,8,22,24
INGR,Ingredion,119.54,-4,-49,-6,36,-23,11,-19,-4,58,46,23
FIS,Fidelity National Information Services,68.58,46,-47,-10,-39,-50,64,1,-5,13,73,23
GXO,GXO Logistics,53.73,0,14,9,0,23,-12,5,17,-10,0,23
MTG,MGIC Investment Corporation,26.88,-49,0,27,57,35,-54,-6,18,30,-12,23
CF,CF Industries,88.61,-4,0,5,6,7,-5,12,-1,10,16,23
HBAN,Huntington Bancshares,16.33,-26,-2,17,23,12,-19,-6,18,18,11,23
KKR,KKR & Co. Inc.,124.03,-84,-11,0,105,10,-20,-4,14,23,13,23
KNX,Knight-Swift,44.74,35,2,-33,0,4,35,1,-3,-15,18,22
DHI,D. R. Horton,151.39,-21,0,0,67,46,-21,-11,12,-4,-24,22
EOG,EOG Resources,111.26,-3,-15,-6,47,23,6,-18,11,-1,-2,21
NTNX,Nutanix,68.76,-32,0,6,24,-2,-19,-2,18,26,23,21
ENTG,Entegris,94.27,-8,21,0,-8,5,-17,33,7,-7,16,21
BLDR,Builders FirstSource,127.84,5,0,-36,67,36,-2,-16,8,-5,-15,21
FHB,"First Hawaiian, Inc.",24.42,-10,-2,8,16,12,-14,-9,15,16,8,20
EXR,Extra Space Storage,143.13,8,1,0,0,9,7,-10,-1,15,11,20
DOV,Dover Corporation,162.3,-21,-30,-11,108,46,-25,-21,-1,21,-26,20
EFX,Equifax,233.17,-7,-6,-12,18,-7,-5,-6,18,20,27,20
CFR,Frost Bank,127.9,5,-3,6,6,14,-9,-14,16,12,5,19
OHI,Omega Healthcare Investors,40.19,-30,0,14,42,26,-39,-14,13,33,-7,19
RF,Regions Financial Corporation,25.31,-26,0,15,24,13,-19,-8,16,16,5,18
PVH,PVH Corp.,80.68,-7,41,0,0,34,-12,-2,7,-9,-16,18
SAIA,Saia,315.47,28,2,-34,1,-3,35,-8,1,-7,21,18
BX,Blackstone Inc.,160.64,-83,0,12,144,73,-87,-4,13,23,-55,18
CBRE,CBRE Group,152.45,-99,0,100,24,25,-28,-12,16,16,-8,17
FNF,Fidelity National Financial,55.43,-28,-1,0,60,31,-36,-4,3,23,-14,17
AVT,Avnet,50.88,-21,-1,9,47,34,-12,-19,18,-4,-17,17
NWSA,News Corp (Class A),26.47,-49,-6,0,60,5,-47,18,18,23,12,17
WBD,Warner Bros. Discovery,17.68,-32,21,20,0,9,-31,21,16,2,8,17
AES,AES Corporation,14.57,13,7,0,-13,7,13,8,14,-26,9,16
MRP,Millrose Properties,32.39,0,0,0,0,0,14,-9,11,0,16,16
SEE,Sealed Air,34.96,0,35,4,-26,13,-18,38,16,-34,2,15
WST,West Pharmaceutical Services,263.48,-3,25,0,-9,13,-23,26,9,-10,2,15
HAYW,Hayward Holdings,15.27,0,0,2,0,2,-4,-17,16,18,13,15
APTV,Aptiv,82.7,-11,42,9,-26,14,-17,38,18,-38,1,15
AOS,A. O. Smith,69.73,-21,0,0,60,39,-28,-8,18,-7,-25,14
IDXX,Idexx Laboratories,628.98,2,6,22,6,36,-7,-23,18,-10,-22,14
MSTR,MicroStrategy,320.41,-7,-3,-1,21,10,-19,2,-1,22,4,14
NWS,News Corp (Class B),29.71,-49,-7,0,60,4,-42,10,18,23,9,13
SUI,Sun Communities,122.79,-23,0,11,-26,-38,-22,42,18,13,51,13
DBX,Dropbox,29.17,-57,31,7,11,-8,7,-4,8,10,21,13
ONTO,Onto Innovation,136.6,-2,34,-34,0,-2,-19,37,3,-6,15,13
PEN,"Penumbra, Inc.",261.38,14,2,0,13,29,7,-14,-14,5,-16,13
RDDT,Reddit,211.88,0,1,5,0,6,4,-7,10,0,7,13
OMC,Omnicom Group,77.61,-5,42,-35,3,5,-2,6,5,-3,6,11
AGCO,AGCO,109.02,30,-2,15,0,43,-7,-29,19,-15,-32,11
CAI,Caris Life Sciences,31.31,33,-2,0,0,31,-2,-18,0,0,-20,11
ALK,Alaska Air Group,49.15,0,-11,-3,1,-13,17,-11,6,11,23,10
CTRA,Coterra,23.62,1,-1,-13,46,33,-4,-14,-20,15,-23,10
GTLB,GitLab,46.87,11,24,-29,0,6,4,31,-28,-3,4,10
MOS,Mosaic Company (The),33.44,-7,0,24,-18,-1,-5,24,23,-32,10,9
GLIBK,GCI Liberty (Series C),37.09,0,0,0,0,0,4,5,0,0,9,9
LNC,Lincoln Financial,39.91,-12,0,26,3,17,-18,-16,16,10,-8,9
DUOL,Duolingo,337.06,21,-71,0,0,-50,35,8,-9,25,59,9
TRU,TransUnion,78.99,2,-15,-3,0,-16,18,-8,-1,16,25,9
WAL,Western Alliance Bancorporation,79.53,-17,-1,8,6,-4,-14,-8,15,20,13,9
GMED,Globus Medical,59.61,51,2,-23,0,30,-9,2,-28,14,-21,9
REYN,Reynolds Consumer Products,24.0,0,46,-36,0,10,-10,9,5,-5,-1,9
NUE,Nucor,138.15,14,0,0,0,14,7,-17,15,-10,-5,9
AMTM,Amentum,23.89,-4,-1,0,0,-5,-12,7,18,0,13,8
RRX,Regal Rexnord,145.23,0,-3,2,5,4,-12,4,15,-3,4,8
LEN-B,Lennar (Class B),111.31,-21,-2,-1,64,40,-23,-15,9,-3,-32,8
IP,International Paper,46.45,2,-28,0,18,-8,19,-20,-2,18,15,7
MCHP,Microchip Technology,65.86,-6,-1,2,0,-5,-3,6,18,-9,12,7
CNC,Centene,37.83,91,0,-52,-13,26,-3,35,-21,-30,-19,7
CTSH,Cognizant,68.63,25,-51,-11,16,-21,35,-16,-11,20,28,7
PRU,Prudential Financial,102.57,-7,-8,-21,57,21,-9,-18,12,-1,-16,5
GEHC,GE HealthCare,74.22,0,8,-1,0,7,-21,2,7,10,-2,5
LEN,Lennar (Class A),117.89,-21,-1,-5,66,39,-23,-15,9,-5,-34,5
GLIBA,GCI Liberty (Series A),36.97,0,0,0,0,0,1,4,0,0,5,5
TFC,Truist Financial,44.25,-19,0,9,6,-4,-19,-3,15,16,9,5
W,Wayfair,78.86,-23,105,12,-43,51,-22,-1,18,-42,-47,4
HAL,Halliburton,23.42,-14,31,-1,0,16,-33,29,3,-11,-12,4
CPAY,Corpay,290.92,0,-49,-6,23,-32,30,-18,-3,27,36,4
DOC,Healthpeak Properties,18.46,-10,26,-1,-33,-18,-21,29,2,11,21,3
VRSN,Verisign,262.21,-56,-7,44,11,-8,-53,-5,60,9,11,3
BG,Bunge Global,81.27,-3,0,0,0,-3,-10,5,18,-7,6,3
OMF,OneMain Financial,54.94,-89,-5,25,62,-7,-28,-9,18,28,9,2
SARO,StandardAero,26.79,0,-1,0,0,-1,8,-4,-1,0,3,2
OVV,Ovintiv,39.14,-7,-4,0,0,-11,7,-1,15,-8,13,2
DAY,Dayforce,68.51,-12,38,8,-14,20,-15,-10,8,-2,-19,1
GNRC,Generac,171.96,12,0,11,-36,-13,12,-25,15,12,14,1
TROW,T. Rowe Price,105.88,28,4,2,-27,7,-1,-17,14,-2,-6,1
KEY,Keycorp,18.19,-26,0,16,6,-4,-19,-8,16,15,4,0
VLTO,Veralto,102.87,-18,-1,10,0,-9,2,-11,17,0,8,-1
BA,Boeing,216.03,-2,-1,16,0,13,-1,-19,18,-13,-15,-2
AMH,American Homes 4 Rent,32.54,-5,-51,-16,70,-2,5,-20,-4,17,-2,-4
ON,ON Semiconductor,50.0,2,-30,0,-3,-31,33,-3,14,-17,27,-4
USB,U.S. Bancorp,47.1,-63,38,8,6,-11,-19,-6,15,17,7,-4
LNW,Light & Wonder,80.07,-29,-9,-11,59,10,-25,-17,1,27,-14,-4
ARES,Ares Management,147.29,-84,-12,-2,61,-37,-82,-12,18,108,32,-5
SNV,Synovus,47.44,-25,-14,7,23,-9,-19,-9,16,16,4,-5
CART,Maplebear Inc.,39.09,16,-21,-2,0,-7,12,-11,-1,1,1,-6
JEF,Jefferies Financial Group,53.01,-81,-2,-1,60,-24,-47,-4,9,59,17,-7
FRT,Federal Realty Investment Trust,97.17,-25,37,1,3,16,-21,-8,9,-3,-23,-7
TTD,Trade Desk (The),54.09,76,-44,-35,-3,-6,-2,4,-1,-2,-1,-7
VRSK,Verisk Analytics,241.34,-28,-53,-4,116,31,-40,-19,-10,30,-39,-8
DHR,Danaher Corporation,204.51,0,7,-1,0,6,-21,2,11,-6,-14,-8
MAT,Mattel,18.11,39,0,1,0,40,-14,-16,15,-33,-48,-8
LUV,Southwest Airlines,31.69,-6,0,9,-41,-38,7,1,16,6,30,-8
HUM,Humana,290.6,35,5,0,-14,26,-1,-16,4,-22,-35,-9
BIO,Bio-Rad Laboratories,300.33,49,8,0,-30,27,-11,2,9,-39,-39,-12
CNM,Core & Main,51.01,-23,-23,4,0,-42,2,-16,18,26,30,-12
FLUT,Flutter Entertainment,247.76,-56,-9,0,23,-42,4,-20,16,29,29,-13
GPN,Global Payments,87.18,37,7,-35,-41,-32,41,-16,6,-12,19,-13
LVS,Las Vegas Sands,51.86,-7,0,14,4,11,-4,-19,15,-16,-24,-13
SOLV,Solventum,71.79,-8,-3,0,0,-11,-20,2,14,0,-4,-15
OKE,Oneok,71.25,-22,-49,-21,56,-36,2,-1,-33,53,21,-15
EXLS,EXL Service,41.99,-30,-7,0,67,30,-44,-15,-2,15,-46,-16
MPW,Medical Properties Trust,5.24,-4,25,5,-38,-12,-22,31,-15,1,-5,-17
VIK,Viking Holdings,59.22,-30,0,0,0,-30,4,-9,18,0,13,-17
BAH,Booz Allen Hamilton,99.7,-6,-28,-38,103,31,-7,1,-40,-3,-49,-18
CUZ,Cousins Properties,27.17,-23,-2,2,13,-10,-32,-9,18,15,-8,-18
AS,Amer Sports,32.44,-7,-15,12,0,-10,-5,-21,18,0,-8,-18
RAL,Ralliant,43.22,-7,0,0,0,-7,-21,9,0,0,-12,-19
TKR,Timken Company,74.31,-7,-1,2,6,0,-17,-11,15,-7,-20,-20
SNDR,Schneider National,23.1,17,-30,-13,0,-26,35,-24,-3,-2,6,-20
LII,Lennox International,534.21,-1,-33,-5,40,1,-2,-46,-3,29,-22,-21
WING,Wingstop,250.32,-28,-26,-5,40,-19,5,-39,-1,33,-2,-21
OXY,Occidental Petroleum,44.52,-42,-1,0,0,-43,-12,37,14,-18,21,-22
DOCU,DocuSign,71.33,0,-8,-2,-14,-24,6,-7,-10,13,2,-22
CR,Crane Co.,179.11,-7,-20,24,0,-3,-12,-32,18,7,-19,-22
DT,Dynatrace,48.92,-11,-5,-10,0,-26,-23,5,-1,22,3,-23
AUR,Aurora Innovation,5.45,0,-11,-9,0,-20,10,-4,-26,17,-3,-23
BSY,Bentley Systems,50.73,-16,-3,17,0,-2,-12,-19,18,-8,-21,-23
OTIS,Otis Worldwide,89.73,-7,0,-12,0,-19,-28,17,-22,28,-5,-24
LOW,Lowe's,234.67,-105,-2,-1,168,60,-106,-8,9,21,-84,-24
THO,Thor Industries,102.31,-9,0,9,4,4,-19,-15,14,-8,-28,-24
TXN,Texas Instruments,178.93,-32,-27,1,24,-34,-3,-23,18,18,10,-24
CUBE,CubeSmart,39.78,-24,-1,0,3,-22,1,1,-1,-4,-3,-25
BILL,Bill.com,51.06,-13,30,-32,0,-15,-7,30,6,-39,-10,-25
QXO,"QXO, Inc.",19.74,0,-14,0,-16,-30,2,-12,21,-8,3,-27
CCL,Carnival Corporation & plc,28.45,-89,0,25,0,-64,10,-10,16,21,37,-27
TYL,Tyler Technologies,506.26,0,-34,-2,19,-17,7,-36,-1,20,-10,-27
LAD,Lithia Motors,304.26,-32,-4,-3,16,-23,-28,-9,9,23,-5,-28
GAP,Gap Inc.,20.43,-21,-2,-1,20,-4,-25,-9,-11,21,-24,-28
HPQ,HP Inc.,26.97,0,2,-33,0,-31,9,-10,7,-3,3,-28
ST,Sensata Technologies,31.49,14,0,2,-17,-1,8,-16,16,-37,-29,-30
STWD,Starwood Property Trust,18.51,-114,-5,26,60,-33,-26,-12,18,23,3,-30
WLK,Westlake Corporation,80.71,33,0,-48,0,-15,5,-14,2,-8,-15,-30
COO,Cooper Companies (The),69.73,45,2,-35,-7,5,5,5,-40,-5,-35,-30
S,SentinelOne,18.01,5,0,-33,0,-28,7,-4,-3,-3,-3,-31
CRM,Salesforce,245.33,7,-8,-21,24,2,-14,-14,-29,23,-34,-32
ESS,Essex Property Trust,259.12,-32,-6,-2,16,-24,-38,25,-11,16,-8,-32
CRL,Charles River Laboratories,172.17,0,7,0,-28,-21,-18,2,14,-10,-12,-33
VTRS,Viatris,9.98,0,0,1,0,1,-23,-18,10,-3,-34,-33
DECK,Deckers Brands,98.86,-24,-11,-32,95,28,-21,-11,-28,-1,-61,-33
QRVO,Qorvo,90.12,-20,18,1,-33,-34,-19,10,16,-7,0,-34
PNC,PNC Financial Services,190.73,-63,-1,10,16,-38,-19,-8,15,16,4,-34
CERT,"Certara, Inc.",12.95,0,21,0,0,21,-22,15,-15,-34,-56,-35
CCI,Crown Castle,96.65,10,-32,0,-30,-52,8,5,-3,7,17,-35
BC,Brunswick Corporation,62.0,-9,0,0,-9,-18,-20,1,12,-11,-18,-36
ONON,On Holding AG,43.33,1,-50,-7,0,-56,7,-8,-4,22,17,-39
TTC,Toro Company (The),74.24,-7,-1,0,-2,-10,-2,-15,9,-22,-30,-40
KDP,Keurig Dr Pepper,25.84,0,-33,-7,-2,-42,5,-27,26,-2,2,-40
PINS,Pinterest,31.86,0,-14,-3,-2,-19,-15,-14,14,-7,-22,-41
ALSN,Allison Transmission,81.0,-23,-15,-13,37,-14,-23,-11,-29,36,-27,-41
APPF,AppFolio,230.63,-53,-7,0,30,-30,-47,-7,13,30,-11,-41
APD,Air Products,262.63,-14,-13,-3,0,-30,-16,-18,10,12,-12,-42
PNFP,Pinnacle Financial Partners,91.18,-25,-14,-12,17,-34,-17,-8,-3,20,-8,-42
ETSY,Etsy,72.86,3,12,5,-32,-12,-23,14,18,-39,-30,-42
GPC,Genuine Parts Company,131.51,-21,0,9,0,-12,-24,-5,18,-19,-30,-42
FLS,Flowserve,51.55,-83,-1,2,29,-53,-23,-4,11,27,11,-42
LLYVK,Liberty Live (Series C),88.46,-49,0,38,0,-11,-42,-10,18,2,-32,-43
CNXC,Concentrix,47.99,0,-10,-3,0,-13,16,-6,-6,-35,-31,-44
FOUR,Shift4,79.36,6,-47,-8,0,-49,-3,-18,-1,26,4,-45
DIS,Walt Disney Company (The),111.0,-43,-20,23,-2,-42,-10,-16,18,5,-3,-45
CSGP,CoStar Group,77.5,-28,-12,0,16,-24,-19,-35,31,1,-22,-46
LLYVA,Liberty Live (Series A),85.94,-49,0,38,0,-11,-47,-9,18,2,-36,-47
MTDR,Matador Resources,44.65,0,-9,-37,0,-46,13,-17,11,-8,-1,-47
NVST,Envista,20.19,-7,0,12,0,5,-21,-11,14,-34,-52,-47
WEX,WEX Inc.,156.78,-7,-4,0,0,-11,-23,-15,12,-10,-36,-47
LBTYA,Liberty Global (Series A),10.84,-23,0,-1,0,-24,-24,-9,9,-1,-25,-49
MDLZ,Mondelez International,60.99,-14,-11,-1,0,-26,-10,-1,-3,-11,-25,-51
APO,Apollo Global Management,123.54,-79,-12,-3,99,5,-81,-4,-1,28,-58,-53
ACN,Accenture,252.15,26,-66,-31,-2,-73,25,1,-27,21,20,-53
HUBS,HubSpot,453.33,0,-8,-18,-2,-28,-15,-5,-26,21,-25,-53
RKT,Rocket Companies,16.26,-42,-3,12,0,-33,-34,-6,17,3,-20,-53
LINE,"Lineage, Inc.",40.0,0,-1,0,0,-1,-15,2,-39,0,-52,-53
SRPT,Sarepta Therapeutics,23.09,52,4,-37,-9,10,-5,7,-58,-8,-64,-54
COP,ConocoPhillips,91.96,-42,-2,-2,0,-46,-7,-1,10,-10,-8,-54
ARW,Arrow Electronics,117.81,-18,-17,9,0,-26,-20,-17,18,-10,-29,-55
ZBRA,Zebra Technologies,298.79,-7,-14,-10,-9,-40,-19,-7,12,-1,-15,-55
ADC,Agree Realty,70.6,-31,-18,0,18,-31,5,-32,-13,15,-25,-56
BMY,Bristol Myers Squibb,44.67,-23,-6,-8,-7,-44,1,2,-22,7,-12,-56
OLN,Olin Corporation,24.86,0,34,-68,-11,-45,7,1,6,-25,-11,-56
WH,Wyndham Hotels & Resorts,77.39,-21,-17,-11,13,-36,-15,-22,-1,17,-21,-57
PFE,Pfizer,25.24,-7,8,2,-25,-22,-22,2,15,-30,-35,-57
OWL,Blue Owl Capital,16.24,-7,-36,-12,0,-55,-12,-12,-1,23,-2,-57
BDX,Becton Dickinson,189.06,0,7,-36,-7,-36,-7,2,1,-17,-21,-57
NSA,National Storage Affiliates,30.78,15,3,-23,-6,-11,16,-15,-44,-3,-46,-57
CCK,Crown Holdings,91.4,-28,-37,25,7,-33,-28,-28,18,14,-24,-57
MIDD,Middleby,132.72,-11,-1,-11,0,-23,-12,-15,-24,15,-36,-59
LBTYK,Liberty Global (Series C),10.93,-23,0,-1,-1,-25,-30,-9,7,-2,-34,-59
VZ,Verizon,40.85,-28,-4,0,12,-20,-38,-25,8,16,-39,-59
LBRDK,Liberty Broadband (Series C),61.2,-7,-1,-11,-38,-57,-12,11,-11,10,-2,-59
FTV,Fortive,49.31,0,0,-29,0,-29,-19,21,-25,-7,-30,-59
DKNG,DraftKings,35.2,-67,-8,-2,0,-77,1,-16,10,22,17,-60
NOV,NOV Inc.,13.15,-7,13,-63,-14,-71,-8,27,9,-17,11,-60
KVUE,Kenvue,16.84,7,-33,-6,0,-32,21,-43,-11,5,-28,-60
LAZ,Lazard,49.13,-83,-3,10,22,-54,-28,-9,15,15,-7,-61
OKTA,"Okta, Inc.",93.6,2,-5,-6,-26,-35,-28,5,-11,8,-26,-61
OLED,Universal Display Corporation,141.98,-18,0,-45,-1,-64,-18,10,18,-7,3,-61
HALO,Halozyme,65.12,-80,0,15,21,-44,-40,-4,9,16,-19,-63
CCCS,CCC Intelligent Solutions,9.31,14,-14,-36,0,-36,-14,-16,10,-8,-28,-64
KMB,Kimberly-Clark,119.93,-29,-20,-7,20,-36,-10,-27,-19,28,-28,-64
EW,Edwards Lifesciences,75.2,-14,-7,0,-16,-37,-12,-18,38,-37,-29,-66
NYT,New York Times Company,55.32,-96,-7,10,18,-75,-12,-21,18,23,8,-67
TW,Tradeweb,108.8,1,-46,-6,2,-49,6,-42,-7,25,-18,-67
KD,Kyndryl,29.77,-9,-47,-4,0,-60,-12,-12,-5,22,-7,-67
MHK,Mohawk Industries,119.61,-24,0,-1,-13,-38,-25,-11,10,-3,-29,-67
TREX,"Trex Company, Inc.",52.49,36,-20,-62,-15,-61,19,-16,-2,-8,-7,-68
SLGN,Silgan Holdings,42.76,15,-51,-11,0,-47,19,-51,-5,15,-22,-69
DXCM,Dexcom,68.08,11,-33,-7,-16,-45,5,-16,-2,-11,-24,-69
ACHC,Acadia Healthcare,25.18,-3,20,-56,-13,-52,-12,12,1,-18,-17,-69
SAIC,SAIC,98.52,-1,-26,-6,0,-33,-5,-26,-3,-3,-37,-70
BHF,Brighthouse Financial,48.3,-28,0,-1,0,-29,-56,15,-11,10,-42,-71
SJM,J.M. Smucker Company (The),105.11,-14,0,-2,-6,-22,-28,-2,6,-25,-49,-71
MRK,Merck & Co.,87.47,0,8,-55,0,-47,-22,2,3,-8,-25,-72
LEA,Lear Corporation,98.92,-21,-1,0,-19,-41,-19,-12,17,-17,-31,-72
MTB,M&T Bank,188.02,-56,-2,9,24,-25,-75,-4,16,16,-47,-72
TECH,Bio-Techne,59.89,0,8,-35,-26,-53,-18,2,3,-8,-21,-74
GEN,Gen Digital,27.04,-57,-19,23,18,-35,-56,-21,18,18,-41,-76
ISRG,Intuitive Surgical,443.74,-2,-51,-11,24,-40,1,-59,-6,28,-36,-76
CBSH,Commerce Bancshares,58.53,-19,-47,-2,13,-55,-14,-22,-1,15,-22,-77
OGN,Organon & Co.,9.91,-14,25,-37,0,-26,-23,27,-50,-6,-52,-78
FCN,FTI Consulting,160.61,0,-22,-45,0,-67,14,-16,-2,-7,-11,-78
GME,GameStop,24.04,-31,10,-2,-32,-55,-33,28,-11,-9,-25,-80
RYAN,Ryan Specialty,55.62,-4,-75,-11,0,-90,-7,7,-17,27,10,-80
VFC,VF Corporation,13.91,-21,34,-28,-45,-60,-23,-2,5,-1,-21,-81
REGN,Regeneron Pharmaceuticals,569.9,-9,0,-49,0,-58,-23,2,4,-6,-23,-81
ASH,Ashland Global,48.5,13,-15,-49,-11,-62,5,-19,7,-12,-19,-81
PRMB,Primo Brands,22.38,3,-91,-6,24,-70,5,-19,-18,20,-12,-82
NCLH,Norwegian Cruise Line Holdings,23.29,-88,0,8,0,-80,-26,-9,11,22,-2,-82
PPC,Pilgrim's Pride,37.89,-28,-25,-1,23,-31,-28,-32,-12,20,-52,-83
VIRT,Virtu Financial,33.2,-49,-29,0,16,-62,5,-41,-1,16,-21,-83
IRDM,Iridium Communications,19.73,42,-50,-12,-21,-41,-2,-16,-3,-21,-42,-83
FI,Fiserv,125.97,-10,-64,-22,37,-59,-7,-24,-23,29,-25,-84
SEB,Seaboard Corporation,3387.78,-43,-1,13,-1,-32,-56,-15,16,2,-53,-85
HOG,Harley-Davidson,26.51,-34,0,0,-11,-45,-33,-8,13,-13,-41,-86
GDDY,GoDaddy,133.79,-9,-65,-11,24,-61,-10,-12,-27,24,-25,-86
PAYC,Paycom,202.63,-3,-33,0,-26,-62,12,-36,-2,1,-25,-87
DOX,Amdocs,81.8,-7,-43,0,0,-50,-12,-30,-3,7,-38,-88
EQR,Equity Residential,61.98,-47,-6,-4,15,-42,-40,-10,-11,15,-46,-88
ATR,AptarGroup,130.59,-5,-49,-11,22,-43,5,-46,-3,-1,-45,-88
PB,Prosperity Bancshares,65.06,-19,-52,-12,16,-67,-17,-18,-3,16,-22,-89
SWKS,Skyworks Solutions,73.63,-63,27,0,-32,-68,-28,-3,15,-7,-23,-91
HSIC,Schein (Henry),64.55,-28,-12,-13,-2,-55,-25,-13,-3,5,-36,-91
ZBH,Zimmer Biomet,97.39,-10,-2,-5,-19,-36,-19,-18,2,-20,-55,-91
ACI,Albertsons,17.28,0,-62,-5,0,-67,9,-24,-11,2,-24,-91
DAR,Darling Ingredients,31.34,0,-9,-14,-22,-45,7,-22,-1,-32,-48,-93
SMG,Scotts Miracle-Gro Company,57.8,1,-30,-30,-41,-100,12,-16,14,-3,7,-93
ODFL,Old Dominion Freight Line,141.43,0,-51,-34,0,-85,58,-25,-39,-3,-9,-94
SIRI,Sirius XM,22.12,-14,-1,-1,-33,-49,-22,-13,8,-19,-46,-95
UGI,UGI Corporation,31.92,-41,-32,50,6,-17,-39,-45,-1,7,-78,-95
RVTY,Revvity,91.67,0,0,-28,-26,-54,-14,7,-33,-1,-41,-95
CIVI,Civitas Resources,32.96,-7,0,-63,-2,-72,-21,1,7,-11,-24,-96
LCID,Lucid Motors,21.71,-20,0,-12,0,-32,-19,16,-25,-37,-65,-97
VNT,Vontier,39.62,-83,0,13,0,-70,-31,-6,16,-7,-28,-98
CARR,Carrier Global,58.12,-7,-48,-7,0,-62,-18,-44,-2,28,-36,-98
ADBE,Adobe Inc.,347.47,0,-7,-44,-8,-59,-5,20,-48,-7,-40,-99
YETI,Yeti Holdings,33.17,-16,-4,-43,-8,-71,-19,-9,12,-12,-28,-99
AVB,AvalonBay Communities,185.87,-44,-4,-11,18,-41,-56,-4,-15,17,-58,-99
PEP,PepsiCo,144.73,6,0,-50,0,-44,-28,-19,7,-15,-55,-99
GTM,ZoomInfo,10.44,-77,22,0,0,-55,-12,-7,14,-39,-44,-99
JKHY,Jack Henry & Associates,149.34,16,-50,-11,-2,-47,26,-81,-11,13,-53,-100
HST,Host Hotels & Resorts,16.18,-56,0,6,4,-46,-56,-7,16,-8,-55,-101
PLNT,Planet Fitness,94.27,-35,-28,0,15,-48,-48,-20,-1,16,-53,-101
ESTC,Elastic NV,81.55,-28,-3,-21,-8,-60,-28,-6,-1,-6,-41,-101
FAF,First American Financial Corporation,59.65,-105,0,0,16,-89,-26,-11,5,20,-12,-101
RARE,Ultragenyx,31.67,14,0,-35,-40,-61,6,1,-43,-5,-41,-102
BRKR,Bruker,35.92,49,0,-68,-10,-29,3,7,-72,-11,-73,-102
DPZ,Domino's,405.2,-35,-47,-4,12,-74,-28,-17,-3,20,-28,-102
UWMC,United Wholesale Mortgage,5.3,-101,45,-1,0,-57,-40,-6,6,-6,-46,-103
COLM,Columbia Sportswear,51.4,-7,-11,-29,-8,-55,-25,-15,-24,15,-49,-104
TSN,Tyson Foods,51.59,-14,-4,-9,-30,-57,-21,-20,-19,13,-47,-104
IT,Gartner,244.57,-30,-82,-29,0,-141,-18,22,-27,59,36,-105
TAP,Molson Coors,46.01,2,-22,-21,-2,-43,-11,-24,-22,-5,-62,-105
TFX,Teleflex,124.63,0,10,-50,-41,-81,-15,2,1,-12,-24,-105
BBWI,"Bath & Body Works, Inc.",25.75,0,-24,-33,-17,-74,-2,-17,-4,-8,-31,-105
LBRDA,Liberty Broadband (Series A),60.84,-5,-54,-11,-38,-108,-8,11,-11,10,2,-106
MRNA,Moderna,27.55,0,0,-63,-6,-69,-3,10,-3,-41,-37,-106
CLX,Clorox,120.0,-28,-4,-25,-7,-64,2,-8,-35,-1,-42,-106
Z,Zillow (Class C),70.84,-99,-8,0,0,-107,-26,-8,12,22,0,-107
TGT,Target Corporation,89.09,1,-30,-39,-13,-81,19,-36,-1,-8,-26,-107
RH,RH,185.31,-24,-10,-32,-9,-75,-21,-15,6,-2,-32,-107
ZG,Zillow (Class A),68.18,-99,-8,0,0,-107,-26,-8,11,22,-1,-108
EIX,Edison International,53.07,-28,0,-40,0,-68,-35,-10,8,-3,-40,-108
DVA,DaVita,126.32,-30,-33,-11,22,-52,-30,-19,-28,21,-56,-108
LSTR,Landstar,129.21,27,-52,-43,-2,-70,37,-17,-50,-9,-39,-109
DLB,Dolby Laboratories,70.1,-21,-13,-11,0,-45,-40,-23,-1,-1,-65,-110
CAR,Avis Budget Group,146.89,-36,-10,17,-22,-51,-40,-2,21,-39,-60,-111
BIRK,Birkenstock,43.5,-21,-25,-7,0,-53,-26,-23,-9,0,-58,-111
SBUX,Starbucks,79.77,-28,-27,-9,0,-64,-27,-35,6,9,-47,-111
VVV,Valvoline,34.02,-105,-11,-3,33,-86,-28,-8,15,-6,-27,-113
MGM,MGM Resorts International,32.47,-41,-8,-1,0,-50,-49,-20,15,-11,-65,-115
KEX,Kirby Corporation,81.77,-21,-50,-11,37,-45,-26,-43,-2,-1,-72,-117
POOL,Pool Corporation,296.44,-28,-12,-31,-8,-79,-25,-8,5,-11,-39,-118
TDC,Teradata,21.72,-7,6,-87,-19,-107,-12,19,-1,-18,-12,-119
GFS,GlobalFoundries,35.34,0,0,-90,0,-90,-19,10,-2,-19,-30,-120
NKE,"Nike, Inc.",68.07,-21,-3,0,-23,-47,-28,-23,15,-38,-74,-121
CAVA,Cava Group,65.04,13,-41,-22,0,-50,5,-45,-36,4,-72,-122
GNTX,Gentex,26.23,-63,0,0,-1,-64,-54,-6,12,-10,-58,-122
CNH,CNH Industrial,10.49,-9,-40,-5,0,-54,-14,-56,-3,4,-69,-123
DG,Dollar General,98.68,-66,-15,0,-19,-100,5,-30,30,-28,-23,-123
SWK,Stanley Black & Decker,69.74,-20,-1,-37,-41,-99,-19,-8,7,-4,-24,-123
AVTR,Avantor,13.54,0,7,-37,-1,-31,-19,-18,-48,-7,-92,-123
PK,Park Hotels & Resorts,10.76,-95,0,0,0,-95,-26,-7,11,-7,-29,-124
GIS,General Mills,49.21,-14,-1,-49,-6,-70,-9,21,-45,-21,-54,-124
KBR,"KBR, Inc.",45.26,-21,-11,-38,0,-70,-14,-21,-16,-3,-54,-124
AAL,American Airlines Group,11.61,3,-11,-29,-78,-115,42,-17,7,-41,-9,-124
FBIN,Fortune Brands Innovations,50.21,-30,-13,-34,-7,-84,-28,-16,7,-4,-41,-125
AKAM,Akamai Technologies,75.51,-9,-1,-34,-9,-53,-16,-12,-34,-12,-74,-127
CHTR,Charter Communications,265.01,-7,-54,-12,-38,-111,-12,10,-12,-3,-17,-128
SLM,Sallie Mae,26.44,-77,-39,0,24,-92,-19,-39,-1,23,-36,-128
COTY,Coty,4.46,16,0,-72,-9,-65,28,-7,-74,-11,-64,-129
MTN,Vail Resorts,150.12,0,-4,-41,-25,-70,-15,-20,14,-38,-59,-129
BFAM,Bright Horizons,96.96,-42,-23,-7,0,-72,-44,-29,-4,17,-60,-132
LKQ,LKQ Corporation,29.31,-20,-19,-14,-4,-57,-23,-12,-22,-19,-76,-133
FDS,FactSet,283.19,1,-58,-13,-2,-72,7,-54,-11,-3,-61,-133
MORN,"Morningstar, Inc.",226.95,0,-50,-28,0,-78,16,-63,-6,-2,-55,-133
AXTA,Axalta,26.75,-23,-13,-24,0,-60,-19,-15,-37,-2,-73,-133
CL,Colgate-Palmolive,77.82,-52,-66,-14,25,-107,-5,-27,-22,28,-26,-133
SFD,Smithfield Foods,21.79,-77,-16,0,0,-93,-28,-25,12,0,-41,-134
XP,XP Inc.,16.26,-84,-4,0,0,-88,-55,-5,24,-10,-46,-134
JLL,Jones Lang LaSalle,287.86,-87,0,12,16,-59,-96,-8,12,16,-76,-135
CROX,Crocs,80.38,-21,-45,-50,-3,-119,1,1,-12,-7,-17,-136
AVY,Avery Dennison,160.84,-5,-33,-43,0,-81,-22,-24,-3,-7,-56,-137
RIVN,Rivian,13.1,-50,-1,0,0,-51,-61,-1,-1,-23,-86,-137
CZR,Caesars Entertainment,23.0,-23,-4,-34,-27,-88,-21,12,-2,-39,-50,-138
RITM,Rithm Capital,10.78,-113,-11,25,34,-65,-104,-16,18,28,-74,-139
ZTS,Zoetis,143.66,-2,-23,-43,-5,-73,-25,-24,-10,-7,-66,-139
SLB,Schlumberger,33.12,-19,-3,-78,-1,-101,-17,-10,-1,-12,-40,-141
NCNO,nCino,25.5,-92,-8,-34,0,-134,-4,-13,13,-3,-7,-141
WU,Western Union,8.07,8,-2,-31,-48,-73,20,-16,-66,-7,-69,-142
ILMN,"Illumina, Inc.",96.43,-2,-3,-36,-42,-83,-20,-8,10,-42,-60,-143
EMN,Eastman Chemical Company,61.05,-19,-14,-29,-3,-65,-19,-16,-43,-4,-82,-147
KMPR,Kemper Corporation,49.31,-48,-11,-14,-2,-75,-61,-16,-11,16,-72,-147
WSC,WillScot Mobile Mini,22.39,27,-49,-73,-8,-103,15,-43,-2,-14,-44,-147
IEX,IDEX Corporation,165.9,2,-51,-36,-4,-89,-16,2,-36,-8,-58,-147
STZ,Constellation Brands,142.98,54,-33,-53,-5,-37,5,-36,-69,-10,-110,-147
CHE,Chemed Corporation,431.27,-56,-7,-19,-1,-83,-22,-16,-17,-10,-65,-148
CAG,Conagra Brands,18.48,-4,-4,-40,-9,-57,-23,-23,-22,-25,-93,-150
EEFT,Euronet Worldwide,86.17,-22,-51,-11,-5,-89,-18,-51,-8,15,-62,-151
WHR,Whirlpool Corporation,74.48,-19,-17,-13,-28,-77,-20,-14,-4,-38,-76,-153
G,Genpact,40.18,-42,-22,-5,0,-69,-55,-18,-23,12,-84,-153
PPG,PPG Industries,99.59,-23,-14,-54,-10,-101,-22,-20,-1,-10,-53,-154
OC,Owens Corning,129.76,-130,-9,-32,60,-111,-33,-16,7,-2,-44,-155
INSP,Inspire Medical Systems,80.11,23,-102,-31,-8,-118,35,-19,-36,-19,-39,-157
CHRD,Chord Energy,95.95,-63,-9,-58,0,-130,-13,-18,12,-8,-27,-157
NWL,Newell Brands,4.98,-15,-11,-35,-33,-94,-19,-14,6,-38,-65,-159
UHAL,U-Haul,55.53,-28,-52,-23,0,-103,-26,-16,-36,22,-56,-159
NIQ,NIQ Global Intelligence,14.39,-105,0,0,0,-105,-47,-8,0,0,-55,-160
UDR,"UDR, Inc.",35.8,-44,-50,-6,-2,-102,-42,-18,-13,15,-58,-160
AMCR,Amcor,7.82,-24,-40,-9,-1,-74,-25,-49,-9,-4,-87,-161
ABNB,Airbnb,120.16,-24,-45,-11,0,-80,-54,-19,-1,-7,-81,-161
MAA,Mid-America Apartment Communities,134.93,-77,-51,-5,-1,-134,-10,-14,-16,13,-27,-161
KMX,CarMax,44.11,-16,-15,-27,-38,-96,-19,-13,-31,-2,-65,-161
SON,Sonoco,40.42,-107,-13,-4,-2,-126,-25,-10,15,-16,-36,-162
CPB,Campbell Soup Company,29.89,-28,-2,-40,-8,-78,-28,-3,-47,-7,-85,-163
CE,Celanese,42.22,-8,-44,-51,-12,-115,-19,-14,-5,-11,-49,-164
BALL,Ball Corporation,47.76,-21,-39,-11,-13,-84,-25,-47,-1,-7,-80,-164
HLNE,Hamilton Lane,118.85,-84,-12,-6,27,-75,-84,-27,-3,23,-91,-166
DLTR,Dollar Tree,89.03,-105,-24,0,-17,-146,2,-33,33,-24,-22,-168
WY,Weyerhaeuser,24.44,-20,-20,-31,0,-71,-20,-24,-43,-10,-97,-168
ENPH,Enphase Energy,36.7,-2,0,-54,-22,-78,1,-4,-61,-26,-90,-168
SAM,Boston Beer Company,226.82,7,3,-43,-39,-72,3,-16,-39,-46,-98,-170
ARE,Alexandria Real Estate Equities,74.43,-28,-2,-45,-32,-107,-25,-4,3,-37,-63,-170
CHDN,Churchill Downs Incorporated,91.08,-28,-29,-39,0,-96,-23,-46,-2,-3,-74,-170
UHAL-B,U-Haul (Series N),50.5,-26,-52,-31,0,-109,2,-16,-45,-3,-62,-171
INVH,Invitation Homes,28.0,-47,-55,-16,0,-118,-40,-20,-11,16,-55,-173
BJ,BJ's Wholesale Club,88.59,-105,-72,-3,12,-168,-20,-39,-10,60,-9,-177
ALGN,Align Technology,131.86,42,-50,-75,-27,-110,5,-24,-11,-40,-70,-180
PCTY,Paylocity,152.91,-89,-33,-6,-5,-133,-15,-37,-5,7,-50,-183
MKC,McCormick & Company,66.11,-12,-66,-14,-4,-96,-12,-65,-22,12,-87,-183
GPK,Graphic Packaging,18.12,-28,-30,-27,0,-85,-30,-27,-40,-2,-99,-184
CLVT,Clarivate,3.62,-12,-15,-85,-8,-120,-16,-15,11,-44,-64,-184
CPT,Camden Property Trust,101.91,-78,-12,-3,-1,-94,-83,-13,-11,13,-94,-188
MAN,ManpowerGroup,39.13,40,-32,-54,-30,-76,4,-24,-54,-38,-112,-188
PENN,Penn Entertainment,16.89,-45,-3,-1,-36,-85,-56,-12,8,-46,-106,-191
DOW,Dow Inc.,22.08,-21,-14,-51,-3,-89,-21,-8,-66,-10,-105,-194
LULU,Lululemon Athletica,173.54,-20,-87,-19,-5,-131,2,-25,-28,-14,-65,-196
BROS,Dutch Bros. Coffee,49.65,-173,-19,-3,0,-195,5,-19,-2,13,-3,-198
IFF,International Flavors & Fragrances,60.15,-8,-51,-31,-33,-123,-15,-17,-43,-3,-78,-201
BMRN,BioMarin Pharmaceutical,53.85,-3,-24,-58,-22,-107,-12,-38,-23,-24,-97,-204
ALGM,Allegro MicroSystems,27.77,-77,-15,19,0,-73,-79,-51,16,-18,-132,-205
KHC,Kraft Heinz,25.03,-28,-24,-50,-2,-104,-28,-42,-22,-12,-104,-208
HUN,Huntsman Corporation,8.71,-10,-15,-53,-17,-95,-15,-15,-48,-35,-113,-208
EPAM,EPAM Systems,150.44,-20,-22,-34,-29,-105,-19,-20,-25,-39,-103,-208
CDW,CDW,151.78,-63,-47,-50,0,-160,-26,-12,-1,-10,-49,-209
MTCH,Match Group,32.47,-94,-4,12,-39,-125,-47,-12,13,-40,-86,-211
CMCSA,Comcast,30.08,-53,-52,-43,-11,-159,-16,-16,-10,-10,-52,-211
AMT,American Tower,185.33,-56,-47,-5,-2,-110,-67,-46,-3,13,-103,-213
FRPT,Freshpet,50.0,-14,-82,-32,-8,-136,-14,-39,-28,-1,-82,-218
SITE,SiteOne Landscape Supply,118.81,-153,-12,-4,-11,-180,-25,-16,11,-10,-40,-220
SN,SharkNinja,89.33,-98,-8,-1,0,-107,-96,-36,15,3,-114,-221
SFM,Sprouts Farmers Market,104.06,-230,-53,-3,48,-238,11,-51,-7,59,12,-226
MKTX,MarketAxess,172.3,1,-54,-36,-31,-120,16,-69,-10,-46,-109,-229
LYB,LyondellBasell,47.68,-11,-49,-52,-7,-119,-21,-14,-66,-9,-110,-229
IAC,IAC Inc.,33.41,-98,-15,-10,-33,-156,-25,-7,-5,-40,-77,-233
UA,Under Armour (Class C),4.7,-7,-44,-36,-39,-126,-25,-46,-3,-39,-113,-239
BF-B,Brown–Forman (Class B),27.39,-10,-27,-111,-20,-168,-2,1,-43,-30,-74,-242
TEAM,Atlassian,147.72,-114,-65,-14,-8,-201,-15,-13,-26,13,-41,-242
DJT,Trump Media & Technology Group,17.07,-4,-92,-64,0,-160,-17,-23,-32,-11,-83,-243
UAA,Under Armour (Class A),4.82,-7,-44,-36,-46,-133,-25,-46,-3,-39,-113,-246
WEN,Wendy's Company (The),8.83,-17,-75,-45,-10,-147,-20,-22,-40,-17,-99,-246
DXC,DXC Technology,13.58,-22,-4,-33,-75,-134,-22,-15,-40,-36,-113,-247
BAX,Baxter International,22.49,-5,-66,-31,-40,-142,-22,-19,-22,-43,-106,-248
GLOB,Globant,59.48,0,-101,-34,-9,-144,-17,-49,-34,-9,-109,-253
HRL,Hormel Foods,23.75,-28,-60,-18,-25,-131,-34,-56,-5,-32,-127,-258
FLO,Flowers Foods,12.52,-17,-39,-45,-10,-111,-25,-32,-65,-25,-147,-258
COLD,Americold,13.4,33,-133,-49,-13,-162,43,-75,-49,-17,-98,-260
RNG,RingCentral,27.91,-91,0,-34,-43,-168,-54,-8,8,-47,-101,-269
UPS,United Parcel Service,85.28,0,-52,-114,-18,-184,-12,3,-42,-36,-87,-271
PRGO,Perrigo,21.55,-2,-46,-10,-115,-173,-23,-19,-10,-57,-109,-282
FND,Floor & Decor,69.15,-104,-11,-43,-8,-166,-106,-8,6,-8,-116,-282
BF-A,Brown–Forman (Class A),27.33,-10,-24,-110,-20,-164,-28,-21,-50,-26,-125,-289
XRAY,Dentsply Sirona,12.22,-23,-50,-89,-44,-206,-25,-15,-3,-42,-85,-291
BRBR,BellRing Brands,35.35,-47,-109,-21,0,-177,7,-101,-27,-1,-122,-299
SBAC,SBA Communications,187.43,-76,-47,-7,-22,-152,-105,-47,-6,7,-151,-303
DV,DoubleVerify,11.36,-182,-23,-78,0,-283,1,-25,-1,-12,-37,-320
RHI,Robert Half,33.25,-19,-179,-37,-11,-246,-21,-16,-35,-34,-106,-352
FMC,FMC Corporation,29.88,-108,-30,-48,-26,-212,-124,-20,-3,-28,-175,-387
CHH,Choice Hotels,99.78,-210,-46,-11,0,-267,-68,-47,-25,16,-124,-391
