Symbol,Name,Close,1H Cloud Score,1D Cloud Score,1W Cloud Score,1M Cloud Score,Cloud Score Sum,1H TKx Score,1D TKx Score,1W TKx Score,1M TKx Score,TKx Score Sum,Total Score Sum
TJX,TJX Companies,125.16,7,0,142,196,345,16,-20,111,191,298,643
JPM,JPMorgan Chase,290.41,78,37,117,156,388,75,48,4,24,151,539
HEI,HEICO (Common),321.21,92,42,19,187,340,89,40,10,55,194,534
MSFT,Microsoft,492.02,175,42,10,171,398,40,50,4,23,117,515
RSG,Republic Services,244.67,-35,2,118,175,260,8,-6,87,158,247,507
IBM,IBM,291.19,143,40,103,52,338,6,48,50,54,158,496
ORLY,O'Reilly Auto Parts,90.5,9,-14,157,197,349,16,-9,48,87,142,491
NFLX,Netflix,1293.21,57,53,110,18,238,89,50,81,18,238,476
PGR,Progressive Corporation,264.27,4,-15,99,175,263,14,-11,16,187,206,469
ICE,Intercontinental Exchange,181.85,40,41,106,159,346,39,42,16,19,116,462
AJG,Arthur J. Gallagher & Co.,319.61,-3,-5,159,184,335,5,-11,22,105,121,456
COST,Costco,985.8,-17,0,111,178,272,7,-11,4,182,182,454
HWM,Howmet Aerospace,176.23,0,48,142,27,217,47,48,86,52,233,450
CTAS,Cintas,224.23,12,55,13,163,243,19,-7,7,185,204,447
ORI,Old Republic International,38.39,54,9,141,56,260,19,4,111,53,187,447
SO,Southern Company,92.3,49,8,70,188,315,14,24,17,77,132,447
BSX,Boston Scientific,104.76,45,12,138,142,337,43,3,4,55,105,442
WRB,W. R. Berkley Corporation,72.84,3,90,88,174,355,10,5,18,53,86,441
ROL,"Rollins, Inc.",56.65,2,57,25,284,368,8,-7,17,33,51,419
CASY,Casey's,511.26,4,15,107,85,211,3,15,111,76,205,416
HEI-A,HEICO (Class A),252.23,91,43,20,180,334,-2,41,11,28,78,412
YUM,Yum! Brands,150.37,40,1,22,257,320,44,-23,16,55,92,412
AXON,Axon Enterprise,775.55,-2,46,139,92,275,49,50,4,28,131,406
COR,Cencora,295.24,28,112,38,69,247,32,12,49,65,158,405
GS,Goldman Sachs,706.79,83,35,86,56,260,70,46,4,19,139,399
WM,"Waste Management, Inc.",228.88,-60,3,89,185,217,8,-5,21,157,181,398
TDG,TransDigm Group,1512.84,55,48,13,155,271,47,5,4,55,111,382
MCK,McKesson Corporation,727.43,4,108,36,56,204,32,48,32,65,177,381
VIRT,Virtu Financial,43.38,78,49,70,12,209,86,9,65,12,172,381
JBL,Jabil,216.19,77,38,13,63,191,76,48,5,55,184,375
ADI,Analog Devices,240.64,46,35,5,177,263,42,41,4,24,111,374
INTU,Intuit,779.57,28,48,11,189,276,26,48,4,18,96,372
RCL,Royal Caribbean Group,315.07,46,35,115,26,222,69,48,4,25,146,368
RS,"Reliance, Inc.",321.09,31,45,5,113,194,42,50,4,75,171,365
NWS,News Corp (Class B),34.4,63,38,106,56,263,75,3,4,19,101,364
MSI,Motorola Solutions,425.51,41,3,0,151,195,15,-10,-21,183,167,362
NDAQ,"Nasdaq, Inc.",88.96,46,41,70,142,299,-2,48,4,12,62,361
NRG,NRG Energy,155.84,0,48,97,92,237,-6,4,107,19,124,361
FAST,Fastenal,42.87,15,57,117,104,293,33,1,10,24,68,361
CDNS,Cadence Design Systems,309.41,23,4,11,139,177,-2,3,4,178,183,360
RJF,Raymond James Financial,154.67,77,34,86,56,253,82,6,1,17,106,359
HUBB,Hubbell Incorporated,410.9,46,33,0,180,259,-3,51,-19,69,98,357
CHD,Church & Dwight,97.64,6,0,-10,342,338,8,-5,-8,23,18,356
MS,Morgan Stanley,141.09,63,35,70,62,230,62,46,4,14,126,356
PM,Philip Morris International,177.53,-34,108,64,53,191,10,50,79,25,164,355
EMR,Emerson Electric,135.49,140,35,10,62,247,37,41,4,24,106,353
HOOD,Robinhood Markets,92.33,78,37,75,0,190,94,48,4,16,162,352
ETN,Eaton Corporation,355.05,45,35,2,112,194,37,48,2,70,157,351
WELL,Welltower,151.56,-7,32,110,56,191,-19,28,127,22,158,349
CME,CME Group,275.42,50,9,48,134,241,58,-12,44,17,107,348
MCD,McDonald's,297.6,6,-16,46,240,276,18,-19,16,55,70,346
MPWR,Monolithic Power Systems,747.34,42,35,0,155,232,37,45,4,24,110,342
BR,Broadridge Financial Solutions,244.72,14,34,108,143,299,9,5,4,23,41,340
NFG,National Fuel Gas,84.0,-14,119,54,50,209,7,50,65,8,130,339
ORCL,Oracle Corporation,218.97,28,34,5,196,263,6,41,4,25,76,339
TT,Trane Technologies,434.13,44,43,10,162,259,43,3,4,27,77,336
ARES,Ares Management,174.74,39,35,11,57,142,37,48,4,104,193,335
EME,Emcor,531.06,78,35,11,56,180,47,50,2,55,154,334
RBA,RB Global,105.88,11,46,98,25,180,37,-7,103,20,153,333
LYV,Live Nation Entertainment,149.93,16,36,88,145,285,18,10,3,14,45,330
COF,Capital One,215.16,46,41,88,19,194,67,48,4,16,135,329
MMC,Marsh McLennan,217.88,4,-16,0,173,161,8,-11,-5,176,168,329
ADP,Automatic Data Processing,311.11,8,2,79,178,267,11,-8,4,55,62,329
AM,Antero Midstream,18.18,-1,41,142,21,203,-2,1,72,53,124,327
UNM,Unum,82.06,28,4,179,38,249,20,1,4,52,77,326
DASH,DoorDash,238.0,79,34,91,0,204,54,47,4,16,121,325
MA,Mastercard,564.76,11,2,120,153,286,15,-5,4,24,38,324
SYK,Stryker Corporation,396.83,41,35,11,157,244,50,1,2,27,80,324
SCI,Service Corporation International,82.18,44,18,2,173,237,54,18,2,11,85,322
AXS,AXIS Capital,102.43,11,49,80,43,183,19,-7,76,51,139,322
DUK,Duke Energy,118.89,22,2,70,181,275,15,1,16,14,46,321
OLLI,Ollie's Bargain Outlet,130.48,77,35,109,14,235,-10,16,57,21,84,319
VRSK,Verisk Analytics,312.79,12,44,62,112,230,16,-7,53,26,88,318
CAH,Cardinal Health,164.4,2,57,49,36,144,28,48,42,55,173,317
KLAC,KLA Corporation,898.92,32,35,8,175,250,-12,50,4,24,66,316
V,Visa Inc.,355.54,11,2,131,131,275,17,-5,4,24,40,315
WCC,Wesco International,189.31,63,34,1,56,154,55,48,2,55,160,314
APH,Amphenol,97.4,50,48,13,63,174,59,50,4,25,138,312
ITT,ITT Inc.,158.57,45,41,10,97,193,43,48,4,24,119,312
LIN,Linde plc,476.73,15,33,7,108,163,40,1,4,104,149,312
BKNG,Booking Holdings,5733.14,40,47,130,33,250,40,-7,4,24,61,311
SPOT,Spotify,722.1,-5,49,106,10,160,-6,50,89,18,151,311
WMT,Walmart,98.23,9,49,121,99,278,9,-9,4,27,31,309
MCO,Moody's Corporation,502.49,41,35,10,154,240,42,2,2,23,69,309
FDS,FactSet,450.31,49,0,0,192,241,61,-17,3,21,68,309
CACI,CACI,483.43,34,18,0,152,204,33,9,8,55,105,309
OMF,OneMain Financial,58.2,63,35,11,58,167,68,46,4,24,142,309
CBOE,Cboe Global Markets,232.0,4,31,138,53,226,12,5,16,49,82,308
MNST,Monster Beverage,63.54,7,85,20,178,290,8,-5,13,2,18,308
RTX,RTX Corporation,144.18,0,34,71,52,157,19,40,78,12,149,306
CSCO,Cisco,69.1,72,35,42,12,161,76,41,4,23,144,305
PLTR,Palantir Technologies,130.67,-17,48,110,0,141,-19,50,113,18,162,303
AXP,American Express,322.6,46,35,11,97,189,43,48,2,19,112,301
IBKR,Interactive Brokers,56.33,29,35,83,55,202,35,4,4,55,98,300
BYD,Boyd Gaming,80.46,77,35,42,57,211,12,48,4,25,89,300
CAT,Caterpillar Inc.,390.84,46,34,2,62,144,58,41,2,55,156,300
L,Loews Corporation,92.32,52,35,106,53,246,20,7,4,22,53,299
AME,Ametek,183.02,28,35,2,104,169,37,-10,4,99,130,299
MKL,Markel,1994.9,77,34,62,53,226,-2,48,2,24,72,298
EQH,Equitable Holdings,55.88,45,35,86,9,175,61,41,4,17,123,298
SGI,Somnigroup International,69.7,46,35,35,62,178,44,48,4,24,120,298
GGG,Graco Inc.,87.66,44,35,2,176,257,6,3,4,27,40,297
AAPL,Apple Inc.,207.86,10,2,-4,249,257,-13,2,-19,69,39,296
VRSN,Verisign,289.08,27,146,30,7,210,21,14,46,5,86,296
UNP,Union Pacific Corporation,235.53,44,6,-7,196,239,46,5,-13,17,55,294
EHC,Encompass Health,120.41,0,49,137,27,213,44,-8,18,27,81,294
WFC,Wells Fargo,81.48,56,35,86,27,204,63,5,4,17,89,293
SPGI,S&P Global,529.25,46,35,10,170,261,7,4,2,19,32,293
BEN,Franklin Templeton Investments,24.34,120,38,2,0,160,100,48,4,-20,132,292
TKO,TKO Group Holdings,175.61,4,45,65,38,152,75,12,4,48,139,291
ALL,Allstate,200.15,14,2,91,157,264,18,-11,5,15,27,291
AVGO,Broadcom,264.77,46,38,13,114,211,-3,50,4,28,79,290
T,AT&T,28.87,15,32,64,14,125,14,48,88,13,163,288
HON,Honeywell,238.73,27,35,10,176,248,21,-6,4,20,39,287
ARMK,Aramark,42.42,46,39,9,38,132,54,43,4,54,155,287
AZO,AutoZone,3714.69,12,0,88,84,184,16,-16,48,55,103,287
NVDA,Nvidia,153.28,46,34,8,132,220,-6,42,4,24,64,284
TPR,"Tapestry, Inc.",86.93,77,35,74,19,205,19,41,2,17,79,284
STE,Steris,242.62,6,38,8,193,245,6,-7,16,23,38,283
NI,NiSource,40.07,8,32,68,43,151,12,24,83,12,131,282
RBC,RBC Bearings,381.51,0,39,87,56,182,-12,48,8,55,99,281
SF,Stifel,105.22,63,25,2,57,147,75,40,1,18,134,281
DTE,DTE Energy,132.39,0,0,68,187,255,10,-16,21,11,26,281
EBAY,eBay,76.09,6,44,71,12,133,7,48,76,14,145,278
BPOP,"Popular, Inc.",112.68,49,42,11,57,159,50,48,4,17,119,278
SEIC,SEI Investments Company,91.49,44,41,86,33,204,42,4,4,24,74,278
PTC,PTC Inc.,173.06,28,34,-20,180,222,37,-7,1,24,55,277
DRI,Darden Restaurants,219.48,0,54,38,59,151,7,48,42,28,125,276
USFD,US Foods,77.4,27,38,137,33,235,19,-8,4,24,39,274
DE,Deere & Company,508.53,-1,37,43,107,186,-7,48,39,8,88,274
J,Jacobs Solutions,132.67,32,33,0,104,169,37,48,1,17,103,272
PAYX,Paychex,147.42,7,0,78,165,250,10,-8,7,12,21,271
WAB,Wabtec,209.33,30,37,13,47,127,37,48,4,54,143,270
ACM,AECOM,114.01,28,41,10,63,142,7,48,4,69,128,270
BRO,Brown & Brown,108.93,0,-44,110,161,227,18,4,-4,24,42,269
AMP,Ameriprise Financial,538.49,46,34,3,62,145,47,6,2,69,124,269
PH,Parker Hannifin,703.44,42,36,11,63,152,37,48,4,28,117,269
URI,United Rentals,774.62,46,35,1,62,144,61,6,2,55,124,268
SLM,Sallie Mae,33.35,42,42,84,20,188,37,-14,38,19,80,268
WMB,Williams Companies,58.73,-6,34,106,50,184,-2,26,4,55,83,267
LRCX,Lam Research,96.82,42,35,3,150,230,-6,42,4,-3,37,267
ROP,Roper Technologies,572.6,8,2,23,180,213,8,-17,38,24,53,266
PWR,Quanta Services,372.13,0,42,11,97,150,-9,50,4,70,115,265
GD,General Dynamics,294.34,35,57,2,52,146,47,12,4,55,118,264
PEG,Public Service Enterprise Group,82.88,64,14,1,150,229,20,21,-21,15,35,264
JCI,Johnson Controls,104.67,30,43,69,17,159,37,48,4,16,105,264
HCA,HCA Healthcare,389.68,65,49,8,95,217,7,2,10,27,46,263
NWSA,News Corp (Class A),29.73,63,35,3,56,157,75,8,4,19,106,263
SYF,Synchrony Financial,68.2,63,35,11,19,128,68,48,2,16,134,262
NTRS,Northern Trust,128.05,77,35,10,9,131,75,41,4,11,131,262
FIX,Comfort Systems USA,521.71,45,38,11,62,156,-2,50,4,53,105,261
SNPS,Synopsys,521.78,29,22,-21,178,208,40,14,2,-3,53,261
RL,Ralph Lauren Corporation,272.2,46,37,88,32,203,40,-10,4,24,58,261
LLY,Lilly (Eli),775.9,-4,0,-1,170,165,-12,14,-1,94,95,260
WDC,Western Digital,63.85,77,35,6,16,134,75,46,4,1,126,260
BSY,Bentley Systems,53.71,83,38,3,0,124,86,50,4,-4,136,260
FWONA,Liberty Formula 1 (Series A),91.77,0,37,63,60,160,-5,46,3,54,98,258
C,Citigroup,86.27,63,35,13,16,127,69,45,4,12,130,257
AAON,AAON,74.9,5,-15,-7,243,226,37,-17,-19,29,30,256
FWONK,Liberty Formula 1 (Series C),101.81,0,38,64,55,157,-5,45,4,54,98,255
KO,Coca-Cola Company (The),71.68,9,2,22,180,213,18,-6,17,12,41,254
BAC,Bank of America,48.17,63,35,11,16,125,71,42,4,12,129,254
CW,Curtiss-Wright,476.51,46,43,13,52,154,-2,50,4,47,99,253
LMT,Lockheed Martin,465.79,0,2,-23,163,142,12,24,4,70,110,252
TRMB,Trimble Inc.,76.46,46,35,73,2,156,43,40,2,10,95,251
TMUS,T-Mobile US,241.52,31,-36,88,137,220,45,-46,-2,33,30,250
NEU,NewMarket,705.54,49,57,13,27,146,14,49,16,25,104,250
STT,State Street Corporation,107.02,62,37,11,14,124,68,42,3,12,125,249
LPLA,LPL Financial,373.23,5,36,39,97,177,19,-7,4,55,71,248
LNG,Cheniere Energy,235.96,0,41,54,56,151,33,6,4,54,97,248
HLT,Hilton Worldwide,268.91,45,35,10,62,152,66,3,2,24,95,247
HD,Home Depot (The),373.21,40,1,0,178,219,48,-20,-18,17,27,246
THC,Tenet Healthcare,177.45,72,44,8,55,179,37,4,2,22,65,244
EWBC,East West Bancorp,104.82,61,35,3,20,119,57,46,3,17,123,242
JNPR,Juniper Networks,39.95,56,30,2,52,140,75,7,2,18,102,242
LOPE,Grand Canyon Education,189.25,6,0,141,33,180,15,-15,28,32,60,240
MTSI,MACOM Technology Solutions,137.24,0,35,10,56,101,63,47,2,27,139,240
CB,Chubb Limited,289.55,14,2,95,56,167,12,-11,16,54,71,238
CRWD,CrowdStrike,492.07,38,48,39,0,125,40,50,4,18,112,237
ATO,Atmos Energy,153.66,-1,-1,68,43,109,5,1,79,43,128,237
FFIV,"F5, Inc.",296.04,21,34,88,12,155,15,48,4,15,82,237
ITW,Illinois Tool Works,255.2,30,6,1,176,213,7,-12,1,27,23,236
SKX,Skechers,63.12,49,33,-18,53,117,53,40,1,24,118,235
WWD,"Woodward, Inc.",244.28,77,44,13,33,167,-7,46,4,24,67,234
TXN,Texas Instruments,210.48,50,35,3,20,108,69,39,4,14,126,234
MTG,MGIC Investment Corporation,28.2,66,48,13,53,180,9,14,4,26,53,233
OZK,Bank OZK,48.97,46,35,11,54,146,56,11,2,17,86,232
MSA,MSA Safety,171.32,10,37,-29,162,180,3,48,4,-3,52,232
PCAR,Paccar,98.18,39,1,-16,157,181,37,-11,-8,32,50,231
FERG,Ferguson Enterprises,220.91,45,37,5,63,150,6,48,4,23,81,231
MET,Metlife,81.08,45,34,3,56,138,69,6,2,16,93,231
EVR,Evercore,277.62,62,34,0,56,152,4,48,2,24,78,230
DGX,Quest Diagnostics,179.34,0,49,62,16,127,14,15,62,12,103,230
KEX,Kirby Corporation,115.06,28,35,0,33,96,42,48,4,40,134,230
PNR,Pentair,105.04,45,35,3,60,143,55,6,2,22,85,228
EVRG,Evergy,69.5,48,16,52,12,128,5,16,71,8,100,228
AN,AutoNation,203.97,8,37,11,59,115,4,50,4,55,113,228
CELH,Celsius Holdings,45.99,42,74,0,63,179,14,30,12,-7,49,228
MDLZ,Mondelez International,68.95,7,8,3,180,198,1,22,13,-7,29,227
RF,Regions Financial Corporation,24.17,57,34,1,20,112,59,41,2,12,114,226
SCHW,Charles Schwab Corporation,91.2,21,48,71,9,149,12,48,4,12,76,225
CNM,Core & Main,61.29,45,37,13,0,95,56,48,4,22,130,225
HBAN,Huntington Bancshares,17.18,44,35,3,19,101,59,46,4,14,123,224
WTFC,Wintrust Financial,127.71,46,35,3,47,131,26,48,2,17,93,224
FNB,FNB Corporation,15.07,45,35,0,53,133,56,15,3,17,91,224
MTB,M&T Bank,197.58,56,35,2,20,113,56,41,2,12,111,224
CI,Cigna,334.34,34,4,3,56,97,54,4,14,55,127,224
BK,BNY Mellon,90.63,4,37,88,38,167,-5,41,4,17,57,224
BX,Blackstone Inc.,152.77,42,6,-7,140,181,37,4,-18,19,42,223
SOFI,SoFi,17.64,63,27,40,0,130,64,18,2,9,93,223
SSNC,SS&C Technologies,83.33,28,11,84,12,135,37,36,1,13,87,222
R,Ryder,168.78,46,20,4,54,124,37,6,1,54,98,222
AWI,Armstrong World Industries,165.67,46,42,88,19,195,5,1,4,17,27,222
CBRE,CBRE Group,141.6,49,19,86,20,174,19,15,2,12,48,222
SNV,Synovus,53.77,52,35,2,19,108,59,41,2,12,114,222
BLK,BlackRock,1054.27,43,34,11,20,108,42,48,4,19,113,221
ADSK,Autodesk,311.59,55,38,48,12,153,40,6,4,17,67,220
GOOG,Alphabet (Class C),176.86,24,24,0,174,222,-2,-6,-13,19,-2,220
GOOGL,Alphabet (Class A),175.87,24,24,0,174,222,-2,-6,-13,19,-2,220
WSO,Watsco,455.54,21,-30,-7,194,178,22,-28,-22,69,41,219
EPR,EPR Properties,58.46,8,37,51,27,123,5,48,24,19,96,219
HIG,Hartford (The),126.6,9,2,88,55,154,10,-15,15,54,64,218
CINF,Cincinnati Financial,149.45,15,41,79,60,195,16,-10,4,13,23,218
KMI,Kinder Morgan,28.33,0,33,86,42,161,-2,6,2,50,56,217
VMI,Valmont Industries,334.87,31,25,56,56,168,-5,45,1,8,49,217
AON,AON,356.93,0,0,0,175,175,7,-11,-9,54,41,216
SHW,Sherwin-Williams,355.22,8,1,1,188,198,7,-10,4,17,18,216
TRV,Travelers Companies (The),267.06,0,2,85,56,143,12,-11,18,54,73,216
FYBR,Frontier Communications,36.43,49,0,83,0,132,6,-22,88,12,84,216
CPNG,Coupang,29.93,42,41,11,0,94,54,48,4,15,121,215
MMM,3M,153.81,46,35,68,12,161,49,-12,4,12,53,214
PFGC,Performance Food Group,88.34,10,38,47,41,136,16,1,4,55,76,212
ODFL,Old Dominion Freight Line,168.37,20,1,-20,185,186,40,-19,-25,30,26,212
KEY,Keycorp,17.89,56,35,2,2,95,63,41,2,11,117,212
SRE,Sempra,76.2,15,11,-9,179,196,14,-12,2,12,16,212
H,Hyatt Hotels,145.36,44,18,-17,53,98,40,41,-21,53,113,211
KR,Kroger,71.33,0,8,73,65,146,2,5,44,13,64,210
CMG,Chipotle Mexican Grill,58.23,56,19,0,78,153,16,12,1,27,56,209
DTM,DT Midstream,104.95,-2,41,97,0,136,-2,48,4,23,73,209
GLW,Corning Inc.,52.59,49,34,13,15,111,43,41,2,12,98,209
HPE,Hewlett Packard Enterprise,20.48,42,31,0,40,113,37,5,1,52,95,208
CSL,Carlisle Companies,390.18,41,1,0,176,218,-12,-20,4,18,-10,208
MAR,Marriott International,278.03,45,35,3,56,139,40,3,1,25,69,208
AVT,Avnet,53.92,46,35,1,43,125,42,12,4,25,83,208
PRI,Primerica,278.06,46,3,1,106,156,19,1,2,28,50,206
PNC,PNC Financial Services,192.46,56,25,1,12,94,59,40,1,12,112,206
WBS,Webster Bank,56.82,43,35,2,12,92,54,43,2,15,114,206
KNSL,Kinsale Capital Group,479.39,13,20,10,31,74,19,29,1,83,132,206
GRMN,Garmin,211.23,28,8,106,17,159,43,-5,-11,19,46,205
ABT,Abbott Laboratories,136.25,2,32,50,11,95,6,50,42,12,110,205
DDS,Dillard's,449.65,30,17,8,52,107,41,3,1,53,98,205
GTES,Gates Corporation,23.38,46,35,11,13,105,37,43,4,16,100,205
FHN,First Horizon Corporation,21.5,46,35,46,2,129,59,6,2,8,75,204
PANW,Palo Alto Networks,197.58,-7,35,11,79,118,-19,46,4,55,86,204
MSM,MSC Industrial Direct,90.32,28,35,1,56,120,37,50,4,-7,84,204
AMAT,Applied Materials,183.76,42,35,-24,147,200,-10,15,2,-3,4,204
AIG,American International Group,85.88,9,32,22,51,114,18,35,17,19,89,203
ALLE,Allegion,147.66,50,47,3,19,119,59,1,4,20,84,203
FITB,Fifth Third Bancorp,42.45,56,11,0,20,87,61,40,1,14,116,203
SCCO,Southern Copper,102.07,33,34,2,60,129,-3,47,4,25,73,202
HAS,Hasbro,76.99,50,35,8,1,94,49,46,4,9,108,202
CFG,Citizens Financial Group,46.11,59,23,2,2,86,63,40,1,12,116,202
RPM,RPM International,112.38,7,1,-13,178,173,6,-6,1,28,29,202
KD,Kyndryl,41.96,41,37,103,0,181,9,-8,2,18,21,202
IRM,Iron Mountain,99.93,-18,40,0,55,77,18,48,4,54,124,201
AMGN,Amgen,290.49,7,0,0,163,170,6,-3,-8,34,29,199
ADT,ADT Inc.,8.51,44,55,25,0,124,49,1,19,6,75,199
OGE,OGE Energy,44.69,6,2,62,43,113,10,1,62,12,85,198
FCNCA,First Citizens BancShares,2043.95,55,17,0,57,129,61,3,-15,19,68,197
SNX,TD Synnex,135.8,46,35,9,61,151,-16,41,2,19,46,197
CTVA,Corteva,75.07,15,48,47,0,110,26,48,4,9,87,197
AFL,Aflac,105.78,63,1,2,56,122,19,3,-2,53,73,195
EA,Electronic Arts,158.96,88,11,2,5,106,49,10,10,19,88,194
PG,Procter & Gamble,161.24,7,-12,0,177,172,16,-10,-8,24,22,194
QGEN,Qiagen,48.17,30,32,6,1,69,37,73,4,11,125,194
ISRG,Intuitive Surgical,537.92,35,4,88,20,147,37,-16,2,24,47,194
LDOS,Leidos,161.05,50,47,0,21,118,47,4,7,17,75,193
ETR,Entergy,82.52,3,3,67,20,93,12,-7,83,12,100,193
DOV,Dover Corporation,186.14,41,24,0,104,169,37,-17,-13,17,24,193
PAG,Penske Automotive Group,177.75,6,36,9,60,111,-28,50,4,55,81,192
CCL,Carnival Corporation & plc,28.64,46,34,11,0,91,40,42,2,17,101,192
VRT,Vertiv,122.53,77,34,3,6,120,-2,48,1,24,71,191
ATI,ATI Inc.,83.9,0,42,10,41,93,-5,48,4,50,97,190
IDXX,Idexx Laboratories,542.66,40,42,8,2,92,48,48,4,-6,94,186
STAG,STAG Industrial,36.55,6,35,1,94,136,7,41,4,-2,50,186
NSC,Norfolk Southern,262.39,63,34,5,2,104,18,48,4,12,82,186
KKR,KKR & Co. Inc.,132.42,42,24,0,101,167,-4,17,-14,19,18,185
CVNA,Carvana,338.3,19,47,86,9,161,14,-8,4,14,24,185
UGI,UGI Corporation,35.1,-7,49,36,2,80,11,48,43,3,105,185
GILD,Gilead Sciences,111.76,20,29,45,33,127,23,-4,2,37,58,185
ALGM,Allegro MicroSystems,34.41,77,34,5,0,116,46,35,2,-14,69,185
LH,Labcorp,264.27,11,41,49,13,114,12,41,2,16,71,185
TDY,Teledyne Technologies,511.52,31,34,46,12,123,41,4,4,13,62,185
NTAP,Netapp,106.68,46,20,-19,55,102,12,48,1,20,81,183
CG,Carlyle Group (The),52.82,44,26,2,19,91,37,37,1,16,91,182
DDOG,Datadog,132.29,75,25,-17,0,83,42,42,1,13,98,181
VICI,Vici Properties,33.0,7,16,52,13,88,5,16,17,55,93,181
AIZ,Assurant,197.68,0,4,0,150,154,10,-2,1,17,26,180
GWRE,Guidewire Software,231.21,-56,48,104,19,115,-5,48,4,18,65,180
VRTX,Vertex Pharmaceuticals,452.16,6,0,1,102,109,5,14,17,35,71,180
FTNT,Fortinet,102.43,0,34,48,111,193,-20,-9,4,11,-14,179
NYT,New York Times Company,56.37,41,46,9,14,110,45,1,4,19,69,179
PFG,Principal Financial Group,80.81,45,6,1,53,105,56,1,1,16,74,179
CR,Crane Co.,189.59,33,42,10,0,85,43,44,4,3,94,179
META,Meta Platforms,719.17,45,35,11,27,118,-3,40,2,21,60,178
ZION,Zions Bancorporation,53.76,46,17,1,2,66,57,40,1,13,111,177
TNL,Travel + Leisure Co.,53.72,44,25,3,14,86,37,41,1,12,91,177
TTWO,Take-Two Interactive,240.09,0,55,39,11,105,3,12,39,18,72,177
AMG,Affiliated Managers Group,198.82,42,41,5,20,108,38,12,4,15,69,177
AMZN,Amazon,220.45,27,25,11,19,82,35,40,1,18,94,176
PPL,PPL Corporation,33.97,2,-12,70,21,81,7,-7,82,12,94,175
NET,Cloudflare,184.98,0,35,33,0,68,40,45,4,17,106,174
RLI,RLI Corp.,71.58,-34,-19,-4,174,117,7,-12,-23,85,57,174
LAMR,Lamar Advertising,123.14,10,25,1,62,98,7,48,2,19,76,174
FHB,"First Hawaiian, Inc.",25.73,44,7,1,12,64,51,45,1,12,109,173
PRU,Prudential Financial,109.03,45,25,-7,53,116,43,17,-21,17,56,172
LECO,Lincoln Electric,210.01,45,34,0,63,142,-8,41,2,-5,30,172
FNF,Fidelity National Financial,57.27,46,0,2,56,104,49,5,-5,19,68,172
THG,Hanover Insurance,167.36,-7,33,55,22,103,16,-7,47,12,68,171
VOYA,Voya Financial,72.48,45,35,0,2,82,48,9,2,29,88,170
BRK-B,Berkshire Hathaway,489.78,0,-20,118,60,158,1,-32,19,24,12,170
TW,Tradeweb,137.75,-2,0,103,0,101,41,2,4,21,68,169
TOL,Toll Brothers,118.08,46,19,-17,59,107,49,12,-23,24,62,169
VEEV,Veeva Systems,283.09,6,38,39,6,89,19,41,4,16,80,169
DIS,Walt Disney Company (The),123.46,41,35,9,0,85,40,39,4,1,84,169
CNA,CNA Financial,46.47,28,-19,88,55,152,21,-20,-3,18,16,168
WYNN,Wynn Resorts,101.94,77,37,2,1,117,49,3,4,-6,50,167
AFRM,Affirm Holdings,67.1,46,17,6,0,69,63,18,2,15,98,167
ANET,Arista Networks,98.93,38,20,0,56,114,-3,16,-15,54,52,166
DOX,Amdocs,92.13,-1,44,11,56,110,6,42,4,3,55,165
APO,Apollo Global Management,141.65,42,17,0,95,154,-2,5,-17,24,10,164
GL,Globe Life,124.89,46,4,39,12,101,59,1,-3,6,63,164
ATR,AptarGroup,159.08,46,41,0,18,105,47,-15,4,23,59,164
TSCO,Tractor Supply Company,54.08,7,1,0,83,91,5,11,-27,83,72,163
NTRA,Natera,160.71,-7,26,86,16,121,-4,24,4,17,41,162
ANSS,Ansys,353.15,28,35,11,9,83,40,14,4,21,79,162
VST,Vistra Corp.,185.12,0,34,13,28,75,-6,47,2,43,86,161
FCX,Freeport-McMoRan,44.04,32,35,0,56,123,-3,41,4,-4,38,161
CMA,Comerica,60.93,44,9,0,2,55,54,40,1,10,105,160
DKS,Dick's Sporting Goods,206.04,35,1,0,61,97,40,7,-15,31,63,160
CWEN-A,Clearway Energy (Class A),29.82,-2,33,52,4,87,5,44,16,8,73,160
ROK,Rockwell Automation,338.62,28,38,9,13,88,37,40,4,-9,72,160
KIM,Kimco Realty,21.18,6,34,0,53,93,5,48,2,12,67,160
LOW,Lowe's,228.65,40,1,-14,164,191,-8,-20,-21,17,-32,159
WHR,Whirlpool Corporation,105.24,140,12,0,-24,128,45,34,-14,-34,31,159
SLGN,Silgan Holdings,55.83,7,41,13,78,139,1,3,4,11,19,158
AL,Air Lease Corporation,58.53,28,41,11,20,100,37,-7,4,24,58,158
GWW,W. W. Grainger,1052.11,5,0,0,92,97,12,-10,4,55,61,158
CPRT,Copart,49.6,9,-26,-7,174,150,21,-22,-17,26,8,158
PSTG,Pure Storage,55.2,43,34,0,40,117,-2,2,-15,55,40,157
TFC,Truist Financial,44.2,56,9,1,2,68,59,17,1,12,89,157
FICO,Fair Isaac,1840.99,-17,-5,0,164,142,3,4,-22,29,14,156
STWD,Starwood Property Trust,20.39,6,35,12,56,109,5,19,4,19,47,156
AZEK,Azek,54.32,17,52,15,0,84,33,14,7,18,72,156
MLM,Martin Marietta Materials,557.64,21,44,0,58,123,18,-15,4,25,32,155
PLNT,Planet Fitness,106.58,0,31,57,11,99,-2,42,4,12,56,155
NOW,ServiceNow,1011.89,31,36,2,80,149,-5,-12,2,20,5,154
LHX,L3Harris,252.23,6,57,6,3,72,14,50,6,12,82,154
AGO,Assured Guaranty,86.57,64,4,3,54,125,-2,7,4,20,29,154
XPO,"XPO, Inc.",129.45,46,17,0,59,122,14,9,-17,25,31,153
DCI,Donaldson Company,70.69,28,35,0,63,126,6,-11,4,28,27,153
RBLX,Roblox Corporation,100.6,-3,47,47,0,91,-5,48,10,9,62,153
XP,XP Inc.,19.8,13,49,6,0,68,34,47,10,-6,85,153
CWEN,Clearway Energy (Class C),31.54,-7,33,52,2,80,5,44,16,8,73,153
LFUS,Littelfuse,231.45,46,35,-19,0,62,54,40,2,-6,90,152
LNW,Light & Wonder,95.98,35,5,0,55,95,37,5,-9,23,56,151
CNP,Centerpoint Energy,36.53,41,-1,43,43,126,4,-29,37,13,25,151
ALLY,Ally Financial,40.21,45,25,2,2,74,42,19,2,14,77,151
ARW,Arrow Electronics,129.77,52,42,2,2,98,7,48,4,-6,53,151
UNH,UnitedHealth Group,326.02,16,-51,-12,-2,-49,32,9,-25,182,198,149
MANH,Manhattan Associates,197.91,45,29,-23,63,114,19,11,-21,25,34,148
POST,Post Holdings,111.53,6,0,0,85,91,7,-3,-2,55,57,148
SN,SharkNinja,99.27,63,11,2,0,76,68,3,1,0,72,148
EXEL,Exelixis,43.63,-23,34,58,12,81,7,-11,49,22,67,148
SAIC,SAIC,115.75,35,0,-31,65,69,36,-21,8,55,78,147
LVS,Las Vegas Sands,47.39,46,35,0,-4,77,40,41,1,-12,70,147
HII,Huntington Ingalls Industries,246.3,33,74,2,4,113,26,5,10,-7,34,147
AEP,American Electric Power,104.41,12,2,67,21,102,14,1,17,12,44,146
JEF,Jefferies Financial Group,55.54,7,11,-14,56,60,37,11,-17,55,86,146
BWXT,BWX Technologies,140.45,-6,33,7,33,67,-5,50,4,29,78,145
TXRH,Texas Roadhouse,189.23,7,36,3,62,108,14,-10,4,29,37,145
GLPI,Gaming and Leisure Properties,47.42,7,1,1,63,72,5,15,-2,55,73,145
OSK,Oshkosh Corporation,118.11,28,34,5,2,69,37,39,2,-3,75,144
DLR,Digital Realty,171.24,0,41,0,20,61,12,48,4,17,81,142
REG,Regency Centers,71.11,0,0,62,51,113,5,3,4,17,29,142
RRC,Range Resources,38.96,-14,35,28,40,89,-40,36,4,53,53,142
FTI,TechnipFMC,34.63,0,35,11,25,71,-7,39,4,35,71,142
NCLH,Norwegian Cruise Line Holdings,21.01,42,6,-14,0,34,68,36,-14,18,108,142
AYI,Acuity Brands,306.5,63,11,2,25,101,-3,40,-15,18,40,141
APG,APi Group,33.1,-1,42,12,16,69,-5,48,4,24,71,140
DG,Dollar General,115.3,30,76,0,-15,91,33,24,16,-24,49,140
MPC,Marathon Petroleum,169.93,6,37,0,47,90,10,41,4,-6,49,139
CXT,Crane NXT,55.36,0,25,-19,53,59,3,38,-15,54,80,139
HR,Healthcare Realty Trust,15.82,116,3,0,-37,82,63,9,-23,7,56,138
CMI,Cummins,329.33,28,7,0,63,98,37,-10,-15,28,40,138
JHG,Janus Henderson,39.47,43,20,0,17,80,37,4,1,16,58,138
JLL,Jones Lang LaSalle,256.84,49,9,2,12,72,54,14,-14,12,66,138
TXT,Textron,80.98,42,35,-29,51,99,-7,45,4,-3,39,138
QRVO,Qorvo,86.07,44,35,0,-29,50,46,43,2,-3,88,138
ELAN,Elanco,14.43,28,38,0,-5,61,37,40,3,-4,76,137
AMD,Advanced Micro Devices,136.08,0,34,-36,108,106,-10,41,4,-5,30,136
TOST,"Toast, Inc.",43.03,2,36,71,0,109,18,-10,4,15,27,136
CLH,Clean Harbors,229.51,0,42,0,56,98,-5,-16,4,55,38,136
ALNY,Alnylam Pharmaceuticals,321.8,5,34,11,13,63,14,42,4,13,73,136
UI,Ubiquiti,409.04,33,7,46,8,94,43,-13,4,8,42,136
PNFP,Pinnacle Financial Partners,114.26,46,35,1,13,95,19,3,2,16,40,135
GEN,Gen Digital,29.82,9,38,9,14,70,7,40,4,14,65,135
CFR,Frost Bank,132.51,43,35,2,2,82,54,-11,2,8,53,135
FIVE,Five Below,133.23,34,37,0,-14,57,40,46,5,-13,78,135
WSM,"Williams-Sonoma, Inc.",170.24,28,1,2,63,94,29,3,-11,19,40,134
WEC,WEC Energy Group,104.74,6,-5,49,11,61,9,-7,62,9,73,134
BEPC,Brookfield Renewable Partners,32.87,30,36,4,0,70,5,47,4,8,64,134
UBER,Uber,92.18,42,47,12,0,101,-6,4,10,24,32,133
EXPD,Expeditors International,117.99,9,3,0,129,141,21,3,-31,-1,-8,133
GE,GE Aerospace,249.04,0,46,13,25,84,-7,4,24,27,48,132
CAR,Avis Budget Group,171.85,77,51,3,-18,113,-14,61,7,-35,19,132
ACGL,Arch Capital Group,91.5,11,0,0,60,71,19,-11,4,49,61,132
NVT,Nvent Electric,72.19,46,35,2,10,93,-8,48,2,-3,39,132
SPR,Spirit AeroSystems,38.34,21,49,12,0,82,20,-6,24,12,50,132
RGLD,Royal Gold,177.62,-21,2,55,16,52,7,-3,62,14,80,132
XYL,Xylem Inc.,131.01,40,35,2,20,97,6,4,4,20,34,131
COHR,Coherent Corp.,86.66,35,34,0,13,82,-6,41,1,13,49,131
ABBV,AbbVie,189.96,6,1,10,56,73,6,-3,-7,62,58,131
NOC,Northrop Grumman,503.66,6,2,4,56,68,20,22,11,10,63,131
RMD,Resmed,256.29,0,41,11,11,63,7,47,3,11,68,131
MSTR,MicroStrategy,373.14,-1,0,93,17,109,-1,1,4,18,22,131
WAL,Western Alliance Bancorporation,81.02,44,8,0,2,54,54,5,1,16,76,130
GRAL,"Grail, Inc.",49.26,35,15,0,0,50,30,48,2,0,80,130
AEE,Ameren,96.39,6,0,50,11,67,10,-10,55,8,63,130
FAF,First American Financial Corporation,62.52,50,4,1,12,67,50,9,-13,16,62,129
EXE,Expand Energy,111.19,-10,55,35,0,80,-34,40,35,8,49,129
MO,Altria,58.15,-33,32,64,43,106,-34,23,20,14,23,129
PHM,PulteGroup,109.96,45,8,-17,63,99,19,12,-28,27,30,129
MSCI,MSCI,581.33,42,33,2,12,89,38,-17,1,18,40,129
SNA,Snap-on,317.87,8,0,0,57,65,37,-15,-13,55,64,129
LBRDA,Liberty Broadband (Series A),100.33,45,46,41,-34,98,20,1,4,6,31,129
QCOM,Qualcomm,159.38,28,20,-19,20,49,37,43,2,-3,79,128
NEM,Newmont,58.82,4,59,13,3,79,6,21,13,8,48,127
DHI,D. R. Horton,133.88,48,8,-22,63,97,19,12,-29,28,30,127
LBRDK,Liberty Broadband (Series C),100.8,44,46,41,-34,97,19,1,4,6,30,127
MTZ,MasTec,168.27,0,41,13,16,70,-6,48,4,11,57,127
BRX,Brixmor Property Group,26.05,8,17,0,53,78,7,14,4,24,49,127
MRVL,Marvell Technology,76.24,0,9,-15,104,98,-13,40,-15,16,28,126
WTM,White Mountains Insurance Group,1792.08,12,0,0,57,69,34,-18,-14,54,56,125
PPC,Pilgrim's Pride,45.48,-34,-19,80,19,46,6,-40,97,16,79,125
CARR,Carrier Global,74.31,43,42,2,0,87,6,3,4,24,37,124
PEGA,Pegasystems,52.52,42,47,13,3,105,-2,5,2,13,18,123
IONS,Ionis Pharmaceuticals,39.93,63,38,0,-9,92,-9,44,4,-8,31,123
ULTA,Ulta Beauty,473.54,9,45,6,2,62,14,48,6,-7,61,123
RITM,Rithm Capital,11.47,12,35,11,30,88,5,2,4,24,35,123
HIW,Highwoods Properties,31.25,7,41,5,4,57,3,48,4,11,66,123
VNT,Vontier,37.48,44,35,0,0,79,3,42,2,-3,44,123
EQT,EQT Corporation,55.73,-7,41,35,40,109,-36,6,35,8,13,122
TRGP,Targa Resources,171.96,28,0,0,49,77,-5,12,-14,52,45,122
EXPE,Expedia Group,174.07,21,8,43,9,81,40,1,-12,12,41,122
LLYVK,Liberty Live (Series C),80.44,23,41,23,0,87,19,11,4,0,34,121
ZS,Zscaler,307.12,-3,48,11,3,59,-8,50,4,16,62,121
ST,Sensata Technologies,31.08,57,35,-36,-13,43,69,39,2,-33,77,120
HLI,Houlihan Lokey,181.56,5,37,11,42,95,-9,6,4,24,25,120
VLO,Valero Energy,138.0,0,35,0,42,77,6,37,3,-3,43,120
COKE,Coca-Cola Consolidated,115.55,28,-42,0,84,70,51,-42,-9,50,50,120
ZBRA,Zebra Technologies,315.62,46,21,-15,-5,47,37,40,-15,11,73,120
PINS,Pinterest,35.68,42,20,0,0,62,37,36,-13,-3,57,119
PSX,Phillips 66,123.16,6,34,-2,39,77,6,36,3,-3,42,119
MCHP,Microchip Technology,71.68,56,35,0,1,92,-14,41,4,-5,26,118
IVZ,Invesco,16.17,46,11,0,0,57,56,7,-14,11,60,117
W,Wayfair,51.95,77,35,0,-39,73,37,41,4,-38,44,117
ELF,e.l.f. Beauty,126.66,24,27,-44,29,36,40,41,2,-3,80,116
CSX,CSX Corporation,33.47,29,34,-30,2,35,43,38,4,-4,81,116
ECL,Ecolab,272.6,16,33,10,20,79,14,2,4,17,37,116
BJ,BJ's Wholesale Club,106.95,-14,-2,72,8,64,-21,-18,34,56,51,115
SMCI,Supermicro,47.2,35,11,0,56,102,-4,34,-10,-7,13,115
IDA,Idacorp,115.93,8,4,50,16,78,15,-7,20,8,36,114
RGA,Reinsurance Group of America,199.26,16,0,0,38,54,20,-13,2,51,60,114
GXO,GXO Logistics,49.46,56,35,-31,0,60,16,41,3,-6,54,114
UHS,Universal Health Services,188.95,34,1,-5,20,50,37,1,2,24,64,114
FOUR,Shift4,97.72,46,15,2,0,63,-5,44,-11,22,50,113
EL,Estée Lauder Companies (The),85.12,77,25,0,-24,78,28,38,2,-33,35,113
APP,AppLovin,336.7,-6,25,99,0,118,-2,-9,-11,16,-6,112
OC,Owens Corning,143.41,24,1,-18,56,63,43,1,-22,27,49,112
ROKU,"Roku, Inc.",86.15,42,16,4,-17,45,37,40,-12,2,67,112
FOXA,Fox Corporation (Class A),55.95,8,34,62,0,104,-10,4,2,12,8,112
ED,Consolidated Edison,100.78,0,-19,22,45,48,10,-7,16,43,62,110
SOLV,Solventum,77.92,39,8,0,0,47,37,36,-10,0,63,110
VMC,Vulcan Materials,264.68,20,1,0,58,79,18,-17,4,25,30,109
DVA,DaVita,146.73,42,1,0,18,61,42,3,-14,17,48,109
AFG,American Financial Group,126.63,15,2,0,54,71,15,7,4,12,38,109
LII,Lennox International,598.73,50,2,0,36,88,12,1,-17,25,21,109
MAS,Masco,67.1,24,1,-14,63,74,40,1,-26,19,34,108
INGM,Ingram Micro,21.28,42,20,0,0,62,40,4,1,0,45,107
SARO,StandardAero,30.62,28,35,0,0,63,-2,42,4,0,44,107
HSIC,Schein (Henry),74.49,46,11,2,0,59,56,4,-13,1,48,107
SSD,Simpson Manufacturing Company,159.99,6,1,-20,154,141,-12,-23,-23,24,-34,107
VLTO,Veralto,102.59,42,35,0,0,77,37,-12,3,0,28,105
OTIS,Otis Worldwide,100.45,42,2,2,0,46,40,3,-8,24,59,105
DLTR,Dollar Tree,101.47,9,52,0,-13,48,5,51,19,-20,55,103
DELL,Dell Technologies,121.74,0,35,-1,30,64,-11,48,4,-2,39,103
LLYVA,Liberty Live (Series A),78.7,5,48,22,0,75,14,9,4,0,27,102
NNN,NNN Reit,43.56,9,33,2,20,64,5,17,4,12,38,102
IR,Ingersoll Rand,85.3,42,34,-15,21,82,-12,4,1,27,20,102
PNW,Pinnacle West Capital,90.81,8,1,62,16,87,6,-31,16,24,15,102
CCK,Crown Holdings,105.34,7,45,11,3,66,5,17,4,10,36,102
USB,U.S. Bancorp,46.49,42,35,0,2,79,5,4,1,13,23,102
K,Kellanova,79.84,13,-15,63,19,80,23,-12,-1,11,21,101
GNRC,Generac,146.61,49,19,-14,-32,22,56,37,-22,8,79,101
STLD,Steel Dynamics,130.12,5,1,1,53,60,-8,-10,4,55,41,101
INGR,Ingredion,136.88,6,1,0,32,39,10,-6,4,54,62,101
BKR,Baker Hughes,38.69,0,0,0,33,33,22,34,-13,24,67,100
PR,Permian Resources,13.99,-4,34,-2,24,52,-40,37,4,47,48,100
AS,Amer Sports,37.67,26,35,0,0,61,-5,40,4,0,39,100
ILMN,"Illumina, Inc.",98.21,121,15,-22,-38,76,42,41,-22,-38,23,99
NVST,Envista,20.0,43,20,0,0,63,42,41,-17,-30,36,99
CIEN,Ciena,80.1,49,35,3,10,97,-5,-10,2,14,1,98
SWKS,Skyworks Solutions,77.16,42,33,-37,-28,10,46,43,1,-3,87,97
FOX,Fox Corporation (Class B),51.59,9,34,61,0,104,-10,4,-8,7,-7,97
GEV,GE Vernova,506.02,1,47,0,0,48,-6,50,5,0,49,97
PB,Prosperity Bancshares,72.93,33,1,0,12,46,56,1,-18,12,51,97
PCOR,Procore,69.68,42,6,0,0,48,40,3,-11,17,49,97
DINO,HF Sinclair,42.11,13,37,0,0,50,6,42,4,-6,46,96
IRDM,Iridium Communications,30.59,28,17,0,-17,28,45,39,1,-17,68,96
NDSN,Nordson,220.38,16,34,-30,0,20,37,40,4,-5,76,96
CRH,CRH plc,93.3,21,0,1,62,84,19,-21,-11,25,12,96
SFD,Smithfield Foods,24.22,8,30,0,0,38,9,48,0,0,57,95
SPG,Simon Property Group,164.27,27,4,0,33,64,7,3,2,19,31,95
BWA,BorgWarner,34.79,24,37,2,0,63,40,1,4,-14,31,94
BBWI,"Bath & Body Works, Inc.",32.14,69,1,-19,-13,38,69,1,-10,-4,56,94
CNH,CNH Industrial,13.36,23,36,13,0,72,37,2,4,-21,22,94
FIS,Fidelity National Information Services,82.38,9,50,0,-35,24,9,48,3,9,69,93
DECK,Deckers Brands,105.4,8,-14,-18,91,67,37,-26,-14,29,26,93
NU,Nubank,13.64,44,6,2,0,52,14,6,4,17,41,93
F,Ford Motor Company,11.35,25,49,1,-15,60,20,11,4,-3,32,92
LAD,Lithia Motors,343.4,9,16,0,12,37,11,41,-16,19,55,92
COIN,Coinbase,335.24,0,34,3,0,37,-13,48,3,16,54,91
SYY,Sysco,77.36,9,22,1,1,33,10,35,1,12,58,91
MORN,"Morningstar, Inc.",311.88,40,35,-14,26,87,-7,-7,1,16,3,90
PSN,Parsons Corporation,72.75,28,20,-21,0,27,35,19,-24,33,63,90
GM,General Motors,52.0,22,17,0,9,48,21,9,1,11,42,90
BOKF,BOK Financial Corporation,101.4,43,4,0,20,67,50,-20,-20,12,22,89
PARA,Paramount Global (Class B),13.16,61,36,2,-37,62,22,42,6,-43,27,89
LITE,Lumentum,91.49,1,33,8,1,43,-5,41,2,8,46,89
LNC,Lincoln Financial,34.88,28,4,12,-4,40,37,4,2,6,49,89
AMTM,Amentum,23.9,35,47,0,0,82,-9,12,4,0,7,89
NVR,"NVR, Inc.",7666.47,28,4,-17,63,78,19,-10,-26,27,10,88
AGCO,AGCO,108.01,23,37,1,0,61,30,3,5,-11,27,88
BLDR,Builders FirstSource,126.9,50,1,-22,63,92,16,7,-26,-1,-4,88
XEL,Xcel Energy,68.72,6,0,45,10,61,-14,-19,53,7,27,88
TKR,Timken Company,75.42,42,20,-18,2,46,5,39,1,-3,42,88
WPC,W. P. Carey,63.0,-18,32,23,0,37,3,24,20,3,50,87
DT,Dynatrace,54.42,-7,33,8,0,34,-7,41,1,18,53,87
BAH,Booz Allen Hamilton,107.33,15,-24,-24,99,66,31,-20,-26,36,21,87
ESI,Element Solutions,23.13,46,7,-14,55,94,-9,7,-23,18,-7,87
BA,Boeing,209.8,21,48,2,0,71,28,-7,4,-9,16,87
PODD,Insulet,299.95,-6,36,39,2,71,14,-11,8,4,15,86
NUE,Nucor,134.13,72,12,-49,1,36,42,13,1,-6,50,86
LYFT,Lyft,16.19,42,36,2,0,80,11,-11,4,2,6,86
ALSN,Allison Transmission,96.76,7,0,0,33,40,40,-12,-15,32,45,85
AGNC,AGNC Investment,9.35,6,20,5,14,45,5,18,2,15,40,85
SNOW,Snowflake Inc.,215.89,-1,38,9,0,46,-5,48,4,-8,39,85
INFA,Informatica,24.31,42,26,-36,0,32,8,48,2,-5,53,85
GAP,Gap Inc.,22.46,28,-7,-6,16,31,50,-18,5,17,54,85
RRX,Regal Rexnord,146.68,42,35,-22,1,56,5,11,1,11,28,84
NTNX,Nutanix,75.19,28,4,25,20,77,-3,-16,4,22,7,84
MAT,Mattel,20.22,30,34,8,0,72,37,3,1,-29,12,84
TYL,Tyler Technologies,590.32,15,7,1,15,38,18,34,-22,16,46,84
SMG,Scotts Miracle-Gro Company,67.1,33,31,-16,-37,11,54,34,-26,11,73,84
AOS,A. O. Smith,67.76,41,1,-36,56,62,42,-21,4,-3,22,84
MEDP,Medpace,320.88,52,9,-21,30,70,10,19,-13,-2,14,84
D,Dominion Energy,57.64,46,33,8,-32,55,15,1,4,8,28,83
O,Realty Income,57.81,6,31,4,5,46,5,17,4,11,37,83
APPF,AppFolio,229.96,6,20,0,26,52,6,12,-14,26,30,82
LNT,Alliant Energy,61.37,6,1,62,12,81,5,-19,4,11,1,82
AMT,American Tower,224.49,8,13,10,4,35,5,18,14,9,46,81
PKG,Packaging Corporation of America,202.75,7,3,0,59,69,15,-7,-20,24,12,81
RPRX,Royalty Pharma,35.88,2,38,26,0,66,13,17,20,-36,14,80
VZ,Verizon,43.67,14,1,24,8,47,14,-11,17,12,32,79
CRM,Salesforce,271.91,42,0,-7,20,55,42,-22,-15,19,24,79
CPAY,Corpay,338.78,6,1,0,19,26,37,-9,2,23,53,79
KEYS,Keysight,164.4,42,35,10,0,87,-16,2,2,3,-9,78
APD,Air Products,285.55,36,6,0,14,56,-9,36,-13,8,22,78
ADC,Agree Realty,72.81,-35,-5,57,14,31,2,17,17,11,47,78
MDU,MDU Resources,16.77,15,0,0,38,53,17,-23,4,27,25,78
CTSH,Cognizant,80.44,9,7,10,12,38,33,-11,1,16,39,77
CBSH,Commerce Bancshares,63.7,23,1,1,9,34,27,1,4,11,43,77
BLD,TopBuild,343.0,56,9,-23,44,86,19,12,-40,-1,-10,76
HRB,H&R Block,55.76,6,-16,0,50,40,6,-28,8,50,36,76
IT,Gartner,406.59,12,-12,-15,56,41,6,-15,-13,55,33,74
CHDN,Churchill Downs Incorporated,104.17,31,4,-25,0,10,40,22,-26,28,64,74
TROW,T. Rowe Price,98.68,44,20,-17,-23,24,54,4,-19,11,50,74
HES,Hess Corporation,141.17,0,0,0,53,53,5,20,-5,1,21,74
UTHR,United Therapeutics,290.91,7,-15,-4,55,43,7,-10,-23,57,31,74
MU,Micron Technology,120.88,-6,34,3,20,51,-19,40,4,-3,22,73
MP,MP Materials,31.47,-7,18,26,0,37,-21,15,39,2,35,72
CVS,CVS Health,69.58,28,8,4,-15,25,40,14,19,-26,47,72
XYZ,"Block, Inc.",68.26,42,13,-18,-34,3,45,32,-19,11,69,72
MRP,Millrose Properties,28.57,26,24,0,0,50,19,2,0,0,21,71
CUZ,Cousins Properties,29.83,-2,25,5,9,37,1,18,4,11,34,71
CMS,CMS Energy,70.14,6,-27,70,21,70,5,-33,16,12,0,70
KMPR,Kemper Corporation,64.74,15,25,0,2,42,9,6,1,12,28,70
EW,Edwards Lifesciences,77.2,41,9,0,-12,38,50,-10,24,-33,31,69
NBIX,Neurocrine Biosciences,128.04,7,26,-22,23,34,6,45,-14,-2,35,69
FSLR,First Solar,163.05,14,0,-33,60,41,37,-10,4,-4,27,68
UAL,United Airlines Holdings,80.05,21,8,0,9,38,37,-7,-14,14,30,68
LEN-B,Lennar (Class B),110.13,21,1,-22,60,60,7,1,-29,28,7,67
EXP,Eagle Materials,209.1,45,-24,-9,55,67,19,-21,-23,25,0,67
PATH,UiPath,12.7,23,25,-5,0,43,40,-13,4,-8,23,66
NXST,Nexstar Media Group,177.89,7,34,3,2,46,10,1,1,8,20,66
HST,Host Hotels & Resorts,15.86,6,35,-26,0,15,5,48,2,-4,51,66
CVX,Chevron Corporation,145.55,0,0,-2,46,44,5,18,-6,4,21,65
VVV,Valvoline,39.29,23,20,-20,29,52,21,36,-42,-2,13,65
CUBE,CubeSmart,42.62,0,41,-17,20,44,5,-1,4,12,20,64
RKT,Rocket Companies,14.48,0,9,0,0,9,3,31,3,18,55,64
KBR,"KBR, Inc.",48.13,-1,-8,-24,62,29,-11,-8,-2,55,34,63
DOCS,Doximity,58.37,0,5,48,0,53,-5,16,-11,10,10,63
OKE,Oneok,80.98,0,-7,-7,52,38,-2,-3,-19,49,25,63
TFSL,Third Federal S&L,13.09,28,9,2,3,42,19,-20,4,17,20,62
EOG,EOG Resources,121.49,-31,14,0,43,26,-13,15,-15,49,36,62
Z,Zillow (Class C),71.51,11,8,5,0,24,14,17,-12,18,37,61
SBUX,Starbucks,94.91,7,3,4,1,15,16,34,-9,5,46,61
BROS,Dutch Bros. Coffee,67.14,-11,27,47,0,63,-4,-9,2,9,-2,61
ZG,Zillow (Class A),69.44,6,8,48,-39,23,14,17,-12,18,37,60
TTEK,Tetra Tech,36.1,6,33,-23,3,19,2,48,-26,17,41,60
GEHC,GE HealthCare,75.94,30,4,-14,0,20,37,9,-12,6,40,60
MOS,Mosaic Company (The),36.78,11,55,10,-14,62,11,5,9,-28,-3,59
EXC,Exelon,43.42,14,-24,49,12,51,14,-34,20,8,8,59
FE,FirstEnergy,40.38,3,0,1,53,57,5,-20,4,12,1,58
OWL,Blue Owl Capital,19.21,41,14,0,0,55,-7,6,-15,19,3,58
CHH,Choice Hotels,130.08,23,1,-7,13,30,37,-10,-11,12,28,58
OHI,Omega Healthcare Investors,36.67,0,1,0,38,39,3,-8,-5,29,19,58
CL,Colgate-Palmolive,92.06,11,0,-5,21,27,21,-7,-8,24,30,57
VTR,"Ventas, Inc.",62.87,-5,-24,66,20,57,1,-31,17,13,0,57
CART,Maplebear Inc.,45.65,25,4,17,0,46,19,-9,1,0,11,57
RNR,RenaissanceRe,244.02,0,2,-2,33,33,7,-11,2,26,24,57
EGP,EastGroup Properties,167.95,-34,32,1,6,5,3,47,4,-3,51,56
FLS,Flowserve,52.34,35,6,0,25,66,-2,-16,-15,23,-10,56
XOM,ExxonMobil,109.25,-40,1,0,42,3,-12,13,3,48,52,55
TPG,TPG Inc.,52.86,43,18,-7,0,54,-7,9,-18,17,1,55
TRU,TransUnion,89.89,5,24,0,1,30,7,3,2,12,24,54
ESAB,ESAB,123.97,13,0,2,0,15,37,-17,4,15,39,54
ESS,Essex Property Trust,284.95,6,17,0,12,35,-12,15,4,12,19,54
CEG,Constellation Energy,307.88,-3,35,10,0,42,-12,3,4,17,12,54
EXR,Extra Space Storage,150.5,7,32,-7,0,32,5,1,4,11,21,53
WING,Wingstop,335.08,-24,41,-1,36,52,-29,-2,2,29,0,52
SNDR,Schneider National,25.02,12,15,-17,0,10,21,34,-21,8,42,52
ROST,Ross Stores,129.95,6,-12,-7,33,20,19,-20,5,27,31,51
MDT,Medtronic,88.74,14,1,5,0,20,12,16,-8,11,31,51
MSGS,Madison Square Garden Sports,205.15,0,9,-1,19,27,16,3,-20,25,24,51
ABNB,Airbnb,135.42,7,20,-4,0,23,37,-7,1,-3,28,51
G,Genpact,44.98,21,0,2,1,24,37,-11,-9,8,25,49
CHTR,Charter Communications,418.25,44,3,12,-34,25,15,1,4,4,24,49
AMED,Amedisys,96.44,-7,52,6,-38,13,-7,15,19,8,35,48
FI,Fiserv,172.65,49,-61,-8,33,13,13,6,-9,25,35,48
SUI,Sun Communities,127.7,7,26,3,-22,14,5,16,4,9,34,48
AWK,American Water Works,142.56,3,0,20,0,23,7,-4,16,6,25,48
LEN,Lennar (Class A),115.49,25,1,-24,62,64,19,-5,-29,-1,-16,48
JNJ,Johnson & Johnson,155.9,7,1,2,5,15,40,-3,-8,4,33,48
OLED,Universal Display Corporation,156.72,16,35,-31,0,20,-16,42,4,-3,27,47
MKC,McCormick & Company,77.19,28,0,2,0,30,1,15,-8,8,16,46
MKSI,MKS Instruments,100.72,42,20,-21,-11,30,-6,40,-15,-3,16,46
CSGP,CoStar Group,81.89,7,17,0,12,36,-12,12,17,-7,10,46
MUSA,Murphy USA,416.7,3,-37,-7,66,25,3,-37,-23,77,20,45
ALAB,Astera Labs,88.65,-3,33,0,0,30,-12,42,-16,0,14,44
CRUS,Cirrus Logic,108.9,6,35,-17,17,41,-12,11,4,-1,2,43
THO,Thor Industries,90.76,11,19,-20,0,10,19,41,-23,-4,33,43
AVB,AvalonBay Communities,203.36,-4,1,0,14,11,5,15,-1,13,32,43
TER,Teradyne,91.9,58,6,-23,-4,37,-10,36,-17,-3,6,43
MASI,Masimo,168.91,0,8,40,-4,44,-21,21,-9,8,-1,43
DNB,Dun & Bradstreet,9.09,66,14,-20,0,60,21,18,-22,-35,-18,42
PPG,PPG Industries,116.42,45,35,-40,-6,34,6,3,4,-6,7,41
KDP,Keurig Dr Pepper,33.58,7,0,1,0,8,6,5,12,10,33,41
WAT,Waters Corporation,357.04,39,5,2,12,58,1,-16,-14,12,-17,41
COLB,Columbia Banking System,24.45,28,1,0,-7,22,50,-20,-20,8,18,40
WTW,Willis Towers Watson,307.65,37,-47,2,22,14,19,-11,-9,27,26,40
NLY,Annaly Capital Management,19.05,-4,17,12,8,33,-12,3,2,14,7,40
ROIV,Roivant Sciences,10.94,-14,45,-1,0,30,-30,14,4,22,10,40
UDR,"UDR, Inc.",40.87,6,0,0,0,6,5,14,4,11,34,40
LPX,Louisiana-Pacific,91.32,7,1,-4,61,65,-16,-15,-18,24,-25,40
CFLT,"Confluent, Inc.",24.96,28,4,-10,0,22,-2,29,-12,2,17,39
NCNO,nCino,27.72,26,20,-20,0,26,26,-4,-22,13,13,39
CMCSA,Comcast,36.33,24,7,-29,-7,-5,37,12,1,-6,44,39
PARAA,Paramount Global (Class A),22.86,2,2,33,0,37,-12,8,2,4,2,39
ES,Eversource Energy,64.54,6,38,9,-8,45,20,-5,4,-26,-7,38
ADM,Archer Daniels Midland,54.32,6,36,0,-9,33,6,12,4,-18,4,37
DPZ,Domino's,457.94,6,0,0,8,14,6,-21,21,16,22,36
MTD,Mettler Toledo,1205.37,30,20,-17,0,33,1,40,-35,-3,3,36
LUV,Southwest Airlines,33.42,16,34,9,-37,22,16,-5,1,2,14,36
BALL,Ball Corporation,57.88,7,35,-29,-9,4,-16,47,4,-3,32,36
SBAC,SBA Communications,238.75,9,8,10,-18,9,5,7,11,3,26,35
AMCR,Amcor,9.47,28,1,-14,0,15,37,3,-29,9,20,35
CACC,Credit Acceptance,529.4,15,11,1,1,28,7,12,-9,-3,7,35
BFAM,Bright Horizons,121.41,-1,0,8,6,13,13,-14,9,13,21,34
TWLO,Twilio,117.23,-1,27,41,-32,35,-2,3,-12,9,-2,33
EFX,Equifax,263.98,9,2,0,14,25,8,-20,4,16,8,33
PYPL,PayPal,75.29,42,25,0,-37,30,18,-4,-18,7,3,33
FND,Floor & Decor,81.33,30,1,-29,-4,-2,54,7,-23,-4,34,32
MIDD,Middleby,147.25,21,6,8,0,35,6,-10,-10,11,-3,32
WBA,Walgreens Boots Alliance,11.49,28,35,0,-75,-12,28,50,-1,-33,44,32
DAL,Delta Air Lines,49.0,23,7,-7,17,40,-5,-12,-15,24,-8,32
IP,International Paper,49.44,21,0,0,14,35,7,-10,-14,14,-3,32
AMH,American Homes 4 Rent,35.75,-35,0,-2,66,29,5,-19,4,13,3,32
A,Agilent Technologies,120.45,28,9,-17,0,20,-10,38,-14,-3,11,31
JBHT,J. B. Hunt,151.04,30,4,-25,0,9,45,7,-22,-8,22,31
ECG,Everus Construction Group,62.92,5,33,0,0,38,-3,7,-11,0,-7,31
GDDY,GoDaddy,178.42,5,0,0,20,25,18,-19,-13,20,6,31
VNO,Vornado Realty Trust,38.21,0,3,0,2,5,16,-5,2,13,26,31
DOCU,DocuSign,77.34,21,-15,-5,-10,-9,37,-9,2,9,39,30
KMB,Kimberly-Clark,131.63,7,-12,0,16,11,11,-12,-5,24,18,29
BIO,Bio-Rad Laboratories,247.96,63,1,-21,-26,17,67,6,-26,-35,12,29
DXCM,Dexcom,83.57,0,39,0,-12,27,12,-8,4,-7,1,28
MHK,Mohawk Industries,109.41,30,1,-20,-9,2,40,1,-28,12,25,27
MGM,MGM Resorts International,36.88,23,15,-50,0,-12,36,9,1,-7,39,27
VTRS,Viatris,9.18,28,9,-19,-5,13,6,13,-23,17,13,26
DKNG,DraftKings,41.99,0,11,3,0,14,-5,11,-12,18,12,26
SNDK,SanDisk,44.96,-2,11,0,0,9,-19,35,0,0,16,25
PSA,Public Storage,298.08,7,1,-5,13,16,5,-11,4,11,9,25
ZM,Zoom Communications,77.55,11,0,0,0,11,26,-18,4,2,14,25
HXL,Hexcel,57.15,28,7,-23,0,12,-2,36,-15,-7,12,24
BXP,"BXP, Inc.",68.12,-4,33,-2,0,27,-66,48,4,11,-3,24
U,Unity Technologies,24.01,20,24,0,0,44,16,-8,4,-33,-21,23
FDX,FedEx,234.39,9,3,-20,30,22,17,8,-22,-2,1,23
WDAY,"Workday, Inc.",239.14,2,-7,-4,12,3,19,-21,2,20,20,23
CHRW,C.H. Robinson,98.31,21,3,0,2,26,21,-10,-21,6,-4,22
CCI,Crown Castle,103.73,9,8,1,-26,-8,5,7,14,3,29,21
EQIX,Equinix,795.4,-30,0,-2,32,0,4,-5,-2,24,21,21
NEE,NextEra Energy,73.04,2,1,0,0,3,4,-1,4,11,18,21
BURL,Burlington Stores,237.02,16,-10,0,1,7,37,-19,-20,15,13,20
ACI,Albertsons,21.64,2,0,19,0,21,9,-25,21,-7,-2,19
ALK,Alaska Air Group,50.21,23,1,0,0,24,12,-14,-11,7,-6,18
EIX,Edison International,52.87,42,-18,-26,0,-2,14,-19,-23,48,20,18
WEX,WEX Inc.,150.59,34,17,-37,-3,11,6,35,-28,-6,7,18
LEA,Lear Corporation,100.61,28,35,-62,-15,-14,37,4,3,-13,31,17
HAYW,Hayward Holdings,14.15,15,6,-7,0,14,7,-20,2,14,3,17
EQR,Equity Residential,67.26,0,0,0,11,11,17,-26,4,11,6,17
WH,Wyndham Hotels & Resorts,83.1,20,-23,-5,9,1,37,-23,-11,13,16,17
SW,Smurfit Westrock,45.83,22,1,0,0,23,23,-13,-17,0,-7,16
TTD,Trade Desk (The),73.48,14,18,-21,2,13,16,-11,-21,18,2,15
QS,QuantumScape,6.36,35,9,0,0,44,-6,9,2,-34,-29,15
GTM,ZoomInfo,10.08,21,8,-17,0,12,21,39,-22,-35,3,15
WBD,Warner Bros. Discovery,10.95,46,15,6,-40,27,-7,35,2,-43,-13,14
PEN,"Penumbra, Inc.",250.68,-6,-24,26,9,5,-5,-27,40,1,9,14
CF,CF Industries,92.47,-46,34,9,2,-1,5,-1,4,6,14,13
TPL,Texas Pacific Land Corporation,1068.62,0,-22,-3,56,31,-11,-22,4,11,-18,13
DD,DuPont,71.48,28,6,-15,17,36,5,1,-29,-1,-24,12
APTV,Aptiv,71.68,21,35,1,-22,35,6,1,4,-34,-23,12
TEAM,Atlassian,207.66,21,-14,-4,-4,-1,40,-24,-12,9,13,12
KNX,Knight-Swift,46.07,24,1,-19,0,6,45,-13,-15,-11,6,12
GPC,Genuine Parts Company,125.33,14,2,0,0,16,17,-10,4,-15,-4,12
HOLX,Hologic,65.34,23,23,-29,0,17,-2,30,-29,-5,-6,11
AKAM,Akamai Technologies,79.6,44,2,-20,-5,21,7,10,-20,-8,-11,10
WMS,Advanced Drainage Systems,119.67,7,19,-34,1,-7,3,11,4,-1,17,10
OVV,Ovintiv,39.29,0,17,-31,0,-14,6,20,1,-4,23,9
FTV,Fortive,53.13,6,1,-15,31,23,5,-7,-11,-3,-16,7
ELV,Elevance Health,395.75,19,0,-38,0,-19,30,1,-4,-1,26,7
TGT,Target Corporation,103.87,21,1,-25,-9,-12,40,15,-33,-4,18,6
TSN,Tyson Foods,57.38,15,0,0,-26,-11,12,1,-5,9,17,6
CTRA,Coterra,25.1,-31,0,5,42,16,-42,27,-6,11,-10,6
DBX,Dropbox,27.7,-7,0,13,7,13,5,-22,2,6,-9,4
RH,RH,198.81,6,0,-18,-5,-17,30,1,-17,7,21,4
GPK,Graphic Packaging,21.85,7,-79,-13,56,-29,5,-16,-26,69,32,3
JKHY,Jack Henry & Associates,182.03,7,3,10,2,22,3,-11,-21,9,-20,2
ACN,Accenture,302.57,14,-8,-17,12,1,7,-10,-13,17,1,2
BC,Brunswick Corporation,57.89,7,19,-32,-5,-11,7,35,-23,-7,12,1
EEFT,Euronet Worldwide,103.98,4,0,0,-1,3,-12,-5,4,11,-2,1
INCY,Incyte,68.73,-2,21,0,-29,-10,-12,43,-25,5,11,1
CROX,Crocs,107.14,21,0,-36,0,-15,36,-21,4,-3,16,1
AR,Antero Resources,37.67,-26,0,35,8,17,-41,12,4,8,-17,0
GPN,Global Payments,81.96,42,0,-21,-37,-16,37,3,-18,-8,14,-2
INVH,Invitation Homes,32.78,-35,0,0,5,-30,5,-5,15,12,27,-3
WST,West Pharmaceutical Services,222.4,7,18,-21,-5,-1,6,18,-21,-6,-3,-4
SEB,Seaboard Corporation,2930.0,7,9,0,-21,-5,5,21,2,-27,1,-4
CRL,Charles River Laboratories,154.4,30,20,-48,-24,-22,43,38,-57,-6,18,-4
RYAN,Ryan Specialty,67.65,0,-5,3,0,-2,-11,-11,-3,23,-2,-4
VAC,Marriott Vacations Worldwide,76.11,64,10,-19,-15,40,-9,6,-19,-23,-45,-5
KRC,Kilroy Realty,34.59,0,25,-14,-38,-27,5,28,-20,9,22,-5
DLB,Dolby Laboratories,75.59,16,1,1,0,18,6,-21,-14,6,-23,-5
DAR,Darling Ingredients,38.1,6,12,0,-18,0,9,11,2,-28,-6,-6
HRL,Hormel Foods,30.69,7,4,-4,-21,-14,17,14,4,-28,7,-7
PCTY,Paylocity,182.25,13,-13,0,-1,-1,18,-15,-13,3,-7,-8
LULU,Lululemon Athletica,245.26,13,-17,-5,-1,-10,37,-11,-14,-10,2,-8
MTDR,Matador Resources,49.47,0,15,-23,0,-8,-16,35,-16,-4,-1,-9
WTRG,Essential Utilities,37.68,6,-14,1,-1,-8,9,-30,16,3,-2,-10
BMY,Bristol Myers Squibb,47.51,0,0,-3,-3,-6,5,-4,-8,3,-4,-10
CAVA,Cava Group,82.31,27,-24,-8,0,-5,40,-23,-22,0,-5,-10
SWK,Stanley Black & Decker,70.4,28,1,-23,-37,-31,37,1,-29,12,21,-10
GME,GameStop,23.7,14,-13,-4,-28,-31,35,-15,5,-5,20,-11
PLD,Prologis,106.61,6,1,-17,0,-10,1,-4,4,-3,-2,-12
AMKR,Amkor Technology,21.48,42,20,-34,0,28,-11,16,-42,-3,-40,-12
ESTC,Elastic NV,83.73,23,-9,-7,-4,3,19,-20,-12,-2,-15,-12
HUBS,HubSpot,558.21,14,-14,-4,9,5,-1,-22,-12,17,-18,-13
RVTY,Revvity,99.01,45,0,-14,-22,9,-16,11,-19,1,-23,-14
OKTA,"Okta, Inc.",98.51,1,-16,18,-22,-19,-2,-20,23,4,5,-14
MOH,Molina Healthcare,306.28,20,-27,-7,0,-14,7,1,-3,-6,-1,-15
AAP,Advance Auto Parts,49.47,7,27,0,-26,8,5,-1,4,-32,-24,-16
VNOM,Viper Energy,38.24,-58,-7,-3,42,-26,-10,-3,-22,45,10,-16
BILL,Bill.com,46.05,46,3,-18,0,31,-1,2,-14,-35,-48,-17
AVY,Avery Dennison,181.2,7,1,-29,0,-21,5,1,1,-3,4,-17
DHR,Danaher Corporation,201.11,7,17,-23,0,1,1,16,-34,-2,-19,-18
FBIN,Fortune Brands Innovations,53.41,28,0,-20,-3,5,-16,1,-26,18,-23,-18
FR,First Industrial Realty Trust,48.36,-18,0,-7,12,-13,-27,8,2,12,-5,-18
CNXC,Concentrix,56.19,6,1,0,0,7,5,-2,2,-31,-26,-19
PENN,Penn Entertainment,18.24,65,6,-17,-32,22,-3,16,-12,-42,-41,-19
SEG,Seaport Entertainment Group,18.71,0,-6,0,0,-6,9,-3,-22,0,-16,-22
IPG,Interpublic Group of Companies (The),25.13,50,1,-37,0,14,10,3,-34,-15,-36,-22
SIRI,Sirius XM,23.61,42,7,-77,-29,-57,54,39,-43,-15,35,-22
UHAL,U-Haul,61.25,0,-10,-9,20,1,4,-23,-22,18,-23,-22
CERT,"Certara, Inc.",11.53,23,-13,-9,0,1,37,-30,-1,-30,-24,-23
LOAR,Loar Holdings,82.19,-1,0,0,0,-1,-5,-25,8,0,-22,-23
EPAM,EPAM Systems,179.01,31,6,-20,-25,-8,42,-12,-11,-35,-16,-24
CDW,CDW,181.12,42,35,-36,2,43,9,-14,-57,-6,-68,-25
UA,Under Armour (Class C),6.74,53,27,-22,-35,23,19,-6,-26,-35,-48,-25
HHH,Howard Hughes Holdings,68.23,0,-8,-7,-4,-19,6,-2,-22,12,-6,-25
BHF,Brighthouse Financial,53.73,-37,0,12,9,-16,-2,-17,4,6,-9,-25
AA,Alcoa,30.2,14,2,-15,-18,-17,7,35,-21,-30,-9,-26
SEE,Sealed Air,31.98,7,35,-18,-22,2,6,-6,2,-30,-28,-26
S,SentinelOne,18.18,28,0,-19,0,9,-2,-23,-22,12,-35,-26
CCCS,CCC Intelligent Solutions,9.4,5,9,-22,0,-8,-6,12,-21,-4,-19,-27
WFRD,Weatherford International,52.17,11,6,-38,0,-21,23,15,-42,-3,-7,-28
YETI,Yeti Holdings,32.92,16,2,-29,-4,-15,14,1,-20,-8,-13,-28
EG,Everest Group,340.85,11,-16,-30,53,18,4,-16,-31,-3,-46,-28
AZTA,Azenta,31.78,32,0,-47,-29,-44,6,29,-13,-7,15,-29
GTLB,GitLab,45.52,22,-14,-15,0,-7,-2,-22,-14,16,-22,-29
DOC,Healthpeak Properties,17.88,9,0,-11,-29,-31,5,15,-26,7,1,-30
KMX,CarMax,70.28,7,0,-13,-34,-40,5,12,-17,9,9,-31
HPQ,HP Inc.,25.5,24,0,-19,0,5,-7,-20,-23,14,-36,-31
MAA,Mid-America Apartment Communities,148.95,6,-21,0,0,-15,5,-28,-2,9,-16,-31
FRT,Federal Realty Investment Trust,94.21,-4,0,-17,0,-21,5,-5,-23,12,-11,-32
PEP,PepsiCo,135.27,15,0,-36,-1,-22,18,15,-33,-11,-11,-33
TECH,Bio-Techne,52.08,30,0,-21,-22,-13,-8,11,-21,-4,-22,-35
ON,ON Semiconductor,53.6,5,20,-31,0,-6,-20,41,-37,-13,-29,-35
RNG,RingCentral,29.23,30,16,-20,-39,-13,37,3,-20,-43,-23,-36
ADBE,Adobe Inc.,392.02,6,0,-30,-4,-28,41,-12,-34,-3,-8,-36
SITE,SiteOne Landscape Supply,126.4,12,2,-20,-7,-13,5,1,-23,-6,-23,-36
DAY,Dayforce,56.46,0,0,-14,-10,-24,7,-5,-18,3,-13,-37
PCG,PG&E Corporation,14.12,6,-19,-24,0,-37,6,-21,-23,38,0,-37
PVH,PVH Corp.,71.58,23,-18,-26,-1,-22,30,-18,-22,-5,-15,-37
M,"Macy's, Inc.",12.33,14,1,-25,-13,-23,29,-21,-19,-4,-15,-38
PFE,Pfizer,25.04,7,16,-27,-21,-25,7,41,-35,-26,-13,-38
UAA,Under Armour (Class A),7.09,45,25,-22,-42,6,18,-6,-22,-35,-45,-39
AVTR,Avantor,13.92,9,0,-23,0,-14,-9,21,-34,-3,-25,-39
IPGP,IPG Photonics,71.2,28,34,-80,-42,-60,43,41,-21,-42,21,-39
FRPT,Freshpet,71.22,2,-12,-18,-4,-32,6,-16,-14,17,-7,-39
HSY,Hershey Company (The),175.84,7,1,-39,-2,-33,3,16,-8,-17,-6,-39
BRKR,Bruker,41.92,30,1,-54,-6,-29,43,11,-58,-7,-11,-40
PAYC,Paycom,233.81,0,0,13,-22,-9,9,-9,4,-35,-31,-40
AXTA,Axalta,30.5,7,-22,-10,20,-5,-12,-25,-23,24,-36,-41
FANG,Diamondback Energy,140.19,-4,1,-23,45,19,-14,-1,-42,-3,-60,-41
SJM,J.M. Smucker Company (The),102.97,14,-15,-6,-2,-9,7,-15,-4,-21,-33,-42
IQV,IQVIA,162.62,15,0,-34,-4,-23,5,16,-36,-4,-19,-42
LKQ,LKQ Corporation,37.95,6,-12,-4,0,-10,6,-18,-8,-15,-35,-45
BBY,Best Buy,70.64,7,1,-18,-4,-14,-12,-5,-29,14,-32,-46
PINC,"Premier, Inc.",21.73,-4,0,11,-26,-19,6,-10,9,-32,-27,-46
EXAS,Exact Sciences,54.61,15,3,-22,-23,-27,5,-12,2,-14,-19,-46
SAIA,Saia,285.97,46,-92,-20,2,-64,40,3,-22,-3,18,-46
DV,DoubleVerify,15.06,16,8,-64,0,-40,19,-5,-12,-8,-6,-46
ENTG,Entegris,82.32,42,1,-38,-4,1,-12,11,-43,-3,-47,-46
PK,Park Hotels & Resorts,10.65,7,1,-20,-5,-17,-9,1,-22,-3,-33,-50
WSC,WillScot Mobile Mini,28.37,40,1,-59,-4,-22,37,-20,-36,-10,-29,-51
LSCC,Lattice Semiconductor,50.11,0,1,-14,-3,-16,-18,7,-11,-13,-35,-51
SLB,Schlumberger,35.19,6,0,-64,0,-58,19,11,-15,-8,7,-51
TSLA,"Tesla, Inc.",300.71,-23,0,-1,8,-16,-33,7,-18,8,-36,-52
BRBR,BellRing Brands,58.78,0,-39,-7,0,-46,12,-31,-13,25,-7,-53
IEX,IDEX Corporation,180.27,7,0,-22,0,-15,6,-19,-22,-4,-39,-54
OGN,Organon & Co.,10.04,7,0,-23,0,-16,-16,16,-36,-2,-38,-54
SHC,Sotera Health,11.44,7,-12,-21,0,-26,-9,-19,4,-4,-28,-54
SON,Sonoco,45.75,7,1,-38,-3,-33,1,-11,1,-12,-21,-54
CGNX,Cognex Corporation,32.06,29,17,-34,-29,-17,40,3,-42,-38,-37,-54
VFC,VF Corporation,12.23,7,-12,-14,-41,-60,37,-23,-14,5,5,-55
INTC,Intel,22.85,42,6,-63,-18,-33,-12,11,-11,-10,-22,-55
POOL,Pool Corporation,304.36,7,-14,-17,-4,-28,2,1,-23,-7,-27,-55
UWMC,United Wholesale Mortgage,4.29,7,0,-23,0,-16,4,-5,-36,-2,-39,-55
DUOL,Duolingo,402.73,-114,-1,47,0,-68,-2,-15,8,21,12,-56
MDB,MongoDB Inc.,206.04,5,6,-20,-7,-16,-5,-7,-21,-7,-40,-56
TMO,Thermo Fisher Scientific,422.04,29,0,-16,-3,10,46,-96,-15,-1,-66,-56
COO,Cooper Companies (The),72.83,21,-22,-21,-3,-25,21,-26,-26,-1,-32,-57
MTCH,Match Group,32.5,7,19,-20,-35,-29,7,27,-27,-36,-29,-58
LSTR,Landstar,145.23,11,1,-29,0,-17,7,-7,-36,-5,-41,-58
ZTS,Zoetis,159.3,0,1,-29,-1,-29,-20,-9,3,-3,-29,-58
CE,Celanese,58.17,23,20,-37,-8,-2,5,1,-55,-7,-56,-58
LBTYA,Liberty Global (Series A),10.13,28,0,-34,-29,-35,12,3,-32,-8,-25,-60
RIVN,Rivian,13.47,-7,-3,-1,0,-11,-18,-18,5,-19,-50,-61
TTC,Toro Company (The),73.74,42,1,-29,-5,9,7,-17,-42,-18,-70,-61
GNTX,Gentex,22.85,23,0,-36,-6,-19,40,-24,-53,-6,-43,-62
EMN,Eastman Chemical Company,78.22,7,-12,-15,0,-20,-12,-14,-29,13,-42,-62
MKTX,MarketAxess,222.95,6,2,-22,-27,-41,5,11,4,-42,-22,-63
MRK,Merck & Co.,81.81,7,0,-41,-2,-36,7,15,-45,-4,-27,-63
GMED,Globus Medical,60.2,9,-90,-9,0,-90,37,-6,-14,10,27,-63
GLOB,Globant,92.56,6,-31,-20,-5,-50,37,-25,-20,-5,-13,-63
LBTYK,Liberty Global (Series C),10.4,28,0,-34,-28,-34,19,16,-31,-34,-30,-64
MTN,Vail Resorts,160.98,8,25,-27,-21,-15,21,-15,-21,-34,-49,-64
FMC,FMC Corporation,42.95,6,24,-34,-22,-26,-14,28,-30,-24,-40,-66
GFS,GlobalFoundries,39.42,7,13,-76,0,-56,5,11,-11,-15,-10,-66
UHAL-B,U-Haul (Series N),55.67,5,-12,-17,0,-24,4,-22,-31,7,-42,-66
REXR,Rexford Industrial,36.16,-4,20,-40,-16,-40,1,35,-35,-30,-29,-69
CC,Chemours,12.33,30,1,-59,-11,-39,7,12,-21,-28,-30,-69
TAP,Molson Coors,49.09,2,-46,-7,0,-51,10,-20,-8,-1,-19,-70
JAZZ,Jazz Pharmaceuticals,109.44,7,0,-9,-4,-6,-11,-6,-10,-37,-64,-70
HUM,Humana,252.5,23,0,-83,-10,-70,29,3,-14,-18,0,-70
TXG,10x Genomics,12.06,33,16,-70,0,-21,42,17,-69,-40,-50,-71
MRNA,Moderna,28.68,28,0,-49,-2,-23,43,-6,-49,-37,-49,-72
HOG,Harley-Davidson,25.07,7,1,-37,-7,-36,21,-17,-32,-9,-37,-73
NWL,Newell Brands,5.62,7,1,-21,-29,-42,19,5,-21,-34,-31,-73
LYB,LyondellBasell,61.21,6,0,-38,-3,-35,6,11,-52,-5,-40,-75
CHRD,Chord Energy,100.82,0,16,-44,0,-28,-14,19,-48,-4,-47,-75
ASH,Ashland Global,52.51,13,0,-35,-7,-29,6,1,-47,-8,-48,-77
NSA,National Storage Affiliates,32.68,6,-28,-9,-2,-33,5,-29,-30,10,-44,-77
RGEN,Repligen,126.38,10,-15,-10,-15,-30,7,-5,-14,-35,-47,-77
VKTX,Viking Therapeutics,26.65,0,1,-34,19,-14,-13,-20,-27,-4,-64,-78
IAC,IAC Inc.,38.87,21,4,-34,-29,-38,19,6,-29,-36,-40,-78
BG,Bunge Global,80.25,-13,13,-38,0,-38,-50,9,4,-3,-40,-78
PLTK,Playtika,4.89,16,1,-20,0,-3,5,-31,-21,-29,-76,-79
COP,ConocoPhillips,91.98,0,0,-39,0,-39,6,13,-55,-6,-42,-81
FCN,FTI Consulting,164.26,10,0,-31,0,-21,4,-20,-41,-3,-60,-81
CZR,Caesars Entertainment,29.61,7,8,-20,-23,-28,7,3,-29,-35,-54,-82
CPRI,Capri Holdings,18.21,23,4,-66,-9,-48,37,-12,-30,-30,-35,-83
CHE,Chemed Corporation,484.39,-14,-28,-5,0,-47,-12,-16,-3,-6,-37,-84
AAL,American Airlines Group,11.53,28,3,-15,-74,-58,37,-13,-15,-37,-28,-86
WY,Weyerhaeuser,26.23,-4,0,-17,0,-21,-29,-2,-29,-6,-66,-87
IFF,International Flavors & Fragrances,75.11,3,0,-17,-29,-43,-19,-6,-29,9,-45,-88
TDC,Teradata,23.14,20,2,-73,-15,-66,35,-22,-21,-14,-22,-88
RARE,Ultragenyx,36.24,-20,15,-21,-36,-62,-12,14,-29,-1,-28,-90
CLVT,Clarivate,4.51,26,6,-71,-4,-43,29,-5,-31,-40,-47,-90
ELS,Equity Lifestyle Properties,61.83,-29,-5,-15,0,-49,4,-19,-26,-1,-42,-91
CLF,Cleveland-Cliffs,8.14,16,0,-57,-14,-55,13,13,-57,-6,-37,-92
TREX,"Trex Company, Inc.",57.68,7,0,-48,-11,-52,7,-24,-20,-4,-41,-93
KVUE,Kenvue,20.95,-69,-19,0,0,-88,1,-20,13,1,-5,-93
REGN,Regeneron Pharmaceuticals,534.67,15,-22,-35,-2,-44,7,-19,-36,-2,-50,-94
ALGN,Align Technology,194.26,41,20,-61,-23,-23,12,9,-56,-36,-71,-94
COLM,Columbia Sportswear,63.35,16,-78,-15,-4,-81,6,-21,-10,11,-14,-95
UPS,United Parcel Service,104.45,21,1,-100,-14,-92,22,35,-28,-32,-3,-95
ONTO,Onto Innovation,100.21,26,-96,-20,0,-90,-2,11,-15,-2,-8,-98
QDEL,QuidelOrtho,29.8,14,-11,-17,-36,-50,37,-24,-17,-45,-49,-99
BIRK,Birkenstock,49.03,-92,-5,-4,0,-101,9,-12,4,0,1,-100
OMC,Omnicom Group,73.81,15,-139,-21,0,-145,21,1,-26,48,44,-101
WEN,Wendy's Company (The),11.88,0,-5,-31,-6,-42,-28,7,-26,-13,-60,-102
RYN,Rayonier,22.78,0,-60,-14,-3,-77,5,-6,-26,-7,-34,-111
BDX,Becton Dickinson,177.66,9,-88,-22,-3,-104,18,1,-13,-13,-7,-111
OLN,Olin Corporation,21.37,7,-13,-54,-7,-67,37,-5,-56,-21,-45,-112
DVN,Devon Energy,32.65,-4,1,-44,-3,-50,-60,14,3,-20,-63,-113
ARE,Alexandria Real Estate Equities,74.49,6,0,-31,-28,-53,5,9,-42,-33,-61,-114
BAX,Baxter International,31.23,7,0,-17,-36,-46,-16,-5,-8,-39,-68,-114
HAL,Halliburton,21.2,0,0,-57,-3,-60,-7,15,-56,-7,-55,-115
ETSY,Etsy,51.33,-84,25,-2,-28,-89,5,-4,4,-35,-30,-119
NKE,"Nike, Inc.",73.39,26,3,-71,-19,-61,44,3,-72,-34,-59,-120
ANGI,Angi Inc.,16.1,7,20,-34,-49,-56,19,-10,-32,-42,-65,-121
AES,AES Corporation,10.76,0,-10,-36,-9,-55,4,-1,-47,-22,-66,-121
CNC,Centene,56.63,7,-28,-38,-9,-68,5,-26,-7,-26,-54,-122
FTRE,Fortrea,5.21,-1,-12,-30,0,-43,-20,-1,-59,0,-80,-123
PII,Polaris Inc.,44.86,9,4,-94,-15,-96,21,1,-37,-15,-30,-126
LINE,"Lineage, Inc.",43.25,-17,-60,0,0,-77,-27,3,-25,0,-49,-126
DOW,Dow Inc.,27.81,0,-9,-37,0,-46,-17,-5,-52,-6,-80,-126
INSP,Inspire Medical Systems,130.88,6,-32,-17,-4,-47,-19,-24,-22,-15,-80,-127
KHC,Kraft Heinz,26.6,7,-48,-36,-2,-79,6,-38,-8,-8,-48,-127
STZ,Constellation Brands,166.45,6,-18,-39,-1,-52,7,-22,-55,-6,-76,-128
APA,APA Corporation,18.94,0,17,-79,-10,-72,20,21,-83,-17,-59,-131
DXC,DXC Technology,15.9,14,1,-19,-71,-75,7,-5,-26,-32,-56,-131
COTY,Coty,4.91,0,-9,-58,-5,-72,7,-2,-60,-7,-62,-134
GIS,General Mills,53.19,6,-59,-35,-2,-90,7,-5,-31,-17,-46,-136
KSS,Kohl's,9.17,9,1,-56,-29,-75,21,1,-57,-30,-65,-140
WLK,Westlake Corporation,80.5,22,-92,-34,-2,-106,7,1,-46,-4,-42,-148
LCID,Lucid Motors,2.04,-21,-23,-26,0,-70,-16,-20,-11,-33,-80,-150
CPT,Camden Property Trust,112.98,-74,0,0,0,-74,-84,-5,4,9,-76,-150
TRIP,Tripadvisor,13.89,7,0,-55,-50,-98,14,-14,-12,-42,-54,-152
VSTS,Vestis,6.08,6,-104,-15,0,-113,-13,-6,-21,0,-40,-153
FIVN,Five9,26.62,-1,1,-73,-33,-106,7,-6,-11,-38,-48,-154
PRGO,Perrigo,27.44,8,6,0,-111,-97,3,1,-9,-53,-58,-155
ALB,Albemarle Corporation,62.88,28,0,-122,-21,-115,-7,11,-21,-23,-40,-155
BMRN,BioMarin Pharmaceutical,56.21,6,-60,-44,-18,-116,21,-31,-9,-20,-39,-155
OXY,Occidental Petroleum,42.86,-45,1,-49,0,-93,-12,17,-53,-14,-62,-155
ACHC,Acadia Healthcare,23.51,20,-87,-42,-9,-118,30,-24,-36,-14,-44,-162
REYN,Reynolds Consumer Products,21.77,13,-101,-22,0,-110,14,-31,-34,-1,-52,-162
RHI,Robert Half,42.85,7,-109,-23,-7,-132,33,-14,-21,-30,-32,-164
APLS,Apellis Pharmaceuticals,17.86,-3,-3,-64,-14,-84,3,-5,-62,-16,-80,-164
SPB,Spectrum Brands,55.43,11,-135,-22,-2,-148,7,-25,-21,22,-17,-165
MPW,Medical Properties Trust,4.37,-14,-35,-1,-34,-84,-16,-33,-1,-33,-83,-167
MAN,ManpowerGroup,42.36,7,-61,-40,-26,-120,36,-11,-40,-34,-49,-169
ENOV,Enovis,33.02,23,-28,-59,-15,-79,-12,-24,-19,-35,-90,-169
LEG,Leggett & Platt,9.62,7,20,-126,-28,-127,-20,11,1,-36,-44,-171
BIIB,Biogen,130.02,7,0,-78,-25,-96,-16,-5,-41,-16,-78,-174
CAG,Conagra Brands,21.04,0,-53,-26,-5,-84,6,-67,-8,-21,-90,-174
SAM,Boston Beer Company,199.66,3,-24,-29,-35,-85,9,-34,-25,-42,-92,-177
BF-B,Brown–Forman (Class B),27.86,14,-22,-97,-16,-121,19,-21,-29,-26,-57,-178
NFE,New Fortress Energy,3.63,14,-91,-65,-1,-143,30,-26,-16,-23,-35,-178
BF-A,Brown–Forman (Class A),28.27,15,-22,-96,-16,-119,21,-22,-36,-22,-59,-178
LW,Lamb Weston,52.37,-70,0,-66,-6,-142,-5,-2,-20,-12,-39,-181
COLD,Americold,16.64,-16,-63,-35,-9,-123,-14,-5,-35,-13,-67,-190
NOV,NOV Inc.,12.92,-41,0,-49,-10,-100,-55,16,-40,-13,-92,-192
CPB,Campbell Soup Company,31.69,0,-60,-26,-4,-90,3,-70,-33,-3,-103,-193
ZBH,Zimmer Biomet,94.04,7,-58,-59,-15,-125,5,1,-58,-16,-68,-193
CIVI,Civitas Resources,29.44,-44,0,-49,-4,-97,-58,15,-49,-7,-99,-196
HUN,Huntsman Corporation,11.06,6,-71,-39,-13,-117,7,-27,-34,-31,-85,-202
XRAY,Dentsply Sirona,16.53,20,8,-75,-40,-87,-9,-11,-62,-38,-120,-207
FLO,Flowers Foods,16.23,7,-60,-31,-6,-90,5,-52,-51,-21,-119,-209
CLX,Clorox,123.54,6,-123,-11,-3,-131,8,-81,-21,11,-83,-214
WU,Western Union,8.69,5,-60,-17,-44,-116,-20,-29,-52,-3,-104,-220
GO,Grocery Outlet,12.93,-31,-11,-94,0,-136,-32,-32,4,-26,-86,-222
CRI,Carter's,31.84,7,-104,-56,-15,-168,7,-28,-33,-7,-61,-229
TFX,Teleflex,121.83,7,-104,-36,-37,-170,2,-59,-32,-8,-97,-267
DJT,Trump Media & Technology Group,17.73,-175,-22,-50,0,-247,6,-24,-18,-7,-43,-290
ENPH,Enphase Energy,40.89,6,-119,-40,-18,-171,-3,-60,-47,-22,-132,-303
WOLF,Wolfspeed,0.82,0,-29,-128,-28,-185,5,-28,-94,-35,-152,-337
SRPT,Sarepta Therapeutics,17.7,-94,-117,-23,-5,-239,-51,-11,-44,-4,-110,-349
