Symbol,Name,Close,1H Cloud Score,1D Cloud Score,1W Cloud Score,1M Cloud Score,Cloud Score Sum,1H TKx Score,1D TKx Score,1W TKx Score,1M TKx Score,TKx Score Sum,Total Score Sum
TJX,TJX Companies,139.42,-17,35,154,199,371,-8,39,123,194,348,719
GOOGL,Alphabet (Class A),252.54,147,81,14,177,419,94,55,11,22,182,601
GOOG,Alphabet (Class C),252.88,147,81,13,177,418,94,55,10,22,181,599
JPM,JPMorgan Chase,312.45,57,94,129,159,439,60,19,16,27,122,561
ORLY,O'Reilly Auto Parts,103.44,-28,46,169,200,387,-33,52,60,90,169,556
GS,Goldman Sachs,805.75,79,92,98,59,328,70,103,16,22,211,539
COOP,Mr. Cooper Group,213.9,-12,92,125,59,264,-13,91,123,57,258,522
GLW,Corning Inc.,79.15,147,91,25,18,281,96,98,14,15,223,504
FIX,Comfort Systems USA,821.62,68,95,23,65,251,72,107,16,56,251,502
AAPL,Apple Inc.,256.09,37,59,4,252,352,42,27,8,72,149,501
WDC,Western Digital,112.41,147,92,18,19,276,96,103,16,4,219,495
WELL,Welltower,167.41,0,89,122,59,270,9,50,139,25,223,493
MS,Morgan Stanley,160.72,72,92,82,65,311,21,103,16,17,157,468
ORI,Old Republic International,40.96,7,29,153,59,248,12,27,123,56,218,466
APP,AppLovin,643.5,141,37,111,0,289,96,45,12,19,172,461
HWM,Howmet Aerospace,192.13,91,9,154,30,284,12,9,98,58,177,461
PLTR,Palantir Technologies,179.33,70,105,122,0,297,15,3,125,21,164,461
RBA,RB Global,114.83,-2,103,110,28,239,26,52,113,20,211,450
BK,BNY Mellon,109.46,56,94,100,41,291,24,98,16,20,158,449
WRB,W. R. Berkley Corporation,73.4,12,18,100,177,307,20,31,30,56,137,444
APH,Amphenol,123.69,81,105,25,66,277,14,107,16,28,165,442
LOPE,Grand Canyon Education,211.94,56,32,153,36,277,54,31,40,35,160,437
ITT,ITT Inc.,181.35,66,98,22,100,286,-5,105,16,27,143,429
MSI,Motorola Solutions,471.55,-27,47,7,154,181,-2,57,7,186,248,429
KLAC,KLA Corporation,1070.88,84,11,20,178,293,85,5,16,27,133,426
BX,Blackstone Inc.,185.58,79,63,10,143,295,84,10,11,22,127,422
FTAI,FTAI Aviation,181.97,154,38,9,48,249,86,38,12,32,168,417
C,Citigroup,103.5,74,92,25,19,210,70,102,16,15,203,413
CASY,Casey's,547.29,0,11,119,88,218,-18,7,123,79,191,409
AMG,Affiliated Managers Group,243.75,147,98,17,23,285,20,69,16,18,123,408
PANW,Palo Alto Networks,208.18,182,12,5,82,281,37,13,16,58,124,405
HUBB,Hubbell Incorporated,438.61,0,90,7,183,280,14,21,12,72,119,399
KRC,Kilroy Realty,44.34,197,82,12,0,291,-7,85,12,12,102,393
FAST,Fastenal,47.12,-2,114,129,107,348,5,-7,20,27,45,393
EVR,Evercore,352.97,78,91,13,59,241,83,27,14,27,151,392
CDNS,Cadence Design Systems,373.37,25,3,23,142,193,18,-17,16,181,198,391
CIEN,Ciena,139.3,133,92,15,13,253,91,14,14,17,136,389
TLN,Talen Energy,429.78,79,104,45,0,228,93,39,17,3,152,380
CAT,Caterpillar Inc.,472.12,56,91,14,65,226,63,16,14,58,151,377
SO,Southern Company,92.35,7,0,82,191,280,4,-17,29,80,96,376
MPWR,Monolithic Power Systems,922.23,28,92,9,158,287,33,36,16,1,86,373
ACM,AECOM,132.97,56,98,22,66,242,14,27,16,73,130,372
RTX,RTX Corporation,159.41,42,91,83,55,271,4,-8,90,15,101,372
AM,Antero Midstream,18.75,10,14,154,24,202,21,7,84,56,168,370
NRG,NRG Energy,171.01,7,7,109,95,218,5,6,119,22,152,370
IBM,IBM,271.44,92,3,115,55,265,34,11,-1,57,101,366
MLI,Mueller Industries,101.0,63,64,13,59,199,24,57,14,72,167,366
YUM,Yum! Brands,149.27,2,8,34,260,304,2,8,-8,58,60,364
LRCX,Lam Research,132.21,80,14,15,153,262,86,6,16,-6,102,364
TIGO,Millicom,48.65,18,172,83,3,276,39,2,30,17,88,364
CMI,Cummins,424.85,63,64,11,66,204,60,55,12,31,158,362
TPR,"Tapestry, Inc.",113.87,61,92,86,22,261,54,9,14,20,97,358
GE,GE Aerospace,300.98,63,103,25,28,219,59,14,36,30,139,358
JEF,Jefferies Financial Group,69.67,69,68,3,59,199,24,68,7,58,157,356
SNDK,SanDisk,102.94,148,25,0,0,173,147,27,8,0,182,355
MA,Mastercard,584.54,0,37,132,156,325,-9,-5,16,27,29,354
RJF,Raymond James Financial,175.37,34,91,98,59,282,24,14,13,20,71,353
ALLE,Allegion,177.83,57,104,15,22,198,56,60,16,23,155,353
LYV,Live Nation Entertainment,165.12,-20,93,100,148,321,-33,31,15,17,30,351
AXON,Axon Enterprise,775.7,50,-8,151,95,288,14,1,16,31,62,350
WM,"Waste Management, Inc.",216.95,0,-21,0,188,167,14,-27,33,160,180,347
ETR,Entergy,89.24,0,2,82,138,222,8,1,95,15,119,341
TRV,Travelers Companies (The),276.12,12,28,97,59,196,18,39,30,57,144,340
SGI,Somnigroup International,84.2,-7,92,47,65,197,-5,105,16,27,143,340
CTAS,Cintas,202.61,5,-26,1,168,148,4,-21,19,188,190,338
L,Loews Corporation,97.24,3,92,118,56,269,1,27,16,25,69,338
NVT,Nvent Electric,100.25,81,92,14,13,200,21,105,14,-6,134,334
ABBV,AbbVie,222.6,56,44,22,59,181,28,51,8,65,152,333
HPE,Hewlett Packard Enterprise,25.17,83,88,7,43,221,19,25,13,55,112,333
PTC,PTC Inc.,205.94,0,91,12,183,286,14,-8,13,27,46,332
AZO,AutoZone,4118.44,-32,45,100,87,200,-40,52,60,58,130,330
AMAT,Applied Materials,200.53,79,3,1,150,233,84,3,14,-6,95,328
RSG,Republic Services,226.25,-48,-38,130,178,222,12,-63,-7,161,103,325
HLI,Houlihan Lokey,208.1,69,94,23,45,231,24,27,16,27,94,325
SNX,TD Synnex,151.42,0,92,21,64,177,13,98,14,22,147,324
J,Jacobs Solutions,150.63,56,90,12,107,265,24,1,13,20,58,323
AWI,Armstrong World Industries,196.03,-7,99,100,22,214,14,58,16,20,108,322
ALL,Allstate,206.48,12,3,103,160,278,21,-12,17,18,44,322
ROL,"Rollins, Inc.",55.56,-39,-6,37,287,279,-8,-14,29,36,43,322
DTE,DTE Energy,136.14,7,0,80,190,277,11,-14,33,14,44,321
LDOS,Leidos,187.83,63,104,8,24,199,21,61,19,20,121,320
STE,Steris,249.62,2,31,20,196,249,-7,24,28,26,71,320
RBC,RBC Bearings,383.38,6,-7,99,165,263,-6,-15,20,58,57,320
MCD,McDonald's,303.02,-65,28,58,243,264,-4,-3,4,58,55,319
AME,Ametek,188.54,-3,37,10,107,151,13,37,16,102,168,319
AJG,Arthur J. Gallagher & Co.,300.1,14,0,0,187,201,22,-5,-8,108,117,318
SF,Stifel,114.55,9,82,14,60,165,21,97,13,21,152,317
TTWO,Take-Two Interactive,251.64,120,15,51,14,200,23,22,51,21,117,317
V,Visa Inc.,344.39,6,0,143,134,283,-9,-5,16,27,29,312
DUK,Duke Energy,121.61,3,0,82,184,269,8,-12,28,17,41,310
ANET,Arista Networks,145.38,0,77,13,59,149,19,73,12,57,161,310
PSTG,Pure Storage,87.83,139,22,5,43,209,14,14,12,58,98,307
RL,Ralph Lauren Corporation,307.65,-2,94,100,35,227,14,23,16,27,80,307
WMB,Williams Companies,60.18,28,3,118,53,202,22,8,16,58,104,306
SPOT,Spotify,738.99,23,6,118,13,160,21,3,101,21,146,306
LIN,Linde plc,477.75,4,35,19,111,169,11,2,16,107,136,305
ETN,Eaton Corporation,378.42,63,2,14,115,194,13,9,14,73,109,303
EHC,Encompass Health,126.09,7,26,149,30,212,2,29,30,30,91,303
AAON,AAON,92.95,21,3,-19,246,251,29,21,-31,32,51,302
SSNC,SS&C Technologies,89.63,6,68,96,15,185,-8,93,13,16,114,299
COF,Capital One,225.39,0,98,100,22,220,21,18,16,19,74,294
LHX,L3Harris,284.31,6,114,18,6,144,10,107,18,15,150,294
BPOP,"Popular, Inc.",126.98,21,99,23,60,203,25,27,16,20,88,291
FWONA,Liberty Formula 1 (Series A),93.21,31,5,75,63,174,26,19,15,57,117,291
DASH,DoorDash,262.82,23,91,103,0,217,33,6,16,19,74,291
ORCL,Oracle Corporation,328.22,7,9,17,199,232,9,6,16,28,59,291
LMT,Lockheed Martin,480.63,89,18,0,166,273,10,20,-10,-3,17,290
COST,Costco,943.12,-19,-3,0,181,159,-33,-14,-8,185,130,289
HD,Home Depot (The),412.05,-13,44,7,181,219,-15,57,8,20,70,289
NFLX,Netflix,1227.39,5,0,122,21,148,30,-3,93,21,141,289
FFIV,"F5, Inc.",330.23,20,91,100,15,226,23,5,16,18,62,288
ADI,Analog Devices,247.33,12,23,17,180,232,-11,23,16,27,55,287
FWONK,Liberty Formula 1 (Series C),102.8,30,5,76,58,169,26,19,16,57,118,287
NEM,Newmont,83.72,14,116,25,6,161,12,78,25,11,126,287
WMT,Walmart,102.81,-1,16,133,102,250,-17,7,16,30,36,286
DGX,Quest Diagnostics,184.91,21,31,74,19,145,22,29,74,15,140,285
ITW,Illinois Tool Works,260.9,-20,63,8,179,230,-15,27,13,30,55,285
CBRE,CBRE Group,162.61,-8,76,98,23,189,-6,72,14,15,95,284
SOFI,SoFi,29.78,79,84,52,0,215,14,28,14,12,68,283
KKR,KKR & Co. Inc.,146.95,63,3,3,104,173,72,3,12,22,109,282
GD,General Dynamics,322.67,-14,114,14,55,169,-30,69,16,58,113,282
PFGC,Performance Food Group,103.37,-4,95,59,44,194,-7,21,16,58,88,282
HOOD,Robinhood Markets,124.87,23,94,87,0,204,26,11,16,19,72,276
TSLA,"Tesla, Inc.",434.0,84,31,4,11,130,86,37,10,11,144,274
CBOE,Cboe Global Markets,236.8,3,-3,150,56,206,5,-18,28,52,67,273
NWS,News Corp (Class B),34.13,28,2,118,59,207,42,-14,16,22,66,273
CW,Curtiss-Wright,517.64,5,100,25,55,185,13,8,16,50,87,272
EME,Emcor,655.9,8,92,23,59,182,7,11,14,58,90,272
MSFT,Microsoft,514.37,49,0,22,174,245,9,-25,16,26,26,271
LOW,Lowe's,260.42,-14,44,6,167,203,-15,56,7,20,68,271
MU,Micron Technology,164.58,91,18,4,23,136,91,27,16,1,135,271
HEI,HEICO (Common),320.2,-10,0,31,190,211,-26,5,22,58,59,270
URI,United Rentals,943.63,-17,92,13,65,153,-19,63,14,58,116,269
APO,Apollo Global Management,143.89,57,0,0,98,155,71,3,12,27,113,268
UNP,Union Pacific Corporation,225.98,22,0,-11,199,210,51,-12,-1,20,58,268
BWXT,BWX Technologies,178.31,63,90,19,36,208,10,2,16,32,60,268
PH,Parker Hannifin,760.12,1,93,23,66,183,13,24,16,31,84,267
ATO,Atmos Energy,162.96,-30,32,80,46,128,7,-6,91,46,138,266
IBKR,Interactive Brokers,64.22,21,3,95,58,177,14,2,14,58,88,265
CRS,Carpenter Technology Corporation,242.72,-14,-21,152,36,153,-19,4,77,50,112,265
AVGO,Broadcom,338.74,-7,95,25,117,230,-26,12,16,31,33,263
CINF,Cincinnati Financial,154.69,0,35,91,63,189,15,26,16,16,73,262
EVRG,Evergy,72.22,4,73,64,15,156,10,1,83,11,105,261
PPL,PPL Corporation,35.69,-1,50,82,24,155,8,-11,94,15,106,261
NU,Nubank,16.3,79,23,7,0,109,96,18,16,20,150,259
MNST,Monster Beverage,63.97,-6,31,32,181,238,-15,5,25,5,20,258
AXP,American Express,341.05,31,21,23,100,175,25,21,14,22,82,257
COR,Cencora,288.79,-37,15,50,76,104,-1,24,61,69,153,257
LLY,Lilly (Eli),754.91,0,6,-9,173,170,-12,14,-13,97,86,256
BLK,BlackRock,1135.5,56,91,23,23,193,23,2,16,22,63,256
UNM,Unum,75.9,100,3,4,41,148,22,12,16,55,105,253
MEDP,Medpace,497.99,57,66,10,33,166,-2,76,10,3,87,253
GL,Globe Life,145.24,56,44,51,15,166,24,43,10,9,86,252
AU,AngloGold Ashanti,69.38,14,36,82,19,151,11,45,30,15,101,252
SRE,Sempra,82.39,0,47,6,182,235,2,2,14,-2,16,251
FHN,First Horizon Corporation,22.69,24,92,58,5,179,24,21,14,11,70,249
INTU,Intuit,702.36,21,-23,23,192,213,28,-29,16,21,36,249
AXS,AXIS Capital,95.11,-39,-1,92,46,98,13,-5,88,54,150,248
NTRS,Northern Trust,131.8,34,92,22,12,160,24,34,16,14,88,248
PWR,Quanta Services,396.02,18,1,23,100,142,14,3,16,73,106,248
EXEL,Exelixis,39.57,73,0,70,15,158,-2,6,61,25,90,248
DOCS,Doximity,72.51,85,62,60,0,207,-5,27,6,13,41,248
BRK-B,Berkshire Hathaway,493.71,2,18,130,63,213,-7,26,-11,27,35,248
WFC,Wells Fargo,85.17,33,8,98,30,169,25,16,16,20,77,246
TPG,TPG Inc.,64.35,57,75,8,0,140,69,3,10,20,102,242
NI,NiSource,41.31,7,0,80,46,133,12,-13,95,15,109,242
MLM,Martin Marietta Materials,619.98,3,47,12,61,123,22,52,16,28,118,241
INSM,Insmed,145.03,10,72,70,17,169,-8,42,16,21,71,240
CG,Carlyle Group (The),67.79,0,83,14,22,119,-5,94,13,19,121,240
R,Ryder,184.91,-20,77,16,57,130,-23,63,13,57,110,240
GRMN,Garmin,236.39,-20,65,118,20,183,-5,26,12,22,55,238
KEYS,Keysight,177.84,90,14,4,1,109,95,14,14,6,129,238
DDS,Dillard's,573.69,-3,74,20,55,146,-5,28,13,56,92,238
XYL,Xylem Inc.,143.55,44,92,14,23,173,24,1,16,23,64,237
VMC,Vulcan Materials,298.94,5,44,12,61,122,19,52,16,28,115,237
SCCO,Southern Copper,111.46,104,14,4,63,185,12,27,16,-3,52,237
AIZ,Assurant,211.29,4,33,7,153,197,16,-4,8,20,40,237
HEI-A,HEICO (Class A),252.05,-14,1,32,183,202,-25,6,23,31,35,237
T,AT&T,28.93,-8,32,76,17,117,-31,34,100,16,119,236
CRH,CRH plc,114.71,7,46,13,65,131,12,55,10,28,105,236
TDY,Teledyne Technologies,567.93,18,91,58,15,182,14,6,16,16,52,234
MDT,Medtronic,94.62,56,59,17,2,134,3,73,9,14,99,233
HIG,Hartford (The),130.7,-35,34,100,58,157,-5,-3,27,57,76,233
CME,CME Group,261.09,0,-26,60,137,171,7,-21,56,20,62,233
ATI,ATI Inc.,79.86,38,0,22,44,104,48,11,16,53,128,232
SCI,Service Corporation International,81.73,9,8,3,176,196,6,2,14,14,36,232
LITE,Lumentum,164.66,0,90,20,4,114,-6,98,14,11,117,231
CRWD,CrowdStrike,492.91,56,3,51,0,110,80,4,16,21,121,231
SYY,Sysco,81.39,18,79,13,4,114,-3,92,13,15,117,231
AFRM,Affirm Holdings,90.11,32,74,18,0,124,39,35,14,18,106,230
CNP,Centerpoint Energy,38.28,3,46,55,46,150,11,4,49,16,80,230
ALNY,Alnylam Pharmaceuticals,458.76,-39,91,23,16,91,7,99,16,16,138,229
UTHR,United Therapeutics,414.73,26,28,4,58,116,21,28,4,60,113,229
DRS,Leonardo DRS,42.87,6,-24,145,59,186,-5,2,16,30,43,229
OLLI,Ollie's Bargain Outlet,132.94,0,0,121,17,138,-7,4,69,24,90,228
EQH,Equitable Holdings,54.05,24,13,98,12,147,20,24,16,20,80,227
ULTA,Ulta Beauty,518.11,-5,102,18,5,120,-7,105,18,-10,106,226
OMF,OneMain Financial,60.43,-14,92,23,61,162,-6,27,16,27,64,226
FLEX,Flex Ltd.,58.99,19,21,24,59,123,14,14,16,58,102,225
WEC,WEC Energy Group,109.86,0,48,61,14,123,10,5,74,12,101,224
CVNA,Carvana,390.95,28,4,98,12,142,37,12,16,17,82,224
CACI,CACI,502.02,4,10,8,155,177,24,4,20,-2,46,223
OZK,Bank OZK,51.64,0,92,23,57,172,-3,20,14,20,51,223
MTZ,MasTec,207.19,63,9,25,19,116,63,14,16,14,107,223
TKO,TKO Group Holdings,199.68,-8,30,77,41,140,-7,23,16,51,83,223
PNR,Pentair,110.11,-8,92,15,63,162,-7,29,14,25,61,223
MP,MP Materials,73.21,28,75,38,0,141,42,-17,51,5,81,222
CHD,Church & Dwight,86.66,-49,-40,-22,345,234,-15,-3,-20,26,-12,222
AYI,Acuity Brands,339.09,0,68,10,28,106,-15,97,12,21,115,221
NVDA,Nvidia,183.61,5,3,20,135,163,14,1,16,27,58,221
IRM,Iron Mountain,104.49,71,6,2,58,137,6,5,16,57,84,221
NEU,NewMarket,810.69,-20,114,25,30,149,-12,28,28,28,72,221
U,Unity Technologies,45.91,43,81,12,0,136,12,55,16,1,84,220
FYBR,Frontier Communications,37.26,-16,30,95,0,109,-33,29,100,15,111,220
VMI,Valmont Industries,375.73,-14,82,68,59,195,-6,6,13,11,24,219
UI,Ubiquiti,642.37,24,21,58,11,114,21,56,16,11,104,218
SYF,Synchrony Financial,75.58,6,92,23,22,143,15,27,14,19,75,218
VIK,Viking Holdings,62.65,0,92,0,0,92,3,107,16,0,126,218
TER,Teradyne,135.13,21,63,1,3,88,33,93,9,-6,129,217
EBAY,eBay,90.57,0,0,83,15,98,23,-12,88,17,116,214
FSLR,First Solar,219.21,39,57,1,63,160,33,12,16,-7,54,214
ADP,Automatic Data Processing,293.39,5,-15,0,181,171,-4,-28,16,58,42,213
TDG,TransDigm Group,1295.29,2,-28,3,158,135,2,2,16,58,78,213
BR,Broadridge Financial Solutions,241.61,-40,-6,120,146,220,-36,-14,16,26,-8,212
TOL,Toll Brothers,136.21,-23,76,6,62,121,-15,69,10,27,91,212
NET,Cloudflare,228.28,10,92,45,0,147,14,14,16,20,64,211
ICE,Intercontinental Exchange,170.12,-42,-16,118,162,222,-39,-22,28,22,-11,211
AFG,American Financial Group,142.3,32,33,7,57,129,24,33,10,15,82,211
KMI,Kinder Morgan,27.19,0,-1,98,45,142,-6,8,14,53,69,211
PHM,PulteGroup,129.23,-23,65,7,66,115,-15,69,12,30,96,211
DCI,Donaldson Company,80.89,0,44,8,66,118,-5,51,16,31,93,211
PGR,Progressive Corporation,241.15,-28,-72,-2,178,76,-35,-12,-9,190,134,210
NWSA,News Corp (Class A),30.79,42,6,15,59,122,45,5,16,22,88,210
VNT,Vontier,43.15,5,92,11,0,108,-5,99,14,-6,102,210
AMGN,Amgen,286.08,14,-13,-4,166,163,20,-14,4,37,47,210
MKSI,MKS Instruments,127.85,79,13,3,1,96,84,24,12,-6,114,210
NFG,National Fuel Gas,87.45,1,9,66,53,129,-9,2,77,11,81,210
LFUS,Littelfuse,264.29,-1,92,9,3,103,3,97,14,-9,105,208
LH,Labcorp,278.94,9,42,61,16,128,18,29,14,19,80,208
JBL,Jabil,233.22,22,3,25,66,116,14,3,17,58,92,208
CFG,Citizens Financial Group,52.56,28,80,14,5,127,25,27,13,15,80,207
PRI,Primerica,272.28,0,14,0,109,123,18,21,14,31,84,207
HCA,HCA Healthcare,407.22,7,31,9,98,145,12,-3,22,30,61,206
IVZ,Invesco,22.58,9,68,13,3,93,21,64,13,14,112,205
PNC,PNC Financial Services,203.18,24,82,8,15,129,25,23,13,15,76,205
SYK,Stryker Corporation,378.27,-1,-7,1,160,153,12,-4,14,30,52,205
RCL,Royal Caribbean Group,329.19,-3,4,127,29,157,5,-2,16,28,47,204
JHG,Janus Henderson,44.83,8,77,12,20,117,-6,61,13,19,87,204
XEL,Xcel Energy,72.34,-17,48,57,13,101,10,17,65,10,102,203
USFD,US Foods,77.1,-7,-16,149,36,162,-7,5,16,27,41,203
BAC,Bank of America,51.93,57,25,23,19,124,26,22,16,15,79,203
LAZ,Lazard,56.43,21,75,8,21,125,24,27,13,14,78,203
WPC,W. P. Carey,67.1,-15,89,35,3,112,-29,81,32,6,90,202
FNB,FNB Corporation,16.08,-5,92,7,56,150,-5,22,15,20,52,202
DTM,DT Midstream,107.84,10,10,109,0,129,21,9,16,26,72,201
CHRW,C.H. Robinson,133.99,56,60,9,5,130,-3,53,12,9,71,201
CMA,Comerica,68.42,-3,66,13,5,81,-5,97,13,13,118,199
PM,Philip Morris International,161.98,-21,-6,76,56,105,-14,-12,91,28,93,198
TT,Trane Technologies,407.63,0,-18,22,165,169,14,-31,16,30,29,198
AMKR,Amkor Technology,29.52,80,77,0,3,160,21,13,10,-6,38,198
HII,Huntington Ingalls Industries,276.18,9,131,14,7,161,14,11,22,-10,37,198
ARES,Ares Management,181.93,12,0,23,60,95,-4,-19,16,107,100,195
WCC,Wesco International,211.04,-23,91,13,59,140,-14,-3,14,58,55,195
THC,Tenet Healthcare,194.19,7,29,20,58,114,16,26,14,25,81,195
IDA,Idacorp,126.21,5,61,62,19,147,12,-11,32,11,44,191
OGE,OGE Energy,44.27,4,-12,74,46,112,5,-15,74,15,79,191
FOX,Fox Corporation (Class B),56.02,21,28,73,2,124,45,-2,13,10,66,190
PEGA,Pegasystems,59.98,90,12,25,6,133,16,11,14,16,57,190
GM,General Motors,58.88,0,74,13,12,99,-3,66,13,14,90,189
WYNN,Wynn Resorts,126.08,21,94,14,4,133,26,22,16,-9,55,188
ECG,Everus Construction Group,82.57,57,90,0,0,147,26,2,13,0,41,188
ELAN,Elanco,19.04,21,95,8,0,124,28,27,15,-7,63,187
CRUS,Cirrus Logic,127.29,49,29,4,20,102,49,24,16,-4,85,187
ADT,ADT Inc.,8.74,0,112,37,0,149,-30,27,31,9,37,186
SNPS,Synopsys,514.52,6,-9,0,181,178,21,-21,14,-6,8,186
GWRE,Guidewire Software,244.54,-7,12,116,22,143,-6,12,16,21,43,186
STT,State Street Corporation,113.22,5,94,23,17,139,20,-4,15,15,46,185
LECO,Lincoln Electric,238.62,0,91,13,66,170,14,-6,14,-8,14,184
LLYVA,Liberty Live (Series A),94.64,-20,105,36,0,121,-20,66,16,1,63,184
META,Meta Platforms,765.1,0,92,23,30,145,-5,5,14,24,38,183
EXPD,Expeditors International,119.48,-14,37,7,132,162,-15,28,12,-4,21,183
JLL,Jones Lang LaSalle,313.55,0,66,10,15,91,-5,71,10,15,91,182
FTI,TechnipFMC,38.78,-22,92,23,28,121,-7,14,16,38,61,182
CAH,Cardinal Health,147.5,-14,-22,61,39,64,-5,11,54,58,118,182
GTES,Gates Corporation,25.56,0,92,23,16,131,-5,21,16,19,51,182
QCOM,Qualcomm,169.66,57,19,0,23,99,53,21,14,-6,82,181
MSA,MSA Safety,172.35,6,0,1,165,172,24,-25,16,-6,9,181
BKR,Baker Hughes,47.68,21,46,10,36,113,14,15,10,27,66,179
FOXA,Fox Corporation (Class A),62.44,28,28,74,2,132,20,-2,14,15,47,179
RF,Regions Financial Corporation,26.57,-3,91,13,23,124,-3,28,14,15,54,178
MRVL,Marvell Technology,75.46,35,0,-27,107,115,37,1,6,19,63,178
THG,Hanover Insurance,176.0,-37,31,67,25,86,-5,23,59,15,92,178
KEY,Keycorp,18.72,-3,92,14,5,108,19,21,14,14,68,176
MTG,MGIC Investment Corporation,28.12,-1,29,25,56,109,-7,29,16,29,67,176
JCI,Johnson Controls,109.29,13,9,81,20,123,4,14,16,19,53,176
BKNG,Booking Holdings,5455.0,-21,-3,142,36,154,-12,-9,16,27,22,176
BOKF,BOK Financial Corporation,111.07,9,61,6,23,99,24,27,10,15,76,175
TEM,Tempus AI,85.78,88,29,0,0,117,22,27,9,0,58,175
AN,AutoNation,219.38,-23,29,23,62,91,-15,25,16,58,84,175
RPM,RPM International,121.21,-23,43,0,181,201,-37,-2,13,-1,-27,174
TSCO,Tractor Supply Company,58.13,-7,0,13,86,92,-5,-9,10,86,82,174
WBS,Webster Bank,60.68,1,92,14,15,122,-2,21,14,18,51,173
ROKU,"Roku, Inc.",99.02,31,73,16,-20,100,35,21,11,5,72,172
BRX,Brixmor Property Group,27.38,-20,74,6,56,116,-15,27,16,27,55,171
MCK,McKesson Corporation,697.21,-31,3,48,59,79,7,20,-3,68,92,171
STLD,Steel Dynamics,139.11,35,6,6,56,103,33,20,16,-1,68,171
CORT,Corcept Therapeutics,80.01,28,4,70,20,122,25,2,-17,39,49,171
NTRA,Natera,179.2,36,23,7,19,85,33,27,6,20,86,171
SNA,Snap-on,337.67,6,13,4,60,83,13,7,9,58,87,170
EXPE,Expedia Group,223.51,0,65,55,12,132,-20,31,12,15,38,170
BYD,Boyd Gaming,83.46,0,2,54,60,116,15,-5,16,28,54,170
WTFC,Wintrust Financial,133.32,-3,29,15,50,91,24,21,14,20,79,170
LYFT,Lyft,22.65,100,26,7,-2,131,1,21,16,1,39,170
IDXX,Idexx Laboratories,644.14,31,99,20,5,155,18,-10,16,-9,15,170
HALO,Halozyme,78.28,16,39,13,20,88,9,50,7,15,81,169
ABT,Abbott Laboratories,136.64,36,21,62,14,133,26,-9,2,15,34,167
MPC,Marathon Petroleum,187.28,35,18,5,50,108,33,18,16,-9,58,166
GGG,Graco Inc.,84.48,-8,-2,0,179,169,-15,-4,16,-1,-4,165
RGLD,Royal Gold,191.5,0,22,67,19,108,8,30,2,17,57,165
PG,Procter & Gamble,153.1,-19,-1,-12,180,148,-14,24,-20,27,17,165
MMC,Marsh McLennan,197.06,-43,-73,-9,176,51,-39,-11,-17,179,112,163
NDAQ,"Nasdaq, Inc.",89.86,-39,0,82,145,188,-41,-16,16,15,-26,162
SLM,Sallie Mae,28.54,0,-26,96,23,93,22,-26,50,22,68,161
BWA,BorgWarner,43.57,-2,94,14,3,109,-5,58,16,-17,52,161
SPG,Simon Property Group,181.11,-10,61,7,36,94,-30,60,14,22,66,160
ESI,Element Solutions,26.42,0,64,3,58,125,-5,28,13,-2,34,159
LLYVK,Liberty Live (Series C),97.55,-20,98,36,0,114,-40,68,16,1,45,159
NOW,ServiceNow,948.0,6,0,0,83,89,21,11,14,23,69,158
DE,Deere & Company,469.1,-8,-22,55,110,135,-5,-35,51,11,22,157
FIVE,Five Below,153.85,30,94,6,0,130,1,25,17,-16,27,157
BAM,Brookfield Asset Management,61.46,33,1,71,0,105,48,-22,16,9,51,156
CELH,Celsius Holdings,51.33,-38,131,0,66,159,-14,-4,24,-10,-4,155
KRMN,Karman Holdings,67.23,84,29,0,0,113,14,20,8,0,42,155
AFL,Aflac,107.41,0,28,7,59,94,-9,27,-14,56,60,154
LNG,Cheniere Energy,230.77,-27,-2,66,59,96,-11,-4,16,57,58,154
FERG,Ferguson Enterprises,233.07,19,5,17,66,107,7,-3,16,26,46,153
PEG,Public Service Enterprise Group,81.74,0,-14,0,153,139,9,-22,9,18,14,153
NXST,Nexstar Media Group,202.25,-3,91,15,5,108,24,-5,13,11,43,151
DKS,Dick's Sporting Goods,219.2,-11,58,3,64,114,-9,6,6,34,37,151
AON,AON,353.46,-39,-5,0,178,134,-35,-9,3,57,16,150
DELL,Dell Technologies,135.7,42,1,2,33,78,60,1,16,-5,72,150
MET,Metlife,80.99,6,23,1,59,89,5,23,14,19,61,150
WTW,Willis Towers Watson,338.91,14,37,14,25,90,16,8,6,30,60,150
AIT,Applied Industrial Technologies,265.49,5,0,13,59,77,1,1,12,58,72,149
SPGI,S&P Global,505.56,-21,-3,0,173,149,-21,-15,14,22,0,149
AGNC,AGNC Investment,9.73,-16,77,17,17,95,-54,75,14,18,53,148
WSM,"Williams-Sonoma, Inc.",196.74,-13,58,14,66,125,-13,6,8,22,23,148
ALAB,Astera Labs,237.52,0,90,3,0,93,-9,52,11,0,54,147
VRT,Vertiv,151.96,63,3,15,9,90,15,2,13,27,57,147
MCO,Moody's Corporation,488.53,-20,-3,1,157,135,-15,-15,14,26,10,145
FITB,Fifth Third Bancorp,44.94,-4,68,6,23,93,-3,25,13,17,52,145
USB,U.S. Bancorp,49.49,28,25,6,5,64,25,26,13,16,80,144
HR,Healthcare Realty Trust,17.84,-7,60,8,1,62,-2,66,8,10,82,144
EMR,Emerson Electric,132.84,0,-5,22,65,82,10,8,16,27,61,143
PFG,Principal Financial Group,82.21,3,21,3,56,83,12,16,13,19,60,143
GILD,Gilead Sciences,112.5,-7,0,57,36,86,17,-14,14,40,57,143
VLO,Valero Energy,166.47,35,21,6,45,107,6,20,15,-6,35,142
WBD,Warner Bros. Discovery,19.62,81,8,18,0,107,12,8,14,1,35,142
FLS,Flowserve,56.8,5,63,4,28,100,-5,12,9,26,42,142
LPLA,LPL Financial,336.99,-39,-17,51,100,95,1,-28,16,58,47,142
WSO,Watsco,391.43,0,-36,-9,197,152,-15,-34,-34,72,-11,141
PCAR,Paccar,97.05,-14,0,-28,160,118,-19,4,3,35,23,141
F,Ford Motor Company,11.67,2,106,8,0,116,-12,26,16,-6,24,140
FTNT,Fortinet,85.02,29,-36,0,114,107,20,7,-8,14,33,140
TRMB,Trimble Inc.,82.14,4,0,85,5,94,14,4,14,13,45,139
NVR,"NVR, Inc.",7938.57,-41,61,-2,66,84,-41,57,9,30,55,139
D,Dominion Energy,59.82,0,90,20,2,112,10,-11,16,11,26,138
MTB,M&T Bank,198.91,12,21,7,23,63,25,21,14,15,75,138
VST,Vistra Corp.,217.92,5,9,25,31,70,5,3,14,46,68,138
MMM,3M,153.85,-20,13,80,15,88,-7,26,16,15,50,138
DD,DuPont,78.3,21,63,-9,20,95,12,21,13,-4,42,137
NTAP,Netapp,124.6,3,35,4,58,100,-2,27,13,-2,36,136
NSC,Norfolk Southern,290.68,38,6,17,5,66,51,-12,16,15,70,136
AMP,Ameriprise Financial,494.95,6,-16,0,65,55,6,-12,14,72,80,135
WAB,Wabtec,198.03,5,0,1,50,56,14,-8,16,57,79,135
COIN,Coinbase,331.84,70,-1,15,0,84,14,3,15,19,51,135
SSB,SouthState Corporation,100.05,-3,63,6,23,89,-5,21,10,20,46,135
MKL,Markel,1922.1,-1,-6,74,56,123,-1,-28,14,27,12,135
FICO,Fair Isaac,1540.35,-19,0,-12,167,136,-15,16,-34,32,-1,135
MDU,MDU Resources,16.75,14,0,0,59,73,12,2,16,31,61,134
DINO,HF Sinclair,52.41,6,94,6,2,108,-5,24,16,-9,26,134
XOM,ExxonMobil,112.04,0,11,3,45,59,-11,20,15,51,75,134
RBLX,Roblox Corporation,136.85,5,10,59,0,74,15,11,22,12,60,134
MO,Altria,63.78,-42,45,76,46,125,-35,-5,32,17,9,134
ALLY,Ally Financial,43.49,51,21,8,5,85,-5,22,14,17,48,133
NBIX,Neurocrine Biosciences,146.56,21,29,6,26,82,22,21,13,-5,51,133
WAL,Western Alliance Bancorporation,89.47,9,29,6,5,49,24,27,13,19,83,132
ZION,Zions Bancorporation,57.1,0,74,6,5,85,-3,20,13,16,46,131
VTR,"Ventas, Inc.",67.17,-15,48,78,23,134,-32,3,10,16,-3,131
DHI,D. R. Horton,164.23,-42,65,7,66,96,-42,69,10,-3,34,130
SCHW,Charles Schwab Corporation,94.41,7,0,83,12,102,16,-19,16,15,28,130
SHW,Sherwin-Williams,346.43,-49,-2,0,191,140,-41,-5,16,20,-10,130
INCY,Incyte,84.72,0,78,9,0,87,24,-2,12,8,42,129
MSGS,Madison Square Garden Sports,215.53,77,10,3,22,112,-8,17,9,-1,17,129
TFC,Truist Financial,45.4,1,66,7,5,79,25,-3,13,15,50,129
H,Hyatt Hotels,139.01,-7,-1,-1,56,47,-3,17,12,56,82,129
SEIC,SEI Investments Company,87.09,-8,-12,98,36,114,-19,-9,16,27,15,129
HUBS,HubSpot,522.9,84,2,-16,12,82,39,11,-24,20,46,128
NLY,Annaly Capital Management,20.86,-18,74,24,11,91,-54,60,14,17,37,128
MRP,Millrose Properties,34.08,-14,81,0,0,67,-7,59,9,0,61,128
SMCI,Supermicro,46.88,65,-16,0,59,108,14,5,11,-10,20,128
UAL,United Airlines Holdings,104.16,-7,65,7,12,77,-7,29,10,17,49,126
CLH,Clean Harbors,236.98,4,0,7,59,70,-7,-11,16,58,56,126
PODD,Insulet,335.29,2,29,51,5,87,12,-1,20,7,38,125
LNC,Lincoln Financial,41.04,6,61,24,2,93,12,-3,14,9,32,125
PKG,Packaging Corporation of America,212.75,-2,22,0,62,82,-15,22,9,27,43,125
AMD,Advanced Micro Devices,159.72,7,0,4,111,122,12,-18,16,-8,2,124
W,Wayfair,85.2,-5,92,10,-42,55,-4,98,16,-41,69,124
ONTO,Onto Innovation,130.14,61,21,-32,0,50,82,24,-27,-5,74,124
CCL,Carnival Corporation & plc,30.71,-43,91,23,2,73,-5,21,14,20,50,123
AL,Air Lease Corporation,63.52,-2,22,23,23,66,-12,25,16,27,56,122
XP,XP Inc.,19.47,84,9,5,0,98,-5,15,22,-9,23,121
STWD,Starwood Property Trust,20.03,-23,14,24,59,74,-14,22,16,22,46,120
DAL,Delta Air Lines,58.89,0,64,7,20,91,-3,-3,8,27,29,120
AEE,Ameren,99.08,-26,0,62,14,50,5,-14,67,11,69,119
FE,FirstEnergy,43.35,-8,45,12,56,105,-8,-10,16,15,13,118
LVS,Las Vegas Sands,52.86,0,92,12,3,107,19,-6,13,-15,11,118
EXP,Eagle Materials,228.03,-8,43,-21,58,72,-15,55,6,-1,45,117
LNT,Alliant Energy,64.21,0,0,74,15,89,9,-11,16,14,28,117
GME,GameStop,26.79,77,1,0,-31,47,72,15,-9,-8,70,117
CVX,Chevron Corporation,156.05,-1,54,13,49,115,-14,2,7,7,2,117
EPR,EPR Properties,56.4,0,0,63,30,93,-26,11,16,22,23,116
KR,Kroger,64.52,-35,-18,85,68,100,-35,-21,56,16,16,116
NOC,Northrop Grumman,575.92,-22,59,16,59,112,-21,-11,23,13,4,116
GWW,W. W. Grainger,978.96,-14,0,-9,95,72,-6,-2,-7,58,43,115
CGNX,Cognex Corporation,46.53,21,74,7,-32,70,14,60,12,-41,45,115
LSCC,Lattice Semiconductor,74.71,28,34,7,1,70,26,27,8,-16,45,115
MSTR,MicroStrategy,335.69,21,-27,105,20,119,-5,-37,16,21,-5,114
UBER,Uber,99.38,14,11,24,0,49,12,3,22,27,64,113
LAMR,Lamar Advertising,124.2,-23,21,7,65,70,-15,21,14,22,42,112
RKLB,Rocket Lab,49.82,-3,12,55,0,64,9,14,16,9,48,112
IONS,Ionis Pharmaceuticals,61.28,-4,95,7,1,99,-12,20,16,-11,13,112
FNF,Fidelity National Financial,58.85,-35,29,0,59,53,-7,41,1,22,57,110
EWBC,East West Bancorp,106.73,-3,21,15,23,56,-3,21,15,20,53,109
VRSN,Verisign,282.75,-8,0,42,10,44,-15,13,58,8,64,108
CSL,Carlisle Companies,338.87,-49,-7,-3,179,120,-46,-3,16,21,-12,108
XPO,"XPO, Inc.",131.45,-13,11,2,62,62,-15,20,13,28,46,108
AGO,Assured Guaranty,83.58,19,-32,-1,57,43,21,5,16,23,65,108
HSY,Hershey Company (The),192.34,35,58,10,0,103,2,12,10,-20,4,107
GNTX,Gentex,28.39,0,57,0,0,57,-7,55,10,-9,49,106
HBAN,Huntington Bancshares,17.33,-5,21,15,22,53,-2,21,16,17,52,105
RDDT,Reddit,257.55,0,67,3,0,70,-9,36,8,0,35,105
PLNT,Planet Fitness,101.8,0,-15,69,14,68,12,-7,16,15,36,104
ZS,Zscaler,291.57,21,0,23,6,50,14,5,16,19,54,104
CB,Chubb Limited,272.91,-38,0,0,59,21,12,24,-10,57,83,104
INTC,Intel,28.75,42,28,0,-21,49,34,27,6,-13,54,103
APPF,AppFolio,285.28,3,0,11,29,43,15,5,11,29,60,103
FAF,First American Financial Corporation,65.46,-14,41,8,15,50,-7,38,3,19,53,103
AMZN,Amazon,227.62,-8,14,23,22,51,-7,24,13,21,51,102
POST,Post Holdings,102.67,-6,-11,-4,88,67,-3,-6,-14,58,35,102
AEP,American Electric Power,107.04,-35,-3,79,24,65,5,-13,29,15,36,101
SNOW,Snowflake Inc.,229.39,13,17,21,0,51,14,17,16,2,49,100
MAR,Marriott International,264.02,-7,-1,0,59,51,12,-4,13,28,49,100
MSM,MSC Industrial Direct,90.82,-13,21,13,59,80,-9,23,16,-10,20,100
EA,Electronic Arts,173.41,3,38,10,8,59,5,-9,22,22,40,99
ADSK,Autodesk,324.43,6,16,5,15,42,4,16,16,20,56,98
RKT,Rocket Companies,19.81,-10,48,10,0,48,-13,45,15,2,49,97
VEEV,Veeva Systems,281.06,5,-3,51,9,62,16,-17,16,19,34,96
FLUT,Flutter Entertainment,285.39,0,0,25,22,47,14,-7,14,28,49,96
EXLS,EXL Service,43.57,0,0,0,66,66,10,-2,5,14,27,93
ROP,Roper Technologies,509.82,0,-36,-8,183,139,-13,-53,-7,27,-46,93
FRHC,Freedom Holding,167.33,5,0,60,15,80,-12,-22,16,31,13,93
COHR,Coherent Corp.,114.63,24,3,4,16,47,15,2,13,16,46,93
CVS,CVS Health,75.13,16,27,16,0,59,25,31,6,-29,33,92
CSCO,Cisco,67.73,4,0,54,15,73,-2,-21,16,26,19,92
RPRX,Royalty Pharma,35.87,2,0,38,0,40,16,2,32,1,51,91
INFA,Informatica,24.81,15,83,0,0,98,-8,-5,14,-8,-7,91
KO,Coca-Cola Company (The),66.22,-90,-21,34,183,106,-13,-14,-4,15,-16,90
RS,"Reliance, Inc.",285.09,-49,-36,-2,116,29,-15,-1,-1,78,61,90
QS,QuantumScape,13.43,46,4,12,0,62,47,4,14,-37,28,90
JNJ,Johnson & Johnson,174.21,-9,58,14,8,71,2,-1,11,7,19,90
ZG,Zillow (Class A),78.18,-8,0,60,0,52,-14,21,9,21,37,89
FHB,"First Hawaiian, Inc.",25.3,0,21,6,15,42,-3,21,13,15,46,88
PAG,Penske Automotive Group,174.0,-53,0,21,63,31,-15,-3,16,58,56,87
BSX,Boston Scientific,97.02,-63,-7,0,145,75,-61,-1,16,58,12,87
SAIL,SailPoint,23.1,44,7,0,0,51,16,12,8,0,36,87
MANH,Manhattan Associates,215.73,21,0,-35,66,52,23,4,9,-1,35,87
ROIV,Roivant Sciences,14.92,0,29,7,0,36,-12,45,16,1,50,86
AVT,Avnet,53.42,2,9,7,46,64,15,-6,16,-3,22,86
CEG,Constellation Energy,347.04,10,1,22,0,33,14,2,16,20,52,85
PVH,PVH Corp.,85.08,6,28,0,2,36,25,27,5,-8,49,85
TROW,T. Rowe Price,105.28,0,77,4,-26,55,23,-4,12,-1,30,85
MAS,Masco,71.04,-23,58,-3,66,98,-41,-2,7,22,-14,84
FCX,Freeport-McMoRan,45.16,-8,15,4,59,70,-15,20,16,-7,14,84
HLT,Hilton Worldwide,266.63,-43,0,22,65,44,1,-3,14,27,39,83
TXT,Textron,83.5,2,8,0,54,64,-7,16,16,-6,19,83
HON,Honeywell,208.96,-27,-27,-2,179,123,-41,-39,16,23,-41,82
MTSI,MACOM Technology Solutions,129.49,-19,-3,5,59,42,-12,8,14,30,40,82
NYT,New York Times Company,57.76,-5,33,8,17,53,-1,-8,16,22,29,82
TMUS,T-Mobile US,237.45,-79,0,0,140,61,-10,-7,1,36,20,81
TRGP,Targa Resources,165.22,6,-2,0,52,56,-7,3,-26,55,25,81
CHWY,Chewy,37.55,0,0,47,0,47,37,-2,-7,6,34,81
CSX,CSX Corporation,33.2,42,-15,2,5,34,53,-15,16,-7,47,81
COLB,Columbia Banking System,26.07,0,41,0,0,41,20,-3,11,11,39,80
ENTG,Entegris,95.78,53,8,-50,0,11,50,20,5,-6,69,80
WWD,"Woodward, Inc.",240.55,1,0,25,36,62,2,-28,16,27,17,79
SSD,Simpson Manufacturing Company,180.31,-49,0,7,157,115,-43,-3,12,-2,-36,79
VOYA,Voya Financial,76.46,2,33,7,5,47,-7,27,14,-2,32,79
WTM,White Mountains Insurance Group,1767.78,2,-9,-5,60,48,11,-12,-26,57,30,78
TNL,Travel + Leisure Co.,60.66,-49,82,15,17,65,-42,27,13,15,13,78
MUSA,Murphy USA,381.2,-6,-1,-19,69,43,-15,5,-35,80,35,78
AOS,A. O. Smith,72.26,-7,14,0,59,66,-15,16,16,-6,11,77
UHS,Universal Health Services,194.17,7,24,0,23,54,7,28,-10,-2,23,77
RNR,RenaissanceRe,242.49,4,3,-14,36,29,15,-11,14,29,47,76
HHH,Howard Hughes Holdings,80.93,0,32,4,0,36,-7,27,5,15,40,76
EXC,Exelon,43.39,4,-7,61,15,73,11,-14,-7,11,1,74
ES,Eversource Energy,67.67,14,2,21,0,37,12,6,16,3,37,74
FR,First Industrial Realty Trust,52.0,0,24,0,15,39,-15,20,14,15,34,73
ASTS,AST SpaceMobile,48.85,18,0,17,0,35,45,-32,16,9,38,73
KNSL,Kinsale Capital Group,423.4,-6,-21,-3,34,4,-8,-9,-1,86,68,72
ADM,Archer Daniels Midland,59.71,-6,93,8,0,95,-17,-2,16,-21,-24,71
DECK,Deckers Brands,113.21,-18,18,-30,94,64,-15,15,-26,32,6,70
NTNX,Nutanix,75.39,-7,9,4,23,29,-8,8,16,25,41,70
VVV,Valvoline,37.62,-14,33,-1,32,50,-15,27,13,-5,20,70
EQIX,Equinix,798.17,8,0,-14,35,29,22,5,-14,27,40,69
O,Realty Income,59.06,-16,36,16,8,44,-32,26,16,14,24,68
CPRT,Copart,45.36,-41,-5,-19,177,112,-40,-4,-29,29,-44,68
GPC,Genuine Parts Company,137.98,-20,45,7,0,32,-15,52,16,-18,35,67
CPNG,Coupang,32.33,0,11,23,0,34,-12,11,16,18,33,67
COKE,Coca-Cola Consolidated,115.0,-32,0,0,87,55,-36,16,-21,53,12,67
CLF,Cleveland-Cliffs,11.75,0,57,0,-17,40,9,17,9,-9,26,66
TOST,"Toast, Inc.",38.9,-6,-15,83,0,62,-5,-25,16,18,4,66
GEN,Gen Digital,28.84,-7,-6,21,17,25,16,-8,16,17,41,66
SHC,Sotera Health,16.13,7,31,7,0,45,-12,31,8,-7,20,65
PSX,Phillips 66,129.6,-15,21,0,42,48,-14,21,15,-6,16,64
EOG,EOG Resources,116.13,-20,-2,-4,46,20,-13,-5,9,52,43,63
BXP,"BXP, Inc.",75.66,0,18,4,0,22,-8,19,16,14,41,63
SWKS,Skyworks Solutions,82.98,22,14,0,-31,5,27,24,13,-6,58,63
ELF,e.l.f. Beauty,137.4,-7,18,0,32,43,-12,23,14,-6,19,62
WFRD,Weatherford International,64.38,35,63,-50,0,48,-7,21,6,-6,14,62
DOCU,DocuSign,84.87,57,5,0,-13,49,-5,13,-8,12,12,61
LAD,Lithia Motors,332.57,-17,19,0,15,17,-6,21,7,22,44,61
LOAR,Loar Holdings,79.18,21,3,0,0,24,27,19,-9,0,37,61
RITM,Rithm Capital,11.84,-22,0,23,33,34,-13,-3,16,27,27,61
APTV,Aptiv,85.4,21,29,7,-25,32,24,25,16,-37,28,60
RMD,Resmed,274.6,4,0,23,14,41,2,-12,15,14,19,60
NCLH,Norwegian Cruise Line Holdings,25.39,-17,63,6,0,52,-34,12,9,21,8,60
VNO,Vornado Realty Trust,41.71,0,14,4,5,23,-7,14,14,16,37,60
CWEN,Clearway Energy (Class C),28.5,0,-22,64,5,47,9,-36,28,11,12,59
IR,Ingersoll Rand,81.85,18,0,-27,24,15,20,11,13,-1,43,58
VZ,Verizon,43.16,-16,32,36,11,63,-14,-12,6,15,-5,58
REGN,Regeneron Pharmaceuticals,595.77,38,29,-47,0,20,52,-11,2,-5,38,58
CTVA,Corteva,69.76,-42,-6,59,0,11,-5,23,16,12,46,57
CUZ,Cousins Properties,28.84,-14,17,0,12,15,-9,21,16,14,42,57
SNV,Synovus,50.06,-7,-1,5,22,19,-7,16,14,15,38,57
APG,APi Group,35.29,1,1,24,0,26,-5,-8,16,27,30,56
GLPI,Gaming and Leisure Properties,45.75,-39,-1,0,66,26,-35,21,-14,58,30,56
HLNE,Hamilton Lane,149.14,0,0,-4,26,22,21,-14,4,22,33,55
RBRK,Rubrik,80.44,0,-9,0,0,-9,14,-1,50,0,63,54
M,"Macy's, Inc.",16.89,-6,58,4,-16,40,-5,21,5,-7,14,54
SEB,Seaboard Corporation,3682.7,-22,66,11,0,55,-15,-2,14,1,-2,53
BRO,Brown & Brown,92.61,0,-101,-5,164,58,-9,-7,-16,27,-5,53
DNB,Dun & Bradstreet,9.15,29,52,-28,0,53,46,-13,2,-37,-2,51
ALSN,Allison Transmission,88.38,-1,-2,-11,36,22,-4,25,-27,35,29,51
INGM,Ingram Micro,21.14,3,9,0,0,12,14,12,13,0,39,51
DRI,Darden Restaurants,185.21,-23,-3,0,62,36,-35,21,-2,31,15,51
HIW,Highwoods Properties,31.91,0,18,6,7,31,-33,21,16,14,18,49
PATH,UiPath,13.14,28,1,0,0,29,28,11,-9,-11,19,48
Z,Zillow (Class C),81.03,-8,0,17,0,9,-14,21,10,21,38,47
RIVN,Rivian,15.23,21,5,2,0,28,35,15,-9,-22,19,47
ROK,Rockwell Automation,345.27,2,8,21,16,47,-2,-3,16,-12,-1,46
WMS,Advanced Drainage Systems,143.62,0,34,2,4,40,-7,1,16,-4,6,46
OHI,Omega Healthcare Investors,41.06,-39,51,12,41,65,-62,-1,11,32,-20,45
EFX,Equifax,256.98,0,8,-10,17,15,-13,8,16,19,30,45
TFSL,Third Federal S&L,13.22,-23,25,9,6,17,-5,-3,16,20,28,45
DBX,Dropbox,30.9,-8,18,5,10,25,-19,23,6,9,19,44
EXE,Expand Energy,98.27,33,-45,47,0,35,-7,10,-5,11,9,44
VTRS,Viatris,9.78,0,32,-3,-1,28,15,-5,8,-2,16,44
MPW,Medical Properties Trust,5.01,102,12,3,-37,80,-5,18,-13,-36,-36,44
TTEK,Tetra Tech,35.21,-6,-2,-35,120,77,-15,-28,12,-2,-33,44
PLD,Prologis,113.92,0,21,5,0,26,-13,20,16,-6,17,43
BEPC,Brookfield Renewable Partners,34.19,0,1,16,0,17,-11,10,16,11,26,43
NDSN,Nordson,225.34,0,22,0,2,24,-15,26,16,-8,19,43
NVST,Envista,20.89,-12,77,10,0,75,-15,4,12,-33,-32,43
CNM,Core & Main,50.71,0,-10,0,0,-10,14,-3,16,25,52,42
SARO,StandardAero,27.78,57,-28,0,0,29,-5,2,16,0,13,42
IT,Gartner,260.19,48,-69,-27,0,-48,48,9,-25,58,90,42
DLR,Digital Realty,174.72,5,2,3,23,33,-33,5,16,20,8,41
DDOG,Datadog,138.35,0,2,5,0,7,13,9,13,-1,34,41
ED,Consolidated Edison,96.61,0,-19,0,48,29,-3,-22,-10,46,11,40
ETSY,Etsy,61.66,63,0,3,-31,35,26,1,16,-38,5,40
DKNG,DraftKings,43.84,0,0,0,0,0,14,-3,8,21,40,40
MTCH,Match Group,36.4,-3,76,10,-38,45,24,-1,11,-39,-5,40
ZM,Zoom Communications,83.5,-3,18,6,-1,20,-12,20,6,5,19,39
EQT,EQT Corporation,49.96,-1,-36,47,43,53,-19,-5,-1,11,-14,39
MSCI,MSCI,568.51,-20,2,0,15,-3,-20,28,13,21,42,39
ROST,Ross Stores,144.67,-49,35,6,36,28,-21,-3,5,30,11,39
NEE,NextEra Energy,72.35,7,1,1,0,9,11,-12,16,14,29,38
VICI,Vici Properties,31.41,-77,-2,64,16,1,-47,-3,29,58,37,38
KIM,Kimco Realty,21.74,-62,29,5,56,28,-40,21,14,15,10,38
PSN,Parsons Corporation,81.33,28,4,0,0,32,-2,1,9,-2,6,38
MHK,Mohawk Industries,128.76,-28,54,0,-12,14,-40,58,8,-2,24,38
UWMC,United Wholesale Mortgage,6.32,-10,32,0,0,22,-15,32,4,-5,16,38
RGA,Reinsurance Group of America,186.69,-43,10,-9,41,-1,-5,-4,-7,54,38,37
HST,Host Hotels & Resorts,17.17,-8,24,4,3,23,-15,21,14,-7,13,36
CNXC,Concentrix,55.49,52,5,2,0,59,-2,12,1,-34,-23,36
CMS,CMS Energy,70.44,-35,-5,82,24,66,-33,-17,4,15,-31,35
ARMK,Aramark,37.79,-41,-18,21,41,3,-7,-34,16,57,32,35
GEV,GE Vernova,644.38,7,2,2,0,11,4,3,17,0,24,35
LUV,Southwest Airlines,32.3,28,0,6,-40,-6,26,-3,13,5,41,35
CXT,Crane NXT,56.48,-41,-2,-2,56,11,-40,-5,12,57,24,35
PRU,Prudential Financial,102.84,-39,0,-19,56,-2,11,-5,10,20,36,34
IPGP,IPG Photonics,81.29,0,91,7,-45,53,-7,21,12,-45,-19,34
MTD,Mettler Toledo,1256.5,-5,77,-29,0,43,-9,-6,10,-6,-11,32
JAZZ,Jazz Pharmaceuticals,130.28,25,32,0,-7,50,-3,24,1,-40,-18,32
RRX,Regal Rexnord,144.15,6,-11,0,4,-1,28,-7,13,-2,32,31
PCOR,Procore,70.41,-2,6,0,0,4,-11,12,6,20,27,31
FCNCA,First Citizens BancShares,1849.01,-40,-12,-2,60,6,-5,-5,13,22,25,31
PNFP,Pinnacle Financial Partners,95.18,-3,-1,-10,16,2,-6,16,-1,19,28,30
S,SentinelOne,19.19,28,3,-31,0,0,20,13,-1,-2,30,30
CPT,Camden Property Trust,108.2,0,0,0,0,0,11,16,-9,12,30,30
RRC,Range Resources,34.91,-14,-43,0,43,-14,-18,10,-4,56,44,30
VRTX,Vertex Pharmaceuticals,382.96,-26,-34,-8,105,37,-32,-3,-12,38,-9,28
BLD,TopBuild,402.6,-14,0,8,47,41,-15,-6,12,-4,-13,28
ALGM,Allegro MicroSystems,31.4,26,-2,17,0,41,27,-38,14,-17,-14,27
CRM,Salesforce,249.68,8,0,-19,23,12,21,-1,-27,22,15,27
APA,APA Corporation,23.61,0,32,0,-13,19,-13,30,11,-20,8,27
WDAY,"Workday, Inc.",242.65,28,4,-16,15,31,-3,12,-10,-3,-4,27
HXL,Hexcel,62.0,-14,64,-3,0,47,-19,-2,10,-10,-21,26
KEX,Kirby Corporation,85.9,0,-37,-9,36,-10,7,-30,16,43,36,26
HPQ,HP Inc.,28.26,0,29,-31,2,0,-7,30,5,-2,26,26
TKR,Timken Company,76.86,-7,8,-1,5,5,-7,21,13,-6,21,26
CWEN-A,Clearway Energy (Class A),27.04,-35,-22,64,7,14,9,-36,28,11,12,26
APD,Air Products,287.47,-1,0,0,17,16,-4,-5,8,11,10,26
AUR,Aurora Innovation,5.99,42,0,-7,0,35,14,-16,-24,16,-10,25
TXN,Texas Instruments,179.61,0,-14,-3,23,6,-5,-10,16,17,18,24
DOX,Amdocs,84.65,0,-30,0,59,29,-10,-17,16,6,-5,24
TRU,TransUnion,87.74,-8,-2,-1,4,-7,-9,11,14,15,31,24
CFLT,"Confluent, Inc.",20.23,21,0,-9,0,12,21,12,-24,1,10,22
BHF,Brighthouse Financial,55.15,12,2,0,1,15,4,2,-9,9,6,21
MDB,MongoDB Inc.,323.55,-23,26,4,-10,-3,7,18,8,-10,23,20
ALK,Alaska Air Group,54.77,-43,58,-1,3,17,-40,29,4,10,3,20
UGI,UGI Corporation,32.78,-37,-19,48,5,-3,-7,-32,55,6,22,19
ESS,Essex Property Trust,266.32,-7,0,0,15,8,-7,12,-9,15,11,19
CFR,Frost Bank,124.89,-5,-1,0,5,-1,-5,-1,14,11,19,18
ESTC,Elastic NV,89.08,0,11,-19,-7,-15,20,17,1,-5,33,18
SAIC,SAIC,101.54,-25,-13,-4,68,26,-1,-13,8,-2,-8,18
MDLZ,Mondelez International,63.5,35,-38,0,0,-3,26,5,-1,-10,20,17
REXR,Rexford Industrial,42.19,-14,77,0,-19,44,-34,28,12,-33,-27,17
NNN,NNN Reit,41.8,-22,-1,6,23,6,-35,15,16,15,11,17
EQR,Equity Residential,65.29,-23,0,-2,14,-11,8,15,-9,14,28,17
LNW,Light & Wonder,87.91,-14,6,-9,58,41,-26,-4,-21,26,-25,16
BC,Brunswick Corporation,63.73,-14,76,-44,-8,10,-15,21,10,-10,6,16
PR,Permian Resources,13.38,-1,-2,-3,27,21,-12,-6,16,-3,-5,16
CI,Cigna,288.57,-42,0,-3,59,14,-14,26,-9,-2,1,15
BSY,Bentley Systems,53.59,4,0,15,0,19,-7,-6,16,-7,-4,15
IP,International Paper,46.16,0,-15,0,17,2,-7,-7,9,17,12,14
EGP,EastGroup Properties,168.65,6,1,0,9,16,-9,-3,16,-6,-2,14
RVMD,Revolution Medicines,44.4,0,12,-2,0,10,-30,18,16,-1,3,13
SOLV,Solventum,73.77,0,0,0,0,0,-10,11,12,0,13,13
QGEN,Qiagen,45.74,0,-9,18,0,9,14,-32,16,6,4,13
DAY,Dayforce,68.76,-20,25,6,-13,-2,-11,21,6,-1,15,13
QRVO,Qorvo,96.33,9,5,0,-32,-18,26,-3,14,-6,31,13
LCID,Lucid Motors,22.45,66,-24,-10,0,32,37,3,-23,-36,-19,13
DOV,Dover Corporation,170.22,-49,-17,-9,107,32,-44,-8,12,20,-20,12
PNW,Pinnacle West Capital,86.23,-40,-17,0,19,-38,9,-15,28,27,49,11
GLIBA,GCI Liberty (Series A),36.13,0,0,0,0,0,14,-3,0,0,11,11
DVN,Devon Energy,33.72,-14,29,-4,-6,5,-12,25,15,-23,5,10
CF,CF Industries,85.65,4,-32,3,5,-20,8,-3,16,9,30,10
TDC,Teradata,22.51,66,4,-85,-18,-33,52,6,1,-17,42,9
PK,Park Hotels & Resorts,11.63,-4,29,-32,0,-7,-8,21,9,-6,16,9
XYZ,"Block, Inc.",77.46,28,5,2,-37,-2,-6,-7,10,14,11,9
FDX,FedEx,230.15,6,2,-32,33,9,-5,2,8,-5,0,9
GLIBK,GCI Liberty (Series C),35.73,0,0,0,0,0,16,-7,0,0,9,9
RAL,Ralliant,44.36,21,0,0,0,21,24,-37,0,0,-13,8
STAG,STAG Industrial,34.89,-66,0,0,97,31,-33,-2,16,-5,-24,7
ACGL,Arch Capital Group,88.03,-38,-1,-14,63,10,10,-5,-7,-1,-3,7
LEN-B,Lennar (Class B),115.59,-42,0,-2,63,19,-15,-2,7,-2,-12,7
DT,Dynatrace,48.62,0,-32,-8,0,-40,14,-2,13,21,46,6
HOG,Harley-Davidson,28.75,-23,29,0,-10,-4,-15,26,11,-12,10,6
LEN,Lennar (Class A),121.92,-43,0,-3,65,19,-15,-2,7,-4,-14,5
OVV,Ovintiv,41.29,-14,5,0,3,-6,-11,14,13,-7,9,3
AS,Amer Sports,35.25,-7,-2,10,0,1,-7,-8,16,0,1,2
VLTO,Veralto,105.81,-15,0,8,0,-7,-11,5,15,0,9,2
A,Agilent Technologies,126.34,0,18,-29,0,-11,-12,24,7,-6,13,2
TMO,Thermo Fisher Scientific,476.17,-4,43,-28,0,11,-3,-3,1,-4,-9,2
QSR,Restaurant Brands International,64.67,14,-32,0,41,23,5,-33,16,-9,-21,2
ON,ON Semiconductor,51.49,31,-17,-43,-2,-31,33,3,12,-16,32,1
SJM,J.M. Smucker Company (The),108.1,11,2,-1,-5,7,17,-3,4,-24,-6,1
LPX,Louisiana-Pacific,86.87,-44,-4,-3,64,13,-41,-4,6,27,-12,1
NCNO,nCino,30.34,-1,18,-32,0,-15,-11,18,11,-2,16,1
TTC,Toro Company (The),77.47,-14,48,-2,-1,31,-15,-2,7,-21,-31,0
SUI,Sun Communities,128.66,-20,16,9,-25,-20,-37,29,16,12,20,0
ESAB,ESAB,110.82,0,-33,-3,0,-36,5,-3,16,18,36,0
CR,Crane Co.,181.94,-14,-7,22,0,1,-5,-19,16,6,-2,-1
VNOM,Viper Energy,37.35,-23,0,-15,45,7,-15,-7,-34,48,-8,-1
MOS,Mosaic Company (The),33.42,0,0,22,-17,5,-7,11,21,-31,-6,-1
CSGP,CoStar Group,86.29,-11,0,12,15,16,-15,-22,29,-10,-18,-2
HAS,Hasbro,74.68,-49,0,20,4,-25,1,-6,16,12,23,-2
ABNB,Airbnb,125.44,17,-32,-9,0,-24,28,-6,6,-6,22,-2
AVB,AvalonBay Communities,193.01,-23,0,-9,17,-15,-7,16,-13,16,12,-3
GTM,ZoomInfo,11.97,3,9,0,0,12,-8,19,12,-38,-15,-3
SEE,Sealed Air,33.38,0,22,0,-25,-3,-7,25,14,-33,-1,-4
CNA,CNA Financial,46.02,-86,33,0,58,5,-8,-7,-15,21,-9,-4
GPN,Global Payments,86.95,11,44,-33,-40,-18,24,-3,4,-11,14,-4
FANG,Diamondback Energy,138.81,6,-13,-35,48,6,-9,-6,10,-6,-11,-5
SN,SharkNinja,109.74,-7,0,14,0,7,-5,-23,13,2,-13,-6
FRT,Federal Realty Investment Trust,99.62,-23,24,-3,2,0,-35,24,7,-2,-6,-6
SMMT,Summit Therapeutics,19.07,0,-11,0,15,4,-3,-25,-3,20,-11,-7
CTRA,Coterra,23.11,-15,-2,-11,45,17,-19,-1,-18,14,-24,-7
WAT,Waters Corporation,302.74,2,0,-11,0,-9,-9,21,-26,15,1,-8
DVA,DaVita,131.22,0,-20,-9,21,-8,12,-6,-26,20,0,-8
LBTYK,Liberty Global (Series C),11.85,0,36,-46,-31,-41,-9,73,5,-37,32,-9
GNRC,Generac,185.87,0,1,9,-35,-25,4,-12,13,11,16,-9
CERT,"Certara, Inc.",11.69,51,8,-21,0,38,-5,2,-13,-33,-49,-11
EIX,Edison International,54.27,-7,36,-38,0,-9,-7,1,6,-2,-2,-11
SWK,Stanley Black & Decker,75.02,-8,58,-35,-40,-25,-15,27,5,-3,14,-11
SBUX,Starbucks,85.3,6,-14,-7,0,-15,14,-22,4,8,4,-11
IOT,Samsara,39.32,0,0,-16,0,-16,-5,12,-23,21,5,-11
OTIS,Otis Worldwide,89.32,0,-2,-10,0,-12,-11,4,-20,27,0,-12
QXO,"QXO, Inc.",19.93,-15,-1,0,-15,-31,-7,13,19,-7,18,-13
CBSH,Commerce Bancshares,58.81,-5,-34,-2,12,-29,-5,-9,16,14,16,-13
REYN,Reynolds Consumer Products,23.52,7,33,-34,0,6,-14,-4,3,-4,-19,-13
PAYX,Paychex,130.39,-105,-38,-2,168,23,-14,-31,-7,15,-37,-14
ARW,Arrow Electronics,121.94,-28,-4,7,5,-20,3,-4,16,-9,6,-14
DIS,Walt Disney Company (The),112.52,-23,-7,21,-1,-10,-21,-3,16,4,-4,-14
PINS,Pinterest,35.31,-5,-1,0,-1,-7,-12,-1,12,-6,-7,-14
AES,AES Corporation,13.13,9,1,0,-12,-2,14,-13,12,-25,-12,-14
BIO,Bio-Rad Laboratories,283.86,0,58,-33,-29,-4,23,-3,7,-38,-11,-15
ECL,Ecolab,267.1,-49,-3,22,23,-7,-35,-9,16,20,-8,-15
MCHP,Microchip Technology,65.4,9,-11,0,0,-2,-9,-12,16,-8,-13,-15
CAR,Avis Budget Group,157.74,4,-13,15,-21,-15,8,11,19,-38,0,-15
HRB,H&R Block,50.14,-21,-73,-7,53,-48,-14,5,-12,53,32,-16
LBTYA,Liberty Global (Series A),11.68,0,36,-46,-32,-42,-9,36,7,-11,23,-19
EXAS,Exact Sciences,53.55,-14,12,0,-26,-28,13,20,-8,-17,8,-20
GEHC,GE HealthCare,74.75,-18,12,-26,0,-32,-15,13,5,9,12,-20
CACC,Credit Acceptance,496.17,-5,6,-1,0,0,-7,-3,-4,-6,-20,-20
SFD,Smithfield Foods,24.01,0,-3,0,0,-3,-15,-12,10,0,-17,-20
MGM,MGM Resorts International,34.49,-7,-1,-3,0,-11,-5,-7,13,-10,-9,-20
AGCO,AGCO,109.47,-1,0,13,0,12,-19,-16,17,-14,-32,-20
BIRK,Birkenstock,46.62,0,-12,-5,0,-17,14,-10,-7,0,-3,-20
GAP,Gap Inc.,22.61,-35,2,0,19,-14,-42,24,-9,20,-7,-21
CCK,Crown Holdings,94.37,-8,-24,23,6,-3,-33,-15,16,13,-19,-22
OSK,Oshkosh Corporation,132.66,-45,0,17,5,-23,-9,-7,14,3,1,-22
ILMN,"Illumina, Inc.",101.47,40,3,-34,-41,-32,38,4,8,-41,9,-23
HSIC,Schein (Henry),67.92,-27,-2,-11,0,-40,-4,16,-1,4,15,-25
PENN,Penn Entertainment,19.16,-3,28,0,-35,-10,3,21,6,-45,-15,-25
BILL,Bill.com,53.4,9,17,-30,0,-4,-5,17,4,-38,-22,-26
OWL,Blue Owl Capital,18.51,0,-23,-10,0,-33,-4,-19,8,22,7,-26
ZBRA,Zebra Technologies,315.35,0,-1,-8,-8,-17,-5,-28,10,14,-9,-26
CPAY,Corpay,299.8,-20,-36,-4,22,-38,-14,-5,4,26,11,-27
LEA,Lear Corporation,103.07,-53,29,0,-18,-42,-7,21,15,-16,13,-29
GDDY,GoDaddy,147.83,1,-52,-9,23,-37,1,8,-25,23,7,-30
FOUR,Shift4,85.7,-7,-34,-6,0,-47,-9,-5,6,25,17,-30
KDP,Keurig Dr Pepper,25.92,-7,-20,-5,-1,-33,-7,-14,24,-1,2,-31
EXR,Extra Space Storage,138.6,-23,-1,-9,0,-33,-40,12,16,14,2,-31
CUBE,CubeSmart,40.07,-20,0,-29,2,-47,-15,17,16,-3,15,-32
MAA,Mid-America Apartment Communities,141.09,0,-38,-3,0,-41,11,-1,-14,12,8,-33
ISRG,Intuitive Surgical,444.51,0,-38,-9,23,-24,14,-46,-4,27,-9,-33
ELV,Elevance Health,317.86,17,0,-50,-3,-36,23,-1,-16,-4,2,-34
K,Kellanova,77.04,-26,-4,0,22,-8,-25,-3,-13,14,-27,-35
CMG,Chipotle Mexican Grill,40.13,2,-42,-12,81,29,-10,-43,-10,-1,-64,-35
RLI,RLI Corp.,64.91,-65,-76,-16,177,20,-10,-10,-35,-1,-56,-36
VRSK,Verisk Analytics,244.18,-63,-40,-2,115,10,-61,-6,-8,29,-46,-36
MOH,Molina Healthcare,181.86,0,0,-19,-3,-22,-8,18,-15,-9,-14,-36
OXY,Occidental Petroleum,45.77,-7,22,-61,0,-46,-10,24,12,-17,9,-37
OKE,Oneok,71.63,-14,-36,-19,55,-14,-9,-36,-31,52,-24,-38
GTLB,GitLab,49.48,0,11,-27,0,-16,-12,18,-26,-2,-22,-38
FND,Floor & Decor,81.01,-13,13,-41,-7,-48,-15,27,4,-7,9,-39
IQV,IQVIA,187.82,1,8,-46,0,-37,-7,4,8,-7,-2,-39
VKTX,Viking Therapeutics,26.23,7,-24,-46,22,-41,14,-16,11,-7,2,-39
NUE,Nucor,134.66,-23,0,-2,0,-25,-15,-4,13,-9,-15,-40
ST,Sensata Technologies,31.3,-14,29,0,-16,-1,-15,-3,14,-36,-40,-41
VFC,VF Corporation,14.34,-14,21,-26,-44,-63,-8,19,3,8,22,-41
THO,Thor Industries,101.67,-63,76,7,3,23,-67,-2,12,-7,-64,-41
AR,Antero Resources,32.58,-23,-45,-2,11,-59,1,10,-6,11,16,-43
BG,Bunge Global,77.17,-23,-1,0,0,-24,-20,-9,16,-6,-19,-43
OMC,Omnicom Group,74.53,-23,29,-33,0,-27,-15,-2,3,-2,-16,-43
ONON,On Holding AG,45.59,21,-37,-5,0,-21,26,-68,-2,21,-23,-44
CTSH,Cognizant,68.12,-10,-38,-9,15,-42,-10,-3,-9,19,-3,-45
SON,Sonoco,45.94,-16,0,-2,0,-18,-31,6,13,-15,-27,-45
TWLO,Twilio,105.21,0,-31,0,-35,-66,-2,-1,12,12,21,-45
PAYC,Paycom,220.16,6,-20,25,-25,-14,13,-23,16,-38,-32,-46
WST,West Pharmaceutical Services,252.34,-13,12,-33,-8,-42,-15,13,7,-9,-4,-46
BBY,Best Buy,72.33,-23,29,-30,-7,-31,-42,26,4,-3,-15,-46
AA,Alcoa,32.63,0,21,-27,-21,-27,-22,26,8,-33,-21,-48
OC,Owens Corning,143.49,-39,0,-30,59,-10,-39,-3,5,-1,-38,-48
DOC,Healthpeak Properties,18.53,6,13,-23,-32,-36,-1,16,-38,10,-13,-49
SIRI,Sirius XM,23.01,-50,19,-3,-32,-66,5,23,6,-18,16,-50
AKAM,Akamai Technologies,76.67,-5,5,-32,-8,-40,14,19,-32,-11,-10,-50
EG,Everest Group,334.86,-35,0,-42,56,-21,-2,21,-43,-6,-30,-51
CHE,Chemed Corporation,455.81,1,0,-17,0,-16,-8,-3,-15,-9,-35,-51
CART,Maplebear Inc.,42.24,-27,-8,0,0,-35,-33,3,13,0,-17,-52
DLB,Dolby Laboratories,72.4,3,0,-9,0,-6,-19,-10,-26,9,-46,-52
INGR,Ingredion,122.1,-77,-36,-4,35,-82,-19,-6,-2,57,30,-52
REG,Regency Centers,70.73,-62,-5,0,54,-13,-73,-3,16,20,-40,-53
AIG,American International Group,76.54,-111,-2,0,54,-59,-5,-6,-6,22,5,-54
SW,Smurfit Westrock,43.48,-70,-7,-3,17,-63,-14,-1,6,18,9,-54
GXO,GXO Logistics,49.86,-23,1,7,0,-15,-38,-7,15,-9,-39,-54
YETI,Yeti Holdings,34.89,-13,5,-41,-7,-56,-12,15,10,-11,2,-54
BLDR,Builders FirstSource,121.77,-42,-1,-34,66,-11,-42,-3,6,-4,-43,-54
KMB,Kimberly-Clark,124.06,-49,-7,-5,19,-42,-8,-14,-17,27,-12,-54
TECH,Bio-Techne,53.05,3,0,-33,-25,-55,13,-7,1,-7,0,-55
SAIA,Saia,302.55,-7,0,-32,0,-39,-15,6,-1,-6,-16,-55
DG,Dollar General,101.86,-14,-2,0,-18,-34,-5,-17,28,-27,-21,-55
PFE,Pfizer,24.05,-2,-2,-5,-24,-33,3,-10,13,-29,-23,-56
BJ,BJ's Wholesale Club,96.44,-14,-59,0,11,-62,-19,-26,-8,59,6,-56
KD,Kyndryl,31.52,-37,-34,0,0,-71,-12,9,-3,21,15,-56
HOLX,Hologic,67.3,9,1,-41,0,-31,-12,-14,9,-8,-25,-56
DLTR,Dollar Tree,94.49,-14,-11,0,-16,-41,-5,-20,31,-23,-17,-58
IPG,Interpublic Group of Companies (The),25.5,-23,44,-49,0,-28,-15,-2,4,-18,-31,-59
RH,RH,217.68,-7,0,-30,-8,-45,-15,-2,4,-1,-14,-59
TYL,Tyler Technologies,536.15,-63,-21,0,18,-66,2,-23,7,19,5,-61
DHR,Danaher Corporation,190.44,-2,-10,-35,-1,-48,-5,-13,9,-5,-14,-62
RYN,Rayonier,25.65,-43,34,-3,0,-12,-40,-6,4,-10,-52,-64
RNG,RingCentral,32.18,6,28,-32,-42,-40,-9,25,6,-46,-24,-64
OGN,Organon & Co.,10.56,7,12,-35,0,-16,-9,14,-48,-5,-48,-64
RGEN,Repligen,125.94,22,1,-22,-18,-17,27,-12,-26,-38,-49,-66
POOL,Pool Corporation,312.68,-13,0,-29,-7,-49,-15,5,3,-10,-17,-66
FTV,Fortive,48.33,-1,-2,-27,0,-30,-15,8,-23,-6,-36,-66
HAYW,Hayward Holdings,14.83,-49,-1,0,0,-50,-43,-4,14,17,-16,-66
CCCS,CCC Intelligent Solutions,9.47,-19,-1,-34,0,-54,-11,-3,8,-7,-13,-67
ARE,Alexandria Real Estate Equities,85.91,0,29,-43,-31,-45,-5,18,1,-36,-22,-67
PYPL,PayPal,67.68,28,-27,-9,-40,-48,-7,-31,9,10,-19,-67
ADBE,Adobe Inc.,363.96,28,0,-42,-7,-21,-2,7,-46,-6,-47,-68
FI,Fiserv,130.47,-19,-51,-20,36,-54,-10,-11,-21,28,-14,-68
UNH,UnitedHealth Group,341.36,0,14,-24,-5,-15,-40,26,-37,-2,-53,-68
CNH,CNH Industrial,11.0,0,-27,-3,0,-30,3,-43,-1,3,-38,-68
SPR,Spirit AeroSystems,38.16,-70,-8,24,0,-54,-61,-5,36,15,-15,-69
ADC,Agree Realty,70.86,-33,-5,0,17,-21,-33,-19,-11,14,-49,-70
CLX,Clorox,119.92,-15,-2,-23,-6,-46,-14,8,-33,14,-25,-71
OLED,Universal Display Corporation,143.31,8,-24,-43,0,-59,26,-48,16,-6,-12,-71
EL,Estée Lauder Companies (The),87.27,0,0,0,-27,-27,-15,-8,14,-36,-45,-72
LII,Lennox International,533.44,-49,-20,-3,39,-33,-46,-33,10,28,-41,-74
WH,Wyndham Hotels & Resorts,81.94,-45,-4,-9,12,-46,-39,-9,4,16,-28,-74
PB,Prosperity Bancshares,65.51,-45,-39,-10,15,-79,-5,-5,-1,15,4,-75
BDX,Becton Dickinson,186.54,-8,32,-34,-6,-16,-13,-7,-25,-16,-61,-77
AMT,American Tower,193.25,-4,-34,-3,-1,-42,-14,-33,-1,12,-36,-78
TPL,Texas Pacific Land Corporation,877.17,-18,-79,-15,59,-53,-26,-2,-11,14,-25,-78
TTD,Trade Desk (The),46.14,0,-31,-33,-2,-66,5,-23,7,-1,-12,-78
OKTA,"Okta, Inc.",92.37,21,-73,-4,-25,-81,14,-9,-9,7,3,-78
ZBH,Zimmer Biomet,101.75,0,32,-3,-18,11,4,-5,-70,-19,-90,-79
BAH,Booz Allen Hamilton,99.79,-39,-15,-36,102,12,-38,-14,-38,-2,-92,-80
TXRH,Texas Roadhouse,159.58,-40,-31,-5,65,-11,-32,-67,-2,32,-69,-80
MRK,Merck & Co.,80.4,-47,36,-53,-1,-65,-5,-5,1,-7,-16,-81
DAR,Darling Ingredients,31.22,-7,-3,-12,-21,-43,-12,-9,14,-31,-38,-81
KBR,"KBR, Inc.",48.65,-14,0,-36,0,-50,-7,-8,-14,-2,-31,-81
LW,Lamb Weston,55.37,-14,28,-78,-9,-73,-19,16,9,-15,-9,-82
CPB,Campbell Soup Company,33.23,-6,14,-38,-7,-37,-4,8,-45,-6,-47,-84
PEN,"Penumbra, Inc.",253.87,-47,17,0,12,-18,-57,-1,-12,4,-66,-84
IAC,IAC Inc.,35.26,-7,-2,-8,-32,-49,-7,13,-3,-39,-36,-85
PSA,Public Storage,279.67,-44,0,-17,2,-59,-40,-2,16,-1,-27,-86
GIS,General Mills,50.08,2,0,-47,-5,-50,19,8,-43,-20,-36,-86
BA,Boeing,212.08,-84,-7,14,0,-77,-7,-6,16,-12,-9,-86
COP,ConocoPhillips,92.01,-14,0,-51,0,-65,-14,-6,8,-9,-21,-86
MIDD,Middleby,134.32,-54,0,-9,0,-63,-15,-2,-22,14,-25,-88
CCI,Crown Castle,94.29,0,-19,-2,-29,-50,-14,-30,-1,6,-39,-89
PCTY,Paylocity,168.05,0,-20,-4,-4,-28,-40,-24,-3,6,-61,-89
CIVI,Civitas Resources,32.6,-28,30,-61,-1,-60,-20,-4,5,-10,-29,-89
DUOL,Duolingo,309.62,7,-58,0,0,-51,16,-72,-7,24,-39,-90
COO,Cooper Companies (The),68.01,6,-17,-33,-6,-50,13,-12,-38,-4,-41,-91
BEN,Franklin Templeton Investments,24.23,-84,0,14,0,-70,-5,-9,16,-23,-21,-91
KVUE,Kenvue,16.97,-26,-20,-4,0,-50,-7,-30,-9,4,-42,-92
CAVA,Cava Group,65.53,5,-28,-20,0,-43,14,-32,-34,3,-49,-92
FCN,FTI Consulting,159.55,-23,-9,-43,0,-75,-14,-3,6,-6,-17,-92
ATR,AptarGroup,132.71,-63,-36,-9,21,-87,-15,-33,16,26,-6,-93
CHRD,Chord Energy,100.22,-20,-2,-56,0,-78,-14,-5,10,-7,-16,-94
PCG,PG&E Corporation,14.66,-23,0,-36,2,-57,-39,39,-35,-2,-37,-94
ACN,Accenture,239.94,-2,-53,-29,-1,-85,1,-7,-25,20,-11,-96
SITE,SiteOne Landscape Supply,134.05,-62,0,-2,-10,-74,-19,-3,9,-9,-22,-96
AMTM,Amentum,22.84,-91,-4,0,0,-95,1,-18,16,0,-1,-96
KMPR,Kemper Corporation,51.83,-47,-33,-12,-1,-93,-7,-3,-9,15,-4,-97
CRL,Charles River Laboratories,153.89,0,-7,-60,-27,-94,-5,-1,12,-9,-3,-97
SNDR,Schneider National,21.98,-25,-17,-11,0,-53,-41,-11,8,-1,-45,-98
IRDM,Iridium Communications,18.11,-1,-37,-10,-20,-68,-6,-3,-1,-20,-30,-98
SRPT,Sarepta Therapeutics,18.65,7,0,-35,-8,-36,12,-11,-56,-7,-62,-98
PPG,PPG Industries,109.49,-1,-1,-52,-9,-63,-35,-7,16,-9,-35,-98
AMCR,Amcor,8.26,-5,-27,-7,0,-39,-14,-36,-7,-3,-60,-99
BIIB,Biogen,140.65,-14,28,-90,-28,-104,-14,35,3,-19,5,-99
LINE,"Lineage, Inc.",40.4,-18,-32,0,0,-50,-18,5,-37,0,-50,-100
MTDR,Matador Resources,45.86,-47,-4,-35,0,-86,-14,-4,9,-7,-16,-102
AVY,Avery Dennison,163.28,-23,-20,-41,0,-84,-15,-11,13,-6,-19,-103
PPC,Pilgrim's Pride,41.17,-70,-12,0,22,-60,-34,-19,-10,19,-44,-104
DXCM,Dexcom,69.5,-34,-20,-5,-15,-74,-33,-3,16,-10,-30,-104
KHC,Kraft Heinz,26.38,0,-11,-48,-1,-60,16,-29,-20,-11,-44,-104
SBAC,SBA Communications,198.05,0,-34,-5,-21,-60,-14,-34,-4,6,-46,-106
CARR,Carrier Global,60.3,-59,-35,-5,0,-99,-19,-31,16,27,-7,-106
AVTR,Avantor,12.44,-8,0,-35,0,-43,-7,-5,-46,-6,-64,-107
NOV,NOV Inc.,12.61,-23,0,-61,-13,-97,-15,14,7,-16,-10,-107
LBRDK,Liberty Broadband (Series C),61.21,6,-41,-9,-37,-81,-14,-12,-9,9,-26,-107
LBRDA,Liberty Broadband (Series A),60.88,6,-41,-9,-37,-81,-14,-12,-9,9,-26,-107
OLN,Olin Corporation,23.16,-17,21,-66,-10,-72,-37,21,4,-24,-36,-108
JBHT,J. B. Hunt,130.61,-23,-17,-37,-1,-78,-15,-10,6,-11,-30,-108
VIRT,Virtu Financial,34.86,-90,-16,0,15,-91,-81,-28,77,15,-17,-108
AXTA,Axalta,29.98,-45,13,-22,23,-31,-40,-2,-35,-1,-78,-109
CDW,CDW,164.11,-21,-34,-48,0,-103,-15,8,8,-9,-8,-111
KNX,Knight-Swift,39.46,-23,-20,-31,-3,-77,-15,-4,-1,-14,-34,-111
ENPH,Enphase Energy,40.49,17,5,-52,-21,-51,5,18,-59,-25,-61,-112
ACHC,Acadia Healthcare,23.01,6,7,-54,-12,-53,6,-1,-48,-17,-60,-113
CROX,Crocs,77.12,-3,-32,-48,-2,-85,-7,-5,-10,-6,-28,-113
INVH,Invitation Homes,29.68,-43,-42,-14,0,-99,-14,-7,-9,15,-15,-114
LULU,Lululemon Athletica,173.36,7,-74,-17,-4,-88,25,-12,-26,-13,-26,-114
WEX,WEX Inc.,163.8,-24,0,-49,0,-73,-41,-2,10,-9,-42,-115
EMN,Eastman Chemical Company,64.36,-23,-1,-27,-2,-53,-15,-3,-41,-3,-62,-115
DPZ,Domino's,424.75,-63,-34,-2,11,-88,-42,-4,-1,19,-28,-116
HAL,Halliburton,22.64,4,18,-69,0,-47,-9,16,-68,-10,-71,-118
BROS,Dutch Bros. Coffee,55.24,-82,-6,-1,0,-89,-41,-6,6,12,-29,-118
ELS,Equity Lifestyle Properties,60.38,-22,-3,-27,0,-52,-33,7,-38,-4,-68,-120
FBIN,Fortune Brands Innovations,54.42,-41,0,-32,-6,-79,-41,-3,5,-3,-42,-121
WLK,Westlake Corporation,81.24,-23,28,-46,0,-41,-15,-1,-58,-7,-81,-122
BURL,Burlington Stores,258.57,-72,0,0,4,-68,-75,-7,9,18,-55,-123
EPAM,EPAM Systems,156.54,0,-9,-32,-28,-69,14,-7,-23,-38,-54,-123
LKQ,LKQ Corporation,30.31,-41,-6,-12,-3,-62,-41,17,-20,-18,-62,-124
BMY,Bristol Myers Squibb,44.97,-47,-2,-6,-6,-61,-44,-6,-20,6,-64,-125
MRNA,Moderna,26.56,21,-33,-61,-5,-78,28,-34,-1,-40,-47,-125
MTN,Vail Resorts,143.71,-8,-12,-39,-24,-83,-11,-7,12,-37,-43,-126
CNC,Centene,32.74,0,0,-50,-12,-62,-39,22,-19,-29,-65,-127
BALL,Ball Corporation,48.69,-23,-26,-9,-12,-70,-34,-34,16,-6,-58,-128
RYAN,Ryan Specialty,53.91,12,-62,-9,0,-59,-12,-68,-15,26,-69,-128
AWK,American Water Works,135.04,-77,-11,32,0,-56,-69,-11,-2,9,-73,-129
KMX,CarMax,58.11,-23,-2,-25,-37,-87,-32,18,-29,-1,-44,-131
GFS,GlobalFoundries,33.16,6,-34,-88,0,-116,33,-38,6,-18,-17,-133
ALB,Albemarle Corporation,80.38,42,8,-134,-24,-108,-3,-7,10,-26,-26,-134
UDR,"UDR, Inc.",37.37,-49,-37,-4,-1,-91,-41,-5,-11,14,-43,-134
RVTY,Revvity,86.32,28,-38,-26,-25,-61,-5,-43,-31,4,-75,-136
CZR,Caesars Entertainment,25.75,0,-37,-32,-26,-95,-5,-3,4,-38,-42,-137
TFX,Teleflex,122.81,-39,23,-48,-40,-104,-14,35,-44,-11,-34,-138
CE,Celanese,43.69,-18,-31,-49,-11,-109,-15,-1,-3,-10,-29,-138
HUM,Humana,258.15,-66,1,-2,-13,-80,-36,-3,2,-21,-58,-138
EEFT,Euronet Worldwide,89.16,-26,-38,-9,-4,-77,-33,-38,-6,14,-63,-140
UHAL,U-Haul,56.27,-49,-39,-21,0,-109,-15,-3,-34,21,-31,-140
WTRG,Essential Utilities,37.03,-104,-5,12,-1,-98,-33,-8,-7,6,-42,-140
TSN,Tyson Foods,53.66,-49,-3,-7,-29,-88,-42,-7,-17,12,-54,-142
SMG,Scotts Miracle-Gro Company,58.43,-23,-17,-28,-40,-108,-41,-3,12,-2,-34,-142
AMH,American Homes 4 Rent,33.34,-103,-38,-14,69,-86,-63,-7,-2,16,-56,-142
DOW,Dow Inc.,23.17,-20,-1,-49,-2,-72,-15,17,-64,-9,-71,-143
FIS,Fidelity National Information Services,64.64,-23,-34,-8,-38,-103,-14,-36,-3,12,-41,-144
CAG,Conagra Brands,18.33,-23,-6,-38,-8,-75,-15,-10,-20,-24,-69,-144
PEP,PepsiCo,141.03,-91,0,-48,0,-139,10,-6,5,-14,-5,-144
IEX,IDEX Corporation,160.56,-15,-38,-34,-3,-90,-7,-9,-34,-7,-57,-147
JHX,James Hardie Industries,19.59,-31,-23,-33,-2,-89,-30,-19,-6,-4,-59,-148
TEAM,Atlassian,170.56,-23,-52,-12,-7,-94,-54,10,-24,12,-56,-150
CL,Colgate-Palmolive,79.37,-63,-53,-12,24,-104,-40,-14,-20,27,-47,-151
NWL,Newell Brands,5.48,-58,21,-33,-32,-102,-15,-1,4,-37,-49,-151
MASI,Masimo,142.1,-14,-33,-5,-7,-59,-35,-48,-21,11,-93,-152
JKHY,Jack Henry & Associates,151.41,-23,-37,-9,-1,-70,-18,-68,-9,12,-83,-153
CHTR,Charter Communications,266.21,6,-41,-10,-37,-82,-14,-46,-10,-2,-72,-154
UHAL-B,U-Haul (Series N),50.64,-23,-39,-29,0,-91,-15,-3,-43,-2,-63,-154
TW,Tradeweb,111.96,-91,-33,-4,1,-127,-19,-29,-5,24,-29,-156
BRKR,Bruker,32.76,42,-37,-66,-9,-70,-9,2,-70,-10,-87,-157
BFAM,Bright Horizons,109.52,-133,-10,-5,0,-148,-8,-16,-2,16,-10,-158
SFM,Sprouts Farmers Market,119.62,-139,-40,-1,47,-133,-40,-38,-5,58,-25,-158
SAM,Boston Beer Company,215.55,-2,14,-41,-38,-67,-6,-3,-37,-45,-91,-158
ASH,Ashland Global,49.85,-49,-2,-47,-10,-108,-41,-6,5,-11,-53,-161
FMC,FMC Corporation,35.53,-17,-17,-46,-25,-105,-33,-7,8,-27,-59,-164
WING,Wingstop,255.79,-102,-13,-3,39,-79,-107,-26,14,32,-87,-166
BMRN,BioMarin Pharmaceutical,53.95,-4,-11,-56,-21,-92,-5,-25,-21,-23,-74,-166
WHR,Whirlpool Corporation,81.08,-44,-4,-11,-27,-86,-41,-1,-2,-37,-81,-167
MORN,"Morningstar, Inc.",234.0,-43,-37,-26,29,-77,-37,-50,-4,-1,-92,-169
AAL,American Airlines Group,12.32,-76,60,-27,-77,-120,-13,-4,5,-40,-52,-172
DJT,Trump Media & Technology Group,17.58,9,-79,-62,0,-132,9,-10,-30,-10,-41,-173
SLB,Schlumberger,33.93,-41,0,-76,0,-117,-40,20,-27,-11,-58,-175
FRPT,Freshpet,50.98,-23,-69,-30,-7,-129,-15,-26,-26,20,-47,-176
MAT,Mattel,17.08,-63,-11,-10,0,-84,-72,-3,13,-32,-94,-178
NSA,National Storage Affiliates,29.85,-65,0,-21,-5,-91,-42,-2,-42,-2,-88,-179
G,Genpact,41.16,-77,-9,-3,0,-89,-75,-5,-21,11,-90,-179
HRL,Hormel Foods,24.32,-10,-47,-16,-24,-97,-7,-43,-3,-31,-84,-181
COLM,Columbia Sportswear,53.03,-65,-1,-27,-7,-100,-75,-2,-22,14,-85,-185
ODFL,Old Dominion Freight Line,138.91,-49,-38,-32,0,-119,-15,-12,-37,-2,-66,-185
LSTR,Landstar,121.27,-25,-39,-41,-1,-106,-19,-4,-48,-8,-79,-185
WSC,WillScot Mobile Mini,22.19,-20,-36,-71,-7,-134,-15,-30,4,-13,-54,-188
GMED,Globus Medical,56.83,-105,-3,-21,-1,-130,-40,-5,-26,13,-58,-188
TREX,"Trex Company, Inc.",52.34,-65,-7,-60,-14,-146,-42,-3,8,-7,-44,-190
DXC,DXC Technology,14.31,0,0,-31,-74,-105,-10,-2,-38,-35,-85,-190
ACI,Albertsons,17.71,-105,-49,-3,0,-157,-15,-11,-9,1,-34,-191
WY,Weyerhaeuser,24.28,-49,-7,-29,-1,-86,-45,-11,-41,-9,-106,-192
CHDN,Churchill Downs Incorporated,95.81,-105,-16,-37,0,-158,-12,-33,8,-2,-39,-197
UA,Under Armour (Class C),4.68,-11,-31,-34,-38,-114,-11,-33,-1,-38,-83,-197
GLOB,Globant,57.47,0,-88,-32,-8,-128,7,-36,-32,-8,-69,-197
EW,Edwards Lifesciences,73.72,-81,-7,0,-15,-103,-89,-5,36,-36,-94,-197
UAA,Under Armour (Class A),4.78,-10,-31,-34,-45,-120,-8,-33,-1,-38,-80,-200
INSP,Inspire Medical Systems,78.54,-12,-89,-29,-7,-137,-10,-6,-34,-18,-68,-205
ZTS,Zoetis,144.95,-105,-10,-41,-4,-160,-21,-11,-8,-6,-46,-206
PRMB,Primo Brands,22.27,-77,-78,-4,23,-136,-69,-6,-16,19,-72,-208
DV,DoubleVerify,12.35,-91,-10,-76,0,-177,-14,-12,5,-11,-32,-209
TAP,Molson Coors,45.09,-77,-9,-19,-1,-106,-73,-11,-20,-4,-108,-214
NKE,"Nike, Inc.",71.31,-110,0,-4,-22,-136,-47,-10,13,-37,-81,-217
MKC,McCormick & Company,64.64,-50,-53,-12,-3,-118,-41,-52,-20,11,-102,-220
LYB,LyondellBasell,51.1,-41,-36,-50,-6,-133,-15,-1,-64,-8,-88,-221
CHH,Choice Hotels,108.1,-119,-33,-9,0,-161,-19,-34,-23,15,-61,-222
WU,Western Union,8.11,-63,0,-29,-47,-139,-14,-3,-64,-6,-87,-226
BBWI,"Bath & Body Works, Inc.",25.87,-79,-11,-31,-16,-137,-77,-4,-2,-7,-90,-227
CMCSA,Comcast,31.5,-65,-39,-41,-10,-155,-55,-3,-8,-9,-75,-230
IFF,International Flavors & Fragrances,62.19,-49,-38,-29,-32,-148,-38,-4,-41,-2,-85,-233
CLVT,Clarivate,4.07,-44,-2,-83,-7,-136,-61,-2,9,-43,-97,-233
FDS,FactSet,295.63,-63,-45,-11,-1,-120,-62,-41,-9,-2,-114,-234
RARE,Ultragenyx,29.45,-48,0,-33,-39,-120,-69,-3,-41,-4,-117,-237
MAN,ManpowerGroup,37.83,-23,-19,-52,-29,-123,-15,-11,-52,-37,-115,-238
BF-A,Brown–Forman (Class A),26.68,-8,-11,-108,-19,-146,-14,-8,-48,-25,-95,-241
COTY,Coty,4.03,-8,-24,-70,-8,-110,-14,-36,-72,-10,-132,-242
BF-B,Brown–Forman (Class B),26.88,-7,-14,-109,-19,-149,-15,-8,-41,-29,-93,-242
BRBR,BellRing Brands,36.44,-42,-96,-19,0,-157,-9,-88,-25,28,-94,-251
MKTX,MarketAxess,178.57,-23,-41,-34,-30,-128,-16,-56,-8,-45,-125,-253
APLS,Apellis Pharmaceuticals,23.5,-76,0,-76,-17,-169,-75,-3,7,-19,-90,-259
TGT,Target Corporation,86.55,-161,-17,-37,-12,-227,-15,-23,4,-7,-41,-268
GPK,Graphic Packaging,19.48,-133,-17,-25,0,-175,-40,-14,-38,-1,-93,-268
UPS,United Parcel Service,84.25,0,-39,-112,-17,-168,-15,-11,-40,-35,-101,-269
HUN,Huntsman Corporation,9.71,-49,-2,-51,-16,-118,-75,-2,-46,-34,-157,-275
BAX,Baxter International,22.82,-34,-53,-29,-39,-155,-54,-6,-20,-42,-122,-277
SLGN,Silgan Holdings,42.53,-105,-38,-9,0,-152,-103,-38,-3,14,-130,-282
XRAY,Dentsply Sirona,13.23,-64,-37,-87,-43,-231,-15,-2,-1,-41,-59,-290
ALGN,Align Technology,131.07,-51,-37,-73,-26,-187,-57,-11,-9,-39,-116,-303
FLO,Flowers Foods,13.12,-65,-26,-43,-9,-143,-61,-19,-63,-24,-167,-310
RHI,Robert Half,34.91,-23,-166,-35,-10,-234,-15,-3,-33,-33,-84,-318
PRGO,Perrigo,20.82,-104,-33,-8,-114,-259,-7,-6,-8,-56,-77,-336
COLD,Americold,12.8,-23,-120,-47,-12,-202,-19,-62,-47,-16,-144,-346
WEN,Wendy's Company (The),9.31,-105,-62,-43,-9,-219,-70,-9,-38,-16,-133,-352
STZ,Constellation Brands,133.54,-183,-20,-51,-4,-258,-97,-23,-67,-9,-196,-454
