Symbol,Name,Close,1H Cloud Score,1D Cloud Score,1W Cloud Score,1M Cloud Score,Cloud Score Sum,1H TKx Score,1D TKx Score,1W TKx Score,1M TKx Score,TKx Score Sum,Total Score Sum
TJX,TJX Companies,123.46,-11,-4,141,196,322,9,-19,110,191,291,613
JPM,JPMorgan Chase,289.75,71,36,116,156,379,68,47,3,24,142,521
HEI,HEICO (Common),328.12,85,41,18,187,331,82,39,9,55,185,516
RSG,Republic Services,246.59,-28,1,117,175,265,1,-5,86,158,240,505
MSFT,Microsoft,497.16,168,41,9,171,389,33,49,3,23,108,497
RBLX,Roblox Corporation,105.17,245,46,46,0,337,87,47,9,9,152,489
HWM,Howmet Aerospace,186.11,49,47,141,27,264,40,47,85,52,224,488
ORLY,O'Reilly Auto Parts,90.12,2,-13,156,197,342,9,-8,47,87,135,477
IBM,IBM,294.68,136,39,102,52,329,-12,47,49,54,138,467
PGR,Progressive Corporation,266.85,8,-14,98,175,267,7,-10,15,187,199,466
NFLX,Netflix,1339.38,50,52,109,18,229,82,49,80,18,229,458
ICE,Intercontinental Exchange,183.42,33,40,105,159,337,32,41,15,19,107,444
COST,Costco,989.72,-10,0,110,178,278,-19,-10,3,182,156,434
CTAS,Cintas,222.87,5,54,12,165,236,12,-6,6,185,197,433
AXON,Axon Enterprise,827.73,33,45,138,92,308,42,49,3,28,122,430
ORI,Old Republic International,38.44,47,8,140,56,251,12,3,110,53,178,429
SO,Southern Company,91.82,42,7,69,188,306,7,23,16,77,123,429
WRB,W. R. Berkley Corporation,73.46,2,89,87,174,352,3,4,17,53,77,429
SPOT,Spotify,767.11,76,48,105,10,239,33,49,88,18,188,427
HEI-A,HEICO (Class A),258.66,84,42,19,180,325,21,40,10,28,99,424
BSX,Boston Scientific,107.4,38,11,137,142,328,36,2,3,55,96,424
NRG,NRG Energy,160.55,30,47,96,92,265,30,3,106,19,158,423
AJG,Arthur J. Gallagher & Co.,320.05,-9,-4,158,184,329,-24,-10,21,105,92,421
NDAQ,"Nasdaq, Inc.",89.39,39,40,69,142,290,52,47,3,12,114,404
WM,"Waste Management, Inc.",228.79,-53,2,88,185,222,1,-4,20,157,174,396
YUM,Yum! Brands,148.09,33,0,21,257,311,37,-22,15,55,85,396
AM,Antero Midstream,18.95,34,40,141,21,236,44,-9,71,53,159,395
COR,Cencora,299.82,21,111,37,69,238,25,11,48,65,149,387
CASY,Casey's,510.48,1,14,106,85,206,-20,14,110,76,180,386
HUBB,Hubbell Incorporated,408.07,39,32,0,180,251,30,50,-18,69,131,382
ROL,"Rollins, Inc.",56.41,-27,56,24,284,337,1,-6,16,33,44,381
GS,Goldman Sachs,707.42,76,34,85,56,251,63,45,3,19,130,381
MCK,McKesson Corporation,732.68,14,107,35,56,212,25,47,31,65,168,380
CDNS,Cadence Design Systems,308.14,16,3,10,139,168,28,2,3,178,211,379
MTSI,MACOM Technology Solutions,143.22,137,34,9,56,236,56,46,1,27,130,366
WMB,Williams Companies,62.78,49,33,105,50,237,45,25,3,55,128,365
TDG,TransDigm Group,1520.65,48,47,12,155,262,40,4,3,55,102,364
VIRT,Virtu Financial,44.75,71,48,69,12,200,79,8,64,12,163,363
WELL,Welltower,153.67,1,31,109,56,197,-12,27,126,22,163,360
JBL,Jabil,217.98,70,37,12,63,182,69,47,4,55,175,357
ADI,Analog Devices,238.03,39,34,4,177,254,35,40,3,24,102,356
INTU,Intuit,787.53,21,47,10,189,267,19,47,3,18,87,354
PM,Philip Morris International,182.06,-27,107,63,53,196,3,49,78,25,155,351
RCL,Royal Caribbean Group,313.12,39,34,114,26,213,62,47,3,25,137,350
MSI,Motorola Solutions,420.44,34,2,0,151,187,8,-9,-20,183,162,349
RS,"Reliance, Inc.",313.97,24,44,4,113,185,35,49,3,75,162,347
NWS,News Corp (Class B),34.31,56,37,105,56,254,68,2,3,19,92,346
TKO,TKO Group Holdings,181.94,70,44,64,38,216,68,11,3,48,130,346
CHD,Church & Dwight,96.09,0,-4,-9,342,329,1,-4,-7,23,13,342
PWR,Quanta Services,377.89,72,41,10,97,220,-2,49,3,70,120,340
MS,Morgan Stanley,140.79,56,34,69,62,221,55,45,3,14,117,338
EMR,Emerson Electric,133.28,133,34,9,62,238,30,40,3,24,97,335
NFG,National Fuel Gas,84.65,-7,118,53,50,214,-1,49,64,8,120,334
HOOD,Robinhood Markets,93.63,71,36,74,0,181,87,47,3,16,153,334
ETN,Eaton Corporation,356.93,38,34,1,112,185,30,47,1,70,148,333
MCD,McDonald's,292.12,0,-15,45,240,270,11,-18,15,55,63,333
CME,CME Group,275.55,43,8,47,134,232,51,-11,43,17,100,332
FWONA,Liberty Formula 1 (Series A),94.96,56,36,62,60,214,15,45,2,54,116,330
FWONK,Liberty Formula 1 (Series C),104.48,61,37,63,55,216,12,44,3,54,113,329
MMC,Marsh McLennan,218.63,8,-15,0,173,166,1,-10,-4,176,163,329
RJF,Raymond James Financial,153.29,70,33,85,56,244,75,5,-13,17,84,328
CAH,Cardinal Health,167.96,21,56,48,36,161,21,47,41,55,164,325
VST,Vistra Corp.,193.76,76,33,12,28,149,84,46,1,43,174,323
EHC,Encompass Health,122.58,38,48,136,27,249,37,-7,17,27,74,323
BR,Broadridge Financial Solutions,242.9,7,33,107,143,290,2,4,3,23,32,322
RBC,RBC Bearings,384.95,38,38,86,56,218,-5,47,7,55,104,322
AVGO,Broadcom,275.77,39,37,12,114,202,38,49,3,28,118,320
TT,Trane Technologies,437.4,37,42,9,162,250,36,2,3,27,68,318
ARES,Ares Management,173.03,32,34,10,57,133,30,47,3,104,184,317
RBA,RB Global,106.2,4,45,97,25,171,30,-6,102,20,146,317
EME,Emcor,535.15,71,34,10,56,171,40,49,1,55,145,316
OLLI,Ollie's Bargain Outlet,131.79,70,34,108,14,226,-3,15,56,21,89,315
PLTR,Palantir Technologies,136.34,-10,47,109,0,146,-12,49,112,18,167,313
ORCL,Oracle Corporation,218.63,21,33,4,196,254,-9,40,3,25,59,313
ADP,Automatic Data Processing,307.0,1,1,78,178,258,4,-7,3,55,55,313
KLAC,KLA Corporation,895.68,25,34,7,175,241,-5,49,3,24,71,312
LYV,Live Nation Entertainment,151.3,9,35,87,145,276,11,9,2,14,36,312
COF,Capital One,212.67,39,40,87,19,185,60,47,3,16,126,311
KMI,Kinder Morgan,29.39,49,32,85,42,208,45,5,1,50,101,309
NVDA,Nvidia,157.87,39,33,7,132,211,30,41,3,24,98,309
MA,Mastercard,561.98,4,1,119,153,277,8,-4,3,24,31,308
DASH,DoorDash,246.55,72,33,90,0,195,47,46,3,16,112,307
CBOE,Cboe Global Markets,233.08,14,30,137,53,234,5,4,15,49,73,307
MPWR,Monolithic Power Systems,731.34,35,34,-19,155,205,30,44,3,24,101,306
AXS,AXIS Capital,103.79,4,48,79,43,174,12,-6,75,51,132,306
MKL,Markel,1995.52,70,33,61,53,217,15,47,1,24,87,304
SCI,Service Corporation International,81.4,37,17,1,173,228,47,17,1,11,76,304
RTX,RTX Corporation,146.0,7,33,70,52,162,12,39,77,12,140,302
VRSK,Verisk Analytics,311.59,5,43,61,112,221,9,-6,52,26,81,302
DUK,Duke Energy,117.96,15,1,69,181,266,8,-2,15,14,35,301
V,Visa Inc.,354.91,4,1,130,131,266,10,-4,3,24,33,299
LRCX,Lam Research,97.31,35,34,2,150,221,36,41,3,-3,77,298
UNM,Unum,80.76,21,3,178,38,240,13,-10,3,52,58,298
AAPL,Apple Inc.,205.12,3,1,-3,249,250,-6,1,-18,69,46,296
WCC,Wesco International,185.3,56,33,0,56,145,48,47,1,55,151,296
BKNG,Booking Holdings,5788.75,33,46,129,33,241,33,-6,3,24,54,295
ITT,ITT Inc.,156.84,38,40,9,97,184,36,47,3,24,110,294
APH,Amphenol,98.73,43,47,12,63,165,52,49,3,25,129,294
WMT,Walmart,97.75,2,48,120,99,269,2,-8,3,27,24,293
SYK,Stryker Corporation,395.47,34,34,10,157,235,43,-14,1,27,57,292
CACI,CACI,476.55,27,17,0,152,196,26,8,7,55,96,292
MCO,Moody's Corporation,501.57,34,34,9,154,231,35,1,1,23,60,291
OMF,OneMain Financial,56.98,56,34,10,58,158,61,45,3,24,133,291
DTM,DT Midstream,109.9,36,40,96,0,172,46,47,3,23,119,291
FDS,FactSet,446.99,42,0,-4,192,230,54,-16,2,21,61,291
LIN,Linde plc,469.29,8,32,6,108,154,33,-4,3,104,136,290
CSCO,Cisco,69.34,65,34,41,12,152,69,40,3,23,135,287
CW,Curtiss-Wright,488.56,39,42,12,52,145,40,49,3,47,139,284
AME,Ametek,180.93,21,34,1,104,160,30,-9,3,99,123,283
AXP,American Express,318.8,39,34,10,97,180,36,47,1,19,103,283
CAT,Caterpillar Inc.,388.04,39,33,1,62,135,51,40,1,55,147,282
BYD,Boyd Gaming,78.23,70,34,41,57,202,5,47,3,25,80,282
FIX,Comfort Systems USA,536.2,38,37,10,62,147,30,49,3,53,135,282
L,Loews Corporation,91.65,45,34,105,53,237,13,6,3,22,44,281
SGI,Somnigroup International,68.03,39,34,34,62,169,37,47,3,24,111,280
IBKR,Interactive Brokers,55.39,22,34,82,55,193,28,3,1,55,87,280
EQH,Equitable Holdings,56.1,38,34,85,9,166,54,40,3,17,114,280
UNP,Union Pacific Corporation,230.05,37,5,-7,196,231,39,4,-13,17,47,278
VRSN,Verisign,288.8,20,145,29,7,201,14,13,45,5,77,278
GGG,Graco Inc.,85.96,37,34,1,176,248,-2,2,3,27,30,278
ALL,Allstate,201.28,7,1,90,157,255,11,-10,4,15,20,275
WFC,Wells Fargo,80.07,49,34,85,27,195,56,4,3,17,80,275
LLY,Lilly (Eli),779.02,0,0,0,170,170,-5,13,3,94,105,275
BEN,Franklin Templeton Investments,23.83,113,37,1,0,151,93,47,3,-20,123,274
DTE,DTE Energy,132.45,0,0,67,187,254,3,-15,20,11,19,273
AZO,AutoZone,3716.96,5,0,87,84,176,9,-15,47,55,96,272
HON,Honeywell,232.87,20,34,9,176,239,14,-5,3,20,32,271
T,AT&T,28.92,8,31,63,14,116,7,47,87,13,154,270
ARMK,Aramark,41.86,39,38,8,38,123,47,42,3,54,146,269
BRO,Brown & Brown,110.87,5,-43,109,161,232,11,3,-3,24,35,267
FAST,Fastenal,42.0,8,56,42,104,210,26,-2,9,24,57,267
BK,BNY Mellon,91.09,16,36,87,38,177,30,40,3,17,90,267
TPR,"Tapestry, Inc.",87.8,70,34,73,19,196,12,40,1,17,70,266
MNST,Monster Beverage,62.65,-28,84,19,178,253,1,-4,12,2,11,264
NI,NiSource,40.31,1,31,67,43,142,5,23,82,12,122,264
WWD,"Woodward, Inc.",245.01,70,43,12,33,158,33,45,3,24,105,263
LNG,Cheniere Energy,243.49,26,40,53,56,175,26,5,3,54,88,263
SPGI,S&P Global,527.02,39,34,9,170,252,-12,3,1,19,11,263
STE,Steris,240.18,3,37,7,193,240,-9,-6,15,23,23,263
SEIC,SEI Investments Company,89.87,37,40,85,33,195,35,3,3,24,65,260
BPOP,"Popular, Inc.",110.16,42,41,10,57,150,43,47,3,17,110,260
USFD,US Foods,77.0,20,37,136,33,226,12,-7,3,24,32,258
MTZ,MasTec,170.41,72,40,12,16,140,54,47,3,11,115,255
PAYX,Paychex,145.49,0,-4,77,165,238,3,-7,6,12,14,252
WAB,Wabtec,209.36,23,36,12,47,118,30,47,3,54,134,252
SLM,Sallie Mae,32.79,35,41,83,20,179,30,-13,37,19,73,252
PH,Parker Hannifin,697.94,35,35,10,63,143,30,47,3,28,108,251
AMP,Ameriprise Financial,533.41,39,33,2,62,136,40,5,1,69,115,251
URI,United Rentals,753.32,39,34,0,62,135,54,5,1,55,115,250
ACM,AECOM,112.83,21,40,9,63,133,-2,47,3,69,117,250
SF,Stifel,103.75,56,24,1,57,138,68,39,-13,18,112,250
ROP,Roper Technologies,566.84,1,1,22,180,204,1,-16,37,24,46,250
PEG,Public Service Enterprise Group,84.18,57,13,1,150,221,13,20,-21,15,27,248
AAON,AAON,73.68,0,-14,-6,243,223,30,-16,-18,29,25,248
LITE,Lumentum,94.99,71,32,7,1,111,87,40,1,8,136,247
DE,Deere & Company,508.37,-41,36,42,107,144,9,47,38,8,102,246
JCI,Johnson Controls,105.61,23,42,68,17,150,30,47,3,16,96,246
GD,General Dynamics,291.66,28,56,1,52,137,40,11,3,55,109,246
RL,Ralph Lauren Corporation,274.15,39,36,87,32,194,33,-9,3,24,51,245
SNPS,Synopsys,512.88,22,21,-20,178,201,33,13,1,-3,44,245
NWSA,News Corp (Class A),29.71,56,34,2,56,148,68,7,3,19,97,245
NTRS,Northern Trust,126.82,70,34,9,9,122,68,40,3,11,122,244
SYF,Synchrony Financial,66.74,56,34,10,19,119,61,47,1,16,125,244
GOOGL,Alphabet (Class A),176.2,17,23,1,174,215,26,-5,-12,19,28,243
HCA,HCA Healthcare,383.09,58,48,7,95,208,-2,1,9,27,35,243
PTC,PTC Inc.,172.33,21,33,-19,180,215,30,-6,-20,24,28,243
GOOG,Alphabet (Class C),177.34,17,23,0,174,214,26,-5,-12,19,28,242
BSY,Bentley Systems,53.97,76,37,2,0,115,79,49,3,-4,127,242
ATI,ATI Inc.,86.38,21,41,9,41,112,30,47,3,50,130,242
C,Citigroup,85.1,56,34,12,16,118,62,44,3,12,121,239
KO,Coca-Cola Company (The),70.72,2,1,21,180,204,11,-5,16,12,34,238
TMUS,T-Mobile US,238.39,24,-35,87,137,213,38,-45,-1,33,25,238
J,Jacobs Solutions,131.44,25,32,0,104,161,30,47,-17,17,77,238
LPLA,LPL Financial,375.06,3,35,38,97,173,12,-6,3,55,64,237
BAC,Bank of America,47.28,56,34,10,16,116,64,41,3,12,120,236
WDC,Western Digital,63.97,70,34,5,10,119,68,45,3,1,117,236
TRMB,Trimble Inc.,75.97,39,34,72,2,147,36,39,1,10,86,233
NEU,NewMarket,691.05,42,56,12,27,137,7,48,15,25,95,232
STT,State Street Corporation,106.43,55,36,10,14,115,61,41,2,12,116,231
VMI,Valmont Industries,326.52,24,24,55,56,159,30,44,-10,8,72,231
HLT,Hilton Worldwide,266.32,38,34,9,62,143,59,2,1,24,86,229
HD,Home Depot (The),366.64,33,0,-5,178,206,41,-19,-17,17,22,228
SCCO,Southern Copper,101.13,26,33,1,60,120,33,46,3,25,107,227
NET,Cloudflare,195.74,64,34,32,0,130,33,44,3,17,97,227
THC,Tenet Healthcare,176.02,65,43,7,55,170,30,3,1,22,56,226
LOPE,Grand Canyon Education,189.07,0,0,140,33,173,8,-14,27,32,53,226
JNPR,Juniper Networks,39.9,49,29,1,52,131,68,6,1,18,93,224
EWBC,East West Bancorp,100.94,54,34,2,20,110,50,45,2,17,114,224
TW,Tradeweb,146.4,51,12,102,0,165,34,1,3,21,59,224
PANW,Palo Alto Networks,204.6,8,34,10,79,131,-12,45,3,55,91,222
CB,Chubb Limited,289.73,7,1,94,56,158,5,-10,15,54,64,222
FTNT,Fortinet,105.7,38,33,47,111,229,-13,-8,3,11,-7,222
PCAR,Paccar,95.01,32,0,-15,157,174,30,-10,-7,32,45,219
DGX,Quest Diagnostics,179.58,0,48,61,16,125,7,14,61,12,94,219
FFIV,"F5, Inc.",294.2,14,33,87,12,146,8,47,3,15,73,219
CRWD,CrowdStrike,509.23,31,47,38,0,116,33,49,3,18,103,219
TXN,Texas Instruments,207.52,43,34,2,20,99,62,38,3,14,117,216
GE,GE Aerospace,257.38,38,45,12,25,120,42,3,23,27,95,215
MSA,MSA Safety,167.53,3,36,-28,162,173,-5,47,3,-3,42,215
MTG,MGIC Investment Corporation,27.84,59,47,12,53,171,2,13,3,26,44,215
EVR,Evercore,269.89,55,33,0,56,144,-2,47,1,24,70,214
OZK,Bank OZK,47.05,39,34,10,54,137,49,10,1,17,77,214
KEX,Kirby Corporation,113.37,21,34,0,33,88,35,47,3,40,125,213
MET,Metlife,80.4,38,33,2,56,129,62,5,1,16,84,213
BWXT,BWX Technologies,144.02,21,32,6,33,92,40,49,3,29,121,213
KKR,KKR & Co. Inc.,132.9,35,23,0,101,159,30,16,-13,19,52,211
CELH,Celsius Holdings,46.38,35,73,0,63,171,7,29,11,-7,40,211
AMD,Advanced Micro Devices,141.89,70,33,-35,108,176,-3,40,3,-5,35,211
PNR,Pentair,102.66,38,34,2,60,134,48,5,1,22,76,210
DRI,Darden Restaurants,217.97,-29,53,37,59,120,-26,47,41,28,90,210
BX,Blackstone Inc.,149.54,35,5,-6,140,174,30,3,-17,19,35,209
WSO,Watsco,441.8,14,-29,-6,194,173,15,-27,-21,69,36,209
LMT,Lockheed Martin,462.99,-35,1,-22,163,107,5,23,3,70,101,208
EVRG,Evergy,68.93,41,15,51,12,119,-4,15,70,8,89,208
RF,Regions Financial Corporation,23.5,50,33,0,20,103,52,40,1,12,105,208
TRV,Travelers Companies (The),267.45,0,1,84,56,141,5,-10,17,54,66,207
SCHW,Charles Schwab Corporation,91.2,14,47,70,9,140,5,47,3,12,67,207
CNM,Core & Main,60.35,38,36,12,0,86,49,47,3,22,121,207
CI,Cigna,330.5,27,3,2,56,88,47,3,13,55,118,206
R,Ryder,158.87,39,19,4,54,116,30,5,1,54,90,206
HBAN,Huntington Bancshares,16.75,37,34,2,19,92,52,45,3,14,114,206
MTB,M&T Bank,193.93,49,34,1,20,104,49,40,1,12,102,206
SKX,Skechers,63.11,42,32,-17,53,110,46,39,-13,24,96,206
WTFC,Wintrust Financial,123.92,39,34,2,47,122,19,47,1,17,84,206
ITW,Illinois Tool Works,247.1,23,5,-6,176,198,-2,-11,-7,27,7,205
SOFI,SoFi,18.2,56,26,39,0,121,57,17,1,9,84,205
FERG,Ferguson Enterprises,217.74,38,36,4,63,141,-9,47,3,23,64,205
CBRE,CBRE Group,140.06,42,18,85,20,165,12,14,1,12,39,204
SNV,Synovus,51.75,45,34,1,19,99,52,40,1,12,105,204
CSL,Carlisle Companies,373.4,34,0,-4,176,206,-5,-19,3,18,-3,203
ALNY,Alnylam Pharmaceuticals,325.9,83,33,10,13,139,7,41,3,13,64,203
META,Meta Platforms,738.01,38,34,10,27,109,33,39,1,21,94,203
MRVL,Marvell Technology,77.36,70,8,-14,104,168,-6,39,-14,16,35,203
BLK,BlackRock,1048.47,36,33,10,20,99,35,47,3,19,104,203
HIG,Hartford (The),126.87,2,1,87,55,145,3,-14,14,54,57,202
ADSK,Autodesk,309.57,48,37,47,12,144,33,5,3,17,58,202
AMAT,Applied Materials,183.03,35,34,-23,147,193,-3,14,1,-3,9,202
CINF,Cincinnati Financial,148.92,8,40,78,60,186,9,-9,3,13,16,202
AN,AutoNation,198.65,1,36,10,59,106,-11,49,3,55,96,202
FNB,FNB Corporation,14.59,38,34,-6,53,119,49,14,2,17,82,201
RPM,RPM International,109.86,0,0,-12,178,166,30,-5,-20,28,33,199
SHW,Sherwin-Williams,342.9,1,0,0,188,189,-1,-9,3,17,10,199
ODFL,Old Dominion Freight Line,162.42,13,-1,-19,185,178,33,-18,-24,30,21,199
GEV,GE Vernova,529.02,70,46,0,0,116,30,49,4,0,83,199
IRM,Iron Mountain,102.55,-11,39,0,55,83,11,47,3,54,115,198
MMM,3M,152.17,39,34,67,12,152,42,-11,3,12,46,198
VRT,Vertiv,128.41,70,33,2,6,111,30,47,-14,24,87,198
SRE,Sempra,75.74,8,10,-8,179,189,7,-11,1,12,9,198
CPNG,Coupang,29.95,35,40,10,0,85,47,47,3,15,112,197
H,Hyatt Hotels,139.59,37,17,-16,53,91,33,40,-20,53,106,197
SSNC,SS&C Technologies,82.8,21,10,83,12,126,30,35,-8,13,70,196
ETR,Entergy,83.11,14,2,66,20,102,5,-6,82,12,93,195
ANET,Arista Networks,102.33,31,19,0,56,106,33,15,-14,54,88,194
KEY,Keycorp,17.41,49,34,1,2,86,56,40,1,11,108,194
FYBR,Frontier Communications,36.4,42,0,82,0,124,-8,-21,87,12,70,194
SNX,TD Synnex,135.68,39,34,8,61,142,-9,40,1,19,51,193
MDLZ,Mondelez International,67.43,0,7,2,180,189,-23,21,12,-7,3,192
GRMN,Garmin,208.68,21,7,105,17,150,36,-4,-10,19,41,191
GLW,Corning Inc.,52.59,42,33,12,15,102,36,40,1,12,89,191
AON,AON,356.71,0,0,0,175,175,-21,-10,-8,54,15,190
AVT,Avnet,53.08,39,34,0,43,116,35,11,3,25,74,190
PFGC,Performance Food Group,87.44,3,37,46,41,127,9,-5,3,55,62,189
APO,Apollo Global Management,141.81,35,16,0,95,146,30,4,-16,24,42,188
PAG,Penske Automotive Group,171.78,-1,35,8,60,102,-21,49,3,55,86,188
WBS,Webster Bank,54.59,36,34,1,12,83,47,42,1,15,105,188
KR,Kroger,71.71,3,7,72,65,147,-20,4,43,13,40,187
AWI,Armstrong World Industries,162.48,39,41,87,19,186,-5,-14,3,17,1,187
GTES,Gates Corporation,23.03,39,34,10,13,96,30,42,3,16,91,187
PSTG,Pure Storage,57.58,36,33,0,40,109,35,1,-14,55,77,186
KD,Kyndryl,41.97,34,36,102,0,172,2,-7,1,18,14,186
CLH,Clean Harbors,231.18,39,41,0,56,136,7,-15,3,55,50,186
FHN,First Horizon Corporation,21.19,39,34,45,2,120,52,5,1,8,66,186
MSM,MSC Industrial Direct,84.96,21,34,0,56,111,30,49,3,-7,75,186
TTWO,Take-Two Interactive,242.82,8,54,38,11,111,7,11,38,18,74,185
AIG,American International Group,85.56,2,31,21,51,105,11,34,16,19,80,185
HAS,Hasbro,73.83,43,34,7,1,85,42,45,3,9,99,184
UGI,UGI Corporation,36.41,2,48,35,2,87,4,47,42,3,96,183
FCNCA,First Citizens BancShares,1957.23,48,16,0,57,121,54,2,-14,19,61,182
NTRA,Natera,168.91,0,25,85,16,126,13,23,3,17,56,182
ATO,Atmos Energy,154.02,0,0,67,43,110,-23,-27,78,43,71,181
DOV,Dover Corporation,183.21,34,23,0,104,161,30,-16,-12,17,19,180
NOW,ServiceNow,1027.61,24,35,1,80,140,30,-11,1,20,40,180
AFL,Aflac,105.43,56,0,1,56,113,12,2,-1,53,66,179
CTVA,Corteva,74.53,8,47,46,0,101,19,47,3,9,78,179
ABT,Abbott Laboratories,135.97,2,31,49,11,93,-16,49,41,12,86,179
MAR,Marriott International,273.17,38,34,2,56,130,33,2,-12,25,48,178
ISRG,Intuitive Surgical,543.68,28,3,87,20,138,30,-15,1,24,40,178
AMGN,Amgen,279.2,0,0,-1,163,162,-9,-2,-7,34,16,178
DDS,Dillard's,418.37,23,16,7,52,98,34,2,-10,53,79,177
EPR,EPR Properties,58.27,1,36,50,27,114,-26,47,23,19,63,177
QGEN,Qiagen,48.05,23,31,5,1,60,30,72,3,11,116,176
EA,Electronic Arts,159.67,81,10,1,5,97,42,9,9,19,79,176
LDOS,Leidos,157.76,43,46,0,21,110,40,3,6,17,66,176
OGE,OGE Energy,44.36,0,1,61,43,105,3,-6,61,12,70,175
DELL,Dell Technologies,122.55,66,34,0,30,130,-4,47,3,-2,44,174
EBAY,eBay,74.43,-47,43,70,12,78,-40,47,75,14,96,174
CCL,Carnival Corporation & plc,28.1,39,33,10,0,82,33,41,1,17,92,174
PRI,Primerica,273.36,39,2,0,106,147,12,-15,1,28,26,173
CIEN,Ciena,81.3,42,34,2,10,88,79,-9,1,14,85,173
MSTR,MicroStrategy,404.19,28,1,92,17,138,33,-19,3,18,35,173
SNOW,Snowflake Inc.,223.6,52,37,8,0,97,33,47,3,-8,75,172
ADT,ADT Inc.,8.46,37,54,24,0,115,42,-9,18,6,57,172
PG,Procter & Gamble,159.31,-11,-11,0,177,155,9,-9,-7,24,17,172
PNC,PNC Financial Services,186.4,49,24,0,12,85,52,39,-17,12,86,171
THG,Hanover Insurance,169.88,2,32,54,22,110,9,-6,46,12,61,171
CFG,Citizens Financial Group,44.74,52,22,1,2,77,56,39,-13,12,94,171
TXT,Textron,80.26,35,34,-28,51,92,35,44,3,-3,79,171
AYI,Acuity Brands,298.34,56,10,1,25,92,35,39,-14,18,78,170
CVNA,Carvana,336.98,12,46,85,9,152,7,-7,3,14,17,169
LECO,Lincoln Electric,207.4,38,33,0,63,134,-1,40,1,-5,35,169
ALLE,Allegion,144.11,43,46,2,19,110,52,-16,3,20,59,169
ZS,Zscaler,313.94,42,47,10,3,102,-1,49,3,16,67,169
GILD,Gilead Sciences,110.81,13,28,44,33,118,16,-3,1,37,51,169
NSC,Norfolk Southern,255.9,56,33,4,2,95,11,47,3,12,73,168
KNSL,Kinsale Capital Group,484.04,6,19,9,31,65,12,28,-20,83,103,168
IDXX,Idexx Laboratories,536.34,33,41,7,2,83,41,47,3,-6,85,168
ALGM,Allegro MicroSystems,34.19,70,33,4,0,107,39,34,1,-14,60,167
TDY,Teledyne Technologies,512.28,24,33,45,12,114,34,3,3,13,53,167
LH,Labcorp,262.32,4,40,48,13,105,5,40,1,16,62,167
FITB,Fifth Third Bancorp,41.13,49,10,0,20,79,54,39,-20,14,87,166
APG,APi Group,51.06,13,41,11,16,81,10,47,3,24,84,165
K,Kellanova,79.51,6,-14,62,19,73,16,-11,74,11,90,163
CR,Crane Co.,189.78,26,41,9,0,76,36,43,3,3,85,161
FTI,TechnipFMC,34.42,0,34,10,25,69,16,38,3,35,92,161
HPE,Hewlett Packard Enterprise,20.44,35,30,-17,40,88,30,4,-14,52,72,160
HLI,Houlihan Lokey,179.93,42,36,10,42,130,-2,5,3,24,30,160
AMG,Affiliated Managers Group,196.47,35,40,4,20,99,31,11,3,15,60,159
VEEV,Veeva Systems,287.9,7,37,38,6,88,12,40,3,16,71,159
PRU,Prudential Financial,107.4,38,24,-6,53,109,36,16,-20,17,49,158
AIZ,Assurant,197.47,-1,3,0,150,152,3,-1,-13,17,6,158
AGO,Assured Guaranty,87.09,57,3,2,54,116,12,6,3,20,41,157
FCX,Freeport-McMoRan,43.33,25,34,-30,56,85,33,40,3,-4,72,157
STAG,STAG Industrial,36.28,-10,34,0,94,118,-2,40,3,-2,39,157
CNA,CNA Financial,46.5,21,-18,87,55,145,14,-19,-2,18,11,156
CMG,Chipotle Mexican Grill,56.15,49,18,-17,78,128,9,11,-19,27,28,156
LAMR,Lamar Advertising,121.48,3,24,0,62,89,-1,47,1,19,66,155
RMD,Resmed,257.9,49,40,10,11,110,-14,46,2,11,45,155
TOL,Toll Brothers,114.18,39,18,-16,59,100,42,11,-22,24,55,155
AZEK,Azek,54.32,17,52,14,0,83,33,14,6,18,71,154
PLNT,Planet Fitness,109.09,1,30,56,11,98,-1,41,3,12,55,153
RRC,Range Resources,40.66,-7,34,27,40,94,-33,35,3,53,58,152
NYT,New York Times Company,55.98,34,45,8,14,101,38,-9,3,19,51,152
RLI,RLI Corp.,72.24,-27,-18,-3,174,126,-26,-11,-22,85,26,152
CG,Carlyle Group (The),51.39,37,25,1,19,82,30,36,-13,16,69,151
DIS,Walt Disney Company (The),123.95,34,34,8,0,76,33,38,3,1,75,151
CWEN-A,Clearway Energy (Class A),30.26,2,32,51,4,89,-4,43,15,8,62,151
COIN,Coinbase,350.53,57,33,2,0,92,-6,47,2,16,59,151
LOW,Lowe's,221.79,33,-11,-13,164,173,-1,-19,-20,17,-23,150
ATR,AptarGroup,156.42,39,40,0,18,97,40,-14,3,23,52,149
AFRM,Affirm Holdings,69.07,39,16,5,0,60,56,17,1,15,89,149
TNL,Travel + Leisure Co.,51.61,37,24,2,14,77,30,40,-10,12,72,149
WYNN,Wynn Resorts,93.63,70,36,1,1,108,42,2,3,-6,41,149
CWEN,Clearway Energy (Class C),32.0,2,32,51,2,87,-4,43,15,8,62,149
CPRT,Copart,49.06,2,-25,-6,174,145,14,-21,-16,26,3,148
CARR,Carrier Global,73.17,36,41,1,0,78,40,2,3,24,69,147
TRGP,Targa Resources,174.09,21,0,1,49,71,26,11,-13,52,76,147
PEGA,Pegasystems,54.13,35,46,12,3,96,33,4,1,13,51,147
GWW,W. W. Grainger,1040.22,0,0,0,92,92,5,-9,3,55,54,146
AMZN,Amazon,219.4,20,24,10,19,73,28,39,-12,18,73,146
DKNG,DraftKings,42.88,112,10,2,0,124,5,10,-11,18,22,146
DDOG,Datadog,134.4,68,24,-16,0,76,35,41,-19,13,70,146
VICI,Vici Properties,32.59,0,15,51,13,79,-20,15,16,55,66,145
DKS,Dick's Sporting Goods,197.8,28,0,0,61,89,33,6,-14,31,56,145
NTAP,Netapp,106.5,39,19,-18,55,95,5,47,-23,20,49,144
ANSS,Ansys,351.07,21,34,10,9,74,33,13,3,21,70,144
FOUR,Shift4,99.17,39,14,1,0,54,35,43,-10,22,90,144
ZION,Zions Bancorporation,51.94,39,16,0,2,57,50,39,-16,13,86,143
AL,Air Lease Corporation,58.47,21,40,10,20,91,30,-6,3,24,51,142
ROK,Rockwell Automation,332.12,21,37,8,13,79,30,39,3,-9,63,142
FICO,Fair Isaac,1826.32,-10,-4,0,164,150,-19,3,-21,29,-8,142
FHB,"First Hawaiian, Inc.",24.96,37,6,0,12,55,44,44,-13,12,87,142
BRK-B,Berkshire Hathaway,485.24,-9,-19,117,60,149,-19,-31,18,24,-8,141
COHR,Coherent Corp.,89.2,28,33,0,13,74,30,40,-17,13,66,140
TOST,"Toast, Inc.",44.27,14,35,70,0,119,11,-9,3,15,20,139
CNP,Centerpoint Energy,36.54,34,0,42,43,119,-1,-28,36,13,20,139
EXE,Expand Energy,116.94,-3,54,34,0,85,-27,39,34,8,54,139
MO,Altria,58.59,-26,31,63,43,111,-27,22,19,14,28,139
SMCI,Supermicro,49.0,28,10,0,56,94,27,33,-9,-7,44,138
GL,Globe Life,124.27,39,3,38,12,92,52,-10,-2,6,46,138
DCI,Donaldson Company,69.35,21,34,0,63,118,-1,-10,3,28,20,138
XPO,"XPO, Inc.",126.25,39,16,0,59,114,7,8,-16,25,24,138
LHX,L3Harris,250.83,1,56,5,3,65,7,49,5,12,73,138
VOYA,Voya Financial,71.0,38,34,-16,2,58,41,8,1,29,79,137
MLM,Martin Marietta Materials,548.94,14,43,-3,58,112,11,-14,3,25,25,137
UNH,UnitedHealth Group,311.85,9,-50,-11,-2,-54,25,8,-24,182,191,137
DOCS,Doximity,61.34,38,4,47,0,89,33,15,-10,10,48,137
LNW,Light & Wonder,96.2,28,4,0,55,87,30,4,-8,23,49,136
LFUS,Littelfuse,226.73,39,34,-18,0,55,47,39,1,-6,81,136
XP,XP Inc.,20.19,6,48,5,0,59,27,46,9,-6,76,135
MANH,Manhattan Associates,197.5,38,28,-22,63,107,12,10,-20,25,27,134
AS,Amer Sports,38.74,19,34,0,0,53,38,39,3,0,80,133
ALLY,Ally Financial,38.95,38,24,1,2,65,35,18,1,14,68,133
EQT,EQT Corporation,58.32,0,40,34,40,114,-29,5,34,8,18,132
TWLO,Twilio,124.37,37,26,40,-32,71,61,2,-11,9,61,132
JEF,Jefferies Financial Group,54.7,0,10,-13,56,53,30,10,-16,55,79,132
TSCO,Tractor Supply Company,52.73,0,0,0,83,83,-20,10,-26,83,47,130
SLGN,Silgan Holdings,54.19,-7,40,12,78,123,-9,2,3,11,7,130
GWRE,Guidewire Software,235.44,-49,47,103,19,120,-59,47,3,18,9,129
BJ,BJ's Wholesale Club,107.82,-7,-1,71,8,71,-14,-17,33,56,58,129
SARO,StandardAero,31.67,21,34,0,0,55,30,41,3,0,74,129
STWD,Starwood Property Trust,20.08,-7,34,11,56,94,-5,18,3,19,35,129
HII,Huntington Ingalls Industries,241.47,26,73,1,4,104,19,4,9,-7,25,129
NCLH,Norwegian Cruise Line Holdings,20.26,35,5,-13,0,27,61,35,-13,18,101,128
PPL,PPL Corporation,33.87,-13,-11,69,21,66,-25,-6,81,12,62,128
NVT,Nvent Electric,73.22,39,34,1,10,84,-1,47,1,-3,44,128
CAR,Avis Budget Group,169.15,70,50,2,-18,104,-7,60,6,-35,24,128
WHR,Whirlpool Corporation,101.43,133,11,-17,-24,103,38,33,-13,-34,24,127
APP,AppLovin,350.09,0,24,98,0,122,7,-8,-10,16,5,127
CMA,Comerica,59.65,37,8,0,2,47,47,39,-17,10,79,126
ARW,Arrow Electronics,127.45,45,41,1,2,89,-7,47,3,-6,37,126
PFG,Principal Financial Group,79.44,38,5,-6,53,90,49,-16,-13,16,36,126
OSK,Oshkosh Corporation,113.55,21,33,4,2,60,30,38,1,-3,66,126
CMI,Cummins,327.5,21,6,0,63,90,30,-9,-14,28,35,125
EXEL,Exelixis,44.08,-16,33,57,12,86,-21,-10,48,22,39,125
TXRH,Texas Roadhouse,187.45,-4,35,2,62,95,7,-9,3,29,30,125
KIM,Kimco Realty,21.02,0,33,0,53,86,-22,47,1,12,38,124
DG,Dollar General,114.4,23,75,0,-15,83,26,23,15,-24,40,123
TFC,Truist Financial,42.99,49,8,0,2,59,52,16,-16,12,64,123
AEP,American Electric Power,103.79,5,1,66,21,93,7,-5,16,12,30,123
HR,Healthcare Realty Trust,15.86,109,2,0,-37,74,56,8,-22,7,49,123
QRVO,Qorvo,84.94,37,34,0,-29,42,39,42,2,-3,80,122
JLL,Jones Lang LaSalle,255.77,42,8,1,12,63,47,13,-13,12,59,122
MPC,Marathon Petroleum,166.1,-1,36,0,47,82,3,40,3,-6,40,122
FNF,Fidelity National Financial,56.06,39,-36,1,56,60,42,4,-4,19,61,121
UBER,Uber,93.28,35,46,11,0,92,-7,3,9,24,29,121
UI,Ubiquiti,411.62,26,6,45,8,85,36,-12,3,8,35,120
ELAN,Elanco,14.28,21,37,0,-5,53,30,39,2,-4,67,120
SN,SharkNinja,98.94,56,10,1,0,67,61,2,-11,0,52,119
AEE,Ameren,95.99,1,0,50,11,62,3,-9,55,8,57,119
CFR,Frost Bank,128.54,36,34,1,2,73,47,-10,1,8,46,119
DOX,Amdocs,91.23,-11,43,10,56,98,-26,41,3,3,21,119
FIVE,Five Below,131.17,27,36,0,-14,49,33,45,4,-13,69,118
WSM,"Williams-Sonoma, Inc.",163.11,21,0,1,63,85,22,2,-10,19,33,118
PODD,Insulet,314.1,34,35,38,2,109,7,-10,7,4,8,117
ACGL,Arch Capital Group,91.02,4,0,-1,60,63,12,-10,3,49,54,117
WTM,White Mountains Insurance Group,1795.51,7,0,0,57,64,29,-17,-13,54,53,117
PNFP,Pinnacle Financial Partners,110.3,39,34,0,13,86,12,2,1,16,31,117
USB,U.S. Bancorp,45.24,35,34,0,2,71,47,3,-17,13,46,117
CXT,Crane NXT,53.9,-14,24,-18,53,45,-5,37,-14,54,72,117
SPR,Spirit AeroSystems,38.14,14,48,11,0,73,13,-5,23,12,43,116
CEG,Constellation Energy,322.58,55,34,9,0,98,-5,2,3,17,17,115
PHM,PulteGroup,105.44,38,7,-16,63,92,12,11,-27,27,23,115
MCHP,Microchip Technology,70.36,49,34,0,1,84,-7,40,3,-5,31,115
NOC,Northrop Grumman,500.04,0,1,3,56,60,13,21,10,10,54,114
GEN,Gen Digital,29.39,2,37,8,14,61,-3,39,3,14,53,114
SAIC,SAIC,112.66,28,-20,-30,65,43,29,-20,7,55,71,114
LAZ,Lazard,47.97,42,17,0,18,77,42,5,-21,11,37,114
DHI,D. R. Horton,128.86,41,7,-21,63,90,12,11,-28,28,23,113
GRAL,"Grail, Inc.",51.42,28,14,0,0,42,23,47,1,0,71,113
FAF,First American Financial Corporation,61.39,43,3,0,12,58,43,8,-12,16,55,113
QCOM,Qualcomm,159.22,21,19,-18,20,42,30,42,1,-3,70,112
BEPC,Brookfield Renewable Partners,32.76,23,35,3,0,61,-7,46,3,8,50,111
GLPI,Gaming and Leisure Properties,46.69,0,0,0,63,63,-20,14,-1,55,48,111
NTNX,Nutanix,76.46,21,3,24,20,68,33,-15,3,22,43,111
RPRX,Royalty Pharma,36.02,44,37,25,0,106,6,16,19,-36,5,111
ABBV,AbbVie,185.67,0,0,10,56,66,-9,-2,-7,62,44,110
DLR,Digital Realty,174.32,-23,40,0,20,37,5,47,3,17,72,109
AMED,Amedisys,98.34,27,51,5,-38,45,24,14,18,8,64,109
XYL,Xylem Inc.,129.35,33,34,1,20,88,-5,3,3,20,21,109
SSD,Simpson Manufacturing Company,155.23,-1,0,-19,154,134,-5,-22,-22,24,-25,109
BRX,Brixmor Property Group,26.03,1,16,0,53,70,-1,13,3,24,39,109
JHG,Janus Henderson,38.83,36,19,0,17,72,30,3,-12,16,37,109
REG,Regency Centers,71.23,0,0,61,51,112,-26,2,3,17,-4,108
COKE,Coca-Cola Consolidated,111.65,21,-41,0,83,63,44,-41,-8,50,45,108
FOXA,Fox Corporation (Class A),56.01,1,33,61,0,95,-3,3,1,12,13,108
HIW,Highwoods Properties,31.08,0,40,4,4,48,-2,47,3,11,59,107
SNA,Snap-on,311.17,1,-11,0,57,47,30,-14,-12,55,59,106
ZBRA,Zebra Technologies,308.27,39,20,-14,-5,40,30,39,-14,11,66,106
VNT,Vontier,36.89,37,34,0,0,71,-4,41,1,-3,35,106
ULTA,Ulta Beauty,468.1,2,44,5,2,53,7,47,5,-7,52,105
EXPD,Expeditors International,114.24,2,2,-13,129,120,14,2,-30,-1,-15,105
ST,Sensata Technologies,30.11,50,34,-35,-13,36,62,38,1,-33,68,104
PINS,Pinterest,35.85,35,19,0,0,54,30,35,-12,-3,50,104
ED,Consolidated Edison,100.33,0,-18,21,45,48,3,-6,15,43,55,103
LLYVK,Liberty Live (Series C),81.11,16,40,22,0,78,12,10,3,0,25,103
ECG,Everus Construction Group,63.83,39,32,0,0,71,36,6,-10,0,32,103
VRTX,Vertex Pharmaceuticals,445.24,-5,-38,-2,102,57,-19,13,16,35,45,102
PPC,Pilgrim's Pride,44.98,-27,-18,79,19,53,-24,-39,96,16,49,102
EXPE,Expedia Group,168.67,14,7,42,9,72,33,-4,-11,12,30,102
ELF,e.l.f. Beauty,124.44,17,26,-43,29,29,33,40,1,-3,71,100
W,Wayfair,51.11,70,34,0,-39,65,30,40,3,-38,35,100
CSX,CSX Corporation,32.62,22,33,-29,2,28,36,37,3,-4,72,100
STLD,Steel Dynamics,127.98,-1,0,0,53,52,-1,-9,3,55,48,100
RGA,Reinsurance Group of America,198.16,9,0,0,38,47,13,-12,1,51,53,100
IDA,Idacorp,114.96,1,3,49,16,69,8,-6,19,8,29,98
ECL,Ecolab,269.45,9,32,9,20,70,7,1,3,17,28,98
GXO,GXO Logistics,48.67,49,34,-30,0,53,9,40,2,-6,45,98
RGLD,Royal Gold,177.79,-14,1,54,16,57,-32,-2,61,14,41,98
MSCI,MSCI,576.18,35,32,1,12,80,31,-16,-16,18,17,97
MORN,"Morningstar, Inc.",313.81,33,34,-13,26,80,26,-6,-19,16,17,97
LVS,Las Vegas Sands,43.5,39,34,-15,-4,54,33,40,-19,-12,42,96
ROKU,"Roku, Inc.",87.9,35,15,3,-17,36,30,39,-11,2,60,96
EL,Estée Lauder Companies (The),80.81,70,24,0,-24,70,21,37,1,-33,26,96
FOX,Fox Corporation (Class B),51.63,2,33,60,0,95,-3,3,-7,7,0,95
SOLV,Solventum,75.84,32,7,0,0,39,30,35,-9,0,56,95
MSGS,Madison Square Garden Sports,208.96,50,8,0,19,77,9,2,-19,25,17,94
VMC,Vulcan Materials,260.8,13,0,0,58,71,11,-16,3,25,23,94
LBRDA,Liberty Broadband (Series A),97.83,38,45,40,-34,89,13,-17,3,6,5,94
DVA,DaVita,142.46,35,0,0,18,53,35,2,-13,17,41,94
WAL,Western Alliance Bancorporation,78.01,37,7,0,2,46,47,4,-20,16,47,93
WEC,WEC Energy Group,104.18,-28,-4,48,11,27,2,-6,61,9,66,93
BKR,Baker Hughes,38.32,0,0,0,33,33,15,33,-12,24,60,93
HSIC,Schein (Henry),73.04,39,10,1,0,50,49,3,-12,1,41,91
LBRDK,Liberty Broadband (Series C),98.34,37,45,40,-34,88,12,-18,3,6,3,91
LLYVA,Liberty Live (Series A),79.37,4,47,21,0,72,7,8,3,0,18,90
TPG,TPG Inc.,52.44,36,17,-6,0,47,35,8,-17,17,43,90
VLTO,Veralto,100.95,35,34,0,0,69,30,-11,2,0,21,90
OTIS,Otis Worldwide,98.99,35,1,1,0,37,33,2,-7,24,52,89
IVZ,Invesco,15.77,39,10,-13,0,36,49,6,-13,11,53,89
DT,Dynatrace,55.2,0,32,7,0,39,2,40,-11,18,49,88
OWL,Blue Owl Capital,19.21,34,13,0,0,47,30,5,-14,19,40,87
GNRC,Generac,143.22,42,18,-13,-32,15,49,36,-21,8,72,87
ESI,Element Solutions,22.65,39,6,-13,55,87,-2,6,-22,18,0,87
AFG,American Financial Group,126.25,8,1,-5,54,58,8,6,3,12,29,87
AMTM,Amentum,23.61,28,46,0,0,74,-2,11,3,0,12,86
ILMN,"Illumina, Inc.",95.42,114,14,-21,-38,69,35,40,-21,-38,16,85
OKE,Oneok,81.58,0,-6,-6,52,40,15,-2,-18,49,44,84
DLTR,Dollar Tree,99.04,2,51,0,-13,40,-4,50,18,-20,44,84
RITM,Rithm Capital,11.28,5,34,10,30,79,-5,-18,3,24,4,83
CRH,CRH plc,91.8,14,0,0,62,76,12,-20,-10,25,7,83
DECK,Deckers Brands,103.04,1,-13,-17,91,62,30,-25,-13,29,21,83
UHS,Universal Health Services,181.24,27,0,-4,20,43,30,-15,1,24,40,83
NNN,NNN Reit,43.17,2,32,1,20,55,-4,16,3,12,27,82
MU,Micron Technology,123.19,0,33,2,20,55,-12,39,3,-3,27,82
MP,MP Materials,33.22,0,17,25,0,42,-14,14,38,2,40,82
FLS,Flowserve,52.35,28,5,0,25,58,30,-15,-14,23,24,82
NEM,Newmont,58.26,0,58,12,3,73,-32,20,12,8,8,81
NDSN,Nordson,214.34,9,33,-29,0,13,30,39,3,-5,67,80
MKC,McCormick & Company,75.8,21,0,1,0,22,43,14,-7,8,58,80
MKSI,MKS Instruments,99.34,35,19,-20,-11,23,35,39,-14,-3,57,80
IR,Ingersoll Rand,83.17,35,33,-14,21,75,-5,3,-21,27,4,79
SFD,Smithfield Foods,23.53,1,29,0,0,30,2,47,0,0,49,79
INGM,Ingram Micro,20.87,35,19,0,0,54,33,3,-11,0,25,79
IONS,Ionis Pharmaceuticals,39.5,56,37,-42,-9,42,-2,43,3,-8,36,78
PCOR,Procore,68.38,35,5,-4,0,36,33,2,-10,17,42,78
APD,Air Products,282.02,29,5,0,14,48,-2,35,-12,8,29,77
SPG,Simon Property Group,160.71,20,3,0,33,56,-1,2,1,19,21,77
BROS,Dutch Bros. Coffee,68.32,-4,26,46,0,68,7,-8,1,9,9,77
LAD,Lithia Motors,337.59,2,15,0,12,29,4,40,-15,19,48,77
BAH,Booz Allen Hamilton,104.11,8,-23,-23,99,61,24,-19,-25,36,16,77
NVR,"NVR, Inc.",7390.04,21,3,-16,63,71,12,-9,-25,27,5,76
CNH,CNH Industrial,12.95,16,35,12,0,63,30,1,3,-21,13,76
CCK,Crown Holdings,102.97,0,44,10,3,57,-10,16,3,10,19,76
PSN,Parsons Corporation,71.75,21,19,-20,0,20,28,18,-23,33,56,76
LII,Lennox International,573.34,43,1,0,36,80,5,-18,-16,25,-4,76
FIS,Fidelity National Information Services,81.39,2,49,0,-35,16,2,47,2,9,60,76
EOG,EOG Resources,119.21,-24,13,0,43,32,-6,14,-14,49,43,75
NU,Nubank,13.73,37,5,1,0,43,7,5,3,17,32,75
PR,Permian Resources,13.61,-35,33,-1,24,21,-33,36,3,47,53,74
CUBE,CubeSmart,42.5,-10,40,-16,20,34,-20,45,3,12,40,74
KEYS,Keysight,163.84,35,34,9,0,78,-9,1,1,3,-4,74
BLDR,Builders FirstSource,116.67,43,0,-21,63,85,9,6,-25,-1,-11,74
F,Ford Motor Company,10.84,18,48,0,-15,51,13,10,3,-3,23,74
XEL,Xcel Energy,68.08,3,-18,44,10,39,-7,-18,52,7,34,73
OC,Owens Corning,137.63,17,0,-17,56,56,36,-25,-21,27,17,73
ALSN,Allison Transmission,95.0,0,0,0,33,33,33,-11,-14,32,40,73
MAS,Masco,64.34,17,0,-13,63,67,33,-21,-25,19,6,73
GAP,Gap Inc.,21.8,21,-6,-5,16,26,43,-17,4,17,47,73
DINO,HF Sinclair,41.07,6,36,0,0,42,-8,41,3,-6,30,72
BWA,BorgWarner,33.45,17,36,1,0,54,33,-4,3,-14,18,72
PARA,Paramount Global (Class B),12.89,54,35,1,-37,53,15,41,5,-43,18,71
BOKF,BOK Financial Corporation,97.62,36,3,-5,20,54,43,-19,-19,12,17,71
LNC,Lincoln Financial,34.6,21,3,11,-4,31,30,3,1,6,40,71
BA,Boeing,209.45,14,47,1,0,62,21,-6,3,-9,9,71
AOS,A. O. Smith,65.57,34,0,-35,56,55,35,-20,3,-3,15,70
AGCO,AGCO,103.17,16,36,0,0,52,23,2,4,-11,18,70
SMG,Scotts Miracle-Gro Company,65.97,26,30,-15,-37,4,47,33,-25,11,66,70
LYFT,Lyft,15.75,35,35,1,0,71,4,-10,3,2,-1,70
MEDP,Medpace,313.86,45,8,-20,30,63,3,18,-12,-2,7,70
WING,Wingstop,336.54,-17,40,4,36,63,-22,-1,1,29,7,70
INFA,Informatica,24.34,35,25,-35,0,25,1,47,1,-5,44,69
CRM,Salesforce,272.62,35,0,-6,20,49,35,-21,-14,19,19,68
NVST,Envista,19.53,36,19,-16,0,39,35,40,-16,-30,29,68
TYL,Tyler Technologies,592.84,8,6,0,15,29,11,33,-21,16,39,68
CFLT,"Confluent, Inc.",24.93,21,3,-9,0,15,33,28,-11,2,52,67
XOM,ExxonMobil,107.77,-33,0,0,42,9,-5,12,2,48,57,66
CPAY,Corpay,331.67,0,0,0,19,19,30,-8,1,23,46,65
IT,Gartner,404.22,5,-11,-14,56,36,-1,-14,-12,55,28,64
MDU,MDU Resources,16.67,8,0,0,38,46,10,-22,3,27,18,64
PB,Prosperity Bancshares,70.24,26,0,0,12,38,49,-19,-17,12,25,63
IRDM,Iridium Communications,30.17,21,16,0,-17,20,38,38,-16,-17,43,63
VZ,Verizon,43.26,7,0,23,8,38,7,-10,16,12,25,63
BLD,TopBuild,323.79,49,8,-22,44,79,12,11,-39,-1,-17,62
WPC,W. P. Carey,62.37,-11,31,22,0,42,-26,23,19,3,19,61
PKG,Packaging Corporation of America,188.34,-1,2,-6,59,54,8,-6,-19,24,7,61
CHDN,Churchill Downs Incorporated,100.97,24,3,-24,0,3,33,21,-25,28,57,60
TROW,T. Rowe Price,96.48,37,19,-16,-23,17,47,3,-18,11,43,60
VLO,Valero Energy,134.43,-14,34,0,42,62,-38,36,2,-3,-3,59
POST,Post Holdings,109.01,-34,-5,0,85,46,-39,-2,-1,55,13,59
AGNC,AGNC Investment,9.2,-6,19,4,14,31,-5,17,1,15,28,59
BBWI,"Bath & Body Works, Inc.",29.96,62,0,-18,-13,31,62,-22,-9,-4,27,58
XYZ,"Block, Inc.",67.94,35,12,-17,-34,-4,38,31,-18,11,62,58
EXP,Eagle Materials,202.31,38,-23,-8,55,62,12,-20,-22,25,-5,57
PNW,Pinnacle West Capital,89.44,1,-11,61,16,67,-20,-30,15,24,-11,56
D,Dominion Energy,56.51,39,32,7,-32,46,8,-9,3,8,10,56
PEN,"Penumbra, Inc.",256.49,1,-23,25,9,12,30,-26,39,1,44,56
FSLR,First Solar,165.47,7,1,-32,60,36,30,-9,3,-4,20,56
CUZ,Cousins Properties,30.0,-11,24,4,9,26,-2,17,3,11,29,55
UAL,United Airlines Holdings,79.6,14,7,0,9,30,30,-6,-13,14,25,55
MAT,Mattel,19.71,23,33,7,0,63,30,2,-11,-29,-8,55
EW,Edwards Lifesciences,78.19,34,8,1,-12,31,43,-9,23,-33,24,55
MRP,Millrose Properties,28.49,19,23,0,0,42,12,1,0,0,13,55
APPF,AppFolio,230.47,1,19,0,26,46,-16,11,-13,26,8,54
INGR,Ingredion,135.52,-33,0,0,32,-1,3,-5,3,54,55,54
CVS,CVS Health,68.97,21,7,3,-15,16,33,13,18,-26,38,54
DXCM,Dexcom,87.26,33,38,0,-12,59,5,-7,3,-7,-6,53
ALAB,Astera Labs,90.42,0,32,0,0,32,-5,41,-15,0,21,53
ADC,Agree Realty,73.04,-28,-4,56,14,38,-28,16,16,11,15,53
HXL,Hexcel,56.49,21,6,-22,0,5,33,35,-14,-7,47,52
SYY,Sysco,75.72,2,21,0,1,24,3,34,-21,12,28,52
GM,General Motors,49.2,15,16,0,9,40,14,8,-21,11,12,52
ROIV,Roivant Sciences,11.26,-7,44,0,0,37,-23,13,3,22,15,52
PATH,UiPath,12.8,16,24,-4,0,36,33,-12,3,-8,16,52
TKR,Timken Company,72.53,35,19,-17,2,39,-9,38,-14,-3,12,51
VVV,Valvoline,37.87,16,19,-19,29,45,14,35,-41,-2,6,51
CTSH,Cognizant,78.01,2,6,9,12,29,26,-10,-11,16,21,50
VTR,"Ventas, Inc.",63.13,0,-23,65,20,62,-12,-30,16,13,-13,49
ZG,Zillow (Class A),68.51,3,7,47,-39,18,7,16,-11,18,30,48
MASI,Masimo,168.17,0,7,39,-4,42,-14,20,-8,8,6,48
TTEK,Tetra Tech,35.95,6,32,-22,3,19,-11,47,-25,17,28,47
NBIX,Neurocrine Biosciences,125.69,0,25,-21,23,27,-9,44,-13,-2,20,47
CL,Colgate-Palmolive,90.88,4,0,-4,21,21,14,-6,-7,24,25,46
CHH,Choice Hotels,126.87,16,0,-6,13,23,30,-9,-10,12,23,46
TFSL,Third Federal S&L,12.94,21,8,1,3,33,12,-19,3,17,13,46
GEHC,GE HealthCare,74.07,23,3,-13,0,13,30,8,-11,6,33,46
RRX,Regal Rexnord,144.97,35,34,-21,1,49,-2,10,-22,11,-3,46
CMS,CMS Energy,69.27,-11,-26,69,21,53,-2,-32,15,12,-7,46
NUE,Nucor,129.55,65,11,-48,1,29,35,12,-25,-6,16,45
AR,Antero Resources,40.26,-19,34,34,8,57,-34,11,3,8,-12,45
EXC,Exelon,43.42,7,-23,48,12,44,7,-33,19,8,1,45
UTHR,United Therapeutics,287.35,0,-14,-3,55,38,-19,-9,-22,57,7,45
Z,Zillow (Class C),70.06,4,7,4,0,15,7,16,-11,18,30,45
OLED,Universal Display Corporation,154.39,9,34,-30,0,13,-9,41,3,-3,32,45
AMT,American Tower,220.98,1,12,9,4,26,-21,17,13,9,18,44
HST,Host Hotels & Resorts,15.36,-7,34,-25,0,2,-3,47,1,-4,41,43
TER,Teradyne,89.89,51,5,-22,-4,30,-3,35,-16,-3,13,43
WBD,Warner Bros. Discovery,11.47,39,14,5,-40,18,33,34,1,-43,25,43
ESS,Essex Property Trust,283.4,-10,16,0,12,18,-5,14,3,12,24,42
SWKS,Skyworks Solutions,74.5,35,32,-36,-28,3,39,42,-39,-3,39,42
DAL,Delta Air Lines,49.15,16,6,-6,17,33,10,-11,-14,24,9,42
CSGP,CoStar Group,80.37,-2,16,0,12,26,-5,11,16,-7,15,41
MOS,Mosaic Company (The),36.47,4,54,9,-14,53,4,4,8,-28,-12,41
SBUX,Starbucks,91.63,-5,2,3,1,1,9,33,-8,5,39,40
CRUS,Cirrus Logic,104.2,-2,34,-16,17,33,-5,10,3,-1,7,40
KMPR,Kemper Corporation,64.54,8,24,0,2,34,2,5,-13,12,6,40
PARAA,Paramount Global (Class A),22.83,1,1,32,0,34,-6,7,1,4,6,40
ESAB,ESAB,120.55,6,0,1,0,7,30,-16,3,15,32,39
QS,QuantumScape,6.72,28,8,0,0,36,28,8,1,-34,3,39
PENN,Penn Entertainment,17.88,58,5,-16,-32,15,62,15,-11,-42,24,39
SNDR,Schneider National,24.14,5,14,-16,0,3,14,33,-20,8,35,38
RKT,Rocket Companies,14.17,0,8,0,0,8,-21,30,2,18,29,37
GDDY,GoDaddy,180.04,16,0,0,20,36,11,-18,-12,20,1,37
BFAM,Bright Horizons,123.59,8,2,7,6,23,6,-13,8,13,14,37
G,Genpact,44.01,14,0,1,1,16,30,-10,-8,8,20,36
LEN,Lennar (Class A),110.63,18,0,-23,62,57,12,-4,-28,-1,-21,36
FI,Fiserv,172.41,42,-60,-7,33,8,6,5,-8,25,28,36
CBSH,Commerce Bancshares,62.13,16,0,0,2,18,20,-16,3,11,18,36
MDT,Medtronic,87.18,7,0,4,0,11,5,15,-7,11,24,35
PSX,Phillips 66,119.27,-31,33,-1,39,40,-39,35,2,-3,-5,35
JNJ,Johnson & Johnson,152.68,0,0,1,5,6,33,-2,-7,4,28,34
LOAR,Loar Holdings,86.11,21,0,0,0,21,30,-24,7,0,13,34
LPX,Louisiana-Pacific,85.97,-7,-1,-3,61,50,-9,-14,-17,24,-16,34
BALL,Ball Corporation,56.08,0,34,-28,-9,-3,-9,46,3,-3,37,34
ROST,Ross Stores,127.59,-7,-11,-6,33,9,12,-19,4,27,24,33
SNDK,SanDisk,45.33,0,10,0,0,10,-12,34,0,0,22,32
LEN-B,Lennar (Class B),105.12,14,0,-21,60,53,-16,-4,-28,27,-21,32
WAT,Waters Corporation,349.03,32,4,1,12,49,-2,-15,-13,12,-18,31
CART,Maplebear Inc.,45.23,18,3,16,0,37,12,-8,-10,0,-6,31
A,Agilent Technologies,117.97,21,8,-16,0,13,-3,37,-13,-3,18,31
THO,Thor Industries,88.79,4,18,-19,0,3,12,40,-22,-4,26,29
FE,FirstEnergy,40.24,0,0,0,53,53,-21,-19,3,12,-25,28
DNB,Dun & Bradstreet,9.09,59,13,-19,0,53,14,17,-21,-35,-25,28
HES,Hess Corporation,138.55,-34,0,0,53,19,-7,19,-4,1,9,28
SUI,Sun Communities,126.44,0,25,2,-22,5,-4,15,3,9,23,28
BILL,Bill.com,46.27,39,2,-17,0,24,51,1,-13,-35,4,28
WTW,Willis Towers Watson,306.56,30,-46,1,22,7,12,-10,-8,27,21,28
NCNO,nCino,27.98,19,19,-19,0,19,19,-3,-21,13,8,27
ABNB,Airbnb,132.3,0,19,-3,0,16,30,-6,-11,-3,10,26
TRU,TransUnion,87.96,0,23,-4,1,20,-10,2,1,12,5,25
HRB,H&R Block,54.88,-35,-15,0,50,0,-5,-27,7,50,25,25
PPG,PPG Industries,113.72,38,34,-39,-6,27,-2,2,3,-6,-3,24
COLB,Columbia Banking System,23.36,21,0,-3,-7,11,43,-19,-19,8,13,24
KBR,"KBR, Inc.",47.93,-52,-7,-23,62,-20,-4,-7,-1,55,43,23
ES,Eversource Energy,63.62,0,37,8,-8,37,13,-4,3,-26,-14,23
NLY,Annaly Capital Management,18.83,-7,-1,11,8,11,-5,2,1,14,12,23
VNO,Vornado Realty Trust,38.24,0,2,0,2,4,9,-4,1,13,19,23
LUV,Southwest Airlines,32.43,9,33,9,-37,14,9,-4,1,2,8,22
TPL,Texas Pacific Land Corporation,1057.37,0,-21,-2,56,33,-4,-21,3,11,-11,22
RNR,RenaissanceRe,242.92,-1,1,-1,33,32,-28,-10,1,26,-11,21
UDR,"UDR, Inc.",40.8,0,0,0,0,0,-7,13,3,11,20,20
OHI,Omega Healthcare Investors,36.65,-10,0,0,38,28,-26,-7,-4,29,-8,20
CTRA,Coterra,25.38,-24,0,4,42,22,-35,26,-5,11,-3,19
IP,International Paper,46.82,14,0,0,14,28,-1,-9,-13,14,-9,19
O,Realty Income,57.6,-22,30,3,5,16,-27,16,3,11,3,19
MTD,Mettler Toledo,1174.24,23,19,-16,0,26,-10,39,-34,-3,-8,18
DOCU,DocuSign,77.9,14,-14,-4,-10,-14,30,-8,1,9,32,18
WBA,Walgreens Boots Alliance,11.47,21,34,0,-75,-20,21,49,1,-33,38,18
EXR,Extra Space Storage,147.44,0,31,-6,0,25,-20,-1,3,11,-7,18
JBHT,J. B. Hunt,143.6,23,3,-24,0,2,38,6,-21,-8,15,17
PYPL,PayPal,74.3,35,24,-3,-37,19,11,-3,-17,7,-2,17
AMCR,Amcor,9.18,21,-4,-13,0,4,30,2,-28,9,13,17
MIDD,Middleby,143.97,14,5,7,0,26,-2,-9,-9,11,-9,17
WDAY,"Workday, Inc.",240.01,0,-6,-3,12,3,12,-20,1,20,13,16
EFX,Equifax,259.37,2,1,-2,14,15,1,-19,3,16,1,16
BIO,Bio-Rad Laboratories,241.28,56,0,-20,-26,10,60,5,-25,-35,5,15
ADM,Archer Daniels Midland,52.8,0,35,-1,-9,25,-7,11,3,-18,-11,14
NXST,Nexstar Media Group,172.9,0,33,2,2,37,3,-9,-25,8,-23,14
ZM,Zoom Communications,77.98,4,0,2,0,6,19,-17,3,2,7,13
CHTR,Charter Communications,409.05,37,2,11,-34,16,8,-19,3,4,-4,12
LNT,Alliant Energy,60.48,-28,-4,61,12,41,-26,-18,3,11,-30,11
VTRS,Viatris,8.94,21,8,-18,-5,6,-3,12,-22,17,4,10
CACC,Credit Acceptance,509.16,8,10,0,1,19,-9,11,-8,-3,-9,10
EQR,Equity Residential,67.47,0,0,0,11,11,10,-25,3,11,-1,10
MUSA,Murphy USA,406.84,-7,-36,-6,66,17,-27,-36,-22,77,-8,9
FND,Floor & Decor,75.98,23,-9,-28,-4,-18,47,6,-22,-4,27,9
FDX,FedEx,227.34,2,2,-19,30,15,10,7,-21,-2,-6,9
CHRW,C.H. Robinson,95.94,14,2,0,2,18,14,-9,-20,6,-9,9
EIX,Edison International,51.59,35,-17,-25,0,-7,7,-18,-22,48,15,8
U,Unity Technologies,24.22,13,23,0,0,36,9,-7,3,-33,-28,8
WH,Wyndham Hotels & Resorts,81.19,13,-22,-4,9,-4,30,-22,-10,13,11,7
AVB,AvalonBay Communities,203.47,-29,0,0,14,-15,-7,14,2,13,22,7
CF,CF Industries,92.02,-39,33,8,2,4,-51,45,3,6,3,7
AMH,American Homes 4 Rent,36.08,-28,0,-1,66,37,-28,-18,3,13,-30,7
DBX,Dropbox,28.58,0,0,12,7,19,1,-21,1,6,-13,6
BURL,Burlington Stores,232.68,9,-9,-3,1,-2,30,-18,-19,15,8,6
EQIX,Equinix,795.72,-23,0,-1,32,8,-21,-4,-1,24,-2,6
RYAN,Ryan Specialty,67.98,0,-4,2,0,-2,-4,-10,-2,23,7,5
WEX,WEX Inc.,146.88,27,16,-36,-3,4,-1,34,-27,-6,0,4
EEFT,Euronet Worldwide,101.29,0,0,0,-1,-1,-5,-4,3,11,5,4
INCY,Incyte,68.11,-5,20,0,-29,-14,-5,42,-24,5,18,4
CCCS,CCC Intelligent Solutions,9.42,16,8,-21,0,3,14,11,-20,-4,1,4
SW,Smurfit Westrock,43.14,15,0,0,0,15,16,-12,-16,0,-12,3
GTLB,GitLab,45.08,15,-13,-14,0,-12,33,-21,-13,16,15,3
TTD,Trade Desk (The),71.99,7,17,-20,2,6,9,-10,-20,18,-3,3
HOLX,Hologic,65.15,16,22,-28,0,10,-4,29,-28,-5,-8,2
TEAM,Atlassian,203.3,14,-13,-3,-4,-6,33,-23,-11,9,8,2
VNOM,Viper Energy,38.12,-51,-6,-2,42,-17,-3,-2,-21,45,19,2
ALK,Alaska Air Group,49.46,16,0,-3,0,13,5,-13,-10,7,-11,2
GTM,ZoomInfo,10.12,14,7,-16,0,5,14,38,-21,-35,-4,1
LEA,Lear Corporation,94.96,21,34,-61,-15,-21,30,3,2,-13,22,1
OKTA,"Okta, Inc.",99.98,2,-15,17,-22,-18,12,-19,22,4,19,1
KNX,Knight-Swift,44.23,17,0,-18,0,-1,38,-12,-14,-11,1,0
SBAC,SBA Communications,234.85,2,7,9,-18,0,-20,6,10,3,-1,-1
CMCSA,Comcast,35.67,17,6,-28,-7,-12,30,11,-25,-6,10,-2
MDB,MongoDB Inc.,209.85,16,5,-19,-7,-5,33,-6,-20,-7,0,-5
VAC,Marriott Vacations Worldwide,72.3,57,9,-18,-15,33,-2,5,-18,-23,-38,-5
HAYW,Hayward Holdings,13.8,8,5,-6,0,7,-9,-19,1,14,-13,-6
CVX,Chevron Corporation,143.13,-34,0,-1,46,11,-33,17,-5,4,-17,-6
FR,First Industrial Realty Trust,48.11,-11,-2,-6,12,-7,-20,7,1,12,0,-7
TGT,Target Corporation,98.64,14,0,-24,-9,-19,33,14,-32,-4,11,-8
PSA,Public Storage,293.27,0,0,-4,13,9,-21,-10,3,11,-17,-8
DD,DuPont,68.57,21,5,-14,17,29,-4,-4,-28,-1,-37,-8
HUBS,HubSpot,556.65,7,-13,-3,9,0,7,-21,-11,17,-8,-8
GPC,Genuine Parts Company,121.3,7,1,-6,0,2,10,-9,3,-15,-11,-9
HPQ,HP Inc.,24.46,17,-11,-18,0,-12,30,-19,-22,14,3,-9
APTV,Aptiv,68.21,14,34,0,-22,26,-1,-4,3,-34,-36,-10
AMKR,Amkor Technology,20.99,35,19,-33,0,21,-4,15,-41,-3,-33,-12
AKAM,Akamai Technologies,79.74,37,1,-19,-5,14,-9,9,-19,-8,-27,-13
DPZ,Domino's,450.69,-14,-4,0,8,-10,-19,-20,20,16,-3,-13
RVTY,Revvity,96.67,38,0,-13,-22,3,-9,10,-18,1,-16,-13
BHF,Brighthouse Financial,53.72,-30,0,11,9,-10,4,-16,3,6,-3,-13
ACI,Albertsons,21.5,-22,0,18,0,-4,2,-24,20,-7,-9,-13
CCI,Crown Castle,102.72,2,7,0,-26,-17,-20,6,13,3,2,-15
BXP,"BXP, Inc.",67.45,-48,32,-1,0,-17,-59,47,3,11,2,-15
GPN,Global Payments,80.05,35,0,-20,-37,-22,30,2,-17,-8,7,-15
WMS,Advanced Drainage Systems,114.93,-1,18,-33,1,-15,-13,10,3,-1,-1,-16
S,SentinelOne,18.29,21,0,-18,0,3,12,-22,-21,12,-19,-16
EGP,EastGroup Properties,167.13,-27,31,-1,6,9,-25,-1,3,-3,-26,-17
LULU,Lululemon Athletica,237.61,6,-16,-4,-1,-15,30,-10,-13,-10,-3,-18
CRL,Charles River Laboratories,151.77,23,19,-47,-24,-29,36,37,-56,-6,11,-18
RH,RH,189.12,0,-8,-17,-5,-30,23,-2,-16,7,12,-18
PCTY,Paylocity,181.19,6,-12,0,-1,-7,11,-14,-12,3,-12,-19
AWK,American Water Works,139.08,-25,-4,19,0,-10,-27,-3,15,6,-9,-19
CROX,Crocs,101.31,14,-8,-35,0,-29,29,-20,3,-3,9,-20
CAVA,Cava Group,84.23,20,-23,-7,0,-10,33,-22,-21,0,-10,-20
TSLA,"Tesla, Inc.",317.62,-16,16,0,8,8,-26,6,-17,8,-29,-21
ESTC,Elastic NV,84.39,16,-8,-6,-4,-2,12,-19,-11,-2,-20,-22
DAR,Darling Ingredients,37.93,0,11,0,-18,-7,2,10,1,-28,-15,-22
KRC,Kilroy Realty,34.29,-10,24,-13,-38,-37,-2,27,-19,9,15,-22
NEE,NextEra Energy,69.42,-47,0,0,0,-47,-5,16,3,11,25,-22
ACN,Accenture,298.77,7,-7,-16,12,-4,-15,-9,-12,17,-19,-23
GME,GameStop,24.38,7,-12,-3,-28,-36,28,-14,4,-5,13,-23
SEB,Seaboard Corporation,2869.0,0,8,0,-21,-13,-9,20,1,-27,-15,-28
DLB,Dolby Laboratories,74.23,9,-2,-3,0,4,-5,-20,-13,6,-32,-28
PCG,PG&E Corporation,13.93,0,-18,-23,0,-41,16,-20,-22,38,12,-29
INVH,Invitation Homes,32.79,-28,0,-1,5,-24,-28,-4,14,12,-6,-30
CERT,"Certara, Inc.",11.7,16,-12,-8,0,-4,30,-29,3,-30,-26,-30
TECH,Bio-Techne,51.45,23,0,-20,-22,-19,-1,10,-20,-4,-15,-34
WST,West Pharmaceutical Services,218.89,-5,17,-20,-5,-13,-13,17,-20,-6,-22,-35
MTDR,Matador Resources,47.72,-33,14,-22,0,-41,-9,34,-15,-4,6,-35
HHH,Howard Hughes Holdings,67.49,-7,-7,-6,-4,-24,-1,-1,-21,12,-11,-35
SWK,Stanley Black & Decker,67.75,21,0,-22,-37,-38,30,-11,-28,12,3,-35
DHR,Danaher Corporation,197.52,0,16,-22,0,-6,-9,15,-33,-2,-29,-35
EPAM,EPAM Systems,176.81,24,5,-19,-25,-15,35,-11,-10,-35,-21,-36
GPK,Graphic Packaging,21.06,-11,-78,-12,56,-45,-20,-15,-25,69,9,-36
CNXC,Concentrix,52.81,0,-2,0,0,-2,-3,-1,1,-31,-34,-36
SIRI,Sirius XM,22.96,35,6,-76,-29,-64,47,38,-42,-15,28,-36
UA,Under Armour (Class C),6.47,46,26,-21,-35,16,12,-5,-25,-35,-53,-37
CDW,CDW,178.6,35,34,-35,2,36,2,-13,-56,-6,-73,-37
AXTA,Axalta,29.67,0,-21,-9,20,-10,-5,-24,-22,24,-27,-37
AVTR,Avantor,13.45,2,0,-22,0,-20,-2,20,-33,-3,-18,-38
IPG,Interpublic Group of Companies (The),24.49,43,-4,-36,0,3,3,2,-33,-15,-43,-40
MHK,Mohawk Industries,104.83,23,-28,-19,-9,-33,33,-25,-27,12,-7,-40
DUOL,Duolingo,409.66,-107,0,46,0,-61,5,-14,7,21,19,-42
WFRD,Weatherford International,50.26,4,5,-37,0,-28,16,14,-41,-3,-14,-42
SEE,Sealed Air,31.03,0,34,-17,-22,-5,-3,-5,1,-30,-37,-42
ON,ON Semiconductor,52.42,-10,19,-30,0,-21,-13,40,-36,-13,-22,-43
FTV,Fortive,52.14,-7,-1,-14,-1,-23,-2,-6,-10,-3,-21,-44
FBIN,Fortune Brands Innovations,51.47,21,-4,-19,-3,-5,-9,-23,-25,18,-39,-44
EG,Everest Group,339.86,4,-15,-29,53,13,-10,-15,-30,-3,-58,-45
RIVN,Rivian,13.72,0,-2,0,0,-2,-11,-17,4,-19,-43,-45
MGM,MGM Resorts International,34.4,16,14,-49,0,-19,29,8,-56,-7,-26,-45
ENTG,Entegris,80.62,35,0,-37,-4,-6,-5,10,-42,-3,-40,-46
PVH,PVH Corp.,68.58,16,-17,-25,-1,-27,23,-17,-21,-5,-20,-47
AZTA,Azenta,30.77,25,0,-46,-29,-50,-6,28,-12,-7,3,-47
BC,Brunswick Corporation,55.24,-10,18,-31,-5,-28,-24,34,-22,-7,-19,-47
YETI,Yeti Holdings,31.51,9,1,-28,-4,-22,7,-5,-19,-8,-25,-47
BBY,Best Buy,67.1,-3,0,-17,-4,-24,-5,-4,-28,14,-23,-47
PAYC,Paycom,231.4,0,0,12,-22,-10,2,-8,3,-35,-38,-48
LSCC,Lattice Semiconductor,48.94,-3,-1,-13,-3,-20,-11,6,-10,-13,-28,-48
AA,Alcoa,29.49,7,1,-14,-18,-24,-9,34,-20,-30,-25,-49
PLD,Prologis,105.1,-10,0,-16,0,-26,-20,-3,3,-3,-23,-49
RNG,RingCentral,28.34,23,15,-19,-39,-20,30,2,-19,-43,-30,-50
ADBE,Adobe Inc.,386.71,0,-4,-29,-4,-37,34,-11,-33,-3,-13,-50
UAA,Under Armour (Class A),6.83,38,24,-21,-42,-1,11,-5,-21,-35,-50,-51
HRL,Hormel Foods,30.24,-28,3,-3,-21,-49,10,13,3,-28,-2,-51
WTRG,Essential Utilities,37.14,-28,-13,0,-1,-42,2,-29,15,3,-9,-51
FANG,Diamondback Energy,137.4,-42,-1,-22,45,-20,-7,19,-41,-3,-32,-52
IPGP,IPG Photonics,68.64,21,33,-79,-42,-67,36,40,-20,-42,14,-53
BRKR,Bruker,41.21,23,0,-53,-6,-36,36,10,-57,-7,-18,-54
KMX,CarMax,67.21,0,0,-12,-34,-46,-13,11,-16,9,-9,-55
INTC,Intel,22.39,35,5,-62,-18,-40,-5,10,-10,-10,-15,-55
SHC,Sotera Health,11.11,-3,-11,-20,0,-34,-2,-18,3,-4,-21,-55
PFE,Pfizer,24.24,0,15,-26,-21,-32,-5,40,-34,-26,-25,-57
KDP,Keurig Dr Pepper,33.06,-24,-20,0,0,-44,-38,4,11,10,-13,-57
SITE,SiteOne Landscape Supply,120.88,5,1,-19,-7,-20,-5,-4,-22,-6,-37,-57
AAP,Advance Auto Parts,46.45,-35,26,0,-26,-35,-27,33,3,-32,-23,-58
MOH,Molina Healthcare,297.86,13,-26,-6,0,-19,-11,-20,-2,-6,-39,-58
OGN,Organon & Co.,9.66,-5,0,-22,0,-27,-9,15,-35,-2,-31,-58
M,"Macy's, Inc.",11.65,7,-8,-24,-13,-38,22,-20,-18,-4,-20,-58
DV,DoubleVerify,14.97,9,7,-63,0,-47,12,-4,-11,-8,-11,-58
SAIA,Saia,274.03,39,-91,-19,2,-69,33,2,-21,-3,11,-58
TSN,Tyson Foods,55.92,8,-39,-4,-26,-61,5,-8,-4,9,2,-59
EXAS,Exact Sciences,53.12,8,2,-21,-23,-34,-2,-11,1,-14,-26,-60
VKTX,Viking Therapeutics,26.48,8,0,-33,19,-6,-6,-19,-26,-4,-55,-61
EMN,Eastman Chemical Company,74.67,-4,-11,-14,0,-29,-5,-13,-28,13,-33,-62
IQV,IQVIA,157.5,8,0,-33,-4,-29,-9,15,-35,-4,-33,-62
JKHY,Jack Henry & Associates,180.21,-28,2,9,2,-15,-26,-10,-20,9,-47,-62
OVV,Ovintiv,38.05,-38,16,-30,0,-52,-9,19,-17,-4,-11,-63
WSC,WillScot Mobile Mini,27.4,33,0,-58,-4,-29,30,-19,-35,-10,-34,-63
LKQ,LKQ Corporation,36.99,-9,-11,-3,0,-23,-2,-17,-7,-15,-41,-64
VFC,VF Corporation,11.75,0,-11,-13,-41,-65,30,-22,-13,5,0,-65
BG,Bunge Global,80.28,-6,12,-37,0,-31,-43,8,3,-3,-35,-66
CHE,Chemed Corporation,486.27,-7,-27,-4,0,-38,-5,-15,-2,-6,-28,-66
FRT,Federal Realty Investment Trust,94.99,-11,0,-16,0,-27,-25,-4,-22,12,-39,-66
IEX,IDEX Corporation,175.62,0,0,-21,0,-21,-2,-18,-21,-4,-45,-66
COO,Cooper Companies (The),71.17,14,-21,-20,-3,-30,14,-25,-25,-1,-37,-67
CGNX,Cognex Corporation,31.73,22,16,-33,-29,-24,33,2,-41,-38,-44,-68
FMC,FMC Corporation,41.71,-6,23,-33,-22,-38,-7,27,-29,-24,-33,-71
GLOB,Globant,90.74,0,-30,-19,-5,-54,30,-24,-19,-5,-18,-72
LSTR,Landstar,139.02,4,-1,-28,0,-25,-1,-6,-35,-5,-47,-72
LBTYA,Liberty Global (Series A),10.02,21,0,-33,-29,-41,5,2,-31,-8,-32,-73
GMED,Globus Medical,59.01,2,-89,-8,0,-95,30,-5,-13,10,22,-73
ONTO,Onto Innovation,101.01,19,-95,-19,0,-95,28,10,-14,-2,22,-73
PK,Park Hotels & Resorts,10.24,0,0,-19,-5,-24,-2,-23,-21,-3,-49,-73
MAA,Mid-America Apartment Communities,148.0,-29,-20,0,0,-49,-7,-27,-1,9,-26,-75
JAZZ,Jazz Pharmaceuticals,106.09,-6,-2,-8,-4,-20,-4,-5,-9,-37,-55,-75
RARE,Ultragenyx,36.35,-13,14,-20,-36,-55,-5,13,-28,-1,-21,-76
MTN,Vail Resorts,157.23,1,24,-26,-21,-22,14,-14,-20,-34,-54,-76
LBTYK,Liberty Global (Series C),10.31,21,0,-33,-28,-40,12,15,-30,-34,-37,-77
TTC,Toro Company (The),70.68,35,0,-28,-5,2,-4,-16,-41,-18,-79,-77
CE,Celanese,55.33,16,19,-36,-8,-9,-4,-4,-54,-7,-69,-78
SJM,J.M. Smucker Company (The),98.2,7,-14,-5,-2,-14,-28,-14,-3,-21,-66,-80
UHAL-B,U-Haul (Series N),54.26,-7,-11,-16,0,-34,-3,-21,-30,7,-47,-81
GNTX,Gentex,21.99,16,-9,-35,-6,-34,33,-23,-52,-6,-48,-82
HUM,Humana,244.46,16,0,-82,-10,-76,22,2,-13,-18,-7,-83
MRNA,Moderna,27.58,21,0,-48,-2,-29,36,-5,-48,-37,-54,-83
CC,Chemours,11.44,23,0,-58,-11,-46,-2,11,-20,-28,-39,-85
TXG,10x Genomics,11.57,26,15,-69,0,-28,35,16,-68,-40,-57,-85
NWL,Newell Brands,5.39,0,0,-20,-29,-49,12,4,-20,-34,-38,-87
ELV,Elevance Health,388.95,12,-33,-37,0,-58,23,-48,-3,-1,-29,-87
GFS,GlobalFoundries,38.19,0,12,-75,0,-63,-10,10,-10,-15,-25,-88
HOG,Harley-Davidson,23.6,0,-4,-36,-7,-47,14,-16,-31,-9,-42,-89
IFF,International Flavors & Fragrances,73.54,-7,-1,-16,-29,-53,-12,-5,-28,9,-36,-89
WY,Weyerhaeuser,25.68,-14,-2,-16,0,-32,-22,-1,-28,-6,-57,-89
SEG,Seaport Entertainment Group,18.59,-65,-5,0,0,-70,2,-2,-21,0,-21,-91
MTCH,Match Group,30.88,0,18,-19,-35,-36,-19,26,-26,-36,-55,-91
DAY,Dayforce,55.4,-29,0,-13,-10,-52,-21,-4,-17,3,-39,-91
IAC,IAC Inc.,37.29,14,3,-33,-29,-45,12,5,-28,-36,-47,-92
MKTX,MarketAxess,223.18,1,1,-21,-27,-46,-17,10,3,-42,-46,-92
LYB,LyondellBasell,57.86,-2,0,-37,-3,-42,-5,10,-51,-5,-51,-93
CPRI,Capri Holdings,17.7,16,3,-65,-9,-55,30,-11,-29,-30,-40,-95
REXR,Rexford Industrial,35.56,-11,19,-39,-16,-47,-20,34,-34,-30,-50,-97
RGEN,Repligen,124.43,3,-14,-9,-15,-35,-10,-4,-13,-35,-62,-97
BIRK,Birkenstock,49.18,-85,-4,-3,0,-92,2,-11,3,0,-6,-98
AAL,American Airlines Group,11.21,21,2,-14,-74,-65,30,-12,-14,-37,-33,-98
PLTK,Playtika,4.72,9,0,-19,0,-10,-10,-30,-20,-29,-89,-99
TDC,Teradata,22.31,13,1,-72,-15,-73,28,-21,-20,-14,-27,-100
POOL,Pool Corporation,291.69,-7,-13,-16,-4,-40,-13,-19,-22,-7,-61,-101
UHAL,U-Haul,60.57,-76,-9,-8,20,-73,-3,-22,-21,18,-28,-101
ASH,Ashland Global,50.28,6,-2,-34,-7,-37,-5,-5,-46,-8,-64,-101
CLVT,Clarivate,4.3,19,5,-70,-4,-50,22,-4,-30,-40,-52,-102
BRBR,BellRing Brands,57.92,-47,-38,-6,0,-91,5,-30,-12,25,-12,-103
HSY,Hershey Company (The),165.95,-27,0,-38,-2,-67,-28,15,-7,-17,-37,-104
AVY,Avery Dennison,175.35,-10,0,-28,0,-38,-19,-9,-36,-3,-67,-105
PEP,PepsiCo,132.04,8,-59,-35,-1,-87,11,14,-32,-11,-18,-105
CHRD,Chord Energy,96.82,-37,15,-43,0,-65,-7,18,-47,-4,-40,-105
WEN,Wendy's Company (The),11.41,-14,-4,-30,-6,-54,-21,6,-25,-13,-53,-107
SLB,Schlumberger,33.78,-39,-6,-63,0,-108,12,10,-14,-8,0,-108
ALGN,Align Technology,189.29,34,19,-60,-23,-30,5,8,-55,-36,-78,-108
DOC,Healthpeak Properties,17.5,2,-60,-10,-29,-97,-7,14,-25,7,-11,-108
REGN,Regeneron Pharmaceuticals,524.82,8,-21,-34,-2,-49,-4,-18,-35,-2,-59,-108
COLM,Columbia Sportswear,61.08,9,-77,-14,-4,-86,-5,-20,-9,11,-23,-109
QDEL,QuidelOrtho,28.81,7,-10,-16,-36,-55,30,-23,-16,-45,-54,-109
UPS,United Parcel Service,100.92,14,0,-99,-14,-99,15,34,-27,-32,-10,-109
CZR,Caesars Entertainment,28.38,0,7,-19,-23,-35,-14,2,-28,-35,-75,-110
LINE,"Lineage, Inc.",43.51,-10,-59,0,0,-69,-20,2,-24,0,-42,-111
ELS,Equity Lifestyle Properties,61.65,-22,-4,-14,0,-40,-27,-18,-25,-1,-71,-111
BAX,Baxter International,30.27,0,-2,-16,-36,-54,-9,-4,-7,-39,-59,-113
SON,Sonoco,43.58,-7,-1,-37,-3,-48,-9,-10,-35,-12,-66,-114
KMB,Kimberly-Clark,128.94,-133,-11,-1,16,-129,4,-11,-4,24,13,-116
MRK,Merck & Co.,79.11,-16,0,-40,-2,-58,-26,14,-44,-4,-60,-118
CLF,Cleveland-Cliffs,7.61,9,-13,-56,-14,-74,6,12,-56,-6,-44,-118
FCN,FTI Consulting,161.45,3,-20,-30,0,-47,-12,-19,-40,-3,-74,-121
INSP,Inspire Medical Systems,129.72,0,-31,-16,-4,-51,-12,-23,-21,-15,-71,-122
OLN,Olin Corporation,20.08,0,-12,-53,-7,-72,30,-4,-55,-21,-50,-122
AES,AES Corporation,10.5,0,-9,-35,-9,-53,-7,4,-46,-22,-71,-124
ALB,Albemarle Corporation,62.66,21,0,-121,-21,-121,30,10,-20,-23,-3,-124
BDX,Becton Dickinson,172.22,2,-87,-21,-3,-109,11,-2,-12,-13,-16,-125
KVUE,Kenvue,20.92,-62,-18,0,0,-80,-41,-19,12,1,-47,-127
COP,ConocoPhillips,89.72,-36,-2,-38,0,-76,-4,12,-54,-6,-52,-128
ZTS,Zoetis,155.41,-77,-3,-28,-1,-109,-13,-8,2,-3,-22,-131
LCID,Lucid Motors,2.12,-14,-22,-25,0,-61,-9,-19,-10,-33,-71,-132
MPW,Medical Properties Trust,4.3,-7,-34,0,-34,-75,-9,-32,15,-33,-59,-134
NKE,"Nike, Inc.",71.01,19,2,-70,-19,-68,37,2,-71,-34,-66,-134
TREX,"Trex Company, Inc.",54.37,-6,-11,-47,-11,-75,-15,-23,-19,-4,-61,-136
CPT,Camden Property Trust,112.65,-67,-1,0,0,-68,-77,-4,3,9,-69,-137
OMC,Omnicom Group,71.93,8,-138,-20,0,-150,14,-25,-25,48,12,-138
ANGI,Angi Inc.,15.26,-5,19,-33,-49,-68,12,-9,-31,-42,-70,-138
CNC,Centene,54.26,0,-27,-37,-9,-73,-11,-25,-6,-26,-68,-141
OXY,Occidental Petroleum,42.0,-38,0,-48,0,-86,-5,16,-52,-14,-55,-141
PII,Polaris Inc.,40.65,2,3,-93,-15,-103,14,-3,-36,-15,-40,-143
DVN,Devon Energy,31.8,-39,0,-43,-3,-85,-53,13,2,-20,-58,-143
HAL,Halliburton,20.36,-41,-4,-56,-3,-104,8,14,-55,-7,-40,-144
UWMC,United Wholesale Mortgage,4.14,0,-68,-22,0,-90,-13,-4,-35,-2,-54,-144
RYN,Rayonier,22.17,-12,-59,-13,-3,-87,-21,-5,-25,-7,-58,-145
ARE,Alexandria Real Estate Equities,72.61,-7,-4,-30,-28,-69,-11,8,-41,-33,-77,-146
FRPT,Freshpet,67.85,-106,-11,-17,-4,-138,1,-15,-13,17,-10,-148
TMO,Thermo Fisher Scientific,405.4,22,-85,-15,-3,-81,39,-95,-14,-1,-71,-152
VSTS,Vestis,5.72,-5,-103,-14,0,-122,-6,-5,-20,0,-31,-153
FTRE,Fortrea,4.94,-51,-11,-29,0,-91,-13,8,-58,0,-63,-154
ETSY,Etsy,50.19,-77,24,-1,-28,-82,-37,-3,3,-35,-72,-154
DXC,DXC Technology,15.29,7,-8,-18,-71,-90,-5,-4,-25,-32,-66,-156
KSS,Kohl's,8.48,2,0,-55,-29,-82,14,-4,-56,-30,-76,-158
LW,Lamb Weston,51.86,-63,-1,-65,-6,-135,7,-1,-19,-12,-25,-160
BMRN,BioMarin Pharmaceutical,54.96,0,-59,-43,-18,-120,14,-30,-8,-20,-44,-164
BMY,Bristol Myers Squibb,46.29,-69,-59,-2,-3,-133,-25,-3,-7,3,-32,-165
ENOV,Enovis,31.35,16,-27,-58,-15,-84,-5,-23,-18,-35,-81,-165
DOW,Dow Inc.,26.47,-55,-8,-36,0,-99,-10,-4,-51,-6,-71,-170
STZ,Constellation Brands,162.65,-13,-17,-38,-1,-69,-22,-21,-54,-6,-103,-172
COLD,Americold,16.61,-9,-62,-34,-9,-114,-7,-4,-34,-13,-58,-172
REYN,Reynolds Consumer Products,21.4,6,-100,-21,0,-115,7,-30,-33,-1,-57,-172
ACHC,Acadia Healthcare,22.7,13,-86,-41,-9,-123,23,-23,-35,-14,-49,-172
RHI,Robert Half,41.04,0,-108,-22,-7,-137,26,-13,-20,-30,-37,-174
PRGO,Perrigo,26.69,1,5,0,-111,-105,-4,-4,-8,-53,-69,-174
BIIB,Biogen,125.58,-5,0,-77,-25,-107,-9,-4,-40,-16,-69,-176
KHC,Kraft Heinz,25.82,-28,-47,-35,-2,-112,-12,-37,-7,-8,-64,-176
NOV,NOV Inc.,12.44,-34,0,-48,-10,-92,-48,15,-39,-13,-85,-177
SPB,Spectrum Brands,52.98,4,-134,-21,-2,-153,-2,-24,-20,22,-24,-177
MAN,ManpowerGroup,40.4,0,-60,-39,-26,-125,29,-10,-39,-34,-54,-179
APA,APA Corporation,18.27,-42,16,-78,-10,-114,13,20,-82,-17,-66,-180
FIVN,Five9,26.46,-4,0,-72,-33,-109,-19,-5,-10,-38,-72,-181
APLS,Apellis Pharmaceuticals,17.3,-10,-2,-63,-14,-89,-11,-4,-61,-16,-92,-181
CIVI,Civitas Resources,27.53,-37,-4,-48,-4,-93,-51,14,-48,-7,-92,-185
NFE,New Fortress Energy,3.32,7,-90,-64,-1,-148,23,-25,-15,-23,-40,-188
BF-B,Brown–Forman (Class B),26.9,7,-21,-96,-16,-126,12,-20,-28,-26,-62,-188
BF-A,Brown–Forman (Class A),27.43,8,-21,-95,-16,-124,14,-21,-35,-22,-64,-188
PINC,"Premier, Inc.",21.94,-95,1,10,-26,-110,-47,-9,8,-32,-80,-190
TRIP,Tripadvisor,13.05,-32,-4,-54,-50,-140,7,-13,-11,-42,-59,-199
WLK,Westlake Corporation,75.92,15,-91,-33,-2,-111,-2,-40,-45,-4,-91,-202
XRAY,Dentsply Sirona,15.87,13,7,-74,-40,-94,-2,-10,-61,-38,-111,-205
GO,Grocery Outlet,12.42,-24,-10,-93,0,-127,-25,-31,3,-26,-79,-206
LEG,Leggett & Platt,8.91,-6,19,-125,-28,-140,-13,10,-28,-36,-67,-207
WU,Western Union,8.42,-4,-59,-16,-44,-123,-13,-28,-51,-3,-95,-218
HUN,Huntsman Corporation,10.43,-6,-70,-38,-13,-127,-4,-26,-33,-31,-94,-221
FLO,Flowers Foods,15.97,-10,-59,-30,-6,-105,-10,-51,-50,-21,-132,-237
TAP,Molson Coors,48.09,-175,-45,-6,12,-214,3,-19,-7,-1,-24,-238
NSA,National Storage Affiliates,31.99,-77,-27,-8,-2,-114,-80,-28,-29,10,-127,-241
GIS,General Mills,51.79,-74,-58,-34,-2,-168,-28,-4,-30,-17,-79,-247
ZBH,Zimmer Biomet,91.19,-5,-57,-58,-15,-135,-13,-27,-57,-16,-113,-248
CRI,Carter's,30.13,-6,-103,-55,-15,-179,-10,-27,-32,-7,-76,-255
COTY,Coty,4.64,-63,-8,-57,-5,-133,-59,-1,-59,-7,-126,-259
TFX,Teleflex,118.4,-1,-103,-35,-37,-176,-9,-58,-31,-8,-106,-282
DJT,Trump Media & Technology Group,18.05,-168,-21,-49,0,-238,-19,-23,-17,-7,-66,-304
ENPH,Enphase Energy,39.63,0,-118,-39,-18,-175,-4,-59,-46,-22,-131,-306
CPB,Campbell Soup Company,30.65,-94,-59,-25,-4,-182,-20,-69,-32,-3,-124,-306
SRPT,Sarepta Therapeutics,17.11,-87,-116,-22,-5,-230,-44,-10,-43,-4,-101,-331
CAG,Conagra Brands,20.45,-122,-52,-25,-5,-204,-47,-66,-7,-21,-141,-345
CLX,Clorox,120.06,-122,-122,-10,-3,-257,1,-80,-20,11,-88,-345
SAM,Boston Beer Company,190.61,-187,-23,-28,-35,-273,2,-33,-24,-42,-97,-370
WOLF,Wolfspeed,0.4,-89,-28,-127,-28,-272,-88,-27,-93,-35,-243,-515
