Symbol,Name,Close,1H Cloud Score,1D Cloud Score,1W Cloud Score,1M Cloud Score,Cloud Score Sum,1H TKx Score,1D TKx Score,1W TKx Score,1M TKx Score,TKx Score Sum,Total Score Sum
TJX,TJX Companies,140.82,8,28,152,199,387,5,32,121,194,352,739
ORLY,O'Reilly Auto Parts,107.8,77,39,167,200,483,42,45,58,90,235,718
COOP,Mr. Cooper Group,219.73,42,85,123,59,309,47,84,121,57,309,618
AZO,AutoZone,4353.8,126,38,98,87,349,40,45,58,58,201,550
MSI,Motorola Solutions,490.21,70,40,5,154,269,11,50,5,186,252,521
WELL,Welltower,168.44,28,82,120,59,289,-4,43,137,25,201,490
GOOGL,Alphabet (Class A),240.35,98,74,12,177,361,45,48,9,22,124,485
GOOG,Alphabet (Class C),240.72,98,74,11,177,360,45,48,8,22,123,483
CASY,Casey's,554.25,30,4,117,88,239,49,-20,121,79,229,468
RBA,RB Global,118.64,24,96,108,28,256,18,45,111,20,194,450
JPM,JPMorgan Chase,305.49,8,87,127,159,381,11,12,14,27,64,445
LYV,Live Nation Entertainment,174.07,28,86,98,148,360,28,24,13,17,82,442
ORI,Old Republic International,40.57,1,22,151,59,233,3,20,121,56,200,433
HWM,Howmet Aerospace,184.29,42,2,152,30,226,42,2,96,58,198,424
GS,Goldman Sachs,784.67,30,85,96,59,270,21,96,14,22,153,423
WRB,W. R. Berkley Corporation,73.8,7,11,98,177,293,18,24,28,56,126,419
FAST,Fastenal,47.3,-35,107,127,107,306,9,51,20,27,107,413
ROL,"Rollins, Inc.",58.24,7,1,35,287,330,24,-7,27,36,80,410
ITT,ITT Inc.,178.45,17,91,20,100,228,37,98,14,27,176,404
HALO,Halozyme,77.56,252,32,11,20,315,26,43,5,15,89,404
MS,Morgan Stanley,156.48,23,85,80,65,253,20,96,14,17,147,400
YUM,Yum! Brands,149.15,18,1,32,260,311,31,1,-6,58,84,395
PLTR,Palantir Technologies,164.34,21,98,120,0,239,24,-13,123,21,155,394
HUBB,Hubbell Incorporated,450.94,15,83,5,183,286,11,14,10,72,107,393
GLW,Corning Inc.,75.47,98,84,23,18,223,47,91,12,15,165,388
NEM,Newmont,79.65,110,109,23,6,248,33,71,23,11,138,386
FIX,Comfort Systems USA,765.28,19,88,21,65,193,23,100,14,56,193,386
NDAQ,"Nasdaq, Inc.",95.88,24,91,80,145,340,25,-9,14,15,45,385
APH,Amphenol,119.48,32,98,23,66,219,21,100,14,28,163,382
RSG,Republic Services,232.33,2,-31,128,178,277,5,-56,-5,161,105,382
ETR,Entergy,89.85,8,43,80,138,269,12,-8,93,15,112,381
WDC,Western Digital,96.16,98,85,16,19,218,47,96,14,4,161,379
MCD,McDonald's,308.37,-16,21,56,243,304,-30,41,2,58,71,375
INSM,Insmed,145.82,160,65,68,17,310,-5,35,14,21,65,375
SO,Southern Company,92.14,0,0,80,191,271,7,-10,27,80,104,375
NRG,NRG Energy,157.89,24,-1,107,95,225,25,-18,117,22,146,371
SNX,TD Synnex,152.42,33,85,19,64,201,44,91,12,22,169,370
AM,Antero Midstream,18.49,49,7,152,24,232,1,-5,82,56,134,366
AVGO,Broadcom,359.62,43,88,23,117,271,45,5,14,31,95,366
FYBR,Frontier Communications,37.47,77,23,93,0,193,38,22,98,15,173,366
BK,BNY Mellon,105.59,7,87,98,41,233,5,91,14,20,130,363
WM,"Waste Management, Inc.",220.47,-35,-14,99,188,238,-47,-20,31,160,124,362
MA,Mastercard,588.72,-35,30,130,156,281,3,37,14,27,81,362
LITE,Lumentum,164.73,91,83,18,4,196,47,91,12,11,161,357
CDNS,Cadence Design Systems,354.78,6,1,21,142,170,2,-10,14,181,187,357
DUK,Duke Energy,122.1,1,41,80,184,306,11,-5,26,17,49,355
ANET,Arista Networks,153.02,70,70,11,59,210,12,66,10,57,145,355
COST,Costco,964.48,7,0,0,181,188,-5,-7,-6,185,167,355
TIGO,Millicom,47.16,-8,165,81,3,241,14,50,28,17,109,350
BSX,Boston Scientific,104.36,-14,0,148,145,279,-12,9,14,58,69,348
FTI,TechnipFMC,40.29,101,85,21,28,235,52,7,14,38,111,346
APP,AppLovin,570.87,92,30,109,0,231,47,38,10,19,114,345
BR,Broadridge Financial Solutions,254.82,5,38,118,146,307,4,-7,14,26,37,344
IBM,IBM,256.98,43,-30,113,55,181,42,4,60,57,163,344
EHC,Encompass Health,126.82,56,19,147,30,252,12,22,28,30,92,344
AME,Ametek,192.01,40,30,8,107,185,11,30,14,102,157,342
KRC,Kilroy Realty,42.96,148,75,10,0,233,7,78,10,12,107,340
SPGI,S&P Global,550.72,7,85,20,173,285,25,-8,12,22,51,336
AMG,Affiliated Managers Group,236.02,98,91,15,23,227,14,62,14,18,108,335
SGI,Somnigroup International,86.12,0,85,45,65,195,1,98,14,27,140,335
ATO,Atmos Energy,166.34,7,25,78,46,156,2,41,89,46,178,334
MCO,Moody's Corporation,518.54,17,85,20,157,279,25,-8,12,26,55,334
FICO,Fair Isaac,1596.72,101,0,-10,167,258,66,9,-32,32,75,333
DDS,Dillard's,585.86,99,67,18,55,239,5,21,11,56,93,332
LOW,Lowe's,272.33,48,37,4,167,256,1,49,5,20,75,331
L,Loews Corporation,98.08,6,85,116,56,263,7,20,14,25,66,329
RTX,RTX Corporation,157.66,0,84,81,55,220,5,-1,88,15,107,327
WCC,Wesco International,220.58,0,84,11,59,154,5,98,12,58,173,327
GD,General Dynamics,329.62,8,107,12,55,182,10,62,14,58,144,326
AU,AngloGold Ashanti,65.55,84,29,80,19,212,33,38,28,15,114,326
THC,Tenet Healthcare,193.32,175,22,18,58,273,-4,19,12,25,52,325
COR,Cencora,302.71,23,8,48,76,155,22,17,59,69,167,322
CBRE,CBRE Group,165.85,34,69,96,23,222,7,65,12,15,99,321
LOPE,Grand Canyon Education,209.47,7,25,151,36,219,5,24,38,35,102,321
SSNC,SS&C Technologies,90.09,26,61,94,15,196,9,86,11,16,122,318
DTE,DTE Energy,136.75,1,1,78,190,270,7,-7,31,14,45,315
DRI,Darden Restaurants,213.4,43,0,48,62,153,63,14,52,31,160,313
WMT,Walmart,102.64,44,9,131,102,286,-4,-13,14,30,27,313
AWI,Armstrong World Industries,199.11,7,92,98,22,219,7,51,14,20,92,311
ICE,Intercontinental Exchange,176.2,2,-9,116,162,271,4,-15,26,22,37,308
HD,Home Depot (The),423.24,8,37,5,181,231,1,50,6,20,77,308
ITW,Illinois Tool Works,266.29,1,56,6,179,242,5,20,11,30,66,308
AXS,AXIS Capital,99.28,4,1,90,46,141,6,20,86,54,166,307
ORCL,Oracle Corporation,307.74,30,2,15,199,246,35,-16,14,28,61,307
STE,Steris,252.55,7,24,18,196,245,-7,17,26,26,62,307
LIN,Linde plc,483.59,6,28,17,111,162,22,1,14,107,144,306
BX,Blackstone Inc.,183.81,30,56,8,143,237,35,3,9,22,69,306
PGR,Progressive Corporation,248.82,5,-65,0,178,118,9,-5,-7,190,187,305
HIG,Hartford (The),133.21,2,27,98,58,185,5,31,25,57,118,303
TRV,Travelers Companies (The),279.37,5,21,95,59,180,5,32,28,57,122,302
KLAC,KLA Corporation,959.29,35,4,18,178,235,36,-11,14,27,66,301
FTAI,FTAI Aviation,169.66,105,31,7,48,191,37,31,10,32,110,301
UI,Ubiquiti,612.87,98,14,56,11,179,47,49,14,11,121,300
AXON,Axon Enterprise,751.54,1,-1,149,95,244,25,-15,14,31,55,299
C,Citigroup,98.82,25,85,23,19,152,21,95,14,15,145,297
EBAY,eBay,92.45,6,94,81,15,196,3,-5,86,17,101,297
HEI,HEICO (Common),320.71,0,0,29,190,219,2,-2,20,58,78,297
PANW,Palo Alto Networks,198.29,133,5,3,82,223,-4,6,14,58,74,297
ACM,AECOM,127.62,7,91,20,66,184,5,20,14,72,111,295
RJF,Raymond James Financial,171.06,7,84,96,59,246,9,7,11,20,47,293
ALNY,Alnylam Pharmaceuticals,468.55,21,84,21,16,142,28,92,14,16,150,292
AAPL,Apple Inc.,230.02,-14,52,0,252,290,-23,20,6,-1,2,292
MNST,Monster Beverage,63.79,7,24,30,181,242,19,2,23,5,49,291
ALL,Allstate,202.43,-34,30,101,160,257,6,-5,15,18,34,291
CHD,Church & Dwight,94.41,0,-33,-20,345,292,-19,9,-18,26,-2,290
URI,United Rentals,958.71,0,85,11,65,161,3,56,12,58,129,290
PFGC,Performance Food Group,106.28,8,88,57,44,197,6,14,14,58,92,289
FFIV,"F5, Inc.",334.69,30,84,98,15,227,37,-8,14,18,61,288
GILD,Gilead Sciences,117.85,28,79,55,36,198,45,-7,12,40,90,288
RL,Ralph Lauren Corporation,316.28,2,87,98,35,222,8,16,14,27,65,287
SF,Stifel,115.29,7,75,12,60,154,9,90,11,21,131,285
JEF,Jefferies Financial Group,67.18,20,61,1,59,141,20,61,5,58,144,285
RPM,RPM International,128.2,7,36,4,181,228,1,45,11,-1,56,284
EME,Emcor,639.53,30,85,21,59,195,14,4,12,58,88,283
MLI,Mueller Industries,98.88,14,57,11,59,141,7,50,12,72,141,282
T,AT&T,29.49,5,25,74,17,121,19,27,98,16,160,281
CBOE,Cboe Global Markets,236.34,0,0,148,56,204,10,-11,26,52,77,281
HOOD,Robinhood Markets,117.73,28,87,85,0,200,43,4,14,19,80,280
HEI-A,HEICO (Class A),253.46,7,0,30,183,220,10,-2,21,31,60,280
NEU,NewMarket,848.33,17,107,23,30,177,27,21,26,28,102,279
CW,Curtiss-Wright,511.48,17,93,23,55,188,26,1,14,50,91,279
R,Ryder,189.54,6,70,15,57,148,6,56,12,57,131,279
LHX,L3Harris,280.63,9,107,16,6,138,10,100,16,15,141,279
MPWR,Monolithic Power Systems,840.96,0,85,7,158,250,-12,29,14,-3,28,278
RCL,Royal Caribbean Group,349.94,-19,85,125,29,220,3,13,14,28,58,278
TKO,TKO Group Holdings,202.36,53,23,75,41,192,4,16,14,51,85,277
ADI,Analog Devices,248.16,0,16,15,180,211,9,16,14,27,66,277
EVR,Evercore,340.89,29,84,11,59,183,34,20,12,27,93,276
WPC,W. P. Carey,68.45,38,82,33,3,156,9,74,30,6,119,275
RGLD,Royal Gold,189.16,105,15,65,19,204,33,23,-3,17,70,274
CIEN,Ciena,132.48,84,85,13,13,195,42,7,12,17,78,273
VRSN,Verisign,289.26,77,1,40,10,128,74,6,56,8,144,272
COF,Capital One,224.28,7,91,98,22,218,9,11,14,19,53,271
PTC,PTC Inc.,206.94,-21,84,10,183,256,-22,-1,11,27,15,271
PM,Philip Morris International,167.9,12,0,74,56,142,17,-5,89,28,129,271
RBC,RBC Bearings,384.54,-63,0,97,165,199,2,-8,18,58,70,269
HLI,Houlihan Lokey,208.15,20,87,21,45,173,34,20,14,27,95,268
LLY,Lilly (Eli),756.06,24,-32,-7,173,158,17,7,-11,97,110,268
LLYVA,Liberty Live (Series A),98.92,29,98,34,0,161,33,59,14,1,107,268
PNR,Pentair,112.6,38,85,13,63,199,9,22,12,25,68,267
HPE,Hewlett Packard Enterprise,24.86,34,81,5,43,163,20,18,11,55,104,267
AJG,Arthur J. Gallagher & Co.,300.53,0,0,0,187,187,-35,13,-6,108,80,267
SSD,Simpson Manufacturing Company,193.69,7,37,5,157,206,1,50,10,-2,59,265
FERG,Ferguson Enterprises,225.63,-21,87,15,66,147,-21,98,14,26,117,264
TLN,Talen Energy,401.13,30,97,43,0,170,44,32,15,3,94,264
FLEX,Flex Ltd.,57.73,43,14,22,59,138,47,7,14,58,126,264
V,Visa Inc.,343.53,-34,-5,141,134,236,-28,14,14,27,27,263
LLYVK,Liberty Live (Series C),101.85,28,91,34,0,153,34,61,14,1,110,263
VMI,Valmont Industries,386.8,37,75,66,59,237,7,-3,11,11,26,263
NTAP,Netapp,125.08,98,28,2,58,186,47,20,11,-2,76,262
DASH,DoorDash,260.2,31,84,101,0,216,28,-16,14,19,45,261
CAT,Caterpillar Inc.,431.34,7,84,12,65,168,14,9,12,58,93,261
PH,Parker Hannifin,769.17,14,86,21,66,187,11,17,14,31,73,260
NVT,Nvent Electric,95.71,32,85,12,13,142,14,98,12,-6,118,260
PSTG,Pure Storage,82.46,90,15,3,43,151,33,7,10,58,108,259
NI,NiSource,41.14,10,0,78,46,134,23,-6,93,15,125,259
SHW,Sherwin-Williams,368.46,0,28,5,191,224,-20,20,14,20,34,258
LECO,Lincoln Electric,242.46,-4,84,11,66,157,5,91,12,-8,100,257
TMUS,T-Mobile US,241.32,-30,24,98,140,232,-37,37,-12,36,24,256
NFLX,Netflix,1202.92,-7,-1,120,21,133,-5,16,91,21,123,256
CG,Carlyle Group (The),67.39,14,76,12,22,124,14,87,11,19,131,255
CRS,Carpenter Technology Corporation,243.03,-1,-14,150,36,171,-12,-30,75,50,83,254
EVRG,Evergy,72.32,10,66,62,15,153,12,-4,81,11,100,253
AAON,AAON,82.47,0,0,-17,246,229,6,14,-29,32,23,252
SRE,Sempra,83.46,8,40,4,182,234,12,-5,12,-2,17,251
CAH,Cardinal Health,152.5,22,-15,59,39,105,32,4,52,58,146,251
ABBV,AbbVie,220.19,7,37,21,59,124,9,44,7,65,125,249
LNG,Cheniere Energy,237.03,0,15,64,59,138,14,26,14,57,111,249
NET,Cloudflare,224.73,41,85,43,0,169,37,7,14,20,78,247
LDOS,Leidos,185.15,14,97,6,24,141,14,54,17,20,105,246
CMI,Cummins,410.97,14,57,9,66,146,11,48,10,31,100,246
LRCX,Lam Research,115.51,31,7,13,153,204,37,-4,14,-6,41,245
WMB,Williams Companies,59.31,14,-27,116,53,156,16,1,14,58,89,245
UTHR,United Therapeutics,405.03,56,21,2,58,137,25,21,2,60,108,245
BKR,Baker Hughes,46.97,104,39,8,36,187,14,8,8,27,57,244
J,Jacobs Solutions,148.76,7,83,10,107,207,7,-1,11,20,37,244
TPR,"Tapestry, Inc.",106.87,12,85,84,22,203,5,2,12,20,39,242
ETN,Eaton Corporation,360.06,14,0,12,115,141,14,2,12,73,101,242
GE,GE Aerospace,281.46,14,96,23,28,161,10,7,34,30,81,242
AGNC,AGNC Investment,10.23,47,70,15,17,149,-5,68,12,18,93,242
SNDK,SanDisk,84.31,99,18,0,0,117,98,20,6,0,124,241
GRMN,Garmin,241.2,7,58,116,20,201,-11,19,10,22,40,241
VIK,Viking Holdings,65.33,7,85,0,0,92,35,100,14,0,149,241
LFUS,Littelfuse,271.27,17,85,7,3,112,35,90,12,-9,128,240
VMC,Vulcan Materials,301.62,38,37,10,61,146,7,45,14,28,94,240
SPOT,Spotify,690.23,0,0,116,13,129,-8,-1,99,21,111,240
CINF,Cincinnati Financial,156.74,7,28,89,63,187,4,19,14,16,53,240
DRS,Leonardo DRS,41.61,1,-17,143,59,186,6,4,14,30,54,240
CNP,Centerpoint Energy,38.05,16,39,53,46,154,31,-9,47,16,85,239
HR,Healthcare Realty Trust,18.31,105,53,6,1,165,-2,59,6,10,73,238
RITM,Rithm Capital,12.54,1,85,21,33,140,4,52,14,27,97,237
ALLE,Allegion,177.17,8,97,13,22,140,7,53,14,23,97,237
DGX,Quest Diagnostics,183.51,22,24,72,19,137,-10,22,72,15,99,236
ROIV,Roivant Sciences,14.42,79,22,5,0,106,76,38,14,1,129,235
AIZ,Assurant,213.2,0,26,5,153,184,1,22,6,20,49,233
CXT,Crane NXT,61.95,7,75,2,56,140,9,16,10,57,92,232
OMF,OneMain Financial,61.75,0,85,21,61,167,4,20,14,27,65,232
HLT,Hilton Worldwide,278.18,7,85,20,65,177,1,15,12,27,55,232
MCK,McKesson Corporation,719.26,23,1,46,59,129,22,13,-1,68,102,231
IBKR,Interactive Brokers,63.34,7,3,93,58,161,11,-12,12,58,69,230
CTAS,Cintas,204.44,-136,-19,23,168,36,2,-14,17,188,193,229
IVZ,Invesco,22.53,30,61,11,3,105,42,57,11,14,124,229
ULTA,Ulta Beauty,522.36,1,95,16,5,117,7,98,16,-10,111,228
FWONA,Liberty Formula 1 (Series A),92.42,6,1,73,63,143,3,12,13,57,85,228
NLY,Annaly Capital Management,22.15,51,67,22,11,151,-5,53,12,17,77,228
BPOP,"Popular, Inc.",124.8,-6,92,21,60,167,6,20,14,20,60,227
PWR,Quanta Services,389.72,14,0,21,100,135,25,-21,14,73,91,226
SCI,Service Corporation International,80.91,7,1,1,176,185,19,-4,12,14,41,226
NVDA,Nvidia,177.09,14,3,18,135,170,25,-11,14,27,55,225
TTWO,Take-Two Interactive,246.44,71,8,49,14,142,-3,15,49,21,82,224
AYI,Acuity Brands,339.02,1,61,8,28,98,5,90,10,21,126,224
GGG,Graco Inc.,86.05,7,1,4,179,191,1,19,14,-1,33,224
STWD,Starwood Property Trust,20.58,43,7,22,59,131,42,15,14,22,93,224
TOL,Toll Brothers,146.92,7,69,4,62,142,-16,62,8,27,81,223
FWONK,Liberty Formula 1 (Series C),102.14,5,1,74,58,138,2,12,14,57,85,223
BRK-B,Berkshire Hathaway,496.82,-19,11,128,63,183,2,19,-9,27,39,222
NFG,National Fuel Gas,88.02,10,2,64,53,129,12,-5,75,11,93,222
IONS,Ionis Pharmaceuticals,64.01,56,88,5,1,150,56,13,14,-11,72,222
NVR,"NVR, Inc.",8538.15,7,54,2,66,129,5,50,7,30,92,221
PHM,PulteGroup,138.62,7,58,5,66,136,-17,62,10,30,85,221
VLO,Valero Energy,157.55,134,14,4,45,197,3,13,13,-6,23,220
WEC,WEC Energy Group,109.71,19,41,59,14,133,16,-13,72,12,87,220
ALAB,Astera Labs,232.83,41,83,1,0,125,40,45,9,0,94,219
BYD,Boyd Gaming,86.02,-16,85,52,60,181,-18,13,14,28,37,218
THG,Hanover Insurance,182.1,7,24,65,25,121,9,16,57,15,97,218
CACI,CACI,493.12,16,3,6,155,180,27,-6,18,-2,37,217
OZK,Bank OZK,52.51,0,85,21,57,163,9,13,12,20,54,217
MTG,MGIC Investment Corporation,28.92,45,22,23,56,146,5,22,14,29,70,216
MO,Altria,66.36,-33,38,74,46,125,12,31,30,17,90,215
CRH,CRH plc,114.47,7,39,11,65,122,9,48,8,28,93,215
ARES,Ares Management,184.67,14,1,21,60,96,9,-12,14,107,118,214
JLL,Jones Lang LaSalle,314.39,38,59,8,15,120,7,64,8,15,94,214
MLM,Martin Marietta Materials,631.17,8,40,10,61,119,7,45,14,28,94,213
OLLI,Ollie's Bargain Outlet,131.58,-2,0,119,17,134,2,-14,67,24,79,213
OSK,Oshkosh Corporation,138.65,-2,84,15,5,102,4,89,12,3,108,210
GWRE,Guidewire Software,253.13,39,5,114,22,180,-10,5,14,21,30,210
CSL,Carlisle Companies,392.25,7,1,0,179,187,-19,7,14,21,23,210
DTM,DT Midstream,107.33,33,3,107,0,143,25,2,14,26,67,210
KMI,Kinder Morgan,27.56,14,-26,96,45,129,15,1,12,53,81,210
FHN,First Horizon Corporation,22.75,12,85,56,5,158,14,14,12,11,51,209
USFD,US Foods,79.86,8,-9,147,36,182,11,-25,14,27,27,209
ADT,ADT Inc.,8.85,6,105,35,0,146,4,20,29,9,62,208
RBLX,Roblox Corporation,133.05,91,3,57,0,151,21,4,20,12,57,208
AON,AON,372.21,2,1,0,178,181,-30,-2,1,57,26,207
XEL,Xcel Energy,72.83,7,41,55,13,116,8,10,63,10,91,207
DCI,Donaldson Company,81.63,7,37,6,66,116,1,44,14,31,90,206
EXPD,Expeditors International,123.31,10,30,5,132,177,2,21,10,-4,29,206
VTR,"Ventas, Inc.",69.44,20,41,76,23,160,26,-5,8,16,45,205
VNT,Vontier,43.25,7,85,9,0,101,6,92,12,-6,104,205
TT,Trane Technologies,414.87,0,-11,20,165,174,11,-24,14,30,31,205
SYK,Stryker Corporation,388.7,-14,1,21,160,168,-14,8,12,30,36,204
CELH,Celsius Holdings,57.93,-37,124,0,66,153,5,33,22,-10,50,203
AN,AutoNation,226.99,7,22,21,62,112,1,18,14,58,91,203
EXPE,Expedia Group,221.35,8,58,53,12,131,23,24,10,15,72,203
WSM,"Williams-Sonoma, Inc.",204.24,41,51,12,66,170,7,-3,6,22,32,202
STT,State Street Corporation,112.89,-18,87,21,17,107,-25,92,13,15,95,202
OGE,OGE Energy,44.2,0,-5,72,46,113,9,-8,72,15,88,201
BWXT,BWX Technologies,170.12,14,83,17,36,150,14,-9,14,32,51,201
CVX,Chevron Corporation,158.25,2,47,11,49,109,12,68,5,7,92,201
TDY,Teledyne Technologies,565.8,20,84,56,15,175,11,-16,14,16,25,200
PAG,Penske Automotive Group,185.44,-4,27,19,63,105,1,21,14,58,94,199
JHG,Janus Henderson,45.38,8,70,10,20,108,7,54,11,19,91,199
EXEL,Exelixis,39.08,24,-32,68,15,75,42,-2,59,25,124,199
LPLA,LPL Financial,347.68,0,-10,49,100,139,9,-21,14,58,60,199
FLS,Flowserve,56.65,37,56,2,28,123,38,5,7,26,76,199
CMA,Comerica,69.44,0,59,11,5,75,9,90,11,13,123,198
LMT,Lockheed Martin,470.73,40,11,-33,166,184,12,13,-8,-3,14,198
LVS,Las Vegas Sands,54.69,0,85,10,3,98,12,91,11,-15,99,197
PG,Procter & Gamble,158.63,0,0,-10,180,170,1,17,-18,27,27,197
HIW,Highwoods Properties,32.32,98,11,4,7,120,35,14,14,14,77,197
SOFI,SoFi,25.96,30,77,50,0,157,-5,21,12,12,40,197
AIT,Applied Industrial Technologies,269.67,7,54,11,59,131,9,-11,10,58,66,197
AXP,American Express,329.31,6,14,21,100,141,7,14,12,22,55,196
SPG,Simon Property Group,183.91,7,54,5,36,102,5,53,12,22,92,194
CPRT,Copart,48.87,9,0,-17,177,169,4,19,-27,29,25,194
BRX,Brixmor Property Group,28.09,2,67,4,56,129,3,20,14,27,64,193
AMGN,Amgen,282.71,0,-6,-2,166,158,2,-7,2,37,34,192
JBL,Jabil,214.2,35,0,23,66,124,14,-19,15,58,68,192
COKE,Coca-Cola Consolidated,124.19,42,14,0,86,142,6,9,-19,53,49,191
DHI,D. R. Horton,181.02,7,58,5,66,136,-13,62,8,-3,54,190
DKS,Dick's Sporting Goods,230.93,30,51,1,64,146,7,-1,4,34,44,190
MEDP,Medpace,497.3,8,59,8,33,108,2,69,8,3,82,190
RKT,Rocket Companies,21.11,42,41,8,0,91,45,38,13,2,98,189
HST,Host Hotels & Resorts,17.68,139,17,2,3,161,9,14,12,-7,28,189
AEE,Ameren,100.31,1,41,61,14,117,1,-7,66,11,71,188
WFC,Wells Fargo,81.23,6,1,96,30,133,12,9,14,20,55,188
BLK,BlackRock,1134.29,7,84,21,23,135,21,-5,14,22,52,187
MAS,Masco,75.22,7,51,0,66,124,-16,51,5,22,62,186
MSFT,Microsoft,501.2,-35,-4,20,174,155,9,-18,14,26,31,186
TDG,TransDigm Group,1293.06,0,-21,1,158,138,-2,-22,14,58,48,186
GM,General Motors,58.7,7,67,11,12,97,4,59,11,14,88,185
BKNG,Booking Holdings,5488.58,-14,-2,140,36,160,-14,-2,14,27,25,185
UNM,Unum,75.25,51,-31,2,41,63,47,5,14,55,121,184
SYF,Synchrony Financial,76.03,1,85,21,22,129,3,20,12,19,54,183
PCAR,Paccar,101.74,7,6,-26,160,147,5,-5,1,35,36,183
GTES,Gates Corporation,26.04,7,85,21,16,129,6,14,14,19,53,182
DOCS,Doximity,70.26,36,55,58,0,149,-5,20,4,13,32,181
ZG,Zillow (Class A),85.75,35,58,58,0,151,-12,14,7,21,30,181
INTU,Intuit,660.01,-14,-16,21,192,183,-16,-22,14,21,-3,180
U,Unity Technologies,43.38,37,74,10,0,121,-5,48,14,1,58,179
GL,Globe Life,142.46,7,37,49,15,108,16,36,8,9,69,177
RS,"Reliance, Inc.",296.87,0,-29,4,116,91,-13,6,14,78,85,176
IDA,Idacorp,125.76,1,54,60,19,134,5,-4,30,11,42,176
HII,Huntington Ingalls Industries,275.72,8,124,12,7,151,10,4,20,-10,24,175
W,Wayfair,90.23,56,85,8,-42,107,4,91,14,-41,68,175
KEY,Keycorp,19.16,14,85,12,5,116,19,14,12,14,59,175
EQH,Equitable Holdings,53.91,2,6,96,12,116,6,17,14,20,57,173
KO,Coca-Cola Company (The),67.6,-41,-14,32,183,160,6,-7,-2,15,12,172
GAP,Gap Inc.,24.22,111,3,1,19,134,6,17,-7,20,36,170
ESI,Element Solutions,26.37,35,57,1,58,151,-11,21,11,-2,19,170
HCA,HCA Healthcare,402.81,-13,24,7,98,116,-20,24,20,30,54,170
NTNX,Nutanix,81.17,44,2,2,23,71,58,1,14,25,98,169
NWS,News Corp (Class B),32.28,-19,-3,116,59,153,-13,-7,14,22,16,169
JCI,Johnson Controls,107.82,14,2,79,20,115,14,7,14,19,54,169
PPL,PPL Corporation,35.99,-87,43,80,24,60,5,-4,92,15,108,168
PRI,Primerica,274.38,7,7,0,109,123,-12,14,12,31,45,168
PEG,Public Service Enterprise Group,82.03,1,-7,0,153,147,10,-15,8,18,21,168
DE,Deere & Company,476.47,0,-15,53,110,148,-12,-28,49,11,20,168
AMAT,Applied Materials,170.15,30,-19,-5,150,156,35,-30,12,-6,11,167
RF,Regions Financial Corporation,27.02,-6,84,11,23,112,7,21,12,15,55,167
GWW,W. W. Grainger,1015.66,4,1,-7,95,93,8,13,-5,58,74,167
NTRS,Northern Trust,129.48,2,85,20,12,119,-7,27,14,14,48,167
MKL,Markel,1964.32,6,0,72,56,134,14,-21,12,27,32,166
MDT,Medtronic,94.25,7,52,15,2,76,3,66,7,14,90,166
UNP,Union Pacific Corporation,216.02,-35,-13,-10,199,141,2,-5,8,20,25,166
EPR,EPR Properties,56.59,18,1,61,30,110,15,4,14,22,55,165
AFL,Aflac,108.68,7,21,5,59,92,9,20,-12,56,73,165
MMM,3M,159.46,7,6,78,15,106,9,19,14,15,57,163
CCL,Carnival Corporation & plc,32.47,7,84,21,2,114,3,14,12,20,49,163
MSA,MSA Safety,171.9,7,0,0,165,172,1,-18,14,-6,-9,163
CME,CME Group,262.37,-41,-19,58,137,135,-33,-14,54,20,27,162
SCCO,Southern Copper,105.04,55,7,2,63,127,4,20,14,-3,35,162
LNC,Lincoln Financial,42.14,1,54,22,2,79,7,54,12,9,82,161
LNT,Alliant Energy,64.64,0,45,72,15,132,5,-4,14,14,29,161
VICI,Vici Properties,33.14,-28,16,62,16,66,2,8,27,58,95,161
O,Realty Income,60.15,22,29,14,8,73,40,19,14,14,87,160
NOC,Northrop Grumman,582.67,0,52,14,59,125,5,-4,21,13,35,160
ZM,Zoom Communications,84.75,131,11,4,-1,145,-7,13,4,5,15,160
XYL,Xylem Inc.,141.78,0,85,12,23,120,7,-4,14,23,40,160
EMR,Emerson Electric,137.44,18,0,20,65,103,14,1,14,27,56,159
BWA,BorgWarner,44.37,7,87,12,3,109,1,51,14,-17,49,158
META,Meta Platforms,750.75,0,85,21,30,136,-6,-8,12,24,22,158
KR,Kroger,67.2,-3,-11,83,68,137,-35,-14,54,16,21,158
TSLA,"Tesla, Inc.",368.8,35,24,2,11,72,37,30,8,11,86,158
SYY,Sysco,81.02,-14,72,11,4,73,-26,85,11,15,85,158
LH,Labcorp,279.76,7,35,59,16,117,-13,22,12,19,40,157
HAS,Hasbro,79.94,0,85,18,4,107,2,21,14,12,49,156
OHI,Omega Healthcare Investors,42.49,-3,44,10,41,92,-13,36,9,32,64,156
NXST,Nexstar Media Group,206.22,0,84,13,5,102,-19,51,11,11,54,156
BLD,TopBuild,426.35,-4,59,6,47,108,-20,62,10,-4,48,156
SEB,Seaboard Corporation,3935.2,0,59,9,2,70,1,71,12,1,85,155
GLPI,Gaming and Leisure Properties,48.4,3,14,4,66,87,7,14,-12,58,67,154
MP,MP Materials,63.05,-3,68,36,0,101,9,-10,49,5,53,154
HHH,Howard Hughes Holdings,81.65,98,25,2,1,126,6,20,3,-1,28,154
KKR,KKR & Co. Inc.,144.99,14,1,1,104,120,23,-21,10,22,34,154
RDDT,Reddit,260.44,42,60,1,0,103,14,29,6,0,49,152
MRP,Millrose Properties,34.81,0,74,0,0,74,18,52,7,0,77,151
XOM,ExxonMobil,112.14,5,4,1,45,55,18,13,13,51,95,150
AEP,American Electric Power,108.69,0,0,77,24,101,12,-6,27,15,48,149
FNB,FNB Corporation,16.43,-19,85,5,56,127,-26,15,13,20,22,149
LAZ,Lazard,56.67,7,68,6,21,102,1,20,11,14,46,148
CORT,Corcept Therapeutics,74.34,19,1,68,20,108,19,-3,-15,39,40,148
MU,Micron Technology,150.54,42,11,2,23,78,42,20,14,-6,70,148
D,Dominion Energy,60.01,8,83,18,2,111,15,-4,14,11,36,147
CHRW,C.H. Robinson,131.0,7,53,7,5,72,10,46,10,9,75,147
WSO,Watsco,397.41,-12,-29,-7,197,149,-15,-27,-32,72,-2,147
LEN,Lennar (Class A),140.07,7,41,0,65,113,-17,50,5,-4,34,147
ELAN,Elanco,18.78,30,88,6,0,124,-4,20,13,-7,22,146
FAF,First American Financial Corporation,68.01,38,34,6,15,93,2,31,1,19,53,146
CB,Chubb Limited,282.97,7,1,6,59,73,7,17,-8,57,73,146
LEN-B,Lennar (Class B),134.42,7,37,0,63,107,-16,51,5,-2,38,145
VST,Vistra Corp.,204.07,21,2,23,31,77,25,-16,12,46,67,144
AMP,Ameriprise Financial,500.96,0,-9,0,65,56,9,-5,12,72,88,144
DBX,Dropbox,30.9,49,11,3,10,73,41,16,4,9,70,143
SNA,Snap-on,332.11,7,6,2,60,75,5,-2,7,58,68,143
MMC,Marsh McLennan,203.39,-86,-66,-7,176,17,-34,-4,-15,179,126,143
NU,Nubank,15.63,30,16,5,0,51,47,11,14,20,92,143
UAL,United Airlines Holdings,109.32,14,58,5,12,89,7,22,8,17,54,143
SNPS,Synopsys,438.09,-14,-2,-1,181,164,-14,-14,12,-6,-22,142
ADSK,Autodesk,324.52,70,9,3,15,97,1,9,14,20,44,141
ROST,Ross Stores,151.1,0,28,4,36,68,2,37,3,30,72,140
PEGA,Pegasystems,58.1,41,5,23,6,75,33,4,12,16,65,140
SEIC,SEI Investments Company,87.77,-35,-5,96,36,92,9,-2,14,27,48,140
JNJ,Johnson & Johnson,178.5,2,51,12,8,73,1,49,9,7,66,139
Z,Zillow (Class C),89.25,35,58,15,0,108,-12,14,8,21,31,139
THO,Thor Industries,110.36,-14,69,5,3,63,-18,91,10,-7,76,139
VVV,Valvoline,40.55,17,26,0,32,75,37,20,11,-5,63,138
MDB,MongoDB Inc.,331.99,77,19,2,0,98,33,11,6,-10,40,138
FNF,Fidelity National Financial,60.7,7,22,6,59,94,2,34,-15,22,43,137
ELF,e.l.f. Beauty,138.12,77,11,0,32,120,-5,16,12,-6,17,137
F,Ford Motor Company,11.76,0,99,6,0,105,4,19,14,-6,31,136
CPNG,Coupang,32.48,33,4,21,0,58,42,4,14,18,78,136
EXP,Eagle Materials,237.15,7,36,-19,58,82,2,48,4,-1,53,135
INCY,Incyte,86.15,0,71,7,1,79,3,35,10,8,56,135
ADM,Archer Daniels Midland,61.37,-13,86,6,0,79,1,62,14,-21,56,135
FSLR,First Solar,203.53,0,50,0,63,113,9,5,14,-7,21,134
FE,FirstEnergy,43.59,1,38,10,56,105,2,-3,14,15,28,133
MET,Metlife,80.33,2,16,0,59,77,9,16,12,19,56,133
REXR,Rexford Industrial,43.55,41,70,1,-19,93,42,21,10,-33,40,133
EWBC,East West Bancorp,109.26,43,14,13,23,93,-8,14,13,20,39,132
IRM,Iron Mountain,98.83,22,0,-7,58,73,35,-47,14,57,59,132
INFA,Informatica,24.8,-42,76,0,0,34,-4,98,12,-8,98,132
WYNN,Wynn Resorts,123.85,2,87,12,4,105,7,15,14,-9,27,132
LAMR,Lamar Advertising,128.82,2,14,5,65,86,-2,14,12,22,46,132
LPX,Louisiana-Pacific,97.77,0,32,0,64,96,-17,22,4,27,36,132
XPO,"XPO, Inc.",134.39,7,4,2,62,75,4,13,11,28,56,131
TNL,Travel + Leisure Co.,63.23,5,75,13,17,110,-26,20,11,15,20,130
CVNA,Carvana,354.04,-9,0,96,12,99,-5,5,14,17,31,130
CFG,Citizens Financial Group,51.74,-5,73,12,5,85,-1,20,11,15,45,130
UBER,Uber,94.67,16,4,22,0,42,23,17,20,27,87,129
ZION,Zions Bancorporation,58.27,4,67,4,5,80,9,13,11,16,49,129
H,Hyatt Hotels,145.88,7,1,1,56,65,-12,10,10,56,64,129
MSM,MSC Industrial Direct,92.32,41,14,11,59,125,-16,16,14,-10,4,129
UWMC,United Wholesale Mortgage,6.9,43,25,0,0,68,42,21,2,-5,60,128
TPG,TPG Inc.,62.06,8,68,6,0,82,20,-3,8,20,45,127
DAL,Delta Air Lines,60.43,-20,57,5,20,62,9,22,6,27,64,126
PFG,Principal Financial Group,82.07,7,14,1,56,78,9,9,11,19,48,126
NOW,ServiceNow,938.37,31,-25,0,83,89,-2,4,12,23,37,126
DOV,Dover Corporation,178.0,0,-10,-7,107,90,7,-1,10,20,36,126
BAC,Bank of America,50.73,8,18,21,19,66,15,15,14,15,59,125
SUI,Sun Communities,131.25,42,9,7,-25,33,42,22,14,12,90,123
PNC,PNC Financial Services,202.75,-20,75,6,15,76,5,16,11,15,47,123
FITB,Fifth Third Bancorp,45.26,-6,61,4,23,82,-5,18,11,17,41,123
VNO,Vornado Realty Trust,41.99,66,7,2,5,80,7,7,12,16,42,122
AMD,Advanced Micro Devices,155.61,0,0,2,111,113,14,-11,14,-8,9,122
KEYS,Keysight,172.35,41,7,2,1,51,46,7,12,6,71,122
LYFT,Lyft,18.32,51,19,5,-2,73,23,14,14,-3,48,121
FTNT,Fortinet,80.9,32,-29,-6,114,111,33,-31,-6,14,10,121
BLDR,Builders FirstSource,146.52,7,51,-32,66,92,6,21,4,-4,27,119
HAYW,Hayward Holdings,16.06,0,56,6,0,62,-20,48,12,17,57,119
WBS,Webster Bank,61.95,-11,85,12,15,101,-26,14,12,18,18,119
SSB,SouthState Corporation,102.21,-9,56,4,23,74,2,14,8,20,44,118
RKLB,Rocket Lab,48.41,7,5,53,0,65,23,7,14,9,53,118
CMS,CMS Energy,71.67,1,0,80,24,105,6,-10,2,15,13,118
IDXX,Idexx Laboratories,645.16,7,92,18,5,122,-6,-3,14,-9,-4,118
NVST,Envista,21.61,8,70,8,0,86,33,21,10,-33,31,117
USB,U.S. Bancorp,49.33,23,18,4,5,50,21,19,11,16,67,117
AFG,American Financial Group,140.21,5,26,5,57,93,-26,26,8,15,23,116
COHR,Coherent Corp.,103.49,42,2,2,16,62,38,-12,11,16,53,115
APO,Apollo Global Management,136.36,8,-17,-5,98,84,22,-29,10,27,30,114
WTW,Willis Towers Watson,340.56,7,30,12,25,74,5,1,4,30,40,114
AMKR,Amkor Technology,25.39,31,70,0,3,104,2,6,8,-6,10,114
RVMD,Revolution Medicines,46.25,80,5,1,0,86,4,11,14,-1,28,114
MTSI,MACOM Technology Solutions,131.06,0,-1,3,59,61,9,1,12,30,52,113
VLTO,Veralto,109.05,8,85,6,0,99,6,-5,13,0,14,113
MHK,Mohawk Industries,139.76,7,47,2,0,56,2,51,6,-2,57,113
PRU,Prudential Financial,107.0,1,17,-17,56,57,8,20,8,20,56,113
KRMN,Karman Holdings,63.79,35,22,0,0,57,37,13,6,0,56,113
RGA,Reinsurance Group of America,194.86,1,3,-7,41,38,5,20,-5,54,74,112
MSCI,MSCI,585.33,8,4,1,15,28,31,21,11,21,84,112
MRVL,Marvell Technology,66.57,0,-9,-25,107,73,33,-17,4,19,39,112
PKG,Packaging Corporation of America,217.07,1,15,2,62,80,-19,15,7,27,30,110
NNN,NNN Reit,43.3,36,7,4,23,70,3,8,14,15,40,110
PODD,Insulet,337.9,-2,22,49,5,74,-6,17,18,7,36,110
MUSA,Murphy USA,393.42,10,0,-17,69,62,2,-2,-33,80,47,109
GNTX,Gentex,28.42,8,50,0,0,58,4,48,8,-9,51,109
CLH,Clean Harbors,238.49,-35,37,5,59,66,-26,-4,14,58,42,108
NCLH,Norwegian Cruise Line Holdings,26.94,8,56,4,0,68,7,5,7,21,40,108
ADP,Automatic Data Processing,297.36,-85,-8,1,181,89,-32,-21,14,58,19,108
STLD,Steel Dynamics,134.0,14,2,4,56,76,5,13,14,-1,31,107
CSCO,Cisco,67.67,0,0,52,15,67,14,-14,14,26,40,107
AOS,A. O. Smith,74.3,17,7,0,59,83,7,9,14,-6,24,107
MTZ,MasTec,189.19,14,2,23,19,58,14,7,14,14,49,107
CGNX,Cognex Corporation,44.93,37,67,5,-32,77,7,53,10,-41,29,106
DINO,HF Sinclair,51.71,2,87,4,2,95,-12,17,14,-9,10,105
NTRA,Natera,173.82,26,16,5,19,66,-5,20,4,20,39,105
FOXA,Fox Corporation (Class A),58.72,-21,21,72,2,74,-13,17,12,15,31,105
ECG,Everus Construction Group,79.13,8,83,0,0,91,14,-12,11,0,13,104
ECL,Ecolab,274.9,0,28,20,23,71,1,-2,14,20,33,104
AL,Air Lease Corporation,63.57,0,15,21,23,59,-15,18,14,27,44,103
NBIX,Neurocrine Biosciences,143.62,40,22,4,26,92,-9,14,11,-5,11,103
AFRM,Affirm Holdings,81.39,-13,67,16,0,70,-25,28,12,18,33,103
TER,Teradyne,115.57,-20,56,0,3,39,-24,86,7,-6,63,102
CART,Maplebear Inc.,45.91,35,-1,2,0,36,70,-15,11,0,66,102
MAR,Marriott International,267.88,6,0,0,59,65,-16,13,11,28,36,101
AVT,Avnet,54.1,8,2,5,46,61,12,17,14,-3,40,101
GPC,Genuine Parts Company,142.72,7,38,5,0,50,8,45,14,-18,49,99
GNRC,Generac,187.67,10,69,7,-35,51,31,-5,11,11,48,99
HON,Honeywell,215.29,0,-20,4,179,163,-69,-32,14,23,-64,99
M,"Macy's, Inc.",17.45,50,51,2,-16,87,1,14,3,-7,11,98
STAG,STAG Industrial,36.43,-17,14,4,97,98,-26,17,14,-5,0,98
MSGS,Madison Square Garden Sports,211.81,28,3,1,22,54,28,10,7,-1,44,98
FOX,Fox Corporation (Class B),52.82,-21,21,71,2,73,-13,17,11,10,25,98
UHS,Universal Health Services,190.8,42,17,0,23,82,4,21,-8,-2,15,97
WTFC,Wintrust Financial,136.09,-9,22,13,50,76,-26,14,12,20,20,96
SLM,Sallie Mae,29.03,-28,-19,94,23,70,-26,-19,48,22,25,95
EFX,Equifax,260.27,8,1,0,17,26,35,1,14,19,69,95
MPC,Marathon Petroleum,182.3,12,11,3,50,76,3,11,14,-9,19,95
HBAN,Huntington Bancshares,17.74,2,14,13,22,51,-2,14,14,17,43,94
OC,Owens Corning,157.73,7,27,-28,59,65,7,20,3,-1,29,94
FCX,Freeport-McMoRan,45.92,0,8,2,59,69,5,13,14,-7,25,94
NWSA,News Corp (Class A),29.54,3,1,13,59,76,-13,-5,14,22,18,94
EOG,EOG Resources,119.67,-34,2,-2,46,12,9,14,7,52,82,94
ABT,Abbott Laboratories,132.65,0,14,60,14,88,1,-2,-8,15,6,94
MDU,MDU Resources,16.4,6,-13,0,59,52,14,-17,14,31,42,94
ATI,ATI Inc.,75.99,-7,-16,20,44,41,-18,4,14,53,53,94
APG,APi Group,35.61,7,2,22,0,31,23,-1,14,27,63,94
TRMB,Trimble Inc.,82.82,7,1,83,5,96,-10,-17,12,13,-2,94
AMZN,Amazon,229.96,0,7,21,22,50,-6,17,11,21,43,93
LOAR,Loar Holdings,79.46,44,0,0,0,44,44,12,-7,0,49,93
EA,Electronic Arts,169.83,1,31,8,8,48,5,-2,20,22,45,93
ED,Consolidated Edison,97.69,0,-12,32,48,68,2,-15,-8,46,25,93
MKSI,MKS Instruments,116.05,30,6,1,0,37,35,17,10,-6,56,93
WAB,Wabtec,192.15,-13,-21,4,50,20,1,-1,14,57,71,91
VZ,Verizon,44.13,4,25,34,11,74,3,-5,4,15,17,91
CNM,Core & Main,49.48,-21,-3,-1,0,-25,-21,98,14,25,116,91
CNA,CNA Financial,47.89,-37,26,6,58,53,3,27,-13,21,38,91
INGM,Ingram Micro,21.18,35,2,0,0,37,38,5,11,0,54,91
OLN,Olin Corporation,26.93,98,14,-64,-10,38,60,14,2,-24,52,90
VNOM,Viper Energy,38.99,8,0,-13,45,40,14,20,-32,48,50,90
BC,Brunswick Corporation,66.68,7,69,0,0,76,1,14,8,-10,13,89
FLUT,Flutter Entertainment,292.21,0,0,23,22,45,-7,11,12,28,44,89
CTVA,Corteva,72.96,0,1,57,0,58,-12,16,14,12,30,88
CI,Cigna,305.68,11,4,0,59,74,4,19,-7,-2,14,88
EXAS,Exact Sciences,56.01,62,5,0,-26,41,56,13,-6,-17,46,87
ADC,Agree Realty,73.73,7,1,67,17,92,2,-12,-9,14,-5,87
SHC,Sotera Health,16.12,7,24,5,0,36,28,24,6,-7,51,87
APTV,Aptiv,83.72,42,22,5,-25,44,47,18,14,-37,42,86
TSCO,Tractor Supply Company,60.02,-50,1,11,86,48,-54,-2,8,86,38,86
PLNT,Planet Fitness,103.42,-1,-8,67,14,72,-16,1,14,15,14,86
KIM,Kimco Realty,22.47,-13,22,3,56,68,-23,14,12,15,18,86
PSX,Phillips 66,132.52,7,14,0,42,63,2,14,13,-6,23,86
PPC,Pilgrim's Pride,44.03,-21,-5,90,22,86,1,-12,-8,19,0,86
BOKF,BOK Financial Corporation,111.21,-13,54,4,23,68,-26,20,8,15,17,85
EXR,Extra Space Storage,148.31,49,4,-7,0,46,6,5,14,14,39,85
CLF,Cleveland-Cliffs,11.79,35,50,0,-17,68,8,10,7,-9,16,84
UGI,UGI Corporation,34.84,6,-12,46,5,45,5,-25,53,6,39,84
SKX,Skechers,63.15,0,0,-28,56,28,7,10,11,27,55,83
DD,DuPont,77.97,7,56,-7,20,76,-14,14,11,-4,7,83
CUZ,Cousins Properties,29.61,7,10,3,12,32,9,14,14,14,51,83
REG,Regency Centers,72.21,-13,17,9,54,67,-24,6,14,20,16,83
VIRT,Virtu Financial,37.07,-41,-9,80,15,45,-32,-21,75,15,37,82
VRSK,Verisk Analytics,266.08,-14,-33,0,115,68,-12,3,-6,29,14,82
EXC,Exelon,43.51,0,0,59,15,74,9,-7,-5,11,8,82
VEEV,Veeva Systems,279.51,6,0,49,9,64,-5,-10,14,19,18,82
RRC,Range Resources,35.17,12,-36,0,43,19,5,3,-2,56,62,81
ALSN,Allison Transmission,90.56,37,0,-9,36,64,-12,18,-25,35,16,80
BURL,Burlington Stores,279.22,-23,48,5,4,34,-26,47,7,18,46,80
TEM,Tempus AI,88.85,39,22,0,0,61,-8,20,7,0,19,80
ZS,Zscaler,286.53,27,0,21,6,54,30,-38,14,19,25,79
MTCH,Match Group,38.02,5,69,8,-38,44,-12,77,9,-39,35,79
WMS,Advanced Drainage Systems,146.75,3,27,2,4,36,7,25,14,-4,42,78
ROP,Roper Technologies,517.34,-20,-29,-6,183,128,-26,-46,-5,27,-50,78
VRTX,Vertex Pharmaceuticals,397.39,2,-27,-6,105,74,-26,2,-10,38,4,78
SCHW,Charles Schwab Corporation,93.94,-35,0,81,12,58,3,-12,14,15,20,78
FR,First Industrial Realty Trust,52.66,3,17,1,15,36,1,13,12,15,41,77
RPRX,Royalty Pharma,36.7,4,1,36,0,41,18,-14,30,1,35,76
VOYA,Voya Financial,76.64,2,26,5,5,38,8,20,12,-2,38,76
CWEN-A,Clearway Energy (Class A),27.17,0,-15,62,7,54,14,-29,26,11,22,76
ROKU,"Roku, Inc.",96.44,0,66,14,-20,60,-12,14,9,5,16,76
HLNE,Hamilton Lane,153.8,8,0,0,26,34,24,-7,2,22,41,75
WAL,Western Alliance Bancorporation,89.67,-10,22,4,5,21,2,20,11,19,52,73
RYN,Rayonier,26.77,7,27,0,0,34,3,43,2,-10,38,72
VRT,Vertiv,135.65,14,0,13,9,36,14,-16,11,27,36,72
ALLY,Ally Financial,42.1,2,14,6,5,27,1,15,12,17,45,72
TTEK,Tetra Tech,36.18,0,-7,-33,120,80,5,-21,10,-2,-8,72
LAD,Lithia Motors,343.7,7,12,2,15,36,-6,14,5,22,35,71
FCNCA,First Citizens BancShares,1964.42,-35,-5,0,60,20,9,9,11,22,51,71
GXO,GXO Logistics,51.58,-21,85,5,0,69,-19,17,13,-9,2,71
FRHC,Freedom Holding,161.84,-27,-1,58,15,45,-5,-15,14,31,25,70
BEPC,Brookfield Renewable Partners,33.88,7,0,14,0,21,21,3,14,11,49,70
ACGL,Arch Capital Group,92.29,1,1,-12,63,53,2,21,-5,-1,17,70
BILL,Bill.com,51.71,77,10,-28,0,59,37,10,2,-38,11,70
CWEN,Clearway Energy (Class C),28.62,-3,-15,62,5,49,12,-29,26,11,20,69
TFC,Truist Financial,45.28,-20,59,5,5,49,-26,20,11,15,20,69
RNR,RenaissanceRe,244.63,2,1,-12,36,27,5,-4,12,29,42,69
LSCC,Lattice Semiconductor,66.03,2,27,5,0,34,25,20,6,-16,35,69
PEN,"Penumbra, Inc.",276.4,0,10,36,12,58,-8,23,-10,4,9,67
TXT,Textron,82.25,8,1,0,54,63,-13,9,14,-6,4,67
FBIN,Fortune Brands Innovations,60.76,7,37,-30,0,14,1,51,3,-3,52,66
EXLS,EXL Service,44.13,0,-4,0,66,62,-18,5,3,14,4,66
XP,XP Inc.,18.91,35,2,3,0,40,6,8,20,-9,25,65
CEG,Constellation Energy,318.0,14,-1,20,0,33,14,-16,14,20,32,65
FIVE,Five Below,145.8,-21,87,4,0,70,-22,18,15,-16,-5,65
EQT,EQT Corporation,50.96,-35,-29,45,43,24,-19,4,45,11,41,65
EQR,Equity Residential,66.86,39,1,0,14,54,-5,8,-7,14,10,64
TRU,TransUnion,92.88,35,0,0,4,39,-6,4,12,15,25,64
MTB,M&T Bank,197.84,-13,14,5,23,29,-7,14,12,15,34,63
ALK,Alaska Air Group,63.88,4,51,2,3,60,-31,22,2,10,3,63
WBD,Warner Bros. Discovery,16.16,32,1,16,-43,6,43,1,12,1,57,63
BBY,Best Buy,78.45,43,22,-28,0,37,7,19,2,-3,25,62
SMCI,Supermicro,43.97,16,-9,-4,59,62,22,-21,9,-10,0,62
DLR,Digital Realty,174.64,14,0,1,23,38,14,-25,14,20,23,61
KNSL,Kinsale Capital Group,436.12,-26,-14,-1,34,-7,-27,-2,11,86,68,61
SITE,SiteOne Landscape Supply,141.86,-13,52,0,-10,29,-18,51,7,-9,31,60
TROW,T. Rowe Price,105.69,-16,70,2,-26,30,-33,54,10,-1,30,60
ARW,Arrow Electronics,129.29,14,4,5,5,28,11,16,14,-9,32,60
FHB,"First Hawaiian, Inc.",25.72,-9,14,4,15,24,-5,14,11,15,35,59
CRUS,Cirrus Logic,115.2,0,22,2,20,44,-12,17,14,-4,15,59
CRWD,CrowdStrike,433.38,7,-25,49,0,31,31,-39,14,21,27,58
OVV,Ovintiv,42.37,14,14,0,3,31,16,7,11,-7,27,58
WEX,WEX Inc.,176.33,7,67,0,2,76,-14,-3,8,-9,-18,58
INTC,Intel,24.6,10,21,0,-21,10,37,20,4,-13,48,58
TRGP,Targa Resources,165.18,6,-5,0,52,53,14,-41,-24,55,4,57
CCK,Crown Holdings,97.59,5,-17,21,6,15,23,-8,14,13,42,57
WST,West Pharmaceutical Services,263.74,44,5,-31,-8,10,44,6,5,-9,46,56
GEN,Gen Digital,29.67,0,1,19,17,37,-12,-1,14,17,18,55
POST,Post Holdings,106.1,-42,-4,-2,88,40,-47,16,-12,58,15,55
DKNG,DraftKings,45.86,-35,61,13,0,39,-26,14,6,21,15,54
AGO,Assured Guaranty,83.16,2,-25,-6,57,28,6,-17,14,23,26,54
SPR,Spirit AeroSystems,39.24,-21,-1,22,0,0,-12,17,34,15,54,54
ROK,Rockwell Automation,350.55,7,1,19,16,43,-8,17,14,-12,11,54
NDSN,Nordson,227.97,7,15,0,2,24,5,19,14,-8,30,54
UNH,UnitedHealth Group,353.66,47,7,-22,0,32,39,19,-35,-2,21,53
PR,Permian Resources,13.94,-7,2,0,27,22,10,10,14,-3,31,53
HSY,Hershey Company (The),185.54,0,51,8,0,59,1,5,8,-20,-6,53
WWD,"Woodward, Inc.",239.93,-6,0,23,36,53,-20,-21,14,27,0,53
GEV,GE Vernova,634.35,14,4,0,0,18,31,-11,15,0,35,53
EQIX,Equinix,797.67,17,0,-12,35,40,16,-18,-12,27,13,53
EIX,Edison International,56.21,3,29,-36,0,-4,12,43,4,-2,57,53
CTRA,Coterra,24.36,1,0,-9,45,37,10,7,-16,14,15,52
CVS,CVS Health,74.67,6,20,14,0,40,13,24,4,-29,12,52
LNW,Light & Wonder,88.43,-1,-8,-7,58,42,-12,15,-19,26,10,52
QRVO,Qorvo,87.65,-14,85,0,-32,39,-14,20,13,-6,13,52
MTD,Mettler Toledo,1281.42,0,70,-27,0,43,-13,20,8,-6,9,52
DNB,Dun & Bradstreet,9.15,29,52,-28,0,53,46,-13,2,-37,-2,51
BXP,"BXP, Inc.",76.21,7,11,2,1,21,5,12,14,-1,30,51
OGN,Organon & Co.,10.66,58,5,-33,0,30,65,7,-46,-5,21,51
SNOW,Snowflake Inc.,224.62,0,10,19,0,29,-5,10,14,2,21,50
ES,Eversource Energy,65.04,14,0,19,-11,22,18,-7,14,3,28,50
SN,SharkNinja,115.55,-28,61,12,0,45,7,-16,11,2,4,49
SNV,Synovus,51.8,0,-11,3,22,14,-2,9,12,15,34,48
FRT,Federal Realty Investment Trust,101.78,7,17,-1,2,25,2,17,5,-2,22,47
PLD,Prologis,114.83,7,14,3,0,24,1,13,14,-6,22,46
APPF,AppFolio,281.35,0,0,9,29,38,-14,-16,9,29,8,46
RMD,Resmed,274.65,0,0,21,14,35,-12,-5,13,14,10,45
COIN,Coinbase,324.0,21,-13,13,0,21,21,-29,13,19,24,45
DELL,Dell Technologies,125.37,0,0,0,33,33,11,-9,14,-5,11,44
DECK,Deckers Brands,117.84,-20,11,-28,94,57,-30,8,-24,32,-14,43
APD,Air Products,294.49,6,1,0,17,24,3,-2,6,11,18,42
NYT,New York Times Company,58.54,-21,26,6,17,28,-23,-1,14,22,12,40
NUE,Nucor,143.73,-26,62,0,4,40,-24,21,11,-9,-1,39
TKR,Timken Company,79.18,7,1,0,5,13,7,14,11,-6,26,39
DDOG,Datadog,139.16,25,0,3,0,28,-2,2,11,-1,10,38
WFRD,Weatherford International,62.71,0,56,-48,0,8,18,14,4,-6,30,38
QCOM,Qualcomm,161.5,8,12,-29,23,14,4,14,12,-6,24,38
LII,Lennox International,567.29,1,-13,0,39,27,1,-26,8,28,11,38
CR,Crane Co.,186.42,0,0,20,0,20,9,-12,14,6,17,37
INGR,Ingredion,126.96,-28,-29,-2,35,-24,-15,5,14,57,61,37
TOST,"Toast, Inc.",40.77,-49,-8,81,0,24,-1,-18,14,18,13,37
HXL,Hexcel,62.59,-21,57,-1,0,35,-19,22,8,-10,1,36
PNW,Pinnacle West Capital,88.36,-91,-10,72,19,-10,1,-8,26,27,46,36
SWK,Stanley Black & Decker,79.53,35,51,-33,-40,13,1,20,3,-3,21,34
DOX,Amdocs,85.31,1,-23,0,59,37,-13,-10,14,6,-3,34
MANH,Manhattan Associates,219.26,29,0,-33,66,62,-10,-25,7,-1,-29,33
NEE,NextEra Energy,71.35,0,0,0,0,0,9,-5,14,14,32,32
DVN,Devon Energy,35.27,0,22,-2,-6,14,9,18,13,-23,17,31
KD,Kyndryl,32.74,41,-27,0,0,14,-5,2,-1,21,17,31
GTM,ZoomInfo,11.76,15,2,0,0,17,30,12,10,-38,14,31
CACC,Credit Acceptance,525.0,7,3,3,2,15,9,14,-2,-6,15,30
COLB,Columbia Banking System,26.27,-20,34,2,0,16,-26,20,9,11,14,30
APA,APA Corporation,22.99,0,25,0,-13,12,5,23,9,-20,17,29
GEHC,GE HealthCare,77.96,35,5,-24,0,16,-5,6,3,9,13,29
CHWY,Chewy,36.03,-14,-2,45,0,29,-19,18,-5,6,0,29
RLI,RLI Corp.,66.95,-16,-69,-14,177,78,-13,-3,-33,-1,-50,28
RBRK,Rubrik,77.88,-14,-2,0,0,-16,-12,7,48,0,43,27
SEE,Sealed Air,33.91,41,15,0,-25,31,-1,18,12,-33,-4,27
BMY,Bristol Myers Squibb,47.52,7,4,-4,-6,1,18,19,-18,6,25,26
GLIBK,GCI Liberty (Series C),36.36,-1,0,0,0,-1,6,19,0,0,25,24
K,Kellanova,79.62,7,1,0,22,30,1,-10,-11,14,-6,24
PCOR,Procore,70.59,7,1,0,0,8,-13,5,4,20,16,24
AIG,American International Group,78.7,-62,-5,32,54,19,-29,16,-4,22,5,24
OWL,Blue Owl Capital,18.76,10,-16,-8,0,-14,21,-12,6,22,37,23
BEN,Franklin Templeton Investments,24.86,-35,88,12,2,67,-33,-2,14,-23,-44,23
ARMK,Aramark,38.87,-72,-11,19,41,-23,2,-27,14,57,46,23
FDX,FedEx,228.73,7,0,-30,33,10,13,-2,6,-5,12,22
AVB,AvalonBay Communities,196.82,7,1,-7,17,18,-11,9,-11,16,3,21
GLIBA,GCI Liberty (Series A),36.97,-1,0,0,0,-1,3,19,0,0,22,21
HOG,Harley-Davidson,30.71,7,22,0,-10,19,-14,19,9,-12,2,21
SJM,J.M. Smucker Company (The),110.86,0,37,6,-5,38,2,2,2,-24,-18,20
IR,Ingersoll Rand,81.01,20,-20,-25,24,-1,7,4,11,-1,21,20
NSC,Norfolk Southern,273.86,-26,0,15,5,-6,2,-5,14,15,26,20
PAYX,Paychex,135.46,-56,-31,0,168,81,-48,-24,-5,15,-62,19
EXE,Expand Energy,95.85,-4,-38,45,0,3,5,3,-3,11,16,19
VTRS,Viatris,10.17,-15,25,-1,0,9,-14,20,6,-2,10,19
PK,Park Hotels & Resorts,12.0,3,22,-30,0,-5,8,14,7,-6,23,18
FND,Floor & Decor,90.43,35,6,-39,0,2,1,20,2,-7,16,18
KMB,Kimberly-Clark,129.44,5,0,-3,19,21,-8,-7,-15,27,-3,18
SFD,Smithfield Foods,24.51,2,2,0,0,4,10,-5,8,0,13,17
BG,Bunge Global,81.97,-7,16,0,0,9,1,-2,14,-6,7,16
ONTO,Onto Innovation,108.21,12,14,-30,0,-4,33,17,-25,-5,20,16
AES,AES Corporation,12.82,-3,46,0,-12,31,6,-6,10,-25,-15,16
REYN,Reynolds Consumer Products,23.33,-23,26,-32,0,-29,1,45,1,-4,43,14
WH,Wyndham Hotels & Resorts,88.46,4,1,-7,12,10,-12,-2,2,16,4,14
RH,RH,228.18,-9,40,-28,-8,-5,-19,36,2,-1,18,13
DPZ,Domino's,456.72,-14,-27,0,11,-30,-13,6,31,19,43,13
TMO,Thermo Fisher Scientific,491.32,1,36,-26,0,11,-19,50,-25,-4,2,13
BROS,Dutch Bros. Coffee,66.53,-33,0,4,0,-29,5,20,4,12,41,12
OTIS,Otis Worldwide,89.38,19,-36,-8,0,-25,33,-5,-18,27,37,12
OKE,Oneok,73.3,0,-29,-17,55,9,9,-29,-29,52,3,12
TPL,Texas Pacific Land Corporation,938.99,6,-72,-13,59,-20,19,8,-9,14,32,12
HSIC,Schein (Henry),69.55,7,1,-9,0,-1,-5,9,3,4,11,10
AWK,American Water Works,139.62,-28,-4,30,0,-2,-20,-4,26,9,11,9
PEP,PepsiCo,144.21,-42,40,-46,0,-48,3,65,3,-14,57,9
MPW,Medical Properties Trust,4.61,53,5,-11,-37,10,35,11,-11,-36,-1,9
SON,Sonoco,47.21,8,1,0,0,9,5,-1,11,-15,0,9
BJ,BJ's Wholesale Club,98.01,17,-52,0,11,-24,-2,-19,-6,59,32,8
TTC,Toro Company (The),79.94,-21,41,0,-1,19,-16,21,5,-21,-11,8
GTLB,GitLab,49.74,16,4,-25,0,-5,27,11,-24,-2,12,7
CUBE,CubeSmart,41.62,7,1,-27,2,-17,3,10,14,-3,24,7
HPQ,HP Inc.,28.33,0,22,-29,2,-5,-12,23,3,-2,12,7
IPGP,IPG Photonics,82.55,0,84,5,-45,44,-17,14,10,-45,-38,6
SOLV,Solventum,73.77,6,0,0,0,6,-14,4,10,0,0,6
CPT,Camden Property Trust,110.71,2,0,0,0,2,-10,9,-7,12,4,6
SW,Smurfit Westrock,45.62,-21,1,-1,17,-4,-19,6,4,18,9,5
DIS,Walt Disney Company (The),117.06,-15,0,19,0,4,-26,9,14,4,1,5
QSR,Restaurant Brands International,63.49,7,-25,-4,41,19,7,-26,14,-9,-14,5
CSX,CSX Corporation,32.84,4,-8,0,5,1,4,-8,14,-7,3,4
PSN,Parsons Corporation,76.1,-44,70,-31,0,-5,7,-4,7,-2,8,3
PSA,Public Storage,294.92,5,1,-15,2,-7,-20,17,14,-1,10,3
PNFP,Pinnacle Financial Partners,97.81,0,-34,-8,16,-26,-5,9,5,19,28,2
VFC,VF Corporation,15.48,29,14,-24,-44,-25,6,12,1,8,27,2
TSN,Tyson Foods,56.08,0,15,-5,-29,-19,4,20,-15,12,21,2
DOCU,DocuSign,80.21,8,0,0,-13,-5,-5,6,-6,12,7,2
ALGM,Allegro MicroSystems,29.96,-3,-8,15,0,4,33,-31,12,-17,-3,1
ESS,Essex Property Trust,268.85,7,-30,0,15,-8,-5,5,-7,15,8,0
HRB,H&R Block,52.15,6,-66,-5,53,-12,1,-32,-10,53,12,0
GME,GameStop,24.84,28,0,-14,-31,-17,23,8,-7,-8,16,-1
LEA,Lear Corporation,109.18,-4,22,0,-18,0,-12,14,13,-16,-1,-1
MDLZ,Mondelez International,62.03,23,-31,-2,0,-10,21,-27,23,-10,7,-3
QXO,"QXO, Inc.",21.26,0,5,0,-15,-10,-9,6,17,-7,7,-3
EG,Everest Group,348.56,2,3,-40,56,21,9,14,-41,-6,-24,-3
AMH,American Homes 4 Rent,34.61,-54,-31,-12,69,-28,-14,8,14,16,24,-4
GDDY,GoDaddy,148.55,28,-45,-7,23,-1,-5,1,-23,23,-4,-5
AR,Antero Resources,32.84,14,-38,-5,11,-18,2,3,-4,11,12,-6
LBTYK,Liberty Global (Series C),12.12,2,29,-44,-31,-44,4,66,3,-37,36,-8
SAIC,SAIC,106.37,-70,-6,-2,68,-10,4,-6,6,-2,2,-8
ST,Sensata Technologies,32.19,0,22,0,-16,6,-7,16,12,-36,-15,-9
MOS,Mosaic Company (The),33.67,10,-22,20,-17,-9,8,4,19,-31,0,-9
BDX,Becton Dickinson,190.54,6,25,-32,-6,-7,-14,51,-23,-16,-2,-9
PCG,PG&E Corporation,15.74,12,1,-34,2,-19,12,32,-33,-2,9,-10
FANG,Diamondback Energy,138.49,-36,-6,-33,48,-27,9,6,8,-6,17,-10
AMT,American Tower,196.54,0,-27,-1,-1,-29,9,-26,24,12,19,-10
ESTC,Elastic NV,89.03,30,4,-17,-7,10,-3,10,-22,-5,-20,-10
MSTR,MicroStrategy,326.02,-11,-20,0,20,-11,-5,-30,14,21,0,-11
AXTA,Axalta,31.78,7,6,-20,23,16,-12,19,-33,-1,-27,-11
CF,CF Industries,86.12,12,-25,1,5,-7,23,-51,14,9,-5,-12
TFSL,Third Federal S&L,13.46,-43,18,7,6,-12,-54,20,14,20,0,-12
RIVN,Rivian,13.95,-1,0,3,0,2,7,8,-7,-22,-14,-12
PFE,Pfizer,24.85,3,27,-3,-24,3,5,-3,11,-29,-16,-13
CSGP,CoStar Group,87.05,-16,0,10,15,9,-24,-15,27,-10,-22,-13
CFR,Frost Bank,128.01,-21,-5,2,5,-19,-26,9,12,11,6,-13
ASH,Ashland Global,54.69,0,28,-45,-10,-27,2,19,3,-11,13,-14
WTM,White Mountains Insurance Group,1772.7,-40,-2,-3,60,15,-57,-5,-24,57,-29,-14
BA,Boeing,219.97,-35,0,12,0,-23,-12,18,14,-12,8,-15
TYL,Tyler Technologies,553.73,-14,-14,0,18,-10,-13,-16,5,19,-5,-15
BIIB,Biogen,148.89,50,21,-88,-28,-45,19,28,1,-19,29,-16
BAM,Brookfield Asset Management,56.72,-63,-4,69,0,2,-26,-15,14,9,-18,-16
SAIA,Saia,315.75,12,0,-30,5,-13,4,-4,2,-6,-4,-17
WAT,Waters Corporation,302.46,2,-3,-9,0,-10,-12,14,-24,15,-7,-17
QGEN,Qiagen,46.07,-14,-2,16,0,0,-12,-25,14,6,-17,-17
LBTYA,Liberty Global (Series A),11.96,2,29,-44,-32,-45,5,29,5,-11,28,-17
SAIL,SailPoint,20.84,-15,0,0,0,-15,-13,5,6,0,-2,-17
MCHP,Microchip Technology,65.02,1,-4,0,0,-3,-16,-5,14,-8,-15,-18
BHF,Brighthouse Financial,48.89,21,-49,-7,0,-35,19,-5,-7,9,16,-19
PINS,Pinterest,34.98,-14,-1,0,-1,-16,-12,5,10,-6,-3,-19
NCNO,nCino,30.48,-13,11,-30,0,-32,-5,11,9,-2,13,-19
ETSY,Etsy,59.58,14,0,1,-31,-16,33,-12,14,-38,-3,-19
A,Agilent Technologies,126.73,0,11,-27,0,-16,-20,17,5,-6,-4,-20
EGP,EastGroup Properties,167.68,-26,1,-1,9,-17,-26,14,14,-6,-4,-21
OMC,Omnicom Group,77.84,-14,22,-31,2,-21,-16,17,1,-2,0,-21
BRO,Brown & Brown,94.24,-56,-94,-3,164,11,-52,7,-14,27,-32,-21
AGCO,AGCO,109.15,-5,0,11,0,6,-20,-9,15,-14,-28,-22
IOT,Samsara,38.69,0,0,-14,0,-14,-13,5,-21,21,-8,-22
POOL,Pool Corporation,329.94,35,5,-27,-7,6,-12,-8,1,-10,-29,-23
ZBRA,Zebra Technologies,316.01,3,0,-6,-8,-11,-13,-21,8,14,-12,-23
PPG,PPG Industries,111.8,7,1,-50,-9,-51,5,17,14,-9,27,-24
BAH,Booz Allen Hamilton,103.78,-49,-8,-34,102,11,9,-7,-36,-2,-36,-25
JAZZ,Jazz Pharmaceuticals,128.4,-1,25,0,-7,17,1,17,-20,-40,-42,-25
CCI,Crown Castle,95.59,0,-12,0,-29,-41,9,-23,24,6,16,-25
OXY,Occidental Petroleum,46.01,0,15,-59,0,-44,9,17,10,-17,19,-25
MTDR,Matador Resources,48.6,-7,0,-33,0,-40,9,6,7,-7,15,-25
LKQ,LKQ Corporation,32.92,7,0,-10,-3,-6,7,10,-18,-18,-19,-25
COP,ConocoPhillips,94.13,0,2,-49,0,-47,10,15,6,-9,22,-25
AS,Amer Sports,36.97,-54,-2,8,0,-48,9,-1,14,0,22,-26
BIO,Bio-Rad Laboratories,285.82,-27,51,-31,-29,-36,-15,56,5,-38,8,-28
YETI,Yeti Holdings,36.64,7,1,-39,-7,-38,4,8,8,-11,9,-29
DT,Dynatrace,49.1,-14,-25,-6,0,-45,-14,-2,11,21,16,-29
CFLT,"Confluent, Inc.",19.46,25,-30,-7,0,-12,-2,5,-22,1,-18,-30
GPN,Global Payments,86.69,-15,37,-31,-40,-49,-26,53,2,-11,18,-31
INVH,Invitation Homes,30.61,0,-35,-12,0,-47,3,5,-7,15,16,-31
KBR,"KBR, Inc.",49.48,0,1,-34,0,-33,16,-1,-12,-2,1,-32
DVA,DaVita,133.23,-14,-13,-7,21,-13,-24,9,-24,20,-19,-32
SARO,StandardAero,27.34,8,-21,0,0,-13,9,-42,14,0,-19,-32
SIRI,Sirius XM,23.81,-1,12,0,-32,-21,-13,16,4,-18,-11,-32
ATR,AptarGroup,137.09,-14,-29,-7,21,-29,-17,-26,14,26,-3,-32
RRX,Regal Rexnord,144.95,-56,-4,0,4,-56,1,13,11,-2,23,-33
CNXC,Concentrix,54.03,3,1,0,0,4,-7,5,-2,-34,-38,-34
HUBS,HubSpot,496.5,35,-64,-14,12,-31,-5,4,-22,20,-3,-34
CRM,Salesforce,246.25,-2,-30,-17,23,-26,-10,5,-25,22,-8,-34
PATH,UiPath,11.68,31,-32,-15,0,-16,-4,4,-7,-11,-18,-34
FCN,FTI Consulting,166.76,2,-2,-41,0,-41,-7,13,4,-6,4,-37
IP,International Paper,46.52,-28,-8,0,17,-19,-48,5,7,17,-19,-38
CDW,CDW,165.68,0,-27,-46,0,-73,37,1,6,-9,35,-38
PENN,Penn Entertainment,20.04,2,21,3,-35,-9,-2,14,4,-45,-29,-38
RAL,Ralliant,42.94,0,0,0,0,0,-8,-30,0,0,-38,-38
ENTG,Entegris,83.53,4,1,-48,-7,-50,1,13,3,-6,11,-39
MAA,Mid-America Apartment Communities,144.05,-1,-31,0,0,-32,-12,5,-12,12,-7,-39
IPG,Interpublic Group of Companies (The),26.69,-14,37,-47,0,-24,-16,17,2,-18,-15,-39
MRK,Merck & Co.,85.14,7,29,-51,0,-15,19,19,-55,-7,-24,-39
ISRG,Intuitive Surgical,455.75,0,-31,-7,23,-15,-11,-39,-2,27,-25,-40
KVUE,Kenvue,18.85,-1,-13,-2,0,-16,2,-23,-7,4,-24,-40
SMMT,Summit Therapeutics,18.6,-28,-4,0,15,-17,-24,-18,-1,20,-23,-40
WTRG,Essential Utilities,38.24,-55,23,10,0,-22,-19,-1,-5,6,-19,-41
CARR,Carrier Global,62.31,-10,-28,-3,0,-41,-17,-24,14,27,0,-41
PAYC,Paycom,226.34,7,-13,23,-25,-8,7,-16,14,-38,-33,-41
CHRD,Chord Energy,104.76,-7,0,-54,0,-61,9,8,8,-7,18,-43
CL,Colgate-Palmolive,84.06,-14,-46,-10,24,-46,1,-7,-18,27,3,-43
UDR,"UDR, Inc.",38.92,2,-30,-2,0,-30,-22,4,-9,14,-13,-43
SNDR,Schneider National,24.56,-26,-10,-9,0,-45,1,-4,6,-1,2,-43
CAR,Avis Budget Group,157.05,-1,-6,13,-21,-15,-11,4,17,-38,-28,-43
PVH,PVH Corp.,82.0,-20,21,-36,2,-33,-26,20,3,-8,-11,-44
TXRH,Texas Roadhouse,167.11,-70,-24,-3,65,-32,2,-60,14,32,-12,-44
HUM,Humana,278.63,-17,27,0,-13,-3,-26,30,-24,-21,-41,-44
G,Genpact,43.31,-28,-2,0,4,-26,-26,15,-19,11,-19,-45
ESAB,ESAB,113.07,-10,-26,0,0,-36,-20,-21,14,18,-9,-45
AA,Alcoa,32.29,7,14,-25,-21,-25,-12,19,6,-33,-20,-45
WDAY,"Workday, Inc.",226.62,-9,-6,-14,15,-14,-26,5,-8,-3,-32,-46
FI,Fiserv,135.7,1,-44,-18,36,-25,-26,-4,-19,28,-21,-46
CERT,"Certara, Inc.",10.93,2,1,-19,0,-16,-8,20,-11,-33,-32,-48
AUR,Aurora Innovation,5.58,-13,-11,-5,0,-29,-5,-9,-22,16,-20,-49
WHR,Whirlpool Corporation,94.98,12,5,-9,-27,-19,-11,11,7,-37,-30,-49
ELV,Elevance Health,314.92,2,0,-48,-3,-49,4,14,-14,-4,0,-49
TFX,Teleflex,132.5,41,16,-46,-40,-29,4,28,-42,-11,-21,-50
KEX,Kirby Corporation,87.97,-70,-30,-7,36,-71,-13,-23,14,43,21,-50
DAY,Dayforce,69.02,-21,18,4,-13,-12,-55,14,4,-1,-38,-50
CHE,Chemed Corporation,457.93,-14,0,-15,0,-29,-16,16,-13,-9,-22,-51
IQV,IQVIA,190.65,7,1,-44,0,-36,-10,-6,6,-7,-17,-53
TEAM,Atlassian,176.63,21,-45,-10,-7,-41,-5,3,-22,12,-12,-53
BALL,Ball Corporation,51.11,3,-19,-7,-12,-35,1,-27,14,-6,-18,-53
WING,Wingstop,274.4,-53,-6,-1,39,-21,-58,-19,12,32,-33,-54
CPAY,Corpay,313.57,-56,-29,-2,22,-65,-26,9,2,26,11,-54
LW,Lamb Weston,57.14,7,21,-76,-9,-57,1,9,7,-15,2,-55
LINE,"Lineage, Inc.",42.42,9,-25,0,0,-16,12,-17,-35,0,-40,-56
S,SentinelOne,18.47,7,-27,-29,0,-49,-14,6,3,-2,-7,-56
MIDD,Middleby,138.72,-5,-26,-7,0,-38,-19,6,-20,14,-19,-57
AMCR,Amcor,8.32,0,-20,-5,0,-25,5,-29,-5,-3,-32,-57
KMPR,Kemper Corporation,53.6,-14,-26,-10,0,-50,-28,11,-7,15,-9,-59
MASI,Masimo,146.12,35,-26,-3,-7,-1,-9,-41,-19,11,-58,-59
CTSH,Cognizant,70.55,-28,-31,-7,15,-51,-26,6,-7,19,-8,-59
SWKS,Skyworks Solutions,74.69,1,7,-47,-31,-70,-12,17,11,-6,10,-60
MAT,Mattel,18.0,-14,-4,-8,0,-26,-23,10,11,-32,-34,-60
BSY,Bentley Systems,53.49,-45,0,13,0,-32,-13,-23,14,-7,-29,-61
LCID,Lucid Motors,19.9,17,-17,-8,0,-8,30,-26,-21,-36,-53,-61
CLX,Clorox,124.4,0,-2,-21,-6,-29,-17,1,-31,14,-33,-62
HOLX,Hologic,66.37,0,1,-39,0,-38,-16,-7,7,-8,-24,-62
CCCS,CCC Intelligent Solutions,9.73,-24,0,-32,0,-56,-15,10,6,-7,-6,-62
QS,QuantumScape,8.85,-2,-3,10,0,5,-17,-26,12,-37,-68,-63
DLB,Dolby Laboratories,72.1,-14,-13,-7,0,-34,-12,-3,-24,9,-30,-64
CNH,CNH Industrial,11.22,-12,-20,-1,0,-33,-12,-36,14,3,-31,-64
AVY,Avery Dennison,168.55,0,-13,-39,0,-52,-14,-4,11,-6,-13,-65
CPB,Campbell Soup Company,33.77,13,7,-36,-7,-23,4,1,-43,-6,-44,-67
FTV,Fortive,49.61,8,-31,-25,0,-48,10,1,-21,-9,-19,-67
SBAC,SBA Communications,199.49,0,-27,-3,-21,-51,7,-27,-2,6,-16,-67
MOH,Molina Healthcare,188.44,18,-77,-17,-3,-79,23,11,-13,-9,12,-67
EW,Edwards Lifesciences,77.99,-32,0,8,-15,-39,-40,13,34,-36,-29,-68
XYZ,"Block, Inc.",74.21,-48,0,-2,-37,-87,-10,7,8,14,19,-68
NOV,NOV Inc.,13.3,4,1,-59,-13,-67,3,7,5,-16,-1,-68
LUV,Southwest Airlines,31.72,-42,-19,5,-40,-96,2,9,12,5,28,-68
COLM,Columbia Sportswear,55.68,-16,0,-25,-7,-48,-26,10,-20,14,-22,-70
WY,Weyerhaeuser,25.83,7,0,-27,0,-20,1,-4,-39,-9,-51,-71
CAG,Conagra Brands,19.44,13,0,-36,-8,-31,4,-3,-18,-24,-41,-72
AKAM,Akamai Technologies,79.2,5,1,-30,-8,-32,-11,12,-30,-11,-40,-72
VKTX,Viking Therapeutics,25.75,-28,-17,-44,22,-67,2,-9,9,-7,-5,-72
ELS,Equity Lifestyle Properties,61.53,7,1,-25,0,-17,-11,-4,-36,-4,-55,-72
ON,ON Semiconductor,49.01,0,-10,-41,-2,-53,-12,-1,10,-16,-19,-72
ARE,Alexandria Real Estate Equities,84.72,47,22,-41,-31,-3,7,11,-52,-36,-70,-73
SFM,Sprouts Farmers Market,137.7,-90,-33,0,47,-76,-21,-31,-3,58,3,-73
SLB,Schlumberger,36.01,12,6,-74,0,-56,4,13,-25,-11,-19,-75
TXN,Texas Instruments,184.32,-56,-7,0,23,-40,-63,-3,14,17,-35,-75
GMED,Globus Medical,59.62,-56,9,-19,0,-66,-19,20,-24,13,-10,-76
DOC,Healthpeak Properties,18.15,0,6,-21,-32,-47,-13,9,-36,10,-30,-77
IT,Gartner,241.22,-14,-62,-25,0,-101,-14,2,-23,58,23,-78
LBRDA,Liberty Broadband (Series A),60.4,2,-34,-7,-37,-76,-2,-5,-7,9,-5,-81
LBRDK,Liberty Broadband (Series C),60.79,2,-34,-7,-37,-76,-2,-5,-7,9,-5,-81
DUOL,Duolingo,309.51,7,-51,0,0,-44,8,-65,-5,24,-38,-82
TWLO,Twilio,102.58,-9,-24,0,-35,-68,-12,-24,10,12,-14,-82
FOUR,Shift4,86.91,-56,-27,-4,0,-87,-26,2,4,25,5,-82
AMTM,Amentum,23.95,-42,0,0,0,-42,-43,-11,14,0,-40,-82
APLS,Apellis Pharmaceuticals,25.41,-27,32,-74,-17,-86,-26,43,5,-19,3,-83
DXCM,Dexcom,75.99,-14,-13,-3,-15,-45,-20,-22,14,-10,-38,-83
JHX,James Hardie Industries,20.01,0,-16,-31,-2,-49,-14,-12,-4,-4,-34,-83
DLTR,Dollar Tree,99.39,-66,-4,1,-16,-85,7,-13,29,-23,0,-85
BFAM,Bright Horizons,114.12,-84,-3,-3,0,-90,-21,-9,19,16,5,-85
PB,Prosperity Bancshares,67.76,-35,-32,-8,15,-60,-56,10,6,15,-25,-85
NSA,National Storage Affiliates,32.4,-16,1,-19,-5,-39,-20,16,-40,-2,-46,-85
MGM,MGM Resorts International,35.34,-42,0,-1,0,-43,-56,13,11,-10,-42,-85
ASTS,AST SpaceMobile,38.37,-48,-4,15,0,-37,-47,-25,14,9,-49,-86
KMX,CarMax,61.26,2,0,-23,-37,-58,-11,11,-27,-1,-28,-86
RNG,RingCentral,31.25,1,21,-30,-42,-50,-12,18,4,-46,-36,-86
UHAL,U-Haul,58.67,0,-32,-19,0,-51,2,-27,-32,21,-36,-87
DOW,Dow Inc.,25.01,7,0,-47,-2,-42,14,10,-62,-9,-47,-89
EEFT,Euronet Worldwide,91.34,0,-31,-7,-4,-42,-26,-31,-4,14,-47,-89
PRMB,Primo Brands,24.32,-28,-71,-2,23,-78,-20,3,-14,19,-12,-90
WLK,Westlake Corporation,89.56,3,21,-44,0,-20,-21,14,-56,-7,-70,-90
KDP,Keurig Dr Pepper,27.57,-91,-13,-3,0,-107,2,-7,22,-1,16,-91
MORN,"Morningstar, Inc.",256.95,-14,-30,-24,29,-39,-26,-43,-2,19,-52,-91
FMC,FMC Corporation,38.19,1,-10,-44,-25,-78,3,4,6,-27,-14,-92
EL,Estée Lauder Companies (The),86.8,-28,0,0,-27,-55,-12,-1,12,-36,-37,-92
GIS,General Mills,50.62,13,0,-45,-5,-37,4,1,-41,-20,-56,-93
ODFL,Old Dominion Freight Line,149.34,6,-31,-30,0,-55,2,-5,-35,-2,-40,-95
CIVI,Civitas Resources,32.85,-32,23,-59,-1,-69,-41,21,3,-10,-27,-96
TAP,Molson Coors,49.13,-28,-2,-17,0,-47,-24,-4,-18,-4,-50,-97
IAC,IAC Inc.,36.75,0,-27,-6,-32,-65,2,6,-1,-39,-32,-97
SMG,Scotts Miracle-Gro Company,61.73,-14,-10,-26,-40,-90,-21,5,10,-2,-8,-98
TECH,Bio-Techne,53.21,-12,0,-31,-25,-68,-5,13,-31,-7,-30,-98
BIRK,Birkenstock,47.4,-56,-5,-3,0,-64,-26,-3,-5,0,-34,-98
HAL,Halliburton,22.32,12,11,-67,-1,-45,14,9,-66,-10,-53,-98
ONON,On Holding AG,43.27,-21,-30,-3,0,-54,-19,-61,14,21,-45,-99
CBSH,Commerce Bancshares,60.11,-49,-27,0,12,-64,-61,-2,14,14,-35,-99
OKTA,"Okta, Inc.",91.93,0,-66,-2,-25,-93,-5,-2,-7,7,-7,-100
BBWI,"Bath & Body Works, Inc.",27.87,-30,-4,-29,-16,-79,-28,10,3,-7,-22,-101
NWL,Newell Brands,6.09,-9,14,-31,-32,-58,-21,12,2,-37,-44,-102
TW,Tradeweb,119.6,-42,-26,-2,1,-69,-34,-22,-3,24,-35,-104
TREX,"Trex Company, Inc.",62.27,-16,0,-58,-14,-88,-20,5,6,-7,-16,-104
COO,Cooper Companies (The),68.45,2,-10,-31,-6,-45,-14,-5,-36,-4,-59,-104
NKE,"Nike, Inc.",74.32,-61,0,-2,-22,-85,10,-3,11,-37,-19,-104
KNX,Knight-Swift,42.95,-34,-13,-29,-3,-79,-26,9,4,-14,-27,-106
RGEN,Repligen,119.44,0,-4,-20,-18,-42,3,-5,-24,-38,-64,-106
SBUX,Starbucks,82.38,-49,-7,-5,0,-61,-41,-15,2,8,-46,-107
CMCSA,Comcast,33.39,-16,-32,-39,-10,-97,-6,11,-6,-9,-10,-107
CE,Celanese,46.88,0,-24,-47,-11,-82,-20,5,-1,-10,-26,-108
MKC,McCormick & Company,69.82,-1,-46,-10,-3,-60,2,-45,-18,11,-50,-110
CLVT,Clarivate,4.38,7,5,-81,-7,-76,-12,14,7,-43,-34,-110
PCTY,Paylocity,171.92,-55,-13,-2,-4,-74,-26,-17,-1,6,-38,-112
CRL,Charles River Laboratories,159.76,-21,0,-58,-27,-106,-12,5,10,-9,-6,-112
FIS,Fidelity National Information Services,67.7,-15,-27,-6,-38,-86,-8,-29,-1,12,-26,-112
DAR,Darling Ingredients,31.93,-52,-12,-10,-21,-95,4,-2,12,-31,-17,-112
ZTS,Zoetis,150.82,-56,-3,-39,-4,-102,5,-4,-6,-6,-11,-113
IRDM,Iridium Communications,18.39,-28,-30,-8,-20,-86,-25,7,11,-20,-27,-113
JBHT,J. B. Hunt,141.45,-32,-10,-35,0,-77,-26,-3,4,-11,-36,-113
MRNA,Moderna,25.38,7,-26,-59,-5,-83,35,-27,1,-40,-31,-114
JKHY,Jack Henry & Associates,161.39,-14,-30,-7,0,-51,-7,-61,-7,12,-63,-114
RARE,Ultragenyx,31.18,0,0,-31,-39,-70,-20,18,-39,-4,-45,-115
AVTR,Avantor,13.01,-28,1,-33,0,-60,-20,15,-44,-6,-55,-115
KHC,Kraft Heinz,26.5,-16,-4,-46,-1,-67,2,-22,-18,-11,-49,-116
FDS,FactSet,370.18,-14,-38,-9,0,-61,-13,-34,-7,-2,-56,-117
TTD,Trade Desk (The),45.22,-42,-24,-31,-2,-99,-9,-16,5,-1,-21,-120
ZBH,Zimmer Biomet,104.25,-33,25,-1,-18,-27,-26,20,-68,-19,-93,-120
UHAL-B,U-Haul (Series N),53.55,7,-32,-27,0,-52,4,-31,-41,-2,-70,-122
OLED,Universal Display Corporation,138.17,-14,-17,-41,-2,-74,-17,-41,14,-6,-50,-124
ADBE,Adobe Inc.,350.87,27,-46,-40,-7,-66,-5,-3,-44,-6,-58,-124
PYPL,PayPal,67.25,-34,-20,-7,-40,-101,-18,-24,7,10,-25,-126
IEX,IDEX Corporation,164.43,1,-31,-32,-3,-65,-21,-2,-32,-7,-62,-127
CHTR,Charter Communications,263.82,2,-34,-8,-37,-77,-2,-39,-8,-2,-51,-128
CNC,Centene,34.1,20,-78,-48,-12,-118,19,15,-17,-29,-12,-130
ABNB,Airbnb,123.05,-49,-25,-7,0,-81,-54,6,4,-6,-50,-131
LYB,LyondellBasell,55.44,2,-29,-48,-6,-81,10,10,-62,-8,-50,-131
LSTR,Landstar,132.41,-14,-32,-39,-1,-86,2,7,-46,-8,-45,-131
AAL,American Airlines Group,12.97,-27,53,-25,-77,-76,-39,20,3,-40,-56,-132
CZR,Caesars Entertainment,25.9,-1,-30,-30,-26,-87,-16,5,2,-38,-47,-134
TDC,Teradata,21.55,17,0,-83,-18,-84,3,-38,-1,-17,-53,-137
FRPT,Freshpet,53.19,-14,-62,-28,-7,-111,-5,-19,-24,20,-28,-139
ILMN,"Illumina, Inc.",99.39,7,0,-32,-41,-66,-15,-24,6,-41,-74,-140
EMN,Eastman Chemical Company,67.92,-21,-33,-25,-2,-81,-26,9,-39,-3,-59,-140
REGN,Regeneron Pharmaceuticals,567.81,-69,22,-45,0,-92,3,-4,-46,-5,-52,-144
SAM,Boston Beer Company,219.93,-14,7,-39,-38,-84,-16,35,-35,-45,-61,-145
DHR,Danaher Corporation,195.14,-78,-3,-33,-1,-115,-26,-6,7,-5,-30,-145
CHDN,Churchill Downs Incorporated,98.82,-56,-9,-35,0,-100,-26,-26,6,-2,-48,-148
ACN,Accenture,244.05,-49,-46,-27,-1,-123,-26,4,-23,20,-25,-148
DJT,Trump Media & Technology Group,16.91,0,-72,-60,0,-132,23,-3,-28,-10,-18,-150
BAX,Baxter International,24.49,21,-46,-27,-39,-91,-5,5,-18,-42,-60,-151
CAVA,Cava Group,64.35,-56,-21,-18,0,-95,-5,-25,-32,3,-59,-154
DG,Dollar General,105.4,-105,-1,0,-18,-124,-19,-10,26,-27,-30,-154
HUN,Huntsman Corporation,11.14,0,5,-49,-16,-60,-26,10,-44,-34,-94,-154
IFF,International Flavors & Fragrances,66.35,2,-31,-27,-32,-88,2,-27,-39,-2,-66,-154
ACHC,Acadia Healthcare,22.3,-14,-2,-52,-12,-80,-26,15,-46,-17,-74,-154
ENPH,Enphase Energy,37.29,-1,0,-50,-21,-72,-12,11,-57,-25,-83,-155
RVTY,Revvity,85.67,0,-31,-24,-25,-80,-15,-36,-29,4,-76,-156
ACI,Albertsons,18.72,-56,-42,-1,0,-99,-47,-4,-7,1,-57,-156
GPK,Graphic Packaging,21.08,-84,-10,-23,0,-117,1,-7,-36,-1,-43,-160
SRPT,Sarepta Therapeutics,17.91,-28,0,-33,-8,-69,-31,-4,-54,-7,-96,-165
WU,Western Union,8.48,-14,0,-27,-47,-88,-24,14,-62,-6,-78,-166
SLGN,Silgan Holdings,44.52,-56,-31,-7,0,-94,-54,-31,-1,14,-72,-166
MTN,Vail Resorts,147.46,-33,-5,-37,-24,-99,-53,13,10,-37,-67,-166
CHH,Choice Hotels,115.13,-70,-26,-7,0,-103,-32,-27,-21,15,-65,-168
CROX,Crocs,80.91,-25,-25,-46,-2,-98,-32,-29,-8,-6,-75,-173
HRL,Hormel Foods,25.42,-14,-40,-14,-24,-92,-14,-36,-1,-31,-82,-174
CMG,Chipotle Mexican Grill,38.96,-83,-35,-10,81,-47,-83,-36,-8,-1,-128,-175
DXC,DXC Technology,14.55,0,1,-29,-74,-102,-16,14,-36,-35,-73,-175
BRKR,Bruker,32.06,6,-30,-64,-9,-97,24,-28,-68,-10,-82,-179
DV,DoubleVerify,13.94,-42,-3,-74,0,-119,-54,-5,3,-11,-67,-186
ALGN,Align Technology,135.91,-2,-30,-71,-26,-129,-8,-4,-7,-39,-58,-187
MKTX,MarketAxess,188.42,7,-34,-32,-30,-89,1,-49,-6,-45,-99,-188
TGT,Target Corporation,91.5,-112,-10,-35,-12,-169,2,-16,2,-7,-19,-188
EPAM,EPAM Systems,157.76,-38,-2,-30,-28,-98,-48,17,-21,-38,-90,-188
LULU,Lululemon Athletica,165.79,-35,-67,-15,-4,-121,-27,-5,-24,-13,-69,-190
WSC,WillScot Mobile Mini,23.53,-56,-29,-69,-7,-161,3,-23,2,-13,-31,-192
FLO,Flowers Foods,14.26,-16,-19,-41,-9,-85,-12,-12,-61,-24,-109,-194
UA,Under Armour (Class C),4.91,-21,-24,-32,-38,-115,-26,-26,10,-38,-80,-195
ALB,Albemarle Corporation,75.06,-21,1,-132,-24,-176,-26,23,8,-26,-21,-197
UAA,Under Armour (Class A),5.02,-16,-24,-32,-45,-117,-26,-26,9,-38,-81,-198
BRBR,BellRing Brands,37.29,-31,-89,-17,0,-137,2,-81,-23,28,-74,-211
BMRN,BioMarin Pharmaceutical,55.92,-42,-4,-54,-21,-121,-40,-18,-19,-23,-100,-221
XRAY,Dentsply Sirona,13.93,-15,-30,-85,-43,-173,-19,5,3,-41,-52,-225
COTY,Coty,4.13,0,-17,-68,-8,-93,-26,-29,-70,-10,-135,-228
WEN,Wendy's Company (The),9.9,-56,-55,-41,-9,-161,-21,-2,-36,-16,-75,-236
GFS,GlobalFoundries,32.15,-61,-27,-86,0,-174,-26,-31,4,-18,-71,-245
MAN,ManpowerGroup,39.57,-71,-12,-50,-29,-162,1,-4,-50,-37,-90,-252
INSP,Inspire Medical Systems,82.79,-49,-82,-27,-7,-165,-47,2,-32,-18,-95,-260
RHI,Robert Half,36.4,-28,-159,-33,-10,-230,1,9,-31,-33,-54,-284
RYAN,Ryan Specialty,51.7,-95,-55,-7,0,-157,-91,-61,-13,26,-139,-296
UPS,United Parcel Service,84.64,-70,-32,-110,-17,-229,-7,-4,-38,-35,-84,-313
BF-A,Brown–Forman (Class A),28.03,-70,-4,-106,-19,-199,-61,-1,-46,-25,-133,-332
STZ,Constellation Brands,142.91,-134,-13,-49,-4,-200,-48,-16,-65,-9,-138,-338
GLOB,Globant,58.48,-94,-81,-30,-8,-213,-61,-29,-30,-8,-128,-341
PRGO,Perrigo,22.55,-55,-26,-6,-114,-201,-82,1,-6,-56,-143,-344
BF-B,Brown–Forman (Class B),27.44,-84,-7,-107,-19,-217,-61,-1,-39,-29,-130,-347
COLD,Americold,13.61,-69,-113,-45,-12,-239,-28,-55,-45,-16,-144,-383
