Symbol,Name,Close,1H Cloud Score,1D Cloud Score,1W Cloud Score,1M Cloud Score,Cloud Score Sum,1H TKx Score,1D TKx Score,1W TKx Score,1M TKx Score,TKx Score Sum,Total Score Sum
TJX,TJX Companies,142.36,0,58,158,200,416,-3,1,127,195,320,736
COOP,Mr. Cooper Group,210.79,-7,100,126,60,279,11,99,124,58,292,571
COR,Cencora,328.55,79,38,54,77,248,87,47,65,70,269,517
AAPL,Apple Inc.,259.58,31,82,8,253,374,-5,50,12,73,130,504
WRB,W. R. Berkley Corporation,75.25,0,41,104,178,323,12,54,34,57,157,480
BSX,Boston Scientific,102.39,49,-1,154,146,348,47,4,20,59,130,478
ORLY,O'Reilly Auto Parts,98.31,-36,-1,173,201,337,-7,-9,64,91,139,476
ORI,Old Republic International,40.73,-7,52,157,60,262,17,-1,127,57,200,462
RL,Ralph Lauren Corporation,336.3,41,117,104,36,298,49,46,20,28,143,441
RTX,RTX Corporation,179.42,21,114,87,56,278,28,23,94,16,161,439
GD,General Dynamics,341.5,21,137,18,56,232,23,92,20,59,194,426
APH,Amphenol,135.34,14,128,29,67,238,6,130,20,29,185,423
ROL,"Rollins, Inc.",56.8,5,-7,41,288,327,23,-6,33,37,87,414
PLTR,Palantir Technologies,180.5,6,128,126,0,260,1,-1,129,22,151,411
L,Loews Corporation,99.94,0,115,122,57,294,17,50,20,26,113,407
GOOG,Alphabet (Class C),253.74,54,104,17,178,353,11,6,14,23,54,407
GOOGL,Alphabet (Class A),253.07,54,104,18,178,354,11,1,15,23,50,404
WELL,Welltower,176.09,37,9,126,60,232,7,-8,143,26,168,400
FIX,Comfort Systems USA,825.36,-2,118,27,66,209,-19,130,20,57,188,397
HWM,Howmet Aerospace,200.1,7,32,158,31,228,1,3,102,59,165,393
CASY,Casey's,532.47,-20,0,123,89,192,-38,30,127,80,199,391
ETR,Entergy,95.67,-2,25,86,139,248,2,24,99,16,141,389
CDNS,Cadence Design Systems,337.36,5,-10,27,143,165,26,-13,20,182,215,380
LOPE,Grand Canyon Education,220.59,25,55,157,37,274,22,1,44,36,103,377
MPWR,Monolithic Power Systems,1070.2,7,115,13,159,294,1,59,20,2,82,376
RBC,RBC Bearings,407.46,28,2,103,166,299,27,-38,24,59,72,371
SO,Southern Company,96.14,-20,15,86,192,273,-33,16,33,81,97,370
EHC,Encompass Health,126.44,35,49,153,31,268,47,-10,34,31,102,370
MCD,McDonald's,307.05,57,0,2,244,303,-3,2,8,59,66,369
MDU,MDU Resources,19.68,175,23,5,60,263,25,25,20,32,102,365
TIGO,Millicom,47.49,10,195,87,4,296,5,12,34,18,69,365
NRG,NRG Energy,163.82,-21,30,113,96,218,-29,29,123,23,146,364
DTE,DTE Energy,141.52,-1,23,84,191,297,-5,20,37,15,67,364
MA,Mastercard,573.85,21,0,136,157,314,26,-28,20,28,46,360
CRS,Carpenter Technology Corporation,300.29,7,1,156,37,201,24,1,81,51,157,358
ACM,AECOM,132.51,6,121,26,67,220,-7,50,20,74,137,357
IBM,IBM,285.0,5,26,119,56,206,28,-1,66,58,151,357
KLAC,KLA Corporation,1159.18,43,34,24,179,280,1,28,20,28,77,357
MCK,McKesson Corporation,793.18,75,26,52,60,213,26,43,2,69,140,353
DUK,Duke Energy,127.23,0,15,86,185,286,-1,17,32,18,66,352
J,Jacobs Solutions,160.8,54,113,16,108,291,-5,24,17,21,57,348
V,Visa Inc.,345.98,17,4,147,135,303,22,-3,-3,28,44,347
LLY,Lilly (Eli),821.08,0,20,1,174,195,12,37,2,98,149,344
YUM,Yum! Brands,146.36,28,0,1,261,290,-3,-10,4,59,50,340
MNST,Monster Beverage,69.88,2,54,36,182,274,2,28,29,6,65,339
WMT,Walmart,106.86,0,39,137,103,279,2,7,20,31,60,339
COST,Costco,942.29,4,-26,0,182,160,-1,4,-12,186,177,337
ATO,Atmos Energy,175.75,-7,55,84,47,179,-7,17,95,47,152,331
AWI,Armstrong World Industries,203.07,32,122,104,23,281,-5,12,20,21,48,329
MEDP,Medpace,596.95,41,89,14,34,178,33,99,14,4,150,328
MSI,Motorola Solutions,444.85,-3,-7,11,155,156,-6,-21,11,187,171,327
HCA,HCA Healthcare,440.17,32,54,13,99,198,47,22,26,31,126,324
EME,Emcor,696.47,6,115,27,60,208,3,34,18,59,114,322
KO,Coca-Cola Company (The),69.95,60,3,4,184,251,54,9,-8,16,71,322
NI,NiSource,43.86,5,22,84,47,158,22,22,99,16,159,317
CW,Curtiss-Wright,558.3,5,123,29,56,213,1,31,20,51,103,316
WDC,Western Digital,125.71,6,115,22,20,163,1,126,20,5,152,315
PPL,PPL Corporation,37.37,-1,73,86,25,183,-2,19,98,16,131,314
DDS,Dillard's,600.52,-1,97,24,56,176,13,51,17,57,138,314
GRMN,Garmin,250.16,0,88,122,21,231,-5,49,16,23,83,314
AAON,AAON,101.74,2,26,0,247,275,-7,44,2,-1,38,313
THC,Tenet Healthcare,206.87,34,52,24,59,169,49,49,18,26,142,311
CTAS,Cintas,192.37,21,-49,-3,169,138,-2,-11,-3,189,173,311
HEI,HEICO (Common),317.6,7,-11,35,191,222,22,-19,26,59,88,310
DCI,Donaldson Company,83.35,43,67,12,67,189,-5,74,20,32,121,310
GLW,Corning Inc.,85.82,5,114,29,19,167,-13,121,18,16,142,309
MLI,Mueller Industries,104.21,28,87,17,60,192,24,1,18,73,116,308
FYBR,Frontier Communications,37.56,34,53,99,0,186,6,-7,104,16,119,305
EVRG,Evergy,77.86,-1,96,68,16,179,-1,24,87,12,122,301
SRE,Sempra,91.81,-1,70,10,183,262,-5,25,18,1,39,301
AYI,Acuity Brands,370.88,5,91,14,29,139,3,120,16,22,161,300
MS,Morgan Stanley,159.31,0,115,86,66,267,-14,7,20,18,31,298
AVGO,Broadcom,344.35,0,118,29,118,265,-21,1,20,32,32,297
BK,BNY Mellon,106.66,5,117,104,42,268,-7,-5,20,21,29,297
CNP,Centerpoint Energy,39.83,3,69,59,47,178,21,27,53,17,118,296
TPR,"Tapestry, Inc.",114.89,0,115,90,23,228,-5,32,18,21,66,294
CACI,CACI,584.82,28,20,12,156,216,25,27,24,1,77,293
WM,"Waste Management, Inc.",216.12,1,-44,0,189,146,-4,-7,-4,161,146,292
NVT,nVent Electric,100.6,3,115,18,14,150,2,128,18,-7,141,291
PANW,Palo Alto Networks,215.09,21,35,9,83,148,28,36,20,59,143,291
JPM,JPMorgan Chase,294.45,-23,-2,133,160,268,-18,-8,20,28,22,290
GE,GE Aerospace,306.4,7,126,29,29,191,-12,37,40,31,96,287
STE,Steris,241.89,31,0,24,197,252,-4,-21,32,27,34,286
CAT,Caterpillar Inc.,520.4,0,114,18,66,198,-28,39,18,59,88,286
AM,Antero Midstream,17.84,-22,0,158,25,161,-13,-8,88,57,124,285
INTU,Intuit,677.77,27,0,27,193,247,28,-10,-2,22,38,285
MSFT,Microsoft,520.67,14,0,26,175,215,26,-4,20,27,69,284
CME,CME Group,268.85,13,0,64,138,215,26,19,-2,21,64,279
JNJ,Johnson & Johnson,192.48,145,81,18,9,253,-13,16,15,8,26,279
ITW,Illinois Tool Works,257.41,24,-12,12,180,204,47,-22,17,31,73,277
AXP,American Express,354.95,35,44,27,101,207,28,1,18,23,70,277
TRV,Travelers Companies (The),269.14,3,0,101,60,164,24,-3,34,58,113,277
CAH,Cardinal Health,159.15,30,20,65,40,155,26,34,2,59,121,276
AME,Ametek,189.22,34,1,14,108,157,-6,1,20,103,118,275
PTC,PTC Inc.,204.67,36,0,16,184,236,-10,1,17,28,36,272
GWRE,Guidewire Software,252.47,75,6,120,23,224,-1,4,20,22,45,269
WEC,WEC Energy Group,115.92,-1,71,65,15,150,-1,28,78,13,118,268
ROIV,Roivant Sciences,18.12,62,52,11,0,125,53,68,20,2,143,268
INSM,Insmed,160.09,-13,95,74,18,174,-13,65,20,22,94,268
NEM,Newmont,88.88,-21,139,29,7,154,-29,101,29,12,113,267
CBRE,CBRE Group,164.16,49,2,102,24,177,55,1,18,16,90,267
CRH,CRH plc,117.87,-2,69,17,66,150,-5,78,14,29,116,266
HUBB,Hubbell Incorporated,433.11,7,0,11,184,202,-5,-21,16,73,63,265
MMC,Marsh McLennan,188.03,-42,-6,-13,177,116,-9,-1,-21,180,149,265
ANET,Arista Networks,152.8,7,100,17,60,184,8,-1,16,58,81,265
EBAY,eBay,95.53,42,4,87,16,149,-2,7,92,18,115,264
TDG,TransDigm Group,1349.8,24,0,7,159,190,25,-8,-3,59,73,263
AXON,Axon Enterprise,716.89,10,-31,155,96,230,23,-22,-1,32,32,262
LRCX,Lam Research,147.56,7,37,19,154,217,1,29,20,-7,43,260
SCI,Service Corporation International,81.3,-7,31,7,177,208,-6,25,18,15,52,260
FLEX,Flex Ltd.,63.9,7,44,28,60,139,4,37,20,59,120,259
HII,Huntington Ingalls Industries,290.01,7,154,18,8,187,22,34,26,-11,71,258
RBA,RB Global,101.8,0,-21,114,29,122,14,-16,117,21,136,258
VTR,"Ventas, Inc.",69.96,42,71,82,24,219,-11,18,14,17,38,257
AZO,AutoZone,3847.34,-38,-4,104,88,150,-4,-12,64,59,107,257
BR,Broadridge Financial Solutions,232.2,2,-29,124,147,244,21,-37,-2,27,9,253
OGE,OGE Energy,46.17,-1,20,78,47,144,-7,21,78,16,108,252
LYV,Live Nation Entertainment,153.29,-1,-12,104,149,240,-5,-20,19,18,12,252
CBOE,Cboe Global Markets,237.26,-42,-4,154,57,165,5,-4,32,53,86,251
PNR,Pentair,110.69,3,115,19,64,201,12,-6,18,26,50,251
HEI-A,HEICO (Class A),247.45,0,-11,36,184,209,-7,-12,27,32,40,249
WMB,Williams Companies,58.92,-22,26,122,54,180,-13,-1,20,59,65,245
TT,Trane Technologies,415.83,-14,0,26,166,178,-5,18,20,31,64,242
ABBV,AbbVie,228.26,-2,67,27,60,152,11,-2,13,66,88,240
SPOT,Spotify,673.77,0,-2,122,14,134,-11,-12,105,22,104,238
PWR,Quanta Services,427.33,-14,22,27,101,136,-21,26,20,74,99,235
XYL,Xylem Inc.,147.7,7,115,18,24,164,1,24,20,24,69,233
ORCL,Oracle Corporation,280.07,-28,-4,21,200,189,2,-7,20,29,44,233
SYK,Stryker Corporation,383.13,36,-1,3,161,199,-1,5,-1,31,34,233
HOOD,Robinhood Markets,134.35,0,117,91,0,208,-14,-1,20,20,25,233
FERG,Ferguson Enterprises,245.0,63,16,21,67,167,-2,20,20,27,65,232
AU,AngloGold Ashanti,68.61,-21,59,86,20,144,-30,68,34,16,88,232
ADI,Analog Devices,243.31,9,1,21,181,212,-11,-20,20,28,17,229
LIN,Linde plc,450.1,-2,-11,23,112,122,-4,-17,20,108,107,229
AMGN,Amgen,292.99,-7,17,2,167,179,-7,11,8,38,50,229
SNDK,SanDisk,167.16,63,48,0,0,111,55,50,12,0,117,228
SPG,Simon Property Group,178.7,20,84,11,37,152,43,-8,18,23,76,228
AGNC,AGNC Investment,10.09,15,100,21,18,154,26,11,18,19,74,228
ELAN,Elanco,21.76,35,118,12,0,165,1,50,19,-8,62,227
DRS,Leonardo DRS,40.54,-4,-7,149,60,198,1,-2,-1,31,29,227
AMAT,Applied Materials,228.41,7,26,5,151,189,1,26,18,-7,38,227
DGX,Quest Diagnostics,183.26,-14,54,78,20,138,-12,5,78,16,87,225
TER,Teradyne,144.99,7,86,5,4,102,1,116,13,-7,123,225
SNA,Snap-on,346.75,4,36,8,61,109,14,30,13,59,116,225
IDA,Idacorp,134.87,-6,84,66,20,164,-11,23,36,12,60,224
BWXT,BWX Technologies,199.92,-14,113,23,37,159,-13,25,20,33,65,224
CHD,Church & Dwight,86.71,-7,-63,-26,346,250,-4,-26,-24,27,-27,223
LHX,L3Harris,293.28,0,137,22,7,166,21,-2,22,16,57,223
EXAS,Exact Sciences,64.85,128,35,3,-27,139,54,43,3,-18,82,221
RJF,Raymond James Financial,165.0,5,0,102,60,167,25,-10,17,21,53,220
ALL,Allstate,194.45,-77,-7,107,161,184,2,-6,21,19,36,220
VMI,Valmont Industries,411.24,7,20,72,60,159,12,20,17,12,61,220
LMT,Lockheed Martin,488.09,-21,41,0,167,187,-12,43,5,-4,32,219
CINF,Cincinnati Financial,155.7,0,5,95,64,164,20,-4,20,17,53,217
PSTG,Pure Storage,93.63,5,45,9,44,103,1,37,16,59,113,216
SNX,TD Synnex,153.46,-18,115,25,65,187,-10,-2,18,23,29,216
NVDA,Nvidia,182.2,0,26,24,136,186,-17,-1,20,28,30,216
NOC,Northrop Grumman,605.79,0,82,20,60,162,12,-1,27,14,52,214
CIEN,Ciena,172.56,7,115,19,14,155,-14,37,18,18,59,214
XEL,Xcel Energy,80.4,-21,71,61,14,125,-32,40,69,11,88,213
CSL,Carlisle Companies,338.5,28,-30,-7,180,171,22,1,-4,22,41,212
RCL,Royal Caribbean Group,316.86,18,-12,131,30,167,20,-25,20,29,44,211
LDOS,Leidos,191.37,7,127,12,25,171,-2,-2,23,21,40,211
IBKR,Interactive Brokers,67.17,-50,26,99,59,134,1,-1,18,59,77,211
UI,Ubiquiti,715.57,0,44,62,12,118,-21,79,20,12,90,208
ATI,ATI Inc.,89.56,7,1,26,45,79,21,34,20,54,129,208
EXPE,Expedia Group,215.65,-2,88,59,13,158,22,-5,16,16,49,207
UHS,Universal Health Services,208.58,31,47,2,24,104,47,51,4,1,103,207
AJG,Arthur J. Gallagher & Co.,282.48,-77,-7,-2,188,102,14,-6,-12,109,105,207
PCAR,Paccar,99.4,28,0,-32,161,157,25,-18,7,36,50,207
UNP,Union Pacific Corporation,219.99,-8,0,-1,200,191,-9,-1,5,21,16,207
BLD,TopBuild,449.58,88,12,12,48,160,22,7,16,1,46,206
CMI,Cummins,417.69,0,87,15,67,169,-6,-5,16,32,37,206
APP,AppLovin,589.92,0,60,115,0,175,3,-9,16,20,30,205
RSG,Republic Services,223.12,4,-61,0,179,122,18,-86,-11,162,83,205
TTWO,Take-Two Interactive,254.5,-13,38,55,15,95,-13,45,55,22,109,204
ETN,Eaton Corporation,372.43,-21,1,18,116,114,-5,-1,18,74,86,200
NTRA,Natera,195.0,84,46,11,20,161,1,7,10,21,39,200
HD,Home Depot (The),385.0,0,-1,11,182,192,-7,-18,12,21,8,200
CRWD,CrowdStrike,522.11,23,26,55,0,104,26,27,20,22,95,199
POST,Post Holdings,108.19,21,2,-8,89,104,24,10,1,59,94,198
VRTX,Vertex Pharmaceuticals,422.68,35,0,-12,106,129,33,13,-16,39,69,198
BYD,Boyd Gaming,84.95,13,1,58,61,133,23,-7,20,29,65,198
FTAI,FTAI Aviation,178.33,9,61,13,49,132,24,-9,16,33,64,196
THG,Hanover Insurance,174.44,0,0,71,26,97,23,-3,63,16,99,196
ITT,ITT Inc.,175.47,3,1,26,101,131,26,-10,20,28,64,195
STAG,STAG Industrial,38.67,62,9,4,98,173,-2,9,20,-6,21,194
H,Hyatt Hotels,148.31,28,20,7,57,112,-3,12,16,57,82,194
JCI,Johnson Controls,110.53,7,8,85,21,121,-5,37,20,20,72,193
SOFI,SoFi,28.06,7,107,56,0,170,-7,-1,18,13,23,193
RPRX,Royalty Pharma,36.86,45,8,42,0,95,48,11,36,2,97,192
MMM,3M,171.6,26,3,84,16,129,26,1,20,16,63,192
LNT,Alliant Energy,68.62,11,23,78,16,128,7,17,20,15,59,187
A,Agilent Technologies,147.46,43,41,4,1,89,47,47,11,-7,98,187
AMG,Affiliated Managers Group,238.95,3,121,21,24,169,-10,-12,20,19,17,186
CLH,Clean Harbors,243.61,35,1,11,60,107,-7,6,20,59,78,185
HON,Honeywell,220.77,24,0,1,180,205,21,-62,-3,24,-20,185
STLD,Steel Dynamics,150.73,28,29,10,57,124,-3,43,20,1,61,185
BRX,Brixmor Property Group,27.97,35,5,10,57,107,28,1,20,28,77,184
MO,Altria,64.57,-3,0,80,47,124,7,-1,36,18,60,184
DOV,Dover Corporation,181.23,42,0,0,108,150,47,-31,-3,21,34,184
PGR,Progressive Corporation,220.57,-74,-95,-3,179,7,7,-9,-13,191,176,183
CSCO,Cisco,70.28,36,7,58,16,117,1,18,20,27,66,183
PH,Parker Hannifin,765.74,21,1,27,67,116,26,-11,20,32,67,183
AEE,Ameren,104.31,-2,23,66,15,102,-19,17,71,12,81,183
LITE,Lumentum,168.56,6,113,24,5,148,3,1,18,12,34,182
CMA,Comerica,77.22,4,89,17,6,116,20,15,17,14,66,182
ARMK,Aramark,39.89,7,0,25,42,74,18,12,20,58,108,182
D,Dominion Energy,60.67,-8,113,24,3,132,-6,23,20,12,49,181
NDAQ,"Nasdaq, Inc.",88.81,-14,-23,86,146,195,-11,-39,20,16,-14,181
SSD,Simpson Manufacturing Company,176.83,41,-2,2,158,199,-6,-26,16,-3,-19,180
WPC,W. P. Carey,67.9,0,112,39,4,155,-12,-6,36,7,25,180
KIM,Kimco Realty,22.19,49,3,4,57,113,53,-21,18,16,66,179
COF,Capital One,220.0,31,0,104,23,158,-2,-18,20,20,20,178
BLK,BlackRock,1124.52,-24,114,27,24,141,-31,25,20,23,37,178
LH,Labcorp,283.9,0,65,65,17,147,-12,4,18,20,30,177
LOW,Lowe's,243.8,0,0,2,168,170,-7,-18,11,21,7,177
HLT,Hilton Worldwide,267.63,17,-1,26,66,108,20,2,18,28,68,176
BKNG,Booking Holdings,5089.23,0,-19,146,37,164,-4,-32,20,28,12,176
UTHR,United Therapeutics,426.21,-47,51,8,59,71,-16,51,8,61,104,175
SF,Stifel,116.56,28,2,18,61,109,26,1,17,22,66,175
PEG,Public Service Enterprise Group,82.74,-1,0,5,154,158,-19,19,-2,19,17,175
AIT,Applied Industrial Technologies,260.0,21,-7,17,60,91,23,-14,16,59,84,175
ALNY,Alnylam Pharmaceuticals,464.13,-13,114,27,17,145,-15,7,20,17,29,174
ES,Eversource Energy,73.9,27,25,25,2,79,42,29,20,4,95,174
EA,Electronic Arts,200.66,5,61,14,9,89,12,23,26,23,84,173
CMS,CMS Energy,74.57,0,14,86,25,125,7,17,8,16,48,173
FAST,Fastenal,42.99,0,-9,59,108,158,-4,-30,23,25,14,172
WFC,Wells Fargo,84.45,0,8,102,31,141,-11,1,20,21,31,172
HR,Healthcare Realty Trust,18.68,56,83,12,2,153,-10,6,12,11,19,172
HIG,Hartford (The),125.27,-77,-6,104,59,80,12,-10,31,58,91,171
TOL,Toll Brothers,136.7,30,0,2,63,95,53,-19,14,28,76,171
INCY,Incyte,89.3,6,101,13,1,121,12,12,16,9,49,170
GILD,Gilead Sciences,120.74,0,13,61,37,111,-8,7,18,41,58,169
MLM,Martin Marietta Materials,619.34,-39,70,16,62,109,-3,12,20,29,58,167
AEP,American Electric Power,116.17,-18,18,83,25,108,-7,16,33,16,58,166
VICI,Vici Properties,31.42,7,-14,68,17,78,22,-26,33,59,88,166
WCC,Wesco International,219.87,4,1,17,60,82,-5,12,18,59,84,166
LPLA,LPL Financial,338.29,49,-40,2,101,112,-5,3,-3,59,54,166
AIZ,Assurant,211.56,-48,0,11,154,117,16,-1,12,21,48,165
USFD,US Foods,75.83,-9,-39,153,37,142,-5,-20,20,28,23,165
NFG,National Fuel Gas,82.11,-21,-3,70,54,100,-21,-8,81,12,64,164
LNG,Cheniere Energy,221.55,-1,-11,70,60,118,16,-27,-2,58,45,163
CXT,Crane NXT,66.52,0,23,5,57,85,-11,15,16,58,78,163
EXC,Exelon,47.6,0,18,65,16,99,30,17,4,12,63,162
ROST,Ross Stores,156.64,2,58,10,37,107,-3,17,9,31,54,161
M,"Macy's, Inc.",18.64,49,81,8,0,138,21,1,9,-8,23,161
MSA,MSA Safety,166.75,0,-11,4,166,159,-6,-5,20,-7,2,161
ARES,Ares Management,148.42,16,-22,0,61,55,20,-22,-1,108,105,160
HRB,H&R Block,52.27,52,3,-11,54,98,12,12,-16,54,62,160
WAT,Waters Corporation,355.76,120,12,1,1,134,-2,11,1,16,26,160
XOM,ExxonMobil,115.98,14,5,7,46,72,27,-10,19,52,88,160
FE,FirstEnergy,46.51,-7,68,16,57,134,-33,22,20,16,25,159
URI,United Rentals,913.9,-7,0,17,66,76,-7,12,18,59,82,158
FR,First Industrial Realty Trust,55.72,54,47,4,16,121,2,1,18,16,37,158
ZS,Zscaler,318.83,12,20,27,7,66,24,28,20,20,92,158
PG,Procter & Gamble,152.25,35,-24,-16,181,176,-4,-18,-24,28,-18,158
IRM,Iron Mountain,103.93,-15,29,6,59,79,-28,28,20,58,78,157
OMF,OneMain Financial,56.35,28,-15,27,62,102,26,-19,20,28,55,157
WWD,"Woodward, Inc.",263.86,7,1,29,37,74,22,12,20,28,82,156
WST,West Pharmaceutical Services,307.33,35,35,1,0,71,48,36,11,-10,85,156
AMD,Advanced Micro Devices,235.01,7,14,8,112,141,-13,16,20,-9,14,155
PLD,Prologis,125.77,49,44,9,1,103,-4,43,20,-7,52,155
MTG,MGIC Investment Corporation,27.43,14,0,29,57,100,21,-16,20,30,55,155
SPGI,S&P Global,482.58,2,-26,1,174,151,20,-38,-1,23,4,155
VMC,Vulcan Materials,292.02,-42,0,16,62,36,-6,75,20,29,118,154
FICO,Fair Isaac,1615.36,-4,1,-3,168,162,1,-4,-38,33,-8,154
AN,AutoNation,208.55,-8,0,27,63,82,-7,-1,20,59,71,153
JBL,Jabil,206.57,3,-15,29,67,84,2,-13,21,59,69,153
EMR,Emerson Electric,133.15,21,0,26,66,113,2,-10,20,28,40,153
IONS,Ionis Pharmaceuticals,71.46,-8,118,11,2,123,-23,43,20,-12,28,151
CR,Crane Co.,192.33,44,1,26,0,71,51,1,20,7,79,150
SHC,Sotera Health,16.9,49,54,11,0,114,28,4,12,-8,36,150
BX,Blackstone Inc.,154.96,-7,-6,2,144,133,-7,-14,15,23,17,150
HLI,Houlihan Lokey,196.88,17,0,27,46,90,23,-12,20,28,59,149
JLL,Jones Lang LaSalle,316.25,54,7,14,16,91,25,1,14,16,56,147
NFLX,Netflix,1113.2,-14,-2,126,22,132,-12,6,-1,22,15,147
NOW,ServiceNow,938.9,28,0,1,84,113,23,-13,-1,24,33,146
KNSL,Kinsale Capital Group,453.56,0,0,0,35,35,17,12,-5,87,111,146
DINO,HF Sinclair,54.85,9,117,10,3,139,8,-11,20,-10,7,146
PFGC,Performance Food Group,101.75,-23,0,63,45,85,-2,-16,20,59,61,146
MAR,Marriott International,269.69,17,3,4,60,84,20,-5,17,29,61,145
FSLR,First Solar,229.04,-21,80,5,64,128,-30,35,20,-8,17,145
FTI,TechnipFMC,40.92,14,1,27,29,71,26,-12,20,39,73,144
FTNT,Fortinet,84.94,1,0,0,115,116,26,-1,-12,15,28,144
KR,Kroger,68.67,0,-41,89,69,117,5,6,-2,17,26,143
AMKR,Amkor Technology,31.98,7,100,2,4,113,-13,36,14,-7,30,143
ECG,Everus Construction Group,87.52,0,113,0,0,113,-12,25,17,0,30,143
IP,International Paper,49.11,56,0,0,18,74,49,5,-4,18,68,142
SHW,Sherwin-Williams,331.78,-7,-25,-3,192,157,-7,-28,-1,21,-15,142
GM,General Motors,66.83,35,8,17,13,73,47,-10,17,15,69,142
JEF,Jefferies Financial Group,54.9,13,-12,-3,60,58,27,-14,11,59,83,141
FOXA,Fox Corporation (Class A),58.81,7,0,78,3,88,28,-9,18,16,53,141
COKE,Coca-Cola Consolidated,127.68,0,18,0,68,86,-11,11,1,54,55,141
TRMB,Trimble Inc.,80.71,24,-11,89,6,108,22,-21,18,14,33,141
VEEV,Veeva Systems,291.66,2,20,55,10,87,16,-3,20,20,53,140
ADP,Automatic Data Processing,281.47,-5,-38,0,182,139,-3,-51,-4,59,1,140
RVMD,Revolution Medicines,53.44,49,35,4,0,88,-10,41,20,1,52,140
WFRD,Weatherford International,70.73,27,86,0,0,113,23,1,10,-7,27,140
O,Realty Income,60.22,35,59,20,9,123,-8,-10,20,15,17,140
SCCO,Southern Copper,128.28,-21,37,8,65,89,-21,50,20,2,51,140
CVX,Chevron Corporation,156.55,35,0,17,50,102,35,-17,11,8,37,139
KRMN,Karman Holdings,81.95,9,52,0,0,61,23,43,12,0,78,139
WTM,White Mountains Insurance Group,1941.01,27,15,3,61,106,-3,8,-30,58,33,139
LECO,Lincoln Electric,242.16,45,1,17,67,130,-2,1,18,-9,8,138
MCO,Moody's Corporation,479.29,0,-26,4,158,136,-5,-38,18,27,2,138
PRI,Primerica,264.63,0,-2,1,110,109,-9,-12,18,32,29,138
SCHW,Charles Schwab Corporation,94.6,0,1,87,13,101,-5,6,20,16,37,138
GWW,W. W. Grainger,964.21,31,-22,-13,96,92,22,-25,-11,59,45,137
ADT,ADT Inc.,8.7,21,3,41,0,65,26,1,35,10,72,137
MSGS,Madison Square Garden Sports,226.22,15,33,7,23,78,21,-4,13,29,59,137
CRUS,Cirrus Logic,131.51,39,52,8,21,120,1,1,20,-5,17,137
MTSI,MACOM Technology Solutions,139.23,8,8,9,60,85,1,1,18,31,51,136
RPM,RPM International,112.32,-11,-17,-5,182,149,-3,-25,17,-2,-13,136
SNPS,Synopsys,456.07,0,-32,0,182,150,2,-5,-4,-7,-14,136
MU,Micron Technology,206.7,7,41,8,24,80,-17,50,20,2,55,135
VRT,Vertiv,183.15,7,26,19,10,62,3,25,17,28,73,135
DKS,Dick's Sporting Goods,227.97,0,9,7,65,81,7,1,10,35,53,134
NLY,Annaly Capital Management,20.9,27,0,28,12,67,26,5,18,18,67,134
AL,Air Lease Corporation,63.61,1,45,27,24,97,1,-13,20,28,36,133
SGI,Somnigroup International,82.92,-30,0,51,66,87,-10,8,20,28,46,133
R,Ryder,160.05,-9,-1,21,58,69,-7,-5,18,58,64,133
BKR,Baker Hughes,48.86,17,4,14,37,72,28,-10,14,28,60,132
FOX,Fox Corporation (Class B),52.81,6,0,77,3,86,27,-9,17,11,46,132
CVNA,Carvana,342.01,0,-10,102,13,105,-6,-7,20,18,25,130
PODD,Insulet,323.52,35,0,55,6,96,-2,4,24,8,34,130
LEN,Lennar (Class A),127.33,35,0,0,66,101,47,-25,11,-5,28,129
CVS,CVS Health,81.07,0,50,20,1,71,-8,54,10,2,58,129
SNOW,Snowflake Inc.,253.08,7,40,25,0,72,20,14,20,3,57,129
MTD,Mettler Toledo,1436.81,42,17,4,1,64,47,10,14,-7,64,128
RKLB,Rocket Lab,63.57,-16,35,59,0,78,-17,37,20,10,50,128
OLLI,Ollie's Bargain Outlet,121.19,-46,-8,125,18,89,-44,-16,73,25,38,127
META,Meta Platforms,734.0,31,-18,27,31,71,28,-16,18,25,55,126
CB,Chubb Limited,283.0,7,1,1,60,69,16,-3,-14,58,57,126
TSCO,Tractor Supply Company,56.35,7,-21,17,87,90,-34,-32,14,87,35,125
NU,Nubank,15.9,10,46,11,0,67,26,-9,20,21,58,125
REG,Regency Centers,72.47,4,5,4,55,68,23,-8,20,21,56,124
BBY,Best Buy,82.39,61,9,2,1,73,-2,49,8,-4,51,124
SSNC,SS&C Technologies,80.87,0,-11,100,16,105,-2,-14,17,17,18,123
NYT,New York Times Company,56.97,36,0,12,18,66,44,-31,20,23,56,122
AON,AON,341.27,-64,-11,-1,179,103,-14,-32,7,58,19,122
EPR,EPR Properties,54.29,-2,-3,67,31,93,-8,-6,20,23,29,122
WAB,Wabtec,197.01,5,0,5,51,61,5,-2,-1,58,60,121
AFL,Aflac,107.56,-48,51,11,60,74,-10,-4,4,57,47,121
BRO,Brown & Brown,88.77,-46,-9,-9,165,101,15,-3,-20,28,20,121
MDT,Medtronic,94.21,-7,82,21,3,99,-5,-1,13,15,22,121
JAZZ,Jazz Pharmaceuticals,138.25,21,55,4,0,80,30,47,5,-41,41,121
NBIX,Neurocrine Biosciences,143.76,33,5,10,27,75,47,-13,17,-6,45,120
ICE,Intercontinental Exchange,157.46,1,-39,0,163,125,19,-45,-2,23,-5,120
CWEN-A,Clearway Energy (Class A),29.63,-21,2,68,8,57,2,17,32,12,63,120
BAC,Bank of America,51.78,9,48,27,20,104,-10,-10,20,16,16,120
EXPD,Expeditors International,118.48,0,-1,2,133,134,-7,-18,16,-5,-14,120
CPRT,Copart,44.68,27,-28,-23,178,154,-5,-27,-33,30,-35,119
ROP,Roper Technologies,480.17,-7,-59,-12,184,106,-3,-1,-11,28,13,119
AXS,AXIS Capital,92.5,-43,-7,96,47,93,2,-28,-3,55,26,119
QCOM,Qualcomm,170.01,31,9,0,24,64,53,-10,18,-7,54,118
CWEN,Clearway Energy (Class C),31.52,-21,2,68,6,55,2,17,32,12,63,118
HAS,Hasbro,77.94,37,1,24,5,67,47,-29,20,13,51,118
TNL,Travel + Leisure Co.,65.14,21,2,19,18,60,23,1,17,16,57,117
LEN-B,Lennar (Class B),119.57,24,-2,0,64,86,48,-25,11,-3,31,117
MPC,Marathon Petroleum,195.95,9,41,9,51,110,2,-6,20,-10,6,116
MKL,Markel,1896.18,-47,-7,78,57,81,-9,-3,18,28,34,115
ADC,Agree Realty,75.14,70,9,3,18,100,-5,4,1,15,15,115
EQIX,Equinix,831.9,19,9,1,36,65,12,28,-18,28,50,115
FFIV,"F5, Inc.",301.79,-43,-6,104,16,71,6,-1,20,19,44,115
WBD,Warner Bros. Discovery,21.24,24,31,22,0,77,17,1,18,2,38,115
PKG,Packaging Corporation of America,213.29,5,1,1,63,70,16,-13,13,28,44,114
VLO,Valero Energy,173.1,9,44,10,46,109,2,-10,19,-7,4,113
VTRS,Viatris,10.3,37,6,2,0,45,49,9,12,-3,67,112
EQT,EQT Corporation,53.56,-2,0,51,44,93,-9,19,-3,12,19,112
PAG,Penske Automotive Group,165.83,-9,-16,25,64,64,-5,-26,20,59,48,112
QGEN,Qiagen,49.34,45,4,22,1,72,3,10,20,7,40,112
FNF,Fidelity National Financial,56.76,15,0,0,60,75,23,-14,5,23,37,112
FRT,Federal Realty Investment Trust,100.78,37,7,2,3,49,53,1,11,-3,62,111
GGG,Graco Inc.,81.63,-8,-25,2,180,149,-9,-27,-1,-2,-39,110
MTZ,MasTec,204.91,0,32,29,20,81,-5,-2,20,15,28,109
INTC,Intel,38.16,6,51,5,0,62,1,50,10,-14,47,109
HHH,Howard Hughes Holdings,81.35,7,55,8,2,72,20,-8,9,16,37,109
AGO,Assured Guaranty,82.51,16,0,-3,58,71,22,-6,-3,24,37,108
MKSI,MKS Instruments,140.59,7,36,7,1,51,1,47,16,-7,57,108
GS,Goldman Sachs,750.82,-80,0,102,60,82,-9,-8,20,23,26,108
FHN,First Horizon Corporation,20.55,-49,-7,62,6,12,21,44,18,12,95,107
DELL,Dell Technologies,154.23,0,19,6,34,59,10,24,20,-6,48,107
PM,Philip Morris International,157.7,0,-29,80,57,108,9,-35,-4,29,-1,107
EXEL,Exelixis,38.06,2,-4,74,16,88,4,-7,-4,26,19,107
SYF,Synchrony Financial,73.21,36,0,27,23,86,1,-18,18,20,21,107
KKR,KKR & Co. Inc.,120.96,0,-21,0,105,84,-2,-14,16,23,23,107
AFG,American Financial Group,133.6,0,0,11,58,69,12,-5,14,16,37,106
TRGP,Targa Resources,156.81,0,-11,-3,53,39,25,-11,-3,56,67,106
PEGA,Pegasystems,65.71,21,3,29,7,60,20,-10,18,17,45,105
EGP,EastGroup Properties,179.4,49,20,4,10,83,-9,18,20,-7,22,105
HOLX,Hologic,73.88,36,7,1,0,44,42,15,13,-9,61,105
NET,Cloudflare,217.12,6,1,49,0,56,16,-8,20,21,49,105
NDSN,Nordson,235.89,31,45,4,3,83,-6,16,20,-9,21,104
COHR,Coherent Corp.,121.52,7,26,8,17,58,-13,25,17,17,46,104
TMO,Thermo Fisher Scientific,570.22,29,18,4,1,52,42,10,5,-5,52,104
GEHC,GE HealthCare,77.26,30,4,1,0,35,49,1,9,10,69,104
DASH,DoorDash,254.63,-39,0,107,0,68,-33,29,20,20,36,104
OHI,Omega Healthcare Investors,40.7,33,0,16,42,91,-12,-24,15,33,12,103
FWONA,Liberty Formula 1 (Series A),89.83,-72,-1,79,64,70,-40,-4,19,58,33,103
MSM,MSC Industrial Direct,89.73,7,0,17,60,84,28,-18,20,-11,19,103
DTM,DT Midstream,106.0,-76,33,113,0,70,-12,-2,20,27,33,103
WSM,"Williams-Sonoma, Inc.",188.44,0,0,18,67,85,-5,-12,12,23,18,103
JBHT,J. B. Hunt,166.74,42,6,2,0,50,43,11,10,-12,52,102
RRC,Range Resources,37.51,0,4,5,44,53,1,-1,-8,57,49,102
BPOP,"Popular, Inc.",114.05,-3,-6,27,61,79,-8,-10,20,21,23,102
ECL,Ecolab,274.95,-1,5,26,24,54,-8,15,20,21,48,102
RGLD,Royal Gold,183.35,-35,0,71,20,56,-31,53,6,18,46,102
EVR,Evercore,316.03,0,0,17,60,77,-9,-13,18,28,24,101
ULTA,Ulta Beauty,524.48,-64,125,22,6,89,2,-2,22,-11,11,100
GTES,Gates Corporation,26.05,7,7,27,17,58,-10,12,20,20,42,100
TKO,TKO Group Holdings,186.84,-86,0,81,42,37,1,-11,20,52,62,99
MAS,Masco,69.5,28,-2,0,67,93,-3,-25,11,23,6,99
TMUS,T-Mobile US,219.99,-14,-21,0,141,106,-13,-30,-1,37,-7,99
UNM,Unum,76.42,1,4,8,42,55,-3,-5,-4,56,44,99
ROK,Rockwell Automation,357.16,45,9,25,17,96,-5,1,20,-13,3,99
TXRH,Texas Roadhouse,176.31,0,0,2,66,68,-7,11,-6,33,31,99
EWBC,East West Bancorp,102.02,13,-7,19,24,49,22,-12,19,21,50,99
HPE,Hewlett Packard Enterprise,23.2,-43,0,11,44,12,17,-3,17,56,87,99
ED,Consolidated Edison,100.76,-7,8,0,49,50,-1,17,-14,47,49,99
LAMR,Lamar Advertising,120.02,4,-1,11,66,80,-3,-20,18,23,18,98
FLS,Flowserve,52.64,24,-11,1,29,43,28,-14,13,27,54,97
CELH,Celsius Holdings,61.96,-4,20,3,67,86,-18,12,28,-11,11,97
F,Ford Motor Company,12.32,21,9,12,0,42,47,-5,20,-7,55,97
CRL,Charles River Laboratories,190.95,42,17,2,-28,33,46,12,16,-10,64,97
IQV,IQVIA,219.89,30,18,4,1,53,28,12,12,-8,44,97
K,Kellanova,83.03,37,19,4,23,83,3,13,-17,15,14,97
XPO,"XPO, Inc.",125.36,-7,-1,4,63,59,-7,-1,17,29,38,97
RS,"Reliance, Inc.",273.7,0,-59,-6,117,52,-7,-24,-5,79,43,95
PHM,PulteGroup,120.84,-21,-3,11,67,54,12,-18,16,31,41,95
WTW,Willis Towers Watson,331.46,-3,0,18,26,41,17,-4,10,31,54,95
PAYX,Paychex,124.76,-9,-61,-6,169,93,-6,3,-11,16,2,95
TECH,Bio-Techne,66.05,42,18,1,-26,35,49,12,5,-8,58,93
TSLA,"Tesla, Inc.",448.99,6,54,8,12,80,-9,-4,14,12,13,93
RGA,Reinsurance Group of America,189.8,0,0,0,42,42,-5,-4,4,55,50,92
KMI,Kinder Morgan,26.26,-7,-1,0,46,38,-12,-6,18,54,54,92
MRVL,Marvell Technology,82.75,-38,22,0,108,92,-33,24,10,-1,0,92
SEIC,SEI Investments Company,81.5,0,-35,102,37,104,-7,-32,-1,28,-12,92
PFG,Principal Financial Group,79.44,0,0,7,57,64,-5,-4,17,20,28,92
STWD,Starwood Property Trust,18.56,-1,-15,28,60,72,-2,-22,20,23,19,91
CCL,Carnival Corporation & plc,29.43,28,-9,27,0,46,24,-20,18,21,43,89
BG,Bunge Global,96.69,49,7,2,1,59,2,15,20,-7,30,89
GAP,Gap Inc.,23.03,32,1,1,20,54,26,1,-13,21,35,89
IVZ,Invesco,22.68,-47,91,17,4,65,-7,-1,17,15,24,89
DLR,Digital Realty,175.39,5,9,7,24,45,7,-6,20,21,42,87
TDY,Teledyne Technologies,536.21,-14,-1,62,16,63,-12,-2,20,17,23,86
GLPI,Gaming and Leisure Properties,45.04,-1,-13,0,67,53,-6,-21,1,59,33,86
NVR,"NVR, Inc.",7678.73,13,-11,0,67,69,-6,-22,13,31,16,85
DD,DuPont,81.3,37,9,4,21,71,1,1,17,-5,14,85
VNOM,Viper Energy,38.01,9,-11,-19,46,25,25,-11,-3,49,60,85
STT,State Street Corporation,114.57,8,4,27,18,57,-4,-3,19,16,28,85
FANG,Diamondback Energy,147.15,7,1,0,49,57,22,-2,14,-7,27,84
CI,Cigna,305.08,27,5,-3,60,89,-2,12,-13,-3,-6,83
DHI,D. R. Horton,158.53,14,0,1,67,82,12,-21,14,-4,1,83
WYNN,Wynn Resorts,125.37,27,1,18,5,51,28,-7,20,-10,31,82
CCK,Crown Holdings,98.97,30,0,27,7,64,44,-38,-2,14,18,82
NWS,News Corp (Class B),30.13,5,-17,1,60,49,22,-9,-3,23,33,82
ZM,Zoom Communications,82.78,28,4,10,-2,40,42,-16,10,6,42,82
CFG,Citizens Financial Group,50.96,7,1,18,6,32,21,-5,17,16,49,81
BEPC,Brookfield Renewable Partners,39.59,0,24,20,0,44,-29,33,20,12,36,80
MRP,Millrose Properties,32.8,36,0,0,0,36,50,-19,13,0,44,80
APO,Apollo Global Management,123.05,-2,-22,-5,99,70,-2,-14,-3,28,9,79
WTFC,Wintrust Financial,126.1,0,-7,19,51,63,-2,-21,18,21,16,79
LYFT,Lyft,20.57,9,49,11,-3,66,-3,-7,20,2,12,78
OSK,Oshkosh Corporation,139.89,7,1,21,6,35,20,1,18,4,43,78
UBER,Uber,94.61,0,1,28,1,30,2,-8,26,28,48,78
PNW,Pinnacle West Capital,92.56,-2,13,4,20,35,2,16,-3,28,43,78
ESAB,ESAB,123.35,54,1,2,0,57,-8,12,-3,19,20,77
INGM,Ingram Micro,21.55,0,32,0,0,32,-7,35,17,0,45,77
USB,U.S. Bancorp,47.81,21,1,10,6,38,21,-16,17,17,39,77
FNB,FNB Corporation,15.33,0,-6,11,57,62,-3,-22,19,21,15,77
AIG,American International Group,78.86,0,-6,0,55,49,14,-2,-10,23,25,74
BC,Brunswick Corporation,70.63,35,5,2,0,42,28,1,14,-11,32,74
MRK,Merck & Co.,87.2,21,18,0,0,39,26,12,5,-8,35,74
LLYVA,Liberty Live (Series A),89.49,35,0,40,0,75,-5,-19,20,2,-2,73
GL,Globe Life,135.63,0,0,55,16,71,-8,-14,14,10,2,73
NSC,Norfolk Southern,283.97,-8,29,21,6,48,-10,-1,20,16,25,73
TFSL,Third Federal S&L,13.39,14,2,13,7,36,22,-26,20,21,37,73
FDX,FedEx,238.18,35,9,0,34,78,-7,-5,12,-6,-6,72
NWSA,News Corp (Class A),26.41,0,-16,-3,60,41,-3,-9,20,23,31,72
HBAN,Huntington Bancshares,15.86,0,-12,19,23,30,20,-16,20,18,42,72
DAL,Delta Air Lines,58.76,-2,0,11,21,30,-7,9,12,28,42,72
LLYVK,Liberty Live (Series C),92.26,35,0,40,0,75,-5,-20,20,2,-3,72
ESI,Element Solutions,25.98,7,1,4,59,71,-9,-4,17,-3,1,72
HAL,Halliburton,27.22,21,41,0,0,62,25,-10,5,-11,9,71
DDOG,Datadog,156.62,0,20,9,0,29,-9,32,17,1,41,70
LAD,Lithia Motors,324.49,10,0,1,16,27,28,-19,11,23,43,70
FAF,First American Financial Corporation,63.55,20,0,1,16,37,26,-21,7,20,32,69
ALGM,Allegro MicroSystems,31.0,49,0,21,0,70,-2,1,18,-18,-1,69
PSX,Phillips 66,135.81,9,2,5,43,59,9,-11,19,-7,10,69
PCOR,Procore,73.51,21,29,1,0,51,-3,-10,10,21,18,69
CLF,Cleveland-Cliffs,13.05,-21,80,1,-18,42,-17,40,13,-10,26,68
ALLY,Ally Financial,41.02,35,0,12,6,53,-5,-16,18,18,15,68
DAY,Dayforce,68.48,6,48,10,-14,50,30,-20,10,-2,18,68
MUSA,Murphy USA,378.6,-1,-4,-23,70,42,2,-18,-39,81,26,68
MP,MP Materials,68.43,-34,16,42,0,24,-40,23,55,6,44,68
NTNX,Nutanix,69.73,7,-8,8,24,31,24,-12,-1,26,37,68
BXP,"BXP, Inc.",73.72,14,3,8,0,25,19,-11,20,15,43,68
TFC,Truist Financial,43.61,14,-10,11,6,21,26,-13,17,16,46,67
ALLE,Allegion,171.21,-7,0,19,23,35,-7,-6,20,24,31,66
APG,APi Group,34.52,-1,-2,28,0,25,-5,-2,20,28,41,66
RBLX,Roblox Corporation,129.23,-14,1,63,0,50,-30,6,26,13,15,65
CUBE,CubeSmart,41.9,56,8,0,3,67,-7,7,2,-4,-2,65
FITB,Fifth Third Bancorp,42.07,0,-7,10,24,27,20,-18,17,18,37,64
AMZN,Amazon,221.09,7,-10,27,23,47,1,-23,17,22,17,64
FLUT,Flutter Entertainment,251.21,48,-19,2,23,54,12,-30,-1,29,10,64
SMCI,Supermicro,47.92,-14,0,0,60,46,-14,28,15,-11,18,64
EXLS,EXL Service,41.32,4,-17,0,67,54,24,-25,-4,15,10,64
EXE,Expand Energy,104.47,10,4,51,0,65,-3,-2,-9,12,-2,63
WBS,Webster Bank,55.8,0,-6,18,16,28,17,-20,18,19,34,62
T,AT&T,24.6,-14,-17,0,18,-13,-26,-20,104,17,75,62
ESS,Essex Property Trust,263.69,27,0,-4,16,39,28,-8,-13,16,23,62
RKT,Rocket Companies,17.6,25,-7,14,0,32,23,-16,19,3,29,61
LAZ,Lazard,49.19,0,-13,12,22,21,27,-19,17,15,40,61
AMP,Ameriprise Financial,478.16,0,-39,0,66,27,-3,-35,-2,73,33,60
BRK-B,Berkshire Hathaway,490.2,-2,0,0,64,62,-10,-5,-15,28,-2,60
WTRG,Essential Utilities,41.31,4,15,16,1,36,-4,17,4,7,24,60
LPX,Louisiana-Pacific,90.76,0,-27,-7,65,31,-7,9,-1,28,29,60
IPGP,IPG Photonics,86.63,8,114,11,-46,87,-9,12,16,-46,-27,60
IR,Ingersoll Rand,80.37,20,0,-3,25,42,26,-5,-2,-2,17,59
KEY,Keycorp,17.51,5,-7,18,6,22,22,-18,18,15,37,59
MDB,MongoDB Inc.,329.9,9,49,8,0,66,-7,-1,12,-11,-7,59
WSO,Watsco,359.17,-10,-59,-13,198,116,-13,-6,-38,-1,-58,58
AWK,American Water Works,142.58,0,6,36,1,43,-12,13,4,10,15,58
BIO,Bio-Rad Laboratories,337.35,60,18,2,-30,50,24,12,11,-39,8,58
CMG,Chipotle Mexican Grill,41.81,0,0,-16,82,66,-6,14,-14,-2,-8,58
FWONK,Liberty Formula 1 (Series C),97.0,-70,-5,80,59,64,-80,-4,20,58,-6,58
GEN,Gen Digital,27.18,17,-29,25,18,31,20,-31,20,18,27,58
LVS,Las Vegas Sands,56.9,20,1,16,4,41,44,-29,17,-16,16,57
EXP,Eagle Materials,234.25,-2,8,-25,59,40,-3,12,10,-2,17,57
WDAY,"Workday, Inc.",243.28,28,27,-20,16,51,26,-2,-14,-4,6,57
ADSK,Autodesk,309.85,8,0,9,16,33,-4,-13,20,21,24,57
CEG,Constellation Energy,365.78,-25,20,26,0,21,-30,25,20,21,36,57
DLTR,Dollar Tree,100.64,63,-34,2,-17,14,27,4,35,-24,42,56
GMED,Globus Medical,62.82,33,5,-25,0,13,47,12,-30,14,43,56
RITM,Rithm Capital,10.82,-1,-21,27,34,39,-5,-26,20,28,17,56
CPNG,Coupang,31.17,-23,34,27,0,38,-13,-8,20,19,18,56
BWA,BorgWarner,43.7,28,8,18,4,58,1,-5,20,-18,-2,56
WMS,Advanced Drainage Systems,142.03,52,1,2,5,60,-6,-14,20,-5,-5,55
DE,Deere & Company,469.53,37,-45,2,111,105,-2,-58,-3,12,-51,54
CTVA,Corteva,63.49,6,-29,63,1,41,22,-21,-1,13,13,54
FIVE,Five Below,157.01,43,9,10,0,62,-14,1,21,-17,-9,53
THO,Thor Industries,109.06,31,3,11,4,49,-5,1,16,-8,4,53
VRSK,Verisk Analytics,234.84,0,-63,-6,116,47,17,-29,-12,30,6,53
HALO,Halozyme,66.89,4,0,17,21,42,-2,-14,11,16,11,53
ZG,Zillow (Class A),74.58,27,-18,2,0,11,25,-18,13,22,42,53
CNM,Core & Main,54.47,41,-33,2,0,10,2,-5,20,26,43,53
Z,Zillow (Class C),78.06,28,-18,2,0,12,23,-18,14,22,41,53
VST,Vistra Corp.,191.37,-32,-4,29,32,25,-33,-4,18,47,28,53
ISRG,Intuitive Surgical,551.42,31,2,1,24,58,44,-69,-8,28,-5,53
NTRS,Northern Trust,124.79,-2,-1,26,13,36,-9,-9,20,15,17,53
PSN,Parsons Corporation,84.38,0,27,0,1,28,-9,24,13,-3,25,53
CORT,Corcept Therapeutics,73.05,-15,27,0,21,33,-21,-3,4,40,20,53
TXT,Textron,79.47,-7,-1,4,55,51,-7,-4,20,-7,2,53
EG,Everest Group,349.33,0,5,0,57,62,-5,-2,4,-7,-10,52
AFRM,Affirm Holdings,75.51,7,-13,22,0,16,20,-21,18,19,36,52
DECK,Deckers Brands,102.5,31,-21,-34,95,71,33,-21,-30,-1,-19,52
OTIS,Otis Worldwide,92.99,34,1,-14,0,21,26,1,-24,28,31,52
PVH,PVH Corp.,86.65,36,3,0,3,42,22,-12,9,-9,10,52
DNB,Dun & Bradstreet,9.15,29,52,-28,0,53,46,-13,2,-37,-2,51
DOCS,Doximity,66.23,-14,0,64,0,50,-13,-10,10,14,1,51
TPL,Texas Pacific Land Corporation,938.12,11,0,-19,60,52,4,-5,-15,15,-1,51
VNO,Vornado Realty Trust,39.33,-1,0,8,6,13,13,-11,18,17,37,50
FCX,Freeport-McMoRan,41.21,-5,-10,3,60,48,2,9,-1,-8,2,50
PRU,Prudential Financial,101.76,0,-18,-23,57,16,20,1,14,-1,34,50
QSR,Restaurant Brands International,67.44,-12,16,4,42,50,-9,21,-3,-10,-1,49
UNH,UnitedHealth Group,360.42,0,37,-28,0,9,-7,49,1,-3,40,49
C,Citigroup,96.67,-14,0,29,20,35,-12,-10,20,16,14,49
HXL,Hexcel,70.95,14,3,4,1,22,23,1,14,-11,27,49
HST,Host Hotels & Resorts,16.61,23,0,8,4,35,21,-17,18,-8,14,49
PSA,Public Storage,306.3,0,20,2,3,25,-9,15,20,-2,24,49
INFA,Informatica,24.85,0,4,2,0,6,19,15,18,-9,43,49
RF,Regions Financial Corporation,24.1,0,-7,17,24,34,-2,-18,18,16,14,48
TKR,Timken Company,77.75,28,1,1,6,36,23,-21,17,-7,12,48
NTAP,Netapp,117.73,-2,0,8,59,65,-33,1,17,-3,-18,47
APA,APA Corporation,24.62,7,55,2,-14,50,9,-6,15,-21,-3,47
APPF,AppFolio,239.48,27,-17,2,30,42,-5,-17,-3,30,5,47
NNN,NNN Reit,42.27,0,0,10,24,34,-17,-6,20,16,13,47
FCNCA,First Citizens BancShares,1750.42,14,-35,-6,61,34,21,-28,-3,23,13,47
SPR,Spirit AeroSystems,38.89,0,-11,28,0,17,2,-28,40,16,30,47
TEM,Tempus AI,87.04,-18,52,0,0,34,-14,13,13,0,12,46
AA,Alcoa,40.12,7,44,3,-22,32,-13,49,12,-34,14,46
DHR,Danaher Corporation,222.64,21,17,0,0,38,-11,12,13,-6,8,46
WAL,Western Alliance Bancorporation,77.1,10,-11,1,6,6,21,-18,17,20,40,46
VNT,Vontier,43.03,42,1,15,0,58,-7,-16,18,-7,-12,46
NEU,NewMarket,757.95,-74,0,29,31,-14,1,-3,32,29,59,45
DBX,Dropbox,29.33,27,0,2,11,40,-2,-14,10,10,4,44
RGEN,Repligen,165.18,45,20,4,-19,50,6,23,4,-39,-6,44
TPG,TPG Inc.,55.87,0,-10,12,0,2,20,-14,14,21,41,43
BROS,Dutch Bros. Coffee,57.14,63,-29,0,0,34,-1,1,-4,13,9,43
MET,Metlife,78.16,-48,0,5,60,17,-9,-3,18,20,26,43
LNC,Lincoln Financial,39.34,8,0,28,3,39,1,-26,18,10,3,42
APLS,Apellis Pharmaceuticals,28.63,28,4,0,-18,14,28,9,11,-20,28,42
IPG,Interpublic Group of Companies (The),27.52,21,8,1,0,30,21,2,8,-19,12,42
FRHC,Freedom Holding,154.42,-41,-6,64,16,33,-38,-5,20,32,9,42
PR,Permian Resources,12.82,7,-19,0,28,16,27,-18,20,-4,25,41
BIIB,Biogen,150.16,8,51,0,-29,30,27,-4,7,-20,10,40
ADM,Archer Daniels Midland,62.53,6,15,12,0,33,1,8,20,-22,7,40
ZBRA,Zebra Technologies,314.02,28,-24,0,-9,-5,47,-17,14,-1,43,38
IDXX,Idexx Laboratories,638.88,3,0,24,6,33,-11,6,20,-10,5,38
MTB,M&T Bank,181.05,0,-12,11,24,23,-5,-14,18,16,15,38
HAYW,Hayward Holdings,15.34,0,-2,4,0,2,-7,7,18,18,36,38
ASTS,AST SpaceMobile,71.71,-22,17,21,0,16,-32,23,20,10,21,37
RMD,Resmed,265.25,-21,-8,27,15,13,-7,-3,19,15,24,37
LOAR,Loar Holdings,80.49,2,12,2,0,16,-8,42,-13,0,21,37
KRC,Kilroy Realty,40.55,10,0,16,0,26,-5,-13,16,13,11,37
BLDR,Builders FirstSource,124.17,-1,-10,-38,67,18,12,1,10,-5,18,36
LNW,Light & Wonder,75.84,-1,-19,-13,59,26,12,-27,-2,27,10,36
UWMC,United Wholesale Mortgage,5.76,21,0,0,0,21,28,-16,8,-6,14,35
KEYS,Keysight,168.4,7,1,8,2,18,2,-10,18,7,17,35
IT,Gartner,250.92,21,0,-31,0,-10,21,-7,-29,59,44,34
YETI,Yeti Holdings,35.58,31,1,0,-8,24,27,-19,14,-12,10,34
PNC,PNC Financial Services,181.93,0,-11,12,16,17,1,-18,17,16,16,33
GXO,GXO Logistics,53.73,0,9,11,0,20,-11,15,19,-10,13,33
AVT,Avnet,52.14,0,0,11,47,58,-12,-29,20,-4,-25,33
AVTR,Avantor,15.45,54,17,-39,-1,31,-3,10,1,-7,1,32
SW,Smurfit Westrock,43.01,23,-30,-7,18,4,23,-24,10,19,28,32
CSX,CSX Corporation,35.52,-9,19,6,6,22,-20,18,20,-8,10,32
APTV,Aptiv,84.96,21,52,11,-26,58,-3,-5,20,-38,-26,32
ABNB,Airbnb,127.35,56,0,-13,0,43,-2,1,-3,-7,-11,32
SARO,StandardAero,28.92,7,1,0,0,8,18,9,-3,0,24,32
RVTY,Revvity,97.58,49,6,-30,-26,-1,52,17,-35,-1,33,32
ROKU,"Roku, Inc.",98.21,6,9,20,-21,14,1,-4,15,6,18,32
DOC,Healthpeak Properties,18.53,28,36,-3,-33,28,-5,-6,4,11,4,32
AVB,AvalonBay Communities,189.1,21,-14,-13,18,12,33,-14,-17,17,19,31
OLED,Universal Display Corporation,149.27,9,1,0,0,10,-12,20,20,-7,21,31
VLTO,Veralto,104.89,23,0,12,0,35,-2,-21,19,0,-4,31
SAIL,SailPoint,22.22,-2,30,0,0,28,-9,-1,12,0,2,30
EIX,Edison International,57.27,55,8,-42,0,21,22,-20,10,-3,9,30
NEE,NextEra Energy,83.26,-21,22,5,2,8,-31,18,20,15,22,30
AR,Antero Resources,32.79,5,0,-4,12,13,22,-8,-10,12,16,29
CF,CF Industries,86.92,0,0,7,6,13,15,-6,-3,10,16,29
AOS,A. O. Smith,69.04,-10,-10,0,60,40,-6,-18,20,-7,-11,29
CRM,Salesforce,255.03,28,4,-23,24,33,-2,6,-31,23,-4,29
LFUS,Littelfuse,269.26,7,8,13,4,32,-13,1,18,-10,-4,28
PK,Park Hotels & Resorts,11.16,22,0,0,0,22,16,-17,13,-7,5,27
CG,Carlyle Group (The),57.54,-23,-6,18,23,12,-7,-16,17,20,14,26
PATH,UiPath,15.42,-18,24,3,0,9,-9,34,4,-12,17,26
DT,Dynatrace,49.94,26,0,-12,0,14,-2,-6,-3,22,11,25
DRI,Darden Restaurants,186.45,0,-26,2,63,39,-19,-21,-6,32,-14,25
ALB,Albemarle Corporation,97.38,6,31,2,-25,14,1,22,14,-27,10,24
EQR,Equity Residential,63.34,21,-16,-6,15,14,28,-20,-13,15,10,24
ETSY,Etsy,73.9,6,22,7,-32,3,16,24,20,-39,21,24
SYY,Sysco,78.21,-12,-2,17,5,8,-11,-6,17,16,16,24
NOV,NOV Inc.,14.08,14,3,0,-14,3,25,1,11,-17,20,23
SSB,SouthState Corporation,89.92,-8,-6,-1,24,9,-3,-18,14,21,14,23
OMC,Omnicom Group,80.33,22,8,-37,3,-4,21,2,7,-3,27,23
NCLH,Norwegian Cruise Line Holdings,23.5,6,-6,10,0,10,-4,-19,13,22,12,22
EXR,Extra Space Storage,150.79,0,9,2,1,12,-16,9,2,15,10,22
ZION,Zions Bancorporation,51.64,5,-7,1,6,5,-3,-16,17,17,15,20
MHK,Mohawk Industries,128.83,51,0,0,-13,38,-6,-21,12,-3,-18,20
OZK,Bank OZK,45.07,-71,-6,27,58,8,-9,-18,18,21,12,20
LSCC,Lattice Semiconductor,69.59,-24,57,11,0,44,-18,-1,12,-17,-24,20
SEE,Sealed Air,34.85,21,45,6,-26,46,-5,-5,18,-34,-26,20
TTEK,Tetra Tech,33.74,3,-25,-39,121,60,-2,-51,16,-3,-40,20
CTRA,Coterra,23.75,7,-11,-15,46,27,24,-24,-22,15,-7,20
CERT,"Certara, Inc.",12.51,6,31,0,0,37,20,-4,1,-34,-17,20
SOLV,Solventum,72.28,27,-13,0,0,14,-4,-6,16,0,6,20
CHRW,C.H. Robinson,125.39,-8,0,13,4,9,-7,-9,16,10,10,19
EFX,Equifax,231.3,0,-16,-14,18,-12,28,-16,-1,20,31,19
CNA,CNA Financial,45.43,-46,-7,0,59,6,-7,-6,4,22,13,19
TRU,TransUnion,83.48,30,-25,-5,0,0,23,-18,-3,16,18,18
DIS,Walt Disney Company (The),113.02,27,-30,25,-2,20,-1,-26,20,5,-2,18
FHB,"First Hawaiian, Inc.",23.69,0,-12,1,16,5,-3,-19,17,16,11,16
AMH,American Homes 4 Rent,33.28,21,-61,-18,70,12,23,-30,-6,17,4,16
HOG,Harley-Davidson,27.63,20,0,0,-11,9,23,-18,15,-13,7,16
TTD,Trade Desk (The),54.12,21,0,-37,-3,-19,26,14,-3,-2,35,16
BURL,Burlington Stores,268.09,0,-4,11,5,12,-35,7,13,19,4,16
AGCO,AGCO,110.09,41,-12,17,0,46,3,-39,21,-15,-30,16
GLIBK,GCI Liberty (Series C),36.54,-1,0,0,0,-1,1,15,0,0,16,15
CFLT,"Confluent, Inc.",22.87,0,12,-13,0,-1,7,35,-28,2,16,15
ARW,Arrow Electronics,121.12,30,-2,11,0,39,-7,-27,20,-10,-24,15
MAT,Mattel,19.17,37,1,2,0,40,5,3,-1,-33,-26,14
NXST,Nexstar Media Group,191.36,-2,-7,19,6,16,-3,-28,17,12,-2,14
RRX,Regal Rexnord,147.47,7,0,2,5,14,-10,-4,17,-3,0,14
JHG,Janus Henderson,41.12,-42,-5,16,21,-10,-7,-6,17,20,24,14
VRSN,Verisign,250.42,-11,-17,46,11,29,-9,-15,-1,9,-16,13
BA,Boeing,217.69,0,-11,18,0,7,27,-29,20,-13,5,12
WEX,WEX Inc.,160.0,21,-14,0,0,7,26,-25,14,-10,5,12
ST,Sensata Technologies,32.24,49,1,2,-17,35,-5,1,18,-37,-23,12
PINS,Pinterest,33.45,56,-24,0,-2,30,-3,-24,16,-7,-18,12
ALSN,Allison Transmission,83.22,13,-25,-15,37,10,17,-21,-31,36,1,11
VOYA,Voya Financial,73.1,-2,0,11,6,15,-5,-14,18,-3,-4,11
QRVO,Qorvo,92.1,42,6,1,-33,16,-6,-10,18,-7,-5,11
U,Unity Technologies,36.28,0,-2,16,0,14,-10,-15,20,2,-3,11
ACN,Accenture,249.75,20,0,-33,-2,-15,23,11,-29,21,26,11
WING,Wingstop,259.12,32,-36,0,40,36,-7,-49,-3,33,-26,10
CPT,Camden Property Trust,105.0,26,-22,-5,0,-1,33,-23,-13,13,10,9
GTM,ZoomInfo,11.06,23,0,0,0,23,26,-17,16,-39,-14,9
UAL,United Airlines Holdings,95.67,-15,0,11,13,9,-11,-21,14,18,0,9
LW,Lamb Weston,65.15,4,20,0,-10,14,-14,12,13,-16,-5,9
TOST,"Toast, Inc.",38.81,55,-38,2,0,19,22,-48,-3,19,-10,9
AVY,Avery Dennison,186.29,23,2,0,1,26,28,-34,-5,-7,-18,8
SBUX,Starbucks,85.43,42,-37,-11,0,-6,53,-45,-3,9,14,8
MANH,Manhattan Associates,194.65,-12,-23,-1,67,31,-3,-17,-1,-2,-23,8
ENTG,Entegris,90.75,0,31,0,-8,23,-14,-4,9,-7,-16,7
HUM,Humana,291.41,28,4,0,-14,18,-2,7,6,-22,-11,7
SUI,Sun Communities,123.34,-7,0,13,-26,-20,-2,-6,20,13,25,5
KEX,Kirby Corporation,85.86,49,-60,-13,37,13,-5,1,-4,-1,-9,4
NIQ,NIQ Global Intelligence,13.72,0,0,0,0,0,22,-18,0,0,4,4
MCHP,Microchip Technology,65.06,0,-2,0,0,-2,-6,1,20,-9,6,4
OKE,Oneok,69.77,0,-59,-23,56,-26,22,-11,-35,53,29,3
BAM,Brookfield Asset Management,53.77,-69,-10,75,0,-4,-9,-14,20,10,7,3
EQH,Equitable Holdings,48.69,0,-18,1,13,-4,1,-14,-1,21,7,3
MSCI,MSCI,538.62,0,-10,-1,16,5,-2,-22,-1,22,-3,2
ALAB,Astera Labs,163.69,0,-5,7,0,2,1,-16,15,0,0,2
RLI,RLI Corp.,61.15,0,-99,-20,178,59,17,-33,-39,-2,-57,2
LBTYK,Liberty Global (Series C),11.1,28,-1,-3,-1,23,-9,-19,9,-2,-21,2
SLGN,Silgan Holdings,44.64,42,-61,-13,0,-32,22,3,-7,15,33,1
GNRC,Generac,189.04,0,1,13,-36,-22,-14,7,17,12,22,0
LII,Lennox International,495.0,-14,-43,-7,40,-24,-5,5,-5,29,24,0
PEP,PepsiCo,151.44,0,10,1,0,11,-8,2,9,-15,-12,-1
ACGL,Arch Capital Group,87.46,-49,-7,-18,64,-10,16,-3,-2,-2,9,-1
GEV,GE Vernova,595.36,-42,0,6,0,-36,3,11,21,0,35,-1
BOKF,BOK Financial Corporation,104.74,-49,-2,10,24,-17,-12,-3,14,16,15,-2
JKHY,Jack Henry & Associates,155.77,72,-60,-13,-2,-3,-1,2,-13,13,1,-2
EOG,EOG Resources,108.29,0,-25,-8,47,14,15,-28,-2,-1,-16,-2
OVV,Ovintiv,37.98,0,-14,0,0,-14,14,-11,17,-8,12,-2
MKC,McCormick & Company,67.38,31,-1,-16,-4,10,-3,3,-24,12,-12,-2
CGNX,Cognex Corporation,48.04,43,9,11,-33,30,-7,1,16,-42,-32,-2
PEN,"Penumbra, Inc.",253.56,0,-9,0,0,-9,14,3,-16,5,6,-3
VIK,Viking Holdings,60.6,0,0,1,0,1,-5,-19,20,0,-4,-3
IOT,Samsara,38.66,7,0,-20,0,-13,21,-6,-27,22,10,-3
AMTM,Amentum,23.15,0,-11,0,0,-11,-8,-4,20,0,8,-3
DKNG,DraftKings,34.72,1,-18,-4,0,-21,10,-26,12,22,18,-3
TGT,Target Corporation,94.23,49,-40,-41,-13,-45,51,1,-3,-8,41,-4
REYN,Reynolds Consumer Products,23.35,-12,56,-38,0,6,-11,-2,7,-5,-11,-5
RNR,RenaissanceRe,243.2,-46,1,-1,37,-9,-42,-2,18,30,4,-5
HUBS,HubSpot,475.78,20,-2,-20,-2,-4,21,-15,-28,21,-1,-5
DOX,Amdocs,83.5,45,-53,0,1,-7,-2,1,-5,7,1,-6
BSY,Bentley Systems,51.3,10,-13,19,0,16,-6,-29,20,-8,-23,-7
COLM,Columbia Sportswear,54.58,35,-21,-31,-8,-25,28,1,-26,15,18,-7
GLIBA,GCI Liberty (Series A),36.56,0,0,0,0,0,-21,14,0,0,-7,-7
BRKR,Bruker,39.71,62,6,-70,-10,-12,73,17,-74,-11,5,-7
CACC,Credit Acceptance,499.58,6,0,0,1,7,-8,9,-8,-7,-14,-7
MGM,MGM Resorts International,33.07,13,-18,0,0,-5,21,-30,17,-11,-3,-8
FRPT,Freshpet,54.18,43,-1,-34,-8,0,20,3,-30,-1,-8,-8
OXY,Occidental Petroleum,42.88,0,-11,0,0,-11,14,-9,16,-18,3,-8
AS,Amer Sports,31.63,0,-25,14,0,-11,14,-31,20,0,3,-8
IFF,International Flavors & Fragrances,65.79,52,0,-33,-33,-14,53,1,-45,-3,6,-8
UGI,UGI Corporation,33.31,31,-42,52,6,47,-5,-55,-3,7,-56,-9
RAL,Ralliant,43.47,3,0,0,0,3,-7,-5,0,0,-12,-9
MASI,Masimo,148.76,0,0,0,-8,-8,-5,17,-25,12,-1,-9
COP,ConocoPhillips,90.07,0,-12,-4,0,-16,16,-11,12,-10,7,-9
GPC,Genuine Parts Company,133.28,2,0,11,0,13,-8,-15,20,-19,-22,-9
TWLO,Twilio,110.81,5,0,2,-36,-29,1,9,-3,13,20,-9
SON,Sonoco,41.42,15,-23,-6,-2,-16,26,-20,17,-16,7,-9
COLB,Columbia Banking System,24.99,0,0,4,0,4,-2,-26,15,-1,-14,-10
VFC,VF Corporation,15.88,28,4,-30,-45,-43,26,1,7,-1,33,-10
XYZ,"Block, Inc.",78.54,6,4,4,-38,-24,3,-2,14,-1,14,-10
LUV,Southwest Airlines,31.66,-7,0,11,-41,-37,-8,11,18,6,27,-10
LULU,Lululemon Athletica,179.09,28,0,-21,-5,2,28,3,-30,-14,-13,-11
NUE,Nucor,138.41,21,-10,1,0,12,-3,-27,17,-10,-23,-11
BEN,Franklin Templeton Investments,22.67,0,-14,18,0,4,21,-32,20,-24,-15,-11
RDDT,Reddit,200.9,0,-2,7,0,5,-11,-17,12,0,-16,-11
CROX,Crocs,85.17,37,0,-52,-3,-18,26,1,-14,-7,6,-12
GTLB,GitLab,48.12,28,4,-31,0,1,-2,-10,2,-3,-13,-12
SLM,Sallie Mae,26.75,21,-49,0,24,-4,21,-49,-3,23,-8,-12
COIN,Coinbase,322.71,-56,0,19,0,-37,-14,-1,19,20,24,-13
CFR,Frost Bank,123.57,-2,-7,8,6,5,-5,-24,-1,12,-18,-13
PCG,PG&E Corporation,16.3,-5,20,-40,3,-22,-5,14,3,-3,9,-13
GNTX,Gentex,26.31,5,0,0,-1,4,-5,-16,14,-10,-17,-13
SNV,Synovus,45.44,-1,-24,0,23,-2,-5,-19,-3,16,-11,-13
ON,ON Semiconductor,51.79,0,0,0,-3,-3,-10,1,16,-17,-10,-13
NVST,Envista,20.23,28,-10,14,0,32,-7,-21,16,-34,-46,-14
ZBH,Zimmer Biomet,103.17,49,2,0,-19,32,-4,-28,4,-20,-48,-16
KNX,Knight-Swift,44.01,-7,0,-1,0,-8,-5,11,1,-15,-8,-16
HPQ,HP Inc.,27.83,7,0,-35,0,-28,5,1,9,-3,12,-16
ONTO,Onto Innovation,131.85,0,44,-36,0,8,-19,-4,5,-6,-24,-16
CCI,Crown Castle,98.32,3,0,1,-30,-26,-8,15,-5,7,9,-17
ESTC,Elastic NV,87.13,3,3,-23,-8,-25,27,-16,2,-6,7,-18
OC,Owens Corning,128.63,0,-19,-34,60,7,-6,-26,9,-2,-25,-18
SEB,Seaboard Corporation,3329.49,-12,-3,15,-1,-1,-12,-25,18,2,-17,-18
XP,XP Inc.,17.19,28,-14,2,0,16,-9,-15,-1,-10,-35,-19
ELF,e.l.f. Beauty,124.96,-28,0,0,33,5,-28,-8,18,-7,-25,-20
VVV,Valvoline,33.83,-11,-21,-5,33,-4,-9,-18,17,-6,-16,-20
VKTX,Viking Therapeutics,33.93,-3,1,-50,23,-29,1,17,-1,-8,9,-20
LBTYA,Liberty Global (Series A),10.97,0,0,-3,0,-3,-9,-19,11,-1,-18,-21
NCNO,nCino,25.95,21,-18,-36,0,-33,23,-23,15,-3,12,-21
DVN,Devon Energy,33.44,0,-10,0,-7,-17,12,-11,19,-24,-4,-21
BHF,Brighthouse Financial,47.01,0,0,-3,0,-3,-7,-10,-13,10,-20,-23
DPZ,Domino's,421.87,30,-57,-6,12,-21,9,-27,-5,20,-3,-24
ACI,Albertsons,19.21,0,0,-7,0,-7,-11,4,-13,2,-18,-25
BAH,Booz Allen Hamilton,100.32,3,-38,-40,103,28,-2,-6,-42,-3,-53,-25
ZTS,Zoetis,146.29,28,-33,-45,-5,-55,47,2,-12,-7,30,-25
QS,QuantumScape,14.65,-38,27,16,0,5,-38,27,18,-38,-31,-26
CUZ,Cousins Properties,26.63,-2,-12,0,13,-1,-19,-19,-2,15,-25,-26
CSGP,CoStar Group,77.65,6,-22,0,16,0,20,-45,-2,1,-26,-26
ELS,Equity Lifestyle Properties,61.02,-7,18,-31,0,-20,22,17,-42,-5,-8,-28
JHX,James Hardie Industries,22.0,3,0,-37,-3,-37,12,12,-10,-5,9,-28
MIDD,Middleby,133.24,0,-2,-13,0,-15,-8,-25,2,15,-16,-31
CNXC,Concentrix,47.61,21,-20,-5,0,-4,32,-16,-8,-35,-27,-31
COO,Cooper Companies (The),74.52,42,6,-37,-7,4,-3,15,-42,-5,-35,-31
PNFP,Pinnacle Financial Partners,86.91,-2,-24,-14,17,-23,-5,-18,-5,20,-8,-31
SWKS,Skyworks Solutions,75.77,9,1,0,-32,-22,-6,-13,17,-7,-9,-31
DXCM,Dexcom,71.07,30,-43,-9,-16,-38,47,-26,-4,-11,6,-32
TYL,Tyler Technologies,516.21,28,-44,-4,19,-1,-2,-46,-3,20,-31,-32
SN,SharkNinja,96.88,7,-18,2,0,-9,2,-46,17,3,-24,-33
ABT,Abbott Laboratories,126.34,-49,-1,0,15,-35,-13,-7,6,16,2,-33
FBIN,Fortune Brands Innovations,51.69,24,-23,-36,-7,-42,29,-26,9,-4,8,-34
CTSH,Cognizant,67.99,21,-61,-13,16,-37,22,-26,-13,20,3,-34
DOCU,DocuSign,71.08,23,-18,-4,-14,-13,-5,-17,-12,13,-21,-34
BMY,Bristol Myers Squibb,43.82,0,-16,-10,-7,-33,23,-8,-24,7,-2,-35
LINE,"Lineage, Inc.",40.03,2,-5,0,0,-3,-4,12,-41,0,-33,-36
INGR,Ingredion,119.24,-9,-59,-8,36,-40,-19,-29,-6,58,4,-36
DUOL,Duolingo,313.44,-34,0,0,0,-34,-34,18,-11,25,-2,-36
LEA,Lear Corporation,100.76,21,-11,0,-19,-9,-7,-22,19,-17,-27,-36
TLN,Talen Energy,383.6,-56,0,49,0,-7,-50,-4,21,4,-29,-36
CAI,Caris Life Sciences,31.62,0,-12,0,0,-12,-28,4,0,0,-24,-36
PLNT,Planet Fitness,95.94,6,-38,1,15,-16,-3,-30,-3,16,-20,-36
BILL,Bill.com,50.75,0,40,-34,0,6,-7,-5,8,-39,-43,-37
EL,Estée Lauder Companies (The),99.51,0,9,2,-28,-17,-13,12,18,-37,-20,-37
PPC,Pilgrim's Pride,37.62,0,-35,-3,23,-15,14,-42,-14,20,-22,-37
MOS,Mosaic Company (The),29.62,0,-10,26,-18,-2,8,-10,-1,-32,-35,-37
AES,AES Corporation,14.2,-22,17,0,-13,-18,-27,18,16,-26,-19,-37
ASH,Ashland Global,49.88,54,-25,-51,-11,-33,-2,1,9,-12,-4,-37
REXR,Rexford Industrial,42.76,0,9,2,-20,-9,-12,1,16,-34,-29,-38
LKQ,LKQ Corporation,30.62,23,-29,-16,-4,-26,53,-22,-24,-19,-12,-38
CPAY,Corpay,284.45,17,-59,-8,23,-27,-5,-28,-5,27,-11,-38
HLNE,Hamilton Lane,118.92,-9,-22,-8,27,-12,-7,-37,-5,23,-26,-38
OWL,Blue Owl Capital,16.31,-1,-46,-14,0,-61,22,-22,-3,23,20,-41
RBRK,Rubrik,76.87,-55,-32,2,0,-85,-10,-1,54,0,43,-42
TROW,T. Rowe Price,102.49,-18,-6,4,-27,-47,-8,-1,16,-2,5,-42
PFE,Pfizer,24.68,0,3,0,-25,-22,-3,-5,17,-30,-21,-43
IEX,IDEX Corporation,168.48,36,0,-38,0,-2,-7,12,-38,-8,-41,-43
SAIA,Saia,292.21,-7,-1,-36,0,-44,-5,10,3,-7,1,-43
SLB,Schlumberger,36.01,22,1,-80,0,-57,47,-20,-3,-12,12,-45
KD,Kyndryl,28.47,0,-57,-6,0,-63,24,-22,-7,22,17,-46
RNG,RingCentral,29.13,25,0,0,-43,-18,27,-18,10,-47,-28,-46
NKE,"Nike, Inc.",69.67,20,-13,0,-23,-16,23,-33,17,-38,-31,-47
BFAM,Bright Horizons,101.96,25,-33,-9,0,-17,-2,-39,-6,17,-30,-47
RIVN,Rivian,13.09,0,-6,0,0,-6,-10,-11,2,-23,-42,-48
INVH,Invitation Homes,28.9,34,-65,-18,0,-49,28,-30,-13,16,1,-48
ALK,Alaska Air Group,46.64,-13,-21,-5,-1,-40,-6,-21,8,11,-8,-48
DVA,DaVita,128.02,24,-43,-13,22,-10,-1,-29,-30,21,-39,-49
MTN,Vail Resorts,152.9,4,0,0,-25,-21,2,9,-1,-38,-28,-49
RYN,Rayonier,24.68,-16,-3,-3,-1,-23,-18,-6,8,-11,-27,-50
CHDN,Churchill Downs Incorporated,103.67,28,0,-41,0,-13,26,-56,-4,-3,-37,-50
DG,Dollar General,102.98,0,-25,0,-19,-44,-14,4,32,-28,-6,-50
CART,Maplebear Inc.,39.38,3,-31,-4,0,-32,5,-21,-3,1,-18,-50
MDLZ,Mondelez International,61.0,-7,-1,-3,0,-11,-12,-11,-5,-11,-39,-50
FTV,Fortive,49.63,25,0,-31,0,-6,-5,-5,-27,-7,-44,-50
MTCH,Match Group,32.74,24,-14,2,-39,-27,24,-22,15,-40,-23,-50
VIRT,Virtu Financial,33.46,3,-39,0,16,-20,7,-51,-3,16,-31,-51
PYPL,PayPal,69.64,0,0,-13,-41,-54,-5,-2,-1,11,3,-51
TXN,Texas Instruments,172.18,-14,-37,-1,24,-28,-8,-33,-1,18,-24,-52
MPW,Medical Properties Trust,5.05,-23,35,7,-38,-19,-32,-4,2,1,-33,-52
CPB,Campbell Soup Company,31.06,24,-1,-42,-8,-27,44,-13,-49,-7,-25,-52
CAR,Avis Budget Group,153.46,3,-20,19,-22,-20,-5,-12,23,-39,-33,-53
SJM,J.M. Smucker Company (The),102.59,-7,-4,-4,-6,-21,-3,-12,8,-25,-32,-53
CNH,CNH Industrial,10.8,26,-50,-7,0,-31,45,-66,-5,4,-22,-53
ONON,On Holding AG,43.23,5,-60,-9,0,-64,12,-18,-6,22,10,-54
W,Wayfair,83.14,6,0,14,-43,-23,2,-11,20,-42,-31,-54
TTC,Toro Company (The),74.7,2,-11,0,-2,-11,-7,-25,11,-22,-43,-54
REGN,Regeneron Pharmaceuticals,575.7,1,5,-51,0,-45,-4,-6,6,-6,-10,-55
VZ,Verizon,38.4,-14,-14,-1,12,-17,-18,-35,-1,16,-38,-55
HIW,Highwoods Properties,29.64,-79,-4,10,8,-65,-19,-6,20,15,10,-55
SITE,SiteOne Landscape Supply,124.32,7,-22,-6,-11,-32,-2,-26,13,-10,-25,-57
S,SentinelOne,17.36,4,-2,-35,0,-33,-2,-14,-5,-3,-24,-57
WH,Wyndham Hotels & Resorts,76.0,-7,-27,-13,13,-34,-5,-32,-3,17,-23,-57
AXTA,Axalta,28.83,36,-23,-26,24,11,-5,-25,-39,-2,-71,-60
KDP,Keurig Dr Pepper,27.53,0,-43,-9,0,-52,-9,4,-1,-2,-8,-60
BJ,BJ's Wholesale Club,93.43,0,-82,-5,12,-75,15,-49,-12,60,14,-61
HSIC,Schein (Henry),63.59,5,-22,-15,-2,-34,-4,-23,-5,5,-27,-61
TW,Tradeweb,110.81,14,-56,-8,2,-48,22,-52,-9,25,-14,-62
TFX,Teleflex,132.36,34,5,-52,-41,-54,-3,4,3,-12,-8,-62
SFD,Smithfield Foods,21.65,-7,-26,0,0,-33,-9,-35,14,0,-30,-63
SFM,Sprouts Farmers Market,108.29,-2,-63,-5,48,-22,-30,-61,-9,59,-41,-63
BBWI,"Bath & Body Works, Inc.",27.05,21,-34,-35,-17,-65,14,1,-6,-8,1,-64
G,Genpact,39.78,20,-32,-7,0,-19,-5,-28,-25,12,-46,-65
OKTA,"Okta, Inc.",88.49,0,-15,-8,-26,-49,-7,-5,-13,8,-17,-66
SMMT,Summit Therapeutics,18.75,-40,-34,-1,16,-59,-33,12,-7,21,-7,-66
CCCS,CCC Intelligent Solutions,9.09,2,-24,-38,0,-60,16,-26,12,-8,-6,-66
MSTR,MicroStrategy,284.99,-77,-13,-3,21,-72,-10,-5,-3,22,4,-68
BALL,Ball Corporation,49.71,26,-49,-13,-13,-49,47,-57,-3,-7,-20,-69
CHWY,Chewy,36.23,-50,-9,51,0,-8,-54,-3,-11,7,-61,-69
HSY,Hershey Company (The),181.65,-40,0,14,0,-26,-33,-3,14,-21,-43,-69
MAA,Mid-America Apartment Communities,134.43,3,-61,-7,0,-65,26,-25,-18,13,-4,-69
SNDR,Schneider National,22.69,-7,-40,-15,0,-62,-7,6,-5,-2,-8,-70
GME,GameStop,23.64,0,-6,-4,-32,-42,1,-7,-13,-9,-28,-70
ELV,Elevance Health,346.28,-14,16,-54,0,-52,-16,23,-20,-5,-18,-70
BDX,Becton Dickinson,186.56,-1,0,-38,-7,-46,-10,-2,3,-17,-26,-72
UDR,"UDR, Inc.",36.28,29,-60,-8,-2,-41,-3,-28,-15,15,-31,-72
MOH,Molina Healthcare,161.05,-7,-1,-23,-4,-35,-7,-1,-19,-10,-37,-72
GPN,Global Payments,87.5,7,4,-37,-41,-67,1,-2,8,-12,-5,-72
QXO,"QXO, Inc.",18.29,-14,-24,0,-16,-54,-11,-22,23,-8,-18,-72
FI,Fiserv,123.94,21,-74,-24,37,-40,-2,-34,-25,29,-32,-72
ILMN,"Illumina, Inc.",99.98,29,0,0,-42,-13,-12,-18,12,-42,-60,-73
ADBE,Adobe Inc.,354.11,21,0,-46,-8,-33,27,-10,-50,-7,-40,-73
PRMB,Primo Brands,22.27,26,-101,-8,24,-59,15,-29,-20,20,-14,-73
NSA,National Storage Affiliates,31.85,0,8,-25,-6,-23,-9,7,-46,-3,-51,-74
DAR,Darling Ingredients,34.67,7,1,0,-22,-14,7,-32,-3,-32,-60,-74
FOUR,Shift4,76.05,0,-57,-10,0,-67,-3,-28,-3,26,-8,-75
PENN,Penn Entertainment,18.03,13,-13,0,-36,-36,19,-22,10,-46,-39,-75
BIRK,Birkenstock,43.09,1,-35,-9,0,-43,12,-33,-11,0,-32,-75
WLK,Westlake Corporation,78.79,2,-10,-50,-2,-60,12,-24,4,-8,-16,-76
EMN,Eastman Chemical Company,63.07,28,-24,-31,-3,-30,28,-26,-45,-4,-47,-77
EW,Edwards Lifesciences,76.54,23,-17,0,-16,-10,-1,-28,-1,-37,-67,-77
KMPR,Kemper Corporation,47.67,-6,-21,-16,-2,-45,-9,-26,-13,16,-32,-77
FIS,Fidelity National Information Services,67.52,15,-57,-12,-39,-93,-3,11,-7,13,14,-79
KMB,Kimberly-Clark,118.76,-7,-30,-9,0,-46,-3,-37,-21,28,-33,-79
TEAM,Atlassian,165.12,33,-75,-16,-8,-66,24,-23,-28,13,-14,-80
SAIC,SAIC,100.68,7,-36,-8,0,-37,-2,-36,-5,-3,-46,-83
AMCR,Amcor,8.23,54,-50,-11,0,-7,-3,-59,-11,-4,-77,-84
SWK,Stanley Black & Decker,70.39,21,-11,-39,-41,-70,-2,-18,9,-4,-15,-85
SIRI,Sirius XM,21.32,-2,-11,-3,-33,-49,-4,-23,10,-19,-36,-85
CIVI,Civitas Resources,29.16,0,-10,-65,-2,-77,1,-8,9,-11,-9,-86
RH,RH,180.52,0,-20,-34,-9,-63,-5,-25,8,-2,-24,-87
PB,Prosperity Bancshares,63.18,-2,-62,-14,16,-62,-9,-28,-5,16,-26,-88
GDDY,GoDaddy,132.39,1,-75,-13,24,-63,-2,-22,-29,24,-29,-92
IAC,IAC Inc.,33.83,21,-25,-12,-33,-49,20,-17,-7,-40,-44,-93
FCN,FTI Consulting,153.79,0,-32,-47,0,-79,22,-26,-4,-7,-15,-94
POOL,Pool Corporation,300.53,4,-22,-33,-8,-59,-5,-18,-2,-11,-36,-95
DLB,Dolby Laboratories,67.56,-12,-23,-13,-1,-49,-10,-33,-3,-1,-47,-96
AUR,Aurora Innovation,5.07,-25,-21,-11,0,-57,-14,-14,-28,17,-39,-96
CAVA,Cava Group,64.22,0,-51,-24,0,-75,2,9,-38,4,-23,-98
KVUE,Kenvue,15.08,-2,-43,-8,0,-53,14,-53,-13,5,-47,-100
PCTY,Paylocity,152.03,5,-43,-8,-5,-51,-2,-47,-7,7,-49,-100
CHRD,Chord Energy,93.54,0,-19,-60,0,-79,1,-28,14,-8,-21,-100
ARE,Alexandria Real Estate Equities,76.94,15,-12,-47,-32,-76,22,-14,5,-37,-24,-100
IRDM,Iridium Communications,18.16,-7,-60,-14,-21,-102,21,7,-5,-21,2,-100
FND,Floor & Decor,71.15,0,-21,-45,-8,-74,-9,-18,8,-8,-27,-101
CARR,Carrier Global,57.1,0,-58,-9,0,-67,-5,-54,-4,28,-35,-102
TSN,Tyson Foods,51.81,-7,-14,-11,-30,-62,-3,-30,-21,13,-41,-103
CHE,Chemed Corporation,435.46,0,-17,-21,-1,-39,-9,-26,-19,-10,-64,-103
CL,Colgate-Palmolive,78.44,0,-76,-16,25,-67,-3,-37,-24,28,-36,-103
SRPT,Sarepta Therapeutics,21.87,-12,14,-39,-9,-46,-7,17,-60,-8,-58,-104
SMG,Scotts Miracle-Gro Company,55.37,0,-40,-32,-41,-113,21,-26,16,-3,8,-105
CZR,Caesars Entertainment,23.09,5,-14,-36,-27,-72,20,-10,-4,-39,-33,-105
OLN,Olin Corporation,23.98,0,0,-70,-11,-81,2,-10,8,-25,-25,-106
SBAC,SBA Communications,196.1,49,-57,-9,-22,-39,-1,-57,-8,-1,-67,-106
TAP,Molson Coors,45.63,-7,-32,-23,-2,-64,-19,5,-24,-5,-43,-107
PPG,PPG Industries,103.5,28,-24,-56,-10,-62,-4,-30,-3,-10,-47,-109
ATR,AptarGroup,130.76,3,-59,-13,22,-47,-1,-56,-5,-1,-63,-110
LSTR,Landstar,129.84,-7,-1,-45,-2,-55,-5,9,-52,-9,-57,-112
AAL,American Airlines Group,12.77,7,0,-31,-78,-102,19,3,9,-41,-10,-112
RARE,Ultragenyx,33.62,6,0,-37,-40,-71,-5,11,-45,-5,-44,-115
MTDR,Matador Resources,40.49,-14,-19,-39,0,-72,-9,-27,-1,-8,-45,-117
DV,DoubleVerify,11.94,23,-33,-80,0,-90,23,-35,-3,-12,-27,-117
AMT,American Tower,190.27,3,-57,-7,-2,-63,-7,-56,-5,13,-55,-118
MRNA,Moderna,26.26,-14,0,-65,-6,-85,-7,20,-5,-41,-33,-118
CDW,CDW,158.47,28,-57,-52,0,-81,-2,-22,-3,-10,-37,-118
KBR,"KBR, Inc.",44.38,0,-21,-40,0,-61,-5,-31,-18,-3,-57,-118
AKAM,Akamai Technologies,74.6,0,-2,-36,-9,-47,-3,-22,-36,-12,-73,-120
GFS,GlobalFoundries,35.18,7,0,-92,0,-85,-9,-5,-4,-19,-37,-122
PAYC,Paycom,200.17,-1,-43,0,-26,-70,-6,-46,-4,1,-55,-125
CLX,Clorox,116.35,-9,-14,-27,-7,-57,-14,-18,-37,-1,-70,-127
GPK,Graphic Packaging,17.68,0,-40,-29,-1,-70,23,-37,-42,-2,-58,-128
CAG,Conagra Brands,18.48,21,-14,-42,-9,-44,-3,-33,-24,-25,-85,-129
CNC,Centene,34.35,-7,3,-54,-13,-71,-5,-1,-23,-30,-59,-130
CE,Celanese,42.36,7,-54,-53,-12,-112,23,-24,-7,-11,-19,-131
DOW,Dow Inc.,24.51,7,0,-53,-3,-49,14,-18,-68,-10,-82,-131
NWL,Newell Brands,4.99,5,-21,-37,-33,-86,7,-24,8,-38,-47,-133
FDS,FactSet,286.84,35,-68,-15,-2,-50,-4,-64,-13,-3,-84,-134
TDC,Teradata,21.32,1,0,-89,-19,-107,-7,-4,-1,-18,-30,-137
APD,Air Products,255.05,-84,-23,-5,0,-112,-9,-28,-1,12,-26,-138
GIS,General Mills,47.94,-2,-1,-51,-6,-60,-3,-8,-47,-21,-79,-139
UHAL,U-Haul,55.37,-7,-62,-25,0,-94,-4,-26,-38,22,-46,-140
WHR,Whirlpool Corporation,74.31,1,-27,-15,-28,-69,-5,-24,-6,-38,-73,-142
RYAN,Ryan Specialty,53.13,-66,-85,-13,0,-164,16,-3,-19,27,21,-143
EEFT,Euronet Worldwide,83.52,-6,-61,-13,-5,-85,-5,-61,-10,15,-61,-146
CHH,Choice Hotels,97.94,-4,-56,-13,-1,-74,-4,-57,-27,16,-72,-146
EPAM,EPAM Systems,156.73,21,-32,-36,-29,-76,26,-30,-27,-39,-70,-146
WY,Weyerhaeuser,23.86,0,-30,-33,-1,-64,1,-34,-45,-10,-88,-152
ALGN,Align Technology,135.96,30,-60,-77,-27,-134,28,5,-13,-40,-20,-154
FMC,FMC Corporation,30.3,5,-40,-50,-26,-111,17,-30,-5,-28,-46,-157
SAM,Boston Beer Company,219.67,-16,0,-45,-39,-100,-23,9,1,-46,-59,-159
ACHC,Acadia Healthcare,23.49,-73,30,-58,-13,-114,-30,-2,3,-18,-47,-161
WSC,WillScot Mobile Mini,22.14,1,-59,-75,-8,-141,-7,5,-4,-14,-20,-161
KMX,CarMax,43.12,-8,-25,-29,-38,-100,-4,-23,-33,-2,-62,-162
CBSH,Commerce Bancshares,53.17,-89,-57,-4,13,-137,-7,-32,-3,15,-27,-164
UPS,United Parcel Service,87.03,37,0,-116,-18,-97,-4,13,-44,-36,-71,-168
GLOB,Globant,59.9,21,-111,-36,-9,-135,-4,9,-36,-9,-40,-175
UHAL-B,U-Haul (Series N),50.32,0,-62,-33,0,-95,-4,-26,-47,-3,-80,-175
INSP,Inspire Medical Systems,80.18,28,-112,-33,-8,-125,-3,7,-38,-19,-53,-178
WU,Western Union,8.14,0,-4,-33,-48,-85,-19,1,-68,-7,-93,-178
MORN,"Morningstar, Inc.",217.83,0,-60,-30,-1,-91,-5,-73,-8,-2,-88,-179
KHC,Kraft Heinz,25.39,0,-34,-52,-2,-88,-4,-52,-24,-12,-92,-180
CMCSA,Comcast,29.3,-9,-62,-45,-11,-127,-6,-26,-12,-10,-54,-181
LBRDA,Liberty Broadband (Series A),55.97,-74,-6,-13,-38,-131,-41,-6,-13,10,-50,-181
LBRDK,Liberty Broadband (Series C),56.16,-77,-6,-13,-38,-134,-41,-6,-13,10,-50,-184
WEN,Wendy's Company (The),9.03,20,-85,-47,-10,-122,26,-32,-42,-17,-65,-187
BMRN,BioMarin Pharmaceutical,54.56,7,-34,-60,-22,-109,19,-48,-25,-24,-78,-187
HUN,Huntsman Corporation,8.76,7,-25,-55,-17,-90,12,-25,-50,-35,-98,-188
CLVT,Clarivate,3.7,9,-25,-87,-8,-111,-7,-25,-1,-44,-77,-188
DXC,DXC Technology,13.37,17,-14,-35,-75,-107,22,-25,-42,-36,-81,-188
ODFL,Old Dominion Freight Line,135.85,-7,-61,-36,0,-104,-7,-35,-41,-3,-86,-190
MKTX,MarketAxess,171.5,0,-64,-38,-31,-133,-2,3,-12,-46,-57,-190
TREX,"Trex Company, Inc.",49.15,-42,-30,-64,-15,-151,-5,-26,-4,-8,-43,-194
COTY,Coty,4.11,-27,-4,-74,-9,-114,2,5,-76,-11,-80,-194
CHTR,Charter Communications,243.99,-77,-6,-14,-38,-135,-41,-6,-14,-3,-64,-199
STZ,Constellation Brands,139.7,-7,-43,-55,-5,-110,-17,9,-71,-10,-89,-199
ENPH,Enphase Energy,35.65,-14,-2,-56,-22,-94,-14,-14,-63,-26,-117,-211
LCID,Lucid Motors,18.66,-90,-2,-14,0,-106,-39,-5,-27,-37,-108,-214
LYB,LyondellBasell,46.79,0,-59,-54,-7,-120,5,-24,-68,-9,-96,-216
XRAY,Dentsply Sirona,13.17,28,-60,-91,-44,-167,23,-25,-5,-42,-49,-216
HRL,Hormel Foods,23.77,0,-70,-20,-25,-115,-4,-66,-7,-32,-109,-224
UA,Under Armour (Class C),4.67,0,-54,-38,-39,-131,7,-56,-5,-39,-93,-224
BF-B,Brown–Forman (Class B),28.1,0,-2,-113,-20,-135,-12,-10,-45,-30,-97,-232
OGN,Organon & Co.,9.05,-84,-6,-39,0,-129,-42,-6,-52,-6,-106,-235
UAA,Under Armour (Class A),4.84,0,-54,-38,-46,-138,1,-56,-5,-39,-99,-237
FLO,Flowers Foods,12.54,-4,-49,-47,-10,-110,-3,-42,-67,-25,-137,-247
BF-A,Brown–Forman (Class A),27.75,-2,-34,-112,-20,-168,-14,6,-52,-26,-86,-254
PRGO,Perrigo,21.49,0,-56,-12,-115,-183,-4,-5,-12,-57,-78,-261
BAX,Baxter International,22.99,0,-76,-33,-40,-149,-18,-29,-24,-43,-114,-263
COLD,Americold,13.64,3,-143,-51,-13,-204,-4,9,-51,-17,-63,-267
BRBR,BellRing Brands,33.39,0,-119,-23,0,-142,14,-111,-29,-1,-127,-269
DJT,Trump Media & Technology Group,15.89,-74,-102,-66,0,-242,1,-33,-34,-11,-77,-319
MAN,ManpowerGroup,33.61,-61,-42,-56,-30,-189,-33,-34,-56,-38,-161,-350
RHI,Robert Half,29.28,-89,-189,-39,-11,-328,-32,-26,-37,-34,-129,-457
