Symbol,Name,Close,1H Cloud Score,1D Cloud Score,1W Cloud Score,1M Cloud Score,Cloud Score Sum,1H TKx Score,1D TKx Score,1W TKx Score,1M TKx Score,TKx Score Sum,Total Score Sum
TJX,TJX Companies,123.35,-4,-3,141,196,330,2,-18,110,191,285,615
JPM,JPMorgan Chase,287.06,64,35,116,156,371,61,46,3,24,134,505
HEI,HEICO (Common),325.73,78,40,18,187,323,75,38,9,55,177,500
RSG,Republic Services,244.37,-21,0,117,175,271,-13,-4,86,158,227,498
MSFT,Microsoft,495.88,161,40,9,171,381,26,48,3,23,100,481
RBLX,Roblox Corporation,105.58,238,45,46,0,329,80,46,9,9,144,473
HWM,Howmet Aerospace,184.89,42,46,141,27,256,33,46,85,52,216,472
IBM,IBM,289.68,129,38,102,52,321,-5,46,49,54,144,465
COST,Costco,985.06,-3,0,110,178,285,-12,-9,3,182,164,449
ORLY,O'Reilly Auto Parts,89.15,-22,-12,156,197,319,2,-7,47,87,129,448
NFLX,Netflix,1322.82,43,51,109,18,221,75,48,80,18,221,442
PGR,Progressive Corporation,264.07,1,-13,98,175,261,-15,-9,15,187,178,439
AJG,Arthur J. Gallagher & Co.,317.61,-2,-3,158,184,337,-17,-9,21,105,100,437
ICE,Intercontinental Exchange,181.71,26,39,105,159,329,25,40,15,19,99,428
CTAS,Cintas,220.78,0,53,12,163,228,5,-5,6,185,191,419
AXON,Axon Enterprise,818.93,26,44,138,92,300,35,48,3,28,114,414
ORI,Old Republic International,38.12,40,7,140,56,243,5,2,110,53,170,413
SPOT,Spotify,772.96,69,47,105,10,231,26,48,88,18,180,411
HEI-A,HEICO (Class A),258.5,77,41,19,180,317,14,39,10,28,91,408
BSX,Boston Scientific,106.57,31,10,137,142,320,29,1,3,55,88,408
PWR,Quanta Services,381.36,65,40,10,97,212,75,48,3,70,196,408
NRG,NRG Energy,162.69,23,46,96,92,257,23,2,106,19,150,407
GS,Goldman Sachs,690.91,111,33,85,56,285,56,44,3,19,122,407
SO,Southern Company,90.9,35,6,69,188,298,-9,22,16,77,106,404
CASY,Casey's,506.19,7,13,106,85,211,-13,13,110,76,186,397
NDAQ,"Nasdaq, Inc.",89.1,32,39,69,142,282,45,46,3,12,106,388
WM,"Waste Management, Inc.",228.26,-46,1,88,185,228,-19,-3,20,157,155,383
YUM,Yum! Brands,148.38,26,0,21,257,304,30,-21,15,55,79,383
WRB,W. R. Berkley Corporation,72.29,-21,88,87,174,328,-19,3,17,53,54,382
AM,Antero Midstream,18.89,27,39,141,21,228,37,-8,71,53,153,381
OLLI,Ollie's Bargain Outlet,132.75,63,33,108,14,218,68,14,56,21,159,377
ROL,"Rollins, Inc.",56.16,-20,55,24,284,343,-14,-5,16,33,30,373
COR,Cencora,299.41,14,110,37,69,230,18,10,48,65,141,371
HUBB,Hubbell Incorporated,406.61,32,31,0,180,243,23,49,-18,69,123,366
MCK,McKesson Corporation,725.95,7,106,35,56,204,18,46,31,65,160,364
CDNS,Cadence Design Systems,305.15,9,2,10,139,160,21,1,3,178,203,363
WELL,Welltower,152.11,-1,30,109,56,194,-5,26,126,22,169,363
RBC,RBC Bearings,381.26,31,37,86,56,210,40,46,7,55,148,358
MTSI,MACOM Technology Solutions,141.98,130,33,9,56,228,49,45,1,27,122,350
WMB,Williams Companies,62.67,42,32,105,50,229,38,24,3,55,120,349
TDG,TransDigm Group,1499.56,41,46,12,155,254,33,3,3,55,94,348
VIRT,Virtu Financial,44.4,64,47,69,12,192,72,7,64,12,155,347
JBL,Jabil,217.29,63,36,12,63,174,62,46,4,55,167,341
ADI,Analog Devices,237.05,32,33,4,177,246,28,39,3,24,94,340
INTU,Intuit,776.48,14,46,10,189,259,12,46,3,18,79,338
MSI,Motorola Solutions,418.42,27,1,0,151,179,1,-8,-20,183,156,335
RCL,Royal Caribbean Group,309.51,32,33,114,26,205,55,46,3,25,129,334
PM,Philip Morris International,180.96,-20,106,63,53,202,-21,48,78,25,130,332
RS,"Reliance, Inc.",316.83,17,43,4,113,177,28,48,3,75,154,331
KLAC,KLA Corporation,889.87,18,33,7,175,233,23,48,3,24,98,331
NWS,News Corp (Class B),33.88,49,36,105,56,246,61,1,3,19,84,330
TKO,TKO Group Holdings,179.34,63,43,64,38,208,61,10,3,48,122,330
MCD,McDonald's,291.52,0,-14,45,240,271,4,-17,15,55,57,328
FAST,Fastenal,41.98,1,55,116,104,276,19,-1,8,24,50,326
PLTR,Palantir Technologies,130.74,-3,46,109,0,152,-5,48,112,18,173,325
MS,Morgan Stanley,140.66,49,33,69,62,213,48,44,3,14,109,322
EMR,Emerson Electric,133.17,126,33,9,62,230,23,39,3,24,89,319
NFG,National Fuel Gas,84.96,0,117,53,50,220,-21,48,64,8,99,319
HOOD,Robinhood Markets,83.07,64,35,74,0,173,80,46,3,16,145,318
CME,CME Group,274.76,36,7,47,134,224,44,-10,43,17,94,318
ETN,Eaton Corporation,353.19,31,33,1,112,177,23,46,1,70,140,317
FWONA,Liberty Formula 1 (Series A),95.6,49,35,62,60,206,8,44,2,54,108,314
RBA,RB Global,105.68,7,44,97,25,173,23,-5,102,20,140,313
FWONK,Liberty Formula 1 (Series C),105.32,54,36,63,55,208,5,43,3,54,105,313
RJF,Raymond James Financial,153.2,63,32,85,56,236,68,4,-13,17,76,312
ORCL,Oracle Corporation,210.29,14,32,4,196,246,-2,39,3,25,65,311
WMT,Walmart,97.18,34,47,120,99,300,-12,-7,3,27,11,311
MMC,Marsh McLennan,216.98,1,-14,0,173,160,-13,-9,-4,176,150,310
CAH,Cardinal Health,167.14,14,55,48,36,153,14,46,41,55,156,309
EHC,Encompass Health,122.15,31,47,136,27,241,30,-6,17,27,68,309
VST,Vistra Corp.,194.95,69,32,12,28,141,77,45,1,43,166,307
AVGO,Broadcom,269.35,32,36,12,114,194,31,48,3,28,110,304
TT,Trane Technologies,432.13,30,41,9,162,242,29,1,3,27,60,302
GGG,Graco Inc.,86.16,30,33,1,176,240,30,1,3,27,61,301
ARES,Ares Management,173.1,25,33,10,57,125,23,46,3,104,176,301
EME,Emcor,530.64,64,33,10,56,163,33,48,1,55,137,300
LLY,Lilly (Eli),775.35,-2,0,0,170,168,21,12,3,94,130,298
MA,Mastercard,550.72,0,0,119,153,272,1,-3,3,24,25,297
BR,Broadridge Financial Solutions,239.36,-2,32,107,143,280,-12,3,3,23,17,297
LYV,Live Nation Entertainment,149.9,2,34,87,145,268,4,8,2,14,28,296
AXS,AXIS Capital,103.2,1,47,79,43,170,5,-5,75,51,126,296
COF,Capital One,211.0,32,39,87,19,177,53,46,3,16,118,295
NVDA,Nvidia,157.75,32,32,7,132,203,23,40,3,24,90,293
KMI,Kinder Morgan,28.98,42,31,85,42,200,38,4,1,50,93,293
VRSK,Verisk Analytics,308.77,0,42,61,112,215,4,-5,52,26,77,292
DASH,DoorDash,242.4,65,32,90,0,187,40,45,3,16,104,291
MPWR,Monolithic Power Systems,736.09,28,33,-19,155,197,23,43,3,24,93,290
MKL,Markel,1986.53,63,32,61,53,209,8,46,1,24,79,288
SCI,Service Corporation International,81.67,30,16,1,173,220,40,16,1,11,68,288
CBOE,Cboe Global Markets,228.84,7,29,137,53,226,-5,3,15,49,62,288
V,Visa Inc.,348.63,0,0,130,131,261,3,-3,3,24,27,288
DUK,Duke Energy,116.9,8,0,69,181,258,1,-1,15,14,29,287
AAPL,Apple Inc.,201.1,12,-2,-3,249,256,2,-22,-18,69,31,287
RTX,RTX Corporation,144.66,0,32,70,52,154,5,38,77,12,132,286
UNM,Unum,80.43,14,2,178,38,232,6,-9,3,52,52,284
LRCX,Lam Research,97.21,28,33,2,150,213,29,40,3,-3,69,282
BKNG,Booking Holdings,5701.7,26,45,129,33,233,26,-5,3,24,48,281
WCC,Wesco International,185.38,49,32,0,56,137,41,46,1,55,143,280
FDS,FactSet,441.4,35,0,-4,192,223,47,-15,2,21,55,278
APH,Amphenol,97.64,36,46,12,63,157,45,48,3,25,121,278
SYK,Stryker Corporation,393.45,27,33,10,157,227,36,-13,1,27,51,278
ITT,ITT Inc.,157.93,31,39,9,97,176,29,46,3,24,102,278
CACI,CACI,463.6,20,16,0,152,188,19,7,7,55,88,276
LIN,Linde plc,463.88,1,31,6,108,146,26,-3,3,104,130,276
OMF,OneMain Financial,56.67,49,33,10,58,150,54,44,3,24,125,275
DTM,DT Midstream,108.83,29,39,96,0,164,39,46,3,23,111,275
ACM,AECOM,112.69,14,39,9,63,125,28,46,3,70,147,272
CSCO,Cisco,68.65,58,33,41,12,144,62,39,3,23,127,271
ADP,Automatic Data Processing,302.89,-20,0,78,178,236,-18,-6,3,55,34,270
AME,Ametek,180.53,14,33,1,104,152,23,-8,3,99,117,269
MCO,Moody's Corporation,487.96,27,33,9,154,223,28,-6,1,23,46,269
MSA,MSA Safety,167.31,31,35,-28,162,200,23,46,3,-3,69,269
CW,Curtiss-Wright,487.31,32,41,12,52,137,33,48,3,47,131,268
AXP,American Express,317.19,32,33,10,97,172,29,46,1,19,95,267
STE,Steris,238.68,0,36,7,193,236,-2,-5,15,23,31,267
FIX,Comfort Systems USA,535.0,31,36,10,62,139,23,48,3,53,127,266
IBKR,Interactive Brokers,54.0,15,33,82,55,185,21,2,3,55,81,266
CAT,Caterpillar Inc.,384.71,32,32,1,62,127,44,39,1,55,139,266
EVR,Evercore,269.77,48,32,0,56,136,59,46,1,24,130,266
L,Loews Corporation,90.4,38,33,105,53,229,6,5,3,22,36,265
BYD,Boyd Gaming,79.03,63,33,41,57,194,-3,46,3,25,71,265
EQH,Equitable Holdings,56.0,31,33,85,9,158,47,39,3,17,106,264
SGI,Somnigroup International,67.5,32,33,34,62,161,30,46,3,24,103,264
UNP,Union Pacific Corporation,231.41,30,4,-7,196,223,32,3,-13,17,39,262
VRSN,Verisign,287.74,13,144,29,7,193,7,12,45,5,69,262
SPGI,S&P Global,517.6,32,33,9,170,244,-5,2,1,19,17,261
AMD,Advanced Micro Devices,143.86,63,32,-35,108,168,56,39,3,-5,93,261
WFC,Wells Fargo,79.47,42,33,85,27,187,49,3,3,17,72,259
BEN,Franklin Templeton Investments,23.82,106,36,1,0,143,86,46,3,-20,115,258
HON,Honeywell,228.86,13,33,9,176,231,7,-4,3,20,26,257
BRO,Brown & Brown,109.55,0,-42,109,161,228,4,2,-3,24,27,255
CHD,Church & Dwight,94.79,-70,-3,-9,342,260,-19,-3,-7,23,-6,254
MNST,Monster Beverage,61.72,-21,83,19,178,259,-17,-3,12,2,-6,253
ARMK,Aramark,42.1,32,37,8,38,115,40,41,3,54,138,253
BK,BNY Mellon,91.2,9,35,87,38,169,23,39,3,17,82,251
TPR,"Tapestry, Inc.",87.1,63,33,73,19,188,5,39,1,17,62,250
AN,AutoNation,198.99,43,35,10,59,147,-4,48,3,55,102,249
LNG,Cheniere Energy,239.87,19,39,53,56,167,19,4,3,54,80,247
WWD,"Woodward, Inc.",245.98,63,42,12,33,150,26,44,3,24,97,247
BPOP,"Popular, Inc.",110.43,35,40,10,57,142,36,46,3,17,102,244
DE,Deere & Company,512.92,-34,35,42,107,150,2,46,38,8,94,244
USFD,US Foods,77.26,13,36,136,33,218,5,-6,3,24,26,244
SEIC,SEI Investments Company,89.56,30,39,85,33,187,28,2,3,24,57,244
NI,NiSource,39.97,0,30,67,43,140,-13,22,82,12,103,243
T,AT&T,28.07,1,30,63,14,108,-12,46,87,13,134,242
MTZ,MasTec,172.06,65,39,12,16,132,47,46,3,11,107,239
HCA,HCA Healthcare,379.31,51,47,7,95,200,11,-9,9,27,38,238
SLM,Sallie Mae,32.96,28,40,83,20,171,23,-12,37,19,67,238
WAB,Wabtec,207.68,16,35,12,47,110,23,46,3,54,126,236
AMP,Ameriprise Financial,527.92,32,32,2,62,128,33,4,1,69,107,235
PH,Parker Hannifin,700.49,28,34,10,63,135,23,46,3,28,100,235
URI,United Rentals,752.85,32,33,0,62,127,47,4,1,55,107,234
ROP,Roper Technologies,563.36,-2,0,22,180,200,-12,-15,37,24,34,234
SF,Stifel,103.73,49,23,1,57,130,61,38,-13,18,104,234
AZO,AutoZone,3608.95,-24,-4,87,84,143,2,-14,47,55,90,233
CSL,Carlisle Companies,374.34,27,0,-4,176,199,30,-18,3,18,33,232
LITE,Lumentum,94.77,64,31,7,1,103,80,39,1,8,128,231
RL,Ralph Lauren Corporation,276.35,32,35,87,32,186,26,-8,3,24,45,231
PEG,Public Service Enterprise Group,83.54,50,12,0,150,212,6,19,-21,15,19,231
GD,General Dynamics,290.5,21,55,1,52,129,33,10,3,55,101,230
DELL,Dell Technologies,123.92,59,33,0,30,122,61,46,3,-2,108,230
DTE,DTE Energy,131.56,-21,0,67,187,233,-20,-14,20,11,-3,230
JCI,Johnson Controls,105.06,16,41,68,17,142,23,46,3,16,88,230
NWSA,News Corp (Class A),29.46,49,33,2,56,140,61,6,3,19,89,229
SNPS,Synopsys,502.6,15,20,-20,178,193,26,12,1,-3,36,229
KO,Coca-Cola Company (The),70.32,0,0,21,180,201,4,-4,16,12,28,229
GOOGL,Alphabet (Class A),178.53,10,22,1,174,207,19,-4,-12,19,22,229
PTC,PTC Inc.,169.3,14,32,-19,180,207,23,-5,-20,24,22,229
NTRS,Northern Trust,124.43,63,33,9,9,114,61,39,3,11,114,228
GOOG,Alphabet (Class C),178.38,10,22,0,174,206,19,-4,-12,19,22,228
SYF,Synchrony Financial,66.16,49,33,10,19,111,54,46,1,16,117,228
AAON,AAON,73.56,0,-13,-6,243,224,7,-15,-18,29,3,227
ATI,ATI Inc.,86.78,14,40,9,41,104,23,46,3,50,122,226
TMUS,T-Mobile US,235.36,17,-34,87,137,207,31,-44,-1,33,19,226
ITW,Illinois Tool Works,248.06,16,4,-6,176,190,26,-10,-7,27,36,226
WDC,Western Digital,63.29,63,33,5,16,117,61,44,3,1,109,226
BSY,Bentley Systems,52.67,69,36,2,0,107,72,48,3,-4,119,226
AWI,Armstrong World Industries,163.0,32,40,87,19,178,41,-13,3,17,48,226
AMAT,Applied Materials,183.14,28,33,-23,147,185,28,13,1,-3,39,224
C,Citigroup,84.36,49,33,12,16,110,55,43,3,12,113,223
FTNT,Fortinet,103.09,31,32,47,111,221,-6,-7,3,11,1,222
MU,Micron Technology,124.75,133,32,2,20,187,-3,38,3,-3,35,222
DRI,Darden Restaurants,216.12,-22,52,37,59,126,-19,46,41,28,96,222
J,Jacobs Solutions,130.01,18,31,0,104,153,23,46,-17,17,69,222
MRVL,Marvell Technology,77.16,63,7,-14,104,160,21,38,-14,16,61,221
BAC,Bank of America,47.11,49,33,10,16,108,57,40,3,12,112,220
PANW,Palo Alto Networks,200.57,1,33,10,79,123,-5,44,3,55,97,220
LOPE,Grand Canyon Education,189.45,0,0,140,33,173,1,-13,27,32,47,220
TRMB,Trimble Inc.,75.66,32,33,72,2,139,29,38,1,10,78,217
HD,Home Depot (The),368.66,26,1,-5,178,200,34,-18,-17,17,16,216
VMI,Valmont Industries,333.8,17,23,55,56,151,23,43,-10,8,64,215
STT,State Street Corporation,105.28,48,35,10,14,107,54,40,2,12,108,215
NEU,NewMarket,686.4,35,55,12,27,129,-2,47,15,25,85,214
HLT,Hilton Worldwide,265.53,31,33,9,62,135,52,1,1,24,78,213
ALL,Allstate,195.7,-50,0,90,157,197,4,-9,4,15,14,211
NET,Cloudflare,194.05,57,33,32,0,122,26,43,3,17,89,211
SCCO,Southern Copper,102.43,19,32,1,60,112,26,45,3,25,99,211
THC,Tenet Healthcare,173.55,58,42,7,55,162,23,2,1,22,48,210
EVRG,Evergy,68.33,34,14,51,12,111,7,14,70,8,99,210
COIN,Coinbase,353.39,50,32,2,0,84,60,46,2,16,124,208
EWBC,East West Bancorp,101.08,47,33,2,20,102,43,44,2,17,106,208
JNPR,Juniper Networks,36.83,42,28,1,52,123,61,5,1,18,85,208
SHW,Sherwin-Williams,345.61,2,0,0,188,190,5,-8,3,17,17,207
PCAR,Paccar,94.95,25,0,-15,157,167,23,-9,-7,32,39,206
PLNT,Planet Fitness,108.68,49,29,56,11,145,5,40,3,12,60,205
FERG,Ferguson Enterprises,217.96,31,35,4,63,133,-2,46,3,23,70,203
CRWD,CrowdStrike,499.56,24,46,38,0,108,26,48,3,18,95,203
FFIV,"F5, Inc.",295.74,7,32,87,12,138,1,46,3,15,65,203
FOXA,Fox Corporation (Class A),56.8,48,32,61,0,141,45,2,1,12,60,201
TXN,Texas Instruments,207.19,36,33,2,20,91,55,37,3,14,109,200
GE,GE Aerospace,254.5,31,44,12,25,112,35,2,23,27,87,199
HLI,Houlihan Lokey,182.4,35,35,10,42,122,45,4,3,24,76,198
MDLZ,Mondelez International,67.79,1,6,2,180,189,-16,20,12,-7,9,198
KEX,Kirby Corporation,115.02,14,33,0,33,80,28,46,3,40,117,197
MET,Metlife,80.36,31,32,2,56,121,55,4,1,16,76,197
WSO,Watsco,436.56,7,-28,-6,194,167,8,-26,-21,69,30,197
BWXT,BWX Technologies,143.19,14,31,6,33,84,33,48,3,29,113,197
OZK,Bank OZK,47.13,32,33,10,54,129,40,9,1,17,67,196
IRM,Iron Mountain,102.28,-4,38,0,55,89,4,46,3,54,107,196
KKR,KKR & Co. Inc.,134.31,28,22,0,101,151,23,15,-13,19,44,195
LPLA,LPL Financial,364.26,-34,34,38,97,135,7,-5,3,55,60,195
FYBR,Frontier Communications,36.3,35,0,82,0,117,-1,-20,87,12,78,195
PNR,Pentair,103.54,31,33,2,60,126,41,4,1,22,68,194
PAG,Penske Automotive Group,173.43,0,34,8,60,102,-14,48,3,55,92,194
RPM,RPM International,110.52,0,1,-12,178,167,23,-4,-20,28,27,194
TW,Tradeweb,144.93,44,11,102,0,157,27,-15,3,21,36,193
CELH,Celsius Holdings,45.88,28,72,0,63,163,-3,28,11,-7,29,192
MTG,MGIC Investment Corporation,27.67,52,46,12,53,163,-12,12,3,26,29,192
RF,Regions Financial Corporation,23.35,43,32,0,20,95,45,39,1,12,97,192
STWD,Starwood Property Trust,20.4,30,33,11,56,130,23,17,3,19,62,192
AON,AON,352.69,-3,-3,0,175,169,-14,-9,-8,54,23,192
CNM,Core & Main,60.37,31,35,12,0,78,42,46,3,22,113,191
SNX,TD Synnex,134.77,32,33,8,61,134,-2,39,1,19,57,191
LECO,Lincoln Electric,209.1,31,32,0,63,126,29,39,1,-5,64,190
SCHW,Charles Schwab Corporation,89.98,7,46,70,9,132,-3,46,3,12,58,190
CI,Cigna,326.21,20,2,2,56,80,40,2,13,55,110,190
MTB,M&T Bank,193.7,42,33,1,20,96,42,39,1,12,94,190
KR,Kroger,71.43,1,6,72,65,144,-13,3,43,13,46,190
AIZ,Assurant,196.81,-4,2,0,150,148,1,37,-13,17,42,190
HBAN,Huntington Bancshares,16.62,30,33,2,19,84,45,44,3,14,106,190
SKX,Skechers,63.07,35,31,-17,53,102,39,38,-13,24,88,190
WTFC,Wintrust Financial,123.33,32,33,2,47,114,12,46,1,17,76,190
R,Ryder,160.64,32,18,4,54,108,23,4,1,54,82,190
SOFI,SoFi,17.17,49,25,39,0,113,50,16,1,9,76,189
CINF,Cincinnati Financial,146.23,1,39,78,60,178,2,-8,3,13,10,188
ODFL,Old Dominion Freight Line,163.69,6,1,-19,185,173,26,-17,-24,30,15,188
SNV,Synovus,51.69,38,33,1,19,91,45,39,1,12,97,188
CBRE,CBRE Group,139.35,35,17,85,20,157,5,13,1,12,31,188
CB,Chubb Limited,285.12,-2,-3,94,56,145,-17,-9,15,54,43,188
FOX,Fox Corporation (Class B),52.34,48,32,60,0,140,45,2,-7,7,47,187
BLK,BlackRock,1047.31,29,32,10,20,91,28,46,3,19,96,187
ZS,Zscaler,315.41,35,46,10,3,94,26,48,3,16,93,187
META,Meta Platforms,733.69,31,33,10,27,101,26,38,1,21,86,187
EBAY,eBay,73.76,-40,42,70,12,84,-33,46,75,14,102,186
ADSK,Autodesk,305.13,41,36,47,12,136,26,4,3,17,50,186
FNB,FNB Corporation,14.55,31,33,-6,53,111,42,13,2,17,74,185
LMT,Lockheed Martin,458.51,-28,0,-22,163,113,-23,22,3,70,72,185
ALNY,Alnylam Pharmaceuticals,323.18,76,32,10,13,131,-2,40,3,13,54,185
MMM,3M,152.02,31,33,67,12,143,35,-10,3,12,40,183
GEV,GE Vernova,519.79,63,45,0,0,108,23,48,4,0,75,183
ABT,Abbott Laboratories,134.35,1,30,49,11,91,-9,48,41,12,92,183
BJ,BJ's Wholesale Club,114.33,36,1,71,8,116,-7,-16,33,56,66,182
VRT,Vertiv,127.12,63,32,2,6,103,23,46,-14,24,79,182
CAR,Avis Budget Group,174.22,63,49,2,-18,96,56,59,6,-35,86,182
CPNG,Coupang,30.8,28,39,10,0,77,40,46,3,15,104,181
ATO,Atmos Energy,152.5,-6,-3,67,43,101,-15,-26,78,43,80,181
EPR,EPR Properties,57.51,0,35,50,27,112,-19,46,23,19,69,181
PFGC,Performance Food Group,87.46,2,36,46,41,125,2,-4,3,55,56,181
DGX,Quest Diagnostics,177.75,-18,47,61,16,106,-12,13,61,12,74,180
SSNC,SS&C Technologies,81.8,14,9,83,12,118,23,34,-8,13,62,180
H,Hyatt Hotels,139.2,28,16,-16,53,81,26,39,-20,53,98,179
LOW,Lowe's,223.63,26,-10,-13,164,167,33,-18,-20,17,12,179
ANET,Arista Networks,99.33,24,18,0,56,98,26,14,-14,54,80,178
KEY,Keycorp,17.2,42,33,1,2,78,49,39,1,11,100,178
GRMN,Garmin,208.25,14,6,105,17,142,29,-3,-10,19,35,177
KD,Kyndryl,41.44,27,35,102,0,164,-1,-6,1,18,12,176
GLW,Corning Inc.,51.81,35,32,12,15,94,29,39,1,12,81,175
CWEN-A,Clearway Energy (Class A),30.44,14,31,51,4,100,10,42,15,8,75,175
AVT,Avnet,52.7,32,33,0,43,108,28,10,3,25,66,174
HIG,Hartford (The),124.68,-4,0,87,55,138,-19,-13,14,54,36,174
PG,Procter & Gamble,159.82,-4,-10,0,177,163,2,-8,-7,24,11,174
NTRA,Natera,168.01,0,24,85,16,125,6,22,3,17,48,173
APO,Apollo Global Management,142.88,28,15,0,95,138,23,3,-16,24,34,172
WBS,Webster Bank,54.73,29,33,1,12,75,40,41,1,15,97,172
AIG,American International Group,84.58,-3,30,21,51,99,4,33,16,19,72,171
GTES,Gates Corporation,23.11,32,33,10,13,88,23,41,3,16,83,171
SRE,Sempra,75.33,1,9,-8,179,181,-13,-10,1,12,-10,171
FHN,First Horizon Corporation,21.04,32,33,45,2,112,45,4,1,8,58,170
MSM,MSC Industrial Direct,85.48,14,33,0,56,103,23,48,3,-7,67,170
CLH,Clean Harbors,230.99,32,40,0,56,128,-2,-14,3,55,42,170
HAS,Hasbro,73.13,36,33,7,1,77,35,44,3,9,91,168
LAMR,Lamar Advertising,120.95,9,23,0,62,94,7,46,1,19,73,167
CNP,Centerpoint Energy,36.31,27,0,42,43,112,33,-27,36,13,55,167
MCHP,Microchip Technology,70.5,42,33,0,1,76,54,39,3,-5,91,167
RLI,RLI Corp.,71.3,-20,-17,-3,173,133,-19,-10,-22,85,34,167
CHE,Chemed Corporation,559.34,16,-26,-4,183,169,19,-14,-2,-6,-3,166
DOV,Dover Corporation,183.3,27,22,0,104,153,23,-15,-12,17,13,166
NOW,ServiceNow,1021.97,17,34,1,80,132,23,-10,1,20,34,166
FCNCA,First Citizens BancShares,1963.58,41,15,0,57,113,47,1,-14,19,53,166
ETR,Entergy,82.48,7,1,63,20,91,-15,-5,82,12,74,165
STAG,STAG Industrial,36.2,-3,33,0,94,124,1,39,3,-2,41,165
AFL,Aflac,105.08,49,0,1,56,106,5,1,-1,53,58,164
RRC,Range Resources,41.21,0,33,27,40,100,-26,34,3,53,64,164
ISRG,Intuitive Surgical,533.72,21,2,87,20,130,23,-14,1,24,34,164
BALL,Ball Corporation,56.41,124,33,-28,-9,120,-2,45,3,-3,43,163
CTVA,Corteva,74.38,1,46,46,0,93,12,46,3,9,70,163
PSTG,Pure Storage,55.4,29,32,0,40,101,28,-8,-14,55,61,162
MAR,Marriott International,273.53,31,33,2,56,122,26,1,-12,25,40,162
CWEN,Clearway Energy (Class C),32.12,2,31,51,2,86,10,42,15,8,75,161
DDS,Dillard's,415.06,16,15,7,52,90,27,1,-10,53,71,161
LDOS,Leidos,155.59,36,45,0,21,102,33,2,6,17,58,160
QGEN,Qiagen,47.77,16,30,5,1,52,23,71,3,11,108,160
TTWO,Take-Two Interactive,241.47,1,53,38,11,103,-9,10,38,18,57,160
EA,Electronic Arts,157.71,74,9,1,5,89,35,8,9,19,71,160
MSTR,MicroStrategy,383.66,21,0,92,17,130,26,-18,3,18,29,159
PRI,Primerica,268.49,32,1,0,106,139,5,-14,1,28,20,159
ADT,ADT Inc.,8.42,30,53,24,0,107,35,-8,18,6,51,158
THG,Hanover Insurance,167.47,-4,31,54,22,103,2,-5,46,12,55,158
SSD,Simpson Manufacturing Company,157.07,10,0,-19,154,145,32,-21,-22,24,13,158
CCL,Carnival Corporation & plc,27.26,32,32,10,0,74,26,40,1,17,84,158
CIEN,Ciena,82.12,34,33,2,10,79,72,-8,1,14,79,158
BRK-B,Berkshire Hathaway,485.44,-2,-18,117,60,157,-12,-30,18,24,0,157
UGI,UGI Corporation,36.11,0,47,35,2,84,-18,46,42,3,73,157
BX,Blackstone Inc.,151.13,28,4,-6,103,129,23,2,-17,19,27,156
FICO,Fair Isaac,1816.3,-3,-3,0,164,158,-12,2,-21,29,-2,156
SNOW,Snowflake Inc.,222.52,45,36,8,0,89,26,46,3,-8,67,156
DCI,Donaldson Company,69.57,14,33,0,63,110,23,-9,3,28,45,155
PNC,PNC Financial Services,185.8,42,23,0,12,77,45,38,-17,12,78,155
TXT,Textron,80.33,28,33,-28,51,84,28,43,3,-3,71,155
ALLE,Allegion,143.78,36,45,2,19,102,45,-15,3,20,53,155
GILD,Gilead Sciences,110.66,6,27,44,33,110,9,-2,1,37,45,155
CFG,Citizens Financial Group,44.43,45,21,1,2,69,49,38,-13,12,86,155
JEF,Jefferies Financial Group,55.75,31,9,-13,56,83,23,9,-16,55,71,154
AYI,Acuity Brands,303.77,49,9,1,25,84,28,38,-14,18,70,154
OGE,OGE Energy,44.03,-3,0,61,43,101,-16,-5,61,12,52,153
KNSL,Kinsale Capital Group,473.01,0,18,9,31,58,5,27,-20,83,95,153
ARW,Arrow Electronics,127.26,38,40,1,2,81,29,46,3,-6,72,153
RMD,Resmed,255.12,42,39,10,11,102,-7,45,2,11,51,153
K,Kellanova,79.03,0,-13,62,19,68,9,-10,74,11,84,152
IDXX,Idexx Laboratories,531.16,26,40,7,2,75,34,46,3,-6,77,152
NSC,Norfolk Southern,255.78,49,32,4,2,87,4,46,3,12,65,152
ALGM,Allegro MicroSystems,34.17,63,32,4,0,99,32,33,1,-14,52,151
MO,Altria,58.74,-19,30,63,43,117,-20,21,19,14,34,151
FITB,Fifth Third Bancorp,41.56,42,9,0,20,71,47,38,-20,14,79,150
CRUS,Cirrus Logic,106.05,49,33,-16,17,83,55,9,3,-1,66,149
TDY,Teledyne Technologies,509.73,15,32,45,12,104,27,2,3,13,45,149
FTI,TechnipFMC,34.54,-3,33,10,25,65,9,37,3,35,84,149
TRV,Travelers Companies (The),263.31,-21,0,84,56,119,-33,-9,17,54,29,148
VICI,Vici Properties,32.28,-3,14,51,13,75,-13,14,16,55,72,147
UBER,Uber,91.5,28,45,11,0,84,28,2,9,24,63,147
EXE,Expand Energy,118.93,0,53,34,0,87,-20,38,34,8,60,147
PAYX,Paychex,144.01,-92,-3,77,165,147,-13,-6,6,12,-1,146
CR,Crane Co.,188.35,19,40,9,0,68,29,42,3,3,77,145
CXT,Crane NXT,53.72,-7,23,-18,53,51,18,36,-14,54,94,145
CCK,Crown Holdings,103.46,63,43,10,3,119,-3,15,3,10,25,144
PPL,PPL Corporation,33.55,-6,-10,69,21,74,-18,-5,81,12,70,144
CEG,Constellation Energy,320.14,48,33,9,0,90,33,1,3,17,54,144
SLGN,Silgan Holdings,54.41,2,39,12,78,131,-2,1,3,11,13,144
CNA,CNA Financial,46.46,14,-17,87,55,139,7,-18,-2,18,5,144
HPE,Hewlett Packard Enterprise,18.41,28,29,-17,40,80,23,3,-14,52,64,144
VEEV,Veeva Systems,283.21,0,36,38,6,80,5,39,3,16,63,143
CVNA,Carvana,319.02,5,45,85,9,144,-12,-6,3,14,-1,143
NVT,Nvent Electric,73.35,32,33,1,10,76,23,46,1,-3,67,143
PRU,Prudential Financial,107.13,31,23,-6,53,101,29,15,-20,17,41,142
AMG,Affiliated Managers Group,197.68,28,39,4,20,91,23,10,3,15,51,142
PNFP,Pinnacle Financial Partners,109.56,32,33,0,13,78,45,1,1,16,63,141
FCX,Freeport-McMoRan,43.84,18,33,-30,56,77,26,39,3,-4,64,141
GWRE,Guidewire Software,235.53,-42,46,103,19,126,-52,46,3,18,15,141
AGO,Assured Guaranty,87.51,50,2,2,54,108,5,5,3,20,33,141
CPRT,Copart,48.18,0,-24,-6,174,144,7,-20,-16,26,-3,141
STLD,Steel Dynamics,131.21,14,2,0,53,69,21,-8,3,55,71,140
CMG,Chipotle Mexican Grill,55.04,42,17,-17,78,120,2,10,-19,27,20,140
TOL,Toll Brothers,114.37,32,17,-16,59,92,35,10,-22,24,47,139
EXEL,Exelixis,43.66,-9,32,57,12,92,-14,-9,48,22,47,139
NYT,New York Times Company,55.59,27,44,8,14,93,31,-8,3,19,45,138
BEPC,Brookfield Renewable Partners,32.77,16,34,3,0,53,29,45,3,8,85,138
AZEK,Azek,54.87,10,51,14,0,75,26,13,6,18,63,138
EQT,EQT Corporation,58.29,0,39,34,40,113,-22,4,34,8,24,137
AMGN,Amgen,277.13,-49,0,-1,163,113,-2,-1,-7,34,24,137
ATR,AptarGroup,155.88,32,39,0,18,89,33,-13,3,23,46,135
DOX,Amdocs,91.01,-4,42,10,56,104,-15,40,3,3,31,135
CG,Carlyle Group (The),51.18,30,24,1,19,74,23,35,-13,16,61,135
ESI,Element Solutions,22.78,32,5,-13,55,79,54,5,-22,18,55,134
GEN,Gen Digital,29.29,0,36,8,14,58,21,38,3,14,76,134
WYNN,Wynn Resorts,94.7,63,35,1,1,100,35,1,3,-6,33,133
LH,Labcorp,260.57,-3,39,48,13,97,-20,39,1,16,36,133
TNL,Travel + Leisure Co.,51.92,30,23,2,14,69,23,39,-10,12,64,133
AFRM,Affirm Holdings,68.03,32,15,5,0,52,49,16,1,15,81,133
APG,APi Group,50.84,6,40,11,0,57,3,46,3,24,76,133
TRGP,Targa Resources,174.26,14,0,1,49,64,19,10,-13,52,68,132
TSCO,Tractor Supply Company,51.67,-4,0,0,83,79,-13,9,-26,83,53,132
DKS,Dick's Sporting Goods,202.92,21,1,0,61,83,26,5,-14,31,48,131
PEGA,Pegasystems,53.32,28,45,12,3,88,26,3,1,13,43,131
CARR,Carrier Global,73.66,29,40,1,0,70,33,1,3,24,61,131
DDOG,Datadog,132.09,61,23,-16,0,68,28,40,-19,13,62,130
AMZN,Amazon,223.21,13,23,10,19,65,21,38,-12,18,65,130
DKNG,DraftKings,42.92,105,9,2,0,116,-4,9,-11,18,12,128
FOUR,Shift4,98.28,32,13,1,0,46,28,42,-10,22,82,128
AL,Air Lease Corporation,58.7,14,39,10,20,83,23,-5,3,24,45,128
XYL,Xylem Inc.,128.14,26,33,1,20,80,23,2,3,20,48,128
ANSS,Ansys,346.7,14,33,10,9,66,26,12,3,21,62,128
ZION,Zions Bancorporation,51.48,32,15,0,2,49,43,38,-16,13,78,127
KIM,Kimco Realty,20.92,-3,32,0,53,82,-15,46,1,12,44,126
FHB,"First Hawaiian, Inc.",24.83,30,5,0,12,47,37,43,-13,12,79,126
ROK,Rockwell Automation,329.84,14,36,8,13,71,23,38,3,-9,55,126
TOST,"Toast, Inc.",43.88,7,34,70,0,111,4,-8,3,15,14,125
VNT,Vontier,36.99,30,33,0,0,63,23,40,1,-3,61,124
COHR,Coherent Corp.,87.19,21,32,0,13,66,23,39,-17,13,58,124
GL,Globe Life,123.91,32,2,38,12,84,45,-9,-2,6,40,124
WING,Wingstop,347.62,-10,39,4,36,69,-15,39,1,29,54,123
UNH,UnitedHealth Group,309.12,2,-49,-11,-2,-60,18,7,-24,182,183,123
MLM,Martin Marietta Materials,550.59,7,42,-3,58,104,4,-13,3,25,19,123
SMCI,Supermicro,47.57,21,9,0,56,86,20,32,-9,-7,36,122
IONS,Ionis Pharmaceuticals,39.77,49,36,-42,-9,34,51,42,3,-8,88,122
VOYA,Voya Financial,70.69,31,33,-16,2,50,34,7,1,29,71,121
NTAP,Netapp,105.8,32,18,-18,55,87,-9,46,-23,20,34,121
DOCS,Doximity,61.1,31,3,47,0,81,26,14,-10,10,40,121
BRX,Brixmor Property Group,26.05,8,15,0,53,76,5,12,3,24,44,120
XP,XP Inc.,19.7,0,47,5,0,52,20,45,9,-6,68,120
LFUS,Littelfuse,225.9,32,33,-18,0,47,40,38,1,-6,73,120
LHX,L3Harris,247.11,-6,55,5,3,57,-2,48,5,12,63,120
LNW,Light & Wonder,95.82,21,3,0,55,79,23,3,-8,23,41,120
RITM,Rithm Capital,11.39,13,33,10,30,86,23,-17,3,24,33,119
MANH,Manhattan Associates,197.25,31,27,-22,63,99,5,9,-20,25,19,118
PPC,Pilgrim's Pride,44.55,-20,-17,79,19,61,-17,-38,96,16,57,118
MPC,Marathon Petroleum,167.43,1,35,0,47,83,-2,39,3,-6,34,117
AS,Amer Sports,39.37,12,33,0,0,45,31,38,3,0,72,117
ALLY,Ally Financial,38.9,31,23,1,2,57,28,17,1,14,60,117
TWLO,Twilio,122.73,30,25,40,-32,63,54,1,-11,9,53,116
XPO,"XPO, Inc.",127.56,32,15,0,59,106,-6,7,-16,25,10,116
ABBV,AbbVie,182.38,-2,-1,10,56,63,-2,-1,-7,62,52,115
HII,Huntington Ingalls Industries,238.63,19,72,1,4,96,12,3,9,-7,17,113
SARO,StandardAero,31.66,14,33,0,0,47,23,40,3,0,66,113
VRTX,Vertex Pharmaceuticals,441.31,-1,-37,-2,102,62,-12,12,16,35,51,113
RGLD,Royal Gold,175.48,-7,0,54,16,63,-25,-1,61,14,49,112
PFG,Principal Financial Group,79.21,31,4,-6,53,82,42,-15,-13,16,30,112
NCLH,Norwegian Cruise Line Holdings,20.19,28,4,-13,0,19,54,34,-13,18,93,112
WHR,Whirlpool Corporation,96.12,126,10,-17,-24,95,31,32,-13,-34,16,111
CMI,Cummins,325.79,14,5,0,63,82,23,-8,-14,28,29,111
XEL,Xcel Energy,67.81,30,-17,44,10,67,1,-17,52,7,43,110
OSK,Oshkosh Corporation,113.61,14,32,4,2,52,23,37,1,-3,58,110
REG,Regency Centers,70.53,-4,0,61,51,108,-19,1,3,17,2,110
GLPI,Gaming and Leisure Properties,46.38,-4,-3,0,63,56,-13,13,-1,55,54,110
CMA,Comerica,59.43,30,7,0,2,39,40,38,-17,10,71,110
DG,Dollar General,114.47,16,74,0,-15,75,19,22,15,-24,32,107
APP,AppLovin,333.03,-1,23,98,0,120,-12,-7,-10,16,-13,107
HR,Healthcare Realty Trust,15.76,102,1,0,-37,66,49,7,-22,7,41,107
TFC,Truist Financial,42.6,42,7,0,2,51,45,15,-16,12,56,107
FNF,Fidelity National Financial,56.53,32,-35,1,56,54,35,3,-4,19,53,107
JLL,Jones Lang LaSalle,256.85,35,7,1,12,55,40,12,-13,12,51,106
QRVO,Qorvo,83.88,30,33,0,-29,34,32,41,2,-3,72,106
UI,Ubiquiti,402.79,19,5,45,8,77,29,-11,3,8,29,106
AMTM,Amentum,23.44,21,45,0,0,66,26,10,3,0,39,105
CFR,Frost Bank,128.88,29,33,1,2,65,40,-9,1,8,40,105
ELAN,Elanco,14.29,14,36,0,-5,45,23,38,2,-4,59,104
WTM,White Mountains Insurance Group,1763.82,0,0,0,57,57,22,-16,-13,54,47,104
WSM,"Williams-Sonoma, Inc.",162.93,14,1,1,63,79,15,1,-10,19,25,104
ACGL,Arch Capital Group,90.32,-4,0,-1,60,55,5,-9,3,49,48,103
SN,SharkNinja,96.48,49,9,1,0,59,54,1,-11,0,44,103
FIVE,Five Below,130.62,20,35,0,-14,41,26,44,4,-13,61,102
SPR,Spirit AeroSystems,38.59,7,47,11,0,65,6,-4,23,12,37,102
SAIC,SAIC,109.19,21,-19,-30,65,37,22,-19,7,55,65,102
IDA,Idacorp,114.52,11,2,49,16,78,1,-5,19,8,23,101
EXPD,Expeditors International,115.0,7,1,-13,129,124,7,1,-30,-1,-23,101
USB,U.S. Bancorp,45.76,28,33,0,2,63,40,2,-17,13,38,101
SNA,Snap-on,310.96,0,-10,0,57,47,23,-13,-12,55,53,100
PHM,PulteGroup,105.5,31,6,-16,63,84,5,10,-27,27,15,99
IR,Ingersoll Rand,84.24,28,32,-14,21,67,23,2,-21,27,31,98
AEE,Ameren,95.28,-2,-3,50,11,56,-13,-8,55,8,42,98
LAZ,Lazard,47.83,35,16,0,18,69,35,4,-21,11,29,98
FAF,First American Financial Corporation,61.27,36,2,0,12,50,36,7,-12,16,47,97
GRAL,"Grail, Inc.",48.53,21,13,0,0,34,16,46,1,0,63,97
NTNX,Nutanix,75.25,14,2,24,20,60,26,-14,3,22,37,97
DHI,D. R. Horton,128.67,34,6,-21,63,82,5,10,-28,28,15,97
DIS,Walt Disney Company (The),122.32,27,33,8,-39,29,26,37,3,1,67,96
QCOM,Qualcomm,158.55,14,18,-18,20,34,23,41,1,-3,62,96
COKE,Coca-Cola Consolidated,111.49,14,-40,0,83,57,37,-40,-8,50,39,96
AEP,American Electric Power,102.46,0,0,66,21,87,-16,-4,16,12,8,95
NNN,NNN Reit,42.88,0,31,1,20,52,12,15,3,12,42,94
DLR,Digital Realty,171.25,-16,39,0,20,43,-15,46,3,17,51,94
NOC,Northrop Grumman,493.98,-11,0,3,56,48,6,20,10,10,46,94
JHG,Janus Henderson,38.73,29,18,0,17,64,23,2,-12,16,29,93
HIW,Highwoods Properties,31.09,-26,39,4,4,21,12,46,3,11,72,93
AMED,Amedisys,97.92,20,50,5,-38,37,17,13,18,8,56,93
APD,Air Products,282.34,22,4,0,14,40,23,34,-12,8,53,93
AGNC,AGNC Investment,9.27,1,18,4,14,37,23,16,1,15,55,92
XOM,ExxonMobil,109.35,-26,12,0,42,28,3,11,2,48,64,92
DLTR,Dollar Tree,98.66,0,50,0,-13,37,7,49,18,-20,54,91
ZBRA,Zebra Technologies,309.43,32,19,-14,-5,32,23,38,-14,11,58,90
EOG,EOG Resources,120.15,-17,12,0,43,38,4,13,-14,49,52,90
PODD,Insulet,313.08,27,34,38,2,101,-13,-9,7,4,-11,90
APPF,AppFolio,227.37,32,18,0,26,76,-9,10,-13,26,14,90
INFA,Informatica,24.25,36,24,-35,0,25,23,46,1,-5,65,90
EXPE,Expedia Group,170.73,7,6,42,9,64,26,-3,-11,12,24,88
PINS,Pinterest,35.95,28,18,0,0,46,23,34,-12,-3,42,88
ST,Sensata Technologies,29.96,43,33,-35,-13,28,55,37,1,-33,60,88
LLYVK,Liberty Live (Series C),80.45,9,39,22,0,70,5,9,3,0,17,87
NLY,Annaly Capital Management,19.4,14,15,11,8,48,23,1,1,14,39,87
RGA,Reinsurance Group of America,197.59,2,0,0,38,40,6,-11,1,51,47,87
ECG,Everus Construction Group,63.32,32,31,0,0,63,29,5,-10,0,24,87
MORN,"Morningstar, Inc.",313.01,26,33,-13,26,72,23,-5,-19,16,15,87
RPRX,Royalty Pharma,35.89,37,36,25,0,98,-9,15,19,-36,-11,87
MP,MP Materials,32.88,0,16,25,0,41,-7,13,38,2,46,87
CUBE,CubeSmart,42.37,-3,39,-16,20,40,-13,44,3,12,46,86
PR,Permian Resources,13.74,-28,32,-1,24,27,-26,35,3,47,59,86
NEM,Newmont,56.75,0,57,12,3,72,-25,19,12,8,14,86
DT,Dynatrace,54.87,0,31,7,0,38,1,39,-11,18,47,85
MASI,Masimo,168.03,31,6,39,-4,72,-7,19,-8,8,12,84
W,Wayfair,51.21,63,33,0,-39,57,23,39,3,-38,27,84
CSX,CSX Corporation,32.89,15,32,-29,2,20,29,36,3,-4,64,84
IT,Gartner,402.68,0,-10,-14,56,32,22,-13,-12,55,52,84
ELF,e.l.f. Beauty,126.4,10,25,-43,29,21,26,39,1,-3,63,84
DECK,Deckers Brands,104.18,6,-12,-17,91,68,23,-24,-13,29,15,83
MSCI,MSCI,576.4,28,31,1,12,72,24,-15,-16,18,11,83
GXO,GXO Logistics,49.0,42,33,-30,0,45,2,39,2,-6,37,82
WEC,WEC Energy Group,103.09,-21,-3,48,11,35,-19,-5,61,9,46,81
VMC,Vulcan Materials,262.18,6,0,0,58,64,4,-15,3,25,17,81
LBRDA,Liberty Broadband (Series A),95.57,31,44,40,-34,81,6,-16,3,6,-1,80
LVS,Las Vegas Sands,44.13,32,33,-15,-4,46,26,39,-19,-12,34,80
TXRH,Texas Roadhouse,187.68,-21,34,2,62,77,-21,-8,3,29,3,80
EL,Estée Lauder Companies (The),80.09,63,23,0,-24,62,14,36,1,-33,18,80
ROKU,"Roku, Inc.",86.97,28,14,3,-17,28,23,38,-11,2,52,80
SOLV,Solventum,75.47,25,6,0,0,31,23,34,-9,0,48,79
SPG,Simon Property Group,160.46,13,2,0,33,48,10,1,1,19,31,79
MSGS,Madison Square Garden Sports,208.56,43,7,0,19,69,2,1,-19,25,9,78
SUI,Sun Communities,126.63,39,24,2,-22,43,8,14,3,9,34,77
WAL,Western Alliance Bancorporation,77.57,30,6,0,2,38,40,3,-20,16,39,77
OKE,Oneok,81.25,-3,-5,-6,52,38,8,-1,-18,49,38,76
VLTO,Veralto,101.03,28,33,0,0,61,23,-10,2,0,15,76
POST,Post Holdings,108.7,-27,-4,0,85,54,-32,-1,-1,55,21,75
HSIC,Schein (Henry),73.26,32,9,1,0,42,42,2,-12,1,33,75
TPG,TPG Inc.,53.11,29,16,-6,0,39,28,7,-17,17,35,74
OTIS,Otis Worldwide,97.58,28,0,1,0,29,26,1,-7,24,44,73
WPC,W. P. Carey,62.83,-4,30,22,0,48,-19,22,19,3,25,73
LBRDK,Liberty Broadband (Series C),96.15,30,44,40,-34,80,1,-17,3,6,-7,73
IVZ,Invesco,15.69,32,9,-13,0,28,42,5,-13,11,45,73
CSGP,CoStar Group,80.73,0,15,0,12,27,27,10,16,-7,46,73
ECL,Ecolab,267.5,2,31,9,20,62,-9,-1,3,17,10,72
DINO,HF Sinclair,41.15,0,35,0,0,35,-1,40,3,-6,36,71
VLO,Valero Energy,134.66,-7,33,0,42,68,-31,35,2,-3,3,71
AFG,American Financial Group,124.91,1,0,-5,54,50,1,5,3,12,21,71
GNRC,Generac,142.42,35,17,-13,-32,7,42,35,-21,8,64,71
OWL,Blue Owl Capital,19.44,27,12,0,0,39,23,4,-14,19,32,71
PARAA,Paramount Global (Class A),22.53,-1,0,32,0,31,28,6,1,4,39,70
UHS,Universal Health Services,178.1,20,0,-4,20,36,23,-14,1,24,34,70
CRH,CRH plc,91.5,7,0,0,62,69,5,-19,-10,25,1,70
CUZ,Cousins Properties,30.09,-4,23,4,9,32,7,16,3,11,37,69
ILMN,"Illumina, Inc.",94.9,107,13,-21,-38,61,28,39,-21,-38,8,69
TER,Teradyne,90.46,44,4,-22,-4,22,32,34,-16,-3,47,69
FLS,Flowserve,53.64,21,4,0,25,50,23,-14,-14,23,18,68
ALSN,Allison Transmission,94.6,0,0,0,33,33,26,-10,-14,32,34,67
EXR,Extra Space Storage,145.8,-4,30,-6,0,20,-13,46,3,11,47,67
LLYVA,Liberty Live (Series A),78.81,7,46,21,0,74,-17,7,3,0,-7,67
ADC,Agree Realty,72.32,-21,-3,56,14,46,-21,15,16,11,21,67
BAH,Booz Allen Hamilton,102.86,1,-22,-23,99,55,17,-18,-25,36,10,65
BROS,Dutch Bros. Coffee,69.34,2,25,46,0,73,-11,-7,1,9,-8,65
MKC,McCormick & Company,76.36,14,0,1,0,15,36,13,-7,8,50,65
NDSN,Nordson,215.15,2,32,-29,0,5,23,38,3,-5,59,64
MKSI,MKS Instruments,100.28,28,18,-20,-11,15,28,38,-14,-3,49,64
DXCM,Dexcom,86.33,26,37,0,-12,51,23,-6,3,-7,13,64
ROIV,Roivant Sciences,11.4,0,43,0,0,43,-16,12,3,22,21,64
ALAB,Astera Labs,90.96,-3,31,0,0,28,11,40,-15,0,36,64
INGM,Ingram Micro,20.62,28,18,0,0,46,26,2,-11,0,17,63
NVR,"NVR, Inc.",7384.99,14,2,-16,63,63,5,-8,-25,27,-1,62
PCOR,Procore,67.87,28,4,-4,0,28,26,1,-10,17,34,62
RRX,Regal Rexnord,146.57,28,33,-21,1,41,23,9,-22,11,21,62
GAP,Gap Inc.,21.9,14,-5,-5,16,20,36,-16,4,17,41,61
PSN,Parsons Corporation,70.58,14,18,-20,0,12,21,17,-23,33,48,60
ESS,Essex Property Trust,285.1,-3,15,0,12,24,8,13,3,12,36,60
TRU,TransUnion,87.23,30,22,-4,1,49,-3,1,1,12,11,60
PNW,Pinnacle West Capital,88.52,-4,-10,61,16,63,-13,-29,15,24,-3,60
MAS,Masco,64.16,10,0,-13,63,60,26,-20,-25,19,0,60
OC,Owens Corning,138.02,10,0,-17,56,49,29,-24,-21,27,11,60
FIS,Fidelity National Information Services,80.8,1,48,0,-35,14,-12,46,2,9,45,59
PPG,PPG Industries,114.13,31,33,-39,-6,19,42,1,3,-6,40,59
BLDR,Builders FirstSource,117.02,36,0,-21,63,78,2,5,-25,-1,-19,59
CPAY,Corpay,327.0,0,0,0,19,19,23,-7,1,23,40,59
HST,Host Hotels & Resorts,15.76,1,33,-25,2,11,5,46,1,-4,48,59
LII,Lennox International,567.37,36,0,0,36,72,-6,-17,-16,25,-14,58
BWA,BorgWarner,33.59,10,35,1,0,46,26,-3,3,-14,12,58
F,Ford Motor Company,10.81,11,47,0,-15,43,6,9,3,-3,15,58
LAD,Lithia Motors,335.5,1,14,0,12,27,-12,39,-15,19,31,58
WAT,Waters Corporation,352.57,25,3,1,12,41,31,-14,-13,12,16,57
AR,Antero Resources,41.16,-12,33,34,8,63,-27,10,3,8,-6,57
NU,Nubank,13.24,30,4,1,0,35,-2,4,3,17,22,57
BA,Boeing,214.51,7,46,1,0,54,14,-5,3,-9,3,57
BOKF,BOK Financial Corporation,97.09,29,2,-5,20,46,36,-18,-19,12,11,57
AOS,A. O. Smith,65.64,27,0,-35,56,48,28,-19,3,-3,9,57
KEYS,Keysight,164.33,28,33,9,0,70,-2,-15,1,3,-13,57
LYFT,Lyft,15.74,28,34,1,0,63,-3,-9,3,2,-7,56
PKG,Packaging Corporation of America,189.33,1,1,-6,59,55,1,-5,-19,24,1,56
LNC,Lincoln Financial,34.55,14,2,11,-4,23,23,2,1,6,32,55
PARA,Paramount Global (Class B),12.52,47,34,1,-37,45,8,40,5,-43,10,55
VTR,"Ventas, Inc.",62.87,-3,-22,65,20,60,-5,-29,16,13,-5,55
CRM,Salesforce,273.25,28,0,-6,20,42,28,-20,-14,19,13,55
AGCO,AGCO,102.4,9,35,0,0,44,16,1,4,-11,10,54
SMG,Scotts Miracle-Gro Company,65.78,19,29,-15,-37,-4,40,32,-25,11,58,54
NVST,Envista,19.66,29,18,-16,0,31,28,39,-16,-30,21,52
GWW,W. W. Grainger,1027.86,-70,0,0,92,22,-20,-8,3,55,30,52
TYL,Tyler Technologies,581.21,1,5,0,15,21,4,32,-21,16,31,52
UTHR,United Therapeutics,284.26,0,-13,-3,55,39,-15,-8,-22,57,12,51
BKR,Baker Hughes,38.06,-34,0,0,33,-1,8,32,-12,24,52,51
MDU,MDU Resources,16.56,1,0,0,38,39,3,-21,3,27,12,51
CFLT,"Confluent, Inc.",24.49,14,2,-9,0,7,26,27,-11,2,44,51
PEN,"Penumbra, Inc.",256.42,0,-22,25,9,12,23,-25,39,1,38,50
PB,Prosperity Bancshares,70.11,19,0,0,12,31,42,-18,-17,12,19,50
LPX,Louisiana-Pacific,87.71,0,0,-3,61,58,-2,-13,-17,24,-8,50
KBR,"KBR, Inc.",48.19,-45,-6,-23,62,-12,13,-6,-1,55,61,49
TKR,Timken Company,73.19,28,18,-17,2,31,-2,37,-14,-3,18,49
A,Agilent Technologies,119.15,14,7,-16,0,5,23,36,-13,-3,43,48
IRDM,Iridium Communications,30.05,14,15,0,-17,12,31,37,-16,-17,35,47
PSX,Phillips 66,119.21,-24,32,-1,39,46,-32,34,2,-3,1,47
CNH,CNH Industrial,13.02,9,34,12,0,55,23,-14,3,-21,-9,46
BLD,TopBuild,324.79,42,7,-22,44,71,5,10,-39,-1,-25,46
AMT,American Tower,217.78,-2,11,9,4,22,-14,16,13,9,24,46
NBIX,Neurocrine Biosciences,125.4,-1,24,-21,23,25,-7,43,-13,-2,21,46
TTEK,Tetra Tech,35.63,0,31,-22,3,12,-4,46,-25,17,34,46
MEDP,Medpace,310.75,38,7,-20,30,55,-12,17,-12,-2,-9,46
BBWI,"Bath & Body Works, Inc.",30.09,55,0,-18,-13,24,55,-21,-9,-4,21,45
EXP,Eagle Materials,204.91,31,-22,-8,55,56,5,-19,-22,25,-11,45
CHDN,Churchill Downs Incorporated,100.95,17,2,-24,0,-5,26,20,-25,28,49,44
TROW,T. Rowe Price,96.11,30,18,-16,-23,9,40,2,-18,11,35,44
HES,Hess Corporation,138.96,-27,0,0,53,26,3,18,-4,1,18,44
ULTA,Ulta Beauty,458.09,-23,43,5,2,27,-28,46,5,-7,16,43
VAC,Marriott Vacations Worldwide,73.83,50,8,-18,-15,25,55,4,-18,-23,18,43
OLED,Universal Display Corporation,156.27,2,33,-30,0,5,-2,40,3,-3,38,43
XYZ,"Block, Inc.",66.65,28,11,-17,-34,-12,31,30,-18,11,54,42
RKT,Rocket Companies,14.21,0,7,0,0,7,-14,29,2,18,35,42
EGP,EastGroup Properties,167.55,-20,30,-1,6,15,-18,45,3,-3,27,42
D,Dominion Energy,55.86,32,31,7,-32,38,1,-8,3,8,4,42
CTSH,Cognizant,77.71,0,5,9,12,26,19,-9,-11,16,15,41
EW,Edwards Lifesciences,78.23,27,7,1,-12,23,36,-8,23,-33,18,41
UAL,United Airlines Holdings,79.18,7,6,0,9,22,23,-5,-13,14,19,41
INGR,Ingredion,135.83,-26,0,0,32,6,-19,-4,3,54,34,40
HRB,H&R Block,54.7,-28,-14,0,50,8,1,-26,7,50,32,40
MAT,Mattel,19.78,16,32,7,0,55,23,1,-11,-29,-16,39
SNDK,SanDisk,47.18,2,9,0,0,11,-5,33,0,0,28,39
CVS,CVS Health,68.48,14,6,3,-15,8,26,12,18,-26,30,38
PATH,UiPath,12.72,9,23,-4,0,28,26,-11,3,-8,10,38
SFD,Smithfield Foods,23.15,-21,28,0,0,7,-15,46,0,0,31,38
CMS,CMS Energy,69.01,-4,-25,69,21,61,-19,-31,15,12,-23,38
IP,International Paper,47.38,7,0,0,14,21,23,-8,-13,14,16,37
HXL,Hexcel,56.9,14,5,-22,0,-3,26,34,-14,-7,39,36
FTV,Fortive,71.61,10,4,-14,31,31,23,-5,-10,-3,5,36
FSLR,First Solar,152.13,0,-6,-32,60,22,23,-8,3,-4,14,36
GM,General Motors,49.65,8,15,0,9,32,7,7,-21,11,4,36
VVV,Valvoline,38.21,9,18,-19,29,37,7,34,-41,-2,-2,35
ROST,Ross Stores,127.9,0,-10,-6,33,17,5,-18,4,27,18,35
INCY,Incyte,68.38,0,19,0,-29,-10,23,41,-24,5,45,35
MIDD,Middleby,144.94,7,4,7,0,18,23,-8,-9,11,17,35
VTRS,Viatris,9.01,14,7,-18,-5,-2,30,11,-22,17,36,34
LEN-B,Lennar (Class B),105.2,7,0,-21,60,46,-9,-3,-28,28,-12,34
OHI,Omega Healthcare Investors,36.57,-3,-1,0,38,34,-19,-6,-4,29,0,34
MRP,Millrose Properties,28.74,12,22,0,0,34,5,-6,0,0,-1,33
EEFT,Euronet Worldwide,101.82,0,0,0,-1,-1,23,-3,3,11,34,33
CHH,Choice Hotels,127.93,9,0,-6,13,16,23,-8,-10,12,17,33
CTRA,Coterra,25.59,-17,0,4,42,29,-28,25,-5,11,3,32
SBUX,Starbucks,92.14,-4,1,3,1,1,2,32,-8,5,31,32
SNDR,Schneider National,24.47,7,13,-16,0,4,7,32,-20,8,27,31
O,Realty Income,57.02,-15,29,3,5,22,-20,15,3,11,9,31
FE,FirstEnergy,39.88,-3,-3,0,53,47,-14,-18,3,12,-17,30
THO,Thor Industries,89.74,14,17,-19,0,12,5,39,-22,-4,18,30
GEHC,GE HealthCare,74.38,16,2,-13,0,5,23,7,-11,6,25,30
NUE,Nucor,131.48,58,10,-48,1,21,28,11,-25,-6,8,29
DAL,Delta Air Lines,49.59,9,5,-6,17,25,3,-10,-14,24,3,28
VZ,Verizon,42.28,0,-9,23,8,22,-13,-9,16,12,6,28
SYY,Sysco,75.02,-4,20,0,1,17,-13,33,-21,12,11,28
ESAB,ESAB,120.6,1,0,1,0,2,23,-15,3,15,26,28
WEX,WEX Inc.,146.75,20,15,-36,-3,-4,32,33,-27,-6,32,28
LNT,Alliant Energy,60.34,-21,-3,61,12,49,-19,-17,3,11,-22,27
WBD,Warner Bros. Discovery,11.31,32,13,5,-40,10,26,33,1,-43,17,27
DVA,DaVita,141.73,28,-52,0,18,-6,28,1,-13,17,33,27
SWKS,Skyworks Solutions,74.8,28,31,-36,-28,-5,32,41,-39,-3,31,26
CNXC,Concentrix,51.71,-2,-1,0,0,-3,23,36,1,-31,29,26
TFSL,Third Federal S&L,12.94,14,7,1,3,25,-1,-18,3,17,1,26
ADM,Archer Daniels Midland,51.75,0,34,-1,-9,24,7,10,3,-18,2,26
CL,Colgate-Palmolive,88.72,0,-10,-4,21,7,7,-5,-7,24,19,26
ABNB,Airbnb,134.55,6,18,-3,0,21,23,-5,-11,-3,4,25
UDR,"UDR, Inc.",40.69,-4,-1,0,0,-5,4,12,3,11,30,25
AVB,AvalonBay Communities,204.43,-22,2,0,14,-6,2,13,2,13,30,24
GDDY,GoDaddy,180.07,9,0,0,20,29,4,-17,-12,20,-5,24
MUSA,Murphy USA,407.53,-2,-35,-6,66,23,-20,-35,-22,77,0,23
CBSH,Commerce Bancshares,62.08,9,0,0,2,11,13,-15,3,11,12,23
PENN,Penn Entertainment,18.28,51,4,-16,-32,7,55,14,-11,-42,16,23
ZG,Zillow (Class A),68.2,0,6,47,-39,14,-13,15,-11,18,9,23
JNJ,Johnson & Johnson,152.39,0,0,1,0,1,26,-1,-7,4,22,23
QS,QuantumScape,6.62,21,7,0,0,28,21,7,1,-34,-5,23
LEN,Lennar (Class A),110.18,11,0,-23,62,50,5,-3,-28,-1,-27,23
AMH,American Homes 4 Rent,35.93,-21,0,-1,66,44,-21,-17,3,13,-22,22
G,Genpact,43.55,7,0,1,0,8,23,-9,-8,8,14,22
LOAR,Loar Holdings,87.99,14,0,0,0,14,23,-23,7,0,7,21
Z,Zillow (Class C),69.73,1,6,4,0,11,-13,15,-11,18,9,20
EQIX,Equinix,785.34,-16,-2,-1,32,13,-14,-3,-1,24,6,19
CF,CF Industries,90.97,-32,32,8,2,10,-44,44,3,6,9,19
VNOM,Viper Energy,38.21,-44,-5,-2,42,-9,5,-1,-21,45,28,19
NXST,Nexstar Media Group,172.46,0,32,2,2,36,7,-8,-25,8,-18,18
CART,Maplebear Inc.,44.86,11,2,16,0,29,5,-7,-10,0,-12,17
MDT,Medtronic,86.04,0,0,4,-4,0,-1,14,-7,11,17,17
WTW,Willis Towers Watson,304.84,23,-45,1,22,1,5,-9,-8,27,15,16
MTD,Mettler Toledo,1183.23,16,18,-16,0,18,-3,38,-34,-3,-2,16
NEE,NextEra Energy,70.92,-40,20,0,0,-20,7,15,3,11,36,16
ES,Eversource Energy,63.36,0,36,8,-8,36,6,-3,3,-26,-20,16
HOLX,Hologic,65.04,9,21,-28,0,2,19,28,-28,-5,14,16
KMPR,Kemper Corporation,64.07,1,23,0,2,26,-13,4,-13,12,-10,16
ED,Consolidated Edison,98.14,-60,-17,21,45,-11,-26,-5,15,43,27,16
EXC,Exelon,42.93,0,-22,48,12,38,-19,-32,19,8,-24,14
FI,Fiserv,172.33,35,-59,-7,33,2,-10,4,-8,25,11,13
NCNO,nCino,27.67,12,18,-19,0,11,12,-2,-21,13,2,13
BFAM,Bright Horizons,122.29,1,1,7,6,15,-12,-12,8,13,-3,12
DD,DuPont,68.88,14,4,-14,17,21,23,-3,-28,-1,-9,12
DNB,Dun & Bradstreet,9.08,52,12,-19,0,45,7,16,-21,-35,-33,12
AMKR,Amkor Technology,21.15,28,18,-33,0,13,28,14,-41,-3,-2,11
COLB,Columbia Banking System,23.33,14,0,-3,-7,4,36,-18,-19,8,7,11
ZM,Zoom Communications,78.38,6,0,2,0,8,12,-16,3,2,1,9
LUV,Southwest Airlines,32.17,2,32,9,-37,6,2,-3,1,2,2,8
EFX,Equifax,256.22,0,0,-2,14,12,-5,-18,3,16,-4,8
RNR,RenaissanceRe,241.16,-21,0,-1,33,11,-21,-9,1,26,-3,8
WDAY,"Workday, Inc.",237.41,-4,-5,-3,12,0,5,-19,1,20,7,7
APTV,Aptiv,68.77,7,33,0,-22,18,23,-3,3,-34,-11,7
FR,First Industrial Realty Trust,48.94,-4,-1,-6,12,1,-13,6,1,12,6,7
CVX,Chevron Corporation,143.77,-27,0,-1,46,18,-26,16,-5,4,-11,7
CACC,Credit Acceptance,502.66,1,9,0,0,10,-2,10,-8,-3,-3,7
DOCU,DocuSign,76.47,7,-13,-4,-10,-20,23,-7,1,9,26,6
PYPL,PayPal,73.64,28,23,-3,-37,11,5,-2,-17,7,-7,4
AMCR,Amcor,9.19,14,-3,-13,0,-2,23,1,-28,9,5,3
DPZ,Domino's,446.32,-7,-3,0,8,-2,-12,-19,20,16,5,3
SBAC,SBA Communications,230.8,0,6,9,-18,-3,-13,5,10,3,5,2
WBA,Walgreens Boots Alliance,11.45,14,33,0,-75,-28,14,48,1,-33,30,2
JBHT,J. B. Hunt,145.34,16,2,-24,0,-6,31,5,-21,-8,7,1
BIO,Bio-Rad Laboratories,242.39,49,0,-20,-26,3,53,4,-25,-35,-3,0
FDX,FedEx,228.89,1,1,-19,30,13,3,6,-21,-2,-14,-1
RYAN,Ryan Specialty,67.58,0,-3,2,0,-1,-13,-9,-2,23,-1,-2
CHTR,Charter Communications,400.95,30,1,11,-34,8,1,-18,3,4,-10,-2
PSA,Public Storage,289.88,-3,0,-4,13,6,-14,-9,3,11,-9,-3
BXP,"BXP, Inc.",68.6,-41,31,-1,0,-11,-52,46,3,11,8,-3
CHRW,C.H. Robinson,96.66,7,1,0,2,10,7,-8,-20,6,-15,-5
FND,Floor & Decor,75.35,16,-8,-28,-4,-24,40,5,-22,-4,19,-5
DLB,Dolby Laboratories,74.03,2,-1,-3,0,-2,23,-19,-13,6,-3,-5
WH,Wyndham Hotels & Resorts,81.88,6,-21,-4,9,-10,23,-21,-10,13,5,-5
AWK,American Water Works,137.89,-21,-3,19,0,-5,-20,-2,15,6,-1,-6
U,Unity Technologies,24.3,6,22,0,0,28,2,-6,3,-33,-34,-6
HAYW,Hayward Holdings,13.81,1,4,-6,0,-1,-2,-18,1,14,-5,-6
BURL,Burlington Stores,230.7,2,-8,-3,0,-9,23,-17,-19,15,2,-7
EIX,Edison International,50.96,28,-16,-25,-1,-14,-3,-17,-22,48,6,-8
KNX,Knight-Swift,45.06,10,5,-18,0,-3,31,-11,-14,-11,-5,-8
KRC,Kilroy Realty,34.79,-3,23,-13,-38,-31,7,26,-19,9,23,-8
MOS,Mosaic Company (The),35.31,-6,53,9,-14,42,-34,3,8,-28,-51,-9
GTLB,GitLab,45.16,8,-12,-14,0,-18,26,-20,-13,16,9,-9
BILL,Bill.com,45.56,32,1,-17,0,16,44,-21,-13,-35,-25,-9
WMS,Advanced Drainage Systems,115.96,1,17,-33,1,-14,-6,9,3,-1,5,-9
TEAM,Atlassian,202.32,7,-12,-3,-4,-12,26,-22,-11,9,2,-10
SW,Smurfit Westrock,43.05,8,0,0,0,8,9,-11,-16,0,-18,-10
TSLA,"Tesla, Inc.",323.8,-9,15,0,8,14,-21,5,-17,8,-25,-11
AVTR,Avantor,13.53,16,0,-22,0,-6,12,19,-33,-3,-5,-11
CCI,Crown Castle,100.64,0,6,0,-26,-20,-13,5,13,3,8,-12
OKTA,"Okta, Inc.",98.43,-6,-14,17,-22,-25,5,-18,22,4,13,-12
CCCS,CCC Intelligent Solutions,9.42,9,7,-21,0,-5,7,10,-20,-4,-7,-12
TTD,Trade Desk (The),69.3,-1,16,-20,2,-3,2,-9,-20,18,-9,-12
FMC,FMC Corporation,42.87,14,22,-33,-22,-19,33,26,-29,-24,6,-13
RVTY,Revvity,97.81,31,0,-13,-22,-4,-2,9,-18,1,-10,-14
HHH,Howard Hughes Holdings,67.86,0,-6,-6,-4,-16,5,6,-21,12,2,-14
INVH,Invitation Homes,32.71,-21,0,-1,5,-17,-21,-3,14,12,2,-15
AKAM,Akamai Technologies,79.61,30,0,-19,-5,6,-2,8,-19,-8,-21,-15
SEE,Sealed Air,31.24,1,33,-17,-22,-5,23,-4,1,-30,-10,-15
LEA,Lear Corporation,94.35,14,33,-61,-15,-29,23,2,2,-13,14,-15
GTM,ZoomInfo,10.09,7,6,-16,0,-3,7,37,-21,-35,-12,-15
BBY,Best Buy,68.21,0,0,-17,-4,-21,23,-3,-28,14,6,-15
ALK,Alaska Air Group,49.35,9,-3,-3,0,3,-3,-12,-10,7,-18,-15
CMCSA,Comcast,35.33,10,5,-28,-7,-20,23,10,-25,-6,2,-18
TECH,Bio-Techne,51.85,16,0,-20,-22,-26,23,9,-20,-4,8,-18
MDB,MongoDB Inc.,209.92,9,4,-19,-7,-13,26,-5,-20,-7,-6,-19
VNO,Vornado Realty Trust,38.26,-35,1,0,2,-32,2,-3,1,13,13,-19
GPK,Graphic Packaging,21.01,-4,-77,-12,56,-37,-13,-14,-25,69,17,-20
HPQ,HP Inc.,24.77,10,-10,-18,0,-18,23,-18,-22,14,-3,-21
ACN,Accenture,295.25,0,-6,-16,12,-10,-8,-8,-12,17,-11,-21
AXTA,Axalta,29.86,7,-20,-9,20,-2,1,-23,-22,24,-20,-22
SEB,Seaboard Corporation,2830.0,1,7,0,-21,-13,-2,19,1,-27,-9,-22
GPC,Genuine Parts Company,120.44,0,0,-6,0,-6,3,-8,3,-15,-17,-23
TGT,Target Corporation,99.24,7,0,-24,-9,-26,26,13,-32,-4,3,-23
MTDR,Matador Resources,48.22,-26,13,-22,0,-35,-2,33,-15,-4,12,-23
RH,RH,190.83,0,-7,-17,-5,-29,16,-1,-16,7,6,-23
DBX,Dropbox,28.11,-17,0,12,7,2,-12,-20,1,6,-25,-23
ENTG,Entegris,82.38,28,3,-37,-4,-10,23,9,-42,-3,-13,-23
HUBS,HubSpot,550.19,0,-12,-3,9,-6,-3,-20,-11,17,-17,-23
WST,West Pharmaceutical Services,218.85,0,16,-20,-5,-9,-6,16,-20,-6,-16,-25
PCG,PG&E Corporation,13.99,9,-17,-23,0,-31,9,-19,-22,38,6,-25
TPL,Texas Pacific Land Corporation,1055.32,-63,-20,-2,56,-29,9,-20,3,11,3,-26
ACI,Albertsons,21.19,-15,-2,18,0,1,-17,-23,20,-7,-27,-26
EMN,Eastman Chemical Company,76.21,0,-10,-14,0,-24,23,-12,-28,13,-4,-28
SHC,Sotera Health,11.33,0,-10,-20,0,-30,20,-17,3,-4,2,-28
LULU,Lululemon Athletica,235.11,0,-15,-4,-1,-20,23,-9,-13,-10,-9,-29
PCTY,Paylocity,179.52,0,-11,0,-1,-12,4,-13,-12,3,-18,-30
EQR,Equity Residential,67.35,-34,0,0,11,-23,3,-24,3,11,-7,-30
DHR,Danaher Corporation,198.8,0,15,-22,0,-7,-2,14,-33,-2,-23,-30
SITE,SiteOne Landscape Supply,120.48,1,0,-19,-7,-25,26,-3,-22,-6,-5,-30
ON,ON Semiconductor,52.94,-3,18,-30,0,-15,-6,39,-36,-13,-16,-31
FANG,Diamondback Energy,139.83,-35,2,-22,45,-10,5,18,-41,-3,-21,-31
INTC,Intel,22.7,28,4,-62,-18,-48,28,9,-10,-10,17,-31
AZTA,Azenta,30.59,18,0,-46,-29,-57,18,27,-12,-7,26,-31
PFE,Pfizer,24.19,0,14,-26,-21,-33,23,39,-34,-26,2,-31
CAVA,Cava Group,77.89,13,-22,-7,0,-16,26,-21,-21,0,-16,-32
CROX,Crocs,103.02,7,-7,-35,0,-35,22,-19,3,-3,3,-32
PLD,Prologis,105.58,-3,1,-16,0,-18,-13,-2,3,-3,-15,-33
PK,Park Hotels & Resorts,10.53,11,0,-19,-5,-13,26,-22,-21,-3,-20,-33
CRL,Charles River Laboratories,149.99,16,18,-47,-24,-37,29,36,-56,-6,3,-34
ESTC,Elastic NV,82.7,9,-7,-6,-4,-8,5,-18,-11,-2,-26,-34
BC,Brunswick Corporation,55.6,-3,17,-31,-5,-22,-17,33,-22,-7,-13,-35
GME,GameStop,23.59,0,-11,-3,-28,-42,21,-13,4,-5,7,-35
LSCC,Lattice Semiconductor,50.18,0,0,-13,-3,-16,-4,5,-10,-13,-22,-38
VKTX,Viking Therapeutics,26.53,1,0,-33,19,-13,22,-18,-26,-4,-26,-39
S,SentinelOne,17.85,14,-10,-18,0,-14,5,-21,-21,12,-25,-39
IEX,IDEX Corporation,176.27,0,0,-21,0,-21,23,-17,-21,-4,-19,-40
EG,Everest Group,336.78,0,-14,-29,53,10,-3,-14,-30,-3,-50,-40
GPN,Global Payments,78.73,28,-11,-20,-37,-40,23,1,-17,-8,-1,-41
CERT,"Certara, Inc.",11.38,9,-11,-8,0,-10,23,-28,3,-30,-32,-42
JAZZ,Jazz Pharmaceuticals,106.85,-2,-1,-8,-4,-15,23,-4,-9,-37,-27,-42
FBIN,Fortune Brands Innovations,51.29,14,-3,-19,-3,-11,-2,-22,-25,18,-31,-42
RIVN,Rivian,13.6,-6,-1,0,0,-7,-4,-16,4,-19,-35,-42
BHF,Brighthouse Financial,54.47,-23,0,11,9,-3,-33,-15,3,6,-39,-42
KDP,Keurig Dr Pepper,32.85,-17,-19,0,0,-36,-31,3,11,10,-7,-43
IPG,Interpublic Group of Companies (The),24.26,36,-3,-36,0,-3,7,1,-33,-15,-40,-43
AAP,Advance Auto Parts,46.49,-28,25,0,-26,-29,-20,32,3,-32,-17,-46
OGN,Organon & Co.,9.86,0,0,-22,0,-22,-2,14,-35,-2,-25,-47
JKHY,Jack Henry & Associates,178.37,-21,1,9,2,-9,-19,-9,-20,9,-39,-48
SWK,Stanley Black & Decker,67.64,14,0,-22,-37,-45,23,-10,-28,12,-3,-48
CDW,CDW,177.5,28,33,-35,2,28,-3,-12,-56,-6,-77,-49
LKQ,LKQ Corporation,37.11,-2,-10,-3,0,-15,4,-16,-7,-15,-34,-49
TTC,Toro Company (The),70.34,28,0,-28,-5,-5,29,-15,-41,-18,-45,-50
EPAM,EPAM Systems,174.94,17,4,-19,-25,-23,28,-10,-10,-35,-27,-50
RARE,Ultragenyx,36.54,-6,13,-20,-36,-49,16,12,-28,-1,-1,-50
OVV,Ovintiv,38.39,-31,15,-30,0,-46,-2,18,-17,-4,-5,-51
UA,Under Armour (Class C),6.59,39,25,-21,-35,8,5,-4,-25,-35,-59,-51
FRT,Federal Realty Investment Trust,94.69,-4,0,-16,0,-20,-18,-3,-22,12,-31,-51
MHK,Mohawk Industries,104.9,16,-27,-19,-9,-39,26,-24,-27,12,-13,-52
DAR,Darling Ingredients,38.15,0,10,0,-18,-8,-26,9,1,-28,-44,-52
SIRI,Sirius XM,22.55,28,5,-76,-29,-72,40,37,-42,-15,20,-52
HRL,Hormel Foods,30.46,-21,2,-3,-21,-43,3,12,3,-28,-10,-53
KMX,CarMax,66.57,-3,-2,-12,-34,-51,-6,10,-16,9,-3,-54
AA,Alcoa,28.47,-3,0,-14,-18,-35,-2,33,-20,-30,-19,-54
CE,Celanese,56.79,9,18,-36,-8,-17,26,-3,-54,-7,-38,-55
GFS,GlobalFoundries,38.41,28,11,-75,0,-36,-3,9,-10,-15,-19,-55
WFRD,Weatherford International,50.06,0,4,-37,0,-33,9,13,-41,-3,-22,-55
EXAS,Exact Sciences,53.67,1,1,-21,-23,-42,9,-10,1,-14,-14,-56
ADBE,Adobe Inc.,385.72,0,-3,-29,-4,-36,26,-10,-33,-3,-20,-56
MAA,Mid-America Apartment Communities,147.84,-22,-19,0,0,-41,3,-26,-1,9,-15,-56
MOH,Molina Healthcare,296.98,6,-25,-6,0,-25,-5,-19,-2,-6,-32,-57
WY,Weyerhaeuser,25.84,-7,-1,-16,0,-24,-15,15,-28,-6,-34,-58
PVH,PVH Corp.,65.74,9,-16,-25,-1,-33,16,-16,-21,-5,-26,-59
BG,Bunge Global,80.39,-6,11,-37,0,-32,-36,7,3,-3,-29,-61
CZR,Caesars Entertainment,28.86,44,6,-19,-23,8,-7,1,-28,-35,-69,-61
WTRG,Essential Utilities,36.93,-21,-12,0,-1,-34,-17,-28,15,3,-27,-61
MGM,MGM Resorts International,34.37,9,13,-49,0,-27,22,7,-56,-7,-34,-61
IQV,IQVIA,157.4,1,0,-33,-4,-36,-2,14,-35,-4,-27,-63
UHAL-B,U-Haul (Series N),55.17,0,-10,-16,0,-26,5,-20,-30,7,-38,-64
UAA,Under Armour (Class A),6.89,31,23,-21,-42,-9,4,-4,-21,-35,-56,-65
RNG,RingCentral,27.82,16,14,-19,-39,-28,23,1,-19,-43,-38,-66
BRKR,Bruker,41.82,16,2,-53,-6,-41,29,9,-57,-7,-26,-67
LYB,LyondellBasell,58.69,0,0,-37,0,-37,16,9,-51,-5,-31,-68
IPGP,IPG Photonics,68.44,14,32,-79,-42,-75,29,39,-20,-42,6,-69
ASH,Ashland Global,50.69,0,-1,-34,-7,-42,30,-4,-46,-8,-28,-70
VFC,VF Corporation,11.85,0,-10,-13,-41,-64,23,-21,-13,5,-6,-70
M,"Macy's, Inc.",11.33,0,-7,-24,-13,-44,15,-19,-18,-4,-26,-70
CC,Chemours,11.72,16,0,-58,-11,-53,20,10,-20,-28,-18,-71
YETI,Yeti Holdings,30.57,2,0,-28,-4,-30,-10,-4,-19,-8,-41,-71
SAIA,Saia,277.24,32,-90,-19,2,-75,26,1,-21,-3,3,-72
WSC,WillScot Mobile Mini,28.39,26,4,-58,-4,-32,23,-18,-35,-10,-40,-72
DV,DoubleVerify,14.85,2,6,-63,0,-55,5,-3,-11,-8,-17,-72
IFF,International Flavors & Fragrances,74.36,0,0,-16,-29,-45,-5,-4,-28,9,-28,-73
LSTR,Landstar,139.43,6,0,-28,0,-22,-9,-5,-35,-5,-54,-76
DAY,Dayforce,55.09,-22,0,-13,-10,-45,-14,-3,-17,3,-31,-76
GLOB,Globant,91.04,0,-29,-19,-5,-53,23,-23,-19,-5,-24,-77
POOL,Pool Corporation,292.64,6,-12,-16,-4,-26,-6,-18,-22,-7,-53,-79
COO,Cooper Companies (The),71.13,7,-20,-20,-3,-36,7,-24,-25,-1,-43,-79
SJM,J.M. Smucker Company (The),95.6,-3,-13,-5,-2,-23,-21,-13,-3,-21,-58,-81
DUOL,Duolingo,411.4,-100,0,46,0,-54,-42,-13,7,21,-27,-81
GMED,Globus Medical,58.6,0,-88,-8,-1,-97,23,-4,-13,10,16,-81
REGN,Regeneron Pharmaceuticals,520.99,1,-20,-34,-2,-55,28,-17,-35,-2,-26,-81
TSN,Tyson Foods,55.22,1,-38,-4,-26,-67,-13,-7,-4,9,-15,-82
UHAL,U-Haul,60.91,-69,-8,-8,20,-65,5,-21,-21,18,-19,-84
MTN,Vail Resorts,157.32,0,23,-26,-21,-24,7,-13,-20,-34,-60,-84
CGNX,Cognex Corporation,31.46,15,15,-33,-29,-32,26,1,-41,-38,-52,-84
MTCH,Match Group,30.85,1,17,-19,-35,-36,-12,25,-26,-36,-49,-85
REXR,Rexford Industrial,36.22,-4,18,-39,-16,-41,-13,33,-34,-30,-44,-85
COLM,Columbia Sportswear,61.43,2,-76,-14,-4,-92,23,-19,-9,11,6,-86
ONTO,Onto Innovation,98.88,12,-94,-19,0,-101,21,9,-14,-2,14,-87
CHRD,Chord Energy,98.7,-30,14,-43,0,-59,5,17,-47,-4,-29,-88
AVY,Avery Dennison,175.49,-3,0,-28,0,-31,-12,-8,-36,-3,-59,-90
HSY,Hershey Company (The),167.0,-20,0,-38,-2,-60,-21,14,-7,-17,-31,-91
RGEN,Repligen,123.56,0,-13,-9,-15,-37,-3,-3,-13,-35,-54,-91
WEN,Wendy's Company (The),11.55,-7,-3,-30,-6,-46,-14,5,-25,-13,-47,-93
GNTX,Gentex,21.99,9,-8,-35,-6,-40,26,-22,-52,-6,-54,-94
NWL,Newell Brands,5.45,1,0,-20,-29,-48,5,3,-20,-34,-46,-94
HOG,Harley-Davidson,23.63,0,-3,-36,-7,-46,7,-15,-31,-9,-48,-94
MRNA,Moderna,27.16,14,0,-48,-2,-36,29,-4,-48,-37,-60,-96
PLTK,Playtika,4.74,2,0,-19,0,-17,-2,-29,-20,-29,-80,-97
AES,AES Corporation,10.72,0,-8,-35,-9,-52,20,3,-46,-22,-45,-97
DOC,Healthpeak Properties,17.36,1,-59,-10,-29,-97,5,13,-25,7,0,-97
LINE,"Lineage, Inc.",44.16,-3,-58,0,0,-61,-13,1,-24,0,-36,-97
SON,Sonoco,43.83,0,0,-37,-3,-40,-2,-9,-35,-12,-58,-98
LBTYA,Liberty Global (Series A),9.9,14,0,-33,-29,-48,-13,1,-31,-8,-51,-99
ELV,Elevance Health,381.39,5,-32,-37,0,-64,16,-47,-3,-1,-35,-99
LBTYK,Liberty Global (Series C),10.14,6,0,-33,-28,-55,5,14,-30,-34,-45,-100
ELS,Equity Lifestyle Properties,61.44,-20,-3,-14,0,-37,-20,-17,-25,-1,-63,-100
TXG,10x Genomics,11.73,19,14,-69,0,-36,28,15,-68,-40,-65,-101
MKTX,MarketAxess,219.54,-14,0,-21,-27,-62,-10,9,3,-42,-40,-102
VSTS,Vestis,6.11,14,-102,-14,0,-102,23,-4,-20,0,-1,-103
BAX,Baxter International,30.38,0,-1,-16,-36,-53,-2,-3,-7,-39,-51,-104
MRK,Merck & Co.,79.07,-9,0,-40,-2,-51,-19,13,-44,-4,-54,-105
SEG,Seaport Entertainment Group,18.0,-58,-4,0,0,-62,-21,-1,-21,0,-43,-105
IAC,IAC Inc.,37.54,7,2,-33,-29,-53,5,4,-28,-36,-55,-108
SLB,Schlumberger,33.99,-32,-5,-63,0,-100,5,9,-14,-8,-8,-108
INSP,Inspire Medical Systems,132.32,5,-30,-16,-4,-45,-5,-22,-21,-15,-63,-108
CPRI,Capri Holdings,17.57,9,2,-65,-9,-63,23,-10,-29,-30,-46,-109
KVUE,Kenvue,20.86,-55,-17,0,0,-72,-34,-18,12,1,-39,-111
AAL,American Airlines Group,11.27,14,1,-14,-74,-73,23,-11,-14,-37,-39,-112
COP,ConocoPhillips,90.18,-29,-1,-38,0,-68,4,11,-54,-6,-45,-113
TDC,Teradata,21.94,6,0,-72,-15,-81,21,-20,-20,-14,-33,-114
DVN,Devon Energy,32.24,-32,15,-43,-3,-63,-46,12,2,-20,-52,-115
OXY,Occidental Petroleum,42.6,-31,13,-48,0,-66,2,15,-52,-14,-49,-115
ZTS,Zoetis,155.92,-70,-2,-28,-1,-101,-6,-7,2,-3,-14,-115
FCN,FTI Consulting,160.7,0,-19,-30,0,-49,-5,-18,-40,-3,-66,-115
LCID,Lucid Motors,2.14,-7,-21,-25,0,-53,-2,-18,-10,-33,-63,-116
CLVT,Clarivate,4.31,12,4,-70,-4,-58,15,-3,-30,-40,-58,-116
MPW,Medical Properties Trust,4.46,1,-33,0,-34,-66,-2,-31,15,-33,-51,-117
BRBR,BellRing Brands,58.55,-40,-37,-6,0,-83,-20,-29,-12,25,-36,-119
TREX,"Trex Company, Inc.",54.89,1,-10,-47,-11,-67,-8,-22,-19,-4,-53,-120
PEP,PepsiCo,131.04,1,-58,-35,-1,-93,3,13,-32,-11,-27,-120
CPT,Camden Property Trust,113.77,-60,0,0,0,-60,-70,-3,3,9,-61,-121
QDEL,QuidelOrtho,28.87,0,-9,-16,-36,-61,23,-22,-16,-45,-60,-121
ALGN,Align Technology,188.55,27,18,-60,-23,-38,-2,7,-55,-36,-86,-124
UPS,United Parcel Service,101.17,7,0,-99,-14,-106,8,33,-27,-32,-18,-124
BIRK,Birkenstock,49.43,-78,-3,-3,0,-84,-35,-10,3,0,-42,-126
OLN,Olin Corporation,20.42,1,-11,-53,-7,-70,23,-3,-55,-21,-56,-126
KMB,Kimberly-Clark,127.91,-126,-10,-1,16,-121,-18,-10,-4,24,-8,-129
RYN,Rayonier,22.12,-5,-58,-13,-3,-79,-14,-4,-25,-7,-50,-129
BDX,Becton Dickinson,170.84,0,-86,-21,-3,-110,4,-1,-12,-13,-22,-132
ARE,Alexandria Real Estate Equities,73.33,0,-3,-30,-28,-61,-4,7,-41,-33,-71,-132
CLF,Cleveland-Cliffs,7.43,2,-12,-56,-14,-80,-1,11,-56,-6,-52,-132
DXC,DXC Technology,15.02,0,-7,-18,-71,-96,23,-3,-25,-32,-37,-133
UWMC,United Wholesale Mortgage,4.1,0,-67,-22,0,-89,-6,-3,-35,-2,-46,-135
ALB,Albemarle Corporation,64.94,14,1,-121,-21,-127,23,9,-20,-23,-11,-138
HUM,Humana,241.79,9,-40,-82,-10,-123,15,1,-13,-18,-15,-138
ANGI,Angi Inc.,15.78,1,18,-33,-49,-63,5,-8,-31,-42,-76,-139
ETSY,Etsy,50.69,-70,23,-1,-28,-76,-30,-2,3,-35,-64,-140
FTRE,Fortrea,4.97,-44,-10,-29,0,-83,-6,7,-58,0,-57,-140
ENOV,Enovis,31.79,9,-26,-58,-15,-90,23,-22,-18,-35,-52,-142
HAL,Halliburton,20.56,-34,-3,-56,-3,-96,1,13,-55,-7,-48,-144
PRGO,Perrigo,26.54,0,4,0,-111,-107,23,-3,-8,-53,-41,-148
BMY,Bristol Myers Squibb,46.32,-62,-58,-2,-3,-125,-18,-2,-7,3,-24,-149
OMC,Omnicom Group,71.34,1,-137,-20,0,-156,7,-24,-25,48,6,-150
PII,Polaris Inc.,40.92,2,2,-93,-15,-104,7,-2,-36,-15,-46,-150
NKE,"Nike, Inc.",72.07,12,1,-70,-19,-76,30,1,-71,-34,-74,-150
LW,Lamb Weston,53.37,-56,0,-65,-6,-127,-19,25,-19,-12,-25,-152
SPB,Spectrum Brands,52.86,0,-133,-21,-2,-156,23,-23,-20,22,2,-154
DOW,Dow Inc.,26.96,-48,-7,-36,0,-91,-3,-3,-51,-6,-63,-154
COLD,Americold,16.86,-2,-61,-34,-9,-106,1,-3,-34,-13,-49,-155
STZ,Constellation Brands,161.33,-6,-16,-38,-1,-61,-15,-20,-54,-6,-95,-156
KHC,Kraft Heinz,25.62,-21,-46,-35,-2,-104,-5,-36,-7,-8,-56,-160
NOV,NOV Inc.,12.73,-27,0,-48,-10,-85,-41,14,-39,-13,-79,-164
TMO,Thermo Fisher Scientific,408.14,15,-84,-15,-3,-87,32,-94,-14,-1,-77,-164
BIIB,Biogen,126.08,0,0,-77,-25,-102,-3,-3,-40,-16,-62,-164
APLS,Apellis Pharmaceuticals,17.43,-3,-1,-63,-14,-81,-4,-3,-61,-16,-84,-165
KSS,Kohl's,8.45,0,0,-55,-29,-84,7,-3,-56,-30,-82,-166
FRPT,Freshpet,68.39,-99,-10,-17,-4,-130,-27,-14,-13,17,-37,-167
BMRN,BioMarin Pharmaceutical,55.2,0,-58,-43,-18,-119,7,-29,-8,-20,-50,-169
CIVI,Civitas Resources,27.98,-30,-3,-48,-4,-85,-44,13,-48,-7,-86,-171
FIVN,Five9,26.74,-4,0,-72,-33,-109,-12,-4,-10,-38,-64,-173
CNC,Centene,53.99,-42,-26,-37,-9,-114,-4,-24,-6,-26,-60,-174
PINC,"Premier, Inc.",21.62,-88,0,10,-26,-104,-40,-8,8,-32,-72,-176
WLK,Westlake Corporation,76.16,8,-90,-33,-2,-117,28,-39,-45,-4,-60,-177
RHI,Robert Half,41.29,0,-107,-22,-7,-136,19,-12,-20,-30,-43,-179
APA,APA Corporation,18.56,-35,15,-78,-10,-108,6,19,-82,-17,-74,-182
MAN,ManpowerGroup,40.49,0,-59,-39,-26,-124,22,-9,-39,-34,-60,-184
ACHC,Acadia Healthcare,21.9,6,-85,-41,-9,-129,16,-22,-35,-14,-55,-184
XRAY,Dentsply Sirona,15.93,6,6,-74,-40,-102,23,-9,-61,-38,-85,-187
GO,Grocery Outlet,12.64,-17,-9,-93,0,-119,-18,-30,3,-26,-71,-190
LEG,Leggett & Platt,9.24,0,18,-125,-28,-135,-6,9,-28,-36,-61,-196
BF-B,Brown–Forman (Class B),26.47,0,-20,-96,-16,-132,5,-19,-28,-26,-68,-200
BF-A,Brown–Forman (Class A),27.38,1,-20,-95,-16,-130,7,-20,-35,-22,-70,-200
NFE,New Fortress Energy,2.54,0,-89,-64,-1,-154,16,-24,-15,-23,-46,-200
HUN,Huntsman Corporation,10.55,0,-69,-38,-13,-120,5,-25,-33,-31,-84,-204
REYN,Reynolds Consumer Products,21.3,-3,-99,-21,0,-123,-18,-29,-33,-1,-81,-204
WU,Western Union,8.37,-3,-58,-16,-44,-121,-6,-27,-51,-3,-87,-208
TRIP,Tripadvisor,13.09,-25,-3,-54,-50,-132,-18,-12,-11,-42,-83,-215
FLO,Flowers Foods,15.96,-3,-58,-30,-6,-97,-3,-50,-50,-21,-124,-221
NSA,National Storage Affiliates,31.83,-70,-26,-8,-2,-106,-73,-27,-29,10,-119,-225
COTY,Coty,4.61,-56,-7,-57,-5,-125,-52,17,-59,-7,-101,-226
GIS,General Mills,50.49,-67,-57,-34,-2,-160,-21,-3,-30,-17,-71,-231
ZBH,Zimmer Biomet,91.43,0,-56,-58,-15,-129,-6,-26,-57,-16,-105,-234
PAYC,Paycom,227.1,-92,0,12,-22,-102,-98,-7,3,-35,-137,-239
CRI,Carter's,30.03,-4,-102,-55,-15,-176,-3,-26,-32,-7,-68,-244
TFX,Teleflex,119.33,1,-102,-35,-37,-173,-2,-57,-31,-8,-98,-271
ENPH,Enphase Energy,40.89,3,-117,-39,-18,-171,19,-58,-46,-22,-107,-278
DJT,Trump Media & Technology Group,17.41,-161,-20,-49,0,-230,-12,-22,-17,-7,-58,-288
CPB,Campbell Soup Company,30.78,-87,-58,-25,-4,-174,-13,-68,-32,-3,-116,-290
SRPT,Sarepta Therapeutics,17.09,-80,-115,-22,-5,-222,-37,-9,-43,-4,-93,-315
TAP,Molson Coors,47.44,-168,-44,-6,0,-218,-80,-18,-7,-1,-106,-324
CAG,Conagra Brands,20.39,-115,-51,-25,-5,-196,-40,-65,-7,-21,-133,-329
CLX,Clorox,119.14,-115,-121,-10,-3,-249,-19,-79,-20,11,-107,-356
SAM,Boston Beer Company,190.2,-180,-22,-28,-35,-265,-104,-32,-24,-42,-202,-467
WOLF,Wolfspeed,0.4,-82,-27,-127,-28,-264,-81,-26,-93,-35,-235,-499
