Symbol,Name,Close,1H Cloud Score,1D Cloud Score,1W Cloud Score,1M Cloud Score,Cloud Score Sum,1H TKx Score,1D TKx Score,1W TKx Score,1M TKx Score,TKx Score Sum,Total Score Sum
TJX,TJX Companies,125.7,-9,32,136,195,354,-19,36,105,190,312,666
RSG,Republic Services,252.87,40,8,112,174,334,4,-3,81,157,239,573
WM,"Waste Management, Inc.",236.8,36,7,83,184,310,44,-3,15,156,212,522
COST,Costco,1007.89,-1,19,105,177,300,-11,25,-6,181,189,489
HWM,Howmet Aerospace,165.09,161,23,136,26,346,-12,23,80,51,142,488
CTAS,Cintas,222.3,49,30,7,163,249,3,25,1,184,213,462
PGR,Progressive Corporation,277.18,-15,16,93,174,268,-21,16,10,186,191,459
MMC,Marsh McLennan,229.32,0,-4,113,172,281,-16,9,10,175,178,459
AJG,Arthur J. Gallagher & Co.,338.04,0,8,153,183,344,-19,13,16,104,114,458
ADP,Automatic Data Processing,321.04,135,13,73,177,398,-9,16,-3,54,58,456
ORLY,O'Reilly Auto Parts,1374.16,0,1,151,196,348,-18,-7,42,86,103,451
ROL,"Rollins, Inc.",56.86,43,32,19,283,377,-14,25,11,32,54,431
CME,CME Group,284.07,25,89,42,133,289,41,19,38,16,114,403
PM,Philip Morris International,178.11,41,83,58,52,234,45,25,73,24,167,401
WRB,W. R. Berkley Corporation,73.08,6,65,82,173,326,-16,16,12,52,64,390
CASY,Casey's,445.72,0,32,101,84,217,-15,-4,105,75,161,378
BSX,Boston Scientific,104.49,0,22,132,141,295,-12,23,-3,54,62,357
SO,Southern Company,89.64,32,5,64,187,288,-12,-8,11,76,67,355
CW,Curtiss-Wright,428.13,214,18,7,51,290,5,25,-11,46,65,355
CDNS,Cadence Design Systems,315.66,0,22,5,138,165,-9,25,-13,177,180,345
ORI,Old Republic International,37.44,-16,8,135,55,182,-20,23,105,52,160,342
MCD,McDonald's,314.55,0,8,40,239,287,-17,1,10,54,48,335
NRG,NRG Energy,157.78,0,23,91,91,205,-18,25,101,18,126,331
UNM,Unum,79.86,-15,10,173,37,205,-18,23,67,51,123,328
MNST,Monster Beverage,63.35,53,60,14,177,304,-11,23,7,1,20,324
VRSK,Verisk Analytics,313.77,44,19,56,111,230,5,16,47,25,93,323
WMB,Williams Companies,58.99,5,9,100,49,163,4,1,100,54,159,322
AZO,AutoZone,3825.51,48,7,82,83,220,-7,12,42,54,101,321
PAYX,Paychex,156.11,53,16,72,164,305,-13,16,1,11,15,320
BR,Broadridge Financial Solutions,237.07,-7,9,102,142,246,-18,23,46,22,73,319
CBOE,Cboe Global Markets,231.73,24,6,132,52,214,41,1,10,48,100,314
ICE,Intercontinental Exchange,176.13,7,16,100,158,281,-16,17,10,18,29,310
CHD,Church & Dwight,95.94,42,-34,-4,341,345,-12,-44,-2,22,-36,309
NFLX,Netflix,1185.39,50,28,104,17,199,-9,25,75,17,108,307
YUM,Yum! Brands,145.43,-18,-2,16,256,252,-18,9,10,54,55,307
WELL,Welltower,149.19,7,7,104,55,173,-12,3,121,21,133,306
JCI,Johnson Controls,97.98,161,18,63,16,258,12,23,-5,15,45,303
GAP,Gap Inc.,28.45,167,19,4,15,205,70,21,-12,16,95,300
MSI,Motorola Solutions,418.92,0,0,0,150,150,-10,-8,-15,182,149,299
NFG,National Fuel Gas,82.44,7,94,48,49,198,5,25,59,7,96,294
AM,Antero Midstream,18.65,0,16,136,20,172,-21,21,66,52,118,290
V,Visa Inc.,353.61,-8,19,125,130,266,-19,23,-3,23,24,290
GOOG,Alphabet (Class C),169.58,63,0,0,173,236,21,21,-7,18,53,289
GOOGL,Alphabet (Class A),168.48,63,0,0,173,236,21,21,-7,18,53,289
COR,Cencora,292.36,13,87,32,68,200,-14,-4,43,64,89,289
MA,Mastercard,563.54,-18,18,114,152,266,-23,23,-3,23,20,286
TMUS,T-Mobile US,242.88,4,-11,82,136,211,-21,-21,84,32,74,285
ZS,Zscaler,254.26,154,23,5,2,184,67,25,-7,15,100,284
JPM,JPMorgan Chase,260.79,-1,12,111,155,277,-34,23,-5,23,7,284
AXON,Axon Enterprise,731.25,0,21,133,91,245,-10,25,-5,27,37,282
HUBB,Hubbell Incorporated,390.82,6,8,0,179,193,5,26,-13,68,86,279
HON,Honeywell,222.0,72,10,4,175,261,-9,19,-14,19,15,276
GE,GE Aerospace,232.87,168,21,7,24,220,-9,21,18,26,56,276
FAST,Fastenal,40.66,0,32,111,103,246,-21,24,3,23,29,275
BKNG,Booking Holdings,5332.51,52,22,124,32,230,1,23,-7,23,40,270
RGLD,Royal Gold,180.54,28,76,49,15,168,39,-7,56,13,101,269
CACI,CACI,461.76,-7,32,0,151,176,-18,55,2,54,93,269
MCK,McKesson Corporation,716.08,1,83,30,55,169,-16,23,26,64,97,266
LIN,Linde plc,458.81,47,8,1,107,163,-16,23,-7,103,103,266
AAPL,Apple Inc.,195.34,-18,0,-1,248,229,-42,23,-13,68,36,265
IBM,IBM,258.63,0,15,97,51,163,-18,23,44,53,102,265
RBA,RB Global,107.18,0,21,92,24,137,-12,23,97,19,127,264
WMT,Walmart,96.39,0,24,115,98,237,-19,25,-6,26,26,263
L,Loews Corporation,87.87,-19,10,100,52,143,-21,16,100,21,116,259
DTE,DTE Energy,136.32,0,7,62,186,255,-18,-4,15,10,3,258
HEI,HEICO (Common),268.04,-14,17,13,186,202,-21,15,4,54,52,254
ALL,Allstate,203.25,-8,9,85,156,242,-18,16,-1,14,11,253
AAON,AAON,99.09,-17,10,-1,242,234,-21,25,-13,28,19,253
EBAY,eBay,71.93,46,19,65,11,141,5,23,70,13,111,252
INTU,Intuit,719.94,10,23,5,188,226,5,23,-19,17,26,252
AXS,AXIS Capital,100.64,-14,24,74,42,126,-18,23,70,50,125,251
CF,CF Industries,88.89,182,9,3,1,195,40,21,-10,5,56,251
LYV,Live Nation Entertainment,145.09,0,11,82,144,237,-20,25,-5,13,13,250
DUK,Duke Energy,116.5,3,-3,64,180,244,-14,-5,10,13,4,248
SPOT,Spotify,653.86,5,24,100,9,138,-17,25,83,17,108,246
EHC,Encompass Health,118.81,0,24,131,26,181,-15,41,12,26,64,245
LOPE,Grand Canyon Education,194.21,-2,21,135,32,186,-20,25,22,31,58,244
CTVA,Corteva,69.05,168,23,41,0,232,-12,23,-7,8,12,244
ROP,Roper Technologies,567.03,-14,9,17,179,191,-17,15,32,23,53,244
STE,Steris,242.99,0,13,2,192,207,-18,23,10,22,37,244
BRO,Brown & Brown,110.8,0,-19,104,160,245,-12,-27,13,23,-3,242
TDG,TransDigm Group,1431.52,5,23,7,154,189,-16,23,-8,54,53,242
PLTR,Palantir Technologies,123.33,-2,23,104,0,125,-36,25,107,17,113,238
ATO,Atmos Energy,157.26,4,32,62,42,140,-15,-3,73,42,97,237
GEV,GE Vernova,464.39,168,22,0,0,190,26,25,-9,0,42,232
NDAQ,"Nasdaq, Inc.",81.78,5,16,64,141,226,-21,23,-7,11,6,232
TRV,Travelers Companies (The),271.07,0,24,79,55,158,-18,23,12,53,70,228
HIG,Hartford (The),128.91,0,24,82,54,160,-18,23,9,53,67,227
TW,Tradeweb,145.65,7,9,97,0,113,-12,16,90,20,114,227
PPC,Pilgrim's Pride,49.6,42,6,74,18,140,-7,-15,91,15,84,224
HEI-A,HEICO (Class A),211.38,-16,18,14,179,195,-21,16,5,27,27,222
EXE,Expand Energy,115.97,105,30,29,0,164,5,15,29,7,56,220
MSFT,Microsoft,450.19,0,17,4,170,191,-5,25,-14,22,28,219
VRSN,Verisign,279.63,-3,121,24,6,148,5,22,40,4,71,219
DT,Dynatrace,53.26,161,8,2,0,171,21,16,-6,17,48,219
CNP,Centerpoint Energy,37.56,5,92,37,42,176,2,-4,31,12,41,217
KLAC,KLA Corporation,757.39,0,10,2,174,186,-10,25,-8,23,30,216
PG,Procter & Gamble,165.84,49,0,0,176,225,-9,-22,-2,23,-10,215
LMT,Lockheed Martin,468.83,33,7,-17,162,185,-12,-7,-22,69,28,213
RTX,RTX Corporation,132.36,0,9,65,51,125,-12,15,72,11,86,211
RBC,RBC Bearings,360.22,-7,14,81,55,143,-15,23,2,54,64,207
CAH,Cardinal Health,152.74,0,32,43,35,110,-16,23,36,54,97,207
IBKR,Interactive Brokers,206.69,6,10,77,54,147,-13,25,-6,54,60,207
TT,Trane Technologies,423.26,0,18,4,161,183,-10,23,-15,26,24,207
CAR,Avis Budget Group,119.75,183,26,0,-17,192,11,36,1,-34,14,206
FDS,FactSet,462.97,0,11,3,191,205,-23,16,-12,20,1,206
KO,Coca-Cola Company (The),71.78,7,7,16,179,209,-18,-8,11,11,-4,205
USFD,US Foods,75.83,0,13,131,32,176,-14,23,-5,23,27,203
CPNG,Coupang,27.45,168,16,5,0,189,-8,23,-16,14,13,202
AME,Ametek,177.6,0,10,2,103,115,-21,16,-9,98,84,199
FYBR,Frontier Communications,36.69,-13,27,77,0,91,-11,25,82,11,107,198
DE,Deere & Company,510.06,-3,12,37,106,152,-18,23,33,7,45,197
CB,Chubb Limited,286.2,-8,7,89,55,143,-20,10,10,53,53,196
GILD,Gilead Sciences,107.36,42,4,39,32,117,-7,5,43,36,77,194
LLY,Lilly (Eli),713.63,-18,-17,-3,169,131,-19,-9,-3,93,62,193
FWONA,Liberty Formula 1 (Series A),89.22,6,12,57,59,134,-9,21,-6,53,59,193
HOOD,Robinhood Markets,63.15,86,12,69,0,167,-7,23,-5,15,26,193
PWR,Quanta Services,335.23,0,17,5,96,118,-10,25,-9,69,75,193
ORCL,Oracle Corporation,156.0,-1,9,0,195,203,-40,16,-11,24,-11,192
COIN,Coinbase,263.15,70,9,2,0,81,84,23,-11,15,111,192
SRE,Sempra,77.69,6,8,-3,178,189,-15,23,-17,11,2,191
RS,"Reliance, Inc.",291.88,-14,20,-1,112,117,-17,25,-8,74,74,191
GGG,Graco Inc.,83.62,-8,10,-1,175,176,-19,23,-16,26,14,190
FWONK,Liberty Formula 1 (Series C),97.34,6,13,58,54,131,-9,20,-6,53,58,189
BJ,BJ's Wholesale Club,116.47,41,6,66,7,120,-5,-10,28,55,68,188
LPLA,LPL Financial,372.5,0,11,33,96,140,-21,19,-5,54,47,187
AON,AON,356.54,0,-28,4,174,150,-18,5,-3,53,37,187
WSO,Watsco,455.22,-26,-5,-1,193,161,-24,-3,-16,68,25,186
SPGI,S&P Global,510.11,-8,10,4,169,175,-20,18,-6,18,10,185
ITW,Illinois Tool Works,241.96,-8,0,-1,175,166,-21,16,-2,26,19,185
ETN,Eaton Corporation,321.06,0,10,0,111,121,-16,23,-13,69,63,184
SHW,Sherwin-Williams,352.51,-18,19,0,187,188,-22,19,-17,16,-4,184
AVGO,Broadcom,228.63,15,13,7,113,148,-9,25,-9,27,34,182
MDLZ,Mondelez International,66.15,12,1,-6,179,186,4,-9,7,-6,-4,182
PTC,PTC Inc.,168.81,0,9,-14,179,174,-17,17,-15,23,8,182
DASH,DoorDash,206.17,63,9,85,0,157,-8,22,-5,15,24,181
OLLI,Ollie's Bargain Outlet,110.89,-7,10,103,13,119,-19,9,51,20,61,180
NI,NiSource,39.02,0,7,62,42,111,-16,-3,77,11,69,180
AS,Amer Sports,37.06,161,10,0,0,171,-3,15,-4,0,8,179
T,AT&T,27.41,0,7,58,13,78,-17,23,82,12,100,178
ETR,Entergy,82.81,0,1,61,19,81,-14,23,77,11,97,178
RLI,RLI Corp.,74.86,0,-21,0,172,151,-19,-21,-17,84,27,178
MLM,Martin Marietta Materials,562.12,54,19,0,57,130,3,40,-19,24,48,178
RPM,RPM International,111.92,-8,7,-7,177,169,-20,16,-15,27,8,177
SLM,Sallie Mae,33.6,13,17,78,19,127,-19,19,32,18,50,177
UNP,Union Pacific Corporation,222.17,-7,0,-2,195,186,-27,10,-8,16,-9,177
DRI,Darden Restaurants,204.02,-2,29,32,58,117,-27,23,36,27,59,176
CSL,Carlisle Companies,386.86,-18,22,0,175,179,-21,23,-23,17,-4,175
ALAB,Astera Labs,94.63,161,8,0,0,169,-2,17,-10,0,5,174
CPRT,Copart,53.66,-24,-1,-1,173,147,-27,39,-11,25,26,173
HD,Home Depot (The),362.88,-14,0,0,177,163,-19,23,-12,16,8,171
MO,Altria,59.74,37,7,58,42,144,3,-4,14,13,26,170
CHE,Chemed Corporation,569.54,0,-3,0,182,179,-17,2,11,-5,-9,170
KMI,Kinder Morgan,27.86,4,8,80,41,133,-21,16,-7,49,37,170
BRK-B,Berkshire Hathaway,503.67,-16,8,112,59,163,-22,-7,13,23,7,170
SYK,Stryker Corporation,376.64,-18,10,5,156,153,-20,18,-8,26,16,169
UGI,UGI Corporation,36.08,49,24,30,1,104,3,23,37,2,65,169
VIRT,Virtu Financial,40.74,-9,24,64,11,90,-14,23,59,11,79,169
ELF,e.l.f. Beauty,84.01,164,2,-38,28,156,40,16,-42,-2,12,168
RBLX,Roblox Corporation,82.26,77,22,41,0,140,-7,23,4,8,28,168
KR,Kroger,68.61,-1,7,67,64,137,-14,-6,38,12,30,167
COKE,Coca-Cola Consolidated,1143.15,-21,-17,114,83,159,-21,-17,-3,49,8,167
ADI,Analog Devices,210.42,-8,10,0,176,178,-35,16,-16,23,-12,166
MCO,Moody's Corporation,469.89,-18,10,4,153,149,-20,18,-6,22,14,163
RL,Ralph Lauren Corporation,274.04,0,12,82,31,125,1,21,-7,23,38,163
CVNA,Carvana,304.36,14,22,80,8,124,5,25,-5,13,38,162
NVDA,Nvidia,131.31,0,9,2,131,142,-9,17,-11,23,20,162
SAIC,SAIC,117.32,-7,38,-25,64,70,-16,50,2,54,90,160
LRCX,Lam Research,81.06,0,10,-1,149,158,-10,17,-5,-2,0,158
OGE,OGE Energy,44.24,6,7,56,42,111,-14,-6,56,11,47,158
PCAR,Paccar,93.24,-7,0,-10,156,139,-21,10,-2,31,18,157
FTNT,Fortinet,103.15,0,9,42,110,161,-16,3,-4,10,-7,154
ODFL,Old Dominion Freight Line,161.56,-16,0,-14,184,154,-21,10,-19,29,-1,153
PPL,PPL Corporation,34.68,3,1,64,20,88,-16,-6,76,11,65,153
THG,Hanover Insurance,168.44,1,8,49,21,79,3,17,41,11,72,151
GS,Goldman Sachs,598.73,0,10,80,55,145,-30,21,-5,18,4,149
HCA,HCA Healthcare,376.63,0,24,2,94,120,-18,16,4,26,28,148
SEIC,SEI Investments Company,83.91,0,16,80,32,128,-18,23,-8,23,20,148
TKO,TKO Group Holdings,157.73,-18,20,59,37,98,-21,23,-1,47,48,146
CRWD,CrowdStrike,455.31,48,23,33,0,104,5,25,-5,17,42,146
GWW,W. W. Grainger,1071.75,0,10,0,91,101,-21,25,-14,54,44,145
NET,Cloudflare,158.12,83,10,27,0,120,-5,20,-6,16,25,145
DGX,Quest Diagnostics,171.24,-21,24,56,15,74,-19,23,56,11,71,145
FICO,Fair Isaac,1694.76,-26,-3,-1,163,133,-26,25,-16,28,11,144
NWS,News Corp (Class B),32.49,-18,13,100,55,150,-45,25,-5,18,-7,143
BK,BNY Mellon,89.09,0,12,82,37,131,-18,16,-3,16,11,142
FIX,Comfort Systems USA,471.82,5,13,5,61,84,-10,25,-9,52,58,142
MSTR,MicroStrategy,369.24,-8,24,87,16,119,-5,24,-13,17,23,142
SCI,Service Corporation International,76.78,0,0,0,172,172,-18,-8,-15,10,-31,141
ACM,AECOM,107.59,0,16,4,62,82,-19,23,-14,68,58,140
RCL,Royal Caribbean Group,240.14,-16,10,109,25,128,-27,23,-8,24,12,140
RJF,Raymond James Financial,145.32,-14,9,80,55,130,-22,23,-8,16,9,139
SNPS,Synopsys,499.03,-2,10,-15,177,170,-36,23,-16,-2,-31,139
K,Kellanova,82.38,5,1,57,18,81,-16,-7,69,10,56,137
JBL,Jabil,165.44,0,13,7,62,82,-18,23,-8,54,51,133
HRB,H&R Block,57.76,2,39,0,49,90,-6,-3,2,49,42,132
LOW,Lowe's,221.17,-21,0,-8,163,134,-19,16,-15,16,-2,132
AMP,Ameriprise Financial,504.47,-7,9,7,61,70,-22,23,-8,68,61,131
AIZ,Assurant,196.53,-21,0,0,149,128,-21,14,-8,16,1,129
PANW,Palo Alto Networks,186.74,-21,10,5,78,72,-13,21,-5,54,57,129
PFGC,Performance Food Group,84.66,-13,13,41,40,81,-18,23,-11,54,48,129
CNA,CNA Financial,47.0,-21,-2,82,54,113,-24,12,11,17,16,129
UTHR,United Therapeutics,307.86,28,0,-3,54,79,-7,18,-17,56,50,129
PLNT,Planet Fitness,105.38,41,6,51,10,108,-5,17,-3,11,20,128
EXEL,Exelixis,42.36,-2,9,52,11,70,-30,23,43,21,57,127
GWRE,Guidewire Software,209.99,-19,23,98,18,120,-27,23,-6,17,7,127
EME,Emcor,463.33,0,10,5,55,70,-14,25,-9,54,56,126
ITT,ITT Inc.,147.25,-7,16,4,96,109,-18,23,-12,23,16,125
DTM,DT Midstream,104.04,0,16,91,0,107,-19,23,-8,22,18,125
FFIV,"F5, Inc.",282.1,0,9,82,11,102,-9,23,-5,14,23,125
SGI,Somnigroup International,63.82,0,10,29,61,100,-18,23,-3,23,25,125
APH,Amphenol,85.54,0,23,7,62,92,-9,25,-9,24,31,123
CINF,Cincinnati Financial,145.84,-18,16,73,59,130,-20,16,-15,12,-7,123
PEG,Public Service Enterprise Group,79.0,4,-4,0,149,149,-15,-10,-16,14,-27,122
SSD,Simpson Manufacturing Company,154.4,-21,0,-14,153,118,-21,19,-17,23,4,122
ARES,Ares Management,160.3,-24,10,5,56,47,-44,23,-7,103,75,122
MS,Morgan Stanley,126.07,-7,10,64,61,128,-34,21,-7,13,-7,121
RYAN,Ryan Specialty,68.65,-5,-3,109,0,101,-18,7,9,22,20,121
NOW,ServiceNow,1003.66,-2,11,5,79,93,-7,24,-8,19,28,121
MDU,MDU Resources,17.06,-14,8,67,37,98,-18,23,-9,26,22,120
SNA,Snap-on,319.28,-8,-1,37,56,84,-20,9,-7,54,36,120
GRMN,Garmin,200.61,0,0,100,16,116,-20,11,-5,18,4,120
NCNO,nCino,26.26,84,0,-14,0,70,42,12,-16,12,50,120
EQT,EQT Corporation,55.6,0,16,29,39,84,-17,16,29,7,35,119
J,Jacobs Solutions,125.84,0,8,0,103,111,-19,23,-12,16,8,119
PAG,Penske Automotive Group,162.24,-7,11,3,59,66,-20,25,-6,54,53,119
TTWO,Take-Two Interactive,224.96,-16,30,33,10,57,-13,24,33,17,61,118
AWI,Armstrong World Industries,154.43,-7,17,82,18,110,-18,19,-10,16,7,117
GD,General Dynamics,274.74,-7,32,-1,51,75,-18,25,-19,54,42,117
MOH,Molina Healthcare,305.24,-8,-2,-1,163,152,-13,-25,6,-5,-37,115
MKL,Markel,1858.49,-21,9,56,52,96,-21,23,-6,23,19,115
NEM,Newmont,53.66,28,34,7,2,71,36,-6,7,7,44,115
WEC,WEC Energy Group,106.78,11,6,43,10,70,-14,-5,56,8,45,115
NEU,NewMarket,640.11,-3,32,7,26,62,-6,24,10,24,52,114
MRVL,Marvell Technology,60.68,-7,0,-9,103,87,5,15,-9,15,26,113
ABT,Abbott Laboratories,131.3,-8,7,44,10,53,-12,25,36,11,60,113
VST,Vistra Corp.,158.2,9,9,7,27,52,5,22,-9,42,60,112
PRI,Primerica,266.57,-14,9,0,105,100,-19,12,-8,27,12,112
GLW,Corning Inc.,48.36,70,9,7,14,100,-7,16,-8,11,12,112
WAB,Wabtec,199.33,0,12,7,46,65,-21,23,-8,53,47,112
ISRG,Intuitive Surgical,539.38,-16,10,82,19,95,-23,25,-9,23,16,111
MSA,MSA Safety,157.77,-7,12,-23,161,143,-17,23,-36,-2,-32,111
EVRG,Evergy,65.78,0,1,46,11,58,-15,-4,65,7,53,111
VRTX,Vertex Pharmaceuticals,436.0,0,-14,0,101,87,-13,-9,11,34,23,110
LHX,L3Harris,237.62,49,32,0,2,83,10,25,-19,11,27,110
CLH,Clean Harbors,226.43,-7,17,0,55,65,-18,25,-17,54,44,109
URI,United Rentals,699.59,0,10,0,61,71,-21,22,-17,54,38,109
REG,Regency Centers,71.02,-21,8,56,50,93,-21,23,-3,16,15,108
DDS,Dillard's,407.64,0,7,2,51,60,-18,18,-5,52,47,107
EMR,Emerson Electric,118.24,0,10,4,61,75,1,16,-9,23,31,106
COF,Capital One,185.07,-21,16,82,18,95,-22,23,-5,15,11,106
ABBV,AbbVie,183.31,0,-14,5,55,46,2,-1,-2,61,60,106
SCHW,Charles Schwab Corporation,87.38,0,23,65,8,96,-19,23,-6,11,9,105
MPWR,Monolithic Power Systems,662.44,-16,10,-14,154,134,-44,20,-28,23,-29,105
ATI,ATI Inc.,75.62,0,17,4,40,61,-16,23,-12,49,44,105
LNG,Cheniere Energy,229.08,-24,16,48,55,95,-33,-2,-8,53,10,105
IDA,Idacorp,115.53,40,6,44,15,105,-14,-8,14,7,-1,104
CAT,Caterpillar Inc.,343.43,0,9,0,61,70,-25,16,-12,54,33,103
TPL,Texas Pacific Land Corporation,1274.56,-14,10,50,55,101,-23,23,-8,10,2,103
WTM,White Mountains Insurance Group,1777.74,-1,-1,0,56,54,-7,10,-8,53,48,102
APP,AppLovin,354.29,-3,0,93,0,90,-15,16,-5,15,11,101
ECL,Ecolab,261.13,48,8,4,19,79,-9,18,-3,16,22,101
KD,Kyndryl,38.87,-1,12,97,0,108,-37,17,-5,17,-8,100
AMGN,Amgen,271.72,0,-28,-7,162,127,-15,-43,-2,33,-27,100
CWEN,Clearway Energy (Class C),30.49,7,8,46,1,62,2,19,10,7,38,100
EXPD,Expeditors International,112.5,-7,0,-8,128,113,-21,11,-25,22,-13,100
DOV,Dover Corporation,177.89,-7,0,0,103,96,-22,16,-7,16,3,99
WFC,Wells Fargo,72.84,-18,10,80,26,98,-28,20,-7,16,1,99
TSCO,Tractor Supply Company,49.71,-26,-4,-1,82,51,-22,9,-21,82,48,99
KNSL,Kinsale Capital Group,463.34,6,1,4,30,41,-13,4,-15,82,58,99
MTSI,MACOM Technology Solutions,121.7,1,10,4,55,70,-10,22,-9,26,29,99
VMC,Vulcan Materials,268.13,-7,18,5,57,73,-20,33,-12,24,25,98
XEL,Xcel Energy,69.72,-8,1,39,9,41,-19,23,47,6,57,98
CWEN-A,Clearway Energy (Class A),28.65,4,8,46,3,61,1,19,10,7,37,98
SLGN,Silgan Holdings,54.47,-7,16,7,77,93,-17,23,-11,10,5,98
IT,Gartner,438.18,-7,0,-9,55,39,-9,20,-7,54,58,97
PH,Parker Hannifin,655.09,-7,11,5,62,71,-16,23,-8,27,26,97
BYD,Boyd Gaming,73.01,-7,10,36,56,95,-38,23,-7,24,2,97
X,U.S. Steel,52.17,21,5,7,23,56,26,1,11,3,41,97
PSTG,Pure Storage,55.42,0,9,2,39,50,-14,16,-9,54,47,97
SSNC,SS&C Technologies,79.82,4,1,78,11,94,-18,11,-3,12,2,96
CI,Cigna,315.84,-2,0,0,55,53,-12,-7,8,54,43,96
NTRA,Natera,153.19,0,1,80,15,96,-11,-1,-5,16,-1,95
ANET,Arista Networks,91.17,-7,6,0,55,54,-21,18,-9,53,41,95
ARMK,Aramark,39.12,0,14,3,37,54,-15,18,-15,53,41,95
VMI,Valmont Industries,311.91,-8,0,50,55,97,-24,20,-5,7,-2,95
STLD,Steel Dynamics,125.3,-18,22,-1,52,55,-18,23,-19,54,40,95
WCC,Wesco International,164.67,-16,9,-1,55,47,-18,23,-12,54,47,94
RRC,Range Resources,39.51,0,10,22,39,71,-37,11,-3,52,23,94
BAH,Booz Allen Hamilton,107.78,-7,-1,-18,98,72,-16,23,-20,35,22,94
EPR,EPR Properties,52.78,-7,12,45,26,76,-20,23,-3,18,18,94
GDDY,GoDaddy,182.81,-21,0,82,19,80,-21,23,-7,19,14,94
SCCO,Southern Copper,92.33,7,9,-9,59,66,4,22,-23,24,27,93
UNH,UnitedHealth Group,295.54,-2,-26,-6,-1,-35,-13,-21,-19,181,128,93
VICI,Vici Properties,31.46,-16,7,46,12,49,-18,-4,11,54,43,92
ED,Consolidated Edison,104.07,4,0,16,44,64,-14,-10,10,42,28,92
BWXT,BWX Technologies,119.66,7,8,1,32,48,4,25,-13,28,44,92
TTEK,Tetra Tech,35.42,84,8,-17,2,77,-5,23,-20,16,14,91
ESAB,ESAB,123.07,-18,12,88,0,82,-21,23,-7,14,9,91
KKR,KKR & Co. Inc.,117.18,-20,0,0,100,80,-21,22,-8,18,11,91
AN,AutoNation,182.22,-20,12,5,58,55,-38,25,-6,54,35,90
TPR,"Tapestry, Inc.",76.86,-14,10,68,18,82,-21,16,-3,16,8,90
MMM,3M,147.62,-1,10,62,11,82,-16,15,-3,11,7,89
EQH,Equitable Holdings,51.78,-18,10,80,8,80,-18,16,-5,16,9,89
LNT,Alliant Energy,61.72,0,1,56,11,68,-16,13,13,10,20,88
IRM,Iron Mountain,96.21,-18,15,0,54,51,-21,23,-19,53,36,87
BPOP,"Popular, Inc.",102.5,-7,17,5,56,71,-19,23,-5,16,15,86
DOX,Amdocs,91.3,0,19,5,55,79,-5,17,-7,2,7,86
LDOS,Leidos,152.48,-7,22,-1,20,34,-14,49,1,16,52,86
AEP,American Electric Power,102.87,4,0,61,20,85,-14,-8,11,11,0,85
R,Ryder,149.28,-8,10,5,53,60,-41,23,-11,53,24,84
AEE,Ameren,96.29,-2,-3,45,10,50,-18,-6,50,7,33,83
ADC,Agree Realty,75.04,11,7,51,13,82,-14,-6,11,10,1,83
TXRH,Texas Roadhouse,189.99,0,11,3,61,75,-21,16,-15,28,8,83
ACGL,Arch Capital Group,92.09,-15,12,0,59,56,-20,23,-24,48,27,83
PNW,Pinnacle West Capital,90.73,0,1,56,15,72,-16,-6,10,23,11,83
HPE,Hewlett Packard Enterprise,17.42,-7,6,-12,39,26,-9,23,-9,51,56,82
PNR,Pentair,96.77,-6,10,5,59,68,-18,23,-12,21,14,82
AXP,American Express,285.18,-18,10,5,96,93,-44,23,-9,18,-12,81
ALNY,Alnylam Pharmaceuticals,289.96,58,9,5,12,84,-10,17,-22,12,-3,81
MUSA,Murphy USA,443.91,-1,-12,-1,65,51,-19,-12,-17,76,28,79
TRMB,Trimble Inc.,70.52,0,10,67,1,78,-16,15,-8,9,0,78
WWD,"Woodward, Inc.",210.59,0,19,7,32,58,-16,21,-8,23,20,78
SNX,TD Synnex,121.38,-5,10,3,60,68,-19,16,-5,18,10,78
AIG,American International Group,81.63,-16,7,16,50,57,-19,10,11,18,20,77
CART,Maplebear Inc.,46.99,42,6,11,0,59,-2,25,-5,0,18,77
DCI,Donaldson Company,68.15,-7,10,0,62,65,-19,21,-17,27,12,77
CL,Colgate-Palmolive,92.61,42,1,0,20,63,4,-12,-2,23,13,76
DUOL,Duolingo,520.22,-8,23,41,0,56,-37,35,2,20,20,76
LOAR,Loar Holdings,85.39,0,33,0,0,33,4,37,2,0,43,76
ACI,Albertsons,22.1,5,27,13,0,45,4,18,15,-6,31,76
BFAM,Bright Horizons,129.7,17,8,2,5,32,11,17,3,12,43,75
THC,Tenet Healthcare,163.03,0,19,2,54,75,-15,16,-23,21,-1,74
AMH,American Homes 4 Rent,37.65,-14,29,4,65,84,-18,23,-27,12,-10,74
CEG,Constellation Energy,297.5,15,10,4,0,29,12,25,-9,16,44,73
TOST,"Toast, Inc.",42.49,0,11,65,0,76,-33,23,-7,14,-3,73
INGR,Ingredion,136.76,-14,16,0,31,33,-18,21,-16,53,40,73
ZI,ZoomInfo,10.34,98,0,-11,0,87,21,14,-16,-34,-15,72
AR,Antero Resources,39.48,0,10,29,7,46,-16,11,24,7,26,72
CRH,CRH plc,94.04,-18,10,5,61,58,-23,18,-5,24,14,72
HLT,Hilton Worldwide,244.75,-16,10,4,61,59,-21,17,-6,23,13,72
MTG,MGIC Investment Corporation,26.0,-21,23,7,52,61,-20,23,-17,25,11,72
RGA,Reinsurance Group of America,199.77,-16,10,0,37,31,-17,22,-15,50,40,71
NWSA,News Corp (Class A),27.88,-19,10,5,55,51,-16,23,-5,18,20,71
GL,Globe Life,119.42,-14,0,33,11,30,-17,8,44,5,40,70
OKTA,"Okta, Inc.",123.65,0,19,12,0,31,2,17,17,3,39,70
NTNX,Nutanix,79.75,0,16,19,19,54,-20,17,-3,21,15,69
FOXA,Fox Corporation (Class A),55.04,0,9,56,0,65,-17,10,-1,11,3,68
CBRE,CBRE Group,121.13,-24,0,80,19,75,-27,16,-7,11,-7,68
SKX,Skechers,61.88,-6,8,-12,52,42,-5,15,-8,23,25,67
ROST,Ross Stores,137.24,-7,19,-1,32,43,-18,31,-15,26,24,67
KEX,Kirby Corporation,107.4,0,10,0,32,42,-19,23,-18,39,25,67
CMI,Cummins,317.29,-7,0,0,62,55,-21,15,-9,27,12,67
KBR,"KBR, Inc.",51.12,-21,14,-18,61,36,-28,23,-19,54,30,66
WTFC,Wintrust Financial,118.1,-7,10,5,46,54,-18,23,-9,16,12,66
STWD,Starwood Property Trust,19.53,-18,10,6,55,53,-24,21,-2,18,13,66
AMAT,Applied Materials,157.52,-18,10,-18,146,120,-37,22,-37,-2,-54,66
WTW,Willis Towers Watson,309.01,0,-22,82,21,81,-16,-22,-3,26,-15,66
ALSN,Allison Transmission,102.34,0,9,5,32,46,-18,16,-9,31,20,66
STAG,STAG Industrial,34.06,-16,10,-8,93,79,-21,16,-8,-1,-14,65
ADSK,Autodesk,295.45,1,13,42,11,67,-29,23,-12,16,-2,65
CSCO,Cisco,63.14,0,10,36,11,57,-24,16,-6,22,8,65
SPR,Spirit AeroSystems,37.14,0,24,6,0,30,-20,25,18,11,34,64
CMS,CMS Energy,69.64,-14,-2,64,20,68,-17,-8,10,11,-4,64
WSM,"Williams-Sonoma, Inc.",157.76,-14,0,5,62,53,-18,16,-5,18,11,64
DPZ,Domino's,480.31,-17,29,10,7,29,-20,25,15,15,35,64
LH,Labcorp,242.56,-18,16,43,12,53,-18,16,-3,15,10,63
BROS,Dutch Bros. Coffee,67.92,-3,2,41,0,40,2,16,-3,8,23,63
MAR,Marriott International,257.68,-18,10,4,55,51,-23,17,-7,24,11,62
FOX,Fox Corporation (Class B),50.44,0,9,55,0,64,-17,10,-2,6,-3,61
APO,Apollo Global Management,130.86,-21,0,0,94,73,-45,21,-11,23,-12,61
FERG,Ferguson Enterprises,178.39,0,12,-14,62,60,-21,23,-23,22,1,61
ZM,Zoom Communications,79.22,-7,11,37,0,41,5,22,-8,1,20,61
EQIX,Equinix,863.82,0,10,5,31,46,-20,23,-11,23,15,61
LPX,Louisiana-Pacific,92.63,-1,0,0,60,59,-23,14,-12,23,2,61
DLTR,Dollar Tree,88.15,28,27,0,-12,43,-2,26,13,-19,18,61
POST,Post Holdings,108.01,-17,-13,0,84,54,-24,-20,-3,54,7,61
DECK,Deckers Brands,101.05,-18,-1,-12,90,59,-18,-1,-8,28,1,60
EVR,Evercore,226.08,-7,9,-1,55,56,-28,23,-14,23,4,60
FE,FirstEnergy,42.09,0,29,6,52,87,-17,-1,-21,11,-28,59
META,Meta Platforms,627.2,0,10,5,26,41,-11,15,-6,20,18,59
UBER,Uber,87.74,-2,22,6,0,26,-19,25,4,23,33,59
PKG,Packaging Corporation of America,190.75,0,0,-1,58,57,-18,10,-14,23,1,58
NTAP,Netapp,98.01,0,0,-13,54,41,-9,23,-18,19,15,56
DG,Dollar General,101.39,44,51,0,-14,81,-2,-10,10,-23,-25,56
CMG,Chipotle Mexican Grill,50.64,-18,0,-12,77,47,-24,21,-14,26,9,56
BX,Blackstone Inc.,136.09,-21,0,-1,102,80,-45,15,-12,18,-24,56
VTR,"Ventas, Inc.",64.14,-18,-3,60,19,58,-20,-6,11,12,-3,55
AZEK,Azek,49.27,-21,28,9,0,16,-21,42,1,17,39,55
CXT,Crane NXT,51.99,-6,0,-13,52,33,-35,13,-9,53,22,55
KMB,Kimberly-Clark,141.56,6,5,2,15,28,-14,5,11,23,25,53
AL,Air Lease Corporation,56.89,0,16,5,19,40,-18,16,-8,23,13,53
PODD,Insulet,321.46,0,11,33,1,45,-12,15,2,3,8,53
HLI,Houlihan Lokey,172.76,-8,12,5,41,50,-33,23,-11,23,2,52
EXC,Exelon,43.67,0,0,43,11,54,-14,-9,14,7,-2,52
OZK,Bank OZK,44.45,-18,10,5,53,50,-28,21,-7,16,2,52
APG,APi Group,45.6,0,17,6,0,23,-12,23,-5,23,29,52
VNOM,Viper Energy,39.69,-21,0,-1,41,19,-14,18,-16,44,32,51
PARAA,Paramount Global (Class A),22.65,1,2,27,0,30,-6,15,9,3,21,51
FCN,FTI Consulting,166.81,43,0,-25,92,110,-17,-6,-35,-2,-60,50
ADT,ADT Inc.,8.22,-14,30,19,0,35,-18,14,13,5,14,49
VZ,Verizon,43.34,-2,7,18,7,30,-16,13,11,11,19,49
BLK,BlackRock,963.34,0,9,5,19,33,-17,23,-8,18,16,49
ANSS,Ansys,342.18,0,10,5,8,23,-9,23,-9,20,25,48
SNOW,Snowflake Inc.,199.98,14,13,3,0,30,6,23,-4,-7,18,48
GLPI,Gaming and Leisure Properties,46.22,-16,-18,0,62,28,-19,-13,-2,54,20,48
LAMR,Lamar Advertising,115.34,-18,0,0,61,43,-21,23,-15,18,5,48
LECO,Lincoln Electric,191.53,-7,9,-1,62,63,-19,16,-8,-4,-15,48
TSLA,"Tesla, Inc.",339.39,0,9,31,7,47,-15,21,-12,7,1,48
KVUE,Kenvue,23.73,-11,12,31,0,32,-12,21,7,0,16,48
CIEN,Ciena,80.21,4,10,7,9,30,-9,23,-9,13,18,48
AFL,Aflac,102.55,-21,-3,0,55,31,-22,-6,-7,52,17,48
MET,Metlife,77.2,-18,9,0,55,46,-21,15,-8,15,1,47
DLR,Digital Realty,168.14,0,16,3,19,38,-18,23,-12,16,9,47
AWK,American Water Works,143.62,37,0,14,3,54,-12,-10,10,5,-7,47
TDY,Teledyne Technologies,486.24,-8,9,40,11,52,-25,14,-7,12,-6,46
ATR,AptarGroup,155.94,0,16,0,17,33,-17,23,-16,22,12,45
OMF,OneMain Financial,50.19,-18,10,5,57,54,-45,21,-8,23,-9,45
XPO,"XPO, Inc.",116.94,-8,0,-1,58,49,-35,16,-11,24,-6,43
WING,Wingstop,322.32,2,16,-14,35,39,-15,16,-26,28,3,42
VRT,Vertiv,104.13,0,9,0,5,14,-10,23,-9,23,27,41
RITM,Rithm Capital,11.12,-21,10,5,29,23,-22,20,-3,23,18,41
WPC,W. P. Carey,61.37,3,7,17,0,27,1,-3,14,2,14,41
FNB,FNB Corporation,13.84,-8,10,-1,52,53,-35,23,-16,16,-12,41
PEGA,Pegasystems,96.02,-2,22,7,2,29,-16,23,-8,12,11,40
TOL,Toll Brothers,104.23,-18,0,-11,58,29,-11,16,-17,23,11,40
PINC,"Premier, Inc.",23.06,30,21,5,-25,31,-11,47,3,-31,8,39
MSM,MSC Industrial Direct,78.68,-7,10,-1,55,57,-18,25,-19,-6,-18,39
LLYVA,Liberty Live (Series A),75.89,0,23,16,0,39,-20,23,-4,0,-1,38
PAYC,Paycom,257.89,5,23,7,-21,14,39,23,-4,-34,24,38
NYT,New York Times Company,55.42,1,21,3,13,38,-27,23,-15,18,-1,37
FCNCA,First Citizens BancShares,1823.62,-18,0,-1,56,37,-32,23,-9,18,0,37
QGEN,Qiagen,42.02,-7,7,-3,0,-3,-10,48,-9,10,39,36
KIM,Kimco Realty,20.47,-21,9,-1,52,39,-21,23,-16,11,-3,36
UI,Ubiquiti,392.77,-21,11,40,7,37,-27,25,-7,7,-2,35
CNM,Core & Main,53.04,1,12,7,0,20,-21,23,-8,21,15,35
XP,XP Inc.,18.63,2,24,0,0,26,-12,22,4,-5,9,35
BRX,Brixmor Property Group,24.65,-24,0,0,52,28,-24,23,-15,23,7,35
ROK,Rockwell Automation,305.48,0,13,3,12,28,5,15,-6,-8,6,34
VEEV,Veeva Systems,233.06,-7,13,33,5,44,-33,16,-8,15,-10,34
GME,GameStop,33.07,14,13,0,-27,0,24,24,-11,-4,33,33
NOC,Northrop Grumman,471.1,4,-9,-2,55,48,-12,-17,5,9,-15,33
PCTY,Paylocity,194.86,-6,9,30,0,33,-18,23,-7,2,0,33
LLYVK,Liberty Live (Series C),76.92,0,16,17,0,33,-20,23,-4,0,-1,32
FTI,TechnipFMC,29.69,-21,10,5,24,18,-24,14,-10,34,14,32
HII,Huntington Ingalls Industries,224.7,-21,49,-1,3,30,-22,25,4,-6,1,31
LNW,Light & Wonder,86.06,7,-40,-9,54,12,4,-4,-3,22,19,31
COHR,Coherent Corp.,78.46,2,9,0,12,23,-9,16,-12,12,7,30
JEF,Jefferies Financial Group,48.42,-28,0,-8,55,19,-45,13,-11,54,11,30
RNR,RenaissanceRe,238.85,-14,7,-1,32,24,-17,15,-17,25,6,30
C,Citigroup,73.08,-7,10,7,15,25,-21,20,-5,11,5,30
MTZ,MasTec,152.45,-14,16,7,15,24,-18,23,-9,10,6,30
GRAL,"Grail, Inc.",40.22,6,0,0,0,6,5,23,-5,0,23,29
EA,Electronic Arts,146.88,-13,32,0,4,23,-14,-2,4,18,6,29
CTRA,Coterra,24.52,0,-35,-1,41,5,-15,2,26,10,23,28
SF,Stifel,93.16,-8,0,0,56,48,-44,15,-8,17,-20,28
H,Hyatt Hotels,127.4,-21,0,-11,52,20,-45,16,-15,52,8,28
STT,State Street Corporation,96.12,-1,12,5,13,29,-22,17,-8,11,-2,27
PFG,Principal Financial Group,77.01,-19,0,-1,52,32,-23,11,-8,15,-5,27
FHN,First Horizon Corporation,19.78,-2,10,40,1,49,-40,16,-6,7,-23,26
ALLE,Allegion,141.33,-18,22,4,18,26,-21,22,-20,19,0,26
CTSH,Cognizant,79.1,-7,10,4,11,18,-18,16,-6,15,7,25
BAC,Bank of America,43.19,-7,10,5,15,23,-20,17,-7,11,1,24
ESI,Element Solutions,21.4,-18,0,-8,54,28,-19,15,-17,17,-4,24
PRU,Prudential Financial,101.91,-21,0,-1,52,30,-22,15,-15,16,-6,24
MPC,Marathon Petroleum,159.16,0,12,-1,46,57,3,16,-47,-5,-33,24
FLS,Flowserve,49.61,-8,0,0,24,16,-21,15,-9,22,7,23
LII,Lennox International,566.61,-18,0,0,35,17,-20,13,-11,24,6,23
EXP,Eagle Materials,214.4,-28,-3,-3,54,20,-21,17,-17,24,3,23
BA,Boeing,202.35,0,23,2,0,25,-12,23,-5,-8,-2,23
CELH,Celsius Holdings,36.11,-18,49,-43,62,50,-33,5,6,-6,-28,22
EOG,EOG Resources,110.19,-21,-5,-8,42,8,-35,10,-9,48,14,22
RMD,Resmed,242.83,-16,16,5,10,15,-18,22,-8,10,6,21
ROIV,Roivant Sciences,10.86,0,20,0,0,20,-2,-2,-16,21,1,21
SPG,Simon Property Group,156.78,-21,0,0,32,11,-22,16,-3,18,9,20
AMZN,Amazon,200.99,-7,0,5,18,16,-21,15,-7,17,4,20
SYF,Synchrony Financial,56.72,-8,10,5,18,25,-35,23,-8,15,-5,20
NTRS,Northern Trust,105.81,0,10,4,8,22,-21,16,-7,10,-2,20
HBAN,Huntington Bancshares,15.32,-8,10,5,18,25,-28,21,-11,13,-5,20
DELL,Dell Technologies,112.15,0,10,-13,29,26,-12,23,-17,-1,-7,19
TXN,Texas Instruments,176.31,-7,10,-1,19,21,-10,14,-19,13,-2,19
MORN,"Morningstar, Inc.",304.15,-7,10,-8,25,20,-18,16,-14,15,-1,19
WBS,Webster Bank,51.24,-7,10,2,11,16,-21,18,-8,14,3,19
NVR,"NVR, Inc.",7067.18,-24,-3,-11,62,24,-22,10,-20,26,-6,18
TFSL,Third Federal S&L,13.15,-21,23,5,2,9,-14,24,-17,16,9,18
MANH,Manhattan Associates,185.24,-18,4,-17,62,31,-45,23,-15,24,-13,18
AVT,Avnet,49.73,-21,10,-1,42,30,-45,24,-16,24,-13,17
CCL,Carnival Corporation & plc,22.27,0,9,5,0,14,-22,17,-8,16,3,17
FCX,Freeport-McMoRan,39.01,2,10,-25,55,42,-14,16,-24,-3,-25,17
FOUR,Shift4,89.1,-1,0,0,0,-1,-19,19,-5,21,16,15
KEYS,Keysight,160.03,0,10,4,0,14,-12,16,-5,2,1,15
MSCI,MSCI,558.8,-8,8,0,11,11,-26,23,-11,17,3,14
INCY,Incyte,64.25,53,0,-7,-28,18,-7,18,-19,4,-4,14
DOCU,DocuSign,84.57,-17,10,41,-9,25,-27,16,-8,8,-11,14
MTB,M&T Bank,179.5,-8,10,0,19,21,-23,16,-12,11,-8,13
CG,Carlyle Group (The),44.28,-7,1,0,18,12,-18,12,-8,15,1,13
WDAY,"Workday, Inc.",238.01,-7,0,-1,11,3,-16,17,-11,19,9,12
WDC,Western Digital,50.19,0,10,0,15,25,-16,21,-16,-2,-13,12
FNF,Fidelity National Financial,53.95,-28,-12,0,55,15,-24,-7,10,18,-3,12
EIX,Edison International,56.62,-14,12,-20,1,-21,-20,23,-17,47,33,12
LEN-B,Lennar (Class B),100.97,-23,-3,-16,59,17,-23,14,-23,27,-5,12
UHS,Universal Health Services,186.24,-14,14,-1,19,18,-20,14,-23,23,-6,12
MOS,Mosaic Company (The),35.08,1,30,4,-13,22,-9,23,3,-27,-10,12
SFD,Smithfield Foods,22.82,0,5,0,0,5,-16,23,0,0,7,12
PCG,PG&E Corporation,17.03,-14,16,-18,1,-15,-17,23,-17,37,26,11
OHI,Omega Healthcare Investors,36.19,-9,-3,0,37,25,-15,-8,-19,28,-14,11
MAS,Masco,61.79,-21,-3,-8,62,30,-27,10,-20,18,-19,11
AMT,American Tower,211.93,7,0,4,0,11,-10,-6,8,8,0,11
IR,Ingersoll Rand,80.41,-8,9,-9,20,12,-27,16,-16,26,-1,11
CFR,Frost Bank,126.44,-7,10,6,1,10,-18,20,-8,7,1,11
CCK,Crown Holdings,97.03,-21,20,5,2,6,-20,23,-7,9,5,11
LEN,Lennar (Class A),105.17,-25,-4,-18,61,14,-22,15,-23,26,-4,10
WTRG,Essential Utilities,38.86,1,1,13,0,15,-12,-5,10,2,-5,10
CHH,Choice Hotels,128.34,0,0,-1,12,11,-18,11,-5,11,-1,10
AMG,Affiliated Managers Group,173.95,-21,16,0,19,14,-26,23,-15,14,-4,10
BHF,Brighthouse Financial,57.93,-18,13,6,8,9,-19,19,-5,5,0,9
PR,Permian Resources,12.72,-8,9,-16,23,8,-45,12,-12,46,1,9
GM,General Motors,48.69,-5,10,0,8,13,-14,16,-16,10,-4,9
TWLO,Twilio,113.5,0,2,35,-31,6,-15,16,-6,8,3,9
AGNC,AGNC Investment,8.83,-16,0,0,13,-3,-15,15,-2,14,12,9
MRP,Millrose Properties,28.01,0,0,0,0,0,-12,20,0,0,8,8
EXAS,Exact Sciences,56.95,52,16,-16,-22,30,-9,20,-20,-13,-22,8
LBRDK,Liberty Broadband (Series C),96.15,-8,21,35,-33,15,-24,21,-9,5,-7,8
ACN,Accenture,309.57,-7,0,-11,11,-7,-9,15,-7,16,15,8
ULTA,Ulta Beauty,406.82,0,20,0,0,20,-19,23,-11,-6,-13,7
LBRDA,Liberty Broadband (Series A),95.46,-8,21,35,-33,15,-24,20,-9,5,-8,7
CNXC,Concentrix,55.71,0,10,0,0,10,4,13,9,-30,-4,6
MSGS,Madison Square Garden Sports,190.71,-18,0,-8,18,-8,-19,23,-14,24,14,6
EFX,Equifax,262.28,-21,22,0,13,14,-20,23,-26,15,-8,6
DKS,Dick's Sporting Goods,167.15,-49,-7,-1,60,3,-18,-1,-9,30,2,5
CARR,Carrier Global,70.97,-16,17,0,0,1,-19,17,-17,23,4,5
MIDD,Middleby,145.75,0,0,2,0,2,-13,10,-4,10,3,5
DAL,Delta Air Lines,47.91,-18,0,-1,16,-3,-23,16,-9,23,7,4
OTIS,Otis Worldwide,96.78,-8,0,0,0,-8,-19,10,-2,23,12,4
NBIX,Neurocrine Biosciences,120.18,0,1,-16,22,7,-15,20,-8,-1,-4,3
NSC,Norfolk Southern,240.08,0,9,0,1,10,-23,23,-18,11,-7,3
PHM,PulteGroup,98.21,-50,0,-11,62,1,-23,21,-22,26,2,3
OC,Owens Corning,133.81,-21,-1,-12,55,21,-27,-1,-16,26,-18,3
EXPE,Expedia Group,158.94,-18,0,37,8,27,-45,16,-6,11,-24,3
HAS,Hasbro,65.83,0,10,2,0,12,-17,21,-22,8,-10,2
ALK,Alaska Air Group,50.73,-21,0,33,1,13,-25,13,-5,6,-11,2
JKHY,Jack Henry & Associates,181.94,0,7,4,1,12,-12,9,-15,8,-10,2
IP,International Paper,47.67,0,-3,0,13,10,-21,8,-8,13,-8,2
AFG,American Financial Group,121.5,-18,-3,0,53,32,-19,-6,-16,11,-30,2
G,Genpact,43.5,0,-15,41,0,26,-16,-12,-3,7,-24,2
ESTC,Elastic NV,92.26,13,0,-1,-3,9,-15,15,-6,-1,-7,2
NLY,Annaly Capital Management,18.79,-19,0,6,7,-6,-21,17,-2,13,7,1
AMD,Advanced Micro Devices,110.34,-7,9,-30,107,79,-37,16,-54,-4,-79,0
MASI,Masimo,150.13,-21,-3,34,-3,7,-15,4,-3,7,-7,0
TYL,Tyler Technologies,566.07,0,0,0,14,14,-22,9,-16,15,-14,0
MAA,Mid-America Apartment Communities,152.76,-21,-3,46,0,22,-24,-3,-3,8,-22,0
XYL,Xylem Inc.,124.02,-7,10,0,19,22,-21,20,-40,19,-22,0
CRUS,Cirrus Logic,99.88,-8,10,-11,16,7,-9,17,-29,13,-8,-1
WAT,Waters Corporation,346.44,-16,0,0,11,-5,-15,16,-8,11,4,-1
JNJ,Johnson & Johnson,152.94,12,0,0,0,12,-9,-6,-2,3,-14,-2
RPRX,Royalty Pharma,32.46,-16,13,20,0,17,-20,21,14,-35,-20,-3
ECG,Everus Construction Group,56.7,0,8,0,0,8,-31,25,-5,0,-11,-3
GPK,Graphic Packaging,22.6,-8,-54,-7,55,-14,-21,-17,-20,68,10,-4
AMTM,Amentum,20.56,-21,22,0,0,1,-18,23,-10,0,-5,-4
USB,U.S. Bancorp,42.93,-7,10,0,1,4,-24,16,-12,12,-8,-4
AMED,Amedisys,93.38,-21,27,-1,-37,-32,-15,23,13,7,28,-4
LITE,Lumentum,75.77,0,8,2,1,11,-30,16,-9,7,-16,-5
RIVN,Rivian,15.63,0,12,0,0,12,-9,20,-11,-18,-18,-6
FRPT,Freshpet,84.5,0,0,-12,0,-12,-12,10,-8,16,6,-6
AYI,Acuity Brands,259.88,-8,0,0,24,16,-45,15,-9,17,-22,-6
RF,Regions Financial Corporation,21.24,-18,9,0,19,10,-28,16,-15,11,-16,-6
INVH,Invitation Homes,32.99,-17,8,-1,4,-6,-19,-2,9,11,-1,-7
OKE,Oneok,81.13,-21,-36,-1,51,-7,-45,10,-13,48,0,-7
GTES,Gates Corporation,20.94,-18,10,5,12,9,-44,18,-5,15,-16,-7
DHI,D. R. Horton,118.63,-31,-3,-16,62,12,-22,-1,-23,27,-19,-7
EWBC,East West Bancorp,90.3,-18,10,0,19,11,-45,21,-11,16,-19,-8
PSA,Public Storage,296.75,-20,11,-1,12,2,-20,23,-23,10,-10,-8
SBAC,SBA Communications,229.53,-14,30,4,-17,3,-14,-4,5,2,-11,-8
SNV,Synovus,47.01,-8,10,0,18,20,-44,16,-11,11,-28,-8
CUBE,CubeSmart,41.3,-21,16,-11,19,3,-19,21,-24,11,-11,-8
HUBS,HubSpot,614.84,-18,0,5,8,-5,-35,22,-6,16,-3,-8
LAD,Lithia Motors,311.44,-19,0,-1,11,-9,-23,16,-10,18,1,-8
EW,Edwards Lifesciences,74.99,-14,22,0,-11,-3,-15,23,18,-32,-6,-9
PNFP,Pinnacle Financial Partners,105.55,-20,10,6,12,8,-45,21,-8,15,-17,-9
JHG,Janus Henderson,36.29,-16,0,0,16,0,-33,16,-7,15,-9,-9
WH,Wyndham Hotels & Resorts,84.44,-18,0,0,8,-10,-21,15,-5,12,1,-9
CRM,Salesforce,273.14,-8,0,-1,19,10,-44,16,-9,18,-19,-9
FR,First Industrial Realty Trust,48.16,-21,0,-1,11,-11,-22,16,-3,11,2,-9
DXCM,Dexcom,84.51,-8,14,0,-11,-5,-16,23,-5,-6,-4,-9
SN,SharkNinja,94.38,-7,10,0,0,3,-22,16,-6,0,-12,-9
CHRW,C.H. Robinson,95.76,0,8,0,0,8,-18,10,-15,5,-18,-10
CBSH,Commerce Bancshares,62.76,-18,10,7,1,0,-35,23,-8,10,-10,-10
UAL,United Airlines Holdings,74.65,-34,0,38,8,12,-49,22,-8,13,-22,-10
VOYA,Voya Financial,65.76,-14,10,-11,1,-14,-21,13,-16,28,4,-10
APPF,AppFolio,209.81,-26,-5,-6,25,-12,-24,9,-8,25,2,-10
EGP,EastGroup Properties,164.83,-18,7,-1,5,-7,-21,22,-3,-2,-4,-11
EEFT,Euronet Worldwide,105.07,-20,13,3,-12,-16,-15,15,-5,10,5,-11
SMCI,Supermicro,40.1,0,0,-39,55,16,-26,9,-4,-6,-27,-11
PNC,PNC Financial Services,171.82,-7,0,0,11,4,-29,15,-12,11,-15,-11
TTD,Trade Desk (The),73.92,0,0,-15,1,-14,-16,16,-15,17,2,-12
VLTO,Veralto,100.45,0,10,0,0,10,-18,17,-21,0,-22,-12
VLO,Valero Energy,128.55,-6,10,-32,41,13,-28,12,-7,-2,-25,-12
BOKF,BOK Financial Corporation,92.81,-21,0,0,19,-2,-19,11,-14,11,-11,-13
CR,Crane Co.,170.04,-18,17,4,0,3,-21,19,-16,2,-16,-13
DD,DuPont,67.65,-18,0,-9,16,-11,-17,15,-23,23,-2,-13
BEPC,Brookfield Renewable Partners,28.88,-14,11,0,0,-3,-18,22,-21,7,-10,-13
FIVE,Five Below,107.28,0,12,0,-13,-1,-9,21,-13,-12,-13,-14
CPT,Camden Property Trust,113.03,-18,0,4,0,-14,-21,16,-3,8,0,-14
XOM,ExxonMobil,103.07,-35,-5,-1,41,0,-49,10,-23,47,-15,-15
ALGM,Allegro MicroSystems,25.4,0,9,0,0,9,-18,10,-3,-13,-24,-15
APD,Air Products,269.83,-18,0,0,13,-5,-21,11,-7,7,-10,-15
MDT,Medtronic,80.69,-14,-3,-1,-3,-21,-12,10,-2,10,6,-15
SNDK,SanDisk,37.28,-9,0,0,0,-9,-17,10,0,0,-7,-16
CNH,CNH Industrial,12.76,-8,11,7,0,10,-21,17,-2,-20,-26,-16
BIRK,Birkenstock,53.26,-13,12,3,0,2,-33,23,-8,0,-18,-16
FITB,Fifth Third Bancorp,37.19,-18,0,0,19,1,-30,15,-15,13,-17,-16
DBX,Dropbox,28.6,-42,0,7,6,-29,-9,25,-8,5,13,-16
CPAY,Corpay,324.18,-21,0,0,18,-3,-44,16,-7,22,-13,-16
HIW,Highwoods Properties,28.73,-21,16,0,3,-2,-27,23,-20,10,-14,-16
PB,Prosperity Bancshares,69.77,-21,0,0,11,-10,-21,16,-12,11,-6,-16
BURL,Burlington Stores,234.75,-7,-1,0,1,-7,-21,11,-14,14,-10,-17
HAYW,Hayward Holdings,13.6,-21,10,-1,0,-12,-21,17,-14,13,-5,-17
AGCO,AGCO,100.48,-7,12,0,0,5,-21,17,-8,-10,-22,-17
OSK,Oshkosh Corporation,97.72,0,9,-14,1,-4,-18,14,-8,-2,-14,-18
SOLV,Solventum,70.81,-5,0,0,0,-5,-20,11,-4,0,-13,-18
MEDP,Medpace,294.59,-18,-3,-15,29,-7,-18,15,-7,-1,-11,-18
TXT,Textron,72.94,-8,10,-23,50,29,-21,20,-44,-2,-47,-18
LULU,Lululemon Athletica,310.77,0,0,0,0,0,-16,15,-8,-9,-18,-18
SOFI,SoFi,13.09,-28,2,34,0,8,-47,21,-8,8,-26,-18
VNT,Vontier,35.26,-7,10,-1,0,2,-24,17,-11,-2,-20,-18
DNB,Dun & Bradstreet,8.99,34,0,-14,0,20,-12,23,-16,-34,-39,-19
FIS,Fidelity National Information Services,78.24,-7,25,0,-34,-16,-16,23,-18,8,-3,-19
IDXX,Idexx Laboratories,501.51,-7,17,2,1,13,-18,23,-32,-5,-32,-19
HPQ,HP Inc.,28.0,0,0,-13,0,-13,-18,15,-17,13,-7,-20
DOCS,Doximity,51.03,-44,-6,42,0,-8,-15,-1,-5,9,-12,-20
SYY,Sysco,71.44,-7,0,-4,0,-11,-14,10,-16,11,-9,-20
XYZ,"Block, Inc.",58.74,14,0,-12,-33,-31,7,7,-13,10,11,-20
PSN,Parsons Corporation,66.17,-7,0,-15,0,-22,-18,5,-18,32,1,-21
AOS,A. O. Smith,67.01,-21,10,-30,55,14,-19,22,-36,-2,-35,-21
ESS,Essex Property Trust,269.38,-18,-2,0,11,-9,-19,-1,-3,11,-12,-21
NNN,NNN Reit,41.14,-16,8,-1,19,10,-18,-2,-23,11,-32,-22
ROKU,"Roku, Inc.",68.99,0,0,0,-16,-16,-16,15,-6,1,-6,-22
PEN,"Penumbra, Inc.",268.57,-51,0,20,8,-23,-19,-2,34,-12,1,-22
EXR,Extra Space Storage,145.73,-18,7,-1,0,-12,-19,23,-24,10,-10,-22
D,Dominion Energy,56.31,0,8,2,-31,-21,-14,23,-18,7,-2,-23
RKT,Rocket Companies,12.68,0,-15,-7,0,-22,-30,6,6,17,-1,-23
HSIC,Schein (Henry),71.66,0,1,0,0,1,-12,14,-7,-20,-25,-24
KMPR,Kemper Corporation,61.92,-18,0,0,1,-17,-21,11,-8,11,-7,-24
KEY,Keycorp,15.64,-18,10,0,1,-7,-28,16,-15,10,-17,-24
ALLY,Ally Financial,33.59,-18,0,-1,1,-18,-21,11,-9,13,-6,-24
UHAL,U-Haul,62.0,-26,0,-3,19,-10,-30,15,-16,17,-14,-24
NXST,Nexstar Media Group,171.6,0,9,2,1,12,-33,9,-20,7,-37,-25
KDP,Keurig Dr Pepper,32.9,-13,-2,0,0,-15,-12,-13,6,9,-10,-25
TNL,Travel + Leisure Co.,47.76,-21,0,5,13,-3,-44,16,-5,11,-22,-25
LYFT,Lyft,16.1,0,11,3,0,14,-47,21,-15,1,-40,-26
TRGP,Targa Resources,160.43,-28,-36,0,48,-16,-45,-8,-8,51,-10,-26
TFC,Truist Financial,39.29,-20,0,0,1,-19,-23,15,-11,11,-8,-27
EQR,Equity Residential,67.61,-18,9,0,10,1,-21,-1,-17,10,-29,-28
PVH,PVH Corp.,81.99,0,9,-20,1,-10,-21,23,-16,-4,-18,-28
NU,Nubank,11.99,-28,21,-1,0,-8,-40,23,-19,16,-20,-28
GEN,Gen Digital,27.58,-16,13,3,13,13,-54,15,-15,13,-41,-28
FHB,"First Hawaiian, Inc.",23.4,-18,0,0,11,-7,-45,20,-8,11,-22,-29
ZG,Zillow (Class A),65.27,-32,0,42,-38,-28,-28,16,-6,17,-1,-29
BKR,Baker Hughes,36.74,-21,-36,0,32,-25,-29,9,-7,23,-4,-29
AVB,AvalonBay Communities,198.0,-18,0,0,13,-5,-17,-3,-16,12,-24,-29
FSLR,First Solar,158.41,-14,9,-27,59,27,-38,23,-39,-3,-57,-30
VNO,Vornado Realty Trust,37.09,-21,0,0,1,-20,-27,16,-11,12,-10,-30
CMA,Comerica,56.17,-18,0,0,1,-17,-25,15,-12,9,-13,-30
INGM,Ingram Micro,19.49,-16,9,0,0,-7,-33,16,-6,0,-23,-30
NVT,Nvent Electric,65.24,0,10,-14,9,5,-41,23,-16,-2,-36,-31
CVX,Chevron Corporation,136.56,-35,-35,-8,45,-33,-35,6,28,3,2,-31
AXTA,Axalta,30.95,-28,0,-4,19,-13,-45,21,-17,23,-18,-31
BSY,Bentley Systems,47.39,0,13,-29,0,-16,-21,25,-16,-3,-15,-31
VVV,Valvoline,33.96,-6,0,-14,28,8,-13,11,-36,-1,-39,-31
PARA,Paramount Global (Class B),11.98,15,11,0,-36,-10,5,17,-2,-42,-22,-32
DDOG,Datadog,114.47,0,0,-11,0,-11,-36,17,-14,12,-21,-32
JNPR,Juniper Networks,35.99,-43,5,0,51,13,-56,19,-25,17,-45,-32
SW,Smurfit Westrock,43.74,-6,0,0,0,-6,-26,11,-11,0,-26,-32
WYNN,Wynn Resorts,90.47,-8,12,0,0,4,-35,20,-16,-5,-36,-32
BEN,Franklin Templeton Investments,21.52,-7,13,0,-6,0,-25,23,-11,-19,-32,-32
AAP,Advance Auto Parts,48.67,14,2,0,-25,-9,6,9,-8,-31,-24,-33
CFG,Citizens Financial Group,39.57,-8,0,0,1,-7,-45,15,-8,11,-27,-34
TAP,Molson Coors,54.03,-7,-21,-1,11,-18,-17,1,-2,2,-16,-34
DVA,DaVita,138.18,-16,-29,0,17,-28,-16,2,-8,16,-6,-34
PCOR,Procore,67.29,-18,0,2,0,-16,-44,15,-5,16,-18,-34
NEE,NextEra Energy,67.75,-14,0,-1,0,-15,-19,11,-22,10,-20,-35
QCOM,Qualcomm,145.32,-8,0,-13,19,-2,-9,18,-40,-2,-33,-35
CSGP,CoStar Group,74.01,-18,-4,-1,11,-12,-19,-9,11,-6,-23,-35
EMN,Eastman Chemical Company,80.57,-7,0,-9,0,-16,-19,10,-23,12,-20,-36
RRX,Regal Rexnord,134.39,-17,10,-16,0,-23,-21,15,-17,10,-13,-36
COLB,Columbia Banking System,23.58,-21,0,0,-6,-27,-21,19,-14,7,-9,-36
TRU,TransUnion,83.16,-21,0,-1,0,-22,-22,16,-19,11,-14,-36
MAT,Mattel,19.01,0,9,2,0,11,-24,11,-6,-28,-47,-36
FRT,Federal Realty Investment Trust,92.55,-21,0,-11,0,-32,-21,23,-17,11,-4,-36
HES,Hess Corporation,131.36,-24,-35,-8,52,-15,-48,9,19,-1,-21,-36
LCID,Lucid Motors,2.56,-3,0,-20,0,-23,-14,37,-5,-32,-14,-37
FTV,Fortive,69.67,-18,0,-9,30,3,-45,12,-5,-2,-40,-37
SARO,StandardAero,28.17,-20,10,0,0,-10,-35,17,-9,0,-27,-37
ES,Eversource Energy,63.46,0,13,3,-7,9,-14,16,-23,-25,-46,-37
Z,Zillow (Class C),66.04,-33,0,0,-4,-37,-28,16,-6,17,-1,-38
MDB,MongoDB Inc.,185.87,-7,0,-14,-6,-27,-5,15,-15,-6,-11,-38
S,SentinelOne,19.75,-1,0,-13,0,-14,-35,16,-16,11,-24,-38
LAZ,Lazard,43.0,-20,0,0,17,-3,-44,15,-16,10,-35,-38
THO,Thor Industries,79.62,-1,0,-14,-3,-18,-16,16,-17,-3,-20,-38
MU,Micron Technology,93.38,0,9,-23,19,5,-17,15,-40,-2,-44,-39
VTRS,Viatris,8.28,-19,0,-13,-4,-36,-19,17,-17,16,-3,-39
U,Unity Technologies,20.77,-7,0,0,0,-7,-18,23,-5,-32,-32,-39
AFRM,Affirm Holdings,49.29,-28,0,0,0,-28,-43,23,-5,14,-11,-39
VKTX,Viking Therapeutics,26.98,-7,0,-28,18,-17,-18,19,-21,-3,-23,-40
ZTS,Zoetis,162.61,4,7,-23,0,-12,-16,16,-26,-2,-28,-40
CHTR,Charter Communications,406.35,-14,21,6,-33,-20,-27,20,-16,3,-20,-40
SJM,J.M. Smucker Company (The),112.64,0,0,0,0,0,-16,-9,5,-20,-40,-40
BRBR,BellRing Brands,61.68,-18,-14,-1,0,-33,-19,-6,-7,24,-8,-41
DIS,Walt Disney Company (The),109.71,0,10,3,-38,-25,-21,14,-7,-2,-16,-41
UDR,"UDR, Inc.",39.45,-21,-3,0,0,-24,-21,-3,-3,10,-17,-41
DLB,Dolby Laboratories,74.69,-8,0,0,0,-8,-45,15,-8,5,-33,-41
PLD,Prologis,104.05,-21,0,-11,0,-32,-21,21,-8,-2,-10,-42
GEHC,GE HealthCare,69.16,-24,0,-8,0,-32,-22,13,-6,5,-10,-42
ARW,Arrow Electronics,117.04,-8,17,-30,1,-20,-19,23,-21,-5,-22,-42
ELS,Equity Lifestyle Properties,63.54,0,-3,-9,0,-12,-16,-6,-20,12,-30,-42
O,Realty Income,55.53,-14,6,0,0,-8,-17,-5,-22,10,-34,-42
ADBE,Adobe Inc.,407.54,0,8,-24,-3,-19,-9,15,-28,-2,-24,-43
CCI,Crown Castle,100.12,-10,1,-1,-25,-35,-14,-4,8,2,-8,-43
PYPL,PayPal,69.85,-7,0,-1,-36,-44,-9,16,-12,6,1,-43
FAF,First American Financial Corporation,55.62,-24,-15,-1,11,-29,-19,-3,-7,15,-14,-43
MTDR,Matador Resources,43.38,-7,0,-17,0,-24,-16,10,-10,-3,-19,-43
OWL,Blue Owl Capital,18.26,-21,0,-1,0,-22,-45,15,-9,18,-21,-43
ABNB,Airbnb,126.67,-21,0,-1,0,-22,-37,23,-6,-2,-22,-44
ZBRA,Zebra Technologies,284.24,-3,0,-9,-4,-16,-44,15,-9,10,-28,-44
EG,Everest Group,335.77,-21,-3,-24,52,4,-20,-1,-25,-2,-48,-44
CACC,Credit Acceptance,476.7,-27,-1,-1,0,-29,-22,11,-3,-2,-16,-45
AVY,Avery Dennison,177.64,-7,9,-23,1,-20,-15,23,-31,-2,-25,-45
WEX,WEX Inc.,133.4,0,0,-31,-2,-33,5,10,-22,-5,-12,-45
ZION,Zions Bancorporation,46.58,-18,0,0,1,-17,-45,15,-11,12,-29,-46
DKNG,DraftKings,35.09,-18,0,-9,0,-27,-46,16,-6,17,-19,-46
A,Agilent Technologies,108.54,-18,0,-11,-2,-31,-18,13,-8,-2,-15,-46
SNDR,Schneider National,23.25,-18,0,-11,0,-29,-19,9,-15,7,-18,-47
BBWI,"Bath & Body Works, Inc.",30.25,-18,0,-13,-12,-43,-18,21,-4,-3,-4,-47
CSX,CSX Corporation,30.84,0,9,-24,1,-14,-23,13,-20,-3,-33,-47
TPG,TPG Inc.,46.99,-21,0,-1,0,-22,-45,16,-12,16,-25,-47
BWA,BorgWarner,32.68,0,12,-25,0,-13,-17,19,-23,-13,-34,-47
TKR,Timken Company,68.43,-16,0,-12,1,-27,-24,14,-9,-2,-21,-48
TROW,T. Rowe Price,93.02,-7,0,-11,-22,-40,-21,16,-13,10,-8,-48
MTD,Mettler Toledo,1111.79,-7,0,-11,0,-18,-15,15,-29,-2,-31,-49
LKQ,LKQ Corporation,40.19,-18,0,0,0,-18,-24,9,-2,-14,-31,-49
BLDR,Builders FirstSource,108.33,-24,-78,-16,62,-56,-45,4,-20,68,7,-49
IFF,International Flavors & Fragrances,75.0,-7,0,-11,-28,-46,-10,22,-23,8,-3,-49
F,Ford Motor Company,10.35,-8,24,-38,-14,-36,-19,23,-16,-2,-14,-50
TSN,Tyson Foods,55.56,-1,-15,0,-25,-41,-11,-15,9,8,-9,-50
PINS,Pinterest,30.87,0,0,-12,0,-12,-40,11,-7,-2,-38,-50
INFA,Informatica,22.57,3,1,-30,0,-26,-28,23,-15,-4,-24,-50
NDSN,Nordson,193.38,-8,9,-24,0,-23,-21,15,-17,-4,-27,-50
LUV,Southwest Airlines,30.95,-9,9,4,-36,-32,-18,12,-13,1,-18,-50
BXP,"BXP, Inc.",64.63,-16,8,-8,-36,-52,-15,23,-17,10,1,-51
BALL,Ball Corporation,51.76,-7,10,-23,-8,-28,-13,22,-30,-2,-23,-51
WST,West Pharmaceutical Services,205.65,-16,-1,-15,-4,-36,-12,17,-15,-5,-15,-51
TEAM,Atlassian,206.74,-35,0,7,-3,-31,-45,22,-6,8,-21,-52
JLL,Jones Lang LaSalle,215.77,-31,-3,-1,11,-24,-47,15,-8,11,-29,-53
WAL,Western Alliance Bancorporation,71.47,-24,0,0,1,-23,-45,15,-15,15,-30,-53
GTLB,GitLab,47.47,-21,0,-9,0,-30,-45,15,-8,15,-23,-53
GPC,Genuine Parts Company,126.21,0,8,-1,0,7,-21,22,-48,-14,-61,-54
SUI,Sun Communities,119.93,-14,1,-3,-21,-37,-16,-4,-7,8,-19,-56
LNC,Lincoln Financial,32.38,-24,0,6,-3,-21,-47,13,-6,5,-35,-56
LFUS,Littelfuse,205.66,-7,10,-13,-3,-13,-26,15,-27,-5,-43,-56
SMG,Scotts Miracle-Gro Company,59.42,0,6,-10,-36,-40,-16,9,-20,10,-17,-57
NCLH,Norwegian Cruise Line Holdings,17.32,-24,0,-8,-2,-34,-43,11,-8,17,-23,-57
DAY,Dayforce,57.24,-7,0,-8,-9,-24,-27,4,-12,2,-33,-57
CUZ,Cousins Properties,27.0,-34,0,0,8,-26,-28,-1,-12,10,-31,-57
IVZ,Invesco,14.38,-21,0,-8,-3,-32,-45,16,-8,10,-27,-59
BG,Bunge Global,78.14,-21,30,-32,0,-23,-22,23,-35,-2,-36,-59
CVS,CVS Health,60.85,-10,-2,0,-14,-26,-14,-8,13,-25,-34,-60
KNX,Knight-Swift,42.82,-21,0,-13,0,-34,-18,11,-9,-10,-26,-60
IRDM,Iridium Communications,25.21,-7,0,-9,-16,-32,-15,14,-11,-16,-28,-60
SEE,Sealed Air,31.88,0,10,-12,-21,-23,-16,21,-15,-29,-39,-62
HXL,Hexcel,51.36,-18,0,-17,-2,-37,-21,11,-9,-6,-25,-62
IEX,IDEX Corporation,179.62,-21,0,-16,0,-37,-23,17,-16,-3,-25,-62
COO,Cooper Companies (The),78.83,-21,0,-15,-2,-38,-23,-1,-20,19,-25,-63
ELAN,Elanco,12.66,0,13,-25,-4,-16,-18,15,-41,-3,-47,-63
SHC,Sotera Health,12.15,-36,15,-15,0,-36,-21,17,-20,-3,-27,-63
CFLT,"Confluent, Inc.",21.84,-8,-56,-4,0,-68,6,4,-6,1,5,-63
PFE,Pfizer,23.33,28,0,-21,-20,-13,-13,16,-29,-25,-51,-64
BMY,Bristol Myers Squibb,46.86,28,-35,-3,-2,-12,-14,-38,-2,2,-52,-64
GNRC,Generac,123.53,-7,0,-8,-31,-46,-21,12,-16,7,-18,-64
FDX,FedEx,216.59,-28,0,-14,29,-13,-45,10,-16,-1,-52,-65
GXO,GXO Logistics,39.62,-17,10,-25,0,-32,-21,16,-23,-5,-33,-65
MCHP,Microchip Technology,56.17,0,10,-34,0,-24,-10,16,-43,-4,-41,-65
AKAM,Akamai Technologies,75.84,-8,0,-14,-4,-26,-17,-2,-14,-7,-40,-66
CCCS,CCC Intelligent Solutions,8.47,-21,-1,-16,0,-38,-15,5,-15,-3,-28,-66
FANG,Diamondback Energy,135.87,-19,0,-17,44,8,-48,11,-36,-2,-75,-67
ELV,Elevance Health,372.23,-9,-9,-32,0,-50,-13,-24,6,14,-17,-67
NSA,National Storage Affiliates,34.13,-21,-3,-3,-1,-28,-20,-4,-24,9,-39,-67
AMCR,Amcor,8.94,-18,-3,-8,0,-29,-21,-5,-23,8,-41,-70
MKSI,MKS Instruments,83.86,-7,0,-15,-10,-32,-42,15,-9,-2,-38,-70
CAVA,Cava Group,83.41,-35,0,-2,0,-37,-42,25,-16,0,-33,-70
REGN,Regeneron Pharmaceuticals,588.62,0,-3,-29,0,-32,-10,3,-30,-1,-38,-70
BC,Brunswick Corporation,49.77,-7,0,-26,-4,-37,-21,10,-17,-6,-34,-71
ON,ON Semiconductor,41.27,-8,0,-25,-3,-36,-9,16,-31,-12,-36,-72
BBY,Best Buy,69.91,-18,0,-12,-3,-33,-45,16,-23,13,-39,-72
SON,Sonoco,45.69,0,8,-32,0,-24,-18,11,-30,-11,-48,-72
CMCSA,Comcast,34.54,-11,0,-23,-6,-40,-17,10,-20,-5,-32,-72
FI,Fiserv,159.34,-49,-36,-2,32,-55,-16,-22,-3,24,-17,-72
LVS,Las Vegas Sands,39.79,-18,10,-10,-3,-21,-43,16,-14,-11,-52,-73
WMS,Advanced Drainage Systems,109.99,-21,0,-28,0,-49,-21,23,-42,16,-24,-73
POOL,Pool Corporation,302.29,-21,-4,-11,-3,-39,-21,10,-17,-6,-34,-73
BILL,Bill.com,44.4,-21,0,-12,0,-33,-15,16,-8,-34,-41,-74
IONS,Ionis Pharmaceuticals,32.98,-7,13,-37,-8,-39,-14,19,-34,-7,-36,-75
PSX,Phillips 66,113.15,-21,9,-24,38,2,-37,11,-49,-2,-77,-75
M,"Macy's, Inc.",11.58,-24,0,-19,-12,-55,-18,13,-13,-3,-21,-76
RH,RH,184.84,-21,0,-12,-4,-37,-45,11,-11,6,-39,-76
UHAL-B,U-Haul (Series N),54.84,-26,0,-11,0,-37,-35,15,-25,6,-39,-76
BLD,TopBuild,279.63,-35,-4,-17,43,-13,-49,-3,-34,22,-64,-77
HOG,Harley-Davidson,24.3,-7,6,-31,-6,-38,-16,11,-26,-8,-39,-77
EPAM,EPAM Systems,175.76,-7,0,-14,-24,-45,-9,15,-5,-34,-33,-78
PPG,PPG Industries,110.1,-18,10,-34,-5,-47,-19,18,-25,-5,-31,-78
HST,Host Hotels & Resorts,14.7,-28,10,-20,0,-38,-45,23,-15,-3,-40,-78
GLOB,Globant,100.62,-42,-6,-14,-4,-66,-9,15,-14,-4,-12,-78
DJT,Trump Media & Technology Group,25.72,0,6,-44,0,-38,-47,24,-12,-6,-41,-79
SWK,Stanley Black & Decker,65.52,-8,0,-17,-36,-61,-16,10,-23,11,-18,-79
FND,Floor & Decor,73.32,-24,-3,-23,-3,-53,-18,11,-17,-3,-27,-80
SBUX,Starbucks,84.4,0,-45,-6,0,-51,-40,9,-3,4,-30,-81
YETI,Yeti Holdings,29.5,-8,-3,-23,-3,-37,-33,10,-14,-7,-44,-81
PATH,UiPath,12.37,-28,0,-14,0,-42,-45,25,-13,-7,-40,-82
KRC,Kilroy Realty,31.27,-17,0,-8,-37,-62,-17,3,-14,8,-20,-82
TER,Teradyne,77.02,-16,0,-17,-3,-36,-45,11,-11,-2,-47,-83
AA,Alcoa,28.06,0,0,-9,-17,-26,-23,10,-15,-29,-57,-83
SWKS,Skyworks Solutions,69.39,-7,8,-31,-27,-57,-9,18,-34,-2,-27,-84
TTC,Toro Company (The),73.87,-7,9,-23,-4,-25,-21,15,-36,-17,-59,-84
RARE,Ultragenyx,35.66,-3,0,-15,-35,-53,-12,-6,-23,9,-32,-85
MHK,Mohawk Industries,101.16,-24,-4,-14,-8,-50,-23,-1,-22,11,-35,-85
PK,Park Hotels & Resorts,10.16,-25,0,-14,-4,-43,-45,21,-16,-2,-42,-85
TREX,"Trex Company, Inc.",56.94,-21,0,-42,-10,-73,-15,18,-14,-3,-14,-87
NVST,Envista,16.72,-25,0,-11,0,-36,-28,16,-11,-29,-52,-88
LSTR,Landstar,136.94,-16,-4,-23,0,-43,-23,10,-30,-4,-47,-90
COLM,Columbia Sportswear,63.73,-20,-53,-9,-3,-85,-18,7,-4,10,-5,-90
LSCC,Lattice Semiconductor,46.63,-33,0,-8,-2,-43,-45,15,-5,-12,-47,-90
DHR,Danaher Corporation,184.5,-17,-3,-17,-1,-38,-18,-5,-28,-1,-52,-90
STZ,Constellation Brands,184.42,-18,16,-33,0,-35,-24,23,-49,-5,-55,-90
OLED,Universal Display Corporation,143.12,-18,10,-25,0,-33,-45,17,-28,-2,-58,-91
WBD,Warner Bros. Discovery,9.02,-1,0,0,-39,-40,-15,10,-8,-42,-55,-95
OVV,Ovintiv,35.86,-20,0,-25,0,-45,-45,10,-12,-3,-50,-95
HHH,Howard Hughes Holdings,66.62,-40,-3,-1,-3,-47,-54,11,-16,11,-48,-95
CE,Celanese,52.47,-1,0,-31,-7,-39,-14,12,-49,-6,-57,-96
SITE,SiteOne Landscape Supply,115.71,-26,0,-14,-6,-46,-45,16,-17,-5,-51,-97
CROX,Crocs,108.28,-7,12,-30,1,-24,-43,12,-40,-2,-73,-97
JBHT,J. B. Hunt,137.44,-19,0,-19,-2,-40,-45,10,-16,-7,-58,-98
VAC,Marriott Vacations Worldwide,65.74,-7,0,-13,-14,-34,-41,12,-13,-22,-64,-98
UA,Under Armour (Class C),6.25,11,2,-16,-34,-37,-19,12,-20,-34,-61,-98
UAA,Under Armour (Class A),6.69,9,0,-16,-41,-48,-21,20,-16,-34,-51,-99
CERT,"Certara, Inc.",11.41,-56,-3,-3,0,-62,3,-5,-6,-29,-37,-99
LINE,"Lineage, Inc.",45.2,-8,-35,0,0,-43,-19,-18,-19,0,-56,-99
CNC,Centene,56.4,-14,-3,-32,-8,-57,-16,-1,-1,-25,-43,-100
VFC,VF Corporation,12.0,-21,-3,-8,-40,-72,-35,11,-8,4,-28,-100
MTN,Vail Resorts,147.63,-1,0,-21,-20,-42,-21,10,-15,-33,-59,-101
AMKR,Amkor Technology,18.26,-8,0,-28,0,-36,-43,16,-36,-2,-65,-101
AGO,Assured Guaranty,84.38,-77,1,0,53,-23,-87,-2,-8,19,-78,-101
ADM,Archer Daniels Midland,47.95,-21,11,-34,-8,-52,-19,23,-36,-17,-49,-101
TGT,Target Corporation,94.29,-21,-5,-19,-8,-53,-18,-1,-27,-3,-49,-102
WBA,Walgreens Boots Alliance,11.18,-8,10,0,-74,-72,-22,25,-1,-32,-30,-102
MP,MP Materials,19.68,-91,-11,20,0,-82,-37,-18,33,1,-21,-103
QRVO,Qorvo,74.61,-7,10,-32,-28,-57,-27,18,-36,-2,-47,-104
OMC,Omnicom Group,73.15,-26,-114,-15,42,-113,-19,-1,-20,47,7,-106
JAZZ,Jazz Pharmaceuticals,108.07,0,-41,-3,-3,-47,-13,-6,-4,-36,-59,-106
ILMN,"Illumina, Inc.",80.32,0,0,-16,-37,-53,-17,16,-16,-37,-54,-107
GMED,Globus Medical,58.96,-14,-65,-3,0,-82,-15,-11,-8,9,-25,-107
CDW,CDW,182.09,-7,10,-30,1,-26,-43,17,-51,-5,-82,-108
DINO,HF Sinclair,35.57,-3,12,-38,-6,-35,-35,17,-50,-5,-73,-108
INSP,Inspire Medical Systems,143.09,-20,-7,-11,-3,-41,-48,11,-16,-14,-67,-108
BAX,Baxter International,30.13,-19,0,-11,-35,-65,-20,17,-2,-38,-43,-108
PENN,Penn Entertainment,15.08,-35,-5,-11,-31,-82,5,15,-6,-41,-27,-109
WY,Weyerhaeuser,25.22,-23,-36,-11,0,-70,-23,10,-23,-5,-41,-111
MKTX,MarketAxess,217.77,0,6,-16,-26,-36,-12,-3,-20,-41,-76,-112
FMC,FMC Corporation,38.24,-5,0,-28,-21,-54,-15,3,-24,-23,-59,-113
MKC,McCormick & Company,71.11,-57,-28,-1,-1,-87,-26,-6,-2,7,-27,-114
KHC,Kraft Heinz,26.31,-21,-23,-30,-1,-75,-18,-13,-2,-7,-40,-115
CZR,Caesars Entertainment,27.68,-18,0,-14,-22,-54,-28,23,-23,-34,-62,-116
MTCH,Match Group,29.19,0,0,-14,-34,-48,-17,2,-21,-35,-71,-119
GFS,GlobalFoundries,36.55,-7,0,-70,0,-77,-38,15,-5,-14,-42,-119
GNTX,Gentex,21.61,-21,-3,-30,-5,-59,-22,11,-47,-5,-63,-122
WFRD,Weatherford International,45.52,-18,0,-32,0,-50,-45,11,-36,-2,-72,-122
IPG,Interpublic Group of Companies (The),24.0,-26,-5,-31,0,-62,-19,-1,-28,-14,-62,-124
DV,DoubleVerify,13.12,-28,0,-58,0,-86,-41,16,-6,-7,-38,-124
FIVN,Five9,26.57,-7,0,-67,-32,-106,5,15,-5,-37,-22,-128
HSY,Hershey Company (The),155.35,-63,-9,-33,-1,-106,1,-6,-2,-16,-23,-129
HR,Healthcare Realty Trust,14.35,-21,-35,-2,-36,-94,-18,-7,-17,6,-36,-130
DAR,Darling Ingredients,31.54,-33,0,-14,-17,-64,-45,22,-18,-27,-68,-132
NWL,Newell Brands,5.49,-7,0,-15,-28,-50,-44,10,-15,-33,-82,-132
CRL,Charles River Laboratories,136.81,-14,1,-42,-23,-78,-14,13,-51,-5,-57,-135
LW,Lamb Weston,50.58,-15,-17,-60,-5,-97,-17,2,-14,-11,-40,-137
ST,Sensata Technologies,25.2,-7,10,-30,-12,-39,-45,14,-37,-32,-100,-139
REXR,Rexford Industrial,34.67,-21,0,-34,-15,-70,-22,10,-29,-29,-70,-140
RGEN,Repligen,118.08,-57,-3,-4,-14,-78,-15,-5,-8,-34,-62,-140
AAL,American Airlines Group,11.19,-8,0,-9,-73,-90,-21,15,-9,-36,-51,-141
NUE,Nucor,108.44,-49,-3,-43,0,-95,-21,-1,-20,-5,-47,-142
BIO,Bio-Rad Laboratories,223.78,-21,-3,-15,-25,-64,-21,-3,-20,-34,-78,-142
WSC,WillScot Mobile Mini,27.31,-18,0,-53,-3,-74,-45,15,-30,-9,-69,-143
LEA,Lear Corporation,89.12,-18,10,-56,-14,-78,-18,15,-52,-12,-67,-145
HRL,Hormel Foods,29.44,-17,-3,-23,-20,-63,-21,-19,-15,-27,-82,-145
RYN,Rayonier,23.3,-18,-35,-8,-2,-63,-21,-35,-20,-6,-82,-145
KMX,CarMax,62.26,-28,-59,-7,-33,-127,-21,6,-11,8,-18,-145
W,Wayfair,36.21,-7,10,-51,-38,-86,-24,16,-15,-37,-60,-146
ENTG,Entegris,72.32,-35,-7,-32,-3,-77,-45,15,-37,-2,-69,-146
CLVT,Clarivate,4.08,-20,0,-65,-3,-88,-15,19,-25,-39,-60,-148
MGM,MGM Resorts International,31.34,-26,0,-44,0,-70,-44,23,-51,-6,-78,-148
OGN,Organon & Co.,8.69,0,-43,-17,0,-60,-17,-41,-30,-1,-89,-149
BIIB,Biogen,125.84,0,0,-72,-24,-96,-13,10,-35,-15,-53,-149
MRK,Merck & Co.,77.61,5,-38,-35,-1,-69,2,-40,-39,-3,-80,-149
INTC,Intel,20.06,-18,-5,-57,-17,-97,-48,10,-5,-9,-52,-149
BMRN,BioMarin Pharmaceutical,57.49,-19,-35,-38,-17,-109,-15,-6,-3,-19,-43,-152
APTV,Aptiv,66.07,0,10,0,-21,-11,-40,16,-85,-33,-142,-153
CAG,Conagra Brands,22.38,-19,-28,-20,-4,-71,-18,-42,-2,-20,-82,-153
AES,AES Corporation,9.99,-24,-3,-30,-8,-65,-37,10,-41,-21,-89,-154
AZTA,Azenta,27.0,-3,-61,-41,-28,-133,-13,4,-7,-6,-22,-155
REYN,Reynolds Consumer Products,21.98,-21,-76,-16,0,-113,-19,-6,-28,10,-43,-156
PII,Polaris Inc.,38.03,-5,0,-88,-14,-107,-15,10,-31,-14,-50,-157
DOC,Healthpeak Properties,16.86,-18,-36,-5,-28,-87,-18,-39,-20,6,-71,-158
BDX,Becton Dickinson,171.39,-7,-63,-16,-2,-88,-15,-37,-7,-12,-71,-159
QS,QuantumScape,3.96,-34,0,-72,0,-106,1,15,-36,-33,-53,-159
TDC,Teradata,21.54,-21,0,-67,-14,-102,-45,15,-15,-13,-58,-160
ETSY,Etsy,47.6,0,0,-108,-27,-135,12,10,-14,-34,-26,-161
SIRI,Sirius XM,21.84,-7,0,-71,-28,-106,-18,14,-37,-14,-55,-161
IPGP,IPG Photonics,64.63,0,9,-74,-41,-106,-16,16,-15,-41,-56,-162
OXY,Occidental Petroleum,41.3,-21,0,-43,0,-64,-48,10,-47,-13,-98,-162
DVN,Devon Energy,31.15,-24,0,-38,-2,-64,-47,11,-44,-19,-99,-163
MPW,Medical Properties Trust,4.59,-63,-10,0,-33,-106,-27,-8,10,-32,-57,-163
SRPT,Sarepta Therapeutics,37.89,14,-92,-17,-4,-99,-9,-14,-38,-3,-64,-163
UWMC,United Wholesale Mortgage,4.07,-21,-44,-17,0,-82,2,-52,-30,-1,-81,-163
CGNX,Cognex Corporation,29.73,-8,0,-28,-28,-64,-41,14,-36,-37,-100,-164
RNG,RingCentral,25.93,-21,0,-14,-38,-73,-51,15,-14,-42,-92,-165
CPRI,Capri Holdings,16.82,-11,0,-60,-8,-79,-44,11,-24,-29,-86,-165
CIVI,Civitas Resources,27.65,-31,-5,-43,-3,-82,-45,10,-43,-6,-84,-166
IAC,IAC Inc.,36.33,-18,0,-28,-28,-74,-45,11,-23,-35,-92,-166
ANGI,Angi Inc.,15.56,-7,0,-28,-48,-83,-22,5,-26,-41,-84,-167
ONTO,Onto Innovation,92.03,-24,-71,-14,0,-109,-39,-11,-9,-1,-60,-169
CPB,Campbell Soup Company,33.49,-19,-35,-20,-3,-77,-18,-45,-27,-2,-92,-169
COLD,Americold,16.81,-19,-38,-29,-8,-94,-22,-12,-29,-12,-75,-169
BF-B,Brown–Forman (Class B),33.94,-17,0,-91,-15,-123,-22,23,-23,-25,-47,-170
QDEL,QuidelOrtho,29.72,-21,-3,-11,-35,-70,-57,12,-11,-44,-100,-170
HUM,Humana,224.92,-9,-17,-77,-9,-112,-13,-20,-8,-17,-58,-170
SAM,Boston Beer Company,232.06,-19,-2,-23,-34,-78,-24,-9,-19,-41,-93,-171
ENOV,Enovis,31.55,-21,-3,-53,-14,-91,-45,11,-13,-34,-81,-172
RHI,Robert Half,45.31,-7,-84,-17,-6,-114,-20,6,-15,-29,-58,-172
PEP,PepsiCo,129.33,-8,-35,-30,-1,-74,-18,-44,-27,-10,-99,-173
BF-A,Brown–Forman (Class A),33.86,-17,0,-90,-15,-122,-23,23,-30,-21,-51,-173
KSS,Kohl's,7.48,-7,0,-50,-28,-85,-19,11,-51,-29,-88,-173
SLB,Schlumberger,33.65,-28,-36,-58,0,-122,-45,10,-9,-7,-51,-173
PRGO,Perrigo,26.57,-8,0,0,-110,-118,-13,12,-3,-52,-56,-174
SEB,Seaboard Corporation,2580.12,14,-35,-87,-20,-128,24,-45,-2,-26,-49,-177
WU,Western Union,9.4,-19,-35,-11,-43,-108,-18,-4,-46,-2,-70,-178
RVTY,Revvity,89.36,-21,-53,-8,-21,-103,-16,-45,-13,-1,-75,-178
CHRD,Chord Energy,89.61,-21,-36,-38,0,-95,-48,10,-42,-3,-83,-178
LYB,LyondellBasell,56.13,-25,-47,-32,-2,-106,-22,-1,-46,-4,-73,-179
MAN,ManpowerGroup,42.08,-5,-36,-34,-25,-100,-15,1,-34,-33,-81,-181
TMO,Thermo Fisher Scientific,393.59,-21,-61,-10,-2,-94,-18,-71,-9,11,-87,-181
WEN,Wendy's Company (The),11.44,-21,-37,-25,-5,-88,-19,-43,-20,-12,-94,-182
GO,Grocery Outlet,13.31,-21,-3,-88,0,-112,-23,-7,-16,-25,-71,-183
GIS,General Mills,53.39,-17,-34,-29,-1,-81,-18,-44,-25,-16,-103,-184
SPB,Spectrum Brands,58.13,-19,-110,-16,-1,-146,-47,3,-15,21,-38,-184
SAIA,Saia,264.19,-23,-67,-14,1,-103,-45,-22,-16,-2,-85,-188
DXC,DXC Technology,14.75,-44,-6,-13,-70,-133,-23,15,-20,-31,-59,-192
LBTYA,Liberty Global (Series A),9.58,-1,-36,-28,-28,-93,-30,-37,-26,-7,-100,-193
COP,ConocoPhillips,85.17,-35,-36,-33,0,-104,-45,10,-49,-5,-89,-193
TRIP,Tripadvisor,13.69,-21,0,-49,-49,-119,-45,15,-6,-41,-77,-196
FBIN,Fortune Brands Innovations,50.26,-21,-122,-14,-2,-159,-45,10,-20,17,-38,-197
NOV,NOV Inc.,12.13,-24,-36,-43,-9,-112,-49,10,-34,-12,-85,-197
TECH,Bio-Techne,46.77,-54,-74,-15,-21,-164,-15,-1,-15,-3,-34,-198
NKE,"Nike, Inc.",60.01,-7,0,-65,-18,-90,-23,11,-66,-33,-111,-201
ACHC,Acadia Healthcare,22.53,-35,-62,-36,-8,-141,-27,9,-30,-13,-61,-202
GPN,Global Payments,74.09,-31,-70,-15,-36,-152,-45,10,-12,-7,-54,-206
CLX,Clorox,130.88,-21,-98,-5,-2,-126,-19,-56,-15,10,-80,-206
PLTK,Playtika,4.51,-83,-5,-14,0,-102,-56,-6,-15,-28,-105,-207
LBTYK,Liberty Global (Series C),9.81,-7,-36,-28,-27,-98,-15,-37,-25,-33,-110,-208
IQV,IQVIA,136.98,-56,-71,-28,-3,-158,-17,-1,-30,-3,-51,-209
XRAY,Dentsply Sirona,15.45,-7,0,-69,-39,-115,-17,14,-56,-37,-96,-211
ALGN,Align Technology,170.81,-21,0,-55,-22,-98,-28,-1,-50,-35,-114,-212
WHR,Whirlpool Corporation,77.32,-21,-80,-12,-23,-136,-47,9,-8,-33,-79,-215
AVTR,Avantor,12.69,-7,-74,-17,0,-98,-17,-73,-28,-2,-120,-218
COTY,Coty,4.79,-7,-82,-52,-4,-145,-18,3,-54,-6,-75,-220
CRI,Carter's,31.38,-21,-79,-50,-14,-164,-21,-3,-27,-6,-57,-221
TXG,10x Genomics,8.17,-21,-1,-64,0,-86,-48,15,-63,-39,-135,-221
HOLX,Hologic,54.26,-20,-137,-23,-1,-181,-19,5,-23,-4,-41,-222
HUN,Huntsman Corporation,11.39,-24,-46,-33,-12,-115,-49,-2,-28,-30,-109,-224
NFE,New Fortress Energy,2.77,-49,-66,-59,0,-174,-17,-1,-10,-22,-50,-224
ZBH,Zimmer Biomet,92.7,-21,-33,-53,-14,-121,-35,-3,-52,-15,-105,-226
EL,Estée Lauder Companies (The),63.67,-7,0,-108,-23,-138,-17,13,-53,-32,-89,-227
APA,APA Corporation,16.84,-18,0,-73,-9,-100,-45,10,-77,-16,-128,-228
MRNA,Moderna,26.26,-1,-81,-43,-1,-126,-16,-7,-43,-36,-102,-228
FLO,Flowers Foods,16.48,-57,-35,-25,-5,-122,-16,-27,-45,-20,-108,-230
VSTS,Vestis,5.98,-56,-79,-9,0,-144,2,-79,-15,0,-92,-236
CLF,Cleveland-Cliffs,6.48,-36,-48,-51,-13,-148,-28,-7,-51,-5,-91,-239
SEG,Seaport Entertainment Group,18.06,-53,-110,0,0,-163,-59,-3,-16,0,-78,-241
WLK,Westlake Corporation,71.53,-42,-67,-28,-1,-138,-48,-16,-40,-3,-107,-245
HAL,Halliburton,19.92,-26,-87,-51,-2,-166,-26,-2,-50,-6,-84,-250
ARE,Alexandria Real Estate Equities,67.83,-23,-43,-25,-27,-118,-21,-45,-36,-32,-134,-252
UPS,United Parcel Service,95.37,-25,-45,-94,-13,-177,-33,10,-22,-31,-76,-253
TFX,Teleflex,120.79,-21,-79,-30,-36,-166,-22,-34,-26,-7,-89,-255
CC,Chemours,10.29,-49,-84,-53,-10,-196,-18,-6,-15,-27,-66,-262
LEG,Leggett & Platt,8.71,-44,0,-120,-27,-191,-35,18,-23,-35,-75,-266
ASH,Ashland Global,49.27,-21,-135,-29,-6,-191,-27,-1,-41,-7,-76,-267
BRKR,Bruker,35.49,-63,-75,-48,-5,-191,-15,-3,-52,-6,-76,-267
FTRE,Fortrea,4.07,-70,-108,-24,0,-202,-17,-1,-53,0,-71,-273
ENPH,Enphase Energy,39.64,-21,-94,-34,-17,-166,-23,-35,-41,-21,-120,-286
DOW,Dow Inc.,28.33,-44,-145,-31,0,-220,-21,-1,-46,-5,-73,-293
CHDN,Churchill Downs Incorporated,93.24,-17,-110,-19,0,-146,-44,-119,-20,27,-156,-302
ALB,Albemarle Corporation,57.6,-24,-107,-116,-20,-267,-18,10,-15,-22,-45,-312
APLS,Apellis Pharmaceuticals,17.44,12,-74,-58,-13,-133,-14,-98,-56,-15,-183,-316
WOLF,Wolfspeed,1.45,-35,-4,-122,-27,-188,-38,-3,-88,-34,-163,-351
OLN,Olin Corporation,19.36,-49,-144,-48,-6,-247,-56,-1,-50,-20,-127,-374
