Symbol,Name,Close,1H Cloud Score,1D Cloud Score,1W Cloud Score,1M Cloud Score,Cloud Score Sum,1H TKx Score,1D TKx Score,1W TKx Score,1M TKx Score,TKx Score Sum,Total Score Sum
AAPL,Apple Inc.,195.34,-18,0,-1,248,229,-42,23,-13,68,36,265
NVDA,Nvidia,131.31,0,9,2,131,142,-9,17,-11,23,20,162
MSFT,Microsoft,450.19,0,17,4,170,191,-5,25,-14,22,28,219
AVGO,Broadcom,228.63,15,13,7,113,148,-9,25,-9,27,34,182
CRM,Salesforce,273.14,-8,0,-1,19,10,-44,16,-9,18,-19,-9
ORCL,Oracle Corporation,156.0,-1,9,0,195,203,-40,16,-11,24,-11,192
AMD,Advanced Micro Devices,110.34,-7,9,-30,107,79,-37,16,-54,-4,-79,0
ACN,Accenture,309.57,-7,0,-11,11,-7,-9,15,-7,16,15,8
CSCO,Cisco,63.14,0,10,36,11,57,-24,16,-6,22,8,65
ADBE,Adobe Inc.,407.54,0,8,-24,-3,-19,-9,15,-28,-2,-24,-43
IBM,IBM,258.63,0,15,97,51,163,-18,23,44,53,102,265
NOW,ServiceNow,1003.66,-2,11,5,79,93,-7,24,-8,19,28,121
QCOM,Qualcomm,145.32,-8,0,-13,19,-2,-9,18,-40,-2,-33,-35
TXN,Texas Instruments,176.31,-7,10,-1,19,21,-10,14,-19,13,-2,19
INTU,Intuit,719.94,10,23,5,188,226,5,23,-19,17,26,252
AMAT,Applied Materials,157.52,-18,10,-18,146,120,-37,22,-37,-2,-54,66
MU,Micron Technology,93.38,0,9,-23,19,5,-17,15,-40,-2,-44,-39
PANW,Palo Alto Networks,186.74,-21,10,5,78,72,-13,21,-5,54,57,129
ADI,Analog Devices,210.42,-8,10,0,176,178,-35,16,-16,23,-12,166
ANET,Arista Networks,91.17,-7,6,0,55,54,-21,18,-9,53,41,95
LRCX,Lam Research,81.06,0,10,-1,149,158,-10,17,-5,-2,0,158
INTC,Intel,20.06,-18,-5,-57,-17,-97,-48,10,-5,-9,-52,-149
KLAC,KLA Corporation,757.39,0,10,2,174,186,-10,25,-8,23,30,216
PLTR,Palantir Technologies,123.33,-2,23,104,0,125,-36,25,107,17,113,238
APH,Amphenol,85.54,0,23,7,62,92,-9,25,-9,24,31,123
MSI,Motorola Solutions,418.92,0,0,0,150,150,-10,-8,-15,182,149,299
SNPS,Synopsys,499.03,-2,10,-15,177,170,-36,23,-16,-2,-31,139
CDNS,Cadence Design Systems,315.66,0,22,5,138,165,-9,25,-13,177,180,345
CRWD,CrowdStrike,455.31,48,23,33,0,104,5,25,-5,17,42,146
NXPI,NXP Semiconductors,192.12,-8,0,-13,60,39,-9,18,-36,-2,-29,10
ADSK,Autodesk,295.45,1,13,42,11,67,-29,23,-12,16,-2,65
ROP,Roper Technologies,567.03,-14,9,17,179,191,-17,15,32,23,53,244
FTNT,Fortinet,103.15,0,9,42,110,161,-16,3,-4,10,-7,154
FICO,Fair Isaac,1694.76,-26,-3,-1,163,133,-26,25,-16,28,11,144
TEL,TE Connectivity,157.56,-3,16,4,59,76,-21,22,-8,15,8,84
MPWR,Monolithic Power Systems,662.44,-16,10,-14,154,134,-44,20,-28,23,-29,105
MCHP,Microchip Technology,56.17,0,10,-34,0,-24,-10,16,-43,-4,-41,-65
IT,Gartner,438.18,-7,0,-9,55,39,-9,20,-7,54,58,97
CTSH,Cognizant,79.1,-7,10,4,11,18,-18,16,-6,15,7,25
HPQ,HP Inc.,28.0,0,0,-13,0,-13,-18,15,-17,13,-7,-20
GLW,Corning Inc.,48.36,70,9,7,14,100,-7,16,-8,11,12,112
DELL,Dell Technologies,112.15,0,10,-13,29,26,-12,23,-17,-1,-7,19
ON,ON Semiconductor,41.27,-8,0,-25,-3,-36,-9,16,-31,-12,-36,-72
CDW,CDW Corporation,182.09,-7,10,-30,1,-26,-43,17,-51,-5,-82,-108
ANSS,Ansys,342.18,0,10,5,8,23,-9,23,-9,20,25,48
KEYS,Keysight Technologies,160.03,0,10,4,0,14,-12,16,-5,2,1,15
TYL,Tyler Technologies,566.07,0,0,0,14,14,-22,9,-16,15,-14,0
HPE,Hewlett Packard Enterprise,17.42,-7,6,-12,39,26,-9,23,-9,51,56,82
NTAP,NetApp,98.01,0,0,-13,54,41,-9,23,-18,19,15,56
SMCI,Supermicro,40.1,0,0,-39,55,16,-26,9,-4,-6,-27,-11
WDC,Western Digital,50.19,0,10,0,15,25,-16,21,-16,-2,-13,12
GDDY,GoDaddy,182.81,-21,0,82,19,80,-21,23,-7,19,14,94
PTC,PTC Inc.,168.81,0,9,-14,179,174,-17,17,-15,23,8,182
TDY,Teledyne Technologies,486.24,-8,9,40,11,52,-25,14,-7,12,-6,46
STX,Seagate Technology,112.78,14,10,2,19,45,7,21,-23,15,20,65
FSLR,First Solar,158.41,-14,9,-27,59,27,-38,23,-39,-3,-57,-30
ZBRA,Zebra Technologies,284.24,-3,0,-9,-4,-16,-44,15,-9,10,-28,-44
TER,Teradyne,77.02,-16,0,-17,-3,-36,-45,11,-11,-2,-47,-83
AKAM,Akamai Technologies,75.84,-8,0,-14,-4,-26,-17,-2,-14,-7,-40,-66
VRSN,Verisign,279.63,-3,121,24,6,148,5,22,40,4,71,219
SWKS,Skyworks Solutions,69.39,-7,8,-31,-27,-57,-9,18,-34,-2,-27,-84
TRMB,Trimble Inc.,70.52,0,10,67,1,78,-16,15,-8,9,0,78
GEN,Gen Digital,27.58,-16,13,3,13,13,-54,15,-15,13,-41,-28
JBL,Jabil,165.44,0,13,7,62,82,-18,23,-8,54,51,133
JNPR,Juniper Networks,35.99,-43,5,0,51,13,-56,19,-25,17,-45,-32
FFIV,"F5, Inc.",282.1,0,9,82,11,102,-9,23,-5,14,23,125
ENPH,Enphase Energy,39.64,-21,-94,-34,-17,-166,-23,-35,-41,-21,-120,-286
EPAM,EPAM Systems,175.76,-7,0,-14,-24,-45,-9,15,-5,-34,-33,-78
