Symbol,Name,Close,1H Cloud Score,1D Cloud Score,1W Cloud Score,1M Cloud Score,Cloud Score Sum,1H TKx Score,1D TKx Score,1W TKx Score,1M TKx Score,TKx Score Sum,Total Score Sum
AAPL,Apple Inc.,196.25,-41,-6,-2,249,200,-53,-16,-17,69,-17,183
NVDA,Nvidia,145.47,21,26,6,132,185,56,34,2,24,116,301
MSFT,Microsoft,480.24,119,34,8,171,332,6,42,2,23,73,405
AVGO,Broadcom,251.31,-2,30,11,114,153,2,42,2,28,74,227
CRM,Salesforce,259.55,-13,-4,-5,20,-2,-5,-14,-13,19,-13,-15
ORCL,Oracle Corporation,210.71,119,26,3,196,344,-2,33,2,25,58,402
AMD,Advanced Micro Devices,126.79,21,26,-34,108,121,14,33,2,-5,44,165
ACN,Accenture,306.2,-20,0,-15,12,-23,-33,-2,-11,17,-29,-52
CSCO,Cisco,65.86,16,27,40,12,95,20,33,2,23,78,173
ADBE,Adobe Inc.,378.05,-28,0,-28,-4,-60,-51,-4,-32,-3,-90,-150
IBM,IBM,283.23,87,32,101,52,272,86,40,48,54,228,500
NOW,ServiceNow,981.41,-44,28,0,80,64,-5,-4,-12,20,-1,63
QCOM,Qualcomm,153.67,-3,12,-17,20,12,-11,35,-44,-3,-23,-11
TXN,Texas Instruments,198.33,0,27,1,20,48,13,31,2,14,60,108
INTU,Intuit,754.8,-7,40,9,189,231,-4,40,2,18,56,287
AMAT,Applied Materials,172.94,1,27,-22,147,153,-2,7,-41,-3,-39,114
MU,Micron Technology,121.8,91,26,1,20,138,86,32,2,-3,117,255
PANW,Palo Alto Networks,199.73,21,27,9,79,136,32,38,2,55,127,263
ADI,Analog Devices,229.71,0,27,3,177,207,13,33,2,24,72,279
ANET,Arista Networks,90.26,-13,12,0,56,55,-22,8,-13,54,27,82
LRCX,Lam Research,92.28,77,27,1,150,255,19,34,2,-3,52,307
INTC,Intel,21.48,7,0,-61,-18,-72,13,3,-9,-10,-3,-75
KLAC,KLA Corporation,871.16,77,27,6,175,285,-2,42,2,24,66,351
PLTR,Palantir Technologies,139.94,53,40,108,0,201,-7,42,111,18,164,365
APH,Amphenol,93.46,1,40,11,63,115,3,42,2,25,72,187
MSI,Motorola Solutions,404.74,-56,-11,0,151,84,-23,-2,-19,183,139,223
SNPS,Synopsys,473.69,-13,14,-19,178,160,-29,6,-20,-3,-46,114
CDNS,Cadence Design Systems,296.98,-10,39,9,139,177,-24,4,2,178,160,337
CRWD,CrowdStrike,485.08,42,40,37,0,119,42,42,2,18,104,223
NXPI,NXP Semiconductors,211.61,0,11,-17,61,55,-3,35,-40,-3,-11,44
ADSK,Autodesk,295.09,-5,30,46,12,83,-1,-2,2,17,16,99
ROP,Roper Technologies,555.69,-25,0,21,180,176,-28,-9,36,24,23,199
FTNT,Fortinet,100.84,-7,26,46,111,176,-4,-1,2,11,8,184
FICO,Fair Isaac,1762.96,-8,-20,0,164,136,-5,-13,-20,29,-9,127
TEL,TE Connectivity,163.8,-4,33,8,60,97,13,39,2,16,70,167
MPWR,Monolithic Power Systems,693.24,-6,27,-18,155,158,12,37,2,24,75,233
MCHP,Microchip Technology,68.02,0,27,-38,1,-10,12,33,2,-5,42,32
IT,Gartner,399.33,-112,-4,-13,56,-73,-39,-7,-11,55,-2,-75
CTSH,Cognizant,79.14,-12,27,8,12,35,-4,-3,-10,16,-1,34
HPQ,HP Inc.,24.17,-41,-4,-17,0,-62,12,-12,-21,14,-7,-69
GLW,Corning Inc.,50.45,-2,26,11,15,50,13,33,-12,12,46,96
DELL,Dell Technologies,116.56,17,27,-17,30,57,19,40,2,-2,59,116
ON,ON Semiconductor,52.27,0,12,-29,0,-17,-2,33,-35,-13,-17,-34
CDW,CDW Corporation,169.95,-38,27,-34,0,-45,-38,-6,-55,-6,-105,-150
ANSS,Ansys,336.23,-12,27,9,9,33,-28,6,2,21,1,34
KEYS,Keysight Technologies,160.14,-4,27,8,0,31,13,-9,-9,3,-2,29
TYL,Tyler Technologies,568.64,-5,0,0,15,10,-8,26,-20,16,14,24
HPE,Hewlett Packard Enterprise,17.79,-13,23,-16,40,34,13,-2,-13,52,50,84
NTAP,NetApp,102.74,0,12,-17,55,50,17,40,-22,20,55,105
SMCI,Supermicro,44.44,7,3,-43,56,23,14,26,-8,-7,25,48
WDC,Western Digital,59.18,21,27,4,16,68,19,38,2,1,60,128
GDDY,GoDaddy,176.41,-11,0,0,20,9,15,-11,-11,20,13,22
PTC,PTC Inc.,166.63,-11,26,-18,180,177,-8,34,-19,24,31,208
TDY,Teledyne Technologies,488.92,-29,26,44,12,53,4,31,2,13,50,103
STX,Seagate Technology,131.26,21,27,6,20,74,19,38,2,16,75,149
FSLR,First Solar,143.67,-14,26,-31,0,-19,-14,-2,2,-4,-18,-37
ZBRA,Zebra Technologies,291.72,0,13,-13,-5,-5,13,32,-13,11,43,38
TER,Teradyne,86.31,2,0,-21,-4,-23,13,28,-15,-3,23,0
AKAM,Akamai Technologies,78.7,1,0,-18,-5,-22,13,2,-18,-8,-11,-33
VRSN,Verisign,281.1,21,138,28,7,194,31,6,44,5,86,280
SWKS,Skyworks Solutions,71.63,-6,25,-35,-28,-44,12,35,-38,-3,6,-38
TRMB,Trimble Inc.,71.7,0,27,71,2,100,-2,32,-12,10,28,128
GEN,Gen Digital,29.36,-2,30,7,14,49,-10,32,2,14,38,87
JBL,Jabil,204.66,21,30,11,63,125,20,40,3,55,118,243
JNPR,Juniper Networks,35.85,0,22,0,52,74,19,-13,-29,18,-5,69
FFIV,"F5, Inc.",286.37,-13,26,86,12,111,-5,40,2,15,52,163
ENPH,Enphase Energy,36.38,-14,-111,-38,-18,-181,-14,-52,-45,-22,-133,-314
EPAM,EPAM Systems,164.98,-28,-1,-18,-25,-72,-33,-4,-9,-35,-81,-153
