Symbol,Name,Close,1H Cloud Score,1D Cloud Score,1W Cloud Score,1M Cloud Score,Cloud Score Sum,1H TKx Score,1D TKx Score,1W TKx Score,1M TKx Score,TKx Score Sum,Total Score Sum
AAPL,Apple Inc.,234.35,0,50,2,252,304,-9,18,6,-1,14,318
NVDA,Nvidia,170.76,-49,1,18,135,105,11,-9,14,27,43,148
MSFT,Microsoft,498.45,-21,-2,20,174,171,-12,-16,14,26,12,183
AVGO,Broadcom,336.66,29,86,23,117,255,31,3,14,31,79,334
CRM,Salesforce,252.04,2,-28,-17,23,-20,16,3,-25,22,16,-4
ORCL,Oracle Corporation,241.62,16,0,15,199,230,21,-14,14,28,49,279
AMD,Advanced Micro Devices,155.83,-49,0,2,111,64,-20,-9,14,-8,-23,41
ACN,Accenture,251.85,-35,-44,-27,-1,-107,-12,2,-23,20,-13,-120
CSCO,Cisco,67.34,-22,0,52,15,45,-42,-12,14,26,-14,31
ADBE,Adobe Inc.,353.97,13,-44,-40,-7,-78,19,-1,-44,-6,-32,-110
IBM,IBM,259.08,29,-28,113,55,169,28,2,60,57,147,316
NOW,ServiceNow,933.79,17,-23,0,83,77,19,2,12,23,56,133
QCOM,Qualcomm,158.67,16,10,-29,23,20,-2,12,12,-6,16,36
TXN,Texas Instruments,185.03,-42,-5,0,23,-24,-49,-1,14,17,-19,-43
INTU,Intuit,670.89,11,-14,21,192,210,-2,-20,14,21,13,223
AMAT,Applied Materials,163.56,16,-17,-5,150,144,21,-28,12,-6,-1,143
MU,Micron Technology,135.24,28,9,2,23,62,28,18,14,-6,54,116
PANW,Palo Alto Networks,197.57,119,3,3,82,207,33,4,14,58,109,316
ADI,Analog Devices,248.16,0,14,15,180,209,18,14,14,27,73,282
ANET,Arista Networks,141.91,56,68,11,59,194,-4,64,10,57,127,321
LRCX,Lam Research,105.56,17,5,13,153,188,24,-2,14,-6,30,218
INTC,Intel,24.44,0,19,0,-21,-2,23,18,4,-13,32,30
KLAC,KLA Corporation,917.88,21,2,18,178,219,22,-9,14,27,54,273
PLTR,Palantir Technologies,162.33,7,96,120,0,223,10,-11,123,21,143,366
APH,Amphenol,116.79,18,96,23,66,203,7,98,14,28,147,350
MSI,Motorola Solutions,478.06,56,38,5,154,253,-6,48,5,186,233,486
SNPS,Synopsys,603.21,14,70,11,181,276,19,-12,12,-6,13,289
CDNS,Cadence Design Systems,361.88,16,52,21,142,231,23,-8,14,181,210,441
CRWD,CrowdStrike,423.51,0,-23,49,0,26,17,-37,14,21,15,41
NXPI,NXP Semiconductors,223.67,-34,20,-1,64,49,-5,15,11,-6,15,64
ADSK,Autodesk,325.2,56,7,3,15,81,22,7,14,20,63,144
ROP,Roper Technologies,519.49,-6,-27,-6,183,144,-12,-44,-5,27,-34,110
FTNT,Fortinet,79.84,18,-27,-6,114,99,19,-29,-6,14,-2,97
FICO,Fair Isaac,1546.81,87,0,-10,167,244,52,7,-32,32,59,303
TEL,TE Connectivity,208.64,26,89,20,63,198,-2,4,14,19,35,233
MPWR,Monolithic Power Systems,857.88,20,83,7,158,268,23,27,14,-3,61,329
MCHP,Microchip Technology,64.76,0,-2,0,0,-2,-2,-3,14,-8,1,-1
IT,Gartner,246.08,1,-60,-25,0,-84,12,-63,-23,58,-16,-100
CTSH,Cognizant,70.76,-14,-29,-7,15,-35,-12,4,-7,19,4,-31
HPQ,HP Inc.,29.04,84,20,-29,2,77,52,18,3,-2,71,148
GLW,Corning Inc.,72.39,84,82,23,18,207,33,89,12,15,149,356
DELL,Dell Technologies,121.27,-9,0,0,33,24,-12,-7,14,-5,-10,14
ON,ON Semiconductor,48.62,0,-8,-41,-2,-51,-2,-26,10,-16,-34,-85
CDW,CDW Corporation,168.95,19,-25,-46,0,-52,23,-28,6,-9,-8,-60
KEYS,Keysight Technologies,169.17,27,5,2,1,35,32,5,12,6,55,90
TYL,Tyler Technologies,557.93,5,-12,0,18,11,19,-14,5,19,29,40
HPE,Hewlett Packard Enterprise,23.89,20,79,5,43,147,6,16,11,55,88,235
NTAP,NetApp,123.13,84,26,2,58,170,33,18,11,-2,60,230
SMCI,Supermicro,42.96,2,-7,-4,59,50,8,-19,9,-10,-12,38
WDC,Western Digital,94.55,84,83,16,19,202,33,94,14,4,145,347
GDDY,GoDaddy,148.89,14,-43,-7,23,-13,19,-67,-23,23,-48,-61
PTC,PTC Inc.,204.04,-7,82,10,183,268,-8,46,11,27,76,344
TDY,Teledyne Technologies,544.54,6,82,56,15,159,-5,-14,14,16,11,170
STX,Seagate Technology,191.36,83,83,18,23,207,32,94,14,19,159,366
FSLR,First Solar,203.28,21,48,0,63,132,-12,3,14,-7,-2,130
ZBRA,Zebra Technologies,312.23,0,-2,-6,-8,-16,19,-19,8,14,22,6
TER,Teradyne,115.02,-6,54,0,3,51,-10,84,7,-6,75,126
AKAM,Akamai Technologies,78.17,16,2,-30,-8,-20,19,10,-30,-11,-12,-32
VRSN,Verisign,285.71,63,-20,40,10,93,60,4,56,8,128,221
SWKS,Skyworks Solutions,75.06,12,5,-47,-31,-61,22,15,11,-6,42,-19
TRMB,Trimble Inc.,80.06,0,0,83,5,88,20,-15,12,13,30,118
GEN,Gen Digital,29.48,-5,0,19,17,31,17,14,14,17,62,93
JBL,Jabil,209.18,21,0,23,66,110,-2,-17,15,58,54,164
FFIV,"F5, Inc.",325.49,16,82,98,15,211,23,-6,14,18,49,260
ENPH,Enphase Energy,37.94,2,0,-50,-21,-69,19,9,-57,-25,-54,-123
EPAM,EPAM Systems,165.0,-24,0,-30,-28,-82,-34,15,-21,-38,-78,-160
