Symbol,Name,Close,1H Cloud Score,1D Cloud Score,1W Cloud Score,1M Cloud Score,Cloud Score Sum,1H TKx Score,1D TKx Score,1W TKx Score,1M TKx Score,TKx Score Sum,Total Score Sum
AAPL,Apple Inc.,247.59,-21,74,6,253,312,-21,42,10,73,104,416
NVDA,Nvidia,188.32,7,18,22,136,183,-4,16,18,28,58,241
MSFT,Microsoft,513.97,-12,0,24,175,187,-21,15,18,27,39,226
AVGO,Broadcom,356.68,7,110,27,118,262,24,-3,18,32,71,333
CRM,Salesforce,248.8,7,0,-21,24,10,14,-16,-29,23,-8,2
ORCL,Oracle Corporation,308.06,21,24,19,200,264,24,21,18,29,92,356
AMD,Advanced Micro Devices,216.41,65,6,6,112,189,-10,8,18,-9,7,196
ACN,Accenture,243.38,-8,-68,-31,-2,-109,-10,3,-27,21,-13,-122
CSCO,Cisco,67.45,-9,-2,56,16,61,-5,10,18,27,50,111
ADBE,Adobe Inc.,339.34,-14,-9,-44,-8,-75,-19,-2,-48,-7,-76,-151
IBM,IBM,277.16,-13,18,117,56,178,-25,26,64,58,123,301
NOW,ServiceNow,923.69,1,0,-2,84,83,-5,-5,16,24,30,113
QCOM,Qualcomm,161.8,-26,1,0,24,-1,-26,-2,16,-7,-19,-20
TXN,Texas Instruments,175.07,-46,-29,-1,24,-52,-17,-25,18,18,-6,-58
INTU,Intuit,655.74,-56,-38,25,193,124,-42,-2,18,22,-4,120
AMAT,Applied Materials,219.51,3,18,3,151,175,-4,18,16,-7,23,198
MU,Micron Technology,192.72,5,33,6,24,68,-13,42,18,2,49,117
PANW,Palo Alto Networks,213.24,7,27,7,83,124,-8,28,18,59,97,221
ADI,Analog Devices,234.59,-69,-2,19,181,129,-33,-12,18,28,1,130
ANET,Arista Networks,147.41,-2,92,15,60,165,-3,88,14,58,157,322
LRCX,Lam Research,137.77,-13,29,17,154,187,-32,21,18,-7,0,187
INTC,Intel,37.21,1,43,3,0,47,-5,42,8,-14,31,78
KLAC,KLA Corporation,1024.58,-30,26,22,179,197,-36,20,18,28,30,227
PLTR,Palantir Technologies,177.19,-9,120,124,0,235,-7,18,127,22,160,395
APH,Amphenol,123.85,0,120,27,67,214,-5,122,18,29,164,378
MSI,Motorola Solutions,456.1,-2,0,9,155,162,-15,-13,9,187,168,330
SNPS,Synopsys,447.81,-14,-24,-5,182,139,-13,-36,-2,-7,-58,81
CDNS,Cadence Design Systems,332.21,-22,-2,25,143,144,-18,-5,18,182,177,321
CRWD,CrowdStrike,508.67,28,18,53,0,99,-3,19,18,22,56,155
NXPI,NXP Semiconductors,216.7,-22,-2,0,65,41,-29,6,15,-7,-15,26
ADSK,Autodesk,307.96,-35,1,7,16,-11,-29,-5,18,21,5,-6
ROP,Roper Technologies,512.83,38,-51,-10,184,161,-11,1,-9,28,9,170
FTNT,Fortinet,84.18,-13,0,-1,115,101,-32,22,-10,15,-5,96
FICO,Fair Isaac,1648.56,-27,8,-1,168,148,-27,31,-36,33,1,149
TEL,TE Connectivity,219.39,-12,113,24,64,189,-12,28,18,20,54,243
MPWR,Monolithic Power Systems,982.22,7,107,11,159,284,76,51,18,2,147,431
MCHP,Microchip Technology,64.37,-20,-3,0,0,-23,-17,8,18,-9,0,-23
IT,Gartner,245.3,-44,-84,-29,0,-157,-32,24,-27,59,24,-133
CTSH,Cognizant,66.33,-14,-53,-11,16,-62,-5,-18,-11,20,-14,-76
HPQ,HP Inc.,27.34,6,1,-33,0,-26,-12,-12,7,-3,-20,-46
GLW,Corning Inc.,85.51,7,106,27,19,159,-5,113,16,16,140,299
DELL,Dell Technologies,153.38,0,11,4,34,49,-12,16,18,-6,16,65
ON,ON Semiconductor,50.1,5,-32,-45,-3,-75,-13,-5,14,-17,-21,-96
CDW,CDW Corporation,147.48,-77,-49,-50,0,-176,-40,-14,-1,-10,-65,-241
KEYS,Keysight Technologies,163.37,-36,1,6,2,-27,-35,-2,16,7,-14,-41
TYL,Tyler Technologies,506.62,0,-36,-2,19,-19,-3,-38,-1,20,-22,-41
HPE,Hewlett Packard Enterprise,24.76,-1,103,9,44,155,-12,40,15,56,99,254
NTAP,NetApp,118.84,-14,50,6,59,101,-14,-4,15,-3,-6,95
SMCI,Supermicro,54.75,0,9,0,60,69,-10,20,13,-11,12,81
WDC,Western Digital,118.87,-30,107,20,20,117,2,118,18,5,143,260
GDDY,GoDaddy,132.38,-23,-67,-11,24,-77,-24,-14,-27,24,-41,-118
PTC,PTC Inc.,202.49,-2,0,14,184,196,-26,-23,15,28,-6,190
TDY,Teledyne Technologies,568.01,-14,106,60,16,168,-26,21,18,17,30,198
STX,Seagate Technology,219.22,-34,107,22,24,119,-36,118,18,20,120,239
FSLR,First Solar,226.16,-2,72,3,64,137,-9,27,18,-8,28,165
ZBRA,Zebra Technologies,281.91,-21,-16,-10,-9,-56,-33,-9,12,-1,-31,-87
TER,Teradyne,139.13,-13,78,3,4,72,-29,108,11,-7,83,155
AKAM,Akamai Technologies,73.77,-23,-3,-34,-9,-69,-30,-14,-34,-12,-90,-159
VRSN,Verisign,264.07,-71,-9,44,11,-25,-68,-7,60,9,-6,-31
SWKS,Skyworks Solutions,73.37,-77,1,0,-32,-108,-42,-5,15,-7,-39,-147
TRMB,Trimble Inc.,77.04,-21,-3,87,6,69,-26,-13,16,14,-9,60
GEN,Gen Digital,26.7,-71,-21,23,18,-51,-70,-23,18,18,-57,-108
JBL,Jabil,199.89,-51,-7,27,67,36,-12,-5,19,59,61,97
FFIV,"F5, Inc.",340.62,42,106,102,16,266,-3,20,18,19,54,320
EPAM,EPAM Systems,146.69,-34,-24,-34,-29,-121,-33,-22,-25,-39,-119,-240
