Symbol,Name,Close,1H Cloud Score,1D Cloud Score,1W Cloud Score,1M Cloud Score,Cloud Score Sum,1H TKx Score,1D TKx Score,1W TKx Score,1M TKx Score,TKx Score Sum,Total Score Sum
AAPL,Apple Inc.,200.2,-25,0,0,248,223,-49,24,-14,68,29,252
NVDA,Nvidia,135.49,7,10,3,131,151,2,18,-12,23,31,182
MSFT,Microsoft,460.69,7,18,5,170,200,5,26,-15,22,38,238
AVGO,Broadcom,235.67,22,14,8,113,157,5,26,-10,27,48,205
CRM,Salesforce,277.24,-15,0,-2,19,2,-51,17,-10,18,-26,-24
ORCL,Oracle Corporation,161.95,7,10,0,195,212,5,17,-12,24,34,246
AMD,Advanced Micro Devices,114.55,0,10,-31,107,86,5,17,-55,-4,-37,49
ACN,Accenture,315.39,-14,0,-12,11,-15,-16,16,-8,16,8,-7
CSCO,Cisco,63.75,3,11,37,11,62,4,17,-7,22,36,98
ADBE,Adobe Inc.,413.39,0,9,-25,-3,-19,-16,16,-29,-2,-31,-50
IBM,IBM,263.25,0,16,98,51,165,3,24,45,53,125,290
NOW,ServiceNow,1027.97,5,12,6,79,102,5,25,-9,19,40,142
QCOM,Qualcomm,148.63,-15,1,-14,19,-9,-16,19,-41,-2,-40,-49
TXN,Texas Instruments,183.25,0,11,0,19,30,-17,15,-20,13,-9,21
INTU,Intuit,751.96,17,24,6,188,235,12,24,-20,17,33,268
AMAT,Applied Materials,161.82,-25,11,-19,146,113,-44,23,-38,-2,-61,52
PANW,Palo Alto Networks,187.46,2,11,6,78,97,4,22,-6,54,74,171
ADI,Analog Devices,216.9,-15,11,0,176,172,-42,17,-17,23,-19,153
ANET,Arista Networks,92.49,-3,7,0,55,59,-28,19,-10,53,34,93
LRCX,Lam Research,83.99,1,11,0,149,161,2,18,-6,-2,12,173
INTC,Intel,20.55,-25,-6,-58,-17,-106,-55,11,-6,-9,-59,-165
KLAC,KLA Corporation,788.95,4,11,3,174,192,2,26,-9,23,42,234
PLTR,Palantir Technologies,123.36,-5,24,105,0,124,7,26,108,17,158,282
APH,Amphenol,88.34,7,24,8,62,101,5,26,-10,24,45,146
MSI,Motorola Solutions,420.3,0,0,0,150,150,-17,-9,-16,182,140,290
SNPS,Synopsys,512.17,1,11,-16,177,173,4,24,-17,-2,9,182
CDNS,Cadence Design Systems,323.08,7,23,6,138,174,5,26,-14,177,194,368
CRWD,CrowdStrike,472.09,55,24,34,0,113,12,26,-6,17,49,162
NXPI,NXP Semiconductors,198.94,-15,0,-14,60,31,-16,19,-37,-2,-36,-5
ADSK,Autodesk,300.36,8,14,43,11,76,-36,24,-13,16,-9,67
ROP,Roper Technologies,573.83,0,10,18,179,207,2,16,33,23,74,281
FTNT,Fortinet,104.72,7,10,43,110,170,5,4,-5,10,14,184
FICO,Fair Isaac,1502.99,-33,-4,-2,163,124,-33,26,-17,28,4,128
TEL,TE Connectivity,161.41,0,17,5,59,81,5,23,-9,15,34,115
MPWR,Monolithic Power Systems,685.84,-23,11,-15,154,127,-51,21,-29,23,-36,91
MCHP,Microchip Technology,58.72,-2,11,-35,0,-26,-17,17,-44,-4,-48,-74
IT,Gartner,444.86,0,0,-10,55,45,-16,21,-8,54,51,96
CTSH,Cognizant,80.62,0,11,5,11,27,3,17,-7,15,28,55
HPQ,HP Inc.,28.34,0,1,-14,1,-12,-25,16,-18,13,-14,-26
GLW,Corning Inc.,49.92,77,10,8,14,109,7,17,-9,11,26,135
DELL,Dell Technologies,113.98,0,11,-14,29,26,5,24,-18,-1,10,36
ON,ON Semiconductor,43.42,-2,0,-26,-3,-31,-16,17,-32,-12,-43,-74
CDW,CDW Corporation,185.77,0,11,-31,1,-19,5,18,-52,-5,-34,-53
ANSS,Ansys,348.23,7,11,6,8,32,5,24,-10,20,39,71
KEYS,Keysight Technologies,162.26,-2,11,5,0,14,-19,17,-6,2,-6,8
TYL,Tyler Technologies,576.11,7,0,0,14,21,5,10,-17,15,13,34
HPE,Hewlett Packard Enterprise,17.94,7,7,-13,39,40,5,24,-10,51,70,110
NTAP,NetApp,100.4,0,1,-14,54,41,-16,24,-19,19,8,49
SMCI,Supermicro,41.57,0,0,-40,55,15,-33,10,-5,-6,-34,-19
WDC,Western Digital,51.83,7,11,1,9,28,5,22,-17,-2,8,36
GDDY,GoDaddy,180.99,-28,0,83,19,74,-28,24,-8,19,7,81
PTC,PTC Inc.,171.3,0,10,-15,179,174,3,18,-16,23,28,202
TDY,Teledyne Technologies,494.86,1,10,41,11,63,4,15,-8,12,23,86
STX,Seagate Technology,116.68,20,11,3,19,53,13,22,-24,15,26,79
FSLR,First Solar,155.8,-21,10,-28,59,20,-45,24,-40,-3,-64,-44
ZBRA,Zebra Technologies,295.09,0,0,-10,-4,-14,2,16,-10,10,18,4
TER,Teradyne,81.8,1,0,-18,-3,-20,4,12,-12,-2,2,-18
AKAM,Akamai Technologies,77.86,6,0,-15,-4,-13,1,-3,-15,-7,-24,-37
VRSN,Verisign,269.56,-10,122,25,6,143,-6,23,41,4,62,205
SWKS,Skyworks Solutions,71.4,0,9,-32,-27,-50,2,19,-35,-2,-16,-66
TRMB,Trimble Inc.,71.92,1,11,68,1,81,5,16,-9,9,21,102
GEN,Gen Digital,28.17,-23,14,4,13,8,4,16,-16,13,17,25
JBL,Jabil,169.17,7,14,8,62,91,5,24,-9,54,74,165
JNPR,Juniper Networks,36.08,-50,6,0,51,7,5,20,-26,17,16,23
FFIV,"F5, Inc.",286.53,7,10,83,11,111,3,24,-6,14,35,146
ENPH,Enphase Energy,40.21,-28,-95,-35,-17,-175,-30,-36,-42,-21,-129,-304
EPAM,EPAM Systems,176.64,-14,0,-15,-24,-53,-16,16,-6,-34,-40,-93
