Symbol,Name,Close,1H Cloud Score,1D Cloud Score,1W Cloud Score,1M Cloud Score,Cloud Score Sum,1H TKx Score,1D TKx Score,1W TKx Score,1M TKx Score,TKx Score Sum,Total Score Sum
AAPL,Apple Inc.,229.65,34,31,0,251,316,34,-5,2,71,102,418
NVDA,Nvidia,183.1,30,63,14,134,241,41,71,10,26,148,389
MSFT,Microsoft,529.46,0,71,16,173,260,9,79,10,25,123,383
AVGO,Broadcom,312.94,33,67,19,116,235,42,79,10,30,161,396
CRM,Salesforce,231.65,-63,-9,-13,22,-63,-68,-8,-21,21,-76,-139
ORCL,Oracle Corporation,253.82,3,63,11,198,275,5,70,10,27,112,387
AMD,Advanced Micro Devices,174.92,9,63,3,110,185,25,70,10,-7,98,283
ACN,Accenture,237.82,-84,-25,-23,-1,-133,-96,-23,-19,19,-119,-252
CSCO,Cisco,71.38,34,64,48,14,160,42,-8,10,25,69,229
ADBE,Adobe Inc.,338.44,-65,-25,-36,-6,-132,-88,-41,-40,-5,-174,-306
IBM,IBM,234.61,-27,-9,109,54,127,-18,-17,56,56,77,204
NOW,ServiceNow,853.12,-72,-4,-3,82,3,-65,-9,8,22,-44,-41
QCOM,Qualcomm,153.74,0,0,-25,22,-3,23,-9,8,-5,17,14
TXN,Texas Instruments,192.95,7,0,1,22,30,-19,-14,10,16,-7,23
INTU,Intuit,713.57,-42,0,17,191,166,-57,-1,10,20,-28,138
AMAT,Applied Materials,188.49,21,64,0,149,234,25,-9,8,-5,19,253
MU,Micron Technology,127.76,28,3,2,22,55,38,-19,10,-5,24,79
PANW,Palo Alto Networks,175.42,0,-9,0,81,72,7,-2,10,57,72,144
ADI,Analog Devices,232.0,7,0,11,179,197,26,-15,10,26,47,244
ANET,Arista Networks,141.26,35,49,7,58,149,35,45,6,56,142,291
LRCX,Lam Research,105.29,31,64,9,152,256,25,-8,10,-5,22,278
INTC,Intel,21.81,14,0,-69,-20,-75,14,-13,-17,-12,-28,-103
KLAC,KLA Corporation,935.95,28,64,14,177,283,25,-9,10,26,52,335
PLTR,Palantir Technologies,186.91,49,77,116,0,242,47,79,119,20,265,507
APH,Amphenol,111.79,49,77,19,65,210,17,79,10,27,133,343
MSI,Motorola Solutions,471.08,35,19,1,153,208,26,29,1,185,241,449
SNPS,Synopsys,626.02,3,51,7,180,241,2,43,8,-5,48,289
CDNS,Cadence Design Systems,353.61,-13,33,17,141,178,-30,32,10,180,192,370
CRWD,CrowdStrike,435.77,-77,-4,45,0,-36,-68,-18,10,20,-56,-92
NXPI,NXP Semiconductors,219.97,5,1,0,63,69,15,-9,7,-5,8,77
ADSK,Autodesk,283.04,-28,-1,0,14,-15,-19,-4,10,19,6,-9
ROP,Roper Technologies,519.48,-58,-8,-2,182,114,-61,-25,-1,26,-61,53
FTNT,Fortinet,78.49,-70,-8,-2,113,33,-68,-10,-2,13,-67,-34
FICO,Fair Isaac,1320.59,-63,-26,-6,166,71,-20,-25,-28,31,-42,29
TEL,TE Connectivity,204.0,0,70,16,62,148,16,76,10,18,120,268
MPWR,Monolithic Power Systems,841.04,56,64,3,157,280,16,8,10,-2,32,312
MCHP,Microchip Technology,64.47,-63,0,0,0,-63,-19,-14,10,-7,-30,-93
IT,Gartner,229.3,-86,-41,-21,0,-148,-87,-44,-19,57,-93,-241
CTSH,Cognizant,68.76,-79,-10,-3,14,-78,-19,-18,-3,18,-22,-100
HPQ,HP Inc.,26.6,26,1,-25,0,2,42,-8,-29,-1,4,6
GLW,Corning Inc.,65.72,139,63,19,17,238,42,70,8,14,134,372
DELL,Dell Technologies,141.66,28,64,6,32,130,25,77,10,-4,108,238
ON,ON Semiconductor,50.0,0,0,-37,-1,-38,18,-7,6,-15,2,-36
CDW,CDW Corporation,164.1,-63,-6,-42,0,-111,-68,-9,2,-8,-83,-194
KEYS,Keysight Technologies,167.13,7,1,2,1,11,32,-1,8,5,44,55
TYL,Tyler Technologies,563.85,-8,0,0,17,9,-23,1,1,18,-3,6
HPE,Hewlett Packard Enterprise,21.31,21,60,1,42,124,31,-6,7,54,86,210
NTAP,NetApp,107.78,21,7,0,57,85,32,-8,7,-1,30,115
SMCI,Supermicro,46.42,-35,1,0,58,24,-54,63,5,-9,5,29
WDC,Western Digital,75.92,2,64,12,18,96,1,75,10,3,89,185
GDDY,GoDaddy,140.39,-100,-24,-3,22,-105,-103,-48,-19,22,-148,-253
PTC,PTC Inc.,204.56,-26,63,6,182,225,-28,27,7,26,32,257
TDY,Teledyne Technologies,552.82,1,63,52,14,130,-24,33,10,15,34,164
STX,Seagate Technology,155.63,7,64,14,22,107,16,75,10,18,119,226
FSLR,First Solar,184.74,0,29,-39,62,52,-15,29,10,-6,18,70
ZBRA,Zebra Technologies,328.22,1,50,-2,-7,42,16,69,4,13,102,144
TER,Teradyne,111.63,7,35,-29,2,15,34,65,3,-5,97,112
AKAM,Akamai Technologies,71.98,-65,-9,-26,-7,-107,-83,-8,-26,-10,-127,-234
VRSN,Verisign,262.95,-8,-1,36,9,36,-9,-3,52,7,47,83
SWKS,Skyworks Solutions,71.69,20,0,-43,-30,-53,21,-16,7,-5,7,-46
TRMB,Trimble Inc.,83.63,-10,64,79,4,137,-8,69,8,12,81,218
GEN,Gen Digital,31.85,21,3,15,16,55,15,-6,10,16,35,90
JBL,Jabil,230.36,7,67,19,65,158,21,-1,11,57,88,246
FFIV,"F5, Inc.",326.62,63,63,94,14,234,14,77,10,17,118,352
ENPH,Enphase Energy,33.57,6,-148,-46,-20,-208,20,-13,-53,-24,-70,-278
EPAM,EPAM Systems,152.91,-2,-10,-26,-27,-65,-5,-16,-17,-37,-75,-140
