Symbol,Name,Close,1H Cloud Score,1D Cloud Score,1W Cloud Score,1M Cloud Score,Cloud Score Sum,1H TKx Score,1D TKx Score,1W TKx Score,1M TKx Score,TKx Score Sum,Total Score Sum
AAPL,Apple Inc.,238.14,9,55,3,252,319,14,23,7,-1,43,362
NVDA,Nvidia,174.83,0,6,19,135,160,2,-14,15,27,30,190
MSFT,Microsoft,509.15,21,0,21,174,216,30,-21,15,26,50,266
AVGO,Broadcom,359.91,64,91,24,117,296,1,8,15,31,55,351
CRM,Salesforce,239.3,-23,-33,-18,23,-51,-31,8,-26,22,-27,-78
ORCL,Oracle Corporation,306.58,0,5,16,199,220,2,2,15,28,47,267
AMD,Advanced Micro Devices,160.45,13,0,3,111,127,9,-14,15,-8,2,129
ACN,Accenture,236.81,-70,-49,-28,-1,-148,-47,-3,-24,20,-54,-202
CSCO,Cisco,66.93,-21,-1,53,15,46,-17,-17,15,26,7,53
ADBE,Adobe Inc.,352.62,0,-49,-41,-7,-97,-26,3,-45,-6,-74,-171
IBM,IBM,257.59,64,-33,114,55,200,6,7,61,57,131,331
NOW,ServiceNow,931.86,52,-1,0,83,134,-1,7,13,23,42,176
QCOM,Qualcomm,164.11,29,15,0,23,67,25,17,13,-6,49,116
TXN,Texas Instruments,177.61,-77,-10,-2,23,-66,-84,-6,15,17,-58,-124
INTU,Intuit,651.1,-35,-19,22,192,160,-37,-25,15,21,-26,134
AMAT,Applied Materials,173.5,51,-22,-6,150,173,56,-33,13,-6,30,203
MU,Micron Technology,158.8,63,14,3,23,103,63,23,15,1,102,205
PANW,Palo Alto Networks,201.33,154,8,4,82,248,9,9,15,58,91,339
ADI,Analog Devices,244.07,-13,19,16,180,202,5,19,15,27,66,268
ANET,Arista Networks,142.16,-2,73,12,59,142,-18,69,11,57,119,261
LRCX,Lam Research,120.45,52,10,14,153,229,59,2,15,-6,70,299
INTC,Intel,25.25,14,24,0,-21,17,6,23,5,-13,21,38
KLAC,KLA Corporation,990.47,56,7,19,178,260,57,1,15,27,100,360
PLTR,Palantir Technologies,170.19,42,101,121,0,264,45,-16,124,21,174,438
APH,Amphenol,119.04,53,101,24,66,244,42,103,15,28,188,432
MSI,Motorola Solutions,476.71,0,43,6,154,203,-12,53,6,186,233,436
SNPS,Synopsys,425.71,-35,-5,-2,181,139,-3,-17,13,-6,-13,126
CDNS,Cadence Design Systems,348.97,9,0,22,142,173,23,-13,15,181,206,379
CRWD,CrowdStrike,445.06,28,-28,50,0,50,52,-42,15,21,46,96
NXPI,NXP Semiconductors,221.02,-69,2,-2,64,-5,5,20,12,-6,31,26
ADSK,Autodesk,318.45,-7,12,4,15,24,-21,12,15,20,26,50
ROP,Roper Technologies,502.25,-41,-32,-7,183,103,-47,-49,-6,27,-75,28
FTNT,Fortinet,79.78,1,-32,-7,114,76,-3,3,-7,14,7,83
FICO,Fair Isaac,1552.71,20,0,-11,167,176,6,12,-33,32,17,193
TEL,TE Connectivity,212.56,61,94,21,63,239,-12,9,15,19,31,270
MPWR,Monolithic Power Systems,856.29,0,88,8,158,254,5,32,15,-3,49,303
MCHP,Microchip Technology,64.43,0,-7,0,0,-7,-14,-8,15,-8,-15,-22
IT,Gartner,250.74,20,-65,-26,0,-71,20,5,-24,58,59,-12
CTSH,Cognizant,69.17,-49,-34,-8,15,-76,-47,9,-8,19,-27,-103
HPQ,HP Inc.,27.71,-19,25,-30,0,-24,-33,26,4,-2,-5,-29
GLW,Corning Inc.,78.71,119,87,24,18,248,68,94,13,15,190,438
DELL,Dell Technologies,127.69,14,0,0,33,47,32,-12,15,-5,30,77
ON,ON Semiconductor,49.55,3,-13,-42,-2,-54,5,-4,11,-16,-4,-58
CDW,CDW Corporation,166.09,0,-30,-47,0,-77,-19,4,7,-9,-17,-94
KEYS,Keysight Technologies,172.07,62,10,3,1,76,67,10,13,6,96,172
TYL,Tyler Technologies,534.67,-35,-17,0,18,-34,-34,-19,6,19,-28,-62
HPE,Hewlett Packard Enterprise,24.42,55,84,6,43,188,-6,21,12,55,82,270
NTAP,NetApp,123.38,119,31,3,58,211,-4,23,12,-2,29,240
SMCI,Supermicro,44.89,37,-12,0,59,84,-10,1,10,-10,-9,75
WDC,Western Digital,103.12,119,88,17,19,243,68,99,15,4,186,429
GDDY,GoDaddy,144.14,-6,-48,-8,23,-39,-17,4,-24,23,-14,-53
PTC,PTC Inc.,204.95,-42,87,11,183,239,-4,-4,12,27,31,270
TDY,Teledyne Technologies,554.85,41,87,57,15,200,-3,2,15,16,30,230
STX,Seagate Technology,211.15,119,88,19,23,249,68,99,15,19,201,450
FSLR,First Solar,205.21,11,53,0,63,127,5,8,15,-7,21,148
ZBRA,Zebra Technologies,318.2,14,0,-7,-8,-1,19,-24,9,14,18,17
TER,Teradyne,113.91,-41,59,0,3,21,5,89,8,-6,96,117
AKAM,Akamai Technologies,76.38,-20,1,-31,-8,-58,-13,15,-31,-11,-40,-98
VRSN,Verisign,287.4,98,2,41,10,151,-3,9,57,8,71,222
SWKS,Skyworks Solutions,74.21,1,10,-48,-31,-68,-5,20,12,-6,21,-47
TRMB,Trimble Inc.,80.88,0,0,84,5,89,-13,-20,13,13,-7,82
GEN,Gen Digital,28.59,-21,-2,20,17,14,-33,-4,15,17,-5,9
JBL,Jabil,213.32,1,0,24,66,91,-4,-22,16,58,48,139
FFIV,"F5, Inc.",323.84,0,87,99,15,201,-16,1,15,18,18,219
ENPH,Enphase Energy,38.98,7,1,-51,-21,-64,7,14,-58,-25,-62,-126
EPAM,EPAM Systems,154.53,-59,-5,-31,-28,-123,-5,-3,-22,-38,-68,-191
