Symbol,Name,Close,1H Cloud Score,1D Cloud Score,1W Cloud Score,1M Cloud Score,Cloud Score Sum,1H TKx Score,1D TKx Score,1W TKx Score,1M TKx Score,TKx Score Sum,Total Score Sum
AAPL,Apple Inc.,201.6,7,0,-3,249,253,26,-20,-18,69,57,310
NVDA,Nvidia,154.31,18,30,7,132,187,9,38,3,24,74,261
MSFT,Microsoft,492.44,147,38,9,171,365,12,46,3,23,84,449
AVGO,Broadcom,264.66,18,34,12,114,178,17,46,3,28,94,272
CRM,Salesforce,267.86,14,0,-6,20,28,14,-18,-14,19,1,29
ORCL,Oracle Corporation,210.76,0,30,4,196,230,9,37,3,25,74,304
AMD,Advanced Micro Devices,143.41,49,30,-35,108,152,42,37,3,-5,77,229
ACN,Accenture,294.73,0,-4,-16,12,-8,12,-6,-12,17,11,3
CSCO,Cisco,68.19,44,31,41,12,128,48,37,3,23,111,239
ADBE,Adobe Inc.,387.51,0,-1,-29,-4,-34,12,-8,-33,-3,-32,-66
IBM,IBM,291.13,115,36,102,52,305,19,44,49,54,166,471
NOW,ServiceNow,1005.66,3,32,1,80,116,9,-8,1,20,22,138
QCOM,Qualcomm,155.94,0,16,-18,20,18,9,39,1,-3,46,64
TXN,Texas Instruments,205.44,22,31,2,20,75,41,35,3,14,93,168
INTU,Intuit,757.83,-8,44,10,189,235,-5,44,3,18,60,295
AMAT,Applied Materials,183.08,14,31,-23,147,169,14,11,1,-3,23,192
MU,Micron Technology,127.47,119,30,2,20,171,114,36,3,-3,150,321
PANW,Palo Alto Networks,204.3,49,31,10,79,169,12,42,3,55,112,281
ADI,Analog Devices,234.72,18,31,4,177,230,14,37,3,24,78,308
ANET,Arista Networks,96.31,10,16,0,56,82,12,12,-14,54,64,146
LRCX,Lam Research,96.05,14,31,2,150,197,15,38,3,-3,53,250
INTC,Intel,22.2,14,2,-62,-18,-64,14,7,-10,-10,1,-63
KLAC,KLA Corporation,893.57,4,31,7,175,217,9,46,3,24,82,299
PLTR,Palantir Technologies,142.89,14,44,109,0,167,9,46,112,18,185,352
APH,Amphenol,97.04,22,44,12,63,141,31,46,3,25,105,246
MSI,Motorola Solutions,419.03,13,2,0,151,166,15,-6,-20,183,172,338
SNPS,Synopsys,487.57,1,18,-20,178,177,12,10,1,-3,20,197
CDNS,Cadence Design Systems,297.43,-3,0,10,139,146,7,-3,3,178,185,331
CRWD,CrowdStrike,494.05,10,44,38,0,92,12,46,3,18,79,171
NXPI,NXP Semiconductors,216.32,1,15,-18,61,59,9,39,-41,-3,4,63
ADSK,Autodesk,302.42,27,34,47,12,120,12,2,3,17,34,154
ROP,Roper Technologies,566.9,2,4,22,180,208,20,-13,37,24,68,276
FTNT,Fortinet,103.7,17,30,47,111,205,12,-5,3,11,21,226
FICO,Fair Isaac,1897.16,28,-1,0,164,191,22,-17,-21,29,13,204
TEL,TE Connectivity,167.93,17,37,9,60,123,12,43,3,16,74,197
MPWR,Monolithic Power Systems,722.36,14,31,-19,155,181,9,41,3,24,77,258
MCHP,Microchip Technology,71.63,28,31,0,1,60,40,37,3,-5,75,135
IT,Gartner,402.79,0,-8,-14,56,34,8,-11,-12,55,40,74
CTSH,Cognizant,76.99,-40,3,9,12,-16,5,-7,-11,16,3,-13
HPQ,HP Inc.,24.52,0,-8,-18,0,-26,9,-16,-22,14,-15,-41
GLW,Corning Inc.,51.42,21,30,12,15,78,15,37,1,12,65,143
DELL,Dell Technologies,120.46,45,31,-18,30,88,47,44,3,-2,92,180
ON,ON Semiconductor,53.75,5,16,-30,0,-9,14,37,-36,-13,2,-7
CDW,CDW Corporation,177.83,14,31,-35,2,12,15,-10,-56,-6,-57,-45
ANSS,Ansys,341.69,0,31,10,9,50,12,10,3,21,46,96
KEYS,Keysight Technologies,164.12,14,31,9,0,54,12,-13,1,3,3,57
TYL,Tyler Technologies,581.72,12,3,0,15,30,14,30,-21,16,39,69
HPE,Hewlett Packard Enterprise,18.52,14,27,-17,40,64,9,1,-14,52,48,112
NTAP,NetApp,105.17,18,16,-18,55,71,12,44,-23,20,53,124
SMCI,Supermicro,46.6,7,7,0,56,70,6,30,-9,-7,20,90
WDC,Western Digital,62.54,49,31,5,16,101,47,42,3,1,93,194
GDDY,GoDaddy,177.48,0,0,0,20,20,12,-15,-12,20,5,25
PTC,PTC Inc.,168.6,0,30,-19,180,191,9,-3,-20,24,10,201
TDY,Teledyne Technologies,497.21,1,30,45,12,88,13,-3,3,13,26,114
STX,Seagate Technology,138.57,49,31,7,20,107,17,42,3,16,78,185
FSLR,First Solar,152.7,0,-4,-32,60,24,9,-6,3,-4,2,26
ZBRA,Zebra Technologies,303.08,18,17,-14,-5,16,9,36,-14,11,42,58
TER,Teradyne,90.23,30,2,-22,-4,6,18,32,-16,-3,31,37
AKAM,Akamai Technologies,79.57,16,3,-19,-5,-5,12,6,-19,-8,-9,-14
VRSN,Verisign,282.45,2,142,29,7,180,12,10,45,5,72,252
SWKS,Skyworks Solutions,74.27,14,29,-36,-28,-21,18,39,-39,-3,15,-6
TRMB,Trimble Inc.,74.13,18,31,72,2,123,15,36,1,10,62,185
GEN,Gen Digital,29.08,-30,34,8,14,26,7,36,3,14,60,86
JBL,Jabil,214.66,49,34,12,63,158,48,44,4,55,151,309
JNPR,Juniper Networks,36.54,28,26,0,52,106,47,3,1,18,69,175
FFIV,"F5, Inc.",294.46,18,30,87,12,147,14,44,3,15,76,223
ENPH,Enphase Energy,38.13,0,-115,-39,-18,-172,5,-56,-46,-22,-119,-291
EPAM,EPAM Systems,173.16,3,2,-19,-25,-39,14,-8,-10,-35,-39,-78
