Symbol,Name,Close,1H Cloud Score,1D Cloud Score,1W Cloud Score,1M Cloud Score,Cloud Score Sum,1H TKx Score,1D TKx Score,1W TKx Score,1M TKx Score,TKx Score Sum,Total Score Sum
AAPL,Apple Inc.,198.37,-27,-4,-1,249,217,-39,-14,-16,69,0,217
NVDA,Nvidia,144.67,7,24,5,132,168,42,32,1,24,99,267
MSFT,Microsoft,479.05,105,32,7,171,315,72,40,1,23,136,451
AVGO,Broadcom,252.1,0,28,10,114,152,-2,40,1,28,67,219
CRM,Salesforce,263.8,-14,-2,-4,20,0,-25,-12,-12,19,-30,-30
ORCL,Oracle Corporation,211.06,105,24,2,196,327,103,31,1,25,160,487
AMD,Advanced Micro Devices,126.4,7,24,-33,108,106,-17,31,1,-5,10,116
ACN,Accenture,314.38,-6,0,-14,12,-8,-19,1,-10,17,-11,-19
CSCO,Cisco,65.5,2,25,39,12,78,6,31,1,23,61,139
ADBE,Adobe Inc.,401.61,-14,1,-27,-4,-44,-37,-2,-31,-3,-73,-117
IBM,IBM,281.83,73,30,100,52,255,72,38,47,54,211,466
NOW,ServiceNow,1005.5,-30,26,8,80,84,-34,-2,-11,20,-27,57
QCOM,Qualcomm,156.88,49,10,-16,20,63,-14,33,-43,-3,-27,36
TXN,Texas Instruments,199.24,7,25,0,20,52,-16,29,1,14,28,80
INTU,Intuit,767.87,7,38,8,189,242,-9,38,1,18,48,290
AMAT,Applied Materials,176.54,64,25,-21,147,215,7,5,-40,-3,-31,184
MU,Micron Technology,119.84,77,24,0,20,121,72,30,1,-3,100,221
PANW,Palo Alto Networks,198.07,7,25,8,79,119,18,36,1,55,110,229
ADI,Analog Devices,231.77,7,25,2,177,211,-14,31,1,24,42,253
ANET,Arista Networks,95.06,2,10,0,56,68,-8,6,-12,54,40,108
LRCX,Lam Research,93.4,63,25,0,150,238,5,32,1,-3,35,273
INTC,Intel,20.73,-5,0,-60,-18,-83,-20,1,-8,-10,-37,-120
KLAC,KLA Corporation,892.72,63,25,5,175,268,65,40,1,24,130,398
PLTR,Palantir Technologies,141.36,39,38,107,0,184,39,40,110,18,207,391
APH,Amphenol,93.38,7,38,10,63,118,-6,40,1,25,60,178
MSI,Motorola Solutions,407.37,-42,-9,0,151,100,-9,6,-18,183,162,262
SNPS,Synopsys,479.41,-6,12,-18,178,166,-15,4,-19,-3,-33,133
CDNS,Cadence Design Systems,300.7,0,37,8,139,184,-10,2,1,178,171,355
CRWD,CrowdStrike,479.35,28,38,36,0,102,28,40,1,18,87,189
NXPI,NXP Semiconductors,217.54,7,9,-16,61,61,-14,33,-39,-3,-23,38
ADSK,Autodesk,299.28,7,28,45,12,92,-9,38,1,17,47,139
ROP,Roper Technologies,565.66,-11,24,20,180,213,-14,-7,35,24,38,251
FTNT,Fortinet,101.98,-3,24,45,111,177,-15,18,1,11,15,192
FICO,Fair Isaac,1813.59,50,-18,0,164,196,5,-11,-19,29,4,200
TEL,TE Connectivity,165.52,0,31,7,60,98,-18,37,1,16,36,134
MPWR,Monolithic Power Systems,706.89,0,25,-17,155,163,-14,35,1,24,46,209
MCHP,Microchip Technology,68.19,0,25,-37,1,-11,-16,31,1,-5,11,0
IT,Gartner,409.13,-98,-2,-12,56,-56,-25,-5,-10,55,15,-41
CTSH,Cognizant,80.14,-14,25,7,12,30,-20,-1,-9,16,-14,16
HPQ,HP Inc.,24.52,-27,-2,-16,0,-45,-23,-10,-20,14,-39,-84
GLW,Corning Inc.,50.79,1,24,10,15,50,-40,31,-11,12,-8,42
DELL,Dell Technologies,113.71,3,25,-16,30,42,5,38,1,-2,42,84
ON,ON Semiconductor,53.89,7,10,-28,0,-11,-18,31,-34,-13,-34,-45
CDW,CDW Corporation,172.3,-24,25,-33,0,-32,-24,-4,-54,-6,-88,-120
ANSS,Ansys,338.91,0,25,8,9,42,-14,4,1,21,12,54
KEYS,Keysight Technologies,162.26,0,25,7,0,32,-21,-7,-8,3,-33,-1
TYL,Tyler Technologies,589.43,61,5,1,15,82,4,24,-19,16,25,107
HPE,Hewlett Packard Enterprise,18.22,0,21,-15,40,46,-23,38,-12,52,55,101
NTAP,NetApp,104.19,2,10,-16,55,51,3,38,-21,20,40,91
SMCI,Supermicro,43.68,7,1,-42,56,22,-17,24,-7,-7,-7,15
WDC,Western Digital,57.41,7,25,3,16,51,5,36,1,1,43,94
GDDY,GoDaddy,178.04,-37,0,0,20,-17,1,-9,-10,20,2,-15
PTC,PTC Inc.,172.51,7,24,-17,180,194,5,32,-18,24,43,237
TDY,Teledyne Technologies,488.59,-15,24,43,12,64,-28,29,1,13,15,79
STX,Seagate Technology,131.11,5,25,5,20,55,4,36,1,16,57,112
FSLR,First Solar,175.28,52,24,-30,60,106,11,1,1,-4,9,115
ZBRA,Zebra Technologies,293.11,0,11,-12,-5,-6,-19,30,-12,11,10,4
TER,Teradyne,87.7,7,0,-20,-4,-17,-19,26,-14,-3,-10,-27
AKAM,Akamai Technologies,80.01,7,1,-17,-5,-14,-16,-17,-17,-8,-58,-72
VRSN,Verisign,281.08,7,136,27,7,177,16,4,43,5,68,245
SWKS,Skyworks Solutions,71.98,0,23,-34,-28,-39,-19,33,-37,-3,-26,-65
TRMB,Trimble Inc.,72.87,7,25,70,2,104,1,30,-11,10,30,134
GEN,Gen Digital,30.01,73,28,6,14,121,102,30,1,14,147,268
JBL,Jabil,180.91,7,28,10,63,108,6,38,2,55,101,209
JNPR,Juniper Networks,36.0,7,20,0,52,79,5,-11,-28,18,-16,63
FFIV,"F5, Inc.",290.38,0,24,85,12,121,-33,38,1,15,21,142
ENPH,Enphase Energy,45.93,42,-109,-37,-18,-122,10,-50,-44,-22,-106,-228
EPAM,EPAM Systems,172.49,-14,0,-17,-25,-56,-19,-2,-8,-35,-64,-120
