Symbol,Name,Close,1H Cloud Score,1D Cloud Score,1W Cloud Score,1M Cloud Score,Cloud Score Sum,1H TKx Score,1D TKx Score,1W TKx Score,1M TKx Score,TKx Score Sum,Total Score Sum
AAPL,Apple Inc.,203.93,26,0,0,249,275,-10,-8,-15,69,36,311
NVDA,Nvidia,141.69,63,18,4,132,217,-2,26,-13,24,35,252
MSFT,Microsoft,470.16,63,26,6,171,266,30,34,-16,23,71,337
AVGO,Broadcom,246.92,0,22,9,114,145,-3,34,-11,28,48,193
CRM,Salesforce,274.68,7,0,-3,20,24,16,-6,-11,19,18,42
ORCL,Oracle Corporation,174.01,63,18,1,196,278,61,25,-13,25,98,376
AMD,Advanced Micro Devices,116.16,33,18,-32,108,127,-2,25,-56,-5,-38,89
ACN,Accenture,317.57,8,0,-13,12,7,15,24,-9,17,47,54
CSCO,Cisco,66.06,30,19,38,12,99,30,25,-8,23,70,169
ADBE,Adobe Inc.,416.74,14,17,-26,-4,1,22,24,-30,-3,13,14
IBM,IBM,268.87,31,24,99,52,206,30,32,46,54,162,368
NOW,ServiceNow,1030.2,14,20,7,80,121,20,33,-10,20,63,184
QCOM,Qualcomm,149.19,7,4,-15,20,16,26,27,-42,-3,8,24
TXN,Texas Instruments,192.36,37,19,0,20,76,28,23,-21,14,44,120
INTU,Intuit,771.57,73,32,7,189,301,68,32,-21,18,97,398
AMAT,Applied Materials,166.77,22,19,-20,147,168,23,-6,-39,-3,-25,143
MU,Micron Technology,108.56,35,18,-25,20,48,30,24,-42,-3,9,57
PANW,Palo Alto Networks,199.55,42,19,7,79,147,40,30,-7,55,118,265
ADI,Analog Devices,222.28,27,19,1,177,224,28,25,-18,24,59,283
ANET,Arista Networks,97.24,27,4,1,56,88,28,-1,-11,54,70,158
LRCX,Lam Research,86.36,21,19,0,150,190,23,26,-7,-3,39,229
INTC,Intel,20.03,0,-14,-59,-18,-91,-2,-8,-7,-10,-27,-118
KLAC,KLA Corporation,808.04,21,19,4,175,219,23,34,-10,24,71,290
PLTR,Palantir Technologies,127.68,0,32,106,0,138,-13,34,109,18,148,286
APH,Amphenol,93.35,63,32,9,63,167,61,34,-11,25,109,276
MSI,Motorola Solutions,417.88,0,-3,0,151,148,-12,-7,-17,183,147,295
SNPS,Synopsys,486.08,14,6,-17,178,181,25,-5,-18,-3,-1,180
CDNS,Cadence Design Systems,296.94,0,31,7,139,177,25,34,-15,178,222,399
CRWD,CrowdStrike,468.43,0,32,35,0,67,1,34,-7,18,46,113
NXPI,NXP Semiconductors,207.67,21,3,-15,61,70,25,27,-38,-3,11,81
ADSK,Autodesk,297.86,0,22,44,12,78,-1,32,-14,17,34,112
ROP,Roper Technologies,572.93,7,18,19,180,224,14,-1,34,24,71,295
FTNT,Fortinet,104.92,9,18,44,111,182,23,12,-6,11,40,222
FICO,Fair Isaac,1774.68,8,-12,0,164,160,47,-5,-18,29,53,213
TEL,TE Connectivity,164.65,29,25,6,60,120,26,31,-10,16,63,183
MPWR,Monolithic Power Systems,686.96,27,19,-16,155,185,-3,29,-30,24,20,205
MCHP,Microchip Technology,65.23,37,19,-36,0,20,30,25,-45,-5,5,25
IT,Gartner,422.49,-56,0,-11,56,-11,-51,29,-9,55,24,13
CTSH,Cognizant,80.27,1,19,6,12,38,-16,25,-8,16,17,55
HPQ,HP Inc.,25.18,-56,0,-15,0,-71,-9,-4,-19,14,-18,-89
GLW,Corning Inc.,50.69,133,18,9,15,175,30,25,-10,12,57,232
DELL,Dell Technologies,113.78,9,19,-15,30,43,19,32,-19,-2,30,73
ON,ON Semiconductor,50.18,28,4,-27,0,5,26,25,-33,-13,5,10
CDW,CDW Corporation,178.24,0,19,-32,2,-11,-8,26,-53,-6,-41,-52
ANSS,Ansys,339.03,20,19,7,9,55,25,32,-11,21,67,122
KEYS,Keysight Technologies,161.95,3,19,6,0,28,26,-1,-7,3,21,49
TYL,Tyler Technologies,576.21,19,0,0,15,34,19,18,-18,16,35,69
HPE,Hewlett Packard Enterprise,18.11,22,15,-14,40,63,-12,32,-11,52,61,124
NTAP,NetApp,106.25,28,4,-15,55,72,33,32,-20,20,65,137
SMCI,Supermicro,41.54,1,0,-41,56,16,-9,18,-6,-7,-4,12
WDC,Western Digital,55.46,63,19,2,16,100,26,30,-18,-3,35,135
GDDY,GoDaddy,182.95,3,1,84,20,108,19,-3,-9,20,27,135
PTC,PTC Inc.,170.37,7,18,-16,180,189,25,26,-17,24,58,247
TDY,Teledyne Technologies,500.7,31,18,42,12,103,22,23,-9,13,49,152
STX,Seagate Technology,126.99,76,19,4,20,119,69,30,-25,16,90,209
FSLR,First Solar,166.35,10,18,-29,60,59,19,-4,-41,-4,-30,29
ZBRA,Zebra Technologies,295.4,25,5,-11,-5,14,23,24,-11,11,47,61
TER,Teradyne,85.22,28,0,-19,-4,5,25,20,-13,-3,29,34
AKAM,Akamai Technologies,77.03,7,0,-16,-5,-14,-9,-11,-16,-8,-44,-58
VRSN,Verisign,285.02,18,130,26,7,181,36,-4,42,5,79,260
SWKS,Skyworks Solutions,71.58,27,17,-33,-28,-17,27,27,-36,-3,15,-2
TRMB,Trimble Inc.,72.23,18,19,69,2,108,24,24,-10,10,48,156
GEN,Gen Digital,29.33,31,22,5,14,72,60,24,-17,14,81,153
JBL,Jabil,176.62,32,22,9,63,126,26,32,1,55,114,240
JNPR,Juniper Networks,35.9,0,14,0,52,66,-2,-5,-27,18,-16,50
FFIV,"F5, Inc.",295.43,33,18,84,12,147,30,32,-7,15,70,217
ENPH,Enphase Energy,41.16,0,-103,-36,-18,-157,-6,-44,-43,-22,-115,-272
EPAM,EPAM Systems,178.34,2,0,-16,-25,-39,19,24,-7,-35,1,-38
