Symbol,Name,Close,1H Cloud Score,1D Cloud Score,1W Cloud Score,1M Cloud Score,Cloud Score Sum,1H TKx Score,1D TKx Score,1W TKx Score,1M TKx Score,TKx Score Sum,Total Score Sum
AAPL,Apple Inc.,230.48,0,36,0,251,287,-14,4,3,71,64,351
NVDA,Nvidia,175.65,-7,68,15,134,210,-6,76,11,26,107,317
MSFT,Microsoft,509.71,-16,76,17,173,250,-26,-2,11,25,8,258
AVGO,Broadcom,294.92,-7,72,20,116,201,-23,84,11,30,102,303
CRM,Salesforce,246.0,13,-14,-14,22,7,26,-13,-22,21,12,19
ORCL,Oracle Corporation,234.34,-34,68,12,198,244,-32,75,11,27,81,325
AMD,Advanced Micro Devices,166.56,-7,68,0,110,171,-16,75,11,-7,63,234
ACN,Accenture,255.87,13,-30,-24,-1,-42,28,-28,-20,19,-1,-43
CSCO,Cisco,66.76,-22,0,49,14,41,-31,4,11,25,9,50
ADBE,Adobe Inc.,360.91,21,-30,-37,-6,-52,33,-46,-41,-5,-59,-111
IBM,IBM,241.27,0,-14,110,54,150,23,-22,57,56,114,264
NOW,ServiceNow,886.95,2,-9,-4,82,71,22,-14,9,22,39,110
QCOM,Qualcomm,156.25,35,0,-26,22,31,-1,-14,9,-5,-11,20
TXN,Texas Instruments,195.95,42,0,2,22,66,34,-19,11,16,42,108
INTU,Intuit,700.96,-77,0,18,191,132,-5,-6,11,20,20,152
AMAT,Applied Materials,162.22,-21,-3,-2,149,123,-21,-14,9,-5,-31,92
MU,Micron Technology,122.09,0,8,3,22,33,5,4,11,-5,15,48
PANW,Palo Alto Networks,181.65,21,-14,0,81,88,9,-7,11,57,70,158
ADI,Analog Devices,230.59,0,0,12,179,191,-16,-20,11,26,1,192
ANET,Arista Networks,132.75,0,54,8,58,120,-4,50,7,56,109,229
LRCX,Lam Research,100.33,-13,69,10,152,218,-13,5,11,-5,-2,216
INTC,Intel,25.32,49,5,0,-20,34,49,4,1,-12,42,76
KLAC,KLA Corporation,875.38,-20,0,15,177,172,-13,4,11,26,28,200
PLTR,Palantir Technologies,157.72,-7,82,117,0,192,-26,84,120,20,198,390
APH,Amphenol,110.01,3,82,20,65,170,10,84,11,27,132,302
MSI,Motorola Solutions,460.42,0,24,2,153,179,3,34,2,185,224,403
SNPS,Synopsys,612.61,-6,56,8,180,238,11,48,9,-5,63,301
CDNS,Cadence Design Systems,346.93,-6,38,18,141,191,10,37,11,180,238,429
CRWD,CrowdStrike,418.45,-112,-9,46,0,-75,7,-23,11,20,15,-60
NXPI,NXP Semiconductors,229.35,40,6,0,63,109,50,1,8,-5,54,163
ADSK,Autodesk,289.23,0,-6,0,14,8,22,-9,11,19,43,51
ROP,Roper Technologies,532.49,9,-13,-3,182,175,21,-30,-2,26,15,190
FTNT,Fortinet,78.08,0,-13,-3,113,97,14,-15,-3,13,9,106
FICO,Fair Isaac,1385.01,7,-31,-7,166,135,29,-30,-29,31,1,136
TEL,TE Connectivity,203.39,0,75,17,62,154,-12,81,11,18,98,252
MPWR,Monolithic Power Systems,845.17,91,69,4,157,321,5,13,11,-2,27,348
MCHP,Microchip Technology,64.65,22,0,0,0,22,34,-19,11,-7,19,41
IT,Gartner,242.84,0,-46,-22,0,-68,7,-49,-20,57,-5,-73
CTSH,Cognizant,70.87,12,-15,-4,14,7,29,-23,-4,18,20,27
HPQ,HP Inc.,27.01,61,6,-26,0,41,7,4,-30,-1,-20,21
GLW,Corning Inc.,64.52,-4,68,20,17,101,-7,75,9,14,91,192
DELL,Dell Technologies,135.17,0,69,7,32,108,-8,82,11,-4,81,189
ON,ON Semiconductor,49.77,0,0,-38,-1,-39,-6,-12,7,-15,-26,-65
CDW,CDW Corporation,167.53,7,-11,-43,0,-47,6,-14,3,-8,-13,-60
KEYS,Keysight Technologies,163.66,-6,2,0,0,-4,2,4,9,5,20,16
TYL,Tyler Technologies,570.26,-43,0,0,17,-26,-13,6,2,18,13,-13
HPE,Hewlett Packard Enterprise,21.36,56,65,2,42,165,8,2,8,54,72,237
NTAP,NetApp,109.16,56,12,0,57,125,5,4,8,-1,16,141
SMCI,Supermicro,43.25,-7,0,-1,58,50,-4,-5,6,-9,-12,38
WDC,Western Digital,75.74,-1,69,13,18,99,5,80,11,3,99,198
GDDY,GoDaddy,144.62,0,-29,-4,22,-11,-7,-53,-20,22,-58,-69
PTC,PTC Inc.,209.9,2,68,7,182,259,5,32,8,26,71,330
TDY,Teledyne Technologies,543.24,-28,68,53,14,107,-26,38,11,15,38,145
STX,Seagate Technology,157.96,42,69,15,22,148,12,80,11,18,121,269
FSLR,First Solar,210.8,19,34,0,62,115,18,34,11,-6,57,172
ZBRA,Zebra Technologies,311.99,-10,0,-3,-7,-20,-19,-5,5,13,-6,-26
TER,Teradyne,110.62,0,40,-30,2,12,1,70,4,-5,70,82
AKAM,Akamai Technologies,76.46,22,-14,-27,-7,-26,8,-13,-27,-10,-42,-68
VRSN,Verisign,269.17,4,-6,37,9,44,-5,-8,53,7,47,91
SWKS,Skyworks Solutions,74.93,55,0,-44,-30,-19,56,1,8,-5,60,41
TRMB,Trimble Inc.,81.11,-6,69,80,4,147,-19,-1,9,12,1,148
GEN,Gen Digital,31.49,0,8,16,16,40,-16,-11,11,16,0,40
JBL,Jabil,206.1,-33,0,20,65,52,-26,-3,12,57,40,92
FFIV,"F5, Inc.",315.23,-6,68,95,14,171,1,82,11,17,111,282
ENPH,Enphase Energy,36.24,20,-153,-47,-20,-200,16,-18,-54,-24,-80,-280
EPAM,EPAM Systems,167.64,14,-15,-27,-27,-55,26,1,-18,-37,-28,-83
