Symbol,Name,Close,1H Cloud Score,1D Cloud Score,1W Cloud Score,1M Cloud Score,Cloud Score Sum,1H TKx Score,1D TKx Score,1W TKx Score,1M TKx Score,TKx Score Sum,Total Score Sum
AAPL,Apple Inc.,256.94,58,62,4,252,376,63,30,8,72,173,549
NVDA,Nvidia,177.68,26,6,20,135,187,-13,4,16,27,34,221
MSFT,Microsoft,506.96,-3,-1,22,174,192,-18,3,16,26,27,219
AVGO,Broadcom,336.11,-28,98,25,117,212,-47,15,16,31,15,227
CRM,Salesforce,240.98,-7,-1,-19,23,-4,-12,-4,-27,22,-21,-25
ORCL,Oracle Corporation,291.23,-7,12,17,199,221,-12,9,16,28,41,262
AMD,Advanced Micro Devices,161.28,28,0,4,111,143,-5,-21,16,-8,-18,125
ACN,Accenture,232.62,-23,-56,-29,-1,-109,-19,-10,-25,20,-34,-143
CSCO,Cisco,67.84,0,-3,54,15,66,3,-24,16,26,21,87
ADBE,Adobe Inc.,354.15,-14,0,-42,-7,-63,-14,10,-46,-6,-56,-119
IBM,IBM,281.45,113,6,115,55,289,55,14,62,57,188,477
NOW,ServiceNow,918.37,-11,0,0,83,72,-21,14,14,23,30,102
QCOM,Qualcomm,169.67,78,22,0,23,123,74,24,14,-6,106,229
TXN,Texas Instruments,182.04,21,-17,-3,23,24,20,-13,16,17,40,64
INTU,Intuit,692.75,42,-26,23,192,231,-5,-32,16,21,0,231
AMAT,Applied Materials,199.59,100,6,1,150,257,-2,6,14,-6,12,269
MU,Micron Technology,156.8,0,21,4,23,48,-12,30,16,1,35,83
PANW,Palo Alto Networks,202.23,-2,15,5,82,100,-18,16,16,58,72,172
ADI,Analog Devices,247.66,5,26,17,180,228,-7,26,16,27,62,290
ANET,Arista Networks,143.09,-12,80,13,59,140,-18,76,12,57,127,267
LRCX,Lam Research,128.11,101,17,15,153,286,-8,9,16,-6,11,297
INTC,Intel,33.97,63,31,1,-21,74,13,30,6,-13,36,110
KLAC,KLA Corporation,1059.24,105,14,20,178,317,-2,8,16,27,49,366
PLTR,Palantir Technologies,179.1,91,108,122,0,321,-12,6,125,21,140,461
APH,Amphenol,122.33,1,108,25,66,200,-6,110,16,28,148,348
MSI,Motorola Solutions,455.56,-48,50,7,154,163,-23,-1,7,186,169,332
SNPS,Synopsys,487.39,7,-12,-3,181,173,-13,-24,14,-6,-29,144
CDNS,Cadence Design Systems,351.03,-3,6,23,142,168,-14,3,16,181,186,354
CRWD,CrowdStrike,473.09,0,6,51,0,57,-16,7,16,21,28,85
NXPI,NXP Semiconductors,226.91,5,9,0,64,78,-7,-7,13,-6,-7,71
ADSK,Autodesk,320.21,-6,19,5,15,33,-5,19,16,20,50,83
ROP,Roper Technologies,494.99,-21,-39,-8,183,115,-13,-56,-7,27,-49,66
FTNT,Fortinet,83.19,50,0,-8,114,156,-5,10,-8,14,11,167
FICO,Fair Isaac,1553.09,5,0,-12,167,160,18,19,-34,32,35,195
TEL,TE Connectivity,214.49,0,101,22,63,186,-7,16,16,19,44,230
MPWR,Monolithic Power Systems,891.08,0,95,9,158,262,-12,39,16,1,44,306
MCHP,Microchip Technology,64.84,-7,-14,0,0,-21,-7,-15,16,-8,-14,-35
IT,Gartner,262.4,69,-72,-27,0,-30,69,12,-25,58,114,84
CTSH,Cognizant,66.67,-31,-41,-9,15,-66,-3,-6,-9,19,1,-65
HPQ,HP Inc.,26.83,-12,32,-31,0,-11,-10,33,5,-2,26,15
GLW,Corning Inc.,79.14,168,94,25,18,305,-5,101,14,15,125,430
DELL,Dell Technologies,130.93,0,0,2,33,35,-12,4,16,-5,3,38
ON,ON Semiconductor,49.78,-3,-20,-43,-2,-68,-12,6,12,-16,-10,-78
CDW,CDW Corporation,156.96,-42,-37,-48,0,-127,-12,-2,8,-9,-15,-142
KEYS,Keysight Technologies,172.39,-7,17,4,1,15,-11,17,14,6,26,41
TYL,Tyler Technologies,521.95,-84,-24,-1,18,-91,-20,-26,7,19,-20,-111
HPE,Hewlett Packard Enterprise,24.2,-12,91,7,43,129,-16,28,13,55,80,209
NTAP,NetApp,120.76,-14,38,4,58,86,-23,30,13,-2,18,104
SMCI,Supermicro,46.22,5,-19,0,59,45,-7,8,11,-10,2,47
WDC,Western Digital,107.19,168,95,18,19,300,-7,106,16,4,119,419
GDDY,GoDaddy,141.24,-21,-55,-9,23,-62,-13,-2,-25,23,-17,-79
PTC,PTC Inc.,202.7,-21,0,12,183,174,-18,-11,13,27,11,185
TDY,Teledyne Technologies,565.99,39,94,58,15,206,-7,9,16,16,34,240
STX,Seagate Technology,219.82,1,95,20,23,139,-7,106,16,19,134,273
FSLR,First Solar,223.0,60,60,1,63,184,-4,15,16,-7,20,204
ZBRA,Zebra Technologies,302.06,-16,-4,-8,-8,-36,-26,3,10,14,1,-35
TER,Teradyne,132.89,42,66,1,3,112,-3,96,9,-6,96,208
AKAM,Akamai Technologies,75.39,-26,0,-32,-8,-66,-18,-2,-32,-11,-63,-129
VRSN,Verisign,283.76,-12,0,42,10,40,11,16,58,8,93,133
SWKS,Skyworks Solutions,79.38,43,17,0,-31,29,-5,27,13,-6,29,58
TRMB,Trimble Inc.,79.99,-10,0,85,5,80,-13,-1,14,13,13,93
GEN,Gen Digital,28.5,-7,-9,21,17,22,-7,-11,16,17,15,37
JBL,Jabil,210.13,-7,0,25,66,84,-7,6,17,58,74,158
FFIV,"F5, Inc.",324.08,-15,94,100,15,194,-16,8,16,18,26,220
EPAM,EPAM Systems,150.02,-7,-12,-32,-28,-79,-17,-10,-23,-38,-88,-167
