Symbol,Name,Close,1H Cloud Score,1D Cloud Score,1W Cloud Score,1M Cloud Score,Cloud Score Sum,1H TKx Score,1D TKx Score,1W TKx Score,1M TKx Score,TKx Score Sum,Total Score Sum
AAPL,Apple Inc.,269.73,59,86,9,253,407,27,54,13,73,167,574
NVDA,Nvidia,207.05,21,30,25,136,212,28,3,21,28,80,292
MSFT,Microsoft,542.56,42,4,27,175,248,54,3,21,27,105,353
AVGO,Broadcom,386.11,28,122,30,118,298,28,5,21,32,86,384
CRM,Salesforce,251.56,0,8,-24,24,8,-3,10,-32,23,-2,6
ORCL,Oracle Corporation,275.36,-7,-3,22,200,212,-8,-11,21,29,31,243
AMD,Advanced Micro Devices,264.34,35,18,9,112,174,28,20,21,-9,60,234
ACN,Accenture,247.79,48,0,-34,-2,12,22,15,-30,21,28,40
CSCO,Cisco,71.34,64,11,59,16,150,21,22,21,27,91,241
ADBE,Adobe Inc.,337.97,-7,-1,-47,-8,-63,-3,1,-51,-7,-60,-123
IBM,IBM,308.29,33,30,120,56,239,56,-5,67,58,176,415
NOW,ServiceNow,912.5,-2,-1,0,84,81,-7,-17,-2,24,-2,79
QCOM,Qualcomm,178.63,59,13,1,24,97,-11,4,19,1,13,110
TXN,Texas Instruments,160.31,-42,-41,-2,24,-61,-16,-37,-2,18,-37,-98
INTU,Intuit,656.29,-7,-1,28,193,213,-7,-14,-3,22,-2,211
AMAT,Applied Materials,235.85,35,30,6,151,222,7,30,19,-7,49,271
MU,Micron Technology,226.69,35,45,9,24,113,28,54,21,2,105,218
PANW,Palo Alto Networks,217.21,49,39,10,83,181,-3,40,21,59,117,298
ADI,Analog Devices,234.97,-6,-1,22,181,196,-7,4,21,28,46,242
ANET,Arista Networks,162.1,35,104,18,60,217,36,1,17,58,112,329
LRCX,Lam Research,160.69,35,41,20,154,250,29,33,21,-7,76,326
INTC,Intel,41.34,34,55,6,0,95,29,54,11,-14,80,175
KLAC,KLA Corporation,1236.72,71,38,25,179,313,29,32,21,28,110,423
PLTR,Palantir Technologies,198.82,34,132,127,0,293,29,-5,130,22,176,469
APH,Amphenol,139.78,42,132,30,67,271,34,134,21,29,218,489
MSI,Motorola Solutions,432.37,-31,-11,12,155,125,-7,-25,12,187,167,292
SNPS,Synopsys,455.44,0,-36,0,182,146,-12,-9,-5,-7,-33,113
CDNS,Cadence Design Systems,341.53,33,-2,28,143,202,-12,-17,21,182,174,376
CRWD,CrowdStrike,545.67,51,30,56,0,137,54,31,21,22,128,265
NXPI,NXP Semiconductors,204.77,-9,-2,0,65,54,-14,-9,18,-7,-12,42
ADSK,Autodesk,297.01,-7,-1,10,16,18,-3,-17,21,21,22,40
ROP,Roper Technologies,446.46,-35,-63,-13,184,73,-31,-5,-12,28,-20,53
FTNT,Fortinet,84.23,0,0,-1,115,114,-3,-5,-13,15,-6,108
FICO,Fair Isaac,1566.3,-2,5,-4,168,167,-6,-8,-39,33,-20,147
TEL,TE Connectivity,240.82,72,125,27,64,288,28,40,21,20,109,397
MPWR,Monolithic Power Systems,1093.17,35,119,14,159,327,29,63,21,2,115,442
MCHP,Microchip Technology,62.54,-14,-6,0,0,-20,-34,5,21,-9,-17,-37
IT,Gartner,249.78,0,0,-32,0,-32,-7,-11,-30,59,11,-21
CTSH,Cognizant,71.69,12,1,-14,16,15,5,1,-14,20,12,27
HPQ,HP Inc.,27.71,-2,0,0,0,-2,2,5,10,-3,14,12
GLW,Corning Inc.,90.32,12,118,30,19,179,28,125,19,16,188,367
DELL,Dell Technologies,163.52,28,23,7,34,92,38,28,21,-6,81,173
ON,ON Semiconductor,51.41,-14,0,0,-3,-17,-9,5,17,-17,-4,-21
CDW,CDW Corporation,157.37,0,-61,-53,0,-114,-14,-26,-4,-10,-54,-168
KEYS,Keysight Technologies,170.55,35,0,9,2,46,5,-14,19,7,17,63
TYL,Tyler Technologies,478.7,-7,-48,-5,19,-41,-10,-50,-4,20,-44,-85
HPE,Hewlett Packard Enterprise,24.3,1,4,12,44,61,45,-7,18,56,112,173
NTAP,NetApp,114.11,-30,0,9,59,38,-19,-1,18,-3,-5,33
SMCI,Supermicro,52.68,7,3,0,60,70,14,32,16,-11,51,121
WDC,Western Digital,141.42,12,119,23,20,174,3,130,21,5,159,333
GDDY,GoDaddy,126.65,-8,-79,-14,24,-77,-30,-26,-30,24,-62,-139
PTC,PTC Inc.,197.86,-9,-1,17,184,191,-14,5,18,28,37,228
TDY,Teledyne Technologies,515.56,-42,-5,63,16,32,-40,-6,21,17,-8,24
STX,Seagate Technology,265.54,12,119,25,24,180,3,-9,21,20,35,215
FSLR,First Solar,241.52,28,84,6,64,182,-3,39,21,-8,49,231
ZBRA,Zebra Technologies,270.58,-14,-28,-1,-9,-52,-14,-2,-1,-1,-18,-70
TER,Teradyne,173.95,35,90,6,4,135,-9,120,14,-7,118,253
AKAM,Akamai Technologies,73.04,-3,-1,-37,-9,-50,-2,-26,-37,-12,-77,-127
VRSN,Verisign,232.84,-39,-21,0,11,-49,-1,-19,-2,9,-13,-62
SWKS,Skyworks Solutions,78.74,16,2,0,-32,-14,-2,2,18,-7,11,-3
TRMB,Trimble Inc.,79.44,-1,-2,90,6,93,-9,3,19,14,27,120
GEN,Gen Digital,25.86,-11,-33,0,18,-26,-19,-35,-1,18,-37,-63
JBL,Jabil,222.36,31,1,30,67,129,30,-17,22,59,94,223
FFIV,"F5, Inc.",258.7,-16,-10,0,16,-10,-16,-5,21,19,19,9
EPAM,EPAM Systems,162.86,49,1,-37,-29,-16,54,1,-28,-39,-12,-28
