Symbol,Name,Close,1H Cloud Score,1D Cloud Score,1W Cloud Score,1M Cloud Score,Cloud Score Sum,1H TKx Score,1D TKx Score,1W TKx Score,1M TKx Score,TKx Score Sum,Total Score Sum
AAPL,Apple Inc.,256.49,1,70,6,253,330,-4,38,10,73,117,447
NVDA,Nvidia,184.96,0,14,22,136,172,-14,12,18,28,44,216
MSFT,Microsoft,523.97,26,2,24,175,227,17,11,18,27,73,300
AVGO,Broadcom,336.41,1,106,27,118,252,-8,23,18,32,65,317
CRM,Salesforce,239.77,0,-6,-21,24,-3,17,-12,-29,23,-1,-4
ORCL,Oracle Corporation,284.67,-6,20,19,200,233,-5,17,18,29,59,292
AMD,Advanced Micro Devices,211.49,37,2,6,112,157,49,4,18,-9,62,219
ACN,Accenture,251.26,12,-64,-31,-2,-85,11,-18,-27,21,-13,-98
CSCO,Cisco,68.99,13,3,56,16,88,4,6,18,27,55,143
ADBE,Adobe Inc.,348.23,-42,-5,-44,-8,-99,-1,18,-48,-7,-38,-137
IBM,IBM,293.87,169,14,117,56,356,26,22,64,58,170,526
NOW,ServiceNow,904.3,-44,-2,0,84,38,-1,-1,16,24,38,76
QCOM,Qualcomm,165.46,-3,30,0,24,51,24,32,16,-7,65,116
TXN,Texas Instruments,177.02,-18,-25,1,24,-18,-11,-21,18,18,4,-14
INTU,Intuit,657.76,-28,-34,25,193,156,-14,8,18,22,34,190
AMAT,Applied Materials,211.57,0,14,3,151,168,-3,14,16,-7,20,188
MU,Micron Technology,185.65,42,29,6,24,101,-5,38,18,2,53,154
PANW,Palo Alto Networks,211.02,30,23,7,83,143,26,24,18,59,127,270
ADI,Analog Devices,233.66,-41,-1,19,181,158,-5,-8,18,28,33,191
ANET,Arista Networks,145.27,0,88,15,60,163,-1,84,14,58,155,318
LRCX,Lam Research,140.33,49,25,17,154,245,-4,17,18,-7,24,269
INTC,Intel,37.19,119,39,3,0,161,-2,38,8,-14,30,191
KLAC,KLA Corporation,1084.32,-2,22,22,179,221,-8,16,18,28,54,275
PLTR,Palantir Technologies,182.16,0,116,124,0,240,6,14,127,22,169,409
APH,Amphenol,124.52,4,116,27,67,214,2,118,18,29,167,381
MSI,Motorola Solutions,458.51,0,3,9,155,167,13,-9,9,187,200,367
SNPS,Synopsys,477.51,-21,-20,0,182,141,2,-32,-2,-7,-39,102
CDNS,Cadence Design Systems,345.41,-7,0,25,143,161,-6,-1,18,182,193,354
CRWD,CrowdStrike,484.7,-6,14,53,0,61,-5,15,18,22,50,111
NXPI,NXP Semiconductors,219.61,-5,-1,2,65,61,-1,2,15,-7,9,70
ADSK,Autodesk,314.29,-7,27,7,16,43,-1,-1,18,21,37,80
ROP,Roper Technologies,510.51,10,-47,-10,184,137,10,-64,-9,28,-35,102
FTNT,Fortinet,84.92,36,0,0,115,151,-4,18,-10,15,19,170
FICO,Fair Isaac,1879.09,28,4,1,168,201,24,27,-36,33,48,249
TEL,TE Connectivity,222.04,42,109,24,64,239,-5,24,18,20,57,296
MPWR,Monolithic Power Systems,946.18,32,103,11,159,305,48,47,18,2,115,420
MCHP,Microchip Technology,64.97,-2,-1,0,0,-3,-3,4,18,-9,10,7
IT,Gartner,245.2,-16,-80,-29,0,-125,-4,20,-27,59,48,-77
CTSH,Cognizant,67.95,11,-49,-11,16,-33,21,-14,-11,20,16,-17
HPQ,HP Inc.,26.56,-68,0,-33,0,-101,-12,-8,7,-3,-16,-117
GLW,Corning Inc.,85.08,224,102,27,19,372,49,109,16,16,190,562
DELL,Dell Technologies,150.88,42,7,4,34,87,6,12,18,-6,30,117
ON,ON Semiconductor,48.18,-5,-28,-45,-3,-81,19,-1,14,-17,15,-66
CDW,CDW Corporation,155.2,-49,-45,-50,0,-144,-12,-10,-1,-10,-33,-177
KEYS,Keysight Technologies,170.09,-8,25,6,2,25,-7,25,16,7,41,66
TYL,Tyler Technologies,485.91,-140,-32,-2,19,-155,-39,-34,-1,20,-54,-209
HPE,Hewlett Packard Enterprise,24.91,14,99,9,44,166,7,36,15,56,114,280
NTAP,NetApp,117.97,-6,46,6,59,105,-9,38,15,-3,41,146
SMCI,Supermicro,55.08,42,5,0,60,107,44,16,13,-11,62,169
WDC,Western Digital,119.92,-2,103,20,20,141,-8,114,18,5,129,270
GDDY,GoDaddy,135.32,-1,-63,-11,24,-51,16,-10,-27,24,3,-48
PTC,PTC Inc.,202.25,0,0,14,184,198,22,-19,15,28,46,244
TDY,Teledyne Technologies,588.3,95,102,60,16,273,22,17,18,17,74,347
STX,Seagate Technology,224.92,-6,103,22,24,143,-9,114,18,20,143,286
FSLR,First Solar,227.59,37,68,3,64,172,-5,23,18,-8,28,200
ZBRA,Zebra Technologies,296.39,0,-12,-10,-9,-31,-5,-5,12,-1,1,-30
TER,Teradyne,140.13,98,74,3,4,179,-1,104,11,-7,107,286
AKAM,Akamai Technologies,76.62,28,8,-34,-9,-7,-2,-10,-34,-12,-58,-65
VRSN,Verisign,270.21,-43,-5,44,11,7,-40,-3,60,9,26,33
SWKS,Skyworks Solutions,74.34,-49,25,0,-32,-56,-14,-1,15,-7,-7,-63
TRMB,Trimble Inc.,79.29,-6,-1,87,6,86,16,-9,16,14,37,123
GEN,Gen Digital,27.3,-43,-17,23,18,-19,-42,-19,18,18,-25,-44
JBL,Jabil,202.63,-23,-3,27,67,68,-19,-1,19,59,58,126
FFIV,"F5, Inc.",330.78,14,102,102,16,234,26,16,18,19,79,313
EPAM,EPAM Systems,149.9,-6,-20,-34,-29,-89,-5,-18,-25,-39,-87,-176
