Symbol,Name,Close,1H Cloud Score,1D Cloud Score,1W Cloud Score,1M Cloud Score,Cloud Score Sum,1H TKx Score,1D TKx Score,1W TKx Score,1M TKx Score,TKx Score Sum,Total Score Sum
AAPL,Apple Inc.,233.33,41,32,0,251,324,41,-6,2,71,108,432
NVDA,Nvidia,181.57,37,64,14,134,249,48,72,10,26,156,405
MSFT,Microsoft,520.69,-4,72,16,173,257,16,80,10,25,131,388
AVGO,Broadcom,309.09,40,68,19,116,243,49,80,10,30,169,412
CRM,Salesforce,237.07,-70,-10,-13,22,-71,-75,-9,-21,21,-84,-155
ORCL,Oracle Corporation,244.22,-6,64,11,198,267,-4,71,10,27,104,371
AMD,Advanced Micro Devices,184.4,16,64,3,110,193,32,71,10,-7,106,299
ACN,Accenture,245.63,-91,-26,-23,-1,-141,-103,-24,-19,19,-127,-268
CSCO,Cisco,70.36,41,65,48,14,168,-3,-9,10,25,23,191
ADBE,Adobe Inc.,351.04,0,-26,-36,-6,-68,5,-42,-40,-5,-82,-150
IBM,IBM,240.11,-34,-10,109,54,119,-25,-18,56,56,69,188
NOW,ServiceNow,863.14,-79,-5,-3,82,-5,-72,-10,8,22,-52,-57
QCOM,Qualcomm,156.61,7,1,-25,22,5,30,-10,8,-5,23,28
TXN,Texas Instruments,193.3,14,0,1,22,37,6,-15,10,16,17,54
INTU,Intuit,711.5,-49,0,17,191,159,-64,-2,10,20,-36,123
AMAT,Applied Materials,190.03,28,65,0,149,242,32,-10,8,-5,25,267
MU,Micron Technology,124.25,35,4,2,22,63,45,-20,10,-5,30,93
PANW,Palo Alto Networks,176.86,0,-10,0,81,71,14,-3,10,57,78,149
ADI,Analog Devices,237.65,14,1,11,179,205,33,-16,10,26,53,258
ANET,Arista Networks,137.97,42,50,7,58,157,42,46,6,56,150,307
LRCX,Lam Research,106.72,38,65,9,152,264,32,1,10,-5,38,302
INTC,Intel,22.2,21,1,0,-20,2,21,-14,-17,-12,-22,-20
KLAC,KLA Corporation,949.2,35,65,14,177,291,32,-10,10,26,58,349
PLTR,Palantir Technologies,184.32,56,78,116,0,250,54,80,119,20,273,523
APH,Amphenol,109.79,4,78,19,65,166,24,80,10,27,141,307
MSI,Motorola Solutions,469.95,42,20,1,153,216,33,30,1,185,249,465
SNPS,Synopsys,618.55,-7,52,7,180,232,9,44,8,-5,56,288
CDNS,Cadence Design Systems,349.16,-20,34,17,141,172,-37,33,10,180,186,358
CRWD,CrowdStrike,431.98,-84,-5,45,0,-44,6,-19,10,20,17,-27
NXPI,NXP Semiconductors,230.55,12,2,0,63,77,22,-10,7,-5,14,91
ADSK,Autodesk,286.95,-35,-2,0,14,-23,-26,-5,10,19,-2,-25
ROP,Roper Technologies,522.53,-65,-9,-2,182,106,-68,-26,-1,26,-69,37
FTNT,Fortinet,79.34,-77,-9,-2,113,25,6,-11,-2,13,6,31
FICO,Fair Isaac,1334.45,-70,-27,-6,166,63,1,-26,-28,31,-22,41
TEL,TE Connectivity,206.2,6,71,16,62,155,23,77,10,18,128,283
MPWR,Monolithic Power Systems,862.82,63,65,3,157,288,23,9,10,-2,40,328
MCHP,Microchip Technology,65.71,0,0,0,0,0,6,-15,10,-7,-6,-6
IT,Gartner,242.66,-93,-42,-21,0,-156,5,-45,-19,57,-2,-158
CTSH,Cognizant,70.39,0,-11,-3,14,0,1,-19,-3,18,-3,-3
HPQ,HP Inc.,27.14,33,2,-25,0,10,49,-9,-29,-1,10,20
GLW,Corning Inc.,65.76,146,64,19,17,246,49,71,8,14,142,388
DELL,Dell Technologies,139.17,35,65,6,32,138,32,78,10,-4,116,254
ON,ON Semiconductor,51.85,0,0,-37,0,-37,25,-8,6,-15,8,-29
CDW,CDW Corporation,167.45,0,-7,-42,0,-49,6,-10,2,-8,-10,-59
KEYS,Keysight Technologies,170.21,14,2,2,1,19,39,-2,8,5,50,69
TYL,Tyler Technologies,580.11,-15,1,0,17,3,-30,2,1,18,-9,-6
HPE,Hewlett Packard Enterprise,21.57,28,61,1,42,132,38,-7,7,54,92,224
NTAP,NetApp,109.4,28,8,0,57,93,39,-9,7,-1,36,129
SMCI,Supermicro,46.04,-42,2,0,58,18,5,-1,5,-9,0,18
WDC,Western Digital,76.07,12,65,12,18,107,8,76,10,3,97,204
GDDY,GoDaddy,143.32,-107,-25,-3,22,-113,4,-49,-19,22,-42,-155
PTC,PTC Inc.,208.38,-33,64,6,182,219,5,28,7,26,66,285
TDY,Teledyne Technologies,550.13,0,64,52,14,130,7,34,10,15,66,196
STX,Seagate Technology,156.93,14,65,14,22,115,23,76,10,18,127,242
FSLR,First Solar,184.78,0,30,-39,62,53,5,30,10,-6,39,92
ZBRA,Zebra Technologies,337.81,8,51,-2,-7,50,23,-1,4,13,39,89
TER,Teradyne,114.05,14,36,-29,2,23,41,66,3,-5,105,128
AKAM,Akamai Technologies,75.45,0,-10,-26,-7,-43,2,-9,-26,-10,-43,-86
VRSN,Verisign,267.5,-15,-2,36,9,28,-16,-4,52,7,39,67
SWKS,Skyworks Solutions,73.65,27,0,-43,-30,-46,33,-17,7,-5,18,-28
TRMB,Trimble Inc.,84.47,3,65,79,4,151,5,70,8,12,95,246
GEN,Gen Digital,32.15,28,4,15,16,63,22,-7,10,16,41,104
JBL,Jabil,219.07,-5,68,19,65,147,28,1,11,57,97,244
FFIV,"F5, Inc.",325.64,70,64,94,14,242,21,78,10,17,126,368
ENPH,Enphase Energy,34.21,13,-149,-46,-20,-202,27,-14,-53,-24,-64,-266
EPAM,EPAM Systems,160.77,6,-11,-26,-27,-58,-12,-17,-17,-37,-83,-141
