Symbol,Name,Close,1H Cloud Score,1D Cloud Score,1W Cloud Score,1M Cloud Score,Cloud Score Sum,1H TKx Score,1D TKx Score,1W TKx Score,1M TKx Score,TKx Score Sum,Total Score Sum
AAPL,Apple Inc.,200.29,0,0,-3,249,246,19,-19,-18,69,51,297
NVDA,Nvidia,147.83,11,29,7,132,179,2,37,3,24,66,245
MSFT,Microsoft,490.12,140,37,9,171,357,5,45,3,23,76,433
AVGO,Broadcom,263.65,11,33,12,114,170,10,45,3,28,86,256
CRM,Salesforce,271.24,7,0,-6,20,21,7,-17,-14,19,-5,16
ORCL,Oracle Corporation,215.21,11,29,4,196,240,2,36,3,25,66,306
AMD,Advanced Micro Devices,138.49,42,29,-35,108,144,35,36,3,-5,69,213
ACN,Accenture,300.72,-41,-3,-16,12,-48,5,-5,-12,17,5,-43
CSCO,Cisco,67.89,37,30,41,12,120,41,36,3,23,103,223
ADBE,Adobe Inc.,382.02,-49,0,-29,-4,-82,5,-7,-33,-3,-38,-120
IBM,IBM,293.85,108,35,102,52,297,12,43,49,54,158,455
NOW,ServiceNow,996.0,-65,31,1,80,47,2,-7,1,20,16,63
QCOM,Qualcomm,155.7,0,15,-18,20,17,2,38,1,-3,38,55
TXN,Texas Instruments,205.84,15,30,2,20,67,34,34,3,14,85,152
INTU,Intuit,758.62,-1,43,10,189,241,7,43,3,18,71,312
AMAT,Applied Materials,180.19,7,30,-23,147,161,7,10,1,-3,15,176
MU,Micron Technology,127.87,112,29,2,20,163,107,35,3,-3,142,305
PANW,Palo Alto Networks,201.62,42,30,10,79,161,5,41,3,55,104,265
ADI,Analog Devices,235.0,11,30,4,177,222,7,36,3,24,70,292
ANET,Arista Networks,94.98,3,15,0,56,74,5,11,-14,54,56,130
LRCX,Lam Research,95.65,7,30,2,150,189,8,37,3,-3,45,234
INTC,Intel,22.56,7,1,-62,-18,-72,7,6,-10,-10,-7,-79
KLAC,KLA Corporation,889.53,0,30,7,175,212,2,45,3,24,74,286
PLTR,Palantir Technologies,143.19,7,43,109,0,159,2,45,112,18,177,336
APH,Amphenol,95.79,15,43,12,63,133,24,45,3,25,97,230
MSI,Motorola Solutions,418.39,6,1,0,151,158,8,-5,-20,183,166,324
SNPS,Synopsys,478.99,-34,17,-20,178,141,5,9,1,-3,12,153
CDNS,Cadence Design Systems,296.79,-31,42,10,139,160,-45,-2,3,178,134,294
CRWD,CrowdStrike,485.39,3,43,38,0,84,5,45,3,18,71,155
NXPI,NXP Semiconductors,218.56,7,14,-18,61,64,2,38,-41,-3,-4,60
ADSK,Autodesk,304.2,20,33,47,12,112,5,1,3,17,26,138
ROP,Roper Technologies,571.02,3,3,22,180,208,13,-12,37,24,62,270
FTNT,Fortinet,104.42,10,29,47,111,197,5,-4,3,11,15,212
FICO,Fair Isaac,1924.88,21,0,0,164,185,15,-16,-21,29,7,192
TEL,TE Connectivity,166.52,10,36,9,60,115,5,42,3,16,66,181
MPWR,Monolithic Power Systems,717.24,7,30,-19,155,173,2,40,3,24,69,242
MCHP,Microchip Technology,70.42,21,30,0,1,52,33,36,3,-5,67,119
IT,Gartner,400.3,-133,-7,-14,56,-98,1,-10,-12,55,34,-64
CTSH,Cognizant,77.6,-33,2,9,12,-10,-25,-6,-11,16,-26,-36
HPQ,HP Inc.,24.54,0,-7,-18,0,-25,2,-15,-22,14,-21,-46
GLW,Corning Inc.,51.42,14,29,12,15,70,8,36,1,12,57,127
DELL,Dell Technologies,120.6,38,30,-18,30,80,40,43,3,-2,84,164
ON,ON Semiconductor,54.19,7,15,-30,0,-8,7,36,-36,-13,-6,-14
CDW,CDW Corporation,179.83,7,30,-35,2,4,8,-9,-56,-6,-63,-59
ANSS,Ansys,338.37,-33,30,10,9,16,5,9,3,21,38,54
KEYS,Keysight Technologies,164.66,7,30,9,0,46,5,-12,1,3,-3,43
TYL,Tyler Technologies,588.63,5,2,0,15,22,7,29,-21,16,31,53
HPE,Hewlett Packard Enterprise,18.16,7,26,-17,40,56,2,-5,-14,52,35,91
NTAP,NetApp,106.15,11,15,-18,55,63,5,43,-23,20,45,108
SMCI,Supermicro,42.83,0,6,-1,56,61,-12,29,-9,-7,1,62
WDC,Western Digital,62.08,42,30,5,16,93,40,41,3,1,85,178
GDDY,GoDaddy,179.49,6,0,0,20,26,5,-14,-12,20,-1,25
PTC,PTC Inc.,169.94,1,29,-19,180,191,2,-2,-20,24,4,195
TDY,Teledyne Technologies,494.54,0,29,45,12,86,6,-2,3,13,20,106
STX,Seagate Technology,136.35,42,30,7,20,99,10,41,3,16,70,169
FSLR,First Solar,151.15,0,-3,-32,60,25,2,-5,3,-4,-4,21
ZBRA,Zebra Technologies,298.94,11,16,-14,-5,8,2,35,-14,11,34,42
TER,Teradyne,90.4,23,1,-22,-4,-2,11,31,-16,-3,23,21
AKAM,Akamai Technologies,80.11,9,2,-19,-5,-13,5,5,-19,-8,-17,-30
VRSN,Verisign,284.91,15,141,29,7,192,5,9,45,5,64,256
SWKS,Skyworks Solutions,73.44,7,28,-36,-28,-29,11,38,-39,-3,7,-22
TRMB,Trimble Inc.,73.72,11,30,72,2,115,8,35,1,10,54,169
GEN,Gen Digital,29.38,-23,33,8,14,32,-31,35,3,14,21,53
JBL,Jabil,211.92,42,33,12,63,150,41,43,4,55,143,293
JNPR,Juniper Networks,36.55,21,25,0,52,98,40,2,1,18,61,159
FFIV,"F5, Inc.",295.9,11,29,87,12,139,7,43,3,15,68,207
ENPH,Enphase Energy,38.38,0,-114,-39,-18,-171,-8,-55,-46,-22,-131,-302
EPAM,EPAM Systems,172.68,0,1,-19,-25,-43,7,-7,-10,-35,-45,-88
