Symbol,Name,Close,1H Cloud Score,1D Cloud Score,1W Cloud Score,1M Cloud Score,Cloud Score Sum,1H TKx Score,1D TKx Score,1W TKx Score,1M TKx Score,TKx Score Sum,Total Score Sum
AAPL,Apple Inc.,245.28,-14,73,6,253,318,-14,41,10,73,110,428
NVDA,Nvidia,183.14,0,17,22,136,175,21,15,18,28,82,257
MSFT,Microsoft,511.36,-5,-1,24,175,193,-14,14,18,27,45,238
AVGO,Broadcom,324.47,-6,109,27,118,248,17,-2,18,32,65,313
CRM,Salesforce,241.74,-1,-9,-21,24,-7,7,-15,-29,23,-14,-21
ORCL,Oracle Corporation,292.97,14,23,19,200,256,17,20,18,29,84,340
AMD,Advanced Micro Devices,214.61,58,5,6,112,181,-3,7,18,-9,13,194
ACN,Accenture,240.96,-1,-67,-31,-2,-101,-3,2,-27,21,-7,-108
CSCO,Cisco,67.96,-2,-1,56,16,69,25,9,18,27,79,148
ADBE,Adobe Inc.,337.53,-7,-8,-44,-8,-67,-12,-1,-48,-7,-68,-135
IBM,IBM,277.8,-6,17,117,56,184,-18,25,64,58,129,313
NOW,ServiceNow,888.43,-6,-1,-2,84,75,5,-4,16,24,41,116
QCOM,Qualcomm,153.52,-19,0,0,24,5,-19,-1,16,-7,-11,-6
TXN,Texas Instruments,171.57,-39,-28,-1,24,-44,-10,-24,18,18,2,-42
INTU,Intuit,642.01,-49,-37,25,193,132,-35,-1,18,22,4,136
AMAT,Applied Materials,209.88,-1,17,3,151,170,10,17,16,-7,36,206
MU,Micron Technology,181.44,0,32,6,24,62,-6,41,18,2,55,117
PANW,Palo Alto Networks,208.55,0,26,7,83,116,-1,27,18,59,103,219
ADI,Analog Devices,225.27,-62,-1,19,181,137,-26,-11,18,28,9,146
ANET,Arista Networks,154.12,21,91,15,60,187,21,87,14,58,180,367
LRCX,Lam Research,131.34,-6,28,17,154,193,-25,20,18,-7,6,199
INTC,Intel,36.33,0,42,3,0,45,12,41,8,-14,47,92
KLAC,KLA Corporation,981.93,-23,25,22,179,203,-29,19,18,28,36,239
PLTR,Palantir Technologies,175.35,-2,119,124,0,241,27,17,127,22,193,434
APH,Amphenol,121.69,-4,119,27,67,209,23,121,18,29,191,400
MSI,Motorola Solutions,456.29,13,0,9,155,177,-8,-12,9,187,176,353
SNPS,Synopsys,438.89,-7,-23,-5,182,147,-6,-35,-2,-7,-50,97
CDNS,Cadence Design Systems,327.07,-15,-1,25,143,152,-11,-4,18,182,185,337
CRWD,CrowdStrike,493.79,21,17,53,0,91,17,18,18,22,75,166
NXPI,NXP Semiconductors,205.39,-15,-1,0,65,49,-22,5,15,-7,-9,40
ADSK,Autodesk,303.4,-28,0,7,16,-5,-22,-4,18,21,13,8
ROP,Roper Technologies,509.0,31,-50,-10,184,155,-4,-67,-9,28,-52,103
FTNT,Fortinet,83.05,-6,0,-1,115,108,-25,21,-10,15,1,109
FICO,Fair Isaac,1664.92,-20,7,-1,168,154,-20,30,-36,33,7,161
TEL,TE Connectivity,214.61,-5,112,24,64,195,-5,27,18,20,60,255
MPWR,Monolithic Power Systems,903.37,-2,106,11,159,274,69,50,18,2,139,413
MCHP,Microchip Technology,60.39,-13,-2,0,0,-15,-10,7,18,-9,6,-9
IT,Gartner,239.44,-37,-83,-29,0,-149,-25,23,-27,59,30,-119
CTSH,Cognizant,65.8,-7,-52,-11,16,-54,42,-17,-11,20,34,-20
HPQ,HP Inc.,25.56,-7,-1,-33,0,-41,-5,-11,7,-3,-12,-53
GLW,Corning Inc.,82.98,0,105,27,19,151,70,112,16,16,214,365
DELL,Dell Technologies,150.51,63,10,4,34,111,-5,15,18,-6,22,133
ON,ON Semiconductor,45.7,-7,-31,-45,-3,-86,-6,-4,14,-17,-13,-99
CDW,CDW Corporation,145.04,-70,-48,-50,0,-168,-33,-13,-1,-10,-57,-225
KEYS,Keysight Technologies,159.64,-29,-1,6,0,-24,-28,-1,16,7,-6,-30
TYL,Tyler Technologies,504.36,0,-35,-2,19,-18,14,-37,-1,20,-4,-22
HPE,Hewlett Packard Enterprise,24.41,-2,102,9,44,153,-5,39,15,56,105,258
NTAP,NetApp,113.97,-7,49,6,59,107,-7,-3,15,-3,2,109
SMCI,Supermicro,52.85,0,8,0,60,68,-3,19,13,-11,18,86
WDC,Western Digital,115.42,-23,106,20,20,123,-29,117,18,5,111,234
GDDY,GoDaddy,130.7,-16,-66,-11,24,-69,-17,-13,-27,24,-33,-102
PTC,PTC Inc.,196.9,-6,0,14,184,192,-19,-22,15,28,2,194
TDY,Teledyne Technologies,567.3,-7,105,60,16,174,-19,20,18,17,36,210
STX,Seagate Technology,214.62,-27,106,22,24,125,-29,117,18,20,126,251
FSLR,First Solar,225.76,-2,71,3,64,136,-2,26,18,-8,34,170
ZBRA,Zebra Technologies,275.88,-14,-15,-10,-9,-48,-26,-8,12,-1,-23,-71
TER,Teradyne,132.05,-6,77,3,4,78,-22,107,11,-7,89,167
AKAM,Akamai Technologies,73.2,-16,-2,-34,-9,-61,-23,-13,-34,-12,-82,-143
VRSN,Verisign,260.85,-64,-8,44,11,-17,-61,-6,60,9,2,-15
SWKS,Skyworks Solutions,69.14,-70,-1,0,-32,-103,-35,-4,15,-7,-31,-134
TRMB,Trimble Inc.,75.61,-14,-2,87,6,77,-19,-12,16,14,-1,76
GEN,Gen Digital,26.53,-64,-20,23,18,-43,-63,-22,18,18,-49,-92
JBL,Jabil,193.99,-44,-6,27,67,44,-5,-4,19,59,69,113
FFIV,"F5, Inc.",331.83,35,105,102,16,258,47,19,18,19,103,361
EPAM,EPAM Systems,142.42,-27,-23,-34,-29,-113,-26,-21,-25,-39,-111,-224
