Symbol,Name,Close,1H Cloud Score,1D Cloud Score,1W Cloud Score,1M Cloud Score,Cloud Score Sum,1H TKx Score,1D TKx Score,1W TKx Score,1M TKx Score,TKx Score Sum,Total Score Sum
AAPL,Apple Inc.,232.83,48,33,0,251,332,48,1,2,71,122,454
NVDA,Nvidia,182.0,44,65,14,134,257,-6,73,10,26,103,360
MSFT,Microsoft,522.51,-3,73,16,173,259,-5,81,10,25,111,370
AVGO,Broadcom,311.16,47,69,19,116,251,-2,81,10,30,119,370
CRM,Salesforce,233.31,-77,-11,-13,22,-79,5,-10,-21,21,-5,-84
ORCL,Oracle Corporation,244.89,-13,65,11,198,261,-11,72,10,27,98,359
AMD,Advanced Micro Devices,180.93,23,65,3,110,201,39,72,10,-7,114,315
ACN,Accenture,246.14,0,-27,-23,-1,-51,7,-25,-19,19,-18,-69
CSCO,Cisco,69.26,-1,66,48,14,127,-10,1,10,25,26,153
ADBE,Adobe Inc.,348.64,0,-27,-36,-6,-69,12,-43,-40,-5,-76,-145
IBM,IBM,237.04,-41,-11,109,54,111,2,-19,56,56,95,206
NOW,ServiceNow,850.65,-86,-6,-3,82,-13,1,-11,8,22,20,7
QCOM,Qualcomm,158.04,14,2,-25,22,13,37,-11,8,-5,29,42
TXN,Texas Instruments,193.68,21,0,1,22,44,13,-16,10,16,23,67
INTU,Intuit,710.31,-56,0,17,191,152,1,-3,10,20,28,180
AMAT,Applied Materials,188.16,35,66,0,149,250,39,-11,8,-5,31,281
MU,Micron Technology,125.27,42,5,2,22,71,-4,1,10,-5,2,73
PANW,Palo Alto Networks,173.55,0,-11,0,81,70,21,-4,10,57,84,154
ADI,Analog Devices,236.19,21,2,11,179,213,40,-17,10,26,59,272
ANET,Arista Networks,136.4,49,51,7,58,165,-5,47,6,56,104,269
LRCX,Lam Research,107.36,45,66,9,152,272,39,2,10,-5,46,318
INTC,Intel,23.86,28,2,0,-20,10,28,1,-17,-12,0,10
KLAC,KLA Corporation,955.23,42,66,14,177,299,39,1,10,26,76,375
PLTR,Palantir Technologies,181.0,0,79,116,0,195,-5,81,119,20,215,410
APH,Amphenol,110.71,11,79,19,65,174,-5,81,10,27,113,287
MSI,Motorola Solutions,461.77,49,21,1,153,224,40,31,1,185,257,481
SNPS,Synopsys,616.07,-14,53,7,180,226,-5,45,8,-5,43,269
CDNS,Cadence Design Systems,348.92,-27,35,17,141,166,-5,34,10,180,219,385
CRWD,CrowdStrike,424.81,-91,-6,45,0,-52,-5,-20,10,20,5,-47
NXPI,NXP Semiconductors,231.47,19,3,0,63,85,29,-11,7,-5,20,105
ADSK,Autodesk,283.74,-42,-3,0,14,-31,1,-6,10,19,24,-7
ROP,Roper Technologies,525.0,-72,-10,-2,182,98,-75,-27,-1,26,-77,21
FTNT,Fortinet,77.26,-84,-10,-2,113,17,13,-12,-2,13,12,29
FICO,Fair Isaac,1317.68,-77,-28,-6,166,55,8,-27,-28,31,-16,39
TEL,TE Connectivity,206.93,13,72,16,62,163,30,78,10,18,136,299
MPWR,Monolithic Power Systems,848.17,70,66,3,157,296,30,10,10,-2,48,344
MCHP,Microchip Technology,65.95,1,0,0,0,1,13,-16,10,-7,0,1
IT,Gartner,242.98,0,-43,-21,0,-64,12,-46,-19,57,4,-60
CTSH,Cognizant,69.34,-7,-12,-3,14,-8,8,-20,-3,18,3,-5
HPQ,HP Inc.,26.93,40,3,-25,0,18,56,1,-29,-1,27,45
GLW,Corning Inc.,65.75,153,65,19,17,254,-5,72,8,14,89,343
DELL,Dell Technologies,138.84,42,66,6,32,146,-6,79,10,-4,79,225
ON,ON Semiconductor,51.62,0,0,-37,-1,-38,32,-9,6,-15,14,-24
CDW,CDW Corporation,166.04,0,-8,-42,0,-50,13,-11,2,-8,-4,-54
KEYS,Keysight Technologies,164.42,21,3,0,0,24,46,1,8,5,60,84
TYL,Tyler Technologies,573.23,-22,0,0,17,-5,-37,3,1,18,-15,-20
HPE,Hewlett Packard Enterprise,21.32,35,62,1,42,140,45,-8,7,54,98,238
NTAP,NetApp,109.56,35,9,0,57,101,46,1,7,-1,53,154
SMCI,Supermicro,45.48,-49,0,0,58,9,-3,-2,5,-9,-9,0
WDC,Western Digital,76.21,19,66,12,18,115,-4,77,10,3,86,201
GDDY,GoDaddy,143.63,0,-26,-3,22,-7,11,-50,-19,22,-36,-43
PTC,PTC Inc.,208.1,-40,65,6,182,213,12,29,7,26,74,287
TDY,Teledyne Technologies,541.93,-7,65,52,14,124,-5,35,10,15,55,179
STX,Seagate Technology,155.73,21,66,14,22,123,30,77,10,18,135,258
FSLR,First Solar,180.21,-7,31,-39,62,47,-5,31,10,-6,30,77
ZBRA,Zebra Technologies,327.7,15,52,-2,-7,58,30,-2,4,13,45,103
TER,Teradyne,111.85,21,37,-29,2,31,48,67,3,-5,113,144
AKAM,Akamai Technologies,74.28,1,-11,-26,-7,-43,9,-10,-26,-10,-37,-80
VRSN,Verisign,266.77,-22,-3,36,9,20,1,-5,52,7,55,75
SWKS,Skyworks Solutions,75.35,34,1,-43,-30,-38,40,-18,7,-5,24,-14
TRMB,Trimble Inc.,83.64,-7,66,79,4,142,12,71,8,12,103,245
GEN,Gen Digital,31.5,35,5,15,16,71,29,-8,10,16,47,118
JBL,Jabil,217.33,-12,69,19,65,141,-5,2,11,57,65,206
FFIV,"F5, Inc.",318.28,0,65,94,14,173,-5,79,10,17,101,274
ENPH,Enphase Energy,32.23,0,-150,-46,-20,-216,-4,-15,-53,-24,-96,-312
EPAM,EPAM Systems,159.32,6,-12,-26,-27,-59,5,-18,-17,-37,-67,-126
