Symbol,Name,Close,1H Cloud Score,1D Cloud Score,1W Cloud Score,1M Cloud Score,Cloud Score Sum,1H TKx Score,1D TKx Score,1W TKx Score,1M TKx Score,TKx Score Sum,Total Score Sum
AAPL,Apple Inc.,208.76,1,0,0,248,249,-14,19,-12,68,61,310
NVDA,Nvidia,135.49,126,5,1,131,263,-1,13,-10,23,25,288
MSFT,Microsoft,458.86,126,13,3,170,312,7,21,-13,22,37,349
AVGO,Broadcom,230.61,133,9,6,113,261,-9,21,-8,27,31,292
CRM,Salesforce,287.52,0,0,4,19,23,-16,12,-8,18,6,29
ORCL,Oracle Corporation,159.65,127,5,0,195,327,-12,12,-10,24,14,341
AMD,Advanced Micro Devices,114.75,127,5,-29,107,210,-9,12,-53,-4,-54,156
ACN,Accenture,319.3,1,0,-10,11,2,4,11,-6,16,25,27
CSCO,Cisco,63.92,121,6,35,11,173,133,12,-5,22,162,335
ADBE,Adobe Inc.,420.77,133,4,-23,-3,111,138,11,-27,-2,120,231
IBM,IBM,268.41,97,11,96,51,255,33,19,43,53,148,403
NOW,ServiceNow,1025.91,133,7,4,79,223,-7,20,-7,19,25,248
QCOM,Qualcomm,153.64,57,4,-12,19,68,-7,14,-39,-2,-34,34
TXN,Texas Instruments,188.41,84,6,0,19,109,-7,10,-18,13,-2,107
INTU,Intuit,671.09,133,19,4,188,344,14,19,-18,17,32,376
AMAT,Applied Materials,165.95,0,6,-17,146,135,-9,18,-36,-2,-29,106
MU,Micron Technology,98.66,133,5,-22,19,135,14,11,-39,-2,-16,119
PANW,Palo Alto Networks,194.31,42,6,4,78,130,6,17,-4,54,73,203
ADI,Analog Devices,224.65,133,6,1,176,316,-7,12,-15,23,13,329
ANET,Arista Networks,96.66,42,2,1,55,100,-9,14,-8,53,50,150
LRCX,Lam Research,83.8,130,6,0,149,285,-10,13,-4,-2,-3,282
INTC,Intel,21.4,0,-1,-56,-17,-74,-20,6,-4,-9,-27,-101
KLAC,KLA Corporation,787.52,57,6,1,174,238,-8,21,-7,23,29,267
PLTR,Palantir Technologies,126.32,44,19,103,0,166,-8,21,106,17,136,302
APH,Amphenol,86.37,136,19,6,62,223,61,21,-8,24,98,321
MSI,Motorola Solutions,425.46,21,0,0,150,171,33,-4,-14,182,197,368
SNPS,Synopsys,516.13,133,6,-14,177,302,-8,19,-15,-2,-6,296
CDNS,Cadence Design Systems,320.16,42,18,4,138,202,39,21,-12,177,225,427
CRWD,CrowdStrike,444.39,20,19,32,0,71,7,21,-4,17,41,112
NXPI,NXP Semiconductors,210.38,57,5,-12,60,110,-8,14,-35,-2,-31,79
ADSK,Autodesk,295.8,133,9,41,11,194,-1,19,-11,16,23,217
ROP,Roper Technologies,580.29,16,5,16,179,216,12,11,31,23,77,293
FTNT,Fortinet,104.69,30,5,41,110,186,6,21,-3,10,34,220
FICO,Fair Isaac,2204.67,133,20,132,163,448,16,21,-15,28,50,498
TEL,TE Connectivity,162.88,140,12,3,59,214,56,18,-7,15,82,296
MPWR,Monolithic Power Systems,701.24,0,6,-13,154,147,-16,16,-27,23,-4,143
MCHP,Microchip Technology,60.6,134,6,-33,0,107,1,12,-42,-4,-33,74
IT,Gartner,449.52,133,0,-8,55,180,-15,16,-6,54,49,229
CTSH,Cognizant,81.59,133,6,3,11,153,5,12,-5,15,27,180
HPQ,HP Inc.,29.12,57,5,-12,1,51,50,11,-16,13,58,109
GLW,Corning Inc.,48.12,42,5,6,14,67,11,12,-7,11,27,94
DELL,Dell Technologies,114.28,84,6,-12,29,107,57,19,-16,-1,59,166
ON,ON Semiconductor,43.85,0,0,-24,-3,-27,-17,12,-30,-12,-47,-74
CDW,CDW Corporation,188.04,0,6,-29,1,-22,-15,13,-50,-5,-57,-79
ANSS,Ansys,343.98,1,6,4,8,19,-15,19,-8,20,16,35
KEYS,Keysight Technologies,162.76,133,6,3,0,142,58,12,-4,2,68,210
TYL,Tyler Technologies,574.24,69,0,1,14,84,16,5,-15,15,21,105
HPE,Hewlett Packard Enterprise,17.46,0,2,-11,39,30,-17,19,-8,51,45,75
NTAP,NetApp,101.53,133,4,-12,54,179,56,19,-17,19,77,256
SMCI,Supermicro,44.81,42,0,-38,55,59,50,5,-3,-6,46,105
WDC,Western Digital,50.71,42,6,0,15,63,46,17,-15,-2,46,109
GDDY,GoDaddy,189.88,57,4,81,19,161,61,19,-6,19,93,254
PTC,PTC Inc.,172.45,133,5,-13,179,304,12,13,-14,23,34,338
TDY,Teledyne Technologies,497.12,104,5,39,11,159,21,10,-6,12,37,196
STX,Seagate Technology,108.96,151,6,1,19,177,97,17,-22,15,107,284
FSLR,First Solar,164.87,0,5,-26,59,38,-10,19,-38,-3,-32,6
ZBRA,Zebra Technologies,297.8,64,0,-8,-4,52,-16,11,-8,10,-3,49
TER,Teradyne,81.5,0,-1,-16,-3,-20,-17,7,-10,-2,-22,-42
AKAM,Akamai Technologies,77.84,-49,0,-13,-4,-66,6,18,-13,-7,4,-62
VRSN,Verisign,282.34,14,117,23,6,160,15,18,39,4,76,236
SWKS,Skyworks Solutions,72.95,140,4,-30,-27,87,10,14,-33,-2,-11,76
TRMB,Trimble Inc.,71.67,133,6,66,1,206,2,11,-7,9,15,221
GEN,Gen Digital,28.5,0,9,2,13,24,-26,11,-14,13,-16,8
JBL,Jabil,167.42,133,9,6,62,210,-9,19,-7,54,57,267
JNPR,Juniper Networks,36.14,-15,1,0,51,37,-28,15,-24,17,-20,17
FFIV,"F5, Inc.",285.7,92,5,81,11,189,9,19,-4,14,38,227
ENPH,Enphase Energy,48.77,1,-90,-33,-17,-139,-1,-31,-40,-21,-93,-232
EPAM,EPAM Systems,183.75,0,0,-13,-24,-37,3,11,-4,-34,-24,-61
