Symbol,Name,Close,1H Cloud Score,1D Cloud Score,1W Cloud Score,1M Cloud Score,Cloud Score Sum,1H TKx Score,1D TKx Score,1W TKx Score,1M TKx Score,TKx Score Sum,Total Score Sum
AAPL,Apple Inc.,229.37,20,29,0,251,300,20,-3,1,71,89,389
NVDA,Nvidia,182.75,16,61,13,134,224,27,69,9,26,131,355
MSFT,Microsoft,522.12,-22,69,15,173,235,-19,77,9,25,92,327
CRM,Salesforce,240.48,-49,-7,-12,22,-46,-54,-6,-20,21,-59,-105
ORCL,Oracle Corporation,250.1,-6,61,10,198,263,-10,68,9,27,94,357
AMD,Advanced Micro Devices,172.78,0,61,2,110,173,11,68,9,-7,81,254
ACN,Accenture,239.25,-70,-23,-22,-1,-116,-82,-21,-18,19,-102,-218
CSCO,Cisco,71.79,20,62,47,14,143,28,-6,9,25,56,199
ADBE,Adobe Inc.,341.22,-51,-23,-35,-6,-115,-74,-39,-39,-5,-157,-272
IBM,IBM,242.07,-13,-7,108,54,142,-4,-15,55,56,92,234
NOW,ServiceNow,872.34,-58,-2,-2,82,20,-51,-7,7,22,-29,-9
QCOM,Qualcomm,147.6,-49,-3,-24,22,-54,9,-7,7,-5,4,-50
TXN,Texas Instruments,187.21,9,0,0,22,31,-5,-12,9,16,8,39
INTU,Intuit,748.69,-28,0,16,191,179,-43,9,9,20,-5,174
AMAT,Applied Materials,184.87,7,62,0,149,218,11,-7,7,-5,6,224
MU,Micron Technology,118.9,14,1,1,22,38,24,-17,9,-5,11,49
PANW,Palo Alto Networks,167.09,-59,-7,-1,81,14,-54,11,9,57,23,37
ADI,Analog Devices,223.9,0,0,10,179,189,12,-13,9,26,34,223
ANET,Arista Networks,139.18,21,47,6,58,132,21,43,5,56,125,257
LRCX,Lam Research,101.75,17,62,8,152,239,11,-6,9,-5,9,248
INTC,Intel,19.95,0,-7,-68,-20,-95,-3,-11,-16,-12,-42,-137
KLAC,KLA Corporation,914.54,14,62,13,177,266,11,-7,9,26,39,305
PLTR,Palantir Technologies,187.0,35,75,115,0,225,33,77,118,20,248,473
APH,Amphenol,109.99,35,75,18,65,193,3,77,9,27,116,309
MSI,Motorola Solutions,453.51,21,17,0,153,191,12,27,-26,185,198,389
SNPS,Synopsys,619.42,-1,49,6,180,234,-16,41,7,-5,27,261
CDNS,Cadence Design Systems,352.38,0,31,16,141,188,-16,30,9,180,203,391
CRWD,CrowdStrike,424.49,-63,-2,44,0,-21,-54,-16,9,20,-41,-62
NXPI,NXP Semiconductors,207.2,-51,0,-24,63,-12,1,-7,6,-5,-5,-17
ADSK,Autodesk,290.66,-14,0,4,14,4,-5,-2,9,19,21,25
ROP,Roper Technologies,534.27,-44,-6,-1,182,131,-47,-23,43,26,-1,130
FTNT,Fortinet,74.39,-56,-6,-1,113,50,-54,-8,-1,13,-50,0
FICO,Fair Isaac,1319.85,-49,-24,-5,166,88,-6,-23,-27,31,-25,63
TEL,TE Connectivity,201.92,-14,68,15,62,131,2,74,9,18,103,234
MPWR,Monolithic Power Systems,804.54,42,62,2,157,263,2,6,9,-2,15,278
MCHP,Microchip Technology,61.86,-49,0,0,0,-49,-5,-12,9,-7,-15,-64
IT,Gartner,229.09,-72,-39,-20,0,-131,-73,-42,-18,57,-76,-207
CTSH,Cognizant,69.55,-65,-8,-2,14,-61,-5,-16,-2,18,-5,-66
HPQ,HP Inc.,26.12,12,1,-24,0,-11,28,-6,-28,-1,-7,-18
GLW,Corning Inc.,65.79,125,61,18,17,221,28,68,7,14,117,338
DELL,Dell Technologies,137.64,14,62,5,32,113,11,75,9,-4,91,204
ON,ON Semiconductor,47.66,-49,0,-36,-1,-86,4,-5,5,-15,-11,-97
CDW,CDW Corporation,162.88,-49,-4,-41,0,-94,-54,-7,1,-8,-68,-162
KEYS,Keysight Technologies,165.01,7,1,1,0,9,18,13,7,5,43,52
TYL,Tyler Technologies,593.76,49,7,0,17,73,-9,-16,-27,18,-34,39
HPE,Hewlett Packard Enterprise,20.82,7,58,0,42,107,17,-4,6,54,73,180
NTAP,NetApp,106.23,7,5,-3,57,66,18,-6,6,-1,17,83
SMCI,Supermicro,44.58,-21,0,0,58,37,-40,61,4,-9,16,53
WDC,Western Digital,74.99,0,62,11,18,91,-23,73,9,3,62,153
GDDY,GoDaddy,133.35,-86,-22,-2,22,-88,-89,-46,-18,22,-131,-219
PTC,PTC Inc.,205.41,-12,61,5,182,236,-14,25,6,26,43,279
TDY,Teledyne Technologies,546.04,-3,61,51,14,123,-10,31,9,15,45,168
STX,Seagate Technology,149.66,0,62,13,22,97,1,73,9,18,101,198
FSLR,First Solar,184.65,42,27,-38,62,93,-1,27,9,-6,29,122
ZBRA,Zebra Technologies,317.85,-28,48,-1,-7,12,2,67,3,13,85,97
TER,Teradyne,107.47,16,33,-28,2,23,20,63,2,-5,80,103
AKAM,Akamai Technologies,70.54,-51,-7,-25,-7,-90,-69,-6,-25,-10,-110,-200
VRSN,Verisign,271.77,0,0,35,9,44,26,-1,51,7,83,127
SWKS,Skyworks Solutions,71.09,6,0,-42,-30,-66,7,-14,6,-5,-6,-72
TRMB,Trimble Inc.,83.75,7,62,78,4,151,-12,67,7,12,74,225
GEN,Gen Digital,30.44,7,1,14,16,38,1,-4,9,16,22,60
JBL,Jabil,224.32,7,65,18,65,155,7,75,10,57,149,304
FFIV,"F5, Inc.",321.89,49,61,93,14,217,-9,75,9,17,92,309
ENPH,Enphase Energy,32.43,0,-146,-45,-20,-211,6,-11,-52,-24,-81,-292
EPAM,EPAM Systems,158.17,0,-8,-25,-27,-60,12,-14,-16,-37,-55,-115
