Symbol,Name,Close,1H Cloud Score,1D Cloud Score,1W Cloud Score,1M Cloud Score,Cloud Score Sum,1H TKx Score,1D TKx Score,1W TKx Score,1M TKx Score,TKx Score Sum,Total Score Sum
TJX,TJX Companies,127.96,-16,33,137,195,349,-26,37,106,190,307,656
RSG,Republic Services,254.99,47,9,113,174,343,11,-4,82,157,246,589
WM,Waste Management,238.15,43,8,84,184,319,51,-4,16,156,219,538
HWM,Howmet Aerospace,169.69,168,24,137,26,355,5,24,81,51,161,516
MMC,Marsh McLennan,231.52,7,1,114,172,294,5,10,11,175,201,495
AJG,Arthur J. Gallagher & Co.,342.89,7,9,154,183,353,5,14,17,104,140,493
COST,Costco,1017.78,0,20,106,177,303,-18,26,-7,181,182,485
CTAS,Cintas,225.88,56,31,8,163,258,10,26,2,184,222,480
ADP,Automatic Data Processing,325.56,141,14,74,177,406,4,17,-4,54,71,477
ROL,"Rollins, Inc.",57.36,50,33,20,283,386,5,26,12,32,75,461
PGR,Progressive Corporation,278.74,-22,17,94,174,263,-28,17,11,186,186,449
ORLY,Oâ€™Reilly Automotive,1360.89,0,-1,152,196,347,-25,-8,43,86,96,443
WRB,W. R. Berkley Corporation,74.2,13,66,83,173,335,7,17,13,52,89,424
CME,CME Group,284.44,32,90,43,133,298,48,20,39,16,123,421
PM,Philip Morris International,179.24,48,84,59,52,243,52,26,74,24,176,419
BSX,Boston Scientific,106.15,7,23,133,141,304,5,24,-4,54,79,383
SO,Southern Company,89.96,39,6,65,187,297,3,-9,12,76,82,379
CDNS,Cadence Design Systems,323.08,7,23,6,138,174,5,26,-14,177,194,368
NRG,NRG Energy,156.9,0,24,92,91,207,7,26,102,18,153,360
MNST,Monster Beverage,64.24,60,61,15,177,313,5,24,8,1,38,351
BR,Broadridge Financial Solutions,240.13,0,10,103,142,255,3,24,47,22,96,351
PAYX,Paychex,158.97,60,17,73,164,314,5,17,2,11,35,349
ICE,Intercontinental Exchange,178.6,14,17,101,158,290,5,18,11,18,52,342
VRSK,Verisk Analytics,316.22,51,20,57,111,239,12,17,48,25,102,341
WMB,Williams Companies,60.11,12,10,101,49,172,11,2,101,54,168,340
WELL,Welltower,152.49,14,8,105,55,182,7,4,122,21,154,336
MCD,McDonald's,315.02,0,9,41,239,289,-24,2,11,54,43,332
NFLX,Netflix,1211.49,57,29,105,17,208,5,26,76,17,124,332
CBOE,Cboe Global Markets,231.03,31,7,133,52,223,48,2,11,48,109,332
CHD,Church & Dwight,97.91,49,-35,-5,341,350,7,-45,-3,22,-19,331
JPM,JPMorgan Chase,265.27,1,13,112,155,281,5,24,-6,23,46,327
JCI,Johnson Controls,101.02,168,19,64,16,267,19,24,-6,15,52,319
COR,Cencora,293.4,20,88,33,68,209,7,-5,44,64,110,319
TMUS,T-Mobile US,243.27,11,-12,83,136,218,5,-22,85,32,100,318
FAST,Fastenal,41.64,7,33,112,103,255,7,25,3,23,58,313
L,Loews Corporation,89.04,2,11,101,52,166,5,17,101,21,144,310
AXON,Axon Enterprise,745.73,7,22,134,91,254,5,26,-6,27,52,306
GE,GE Aerospace,241.8,175,22,8,24,229,5,22,19,26,72,301
HON,Honeywell,226.36,79,11,5,175,270,5,20,-15,19,29,299
LIN,Linde plc,468.01,54,9,2,107,172,5,24,-8,103,124,296
YUM,Yum! Brands,144.09,-25,-3,17,256,245,-25,10,11,54,50,295
HUBB,Hubbell Incorporated,398.83,13,9,0,179,201,12,27,-14,68,93,294
MCK,McKesson Corporation,720.33,2,84,31,55,172,5,24,27,64,120,292
WMT,Walmart,97.64,2,25,116,98,241,5,26,-7,26,50,291
IBM,IBM,263.25,0,16,98,51,165,3,24,45,53,125,290
MSI,Motorola Solutions,420.3,0,0,0,150,150,-17,-9,-16,182,140,290
ALL,Allstate,207.32,1,10,86,156,253,4,17,-2,14,33,286
BKNG,Booking Holdings,5456.29,59,23,125,32,239,8,24,-8,23,47,286
DTE,DTE Energy,137.2,0,8,63,186,257,4,-5,16,10,25,282
PLTR,Palantir Technologies,123.36,-5,24,105,0,124,7,26,108,17,158,282
ROP,Roper Technologies,573.83,0,10,18,179,207,2,16,33,23,74,281
V,Visa Inc.,359.36,-15,20,126,130,261,-26,24,-4,23,17,278
LYV,Live Nation Entertainment,143.06,0,12,83,144,239,5,26,-6,13,38,277
GOOG,Alphabet Inc. (Class C),173.96,70,0,1,173,244,-2,22,-8,18,30,274
MA,Mastercard,574.54,-25,19,115,152,261,-30,24,-4,23,13,274
GOOGL,Alphabet Inc. (Class A),172.88,70,0,1,173,244,-2,22,-8,18,30,274
TDG,TransDigm Group,1453.76,12,24,8,154,198,5,24,-9,54,74,272
CTVA,Corteva,70.41,175,24,42,0,241,5,24,-8,8,29,270
EBAY,eBay Inc.,72.43,53,20,66,11,150,12,24,71,13,120,270
INTU,Intuit,751.96,17,24,6,188,235,12,24,-20,17,33,268
NDAQ,"Nasdaq, Inc.",83.07,12,17,65,141,235,5,24,-8,11,32,267
CF,CF Industries,91.57,189,10,4,1,204,47,22,-11,5,63,267
TRV,Travelers Companies (The),276.06,7,25,80,55,167,7,24,13,53,97,264
AZO,AutoZone,3684.89,-7,8,83,83,167,-14,13,43,54,96,263
DUK,Duke Energy,116.41,0,-4,65,180,241,3,-6,11,13,21,262
BRO,Brown & Brown,112.08,0,-20,105,160,245,1,-28,14,23,10,255
HIG,Hartford (The),131.04,2,25,83,54,164,2,24,10,53,89,253
ATO,Atmos Energy,156.44,0,33,63,42,138,3,-4,74,42,115,253
AAPL,Apple Inc.,200.2,-25,0,0,248,223,-49,24,-14,68,29,252
GEV,GE Vernova,471.51,175,23,0,0,198,33,26,-10,0,49,247
ORCL,Oracle Corporation,161.95,7,10,0,195,212,5,17,-12,24,34,246
STE,Steris,246.25,0,14,3,192,209,-25,24,11,22,32,241
EXE,Expand Energy,117.26,112,31,30,0,173,12,16,30,7,65,238
MSFT,Microsoft,460.69,7,18,5,170,200,5,26,-15,22,38,238
KO,Coca-Cola Company (The),71.79,14,8,17,179,218,5,-9,12,11,19,237
PG,Procter & Gamble,167.82,56,1,1,176,234,5,-23,-3,23,2,236
FDS,FactSet,462.98,0,12,4,191,207,5,17,-13,20,29,236
KLAC,KLA Corporation,788.95,4,11,3,174,192,2,26,-9,23,42,234
CAH,Cardinal Health,154.67,2,33,44,35,114,5,24,37,54,120,234
LMT,Lockheed Martin,476.79,40,8,-18,162,192,2,-8,-23,69,40,232
SHW,Sherwin-Williams,359.32,1,20,1,187,209,5,20,-18,16,23,232
TT,Trane Technologies,436.53,7,19,5,161,192,5,24,-16,26,39,231
CNP,CenterPoint Energy,37.78,11,93,38,42,184,8,-5,32,12,47,231
AME,Ametek,180.89,1,11,3,103,118,5,17,-10,98,110,228
DRI,Darden Restaurants,214.1,7,30,33,58,128,5,24,37,27,93,221
SRE,Sempra,78.92,13,9,-4,178,196,7,24,-18,11,24,220
AON,Aon plc,365.18,7,-29,5,174,157,5,6,-4,53,60,217
SPGI,S&P Global,516.91,0,11,5,169,185,2,19,-7,18,32,217
GILD,Gilead Sciences,109.11,49,5,40,32,126,5,6,44,36,91,217
UNP,Union Pacific Corporation,224.36,0,0,-2,195,193,2,11,-8,16,21,214
ETN,Eaton Corporation,328.34,7,11,0,111,129,5,24,-14,69,84,213
PWR,Quanta Services,342.24,0,18,6,96,120,5,26,-10,69,90,210
RTX,RTX Corporation,134.24,0,10,66,51,127,-19,16,73,11,81,208
KMI,Kinder Morgan,28.2,11,9,81,41,142,7,17,-8,49,65,207
AVGO,Broadcom,235.67,22,14,8,113,157,5,26,-10,27,48,205
VRSN,Verisign,269.56,-10,122,25,6,143,-6,23,41,4,62,205
DASH,DoorDash,204.96,70,10,86,0,166,5,23,-6,15,37,203
NI,NiSource,39.31,0,8,63,42,113,5,-4,78,11,90,203
MCO,Moody's Corporation,481.25,-3,11,5,153,166,2,19,-7,22,36,202
PTC,PTC Inc.,171.3,0,10,-15,179,174,3,18,-16,23,28,202
CB,Chubb Limited,289.73,0,8,90,55,153,-27,11,11,53,48,201
ITW,Illinois Tool Works,246.69,-15,1,-2,175,159,2,17,-3,26,42,201
T,AT&T,27.4,0,8,59,13,80,2,24,83,12,121,201
ETR,Entergy,82.8,0,2,62,19,83,4,24,78,11,117,200
RCL,Royal Caribbean Group,255.69,7,11,110,25,153,5,24,-9,24,44,197
MDLZ,Mondelez International,66.92,19,2,-7,179,193,11,-10,8,-6,3,196
MLM,Martin Marietta Materials,567.47,61,20,1,57,139,10,41,-20,24,55,194
GS,Goldman Sachs,615.81,7,11,81,55,154,5,22,-6,18,39,193
BRK-B,Berkshire Hathaway,509.14,-23,9,113,59,158,4,-8,14,23,33,191
DE,Deere & Company,509.57,-6,13,38,106,151,-25,24,34,7,40,191
NWS,News Corp (Class B),32.56,-25,14,101,55,145,5,26,-6,18,43,188
SYK,Stryker Corporation,383.97,-25,11,6,156,148,3,19,-9,26,39,187
MO,Altria,59.62,43,8,59,42,152,10,-5,15,13,33,185
PPL,PPL Corporation,34.86,10,2,65,20,97,7,-7,77,11,88,185
FTNT,Fortinet,104.72,7,10,43,110,170,5,4,-5,10,14,184
SNPS,Synopsys,512.17,1,11,-16,177,173,4,24,-17,-2,9,182
NVDA,Nvidia,135.49,7,10,3,131,151,2,18,-12,23,31,182
AIZ,Assurant,201.05,3,1,1,149,154,5,15,-9,16,27,181
RL,Ralph Lauren Corporation,286.31,7,13,83,31,134,8,22,-8,23,45,179
LLY,Lilly (Eli),725.14,-25,-18,-4,169,122,-26,-10,-4,93,53,175
BK,BNY Mellon,90.24,7,13,83,37,140,5,17,-4,16,34,174
GWW,W. W. Grainger,1089.74,0,11,1,91,103,5,26,-15,54,70,173
LRCX,Lam Research,83.99,1,11,0,149,161,2,18,-6,-2,12,173
PANW,Palo Alto Networks,187.46,2,11,6,78,97,4,22,-6,54,74,171
MS,Morgan Stanley,129.24,0,11,65,61,137,5,22,-8,13,32,169
K,Kellanova,82.5,12,2,58,18,90,5,-8,70,10,77,167
AMP,Ameriprise Financial,517.5,0,10,8,61,79,4,24,-9,68,87,166
CINF,Cincinnati Financial,149.43,0,17,74,59,150,3,17,-16,12,16,166
JBL,Jabil,169.17,7,14,8,62,91,5,24,-9,54,74,165
TKO,TKO Group Holdings,158.96,-25,21,60,37,93,2,24,-2,47,71,164
DGX,Quest Diagnostics,173.62,-28,25,57,15,69,2,24,57,11,94,163
CRWD,CrowdStrike,472.09,55,24,34,0,113,12,26,-6,17,49,162
CPRT,Copart,52.82,-31,-2,-2,173,138,-34,40,-12,25,19,157
HD,Home Depot (The),370.41,-21,0,-1,177,155,-26,24,-13,16,1,156
PCAR,Paccar,95.01,0,0,-11,156,145,-28,11,-3,31,11,156
ISRG,Intuitive Surgical,550.19,-3,11,83,19,110,5,26,-10,23,44,154
ADI,Analog Devices,216.9,-15,11,0,176,172,-42,17,-17,23,-19,153
GRMN,Garmin,205.5,6,0,101,16,123,5,12,-6,18,29,152
EQT,EQT Corporation,56.56,6,17,30,39,92,5,17,30,7,59,151
PEG,Public Service Enterprise Group,79.62,11,-5,0,149,155,7,-11,-16,14,-6,149
AXP,American Express,293.75,0,11,6,96,113,3,24,-10,18,35,148
J,Jacobs Solutions,128.63,3,9,0,103,115,5,24,-13,16,32,147
KR,Kroger,67.82,-8,0,68,64,124,-21,-7,39,12,23,147
LHX,L3Harris,248.0,56,33,1,2,92,17,26,1,11,55,147
FFIV,"F5, Inc.",286.53,7,10,83,11,111,3,24,-6,14,35,146
GD,General Dynamics,279.3,0,33,0,51,84,2,26,-20,54,62,146
APH,Amphenol,88.34,7,24,8,62,101,5,26,-10,24,45,146
HCA,HCA Healthcare,378.83,0,25,3,94,122,-25,17,5,26,23,145
WEC,WEC Energy Group,107.59,18,7,44,10,79,6,-6,57,8,65,144
NOW,ServiceNow,1027.97,5,12,6,79,102,5,25,-9,19,40,142
CAT,Caterpillar Inc.,351.61,6,10,0,61,77,5,17,-13,54,63,140
WAB,Wabtec,203.25,0,13,8,46,67,5,24,-9,53,73,140
ODFL,Old Dominion,164.22,-23,0,-15,184,146,-28,11,-20,29,-8,138
ABT,Abbott Laboratories,132.96,0,8,45,10,63,1,26,37,11,75,138
URI,United Rentals,717.54,2,11,0,61,74,5,23,-18,54,64,138
GLW,Corning Inc.,49.92,77,10,8,14,109,7,17,-9,11,26,135
VRTX,Vertex Pharmaceuticals,446.14,7,-15,0,101,93,5,-10,12,34,41,134
ABBV,AbbVie,185.5,7,0,5,55,67,9,-2,-2,61,66,133
VICI,Vici Properties,31.75,0,8,47,12,67,4,-5,12,54,65,132
BX,Blackstone Inc.,139.3,-28,0,-2,139,109,2,16,-13,18,23,132
NEM,Newmont,52.72,35,35,8,2,80,43,-7,8,7,51,131
XEL,Xcel Energy,69.81,0,2,40,9,51,2,24,48,6,80,131
SCHW,Charles Schwab Corporation,88.63,0,24,66,8,98,5,24,-7,11,33,131
EXPD,Expeditors International,114.3,0,0,-9,128,119,3,12,-26,22,11,130
DOV,Dover Corporation,181.53,0,0,0,103,103,2,17,-8,16,27,130
EVRG,Evergy,66.22,0,2,47,11,60,2,-5,66,7,70,130
ACGL,Arch Capital Group,94.66,5,13,0,59,77,5,24,-25,48,52,129
VST,Vistra Corp.,163.85,16,10,8,27,61,12,23,-10,42,67,128
FICO,Fair Isaac,1502.99,-33,-4,-2,163,124,-33,26,-17,28,4,128
PH,Parker Hannifin,670.59,0,12,6,62,80,5,24,-9,27,47,127
RJF,Raymond James Financial,148.03,-21,10,81,55,125,-29,24,-9,16,2,127
REG,Regency Centers,72.13,-28,9,57,50,88,2,24,-4,16,38,126
AMGN,Amgen,279.51,7,-29,-8,162,132,7,-44,-3,33,-7,125
COF,Capital One,192.19,-28,17,83,18,90,1,24,-6,15,34,124
ECL,Ecolab,265.52,55,9,5,19,88,5,19,-4,16,36,124
WFC,Wells Fargo,73.99,-25,11,81,26,93,2,21,-8,16,31,124
TPR,"Tapestry, Inc.",80.9,-5,11,69,18,93,2,17,-4,16,31,124
SNA,Snap-on,325.52,0,0,38,56,94,-27,10,-8,54,29,123
EMR,Emerson Electric,120.96,7,11,5,61,84,8,17,-10,23,38,122
AIG,American International Group,83.19,0,8,17,50,75,2,11,12,18,43,118
LOW,Lowe's,225.8,-28,0,-9,163,126,-26,17,-16,16,-9,117
HLT,Hilton Worldwide,253.18,1,11,5,61,78,4,18,-7,23,38,116
TEL,TE Connectivity,161.41,0,17,5,59,81,5,23,-9,15,34,115
TSCO,Tractor Supply,50.41,-33,-5,-2,82,42,3,10,-22,82,73,115
PNR,Pentair,99.75,2,11,6,59,78,5,24,-13,21,37,115
NWSA,News Corp (Class A),28.25,0,11,6,55,72,5,24,-6,18,41,113
GL,Globe Life,122.24,4,1,34,11,50,4,9,45,5,63,113
COIN,Coinbase,266.35,77,10,3,0,90,-6,24,-12,15,21,111
LNT,Alliant Energy,62.25,0,2,57,11,70,3,14,14,10,41,111
HPE,Hewlett Packard Enterprise,17.94,7,7,-13,39,40,5,24,-10,51,70,110
TTWO,Take-Two Interactive,226.23,-23,31,34,10,52,-20,25,34,17,56,108
KKR,KKR & Co.,120.94,-27,0,0,100,73,2,23,-9,18,34,107
AEE,Ameren,96.72,0,0,45,10,55,2,-7,50,7,52,107
VTR,Ventas,65.07,2,0,61,19,82,7,-7,12,12,24,106
LH,Labcorp,247.81,2,17,44,12,75,3,17,-4,15,31,106
IRM,Iron Mountain,97.35,-25,16,0,54,45,2,24,-20,53,59,104
PNW,Pinnacle West Capital,91.6,0,2,57,15,74,3,-7,11,23,30,104
TRMB,Trimble Inc.,71.92,1,11,68,1,81,5,16,-9,9,21,102
APO,Apollo Global Management,133.16,-28,0,0,94,66,3,22,-12,23,36,102
CMI,Cummins,326.35,0,1,0,62,63,5,16,-10,27,38,101
CMG,Chipotle Mexican Grill,51.02,-2,0,-13,77,62,5,22,-15,26,38,100
AEP,American Electric Power,102.91,0,0,62,20,82,4,-9,12,11,18,100
MOH,Molina Healthcare,307.88,-15,-3,-2,163,143,-20,-26,7,-5,-44,99
CSCO,Cisco,63.75,3,11,37,11,62,4,17,-7,22,36,98
IT,Gartner,444.86,0,0,-10,55,45,-16,21,-8,54,51,96
ANET,Arista Networks,92.49,-3,7,0,55,59,-28,19,-10,53,34,93
EQIX,Equinix,877.11,7,11,0,31,49,7,24,-12,23,42,91
CBRE,CBRE Group,123.9,-31,0,81,19,69,2,17,-8,11,22,91
MPWR,Monolithic Power Systems,685.84,-23,11,-15,154,127,-51,21,-29,23,-36,91
TPL,Texas Pacific Land Corporation,1244.75,-21,11,51,55,96,-30,24,-9,10,-5,91
WTW,Willis Towers Watson,312.66,6,-23,83,21,87,4,-23,-4,26,3,90
CL,Colgate-Palmolive,92.49,49,2,0,20,71,11,-13,-3,23,18,89
CEG,Constellation Energy,309.12,22,11,5,0,38,19,26,-10,16,51,89
FOXA,Fox Corporation (Class A),55.82,0,10,57,0,67,2,11,-2,11,22,89
TDY,Teledyne Technologies,494.86,1,10,41,11,63,4,15,-8,12,23,86
UBER,Uber,89.03,0,23,7,0,30,2,26,5,23,56,86
VMC,Vulcan Materials Company,270.2,-14,19,6,57,68,-27,34,-13,24,18,86
PKG,Packaging Corporation of America,193.79,5,1,-2,58,62,4,11,-15,23,23,85
MMM,3M,149.5,0,11,63,11,85,-23,16,-4,11,0,85
HII,Huntington Ingalls Industries,227.86,1,50,0,3,54,5,26,5,-6,30,84
KMB,Kimberly-Clark,142.85,13,6,3,15,37,5,6,12,23,46,83
DPZ,Domino's,484.33,-24,30,11,7,24,2,26,16,15,59,83
MAR,Marriott International,266.11,-25,11,5,55,46,3,18,-8,24,37,83
CI,Cigna,315.27,-9,0,0,55,46,-19,-8,9,54,36,82
ED,Consolidated Edison,103.96,0,0,17,44,61,-21,-11,11,42,21,82
PODD,Insulet Corporation,326.34,7,12,34,1,54,5,16,3,3,27,81
UAL,United Airlines Holdings,78.21,0,0,39,8,47,7,23,-9,13,34,81
WSM,"Williams-Sonoma, Inc.",165.71,-20,0,6,62,48,4,17,-6,18,33,81
STLD,Steel Dynamics,128.63,-25,23,-2,52,48,-25,24,-20,54,33,81
GDDY,GoDaddy,180.99,-28,0,83,19,74,-28,24,-8,19,7,81
META,Meta Platforms,642.2,4,11,6,26,47,3,16,-7,20,32,79
STX,Seagate Technology,116.68,20,11,3,19,53,13,22,-24,15,26,79
DLR,Digital Realty,170.75,7,17,4,19,47,5,24,-13,16,32,79
TSLA,"Tesla, Inc.",362.75,7,10,32,7,56,7,22,-13,7,23,79
EXPE,Expedia Group,165.05,4,0,38,8,50,7,17,-7,11,28,78
FE,FirstEnergy,42.13,0,30,7,52,89,2,-2,-22,11,-11,78
UNH,UnitedHealth Group,295.01,-9,-27,-7,-1,-44,-20,-22,-20,181,119,75
LDOS,Leidos,152.57,-14,23,-2,20,27,-21,50,2,16,47,74
ALLE,Allegion,144.58,3,23,5,18,49,4,23,-21,19,25,74
AWK,American Water Works,143.15,44,0,15,3,62,7,-11,11,5,12,74
DLTR,Dollar Tree,90.38,35,28,0,-12,51,1,27,14,-19,23,74
VZ,Verizon,43.52,0,8,19,7,34,1,14,12,11,38,72
ANSS,Ansys,348.23,7,11,6,8,32,5,24,-10,20,39,71
EXC,Exelon,43.91,0,0,44,11,55,4,-10,15,7,16,71
BLK,BlackRock,981.34,0,10,6,19,35,2,24,-9,18,35,70
CMS,CMS Energy,69.82,-2,-3,65,20,80,-24,-9,11,11,-11,69
SYF,Synchrony Financial,59.02,0,11,6,18,35,3,24,-9,15,33,68
ADSK,Autodesk,300.36,8,14,43,11,76,-36,24,-13,16,-9,67
MET,MetLife,79.03,-25,10,1,55,41,2,16,-9,15,24,65
C,Citigroup,75.48,1,11,8,15,35,4,21,-6,11,30,65
HBAN,Huntington Bancshares,15.76,0,11,6,18,35,3,22,-12,13,26,61
AMZN,Amazon,205.99,5,1,6,18,30,5,16,-8,17,30,60
BAC,Bank of America,44.22,0,11,6,15,32,4,18,-8,11,25,57
DG,Dollar General,100.97,51,52,0,-14,89,-9,-11,11,-23,-32,57
FOX,Fox Corporation (Class B),51.14,0,10,56,0,66,-24,11,-3,6,-10,56
STT,State Street Corporation,97.29,0,13,6,13,32,4,18,-9,11,24,56
KVUE,Kenvue,23.94,0,13,32,0,45,-19,22,8,0,11,56
CTSH,Cognizant,80.62,0,11,5,11,27,3,17,-7,15,28,55
NTRS,Northern Trust,108.96,7,11,5,8,31,5,17,-8,10,24,55
ROST,Ross Stores,141.26,-14,20,-2,32,36,-25,32,-16,26,17,53
CCL,Carnival,23.62,7,10,6,0,23,5,18,-9,16,30,53
KIM,Kimco Realty,21.01,-28,10,-2,52,32,2,24,-17,11,20,52
NOC,Northrop Grumman,475.21,11,-10,-3,55,53,2,-18,6,9,-1,52
AMAT,Applied Materials,161.82,-25,11,-19,146,113,-44,23,-38,-2,-61,52
MSCI,MSCI Inc.,566.94,0,9,0,11,20,2,24,-12,17,31,51
IR,Ingersoll Rand,82.57,0,10,-10,20,20,5,17,-17,26,31,51
ROK,Rockwell Automation,313.1,7,14,4,12,37,12,16,-7,-8,13,50
UHS,Universal Health Services,192.55,0,15,0,19,34,2,15,-24,23,16,50
NTAP,NetApp,100.4,0,1,-14,54,41,-16,24,-19,19,8,49
AMD,Advanced Micro Devices,114.55,0,10,-31,107,86,5,17,-55,-4,-37,49
EIX,Edison International,57.14,0,13,-21,1,-7,3,24,-18,47,56,49
PFG,Principal Financial Group,78.88,-26,0,-2,52,24,2,12,-9,15,20,44
FCX,Freeport-McMoRan,39.66,9,11,-26,55,49,5,17,-25,-3,-6,43
WAT,Waters Corporation,358.36,7,1,1,11,20,3,17,-9,11,22,42
DECK,Deckers Brands,108.96,-25,-2,-13,90,50,-25,-2,-9,28,-8,42
PRU,Prudential Financial,104.55,-28,1,-2,52,23,3,16,-16,16,19,42
HES,Hess Corporation,132.58,0,-36,-9,52,7,5,10,20,-1,34,41
ULTA,Ulta Beauty,421.11,7,21,0,0,28,7,24,-12,-6,13,41
NVR,"NVR, Inc.",7210.64,-31,0,-12,62,19,5,11,-21,26,21,40
NSC,Norfolk Southern,244.81,6,10,0,1,17,5,24,-19,11,21,38
LII,Lennox International,579.47,-25,1,0,35,11,1,14,-12,24,27,38
WDC,Western Digital,51.83,7,11,1,9,28,5,22,-17,-2,8,36
DELL,Dell Technologies,113.98,0,11,-14,29,26,5,24,-18,-1,10,36
MPC,Marathon Petroleum,162.34,3,13,0,46,62,10,17,-48,-5,-26,36
BA,Boeing,201.02,-2,24,0,0,22,3,24,-6,-8,13,35
RMD,ResMed,246.27,-23,17,6,10,10,1,23,-9,10,25,35
TYL,Tyler Technologies,576.11,7,0,0,14,21,5,10,-17,15,13,34
INCY,Incyte,65.32,60,1,-8,-28,25,4,19,-20,4,7,32
AFL,Aflac,103.4,-28,-4,0,55,23,-29,-7,-8,52,8,31
USB,U.S. Bancorp,43.73,0,11,-1,1,11,3,17,-13,12,19,30
CTRA,Coterra,24.89,7,-36,1,41,13,5,3,-1,10,17,30
PNC,PNC Financial Services,176.23,0,1,0,11,12,3,16,-13,11,17,29
VLO,Valero Energy,130.7,0,11,-33,41,19,5,13,-8,-2,8,27
DD,DuPont,69.28,0,1,-10,16,7,5,16,-24,23,20,27
EW,Edwards Lifesciences,76.21,0,23,0,-11,12,2,24,19,-32,13,25
HAS,Hasbro,67.39,0,11,3,1,15,3,22,-23,8,10,25
GEN,Gen Digital,28.17,-23,14,4,13,8,4,16,-16,13,17,25
DAL,Delta Air Lines,49.4,-25,0,-2,16,-11,5,17,-10,23,35,24
CPAY,Corpay,333.24,-28,0,1,18,-9,2,17,-8,22,33,24
SBUX,Starbucks,87.04,7,0,0,0,7,7,10,-4,4,17,24
SBAC,SBA Communications,231.0,0,31,5,-17,19,2,-5,6,2,5,24
JKHY,Jack Henry & Associates,184.55,6,8,5,1,20,1,10,-16,8,3,23
JNPR,Juniper Networks,36.08,-50,6,0,51,7,5,20,-26,17,16,23
TXN,Texas Instruments,183.25,0,11,0,19,30,-17,15,-20,13,-9,21
EFX,Equifax,258.3,-28,23,-1,13,7,2,24,-27,15,14,21
PHM,PulteGroup,100.57,-57,1,-12,62,-6,2,22,-23,26,27,21
AMT,American Tower,213.74,0,1,5,0,6,3,-7,9,8,13,19
RF,Regions Financial Corporation,21.68,-25,10,0,19,4,3,17,-16,11,15,19
EA,Electronic Arts,146.93,-20,33,0,4,17,-21,-3,5,18,-1,16
BEN,Franklin Resources,22.22,4,14,0,0,18,5,24,-12,-19,-2,16
TRGP,Targa Resources,161.47,-35,-37,0,48,-24,6,-9,-9,51,39,15
JNJ,Johnson & Johnson,153.28,19,0,0,0,19,2,-7,-3,3,-5,14
LEN,Lennar,108.11,-32,0,-19,61,10,2,-1,-24,27,4,14
WYNN,Wynn Resorts,92.5,-3,13,1,1,12,3,21,-17,-5,2,14
IDXX,Idexx Laboratories,516.51,1,18,3,1,23,4,24,-33,-5,-10,13
VLTO,Veralto,101.48,0,11,0,0,11,5,18,-22,0,1,12
TXT,Textron,74.71,-3,11,-24,50,34,3,21,-45,-2,-23,11
DHI,D. R. Horton,121.46,-38,0,-17,62,7,2,-2,-24,27,3,10
KEYS,Keysight Technologies,162.26,-2,11,5,0,14,-19,17,-6,2,-6,8
FITB,Fifth Third Bancorp,38.14,-25,0,-1,19,-7,2,16,-16,13,15,8
EOG,EOG Resources,111.1,-27,-6,-9,42,0,-41,11,-10,48,8,8
GM,General Motors,49.09,0,11,0,8,19,-21,17,-17,10,-11,8
CFG,Citizens Financial Group,40.46,-15,1,0,1,-13,2,16,-9,11,20,7
FIS,Fidelity National Information Services,79.97,0,26,0,-34,-8,2,24,-19,8,15,7
PSA,Public Storage,300.25,-27,12,-2,12,-5,2,24,-24,10,12,7
SPG,Simon Property Group,160.21,-28,0,0,32,4,-29,17,-4,18,2,6
ZBRA,Zebra Technologies,295.09,0,0,-10,-4,-14,2,16,-10,10,18,4
O,Realty Income,56.16,6,7,0,4,17,6,-6,-23,10,-13,4
HST,Host Hotels & Resorts,15.47,2,11,-21,1,-7,5,24,-16,-3,10,3
APD,Air Products,274.54,-25,0,0,13,-12,4,12,-8,7,15,3
FTV,Fortive,70.85,-25,0,-10,30,-5,2,13,-6,-2,7,2
PAYC,Paycom,261.28,12,24,8,-21,23,-6,24,-5,-34,-21,2
DXCM,Dexcom,85.33,-15,15,0,-11,-11,1,24,-6,-6,13,2
HSIC,Henry Schein,73.65,7,2,1,0,10,5,15,-8,-20,-8,2
EMN,Eastman Chemical Company,82.46,7,0,-10,0,-3,5,11,-24,12,4,1
XYL,Xylem Inc.,126.24,0,11,0,19,30,-28,21,-41,19,-29,1
LVS,Las Vegas Sands,41.63,5,11,-11,-3,2,6,17,-15,-11,-3,-1
MAS,Masco,63.49,-28,0,-9,62,25,-34,11,-21,18,-26,-1
IP,International Paper,48.58,0,0,0,13,13,-28,9,-9,13,-15,-2
BKR,Baker Hughes,37.24,-28,-37,0,32,-33,5,10,-8,23,30,-3
WDAY,"Workday, Inc.",239.38,-14,0,-2,11,-5,-23,18,-12,19,2,-3
PCG,PG&E Corporation,17.05,-21,17,-19,1,-22,-24,24,-18,37,19,-3
D,Dominion Energy,56.74,0,9,3,-31,-19,2,24,-19,7,14,-5
BBY,Best Buy,72.24,0,0,-13,-3,-16,5,17,-24,13,11,-5
NXPI,NXP Semiconductors,198.94,-15,0,-14,60,31,-16,19,-37,-2,-36,-5
ACN,Accenture,315.39,-14,0,-12,11,-15,-16,16,-8,16,8,-7
AOS,A. O. Smith,68.57,-28,11,-31,55,7,2,23,-37,-2,-14,-7
EXR,Extra Space Storage,147.96,-25,8,-2,0,-19,2,24,-25,10,11,-8
CARR,Carrier Global,72.33,-23,18,0,0,-5,-26,18,-18,23,-3,-8
MAA,Mid-America Apartment Communities,154.27,-28,0,47,4,23,-31,-4,-4,8,-31,-8
TFC,Truist Financial,40.03,-27,0,0,1,-26,3,16,-12,11,18,-8
LUV,Southwest Airlines,32.67,6,10,4,-36,-16,6,13,-13,1,7,-9
ZTS,Zoetis,166.5,11,8,-24,1,-4,7,17,-27,-2,-5,-9
OTIS,Otis Worldwide,97.09,-15,0,0,0,-15,-26,11,-3,23,5,-10
ABNB,Airbnb,129.4,-28,0,-2,0,-30,3,24,-7,-2,18,-12
ES,Eversource Energy,64.62,6,14,4,-7,17,3,17,-24,-25,-29,-12
CSX,CSX Corporation,31.44,6,10,-25,1,-8,5,14,-21,-3,-5,-13
DIS,Walt Disney Company (The),112.37,0,11,4,-38,-23,5,15,-8,-2,10,-13
CHRW,C.H. Robinson,97.33,0,9,0,1,10,-25,11,-16,5,-25,-15
BLDR,Builders FirstSource,111.5,-31,-79,-17,62,-65,2,-1,-21,68,48,-17
BXP,"BXP, Inc.",67.11,0,9,-9,-36,-36,3,24,-18,10,19,-17
NCLH,Norwegian Cruise Line Holdings,18.08,-31,0,-9,-2,-42,5,12,-9,17,25,-17
PARA,Paramount Global,12.02,22,12,0,-36,-2,12,18,-3,-42,-15,-17
TER,Teradyne,81.8,1,0,-18,-3,-20,4,12,-12,-2,2,-18
INVH,Invitation Homes,33.38,-24,9,0,4,-11,-26,-3,10,11,-8,-19
SMCI,Supermicro,41.57,0,0,-40,55,15,-33,10,-5,-6,-34,-19
IVZ,Invesco,14.77,-28,0,-9,-3,-40,2,17,-9,10,20,-20
SJM,J.M. Smucker Company (The),113.95,0,1,0,0,1,2,-10,6,-20,-22,-21
SYY,Sysco,72.28,0,0,-5,0,-5,-21,11,-17,11,-16,-21
FANG,Diamondback Energy,137.55,-26,0,-18,44,0,6,12,-37,-2,-21,-21
OKE,Oneok,81.74,-28,-37,-2,51,-16,-52,11,-14,48,-7,-23
CRM,Salesforce,277.24,-15,0,-2,19,2,-51,17,-10,18,-26,-24
FDX,FedEx,219.76,-35,0,-15,29,-21,4,11,-17,-1,-3,-24
GEHC,GE HealthCare,70.98,-31,0,-9,0,-40,3,14,-7,5,15,-25
LULU,Lululemon Athletica,321.2,0,0,0,0,0,-23,16,-9,-9,-25,-25
PLD,Prologis,106.66,-28,1,-12,0,-39,2,22,-9,-2,13,-26
HPQ,HP Inc.,28.34,0,1,-14,1,-12,-25,16,-18,13,-14,-26
CPT,Camden Property Trust,115.13,-25,1,5,0,-19,-28,17,-4,8,-7,-26
SOLV,Solventum,72.52,-6,0,0,0,-6,-27,12,-5,0,-20,-26
MTD,Mettler Toledo,1164.34,0,0,-12,0,-12,1,16,-30,-2,-15,-27
CVX,Chevron Corporation,137.86,-42,-36,-9,45,-42,5,7,-1,3,14,-28
EG,Everest Group,343.74,-28,0,-25,52,-1,2,-2,-26,-2,-28,-29
LKQ,LKQ Corporation,40.84,-25,1,0,0,-24,2,10,-3,-14,-5,-29
GPC,Genuine Parts Company,127.33,0,9,-2,0,7,3,23,-49,-14,-37,-30
MDT,Medtronic,81.21,-21,-4,-2,-3,-30,-19,11,-3,10,-1,-31
GNRC,Generac,126.06,0,0,-9,-31,-40,5,13,-17,7,8,-32
A,Agilent Technologies,111.33,-25,0,-12,-2,-39,2,14,-9,-2,5,-34
ESS,Essex Property Trust,274.67,-25,0,0,11,-14,-26,-2,-4,11,-21,-35
SW,Smurfit Westrock,44.42,-3,0,0,0,-3,-33,12,-12,0,-33,-36
AKAM,Akamai Technologies,77.86,6,0,-15,-4,-13,1,-3,-15,-7,-24,-37
KEY,KeyCorp,15.76,-25,11,-1,1,-14,-35,17,-16,10,-24,-38
PFE,Pfizer,23.61,35,0,-22,-20,-7,7,17,-30,-25,-31,-38
HOLX,Hologic,62.17,4,0,-24,0,-20,4,6,-24,-4,-18,-38
KDP,Keurig Dr Pepper,32.86,-20,-3,0,0,-23,-19,-14,7,9,-17,-40
BG,Bunge Global,79.27,-28,31,-33,0,-30,2,24,-36,-2,-12,-42
PSX,Phillips 66,114.34,-28,10,-25,38,-5,3,12,-50,-2,-37,-42
EQR,Equity Residential,68.62,-25,10,0,10,-5,-28,-2,-18,10,-38,-43
XOM,ExxonMobil,103.53,-42,-6,-2,41,-9,-56,-1,-24,47,-34,-43
FSLR,First Solar,155.8,-21,10,-28,59,20,-45,24,-40,-3,-64,-44
AVY,Avery Dennison,181.44,0,10,-24,1,-13,-22,24,-32,-2,-32,-45
AVB,AvalonBay Communities,201.52,-25,0,0,13,-12,-24,-4,-17,12,-33,-45
IEX,IDEX Corporation,183.45,-28,0,-17,0,-45,2,18,-17,-3,0,-45
COO,Cooper Companies (The),80.58,-28,0,-16,-2,-46,3,-2,-21,19,-1,-47
QCOM,Qualcomm,148.63,-15,1,-14,19,-9,-16,19,-41,-2,-40,-49
REGN,Regeneron Pharmaceuticals,603.3,7,0,-30,0,-23,2,4,-31,-1,-26,-49
DVA,DaVita,139.9,-23,-30,0,17,-36,-23,3,-9,16,-13,-49
TROW,T. Rowe Price,95.58,0,0,-12,-22,-34,-28,17,-14,10,-15,-49
IFF,International Flavors & Fragrances,77.25,0,1,-12,-28,-39,-17,23,-24,8,-10,-49
FRT,Federal Realty Investment Trust,95.11,-28,0,-12,1,-39,-28,24,-18,11,-11,-50
TAP,Molson Coors Beverage Company,54.2,-14,-22,-2,11,-27,-24,2,-3,2,-23,-50
ADBE,Adobe Inc.,413.39,0,9,-25,-3,-19,-16,16,-29,-2,-31,-50
NEE,NextEra Energy,68.05,-21,0,-2,0,-23,-26,12,-23,10,-27,-50
BALL,Ball Corporation,53.36,0,11,-24,-8,-21,-20,23,-31,-2,-30,-51
CSGP,CoStar Group,74.61,-25,-5,-2,11,-21,-26,-10,12,-6,-30,-51
CHTR,Charter Communications,411.15,-21,22,7,-33,-25,-34,21,-17,3,-27,-52
CDW,CDW Corporation,185.77,0,11,-31,1,-19,5,18,-52,-5,-34,-53
TGT,Target Corporation,96.99,1,0,-20,-8,-27,7,-2,-28,-3,-26,-53
UDR,"UDR, Inc.",40.03,-28,0,0,0,-28,-28,-4,-4,10,-26,-54
VTRS,Viatris,8.6,-26,0,-14,-4,-44,-26,18,-18,16,-10,-54
AMCR,Amcor,9.18,-25,0,-9,0,-34,2,-6,-24,8,-20,-54
PYPL,PayPal,71.48,-14,1,-2,-36,-51,-16,17,-13,6,-6,-57
CCI,Crown Castle,100.56,-17,2,-2,-25,-42,-21,-5,9,2,-15,-57
DAY,Dayforce,58.5,0,0,-9,-9,-18,-34,5,-13,2,-40,-58
TSN,Tyson Foods,55.81,0,-16,-1,-25,-42,-18,-16,10,8,-16,-58
POOL,Pool Corporation,301.68,-28,-5,-12,-3,-48,1,11,-18,-6,-12,-60
ERIE,Erie Indemnity,353.41,-25,-23,-6,36,-18,-27,-20,-24,28,-43,-61
HSY,Hershey Company (The),158.23,0,-10,-34,-1,-45,8,-7,-3,-16,-18,-63
NDSN,Nordson Corporation,197.98,-15,10,-25,0,-30,-28,16,-18,-4,-34,-64
F,Ford Motor Company,10.31,-15,25,-39,-14,-43,-26,24,-17,-2,-21,-64
PPG,PPG Industries,112.28,-25,11,-35,-5,-54,2,19,-26,-5,-10,-64
WBD,Warner Bros. Discovery,9.55,7,0,0,-39,-32,7,11,-9,-42,-33,-65
SWKS,Skyworks Solutions,71.4,0,9,-32,-27,-50,2,19,-35,-2,-16,-66
SWK,Stanley Black & Decker,67.26,-15,0,-18,-36,-69,1,11,-24,11,-1,-70
WBA,Walgreens Boots Alliance,11.23,0,11,0,-74,-63,1,26,-2,-32,-7,-70
MHK,Mohawk Industries,104.61,-31,-5,-15,-8,-59,1,-2,-23,11,-13,-72
CMCSA,Comcast,34.94,-4,1,-24,-6,-33,-24,11,-21,-5,-39,-72
ON,ON Semiconductor,43.42,-2,0,-26,-3,-31,-16,17,-32,-12,-43,-74
MCHP,Microchip Technology,58.72,-2,11,-35,0,-26,-17,17,-44,-4,-48,-74
CVS,CVS Health,61.36,-17,-3,0,-14,-34,-21,-9,14,-25,-41,-75
ELV,Elevance Health,375.98,-16,-10,-33,0,-59,-20,-25,7,14,-24,-83
WST,West Pharmaceutical Services,211.08,-23,0,-16,-4,-43,-19,-1,-16,-5,-41,-84
ADM,Archer Daniels Midland,48.52,-27,12,-35,-8,-58,1,24,-37,-17,-29,-87
FI,Fiserv,160.14,-56,-37,-3,32,-64,-23,-23,-4,24,-26,-90
MTCH,Match Group,30.32,6,0,-15,-34,-43,5,3,-22,-35,-49,-92
EPAM,EPAM Systems,176.64,-14,0,-15,-24,-53,-16,16,-6,-34,-40,-93
BAX,Baxter International,30.88,-26,0,-12,-35,-73,2,18,-3,-38,-21,-94
CZR,Caesars Entertainment,28.26,-25,0,-15,-22,-62,2,24,-24,-34,-32,-94
OMC,Omnicom Group,74.23,-33,-115,-16,42,-122,2,-2,-21,47,26,-96
HRL,Hormel Foods,30.2,2,1,-24,-20,-41,4,-20,-16,-27,-59,-100
APTV,Aptiv,68.41,6,11,0,-21,-4,5,17,-86,-33,-97,-101
DHR,Danaher Corporation,189.19,-24,0,-18,0,-42,-25,-6,-29,-1,-61,-103
BMY,Bristol Myers Squibb,46.89,0,-36,-4,-2,-42,-21,-39,-3,2,-61,-103
LW,Lamb Weston,53.18,1,-18,-61,-5,-83,2,3,-15,-11,-21,-104
STZ,Constellation Brands,185.91,-25,17,-34,0,-42,-31,24,-50,-5,-62,-104
WY,Weyerhaeuser,25.84,-30,-37,-12,0,-79,2,-1,-24,-5,-28,-107
MGM,MGM Resorts,31.99,-33,0,-45,0,-78,3,24,-52,-6,-31,-109
JBHT,J.B. Hunt,139.98,-26,0,-20,-2,-48,-52,11,-17,-7,-65,-113
OXY,Occidental Petroleum,41.62,-28,0,-44,0,-72,5,11,-48,-13,-45,-117
CNC,Centene Corporation,57.66,-21,-4,-33,-8,-66,-23,-2,-2,-25,-52,-118
DOC,Healthpeak Properties,17.37,0,-37,-6,-28,-71,2,-40,-21,6,-53,-124
CRL,Charles River Laboratories,138.67,-21,2,-43,-23,-85,3,14,-52,-5,-40,-125
BIIB,Biogen,128.31,7,0,-73,-24,-90,3,11,-36,-15,-37,-127
MKTX,MarketAxess,217.84,-7,7,-17,-26,-43,-19,-4,-21,-41,-85,-128
TECH,Bio-Techne,48.7,0,-75,-16,-21,-112,3,-2,-16,-3,-18,-130
MKC,McCormick & Company,71.8,-64,-29,-2,-1,-96,-33,-7,-3,7,-36,-132
KHC,Kraft Heinz,26.83,-28,-24,-31,-1,-84,-25,-14,-3,-7,-49,-133
IPG,Interpublic Group of Companies (The),24.48,-33,0,-32,0,-65,-26,-2,-29,-14,-71,-136
BDX,Becton Dickinson,174.56,0,-64,-17,-2,-83,2,-38,-8,-12,-56,-139
CAG,Conagra Brands,22.91,-26,-29,-21,-4,-80,3,-43,-3,-20,-63,-143
MRK,Merck & Co.,77.58,6,-39,-36,-1,-70,9,-41,-40,-3,-75,-145
PEP,PepsiCo,131.36,1,-36,-31,0,-66,3,-45,-28,-10,-80,-146
GIS,General Mills,54.13,-2,-35,-30,-1,-68,2,-45,-26,-16,-85,-153
NUE,Nucor,109.4,-56,-4,-44,0,-104,-28,-2,-21,-5,-56,-160
APA,APA Corporation,17.32,0,0,-74,-9,-83,5,11,-78,-16,-78,-161
INTC,Intel,20.55,-25,-6,-58,-17,-106,-55,11,-6,-9,-59,-165
NKE,"Nike, Inc.",62.81,2,0,-66,-18,-82,4,12,-67,-33,-84,-166
LYB,LyondellBasell,57.99,-32,-48,-33,-2,-115,2,-2,-47,-4,-51,-166
KMX,CarMax,62.97,-35,-60,-8,-33,-136,-28,-1,-12,8,-33,-169
RVTY,Revvity,92.28,-28,-54,-9,-21,-112,3,-46,-14,-1,-58,-170
AES,AES Corporation,10.08,-31,-4,-31,-8,-74,-44,11,-42,-21,-96,-170
TMO,Thermo Fisher Scientific,403.75,-27,-62,-11,-2,-102,1,-72,-10,11,-70,-172
DVN,Devon Energy,31.33,-31,0,-39,-2,-72,-54,12,-45,-19,-106,-178
BF-B,Brownâ€“Forman,34.55,-24,0,-92,-15,-131,-29,24,-24,-25,-54,-185
CPB,Campbell's Company (The),34.34,-26,-36,-21,-3,-86,-25,-46,-28,-2,-101,-187
HUM,Humana,226.62,-16,-18,-78,-9,-121,-20,-21,-9,-17,-67,-188
ALGN,Align Technology,178.57,-28,0,-56,-22,-106,2,-2,-51,-35,-86,-192
EL,EstÃ©e Lauder Companies (The),67.05,7,1,-109,-23,-124,2,14,-54,-32,-70,-194
ZBH,Zimmer Biomet,94.21,-28,-34,-54,-14,-130,4,-4,-53,-15,-68,-198
SLB,Schlumberger,33.93,-35,-37,-59,0,-131,-52,-1,-10,-7,-70,-201
IQV,IQVIA,140.55,-63,-72,-29,-3,-167,2,-2,-31,-3,-34,-201
MRNA,Moderna,26.76,0,-82,-44,-1,-127,3,-8,-44,-36,-85,-212
COP,ConocoPhillips,85.57,-42,-37,-34,0,-113,-52,-1,-50,-5,-108,-221
GPN,Global Payments,75.74,-38,-71,-16,-36,-161,-52,11,-13,-7,-61,-222
CLX,Clorox,130.37,-28,-99,-6,-2,-135,-26,-57,-16,10,-89,-224
UPS,United Parcel Service,97.57,-32,-46,-95,-13,-186,2,11,-23,-31,-41,-227
HAL,Halliburton,19.97,-33,-88,-52,-2,-175,2,-3,-51,-6,-58,-233
ARE,Alexandria Real Estate Equities,70.38,-30,-44,-26,-27,-127,2,-46,-37,-32,-113,-240
ALB,Albemarle Corporation,58.78,-31,-108,-117,-20,-276,5,11,-16,-22,-22,-298
ENPH,Enphase Energy,40.21,-28,-95,-35,-17,-175,-30,-36,-42,-21,-129,-304
DOW,Dow Inc.,28.92,-51,-146,-32,0,-229,-28,-2,-47,-5,-82,-311
