Symbol,Name,Close,1H Cloud Score,1D Cloud Score,1W Cloud Score,1M Cloud Score,Cloud Score Sum,1H TKx Score,1D TKx Score,1W TKx Score,1M TKx Score,TKx Score Sum,Total Score Sum
TJX,TJX Companies,125.16,24,0,142,197,363,33,-23,111,192,313,676
JPM,JPMorgan Chase,291.96,95,40,117,157,409,92,51,4,25,172,581
ORLY,Oâ€™Reilly Automotive,92.7,26,1,157,198,382,7,-12,48,88,131,513
GS,Goldman Sachs,710.59,142,38,86,57,323,87,49,4,20,160,483
YUM,Yum! Brands,150.36,57,4,22,258,341,61,3,16,56,136,477
RSG,Republic Services,242.42,-52,0,118,176,242,-16,-9,87,159,221,463
ICE,Intercontinental Exchange,183.08,57,44,106,160,367,7,45,16,20,88,455
COST,Costco,992.21,2,0,111,179,292,-15,-14,4,183,158,450
SO,Southern Company,91.62,66,11,70,189,336,-12,27,17,78,110,446
AJG,Arthur J. Gallagher & Co.,316.07,-20,-8,159,185,316,-3,-14,22,106,111,427
TDG,TransDigm Group,1524.14,72,51,13,156,292,64,8,4,56,132,424
HUBB,Hubbell Incorporated,412.84,63,36,0,181,280,14,54,0,70,138,418
JBL,Jabil,225.41,94,41,13,64,212,93,51,5,56,205,417
ADI,Analog Devices,241.85,63,38,5,178,284,59,44,4,25,132,416
PGR,Progressive Corporation,253.52,-17,-18,99,176,240,-16,-14,16,188,174,414
HWM,Howmet Aerospace,180.28,0,51,142,28,221,1,51,86,53,191,412
ROL,"Rollins, Inc.",56.23,-5,60,25,285,365,6,-10,17,34,47,412
RCL,Royal Caribbean Group,328.82,63,38,115,27,243,86,51,4,26,167,410
FAST,Fastenal,42.48,32,60,117,105,314,50,4,10,25,89,403
RJF,Raymond James Financial,157.29,94,37,86,57,274,99,9,1,18,127,401
NDAQ,"Nasdaq, Inc.",90.54,63,44,70,143,320,13,51,4,13,81,401
CDNS,Cadence Design Systems,320.46,40,7,11,140,198,12,6,4,179,201,399
MS,Morgan Stanley,143.77,80,38,70,63,251,79,49,4,15,147,398
EMR,Emerson Electric,138.43,157,38,10,63,268,54,44,4,25,127,395
ETN,Eaton Corporation,358.53,62,38,2,113,215,54,51,2,71,178,393
WELL,Welltower,154.2,2,35,110,57,204,6,31,127,23,187,391
CHD,Church & Dwight,98.56,23,0,-10,343,356,25,-8,-8,24,33,389
CTAS,Cintas,217.68,-16,58,13,165,220,-14,-10,7,186,169,389
MSI,Motorola Solutions,426.29,58,6,0,152,216,5,3,-21,184,171,387
ORCL,Oracle Corporation,232.3,45,37,5,197,284,23,44,4,26,97,381
INTU,Intuit,783.55,45,51,11,190,297,7,51,4,19,81,378
NRG,NRG Energy,158.69,-5,51,97,93,236,2,7,107,20,136,372
PM,Philip Morris International,181.19,0,111,64,54,229,-15,53,79,26,143,372
COF,Capital One,218.15,63,44,88,20,215,84,51,4,17,156,371
WM,Waste Management,226.89,-77,0,89,186,198,1,-8,21,158,172,370
AXON,Axon Enterprise,802.01,0,49,139,93,281,1,53,4,29,87,368
KLAC,KLA Corporation,912.9,49,38,8,176,271,14,53,4,25,96,367
IBM,IBM,292.47,1,43,103,53,200,7,51,50,55,163,363
COR,Cencora,302.5,7,115,38,70,230,1,15,49,66,131,361
MA,Mastercard,565.12,28,5,120,154,307,32,-8,4,25,53,360
MPWR,Monolithic Power Systems,740.81,59,38,1,156,254,54,48,4,-1,105,359
MCK,McKesson Corporation,735.57,2,111,36,57,206,1,51,32,66,150,356
AAPL,Apple Inc.,209.94,27,5,0,250,282,17,5,-19,70,73,355
PLTR,Palantir Technologies,139.12,0,51,110,0,161,6,53,113,19,191,352
V,Visa Inc.,356.64,28,5,131,132,296,34,-8,4,25,55,351
MCO,Moody's Corporation,502.38,58,38,10,155,261,59,5,2,24,90,351
CBOE,Cboe Global Markets,235.15,21,34,138,54,247,29,8,16,50,103,350
AME,Ametek,182.38,45,38,2,105,190,54,1,4,100,159,349
AXP,American Express,322.67,63,38,11,98,210,60,51,2,20,133,343
UNP,Union Pacific Corporation,235.34,61,9,1,197,268,63,8,-14,18,75,343
CAT,Caterpillar Inc.,391.43,63,37,2,63,165,75,44,2,56,177,342
FDS,FactSet,447.93,66,0,0,193,259,78,-20,3,22,83,342
BSX,Boston Scientific,103.84,-5,15,138,143,291,-16,6,4,56,50,341
WFC,Wells Fargo,82.33,73,38,86,28,225,80,8,4,18,110,335
SPGI,S&P Global,530.22,63,38,10,171,282,24,7,2,20,53,335
HON,Honeywell,239.35,44,38,10,177,269,38,2,4,21,65,334
BEN,Franklin Resources,24.55,137,41,2,1,181,117,51,4,-21,151,332
WMT,Walmart,99.35,15,52,121,100,288,7,3,4,28,42,330
NVDA,Nvidia,158.24,63,37,8,133,241,13,45,4,25,87,328
MCD,McDonald's,293.5,16,-19,46,241,284,-8,-22,16,56,42,326
AVGO,Broadcom,274.18,63,41,13,115,232,8,53,4,29,94,326
MSFT,Microsoft,497.83,10,45,10,172,237,8,53,4,24,89,326
ADP,Automatic Data Processing,308.49,12,0,79,179,270,7,-11,4,56,56,326
BR,Broadridge Financial Solutions,240.51,-5,37,108,144,284,5,8,4,24,41,325
PTC,PTC Inc.,174.87,45,37,-20,181,243,54,1,1,25,81,324
SNPS,Synopsys,536.62,46,25,1,179,251,57,17,2,-4,72,323
AZO,AutoZone,3786.6,29,2,88,85,204,33,-19,48,56,118,322
NFLX,Netflix,1289.07,0,56,110,19,185,-17,53,81,19,136,321
ROP,Roper Technologies,565.92,25,0,23,181,229,24,3,38,25,90,319
CME,CME Group,282.49,67,12,48,135,262,7,-15,44,18,54,316
RTX,RTX Corporation,145.93,10,37,71,53,171,9,43,78,13,143,314
J,Jacobs Solutions,132.35,49,36,0,105,190,54,51,1,18,124,314
DUK,Duke Energy,117.32,39,2,70,182,293,-14,4,16,15,21,314
WAB,Wabtec,213.16,47,40,13,48,148,54,51,4,55,164,312
MNST,Monster Beverage,62.86,24,88,20,179,311,-7,-8,13,3,1,312
PH,Parker Hannifin,706.58,59,39,11,64,173,54,51,4,29,138,311
AMP,Ameriprise Financial,536.43,63,37,3,63,166,64,9,2,70,145,311
LRCX,Lam Research,98.15,59,38,3,151,251,14,45,4,-4,59,310
URI,United Rentals,783.94,63,38,1,63,165,78,9,2,56,145,310
NWS,News Corp (Class B),33.92,80,41,106,57,284,-5,6,4,20,25,309
GD,General Dynamics,294.64,52,60,2,53,167,64,15,4,56,139,306
NTRS,Northern Trust,128.47,94,38,10,10,152,92,44,4,12,152,304
SYF,Synchrony Financial,69.7,80,38,11,20,149,85,51,2,17,155,304
BKNG,Booking Holdings,5810.0,57,50,130,34,271,2,1,4,25,32,303
PWR,Quanta Services,385.45,10,45,11,98,164,10,53,4,71,138,302
WDC,Western Digital,65.22,94,38,6,17,155,92,49,4,2,147,302
WRB,W. R. Berkley Corporation,70.74,-17,0,88,175,246,-15,-3,18,54,54,300
C,Citigroup,87.61,80,38,13,17,148,86,48,4,13,151,299
CAH,Cardinal Health,167.63,2,60,49,37,148,1,51,42,56,150,298
TPR,"Tapestry, Inc.",92.44,94,38,74,20,226,7,44,2,18,71,297
BAC,Bank of America,48.65,80,38,11,17,146,88,45,4,13,150,296
LIN,Linde plc,469.75,32,36,7,109,184,-3,4,4,105,110,294
STT,State Street Corporation,109.77,80,40,11,15,146,86,45,3,13,147,293
TRMB,Trimble Inc.,78.65,63,38,73,3,177,60,43,2,11,116,293
STX,Seagate Technology,148.4,94,38,8,21,161,62,49,4,17,132,293
T,AT&T,28.41,32,35,64,15,146,-8,51,88,14,145,291
HLT,Hilton Worldwide,270.72,62,38,10,63,173,83,6,2,25,116,289
ITW,Illinois Tool Works,254.6,47,9,1,177,234,24,1,1,28,54,288
L,Loews Corporation,91.44,15,38,106,54,213,37,10,4,23,74,287
LYV,Live Nation Entertainment,147.31,-5,39,88,146,268,-12,13,3,15,19,287
APH,Amphenol,98.57,67,51,13,64,195,8,53,4,26,91,286
PCAR,Paccar,96.63,56,4,-16,158,202,54,1,-8,33,80,282
MMC,Marsh McLennan,213.15,-17,-19,0,174,138,-15,-14,-5,177,143,281
DASH,DoorDash,246.9,96,37,91,0,224,-15,50,4,17,56,280
TXN,Texas Instruments,213.38,67,38,3,21,129,86,42,4,15,147,276
AMAT,Applied Materials,190.77,59,38,0,148,245,14,18,2,-4,30,275
ODFL,Old Dominion,164.31,37,4,-20,186,207,57,1,-25,31,64,271
BK,BNY Mellon,93.22,21,40,88,39,188,17,44,4,18,83,271
EVRG,Evergy,69.29,65,19,52,13,149,22,19,71,9,121,270
TEL,TE Connectivity,171.15,62,44,10,61,177,22,50,4,17,93,270
PNR,Pentair,105.02,62,38,3,61,164,72,9,2,23,106,270
PAYX,Paychex,145.7,11,-1,78,166,254,6,-11,7,13,15,269
RF,Regions Financial Corporation,24.58,74,37,1,21,133,76,44,2,13,135,268
MDLZ,Mondelez International,68.82,24,11,3,181,219,18,25,13,-8,48,267
SCHW,Charles Schwab Corporation,92.64,38,51,71,10,170,29,51,4,13,97,267
GOOG,Alphabet Inc. (Class C),177.59,41,27,1,175,244,14,1,-13,20,22,266
GOOGL,Alphabet Inc. (Class A),176.79,41,27,2,175,245,13,1,-13,20,21,266
MTB,M&T Bank,200.74,73,38,2,21,134,73,44,2,13,132,266
HBAN,Huntington Bancshares,17.52,61,38,3,20,122,76,49,4,15,144,266
TT,Trane Technologies,434.5,1,46,10,163,220,7,6,4,28,45,265
CBRE,CBRE Group,142.59,66,22,86,21,195,36,18,2,13,69,264
VRSN,Verisign,287.39,1,149,30,8,188,7,17,46,6,76,264
BLK,BlackRock,1076.32,60,37,11,21,129,59,51,4,20,134,263
JCI,Johnson Controls,105.98,47,46,69,18,180,10,51,4,17,82,262
ADSK,Autodesk,315.35,72,41,48,13,174,57,9,4,18,88,262
RL,Ralph Lauren Corporation,285.81,63,40,88,33,224,8,1,4,25,38,262
TMUS,T-Mobile US,237.73,48,-39,88,138,235,-9,1,-2,34,24,259
KO,Coca-Cola Company (The),71.03,26,5,22,181,234,-10,2,17,13,22,256
FFIV,"F5, Inc.",299.15,38,37,88,13,176,8,51,4,16,79,255
KEY,KeyCorp,18.31,73,38,2,3,116,80,44,2,12,138,254
GRMN,Garmin,214.4,45,11,106,18,180,60,3,-11,20,72,252
DE,Deere & Company,510.28,0,40,43,108,191,15,-3,39,9,60,251
HPE,Hewlett Packard Enterprise,20.91,59,34,1,41,135,54,8,1,53,116,251
GLW,Corning Inc.,52.42,66,37,13,16,132,60,44,2,13,119,251
MAR,Marriott International,278.4,62,38,3,57,160,57,6,1,26,90,250
DOV,Dover Corporation,187.33,58,27,0,105,190,54,1,-13,18,60,250
DTE,DTE Energy,131.15,-7,0,68,188,249,-13,-19,21,12,1,250
PNC,PNC Financial Services,196.29,73,28,1,13,115,76,43,1,13,133,248
FITB,Fifth Third Bancorp,43.07,73,14,1,21,109,78,43,1,15,137,246
EBAY,eBay Inc.,75.89,2,47,71,13,133,24,-3,76,15,112,245
ALLE,Allegion,148.16,67,50,3,20,140,76,4,4,21,105,245
HAS,Hasbro,76.55,67,38,8,2,115,66,49,4,10,129,244
CFG,Citizens Financial Group,47.08,76,26,2,3,107,80,43,1,13,137,244
AMGN,Amgen,293.03,24,3,1,164,192,23,1,-8,35,51,243
WMB,Williams Companies,58.5,-23,37,106,51,171,-19,29,4,56,70,241
PANW,Palo Alto Networks,201.43,0,38,11,80,129,2,49,4,56,111,240
NI,NiSource,39.64,-17,35,68,44,130,-14,27,83,13,109,239
ALL,Allstate,194.55,-3,0,91,158,246,-15,-14,5,16,-8,238
CTVA,Corteva,76.6,32,51,47,0,130,43,51,4,10,108,238
BX,Blackstone Inc.,153.05,59,9,0,105,173,54,7,-18,20,63,236
LDOS,Leidos,164.33,67,50,0,22,139,64,7,7,18,96,235
VRSK,Verisk Analytics,308.13,1,2,62,113,178,-14,-10,53,27,56,234
CCL,Carnival,29.31,63,37,11,0,111,57,45,2,18,122,233
LLY,Lilly (Eli),772.61,-21,0,-1,171,149,-29,17,-1,95,82,231
FTNT,Fortinet,106.67,10,37,48,112,207,4,1,4,12,21,228
NSC,Norfolk Southern,259.98,80,37,5,3,125,35,51,4,13,103,228
SYK,Stryker Corporation,392.5,1,38,11,158,208,-14,4,2,28,20,228
IDXX,Idexx Laboratories,545.1,57,45,8,3,113,65,51,4,-7,113,226
KKR,KKR & Co.,135.57,59,27,0,102,188,10,20,-14,20,36,224
VICI,Vici Properties,32.88,24,19,52,14,109,22,19,17,56,114,223
MO,Altria,60.26,7,35,64,44,150,10,26,20,15,71,221
PFG,Principal Financial Group,80.21,62,9,1,54,126,73,4,1,17,95,221
GILD,Gilead Sciences,111.79,37,32,45,34,148,40,-7,2,38,73,221
BRO,Brown & Brown,107.78,-17,-47,110,162,208,-16,7,-4,25,12,220
FICO,Fair Isaac,1869.71,10,2,0,165,177,20,7,-22,30,35,212
STE,Steris,233.29,-10,0,8,194,192,-10,-10,16,24,20,212
SHW,Sherwin-Williams,346.18,2,0,0,189,191,-3,1,4,18,20,211
DRI,Darden Restaurants,216.0,-7,57,38,60,148,-6,-2,42,29,63,211
NXPI,NXP Semiconductors,226.0,46,22,-19,62,111,54,46,1,-4,97,208
WYNN,Wynn Resorts,108.67,94,40,2,2,138,66,6,4,-7,69,207
AON,Aon plc,353.17,-7,-1,0,176,168,6,-14,-9,55,38,206
TSCO,Tractor Supply,56.78,24,4,1,84,113,22,14,-27,84,93,206
FCX,Freeport-McMoRan,45.13,49,38,1,57,145,17,44,4,-5,60,205
ANSS,Ansys,363.09,45,38,11,10,104,57,17,4,22,100,204
LOW,Lowe's,224.97,57,0,-14,165,208,-3,2,-21,18,-4,204
VRTX,Vertex Pharmaceuticals,459.4,23,0,1,103,127,22,2,17,36,77,204
KMI,Kinder Morgan,28.35,-4,36,86,43,161,-19,9,2,51,43,204
ANET,Arista Networks,101.48,55,23,1,57,136,8,19,-15,55,67,203
NOW,ServiceNow,1035.14,48,39,2,81,170,8,1,2,21,32,202
TKO,TKO Group Holdings,176.25,-2,48,65,39,150,-16,15,4,49,52,202
KIM,Kimco Realty,21.2,23,37,0,54,114,22,51,2,13,88,202
KR,Kroger,71.44,0,11,73,66,150,-15,8,44,14,51,201
ROK,Rockwell Automation,339.02,45,41,9,14,109,54,43,4,-10,91,200
TFC,Truist Financial,45.19,73,12,1,3,89,76,20,1,13,110,199
NCLH,Norwegian Cruise Line Holdings,21.47,59,9,0,0,68,85,39,-14,19,129,197
ATO,Atmos Energy,152.81,-18,-4,68,44,90,-14,-3,79,44,106,196
LHX,L3Harris,256.47,23,60,6,4,93,31,53,6,13,103,196
MMM,3M,151.83,62,38,68,13,181,-9,3,4,13,11,192
MLM,Martin Marietta Materials,556.45,38,47,0,59,144,35,-18,4,26,47,191
LVS,Las Vegas Sands,48.36,63,38,0,0,101,57,44,1,-13,89,190
TTWO,Take-Two Interactive,242.53,7,58,39,12,116,1,15,39,19,74,190
PG,Procter & Gamble,160.5,24,-15,0,178,187,-1,-13,-8,25,3,190
HII,Huntington Ingalls Industries,253.54,50,77,2,5,134,43,8,10,-8,53,187
IRM,Iron Mountain,100.29,-6,43,0,56,93,-17,51,4,55,93,186
MSCI,MSCI Inc.,588.0,59,36,2,13,110,55,1,1,19,76,186
VST,Vistra Corp.,193.77,1,37,13,29,80,8,50,2,44,104,184
CB,Chubb Limited,279.87,-8,-3,95,57,141,-14,-14,16,55,43,184
TXT,Textron,81.37,59,38,-29,52,120,15,48,4,-4,63,183
SNA,Snap-on,317.16,25,0,0,58,83,54,1,-13,56,98,181
HCA,HCA Healthcare,378.93,-9,52,8,96,147,-10,5,10,28,33,180
MPC,Marathon Petroleum,176.42,23,40,1,48,112,27,44,4,-7,68,180
UBER,Uber,96.67,59,50,12,0,121,16,7,10,25,58,179
AMZN,Amazon,223.48,44,28,11,20,103,13,43,1,19,76,179
WSM,"Williams-Sonoma, Inc.",169.21,46,4,2,64,116,47,6,-11,20,62,178
CRWD,CrowdStrike,505.48,2,51,39,0,92,10,53,4,19,86,178
GEN,Gen Digital,30.1,26,41,9,15,91,24,43,4,15,86,177
ABT,Abbott Laboratories,133.68,-16,35,50,12,81,-12,53,42,13,96,177
ZBRA,Zebra Technologies,317.15,63,24,0,-6,81,54,43,-15,12,94,175
IVZ,Invesco,16.72,63,14,1,1,79,73,10,1,12,96,175
CINF,Cincinnati Financial,146.3,0,44,79,61,184,-14,-13,4,14,-9,175
EXPD,Expeditors International,116.1,26,6,0,130,162,38,6,-31,-2,11,173
XYL,Xylem Inc.,131.0,57,38,2,21,118,23,7,4,21,55,173
PHM,PulteGroup,108.17,62,11,-17,64,120,36,15,-28,28,51,171
TRV,Travelers Companies (The),259.05,-17,0,85,57,125,-14,-14,18,55,45,170
MCHP,Microchip Technology,71.49,73,38,0,2,113,15,44,4,-6,57,170
RMD,ResMed,256.41,13,44,11,12,80,24,50,3,12,89,169
NEM,Newmont,60.16,21,62,13,4,100,23,24,13,9,69,169
TDY,Teledyne Technologies,515.47,46,37,46,13,142,1,7,4,14,26,168
PEG,Public Service Enterprise Group,82.3,-3,17,0,151,165,-15,24,-22,16,3,168
HD,Home Depot (The),367.57,1,0,-6,179,174,-9,3,-18,18,-6,168
PNW,Pinnacle West Capital,90.09,25,-3,62,17,101,23,2,16,25,66,167
CSCO,Cisco,68.93,1,38,42,13,94,1,44,4,24,73,167
NOC,Northrop Grumman,508.17,15,5,4,57,81,37,25,11,11,84,165
HIG,Hartford (The),123.5,-17,0,88,56,127,-14,-18,15,55,38,165
CARR,Carrier Global,74.65,60,45,2,0,107,23,6,4,25,58,165
GNRC,Generac,148.33,66,22,-14,-33,41,73,40,1,9,123,164
ABBV,AbbVie,187.55,23,0,11,57,91,23,-6,-8,63,72,163
ULTA,Ulta Beauty,476.49,26,48,6,3,83,31,51,6,-8,80,163
EXPE,Expedia Group,177.81,38,11,43,10,102,57,1,-12,13,59,161
DIS,Walt Disney Company (The),123.19,58,38,9,0,105,8,42,4,2,56,161
PSX,Phillips 66,126.39,23,37,0,40,100,23,39,3,-4,61,161
VLO,Valero Energy,143.75,17,38,0,43,98,23,40,3,-4,62,160
PPL,PPL Corporation,33.69,0,-15,70,22,77,-14,2,82,13,83,160
ECL,Ecolab,271.76,33,36,10,21,100,31,5,4,18,58,158
CSX,CSX Corporation,33.05,46,37,-30,3,56,60,41,4,-5,100,156
LMT,Lockheed Martin,468.93,1,5,-23,164,147,7,-1,4,-1,9,156
SPG,Simon Property Group,164.97,44,7,1,34,86,41,6,2,20,69,155
VLTO,Veralto,102.73,59,38,0,0,97,54,1,3,0,58,155
AEP,American Electric Power,104.19,29,2,67,22,120,1,4,17,13,35,155
IR,Ingersoll Rand,87.0,59,37,-15,22,103,15,7,1,28,51,154
LH,Labcorp,257.81,-6,44,49,14,101,-12,44,2,17,51,152
EL,EstÃ©e Lauder Companies (The),85.78,94,28,0,-25,97,45,41,2,-34,54,151
LII,Lennox International,592.08,67,5,0,37,109,29,4,-17,26,42,151
SOLV,Solventum,76.23,56,11,0,0,67,54,39,-10,0,83,150
SRE,Sempra,74.38,-8,0,-9,180,163,-13,-15,2,13,-13,150
HSIC,Henry Schein,73.45,63,14,2,0,79,73,7,-13,2,69,148
CPRT,Copart,48.81,26,-29,-7,175,165,-3,-25,-17,27,-18,147
AEE,Ameren,95.88,10,-1,51,12,72,6,3,56,9,74,146
VMC,Vulcan Materials Company,267.04,37,4,0,59,100,35,-20,4,26,45,145
GWW,W. W. Grainger,1035.21,9,0,0,93,102,-4,-13,4,56,43,145
USB,U.S. Bancorp,47.79,59,38,1,3,101,22,7,1,14,44,145
DELL,Dell Technologies,124.75,16,38,0,31,85,8,51,4,-3,60,145
ETR,Entergy,81.71,-7,0,64,17,74,-15,-10,83,13,71,145
AOS,A. O. Smith,68.07,58,4,-36,57,83,59,2,4,-4,61,144
STLD,Steel Dynamics,133.5,22,4,1,54,81,15,-13,4,56,62,143
NTAP,NetApp,105.48,0,23,-19,56,60,10,51,1,21,83,143
APO,Apollo Global Management,141.54,0,20,0,96,116,10,8,-17,25,26,142
NWSA,News Corp (Class A),29.38,0,38,3,57,98,8,11,4,20,43,141
DGX,Quest Diagnostics,173.95,-17,0,62,17,62,-14,18,62,13,79,141
CMG,Chipotle Mexican Grill,55.46,2,22,0,79,103,-7,15,1,28,37,140
BKR,Baker Hughes,39.1,17,0,1,34,52,39,37,-13,25,88,140
DLTR,Dollar Tree,104.25,26,55,0,-14,67,20,54,19,-21,72,139
BRK-B,Berkshire Hathaway,478.0,-17,-23,118,61,139,-9,-35,19,25,0,139
DLR,Digital Realty,171.61,1,44,0,21,66,-3,51,4,18,70,136
NDSN,Nordson Corporation,218.81,33,37,-30,0,40,54,43,4,-6,95,135
SWKS,Skyworks Solutions,76.21,59,36,-37,-29,29,63,46,1,-4,106,135
CMI,Cummins,327.85,45,10,0,64,119,-1,1,-15,29,14,133
SYY,Sysco,76.72,26,25,1,2,54,27,38,1,13,79,133
GM,General Motors,51.81,39,20,1,10,70,38,12,1,12,63,133
BA,Boeing,218.51,38,51,2,0,91,45,2,4,-10,41,132
K,Kellanova,79.62,30,-18,63,20,95,40,-15,-1,12,36,131
AIZ,Assurant,191.59,-17,-3,0,151,131,-14,-5,1,18,0,131
F,Ford Motor Company,11.6,42,52,1,-16,79,37,14,4,-4,51,130
XOM,ExxonMobil,111.12,0,4,0,43,47,15,16,3,49,83,130
BLDR,Builders FirstSource,124.91,67,4,-22,64,113,33,10,-26,-2,15,128
PKG,Packaging Corporation of America,201.3,24,6,0,60,90,32,1,-20,25,38,128
GEV,GE Vernova,530.41,10,50,0,0,60,10,53,5,0,68,128
CTSH,Cognizant,80.46,26,10,10,13,59,50,1,1,17,69,128
APD,Air Products,289.01,53,9,0,15,77,15,39,-13,9,50,127
NUE,Nucor,137.04,89,15,-49,2,57,59,16,1,-7,69,126
META,Meta Platforms,718.64,0,38,11,28,77,-20,43,2,22,47,124
GE,GE Aerospace,248.61,0,49,13,26,88,-24,7,24,28,35,123
DECK,Deckers Brands,105.77,25,-17,-18,92,82,54,-29,-14,30,41,123
QCOM,Qualcomm,158.08,0,23,-19,21,25,54,46,2,-4,98,123
EOG,EOG Resources,119.6,-6,17,0,44,55,15,18,-15,50,68,123
REG,Regency Centers,69.91,-7,0,62,52,107,-12,6,4,18,16,123
WEC,WEC Energy Group,104.31,1,-8,49,12,54,6,-10,62,10,68,122
FOXA,Fox Corporation (Class A),54.84,-7,37,62,0,92,7,7,2,13,29,121
COIN,Coinbase,357.03,0,37,3,0,40,9,51,3,17,80,120
XEL,Xcel Energy,67.88,1,-3,45,11,54,1,3,53,8,65,119
ISRG,Intuitive Surgical,534.64,0,7,88,21,116,-5,-19,2,25,3,119
DG,Dollar General,116.18,47,79,0,-16,110,-9,27,16,-25,9,119
PRU,Prudential Financial,106.46,0,28,0,54,82,-1,20,0,18,37,119
FSLR,First Solar,177.13,31,3,-33,61,62,54,3,4,-5,56,118
AMD,Advanced Micro Devices,134.83,-7,37,-36,109,103,-27,44,4,-6,15,118
MET,MetLife,79.18,-3,37,3,57,94,-5,9,2,17,23,117
UAL,United Airlines Holdings,81.12,38,11,1,10,60,54,1,-14,15,56,116
LNT,Alliant Energy,61.95,23,2,62,13,100,22,-22,4,12,16,116
TROW,T. Rowe Price,98.89,61,23,-17,-24,43,71,7,-19,12,71,114
AIG,American International Group,83.03,-17,35,22,52,92,-14,-2,17,20,21,113
CI,Cigna,313.56,-11,-1,3,57,48,-14,7,14,56,63,111
CPAY,Corpay,332.16,23,0,0,20,43,54,-12,2,24,68,111
FIS,Fidelity National Information Services,80.86,1,53,0,0,54,-8,51,3,10,56,110
HST,Host Hotels & Resorts,16.01,23,38,-26,1,36,22,51,2,-5,70,106
SBUX,Starbucks,93.66,24,6,4,2,36,33,37,-9,6,67,103
NVR,"NVR, Inc.",7575.0,45,7,-17,64,99,-1,3,-26,28,4,103
DHI,D. R. Horton,130.99,65,11,-22,64,118,-1,15,-29,-1,-16,102
GEHC,GE HealthCare,74.6,47,7,-14,0,40,54,12,-12,7,61,101
EXR,Extra Space Storage,148.96,24,35,0,0,59,22,4,4,12,42,101
HES,Hess Corporation,143.38,2,3,1,54,60,22,23,-5,-1,39,99
CL,Colgate-Palmolive,93.35,28,3,0,22,53,38,-10,-8,25,45,98
ES,Eversource Energy,64.41,23,41,9,-9,64,37,-8,4,1,34,98
AFL,Aflac,102.88,-3,-3,2,57,53,-14,6,-2,54,44,97
MOS,Mosaic Company (The),37.69,28,58,10,-15,81,28,8,9,-29,16,97
EQT,EQT Corporation,56.15,-24,44,35,41,96,-53,9,35,9,0,96
UHS,Universal Health Services,181.54,51,0,-5,21,67,-2,4,2,25,29,96
CSGP,CoStar Group,81.6,24,20,0,13,57,15,15,17,-8,39,96
UNH,UnitedHealth Group,303.76,0,-54,-12,-3,-69,-9,12,-25,183,161,92
MDT,Medtronic,87.68,31,4,5,0,40,29,19,-8,12,52,92
JNJ,Johnson & Johnson,155.27,24,4,2,6,36,57,2,-8,5,56,92
MAS,Masco,65.31,41,4,-14,64,95,-1,4,-26,20,-3,92
CVX,Chevron Corporation,147.38,1,0,1,47,49,22,21,-6,5,42,91
ED,Consolidated Edison,99.71,0,-22,22,46,46,-6,-10,16,44,44,90
CHTR,Charter Communications,408.34,61,6,12,-35,44,32,4,4,5,45,89
BALL,Ball Corporation,58.44,24,38,-29,-10,23,15,50,4,-4,65,88
ABNB,Airbnb,136.97,24,23,0,0,47,54,-10,1,-4,41,88
D,Dominion Energy,56.44,63,36,8,-33,74,-3,4,4,9,14,88
CNP,CenterPoint Energy,36.23,0,-4,43,44,83,-15,-32,37,14,4,87
OTIS,Otis Worldwide,99.78,59,5,2,0,66,-4,6,-8,25,19,85
MU,Micron Technology,119.93,-23,37,3,21,38,3,43,4,-4,46,84
CMS,CMS Energy,69.64,4,-30,70,22,66,24,-36,16,13,17,83
SMCI,Supermicro,47.12,0,14,0,57,71,-7,37,-10,-8,12,83
TRGP,Targa Resources,172.5,0,0,0,50,50,-22,15,-14,53,32,82
PARA,Paramount Global,12.52,78,39,2,-38,81,-6,45,6,-44,1,82
IP,International Paper,49.87,38,3,0,15,56,24,1,-14,15,26,82
DD,DuPont,73.01,45,9,-15,18,57,22,4,1,-2,25,82
LUV,Southwest Airlines,33.78,33,37,10,-38,42,33,1,2,3,39,81
FOX,Fox Corporation (Class B),50.38,-7,37,61,0,91,-27,7,1,8,-11,80
KDP,Keurig Dr Pepper,33.79,24,0,1,1,26,23,8,12,11,54,80
DAL,Delta Air Lines,50.01,40,10,-7,18,61,8,1,-15,25,19,80
O,Realty Income,57.53,1,34,4,6,45,-1,20,4,12,35,80
CF,CF Industries,95.18,0,37,9,3,49,24,-4,4,7,31,80
PPG,PPG Industries,115.45,62,38,-40,-7,53,23,6,4,-7,26,79
TMO,Thermo Fisher Scientific,418.71,47,0,-16,-4,27,64,3,-15,-2,50,77
TYL,Tyler Technologies,590.02,12,10,1,16,39,6,37,-22,17,38,77
ADM,Archer Daniels Midland,54.55,24,39,0,-10,53,24,15,4,-19,24,77
CEG,Constellation Energy,318.25,0,38,10,0,48,1,6,4,18,29,77
PYPL,PayPal,76.18,59,28,0,-38,49,35,3,-18,8,28,77
OMC,Omnicom Group,73.84,32,-1,-21,1,11,38,4,-26,49,65,76
VZ,Verizon,42.81,31,-1,24,9,63,-5,-14,17,13,11,74
TER,Teradyne,90.61,75,9,-23,-5,56,-1,39,-17,-4,17,73
AMT,American Tower,219.92,1,16,10,5,32,-5,21,14,10,40,72
ESS,Essex Property Trust,283.61,-5,20,0,13,28,7,18,4,13,42,70
JBHT,J.B. Hunt,149.53,47,7,-25,0,29,62,10,-22,-9,41,70
WBA,Walgreens Boots Alliance,11.55,45,38,0,-76,7,45,53,-1,-34,63,70
EFX,Equifax,264.32,26,5,0,15,46,25,-23,4,17,23,69
EXC,Exelon,43.18,15,-27,49,13,50,-14,3,20,9,18,68
SW,Smurfit Westrock,46.86,39,4,0,0,43,40,1,-17,0,24,67
VTRS,Viatris,9.2,45,12,-19,-6,32,23,16,-23,18,34,66
MGM,MGM Resorts,37.04,40,18,-50,0,8,53,12,1,-8,58,66
AMCR,Amcor,9.68,45,4,-14,0,35,54,6,-29,-1,30,65
VTR,Ventas,63.01,1,-27,66,21,61,7,-34,17,14,4,65
ACGL,Arch Capital Group,89.41,-17,-3,-2,61,39,-15,-14,4,50,25,64
NEE,NextEra Energy,74.76,19,4,0,1,24,21,2,4,12,39,63
FDX,FedEx,235.13,26,6,-20,31,43,34,11,-22,-3,20,63
MHK,Mohawk Industries,107.23,47,0,-20,-10,17,57,4,-28,13,46,63
KEYS,Keysight Technologies,162.48,0,38,10,0,48,1,5,2,4,12,60
KMB,Kimberly-Clark,131.7,24,-15,0,17,26,28,-15,-5,25,33,59
CHRW,C.H. Robinson,96.76,38,6,0,3,47,38,-13,-21,7,11,58
ACN,Accenture,300.48,31,0,-17,13,27,24,1,-13,18,30,57
OKE,Oneok,80.18,-7,-10,-7,53,29,-1,-6,-19,50,24,53
APTV,Aptiv,72.01,38,38,1,-23,54,23,4,4,-35,-4,50
EA,Electronic Arts,153.51,-4,14,2,6,18,-15,13,10,20,28,46
GL,Globe Life,121.2,-6,2,39,13,48,-11,4,-3,7,-3,45
GPC,Genuine Parts Company,125.52,31,5,0,0,36,34,-13,4,-16,9,45
TGT,Target Corporation,101.59,38,4,-25,-10,7,57,18,-33,-5,37,44
WTW,Willis Towers Watson,305.33,54,-50,2,23,29,7,-14,-9,28,12,41
RVTY,Revvity,98.71,62,0,-14,-23,25,17,14,-19,2,14,39
IT,Gartner,399.59,0,-15,-15,57,27,-13,-18,-13,56,12,39
ROST,Ross Stores,130.77,23,-15,-7,34,35,-7,-23,5,28,3,38
PFE,Pfizer,25.24,24,19,-27,-22,-6,24,44,1,-27,42,36
FI,Fiserv,173.32,14,-64,-8,34,-24,30,9,-9,26,56,32
EQIX,Equinix,776.77,-8,-2,-2,33,21,-5,-8,-2,25,10,31
AWK,American Water Works,139.93,0,-1,20,0,19,-5,-7,16,7,11,30
HPQ,HP Inc.,25.35,41,0,-19,0,22,15,1,-23,15,8,30
CCI,Crown Castle,101.83,26,11,1,-27,11,-4,10,14,-1,19,30
BXP,"BXP, Inc.",67.33,-7,36,-2,0,27,-11,-3,4,12,2,29
CRM,Salesforce,269.77,0,0,-7,21,14,5,3,-15,20,13,27
EPAM,EPAM Systems,179.97,48,9,-20,-26,11,59,2,-11,-36,14,25
FTV,Fortive,53.02,5,4,-15,32,26,22,-10,-11,-4,-3,23
DVA,DaVita,142.86,2,0,0,19,21,-8,6,-14,18,2,23
SBAC,SBA Communications,233.55,1,11,10,-19,3,-5,10,11,4,20,23
AVY,Avery Dennison,180.32,24,4,-29,1,0,22,4,1,-4,23,23
ON,ON Semiconductor,54.65,22,23,-31,0,14,15,44,-37,-14,8,22
UDR,"UDR, Inc.",40.93,1,0,0,1,2,6,-3,4,12,19,21
CMCSA,Comcast,35.44,41,10,-29,-8,14,-5,15,1,-7,4,18
WST,West Pharmaceutical Services,221.57,24,21,-21,-6,18,7,21,-21,-7,0,18
IPG,Interpublic Group of Companies (The),25.16,67,4,-37,0,34,27,6,-34,-16,-17,17
A,Agilent Technologies,119.26,1,12,-17,0,-4,-3,41,-14,-4,20,16
SWK,Stanley Black & Decker,69.3,45,4,-23,-38,-12,54,4,-29,-1,28,16
CPT,Camden Property Trust,113.35,0,0,0,0,0,9,-8,4,10,15,15
FE,FirstEnergy,39.84,-16,-3,0,54,35,-14,-23,4,13,-20,15
DPZ,Domino's,453.23,1,-3,0,9,7,-8,-24,21,17,6,13
AVB,AvalonBay Communities,202.51,-21,2,0,15,-4,4,-1,-1,14,16,12
TPL,Texas Pacific Land Corporation,1034.0,-7,-25,-3,57,22,-1,-25,4,12,-10,12
TSN,Tyson Foods,55.74,32,-1,0,-27,4,-3,4,-5,10,6,10
PSA,Public Storage,292.03,2,0,-5,14,11,-3,-14,4,12,-1,10
MTD,Mettler Toledo,1188.33,2,23,-17,0,8,-3,43,-35,-4,1,9
DXCM,Dexcom,82.93,-2,42,0,-13,27,-16,1,4,-8,-19,8
GDDY,GoDaddy,178.69,0,0,0,21,21,1,-22,-13,21,-13,8
DOC,Healthpeak Properties,17.97,26,0,-11,-30,-15,22,18,-26,8,22,7
KMX,CarMax,68.78,24,0,-13,-35,-24,22,15,-17,10,30,6
WDAY,"Workday, Inc.",241.05,10,0,-4,13,19,8,-24,2,-1,-15,4
PODD,Insulet Corporation,300.71,-23,0,39,3,19,-16,-14,8,5,-17,2
HSY,Hershey Company (The),175.57,24,4,-39,0,-11,20,19,-8,-18,13,2
PEP,PepsiCo,134.46,32,0,-36,-2,-6,34,18,-33,-12,7,1
MKC,McCormick & Company,73.39,-7,0,0,-1,-8,-10,18,-8,9,9,1
LEN,Lennar,109.23,0,0,-24,63,39,-10,3,-29,-2,-38,1
EXE,Expand Energy,108.89,-27,0,35,0,8,-51,-2,35,9,-9,-1
EQR,Equity Residential,66.71,-6,0,0,12,6,6,-29,4,12,-7,-1
PLD,Prologis,106.31,1,4,-17,0,-12,18,-7,4,-4,11,-1
DHR,Danaher Corporation,199.61,1,20,-23,0,-2,18,19,-34,-3,0,-2
WAT,Waters Corporation,346.86,-6,0,0,13,7,-12,3,-14,13,-10,-3
JKHY,Jack Henry & Associates,180.51,1,6,10,3,20,1,-14,-21,10,-24,-4
IQV,IQVIA,162.48,32,3,-34,-5,-4,22,19,-36,-5,0,-4
EMN,Eastman Chemical Company,78.25,24,-1,-15,0,8,15,1,-29,-1,-14,-6
BBY,Best Buy,70.52,24,4,-18,-5,5,17,1,-29,-1,-12,-7
NKE,"Nike, Inc.",76.55,43,6,-71,-20,-42,61,6,1,-35,33,-9
MAA,Mid-America Apartment Communities,150.1,14,-24,0,0,-10,23,-31,-2,10,0,-10
INCY,Incyte,67.27,-19,24,0,-30,-25,-13,46,-25,6,14,-11
CVS,CVS Health,66.67,-7,11,4,-16,-8,-14,17,19,-27,-5,-13
LKQ,LKQ Corporation,38.27,23,-15,0,0,8,23,-21,-8,-16,-22,-14
SJM,J.M. Smucker Company (The),103.54,31,-18,-6,-3,4,24,-18,-4,-22,-20,-16
WBD,Warner Bros. Discovery,11.02,0,18,6,-41,-17,4,38,2,-44,0,-17
MTCH,Match Group,31.83,24,22,-20,-36,-10,24,30,-27,-37,-10,-20
DAY,Dayforce,56.6,2,0,-14,-11,-23,24,-8,-18,4,2,-21
IEX,IDEX Corporation,179.33,24,0,-22,0,2,23,-22,-22,-5,-26,-24
EW,Edwards Lifesciences,76.71,0,12,0,-13,-1,-16,3,24,-34,-23,-24
GPN,Global Payments,80.06,59,0,-21,-38,0,-5,6,-18,-9,-26,-26
ZTS,Zoetis,157.07,3,0,-29,-2,-28,15,-12,3,-4,2,-26
CRL,Charles River Laboratories,153.9,47,23,-48,-25,-3,-1,41,-57,-7,-24,-27
MRK,Merck & Co.,80.9,24,0,-41,-3,-20,24,18,-45,-5,-8,-28
MRNA,Moderna,29.92,45,1,-49,-3,-6,60,3,-49,-38,-24,-30
ERIE,Erie Indemnity,341.28,-3,-50,-11,38,-26,6,-11,-29,30,-4,-30
FRT,Federal Realty Investment Trust,94.25,-6,4,-17,1,-18,6,-8,-23,13,-12,-30
BMY,Bristol Myers Squibb,46.49,-6,0,-3,-4,-13,-6,-7,-8,4,-17,-30
COO,Cooper Companies (The),73.3,38,-25,-21,-4,-12,38,-29,-26,-2,-19,-31
HRL,Hormel Foods,30.51,1,7,-4,-22,-18,-7,17,4,-29,-15,-33
LYB,LyondellBasell,60.73,23,0,-38,0,-15,23,14,-52,-6,-21,-36
HOLX,Hologic,64.37,-11,26,-29,0,-14,-20,33,-29,-6,-22,-36
TSLA,"Tesla, Inc.",293.92,-40,0,0,9,-31,-7,10,-18,9,-6,-37
FANG,Diamondback Energy,137.93,-7,0,-23,46,16,-3,-4,-42,-4,-53,-37
LULU,Lululemon Athletica,237.49,30,-20,-5,-2,3,-3,-14,-14,-11,-42,-39
TECH,Bio-Techne,51.54,1,0,-21,-23,-43,15,14,-21,-5,3,-40
TAP,Molson Coors Beverage Company,48.98,19,-49,-7,0,-37,27,-23,-8,-2,-6,-43
IFF,International Flavors & Fragrances,75.01,16,0,-17,-30,-31,15,-9,-29,10,-13,-44
CZR,Caesars Entertainment,29.42,24,11,-20,-24,-9,24,6,-29,-36,-35,-44
PAYC,Paycom,232.39,2,0,13,-23,-8,7,-12,4,-36,-37,-45
POOL,Pool Corporation,296.17,24,-17,-17,-5,-15,-3,4,-23,-8,-30,-45
INVH,Invitation Homes,32.3,-52,0,-2,0,-54,-13,-8,15,13,7,-47
KVUE,Kenvue,20.92,-5,-22,0,0,-27,-13,-23,13,2,-21,-48
DVN,Devon Energy,32.69,0,4,-44,-4,-44,15,-1,3,-21,-4,-48
AKAM,Akamai Technologies,79.06,0,5,-20,-6,-21,-13,13,-20,-9,-29,-50
WY,Weyerhaeuser,25.66,-6,-1,-17,0,-24,15,-5,-29,-7,-26,-50
EIX,Edison International,50.49,0,-21,-26,-1,-48,-7,-22,-23,49,-3,-51
SLB,Schlumberger,34.95,2,0,-64,0,-62,36,-1,-15,-9,11,-51
CTRA,Coterra,24.82,-48,0,5,43,0,-59,-1,-6,12,-54,-54
ALGN,Align Technology,193.83,58,23,-61,-24,-4,29,12,-56,-37,-52,-56
COP,ConocoPhillips,92.54,0,3,-39,0,-36,23,16,-55,-7,-23,-59
CDW,CDW Corporation,177.35,0,38,-36,3,5,-1,1,-57,-7,-64,-59
REGN,Regeneron Pharmaceuticals,538.0,32,-25,-35,-3,-31,24,-22,-36,-3,-37,-68
MOH,Molina Healthcare,232.67,-17,-30,-7,-1,-55,-10,4,-3,-7,-16,-71
AES,AES Corporation,11.52,17,2,-36,-10,-27,21,3,-47,-23,-46,-73
ELV,Elevance Health,346.99,-17,-3,-38,0,-58,-14,4,-4,-2,-16,-74
PCG,PG&E Corporation,13.63,-9,-22,-24,-1,-56,-12,-24,-23,39,-20,-76
BDX,Becton Dickinson,172.95,26,-91,-22,-4,-91,35,4,-13,-14,12,-79
ARE,Alexandria Real Estate Equities,75.02,23,0,-31,-29,-37,22,12,-42,-34,-42,-79
EG,Everest Group,334.01,-17,-19,-30,54,-12,-14,-19,-31,-4,-68,-80
MKTX,MarketAxess,222.02,2,1,-22,-28,-47,-10,-2,4,-43,-51,-98
OXY,Occidental Petroleum,43.36,0,4,-49,0,-45,15,-1,-53,-15,-54,-99
KHC,Kraft Heinz,26.08,24,-51,-36,-3,-66,23,-41,-8,-9,-35,-101
DOW,Dow Inc.,27.5,0,-12,-37,0,-49,15,-8,-52,-7,-52,-101
UPS,United Parcel Service,100.88,38,0,-100,-15,-77,-1,38,-28,-33,-24,-101
STZ,Constellation Brands,170.41,23,-21,-39,-2,-39,24,-25,-55,-7,-63,-102
ALB,Albemarle Corporation,65.52,45,3,-122,-22,-96,15,14,-21,-24,-16,-112
BAX,Baxter International,29.7,-4,-1,-17,-37,-59,-7,1,-8,-40,-54,-113
HAL,Halliburton,20.91,0,0,-57,-4,-61,15,-3,-56,-8,-52,-113
ADBE,Adobe Inc.,376.82,-17,-1,-30,-5,-53,-9,-15,-34,-4,-62,-115
INTC,Intel,22.0,-3,0,-63,-19,-85,-29,14,-11,-11,-37,-122
BIIB,Biogen,130.1,24,3,-78,-26,-77,17,-8,-41,-17,-49,-126
APA,APA Corporation,19.41,1,20,-79,-11,-69,37,-2,-83,-18,-66,-135
BG,Bunge Global,74.86,-30,-1,-38,0,-69,-67,-1,4,-4,-68,-137
HUM,Humana,237.15,-7,-1,-83,-11,-102,-9,6,-14,-19,-36,-138
LW,Lamb Weston,51.02,-15,-1,-66,-7,-89,-22,-5,-20,-13,-60,-149
BF-B,Brownâ€“Forman,27.78,31,-25,-97,-17,-108,36,-24,-29,-27,-44,-152
GIS,General Mills,51.83,0,-62,-35,-3,-100,-1,-8,-31,-18,-58,-158
ZBH,Zimmer Biomet,92.58,24,-61,-59,-16,-112,23,4,-58,-17,-48,-160
CNC,Centene Corporation,33.06,-17,-31,-38,-10,-96,-13,-29,-7,-27,-76,-172
CLX,Clorox,124.57,23,-126,-11,-4,-118,25,-84,-21,12,-68,-186
CAG,Conagra Brands,20.41,-7,-56,-26,-6,-95,-2,-70,-8,-22,-102,-197
CPB,Campbell's Company (The),30.82,-7,-63,-26,-5,-101,-7,-73,-33,-4,-117,-218
ENPH,Enphase Energy,42.46,23,-122,-40,-19,-158,14,-63,-47,-23,-119,-277
