Symbol,Name,Close,1H Cloud Score,1D Cloud Score,1W Cloud Score,1M Cloud Score,Cloud Score Sum,1H TKx Score,1D TKx Score,1W TKx Score,1M TKx Score,TKx Score Sum,Total Score Sum
TJX,TJX Companies,124.77,0,0,140,196,336,4,-14,109,191,290,626
RSG,Republic Services,250.67,1,27,116,175,319,-2,18,85,158,259,578
ORLY,Oâ€™Reilly Automotive,91.28,5,-8,155,197,349,9,-3,46,87,139,488
AJG,Arthur J. Gallagher & Co.,324.06,6,-10,157,184,337,18,-5,20,105,138,475
PGR,Progressive Corporation,266.52,0,-9,97,175,263,7,-5,14,187,203,466
CTVA,Corteva,74.43,301,42,45,0,388,5,42,2,9,58,446
WM,Waste Management,234.72,-18,26,87,185,280,-30,18,19,157,164,444
JPM,JPMorgan Chase,278.25,36,31,115,156,338,33,42,2,24,101,439
IBM,IBM,289.17,101,34,101,52,288,5,42,48,54,149,437
WRB,W. R. Berkley Corporation,73.92,14,84,86,174,358,7,-4,16,53,72,430
COST,Costco,1004.78,2,38,109,178,327,-84,-5,2,182,95,422
MSFT,Microsoft,485.92,133,36,8,171,348,-5,44,2,23,64,412
ROL,"Rollins, Inc.",57.13,0,51,23,284,358,5,-1,15,33,52,410
HWM,Howmet Aerospace,175.61,14,42,140,27,223,5,42,84,52,183,406
WELL,Welltower,154.13,7,26,108,56,197,19,22,125,22,188,385
SO,Southern Company,90.66,7,2,68,188,265,8,18,15,77,118,383
RTX,RTX Corporation,145.8,114,28,69,52,263,-3,34,76,12,119,382
PM,Philip Morris International,184.93,7,102,62,53,224,7,44,77,25,153,377
NFLX,Netflix,1253.36,15,47,108,18,188,47,44,79,18,188,376
ICE,Intercontinental Exchange,179.74,1,35,104,159,299,-14,36,14,19,55,354
CTAS,Cintas,220.88,-34,49,11,163,189,-25,-1,5,185,164,353
AXON,Axon Enterprise,782.99,0,40,137,92,269,7,44,2,28,81,350
NRG,NRG Energy,152.05,-9,42,95,92,220,7,-3,105,19,128,348
ADP,Automatic Data Processing,309.46,0,32,77,178,287,4,-2,2,55,59,346
PWR,Quanta Services,365.76,37,36,9,97,179,47,44,2,70,163,342
GS,Goldman Sachs,647.08,83,29,84,56,252,28,40,2,19,89,341
CBOE,Cboe Global Markets,230.11,25,25,136,53,239,16,20,14,49,99,338
MMC,Marsh McLennan,219.09,0,-10,0,173,163,6,-5,-3,176,174,337
LYV,Live Nation Entertainment,150.69,27,30,86,145,288,27,4,1,14,46,334
BSX,Boston Scientific,102.35,3,6,136,142,287,1,-11,2,55,47,334
CHD,Church & Dwight,96.95,-42,0,-8,342,292,3,16,-6,23,36,328
COR,Cencora,293.1,1,106,36,69,212,-3,6,47,65,115,327
MCK,McKesson Corporation,721.68,0,102,34,56,192,-5,42,30,65,132,324
NDAQ,"Nasdaq, Inc.",86.74,4,35,68,142,249,17,42,2,12,73,322
BRO,Brown & Brown,110.88,28,-38,108,161,259,44,-5,-2,24,61,320
CAH,Cardinal Health,163.95,49,51,47,36,183,-4,42,40,55,133,316
WMT,Walmart,97.85,6,43,119,99,267,18,-3,2,27,44,311
CDNS,Cadence Design Systems,293.49,-24,41,9,139,165,-38,-1,2,178,141,306
PLTR,Palantir Technologies,139.9,0,42,108,0,150,-21,44,111,18,152,302
HUBB,Hubbell Incorporated,394.73,4,27,0,180,211,-7,45,-17,69,90,301
MSI,Motorola Solutions,410.71,0,-13,0,151,138,1,-4,-19,183,161,299
DUK,Duke Energy,116.94,6,0,68,181,255,8,6,14,14,42,297
MNST,Monster Beverage,63.21,-9,79,18,178,266,-24,42,11,2,31,297
AAPL,Apple Inc.,201.55,4,0,-2,249,251,12,-18,-17,69,46,297
BR,Broadridge Financial Solutions,240.39,0,28,106,143,277,-11,-1,2,23,13,290
MU,Micron Technology,122.08,105,28,1,20,154,100,34,2,-3,133,287
AZO,AutoZone,3705.5,7,1,86,84,178,15,-10,46,55,106,284
INTU,Intuit,762.73,0,42,9,189,240,-18,42,2,18,44,284
FAST,Fastenal,41.29,-25,51,115,104,245,-36,43,7,24,38,283
WMB,Williams Companies,60.47,14,28,104,50,196,10,20,2,55,87,283
DTE,DTE Energy,134.03,2,1,66,187,256,7,-10,19,11,27,283
TDG,TransDigm Group,1471.05,13,42,11,155,221,5,-3,2,55,59,280
TMUS,T-Mobile US,226.92,0,-30,86,137,193,3,-40,88,33,84,277
ORCL,Oracle Corporation,206.95,4,28,3,196,231,-16,35,2,25,46,277
YUM,Yum! Brands,141.38,-35,-21,20,257,221,2,-17,14,55,54,275
JBL,Jabil,208.34,35,32,11,63,141,34,42,3,55,134,275
RCL,Royal Caribbean Group,273.69,4,29,113,26,172,27,42,2,25,96,268
ALL,Allstate,198.33,-22,28,89,157,252,2,-5,3,15,15,267
TKO,TKO Group Holdings,175.57,35,39,63,38,175,33,6,2,48,89,264
KLAC,KLA Corporation,856.29,0,29,6,175,210,-16,44,2,24,54,264
ADI,Analog Devices,230.99,4,29,3,177,213,-10,35,2,24,51,264
NI,NiSource,40.51,7,26,66,43,142,9,18,81,12,120,262
CME,CME Group,272.7,8,3,46,134,191,16,-6,42,17,69,260
NWS,News Corp (Class B),33.18,21,32,104,56,213,33,-9,2,19,45,258
ROP,Roper Technologies,566.29,0,2,21,180,203,6,-11,36,24,55,258
MS,Morgan Stanley,133.99,21,29,68,62,180,20,40,2,14,76,256
MA,Mastercard,542.18,-42,0,118,153,229,-43,42,2,24,25,254
LLY,Lilly (Eli),770.48,-16,-4,-1,170,149,1,8,2,94,105,254
EMR,Emerson Electric,129.42,98,29,8,62,197,-5,35,2,24,56,253
DE,Deere & Company,513.97,-6,31,41,107,173,-8,42,37,8,79,252
T,AT&T,28.21,2,26,62,14,104,7,42,86,13,148,252
HIG,Hartford (The),127.46,2,43,86,55,186,7,-9,13,54,65,251
DRI,Darden Restaurants,221.33,0,48,36,59,143,-5,42,40,28,105,248
V,Visa Inc.,343.74,-42,1,129,131,219,-42,42,2,24,26,245
LMT,Lockheed Martin,472.46,1,7,-21,163,150,5,18,2,70,95,245
TRV,Travelers Companies (The),267.64,1,43,83,56,183,-5,-5,16,54,60,243
PANW,Palo Alto Networks,203.33,35,29,9,79,152,-10,40,2,55,87,239
AVGO,Broadcom,253.82,4,32,11,114,161,3,44,2,28,77,238
RJF,Raymond James Financial,150.96,35,28,84,56,203,40,-11,-12,17,34,237
TT,Trane Technologies,426.91,2,37,8,162,209,1,-3,2,27,27,236
EXE,Expand Energy,121.45,36,49,33,0,118,42,34,33,8,117,235
L,Loews Corporation,90.67,10,29,104,53,196,14,1,2,22,39,235
EBAY,eBay Inc.,76.81,-12,38,69,12,107,-5,42,74,14,125,232
AON,Aon plc,359.94,0,0,0,175,175,14,-5,-7,54,56,231
MDLZ,Mondelez International,68.5,14,2,1,180,197,14,16,11,-7,34,231
ETN,Eaton Corporation,332.96,3,29,0,112,144,-9,42,-17,70,86,230
ATO,Atmos Energy,156.37,8,1,66,43,118,14,-22,77,43,112,230
EQT,EQT Corporation,59.37,42,35,33,40,150,44,-6,33,8,79,229
COF,Capital One,201.58,4,35,86,19,144,25,42,2,16,85,229
VST,Vistra Corp.,186.55,41,28,11,28,108,49,41,-13,43,120,228
FDS,FactSet,437.03,7,1,-3,192,197,19,-11,1,21,30,227
TPR,"Tapestry, Inc.",85.76,35,29,72,19,155,27,35,-7,17,72,227
NVDA,Nvidia,144.18,4,28,6,132,170,-5,36,2,24,57,227
VRSN,Verisign,282.97,8,140,28,7,183,-14,8,44,5,43,226
DASH,DoorDash,230.33,37,28,89,0,154,12,41,2,16,71,225
CTRA,Coterra,26.72,105,7,3,42,157,40,21,-4,11,68,225
HON,Honeywell,224.66,-52,29,8,176,161,1,38,2,20,61,222
HCA,HCA Healthcare,378.67,23,43,6,95,167,25,-5,8,27,55,222
CB,Chubb Limited,288.17,0,1,93,56,150,6,-5,14,54,69,219
SPGI,S&P Global,514.53,4,29,8,170,211,8,-10,-10,19,7,218
LRCX,Lam Research,91.61,0,29,1,150,180,1,36,2,-3,36,216
MCD,McDonald's,289.45,-85,-10,44,240,189,-32,-13,14,55,24,213
KMI,Kinder Morgan,28.09,14,27,84,42,167,10,-3,-11,50,46,213
APH,Amphenol,95.22,8,42,11,63,124,17,44,2,25,88,212
UNP,Union Pacific Corporation,225.86,2,0,-6,196,192,4,10,-12,17,19,211
GOOG,Alphabet Inc. (Class C),166.01,-15,18,0,174,177,-15,40,-11,19,33,210
GOOGL,Alphabet Inc. (Class A),165.15,-15,18,0,174,177,-15,40,-11,19,33,210
SHW,Sherwin-Williams,343.77,0,0,-2,188,186,8,-4,2,17,23,209
SYK,Stryker Corporation,379.15,0,29,9,157,195,8,-9,-12,27,14,209
PEG,Public Service Enterprise Group,83.34,22,8,0,150,180,19,15,-20,15,29,209
BK,BNY Mellon,89.62,1,31,86,38,156,-3,35,2,17,51,207
MO,Altria,60.48,9,26,62,43,140,18,17,18,14,67,207
LIN,Linde plc,459.8,-34,27,5,108,106,-48,42,2,104,100,206
CSCO,Cisco,67.39,30,29,40,12,111,34,35,2,23,94,205
STE,Steris,236.91,-34,32,6,193,197,-28,-1,14,23,8,205
PAYX,Paychex,151.26,-64,35,76,165,212,-23,-2,5,12,-8,204
DGX,Quest Diagnostics,179.72,0,43,60,16,119,2,9,60,12,83,202
MPWR,Monolithic Power Systems,692.42,-20,29,-18,155,146,-11,39,2,24,54,200
NEM,Newmont,59.45,49,53,11,3,116,49,15,11,8,83,199
AMD,Advanced Micro Devices,129.59,35,28,-34,108,137,28,35,2,-5,60,197
AME,Ametek,177.29,-28,29,0,104,105,-5,-4,2,99,92,197
KR,Kroger,73.97,14,2,71,65,152,14,-25,42,13,44,196
BEN,Franklin Resources,22.9,78,32,0,0,110,58,42,2,-20,82,192
WFC,Wells Fargo,76.99,14,29,84,27,154,21,-4,2,17,36,190
PPL,PPL Corporation,34.3,7,-6,68,21,90,9,-1,80,12,100,190
AXP,American Express,299.61,4,29,9,97,139,1,42,-13,19,49,188
PG,Procter & Gamble,161.03,0,-6,0,177,171,3,-4,-6,24,17,188
TTWO,Take-Two Interactive,241.62,35,49,37,11,132,-5,6,37,18,56,188
ETR,Entergy,82.58,1,1,65,20,87,7,-1,81,12,99,186
CINF,Cincinnati Financial,147.23,0,35,77,60,172,1,-4,2,13,12,184
CAT,Caterpillar Inc.,366.25,4,28,0,62,94,16,35,-16,55,90,184
MPC,Marathon Petroleum,166.64,77,31,0,47,155,-3,35,2,-6,28,183
SRE,Sempra,75.77,6,5,-7,179,183,15,-6,-21,12,0,183
VRSK,Verisk Analytics,308.41,-70,38,60,112,140,-33,-1,51,26,43,183
TSCO,Tractor Supply,53.66,21,1,0,83,105,14,5,-25,83,77,182
FTNT,Fortinet,103.15,3,28,46,111,188,-18,-3,2,11,-8,180
IRM,Iron Mountain,103.07,4,34,0,55,93,-11,42,2,54,87,180
FICO,Fair Isaac,1879.3,14,0,0,164,178,8,-15,-20,29,2,180
GD,General Dynamics,282.33,7,51,0,52,110,5,6,2,55,68,178
XOM,ExxonMobil,111.71,0,8,1,42,51,69,7,1,48,125,176
AIG,American International Group,85.82,3,26,20,51,100,12,29,15,19,75,175
GE,GE Aerospace,247.87,3,40,11,25,79,7,40,22,27,96,175
EOG,EOG Resources,122.0,0,8,1,43,52,77,9,-13,49,122,174
EVRG,Evergy,68.48,6,10,50,12,78,9,10,69,8,96,174
SCHW,Charles Schwab Corporation,88.34,2,42,69,9,122,-5,42,2,12,51,173
VICI,Vici Properties,32.81,7,10,50,13,80,12,10,15,55,92,172
FFIV,"F5, Inc.",295.28,4,28,86,12,130,-19,42,2,15,40,170
AIZ,Assurant,199.69,1,2,0,150,153,-22,33,-12,17,16,169
JCI,Johnson Controls,103.34,0,37,67,17,121,-14,42,2,16,46,167
REG,Regency Centers,72.28,7,27,60,51,145,17,-14,2,17,22,167
RL,Ralph Lauren Corporation,270.55,4,31,86,32,153,-10,-4,2,24,12,165
CVX,Chevron Corporation,146.84,77,0,1,46,124,28,12,-4,4,40,164
HD,Home Depot (The),356.91,0,-4,-4,178,170,6,-14,-16,17,-7,163
DLTR,Dollar Tree,100.52,84,46,0,-13,117,4,45,17,-20,46,163
NWSA,News Corp (Class A),28.87,21,29,1,56,107,33,2,2,19,56,163
KO,Coca-Cola Company (The),69.73,-39,0,20,180,161,-43,17,15,12,1,162
NTRS,Northern Trust,120.8,35,29,8,9,81,33,35,2,11,81,162
J,Jacobs Solutions,128.24,0,27,0,104,131,-14,42,-16,17,29,160
WDC,Western Digital,60.39,35,29,4,16,84,33,40,2,1,76,160
AMGN,Amgen,272.45,-21,-1,0,163,141,-28,17,-6,34,17,158
ABT,Abbott Laboratories,133.25,-25,26,48,11,60,2,44,40,12,98,158
C,Citigroup,79.38,21,29,11,16,77,27,39,2,12,80,157
BALL,Ball Corporation,56.69,96,29,-27,-9,89,27,41,2,-3,67,156
BKNG,Booking Holdings,5332.4,-56,41,128,33,146,-16,-1,2,24,9,155
TEL,TE Connectivity,165.8,3,35,8,60,106,-11,41,2,16,48,154
BAC,Bank of America,46.29,21,29,9,16,75,29,36,2,12,79,154
AMP,Ameriprise Financial,519.17,4,28,1,62,95,5,-4,-12,69,58,153
SYF,Synchrony Financial,63.26,21,29,9,19,78,26,42,-12,16,72,150
STT,State Street Corporation,100.82,20,31,9,14,74,26,36,1,12,75,149
STX,Seagate Technology,132.96,34,29,6,20,89,2,40,2,16,60,149
CBRE,CBRE Group,138.61,7,13,84,20,124,14,9,-11,12,24,148
AFL,Aflac,104.85,21,1,0,56,78,40,-25,2,53,70,148
DELL,Dell Technologies,118.01,31,29,-17,30,73,33,42,2,-2,75,148
PTC,PTC Inc.,166.42,-25,28,-18,180,165,-22,-1,-19,24,-18,147
COIN,Coinbase,307.48,22,28,1,0,51,32,42,1,16,91,142
URI,United Rentals,716.54,4,29,-2,62,93,19,-4,-21,55,49,142
CRWD,CrowdStrike,491.82,6,42,37,0,85,-9,44,2,18,55,140
TRMB,Trimble Inc.,72.71,4,29,71,2,106,1,34,-12,10,33,139
WEC,WEC Energy Group,105.5,2,1,47,11,61,9,-1,60,9,77,138
NSC,Norfolk Southern,256.58,21,28,3,2,54,27,42,2,12,83,137
KIM,Kimco Realty,21.23,4,28,0,53,85,17,42,-20,12,51,136
RMD,ResMed,254.5,14,35,9,11,69,14,41,1,11,67,136
AEP,American Electric Power,103.28,7,0,65,21,93,9,6,15,12,42,135
LOW,Lowe's,218.67,0,-6,-12,164,146,5,-14,-19,17,-11,135
TXN,Texas Instruments,201.4,8,29,1,20,58,27,33,2,14,76,134
HLT,Hilton Worldwide,252.34,3,29,8,62,102,24,-6,-10,24,32,134
CI,Cigna,317.01,8,-14,1,56,51,12,4,12,55,83,134
LH,Labcorp,261.05,0,35,47,13,95,-7,35,-7,16,37,132
CMG,Chipotle Mexican Grill,53.76,14,13,-16,78,89,27,6,-18,27,42,131
FOXA,Fox Corporation (Class A),56.07,20,28,60,0,108,17,-3,-5,12,21,129
AEE,Ameren,96.01,2,0,49,11,62,9,-4,54,8,67,129
HII,Huntington Ingalls Industries,237.03,51,68,0,4,123,21,-17,8,-7,5,128
GRMN,Garmin,201.74,-38,2,104,17,85,1,30,-9,19,41,126
MMM,3M,147.6,3,29,66,12,110,7,-6,2,12,15,125
HBAN,Huntington Bancshares,16.07,2,29,1,19,51,17,40,2,14,73,124
LHX,L3Harris,251.1,0,51,4,3,58,5,44,4,12,65,123
PH,Parker Hannifin,664.21,0,30,9,63,102,-52,42,2,28,20,122
FOX,Fox Corporation (Class B),51.39,20,28,59,0,107,17,-4,-6,7,14,121
KKR,KKR & Co.,122.12,-12,18,0,101,107,-5,11,-12,19,13,120
ACGL,Arch Capital Group,91.1,0,0,0,60,60,14,-5,2,49,60,120
DLR,Digital Realty,177.35,4,35,7,20,66,-7,42,2,17,54,120
GEV,GE Vernova,499.89,35,41,0,0,76,-5,44,3,0,42,118
BLK,BlackRock,985.95,1,28,9,20,58,-4,42,2,19,59,117
ULTA,Ulta Beauty,471.53,30,39,4,2,75,1,42,4,-7,40,115
ECL,Ecolab,265.94,0,27,8,20,55,3,37,2,17,59,114
JNPR,Juniper Networks,36.3,14,24,0,52,90,33,1,-29,18,23,113
ODFL,Old Dominion,161.35,0,-3,-18,185,164,-47,-13,-23,30,-53,111
PNR,Pentair,99.56,3,29,1,60,93,13,-2,-16,22,17,110
MET,MetLife,79.64,3,28,1,56,88,27,-10,-12,16,21,109
ADSK,Autodesk,300.97,13,32,46,12,103,-9,-4,2,17,6,109
RF,Regions Financial Corporation,22.65,15,28,0,20,63,17,35,-19,12,45,108
MTB,M&T Bank,189.46,14,29,0,20,63,14,35,-16,12,45,108
AMAT,Applied Materials,171.97,0,29,-22,147,154,-16,9,-41,-3,-51,103
WAB,Wabtec,202.19,-28,31,11,47,61,-57,42,2,54,41,102
HAS,Hasbro,70.6,8,29,6,1,44,7,40,2,9,58,102
BRK-B,Berkshire Hathaway,487.63,-52,-14,116,60,110,-24,-26,17,24,-9,101
NOC,Northrop Grumman,499.65,0,2,2,56,60,5,16,9,10,40,100
META,Meta Platforms,698.57,3,29,9,27,68,-13,34,-10,21,32,100
ALLE,Allegion,142.43,8,41,1,19,69,17,-11,2,20,28,97
VLO,Valero Energy,137.04,0,29,0,42,71,-3,31,1,-3,26,97
GLW,Corning Inc.,51.8,7,28,11,15,61,1,35,-12,12,36,97
XEL,Xcel Energy,67.93,2,-13,43,10,42,9,-13,51,7,54,96
HES,Hess Corporation,141.52,0,0,2,53,55,28,14,-3,1,40,95
GILD,Gilead Sciences,106.19,-28,23,43,33,71,-34,24,-3,37,24,95
EA,Electronic Arts,154.42,46,5,0,5,56,7,4,8,19,38,94
KEY,KeyCorp,16.49,14,29,0,2,45,21,35,-19,11,48,93
PNW,Pinnacle West Capital,89.64,2,-6,60,16,72,8,-25,14,24,21,93
ITW,Illinois Tool Works,244.2,-42,0,-5,176,129,-51,-6,-6,27,-36,93
MAR,Marriott International,264.1,3,29,1,56,89,-5,-6,-11,25,3,92
PNC,PNC Financial Services,180.73,14,19,0,12,45,17,34,-16,12,47,92
PSX,Phillips 66,121.01,0,28,0,39,67,-4,30,1,-3,24,91
ISRG,Intuitive Surgical,515.09,0,0,86,20,106,-16,-10,-13,24,-15,91
CFG,Citizens Financial Group,42.51,17,17,0,2,36,21,34,-12,12,55,91
CPRT,Copart,47.72,-49,-20,-5,174,100,-5,-16,-15,26,-10,90
SNPS,Synopsys,470.98,-27,16,-19,178,148,-43,8,-20,-3,-58,90
IDXX,Idexx Laboratories,524.7,0,36,6,2,44,6,42,2,-6,44,88
TDY,Teledyne Technologies,490.93,-1,28,44,12,83,-10,-1,2,13,4,87
LNT,Alliant Energy,61.34,6,1,60,12,79,8,-13,2,11,8,87
NTAP,NetApp,104.3,4,14,-17,55,56,-9,42,-22,20,31,87
APO,Apollo Global Management,134.03,-7,11,-2,95,97,-3,-17,-15,24,-11,86
BX,Blackstone Inc.,138.32,-32,0,-5,140,103,-5,-15,-16,19,-17,86
MCO,Moody's Corporation,476.16,-49,29,8,154,142,-68,-2,-10,23,-57,85
TRGP,Targa Resources,164.76,-5,-1,0,49,43,-4,6,-12,52,42,85
FITB,Fifth Third Bancorp,40.18,14,5,-2,20,37,19,34,-19,14,48,85
AMT,American Tower,221.65,14,7,8,4,33,17,12,12,9,50,83
ED,Consolidated Edison,101.14,-32,-13,20,45,20,5,-1,14,43,61,81
CNP,CenterPoint Energy,36.26,0,0,41,43,84,-28,-23,35,13,-3,81
PODD,Insulet Corporation,307.68,0,30,37,2,69,6,-5,6,4,11,80
PRU,Prudential Financial,105.61,3,19,-5,53,70,1,11,-19,17,10,80
O,Realty Income,58.37,7,25,2,5,39,16,11,2,11,40,79
LDOS,Leidos,150.67,8,41,-5,21,65,5,-14,5,17,13,78
VRTX,Vertex Pharmaceuticals,443.54,-15,-33,-1,102,53,-34,8,15,35,24,77
VTR,Ventas,63.53,4,-18,64,20,70,3,-25,15,13,6,76
ROK,Rockwell Automation,323.8,2,32,7,13,54,-5,34,2,-9,22,76
CEG,Constellation Energy,315.39,20,29,8,0,57,5,-5,2,17,19,76
CCL,Carnival,24.05,4,28,9,0,41,-7,36,-12,17,34,75
PCAR,Paccar,91.73,-40,0,-14,157,103,-49,-5,-6,32,-28,75
DG,Dollar General,114.99,7,70,0,-15,62,4,18,14,-24,12,74
USB,U.S. Bancorp,44.07,0,29,-2,2,29,12,35,-16,13,44,73
AWK,American Water Works,143.95,7,1,18,4,30,15,6,14,6,41,71
ABBV,AbbVie,183.76,-27,-1,9,56,37,-30,8,-6,62,34,71
GWW,W. W. Grainger,1038.01,-42,29,0,92,79,-61,-4,2,55,-8,71
GL,Globe Life,122.11,4,1,37,12,54,17,-5,-1,6,17,71
ADM,Archer Daniels Midland,52.84,66,30,0,-9,87,-8,6,2,-18,-18,69
DOV,Dover Corporation,177.54,-27,18,0,104,95,-22,-11,-11,17,-27,68
HPE,Hewlett Packard Enterprise,17.81,-7,25,-16,40,42,-10,-4,-13,52,25,67
PHM,PulteGroup,104.84,3,2,-15,63,53,6,6,-26,27,13,66
SMCI,Supermicro,40.9,-3,5,0,56,58,-5,28,-8,-7,8,66
STLD,Steel Dynamics,127.43,-16,0,-1,53,36,-23,-4,2,55,30,66
EXPD,Expeditors International,114.39,0,1,-12,129,118,-24,2,-29,-1,-52,66
DHI,D. R. Horton,128.67,6,2,-20,63,51,7,6,-27,28,14,65
CF,CF Industries,96.53,-4,28,7,2,33,-16,40,2,6,32,65
MCHP,Microchip Technology,68.57,14,29,-38,1,6,26,35,2,-5,58,64
FE,FirstEnergy,40.31,2,0,0,53,55,9,-14,2,12,9,64
AVB,AvalonBay Communities,207.68,2,10,0,14,26,14,9,1,13,37,63
GEN,Gen Digital,28.82,-16,32,7,14,37,-24,34,2,14,26,63
AMZN,Amazon,208.48,-14,19,9,19,33,-11,34,-11,18,30,63
UNH,UnitedHealth Group,300.74,-13,-45,-10,-2,-70,-30,3,-23,182,132,62
MLM,Martin Marietta Materials,551.88,2,38,-2,58,96,-52,-9,2,25,-34,62
ESS,Essex Property Trust,285.86,1,11,0,12,24,14,9,2,12,37,61
XYL,Xylem Inc.,125.49,-27,29,-2,20,20,-21,39,2,20,40,60
LII,Lennox International,564.85,8,0,0,36,44,19,-13,-15,25,16,60
INVH,Invitation Homes,34.02,7,4,1,5,17,16,1,13,12,42,59
FCX,Freeport-McMoRan,40.94,-14,29,-29,56,42,-16,35,2,-4,17,59
PFG,Principal Financial Group,77.35,3,0,-5,53,51,14,-11,-12,16,7,58
TXT,Textron,77.49,0,29,-27,51,53,-33,39,2,-3,5,58
ANET,Arista Networks,91.95,-27,14,-1,56,42,-36,10,-13,54,15,57
CARR,Carrier Global,71.77,1,36,0,0,37,5,-11,2,24,20,57
NVR,"NVR, Inc.",7336.1,2,1,-15,63,51,5,-4,-24,27,4,55
WYNN,Wynn Resorts,89.74,35,31,-3,0,63,7,-12,2,-6,-9,54
FIS,Fidelity National Information Services,80.49,1,44,0,-35,10,-9,42,1,9,43,53
BKR,Baker Hughes,37.83,-6,0,0,33,27,-16,28,-11,24,25,52
SYY,Sysco,75.92,7,16,0,1,24,6,29,-20,12,27,51
NCLH,Norwegian Cruise Line Holdings,18.6,0,0,-12,0,-12,26,30,-12,18,62,50
EXC,Exelon,43.2,2,-18,47,12,43,8,-28,18,8,6,49
WSM,"Williams-Sonoma, Inc.",157.9,2,-2,0,63,63,-7,-17,-9,19,-14,49
BXP,"BXP, Inc.",71.02,-13,27,0,0,14,-24,42,2,11,31,45
TFC,Truist Financial,41.07,14,3,0,2,19,17,11,-15,12,25,44
MOS,Mosaic Company (The),36.02,30,49,8,-14,73,-6,-2,7,-28,-29,44
SPG,Simon Property Group,159.05,0,0,0,33,33,-4,2,-7,19,10,43
OKE,Oneok,79.84,-26,-1,-5,52,20,7,-17,-17,49,22,42
CMS,CMS Energy,69.86,-32,-21,68,21,36,6,-27,14,12,5,41
UBER,Uber,85.19,-19,41,10,0,32,-12,-11,8,24,9,41
UDR,"UDR, Inc.",41.38,0,1,0,5,6,13,8,2,11,34,40
NOW,ServiceNow,980.28,-58,30,0,80,52,-19,-6,-12,20,-17,35
CSX,CSX Corporation,32.42,1,28,-28,2,3,1,32,2,-4,31,34
BLDR,Builders FirstSource,119.09,8,0,-20,63,51,7,1,-24,-1,-17,34
TSLA,"Tesla, Inc.",348.71,7,11,0,8,26,14,1,-16,8,7,33
EQR,Equity Residential,69.06,-6,28,0,11,33,7,-20,2,11,0,33
PARA,Paramount Global,12.33,19,30,0,-37,12,23,36,4,-43,20,32
IR,Ingersoll Rand,81.93,0,28,-13,21,36,-47,35,-20,27,-5,31
SBAC,SBA Communications,234.17,18,2,8,-18,10,7,1,9,3,20,30
ZBRA,Zebra Technologies,296.28,4,15,-13,-5,1,-4,34,-13,11,28,29
K,Kellanova,78.61,-105,-9,61,19,-34,-18,-6,73,11,60,26
MSCI,MSCI Inc.,554.97,0,27,0,12,39,-5,-11,-15,18,-13,26
SBUX,Starbucks,92.35,0,0,2,1,3,-5,28,-7,5,21,24
HST,Host Hotels & Resorts,15.77,3,29,-24,2,10,-7,42,-19,-4,12,22
EQIX,Equinix,889.49,-45,29,0,32,16,-64,42,2,24,4,20
JKHY,Jack Henry & Associates,181.05,4,26,8,2,40,-5,-5,-19,9,-20,20
NXPI,NXP Semiconductors,210.86,-14,13,-17,61,43,-17,37,-40,-3,-23,20
CCI,Crown Castle,102.53,14,2,0,-26,-10,14,1,12,3,30,20
D,Dominion Energy,55.91,4,27,6,-32,5,7,-4,2,8,13,18
MKC,McCormick & Company,74.89,1,0,-1,-2,-2,8,9,-6,8,19,17
WTW,Willis Towers Watson,303.73,3,-41,0,22,-16,14,-5,-7,27,29,13
DPZ,Domino's,457.87,1,0,-1,8,8,-16,-15,19,16,4,12
PLD,Prologis,107.12,0,19,-15,0,4,5,3,2,-3,7,11
ANSS,Ansys,334.84,-26,29,9,9,21,-42,8,2,21,-11,10
LVS,Las Vegas Sands,41.95,4,29,-14,-4,15,-10,35,-18,-12,-5,10
KEYS,Keysight Technologies,161.07,0,29,8,0,37,-11,-11,-9,3,-28,9
DIS,Walt Disney Company (The),117.76,0,29,7,-39,-3,-24,33,2,1,12,9
ES,Eversource Energy,63.37,-34,32,7,-8,-3,1,35,2,-26,12,9
GNRC,Generac,133.66,7,13,-12,-32,-24,14,31,-20,8,33,9
HSIC,Henry Schein,71.91,4,5,0,0,9,14,-5,-11,1,-1,8
GPC,Genuine Parts Company,121.29,0,27,-5,0,22,3,-4,2,-15,-14,8
TER,Teradyne,87.36,16,0,-21,-4,-9,4,30,-15,-3,16,7
BG,Bunge Global,84.16,42,7,-36,0,13,-8,3,2,-3,-6,7
IVZ,Invesco,14.93,4,5,-12,-4,-7,14,1,-12,11,14,7
F,Ford Motor Company,10.73,8,43,-42,-15,-6,7,5,2,-3,11,5
FDX,FedEx,229.18,4,1,-18,30,17,8,2,-20,-2,-12,5
KDP,Keurig Dr Pepper,33.26,4,-15,0,0,-11,-3,-1,10,10,16,5
DAL,Delta Air Lines,48.27,0,1,-5,17,13,-16,-6,-13,24,-11,2
NEE,NextEra Energy,70.73,-12,16,0,0,4,-26,11,2,11,-2,2
VZ,Verizon,42.35,-49,-5,22,8,-24,2,-5,15,12,24,0
TYL,Tyler Technologies,579.72,-19,1,0,15,-3,-22,28,-20,16,2,-1
EIX,Edison International,50.1,0,-12,-24,-1,-37,19,-13,-21,48,33,-4
UHS,Universal Health Services,173.6,0,-6,-3,20,11,-2,-10,-27,24,-15,-4
CMI,Cummins,316.49,-28,1,0,63,36,-52,-4,-13,28,-41,-5
FRT,Federal Realty Investment Trust,96.38,0,11,-15,2,-2,-5,10,-21,12,-4,-6
SNA,Snap-on,308.22,-42,-6,-1,57,8,-50,-9,-11,55,-15,-7
EXPE,Expedia Group,165.83,-42,2,41,9,10,-54,35,-10,12,-17,-7
LEN,Lennar,110.66,-27,0,-22,62,13,2,6,-27,-1,-20,-7
UAL,United Airlines Holdings,76.98,0,2,0,9,11,-20,-1,-12,14,-19,-8
PPG,PPG Industries,112.32,3,29,-38,-6,-12,14,-6,2,-6,4,-8
EG,Everest Group,341.73,3,-10,-28,53,18,14,-10,-29,-3,-28,-10
EXR,Extra Space Storage,148.99,-42,26,-5,0,-21,-44,42,2,11,11,-10
HRL,Hormel Foods,30.85,2,19,-2,-21,-2,9,8,2,-28,-9,-11
CSGP,CoStar Group,80.03,-12,11,0,12,11,-37,6,15,-7,-23,-12
VTRS,Viatris,8.85,0,3,-17,-5,-19,2,7,-21,17,5,-14
PYPL,PayPal,72.01,-28,19,-2,-37,-48,7,35,-16,7,33,-15
EW,Edwards Lifesciences,75.31,0,3,0,-12,-9,8,-4,22,-33,-7,-16
CHTR,Charter Communications,392.59,2,2,10,-34,-20,12,-14,2,4,4,-16
EFX,Equifax,255.15,-28,41,-1,14,26,-46,-14,2,16,-42,-16
NDSN,Nordson Corporation,212.99,-25,28,-28,0,-25,-23,34,2,-5,8,-17
APD,Air Products,273.2,-28,0,0,14,-14,-32,30,-11,8,-5,-19
FANG,Diamondback Energy,141.18,-7,11,-21,45,28,-19,14,-40,-3,-48,-20
MAS,Masco,62.95,0,-4,-12,63,47,-47,-16,-24,19,-68,-21
CTSH,Cognizant,76.72,-26,1,8,12,-5,-18,-5,-10,16,-17,-22
WAT,Waters Corporation,342.83,-28,0,0,12,-16,3,-10,-12,12,-7,-23
GDDY,GoDaddy,177.2,-25,0,0,20,-5,-14,-13,-11,20,-18,-23
CRM,Salesforce,263.39,-3,-6,-5,20,6,-19,-16,-13,19,-29,-23
OTIS,Otis Worldwide,95.98,-13,0,-1,0,-14,-26,-2,-6,24,-10,-24
VMC,Vulcan Materials Company,260.91,-42,1,-1,58,16,-56,-11,2,25,-40,-24
MAA,Mid-America Apartment Communities,150.17,0,-15,0,0,-15,2,-22,2,9,-9,-24
HSY,Hershey Company (The),173.17,14,0,-37,0,-23,12,10,-6,-17,-1,-24
TPL,Texas Pacific Land Corporation,1048.63,-35,-16,-1,56,4,-26,-16,2,11,-29,-25
TROW,T. Rowe Price,94.01,2,14,-15,-23,-22,12,-10,-17,11,-4,-26
SOLV,Solventum,73.23,-28,2,0,0,-26,-25,30,-8,0,-3,-29
APTV,Aptiv,66.5,-20,29,0,-22,-13,-19,35,2,-34,-16,-29
INCY,Incyte,67.29,-16,15,0,-29,-30,-19,37,-23,5,0,-30
DECK,Deckers Brands,100.42,-42,-8,-16,91,25,-52,-20,-12,29,-55,-30
VLTO,Veralto,98.47,0,29,0,0,29,-55,-6,1,0,-60,-31
BA,Boeing,201.2,-49,42,0,0,-7,-16,-1,2,-9,-24,-31
CVS,CVS Health,66.81,0,2,2,-15,-11,-19,8,17,-26,-20,-31
AVY,Avery Dennison,179.38,2,28,-27,2,5,5,-4,-35,-3,-37,-32
MDT,Medtronic,85.98,-20,0,3,-4,-21,-26,10,-6,11,-11,-32
SJM,J.M. Smucker Company (The),97.41,0,-9,-4,-2,-15,12,-9,-2,-21,-20,-35
CPT,Camden Property Trust,116.24,-32,19,0,0,-13,-42,9,2,9,-22,-35
QCOM,Qualcomm,153.14,-17,14,-17,20,0,-25,37,-44,-3,-35,-35
SWKS,Skyworks Solutions,72.33,0,27,-35,-28,-36,4,37,-38,-3,0,-36
FTV,Fortive,70.29,-31,0,-13,31,-13,-11,-1,-9,-3,-24,-37
FI,Fiserv,170.48,7,-55,-6,33,-21,7,-41,-7,25,-16,-37
RVTY,Revvity,94.98,3,0,-12,-22,-31,3,5,-17,1,-8,-39
NUE,Nucor,126.02,30,6,-47,0,-11,-5,7,-24,-6,-28,-39
CL,Colgate-Palmolive,88.65,-34,-6,-3,21,-22,-34,-1,-6,24,-17,-39
A,Agilent Technologies,116.12,-20,3,-15,-3,-35,-24,32,-12,-3,-7,-42
HOLX,Hologic,64.46,0,17,-27,0,-10,-25,24,-27,-5,-33,-43
GEHC,GE HealthCare,71.14,-24,0,-12,0,-36,-7,3,-10,6,-8,-44
PKG,Packaging Corporation of America,188.71,-51,0,-5,59,3,-52,-1,-18,24,-47,-44
ON,ON Semiconductor,53.19,0,14,-29,0,-15,-16,35,-35,-13,-29,-44
JNJ,Johnson & Johnson,151.3,-28,0,-1,0,-29,-30,17,-6,4,-15,-44
SW,Smurfit Westrock,42.44,-8,0,0,0,-8,-16,-7,-15,0,-38,-46
JBHT,J.B. Hunt,142.74,1,0,-23,0,-22,3,1,-20,-8,-24,-46
CPAY,Corpay,321.7,-30,-3,0,19,-14,-42,-3,-11,23,-33,-47
KVUE,Kenvue,21.37,-27,-13,0,0,-40,-6,-14,11,1,-8,-48
GM,General Motors,48.51,-24,11,0,9,-4,-41,3,-20,11,-47,-51
AKAM,Akamai Technologies,79.31,2,1,-18,-5,-20,-10,4,-18,-8,-32,-52
WBA,Walgreens Boots Alliance,11.36,0,29,0,-75,-46,-12,44,-5,-33,-6,-52
DVA,DaVita,136.34,-2,-48,0,18,-32,-11,-14,-12,17,-20,-52
TSN,Tyson Foods,55.11,0,-34,-3,-26,-63,6,-3,-3,9,9,-54
WBD,Warner Bros. Discovery,10.66,4,9,4,-40,-23,-5,29,-12,-43,-31,-54
MOH,Molina Healthcare,291.28,-5,-21,-5,0,-31,-2,-15,-1,-6,-24,-55
MTCH,Match Group,30.95,0,13,-18,-35,-40,22,21,-25,-36,-18,-58
PSA,Public Storage,294.85,-54,30,-3,13,-14,-52,-5,2,11,-44,-58
ERIE,Erie Indemnity,356.54,-51,-41,-9,37,-64,3,-2,-27,29,3,-61
POOL,Pool Corporation,293.9,0,-8,-15,-4,-27,8,-14,-21,-7,-34,-61
WY,Weyerhaeuser,26.58,-28,0,-15,0,-43,3,11,-27,-6,-19,-62
IP,International Paper,46.09,-52,-1,0,14,-39,-25,-4,-12,14,-27,-66
DVN,Devon Energy,32.82,-4,11,-42,-3,-38,-18,8,1,-20,-29,-67
MRK,Merck & Co.,80.2,0,0,-39,-2,-41,10,9,-43,-4,-28,-69
CDW,CDW Corporation,173.75,0,29,-34,0,-5,1,-8,-55,-6,-68,-73
DXCM,Dexcom,79.84,-63,33,-2,-12,-44,-22,-2,2,-7,-29,-73
MTD,Mettler Toledo,1163.66,-28,14,-15,0,-29,-47,34,-33,-3,-49,-78
CZR,Caesars Entertainment,28.51,16,2,-18,-23,-23,21,-16,-27,-35,-57,-80
DAY,Dayforce,57.17,-42,14,-12,-10,-50,-42,23,-16,3,-32,-82
LUV,Southwest Airlines,31.87,-48,28,8,-37,-49,-49,31,-17,2,-33,-82
ACN,Accenture,295.24,-34,-2,-15,12,-39,-47,-4,-11,17,-45,-84
ROST,Ross Stores,127.84,-59,-6,-5,33,-37,-63,-14,3,27,-47,-84
CRL,Charles River Laboratories,147.4,-1,14,-46,-24,-57,1,32,-55,-6,-28,-85
AOS,A. O. Smith,64.14,-38,-7,-34,56,-23,-47,-15,2,-3,-63,-86
AMCR,Amcor,9.07,-25,-6,-12,0,-43,-24,-2,-27,9,-44,-87
OXY,Occidental Petroleum,43.96,-3,9,-47,0,-41,7,11,-51,-14,-47,-88
ABNB,Airbnb,130.53,-28,14,-2,0,-16,-58,-1,-10,-3,-72,-88
IQV,IQVIA,155.2,0,0,-32,-4,-36,-25,10,-34,-4,-53,-89
DOC,Healthpeak Properties,17.49,2,-55,-9,-29,-91,8,9,-24,7,0,-91
WDAY,"Workday, Inc.",236.58,-38,-1,-2,12,-29,-52,-15,-15,20,-62,-91
PFE,Pfizer,24.02,0,10,-25,-21,-36,-32,35,-33,-26,-56,-92
WST,West Pharmaceutical Services,216.72,-18,12,-19,-5,-30,-51,12,-19,-6,-64,-94
DD,DuPont,67.01,-28,0,-13,17,-24,-47,5,-27,-1,-70,-94
FSLR,First Solar,144.71,-28,-2,-31,0,-61,-28,-4,2,-4,-34,-95
DHR,Danaher Corporation,196.29,-24,11,-21,0,-34,-37,10,-32,-2,-61,-95
SLB,Schlumberger,33.74,-4,-1,-62,0,-67,-13,5,-13,-8,-29,-96
COO,Cooper Companies (The),69.5,-11,-16,-19,-3,-49,-4,-20,-24,-1,-49,-98
IPG,Interpublic Group of Companies (The),24.45,8,-18,-35,0,-45,14,-20,-32,-15,-53,-98
INTC,Intel,21.18,0,0,-61,-18,-79,-5,5,-9,-10,-19,-98
MGM,MGM Resorts,33.25,2,9,-48,0,-37,-5,3,-55,-7,-64,-101
HPQ,HP Inc.,23.9,-55,-6,-17,0,-78,-5,-14,-21,14,-26,-104
BBY,Best Buy,66.39,-28,-2,-16,-4,-50,-49,8,-27,14,-54,-104
KMB,Kimberly-Clark,130.15,-98,-6,0,16,-88,-33,-6,-3,24,-18,-106
IT,Gartner,398.5,-126,-6,-13,56,-89,-53,-9,-11,55,-18,-107
ZTS,Zoetis,157.35,-42,0,-27,-1,-70,-34,-3,1,-3,-39,-109
EL,EstÃ©e Lauder Companies (The),78.85,35,19,-112,-24,-82,27,32,-57,-33,-31,-113
COP,ConocoPhillips,91.71,-1,0,-37,0,-38,-23,7,-53,-6,-75,-113
GPN,Global Payments,76.35,-6,-7,-19,-37,-69,-5,-15,-16,-8,-44,-113
MKTX,MarketAxess,220.77,-12,13,-20,-27,-46,-33,5,2,-42,-68,-114
BMY,Bristol Myers Squibb,46.92,-34,-54,-1,-3,-92,-37,15,-6,3,-25,-117
CMCSA,Comcast,34.6,-27,1,-27,-7,-60,-37,6,-24,-6,-61,-121
CHRW,C.H. Robinson,93.94,-54,0,0,0,-54,-52,-4,-19,6,-69,-123
KMX,CarMax,67.19,2,-78,-11,-34,-121,-5,6,-15,9,-5,-126
REGN,Regeneron Pharmaceuticals,511.6,0,-16,-33,-2,-51,-26,-13,-34,-2,-75,-126
TECH,Bio-Techne,49.3,-25,-4,-19,-22,-70,-42,5,-19,-4,-60,-130
MHK,Mohawk Industries,102.87,0,-23,-18,-9,-50,-47,-20,-26,12,-81,-131
OMC,Omnicom Group,71.68,2,-133,-19,0,-150,14,-20,-24,48,18,-132
LYB,LyondellBasell,57.34,-11,0,-36,-3,-50,-33,5,-50,-5,-83,-133
HAL,Halliburton,20.77,-6,0,-55,-3,-64,-17,9,-54,-7,-69,-133
TGT,Target Corporation,96.52,-28,0,-23,-9,-60,-49,9,-31,-4,-75,-135
LKQ,LKQ Corporation,37.36,-49,-6,-2,0,-57,-47,-12,-6,-15,-80,-137
EMN,Eastman Chemical Company,75.0,-49,-6,-13,0,-68,-47,-8,-27,13,-69,-137
IFF,International Flavors & Fragrances,73.75,-39,-2,-15,-29,-85,-47,11,-27,9,-54,-139
LW,Lamb Weston,54.08,-28,1,-64,-6,-97,-33,21,-18,-12,-42,-139
ALGN,Align Technology,183.49,2,14,-59,-23,-66,14,3,-54,-36,-73,-139
CNC,Centene Corporation,53.39,-14,-22,-36,-9,-81,-7,-20,-5,-26,-58,-139
IEX,IDEX Corporation,172.72,-39,-3,-20,0,-62,-46,-13,-20,-4,-83,-145
DOW,Dow Inc.,26.86,-20,-3,-35,0,-58,-37,5,-50,-6,-88,-146
HUM,Humana,234.58,-2,-36,-81,-10,-129,-4,4,-12,-18,-30,-159
SWK,Stanley Black & Decker,65.65,-34,0,-21,-37,-92,-46,-6,-27,12,-67,-159
MRNA,Moderna,25.68,-44,-5,-47,-2,-98,1,17,-47,-37,-66,-164
UPS,United Parcel Service,100.39,0,0,-98,-14,-112,-24,29,-26,-32,-53,-165
BAX,Baxter International,29.98,-28,-4,-15,-36,-83,-43,5,-6,-39,-83,-166
KHC,Kraft Heinz,25.91,-41,-42,-34,-2,-119,-5,-32,-6,-8,-51,-170
AES,AES Corporation,10.14,-27,-4,-34,-9,-74,-28,-1,-45,-22,-96,-170
ELV,Elevance Health,372.63,-35,-28,-36,0,-99,-31,-43,-2,-1,-77,-176
APA,APA Corporation,18.37,-7,11,-77,-10,-83,-13,15,-81,-17,-96,-179
BDX,Becton Dickinson,169.71,-28,-82,-20,-3,-133,-33,10,-11,-13,-47,-180
PEP,PepsiCo,129.09,-26,-54,-34,-1,-115,-32,9,-31,-11,-65,-180
ADBE,Adobe Inc.,380.02,-42,0,-28,-4,-74,-65,-6,-32,-3,-106,-180
PAYC,Paycom,232.92,-64,0,11,-22,-75,-70,-3,2,-35,-106,-181
ARE,Alexandria Real Estate Equities,72.91,2,-62,-29,-28,-117,6,3,-40,-33,-64,-181
PCG,PG&E Corporation,13.8,-147,-13,-22,0,-182,-3,-15,-21,38,-1,-183
EPAM,EPAM Systems,167.9,-42,-3,-18,-25,-88,-47,-6,-9,-35,-97,-185
BF-B,Brownâ€“Forman,26.48,0,-16,-95,-16,-127,8,-15,-27,-26,-60,-187
NKE,"Nike, Inc.",60.79,-34,0,-69,-19,-122,2,30,-70,-34,-72,-194
LULU,Lululemon Athletica,225.5,-77,-11,-3,-1,-92,-77,-5,-12,-10,-104,-196
ALB,Albemarle Corporation,57.82,-20,0,-120,0,-140,-44,5,-19,0,-58,-198
GIS,General Mills,53.48,-39,-53,-33,-2,-127,-37,9,-29,-17,-74,-201
BIIB,Biogen,124.8,-41,0,-76,-25,-142,-50,29,-39,-16,-76,-218
TMO,Thermo Fisher Scientific,400.08,-31,-80,-14,-3,-128,5,-90,-13,-1,-99,-227
TAP,Molson Coors Beverage Company,48.05,-140,-40,-5,0,-185,-52,-14,-6,-1,-73,-258
ZBH,Zimmer Biomet,91.5,-37,-52,-57,-15,-161,-5,-22,-56,-16,-99,-260
CAG,Conagra Brands,21.61,-87,-47,-24,-5,-163,-12,-61,-6,-21,-100,-263
STZ,Constellation Brands,163.23,-151,-12,-37,-1,-201,5,-16,-53,-6,-70,-271
CPB,Campbell's Company (The),32.01,-59,-54,-24,-4,-141,-63,-64,-31,-3,-161,-302
ENPH,Enphase Energy,34.55,-28,-113,-38,-18,-197,-1,-54,-45,-22,-122,-319
CLX,Clorox,122.29,-87,-117,-9,-3,-216,-55,-75,-19,11,-138,-354
