Symbol,Name,Close,1H Cloud Score,1D Cloud Score,1W Cloud Score,1M Cloud Score,Cloud Score Sum,1H TKx Score,1D TKx Score,1W TKx Score,1M TKx Score,TKx Score Sum,Total Score Sum
ORLY,Oâ€™Reilly Automotive,106.3,91,41,167,200,499,56,47,58,90,251,750
TJX,TJX Companies,141.17,6,30,152,199,387,1,34,121,194,350,737
MSI,Motorola Solutions,482.46,84,42,5,154,285,-5,52,5,186,238,523
WELL,Welltower,168.9,42,84,120,59,305,7,45,137,25,214,519
GOOGL,Alphabet Inc. (Class A),251.62,112,76,12,177,377,59,50,9,22,140,517
GOOG,Alphabet Inc. (Class C),251.85,112,76,11,177,376,59,50,8,22,139,515
JPM,JPMorgan Chase,309.02,22,89,127,159,397,25,14,14,27,80,477
LYV,Live Nation Entertainment,172.4,42,88,98,148,376,42,26,13,17,98,474
HWM,Howmet Aerospace,189.26,56,4,152,30,242,56,4,96,58,214,456
GS,Goldman Sachs,787.31,44,87,96,59,286,35,98,14,22,169,455
WRB,W. R. Berkley Corporation,72.8,21,13,98,177,309,32,26,28,56,142,451
MS,Morgan Stanley,156.63,37,87,80,65,269,34,98,14,17,163,432
STX,Seagate Technology,211.37,111,87,18,23,239,60,98,14,19,191,430
YUM,Yum! Brands,148.98,32,3,32,260,327,45,3,-6,58,100,427
PLTR,Palantir Technologies,171.18,35,100,120,0,255,38,-15,123,21,167,422
NRG,NRG Energy,166.09,38,2,107,95,242,39,1,117,22,179,421
GLW,Corning Inc.,78.0,112,86,23,18,239,61,93,12,15,181,420
MA,Mastercard,583.16,0,32,130,156,318,17,39,14,27,97,415
APH,Amphenol,119.25,46,100,23,66,235,35,102,14,28,179,414
WDC,Western Digital,102.42,112,87,16,19,234,61,98,14,4,177,411
ETR,Entergy,90.22,22,45,80,138,285,26,-10,93,15,124,409
SO,Southern Company,92.3,10,0,80,191,281,21,-12,27,80,116,397
BK,BNY Mellon,106.42,21,89,98,41,249,19,93,14,20,146,395
WM,Waste Management,216.19,-49,-16,99,188,222,-5,-22,31,160,164,386
DUK,Duke Energy,122.39,15,43,80,184,322,25,-7,26,17,61,383
AZO,AutoZone,4231.49,-3,40,98,87,222,-6,47,58,58,157,379
HUBB,Hubbell Incorporated,438.01,0,85,6,183,274,-5,16,11,72,94,368
NEM,Newmont,79.36,124,111,23,6,264,-3,73,23,11,104,368
ROL,"Rollins, Inc.",56.44,-4,-1,35,287,317,-4,-9,27,36,50,367
CDNS,Cadence Design Systems,351.6,2,1,21,142,166,16,-12,14,181,199,365
LOW,Lowe's,272.19,62,39,4,167,272,15,51,5,20,91,363
L,Loews Corporation,96.94,20,87,116,56,279,21,22,14,25,82,361
WMT,Walmart,103.69,58,11,131,102,302,12,2,14,30,58,360
GD,General Dynamics,326.86,22,109,12,55,198,24,64,14,58,160,358
RSG,Republic Services,228.15,-13,-33,128,178,260,-5,-58,-5,161,93,353
COST,Costco,960.09,0,0,0,181,181,2,-9,-6,185,172,353
MCD,McDonald's,302.01,-30,23,56,243,292,-44,43,2,58,59,351
RTX,RTX Corporation,158.37,7,86,81,55,229,19,-3,88,15,119,348
AME,Ametek,189.64,54,32,8,107,201,-2,32,14,102,146,347
AAPL,Apple Inc.,236.76,2,54,2,252,310,7,22,6,-1,34,344
STE,Steris,247.82,21,26,18,196,261,12,19,26,26,83,344
DRI,Darden Restaurants,212.22,57,0,48,62,167,77,16,52,31,176,343
FAST,Fastenal,47.78,-49,109,127,107,294,4,-2,19,27,48,342
DTE,DTE Energy,136.43,15,0,78,190,283,21,-9,31,14,57,340
HD,Home Depot (The),422.8,22,39,5,181,247,15,52,6,20,93,340
BX,Blackstone Inc.,183.81,44,58,8,143,253,49,5,9,22,85,338
LIN,Linde plc,476.85,20,30,17,111,178,36,3,14,107,160,338
AVGO,Broadcom,364.3,57,90,23,117,287,-3,7,14,31,49,336
TRV,Travelers Companies (The),276.24,19,23,95,59,196,19,34,28,57,138,334
CBRE,CBRE Group,165.57,48,71,96,23,238,-2,67,12,15,92,330
KLAC,KLA Corporation,988.69,49,6,18,178,251,50,-13,14,27,78,329
C,Citigroup,99.8,39,87,23,19,168,35,97,14,15,161,329
PGR,Progressive Corporation,245.59,19,-67,0,178,130,23,-7,-7,190,199,329
SPGI,S&P Global,543.9,21,87,20,173,301,2,-10,12,22,26,327
RJF,Raymond James Financial,168.26,21,86,96,59,262,23,9,11,20,63,325
AXON,Axon Enterprise,760.9,15,-3,149,95,256,39,-17,14,31,67,323
ATO,Atmos Energy,165.88,21,27,78,46,172,16,-1,89,46,150,322
MCO,Moody's Corporation,508.77,31,87,20,157,295,-2,-10,12,26,26,321
PANW,Palo Alto Networks,201.31,147,7,3,82,239,2,8,14,58,82,321
BSX,Boston Scientific,99.87,-28,-2,148,145,263,-26,11,14,58,57,320
HIG,Hartford (The),131.49,0,29,98,58,185,19,33,25,57,134,319
MNST,Monster Beverage,64.35,21,26,30,181,258,33,-1,23,5,60,318
RL,Ralph Lauren Corporation,315.86,13,89,98,35,235,22,18,14,27,81,316
T,AT&T,29.63,19,27,74,17,137,33,29,98,16,176,313
LHX,L3Harris,281.84,23,109,16,6,154,24,102,16,15,157,311
TKO,TKO Group Holdings,204.55,67,25,75,41,208,18,18,14,51,101,309
DASH,DoorDash,257.99,45,86,101,0,232,42,1,14,19,76,308
VRSN,Verisign,287.95,91,1,40,10,142,88,8,56,8,160,302
ORCL,Oracle Corporation,302.11,44,4,15,199,262,-3,1,14,28,40,302
IBM,IBM,256.28,57,-32,113,55,193,-14,6,60,57,109,302
PNR,Pentair,110.6,52,87,13,63,215,23,24,12,25,84,299
HPE,Hewlett Packard Enterprise,24.84,48,83,5,43,179,34,20,11,55,120,299
CBOE,Cboe Global Markets,234.24,7,-2,148,56,209,24,-13,26,52,89,298
LLY,Lilly (Eli),748.4,38,1,-7,173,205,-5,9,-11,97,90,295
ITW,Illinois Tool Works,263.84,-6,58,6,179,237,-5,22,11,30,58,295
NTAP,NetApp,124.16,112,30,2,58,202,61,22,11,-2,92,294
CAT,Caterpillar Inc.,435.96,21,86,12,65,184,28,11,12,58,109,293
COF,Capital One,226.6,11,93,98,22,224,23,13,14,19,69,293
CHD,Church & Dwight,91.23,-14,-35,-20,345,276,-7,11,-18,26,12,288
BR,Broadridge Financial Solutions,249.78,-5,-1,118,146,258,-1,-9,14,26,30,288
PTC,PTC Inc.,204.4,-35,86,10,183,244,9,-3,11,27,44,288
ICE,Intercontinental Exchange,172.22,-7,-11,116,162,260,-4,-17,26,22,27,287
NI,NiSource,40.56,24,-1,78,46,147,37,-8,93,15,137,284
AJG,Arthur J. Gallagher & Co.,289.29,-13,-2,0,187,172,-6,15,-6,108,111,283
ABBV,AbbVie,217.68,21,39,21,59,140,23,46,7,65,141,281
V,Visa Inc.,339.06,-48,-7,141,134,220,4,16,14,27,61,281
EVRG,Evergy,72.2,24,68,62,15,169,26,-6,81,11,112,281
LRCX,Lam Research,119.21,45,9,13,153,220,51,1,14,-6,60,280
SRE,Sempra,83.39,22,42,4,182,250,26,-7,12,-2,29,279
LDOS,Leidos,182.81,28,99,6,24,157,28,56,17,20,121,278
CMI,Cummins,414.23,28,59,9,66,162,25,50,10,31,116,278
URI,United Rentals,947.14,-6,87,11,65,157,-8,58,12,58,120,277
COR,Cencora,291.44,-2,10,48,76,132,-5,19,59,69,142,274
GE,GE Aerospace,286.84,28,98,23,28,177,24,9,34,30,97,274
TPR,"Tapestry, Inc.",110.17,26,87,84,22,219,19,4,12,20,55,274
ETN,Eaton Corporation,375.55,28,1,12,115,156,28,4,12,73,117,273
J,Jacobs Solutions,146.78,21,85,10,107,223,21,-3,11,20,49,272
CINF,Cincinnati Financial,155.13,21,30,89,63,203,18,21,14,16,69,272
ALLE,Allegion,176.28,22,99,13,22,156,21,55,14,23,113,269
PPL,PPL Corporation,35.97,0,45,80,24,149,19,-6,92,15,120,269
MPWR,Monolithic Power Systems,849.71,0,87,7,158,252,-26,31,14,-3,16,268
CNP,CenterPoint Energy,38.35,30,41,53,46,170,45,-11,47,16,97,267
EBAY,eBay Inc.,90.38,-14,96,81,15,178,-8,-7,86,17,88,266
ANET,Arista Networks,145.45,0,72,11,59,142,-11,68,10,57,124,266
TEL,TE Connectivity,211.09,54,93,20,63,230,-5,8,14,19,36,266
SHW,Sherwin-Williams,357.12,-14,30,5,191,212,-6,22,14,20,50,262
IVZ,Invesco,22.36,44,63,11,3,121,56,59,11,14,140,261
MO,Altria,64.88,-7,40,74,46,153,26,33,30,17,106,259
PH,Parker Hannifin,759.98,28,88,21,66,203,-8,19,14,31,56,259
RCL,Royal Caribbean Group,329.75,-33,87,125,29,208,-7,15,14,28,50,258
STT,State Street Corporation,112.1,-5,89,21,17,122,12,94,13,15,134,256
FFIV,"F5, Inc.",324.11,44,86,98,15,243,-9,-10,14,18,13,256
ADI,Analog Devices,244.99,-6,18,15,180,207,-12,18,14,27,47,254
TMUS,T-Mobile US,239.69,-44,26,98,140,220,11,-2,-12,36,33,253
TTWO,Take-Two Interactive,247.23,85,10,49,14,158,7,17,49,21,94,252
ULTA,Ulta Beauty,525.86,7,97,16,5,125,21,100,16,-10,127,252
MSFT,Microsoft,515.45,14,0,20,174,208,23,-20,14,26,43,251
WEC,WEC Energy Group,111.0,33,43,59,14,149,30,-15,72,12,99,248
MMC,Marsh McLennan,198.15,-8,-68,-7,176,93,-4,-6,-15,179,154,247
AIZ,Assurant,208.51,-4,28,5,153,182,15,24,6,20,65,247
TDY,Teledyne Technologies,556.34,34,86,56,15,191,25,1,14,16,56,247
BKR,Baker Hughes,46.28,118,41,8,36,203,-2,10,8,27,43,246
AON,Aon plc,363.81,-4,3,0,178,177,13,-4,1,57,67,244
WMB,Williams Companies,58.42,28,-29,116,53,168,-2,3,14,58,73,241
CME,CME Group,258.96,-5,-21,58,137,169,13,-16,54,20,71,240
GRMN,Garmin,235.83,-4,60,116,20,192,-5,21,10,22,48,240
XEL,Xcel Energy,73.04,21,43,55,13,132,22,12,63,10,107,239
KMI,Kinder Morgan,27.37,28,-28,96,45,141,29,3,12,53,97,238
EXPD,Expeditors International,124.2,24,32,5,132,193,16,23,10,-4,45,238
EXPE,Expedia Group,228.3,22,60,53,12,147,37,26,10,15,88,235
ALL,Allstate,196.86,-48,-1,101,160,212,-5,-7,15,18,21,233
NDAQ,"Nasdaq, Inc.",92.84,-4,0,80,145,221,-6,-11,14,15,12,233
VTR,Ventas,69.87,34,43,76,23,176,40,-7,8,16,57,233
IBKR,Interactive Brokers,62.25,0,0,93,58,151,25,-14,12,58,81,232
NFLX,Netflix,1202.0,-21,0,120,21,120,-19,18,91,21,111,231
LMT,Lockheed Martin,473.16,54,13,-33,166,200,26,15,-8,-3,30,230
PM,Philip Morris International,161.64,-2,-1,74,56,127,-7,-7,89,28,103,230
SPG,Simon Property Group,183.8,21,56,5,36,118,19,55,12,22,108,226
DGX,Quest Diagnostics,180.62,0,26,72,19,117,-4,24,72,15,107,224
MCK,McKesson Corporation,702.67,37,3,46,59,145,-6,15,-1,68,76,221
PHM,PulteGroup,134.82,-7,60,5,66,124,-7,64,10,30,97,221
HCA,HCA Healthcare,403.29,1,26,7,98,132,11,26,20,30,87,219
JBL,Jabil,216.06,49,0,23,66,138,28,-21,15,58,80,218
BKNG,Booking Holdings,5559.99,1,1,140,36,178,3,-4,14,27,40,218
GM,General Motors,58.99,21,69,11,12,113,18,61,11,14,104,217
AEE,Ameren,100.48,15,43,61,14,133,15,-9,66,11,83,216
HLT,Hilton Worldwide,271.26,-8,87,20,65,164,-5,17,12,27,51,215
WFC,Wells Fargo,81.43,12,3,96,30,141,26,11,14,20,71,212
AXP,American Express,327.19,3,16,21,100,140,21,16,12,22,71,211
NVDA,Nvidia,177.78,28,5,18,135,186,-3,-13,14,27,25,211
UNP,Union Pacific Corporation,216.24,0,-15,-10,199,174,16,-7,8,20,37,211
PCAR,Paccar,102.19,21,8,-26,160,163,19,-7,1,35,48,211
BRK-B,Berkshire Hathaway,491.62,-33,13,128,63,171,-1,21,-9,27,38,209
GL,Globe Life,142.47,21,39,49,15,124,30,38,8,9,85,209
PWR,Quanta Services,385.68,28,0,21,100,149,-5,-23,14,73,59,208
HII,Huntington Ingalls Industries,272.8,22,126,12,7,167,24,6,20,-10,40,207
SYY,Sysco,79.87,-7,74,11,4,82,12,87,11,15,125,207
SYF,Synchrony Financial,76.32,7,87,21,22,137,17,22,12,19,70,207
NWS,News Corp (Class B),32.86,1,-5,116,59,171,7,-9,14,22,34,205
CTAS,Cintas,199.61,-150,-21,23,168,20,-5,-16,17,188,184,204
KR,Kroger,67.42,0,-13,83,68,138,12,-16,54,16,66,204
NTRS,Northern Trust,130.19,16,87,20,12,135,12,29,14,14,69,204
TSCO,Tractor Supply,59.61,0,3,11,86,100,13,-4,8,86,103,203
GILD,Gilead Sciences,112.59,-7,81,55,36,165,-6,-9,12,40,37,202
NVR,"NVR, Inc.",8286.39,-6,56,0,66,116,-6,52,7,30,83,199
MDT,Medtronic,93.48,21,54,15,2,92,17,68,7,14,106,198
AFL,Aflac,108.42,21,23,5,59,108,23,22,-12,56,89,197
GWW,W. W. Grainger,1013.42,18,1,-7,95,107,22,15,-5,58,90,197
CVX,Chevron Corporation,157.43,7,49,11,49,116,-2,70,5,7,80,196
CAH,Cardinal Health,150.31,0,-17,59,39,81,-2,6,52,58,114,195
VMC,Vulcan Materials Company,294.03,0,39,10,61,110,-5,47,14,28,84,194
HST,Host Hotels & Resorts,17.67,153,19,2,3,177,-5,16,12,-7,16,193
PEG,Public Service Enterprise Group,82.99,15,-9,1,153,160,24,-17,8,18,33,193
MLM,Martin Marietta Materials,611.08,-5,42,10,61,108,-5,47,14,28,84,192
O,Realty Income,60.24,36,31,14,8,89,54,21,14,14,103,192
AMAT,Applied Materials,170.92,44,-21,-5,150,168,49,-32,12,-6,23,191
TSLA,"Tesla, Inc.",410.24,49,26,2,11,88,51,32,8,11,102,190
EMR,Emerson Electric,135.68,32,0,20,65,117,28,3,14,27,72,189
MU,Micron Technology,157.75,56,13,2,23,94,56,22,14,1,93,187
LNT,Alliant Energy,64.73,12,47,72,15,146,19,-6,14,14,41,187
PG,Procter & Gamble,156.85,-7,0,-10,180,163,-5,19,-18,27,23,186
DHI,D. R. Horton,172.09,-7,60,5,66,124,-7,64,8,-3,62,186
RF,Regions Financial Corporation,26.89,-6,86,11,23,114,21,23,12,15,71,185
MAS,Masco,73.49,-9,53,-1,66,109,-6,53,5,22,74,183
XYL,Xylem Inc.,141.87,9,87,12,23,131,21,-6,14,23,52,183
NOW,ServiceNow,947.11,45,0,0,83,128,13,6,12,23,54,182
KKR,KKR & Co.,144.65,28,1,1,104,134,37,-23,10,22,46,180
FTNT,Fortinet,81.01,46,-31,-6,114,123,47,2,-6,14,57,180
LH,Labcorp,275.4,0,37,59,16,112,12,24,12,19,67,179
CHRW,C.H. Robinson,133.29,21,55,7,5,88,24,48,10,9,91,179
META,Meta Platforms,764.84,8,87,21,30,146,5,-10,12,24,31,177
SNA,Snap-on,339.73,21,8,2,60,91,19,2,7,58,86,177
FICO,Fair Isaac,1555.33,13,0,-10,167,170,-6,11,-32,32,5,175
BLK,BlackRock,1114.81,21,86,21,23,151,-5,-7,14,22,24,175
D,Dominion Energy,60.6,22,85,18,2,127,29,-6,14,11,48,175
SYK,Stryker Corporation,377.32,-28,-2,21,160,151,-28,10,12,30,24,175
CPRT,Copart,47.6,-6,0,-17,177,154,-5,21,-27,29,18,172
VST,Vistra Corp.,213.55,35,4,23,31,93,39,-18,12,46,79,172
JCI,Johnson Controls,107.8,28,4,79,20,131,-5,9,14,19,37,168
MMM,3M,156.66,21,8,78,15,122,-4,21,14,15,46,168
TDG,TransDigm Group,1288.27,-1,-23,1,158,135,-16,-24,14,58,32,167
AMGN,Amgen,274.4,-14,-8,-2,166,142,-5,-9,2,37,25,167
TT,Trane Technologies,402.44,-14,-13,20,165,158,-11,-26,14,30,7,165
MET,MetLife,80.48,16,18,0,59,93,23,18,12,19,72,165
AEP,American Electric Power,109.1,0,0,77,24,101,26,-8,27,15,60,161
FE,FirstEnergy,43.62,15,40,10,56,121,16,-5,14,15,40,161
PNC,PNC Financial Services,202.52,-2,77,6,15,96,19,18,11,15,63,159
IRM,Iron Mountain,99.86,36,1,-7,58,88,49,-49,14,57,71,159
PFG,Principal Financial Group,82.97,21,16,1,56,94,23,11,11,19,64,158
JNJ,Johnson & Johnson,177.45,2,53,12,8,75,15,51,9,7,82,157
BAC,Bank of America,50.59,22,20,21,19,82,29,17,14,15,75,157
F,Ford Motor Company,11.68,2,101,6,0,109,18,21,14,-6,47,156
KEYS,Keysight Technologies,171.76,55,9,2,1,67,60,9,12,6,87,154
FOXA,Fox Corporation (Class A),58.75,0,23,72,2,97,10,19,12,15,56,153
WSM,"Williams-Sonoma, Inc.",200.79,0,53,12,66,131,-11,1,6,22,18,149
INTU,Intuit,651.34,-28,-18,21,192,167,-30,-24,14,21,-19,148
XOM,ExxonMobil,112.39,19,6,1,45,71,-3,15,13,51,76,147
FOX,Fox Corporation (Class B),53.09,0,23,71,2,96,10,19,11,10,50,146
WTW,Willis Towers Watson,333.77,21,32,12,25,90,19,3,4,30,56,146
LEN,Lennar,133.8,-8,43,-1,65,99,-7,52,5,-4,46,145
MSCI,MSCI Inc.,576.63,22,6,1,15,44,45,23,11,21,100,144
CCL,Carnival,31.23,-8,86,21,2,101,-6,16,12,20,42,143
CMS,CMS Energy,71.6,13,0,80,24,117,20,-12,2,15,25,142
SNPS,Synopsys,419.13,-28,-4,-1,181,148,3,-16,12,-6,-7,141
VLTO,Veralto,107.83,22,87,6,0,115,20,-7,13,0,26,141
NOC,Northrop Grumman,574.24,-8,54,14,59,119,-7,-6,21,13,21,140
HON,Honeywell,211.72,-14,-22,0,179,143,-6,-34,14,23,-3,140
NCLH,Norwegian Cruise Line Holdings,26.0,22,58,4,0,84,21,7,7,21,56,140
UBER,Uber,98.86,30,6,22,0,58,37,-2,20,27,82,140
KO,Coca-Cola Company (The),66.21,-55,-16,32,183,144,-9,-9,-2,15,-5,139
ADM,Archer Daniels Midland,60.72,-27,88,6,0,67,15,64,14,-21,72,139
WBD,Warner Bros. Discovery,19.48,46,3,16,0,65,57,3,12,1,73,138
APO,Apollo Global Management,138.53,22,-19,-5,98,96,36,-31,10,27,42,138
DE,Deere & Company,469.09,-14,-17,53,110,132,-26,-30,49,11,4,136
FITB,Fifth Third Bancorp,45.36,-5,63,4,23,85,2,20,11,17,50,135
PNW,Pinnacle West Capital,87.43,-5,-12,72,19,74,15,-10,26,27,58,132
UHS,Universal Health Services,189.6,56,19,0,23,98,18,23,-8,-2,31,129
CFG,Citizens Financial Group,51.34,-6,75,12,5,86,-6,22,11,15,42,128
KEY,KeyCorp,18.83,-6,87,12,5,98,-12,16,12,14,30,128
FSLR,First Solar,207.0,4,52,0,63,119,-7,7,14,-7,7,126
PRU,Prudential Financial,105.46,-4,19,-17,56,54,22,22,8,20,72,126
CB,Chubb Limited,274.26,-3,0,6,59,62,-5,19,-8,57,63,125
AMP,Ameriprise Financial,487.66,-6,-11,0,65,48,-3,-7,12,72,74,122
IDXX,Idexx Laboratories,643.78,0,94,18,5,117,5,-5,14,-9,5,122
EA,Electronic Arts,171.79,15,33,8,8,64,19,-4,20,22,57,121
EFX,Equifax,256.89,22,3,-8,17,34,49,3,14,19,85,119
VICI,Vici Properties,33.08,-42,0,62,16,36,-12,10,27,58,83,119
PODD,Insulet Corporation,340.3,-1,24,49,5,77,-2,19,18,7,42,119
NWSA,News Corp (Class A),29.91,7,1,13,59,80,10,-7,14,22,39,119
VZ,Verizon,43.87,18,27,34,11,90,17,-7,4,15,29,119
APTV,Aptiv,82.79,56,24,5,-25,60,61,20,14,-37,58,118
MAR,Marriott International,265.14,-6,-2,0,59,51,13,15,11,28,67,118
PKG,Packaging Corporation of America,211.9,-8,17,0,62,71,-6,17,7,27,45,116
ADP,Automatic Data Processing,290.52,-99,-10,0,181,72,-5,-23,14,58,44,116
USB,U.S. Bancorp,49.29,37,20,4,5,66,2,21,11,16,50,116
HAS,Hasbro,75.99,-14,87,18,4,95,-5,-1,14,12,20,115
AMD,Advanced Micro Devices,161.18,6,0,2,111,119,2,-13,14,-8,-5,114
ROST,Ross Stores,147.05,-14,30,4,36,56,-14,39,3,30,58,114
UAL,United Airlines Holdings,104.58,-7,60,5,12,70,-6,24,8,17,43,113
AOS,A. O. Smith,73.27,31,9,0,59,99,-5,11,14,-6,14,113
WYNN,Wynn Resorts,122.85,0,89,12,4,105,-14,17,14,-9,8,113
DECK,Deckers Brands,118.66,0,13,-28,94,79,14,10,-24,32,32,111
ABT,Abbott Laboratories,131.42,1,16,60,14,91,15,-4,-8,15,18,109
TRMB,Trimble Inc.,81.01,21,0,83,5,109,-6,-19,12,13,0,109
VRTX,Vertex Pharmaceuticals,393.15,-6,-29,-6,105,64,13,4,-10,38,45,109
INCY,Incyte,83.11,-14,73,7,0,66,-14,37,10,8,41,107
DD,DuPont,77.13,0,58,-7,20,71,13,16,11,-4,36,107
EOG,EOG Resources,117.81,-8,0,-2,46,36,-4,16,7,52,71,107
CTVA,Corteva,70.1,-7,-1,57,0,49,12,18,14,12,56,105
ECL,Ecolab,270.66,-14,30,20,23,59,15,-4,14,20,45,104
AMZN,Amazon,231.44,0,9,21,22,52,1,19,11,21,52,104
MHK,Mohawk Industries,137.12,0,49,2,0,51,-5,53,6,-2,52,103
HBAN,Huntington Bancshares,17.62,-6,16,13,22,45,11,16,14,17,58,103
EQT,EQT Corporation,49.98,-13,-31,45,43,44,-4,6,45,11,58,102
DAL,Delta Air Lines,58.41,-34,59,5,20,50,-7,24,6,27,50,100
FCX,Freeport-McMoRan,45.65,3,10,2,59,74,1,15,14,-7,23,97
TXT,Textron,82.23,7,3,0,54,64,13,11,14,-6,32,96
BLDR,Builders FirstSource,140.23,-7,53,-32,66,80,-7,23,4,-4,16,96
SCHW,Charles Schwab Corporation,92.09,-9,-1,81,12,83,-3,-14,14,15,12,95
EXC,Exelon,43.42,3,-2,59,15,75,23,-9,-5,11,20,95
KIM,Kimco Realty,22.36,-27,24,3,56,56,-5,16,12,15,38,94
ROK,Rockwell Automation,346.42,21,3,19,16,59,13,19,14,-12,34,93
DOV,Dover Corporation,171.93,-14,-12,-7,107,74,-9,-3,10,20,18,92
CEG,Constellation Energy,330.61,28,0,20,0,48,28,-18,14,20,44,92
DLR,Digital Realty,175.09,28,1,1,23,53,28,-27,14,20,35,88
PSX,Phillips 66,131.18,-9,16,0,42,49,16,16,13,-6,39,88
TRGP,Targa Resources,163.35,20,-1,0,52,71,28,-43,-24,55,16,87
ES,Eversource Energy,65.53,28,0,19,-11,36,32,1,14,3,50,86
GPC,Genuine Parts Company,139.1,-1,40,5,0,44,-1,47,14,-18,42,86
VLO,Valero Energy,157.53,0,16,4,45,65,-1,15,13,-6,21,86
EIX,Edison International,55.89,17,31,-36,0,12,26,45,4,-2,73,85
ED,Consolidated Edison,97.0,0,-14,32,48,66,-4,-17,-8,46,17,83
BXP,"BXP, Inc.",77.82,21,13,2,1,37,19,14,14,-1,46,83
CRWD,CrowdStrike,444.86,21,-27,49,0,43,45,-41,14,21,39,82
WAB,Wabtec,188.39,-6,-23,0,50,21,-8,-3,14,57,60,81
ACGL,Arch Capital Group,89.87,-3,0,-12,63,48,16,23,-5,-1,33,81
MTB,M&T Bank,196.62,-9,16,5,23,35,1,16,12,15,44,79
EQIX,Equinix,791.68,31,0,-12,35,54,30,-20,-12,27,25,79
STLD,Steel Dynamics,131.49,0,1,4,56,61,-10,15,14,-1,18,79
PLD,Prologis,114.29,21,16,3,0,40,15,15,14,-6,38,78
TER,Teradyne,114.07,-34,58,0,3,27,-38,88,7,-6,51,78
GNRC,Generac,185.61,24,71,7,-35,67,-5,-7,11,11,10,77
LVS,Las Vegas Sands,53.08,-14,87,10,3,86,-5,-1,11,-15,-10,76
MTCH,Match Group,37.47,-7,71,8,-38,34,-7,79,9,-39,42,76
OTIS,Otis Worldwide,89.63,33,0,-8,0,25,47,-7,-18,27,49,74
MPC,Marathon Petroleum,180.01,-6,13,3,50,60,-5,13,14,-9,13,73
QCOM,Qualcomm,161.23,22,14,-29,23,30,18,16,12,-6,40,70
COIN,Coinbase,326.98,35,-15,13,0,33,35,-31,13,19,36,69
CSCO,Cisco,67.04,-14,0,52,15,53,-10,-16,14,26,14,67
CI,Cigna,297.04,-7,6,-1,59,57,-5,21,-7,-2,7,64
DELL,Dell Technologies,126.76,7,0,0,33,40,25,-11,14,-5,23,63
NSC,Norfolk Southern,277.21,3,1,15,5,24,16,-7,14,15,38,62
ADSK,Autodesk,321.09,0,11,3,15,29,-14,11,14,20,31,60
HSY,Hershey Company (The),185.62,0,53,8,0,61,3,7,8,-20,-2,59
FRT,Federal Realty Investment Trust,101.08,0,19,-1,2,20,16,19,5,-2,38,58
NEE,NextEra Energy,71.53,13,0,0,0,13,23,-7,14,14,44,57
APD,Air Products,289.52,0,3,0,17,20,17,2,6,11,36,56
CVS,CVS Health,73.47,20,22,14,0,56,-2,26,4,-29,-1,55
APA,APA Corporation,22.91,7,27,0,-13,21,19,25,9,-20,33,54
GEHC,GE HealthCare,77.76,49,7,-24,0,32,2,8,3,9,22,54
BEN,Franklin Resources,24.37,-49,90,12,0,53,13,-4,14,-23,0,53
SMCI,Supermicro,45.37,30,-11,0,59,78,-3,-23,9,-10,-27,51
VRSK,Verisk Analytics,255.02,-28,-35,0,115,52,-26,-1,-6,29,-4,48
PSKY,Paramount Skydance Corporation,18.58,17,23,5,-40,5,8,16,16,2,42,47
ROP,Roper Technologies,505.0,-34,-31,-6,183,112,-40,-48,-5,27,-66,46
PAYX,Paychex,131.97,-70,-33,0,168,65,-3,-26,-5,15,-19,46
TFC,Truist Financial,44.78,-34,61,5,5,37,-40,22,11,15,8,45
NDSN,Nordson Corporation,225.92,4,17,0,2,23,-5,21,14,-8,22,45
SWK,Stanley Black & Decker,78.57,49,53,-33,-40,29,-6,22,3,-3,16,45
MOS,Mosaic Company (The),34.05,24,1,20,-17,28,22,6,19,-31,16,44
RMD,ResMed,271.19,-14,0,21,14,21,2,-7,13,14,22,43
CTRA,Coterra,24.2,0,0,-9,45,36,-2,9,-16,14,5,41
NUE,Nucor,141.59,-40,64,0,4,28,-12,23,11,-9,13,41
TROW,T. Rowe Price,104.17,-30,72,2,-26,18,-47,56,10,-1,18,36
AES,AES Corporation,13.02,3,48,0,-12,39,20,-8,10,-25,-3,36
CSGP,CoStar Group,88.96,0,0,10,15,25,11,-17,27,-10,11,36
EXE,Expand Energy,95.57,-1,-40,45,0,4,19,5,-3,11,32,36
GEV,GE Vernova,628.68,28,6,0,0,34,-3,-13,15,0,-1,33
AIG,American International Group,77.02,-76,-7,32,54,3,12,-1,-4,22,29,32
REG,Regency Centers,70.96,-27,0,0,54,27,-38,8,14,20,4,31
MTD,Mettler Toledo,1260.32,-14,72,-27,0,31,-6,-1,8,-6,-5,26
WST,West Pharmaceutical Services,257.54,58,7,-31,-8,26,-4,8,5,-9,0,26
SOLV,Solventum,73.21,0,-2,0,0,-2,12,6,10,0,28,26
FDX,FedEx,225.7,-1,-1,-30,33,1,27,-4,6,-5,24,25
EQR,Equity Residential,65.29,-1,0,0,14,13,-5,10,-7,14,12,25
CF,CF Industries,85.36,26,-27,1,5,5,-7,2,14,9,18,23
GEN,Gen Digital,28.77,-14,-1,19,17,21,-26,-3,14,17,2,23
UNH,UnitedHealth Group,348.07,61,9,-22,-5,43,-5,21,-35,-2,-21,22
AVB,AvalonBay Communities,192.87,0,0,-7,17,10,-5,11,-11,16,11,21
TMO,Thermo Fisher Scientific,471.36,-12,38,-26,0,0,-5,52,-25,-4,18,18
NXPI,NXP Semiconductors,219.27,-62,1,-1,64,2,-9,19,11,-6,15,17
CSX,CSX Corporation,32.51,7,-10,0,5,2,18,-10,14,-7,15,17
EXR,Extra Space Storage,143.73,-5,-1,-7,0,-13,-5,7,14,14,30,17
DIS,Walt Disney Company (The),115.61,-29,-2,19,-1,-13,-1,11,14,4,28,15
DVN,Devon Energy,33.77,-8,24,-2,-6,8,-5,20,13,-23,5,13
EG,Everest Group,339.97,0,5,-40,56,21,23,16,-41,-6,-8,13
HSIC,Henry Schein,68.82,0,0,-9,0,-9,2,11,3,4,20,11
INTC,Intel,24.78,7,23,0,-21,9,-12,22,4,-13,1,10
LII,Lennox International,552.38,-14,-15,-1,39,9,-11,-28,8,28,-3,6
DPZ,Domino's,449.95,-28,-29,0,11,-46,-7,8,31,19,51,5
PSA,Public Storage,286.57,-9,0,-15,2,-22,-5,19,14,-1,27,5
ZBRA,Zebra Technologies,320.77,7,0,-6,-8,-7,12,-23,8,14,11,4
DAY,Dayforce,68.93,-35,20,4,-13,-24,9,16,4,-1,28,4
WAT,Waters Corporation,299.6,0,-5,-9,0,-14,9,16,-24,15,16,2
DDOG,Datadog,138.63,0,0,3,0,3,-16,4,11,-1,-2,1
K,Kellanova,79.08,-7,-1,0,22,14,-4,-12,-11,14,-13,1
BRO,Brown & Brown,90.88,-70,-96,-3,164,-5,-5,-2,-14,27,6,1
BG,Bunge Global,80.31,-21,18,0,0,-3,-1,-4,14,-6,3,0
BBY,Best Buy,74.57,-3,24,-28,-7,-14,-7,21,2,-3,13,-1
OKE,Oneok,72.61,0,-31,-17,55,7,-2,-31,-29,52,-10,-3
ERIE,Erie Indemnity,321.97,-6,-10,-21,40,3,14,-14,-39,32,-7,-4
VTRS,Viatris,9.6,-29,27,-1,-1,-4,-28,22,6,-2,-2,-6
ESS,Essex Property Trust,264.76,0,-32,0,15,-17,-5,7,-7,15,10,-7
PCG,PG&E Corporation,15.36,26,3,-34,2,-3,-4,34,-33,-2,-5,-8
OMC,Omnicom Group,76.87,-28,24,-31,2,-33,4,19,1,-2,22,-11
LUV,Southwest Airlines,31.43,0,-21,5,-40,-56,16,11,12,5,44,-12
TPL,Texas Pacific Land Corporation,922.65,0,-74,-13,59,-28,-2,10,-9,14,13,-15
HPQ,HP Inc.,27.75,-12,24,-29,0,-17,-26,25,3,-2,0,-17
FI,Fiserv,132.68,-6,-46,-18,36,-34,13,-6,-19,28,16,-18
IR,Ingersoll Rand,79.06,-2,-22,-25,24,-25,-10,6,11,-1,6,-19
CCI,Crown Castle,93.59,-4,-14,0,-29,-47,23,-25,24,6,28,-19
KMB,Kimberly-Clark,125.47,-14,-2,-3,19,0,-22,-9,-15,27,-19,-19
MCHP,Microchip Technology,63.17,-6,-6,0,0,-12,-7,-7,14,-8,-8,-20
BIIB,Biogen,143.31,64,23,-88,-28,-29,-4,30,1,-19,8,-21
AWK,American Water Works,137.62,-42,-6,30,0,-18,-34,-6,26,9,-5,-23
CPT,Camden Property Trust,108.37,-13,-2,0,0,-15,-24,11,-7,12,-8,-23
IPG,Interpublic Group of Companies (The),26.32,-28,39,-47,0,-36,9,19,2,-18,12,-24
IT,Gartner,247.04,13,-64,-25,0,-76,13,4,-23,58,52,-24
SW,Smurfit Westrock,44.46,-35,-2,-1,17,-21,-33,8,4,18,-3,-24
HUM,Humana,275.34,-31,29,0,-13,-15,-1,32,-24,-21,-14,-29
AMT,American Tower,192.51,-5,-29,-1,-1,-36,-5,-28,24,12,3,-33
POOL,Pool Corporation,324.83,1,7,-27,-7,-26,12,-10,1,-10,-7,-33
A,Agilent Technologies,125.62,-6,13,-27,0,-20,-34,19,5,-6,-16,-36
FTV,Fortive,48.6,22,-33,-25,0,-36,24,3,-21,-6,0,-36
IQV,IQVIA,186.06,0,3,-44,0,-41,13,-8,6,-7,4,-37
GDDY,GoDaddy,145.55,0,-47,-7,23,-31,-10,3,-23,23,-7,-38
DLTR,Dollar Tree,97.24,-1,-6,0,-16,-23,-7,-15,29,-23,-16,-39
ARE,Alexandria Real Estate Equities,85.59,61,24,-41,-31,13,21,13,-52,-36,-54,-41
OXY,Occidental Petroleum,45.49,-6,17,-59,0,-48,-5,19,10,-17,7,-41
SWKS,Skyworks Solutions,72.84,-5,9,-47,-31,-74,7,19,11,-6,31,-43
DOC,Healthpeak Properties,18.24,7,8,-21,-32,-38,9,11,-36,10,-6,-44
UDR,"UDR, Inc.",37.77,-14,-32,-2,-1,-49,-6,6,-9,14,5,-44
PPG,PPG Industries,109.48,-6,-1,-50,-9,-66,19,-2,14,-9,22,-44
BMY,Bristol Myers Squibb,46.37,-12,0,-4,-6,-22,-9,-1,-18,6,-22,-44
CPAY,Corpay,304.99,-70,-31,-2,22,-81,-2,11,2,26,37,-44
LW,Lamb Weston,56.13,-3,23,-76,-9,-65,15,11,7,-15,18,-47
TYL,Tyler Technologies,539.45,-28,-16,0,18,-26,-27,-18,5,19,-21,-47
FANG,Diamondback Energy,134.45,-50,-8,-33,48,-43,-5,-1,8,-6,-4,-47
LKQ,LKQ Corporation,31.55,-6,-1,-10,-3,-20,-6,12,-18,-18,-30,-50
BALL,Ball Corporation,49.91,-6,-21,-7,-12,-46,15,-29,14,-6,-6,-52
SJM,J.M. Smucker Company (The),102.29,-13,-1,-1,-5,-20,-14,4,2,-24,-32,-52
KVUE,Kenvue,18.25,-7,-15,-2,0,-24,-1,-25,-7,4,-29,-53
SBAC,SBA Communications,198.04,2,-29,-3,-21,-51,21,-29,-2,6,-4,-55
GPN,Global Payments,84.19,-29,39,-31,-40,-61,-40,55,2,-11,6,-55
INVH,Invitation Homes,29.65,-8,-37,-12,0,-57,-5,-2,-7,15,1,-56
REGN,Regeneron Pharmaceuticals,572.58,3,24,-45,0,-18,17,-6,-46,-5,-40,-58
CNC,Centene Corporation,32.65,34,0,-48,-12,-26,-4,17,-17,-29,-33,-59
TSN,Tyson Foods,53.98,-14,0,-5,-29,-48,-7,-2,-15,12,-12,-60
DOW,Dow Inc.,24.17,21,-1,-47,-2,-29,28,12,-62,-9,-31,-60
CRM,Salesforce,242.51,-16,-32,-17,23,-42,-24,7,-25,22,-20,-62
MDLZ,Mondelez International,61.59,0,-33,-2,0,-35,-12,-29,23,-10,-28,-63
BA,Boeing,215.73,-49,-2,12,0,-39,-26,-1,14,-12,-25,-64
COP,ConocoPhillips,92.36,-6,0,-49,0,-55,-5,-1,6,-9,-9,-64
ELV,Elevance Health,306.72,-8,0,-48,-3,-59,-5,16,-14,-4,-7,-66
AMCR,Amcor,8.28,0,-22,-5,0,-27,-1,-31,-5,-3,-40,-67
CL,Colgate-Palmolive,82.15,-28,-48,-10,24,-62,-5,-9,-18,27,-5,-67
MAA,Mid-America Apartment Communities,140.62,-15,-33,-1,0,-49,-26,7,-12,12,-19,-68
KMX,CarMax,60.42,-6,-2,-23,-37,-68,13,13,-27,-1,-2,-70
PFE,Pfizer,23.98,-14,-2,-3,-24,-43,-6,-5,11,-29,-29,-72
PAYC,Paycom,218.12,-7,-15,23,-25,-24,-6,-18,14,-38,-48,-72
DVA,DaVita,130.86,-28,-15,-7,21,-29,-38,-1,-24,20,-43,-72
ISRG,Intuitive Surgical,433.87,-14,-33,-7,23,-31,-25,-41,-2,27,-41,-72
CLX,Clorox,122.84,0,-1,-21,-6,-28,-31,3,-31,14,-45,-73
CARR,Carrier Global,61.24,-24,-30,-3,0,-57,-31,-26,14,27,-16,-73
AVY,Avery Dennison,164.88,-14,-15,-39,0,-68,-5,-6,11,-6,-6,-74
WDAY,"Workday, Inc.",222.78,-23,-8,-14,15,-30,-40,7,-8,-3,-44,-74
IP,International Paper,45.58,-42,-10,0,17,-35,-62,-2,7,17,-40,-75
DXCM,Dexcom,75.57,-28,-15,-3,-15,-61,5,-24,14,-10,-15,-76
ON,ON Semiconductor,48.12,-6,-12,-41,-2,-61,-7,-3,10,-16,-16,-77
PEP,PepsiCo,140.62,-56,42,-46,0,-60,-7,-1,3,-14,-19,-79
SBUX,Starbucks,82.67,-63,-9,-5,0,-77,2,-17,2,8,-5,-82
AKAM,Akamai Technologies,76.45,-13,-2,-30,-8,-53,-6,14,-30,-11,-33,-86
CTSH,Cognizant,68.58,-42,-33,-7,15,-67,-40,8,-7,19,-20,-87
CPB,Campbell's Company (The),32.86,0,9,-36,-7,-34,-7,3,-43,-6,-53,-87
CDW,CDW Corporation,163.13,-4,-29,-46,0,-79,-12,3,6,-9,-12,-91
HOLX,Hologic,63.78,-14,0,-39,0,-53,-30,-9,7,-8,-40,-93
BDX,Becton Dickinson,185.75,-13,27,-32,-6,-24,-28,-2,-23,-16,-69,-93
EW,Edwards Lifesciences,76.05,-46,-2,8,-15,-55,-54,15,34,-36,-41,-96
XYZ,"Block, Inc.",74.62,-62,0,-2,-37,-101,-24,-2,8,14,-4,-105
CAG,Conagra Brands,18.68,-6,-1,-36,-8,-51,-7,-5,-18,-24,-54,-105
SLB,Schlumberger,34.77,-6,0,-74,0,-80,-5,15,-25,-11,-26,-106
WY,Weyerhaeuser,24.85,-14,-2,-27,0,-43,-10,-6,-39,-9,-64,-107
MRK,Merck & Co.,81.03,-12,31,-51,-1,-33,-11,-1,-55,-7,-74,-107
TXN,Texas Instruments,178.18,-70,-9,-1,23,-57,-77,-5,14,17,-51,-108
CMG,Chipotle Mexican Grill,38.58,-97,-37,-10,81,-63,2,-38,-8,-1,-45,-108
ZBH,Zimmer Biomet,100.96,-47,27,-1,-18,-39,-6,22,-68,-19,-71,-110
JBHT,J.B. Hunt,136.25,-46,-12,-35,-1,-94,-5,-5,4,-11,-17,-111
PYPL,PayPal,67.11,-48,-22,-7,-40,-117,12,-26,7,10,3,-114
MOH,Molina Healthcare,176.14,0,-79,-17,-3,-99,-8,13,-13,-9,-17,-116
CRL,Charles River Laboratories,152.25,-35,-2,-58,-27,-122,-6,7,10,-9,2,-120
CHTR,Charter Communications,260.73,0,-36,-8,-37,-81,12,-41,-8,-2,-39,-120
FIS,Fidelity National Information Services,66.96,-29,-29,-6,-38,-102,2,-31,-1,12,-18,-120
GIS,General Mills,49.0,-5,-2,-45,-5,-57,-7,3,-41,-20,-65,-122
EL,EstÃ©e Lauder Companies (The),87.4,-42,0,0,-27,-69,-26,-3,12,-36,-53,-122
KDP,Keurig Dr Pepper,26.75,-105,-15,-3,-1,-124,-14,-9,22,-1,-2,-126
HAL,Halliburton,21.8,-4,13,-67,-1,-59,-3,11,-66,-10,-68,-127
MGM,MGM Resorts,35.62,-56,0,-1,0,-57,-70,-2,11,-10,-71,-128
TAP,Molson Coors Beverage Company,47.82,-42,-4,-17,0,-63,-38,-6,-18,-4,-66,-129
ODFL,Old Dominion,145.23,-14,-33,-30,0,-77,-9,-7,-35,-2,-53,-130
COO,Cooper Companies (The),65.52,-6,-12,-31,-6,-55,-28,-7,-36,-4,-75,-130
IEX,IDEX Corporation,161.03,-14,-33,-32,-3,-82,-5,-4,-32,-7,-48,-130
EMN,Eastman Chemical Company,65.2,-35,-35,-25,-2,-97,-3,11,-39,-3,-34,-131
CMCSA,Comcast,32.62,-30,-34,-39,-10,-113,-20,13,-6,-9,-22,-135
MKC,McCormick & Company,65.96,-15,-48,-10,-3,-76,-6,-47,-18,11,-60,-136
NKE,"Nike, Inc.",73.07,-75,0,-2,-22,-99,-12,-5,11,-37,-43,-142
TECH,Bio-Techne,51.65,-26,-2,-31,-25,-84,-19,-2,-31,-7,-59,-143
JKHY,Jack Henry & Associates,158.43,-28,-32,-7,-1,-68,-21,-63,-7,12,-79,-147
ENPH,Enphase Energy,37.98,0,0,-50,-21,-71,-7,13,-57,-25,-76,-147
IFF,International Flavors & Fragrances,64.39,-14,-33,-27,-32,-106,-3,2,-39,-2,-42,-148
FDS,FactSet,343.93,-28,-40,-9,0,-77,-27,-36,-7,-2,-72,-149
ZTS,Zoetis,146.23,-70,-5,-39,-4,-118,-13,-6,-6,-6,-31,-149
KHC,Kraft Heinz,25.63,-30,-6,-46,-1,-83,-14,-24,-18,-11,-67,-150
CZR,Caesars Entertainment,25.91,-5,-32,-30,-26,-93,-30,7,2,-38,-59,-152
TTD,Trade Desk (The),45.54,-56,-26,-31,-2,-115,-23,-18,5,-1,-37,-152
LYB,LyondellBasell,52.6,-6,-31,-48,-6,-91,-5,12,-62,-8,-63,-154
ALB,Albemarle Corporation,81.03,7,3,-132,-24,-146,10,-2,8,-26,-10,-156
HRL,Hormel Foods,24.74,-6,-42,-14,-24,-86,-6,-38,-1,-31,-76,-162
ADBE,Adobe Inc.,347.1,-4,-48,-40,-7,-99,-19,2,-44,-6,-67,-166
RVTY,Revvity,84.04,-14,-33,-24,-25,-96,-7,-38,-29,4,-70,-166
ABNB,Airbnb,120.36,-63,-27,-7,0,-97,-68,-1,4,-6,-71,-168
EPAM,EPAM Systems,154.51,-52,-4,-30,-28,-114,2,-2,-21,-38,-59,-173
DHR,Danaher Corporation,188.53,-92,-5,-33,-1,-131,-40,-8,7,-5,-46,-177
MRNA,Moderna,23.87,-12,-28,-59,-5,-104,-7,-29,1,-40,-75,-179
ACN,Accenture,237.84,-63,-48,-27,-1,-139,-40,-2,-23,20,-45,-184
DG,Dollar General,104.51,-119,-3,0,-18,-140,-33,-12,26,-27,-46,-186
BAX,Baxter International,23.81,-6,-48,-27,-39,-120,-19,-1,-18,-42,-80,-200
MKTX,MarketAxess,181.48,-4,-36,-32,-30,-102,-7,-51,-6,-45,-109,-211
ALGN,Align Technology,130.97,-16,-32,-71,-26,-145,-22,-6,-7,-39,-74,-219
TGT,Target Corporation,88.55,-126,-12,-35,-12,-185,-12,-18,2,-7,-35,-220
LULU,Lululemon Athletica,159.97,-49,-69,-15,-4,-137,-41,-7,-24,-13,-85,-222
UPS,United Parcel Service,84.04,-4,-34,-110,-17,-165,12,-6,-38,-35,-67,-232
BF-B,Brownâ€“Forman,27.37,-98,-9,-107,-19,-233,4,-3,-39,-29,-67,-300
STZ,Constellation Brands,135.42,-148,-15,-49,-4,-216,-62,-18,-65,-9,-154,-370
