Symbol,Name,Close,1H Cloud Score,1D Cloud Score,1W Cloud Score,1M Cloud Score,Cloud Score Sum,1H TKx Score,1D TKx Score,1W TKx Score,1M TKx Score,TKx Score Sum,Total Score Sum
TJX,TJX Companies,139.83,-10,34,153,199,376,-1,38,122,194,353,729
GOOGL,Alphabet Inc. (Class A),254.65,140,80,13,177,410,87,54,10,22,173,583
GOOG,Alphabet Inc. (Class C),255.12,140,80,12,177,409,87,54,9,22,172,581
ORLY,Oâ€™Reilly Automotive,103.9,-21,45,168,200,392,-26,51,59,90,174,566
JPM,JPMorgan Chase,314.72,50,93,128,159,430,53,18,15,27,113,543
GS,Goldman Sachs,804.82,72,91,97,59,319,63,102,15,22,202,521
STX,Seagate Technology,221.19,139,91,19,23,272,88,102,15,19,224,496
GLW,Corning Inc.,79.57,140,90,24,18,272,89,97,13,15,214,486
WELL,Welltower,165.21,-1,88,121,59,267,2,49,138,25,214,481
WDC,Western Digital,106.63,140,91,17,19,267,89,102,15,4,210,477
MS,Morgan Stanley,159.92,65,91,81,65,302,14,102,15,17,148,450
PLTR,Palantir Technologies,182.38,63,104,121,0,288,8,2,124,21,155,443
HWM,Howmet Aerospace,190.23,84,8,153,30,275,5,8,97,58,168,443
BK,BNY Mellon,108.72,49,93,99,41,282,17,97,15,20,149,431
WRB,W. R. Berkley Corporation,73.4,5,17,99,177,298,13,30,29,56,128,426
APH,Amphenol,123.99,74,104,24,66,268,7,106,15,28,156,424
IBM,IBM,266.41,85,2,114,55,256,27,10,61,57,155,411
AAPL,Apple Inc.,245.29,30,58,3,252,343,35,26,7,-1,67,410
KLAC,KLA Corporation,1044.97,77,10,19,178,284,78,4,15,27,124,408
BX,Blackstone Inc.,187.62,72,62,9,143,286,77,9,10,22,118,404
MSI,Motorola Solutions,476.11,-20,46,6,154,186,-33,56,6,186,215,401
C,Citigroup,102.66,67,91,24,19,201,63,101,15,15,194,395
HUBB,Hubbell Incorporated,441.25,2,89,6,183,280,7,20,11,72,110,390
PANW,Palo Alto Networks,208.2,175,11,4,82,272,30,12,15,58,115,387
STE,Steris,248.76,49,30,19,196,294,5,23,27,26,81,375
CDNS,Cadence Design Systems,373.34,18,2,22,142,184,11,-16,15,181,191,375
FAST,Fastenal,47.55,0,113,128,107,348,-26,-6,19,27,14,362
LYV,Live Nation Entertainment,163.69,-13,92,99,148,326,-26,30,14,17,35,361
MA,Mastercard,583.96,0,36,131,156,323,-2,-4,15,27,36,359
CAT,Caterpillar Inc.,466.84,49,90,13,65,217,56,15,13,58,142,359
MPWR,Monolithic Power Systems,916.36,21,91,8,158,278,26,35,15,1,77,355
RTX,RTX Corporation,158.23,35,90,82,55,262,-9,-7,89,15,88,350
LRCX,Lam Research,126.9,73,13,14,153,253,80,5,15,-6,94,347
CMI,Cummins,423.64,56,63,10,66,195,53,54,11,31,149,344
SO,Southern Company,91.82,0,0,81,191,272,-22,-16,28,80,70,342
AZO,AutoZone,4140.23,-25,44,99,87,205,-33,51,59,58,135,340
GE,GE Aerospace,301.2,56,102,24,28,210,52,13,35,30,130,340
TPR,"Tapestry, Inc.",114.22,54,91,85,22,252,47,8,13,20,88,340
NRG,NRG Energy,164.3,0,6,108,95,209,-16,5,118,22,129,338
L,Loews Corporation,96.65,-1,91,117,56,263,9,26,15,25,75,338
ROL,"Rollins, Inc.",55.51,-32,-5,36,287,286,-1,-13,28,36,50,336
ALLE,Allegion,179.34,50,103,14,22,189,49,59,15,23,146,335
RJF,Raymond James Financial,174.11,27,90,97,59,273,17,13,12,20,62,335
MCD,McDonald's,302.47,-58,27,57,243,269,3,-2,3,58,62,331
TEL,TE Connectivity,216.1,82,97,21,63,263,21,12,15,19,67,330
YUM,Yum! Brands,145.65,-14,7,33,260,286,-14,7,-7,58,44,330
LHX,L3Harris,283.94,51,113,17,6,187,3,106,17,15,141,328
RSG,Republic Services,226.81,-41,-37,129,178,229,5,-62,-6,161,98,327
PTC,PTC Inc.,206.01,0,90,11,183,284,7,-7,12,27,39,323
TRV,Travelers Companies (The),277.01,5,27,96,59,187,11,38,29,57,135,322
ABBV,AbbVie,222.38,49,43,22,59,173,21,50,8,65,144,317
ETR,Entergy,88.68,0,1,81,138,220,1,-14,94,15,96,316
HPE,Hewlett Packard Enterprise,24.99,76,87,6,43,212,12,24,12,55,103,315
AXON,Axon Enterprise,774.63,43,-7,150,95,281,7,-21,15,31,32,313
V,Visa Inc.,341.59,0,0,142,134,276,-2,-4,15,27,36,312
AMAT,Applied Materials,190.06,72,2,0,150,224,77,2,13,-6,86,310
COF,Capital One,228.35,26,97,99,22,244,14,17,15,19,65,309
ALL,Allstate,205.97,5,2,102,160,269,14,-11,16,18,37,306
AJG,Arthur J. Gallagher & Co.,299.5,7,0,0,187,194,15,-4,-7,108,112,306
COST,Costco,950.47,-12,-2,0,181,167,-26,-13,-7,185,139,306
CBRE,CBRE Group,164.14,-1,75,97,23,194,13,71,13,15,112,306
ANET,Arista Networks,149.57,6,76,12,59,153,12,72,11,57,152,305
DTE,DTE Energy,135.67,-1,0,79,190,268,4,-13,32,14,37,305
AME,Ametek,187.84,-7,36,9,107,145,6,36,15,102,159,304
LDOS,Leidos,187.44,56,103,7,24,190,14,60,18,20,112,302
HD,Home Depot (The),415.77,-6,43,6,181,224,-8,56,7,20,75,299
TTWO,Take-Two Interactive,250.85,113,14,50,14,191,16,21,50,21,108,299
J,Jacobs Solutions,149.12,49,89,11,107,256,17,-7,12,20,42,298
RL,Ralph Lauren Corporation,312.46,0,93,99,35,227,7,22,15,27,71,298
DUK,Duke Energy,121.08,-1,0,81,184,264,1,-11,27,17,34,298
ITW,Illinois Tool Works,261.87,-13,62,7,179,235,-8,26,12,30,60,295
LIN,Linde plc,478.76,4,34,18,111,167,4,1,15,107,127,294
GD,General Dynamics,323.9,-7,113,13,55,174,-23,68,15,58,118,292
WMT,Walmart,102.32,0,15,132,102,249,-10,6,15,30,41,290
WMB,Williams Companies,60.12,21,2,117,53,193,15,7,15,58,95,288
ETN,Eaton Corporation,374.62,56,1,13,115,185,6,8,13,73,100,285
ADI,Analog Devices,245.3,5,22,16,180,223,-4,22,15,27,60,283
NTAP,NetApp,125.07,140,34,3,58,235,12,26,12,-2,48,283
NFLX,Netflix,1226.64,5,0,121,21,147,23,-2,92,21,134,281
LOW,Lowe's,265.24,-7,43,5,167,208,-8,55,6,20,73,281
ULTA,Ulta Beauty,521.4,27,101,17,5,150,19,104,17,-10,130,280
URI,United Rentals,941.87,-10,91,12,65,158,-12,62,13,58,121,279
DASH,DoorDash,265.13,16,90,102,0,208,26,5,15,19,65,273
ORCL,Oracle Corporation,308.75,0,8,16,199,223,2,5,15,28,50,273
AVGO,Broadcom,344.81,0,94,24,117,235,-21,11,15,31,36,271
FFIV,"F5, Inc.",328.62,13,90,99,15,217,16,4,15,18,53,270
NEM,Newmont,81.72,7,115,24,6,152,5,77,24,11,117,269
MNST,Monster Beverage,64.09,0,30,31,181,242,-8,4,24,5,25,267
DGX,Quest Diagnostics,183.56,14,30,73,19,136,15,28,73,15,131,267
COR,Cencora,289.94,-30,14,49,76,109,5,23,60,69,157,266
BSX,Boston Scientific,97.75,-56,-6,149,145,232,-54,15,15,58,34,266
WM,Waste Management,216.44,-77,-20,0,188,91,7,-26,32,160,173,264
KKR,KKR & Co.,149.0,56,2,2,104,164,65,2,11,22,100,264
LLY,Lilly (Eli),752.25,0,5,-8,173,170,-5,13,-12,97,93,263
NWS,News Corp (Class B),33.92,21,1,117,59,198,35,-13,15,22,59,257
MSFT,Microsoft,518.0,42,0,21,174,237,2,-24,15,26,19,256
CBOE,Cboe Global Markets,232.68,-2,-2,149,56,201,-9,-17,27,52,53,254
MU,Micron Technology,162.68,84,17,3,23,127,84,26,15,1,126,253
APO,Apollo Global Management,144.7,50,1,0,98,149,64,2,11,27,104,253
META,Meta Platforms,778.35,36,91,22,30,179,33,4,13,24,74,253
CINF,Cincinnati Financial,156.1,2,34,90,63,189,8,25,15,16,64,253
GRMN,Garmin,235.13,-13,64,117,20,188,7,25,11,22,65,253
IBKR,Interactive Brokers,65.01,14,2,99,58,173,7,1,13,58,79,252
BRK-B,Berkshire Hathaway,492.95,0,17,129,63,209,1,25,-10,27,43,252
GM,General Motors,58.98,49,73,12,12,146,13,65,12,14,104,250
HIG,Hartford (The),130.93,-28,33,99,58,162,4,-2,26,57,85,247
SRE,Sempra,83.2,0,46,5,182,233,2,1,13,-2,14,247
T,AT&T,28.99,-1,31,75,17,122,-24,33,99,16,124,246
CHRW,C.H. Robinson,136.06,49,59,8,5,121,52,52,11,9,124,245
SYY,Sysco,82.4,11,78,12,4,105,20,91,12,15,138,243
LMT,Lockheed Martin,472.94,82,17,-34,166,231,3,19,-9,-3,10,241
ATO,Atmos Energy,162.93,-23,31,79,46,133,-23,-5,90,46,108,241
CHD,Church & Dwight,90.34,-42,-39,-21,345,243,-8,-2,-19,26,-3,240
EVRG,Evergy,72.29,4,72,63,15,154,3,-10,82,11,86,240
PNR,Pentair,110.31,-1,91,14,63,167,7,28,13,25,73,240
AXP,American Express,341.05,24,20,22,100,166,18,20,13,22,73,239
BLK,BlackRock,1142.87,49,90,22,23,184,16,1,15,22,54,238
TKO,TKO Group Holdings,201.16,-1,29,76,41,145,3,22,15,51,91,236
MDT,Medtronic,95.11,49,58,16,2,125,17,72,8,14,111,236
UNP,Union Pacific Corporation,220.65,15,-19,-11,199,184,44,-11,-1,20,52,236
INTU,Intuit,687.54,14,-22,22,192,206,21,-28,15,21,29,235
PPL,PPL Corporation,35.7,-19,49,81,24,135,2,-10,93,15,100,235
GL,Globe Life,145.42,49,43,50,15,157,17,42,9,9,77,234
KMI,Kinder Morgan,27.43,2,0,97,45,144,14,7,13,53,87,231
NTRS,Northern Trust,131.45,27,91,21,12,151,17,33,15,14,79,230
PWR,Quanta Services,388.84,11,0,22,100,133,7,2,15,73,97,230
WFC,Wells Fargo,84.62,26,7,97,30,160,18,15,15,20,68,228
PGR,Progressive Corporation,242.35,-21,-71,-1,178,85,-28,-11,-8,190,143,228
ADP,Automatic Data Processing,292.08,0,-14,0,181,167,15,-27,15,58,61,228
VMC,Vulcan Materials Company,298.02,6,43,11,61,121,12,51,15,28,106,227
PH,Parker Hannifin,755.19,-28,92,22,66,152,6,23,15,31,75,227
MLM,Martin Marietta Materials,617.7,0,46,11,61,118,15,51,15,28,109,227
BR,Broadridge Financial Solutions,241.46,-33,-5,119,146,227,-29,-13,15,26,-1,226
TSLA,"Tesla, Inc.",425.87,77,30,3,11,121,49,36,9,11,105,226
ICE,Intercontinental Exchange,169.76,-35,-15,117,162,229,-32,-21,27,22,-4,225
CME,CME Group,261.46,0,-25,59,137,171,-2,-20,55,20,53,224
NI,NiSource,40.32,0,-5,79,46,120,5,-12,94,15,102,222
PHM,PulteGroup,131.93,-16,64,6,66,120,-8,68,11,30,101,221
KEYS,Keysight Technologies,178.14,83,13,3,1,100,88,13,13,6,120,220
NOW,ServiceNow,961.22,73,1,0,83,157,14,10,13,23,60,217
CNP,CenterPoint Energy,38.22,1,45,54,46,146,4,3,48,16,71,217
TDY,Teledyne Technologies,565.15,11,90,57,15,173,7,5,15,16,43,216
SYF,Synchrony Financial,76.61,14,91,22,22,149,8,26,13,19,66,215
CRWD,CrowdStrike,502.53,49,2,50,0,101,73,3,15,21,112,213
WEC,WEC Energy Group,110.14,0,47,60,14,121,3,4,73,12,92,213
PM,Philip Morris International,162.97,-14,-5,75,56,112,-7,-11,90,28,100,212
RF,Regions Financial Corporation,27.16,14,90,12,23,139,17,27,13,15,72,211
XYL,Xylem Inc.,142.88,37,91,13,23,164,17,-10,15,23,45,209
AIZ,Assurant,209.66,-16,32,6,153,175,9,-3,7,20,33,208
TDG,TransDigm Group,1281.85,-7,-27,2,158,126,6,1,15,58,80,206
EBAY,eBay Inc.,91.1,0,0,82,15,97,16,-11,87,17,109,206
SNA,Snap-on,337.12,49,12,3,60,124,6,6,8,58,78,202
TSCO,Tractor Supply,59.66,0,7,12,86,105,9,-8,9,86,96,201
XEL,Xcel Energy,72.11,-10,47,56,13,106,3,16,64,10,93,199
TER,Teradyne,119.82,14,62,0,3,79,26,92,8,-6,120,199
AMGN,Amgen,285.41,7,-12,-3,166,158,13,-13,3,37,40,198
IRM,Iron Mountain,99.89,64,5,1,58,128,-7,4,15,57,69,197
CAH,Cardinal Health,149.53,-7,-21,60,39,71,5,10,53,58,126,197
FSLR,First Solar,212.47,32,56,0,63,151,26,11,15,-7,45,196
DE,Deere & Company,469.71,-1,-21,54,110,142,24,-34,50,11,51,193
EXPD,Expeditors International,120.15,-7,36,6,132,167,-8,27,11,-4,26,193
NWSA,News Corp (Class A),30.62,35,5,14,59,113,38,4,15,22,79,192
TT,Trane Technologies,406.58,0,-17,21,165,169,7,-30,15,30,22,191
BKNG,Booking Holdings,5440.15,-14,-2,141,36,161,-5,-8,15,27,29,190
LH,Labcorp,277.35,2,41,60,16,119,11,28,13,19,71,190
JBL,Jabil,224.32,15,2,24,66,107,7,2,16,58,83,190
HCA,HCA Healthcare,402.2,0,30,8,98,136,5,-2,21,30,54,190
CFG,Citizens Financial Group,53.56,21,79,13,5,118,18,26,12,15,71,189
NVDA,Nvidia,176.5,0,2,19,135,156,7,-17,15,27,32,188
IVZ,Invesco,22.48,2,67,12,3,84,14,63,12,14,103,187
BAC,Bank of America,52.25,50,24,22,19,115,19,21,15,15,70,185
PNC,PNC Financial Services,205.52,14,81,7,15,117,18,22,12,15,67,184
XOM,ExxonMobil,112.83,47,10,2,45,104,-4,19,14,51,80,184
FITB,Fifth Third Bancorp,46.06,17,67,5,23,112,17,24,12,17,70,182
MMC,Marsh McLennan,196.78,-36,-72,-8,176,60,-32,-10,-16,179,121,181
PG,Procter & Gamble,156.05,-12,0,-11,180,157,-7,23,-19,27,24,181
HII,Huntington Ingalls Industries,274.87,2,130,13,7,152,7,10,21,-10,28,180
JCI,Johnson Controls,108.68,6,8,80,20,114,17,13,15,19,64,178
KEY,KeyCorp,19.07,8,91,13,5,117,12,20,13,14,59,176
STT,State Street Corporation,113.27,4,93,22,17,136,13,-3,14,15,39,175
FOX,Fox Corporation (Class B),54.53,14,27,72,2,115,38,-1,12,10,59,174
EXPE,Expedia Group,222.44,0,64,54,12,130,-13,30,11,15,43,173
NDAQ,"Nasdaq, Inc.",89.58,-32,-2,81,145,192,-34,-15,15,15,-19,173
SNPS,Synopsys,495.48,0,-8,-2,181,171,14,-20,13,-6,1,172
WYNN,Wynn Resorts,129.51,14,93,13,4,124,19,21,15,-9,46,170
SPG,Simon Property Group,180.72,-3,60,6,36,99,-23,59,13,22,71,170
PCAR,Paccar,99.42,-7,12,-27,160,138,-12,3,2,35,28,166
AON,Aon plc,351.22,-32,-4,0,178,142,-28,-8,2,57,23,165
SPGI,S&P Global,506.92,-14,-2,0,173,157,-14,-14,13,22,7,164
QCOM,Qualcomm,166.82,50,18,0,23,91,46,20,13,-6,73,164
FOXA,Fox Corporation (Class A),60.61,21,27,73,2,123,13,-1,13,15,40,163
TXT,Textron,83.64,35,7,0,54,96,41,15,15,-6,65,161
BKR,Baker Hughes,47.31,14,45,9,36,104,7,14,9,27,57,161
MCO,Moody's Corporation,480.74,-13,-2,0,157,142,-8,-14,13,26,17,159
AFL,Aflac,108.05,0,27,6,59,92,-2,26,-13,56,67,159
WSM,"Williams-Sonoma, Inc.",197.74,-6,57,13,66,130,-6,5,7,22,28,158
IDXX,Idexx Laboratories,656.1,24,98,19,5,146,11,-9,15,-9,8,154
STLD,Steel Dynamics,139.27,28,5,5,56,94,26,19,15,-1,59,153
ABT,Abbott Laboratories,136.04,29,20,61,14,124,19,-8,1,15,27,151
UAL,United Airlines Holdings,106.31,0,64,6,12,82,15,28,9,17,69,151
NVR,"NVR, Inc.",8095.38,-34,60,-1,66,91,-34,56,8,30,60,151
FICO,Fair Isaac,1477.4,-12,0,-11,167,144,-8,15,-33,32,6,150
MMM,3M,156.63,-13,12,79,15,93,1,25,15,15,56,149
PEG,Public Service Enterprise Group,81.6,0,-13,0,153,140,2,-21,9,18,8,148
MPC,Marathon Petroleum,185.39,28,17,4,50,99,26,17,15,-9,49,148
MO,Altria,64.86,-35,44,75,46,130,-28,-4,31,17,16,146
GWW,W. W. Grainger,988.37,-7,0,-8,95,80,14,-1,-6,58,65,145
SHW,Sherwin-Williams,346.74,-42,-1,0,191,148,-34,-4,15,20,-3,145
CTAS,Cintas,200.05,-178,-25,0,168,-35,-8,-20,18,188,178,143
F,Ford Motor Company,11.62,2,105,7,0,114,-5,25,15,-6,29,143
SYK,Stryker Corporation,376.6,-56,-6,0,160,98,5,-3,13,30,45,143
GILD,Gilead Sciences,114.04,0,0,56,36,92,10,-13,13,40,50,142
CCL,Carnival,30.52,-36,90,22,2,78,11,20,13,20,64,142
VTR,Ventas,67.12,-8,47,77,23,139,-25,2,9,16,2,141
DHI,D. R. Horton,168.33,-35,64,6,66,101,-35,68,9,-3,39,140
DAL,Delta Air Lines,59.72,1,63,6,20,90,15,-2,7,27,47,137
HBAN,Huntington Bancshares,17.71,12,20,14,22,68,17,20,15,17,69,137
MCK,McKesson Corporation,698.38,-24,2,47,59,84,-34,19,-2,68,51,135
TRMB,Trimble Inc.,82.77,7,0,84,5,96,7,3,13,13,36,132
INCY,Incyte,86.37,11,77,8,1,97,17,-1,11,8,35,132
WTW,Willis Towers Watson,336.66,7,36,13,25,81,9,7,5,30,51,132
KR,Kroger,65.56,-28,-17,84,68,107,-28,-20,55,16,23,130
FE,FirstEnergy,43.23,-1,44,11,56,110,-1,-9,15,15,20,130
PFG,Principal Financial Group,81.75,0,20,2,56,78,5,15,12,19,51,129
D,Dominion Energy,59.87,0,89,19,2,110,3,-10,15,11,19,129
MTCH,Match Group,38.53,11,75,9,-38,57,17,83,10,-39,71,128
NOC,Northrop Grumman,572.62,-15,58,15,59,117,-14,-10,22,13,11,128
USB,U.S. Bancorp,50.4,21,24,5,5,55,18,25,12,16,71,126
EA,Electronic Arts,172.99,43,37,9,8,97,-7,-8,21,22,28,125
WBD,Warner Bros. Discovery,19.33,74,7,17,0,98,5,7,13,1,26,124
VLO,Valero Energy,162.62,28,20,5,45,98,-2,19,14,-6,25,123
CSCO,Cisco,68.17,16,0,53,15,84,17,-20,15,26,38,122
VST,Vistra Corp.,211.18,0,8,24,31,63,-2,2,13,46,59,122
JNJ,Johnson & Johnson,176.2,-2,57,13,8,76,-26,55,10,7,46,122
TFC,Truist Financial,45.97,2,65,6,5,78,18,-2,12,15,43,121
DD,DuPont,78.08,14,62,-8,20,88,5,20,12,-4,33,121
NSC,Norfolk Southern,283.72,31,5,16,5,57,44,-11,15,15,63,120
MTB,M&T Bank,201.92,5,20,6,23,54,18,20,13,15,66,120
FTNT,Fortinet,84.21,22,-35,-7,114,94,13,6,-7,14,26,120
VRSN,Verisign,282.19,-1,0,41,10,50,-8,12,57,8,69,119
COIN,Coinbase,342.33,63,0,14,0,77,7,2,14,19,42,119
DELL,Dell Technologies,131.95,35,0,1,33,69,53,-15,15,-5,48,117
AMZN,Amazon,231.6,-1,13,22,22,56,5,23,12,21,61,117
DRI,Darden Restaurants,184.72,-16,-2,49,62,93,-28,20,-1,31,22,115
PKG,Packaging Corporation of America,211.28,-16,21,0,62,67,-8,21,8,27,48,115
SCHW,Charles Schwab Corporation,94.29,0,0,82,12,94,9,-18,15,15,21,115
CVX,Chevron Corporation,156.15,-7,53,12,49,107,-7,1,6,7,7,114
SMCI,Supermicro,45.79,58,-15,0,59,102,7,4,10,-10,11,113
LVS,Las Vegas Sands,53.85,2,91,11,3,107,12,-5,12,-15,4,111
PODD,Insulet Corporation,330.84,-27,28,50,5,56,5,23,19,7,54,110
AMD,Advanced Micro Devices,157.41,0,0,3,111,114,5,-17,15,-8,-5,109
MAR,Marriott International,268.44,3,1,1,59,64,5,-3,12,28,42,106
EMR,Emerson Electric,132.34,-28,-4,21,65,54,3,7,15,27,52,106
KO,Coca-Cola Company (The),66.44,-83,-20,33,183,113,-6,-13,-3,15,-7,106
VLTO,Veralto,106.92,-8,91,7,0,90,-4,4,14,0,14,104
RCL,Royal Caribbean Group,328.46,-61,3,126,29,97,-35,-1,15,28,7,104
CB,Chubb Limited,273.83,-31,0,0,59,28,5,23,-9,57,76,104
ADSK,Autodesk,322.68,1,15,4,15,35,16,15,15,20,66,101
EFX,Equifax,257.55,50,7,-9,17,65,-6,7,15,19,35,100
NXPI,NXP Semiconductors,223.98,2,5,0,64,71,26,-3,12,-6,29,100
TRGP,Targa Resources,164.45,0,-1,0,52,51,16,2,-25,55,48,99
AEE,Ameren,99.13,-19,0,62,14,57,-24,-13,67,11,41,98
MAS,Masco,72.23,-16,57,-2,66,105,-34,-1,6,22,-7,98
HON,Honeywell,209.37,-20,-26,-1,179,132,-34,-38,15,23,-34,98
AMP,Ameriprise Financial,489.52,-34,-15,0,65,16,7,-11,13,72,81,97
UBER,Uber,98.5,7,10,23,0,40,5,2,21,27,55,95
FCX,Freeport-McMoRan,44.94,-1,14,3,59,75,-8,19,15,-7,19,94
LNT,Alliant Energy,64.16,-16,0,73,15,72,2,-10,15,14,21,93
EXE,Expand Energy,98.5,26,-44,46,0,28,47,9,-4,11,63,91
AOS,A. O. Smith,73.09,0,13,0,59,72,-8,15,15,-6,16,88
HSY,Hershey Company (The),190.15,28,57,9,0,94,-7,11,9,-20,-7,87
CPRT,Copart,45.82,-34,-4,-18,177,121,-33,-3,-28,29,-35,86
INTC,Intel,29.56,35,27,0,-21,41,27,26,5,-13,45,86
PSKY,Paramount Skydance Corporation,18.91,45,27,6,-40,38,7,20,17,2,46,84
DECK,Deckers Brands,113.84,-11,17,-29,94,71,-8,14,-25,32,13,84
ADM,Archer Daniels Midland,61.55,1,92,7,0,100,-10,-1,15,-21,-17,83
TMUS,T-Mobile US,238.09,-72,0,0,140,68,-3,-6,-13,36,14,82
MET,MetLife,79.16,-28,22,0,59,53,-26,22,13,19,28,81
EOG,EOG Resources,116.11,-13,-1,-3,46,29,-6,-4,8,52,50,79
O,Realty Income,59.16,-9,35,15,8,49,-25,25,15,14,29,78
GPC,Genuine Parts Company,137.33,-13,44,6,0,37,-8,51,15,-18,40,77
AEP,American Electric Power,107.05,-28,-2,78,24,72,-26,-12,28,15,5,77
CTVA,Corteva,70.82,-35,-5,58,0,18,9,22,15,12,58,76
TROW,T. Rowe Price,105.97,0,76,3,-26,53,16,-3,11,-1,23,76
ROK,Rockwell Automation,347.82,14,7,20,16,57,17,-2,15,-12,18,75
PSX,Phillips 66,129.71,-8,20,0,42,54,-7,20,14,-6,21,75
CVS,CVS Health,74.93,9,26,15,0,50,18,30,5,-29,24,74
NCLH,Norwegian Cruise Line Holdings,25.23,-10,62,5,0,57,-27,11,8,21,13,70
VZ,Verizon,43.49,-9,31,35,11,68,-7,-11,5,15,2,70
LEN,Lennar,127.32,-36,47,-2,65,74,-8,-1,6,-4,-7,67
EXC,Exelon,43.4,2,-6,60,15,71,4,-13,-6,11,-4,67
CSX,CSX Corporation,32.96,35,-14,1,5,27,46,-14,15,-7,40,67
BXP,"BXP, Inc.",76.49,0,17,3,1,21,-1,18,15,14,46,67
CEG,Constellation Energy,330.77,3,0,21,0,24,7,1,15,20,43,67
GEN,Gen Digital,28.99,0,-5,20,17,32,9,-7,15,17,34,66
APA,APA Corporation,23.46,35,31,0,-13,53,-6,29,10,-20,13,66
MOS,Mosaic Company (The),33.97,52,3,21,-17,59,4,10,20,-31,3,62
ESS,Essex Property Trust,267.55,14,0,0,15,29,15,11,-8,15,33,62
MHK,Mohawk Industries,130.73,-21,53,0,0,32,-33,57,7,-2,29,61
WAB,Wabtec,188.6,-34,-27,0,50,-11,7,-7,15,57,72,61
OTIS,Otis Worldwide,89.17,61,-1,-9,0,51,-4,3,-19,27,7,58
EQIX,Equinix,788.94,1,0,-13,35,23,15,4,-13,27,33,56
ES,Eversource Energy,67.01,7,1,20,0,28,5,5,15,3,28,56
HLT,Hilton Worldwide,268.6,-36,1,21,65,51,-33,-2,13,27,5,56
UHS,Universal Health Services,188.6,0,23,-1,23,45,-7,27,-9,-2,9,54
EQT,EQT Corporation,49.17,-41,-35,46,43,13,-12,-4,46,11,41,54
VICI,Vici Properties,31.81,-70,-1,63,16,8,-40,-2,28,58,44,52
ROST,Ross Stores,146.16,-42,34,5,36,33,-14,-2,4,30,18,51
MSCI,MSCI Inc.,560.23,-13,1,0,15,3,-13,27,12,21,47,50
CMS,CMS Energy,70.13,-28,-4,81,24,73,-26,-16,3,15,-24,49
TXN,Texas Instruments,179.3,0,-13,-2,23,8,17,-9,15,17,40,48
KIM,Kimco Realty,21.93,-55,28,4,56,33,-33,20,13,15,15,48
NDSN,Nordson Corporation,225.1,0,21,0,2,23,-8,25,15,-8,24,47
SOLV,Solventum,73.69,28,0,0,0,28,-3,10,11,0,18,46
VRTX,Vertex Pharmaceuticals,382.89,-19,-33,-7,105,46,-25,-2,-11,38,0,46
SWKS,Skyworks Solutions,78.95,15,13,0,-31,-3,20,23,12,-6,49,46
PLD,Prologis,113.49,0,20,4,0,24,-6,19,15,-6,22,46
HST,Host Hotels & Resorts,17.41,-1,23,3,3,28,-8,20,13,-7,18,46
RMD,ResMed,273.22,0,0,22,14,36,-8,-11,14,14,9,45
APD,Air Products,290.12,-1,3,0,17,19,12,-4,7,11,26,45
REGN,Regeneron Pharmaceuticals,591.95,31,28,-46,0,13,45,-10,1,-5,31,44
MTD,Mettler Toledo,1265.09,0,76,-28,0,48,-2,-5,9,-6,-4,44
IR,Ingersoll Rand,81.6,11,0,-26,24,9,13,10,12,-1,34,43
ROP,Roper Technologies,504.4,-62,-35,-7,183,79,-6,-52,-6,27,-37,42
APTV,Aptiv,85.29,14,28,6,-25,23,17,24,15,-37,19,42
IP,International Paper,46.42,0,-14,0,17,3,19,-6,8,17,38,41
DLR,Digital Realty,172.09,0,1,2,23,26,-26,4,15,20,13,39
WDAY,"Workday, Inc.",233.53,21,3,-15,15,24,15,11,-9,-3,14,38
VTRS,Viatris,9.9,0,31,-2,0,29,8,-4,7,-2,9,38
PRU,Prudential Financial,103.58,-32,2,-18,56,8,4,-4,9,20,29,37
HPQ,HP Inc.,28.17,0,28,-30,0,-2,7,29,4,-2,38,36
ED,Consolidated Edison,96.34,-19,-18,0,48,11,8,-21,-9,46,24,35
XYZ,"Block, Inc.",77.01,21,4,1,-37,-11,27,-6,9,14,44,33
DDOG,Datadog,138.83,1,1,4,0,6,6,8,12,-1,25,31
MDLZ,Mondelez International,63.7,28,-37,1,0,-8,20,4,24,-10,38,30
ZBRA,Zebra Technologies,318.59,35,0,-7,-8,20,14,-27,9,14,10,30
CI,Cigna,290.44,-35,0,-2,59,22,-7,25,-8,-2,8,30
IT,Gartner,256.38,41,-68,-26,0,-53,41,8,-24,58,83,30
DOV,Dover Corporation,171.34,-42,-16,-8,107,41,-37,-7,11,20,-13,28
CRM,Salesforce,247.05,1,0,-18,23,6,14,11,-26,22,21,27
WAT,Waters Corporation,300.98,27,-1,-10,0,16,-2,20,-25,15,8,24
CTRA,Coterra,23.29,-8,-1,-10,45,26,-12,13,-17,14,-2,24
DAY,Dayforce,68.8,-13,24,5,-13,3,-4,20,5,-1,20,23
LUV,Southwest Airlines,32.51,21,0,6,-40,-13,19,-2,13,5,35,22
DVN,Devon Energy,33.97,-7,28,-3,-6,12,-5,24,14,-23,10,22
FDX,FedEx,231.97,7,1,-31,33,10,7,1,7,-5,10,20
AVB,AvalonBay Communities,193.03,-16,0,-8,17,-7,7,15,-12,16,26,19
EQR,Equity Residential,65.05,-16,0,-1,14,-3,1,14,-8,14,21,18
NEE,NextEra Energy,71.07,0,-4,-1,0,-5,4,-11,15,14,22,17
DOC,Healthpeak Properties,18.47,31,12,-22,-32,-11,37,15,-37,10,25,14
PNW,Pinnacle West Capital,86.51,-33,-16,0,19,-30,2,-14,27,27,42,12
CSGP,CoStar Group,87.12,-4,0,11,15,22,-8,-21,28,-10,-11,11
ACGL,Arch Capital Group,88.39,-31,0,-13,63,19,3,-4,-6,-1,-8,11
A,Agilent Technologies,126.32,0,17,-28,0,-11,-5,23,6,-6,18,7
FRT,Federal Realty Investment Trust,99.62,-16,23,-2,2,7,-28,23,6,-2,-1,6
PAYX,Paychex,129.96,-98,-37,-1,168,32,-7,-30,-6,15,-28,4
KDP,Keurig Dr Pepper,27.09,0,-19,-4,-1,-24,18,-13,23,-1,27,3
AIG,American International Group,76.96,-104,-1,33,54,-18,8,-5,-5,22,20,2
EIX,Edison International,55.65,0,35,-37,0,-2,5,-4,5,-2,4,2
MGM,MGM Resorts,35.79,0,0,-2,0,-2,7,-6,12,-10,3,1
SWK,Stanley Black & Decker,76.66,-1,57,-34,-40,-18,-8,26,4,-3,19,1
FANG,Diamondback Energy,139.61,2,-12,-34,48,4,-2,-5,9,-6,-4,0
DIS,Walt Disney Company (The),113.72,-16,-6,20,-1,-3,-14,-2,15,4,3,0
ECL,Ecolab,265.6,-42,-2,21,23,0,-28,-8,15,20,-1,-1
CF,CF Industries,85.09,-1,-31,2,5,-25,1,-2,15,9,23,-2
HSIC,Henry Schein,67.86,-20,-1,-10,0,-31,5,15,4,4,28,-3
GEHC,GE HealthCare,74.9,-11,11,-25,0,-25,-8,12,4,9,17,-8
TMO,Thermo Fisher Scientific,482.9,0,42,-27,0,15,6,-2,-26,-4,-26,-11
GEV,GE Vernova,623.93,0,1,1,0,2,-31,2,16,0,-13,-11
CPAY,Corpay,301.73,-13,-35,-3,22,-29,-7,-4,3,26,18,-11
SJM,J.M. Smucker Company (The),108.81,4,1,0,-5,0,10,-2,3,-24,-13,-13
ON,ON Semiconductor,51.06,24,-16,-42,-2,-36,26,2,11,-16,23,-13
ABNB,Airbnb,126.98,10,-31,-8,0,-29,21,-5,5,-6,15,-14
MCHP,Microchip Technology,65.15,2,-10,0,0,-8,-2,-11,15,-8,-6,-14
EXR,Extra Space Storage,139.28,-16,0,-8,0,-24,-33,11,15,14,7,-17
VRSK,Verisk Analytics,243.37,-56,-39,-1,115,19,-54,-5,-7,29,-37,-18
GPN,Global Payments,86.56,4,43,-32,-40,-25,17,-2,3,-11,7,-18
SBUX,Starbucks,84.56,3,-13,-6,0,-16,7,-21,3,8,-3,-19
GNRC,Generac,182.27,-7,0,8,-35,-34,2,-11,12,11,14,-20
OKE,Oneok,71.56,-7,-35,-18,55,-5,-2,-35,-30,52,-15,-20
CPT,Camden Property Trust,107.95,-41,-6,0,0,-47,4,15,-8,12,23,-24
GDDY,GoDaddy,144.76,-7,-51,-8,23,-43,13,7,-24,23,19,-24
OXY,Occidental Petroleum,46.1,0,21,-60,0,-39,-3,23,11,-17,14,-25
ELV,Elevance Health,313.91,10,0,-49,-3,-42,16,20,-15,-4,17,-25
NUE,Nucor,133.28,-16,0,-1,0,-17,-8,-3,12,-9,-8,-25
DG,Dollar General,102.1,-7,-1,0,-18,-26,17,-16,27,-27,1,-25
CMG,Chipotle Mexican Grill,39.3,0,-41,-11,81,29,-3,-42,-9,-1,-55,-26
SW,Smurfit Westrock,43.83,-63,-6,-2,17,-54,-7,12,5,18,28,-26
CTSH,Cognizant,66.94,-3,-37,-8,15,-33,-3,-2,-8,19,6,-27
BG,Bunge Global,79.17,-16,0,0,0,-16,-13,-8,15,-6,-12,-28
IQV,IQVIA,187.21,0,7,-45,0,-38,7,3,7,-7,10,-28
AES,AES Corporation,13.06,2,0,0,-12,-10,7,-12,11,-25,-19,-29
OMC,Omnicom Group,75.03,-16,28,-32,0,-20,-8,-1,2,-2,-9,-29
HAS,Hasbro,74.15,-42,0,19,4,-19,-33,-5,15,12,-11,-30
DLTR,Dollar Tree,95.25,-7,-10,0,-16,-33,14,-19,30,-23,2,-31
K,Kellanova,77.41,-19,-3,0,22,0,-32,-2,-12,14,-32,-32
BRO,Brown & Brown,91.74,-98,-100,-4,164,-38,-2,-6,-15,27,4,-34
WST,West Pharmaceutical Services,254.86,-6,11,-32,-8,-35,-8,12,6,-9,1,-34
BBY,Best Buy,72.24,-16,28,-29,-7,-24,-35,25,3,-3,-10,-34
DHR,Danaher Corporation,193.28,0,-9,-34,-1,-44,18,-12,8,-5,9,-35
KMB,Kimberly-Clark,124.65,-42,-6,-4,19,-33,-1,-13,-16,27,-3,-36
REG,Regency Centers,70.26,-55,-4,0,54,-5,-66,-2,15,20,-33,-38
AMT,American Tower,193.27,0,-33,-2,-1,-36,-7,-32,25,12,-2,-38
BLDR,Builders FirstSource,124.16,-35,0,-33,66,-2,-35,-2,5,-4,-36,-38
EG,Everest Group,335.37,-28,-4,-41,56,-17,3,20,-42,-6,-25,-42
POOL,Pool Corporation,317.88,-6,11,-28,-7,-30,-8,4,2,-10,-12,-42
IPG,Interpublic Group of Companies (The),25.66,-16,43,-48,0,-21,-8,-1,3,-18,-24,-45
PYPL,PayPal,68.22,21,-26,-8,-40,-53,18,-30,8,10,6,-47
FI,Fiserv,131.79,-12,-50,-19,36,-45,-3,-10,-20,28,-5,-50
ADBE,Adobe Inc.,365.78,21,0,-41,-7,-27,21,6,-45,-6,-24,-51
MOH,Molina Healthcare,175.19,-23,-1,-18,-3,-45,-1,17,-14,-9,-7,-52
CLX,Clorox,121.67,-8,-1,-22,-6,-37,-7,7,-32,14,-18,-55
HOLX,Hologic,66.31,2,0,-40,0,-38,-5,-13,8,-8,-18,-56
CPB,Campbell's Company (The),33.42,12,13,-37,-7,-19,5,7,-44,-6,-38,-57
EL,EstÃ©e Lauder Companies (The),87.8,8,0,0,-27,-19,-8,-7,13,-36,-38,-57
LII,Lennox International,539.93,-42,-19,-2,39,-24,-39,-32,9,28,-34,-58
FTV,Fortive,48.63,1,-1,-26,0,-26,-8,7,-22,-9,-32,-58
TPL,Texas Pacific Land Corporation,872.67,-11,-78,-14,59,-44,-19,-1,-10,14,-16,-60
BDX,Becton Dickinson,187.08,-1,31,-33,-6,-9,-6,-6,-24,-16,-52,-61
UNH,UnitedHealth Group,336.61,0,13,-23,-5,-15,-33,25,-36,-2,-46,-61
CRL,Charles River Laboratories,155.29,0,-6,-59,-27,-92,16,11,11,-9,29,-63
SBAC,SBA Communications,199.02,30,-33,-4,-21,-28,-7,-33,-3,6,-37,-65
BA,Boeing,215.55,-77,-6,13,0,-70,7,-5,15,-12,5,-65
DPZ,Domino's,428.63,-56,-33,-1,11,-79,-35,-3,32,19,13,-66
CCI,Crown Castle,93.6,-14,-18,-1,-29,-62,-7,-29,25,6,-5,-67
DVA,DaVita,130.16,-56,-19,-8,21,-62,5,-5,-25,20,-5,-67
MAA,Mid-America Apartment Communities,140.86,-43,-37,-2,0,-82,4,11,-13,12,14,-68
LW,Lamb Weston,55.67,-7,27,-77,-9,-66,-12,15,8,-15,-4,-70
COP,ConocoPhillips,91.9,-7,0,-50,0,-57,-7,-5,7,-9,-14,-71
PSA,Public Storage,278.97,-37,0,-16,2,-51,-33,-1,15,-1,-20,-71
KVUE,Kenvue,18.35,-19,-19,-3,0,-41,3,-29,-8,4,-30,-71
BEN,Franklin Resources,24.4,-77,0,13,0,-64,7,-8,15,-23,-9,-73
ISRG,Intuitive Surgical,438.53,-42,-37,-8,23,-64,7,-45,-3,27,-14,-78
PCG,PG&E Corporation,14.91,-16,0,-35,2,-49,-32,38,-34,-2,-30,-79
ERIE,Erie Indemnity,317.74,-34,-14,-22,40,-30,-26,-18,-40,32,-52,-82
AMCR,Amcor,8.27,0,-26,-6,0,-32,-7,-35,-6,-3,-51,-83
BIIB,Biogen,142.36,-7,27,-89,-28,-97,-7,34,2,-19,10,-87
AVY,Avery Dennison,164.3,-16,-19,-40,0,-75,-8,-10,12,-6,-12,-87
GIS,General Mills,50.36,7,0,-46,-5,-44,12,7,-42,-20,-43,-87
DXCM,Dexcom,67.46,-27,-19,-4,-15,-65,-26,-2,15,-10,-23,-88
CARR,Carrier Global,60.38,-52,-34,-4,0,-90,-12,-30,15,27,0,-90
JBHT,J.B. Hunt,132.46,-16,-16,-36,-1,-69,-8,-9,5,-11,-23,-92
AKAM,Akamai Technologies,76.28,-41,4,-31,-8,-76,7,18,-31,-11,-17,-93
COO,Cooper Companies (The),68.17,6,-16,-32,-6,-48,6,-11,-37,-4,-46,-94
PAYC,Paycom,216.37,-35,-19,24,-25,-55,6,-22,15,-38,-39,-94
TECH,Bio-Techne,53.15,2,0,-32,-25,-55,6,-6,-32,-7,-39,-94
INVH,Invitation Homes,29.64,-36,-41,-13,0,-90,-7,-6,-8,15,-6,-96
PEP,PepsiCo,141.72,-84,46,-47,0,-85,3,-5,4,-14,-12,-97
EMN,Eastman Chemical Company,65.12,-16,0,-26,-2,-44,-8,-2,-40,-3,-53,-97
CDW,CDW Corporation,161.15,-14,-33,-47,0,-94,-8,7,7,-9,-3,-97
PFE,Pfizer,24.03,-42,-1,-4,-24,-71,-6,-9,12,-29,-32,-103
PPG,PPG Industries,109.45,-16,0,-51,-9,-76,-28,-6,15,-9,-28,-104
CZR,Caesars Entertainment,25.56,0,-36,-31,-26,-93,26,-2,3,-38,-11,-104
KHC,Kraft Heinz,26.41,0,-10,-47,-1,-58,9,-28,-19,-11,-49,-107
BMY,Bristol Myers Squibb,45.02,-40,-1,-5,-6,-52,-37,-5,-19,6,-55,-107
LKQ,LKQ Corporation,30.69,-34,-5,-11,-3,-53,-34,16,-19,-18,-55,-108
TYL,Tyler Technologies,534.32,-56,-20,0,18,-58,-55,-22,6,19,-52,-110
RVTY,Revvity,86.7,21,-37,-25,-25,-66,24,-42,-30,4,-44,-110
HAL,Halliburton,22.51,4,17,-68,0,-47,-2,15,-67,-10,-64,-111
BALL,Ball Corporation,48.73,-16,-25,-8,-12,-61,-27,-33,15,-6,-51,-112
AWK,American Water Works,135.03,-70,-10,31,0,-49,-62,-10,-1,9,-64,-113
KMX,CarMax,58.41,-16,-1,-24,-37,-78,-25,17,-28,-1,-37,-115
UDR,"UDR, Inc.",37.56,-42,-36,-3,-1,-82,-34,-4,-10,14,-34,-116
MRK,Merck & Co.,81.5,-40,35,-52,0,-57,7,-4,-56,-7,-60,-117
IEX,IDEX Corporation,161.05,-8,-37,-33,-3,-81,5,-8,-33,-7,-43,-124
LULU,Lululemon Athletica,169.56,0,-73,-16,-4,-93,18,-11,-25,-13,-31,-124
HUM,Humana,252.75,-59,0,-1,-13,-73,-29,-2,1,-21,-51,-124
TSN,Tyson Foods,53.6,-42,-2,-6,-29,-79,-35,-6,-16,12,-45,-124
FIS,Fidelity National Information Services,65.08,-16,-33,-7,-38,-94,-7,-35,-2,12,-32,-126
EPAM,EPAM Systems,156.21,0,-8,-31,-28,-67,7,-6,-22,-38,-59,-126
CAG,Conagra Brands,18.54,-16,-5,-37,-8,-66,-8,-9,-19,-24,-60,-126
CNC,Centene Corporation,31.77,-8,0,-49,-12,-69,-32,21,-18,-29,-58,-127
DOW,Dow Inc.,23.49,-13,0,-48,-2,-63,-8,16,-63,-9,-64,-127
CHTR,Charter Communications,262.52,22,-40,-9,-37,-64,-7,-45,-9,-2,-63,-127
ALB,Albemarle Corporation,81.82,35,7,-133,-24,-115,7,-6,9,-26,-16,-131
ENPH,Enphase Energy,38.39,10,4,-51,-21,-58,-8,17,-58,-25,-74,-132
CL,Colgate-Palmolive,81.19,-56,-52,-11,24,-95,-33,-13,-19,27,-38,-133
MRNA,Moderna,25.26,14,-32,-60,-5,-83,21,-33,2,-40,-50,-133
JKHY,Jack Henry & Associates,152.03,-16,-36,-8,-1,-61,-11,-67,-8,12,-74,-135
ZBH,Zimmer Biomet,100.09,-75,31,-2,-18,-64,4,-4,-69,-19,-88,-152
HRL,Hormel Foods,24.84,-3,-46,-15,-24,-88,5,-42,-2,-31,-70,-158
SLB,Schlumberger,34.43,-34,0,-75,0,-109,-33,19,-26,-11,-51,-160
ODFL,Old Dominion,140.8,-42,-37,-31,0,-110,-8,-11,-36,-2,-57,-167
TTD,Trade Desk (The),44.47,-84,-30,-32,-2,-148,-8,-22,6,-1,-25,-173
WY,Weyerhaeuser,24.12,-42,-6,-28,-1,-77,-38,-10,-40,-9,-97,-174
EW,Edwards Lifesciences,74.39,-74,-6,0,-15,-95,-82,-4,35,-36,-87,-182
LYB,LyondellBasell,52.01,-34,-35,-49,-6,-124,-8,16,-63,-8,-63,-187
ZTS,Zoetis,145.77,-98,-9,-40,-4,-151,-14,-10,-7,-6,-37,-188
ACN,Accenture,239.73,-91,-52,-28,-1,-172,-7,-6,-24,20,-17,-189
TAP,Molson Coors Beverage Company,46.57,-70,-8,-18,-1,-97,-66,-10,-19,-4,-99,-196
MKC,McCormick & Company,65.48,-43,-52,-11,-3,-109,-34,-51,-19,11,-93,-202
NKE,"Nike, Inc.",70.89,-103,0,-3,-22,-128,-40,-9,12,-37,-74,-202
CMCSA,Comcast,31.58,-58,-38,-40,-10,-146,-48,-2,-7,-9,-66,-212
IFF,International Flavors & Fragrances,63.52,-42,-37,-28,-32,-139,-31,-3,-40,-2,-76,-215
FDS,FactSet,289.26,-56,-44,-10,-1,-111,-55,-40,-8,-2,-105,-216
BF-B,Brownâ€“Forman,27.48,0,-13,-108,-19,-140,-8,-7,-40,-29,-84,-224
MKTX,MarketAxess,178.25,-16,-40,-33,-30,-119,-9,-55,-7,-45,-116,-235
TGT,Target Corporation,88.1,-154,-16,-36,-12,-218,-8,-22,3,-7,-34,-252
BAX,Baxter International,23.03,-27,-52,-28,-39,-146,-47,-5,-19,-42,-113,-259
UPS,United Parcel Service,84.07,-1,-38,-111,-17,-167,-8,-10,-39,-35,-92,-259
ALGN,Align Technology,131.43,-44,-36,-72,-26,-178,-50,-10,-8,-39,-107,-285
STZ,Constellation Brands,132.92,-176,-19,-50,-4,-249,-90,-22,-66,-9,-187,-436
