Symbol,Name,Close,1H Cloud Score,1D Cloud Score,1W Cloud Score,1M Cloud Score,Cloud Score Sum,1H TKx Score,1D TKx Score,1W TKx Score,1M TKx Score,TKx Score Sum,Total Score Sum
TJX,TJX Companies,126.33,-7,42,138,196,369,-7,-5,107,191,286,655
HWM,Howmet Aerospace,172.84,231,33,138,27,429,-3,33,82,52,164,593
RSG,Republic Services,249.32,-9,18,114,175,298,-26,9,83,158,224,522
PGR,Progressive Corporation,271.32,-12,26,95,175,284,-21,26,12,187,204,488
COST,Costco,1005.56,-21,29,107,178,293,-21,35,-8,182,188,481
MMC,Marsh McLennan,222.46,-13,-1,115,173,274,-21,19,-1,176,173,447
WM,Waste Management,234.01,-9,17,85,185,278,-26,9,17,157,157,435
AJG,Arthur J. Gallagher & Co.,317.69,-23,-1,155,184,315,-26,23,18,105,120,435
CTAS,Cintas,224.6,0,40,9,163,212,-5,35,3,185,218,430
EBAY,eBay Inc.,79.38,116,29,67,12,224,75,33,72,14,194,418
CDNS,Cadence Design Systems,301.58,7,32,7,139,185,32,35,-15,178,230,415
NDAQ,"Nasdaq, Inc.",85.63,75,26,66,142,309,68,33,-9,12,104,413
JCI,Johnson Controls,103.53,231,28,65,17,341,29,33,-7,16,71,412
WRB,W. R. Berkley Corporation,72.74,-7,75,84,174,326,-7,26,14,53,86,412
ROL,"Rollins, Inc.",57.06,-7,42,21,284,340,-17,35,13,33,64,404
AXON,Axon Enterprise,783.83,49,31,135,92,307,37,35,-7,28,93,400
MA,Mastercard,584.26,51,28,116,153,348,-5,33,-5,24,47,395
ORCL,Oracle Corporation,177.16,70,19,1,196,286,68,26,-13,25,106,392
CTVA,Corteva,72.0,238,33,43,0,314,40,33,-9,9,73,387
BKNG,Booking Holdings,5528.45,122,32,126,33,313,25,33,-9,24,73,386
V,Visa Inc.,366.59,51,29,127,131,338,-5,33,-5,24,47,385
IBM,IBM,272.04,38,25,99,52,214,37,33,46,54,170,384
GE,GE Aerospace,251.35,238,31,9,25,303,-2,31,20,27,76,379
HON,Honeywell,227.06,142,20,6,176,344,-5,29,-16,20,28,372
LIN,Linde plc,472.22,117,18,3,108,246,-6,33,-9,104,122,368
BR,Broadridge Financial Solutions,243.64,51,19,104,143,317,-5,33,-1,23,50,367
FAST,Fastenal,42.12,16,42,113,104,275,28,34,5,24,91,366
JPM,JPMorgan Chase,266.71,14,22,113,156,305,7,33,-7,24,57,362
RTX,RTX Corporation,140.98,51,19,67,52,189,53,25,74,12,164,353
MSFT,Microsoft,472.76,70,27,6,171,274,37,35,-16,23,79,353
NRG,NRG Energy,155.03,-6,33,93,92,212,-20,35,103,19,137,349
LYV,Live Nation Entertainment,143.48,21,21,84,145,271,31,35,-7,14,73,344
RCL,Royal Caribbean Group,273.83,70,20,111,26,227,68,33,-10,25,116,343
ADP,Automatic Data Processing,320.21,-6,23,75,178,270,-4,26,-5,55,72,342
PM,Philip Morris International,180.61,0,93,60,53,206,-2,35,75,25,133,339
INTU,Intuit,764.11,80,33,7,189,309,-3,33,-21,18,27,336
AMGN,Amgen,289.87,70,0,-9,163,224,70,8,-4,34,108,332
NFLX,Netflix,1224.44,45,38,106,18,207,-5,35,77,18,125,332
HUBB,Hubbell Incorporated,392.29,16,18,-1,180,213,28,36,-16,69,117,330
WELL,Welltower,150.27,-7,17,106,56,172,-4,13,123,22,154,326
SO,Southern Company,88.5,-2,0,66,188,252,-26,9,13,77,73,325
YUM,Yum! Brands,143.1,-2,-12,18,257,261,2,-8,12,55,61,322
LLY,Lilly (Eli),773.56,46,-27,0,170,189,62,-19,-5,94,132,321
ICE,Intercontinental Exchange,175.98,-2,26,102,159,285,-26,27,12,19,32,317
CF,CF Industries,92.85,252,19,5,2,278,7,31,-12,6,32,310
PLTR,Palantir Technologies,132.0,4,33,106,0,143,4,35,109,18,166,309
CHD,Church & Dwight,98.66,0,-44,-6,342,292,-9,7,-4,23,17,309
ROP,Roper Technologies,572.85,14,19,19,180,232,21,-2,34,24,77,309
CME,CME Group,268.34,-28,99,44,134,249,-27,29,40,17,59,308
DRI,Darden Restaurants,219.64,70,39,34,59,202,7,33,38,28,106,308
KLAC,KLA Corporation,829.45,28,20,4,175,227,30,35,-10,24,79,306
STE,Steris,242.7,0,23,4,193,220,17,33,12,23,85,305
TDG,TransDigm Group,1460.05,14,33,9,155,211,12,33,-10,55,90,301
PAYX,Paychex,156.95,-1,26,74,165,264,-5,26,3,12,36,300
ADI,Analog Devices,227.65,34,20,1,177,232,35,26,-18,24,67,299
MNST,Monster Beverage,62.99,-4,70,16,178,260,-7,33,9,2,37,297
APH,Amphenol,92.95,70,33,9,63,175,68,35,-11,25,117,292
DE,Deere & Company,521.69,14,22,39,107,182,33,33,35,8,109,291
AAPL,Apple Inc.,201.44,0,0,0,249,249,-4,-9,-15,69,41,290
ETN,Eaton Corporation,325.55,34,20,1,112,167,33,33,-15,70,121,288
MSI,Motorola Solutions,412.99,-7,-4,0,151,140,-19,1,-17,183,148,288
VRSK,Verisk Analytics,313.2,-7,29,58,112,192,-7,26,49,26,94,286
PANW,Palo Alto Networks,196.28,49,20,7,79,155,47,31,-7,55,126,281
MCD,McDonald's,304.75,-22,-1,42,240,259,-42,-4,12,55,21,280
TMUS,T-Mobile US,237.91,-4,-21,84,137,196,-5,-31,86,33,83,279
ALL,Allstate,200.47,-6,19,87,157,257,-21,26,1,15,21,278
PWR,Quanta Services,355.61,58,27,7,97,189,-5,35,-11,70,89,278
LMT,Lockheed Martin,480.8,53,17,-19,163,214,7,9,-24,70,62,276
VRSN,Verisign,279.72,25,131,26,7,189,43,-5,42,5,85,274
AME,Ametek,178.57,5,20,4,104,133,25,26,-11,99,139,272
NVDA,Nvidia,142.55,70,19,4,132,225,7,27,-13,24,45,270
SHW,Sherwin-Williams,357.8,32,29,0,188,249,-6,29,-19,17,21,270
PTC,PTC Inc.,170.22,14,19,-16,180,197,32,27,-17,24,66,263
COR,Cencora,283.87,-22,97,34,69,178,-26,-1,45,65,83,261
GOOG,Alphabet Inc. (Class C),177.59,14,9,2,174,199,20,31,-9,19,61,260
MCK,McKesson Corporation,708.15,-22,93,32,56,159,-26,33,28,65,100,259
TRV,Travelers Companies (The),267.84,-7,34,81,56,164,-7,33,14,54,94,258
HIG,Hartford (The),126.88,-7,34,84,55,166,-7,33,11,54,91,257
GOOGL,Alphabet Inc. (Class A),176.04,14,9,2,174,199,17,31,-9,19,58,257
JBL,Jabil,177.38,39,23,9,63,134,33,33,1,55,122,256
ORLY,Oâ€™Reilly Automotive,1347.64,-7,-1,-1,197,188,-1,-17,-1,87,68,256
MS,Morgan Stanley,131.93,34,20,66,62,182,37,31,-9,14,73,255
T,AT&T,27.86,20,17,60,14,111,14,33,84,13,144,255
BSX,Boston Scientific,100.04,-42,32,134,142,266,-60,-2,-5,55,-12,254
AXP,American Express,301.55,53,20,7,97,177,33,33,-11,19,74,251
MCO,Moody's Corporation,485.47,33,20,6,154,213,-5,28,-8,23,38,251
GS,Goldman Sachs,613.2,20,20,82,56,178,30,31,-7,19,73,251
DTE,DTE Energy,133.94,-35,2,64,187,218,3,-1,17,11,30,248
WMT,Walmart,97.43,-9,34,117,99,241,-21,8,-8,27,6,247
AZO,AutoZone,3697.48,-13,17,84,84,172,-24,-1,44,55,74,246
LRCX,Lam Research,88.25,28,20,0,150,198,30,27,-7,-3,47,245
DASH,DoorDash,217.43,55,19,87,0,161,42,32,-7,16,83,244
ITW,Illinois Tool Works,247.2,19,4,-3,176,196,-1,26,-4,27,48,244
KO,Coca-Cola Company (The),71.75,5,2,18,180,205,4,8,13,12,37,242
UNP,Union Pacific Corporation,224.09,14,0,-4,196,206,26,1,-10,17,34,240
BRO,Brown & Brown,107.87,-22,-29,106,161,216,-26,7,15,24,20,236
DGX,Quest Diagnostics,175.9,21,34,58,16,129,41,-5,58,12,106,235
IRM,Iron Mountain,101.19,44,25,0,55,124,43,33,-21,54,109,233
FFIV,"F5, Inc.",294.6,40,19,84,12,155,37,33,-7,15,78,233
AON,Aon plc,353.9,-7,-1,6,175,173,-7,15,-5,54,57,230
WMB,Williams Companies,59.63,0,19,102,50,171,-7,11,-1,55,58,229
DUK,Duke Energy,115.46,-1,-5,66,181,241,-23,-15,12,14,-12,229
GRMN,Garmin,208.31,37,2,102,17,158,37,21,-7,19,70,228
NI,NiSource,39.32,0,17,64,43,124,4,9,79,12,104,228
TT,Trane Technologies,427.64,0,28,6,162,196,-12,33,-17,27,31,227
STX,Seagate Technology,131.3,83,20,4,20,127,76,31,-25,16,98,225
TTWO,Take-Two Interactive,233.5,20,40,35,11,106,32,34,35,18,119,225
WAB,Wabtec,205.32,35,22,9,47,113,33,33,-10,54,110,223
ETR,Entergy,82.77,0,11,63,20,94,5,33,79,12,129,223
MPWR,Monolithic Power Systems,706.17,34,20,-16,155,193,6,30,-30,24,30,223
FTNT,Fortinet,102.06,0,19,44,111,174,30,13,-6,11,48,222
SPGI,S&P Global,514.82,21,20,6,170,217,-5,-1,-8,19,5,222
CBOE,Cboe Global Markets,219.3,-28,16,134,53,175,-27,11,12,49,45,220
COF,Capital One,198.93,35,26,84,19,164,14,33,-7,16,56,220
SYK,Stryker Corporation,382.16,21,20,7,157,205,-5,2,-10,27,14,219
LH,Labcorp,255.65,65,26,45,13,149,33,26,-5,16,70,219
CB,Chubb Limited,289.79,-7,17,91,56,157,-26,20,12,54,60,217
GWW,W. W. Grainger,1078.04,-1,20,2,92,113,29,35,-16,55,103,216
CAH,Cardinal Health,153.6,-7,42,45,36,116,-26,33,38,55,100,216
L,Loews Corporation,88.34,0,20,102,53,175,-7,26,-1,22,40,215
PCAR,Paccar,94.41,7,0,-12,157,152,14,20,-4,32,62,214
AMP,Ameriprise Financial,518.09,14,19,9,62,104,11,33,-10,69,103,207
AIG,American International Group,85.19,4,17,18,51,90,65,20,13,19,117,207
GLW,Corning Inc.,50.89,140,19,9,15,183,-5,26,-10,12,23,206
SNA,Snap-on,320.73,10,5,39,57,111,28,19,-9,55,93,204
BK,BNY Mellon,90.02,14,22,84,38,158,7,26,-5,17,45,203
NOW,ServiceNow,1026.46,21,21,7,80,129,27,34,-10,20,71,200
J,Jacobs Solutions,127.66,14,18,0,104,136,28,33,-14,17,64,200
TEL,TE Connectivity,166.0,36,26,6,60,128,33,32,-10,16,71,199
ECL,Ecolab,266.31,118,18,6,20,162,-5,28,-5,17,35,197
EMR,Emerson Electric,125.59,35,20,6,62,123,33,26,-11,24,72,195
TKO,TKO Group Holdings,163.31,34,30,61,38,163,-5,-8,-3,48,32,195
SNPS,Synopsys,495.81,21,7,-17,178,189,32,-6,-18,-3,5,194
ROK,Rockwell Automation,324.18,70,23,5,13,111,75,25,-8,-9,83,194
CAT,Caterpillar Inc.,358.04,17,19,0,62,98,29,26,-14,55,96,194
PH,Parker Hannifin,669.45,20,21,7,63,111,30,33,-10,28,81,192
ODFL,Old Dominion,162.17,5,0,-16,185,174,12,-4,-21,30,17,191
GILD,Gilead Sciences,112.97,21,14,41,33,109,30,15,-1,37,81,190
KMI,Kinder Morgan,27.52,-3,18,82,42,139,-18,26,-9,50,49,188
AVGO,Broadcom,244.18,-2,23,9,114,144,-10,35,-11,28,42,186
CSCO,Cisco,65.87,37,20,38,12,107,37,26,-8,23,78,185
RJF,Raymond James Financial,146.92,9,19,82,56,166,11,-2,-10,17,16,182
DLR,Digital Realty,176.63,61,26,5,20,112,33,33,-14,17,69,181
URI,United Rentals,707.25,14,20,0,62,96,17,32,-19,55,85,181
ABBV,AbbVie,189.16,56,0,7,56,119,14,-11,-4,62,61,180
HCA,HCA Healthcare,373.03,-7,34,4,94,125,-5,26,6,27,54,179
GD,General Dynamics,277.29,6,42,-1,52,99,11,35,-21,55,80,179
AIZ,Assurant,198.7,0,10,2,150,162,-16,24,-10,17,15,177
CINF,Cincinnati Financial,148.92,0,26,75,60,161,-7,26,-17,13,15,176
ANET,Arista Networks,96.8,34,5,1,56,96,35,1,-11,54,79,175
C,Citigroup,78.17,62,20,9,16,107,33,30,-7,12,68,175
META,Meta Platforms,694.08,45,20,7,27,99,37,25,-8,21,75,174
UAL,United Airlines Holdings,83.47,47,2,40,9,98,39,32,-10,14,75,173
TRMB,Trimble Inc.,72.35,25,20,69,2,116,31,25,-10,10,56,172
EQIX,Equinix,907.41,70,20,7,32,129,-1,33,-13,24,43,172
MLM,Martin Marietta Materials,554.69,5,29,0,58,92,25,50,-21,25,79,171
WFC,Wells Fargo,76.43,1,20,82,27,130,2,30,-9,17,40,170
GEN,Gen Digital,29.33,38,23,5,14,80,67,25,-17,14,89,169
TDY,Teledyne Technologies,505.33,38,19,42,12,111,29,24,-9,13,57,168
SCHW,Charles Schwab Corporation,88.21,14,33,67,9,123,7,33,-8,12,44,167
EXPE,Expedia Group,176.74,51,5,39,9,104,32,26,-8,12,62,166
FICO,Fair Isaac,1746.6,15,-13,0,164,166,-6,-6,-18,29,-1,165
CCL,Carnival,24.2,70,19,7,0,96,33,27,-10,17,67,163
CMI,Cummins,325.67,20,5,0,63,88,32,25,-11,28,74,162
CBRE,CBRE Group,128.77,28,4,82,20,134,33,-8,-9,12,28,162
PNR,Pentair,99.67,38,20,7,60,125,-5,33,-14,22,36,161
SRE,Sempra,74.68,-24,18,-5,179,168,-34,33,-19,12,-8,160
ABT,Abbott Laboratories,133.38,6,17,46,11,80,-5,35,38,12,80,160
AMAT,Applied Materials,169.73,29,20,-20,147,176,30,-7,-39,-3,-19,157
TPR,"Tapestry, Inc.",79.22,5,20,70,19,114,4,26,-5,17,42,156
HD,Home Depot (The),365.15,-7,1,-2,178,170,-12,-5,-14,17,-14,156
TSCO,Tractor Supply,50.53,21,0,0,83,104,-2,-6,-23,83,52,156
WDC,Western Digital,57.03,70,20,2,16,108,33,31,-18,1,47,155
PKG,Packaging Corporation of America,196.58,34,3,-3,59,93,33,20,-16,24,61,154
ATO,Atmos Energy,151.93,-28,0,64,43,79,-30,-13,75,43,75,154
HLT,Hilton Worldwide,252.06,15,20,6,62,103,7,27,-8,24,50,153
NTAP,NetApp,103.04,35,5,-15,55,80,40,33,-20,20,73,153
NWS,News Corp (Class B),31.83,-32,23,102,56,149,-44,35,-7,19,3,152
BRK-B,Berkshire Hathaway,492.91,-43,-5,114,60,126,3,-17,15,24,25,151
EVRG,Evergy,67.29,7,1,48,12,68,7,1,67,8,83,151
RL,Ralph Lauren Corporation,270.3,-14,22,84,32,124,-19,31,-9,24,27,151
AMZN,Amazon,216.92,44,10,7,19,80,35,25,-9,18,69,149
KKR,KKR & Co.,123.25,15,9,0,101,125,12,2,-10,19,23,148
MDLZ,Mondelez International,66.71,0,1,-8,180,173,-34,7,9,-7,-25,148
DOV,Dover Corporation,180.68,14,9,0,104,127,14,-2,-9,17,20,147
HPE,Hewlett Packard Enterprise,18.31,29,16,-14,40,71,2,33,-11,52,76,147
PG,Procter & Gamble,162.55,-22,-3,0,177,152,-35,9,-4,24,-6,146
MAR,Marriott International,265.85,14,20,6,56,96,6,27,-9,25,49,145
VICI,Vici Properties,32.01,6,1,48,13,68,8,1,13,55,77,145
EXPD,Expeditors International,112.93,7,0,-10,129,126,26,21,-27,-1,19,145
REG,Regency Centers,72.12,6,18,58,51,133,4,-5,-5,17,11,144
NSC,Norfolk Southern,250.53,69,19,1,2,91,26,33,-20,12,51,142
BAC,Bank of America,44.88,52,20,7,16,95,14,27,-9,12,44,139
RMD,ResMed,250.98,28,26,7,11,72,33,32,-10,11,66,138
GDDY,GoDaddy,179.64,-2,2,84,20,104,26,-4,-9,20,33,137
BXP,"BXP, Inc.",72.58,61,18,0,0,79,33,33,-19,11,58,137
TXN,Texas Instruments,199.13,44,20,0,20,84,35,24,-21,14,52,136
EQT,EQT Corporation,54.9,-7,26,31,40,90,-20,26,31,8,45,135
ULTA,Ulta Beauty,468.32,70,30,2,2,104,3,33,2,-7,31,135
K,Kellanova,81.94,-42,11,59,19,47,-5,8,71,11,85,132
LOW,Lowe's,223.61,-7,0,-10,164,147,-11,-5,-17,17,-16,131
NOC,Northrop Grumman,491.37,57,0,0,56,113,-8,7,7,10,16,129
APO,Apollo Global Management,133.51,14,2,0,95,111,14,-8,-13,24,17,128
HBAN,Huntington Bancshares,16.22,35,20,7,19,81,14,31,-13,14,46,127
PEG,Public Service Enterprise Group,79.63,-3,-1,0,150,146,-22,6,-18,15,-19,127
ISRG,Intuitive Surgical,525.93,-7,20,84,20,117,-5,-1,-11,24,7,124
ACGL,Arch Capital Group,92.34,-7,22,0,60,75,-7,33,-26,49,49,124
FCX,Freeport-McMoRan,42.34,42,20,-27,56,91,37,26,-26,-4,33,124
BKR,Baker Hughes,38.31,42,0,0,33,75,14,19,-9,24,48,123
BLK,BlackRock,988.48,38,19,7,20,84,-5,33,-10,19,37,121
STLD,Steel Dynamics,133.61,7,32,0,53,92,2,-7,-21,55,29,121
BX,Blackstone Inc.,139.91,14,0,-3,103,114,7,-6,-14,19,6,120
VRTX,Vertex Pharmaceuticals,446.07,0,-24,0,102,78,12,-19,13,35,41,119
STT,State Street Corporation,99.07,14,22,7,14,57,32,27,-10,12,61,118
CTRA,Coterra,25.95,42,0,1,42,85,11,12,-2,11,32,117
IR,Ingersoll Rand,83.45,20,19,-11,21,49,33,26,-18,27,68,117
MET,MetLife,79.61,20,19,1,56,96,14,-1,-10,16,19,115
LHX,L3Harris,245.32,10,42,2,3,57,9,35,2,12,58,115
DG,Dollar General,113.27,35,61,0,-15,81,35,9,12,-24,32,113
NDSN,Nordson Corporation,219.27,56,19,-26,0,49,62,25,-19,-5,63,112
CRWD,CrowdStrike,464.38,0,33,35,0,68,-2,35,-7,18,44,112
DECK,Deckers Brands,110.91,0,0,-14,91,77,26,-11,-10,29,34,111
MO,Altria,59.04,-23,17,60,43,97,-26,8,16,14,12,109
MMM,3M,144.23,-13,20,64,12,83,-7,25,-5,12,25,108
FDS,FactSet,426.94,-48,0,-1,192,143,-40,-2,-14,21,-35,108
AMD,Advanced Micro Devices,121.69,40,19,-32,108,135,7,26,-56,-5,-28,107
ADSK,Autodesk,297.12,-1,23,44,12,78,-8,33,-14,17,28,106
SYF,Synchrony Financial,60.83,14,20,7,19,60,7,33,-10,16,46,106
EXE,Expand Energy,114.92,-7,40,31,0,64,-22,25,31,8,42,106
PPL,PPL Corporation,33.92,-23,-5,66,21,59,-28,-16,78,12,46,105
FTV,Fortive,73.18,35,5,-11,31,60,33,22,-7,-3,45,105
VST,Vistra Corp.,169.33,0,19,9,28,56,-15,32,-11,43,49,105
ANSS,Ansys,341.95,27,20,7,9,63,32,-1,-11,21,41,104
DAL,Delta Air Lines,51.2,15,2,-3,17,31,33,26,-11,24,72,103
NEE,NextEra Energy,71.92,48,7,0,0,55,59,2,-24,11,48,103
HII,Huntington Ingalls Industries,228.16,16,59,0,4,79,33,-8,6,-7,24,103
NTRS,Northern Trust,108.72,14,20,6,9,49,26,26,-9,11,54,103
ABNB,Airbnb,139.01,34,5,1,0,40,40,33,-8,-3,62,102
MDT,Medtronic,87.44,35,0,1,0,36,58,1,-4,11,66,102
KIM,Kimco Realty,21.05,1,19,-1,53,72,3,33,-18,12,30,102
VZ,Verizon,43.65,0,17,20,8,45,8,23,13,12,56,101
UBER,Uber,87.12,7,32,8,0,47,26,-2,6,24,54,101
CMG,Chipotle Mexican Grill,51.13,28,4,-14,78,96,-2,-6,-16,27,3,99
HES,Hess Corporation,136.52,45,0,-10,53,88,6,5,-1,1,11,99
KR,Kroger,65.48,-35,-5,69,65,94,-33,-16,40,13,4,98
CSX,CSX Corporation,31.99,38,19,-26,2,33,68,23,-22,-4,65,98
USB,U.S. Bancorp,44.86,37,20,0,2,59,14,26,-14,13,39,98
NXPI,NXP Semiconductors,213.03,28,4,-15,61,78,32,28,-38,-3,19,97
VMC,Vulcan Materials Company,265.99,0,28,7,58,93,-5,-2,-14,25,4,97
FITB,Fifth Third Bancorp,39.58,35,5,0,20,60,14,25,-17,14,36,96
ES,Eversource Energy,65.63,56,23,5,-8,76,45,26,-25,-26,20,96
PRU,Prudential Financial,105.81,20,10,-3,53,80,14,2,-17,17,16,96
EOG,EOG Resources,114.88,19,0,-10,43,52,13,-7,-11,49,44,96
DLTR,Dollar Tree,93.86,21,37,0,-13,45,19,36,15,-20,50,95
ROST,Ross Stores,142.15,0,29,-3,33,59,9,-5,1,27,32,91
MTB,M&T Bank,184.28,14,20,0,20,54,12,26,-14,12,36,90
UNH,UnitedHealth Group,303.1,0,-36,-8,-2,-46,6,-31,-21,182,136,90
FIS,Fidelity National Information Services,81.72,34,35,0,-35,34,33,33,-20,9,55,89
LDOS,Leidos,146.32,0,32,-3,21,50,24,-5,3,17,39,89
AEE,Ameren,95.93,0,-9,47,11,49,-15,-5,52,8,40,89
DELL,Dell Technologies,114.23,16,20,-15,30,51,26,33,-19,-2,38,89
TXT,Textron,77.09,29,20,-25,51,75,33,30,-46,-3,14,89
GL,Globe Life,120.7,-7,0,35,12,40,-22,18,46,6,48,88
RF,Regions Financial Corporation,22.1,14,19,0,20,53,14,26,-17,12,35,88
APD,Air Products,279.93,51,0,0,14,65,2,21,-9,8,22,87
VTR,Ventas,62.63,-7,-9,62,20,66,11,-16,13,13,21,87
WEC,WEC Energy Group,104.88,-22,-1,45,11,33,-23,9,58,9,53,86
SBUX,Starbucks,90.7,34,0,0,0,34,33,19,-5,5,52,86
NCLH,Norwegian Cruise Line Holdings,19.59,33,0,-10,0,23,33,21,-10,18,62,85
DAY,Dayforce,59.15,36,5,-10,-10,21,61,14,-14,3,64,85
CTSH,Cognizant,80.43,6,20,6,12,44,7,26,-8,16,41,85
XYL,Xylem Inc.,127.62,35,20,0,20,75,2,30,-42,20,10,85
TYL,Tyler Technologies,580.1,26,0,0,15,41,26,19,-18,16,43,84
EA,Electronic Arts,146.87,28,42,0,5,75,-4,-12,6,19,9,84
PNC,PNC Financial Services,178.74,20,10,0,12,42,14,25,-14,12,37,79
CNP,CenterPoint Energy,36.62,-21,0,39,43,61,-14,-14,33,13,18,79
ZBRA,Zebra Technologies,298.78,32,6,-11,-5,22,30,25,-11,11,55,77
KEY,KeyCorp,16.27,20,20,0,2,42,14,26,-17,11,34,76
CPAY,Corpay,342.89,20,3,1,19,43,26,-8,-9,23,32,75
PHM,PulteGroup,101.47,28,4,-13,63,82,-2,-9,-24,27,-8,74
SYY,Sysco,75.24,40,7,0,1,48,12,20,-18,12,26,74
FOXA,Fox Corporation (Class A),54.08,-37,19,58,0,40,4,20,-3,12,33,73
MU,Micron Technology,110.86,42,19,-25,20,56,37,25,-42,-3,17,73
HSY,Hershey Company (The),166.93,56,0,-35,-2,19,71,1,-4,-17,51,70
GEV,GE Vernova,480.0,0,32,0,0,32,2,35,1,0,38,70
CFG,Citizens Financial Group,41.31,20,8,0,2,30,12,25,-10,12,39,69
ACN,Accenture,316.53,15,0,-13,12,14,22,25,-9,17,55,69
NWSA,News Corp (Class A),27.76,-16,20,7,56,67,-46,33,-7,19,-1,66
MSCI,MSCI Inc.,557.87,0,18,0,12,30,33,-2,-13,18,36,66
HAS,Hasbro,67.57,9,20,4,1,34,16,31,-24,9,32,66
LEN,Lennar,110.32,28,0,-20,62,70,32,-10,-25,-1,-4,66
TRGP,Targa Resources,162.8,25,-46,0,49,28,14,-18,-10,52,38,66
NVR,"NVR, Inc.",7122.67,26,0,-13,63,76,-7,-9,-22,27,-11,65
BA,Boeing,217.46,8,33,4,0,45,3,33,-7,-9,20,65
FOX,Fox Corporation (Class B),49.55,-38,19,57,0,38,4,20,-4,7,27,65
KEYS,Keysight Technologies,162.47,10,20,6,0,36,33,-2,-7,3,27,63
CI,Cigna,311.38,-2,-5,-1,56,48,-33,-17,10,55,15,63
DHI,D. R. Horton,122.65,27,0,-18,63,72,-2,-11,-25,28,-10,62
CSGP,CoStar Group,78.89,29,2,0,12,43,32,-19,13,-7,19,62
MPC,Marathon Petroleum,160.23,14,22,0,47,83,7,26,-49,-6,-22,61
COIN,Coinbase,256.61,0,19,0,0,19,6,33,-13,16,42,61
ALLE,Allegion,139.59,-1,32,0,19,50,14,-2,-22,20,10,60
CMS,CMS Energy,69.64,-2,-12,66,21,73,-20,-18,12,12,-14,59
PFG,Principal Financial Group,76.81,-1,0,-3,53,49,6,-2,-10,16,10,59
XOM,ExxonMobil,104.96,14,-15,-3,42,38,6,-10,-25,48,19,57
DIS,Walt Disney Company (The),115.68,51,20,5,-39,37,7,24,-9,-3,19,56
PSA,Public Storage,302.51,0,21,-1,13,33,4,33,-25,11,23,56
DPZ,Domino's,467.96,0,0,12,8,20,7,-5,17,16,35,55
WTW,Willis Towers Watson,301.16,-22,-32,84,22,52,-26,7,-5,27,3,55
CRM,Salesforce,272.25,14,0,-3,20,31,23,-7,-11,19,24,55
MAS,Masco,63.74,15,0,-10,63,68,-3,-7,-22,19,-13,55
LW,Lamb Weston,55.69,64,8,-62,-6,4,65,12,-16,-12,49,53
NEM,Newmont,53.28,-14,44,9,3,42,-12,6,9,8,11,53
BEN,Franklin Resources,21.86,15,23,0,-7,31,21,33,-13,-20,21,52
IP,International Paper,47.99,5,0,0,14,19,11,18,-10,14,33,52
PYPL,PayPal,73.54,29,10,0,-37,2,30,26,-14,7,49,51
WSM,"Williams-Sonoma, Inc.",157.64,-10,0,7,63,60,-14,-8,-7,19,-10,50
SOLV,Solventum,74.91,35,5,0,0,40,-5,21,-6,0,10,50
HOLX,Hologic,64.56,67,8,-25,0,50,14,15,-25,-5,-1,49
CEG,Constellation Energy,299.56,-21,20,6,0,5,3,35,-11,17,44,49
TER,Teradyne,86.79,35,0,-19,-4,12,32,21,-13,-3,37,49
A,Agilent Technologies,116.75,28,0,-13,-3,12,26,23,-10,-3,36,48
JNPR,Juniper Networks,35.76,-2,15,0,52,65,-4,-6,-27,18,-19,46
AFL,Aflac,102.48,-7,-13,0,56,36,-19,-16,-9,53,9,45
JNJ,Johnson & Johnson,155.21,14,2,2,5,23,12,8,-4,4,20,43
VLO,Valero Energy,128.26,-1,20,-34,42,27,6,22,-9,-3,16,43
INCY,Incyte,69.88,46,6,0,-29,23,8,28,-21,5,20,43
FSLR,First Solar,160.14,17,19,-29,60,67,26,-5,-41,-4,-24,43
OTIS,Otis Worldwide,95.33,0,-1,0,0,-1,28,-4,-4,24,44,43
MTD,Mettler Toledo,1195.59,32,5,-13,0,24,28,25,-31,-3,19,43
EFX,Equifax,268.57,14,32,1,14,61,-1,-5,-28,16,-18,43
BALL,Ball Corporation,54.22,33,20,-25,-9,19,26,32,-32,-3,23,42
MCHP,Microchip Technology,68.01,44,20,-36,1,29,37,26,-45,-5,13,42
PLD,Prologis,108.93,14,10,-13,0,11,12,31,-10,-3,30,41
EXR,Extra Space Storage,150.44,0,17,-3,0,14,9,33,-26,11,27,41
QCOM,Qualcomm,155.38,14,5,-15,20,24,33,28,-42,-3,16,40
GEHC,GE HealthCare,71.67,34,0,-10,0,24,26,-8,-8,6,16,40
SW,Smurfit Westrock,43.99,7,0,0,0,7,24,21,-13,0,32,39
AVY,Avery Dennison,179.63,14,19,-25,2,10,32,33,-33,-3,29,39
ED,Consolidated Edison,101.11,-23,-4,18,45,36,-32,-20,12,43,3,39
GNRC,Generac,128.46,33,4,-10,-32,-5,32,22,-18,8,44,39
CARR,Carrier Global,71.65,8,27,0,0,35,1,-2,-19,24,4,39
TPL,Texas Pacific Land Corporation,1106.44,-2,-7,0,56,47,-4,-7,-10,11,-10,37
HST,Host Hotels & Resorts,15.93,14,20,-22,2,14,9,33,-17,-4,21,35
XEL,Xcel Energy,68.38,-31,-4,41,10,16,-34,-4,49,7,18,34
TFC,Truist Financial,40.42,15,2,0,2,19,14,2,-13,12,15,34
FANG,Diamondback Energy,142.16,36,2,-19,45,64,6,5,-38,-3,-30,34
WDAY,"Workday, Inc.",252.9,0,7,0,12,19,14,-6,-13,20,15,34
VLTO,Veralto,99.72,-2,20,0,0,18,11,27,-23,0,15,33
SMCI,Supermicro,43.11,8,0,-41,56,23,2,19,-6,-7,8,31
JKHY,Jack Henry & Associates,179.92,0,17,6,2,25,-5,19,-17,9,6,31
AEP,American Electric Power,101.39,-22,-9,63,21,53,-30,-18,13,12,-23,30
OKE,Oneok,81.1,-1,-46,-3,52,2,1,-8,-15,49,27,29
ERIE,Erie Indemnity,361.29,27,-32,-7,37,25,-4,2,-25,29,2,27
UHS,Universal Health Services,177.78,-7,24,-1,20,36,-7,-1,-25,24,-9,27
ON,ON Semiconductor,52.38,35,5,-27,0,13,33,26,-33,-13,13,26
DXCM,Dexcom,85.66,0,24,0,-12,12,-5,33,-7,-7,14,26
GM,General Motors,47.93,-6,2,0,9,5,2,26,-18,11,21,26
EW,Edwards Lifesciences,76.34,-1,32,0,-12,19,-14,33,20,-33,6,25
O,Realty Income,56.81,6,16,0,5,27,8,2,-24,11,-3,24
BBY,Best Buy,72.74,29,0,-14,-4,11,32,-8,-25,14,13,24
FI,Fiserv,166.89,26,-46,-4,33,9,26,-32,-5,25,14,23
WAT,Waters Corporation,348.32,0,0,2,12,14,7,-1,-10,12,8,22
LNT,Alliant Energy,60.47,-28,0,58,12,42,-26,-4,-1,11,-20,22
AMT,American Tower,212.76,-1,0,6,0,5,-7,3,10,9,15,20
PNW,Pinnacle West Capital,89.4,-35,-5,58,16,34,-34,-16,12,24,-14,20
LUV,Southwest Airlines,33.57,9,19,6,-37,-3,14,22,-15,2,23,20
CHRW,C.H. Robinson,95.69,-1,18,0,2,19,-9,20,-17,6,0,19
WST,West Pharmaceutical Services,223.91,28,3,-17,-5,9,30,3,-17,-6,10,19
EQR,Equity Residential,69.31,4,19,0,11,34,4,-11,-19,11,-15,19
CPT,Camden Property Trust,117.56,4,10,6,1,21,2,-9,-5,9,-3,18
SPG,Simon Property Group,160.42,0,0,0,33,33,-21,-8,-5,19,-15,18
ESS,Essex Property Trust,283.76,6,2,0,12,20,2,-11,-5,12,-2,18
IDXX,Idexx Laboratories,518.59,0,27,4,2,33,-9,33,-34,-6,-16,17
PODD,Insulet Corporation,305.67,-23,21,35,2,35,-51,25,4,4,-18,17
CVX,Chevron Corporation,140.75,14,-45,-10,46,5,7,3,-2,4,12,17
INVH,Invitation Homes,33.19,-2,0,0,5,3,2,-12,11,12,13,16
DD,DuPont,68.53,16,0,-11,17,22,26,-7,-25,-1,-7,15
SWKS,Skyworks Solutions,73.14,34,18,-33,-28,-9,34,28,-36,-3,23,14
BMY,Bristol Myers Squibb,48.99,56,-45,-5,-3,3,6,6,-4,3,11,14
PSX,Phillips 66,116.09,7,19,-26,39,39,7,21,-51,-3,-26,13
WY,Weyerhaeuser,27.0,29,0,-13,0,16,26,2,-25,-6,-3,13
CL,Colgate-Palmolive,90.88,-35,-6,-1,21,-21,6,8,-4,24,34,13
CHTR,Charter Communications,394.42,0,31,8,-34,5,26,-5,-18,4,7,12
AVB,AvalonBay Communities,207.0,6,1,0,14,21,9,-13,-18,13,-9,12
DHR,Danaher Corporation,199.25,34,2,-19,0,17,26,1,-30,-2,-5,12
FRT,Federal Realty Investment Trust,96.77,12,2,-13,2,3,12,1,-19,12,6,9
IEX,IDEX Corporation,183.22,14,9,-18,0,5,30,-4,-18,-4,4,9
LVS,Las Vegas Sands,41.9,4,20,-12,-4,8,3,26,-16,-12,1,9
MOS,Mosaic Company (The),34.6,-14,40,6,-14,18,-19,33,5,-28,-9,9
FDX,FedEx,222.09,14,0,-16,30,28,7,-7,-18,-2,-20,8
HSIC,Henry Schein,70.91,0,1,-2,0,-1,-7,24,-9,1,9,8
UDR,"UDR, Inc.",41.47,6,1,0,5,12,2,-13,-5,11,-5,7
PAYC,Paycom,258.44,-1,33,9,-22,19,-7,33,-6,-35,-15,4
AOS,A. O. Smith,64.83,0,1,-32,56,25,26,-6,-38,-3,-21,4
IVZ,Invesco,14.68,7,0,-10,-4,-7,14,-4,-10,11,11,4
TROW,T. Rowe Price,94.96,9,5,-13,-23,-22,30,-1,-15,11,25,3
IT,Gartner,421.41,-63,0,-11,56,-18,-58,30,-9,55,18,0
ADBE,Adobe Inc.,416.12,21,18,-26,-4,9,-2,25,-30,-3,-10,-1
MKC,McCormick & Company,75.2,39,-38,0,-2,-1,11,-16,-4,8,-1,-2
AWK,American Water Works,139.81,-28,0,16,0,-12,-7,-1,12,6,10,-2
AMCR,Amcor,9.18,14,-7,-10,0,-3,30,-15,-25,9,-1,-4
MOH,Molina Healthcare,296.98,0,-12,-3,0,-15,14,-6,8,-6,10,-5
TSLA,"Tesla, Inc.",308.66,-31,2,33,8,12,-45,31,-14,8,-20,-8
IQV,IQVIA,154.1,34,0,-30,-4,0,26,1,-32,-4,-9,-9
JBHT,J.B. Hunt,141.61,14,0,-21,-3,-10,29,-4,-18,-8,-1,-11
EMN,Eastman Chemical Company,79.95,0,0,-11,0,-11,-9,20,-25,13,-1,-12
PPG,PPG Industries,113.47,14,20,-36,-6,-8,26,1,-27,-6,-6,-14
DVA,DaVita,137.77,9,-39,0,18,-12,-4,-5,-10,17,-2,-14
VTRS,Viatris,8.81,9,0,-15,-5,-11,6,-8,-19,17,-4,-15
EXC,Exelon,42.17,-35,-9,45,12,13,-34,-19,16,8,-29,-16
D,Dominion Energy,55.67,-3,18,4,-32,-13,-26,33,-20,8,-5,-18
EG,Everest Group,340.73,-7,-1,-26,53,19,-7,-1,-27,-3,-38,-19
HPQ,HP Inc.,25.1,0,0,-15,0,-15,6,-5,-19,14,-4,-19
ZTS,Zoetis,165.1,-1,17,-25,0,-9,-7,26,-28,-3,-12,-21
MHK,Mohawk Industries,103.11,13,-14,-16,-9,-26,26,-11,-24,12,3,-23
SJM,J.M. Smucker Company (The),111.79,0,0,-2,-2,-4,-13,8,7,-21,-19,-23
EPAM,EPAM Systems,176.64,9,0,-16,-25,-32,26,25,-7,-35,9,-23
KMB,Kimberly-Clark,132.69,-35,-3,0,16,-22,-40,15,-1,24,-2,-24
CPRT,Copart,50.14,-94,-11,-3,174,66,-97,-7,-13,26,-91,-25
HRL,Hormel Foods,31.16,55,10,0,-21,44,4,-29,-17,-28,-70,-26
WBA,Walgreens Boots Alliance,11.33,11,20,0,-75,-44,19,35,-3,-33,18,-26
LULU,Lululemon Athletica,259.11,-14,-2,-1,-1,-18,-14,25,-10,-10,-9,-27
F,Ford Motor Company,10.34,10,34,-40,-15,-11,7,-4,-18,-3,-18,-29
IFF,International Flavors & Fragrances,78.22,15,5,-13,-29,-22,6,2,-25,9,-8,-30
MTCH,Match Group,31.92,32,4,-16,-35,-15,30,12,-23,-36,-17,-32
CVS,CVS Health,63.86,9,-4,0,-15,-10,6,-18,15,-26,-23,-33
NUE,Nucor,122.49,42,2,-45,0,-1,7,-11,-22,-6,-32,-33
AKAM,Akamai Technologies,78.1,14,0,-16,-5,-7,7,-12,-16,-8,-29,-36
CDW,CDW Corporation,177.39,0,20,-32,2,-10,6,27,-53,-6,-26,-36
GPN,Global Payments,78.94,14,0,-17,-37,-40,31,-6,-14,-8,3,-37
CRL,Charles River Laboratories,147.38,28,5,-44,-24,-35,33,23,-53,-6,-3,-38
COO,Cooper Companies (The),71.94,0,-7,-17,-3,-27,23,-11,-22,-1,-11,-38
SWK,Stanley Black & Decker,67.22,9,0,-19,-37,-47,26,-5,-25,12,8,-39
CCI,Crown Castle,98.98,-2,0,-3,-26,-31,-9,-14,10,3,-10,-41
LII,Lennox International,556.12,-88,0,0,36,-52,2,-4,-13,25,10,-42
ELV,Elevance Health,389.62,12,-19,-34,0,-41,26,-34,8,-1,-1,-42
CMCSA,Comcast,34.57,10,2,-25,-7,-20,7,-2,-22,-6,-23,-43
SBAC,SBA Communications,225.0,-15,0,6,-18,-27,-14,-14,7,3,-18,-45
PFE,Pfizer,23.96,14,1,-23,-21,-29,14,26,-31,-26,-17,-46
EIX,Edison International,49.42,-24,-3,-22,-1,-50,-21,-4,-19,48,4,-46
TGT,Target Corporation,97.35,14,0,-21,-9,-16,14,-11,-29,-4,-30,-46
AES,AES Corporation,10.87,17,0,-32,-9,-24,49,-8,-43,-22,-24,-48
BLDR,Builders FirstSource,112.96,25,-88,-18,63,-18,-3,-10,-22,-1,-36,-54
GPC,Genuine Parts Company,125.26,-16,18,-3,0,-1,-21,32,-50,-15,-54,-55
DOW,Dow Inc.,29.39,14,0,-33,0,-19,26,-11,-48,-6,-39,-58
FE,FirstEnergy,39.82,-63,-1,0,53,-11,-34,-5,-23,12,-50,-61
WBD,Warner Bros. Discovery,9.53,0,0,2,-40,-38,7,20,-10,-43,-26,-64
PARA,Paramount Global,11.99,-18,21,0,-37,-34,-16,27,2,-43,-30,-64
OXY,Occidental Petroleum,43.24,35,0,-45,0,-10,7,2,-49,-14,-54,-64
LYB,LyondellBasell,58.48,9,0,-34,0,-25,25,-11,-48,-5,-39,-64
BIIB,Biogen,134.15,56,1,-74,-25,-42,8,20,-37,-16,-25,-67
BAX,Baxter International,30.86,9,0,-13,-36,-40,24,-8,-4,-39,-27,-67
KDP,Keurig Dr Pepper,32.96,-23,-6,0,0,-29,-34,-23,8,10,-39,-68
LKQ,LKQ Corporation,39.28,-24,-3,0,0,-27,-21,-3,-4,-15,-43,-70
APTV,Aptiv,67.21,10,20,0,-22,8,14,26,-87,-34,-81,-73
MKTX,MarketAxess,223.17,25,4,-18,-27,-16,19,-13,-22,-42,-58,-74
POOL,Pool Corporation,298.23,-13,-2,-13,-4,-32,-13,-5,-19,-7,-44,-76
BDX,Becton Dickinson,172.49,14,-73,-18,-3,-80,24,1,-9,-13,3,-77
ADM,Archer Daniels Midland,47.92,2,21,-36,-9,-22,6,-6,-38,-18,-56,-78
MAA,Mid-America Apartment Communities,151.0,-35,-6,0,0,-41,-35,-13,-5,9,-44,-85
DVN,Devon Energy,32.65,21,2,-40,-3,-20,7,-9,-46,-20,-68,-88
KMX,CarMax,67.19,35,-69,-9,-34,-77,2,-10,-13,9,-12,-89
INTC,Intel,20.45,7,0,-59,-18,-70,7,-9,-7,-10,-19,-89
CNC,Centene Corporation,55.72,0,-13,-34,-9,-56,7,-11,-3,-26,-33,-89
KVUE,Kenvue,21.29,-42,-4,33,0,-13,-82,-5,9,1,-77,-90
MGM,MGM Resorts,32.46,14,0,-46,0,-32,7,-8,-53,-7,-61,-93
CZR,Caesars Entertainment,26.73,0,0,-16,-23,-39,7,-7,-25,-35,-60,-99
TECH,Bio-Techne,49.88,49,-84,-17,-22,-74,6,-11,-17,-4,-26,-100
MRNA,Moderna,28.14,14,0,-45,-2,-33,7,8,-45,-37,-67,-100
GIS,General Mills,54.79,38,-44,-31,-2,-39,33,-54,-27,-17,-65,-104
TSN,Tyson Foods,55.26,-4,-25,-1,-26,-56,-34,-25,-1,9,-51,-107
WYNN,Wynn Resorts,84.7,-52,22,-1,-1,-32,-51,-3,-18,-6,-78,-110
KHC,Kraft Heinz,26.46,-1,-33,-32,-2,-68,-7,-23,-4,-8,-42,-110
EL,EstÃ©e Lauder Companies (The),69.0,70,10,-110,-24,-54,5,23,-55,-33,-60,-114
BG,Bunge Global,74.67,-36,0,-34,0,-70,1,-5,-37,-3,-44,-114
REGN,Regeneron Pharmaceuticals,517.59,-49,-7,-31,-2,-89,12,-4,-32,-2,-26,-115
OMC,Omnicom Group,71.55,0,-124,-17,0,-141,7,-11,-22,48,22,-119
SLB,Schlumberger,34.1,10,-46,-60,0,-96,6,-10,-11,-8,-23,-119
CPB,Campbell's Company (The),34.25,10,-45,-22,-4,-61,25,-55,-29,-3,-62,-123
APA,APA Corporation,18.62,42,2,-75,-10,-41,7,6,-79,-17,-83,-124
MRK,Merck & Co.,79.32,28,-48,-37,-2,-59,28,-50,-41,-4,-67,-126
UPS,United Parcel Service,99.28,14,0,-96,-14,-96,6,20,-24,-32,-30,-126
TAP,Molson Coors Beverage Company,52.1,-77,-31,-3,12,-99,-21,-5,-4,3,-27,-126
COP,ConocoPhillips,88.01,14,-46,-35,0,-67,6,-10,-51,-6,-61,-128
DOC,Healthpeak Properties,17.25,6,-46,-7,-29,-76,11,-49,-22,7,-53,-129
ALGN,Align Technology,180.94,15,5,-57,-23,-60,26,-11,-52,-36,-73,-133
ALB,Albemarle Corporation,62.3,28,0,-118,-21,-111,26,-9,-17,-23,-23,-134
NKE,"Nike, Inc.",61.9,32,0,-67,-19,-54,-5,21,-68,-34,-86,-140
IPG,Interpublic Group of Companies (The),23.08,-49,-9,-33,0,-91,7,-11,-30,-15,-49,-140
RVTY,Revvity,92.83,14,-63,-10,-22,-81,6,-55,-15,1,-63,-144
HUM,Humana,233.09,7,-27,-79,-10,-109,7,-30,-10,-18,-51,-160
ZBH,Zimmer Biomet,92.82,9,-43,-55,-15,-104,26,-13,-54,-16,-57,-161
TMO,Thermo Fisher Scientific,409.84,13,-71,-12,-3,-73,5,-81,-11,-1,-88,-161
PCG,PG&E Corporation,14.57,-84,-4,-20,2,-106,-87,-6,-19,38,-74,-180
PEP,PepsiCo,129.93,-2,-45,-32,-1,-80,-14,-54,-29,-11,-108,-188
CAG,Conagra Brands,22.39,-24,-38,-22,-5,-89,-22,-52,-4,-21,-99,-188
HAL,Halliburton,21.01,20,-97,-53,-3,-133,14,-12,-52,-7,-57,-190
ARE,Alexandria Real Estate Equities,71.74,14,-53,-27,-28,-94,27,-55,-38,-33,-99,-193
STZ,Constellation Brands,171.08,-88,-3,-35,-1,-127,-20,-7,-51,-6,-84,-211
CLX,Clorox,127.48,-24,-108,-7,-3,-142,-34,-66,-17,11,-106,-248
ENPH,Enphase Energy,43.24,7,-104,-36,-18,-151,-13,-45,-43,-22,-123,-274
BF-B,Brownâ€“Forman,27.64,-87,-7,-93,-16,-203,-21,-6,-25,-26,-78,-281
