Symbol,Name,Close,1H Cloud Score,1D Cloud Score,1W Cloud Score,1M Cloud Score,Cloud Score Sum,1H TKx Score,1D TKx Score,1W TKx Score,1M TKx Score,TKx Score Sum,Total Score Sum
TJX,TJX Companies,128.46,3,41,138,196,378,2,-4,107,191,296,674
HWM,Howmet Aerospace,175.37,224,32,138,27,421,30,32,82,52,196,617
CTAS,Cintas,227.66,112,39,9,163,323,66,34,3,185,288,611
RSG,Republic Services,252.97,-2,17,114,175,304,-19,8,83,158,230,534
PGR,Progressive Corporation,279.23,-5,25,95,175,290,-14,25,12,187,210,500
COST,Costco,1014.76,-14,28,107,178,299,-14,34,-8,182,194,493
ORLY,Oâ€™Reilly Automotive,1377.86,11,1,153,197,362,12,-16,44,87,127,489
AJG,Arthur J. Gallagher & Co.,328.65,-16,17,155,184,340,-19,22,18,105,126,466
MMC,Marsh McLennan,230.04,-6,1,115,173,283,-14,18,-1,176,179,462
PM,Philip Morris International,181.71,104,92,60,53,309,12,34,75,25,146,455
WM,Waste Management,236.32,-2,16,85,185,284,-19,8,17,157,163,447
V,Visa Inc.,370.22,44,28,127,131,330,55,32,-5,24,106,436
GE,GE Aerospace,255.58,231,30,9,25,295,61,30,20,27,138,433
WRB,W. R. Berkley Corporation,74.21,0,74,84,174,332,1,25,14,53,93,425
BR,Broadridge Financial Solutions,245.25,44,18,104,143,309,59,32,-1,23,113,422
ROL,"Rollins, Inc.",57.77,0,41,21,284,346,-10,34,13,33,70,416
MA,Mastercard,590.06,44,27,116,153,340,19,32,-5,24,70,410
EBAY,eBay Inc.,78.62,109,28,67,12,216,68,32,72,14,186,402
ADP,Automatic Data Processing,326.84,25,22,75,178,300,25,25,-5,55,100,400
CDNS,Cadence Design Systems,296.94,0,31,7,139,177,25,34,-15,178,222,399
INTU,Intuit,771.57,73,32,7,189,301,68,32,-21,18,97,398
NDAQ,"Nasdaq, Inc.",85.61,68,25,66,142,301,61,32,-9,12,96,397
JCI,Johnson Controls,103.76,224,27,65,17,333,22,32,-7,16,63,396
HON,Honeywell,228.83,135,19,6,176,336,26,28,-16,20,58,394
LIN,Linde plc,472.7,110,17,3,108,238,26,32,-9,104,153,391
AXON,Axon Enterprise,791.97,42,30,135,92,299,30,34,-7,28,85,384
ORCL,Oracle Corporation,174.01,63,18,1,196,278,61,25,-13,25,98,376
CTVA,Corteva,71.64,231,32,43,0,306,33,32,-9,9,65,371
BKNG,Booking Holdings,5610.55,115,31,126,33,305,18,32,-9,24,65,370
IBM,IBM,268.87,31,24,99,52,206,30,32,46,54,162,368
NFLX,Netflix,1241.68,38,37,106,18,199,35,34,77,18,164,363
PAYX,Paychex,159.78,25,25,74,165,289,25,25,3,12,65,354
NRG,NRG Energy,155.96,-7,32,93,92,210,-13,34,103,19,143,353
VRSK,Verisk Analytics,319.48,27,28,58,112,225,26,25,49,26,126,351
TMUS,T-Mobile US,245.86,26,-20,84,137,227,33,-30,86,33,122,349
FAST,Fastenal,42.04,9,41,113,104,267,21,33,3,23,80,347
WELL,Welltower,154.45,5,16,106,56,183,4,12,123,22,161,344
MSFT,Microsoft,470.16,63,26,6,171,266,30,34,-16,23,71,337
RTX,RTX Corporation,139.1,44,18,67,52,181,46,24,74,12,156,337
JPM,JPMorgan Chase,265.72,7,21,113,156,297,-12,32,-7,24,37,334
LYV,Live Nation Entertainment,144.16,14,20,84,145,263,24,34,-7,14,65,328
RCL,Royal Caribbean Group,276.35,63,19,111,26,219,61,32,-10,25,108,327
ICE,Intercontinental Exchange,178.66,0,25,102,159,286,-19,26,12,19,38,324
CME,CME Group,274.17,-21,98,44,134,255,-20,28,40,17,65,320
CHD,Church & Dwight,99.07,3,-43,-6,342,296,-2,6,-4,23,23,319
SO,Southern Company,88.26,-13,-1,66,188,240,-19,8,13,77,79,319
YUM,Yum! Brands,144.82,4,-11,18,257,268,-10,-7,12,55,50,318
AMGN,Amgen,290.41,63,0,-9,163,217,63,7,-4,34,100,317
HUBB,Hubbell Incorporated,395.26,9,17,0,180,206,21,35,-15,69,110,316
AAPL,Apple Inc.,203.93,26,0,0,249,275,-10,-8,-15,69,36,311
LLY,Lilly (Eli),769.92,39,-26,0,170,183,55,-18,-5,94,126,309
PWR,Quanta Services,361.28,51,26,7,97,181,33,34,-11,70,126,307
MNST,Monster Beverage,63.41,0,69,16,178,263,1,32,9,2,44,307
STE,Steris,243.71,1,22,4,193,220,10,32,12,23,77,297
MCD,McDonald's,307.32,-15,0,42,240,267,-35,-3,12,55,29,296
MSI,Motorola Solutions,417.88,0,-3,0,151,148,-12,-7,-17,183,147,295
ROP,Roper Technologies,572.93,7,18,19,180,224,14,-1,34,24,71,295
KLAC,KLA Corporation,808.04,21,19,4,175,219,23,34,-10,24,71,290
ALL,Allstate,208.0,0,18,87,157,262,-15,25,1,15,26,288
GEV,GE Vernova,484.99,231,31,0,0,262,-9,34,1,0,26,288
SHW,Sherwin-Williams,357.55,25,28,0,188,241,21,28,-19,17,47,288
PLTR,Palantir Technologies,127.68,0,32,106,0,138,-13,34,109,18,148,286
CF,CF Industries,92.15,245,18,5,2,270,-9,30,-12,6,15,285
TDG,TransDigm Group,1465.88,7,32,9,155,203,5,32,-10,55,82,285
DRI,Darden Restaurants,217.53,63,38,34,59,194,-9,32,38,28,89,283
ADI,Analog Devices,222.28,27,19,1,177,224,28,25,-18,24,59,283
COR,Cencora,288.93,-15,96,34,69,184,-19,7,45,65,98,282
AZO,AutoZone,3717.96,-6,16,84,84,178,-17,21,44,55,103,281
APH,Amphenol,93.35,63,32,9,63,167,61,34,-11,25,109,276
HIG,Hartford (The),129.32,2,33,84,55,174,4,32,11,54,101,275
DE,Deere & Company,520.0,7,21,39,107,174,26,32,35,8,101,275
SPGI,S&P Global,519.36,14,19,6,170,209,26,27,-8,19,64,273
MCO,Moody's Corporation,489.07,26,19,6,154,205,26,27,-8,23,68,273
ETN,Eaton Corporation,331.49,27,19,1,112,159,26,32,-15,70,113,272
TRV,Travelers Companies (The),273.68,0,33,81,56,170,2,32,14,54,102,272
MCK,McKesson Corporation,712.89,-15,92,32,56,165,-19,32,28,65,106,271
BSX,Boston Scientific,102.04,-35,31,134,142,272,-53,-1,-5,55,-4,268
PANW,Palo Alto Networks,199.55,42,19,7,79,147,40,30,-7,55,118,265
AME,Ametek,178.35,2,19,4,104,129,18,25,-11,99,131,260
VRSN,Verisign,285.02,18,130,26,7,181,36,-4,42,5,79,260
WMT,Walmart,97.44,-2,33,117,99,247,-14,7,-8,27,12,259
TT,Trane Technologies,428.69,26,27,6,162,221,-5,32,-17,27,37,258
ITW,Illinois Tool Works,247.48,12,3,-3,176,188,22,25,-4,27,70,258
HCA,HCA Healthcare,384.27,31,33,4,95,163,33,25,6,27,91,254
LMT,Lockheed Martin,481.7,46,16,-19,163,206,-8,8,-24,70,46,252
NVDA,Nvidia,141.69,63,18,4,132,217,-2,26,-13,24,35,252
AON,Aon plc,371.17,0,4,6,175,185,2,14,-5,54,65,250
BRO,Brown & Brown,110.58,-15,-28,106,161,224,-19,6,15,24,26,250
PTC,PTC Inc.,170.37,7,18,-16,180,189,25,26,-17,24,58,247
ISRG,Intuitive Surgical,557.04,49,19,84,20,172,26,34,-11,24,73,245
GOOG,Alphabet Inc. (Class C),174.92,7,8,2,174,191,13,30,-9,19,53,244
AIZ,Assurant,203.47,59,9,2,150,220,-9,23,-10,17,21,241
AIG,American International Group,87.34,47,16,18,51,132,58,19,13,19,109,241
GOOGL,Alphabet Inc. (Class A),173.65,7,8,2,174,191,10,30,-9,19,50,241
JBL,Jabil,176.62,32,22,9,63,126,26,32,1,55,114,240
WMB,Williams Companies,60.55,0,18,102,50,170,5,10,-1,55,69,239
T,AT&T,28.07,13,16,60,14,103,7,32,84,13,136,239
MS,Morgan Stanley,131.82,27,19,66,62,174,30,30,-9,14,65,239
SYK,Stryker Corporation,383.88,14,19,7,157,197,23,1,-10,27,41,238
GS,Goldman Sachs,613.83,13,19,82,56,170,23,30,-7,19,65,235
AXP,American Express,302.43,46,19,7,97,169,26,32,-11,19,66,235
DUK,Duke Energy,115.2,-6,-4,66,181,237,-16,-14,12,14,-4,233
DTE,DTE Energy,133.85,-28,1,64,187,224,-27,8,17,11,9,233
ECL,Ecolab,267.12,111,17,6,20,154,40,27,-5,17,79,233
CBOE,Cboe Global Markets,222.69,-21,15,134,53,181,-20,10,12,49,51,232
GLW,Corning Inc.,50.69,133,18,9,15,175,30,25,-10,12,57,232
LRCX,Lam Research,86.36,21,19,0,150,190,23,26,-7,-3,39,229
CB,Chubb Limited,293.86,0,16,91,56,163,-19,19,12,54,66,229
CAH,Cardinal Health,154.7,0,41,45,36,122,-19,32,38,55,106,228
DASH,DoorDash,218.45,48,18,87,0,153,35,31,-7,16,75,228
L,Loews Corporation,89.11,3,19,102,53,177,4,25,-1,22,50,227
UNP,Union Pacific Corporation,223.43,7,0,-4,196,199,19,-1,-10,17,25,224
TKO,TKO Group Holdings,165.94,27,29,61,38,155,30,-7,-3,48,68,223
FTNT,Fortinet,104.92,9,18,44,111,182,23,12,-6,11,40,222
DGX,Quest Diagnostics,174.32,14,33,58,16,121,34,-4,58,12,100,221
GWW,W. W. Grainger,1094.65,9,19,2,92,122,22,34,-16,55,95,217
FFIV,"F5, Inc.",295.43,33,18,84,12,147,30,32,-7,15,70,217
IRM,Iron Mountain,102.16,37,24,0,55,116,34,32,-21,54,99,215
FICO,Fair Isaac,1774.68,8,-12,0,164,160,47,-5,-18,29,53,213
GRMN,Garmin,207.38,30,1,102,17,150,30,20,-7,19,62,212
KO,Coca-Cola Company (The),71.34,-14,1,18,180,185,-7,7,13,12,25,210
STX,Seagate Technology,126.99,76,19,4,20,119,69,30,-25,16,90,209
TTWO,Take-Two Interactive,232.72,13,39,35,11,98,25,33,35,18,111,209
WAB,Wabtec,206.23,28,21,9,47,105,26,32,-10,54,102,207
MPWR,Monolithic Power Systems,686.96,27,19,-16,155,185,-3,29,-30,24,20,205
COF,Capital One,198.15,28,25,84,19,156,7,32,-7,16,48,204
NI,NiSource,39.27,0,16,64,43,123,-19,8,79,12,80,203
LH,Labcorp,253.97,58,25,45,13,141,26,25,-5,16,62,203
PCAR,Paccar,93.48,0,0,-12,157,145,7,19,-4,32,54,199
KMI,Kinder Morgan,28.12,0,17,82,42,141,-11,25,-9,50,55,196
AVGO,Broadcom,246.92,0,22,9,114,145,-3,34,-11,28,48,193
CINF,Cincinnati Financial,150.99,8,25,75,60,168,4,25,-17,13,25,193
AMP,Ameriprise Financial,518.76,7,18,9,62,96,4,32,-10,69,95,191
EQIX,Equinix,914.71,63,19,7,32,121,26,32,-13,24,69,190
SNA,Snap-on,321.67,3,4,39,57,103,21,18,-9,55,85,188
ACGL,Arch Capital Group,95.52,49,21,0,60,130,2,32,-26,49,57,187
WFC,Wells Fargo,76.32,31,19,82,27,159,-12,29,-9,17,25,184
J,Jacobs Solutions,127.69,7,17,0,104,128,21,32,-14,17,56,184
NOW,ServiceNow,1030.2,14,20,7,80,121,20,33,-10,20,63,184
TEL,TE Connectivity,164.65,29,25,6,60,120,26,31,-10,16,63,183
PNR,Pentair,99.54,31,19,7,60,117,26,32,-14,22,66,183
VST,Vistra Corp.,173.61,72,18,9,28,127,-8,31,-11,43,55,182
ETR,Entergy,82.14,-15,10,63,20,78,-19,32,79,12,104,182
SNPS,Synopsys,486.08,14,6,-17,178,181,25,-5,-18,-3,-1,180
EMR,Emerson Electric,123.51,28,19,6,62,115,26,25,-11,24,64,179
ODFL,Old Dominion,160.26,-1,0,-16,185,168,5,-3,-21,30,11,179
ROK,Rockwell Automation,324.33,63,22,5,13,103,68,24,-8,-9,75,178
CAT,Caterpillar Inc.,353.38,10,18,0,62,90,22,25,-14,55,88,178
ABT,Abbott Laboratories,133.54,11,16,46,11,84,9,34,38,12,93,177
PH,Parker Hannifin,671.25,13,20,7,63,103,23,32,-10,28,73,176
BK,BNY Mellon,90.31,7,21,84,38,150,-12,25,-5,17,25,175
GILD,Gilead Sciences,112.41,14,13,41,33,101,23,14,-1,37,73,174
HD,Home Depot (The),367.26,3,0,-2,178,179,-5,-4,-14,17,-6,173
SRE,Sempra,76.85,-17,17,-5,179,174,-27,32,-19,12,-2,172
TSCO,Tractor Supply,50.94,14,0,-3,83,94,23,-5,-23,83,78,172
GD,General Dynamics,276.47,7,41,-1,52,99,4,34,-21,55,72,171
ATO,Atmos Energy,152.19,-21,0,64,43,86,-23,-12,75,43,83,169
CSCO,Cisco,66.06,30,19,38,12,99,30,25,-8,23,70,169
RJF,Raymond James Financial,146.74,2,18,82,56,158,4,-1,-10,17,10,168
ABBV,AbbVie,189.86,49,1,7,56,113,7,-10,-4,62,55,168
URI,United Rentals,706.57,7,19,0,62,88,10,31,-19,55,77,165
DLR,Digital Realty,176.84,54,25,5,20,104,26,32,-14,17,61,165
NWS,News Corp (Class B),31.84,-25,22,102,56,155,-37,34,-7,19,9,164
RL,Ralph Lauren Corporation,274.82,-7,21,84,32,130,-12,30,-9,24,33,163
PG,Procter & Gamble,164.0,-15,-2,0,177,160,-28,8,-4,24,0,160
LOW,Lowe's,225.25,13,0,-10,164,167,-4,-4,-17,17,-8,159
C,Citigroup,78.24,55,19,9,16,99,26,29,-7,12,60,159
ANET,Arista Networks,97.24,27,4,1,56,88,28,-1,-11,54,70,158
META,Meta Platforms,697.92,38,19,7,27,91,30,24,-8,21,67,158
UAL,United Airlines Holdings,84.22,40,1,40,9,90,32,31,-10,14,67,157
MLM,Martin Marietta Materials,551.26,0,28,0,58,86,18,49,-21,25,71,157
TRMB,Trimble Inc.,72.23,18,19,69,2,108,24,24,-10,10,48,156
EQT,EQT Corporation,56.39,6,25,31,40,102,-13,25,31,8,51,153
GEN,Gen Digital,29.33,31,22,5,14,72,60,24,-17,14,81,153
TDY,Teledyne Technologies,500.7,31,18,42,12,103,22,23,-9,13,49,152
K,Kellanova,82.06,-35,10,59,19,53,10,7,71,11,99,152
EXPE,Expedia Group,176.54,44,4,39,9,96,25,25,-8,12,54,150
CBRE,CBRE Group,128.54,21,3,82,20,126,26,-7,-9,12,22,148
CCL,Carnival,24.27,63,18,7,0,88,26,26,-10,17,59,147
CMI,Cummins,326.52,13,4,0,63,80,25,24,-11,28,66,146
TPR,"Tapestry, Inc.",78.94,1,19,70,19,109,-1,25,-5,17,36,145
AMAT,Applied Materials,166.77,22,19,-20,147,168,23,-6,-39,-3,-25,143
FDS,FactSet,432.47,-41,20,-1,192,170,-33,-1,-14,21,-27,143
MDLZ,Mondelez International,66.16,-10,0,-8,180,162,-27,6,9,-7,-19,143
BLK,BlackRock,989.81,31,18,7,20,76,26,32,-10,19,67,143
PKG,Packaging Corporation of America,196.41,27,2,-3,59,85,26,19,-16,24,53,138
SCHW,Charles Schwab Corporation,88.23,7,32,67,9,115,-14,32,-8,12,22,137
PEG,Public Service Enterprise Group,80.16,0,0,0,150,150,-15,5,-18,15,-13,137
NTAP,NetApp,106.25,28,4,-15,55,72,33,32,-20,20,65,137
GDDY,GoDaddy,182.95,3,1,84,20,108,19,-3,-9,20,27,135
WDC,Western Digital,55.46,63,19,2,16,100,26,30,-18,-3,35,135
AMZN,Amazon,213.52,37,9,7,19,72,28,24,-9,18,61,133
DOV,Dover Corporation,179.41,7,8,0,104,119,7,-1,-9,17,14,133
KKR,KKR & Co.,123.4,8,8,0,101,117,5,1,-10,19,15,132
EXPD,Expeditors International,112.29,0,0,-10,129,119,19,20,-27,-1,11,130
HLT,Hilton Worldwide,252.76,8,19,6,62,95,-8,26,-8,24,34,129
NOC,Northrop Grumman,489.36,50,0,1,56,107,-1,6,7,10,22,129
VMC,Vulcan Materials Company,264.61,0,27,7,58,92,25,-1,-14,25,35,127
NSC,Norfolk Southern,250.75,62,18,1,2,83,19,32,-20,12,43,126
MET,MetLife,79.92,13,18,1,56,88,7,24,-10,16,37,125
MMM,3M,145.48,-6,19,64,12,89,4,24,-5,12,35,124
HPE,Hewlett Packard Enterprise,18.11,22,15,-14,40,63,-12,32,-11,52,61,124
BAC,Bank of America,44.97,45,19,7,16,87,7,26,-9,12,36,123
ANSS,Ansys,339.03,20,19,7,9,55,25,32,-11,21,67,122
RMD,ResMed,252.27,21,25,7,11,64,26,31,-10,11,58,122
PPL,PPL Corporation,34.02,-16,-4,66,21,67,-21,-15,78,12,54,121
VRTX,Vertex Pharmaceuticals,450.31,7,-23,0,102,86,5,-18,13,35,35,121
BXP,"BXP, Inc.",74.13,54,17,0,0,71,26,32,-19,11,50,121
MO,Altria,59.24,-16,16,60,43,103,-19,7,16,14,18,121
MAR,Marriott International,265.64,7,19,6,56,88,-10,26,-9,25,32,120
TXN,Texas Instruments,192.36,37,19,0,20,76,28,23,-21,14,44,120
CMG,Chipotle Mexican Grill,52.49,21,3,-14,78,88,25,-5,-16,27,31,119
EXE,Expand Energy,117.36,0,39,31,0,70,-15,24,31,8,48,118
VICI,Vici Properties,31.46,0,0,48,13,61,1,-13,13,55,56,117
KR,Kroger,66.16,-28,-4,69,65,102,-26,-15,40,13,12,114
APO,Apollo Global Management,133.45,7,1,0,95,103,7,-7,-13,24,11,114
CRWD,CrowdStrike,468.43,0,32,35,0,67,1,34,-7,18,46,113
ADSK,Autodesk,297.86,0,22,44,12,78,-1,32,-14,17,34,112
HBAN,Huntington Bancshares,16.21,28,19,7,19,73,7,30,-13,14,38,111
EA,Electronic Arts,149.57,21,41,0,5,67,30,-11,6,19,44,111
BRK-B,Berkshire Hathaway,493.7,-36,-4,114,60,134,-47,-16,15,24,-24,110
FCX,Freeport-McMoRan,41.49,35,19,-27,56,83,30,25,-26,-4,25,108
ULTA,Ulta Beauty,465.4,63,29,2,2,96,-17,32,2,-7,10,106
DECK,Deckers Brands,109.22,0,0,-14,91,77,19,-10,-10,29,28,105
REG,Regency Centers,72.01,2,17,58,51,128,-33,-4,-5,17,-25,103
GL,Globe Life,121.73,1,1,35,12,49,-15,17,46,6,54,103
STT,State Street Corporation,98.39,7,21,7,14,49,25,26,-10,12,53,102
STLD,Steel Dynamics,133.51,0,31,0,53,84,-10,-6,-21,55,18,102
IR,Ingersoll Rand,83.11,13,18,-11,21,41,26,25,-18,27,60,101
WEC,WEC Energy Group,105.6,-15,0,45,11,41,-16,8,58,9,59,100
XYL,Xylem Inc.,126.67,28,19,0,20,67,26,29,-42,20,33,100
LHX,L3Harris,244.3,3,41,2,3,49,2,34,2,12,50,99
VZ,Verizon,43.79,7,16,20,8,51,1,22,13,12,48,99
BX,Blackstone Inc.,140.44,7,0,-3,104,108,-9,-5,-14,19,-9,99
AEE,Ameren,96.01,0,-8,47,11,50,-8,-4,52,8,48,98
DG,Dollar General,113.49,28,60,0,-15,73,28,8,12,-24,24,97
NDSN,Nordson Corporation,214.74,49,18,-26,0,41,55,24,-19,-5,55,96
ROST,Ross Stores,143.81,11,28,-3,33,69,2,-4,1,27,26,95
PHM,PulteGroup,100.23,21,3,-13,63,74,25,-8,-24,27,20,94
CNP,CenterPoint Energy,36.6,-14,0,39,43,68,-7,-13,33,13,26,94
UHS,Universal Health Services,189.35,7,23,-1,20,49,21,23,-25,24,43,92
FTV,Fortive,73.01,28,4,-11,31,52,26,21,-7,-3,37,89
AMD,Advanced Micro Devices,116.16,33,18,-32,108,127,-2,25,-56,-5,-38,89
VTR,Ventas,63.62,0,-8,62,20,74,4,-15,13,13,15,89
HII,Huntington Ingalls Industries,226.51,9,58,0,4,71,26,-7,6,-7,18,89
DAL,Delta Air Lines,50.94,8,1,-3,17,23,26,25,-11,24,64,87
NVR,"NVR, Inc.",7101.07,19,-1,-13,63,68,22,-8,-22,27,19,87
NTRS,Northern Trust,107.91,7,19,6,9,41,19,25,-9,11,46,87
NEE,NextEra Energy,72.14,41,6,0,0,47,52,1,-24,11,40,87
UBER,Uber,85.6,0,31,8,0,39,19,-1,6,24,48,87
ABNB,Airbnb,140.66,27,4,1,0,32,33,32,-8,-3,54,86
MDT,Medtronic,87.39,28,0,1,0,29,51,-3,-4,11,55,84
EOG,EOG Resources,113.97,12,0,-10,43,45,6,-6,-11,49,38,83
CSX,CSX Corporation,32.23,31,18,-26,2,25,61,22,-22,-4,57,82
LDOS,Leidos,148.13,0,31,-3,21,49,17,-4,3,17,33,82
DHI,D. R. Horton,120.73,20,-1,-18,63,64,25,-10,-25,28,18,82
USB,U.S. Bancorp,44.74,30,19,0,2,51,7,25,-14,13,31,82
NXPI,NXP Semiconductors,207.67,21,3,-15,61,70,25,27,-38,-3,11,81
FITB,Fifth Third Bancorp,39.42,28,4,0,20,52,7,24,-17,14,28,80
ES,Eversource Energy,65.47,49,22,5,-8,68,38,25,-25,-26,12,80
DLTR,Dollar Tree,94.47,14,36,0,-13,37,12,35,15,-20,42,79
PRU,Prudential Financial,105.57,12,9,-3,53,71,7,1,-17,17,8,79
SOLV,Solventum,74.85,28,4,0,0,32,33,20,-6,0,47,79
SYF,Synchrony Financial,59.22,7,19,7,19,52,-11,32,-10,16,27,79
NWSA,News Corp (Class A),27.8,-9,19,7,56,73,-39,32,-7,19,5,78
EVRG,Evergy,65.24,-17,-3,48,12,40,-27,-13,67,8,35,75
KIM,Kimco Realty,20.98,0,18,-1,53,70,-21,32,-18,12,5,75
CMS,CMS Energy,70.01,4,-11,66,21,80,-13,-17,12,12,-6,74
MAS,Masco,63.19,8,0,-10,63,61,22,-6,-22,19,13,74
MTB,M&T Bank,184.13,7,19,0,20,46,5,25,-14,12,28,74
DELL,Dell Technologies,113.78,9,19,-15,30,43,19,32,-19,-2,30,73
FIS,Fidelity National Information Services,81.22,27,34,0,-35,26,26,32,-20,9,47,73
TXT,Textron,75.6,22,19,-25,51,67,26,29,-46,-3,6,73
RF,Regions Financial Corporation,22.07,7,18,0,20,45,7,25,-17,12,27,72
SBUX,Starbucks,89.65,27,0,0,0,27,26,18,-5,5,44,71
MSCI,MSCI Inc.,568.64,12,17,0,12,41,26,-1,-13,18,30,71
NCLH,Norwegian Cruise Line Holdings,19.55,26,0,-10,0,16,26,20,-10,18,54,70
WTW,Willis Towers Watson,309.26,-15,-31,84,22,60,-19,6,-5,27,9,69
TYL,Tyler Technologies,576.21,19,0,0,15,34,19,18,-18,16,35,69
DAY,Dayforce,60.43,29,4,-10,-10,13,54,13,-14,3,56,69
AFL,Aflac,103.67,7,-12,0,56,51,-12,-15,-9,53,17,68
PAYC,Paycom,265.55,31,32,9,-22,50,26,32,-6,-35,17,67
WSM,"Williams-Sonoma, Inc.",157.99,-3,0,7,63,67,-7,-7,-7,19,-2,65
APD,Air Products,279.8,44,0,0,14,58,-12,20,-9,8,7,65
NEM,Newmont,52.35,-7,43,9,3,48,-5,5,9,8,17,65
ERIE,Erie Indemnity,371.78,20,-31,-7,37,19,39,1,-25,29,44,63
BKR,Baker Hughes,37.9,35,-45,0,33,23,7,18,-9,24,40,63
PNC,PNC Financial Services,178.62,13,9,0,12,34,7,24,-14,12,29,63
ZBRA,Zebra Technologies,295.4,25,5,-11,-5,14,23,24,-11,11,47,61
UNH,UnitedHealth Group,303.14,0,-35,-8,-2,-45,-25,-30,-21,182,106,61
CPAY,Corpay,337.45,13,2,1,19,35,19,-7,-9,23,26,61
JKHY,Jack Henry & Associates,181.84,7,16,6,2,31,19,18,-17,9,29,60
KEY,KeyCorp,16.33,13,19,0,2,34,7,25,-17,11,26,60
CTRA,Coterra,25.58,35,-44,1,42,34,4,11,-2,11,24,58
SYY,Sysco,74.51,33,6,0,1,40,5,19,-18,12,18,58
EFX,Equifax,268.41,7,31,1,14,53,21,-4,-28,16,5,58
CI,Cigna,312.18,-16,-4,-1,56,35,-26,-16,10,55,23,58
MU,Micron Technology,108.56,35,18,-25,20,48,30,24,-42,-3,9,57
IDXX,Idexx Laboratories,525.06,34,26,4,2,66,-2,32,-34,-6,-10,56
FOXA,Fox Corporation (Class A),54.37,-30,18,58,0,46,-18,19,-3,12,10,56
ZTS,Zoetis,169.69,67,16,-25,2,60,2,25,-28,-3,-4,56
CTSH,Cognizant,80.27,1,19,6,12,38,-16,25,-8,16,17,55
ED,Consolidated Edison,101.6,-16,-3,18,45,44,-25,-19,12,43,11,55
TRGP,Targa Resources,167.05,18,-45,0,49,22,7,-17,-10,52,32,54
ACN,Accenture,317.57,8,0,-13,12,7,15,24,-9,17,47,54
LEN,Lennar,108.52,21,0,-20,62,63,25,-9,-25,-1,-10,53
CFG,Citizens Financial Group,41.35,13,7,0,2,22,5,24,-10,12,31,53
CARR,Carrier Global,71.04,1,26,0,0,27,21,-1,-19,24,25,52
XEL,Xcel Energy,68.5,-24,-3,41,10,24,-27,-3,49,7,26,50
JNPR,Juniper Networks,35.9,0,14,0,52,66,-2,-5,-27,18,-16,50
HAS,Hasbro,66.31,2,19,4,0,25,9,30,-24,9,24,49
KEYS,Keysight Technologies,161.95,3,19,6,0,28,26,-1,-7,3,21,49
CSGP,CoStar Group,78.54,22,1,0,12,35,25,-18,13,-7,13,48
AMT,American Tower,212.5,0,0,6,0,6,21,2,10,9,42,48
FOX,Fox Corporation (Class B),49.79,-31,18,57,0,44,-18,19,-4,7,4,48
COIN,Coinbase,251.15,-1,18,0,0,17,-5,32,-13,16,30,47
DXCM,Dexcom,86.65,11,23,0,-12,22,7,32,-7,-7,25,47
AEP,American Electric Power,101.78,-15,-8,63,21,61,-23,-17,13,12,-15,46
OTIS,Otis Worldwide,96.06,7,0,0,0,7,21,-3,-4,24,38,45
BA,Boeing,210.78,1,32,4,0,37,-9,32,-7,-9,7,44
WAT,Waters Corporation,351.11,1,1,2,12,16,-1,25,-10,12,26,42
CRM,Salesforce,274.68,7,0,-3,20,24,16,-6,-11,19,18,42
DPZ,Domino's,468.04,0,0,12,8,20,-9,-4,17,16,20,40
LNT,Alliant Energy,60.47,-21,0,58,12,49,-19,-3,-1,11,-12,37
LW,Lamb Weston,55.66,57,7,-62,-6,-4,58,11,-16,-12,41,37
PNW,Pinnacle West Capital,89.09,-28,-4,58,16,42,-27,-15,12,24,-6,36
BEN,Franklin Resources,21.88,8,22,0,-7,23,14,32,-13,-20,13,36
PYPL,PayPal,73.43,22,9,0,-37,-6,23,25,-14,7,41,35
IP,International Paper,47.35,0,-5,0,14,9,4,17,-10,14,25,34
EW,Edwards Lifesciences,77.52,3,31,0,-12,22,-7,32,20,-33,12,34
XOM,ExxonMobil,104.25,7,-14,-3,42,32,-12,-9,-25,48,2,34
TER,Teradyne,85.22,28,0,-19,-4,5,25,20,-13,-3,29,34
HOLX,Hologic,64.33,60,7,-25,0,42,7,14,-25,-5,-9,33
A,Agilent Technologies,115.8,21,0,-13,-3,5,19,22,-10,-3,28,33
CEG,Constellation Energy,298.9,-14,19,6,0,11,-19,34,-11,17,21,32
EXR,Extra Space Storage,149.83,0,16,-3,0,13,2,32,-26,11,19,32
DIS,Walt Disney Company (The),113.89,44,19,5,-39,29,-9,23,-9,-3,2,31
PSA,Public Storage,302.97,0,20,-1,13,32,-20,32,-25,11,-2,30
MPC,Marathon Petroleum,160.12,7,21,0,47,75,-15,25,-49,-6,-45,30
HES,Hess Corporation,136.05,38,-44,-10,53,37,-12,4,-1,1,-8,29
FSLR,First Solar,166.35,10,18,-29,60,59,19,-4,-41,-4,-30,29
SPG,Simon Property Group,162.09,2,1,0,33,36,-14,-7,-5,19,-7,29
PODD,Insulet Corporation,311.77,-16,20,35,2,41,-44,24,4,4,-12,29
MTD,Mettler Toledo,1182.57,25,4,-13,0,16,21,24,-31,-3,11,27
GEHC,GE HealthCare,71.61,27,0,-10,0,17,19,-7,-8,6,10,27
WDAY,"Workday, Inc.",252.74,0,6,0,12,18,7,-5,-13,20,9,27
JNJ,Johnson & Johnson,155.01,7,1,2,5,15,5,7,-4,4,12,27
INCY,Incyte,68.76,39,5,0,-29,15,1,27,-21,5,12,27
BALL,Ball Corporation,53.73,26,19,-25,-9,11,19,31,-32,-3,15,26
HSIC,Henry Schein,70.4,-3,0,-2,0,-5,16,23,-9,1,31,26
OKE,Oneok,81.7,7,-45,-3,52,11,-12,-7,-15,49,15,26
PLD,Prologis,108.81,7,9,-13,0,3,5,30,-10,-3,22,25
MCHP,Microchip Technology,65.23,37,19,-36,0,20,30,25,-45,-5,5,25
QCOM,Qualcomm,149.19,7,4,-15,20,16,26,27,-42,-3,8,24
SW,Smurfit Westrock,43.32,0,0,0,0,0,17,20,-13,0,24,24
VLO,Valero Energy,128.35,0,19,-34,42,27,-12,21,-9,-3,-3,24
GNRC,Generac,127.86,26,3,-10,-32,-13,25,21,-18,8,36,23
CHRW,C.H. Robinson,95.82,0,17,0,0,17,-2,19,-17,6,6,23
AVY,Avery Dennison,179.87,7,18,-25,2,2,25,32,-33,-3,21,23
HSY,Hershey Company (The),161.81,49,-18,-35,-2,-6,64,-15,-4,-17,28,22
MOS,Mosaic Company (The),34.76,-7,39,6,-14,24,-12,32,5,-28,-3,21
AWK,American Water Works,140.07,-21,0,16,0,-5,1,7,12,6,26,21
ALLE,Allegion,139.15,-35,31,0,19,15,7,-1,-22,20,4,19
HST,Host Hotels & Resorts,15.77,7,19,-22,2,6,2,32,-17,-4,13,19
TFC,Truist Financial,40.64,8,1,0,2,11,7,1,-13,12,7,18
TROW,T. Rowe Price,94.28,2,4,-13,-23,-30,23,25,-15,11,44,14
ADBE,Adobe Inc.,416.74,14,17,-26,-4,1,22,24,-30,-3,13,14
UDR,"UDR, Inc.",41.06,2,0,0,0,2,18,-12,-5,11,12,14
IT,Gartner,422.49,-56,0,-11,56,-11,-51,29,-9,55,24,13
SMCI,Supermicro,41.54,1,0,-41,56,16,-9,18,-6,-7,-4,12
BBY,Best Buy,73.0,22,1,-14,-4,5,25,-7,-25,14,7,12
FI,Fiserv,166.71,19,-45,-4,33,3,19,-31,-5,25,8,11
ON,ON Semiconductor,50.18,28,4,-27,0,5,26,25,-33,-13,5,10
O,Realty Income,55.99,0,15,0,5,20,1,1,-24,11,-11,9
FANG,Diamondback Energy,140.67,29,1,-19,45,56,-11,4,-38,-3,-48,8
CHTR,Charter Communications,396.43,0,30,8,-34,4,19,-4,-18,4,1,5
DVA,DaVita,137.88,2,-38,0,18,-18,19,-4,-10,17,22,4
LUV,Southwest Airlines,33.44,2,18,6,-37,-11,7,21,-15,2,15,4
TSLA,"Tesla, Inc.",295.12,-24,1,33,8,18,-38,30,-14,8,-14,4
PFG,Principal Financial Group,76.94,-36,0,-3,53,14,-16,-1,-10,16,-11,3
WST,West Pharmaceutical Services,224.68,21,2,-17,-5,1,23,2,-17,-6,2,3
EG,Everest Group,346.19,3,0,-26,53,30,2,1,-27,-3,-27,3
DD,DuPont,68.11,9,0,-11,17,15,19,-6,-25,-1,-13,2
CPT,Camden Property Trust,115.82,0,9,6,0,15,-9,-8,-5,9,-13,2
ESS,Essex Property Trust,279.12,0,1,0,12,13,-9,-10,-5,12,-12,1
EXC,Exelon,42.62,-28,-8,45,12,21,-27,-18,16,8,-21,0
AVB,AvalonBay Communities,203.13,0,0,0,14,14,2,-12,-18,13,-15,-1
WY,Weyerhaeuser,26.72,22,0,-13,0,9,19,1,-25,-6,-11,-2
INVH,Invitation Homes,33.17,-15,17,0,5,7,-21,-11,11,12,-9,-2
SWKS,Skyworks Solutions,71.58,27,17,-33,-28,-17,27,27,-36,-3,15,-2
AOS,A. O. Smith,64.35,0,0,-32,56,24,19,-5,-38,-3,-27,-3
IEX,IDEX Corporation,183.32,7,8,-18,0,-3,23,-3,-18,-4,-2,-5
FDX,FedEx,219.62,7,0,-16,30,21,-2,-6,-18,-2,-28,-7
CVX,Chevron Corporation,140.18,7,-44,-10,46,-1,-11,2,-2,4,-7,-8
CPRT,Copart,50.1,-87,-10,-3,174,74,-90,-6,-13,26,-83,-9
VLTO,Veralto,100.25,-35,19,0,0,-16,4,26,-23,0,7,-9
KMB,Kimberly-Clark,133.54,-28,-2,0,16,-14,-33,14,-1,24,4,-10
BMY,Bristol Myers Squibb,48.39,49,-44,-5,-3,-3,-12,5,-4,3,-8,-11
CL,Colgate-Palmolive,90.22,-28,-5,-1,21,-13,-27,7,-4,24,0,-13
LULU,Lululemon Athletica,265.29,-7,-1,-1,-1,-10,-7,24,-10,-10,-3,-13
MKC,McCormick & Company,74.22,32,-37,0,-2,-7,4,-15,-4,8,-7,-14
FRT,Federal Realty Investment Trust,96.4,5,1,-13,2,-5,5,-8,-19,12,-10,-15
AMCR,Amcor,9.12,7,-6,-10,0,-9,23,-14,-25,9,-7,-16
DHR,Danaher Corporation,196.03,27,1,-19,0,9,19,-14,-30,-2,-27,-18
EMN,Eastman Chemical Company,78.82,-10,-2,-11,0,-23,-2,19,-25,13,5,-18
PSX,Phillips 66,114.27,0,18,-26,39,31,-16,20,-51,-3,-50,-19
GM,General Motors,47.46,-21,1,0,9,-11,-27,25,-18,11,-9,-20
D,Dominion Energy,55.78,-14,17,4,-32,-25,-19,32,-20,8,1,-24
JBHT,J.B. Hunt,140.14,7,0,-21,-3,-17,22,-3,-18,-8,-7,-24
LVS,Las Vegas Sands,40.21,-10,19,-12,-4,-7,-14,25,-16,-12,-17,-24
EIX,Edison International,53.74,-17,-2,-22,0,-41,-14,-3,-19,48,12,-29
IVZ,Invesco,14.37,-20,0,-10,-4,-34,7,-3,-10,11,5,-29
SBAC,SBA Communications,225.68,-8,0,6,-18,-20,-7,-13,7,3,-10,-30
SJM,J.M. Smucker Company (The),110.88,-14,0,-2,-2,-18,-6,7,7,-21,-13,-31
PPG,PPG Industries,112.63,7,19,-36,-6,-16,19,-2,-27,-6,-16,-32
BLDR,Builders FirstSource,111.61,18,-87,-18,63,-24,24,-9,-22,-1,-8,-32
TPL,Texas Pacific Land Corporation,1113.82,-77,-6,0,56,-27,-2,-6,-10,11,-7,-34
MHK,Mohawk Industries,101.51,6,-13,-16,-9,-32,19,-10,-24,12,-3,-35
VTRS,Viatris,8.7,2,0,-15,-5,-18,-10,-7,-19,17,-19,-37
CCI,Crown Castle,98.94,-7,0,-3,-26,-36,-2,-13,10,3,-2,-38
EPAM,EPAM Systems,178.34,2,0,-16,-25,-39,19,24,-7,-35,1,-38
EQR,Equity Residential,68.49,-22,18,0,11,7,-28,-10,-19,11,-46,-39
WBA,Walgreens Boots Alliance,11.26,4,19,0,-75,-52,12,34,-3,-33,10,-42
COO,Cooper Companies (The),72.33,0,-6,-17,-3,-26,16,-10,-22,-1,-17,-43
GPC,Genuine Parts Company,125.27,-9,17,-3,0,5,-14,31,-50,-15,-48,-43
FE,FirstEnergy,40.64,-56,0,0,53,-3,-27,-4,-23,12,-42,-45
LII,Lennox International,552.1,-81,0,0,36,-45,-9,-3,-13,25,0,-45
F,Ford Motor Company,10.25,3,33,-40,-15,-19,-2,-3,-18,-3,-26,-45
IFF,International Flavors & Fragrances,76.91,8,4,-13,-29,-30,-2,1,-25,9,-17,-47
MTCH,Match Group,31.85,25,3,-16,-35,-23,23,11,-23,-36,-25,-48
NUE,Nucor,121.57,35,1,-45,0,-9,-1,-10,-22,-6,-39,-48
CVS,CVS Health,63.58,2,-3,0,-15,-16,-8,-17,15,-26,-36,-52
PARA,Paramount Global,11.91,-11,20,0,-37,-28,-9,26,2,-43,-24,-52
CDW,CDW Corporation,178.24,0,19,-32,2,-11,-8,26,-53,-6,-41,-52
KDP,Keurig Dr Pepper,32.77,-16,-5,0,0,-21,-27,-22,8,10,-31,-52
SWK,Stanley Black & Decker,66.15,2,0,-19,-37,-54,19,-4,-25,12,2,-52
HRL,Hormel Foods,30.65,48,9,0,-21,36,-16,-28,-17,-28,-89,-53
LKQ,LKQ Corporation,39.08,-17,-2,0,0,-19,-14,-2,-4,-15,-35,-54
ELV,Elevance Health,393.38,5,-18,-34,0,-47,19,-33,8,-1,-7,-54
CRL,Charles River Laboratories,144.74,21,4,-44,-24,-43,26,22,-53,-6,-11,-54
AKAM,Akamai Technologies,77.03,7,0,-16,-5,-14,-9,-11,-16,-8,-44,-58
TGT,Target Corporation,97.32,7,0,-21,-9,-23,7,-10,-29,-4,-36,-59
POOL,Pool Corporation,297.1,-6,-1,-13,-4,-24,-6,-4,-19,-7,-36,-60
AES,AES Corporation,10.89,10,0,-32,-9,-31,42,-7,-43,-22,-30,-61
PFE,Pfizer,23.33,7,0,-23,-21,-37,7,25,-31,-26,-25,-62
CMCSA,Comcast,34.69,3,1,-25,-7,-28,-8,-1,-22,-6,-37,-65
MAA,Mid-America Apartment Communities,149.87,-28,-5,0,0,-33,-28,-12,-5,9,-36,-69
KVUE,Kenvue,21.73,-35,-3,33,0,-5,-75,-4,9,1,-69,-74
BAX,Baxter International,30.25,2,0,-13,-36,-47,17,-7,-4,-39,-33,-80
OXY,Occidental Petroleum,42.55,28,0,-45,0,-17,-2,1,-49,-14,-64,-81
MOH,Molina Healthcare,296.79,-71,-11,-3,0,-85,7,-5,8,-6,4,-81
BIIB,Biogen,133.16,49,0,-74,-25,-50,1,19,-37,-16,-33,-83
WBD,Warner Bros. Discovery,9.81,0,1,2,-40,-37,-16,19,-10,-43,-50,-87
MKTX,MarketAxess,222.22,18,3,-18,-27,-24,12,-12,-22,-42,-64,-88
APTV,Aptiv,66.62,3,19,0,-22,0,7,25,-87,-34,-89,-89
HPQ,HP Inc.,25.18,-56,0,-15,0,-71,-9,-4,-19,14,-18,-89
WYNN,Wynn Resorts,83.27,-45,21,-1,-1,-26,-44,-2,-18,-6,-70,-96
CNC,Centene Corporation,55.14,0,-12,-34,-9,-55,-2,-10,-3,-26,-41,-96
KHC,Kraft Heinz,26.73,2,-32,-32,-2,-64,1,-22,-4,-8,-33,-97
KMX,CarMax,65.69,28,-68,-9,-34,-83,-2,-9,-13,9,-15,-98
DVN,Devon Energy,32.28,14,1,-40,-3,-28,-2,-8,-46,-20,-76,-104
TSN,Tyson Foods,55.29,-14,-24,-1,-26,-65,-27,-24,-1,9,-43,-108
MGM,MGM Resorts,31.83,7,0,-46,0,-39,-2,-7,-53,-7,-69,-108
TAP,Molson Coors Beverage Company,51.97,-70,-30,-3,12,-91,-14,-4,-4,3,-19,-110
REGN,Regeneron Pharmaceuticals,492.89,-42,-6,-31,-2,-81,5,-3,-32,-2,-32,-113
IQV,IQVIA,152.3,27,-80,-30,-4,-87,19,-10,-32,-4,-27,-114
TECH,Bio-Techne,48.7,42,-83,-17,-22,-80,-5,-10,-17,-4,-36,-116
GIS,General Mills,54.77,31,-43,-31,-2,-45,26,-53,-27,-17,-71,-116
INTC,Intel,20.03,0,-14,-59,-18,-91,-2,-8,-7,-10,-27,-118
GPN,Global Payments,76.85,7,-79,-17,-37,-126,24,-5,-14,-8,-3,-129
EL,EstÃ©e Lauder Companies (The),68.45,63,9,-110,-24,-62,-2,22,-55,-33,-68,-130
MRNA,Moderna,27.46,7,-3,-45,-2,-43,-13,7,-45,-37,-88,-131
OMC,Omnicom Group,71.42,0,-123,-17,0,-140,-8,-10,-22,48,8,-132
CPB,Campbell's Company (The),34.48,2,-44,-22,-4,-68,18,-54,-29,-3,-68,-136
LYB,LyondellBasell,56.54,2,-56,-34,-3,-91,18,-10,-48,-5,-45,-136
BDX,Becton Dickinson,173.41,7,-72,-18,-3,-86,17,-46,-9,-13,-51,-137
MRK,Merck & Co.,78.93,21,-47,-37,-2,-65,21,-49,-41,-4,-73,-138
DOC,Healthpeak Properties,17.26,2,-45,-7,-29,-79,4,-48,-22,7,-59,-138
SLB,Schlumberger,33.86,3,-45,-60,0,-102,-12,-9,-11,-8,-40,-142
APA,APA Corporation,18.5,35,1,-75,-10,-49,-2,5,-79,-17,-93,-142
NKE,"Nike, Inc.",62.81,25,0,-67,-19,-61,-1,20,-68,-34,-83,-144
BG,Bunge Global,74.57,-29,0,-34,0,-63,-40,-4,-37,-3,-84,-147
ALGN,Align Technology,180.75,8,4,-57,-23,-68,19,-10,-52,-36,-79,-147
COP,ConocoPhillips,87.18,7,-45,-35,0,-73,-11,-9,-51,-6,-77,-150
RVTY,Revvity,91.97,7,-62,-10,-22,-87,-1,-54,-15,1,-69,-156
PCG,PG&E Corporation,15.64,-77,-3,-20,2,-98,-80,-5,-19,38,-66,-164
ADM,Archer Daniels Midland,47.33,-41,20,-36,-9,-66,-41,-5,-38,-18,-102,-168
CAG,Conagra Brands,22.35,-17,-37,-22,-5,-81,-14,-51,-4,-21,-90,-171
TMO,Thermo Fisher Scientific,401.98,6,-70,-12,-3,-79,-1,-80,-11,-1,-93,-172
ZBH,Zimmer Biomet,92.37,2,-42,-55,-15,-110,19,-12,-54,-16,-63,-173
IPG,Interpublic Group of Companies (The),23.05,-42,-8,-33,0,-83,-42,-10,-30,-15,-97,-180
HUM,Humana,230.48,-1,-26,-79,-10,-116,-10,-29,-10,-18,-67,-183
PEP,PepsiCo,130.01,-7,-44,-32,-1,-84,-7,-53,-29,-11,-100,-184
STZ,Constellation Brands,171.91,-81,-2,-35,-1,-119,-13,-6,-51,-6,-76,-195
UPS,United Parcel Service,98.21,7,-54,-96,-14,-157,-2,19,-24,-32,-39,-196
HAL,Halliburton,20.5,13,-96,-53,-3,-139,7,-11,-52,-7,-63,-202
ARE,Alexandria Real Estate Equities,70.53,7,-52,-27,-28,-100,20,-54,-38,-33,-105,-205
DOW,Dow Inc.,28.52,7,-154,-33,0,-180,19,-10,-48,-6,-45,-225
CLX,Clorox,127.68,-17,-107,-7,-3,-134,-27,-65,-17,11,-98,-232
CZR,Caesars Entertainment,25.73,-81,-2,-16,-23,-122,-49,-6,-25,-35,-115,-237
ALB,Albemarle Corporation,59.82,21,-116,-118,-21,-234,19,-8,-17,-23,-29,-263
BF-B,Brownâ€“Forman,28.1,-80,-6,-93,-16,-195,-14,-5,-25,-26,-70,-265
ENPH,Enphase Energy,41.16,0,-103,-36,-18,-157,-6,-44,-43,-22,-115,-272
