Symbol,Name,Close,1H Cloud Score,1D Cloud Score,1W Cloud Score,1M Cloud Score,Cloud Score Sum,1H TKx Score,1D TKx Score,1W TKx Score,1M TKx Score,TKx Score Sum,Total Score Sum
TJX,TJX Companies,142.55,21,53,157,200,431,23,-3,126,195,341,772
SO,Southern Company,98.41,69,10,85,192,356,61,11,32,81,185,541
ORLY,Oâ€™Reilly Automotive,101.18,-1,0,172,201,372,-7,-4,63,91,143,515
MPWR,Monolithic Power Systems,1026.83,28,110,12,159,309,97,54,19,2,172,481
ATO,Atmos Energy,176.35,123,50,83,47,303,19,12,94,47,172,475
DUK,Duke Energy,127.42,70,10,85,185,350,63,12,31,18,124,474
JPM,JPMorgan Chase,298.57,-5,112,132,160,399,-1,-3,19,28,43,442
WRB,W. R. Berkley Corporation,73.67,-12,36,103,178,305,-6,49,33,57,133,438
COR,Cencora,319.4,44,33,53,77,207,52,42,64,70,228,435
HWM,Howmet Aerospace,191.7,7,27,157,31,222,20,27,101,59,207,429
PLTR,Palantir Technologies,178.12,-3,123,125,0,245,12,21,128,22,183,428
NRG,NRG Energy,169.99,4,25,112,96,237,20,24,122,23,189,426
AAPL,Apple Inc.,247.43,-42,77,7,253,295,-4,45,11,73,125,420
APH,Amphenol,127.38,14,123,28,67,232,12,125,19,29,185,417
ETR,Entergy,96.02,0,20,85,139,244,16,19,98,16,149,393
DTE,DTE Energy,141.51,14,18,83,191,306,19,15,36,15,85,391
AVGO,Broadcom,354.14,28,113,28,118,287,45,-6,19,32,90,377
WELL,Welltower,172.11,2,4,125,60,191,18,-3,142,26,183,374
GOOG,Alphabet Inc. (Class C),251.88,19,99,16,178,312,20,1,13,23,57,369
WMT,Walmart,106.47,22,34,136,103,295,21,2,19,31,73,368
GOOGL,Alphabet Inc. (Class A),251.39,19,99,17,178,313,20,-5,14,23,52,365
NEM,Newmont,98.25,28,134,28,7,197,28,96,28,12,164,361
BSX,Boston Scientific,97.78,14,-25,153,146,288,12,-19,19,59,71,359
RL,Ralph Lauren Corporation,323.28,6,112,103,36,257,14,41,19,28,102,359
L,Loews Corporation,98.17,-13,110,121,57,275,-8,45,19,26,82,357
PPL,PPL Corporation,37.31,27,68,85,25,205,25,14,97,16,152,357
WEC,WEC Energy Group,116.21,70,66,64,15,215,26,23,77,13,139,354
CAT,Caterpillar Inc.,541.06,28,109,17,66,220,20,34,17,59,130,350
ORCL,Oracle Corporation,313.03,42,27,20,200,289,12,-2,19,29,58,347
EVRG,Evergy,77.51,35,91,67,16,209,21,19,86,12,138,347
MCD,McDonald's,305.37,22,0,1,244,267,30,-21,7,59,75,342
ROL,"Rollins, Inc.",55.22,-41,-2,40,288,285,-11,-1,32,37,57,342
MNST,Monster Beverage,70.16,7,49,35,182,273,10,23,28,6,67,340
NEE,NextEra Energy,85.06,133,17,4,2,156,137,13,19,15,184,340
EXC,Exelon,47.36,130,13,64,16,223,89,12,3,12,116,339
BK,BNY Mellon,106.67,10,112,103,42,267,20,2,19,21,62,329
MS,Morgan Stanley,159.99,14,110,85,66,275,14,2,19,18,53,328
GLW,Corning Inc.,86.74,10,109,28,19,166,12,116,17,16,161,327
TPR,"Tapestry, Inc.",116.53,20,110,89,23,242,20,27,17,21,85,327
EME,Emcor,687.55,14,110,26,60,210,12,29,17,59,117,327
KLAC,KLA Corporation,1098.91,8,29,23,179,239,16,23,19,28,86,325
MCK,McKesson Corporation,775.34,40,21,51,60,172,45,38,1,69,153,325
J,Jacobs Solutions,156.07,19,108,15,108,250,18,19,16,21,74,324
YUM,Yum! Brands,143.35,0,-6,0,261,255,12,-5,3,59,69,324
MSI,Motorola Solutions,437.21,-13,-2,10,155,150,-8,-16,10,187,173,323
IBM,IBM,276.01,-34,21,118,56,161,9,29,65,58,161,322
STX,Seagate Technology,228.61,0,110,23,24,157,5,121,19,20,165,322
LLY,Lilly (Eli),819.32,-6,15,0,174,183,5,32,1,98,136,319
ANET,Arista Networks,146.0,-23,95,16,60,148,1,91,15,58,165,313
URI,United Rentals,1005.47,19,110,16,66,211,19,7,17,59,102,313
MMC,Marsh McLennan,186.43,-7,-1,-12,177,157,-14,8,-20,180,154,311
HUBB,Hubbell Incorporated,428.6,20,0,10,184,214,20,-16,15,73,92,306
SRE,Sempra,91.15,-6,65,9,183,251,14,20,17,1,52,303
GD,General Dynamics,330.57,-30,132,17,56,175,-37,87,19,59,128,303
WMB,Williams Companies,62.53,-7,21,121,54,189,10,26,19,59,114,303
PWR,Quanta Services,437.42,28,17,26,101,172,16,21,19,74,130,302
WDC,Western Digital,125.91,0,110,21,20,151,6,121,19,5,151,302
COST,Costco,925.56,0,-21,0,182,161,-3,-32,-11,186,140,301
RTX,RTX Corporation,157.02,-38,109,86,56,213,-40,18,93,16,87,300
GE,GE Aerospace,299.84,4,121,28,29,182,16,32,39,31,118,300
V,Visa Inc.,335.33,-11,-1,146,135,269,-5,10,-2,28,31,300
TEL,TE Connectivity,224.21,9,116,25,64,214,12,31,19,20,82,296
CNP,CenterPoint Energy,39.85,20,64,58,47,189,16,22,52,17,107,296
AZO,AutoZone,4007.14,-3,0,103,88,188,-9,-7,63,59,106,294
CMS,CMS Energy,74.75,106,9,85,25,225,33,12,7,16,68,293
GRMN,Garmin,246.74,-13,83,121,21,212,-5,44,15,23,77,289
DGX,Quest Diagnostics,186.85,18,49,77,20,164,35,-4,77,16,124,288
CBOE,Cboe Global Markets,236.38,-7,-1,153,57,202,-12,13,31,53,85,287
DASH,DoorDash,266.66,-4,109,106,0,211,13,24,19,20,76,287
LHX,L3Harris,284.28,-31,132,21,7,129,-5,125,21,16,157,286
NI,NiSource,43.24,-5,17,83,47,142,12,17,98,16,143,285
ETN,Eaton Corporation,375.47,-6,20,17,116,147,12,27,17,74,130,277
GS,Goldman Sachs,758.55,-45,110,101,60,226,12,-3,19,23,51,277
STE,Steris,240.3,2,1,23,197,223,12,-16,31,27,54,277
CDNS,Cadence Design Systems,324.16,-43,-5,26,143,121,-39,-8,19,182,154,275
WM,Waste Management,213.3,-16,-39,-1,189,133,-23,-2,-3,161,133,266
MA,Mastercard,549.68,-40,-5,135,157,247,-6,-23,19,28,18,265
XEL,Xcel Energy,81.11,0,66,60,14,140,7,35,68,11,121,261
CMI,Cummins,422.68,-34,82,14,67,129,12,73,15,32,132,261
LYV,Live Nation Entertainment,151.68,-3,-7,103,149,242,-3,-15,18,18,18,260
TRV,Travelers Companies (The),261.73,-41,-1,100,60,118,-6,57,33,58,142,260
LRCX,Lam Research,142.41,1,32,18,154,205,19,24,19,-7,55,260
BLK,BlackRock,1171.54,18,109,26,24,177,20,20,19,23,82,259
ADI,Analog Devices,241.65,7,0,20,181,208,19,-15,19,28,51,259
JNJ,Johnson & Johnson,192.09,110,76,17,9,212,12,11,14,8,45,257
IBKR,Interactive Brokers,68.52,-15,21,98,59,163,-3,20,17,59,93,256
TTWO,Take-Two Interactive,259.27,14,33,54,15,116,20,40,54,22,136,252
AMGN,Amgen,295.73,1,12,1,167,181,19,6,7,38,70,251
AMD,Advanced Micro Devices,234.57,86,9,7,112,214,14,11,19,-9,35,249
AME,Ametek,184.53,2,0,13,108,123,18,-14,19,103,126,249
AMAT,Applied Materials,227.72,24,21,4,151,200,18,21,17,-7,49,249
ALL,Allstate,194.94,-42,-2,106,161,223,-14,-1,20,19,24,247
HCA,HCA Healthcare,419.64,0,49,12,99,160,12,17,25,31,85,245
VMC,Vulcan Materials Company,296.22,-7,62,15,62,132,-5,70,19,29,113,245
ABBV,AbbVie,226.91,-24,62,26,60,124,-26,69,12,66,121,245
TT,Trane Technologies,416.09,-7,-1,25,166,183,-3,13,19,31,60,243
GILD,Gilead Sciences,117.87,58,8,60,37,163,19,2,17,41,79,242
MSFT,Microsoft,511.55,-33,0,25,175,167,8,18,19,27,72,239
CTAS,Cintas,184.29,-58,-44,-2,169,65,-7,-6,-2,189,174,239
EBAY,eBay Inc.,91.18,7,0,86,16,109,18,2,91,18,129,238
VTR,Ventas,69.55,7,66,81,24,178,15,13,13,17,58,236
PNR,Pentair,108.71,-13,110,18,64,179,14,-1,17,26,56,235
NFLX,Netflix,1183.22,-5,-3,125,22,139,-23,1,96,22,96,235
HD,Home Depot (The),387.48,2,0,10,182,194,20,-13,11,21,39,233
PNW,Pinnacle West Capital,93.0,95,8,3,20,126,70,11,-2,28,107,233
PEG,Public Service Enterprise Group,84.35,21,0,4,154,179,20,14,-1,19,52,231
LMT,Lockheed Martin,493.0,-14,36,0,167,189,3,38,4,-4,41,230
AJG,Arthur J. Gallagher & Co.,280.27,-42,-2,-1,188,143,-11,-1,-11,109,86,229
AEE,Ameren,105.18,14,18,65,15,112,21,12,70,12,115,227
ALLE,Allegion,177.44,9,122,18,23,172,12,-1,19,24,54,226
HOOD,Robinhood Markets,131.43,-21,112,90,0,181,-26,29,19,20,42,223
CHD,Church & Dwight,87.3,-28,-58,-25,346,235,5,-21,-23,27,-12,223
AEP,American Electric Power,117.51,21,13,82,25,141,21,11,32,16,80,221
ULTA,Ulta Beauty,537.49,-29,120,21,6,118,-32,123,21,-11,101,219
CME,CME Group,262.42,-4,-1,63,138,196,-12,14,-1,21,22,218
SNA,Snap-on,344.32,7,31,7,61,106,16,25,12,59,112,218
TER,Teradyne,139.27,0,81,4,4,89,12,111,12,-7,128,217
PTC,PTC Inc.,202.0,1,0,15,184,200,-2,-26,16,28,16,216
APP,AppLovin,605.64,0,55,114,0,169,14,-4,15,20,45,214
LOW,Lowe's,243.12,6,0,1,168,175,20,-13,10,21,38,213
CAH,Cardinal Health,153.22,-2,15,64,40,117,7,29,1,59,96,213
LDOS,Leidos,184.36,-30,122,11,25,128,-38,79,22,21,84,212
KR,Kroger,68.89,54,-36,88,69,175,19,1,-1,17,36,211
IRM,Iron Mountain,105.8,10,24,5,59,98,12,23,19,58,112,210
FSLR,First Solar,237.7,14,75,4,64,157,12,30,19,-8,53,210
D,Dominion Energy,60.63,-1,108,23,3,133,26,18,19,12,75,208
AXON,Axon Enterprise,652.17,-19,-26,154,96,205,-31,-17,19,32,3,208
WFC,Wells Fargo,84.0,20,3,101,31,155,20,-9,19,21,51,206
FE,FirstEnergy,46.8,0,63,15,57,135,19,17,19,16,71,206
T,AT&T,26.19,0,-12,79,18,85,15,-15,103,17,120,205
JCI,Johnson Controls,109.4,14,3,84,21,122,12,32,19,20,83,205
KO,Coca-Cola Company (The),67.57,25,-39,3,184,173,19,4,-7,16,32,205
NDAQ,"Nasdaq, Inc.",87.92,-5,-18,85,146,208,-5,-34,19,16,-4,204
IVZ,Invesco,22.8,-12,86,16,4,94,-3,82,16,15,110,204
HII,Huntington Ingalls Industries,282.66,-6,149,17,8,168,-8,29,25,-11,35,203
ROST,Ross Stores,155.18,28,53,9,37,127,24,12,8,31,75,202
LH,Labcorp,283.72,9,60,64,17,150,14,1,17,20,52,202
TKO,TKO Group Holdings,187.9,-51,48,80,42,119,16,-6,19,52,81,200
NVDA,Nvidia,181.81,-21,21,23,136,159,-25,19,19,28,41,200
CVS,CVS Health,81.4,35,45,19,1,100,40,49,9,2,100,200
MDT,Medtronic,95.03,-6,77,20,3,94,-13,91,12,15,105,199
AFL,Aflac,106.73,-13,46,10,60,103,-11,45,3,57,94,197
TSCO,Tractor Supply,55.18,18,-16,16,87,105,19,-27,13,87,92,197
AXP,American Express,323.24,0,39,26,101,166,-3,-7,17,23,30,196
CEG,Constellation Energy,396.48,84,15,25,0,124,12,20,19,21,72,196
UNP,Union Pacific Corporation,224.04,-42,0,-2,200,156,-5,18,4,21,38,194
XYL,Xylem Inc.,144.87,-16,110,17,24,135,-5,19,19,24,57,192
PGR,Progressive Corporation,221.76,-39,-90,-2,179,48,-32,-4,-12,191,143,191
HIG,Hartford (The),123.99,-42,-1,103,59,119,-12,-5,30,58,71,190
PANW,Palo Alto Networks,205.53,-11,30,8,83,110,-29,31,19,59,80,190
AIZ,Assurant,207.76,-13,0,10,154,151,-7,13,11,21,38,189
MLM,Martin Marietta Materials,624.04,-4,65,15,62,138,-5,7,19,29,50,188
INTU,Intuit,646.82,-3,-41,26,193,175,-3,-5,-1,22,13,188
LIN,Linde plc,444.08,-44,-6,22,112,84,-11,-12,19,108,104,188
EXPE,Expedia Group,213.57,-3,83,58,13,151,-4,9,15,16,36,187
C,Citigroup,96.26,0,110,28,20,158,-3,-5,19,16,27,185
PSA,Public Storage,306.79,97,15,1,3,116,42,10,19,-2,69,185
LNT,Alliant Energy,67.58,0,18,77,16,111,23,12,19,15,69,180
SYK,Stryker Corporation,369.25,1,-25,2,161,139,14,-22,17,31,40,179
VST,Vistra Corp.,210.4,28,4,28,32,92,20,2,17,47,86,178
CBRE,CBRE Group,155.47,14,0,101,24,139,20,-17,17,16,36,175
JBL,Jabil,209.77,4,-10,28,67,89,14,-8,20,59,85,174
AON,Aon plc,343.18,-29,-6,0,179,144,-7,-27,6,58,30,174
INCY,Incyte,87.34,14,96,12,1,123,17,7,15,9,48,171
RCL,Royal Caribbean Group,298.46,-7,-7,130,30,146,-4,-20,19,29,24,170
HPE,Hewlett Packard Enterprise,22.52,-8,0,10,44,46,9,43,16,56,124,170
RSG,Republic Services,218.24,-14,-56,0,179,109,-11,-81,-10,162,60,169
EA,Electronic Arts,200.35,0,56,13,9,78,24,18,25,23,90,168
EQIX,Equinix,812.59,50,4,-17,36,73,61,23,-17,28,95,168
SPG,Simon Property Group,176.71,-3,79,10,37,123,8,-3,17,23,45,168
CINF,Cincinnati Financial,151.46,-29,0,94,64,129,-41,44,19,17,39,168
BX,Blackstone Inc.,157.96,-3,-1,1,144,141,-2,-9,14,23,26,167
NOC,Northrop Grumman,598.97,-12,77,19,60,144,-30,11,26,14,21,165
NTAP,NetApp,119.37,20,53,7,59,139,20,-7,16,-3,26,165
BKNG,Booking Holdings,4949.0,-14,-14,145,37,154,-10,-27,19,28,10,164
TDY,Teledyne Technologies,561.54,-35,109,61,16,151,-47,24,19,17,13,164
PCAR,Paccar,95.15,0,-7,-31,161,123,12,-13,6,36,41,164
KMI,Kinder Morgan,27.2,-51,0,101,46,96,-3,-1,17,54,67,163
MU,Micron Technology,202.52,9,36,7,24,76,20,45,19,2,86,162
ITW,Illinois Tool Works,246.86,-64,-7,11,180,120,12,-17,16,31,42,162
TSLA,"Tesla, Inc.",428.58,-3,49,7,12,65,14,55,13,12,94,159
WAB,Wabtec,193.6,-3,0,4,51,52,14,13,19,58,104,156
FFIV,"F5, Inc.",295.32,-12,-1,103,16,106,-14,23,19,19,47,153
TDG,TransDigm Group,1248.98,-13,-46,6,159,106,-7,-3,-2,59,47,153
SCHW,Charles Schwab Corporation,93.4,-1,-1,86,13,97,19,1,19,16,55,152
EXPD,Expeditors International,118.25,0,0,1,133,134,16,-13,15,-5,13,147
CSCO,Cisco,69.08,1,2,57,16,76,12,13,19,27,71,147
TMUS,T-Mobile US,226.45,-5,-16,0,141,120,13,-25,1,37,26,146
BAC,Bank of America,50.43,14,43,26,20,103,12,-5,19,16,42,145
SPGI,S&P Global,472.05,-9,-21,-1,174,143,-5,-33,17,23,2,145
STLD,Steel Dynamics,142.65,-6,24,9,57,84,-3,38,19,1,55,139
MO,Altria,64.26,-28,0,79,47,98,-23,10,35,18,40,138
COF,Capital One,203.17,-6,-7,103,23,113,-3,-13,19,20,23,136
DAL,Delta Air Lines,60.4,42,3,10,21,76,16,4,11,28,59,135
NOW,ServiceNow,894.1,-5,-1,0,84,78,20,-8,17,24,53,131
MMM,3M,151.41,-13,-1,83,16,85,16,-6,19,16,45,130
O,Realty Income,59.31,0,54,19,9,82,19,-5,19,15,48,130
UHS,Universal Health Services,204.24,0,42,1,24,67,12,46,3,1,62,129
PLD,Prologis,121.16,14,39,8,1,62,17,38,19,-7,67,129
REG,Regency Centers,71.73,14,0,3,55,72,19,-3,19,21,56,128
BRO,Brown & Brown,87.41,-11,-4,-8,165,142,-31,8,-19,28,-14,128
PHM,PulteGroup,123.87,0,0,10,67,77,16,-13,15,31,49,126
SHW,Sherwin-Williams,331.45,-63,-20,-2,192,107,-4,-23,19,21,13,120
RJF,Raymond James Financial,160.12,-84,-1,101,60,76,12,-5,16,21,44,120
MCO,Moody's Corporation,468.38,-28,-21,3,158,112,-3,-33,17,27,8,120
ED,Consolidated Edison,101.08,0,3,2,49,54,19,12,-13,47,65,119
VRTX,Vertex Pharmaceuticals,408.6,-6,0,-11,106,89,-2,8,-15,39,30,119
PAYX,Paychex,126.49,55,-56,-5,169,163,-4,-49,-10,16,-47,116
HSY,Hershey Company (The),186.7,-5,76,13,0,84,9,30,13,-21,31,115
ADP,Automatic Data Processing,280.36,-41,-33,0,182,108,-4,-46,-3,59,6,114
TRMB,Trimble Inc.,77.88,-3,-6,88,6,85,12,-16,17,14,27,112
FICO,Fair Isaac,1618.93,-48,11,-2,168,129,-48,34,-37,33,-18,111
GWW,W. W. Grainger,955.01,2,-17,-12,96,69,12,-20,-10,59,41,110
WSM,"Williams-Sonoma, Inc.",187.29,0,0,17,67,84,-1,-7,11,23,26,110
KIM,Kimco Realty,21.62,14,-1,3,57,73,18,-16,17,16,35,108
STT,State Street Corporation,112.16,-5,4,26,18,43,17,14,18,16,65,108
VICI,Vici Properties,30.74,-54,-9,67,17,21,16,-21,32,59,86,107
WBD,Warner Bros. Discovery,18.3,0,26,21,0,47,14,26,17,2,59,106
KKR,KKR & Co.,117.5,-7,-16,-2,105,80,-4,-9,15,23,25,105
A,Agilent Technologies,141.07,8,36,3,1,48,12,42,10,-7,57,105
HLT,Hilton Worldwide,257.47,-4,-2,25,66,85,-5,-21,17,28,19,104
EMR,Emerson Electric,128.91,-34,-8,25,66,49,12,-5,19,28,54,103
SMCI,Supermicro,53.82,-3,12,0,60,69,7,23,14,-11,33,102
CMG,Chipotle Mexican Grill,41.77,21,0,-15,82,88,20,9,-13,-2,14,102
FTNT,Fortinet,83.15,-34,0,-2,115,79,-7,25,-11,15,22,101
CRWD,CrowdStrike,482.24,-13,21,54,0,62,-24,22,19,22,39,101
BBY,Best Buy,78.54,26,4,1,1,32,20,44,7,-4,67,99
MAR,Marriott International,258.97,-7,-1,3,60,55,-4,3,16,29,44,99
ROP,Roper Technologies,500.06,-11,-54,-11,184,108,-32,4,-10,28,-10,98
CPRT,Copart,44.05,-7,-23,-22,178,126,-5,-22,-32,30,-29,97
BR,Broadridge Financial Solutions,226.24,-15,-24,0,147,108,-5,-32,-1,27,-11,97
DLR,Digital Realty,173.98,9,4,6,24,43,14,-1,19,21,53,96
MET,MetLife,77.82,-13,0,4,60,51,-5,13,17,20,45,96
VRSN,Verisign,259.63,-7,-12,45,11,37,-2,-10,61,9,58,95
PM,Philip Morris International,155.96,-2,-24,79,57,110,-11,-30,-3,29,-15,95
INTC,Intel,36.83,-3,46,4,0,47,8,45,9,-14,48,95
PFG,Principal Financial Group,78.4,-34,-1,6,57,28,-3,34,16,20,67,95
PG,Procter & Gamble,149.63,-52,-19,-15,181,95,7,-13,-23,28,-1,94
DD,DuPont,78.11,2,4,3,21,30,14,39,16,-5,64,94
NXPI,NXP Semiconductors,217.41,0,-5,0,65,60,15,9,16,-7,33,93
EQT,EQT Corporation,53.23,-37,0,50,44,57,12,14,-2,12,36,93
PH,Parker Hannifin,726.17,-42,-1,26,67,50,-3,-6,19,32,42,92
AWK,American Water Works,143.21,21,1,35,1,58,12,8,3,10,33,91
DELL,Dell Technologies,151.31,-3,14,5,34,50,8,19,19,-6,40,90
APO,Apollo Global Management,120.84,-3,-17,-4,99,75,-2,-9,-2,28,15,90
ES,Eversource Energy,71.35,-12,20,24,2,34,7,24,19,4,54,88
CHRW,C.H. Robinson,125.96,-43,78,12,4,51,12,-4,15,10,33,84
MAS,Masco,68.03,0,-6,-6,67,55,16,-20,10,23,29,84
HON,Honeywell,203.14,-13,-45,0,180,122,-4,-57,-2,24,-39,83
ECL,Ecolab,270.63,-12,0,25,24,37,-4,10,19,21,46,83
F,Ford Motor Company,11.74,0,4,11,0,15,12,44,19,-7,68,83
NVR,"NVR, Inc.",7603.58,-1,-6,-2,67,58,-2,-17,12,31,24,82
VLO,Valero Energy,156.37,-15,39,9,46,79,-5,-5,18,-7,1,80
NDSN,Nordson Corporation,232.14,0,40,3,3,46,12,11,19,-9,33,79
META,Meta Platforms,712.06,-4,-13,26,31,40,8,-11,17,25,39,79
IDXX,Idexx Laboratories,637.28,19,0,23,6,48,20,1,19,-10,30,78
ROK,Rockwell Automation,348.02,10,4,24,17,55,19,-2,19,-13,23,78
XOM,ExxonMobil,110.65,-36,0,6,46,16,-5,-5,18,52,60,76
FDX,FedEx,236.87,0,4,-2,34,36,14,20,11,-6,39,75
GNRC,Generac,192.65,47,2,12,-36,25,20,2,16,12,50,75
EXR,Extra Space Storage,151.96,28,4,1,1,34,20,4,1,15,40,74
DRI,Darden Restaurants,187.46,0,-21,1,63,43,19,-16,-5,32,30,73
DOV,Dover Corporation,166.17,7,-35,-12,108,68,12,-26,-2,21,5,73
FAST,Fastenal,41.97,-61,-4,58,108,101,-51,-25,22,25,-29,72
SNPS,Synopsys,440.56,-35,-27,-6,182,114,-34,2,-3,-7,-42,72
GL,Globe Life,133.6,-7,0,54,16,63,-5,-9,13,10,9,72
GM,General Motors,57.34,0,3,16,13,32,12,-5,16,15,38,70
CSX,CSX Corporation,35.96,9,14,5,6,34,12,13,19,-8,36,70
CVX,Chevron Corporation,151.72,0,0,16,50,66,-3,-12,10,8,3,69
SYF,Synchrony Financial,70.26,1,-1,26,23,49,-4,-13,17,20,20,69
APTV,Aptiv,83.5,0,47,10,-26,31,12,43,19,-38,36,67
FCX,Freeport-McMoRan,41.72,0,-5,2,60,57,-5,4,19,-8,10,67
AOS,A. O. Smith,69.36,0,-5,0,60,55,12,-13,19,-7,11,66
TPL,Texas Pacific Land Corporation,937.81,1,0,-18,60,43,12,10,-14,15,23,66
WST,West Pharmaceutical Services,267.19,0,30,0,-9,21,13,31,10,-10,44,65
WAT,Waters Corporation,334.93,85,7,-14,1,79,-7,6,-29,16,-14,65
PODD,Insulet Corporation,316.32,0,0,54,6,60,-8,-19,23,8,4,64
TXT,Textron,81.65,-37,0,3,55,21,-4,34,19,-7,42,63
UBER,Uber,92.51,-39,29,27,1,18,-5,-3,25,28,45,63
CB,Chubb Limited,268.27,-14,-1,-1,60,44,-39,12,-13,58,18,62
WTW,Willis Towers Watson,327.79,-42,0,17,26,1,-6,26,9,31,60,61
IQV,IQVIA,205.78,10,13,3,0,26,25,7,11,-8,35,61
NTRS,Northern Trust,124.58,-7,-1,25,13,30,-3,-4,19,15,27,57
NSC,Norfolk Southern,288.49,-43,24,20,6,7,-4,18,19,16,49,56
ABT,Abbott Laboratories,127.63,-14,0,65,15,66,-31,-2,5,16,-12,54
CCL,Carnival,28.21,-3,-4,26,0,19,12,-15,17,21,35,54
QCOM,Qualcomm,164.09,2,4,0,24,30,18,-5,17,-7,23,53
BG,Bunge Global,95.35,14,2,1,1,18,12,10,19,-7,34,52
LEN,Lennar,122.87,0,-6,-6,66,54,12,-20,10,-5,-3,51
EXE,Expand Energy,98.61,-40,0,50,0,10,9,28,-8,12,41,51
AMP,Ameriprise Financial,467.8,-17,-34,-1,66,14,-5,-30,-1,73,37,51
CFG,Citizens Financial Group,48.38,-45,0,17,6,-22,-4,45,16,16,73,51
SYY,Sysco,78.81,0,0,16,5,21,-2,-1,16,16,29,50
USB,U.S. Bancorp,45.62,-5,-1,9,6,9,18,-11,16,17,40,49
PEP,PepsiCo,152.7,41,5,0,0,46,33,-24,8,-15,2,48
UAL,United Airlines Holdings,98.19,-6,0,10,13,17,16,-16,13,18,31,48
ALB,Albemarle Corporation,95.3,28,26,1,-25,30,14,17,13,-27,17,47
K,Kellanova,82.9,2,14,3,23,42,-2,8,-16,15,5,47
RMD,ResMed,270.09,-33,-3,26,15,5,2,7,18,15,42,47
EG,Everest Group,340.89,-14,0,-2,57,41,-5,14,3,-7,5,46
ADM,Archer Daniels Midland,63.01,13,10,11,0,34,11,3,19,-22,11,45
MTD,Mettler Toledo,1359.84,7,12,3,0,22,12,5,13,-7,23,45
MPC,Marathon Petroleum,181.13,-56,36,8,51,39,-3,-1,19,-10,5,44
HAS,Hasbro,74.4,2,-6,23,5,24,12,-24,19,13,20,44
BRK-B,Berkshire Hathaway,488.74,-41,0,0,64,23,-3,10,-14,28,21,44
CCI,Crown Castle,98.07,45,0,1,-30,16,14,10,-4,7,27,43
PSX,Phillips 66,128.33,-4,0,4,43,43,-5,-6,18,-7,0,43
DE,Deere & Company,457.17,2,-40,1,111,74,12,-53,-2,12,-31,43
DHR,Danaher Corporation,210.92,0,12,0,0,12,17,7,12,-6,30,42
DDOG,Datadog,151.14,-3,15,8,0,20,-24,27,16,1,20,40
NCLH,Norwegian Cruise Line Holdings,22.84,-5,-1,9,0,3,17,-14,12,22,37,40
LUV,Southwest Airlines,33.29,20,3,10,-41,-8,18,6,17,6,47,39
MCHP,Microchip Technology,65.36,7,0,1,0,8,20,-1,19,-9,29,37
FOXA,Fox Corporation (Class A),56.99,-65,-2,77,3,13,-5,-4,17,16,24,37
PKG,Packaging Corporation of America,205.36,-63,0,4,63,4,-3,-8,12,28,29,33
TMO,Thermo Fisher Scientific,536.38,6,13,3,0,22,7,5,4,-5,11,33
AIG,American International Group,77.04,-11,-1,-1,55,42,-35,10,-9,23,-11,31
VTRS,Viatris,10.09,2,1,1,0,4,14,4,11,-3,26,30
WDAY,"Workday, Inc.",227.6,-14,22,-19,16,5,12,30,-13,-4,25,30
COIN,Coinbase,330.16,-21,0,18,0,-3,-26,21,18,20,33,30
FOX,Fox Corporation (Class B),51.27,-65,-5,76,3,9,-5,-4,16,11,18,27
OTIS,Otis Worldwide,90.66,0,0,-13,0,-13,12,22,-23,28,39,26
HST,Host Hotels & Resorts,16.18,0,-1,7,4,10,19,-12,17,-8,16,26
BKR,Baker Hughes,44.64,-56,0,13,37,-6,-5,-5,13,28,31,25
PCG,PG&E Corporation,16.51,20,15,-39,3,-1,16,9,2,-3,24,23
HOLX,Hologic,68.48,1,2,0,0,3,7,10,12,-9,20,23
DOC,Healthpeak Properties,18.45,0,31,-2,-33,-4,12,-1,3,11,25,21
FRT,Federal Realty Investment Trust,98.06,2,2,1,3,8,18,-13,10,-3,12,20
GEHC,GE HealthCare,73.38,0,-5,-2,0,-7,14,-5,8,10,27,20
JBHT,J.B. Hunt,169.7,7,1,1,0,9,8,6,9,-12,11,20
GEV,GE Vernova,602.0,-7,0,5,0,-2,-5,6,20,0,21,19
LW,Lamb Weston,64.94,2,15,0,-10,7,9,7,12,-16,12,19
TRGP,Targa Resources,146.24,-42,-6,-2,53,3,-33,-6,-2,56,15,18
ON,ON Semiconductor,53.0,10,0,0,-3,7,20,-8,15,-17,10,17
BIIB,Biogen,142.27,-35,46,0,-29,-18,-4,53,6,-20,35,17
GPC,Genuine Parts Company,133.78,0,0,10,0,10,17,-10,19,-19,7,17
AES,AES Corporation,14.81,2,12,0,-13,1,14,13,15,-26,16,17
AMZN,Amazon,214.47,-22,-5,26,23,22,-26,-18,16,22,-6,16
ICE,Intercontinental Exchange,153.33,-84,-34,0,163,45,-12,-40,-1,23,-30,15
CRL,Charles River Laboratories,175.0,7,12,1,-28,-8,11,7,15,-10,23,15
MHK,Mohawk Industries,126.98,16,0,0,-13,3,19,-16,11,-3,11,14
BLDR,Builders FirstSource,122.93,-7,-5,-37,67,18,12,-21,9,-5,-5,13
TECH,Bio-Techne,61.61,7,13,0,-26,-6,14,7,4,-8,17,11
IP,International Paper,46.65,21,-33,0,18,6,14,-25,-3,18,4,10
VZ,Verizon,40.37,0,-9,0,12,3,12,-30,9,16,7,10
PSKY,Paramount Skydance Corporation,16.9,-67,46,10,-41,-52,-4,39,21,3,59,7
CRM,Salesforce,246.0,7,0,-22,24,9,2,1,-30,23,-4,5
EL,EstÃ©e Lauder Companies (The),96.83,19,4,1,-28,-4,21,7,17,-37,8,4
CI,Cigna,291.0,-14,-1,-2,60,43,-33,7,-12,-3,-41,2
PRU,Prudential Financial,99.83,-7,-13,-22,57,15,-4,-23,13,-1,-15,0
SOLV,Solventum,71.45,-3,-8,0,0,-11,-4,-1,15,0,10,-1
ACGL,Arch Capital Group,86.22,-14,-2,-17,64,31,-37,8,-1,-2,-32,-1
APA,APA Corporation,23.0,-42,50,1,-14,-5,12,-1,14,-21,4,-1
DHI,D. R. Horton,152.91,-56,-1,0,67,10,-5,-16,13,-4,-12,-2
DG,Dollar General,103.86,28,-20,0,-19,-11,40,-35,31,-28,8,-3
UNH,UnitedHealth Group,356.38,-6,32,-27,0,-1,-3,44,-40,-3,-2,-3
NWSA,News Corp (Class A),25.9,-84,-11,-2,60,-37,-4,-4,19,23,34,-3
KDP,Keurig Dr Pepper,27.73,35,-38,-8,0,-11,15,-32,27,-2,8,-3
BXP,"BXP, Inc.",70.38,-54,0,7,0,-47,14,-6,19,15,42,-5
HBAN,Huntington Bancshares,15.36,-61,-7,18,23,-27,-4,-11,19,18,22,-5
DECK,Deckers Brands,99.07,0,-16,-33,95,46,-5,-16,-29,-1,-51,-5
ADSK,Autodesk,299.78,-56,-1,8,16,-33,-5,-8,19,21,27,-6
IPG,Interpublic Group of Companies (The),26.33,-7,3,0,0,-4,12,-3,7,-19,-3,-7
EIX,Edison International,56.72,20,3,-41,0,-18,19,-15,9,-3,10,-8
MDLZ,Mondelez International,61.6,0,0,-2,0,-2,15,-6,-4,-11,-6,-8
RF,Regions Financial Corporation,23.34,-61,-2,16,24,-23,-5,-13,17,16,15,-8
SWKS,Skyworks Solutions,74.5,2,2,0,-32,-28,16,-8,16,-7,17,-11
IR,Ingersoll Rand,75.82,-52,-6,-2,25,-35,-3,29,-1,-2,23,-12
XYZ,"Block, Inc.",74.55,-5,0,3,-38,-40,10,6,13,-1,28,-12
SW,Smurfit Westrock,41.32,-5,-25,-6,18,-18,-3,-19,9,19,6,-12
EFX,Equifax,227.25,-42,-11,-13,18,-48,7,-11,19,20,35,-13
DIS,Walt Disney Company (The),109.89,-11,-25,24,-2,-14,-3,-21,19,5,0,-14
ZBRA,Zebra Technologies,294.01,1,-19,0,-9,-27,12,-12,13,-1,12,-15
FANG,Diamondback Energy,139.48,-39,-5,-38,49,-33,-4,15,13,-7,17,-16
HPQ,HP Inc.,27.22,27,0,-34,0,-7,-1,-15,8,-3,-11,-18
TROW,T. Rowe Price,103.16,-7,-1,3,-27,-32,-3,2,15,-2,12,-20
DAY,Dayforce,68.31,-47,43,9,-14,-9,-4,-15,9,-2,-12,-21
KEYS,Keysight Technologies,162.34,-57,0,7,0,-50,10,-5,17,7,29,-21
NWS,News Corp (Class B),29.47,-84,-12,0,60,-36,-3,-4,-2,23,14,-22
EQR,Equity Residential,61.49,-7,-11,-5,15,-8,-4,-15,-12,15,-16,-24
KMB,Kimberly-Clark,119.69,-5,-25,-8,20,-18,17,-32,-20,28,-7,-25
OMC,Omnicom Group,77.24,-7,3,-36,3,-37,12,-3,6,-3,12,-25
EOG,EOG Resources,106.63,-15,-20,-7,47,5,-6,-23,-1,-1,-31,-26
TFC,Truist Financial,41.07,-54,-5,10,6,-43,-7,-8,16,16,17,-26
KEY,KeyCorp,16.78,-61,-2,17,6,-40,-7,-13,17,15,12,-28
CTVA,Corteva,61.0,-44,-24,62,1,-5,-41,-16,19,13,-25,-30
WYNN,Wynn Resorts,115.91,-70,0,17,5,-48,8,-2,19,-10,15,-33
HAL,Halliburton,21.81,-49,36,-2,-1,-16,-5,-5,4,-11,-17,-33
VRSK,Verisk Analytics,229.1,-7,-58,-5,116,46,-75,-24,-11,30,-80,-34
REGN,Regeneron Pharmaceuticals,569.43,0,0,-50,0,-50,18,-1,5,-6,16,-34
CTRA,Coterra,22.58,-34,-6,-14,46,-8,-3,-19,-21,15,-28,-36
ZBH,Zimmer Biomet,99.94,14,0,-6,-19,-11,14,-23,3,-20,-26,-37
DPZ,Domino's,416.99,0,-52,-5,12,-45,12,-22,-4,20,6,-39
MSCI,MSCI Inc.,533.07,-34,-5,-1,16,-24,-36,-17,16,22,-15,-39
NUE,Nucor,132.63,-13,-5,0,0,-18,-5,-22,16,-10,-21,-39
JKHY,Jack Henry & Associates,152.98,51,-55,-12,-2,-18,61,-86,-12,13,-24,-42
CPT,Camden Property Trust,101.86,0,-17,-4,-1,-22,-5,-18,-12,13,-22,-44
ELV,Elevance Health,348.18,0,11,-53,0,-42,4,18,-19,-5,-2,-44
RVTY,Revvity,93.95,14,1,-29,-26,-40,17,12,-34,-1,-6,-46
LVS,Las Vegas Sands,49.13,-42,-4,15,0,-31,9,-24,16,-16,-15,-46
DLTR,Dollar Tree,94.03,28,-29,1,-17,-17,-2,-38,34,-24,-30,-47
MTB,M&T Bank,178.61,-91,-7,10,24,-64,-7,-9,17,16,17,-47
SBUX,Starbucks,84.35,7,-32,-10,0,-35,18,-40,-2,9,-15,-50
GEN,Gen Digital,26.47,-92,-24,24,18,-74,12,-26,19,18,23,-51
VLTO,Veralto,101.89,-53,-6,11,0,-48,-5,-16,18,0,-3,-51
BA,Boeing,211.88,-37,-6,17,0,-26,-7,-24,19,-13,-25,-51
ABNB,Airbnb,122.89,21,-50,-12,0,-41,21,-24,-2,-7,-12,-53
FITB,Fifth Third Bancorp,40.39,-100,-2,9,24,-69,-5,-13,16,18,16,-53
CPAY,Corpay,277.45,-11,-54,-7,23,-49,-5,-23,-4,27,-5,-54
TAP,Molson Coors Beverage Company,47.05,19,-27,-22,-2,-32,33,-29,-23,-5,-24,-56
TYL,Tyler Technologies,496.53,-4,-39,-3,19,-27,-10,-41,-2,20,-33,-60
TXN,Texas Instruments,175.49,-67,-32,0,24,-75,5,-28,19,18,14,-61
BEN,Franklin Resources,22.09,-33,-9,17,0,-25,-5,-27,19,-24,-37,-62
CF,CF Industries,83.01,-39,-2,6,6,-29,-40,-1,-2,10,-33,-62
IEX,IDEX Corporation,165.0,1,0,-37,-4,-40,12,7,-37,-8,-26,-66
LII,Lennox International,523.63,-34,-38,-6,40,-38,-2,-51,-4,29,-28,-66
COO,Cooper Companies (The),71.57,7,1,-36,-7,-35,4,10,-41,-5,-32,-67
NKE,"Nike, Inc.",66.84,-3,-8,0,-23,-34,16,-28,16,-38,-34,-68
ESS,Essex Property Trust,257.71,-67,-11,-3,16,-65,-5,-3,-12,16,-4,-69
OKE,Oneok,67.22,-57,-54,-22,56,-77,-5,-6,-34,53,8,-69
DVN,Devon Energy,32.02,-42,-5,-2,-7,-56,-5,-6,18,-24,-17,-73
FTV,Fortive,48.69,-34,0,-30,0,-64,-3,26,-26,-7,-10,-74
MTCH,Match Group,32.34,0,-9,1,-39,-47,16,-17,14,-40,-27,-74
INVH,Invitation Homes,28.44,2,-60,-17,0,-75,21,-25,-12,16,0,-75
CL,Colgate-Palmolive,78.09,0,-71,-15,25,-61,12,-32,-23,28,-15,-76
PYPL,PayPal,66.07,-30,-2,-12,-41,-85,-32,18,12,11,9,-76
TSN,Tyson Foods,52.15,-7,-9,-10,-30,-56,12,-25,-20,13,-20,-76
AMCR,Amcor,8.15,19,-45,-10,0,-36,27,-54,-10,-4,-41,-77
APD,Air Products,253.17,-49,-18,-4,0,-71,-7,-23,11,12,-7,-78
AMT,American Tower,191.44,8,-52,-6,-2,-52,14,-51,-4,13,-28,-80
SJM,J.M. Smucker Company (The),103.93,-49,-4,-3,-6,-62,7,-7,7,-25,-18,-80
CTSH,Cognizant,65.47,-13,-56,-12,16,-65,-5,-21,-12,20,-18,-83
GPN,Global Payments,83.65,-5,0,-36,-41,-82,-1,4,7,-12,-2,-84
LKQ,LKQ Corporation,29.82,0,-24,-15,-4,-43,18,-17,-23,-19,-41,-84
MOH,Molina Healthcare,188.6,-30,0,-22,-4,-56,-38,36,-18,-10,-30,-86
HUM,Humana,267.34,-21,0,-1,-14,-36,-36,2,5,-22,-51,-87
DXCM,Dexcom,66.34,-3,-38,-8,-16,-65,12,-21,-3,-11,-23,-88
BDX,Becton Dickinson,185.32,-31,0,-37,-7,-75,-5,7,2,-17,-13,-88
UDR,"UDR, Inc.",35.93,0,-55,-7,-2,-64,-3,-23,-14,15,-25,-89
MOS,Mosaic Company (The),29.42,-42,-5,25,-18,-40,-40,-5,24,-32,-53,-93
MRNA,Moderna,27.13,-3,0,-64,-6,-73,9,15,-4,-41,-21,-94
AVB,AvalonBay Communities,184.48,-79,-9,-12,18,-82,-5,-9,-16,17,-13,-95
EW,Edwards Lifesciences,72.64,-49,-12,0,-16,-77,3,-23,39,-37,-18,-95
SLB,Schlumberger,32.94,0,-8,-79,-1,-88,12,-15,-2,-12,-17,-105
TTD,Trade Desk (The),49.9,-23,-49,-36,-3,-111,1,9,-2,-2,6,-105
EMN,Eastman Chemical Company,60.15,0,-19,-30,-3,-52,14,-21,-44,-4,-55,-107
PPG,PPG Industries,101.0,0,-19,-55,-10,-84,12,-25,-2,-10,-25,-109
BMY,Bristol Myers Squibb,43.4,-58,-11,-9,-7,-85,-5,-3,-23,7,-24,-109
TGT,Target Corporation,90.07,14,-35,-40,-13,-74,16,-41,-2,-8,-35,-109
FIS,Fidelity National Information Services,65.82,-13,-52,-11,-39,-115,-7,6,-6,13,6,-109
CPB,Campbell's Company (The),30.7,0,-7,-41,-8,-56,9,-8,-48,-7,-54,-110
SBAC,SBA Communications,197.38,14,-52,-8,-22,-68,18,-52,-7,-1,-42,-110
IT,Gartner,236.28,-15,-87,-30,0,-132,-7,-2,-28,59,22,-110
KVUE,Kenvue,14.1,-6,-38,-7,0,-51,-5,-48,-12,5,-60,-111
DVA,DaVita,125.21,-65,-38,-12,22,-93,14,-24,-29,21,-18,-111
PNC,PNC Financial Services,178.24,-98,-6,11,16,-77,-54,-13,16,16,-35,-112
MRK,Merck & Co.,83.86,-15,13,-56,0,-58,-57,7,4,-8,-54,-112
ARE,Alexandria Real Estate Equities,75.27,0,-7,-46,-32,-85,14,-9,4,-37,-28,-113
ISRG,Intuitive Surgical,434.69,-37,-56,-12,24,-81,9,-64,-7,28,-34,-115
CARR,Carrier Global,56.74,-42,-53,-8,0,-103,12,-49,-3,28,-12,-115
MGM,MGM Resorts,31.67,-76,-13,-2,0,-91,-4,-25,16,-11,-24,-115
CNC,Centene Corporation,35.63,-32,0,-53,-13,-98,-6,40,-22,-30,-18,-116
HSIC,Henry Schein,62.02,-63,-17,-14,-2,-96,-3,-18,-4,5,-20,-116
CHTR,Charter Communications,255.34,-42,-1,-13,-38,-94,-6,-1,-13,-3,-23,-117
BALL,Ball Corporation,48.06,0,-44,-12,-13,-69,12,-52,-2,-7,-49,-118
ZTS,Zoetis,143.36,0,-28,-44,-5,-77,1,-29,-11,-7,-46,-123
ERIE,Erie Indemnity,311.98,-9,-33,-26,41,-27,-21,-37,-44,-1,-103,-130
CLX,Clorox,117.6,-21,-9,-26,-7,-63,-19,-13,-36,-1,-69,-132
CDW,CDW Corporation,151.1,0,-52,-51,0,-103,-1,-17,-2,-10,-30,-133
PAYC,Paycom,200.49,-23,-38,0,-26,-87,-3,-41,-3,1,-46,-133
PFE,Pfizer,24.23,-42,-3,0,-25,-70,-57,7,16,-30,-64,-134
COP,ConocoPhillips,86.9,-77,-7,-3,0,-87,-42,-6,11,-10,-47,-134
SWK,Stanley Black & Decker,67.91,-55,-6,-38,-41,-140,12,-13,8,-4,3,-137
AVY,Avery Dennison,159.35,-34,-38,-44,0,-116,12,-29,-4,-7,-28,-144
KHC,Kraft Heinz,25.12,0,-29,-51,-2,-82,18,-47,-23,-12,-64,-146
AKAM,Akamai Technologies,72.99,-44,-6,-35,-9,-94,8,-17,-35,-12,-56,-150
DOW,Dow Inc.,21.9,0,-19,-52,-3,-74,14,-13,-67,-10,-76,-150
POOL,Pool Corporation,290.14,-63,-17,-32,-8,-120,-7,-13,-1,-11,-32,-152
IFF,International Flavors & Fragrances,62.59,17,-56,-32,-33,-104,18,-22,-44,-3,-51,-155
CAG,Conagra Brands,18.27,-39,-9,-41,-9,-98,14,-28,-23,-25,-62,-160
FDS,FactSet,277.82,-5,-63,-14,-2,-84,-5,-59,-12,-3,-79,-163
MKC,McCormick & Company,66.61,0,-71,-15,-4,-90,7,-70,-23,12,-74,-164
ACN,Accenture,234.07,-29,-71,-32,-2,-134,-31,6,-28,21,-32,-166
FI,Fiserv,118.0,-45,-69,-23,37,-100,-42,-29,-24,29,-66,-166
GDDY,GoDaddy,128.01,-44,-70,-12,24,-102,-45,-17,-28,24,-66,-168
CSGP,CoStar Group,74.33,-63,-17,-2,-1,-83,-54,-40,-1,1,-94,-177
ODFL,Old Dominion,138.14,-34,-56,-35,0,-125,8,-30,-40,-3,-65,-190
KMX,CarMax,43.26,-51,-20,-28,-38,-137,-4,-18,-32,-2,-56,-193
HRL,Hormel Foods,23.75,0,-65,-19,-25,-109,12,-61,-6,-32,-87,-196
WY,Weyerhaeuser,23.65,-55,-25,-32,-1,-113,-5,-29,-44,-10,-88,-201
OXY,Occidental Petroleum,41.04,-77,-6,-64,0,-147,-47,-4,15,-18,-54,-201
ADBE,Adobe Inc.,329.12,-35,-12,-45,-8,-100,-40,-5,-49,-7,-101,-201
STZ,Constellation Brands,139.3,-14,-38,-54,-5,-111,-27,4,-70,-10,-103,-214
BAX,Baxter International,22.96,1,-71,-32,-40,-142,16,-24,-23,-43,-74,-216
GIS,General Mills,47.72,-49,-4,-50,-6,-109,-44,-3,-46,-21,-114,-223
ALGN,Align Technology,129.84,0,-55,-76,-27,-158,16,-29,-12,-40,-65,-223
LULU,Lululemon Athletica,164.63,-55,-92,-20,-5,-172,-7,-1,-29,-14,-51,-223
BF-B,Brownâ€“Forman,28.28,6,-32,-112,-20,-158,4,-5,-44,-30,-75,-233
EPAM,EPAM Systems,142.23,-55,-27,-35,-29,-146,-7,-25,-26,-39,-97,-243
MAA,Mid-America Apartment Communities,131.41,-112,-56,-6,-1,-175,-45,-20,-17,13,-69,-244
CMCSA,Comcast,29.26,-88,-57,-44,-11,-200,-5,-21,-11,-10,-47,-247
UPS,United Parcel Service,85.65,2,-57,-115,-18,-188,10,8,-43,-36,-61,-249
LYB,LyondellBasell,45.85,-46,-54,-53,-7,-160,-3,-19,-67,-9,-98,-258
