Symbol,Name,Close,1H Cloud Score,1D Cloud Score,1W Cloud Score,1M Cloud Score,Cloud Score Sum,1H TKx Score,1D TKx Score,1W TKx Score,1M TKx Score,TKx Score Sum,Total Score Sum
TJX,TJX Companies,139.75,-24,36,154,199,365,-15,40,123,194,342,707
JPM,JPMorgan Chase,312.75,64,95,129,159,447,67,20,16,27,130,577
GS,Goldman Sachs,806.66,86,93,98,59,336,77,104,16,22,219,555
ORLY,Oâ€™Reilly Automotive,103.73,-35,47,169,200,381,-40,53,60,90,163,544
STX,Seagate Technology,228.17,154,93,20,23,290,103,104,16,19,242,532
GLW,Corning Inc.,81.02,154,92,25,18,289,103,99,14,15,231,520
AAPL,Apple Inc.,254.53,44,60,4,252,360,49,28,8,72,157,517
GOOGL,Alphabet Inc. (Class A),251.68,154,82,14,177,427,-4,56,11,22,85,512
WDC,Western Digital,110.26,154,93,18,19,284,103,104,16,4,227,511
GOOG,Alphabet Inc. (Class C),252.33,154,82,13,177,426,-4,56,10,22,84,510
WELL,Welltower,172.56,7,90,122,59,278,16,51,139,25,231,509
MS,Morgan Stanley,160.76,79,93,82,65,319,28,104,16,17,165,484
HWM,Howmet Aerospace,193.52,98,10,154,30,292,19,10,98,58,185,477
APP,AppLovin,651.07,148,38,111,0,297,103,46,12,19,180,477
PLTR,Palantir Technologies,182.56,77,106,122,0,305,22,4,125,21,172,477
BK,BNY Mellon,108.67,63,95,100,41,299,31,99,16,20,166,465
WRB,W. R. Berkley Corporation,74.15,19,19,100,177,315,27,32,30,56,145,460
APH,Amphenol,125.48,88,106,25,66,285,21,108,16,28,173,458
IBM,IBM,272.24,99,4,115,55,273,41,12,62,57,172,445
KLAC,KLA Corporation,1071.44,91,12,20,178,301,92,6,16,27,141,442
C,Citigroup,103.04,81,93,25,19,218,77,103,16,15,211,429
CDNS,Cadence Design Systems,366.3,32,4,23,142,201,25,1,16,181,223,424
MSI,Motorola Solutions,470.53,-34,48,7,154,175,-9,58,7,186,242,417
FAST,Fastenal,47.99,7,115,129,107,358,12,-8,22,27,53,411
RTX,RTX Corporation,160.54,49,92,83,55,279,11,1,90,15,117,396
MCD,McDonald's,302.94,0,29,58,243,330,5,-4,4,58,63,393
CAT,Caterpillar Inc.,471.36,63,92,14,65,234,70,17,14,58,159,393
MPWR,Monolithic Power Systems,914.44,35,93,9,158,295,40,37,16,1,94,389
SO,Southern Company,93.71,14,0,82,191,287,11,-18,29,80,102,389
NRG,NRG Energy,167.43,14,8,109,95,226,12,7,119,22,160,386
HUBB,Hubbell Incorporated,435.21,-5,91,7,183,276,4,22,12,72,110,386
LRCX,Lam Research,131.92,87,15,15,153,270,93,7,16,-6,110,380
LYV,Live Nation Entertainment,164.2,-27,94,100,148,315,1,32,15,17,65,380
CMI,Cummins,424.17,70,65,11,66,212,67,56,12,31,166,378
GE,GE Aerospace,305.63,70,104,25,28,227,66,15,36,30,147,374
YUM,Yum! Brands,149.44,3,9,34,260,306,9,9,-8,58,68,374
TPR,"Tapestry, Inc.",116.12,68,93,86,22,269,61,10,14,20,105,374
PANW,Palo Alto Networks,203.28,189,13,5,82,289,-4,14,16,58,84,373
RJF,Raymond James Financial,175.9,41,92,98,59,290,31,15,13,20,79,369
AXON,Axon Enterprise,777.53,57,-9,151,95,294,21,2,16,31,70,364
TEL,TE Connectivity,219.68,96,99,22,63,280,35,14,16,19,84,364
ETR,Entergy,90.85,7,3,82,138,230,15,2,95,15,127,357
TRV,Travelers Companies (The),276.34,19,29,97,59,204,25,40,30,57,152,356
WM,Waste Management,218.23,2,-22,1,188,169,21,-28,33,160,186,355
L,Loews Corporation,98.0,10,93,118,56,277,8,28,16,25,77,354
RSG,Republic Services,227.54,0,-39,130,178,269,-6,-64,-7,161,84,353
ABBV,AbbVie,222.64,63,45,22,59,189,35,52,8,65,160,349
AMAT,Applied Materials,200.89,86,4,1,150,241,91,4,14,-6,103,344
MA,Mastercard,569.56,-7,38,132,156,319,-16,-6,16,27,21,340
J,Jacobs Solutions,147.74,63,91,12,107,273,31,2,13,20,66,339
CTAS,Cintas,200.59,-1,-27,0,168,140,11,-22,19,188,196,336
ALL,Allstate,207.74,19,4,103,160,286,28,-13,17,18,50,336
LDOS,Leidos,187.14,70,105,8,24,207,28,62,19,20,129,336
DTE,DTE Energy,137.96,14,1,80,190,285,18,-15,33,14,50,335
TTWO,Take-Two Interactive,251.28,127,16,51,14,208,30,23,51,21,125,333
STE,Steris,249.28,1,32,20,196,249,5,25,28,26,84,333
AJG,Arthur J. Gallagher & Co.,304.4,21,0,0,187,208,29,-6,-8,108,123,331
GD,General Dynamics,323.2,-6,115,14,55,178,4,70,16,58,148,326
DUK,Duke Energy,123.11,10,1,82,184,277,15,-13,28,17,47,324
WMB,Williams Companies,61.4,35,4,118,53,210,29,9,16,58,112,322
AME,Ametek,186.69,-10,38,10,107,145,20,38,16,102,176,321
URI,United Rentals,955.28,7,93,13,65,178,7,64,14,58,143,321
AZO,AutoZone,4128.0,-39,46,100,87,194,-47,53,60,58,124,318
LMT,Lockheed Martin,486.74,96,19,0,166,281,17,21,1,-3,36,317
V,Visa Inc.,338.85,-4,-1,143,134,272,5,-6,16,27,42,314
LIN,Linde plc,479.97,4,36,19,111,170,18,3,16,107,144,314
ADI,Analog Devices,246.78,19,24,17,180,240,6,24,16,27,73,313
LHX,L3Harris,286.19,13,115,18,6,152,17,108,18,15,158,310
ATO,Atmos Energy,166.34,4,33,80,46,163,14,-7,91,46,144,307
ORCL,Oracle Corporation,314.05,14,10,17,199,240,16,7,16,28,67,307
ROL,"Rollins, Inc.",55.4,-46,-7,37,287,271,-15,-15,29,36,35,306
COR,Cencora,302.42,7,16,50,76,149,2,25,61,69,157,306
NEM,Newmont,84.68,21,117,25,6,169,19,79,25,11,134,303
DGX,Quest Diagnostics,187.0,28,32,74,19,153,29,30,74,15,148,301
KKR,KKR & Co.,147.26,70,4,3,104,181,79,4,12,22,117,298
UNP,Union Pacific Corporation,227.99,29,1,-11,199,218,58,1,-1,20,78,296
RL,Ralph Lauren Corporation,310.79,2,95,100,35,232,-5,24,16,27,62,294
HOOD,Robinhood Markets,126.17,30,95,87,0,212,33,12,16,19,80,292
TSLA,"Tesla, Inc.",425.83,91,32,4,11,138,93,38,10,11,152,290
ANET,Arista Networks,144.09,0,78,13,59,150,-4,74,12,57,139,289
EME,Emcor,644.69,15,93,23,59,190,14,12,14,58,98,288
MU,Micron Technology,166.46,98,19,4,23,144,98,28,16,1,143,287
HIG,Hartford (The),131.81,7,35,100,58,200,7,-4,27,57,87,287
CBOE,Cboe Global Markets,240.21,5,0,150,56,211,12,-19,28,52,73,284
NWS,News Corp (Class B),33.75,35,0,118,59,212,49,-15,16,22,72,284
PH,Parker Hannifin,761.02,8,94,23,66,191,20,25,16,31,92,283
APO,Apollo Global Management,144.94,64,0,0,98,162,78,4,12,27,121,283
IBKR,Interactive Brokers,65.49,28,4,95,58,185,21,3,16,58,98,283
HD,Home Depot (The),410.94,-20,45,7,181,213,-22,58,8,20,64,277
EVRG,Evergy,73.29,11,74,64,15,164,17,2,83,11,113,277
PPL,PPL Corporation,36.3,6,51,82,24,163,15,-12,94,15,112,275
WMT,Walmart,102.51,-8,17,133,102,244,-24,8,16,30,30,274
AXP,American Express,341.5,38,22,23,100,183,32,22,14,22,90,273
GRMN,Garmin,237.48,1,66,118,20,205,7,27,12,22,68,273
ITW,Illinois Tool Works,261.25,-27,64,8,179,224,-22,28,13,30,49,273
COST,Costco,943.95,-26,-4,0,181,151,-40,-15,-8,185,122,273
CBRE,CBRE Group,163.09,-15,77,98,23,183,-13,73,14,15,89,272
BRK-B,Berkshire Hathaway,494.11,9,19,130,63,221,7,27,-11,27,50,271
GL,Globe Life,146.53,63,45,51,15,174,31,44,10,9,94,268
SRE,Sempra,86.04,7,48,6,182,243,9,3,14,-2,24,267
COF,Capital One,223.09,-3,99,100,22,218,-6,19,16,19,48,266
DASH,DoorDash,265.85,30,92,103,0,225,-2,7,16,19,40,265
WFC,Wells Fargo,84.37,40,9,98,30,177,32,17,16,20,85,262
PWR,Quanta Services,389.53,25,0,23,100,148,21,4,16,73,114,262
INTU,Intuit,699.1,28,-24,23,192,219,35,-30,16,21,42,261
LOW,Lowe's,259.82,-21,45,6,167,197,-22,57,7,20,62,259
BX,Blackstone Inc.,184.91,0,64,10,143,217,-3,11,11,22,41,258
NI,NiSource,41.56,14,0,80,46,140,19,-14,95,15,115,255
NFLX,Netflix,1218.5,0,0,122,21,143,1,-4,93,21,111,254
KEYS,Keysight Technologies,177.91,97,15,4,1,117,102,15,14,6,137,254
XYL,Xylem Inc.,143.11,51,93,14,23,181,31,2,16,23,72,253
VMC,Vulcan Materials Company,297.69,12,45,12,61,130,26,53,16,28,123,253
AIZ,Assurant,212.5,11,34,7,153,205,23,-5,8,20,46,251
AVGO,Broadcom,338.96,-14,96,25,117,224,-33,13,16,31,27,251
TDY,Teledyne Technologies,567.87,25,92,58,15,190,21,7,16,16,60,250
CNP,CenterPoint Energy,38.79,11,47,55,46,159,19,5,49,16,89,248
MNST,Monster Beverage,64.5,-13,32,32,181,232,-22,6,25,5,14,246
MLM,Martin Marietta Materials,615.26,-2,48,12,61,119,29,53,16,28,126,245
FFIV,"F5, Inc.",324.73,-1,92,100,15,206,-2,6,16,18,38,244
LLY,Lilly (Eli),747.21,-7,7,-9,173,164,-19,15,-13,97,80,244
CINF,Cincinnati Financial,154.49,0,36,91,63,190,-6,27,16,16,53,243
WEC,WEC Energy Group,111.76,7,49,61,14,131,17,6,74,12,109,240
ADP,Automatic Data Processing,289.28,0,-16,0,181,165,30,-29,16,58,75,240
ALLE,Allegion,177.49,1,105,15,22,143,-5,61,16,23,95,238
NVDA,Nvidia,178.45,12,4,20,135,171,21,2,16,27,66,237
IRM,Iron Mountain,104.11,78,7,2,58,145,13,6,16,57,92,237
MDT,Medtronic,94.97,63,60,17,2,142,-2,74,9,14,95,237
MSFT,Microsoft,509.62,0,0,22,174,196,-4,1,16,26,39,235
SYY,Sysco,82.23,25,80,13,4,122,-10,93,13,15,111,233
CAH,Cardinal Health,154.6,7,1,61,39,108,1,12,54,58,125,233
TER,Teradyne,134.69,28,64,1,3,96,40,94,9,-6,137,233
XEL,Xcel Energy,73.04,4,49,57,13,123,17,18,65,10,110,233
HPE,Hewlett Packard Enterprise,24.7,0,89,7,43,139,-2,26,13,55,92,231
FSLR,First Solar,215.81,46,58,1,63,168,40,13,16,-7,62,230
TKO,TKO Group Holdings,202.29,-15,31,77,41,134,3,24,16,51,94,228
ETN,Eaton Corporation,368.47,1,3,14,115,133,-2,10,14,73,95,228
ULTA,Ulta Beauty,524.33,0,103,18,5,126,-14,106,18,-10,100,226
NWSA,News Corp (Class A),30.58,49,7,15,59,130,52,6,16,22,96,226
JBL,Jabil,234.57,29,4,25,66,124,21,4,17,58,100,224
NTRS,Northern Trust,130.52,1,93,22,12,128,31,35,16,14,96,224
T,AT&T,28.8,-15,33,76,17,111,-38,35,100,16,113,224
LH,Labcorp,280.03,16,43,61,16,136,25,30,14,19,88,224
TDG,TransDigm Group,1300.03,9,-29,3,158,141,9,-1,16,58,82,223
CFG,Citizens Financial Group,53.11,35,81,14,5,135,32,28,13,15,88,223
CME,CME Group,261.94,3,-27,60,137,173,-5,-22,56,20,49,222
AMGN,Amgen,286.99,21,-14,-4,166,169,27,-15,4,37,53,222
IVZ,Invesco,22.42,16,69,13,3,101,28,65,13,14,120,221
BSX,Boston Scientific,97.68,-70,-8,150,145,217,-68,-2,16,58,4,221
PNC,PNC Financial Services,203.97,31,83,8,15,137,32,24,13,15,84,221
PNR,Pentair,110.09,-5,93,15,63,166,-14,30,14,25,55,221
HCA,HCA Healthcare,409.41,14,32,9,98,153,19,-4,22,30,67,220
BAC,Bank of America,51.71,64,26,23,19,132,33,23,16,15,87,219
MCK,McKesson Corporation,741.32,7,4,48,59,118,14,21,-3,68,100,218
PTC,PTC Inc.,203.94,-7,0,12,183,188,-4,-9,13,27,27,215
BKNG,Booking Holdings,5517.58,1,0,142,36,179,2,-10,16,27,35,214
SPG,Simon Property Group,184.12,7,62,7,36,112,5,61,14,22,102,214
HII,Huntington Ingalls Industries,275.85,16,132,14,7,169,21,12,22,-10,45,214
RCL,Royal Caribbean Group,330.6,0,5,127,29,161,12,-3,16,28,53,214
FOX,Fox Corporation (Class B),55.41,28,29,73,2,132,52,1,13,10,76,208
PM,Philip Morris International,163.8,-28,-7,76,56,97,3,-13,91,28,109,206
KMI,Kinder Morgan,27.48,0,0,98,45,143,-13,9,14,53,63,206
CHD,Church & Dwight,87.21,-56,-41,-22,345,226,-22,-4,-20,26,-20,206
TT,Trane Technologies,405.33,0,-19,22,165,168,21,-32,16,30,35,203
GM,General Motors,58.59,0,75,13,12,100,7,67,13,14,101,201
STT,State Street Corporation,112.98,13,95,23,17,148,28,-5,15,15,53,201
PHM,PulteGroup,130.04,-30,66,7,66,109,-22,70,12,30,90,199
QCOM,Qualcomm,169.58,64,20,0,23,107,60,22,14,-6,90,197
FOXA,Fox Corporation (Class A),61.61,35,29,74,2,140,27,1,14,15,57,197
BR,Broadridge Financial Solutions,238.82,-47,-7,120,146,212,-43,-15,16,26,-16,196
BKR,Baker Hughes,48.93,28,47,10,36,121,21,16,10,27,74,195
ICE,Intercontinental Exchange,168.05,-49,-17,118,162,214,-46,-23,28,22,-19,195
PGR,Progressive Corporation,238.6,-35,-73,-2,178,68,-42,-13,-9,190,126,194
EXPE,Expedia Group,221.27,0,66,55,12,133,2,32,12,15,61,194
SYF,Synchrony Financial,74.75,-3,93,23,22,135,-3,28,14,19,58,193
ABT,Abbott Laboratories,135.89,43,22,62,14,141,33,1,2,15,51,192
MMC,Marsh McLennan,197.47,-50,-74,-9,176,43,-2,-12,-17,179,148,191
WSM,"Williams-Sonoma, Inc.",200.39,7,59,14,66,146,4,7,8,22,41,187
EBAY,eBay Inc.,91.07,2,0,83,15,100,-5,-13,88,17,87,187
SNA,Snap-on,340.28,13,14,4,60,91,20,8,9,58,95,186
VTR,Ventas,68.56,2,49,78,23,152,3,4,10,16,33,185
MPC,Marathon Petroleum,190.89,42,19,5,50,116,40,19,16,-9,66,182
SNPS,Synopsys,489.99,0,-10,-3,181,168,28,-22,14,-6,14,182
SYK,Stryker Corporation,373.52,-8,-8,0,160,144,-2,-5,14,30,37,181
BLK,BlackRock,1132.15,1,92,23,23,139,-3,3,16,22,38,177
AON,Aon plc,352.95,-46,-6,0,178,126,1,-10,3,57,51,177
CCL,Carnival,30.72,-5,92,23,2,112,6,22,14,20,62,174
JCI,Johnson Controls,108.28,1,10,81,20,112,11,15,16,19,61,173
RF,Regions Financial Corporation,26.73,-4,92,13,23,124,-10,29,14,15,48,172
MMM,3M,156.34,0,14,80,15,109,5,27,16,15,63,172
EXPD,Expeditors International,121.19,-21,38,7,132,156,-22,29,12,-4,15,171
KO,Coca-Cola Company (The),66.73,0,-22,34,183,195,-20,-15,-4,15,-24,171
DE,Deere & Company,471.73,0,-23,55,110,142,2,-36,51,11,28,170
WYNN,Wynn Resorts,127.5,28,95,14,4,141,-2,23,16,-9,28,169
F,Ford Motor Company,11.74,9,107,8,0,124,7,27,16,-6,44,168
DELL,Dell Technologies,134.36,49,2,2,33,86,67,2,16,-5,80,166
WTW,Willis Towers Watson,340.9,21,38,14,25,98,23,9,6,30,68,166
MET,MetLife,80.32,13,24,0,59,96,12,24,14,19,69,165
D,Dominion Energy,61.12,7,91,20,2,120,17,1,16,11,45,165
MO,Altria,64.87,-49,46,76,46,119,2,-6,32,17,45,164
NSC,Norfolk Southern,292.04,45,7,17,5,74,58,1,16,15,90,164
PEG,Public Service Enterprise Group,82.23,4,-15,0,153,142,16,-23,9,18,20,162
PFG,Principal Financial Group,82.4,10,22,3,56,91,19,17,13,19,68,159
TSCO,Tractor Supply,58.55,-14,0,13,86,85,-12,-10,10,86,74,159
VLO,Valero Energy,170.42,42,22,6,45,115,13,21,15,-6,43,158
CRWD,CrowdStrike,484.22,63,4,51,0,118,-2,5,16,21,40,158
WBD,Warner Bros. Discovery,19.57,88,9,18,0,115,19,9,14,1,43,158
AEE,Ameren,100.91,4,1,62,14,81,12,-15,67,11,75,156
XOM,ExxonMobil,113.99,7,12,3,45,67,1,21,15,51,88,155
KEY,KeyCorp,18.75,-3,93,14,5,109,-4,22,14,14,46,155
MTB,M&T Bank,200.63,19,22,7,23,71,32,22,14,15,83,154
TRMB,Trimble Inc.,82.04,11,0,85,5,101,21,5,14,13,53,154
IDXX,Idexx Laboratories,648.57,38,100,20,5,163,-5,-11,16,-9,-9,154
FTNT,Fortinet,85.28,36,-37,0,114,113,27,8,-8,14,41,154
TMUS,T-Mobile US,239.68,0,0,0,140,140,-17,-8,1,36,12,152
PG,Procter & Gamble,152.53,-26,-2,-12,180,140,-21,25,-20,27,11,151
PKG,Packaging Corporation of America,213.8,1,23,0,62,86,5,23,9,27,64,150
CB,Chubb Limited,275.9,0,0,0,59,59,19,25,-10,57,91,150
AFL,Aflac,108.28,0,29,7,59,95,-16,28,-14,56,54,149
FICO,Fair Isaac,1534.77,-26,0,-12,167,129,4,17,-34,32,19,148
WAB,Wabtec,194.52,12,-1,1,50,62,21,-9,16,57,85,147
NDAQ,"Nasdaq, Inc.",88.43,-46,-1,82,145,180,-48,-17,16,15,-34,146
TFC,Truist Financial,45.69,8,67,7,5,87,32,-4,13,15,56,143
SCHW,Charles Schwab Corporation,93.92,14,0,83,12,109,23,-20,16,15,34,143
UAL,United Airlines Holdings,104.14,-5,66,7,12,80,4,30,10,17,61,141
FE,FirstEnergy,43.78,4,46,12,56,118,3,-11,16,15,23,141
CHRW,C.H. Robinson,134.23,0,61,9,5,75,-10,54,12,9,65,140
CVX,Chevron Corporation,157.44,0,55,13,49,117,5,3,7,7,22,139
FITB,Fifth Third Bancorp,45.16,-5,69,6,23,93,-10,26,13,17,46,139
CVS,CVS Health,76.51,23,28,16,0,67,32,32,6,1,71,138
AEP,American Electric Power,108.12,0,0,79,24,103,5,-14,29,15,35,138
NOC,Northrop Grumman,577.1,-29,60,16,59,106,7,-12,23,13,31,137
AMD,Advanced Micro Devices,160.92,14,0,4,111,129,19,-19,16,-8,8,137
AMP,Ameriprise Financial,493.94,2,-17,0,65,50,13,-13,14,72,86,136
SPGI,S&P Global,496.76,-28,-4,0,173,141,-28,-16,14,22,-8,133
PODD,Insulet Corporation,327.97,0,30,51,5,86,19,-2,20,7,44,130
PCAR,Paccar,97.76,-21,1,-28,160,112,-26,5,3,35,17,129
VST,Vistra Corp.,204.29,0,10,25,31,66,-1,4,14,46,63,129
GILD,Gilead Sciences,114.41,3,1,57,36,97,-7,-15,14,40,32,129
LNT,Alliant Energy,64.84,5,1,74,15,95,16,-12,16,14,34,129
EMR,Emerson Electric,131.49,-3,-6,22,65,78,-1,9,16,27,51,129
UBER,Uber,97.79,21,12,24,0,57,19,4,22,27,72,129
NXPI,NXP Semiconductors,225.73,16,7,0,64,87,40,-5,13,-6,42,129
MCO,Moody's Corporation,476.83,-27,-4,0,157,126,-22,-16,14,26,2,128
NTAP,NetApp,123.42,0,36,4,58,98,-9,28,13,-2,30,128
NVR,"NVR, Inc.",7976.13,-48,62,-2,66,78,-48,58,9,30,49,127
DAL,Delta Air Lines,58.76,-1,65,7,20,91,4,-4,8,27,35,126
DD,DuPont,77.48,0,64,-9,20,75,19,22,13,-4,50,125
EA,Electronic Arts,174.07,10,39,10,8,67,12,1,22,22,57,124
SMCI,Supermicro,46.98,72,-17,0,59,114,-1,6,11,-10,6,120
NOW,ServiceNow,926.65,-5,0,0,83,78,-7,12,14,23,42,120
PSKY,Paramount Skydance Corporation,19.74,59,29,7,-40,55,21,22,18,2,63,118
DHI,D. R. Horton,166.31,-49,66,7,66,90,-49,70,10,-3,28,118
CMS,CMS Energy,71.5,3,0,82,24,109,7,-18,4,15,8,117
HON,Honeywell,209.2,-34,-28,-2,179,115,1,-40,16,23,0,115
FCX,Freeport-McMoRan,45.38,1,16,4,59,80,4,21,16,-7,34,114
SHW,Sherwin-Williams,344.47,-56,-3,0,191,132,-48,-6,16,20,-18,114
NCLH,Norwegian Cruise Line Holdings,25.57,-4,64,6,0,66,5,13,9,21,48,114
VRSN,Verisign,286.56,0,1,42,10,53,-22,14,58,8,58,111
CSX,CSX Corporation,34.08,49,0,2,5,56,60,-16,16,-7,53,109
EXE,Expand Energy,100.73,40,0,47,0,87,3,11,-5,11,20,107
ADSK,Autodesk,324.83,6,17,5,15,43,11,17,16,20,64,107
TRGP,Targa Resources,170.16,13,1,0,52,66,5,4,-26,55,38,104
CEG,Constellation Energy,336.64,17,2,22,0,41,21,3,16,20,60,101
HBAN,Huntington Bancshares,17.34,-5,22,15,22,54,-9,22,16,17,46,100
KR,Kroger,65.37,-42,-19,85,68,92,-42,-22,56,16,8,100
GWW,W. W. Grainger,975.95,-21,0,-9,95,65,-13,-3,-7,58,35,100
PSX,Phillips 66,132.32,0,22,0,42,64,5,22,15,-6,36,100
STLD,Steel Dynamics,136.66,0,7,6,56,69,-6,21,16,-1,30,99
INCY,Incyte,84.53,-1,79,9,0,87,-5,-3,12,8,12,99
ROP,Roper Technologies,503.82,-7,-37,-8,183,131,1,-54,-7,27,-33,98
LVS,Las Vegas Sands,53.08,0,93,12,3,108,-2,-7,13,-15,-11,97
O,Realty Income,59.57,-23,37,16,8,38,2,27,16,14,59,97
EXC,Exelon,44.23,11,1,61,15,88,18,-15,-7,11,7,95
REG,Regency Centers,71.49,1,1,0,54,56,7,-4,16,20,39,95
TXT,Textron,83.02,0,9,0,54,63,4,17,16,-6,31,94
UHS,Universal Health Services,194.75,14,25,0,23,62,14,29,-10,-2,31,93
ADM,Archer Daniels Midland,60.7,-6,94,8,0,96,4,-3,16,-21,-4,92
ES,Eversource Energy,69.41,21,3,21,0,45,19,7,16,3,45,90
USB,U.S. Bancorp,49.36,1,26,6,5,38,-6,27,13,16,50,88
JNJ,Johnson & Johnson,176.58,-16,59,14,8,65,6,-2,11,7,22,87
DRI,Darden Restaurants,186.63,-30,-4,50,62,78,-42,22,-2,31,9,87
EQIX,Equinix,803.09,15,0,-14,35,36,29,6,-14,27,48,84
HSY,Hershey Company (The),190.75,1,59,10,0,70,9,13,10,-20,12,82
META,Meta Platforms,755.23,-4,0,23,30,49,-12,6,14,24,32,81
CSCO,Cisco,67.53,2,-1,54,15,70,-9,-22,16,26,11,81
MAR,Marriott International,261.95,-6,-2,0,59,51,-6,-5,13,28,30,81
SWKS,Skyworks Solutions,81.27,29,15,0,-31,13,34,25,13,-6,66,79
DLR,Digital Realty,174.16,2,3,3,23,31,5,6,16,20,47,78
APTV,Aptiv,85.46,28,30,7,-25,40,31,26,16,-37,36,76
INTC,Intel,29.35,49,29,0,-21,57,-3,28,6,-13,18,75
RMD,ResMed,275.61,11,0,23,14,48,9,-13,15,14,25,73
IR,Ingersoll Rand,81.32,25,0,-27,24,22,27,12,13,-1,51,73
GPC,Genuine Parts Company,138.67,-27,46,7,0,26,-5,53,16,-18,46,72
EQT,EQT Corporation,50.95,7,-37,47,43,60,7,-6,-1,11,11,71
HLT,Hilton Worldwide,263.69,-50,0,22,65,37,-4,-4,14,27,33,70
MAS,Masco,71.59,-30,59,-3,66,92,-48,-3,7,22,-22,70
EOG,EOG Resources,115.66,-28,-3,-4,46,11,2,-6,9,52,57,68
AOS,A. O. Smith,72.17,-14,15,0,59,60,-22,17,16,-6,5,65
BRO,Brown & Brown,92.18,-2,-102,-5,164,55,5,-8,-16,27,8,63
PNW,Pinnacle West Capital,87.1,2,-18,1,19,4,16,-16,28,27,55,59
NDSN,Nordson Corporation,224.94,-5,23,0,2,20,4,27,16,-8,39,59
BXP,"BXP, Inc.",76.2,0,19,4,1,24,-15,20,16,14,35,59
MSCI,MSCI Inc.,569.51,-27,3,0,15,-9,5,29,13,21,68,59
DECK,Deckers Brands,112.0,-25,19,-30,94,58,-22,16,-26,32,0,58
IT,Gartner,258.08,55,-70,-27,0,-42,55,10,-25,58,98,56
ED,Consolidated Edison,98.54,6,-20,1,48,35,7,-23,-10,46,20,55
LUV,Southwest Airlines,33.34,35,1,6,-40,2,33,1,13,5,52,54
TROW,T. Rowe Price,104.7,-4,78,4,-26,52,-4,-5,12,-1,2,54
CPRT,Copart,45.29,-48,-6,-19,177,104,-47,-5,-29,29,-52,52
PRU,Prudential Financial,103.14,-5,0,-19,56,32,-4,-6,10,20,20,52
GEV,GE Vernova,633.6,14,3,2,0,19,11,4,17,0,32,51
TPL,Texas Pacific Land Corporation,932.41,2,0,-15,59,46,4,-3,-11,14,4,50
NEE,NextEra Energy,72.32,14,0,1,0,15,18,-13,16,14,35,50
DDOG,Datadog,137.46,0,3,5,0,8,20,10,13,-1,42,50
GEN,Gen Digital,28.96,0,-7,21,17,31,-6,-9,16,17,18,49
AMZN,Amazon,220.74,-15,-1,23,22,29,-14,-1,13,21,19,48
APA,APA Corporation,24.0,0,33,0,-13,20,5,31,11,-20,27,47
COIN,Coinbase,320.14,-2,-2,15,0,11,-4,4,15,19,34,45
VZ,Verizon,43.38,-23,33,36,11,57,-21,-13,6,15,-13,44
WDAY,"Workday, Inc.",240.37,35,5,-16,15,39,5,13,-10,-3,5,44
CTVA,Corteva,69.48,-49,-7,59,0,3,-12,24,16,12,40,43
AIG,American International Group,76.68,-5,-3,0,54,46,-12,-7,-6,22,-3,43
HPQ,HP Inc.,28.53,0,30,-31,2,1,7,31,5,-2,41,42
TXN,Texas Instruments,182.04,7,-15,-3,23,12,6,-11,16,17,28,40
EQR,Equity Residential,65.66,0,1,-2,14,13,5,16,-9,14,26,39
PLD,Prologis,114.44,0,22,5,0,27,-20,21,16,-6,11,38
DVN,Devon Energy,34.47,-3,30,-4,-6,17,2,26,15,-23,20,37
ESS,Essex Property Trust,267.92,1,0,0,15,16,1,13,-9,15,20,36
ROK,Rockwell Automation,342.73,-5,9,21,16,41,-5,-4,16,-12,-5,36
EFX,Equifax,257.57,-6,9,-10,17,10,-20,9,16,19,24,34
MDLZ,Mondelez International,63.82,42,-39,2,0,5,33,6,-1,-10,28,33
AVB,AvalonBay Communities,194.41,0,0,-9,17,8,4,17,-13,16,24,32
FDX,FedEx,233.79,13,3,-32,33,17,7,3,8,-5,13,30
XYZ,"Block, Inc.",76.65,35,6,2,-37,6,7,-8,10,14,23,29
FRT,Federal Realty Investment Trust,100.06,-30,25,-3,2,-6,4,25,7,-2,34,28
KIM,Kimco Realty,21.91,-69,30,5,56,22,-47,22,14,15,4,26
VICI,Vici Properties,31.93,-84,0,64,16,-4,-54,-4,29,58,29,25
MHK,Mohawk Industries,127.82,-35,55,-1,-12,7,-47,59,8,-2,18,25
ROST,Ross Stores,145.68,-56,36,6,36,22,-28,-4,5,30,3,25
CRM,Salesforce,244.55,0,-1,-19,23,3,28,-2,-27,22,21,24
HST,Host Hotels & Resorts,17.43,-15,25,4,3,17,-22,22,14,-7,7,24
CF,CF Industries,87.14,11,-33,3,5,-14,15,-4,16,9,36,22
AWK,American Water Works,137.18,2,-12,32,0,22,4,-12,-2,9,-1,21
CPT,Camden Property Trust,108.02,0,0,0,0,0,18,-1,-9,12,20,20
MTD,Mettler Toledo,1258.13,-12,78,-29,0,37,-16,-7,10,-6,-19,18
ECL,Ecolab,265.82,-56,-4,22,23,-15,5,-10,16,20,31,16
ON,ON Semiconductor,50.41,38,-18,-43,-2,-25,40,4,12,-16,40,15
FANG,Diamondback Energy,142.18,13,-14,-35,48,12,5,-7,10,-6,2,14
VRTX,Vertex Pharmaceuticals,379.68,-33,-35,-8,105,29,-39,-4,-12,38,-17,12
GPN,Global Payments,86.12,18,45,-33,-40,-10,31,-4,4,-11,20,10
APD,Air Products,276.66,-8,-1,-1,17,7,-11,-6,8,11,2,9
SOLV,Solventum,73.37,0,0,0,0,0,-17,12,12,0,7,7
BA,Boeing,216.32,0,-8,14,0,6,4,-7,16,-12,1,7
MTCH,Match Group,36.95,-10,77,10,-38,39,-6,1,11,-39,-33,6
HSIC,Henry Schein,69.22,7,0,-11,0,-4,7,-1,-1,4,9,5
CI,Cigna,289.98,-49,0,-3,59,7,-21,27,-9,-2,-5,2
DAY,Dayforce,68.83,-27,26,6,-13,-8,-18,22,6,-1,9,1
SBUX,Starbucks,85.69,13,-15,-7,0,-9,21,-23,4,8,10,1
IP,International Paper,46.37,-4,-16,0,17,-3,-14,-8,9,17,4,1
AES,AES Corporation,13.14,16,2,0,-12,6,21,-14,12,-25,-6,0
SJM,J.M. Smucker Company (The),108.01,6,0,-1,-5,0,24,-4,4,-24,0,0
DVA,DaVita,132.85,2,-21,-9,21,-7,19,-7,-26,20,6,-1
HAS,Hasbro,74.82,-56,0,20,4,-32,8,-7,16,12,29,-3
OMC,Omnicom Group,76.29,-5,30,-33,2,-6,4,-3,3,-2,2,-4
DOV,Dover Corporation,169.08,-56,-18,-9,107,24,-51,-9,12,20,-28,-4
MOS,Mosaic Company (The),33.97,0,1,22,-17,6,-14,12,21,-31,-12,-6
A,Agilent Technologies,125.94,-4,19,-29,0,-14,-19,25,7,-6,7,-7
EG,Everest Group,337.92,0,0,-42,56,14,6,22,-43,-6,-21,-7
ZBRA,Zebra Technologies,314.06,-2,-2,-8,-8,-20,-12,1,10,14,13,-7
BBY,Best Buy,73.02,-30,30,-30,-7,-37,1,27,4,-3,29,-8
EIX,Edison International,55.33,0,37,-38,0,-1,-14,2,6,-2,-8,-9
LEN,Lennar,123.24,-50,0,-3,65,12,-22,-3,7,-4,-22,-10
GNRC,Generac,166.72,-7,0,9,-35,-33,11,-13,13,11,22,-11
VLTO,Veralto,105.4,-22,0,8,0,-14,-18,6,15,0,3,-11
CMG,Chipotle Mexican Grill,39.67,9,-43,-12,81,35,7,-44,-10,-1,-48,-13
UNH,UnitedHealth Group,347.83,7,15,-24,-5,-7,5,27,-37,-2,-7,-14
TMO,Thermo Fisher Scientific,469.82,-12,44,-28,0,4,-11,-4,1,-4,-18,-14
VTRS,Viatris,9.59,-6,0,-3,-1,-10,-4,-6,8,-2,-4,-14
ACGL,Arch Capital Group,88.47,-45,-2,-14,63,2,-2,-6,-7,-1,-16,-14
CSGP,CoStar Group,85.31,-18,0,12,15,9,-22,-23,29,-10,-26,-17
ELV,Elevance Health,323.66,24,0,-50,-3,-29,30,1,-16,-4,11,-18
OXY,Occidental Petroleum,46.42,-3,23,-61,0,-41,2,25,12,-17,22,-19
WAT,Waters Corporation,299.23,-2,-1,-11,0,-14,-16,22,-26,15,-5,-19
MOH,Molina Healthcare,182.58,0,0,-19,-3,-22,5,19,-15,-9,0,-22
CTRA,Coterra,23.46,-22,-3,-11,45,9,-26,-2,-18,14,-32,-23
SWK,Stanley Black & Decker,75.28,-15,59,-35,-40,-31,-22,28,5,-3,8,-23
OTIS,Otis Worldwide,89.11,-5,-3,-10,0,-18,-18,5,-20,27,-6,-24
HAL,Halliburton,24.3,11,19,-69,0,-39,7,17,1,-10,15,-24
ISRG,Intuitive Surgical,447.74,0,-39,-9,23,-25,21,-47,-4,27,-3,-28
NUE,Nucor,135.24,-30,0,0,0,-30,3,-5,13,-9,2,-28
MAA,Mid-America Apartment Communities,141.11,0,-39,-3,0,-42,18,-2,-14,12,14,-28
ABNB,Airbnb,123.5,24,-33,-9,0,-18,-3,-7,6,-6,-10,-28
DIS,Walt Disney Company (The),112.26,-30,-8,21,-1,-18,-28,-4,16,4,-12,-30
PAYX,Paychex,129.29,-112,-39,-2,168,15,-21,-32,-7,15,-45,-30
BG,Bunge Global,78.46,-30,-2,0,0,-32,1,-10,16,-6,1,-31
GDDY,GoDaddy,143.03,-7,-53,-9,23,-46,8,9,-25,23,15,-31
GEHC,GE HealthCare,74.61,-25,13,-26,0,-38,-22,14,5,9,6,-32
HOLX,Hologic,67.64,16,2,-41,0,-23,4,-15,9,-8,-10,-33
DOC,Healthpeak Properties,18.9,13,14,-23,-32,-28,5,17,-38,10,-6,-34
OKE,Oneok,72.59,-2,-37,-19,55,-3,-16,-37,-31,52,-32,-35
MGM,MGM Resorts,34.78,-14,-2,-3,0,-19,-12,-8,13,-10,-17,-36
MCHP,Microchip Technology,64.71,-4,-12,0,0,-16,-16,-13,16,-8,-21,-37
CTSH,Cognizant,67.67,-17,-39,-9,15,-50,5,-4,-9,19,11,-39
TECH,Bio-Techne,52.93,10,0,-33,-25,-48,20,-8,1,-7,6,-42
REGN,Regeneron Pharmaceuticals,567.96,-4,30,-47,0,-21,-7,-12,2,-5,-22,-43
CPAY,Corpay,298.05,-27,-37,-4,22,-46,-21,-6,4,26,3,-43
EXR,Extra Space Storage,138.58,-30,-2,-9,0,-41,-47,13,16,14,-4,-45
KDP,Keurig Dr Pepper,26.5,-14,-21,-5,-1,-41,-14,-15,24,-1,-6,-47
IPG,Interpublic Group of Companies (The),26.09,-30,45,-49,0,-34,4,-3,4,-18,-13,-47
IQV,IQVIA,186.45,-3,9,-46,0,-40,-14,5,8,-7,-8,-48
SW,Smurfit Westrock,43.8,-77,-8,-3,17,-71,1,-2,6,18,23,-48
FTV,Fortive,48.45,0,-3,-27,0,-30,5,9,-23,-9,-18,-48
ARE,Alexandria Real Estate Equities,87.0,7,30,-43,-31,-37,4,19,1,-36,-12,-49
K,Kellanova,77.06,-33,-5,0,22,-16,-32,-4,-13,14,-35,-51
VRSK,Verisk Analytics,242.26,-70,-41,-2,115,2,-68,-7,-8,29,-54,-52
COP,ConocoPhillips,93.48,0,1,-51,0,-50,5,-7,8,-9,-3,-53
EL,EstÃ©e Lauder Companies (The),87.7,0,0,0,-27,-27,5,-9,14,-36,-26,-53
ADBE,Adobe Inc.,361.96,35,0,-42,-7,-14,2,8,-46,-6,-42,-56
WST,West Pharmaceutical Services,250.86,-20,13,-33,-8,-48,-22,14,7,-9,-10,-58
CPB,Campbell's Company (The),33.77,7,15,-38,-7,-23,5,9,-45,-6,-37,-60
PFE,Pfizer,24.14,0,-3,-5,-24,-32,-3,-11,13,-29,-30,-62
PEP,PepsiCo,141.92,0,0,-48,0,-48,2,-7,5,-14,-14,-62
PAYC,Paycom,219.65,1,-21,25,-25,-20,-2,-24,16,-38,-48,-68
BDX,Becton Dickinson,186.49,-15,33,-34,-6,-22,1,-8,-25,-16,-48,-70
KMB,Kimberly-Clark,123.9,-56,-8,-5,19,-50,-15,-15,-17,27,-20,-70
BLDR,Builders FirstSource,121.21,-49,-2,-34,66,-19,-49,-4,6,-4,-51,-70
DG,Dollar General,103.68,-21,-3,0,-18,-42,-12,-18,28,-27,-29,-71
CCI,Crown Castle,94.36,0,-20,-2,-29,-51,5,-31,-1,6,-21,-72
ERIE,Erie Indemnity,317.54,-48,-16,-23,40,-47,4,-20,-41,32,-25,-72
TTD,Trade Desk (The),46.86,0,-32,-33,-2,-67,12,-24,7,-1,-6,-73
DLTR,Dollar Tree,94.67,-21,-12,0,-16,-49,-12,-21,31,-23,-25,-74
CNC,Centene Corporation,32.76,7,0,-50,-12,-55,5,23,-19,-29,-20,-75
ZBH,Zimmer Biomet,100.29,-3,33,-3,-18,9,11,-6,-70,-19,-84,-75
DHR,Danaher Corporation,189.7,-9,-11,-35,-1,-56,-12,-14,9,-5,-22,-78
TYL,Tyler Technologies,528.39,-70,-22,-1,18,-75,-6,-24,7,19,-4,-79
POOL,Pool Corporation,313.07,-20,0,-29,-7,-56,-22,6,3,-10,-23,-79
AKAM,Akamai Technologies,75.26,-12,0,-32,-8,-52,-4,20,-32,-11,-27,-79
COO,Cooper Companies (The),67.47,13,-18,-33,-6,-44,20,-13,-38,-4,-35,-79
AMT,American Tower,194.23,0,-35,-3,-1,-39,-21,-34,-1,12,-44,-83
FI,Fiserv,129.85,-26,-52,-20,36,-62,-17,-12,-21,28,-22,-84
CLX,Clorox,120.39,-22,-3,-23,-6,-54,-21,9,-33,14,-31,-85
LII,Lennox International,530.61,-56,-21,-3,39,-41,-53,-34,10,28,-49,-90
KHC,Kraft Heinz,26.56,7,-12,-48,-1,-54,23,-30,-20,-11,-38,-92
GIS,General Mills,50.56,9,0,-47,-5,-43,1,9,-43,-20,-53,-96
BEN,Franklin Resources,24.04,-91,0,14,0,-77,-4,-10,16,-23,-21,-98
PCG,PG&E Corporation,14.73,-30,0,-36,2,-64,2,-1,-35,-2,-36,-100
PSA,Public Storage,282.33,-51,0,-17,2,-66,-47,-3,16,-1,-35,-101
CDW,CDW Corporation,164.58,-28,-35,-48,0,-111,2,9,8,-9,10,-101
LULU,Lululemon Athletica,173.33,14,-75,-17,-4,-82,32,-13,-26,-13,-20,-102
INVH,Invitation Homes,29.67,-50,-43,-14,0,-107,5,-8,-9,15,3,-104
TSN,Tyson Foods,53.85,-56,-4,-7,-29,-96,4,-8,-17,12,-9,-105
KVUE,Kenvue,17.24,-33,-21,-4,0,-58,-14,-31,-9,4,-50,-108
BIIB,Biogen,139.25,-21,29,-90,-28,-110,-21,36,3,-19,-1,-111
ACN,Accenture,235.43,-9,-54,-29,-1,-93,-5,-8,-25,20,-18,-111
LW,Lamb Weston,54.31,-21,29,-78,-9,-79,-26,-1,9,-15,-33,-112
CRL,Charles River Laboratories,150.25,-6,-8,-60,-27,-101,-12,-2,12,-9,-11,-112
MRNA,Moderna,25.78,28,-34,-61,-5,-72,35,-35,-1,-40,-41,-113
PPG,PPG Industries,106.23,-8,-2,-52,-9,-71,-42,-8,16,-9,-43,-114
SBAC,SBA Communications,198.79,0,-35,-5,-21,-61,-21,-35,-4,6,-54,-115
EW,Edwards Lifesciences,74.57,-88,-8,0,-15,-111,2,-6,36,-36,-4,-115
AMCR,Amcor,8.09,-12,-28,-7,-1,-48,-21,-37,-7,-3,-68,-116
AVY,Avery Dennison,163.32,-30,-21,-41,0,-92,-22,-12,13,-6,-27,-119
DXCM,Dexcom,68.22,-41,-21,-5,-15,-82,-40,-4,16,-10,-38,-120
CARR,Carrier Global,59.72,-66,-36,-5,0,-107,-26,-32,16,27,-15,-122
JBHT,J.B. Hunt,131.96,-30,-18,-37,-1,-86,-22,-11,6,-11,-38,-124
ALB,Albemarle Corporation,80.13,49,9,-134,-24,-100,-2,-8,10,-26,-26,-126
CHTR,Charter Communications,267.12,13,-42,-10,-37,-76,5,-47,-10,-2,-54,-130
EMN,Eastman Chemical Company,64.25,-30,-2,-27,-2,-61,-22,-4,-41,-3,-70,-131
MRK,Merck & Co.,79.96,-54,0,-53,-1,-108,-12,-6,1,-7,-24,-132
DPZ,Domino's,423.89,-70,-35,-2,11,-96,-49,-5,-1,19,-36,-132
SLB,Schlumberger,34.5,-48,0,-76,0,-124,4,21,-27,-11,-13,-137
LKQ,LKQ Corporation,30.38,-48,-7,-12,-3,-70,-48,18,-20,-18,-68,-138
BMY,Bristol Myers Squibb,44.9,-54,-3,-6,-6,-69,-51,-7,-20,6,-72,-141
BALL,Ball Corporation,48.52,-30,-27,-9,-12,-78,-41,-35,16,-6,-66,-144
EPAM,EPAM Systems,154.04,-5,-10,-32,-28,-75,-3,-8,-23,-38,-72,-147
UDR,"UDR, Inc.",37.48,-56,-38,-4,-1,-99,-48,-6,-11,14,-51,-150
HUM,Humana,258.29,-73,2,-2,-13,-86,-43,-4,2,-21,-66,-152
DOW,Dow Inc.,22.86,-27,-2,-49,-2,-80,-22,18,-64,-9,-77,-157
FIS,Fidelity National Information Services,63.38,-30,-35,-8,-38,-111,-21,-37,-3,12,-49,-160
CAG,Conagra Brands,18.2,-30,-7,-38,-8,-83,-22,-11,-20,-24,-77,-160
IEX,IDEX Corporation,159.4,-22,-39,-34,-3,-98,-14,-10,-34,-7,-65,-163
RVTY,Revvity,85.72,0,-39,-26,-25,-90,-3,-44,-31,4,-74,-164
KMX,CarMax,57.61,-30,-3,-25,-37,-95,-39,-1,-29,-1,-70,-165
CL,Colgate-Palmolive,80.16,-70,-54,-12,24,-112,-47,-15,-20,27,-55,-167
JKHY,Jack Henry & Associates,149.97,-30,-38,-9,-1,-78,-25,-69,-9,12,-91,-169
NKE,"Nike, Inc.",70.94,-117,0,-4,-22,-143,2,-11,13,-37,-33,-176
CMCSA,Comcast,31.63,-72,-40,-41,-10,-163,2,-4,-8,-9,-19,-182
HRL,Hormel Foods,24.44,-17,-48,-16,-24,-105,-14,-44,-3,-31,-92,-197
ODFL,Old Dominion,139.32,-56,-39,-32,0,-127,-22,-13,-37,-2,-74,-201
WY,Weyerhaeuser,24.4,-56,-8,-29,0,-93,-52,-12,-41,-9,-114,-207
ZTS,Zoetis,142.61,-112,-11,-41,-4,-168,-28,-12,-8,-6,-54,-222
TAP,Molson Coors Beverage Company,44.06,-84,-10,-19,-1,-114,-80,-12,-20,-4,-116,-230
MKC,McCormick & Company,64.29,-57,-54,-12,-3,-126,-48,-53,-20,11,-110,-236
LYB,LyondellBasell,50.36,-48,-37,-50,-6,-141,-22,-2,-64,-8,-96,-237
IFF,International Flavors & Fragrances,62.38,-56,-39,-29,-32,-156,-45,-5,-41,-2,-93,-249
FDS,FactSet,288.36,-70,-46,-11,-1,-128,-69,-42,-9,-2,-122,-250
UPS,United Parcel Service,84.41,0,-40,-112,-17,-169,5,-12,-40,-35,-82,-251
ALGN,Align Technology,128.99,-58,-38,-73,-26,-195,-2,-12,-9,-39,-62,-257
BF-B,Brownâ€“Forman,27.03,-14,-15,-109,-19,-157,-22,-9,-41,-29,-101,-258
TGT,Target Corporation,87.06,-168,-18,-37,-12,-235,-22,-24,4,-7,-49,-284
BAX,Baxter International,22.85,-41,-54,-29,-39,-163,-61,-7,-20,-42,-130,-293
STZ,Constellation Brands,131.75,-190,-21,-51,-4,-266,-104,-24,-67,-9,-204,-470
