Symbol,Name,Close,1H Cloud Score,1D Cloud Score,1W Cloud Score,1M Cloud Score,Cloud Score Sum,1H TKx Score,1D TKx Score,1W TKx Score,1M TKx Score,TKx Score Sum,Total Score Sum
TJX,TJX Companies,125.16,7,0,142,196,345,16,-20,111,191,298,643
JPM,JPMorgan Chase,290.41,78,37,117,156,388,75,48,4,24,151,539
MSFT,Microsoft,492.02,175,42,10,171,398,40,50,4,23,117,515
RSG,Republic Services,244.67,-35,2,118,175,260,8,-6,87,158,247,507
IBM,IBM,291.19,143,40,103,52,338,6,48,50,54,158,496
ORLY,Oâ€™Reilly Automotive,90.5,9,-14,157,197,349,16,-9,48,87,142,491
NFLX,Netflix,1293.21,57,53,110,18,238,89,50,81,18,238,476
PGR,Progressive Corporation,264.27,4,-15,99,175,263,14,-11,16,187,206,469
ICE,Intercontinental Exchange,181.85,40,41,106,159,346,39,42,16,19,116,462
AJG,Arthur J. Gallagher & Co.,319.61,-3,-5,159,184,335,5,-11,22,105,121,456
COST,Costco,985.8,-17,0,111,178,272,7,-11,4,182,182,454
HWM,Howmet Aerospace,176.23,0,48,142,27,217,47,48,86,52,233,450
CTAS,Cintas,224.23,12,55,13,163,243,19,-7,7,185,204,447
SO,Southern Company,92.3,49,8,70,188,315,14,24,17,77,132,447
BSX,Boston Scientific,104.76,45,12,138,142,337,43,3,4,55,105,442
WRB,W. R. Berkley Corporation,72.84,3,90,88,174,355,10,5,18,53,86,441
ROL,"Rollins, Inc.",56.65,2,57,25,284,368,8,-7,17,33,51,419
YUM,Yum! Brands,150.37,40,1,22,257,320,44,-23,16,55,92,412
AXON,Axon Enterprise,775.55,-2,46,139,92,275,49,50,4,28,131,406
COR,Cencora,295.24,28,112,38,69,247,32,12,49,65,158,405
GS,Goldman Sachs,706.79,83,35,86,56,260,70,46,4,19,139,399
WM,Waste Management,228.88,-60,3,89,185,217,8,-5,21,157,181,398
TDG,TransDigm Group,1512.84,55,48,13,155,271,47,5,4,55,111,382
MCK,McKesson Corporation,727.43,4,108,36,56,204,32,48,32,65,177,381
JBL,Jabil,216.19,77,38,13,63,191,76,48,5,55,184,375
ADI,Analog Devices,240.64,46,35,5,177,263,42,41,4,24,111,374
INTU,Intuit,779.57,28,48,11,189,276,26,48,4,18,96,372
RCL,Royal Caribbean Group,315.07,46,35,115,26,222,69,48,4,25,146,368
NWS,News Corp (Class B),34.4,63,38,106,56,263,75,3,4,19,101,364
MSI,Motorola Solutions,425.51,41,3,0,151,195,15,-10,-21,183,167,362
FAST,Fastenal,42.87,15,57,117,104,293,33,1,10,24,68,361
NDAQ,"Nasdaq, Inc.",88.96,46,41,70,142,299,-2,48,4,12,62,361
NRG,NRG Energy,155.84,0,48,97,92,237,-6,4,107,19,124,361
CDNS,Cadence Design Systems,309.41,23,4,11,139,177,-2,3,4,178,183,360
RJF,Raymond James Financial,154.67,77,34,86,56,253,82,6,1,17,106,359
HUBB,Hubbell Incorporated,410.9,46,33,0,180,259,-3,51,-19,69,98,357
MS,Morgan Stanley,141.09,63,35,70,62,230,62,46,4,14,126,356
CHD,Church & Dwight,97.64,6,0,-10,342,338,8,-5,-8,23,18,356
PM,Philip Morris International,177.53,-34,108,64,53,191,10,50,79,25,164,355
EMR,Emerson Electric,135.49,140,35,10,62,247,37,41,4,24,106,353
ETN,Eaton Corporation,355.05,45,35,2,112,194,37,48,2,70,157,351
WELL,Welltower,151.56,-7,32,110,56,191,-19,28,127,22,158,349
CME,CME Group,275.42,50,9,48,134,241,58,-12,44,17,107,348
MCD,McDonald's,297.6,6,-16,46,240,276,18,-19,16,55,70,346
MPWR,Monolithic Power Systems,747.34,42,35,0,155,232,37,45,4,24,110,342
BR,Broadridge Financial Solutions,244.72,14,34,108,143,299,9,5,4,23,41,340
ORCL,Oracle Corporation,218.97,28,34,5,196,263,6,41,4,25,76,339
TT,Trane Technologies,434.13,44,43,10,162,259,43,3,4,27,77,336
LYV,Live Nation Entertainment,149.93,16,36,88,145,285,18,10,3,14,45,330
ADP,Automatic Data Processing,311.11,8,2,79,178,267,11,-8,4,55,62,329
MMC,Marsh McLennan,217.88,4,-16,0,173,161,8,-11,-5,176,168,329
COF,Capital One,215.16,46,41,88,19,194,67,48,4,16,135,329
DASH,DoorDash,238.0,79,34,91,0,204,54,47,4,16,121,325
MA,Mastercard,564.76,11,2,120,153,286,15,-5,4,24,38,324
SYK,Stryker Corporation,396.83,41,35,11,157,244,50,1,2,27,80,324
DUK,Duke Energy,118.89,22,2,70,181,275,15,1,16,14,46,321
VRSK,Verisk Analytics,312.79,12,44,62,112,230,16,-7,53,26,88,318
CAH,Cardinal Health,164.4,2,57,49,36,144,28,48,42,55,173,317
KLAC,KLA Corporation,898.92,32,35,8,175,250,-12,50,4,24,66,316
V,Visa Inc.,355.54,11,2,131,131,275,17,-5,4,24,40,315
LIN,Linde plc,476.73,15,33,7,108,163,40,1,4,104,149,312
APH,Amphenol,97.4,50,48,13,63,174,59,50,4,25,138,312
BKNG,Booking Holdings,5733.14,40,47,130,33,250,40,-7,4,24,61,311
WMT,Walmart,98.23,9,49,121,99,278,9,-9,4,27,31,309
MCO,Moody's Corporation,502.49,41,35,10,154,240,42,2,2,23,69,309
FDS,FactSet,450.31,49,0,0,192,241,61,-17,3,21,68,309
MNST,Monster Beverage,63.54,7,85,20,178,290,8,-5,13,2,18,308
CBOE,Cboe Global Markets,232.0,4,31,138,53,226,12,5,16,49,82,308
RTX,RTX Corporation,144.18,0,34,71,52,157,19,40,78,12,149,306
CSCO,Cisco,69.1,72,35,42,12,161,76,41,4,23,144,305
PLTR,Palantir Technologies,130.67,-17,48,110,0,141,-19,50,113,18,162,303
AXP,American Express,322.6,46,35,11,97,189,43,48,2,19,112,301
CAT,Caterpillar Inc.,390.84,46,34,2,62,144,58,41,2,55,156,300
L,Loews Corporation,92.32,52,35,106,53,246,20,7,4,22,53,299
AME,Ametek,183.02,28,35,2,104,169,37,-10,4,99,130,299
VRSN,Verisign,289.08,27,146,30,7,210,21,14,46,5,86,296
AAPL,Apple Inc.,207.86,10,2,-4,249,257,-13,2,-19,69,39,296
UNP,Union Pacific Corporation,235.53,44,6,-7,196,239,46,5,-13,17,55,294
SPGI,S&P Global,529.25,46,35,10,170,261,7,4,2,19,32,293
WFC,Wells Fargo,81.48,56,35,86,27,204,63,5,4,17,89,293
BEN,Franklin Resources,24.34,120,38,2,0,160,100,48,4,-20,132,292
ALL,Allstate,200.15,14,2,91,157,264,18,-11,5,15,27,291
TKO,TKO Group Holdings,175.61,4,45,65,38,152,75,12,4,48,139,291
AVGO,Broadcom,264.77,46,38,13,114,211,-3,50,4,28,79,290
T,AT&T,28.87,15,32,64,14,125,14,48,88,13,163,288
AZO,AutoZone,3714.69,12,0,88,84,184,16,-16,48,55,103,287
HON,Honeywell,238.73,27,35,10,176,248,21,-6,4,20,39,287
TPR,"Tapestry, Inc.",86.93,77,35,74,19,205,19,41,2,17,79,284
NVDA,Nvidia,153.28,46,34,8,132,220,-6,42,4,24,64,284
STE,Steris,242.62,6,38,8,193,245,6,-7,16,23,38,283
NI,NiSource,40.07,8,32,68,43,151,12,24,83,12,131,282
DTE,DTE Energy,132.39,0,0,68,187,255,10,-16,21,11,26,281
EBAY,eBay Inc.,76.09,6,44,71,12,133,7,48,76,14,145,278
PTC,PTC Inc.,173.06,28,34,-20,180,222,37,-7,1,24,55,277
DRI,Darden Restaurants,219.48,0,54,38,59,151,7,48,42,28,125,276
DE,Deere & Company,508.53,-1,37,43,107,186,-7,48,39,8,88,274
J,Jacobs Solutions,132.67,32,33,0,104,169,37,48,1,17,103,272
PAYX,Paychex,147.42,7,0,78,165,250,10,-8,7,12,21,271
WAB,Wabtec,209.33,30,37,13,47,127,37,48,4,54,143,270
BRO,Brown & Brown,108.93,0,-44,110,161,227,18,4,-4,24,42,269
PH,Parker Hannifin,703.44,42,36,11,63,152,37,48,4,28,117,269
AMP,Ameriprise Financial,538.49,46,34,3,62,145,47,6,2,69,124,269
URI,United Rentals,774.62,46,35,1,62,144,61,6,2,55,124,268
LRCX,Lam Research,96.82,42,35,3,150,230,-6,42,4,-3,37,267
WMB,Williams Companies,58.73,-6,34,106,50,184,-2,26,4,55,83,267
ROP,Roper Technologies,572.6,8,2,23,180,213,8,-17,38,24,53,266
PWR,Quanta Services,372.13,0,42,11,97,150,-9,50,4,70,115,265
PEG,Public Service Enterprise Group,82.88,64,14,1,150,229,20,21,-21,15,35,264
JCI,Johnson Controls,104.67,30,43,69,17,159,37,48,4,16,105,264
GD,General Dynamics,294.34,35,57,2,52,146,47,12,4,55,118,264
HCA,HCA Healthcare,389.68,65,49,8,95,217,7,2,10,27,46,263
NWSA,News Corp (Class A),29.73,63,35,3,56,157,75,8,4,19,106,263
SYF,Synchrony Financial,68.2,63,35,11,19,128,68,48,2,16,134,262
NTRS,Northern Trust,128.05,77,35,10,9,131,75,41,4,11,131,262
SNPS,Synopsys,521.78,29,22,-21,178,208,40,14,2,-3,53,261
RL,Ralph Lauren Corporation,272.2,46,37,88,32,203,40,-10,4,24,58,261
LLY,Lilly (Eli),775.9,-4,0,-1,170,165,-12,14,-1,94,95,260
WDC,Western Digital,63.85,77,35,6,16,134,75,46,4,1,126,260
C,Citigroup,86.27,63,35,13,16,127,69,45,4,12,130,257
BAC,Bank of America,48.17,63,35,11,16,125,71,42,4,12,129,254
KO,Coca-Cola Company (The),71.68,9,2,22,180,213,18,-6,17,12,41,254
LMT,Lockheed Martin,465.79,0,2,-23,163,142,12,24,4,70,110,252
TRMB,Trimble Inc.,76.46,46,35,73,2,156,43,40,2,10,95,251
TMUS,T-Mobile US,241.52,31,-36,88,137,220,45,-46,-2,33,30,250
STX,Seagate Technology,145.13,76,35,8,20,139,44,46,4,16,110,249
STT,State Street Corporation,107.02,62,37,11,14,124,68,42,3,12,125,249
HLT,Hilton Worldwide,268.91,45,35,10,62,152,66,3,2,24,95,247
HD,Home Depot (The),373.21,40,1,0,178,219,48,-20,-18,17,27,246
JNPR,Juniper Networks,39.95,56,30,2,52,140,75,7,2,18,102,242
CB,Chubb Limited,289.55,14,2,95,56,167,12,-11,16,54,71,238
FFIV,"F5, Inc.",296.04,21,34,88,12,155,15,48,4,15,82,237
CRWD,CrowdStrike,492.07,38,48,39,0,125,40,50,4,18,112,237
ATO,Atmos Energy,153.66,-1,-1,68,43,109,5,1,79,43,128,237
ITW,Illinois Tool Works,255.2,30,6,1,176,213,7,-12,1,27,23,236
TXN,Texas Instruments,210.48,50,35,3,20,108,69,39,4,14,126,234
MET,MetLife,81.08,45,34,3,56,138,69,6,2,16,93,231
PCAR,Paccar,98.18,39,1,-16,157,181,37,-11,-8,32,50,231
DGX,Quest Diagnostics,179.34,0,49,62,16,127,14,15,62,12,103,230
PNR,Pentair,105.04,45,35,3,60,143,55,6,2,22,85,228
TEL,TE Connectivity,170.21,45,41,10,60,156,5,47,4,16,72,228
EVRG,Evergy,69.5,48,16,52,12,128,5,16,71,8,100,228
MDLZ,Mondelez International,68.95,7,8,3,180,198,1,22,13,-7,29,227
RF,Regions Financial Corporation,24.17,57,34,1,20,112,59,41,2,12,114,226
SCHW,Charles Schwab Corporation,91.2,21,48,71,9,149,12,48,4,12,76,225
CI,Cigna,334.34,34,4,3,56,97,54,4,14,55,127,224
MTB,M&T Bank,197.58,56,35,2,20,113,56,41,2,12,111,224
BK,BNY Mellon,90.63,4,37,88,38,167,-5,41,4,17,57,224
HBAN,Huntington Bancshares,17.18,44,35,3,19,101,59,46,4,14,123,224
BX,Blackstone Inc.,152.77,42,6,-7,140,181,37,4,-18,19,42,223
CBRE,CBRE Group,141.6,49,19,86,20,174,19,15,2,12,48,222
BLK,BlackRock,1054.27,43,34,11,20,108,42,48,4,19,113,221
GOOG,Alphabet Inc. (Class C),176.86,24,24,0,174,222,-2,-6,-13,19,-2,220
ADSK,Autodesk,311.59,55,38,48,12,153,40,6,4,17,67,220
GOOGL,Alphabet Inc. (Class A),175.87,24,24,0,174,222,-2,-6,-13,19,-2,220
HIG,Hartford (The),126.6,9,2,88,55,154,10,-15,15,54,64,218
CINF,Cincinnati Financial,149.45,15,41,79,60,195,16,-10,4,13,23,218
KMI,Kinder Morgan,28.33,0,33,86,42,161,-2,6,2,50,56,217
TRV,Travelers Companies (The),267.06,0,2,85,56,143,12,-11,18,54,73,216
AON,Aon plc,356.93,0,0,0,175,175,7,-11,-9,54,41,216
SHW,Sherwin-Williams,355.22,8,1,1,188,198,7,-10,4,17,18,216
MMM,3M,153.81,46,35,68,12,161,49,-12,4,12,53,214
ODFL,Old Dominion,168.37,20,1,-20,185,186,40,-19,-25,30,26,212
SRE,Sempra,76.2,15,11,-9,179,196,14,-12,2,12,16,212
KEY,KeyCorp,17.89,56,35,2,2,95,63,41,2,11,117,212
KR,Kroger,71.33,0,8,73,65,146,2,5,44,13,64,210
CMG,Chipotle Mexican Grill,58.23,56,19,0,78,153,16,12,1,27,56,209
GLW,Corning Inc.,52.59,49,34,13,15,111,43,41,2,12,98,209
MAR,Marriott International,278.03,45,35,3,56,139,40,3,1,25,69,208
HPE,Hewlett Packard Enterprise,20.48,42,31,0,40,113,37,5,1,52,95,208
PNC,PNC Financial Services,192.46,56,25,1,12,94,59,40,1,12,112,206
ABT,Abbott Laboratories,136.25,2,32,50,11,95,6,50,42,12,110,205
GRMN,Garmin,211.23,28,8,106,17,159,43,-5,-11,19,46,205
AMAT,Applied Materials,183.76,42,35,-24,147,200,-10,15,2,-3,4,204
PANW,Palo Alto Networks,197.58,-7,35,11,79,118,-19,46,4,55,86,204
ALLE,Allegion,147.66,50,47,3,19,119,59,1,4,20,84,203
FITB,Fifth Third Bancorp,42.45,56,11,0,20,87,61,40,1,14,116,203
AIG,American International Group,85.88,9,32,22,51,114,18,35,17,19,89,203
HAS,Hasbro,76.99,50,35,8,1,94,49,46,4,9,108,202
CFG,Citizens Financial Group,46.11,59,23,2,2,86,63,40,1,12,116,202
IRM,Iron Mountain,99.93,-18,40,0,55,77,18,48,4,54,124,201
AMGN,Amgen,290.49,7,0,0,163,170,6,-3,-8,34,29,199
CTVA,Corteva,75.07,15,48,47,0,110,26,48,4,9,87,197
AFL,Aflac,105.78,63,1,2,56,122,19,3,-2,53,73,195
EA,Electronic Arts,158.96,88,11,2,5,106,49,10,10,19,88,194
PG,Procter & Gamble,161.24,7,-12,0,177,172,16,-10,-8,24,22,194
ISRG,Intuitive Surgical,537.92,35,4,88,20,147,37,-16,2,24,47,194
DOV,Dover Corporation,186.14,41,24,0,104,169,37,-17,-13,17,24,193
LDOS,Leidos,161.05,50,47,0,21,118,47,4,7,17,75,193
ETR,Entergy,82.52,3,3,67,20,93,12,-7,83,12,100,193
CCL,Carnival,28.64,46,34,11,0,91,40,42,2,17,101,192
NSC,Norfolk Southern,262.39,63,34,5,2,104,18,48,4,12,82,186
IDXX,Idexx Laboratories,542.66,40,42,8,2,92,48,48,4,-6,94,186
TDY,Teledyne Technologies,511.52,31,34,46,12,123,41,4,4,13,62,185
LH,Labcorp,264.27,11,41,49,13,114,12,41,2,16,71,185
KKR,KKR & Co.,132.42,42,24,0,101,167,-4,17,-14,19,18,185
GILD,Gilead Sciences,111.76,20,29,45,33,127,23,-4,2,37,58,185
NTAP,NetApp,106.68,46,20,-19,55,102,12,48,1,20,81,183
VICI,Vici Properties,33.0,7,16,52,13,88,5,16,17,55,93,181
AIZ,Assurant,197.68,0,4,0,150,154,10,-2,1,17,26,180
VRTX,Vertex Pharmaceuticals,452.16,6,0,1,102,109,5,14,17,35,71,180
PFG,Principal Financial Group,80.81,45,6,1,53,105,56,1,1,16,74,179
FTNT,Fortinet,102.43,0,34,48,111,193,-20,-9,4,11,-14,179
META,Meta Platforms,719.17,45,35,11,27,118,-3,40,2,21,60,178
TTWO,Take-Two Interactive,240.09,0,55,39,11,105,3,12,39,18,72,177
AMZN,Amazon,220.45,27,25,11,19,82,35,40,1,18,94,176
PPL,PPL Corporation,33.97,2,-12,70,21,81,7,-7,82,12,94,175
PRU,Prudential Financial,109.03,45,25,-7,53,116,43,17,-21,17,56,172
BRK-B,Berkshire Hathaway,489.78,0,-20,118,60,158,1,-32,19,24,12,170
DIS,Walt Disney Company (The),123.46,41,35,9,0,85,40,39,4,1,84,169
NXPI,NXP Semiconductors,221.27,29,19,-19,61,90,37,43,1,-3,78,168
WYNN,Wynn Resorts,101.94,77,37,2,1,117,49,3,4,-6,50,167
ANET,Arista Networks,98.93,38,20,0,56,114,-3,16,-15,54,52,166
APO,Apollo Global Management,141.65,42,17,0,95,154,-2,5,-17,24,10,164
GL,Globe Life,124.89,46,4,39,12,101,59,1,-3,6,63,164
TSCO,Tractor Supply,54.08,7,1,0,83,91,5,11,-27,83,72,163
ANSS,Ansys,353.15,28,35,11,9,83,40,14,4,21,79,162
FCX,Freeport-McMoRan,44.04,32,35,0,56,123,-3,41,4,-4,38,161
VST,Vistra Corp.,185.12,0,34,13,28,75,-6,47,2,43,86,161
ROK,Rockwell Automation,338.62,28,38,9,13,88,37,40,4,-9,72,160
KIM,Kimco Realty,21.18,6,34,0,53,93,5,48,2,12,67,160
LOW,Lowe's,228.65,40,1,-14,164,191,-8,-20,-21,17,-32,159
CPRT,Copart,49.6,9,-26,-7,174,150,21,-22,-17,26,8,158
GWW,W. W. Grainger,1052.11,5,0,0,92,97,12,-10,4,55,61,158
TFC,Truist Financial,44.2,56,9,1,2,68,59,17,1,12,89,157
FICO,Fair Isaac,1840.99,-17,-5,0,164,142,3,4,-22,29,14,156
MLM,Martin Marietta Materials,557.64,21,44,0,58,123,18,-15,4,25,32,155
NOW,ServiceNow,1011.89,31,36,2,80,149,-5,-12,2,20,5,154
LHX,L3Harris,252.23,6,57,6,3,72,14,50,6,12,82,154
CNP,CenterPoint Energy,36.55,42,-1,43,43,127,5,-29,37,13,26,153
UNH,UnitedHealth Group,326.02,16,-51,-12,-2,-49,32,9,-25,182,198,149
LVS,Las Vegas Sands,47.39,46,35,0,-4,77,40,41,1,-12,70,147
HII,Huntington Ingalls Industries,246.3,33,74,2,4,113,26,5,10,-7,34,147
AEP,American Electric Power,104.41,12,2,67,21,102,14,1,17,12,44,146
REG,Regency Centers,71.11,0,0,62,51,113,5,3,4,17,29,142
DLR,Digital Realty,171.24,0,41,0,20,61,12,48,4,17,81,142
NCLH,Norwegian Cruise Line Holdings,21.01,42,6,-14,0,34,68,36,-14,18,108,142
DG,Dollar General,115.3,30,76,0,-15,91,33,24,16,-24,49,140
MPC,Marathon Petroleum,169.93,6,37,0,47,90,10,41,4,-6,49,139
TXT,Textron,80.98,42,35,-29,51,99,-7,45,4,-3,39,138
CMI,Cummins,329.33,28,7,0,63,98,37,-10,-15,28,40,138
AMD,Advanced Micro Devices,136.08,0,34,-36,108,106,-10,41,4,-5,30,136
GEN,Gen Digital,29.82,9,38,9,14,70,7,40,4,14,65,135
WEC,WEC Energy Group,104.74,6,-5,49,11,61,9,-7,62,9,73,134
WSM,"Williams-Sonoma, Inc.",170.24,28,1,2,63,94,29,3,-11,19,40,134
UBER,Uber,92.18,42,47,12,0,101,-6,4,10,24,32,133
EXPD,Expeditors International,117.99,9,3,0,129,141,21,3,-31,-1,-8,133
GE,GE Aerospace,249.04,0,46,13,25,84,-7,4,24,27,48,132
ACGL,Arch Capital Group,91.5,11,0,0,60,71,19,-11,4,49,61,132
NOC,Northrop Grumman,503.66,6,2,4,56,68,20,22,11,10,63,131
ABBV,AbbVie,189.96,6,1,10,56,73,6,-3,-7,62,58,131
XYL,Xylem Inc.,131.01,40,35,2,20,97,6,4,4,20,34,131
RMD,ResMed,256.29,0,41,11,11,63,7,47,3,11,68,131
AEE,Ameren,96.39,6,0,50,11,67,10,-10,55,8,63,130
MO,Altria,58.15,-33,32,64,43,106,-34,23,20,14,23,129
SNA,Snap-on,317.87,8,0,0,57,65,37,-15,-13,55,64,129
PHM,PulteGroup,109.96,45,8,-17,63,99,19,12,-28,27,30,129
EXE,Expand Energy,111.19,-10,55,35,0,80,-34,40,35,8,49,129
MSCI,MSCI Inc.,581.33,42,33,2,12,89,38,-17,1,18,40,129
QCOM,Qualcomm,159.38,28,20,-19,20,49,37,43,2,-3,79,128
DHI,D. R. Horton,133.88,48,8,-22,63,97,19,12,-29,28,30,127
NEM,Newmont,58.82,4,59,13,3,79,6,21,13,8,48,127
CARR,Carrier Global,74.31,43,42,2,0,87,6,3,4,24,37,124
ULTA,Ulta Beauty,473.54,9,45,6,2,62,14,48,6,-7,61,123
TRGP,Targa Resources,171.96,28,0,0,49,77,-5,12,-14,52,45,122
EQT,EQT Corporation,55.73,-7,41,35,40,109,-36,6,35,8,13,122
EXPE,Expedia Group,174.07,21,8,43,9,81,40,1,-12,12,41,122
ZBRA,Zebra Technologies,315.62,46,21,-15,-5,47,37,40,-15,11,73,120
VLO,Valero Energy,138.0,0,35,0,42,77,6,37,3,-3,43,120
PSX,Phillips 66,123.16,6,34,-2,39,77,6,36,3,-3,42,119
MCHP,Microchip Technology,71.68,56,35,0,1,92,-14,41,4,-5,26,118
IVZ,Invesco,16.17,46,11,0,0,57,56,7,-14,11,60,117
CSX,CSX Corporation,33.47,29,34,-30,2,35,43,38,4,-4,81,116
ECL,Ecolab,272.6,16,33,10,20,79,14,2,4,17,37,116
SMCI,Supermicro,47.2,35,11,0,56,102,-4,34,-10,-7,13,115
UHS,Universal Health Services,188.95,34,1,-5,20,50,37,1,2,24,64,114
EL,EstÃ©e Lauder Companies (The),85.12,77,25,0,-24,78,28,38,2,-33,35,113
FOXA,Fox Corporation (Class A),55.95,8,34,62,0,104,-10,4,2,12,8,112
SOLV,Solventum,77.92,39,8,0,0,47,37,36,-10,0,63,110
ED,Consolidated Edison,100.78,0,-19,22,45,48,10,-7,16,43,62,110
LII,Lennox International,598.73,50,2,0,36,88,12,1,-17,25,21,109
VMC,Vulcan Materials Company,264.68,20,1,0,58,79,18,-17,4,25,30,109
DVA,DaVita,146.73,42,1,0,18,61,42,3,-14,17,48,109
MAS,Masco,67.1,24,1,-14,63,74,40,1,-26,19,34,108
HSIC,Henry Schein,74.49,46,11,2,0,59,56,4,-13,1,48,107
OTIS,Otis Worldwide,100.45,42,2,2,0,46,40,3,-8,24,59,105
VLTO,Veralto,102.59,42,35,0,0,77,37,-12,3,0,28,105
DELL,Dell Technologies,121.74,0,35,-1,30,64,-11,48,4,-2,39,103
DLTR,Dollar Tree,101.47,9,52,0,-13,48,5,51,19,-20,55,103
PNW,Pinnacle West Capital,90.81,8,1,62,16,87,6,-31,16,24,15,102
IR,Ingersoll Rand,85.3,42,34,-15,21,82,-12,4,1,27,20,102
USB,U.S. Bancorp,46.49,42,35,0,2,79,5,4,1,13,23,102
STLD,Steel Dynamics,130.12,5,1,1,53,60,-8,-10,4,55,41,101
K,Kellanova,79.84,13,-15,63,19,80,23,-12,-1,11,21,101
GNRC,Generac,146.61,49,19,-14,-32,22,56,37,-22,8,79,101
BKR,Baker Hughes,38.69,0,0,0,33,33,22,34,-13,24,67,100
SWKS,Skyworks Solutions,77.16,42,33,-37,-28,10,46,43,1,-3,87,97
GEV,GE Vernova,506.02,1,47,0,0,48,-6,50,5,0,49,97
FOX,Fox Corporation (Class B),51.59,9,34,61,0,104,-10,4,-8,7,-7,97
NDSN,Nordson Corporation,220.38,16,34,-30,0,20,37,40,4,-5,76,96
SPG,Simon Property Group,164.27,27,4,0,33,64,7,3,2,19,31,95
FIS,Fidelity National Information Services,82.38,9,50,0,-35,24,9,48,3,9,69,93
DECK,Deckers Brands,105.4,8,-14,-18,91,67,37,-26,-14,29,26,93
F,Ford Motor Company,11.35,25,49,1,-15,60,20,11,4,-3,32,92
COIN,Coinbase,335.24,0,34,3,0,37,-13,48,3,16,54,91
SYY,Sysco,77.36,9,22,1,1,33,10,35,1,12,58,91
GM,General Motors,52.0,22,17,0,9,48,21,9,1,11,42,90
PARA,Paramount Global,13.16,61,36,2,-37,62,22,42,6,-43,27,89
BLDR,Builders FirstSource,126.9,50,1,-22,63,92,16,7,-26,-1,-4,88
NVR,"NVR, Inc.",7666.47,28,4,-17,63,78,19,-10,-26,27,10,88
XEL,Xcel Energy,68.72,6,0,45,10,61,-14,-19,53,7,27,88
BA,Boeing,209.8,21,48,2,0,71,28,-7,4,-9,16,87
PODD,Insulet Corporation,299.95,-6,36,39,2,71,14,-11,8,4,15,86
NUE,Nucor,134.13,72,12,-49,1,36,42,13,1,-6,50,86
AOS,A. O. Smith,67.76,41,1,-36,56,62,42,-21,4,-3,22,84
TYL,Tyler Technologies,590.32,15,7,1,15,38,18,34,-22,16,46,84
O,Realty Income,57.81,6,31,4,5,46,5,17,4,11,37,83
D,Dominion Energy,57.64,46,33,8,-32,55,15,1,4,8,28,83
LNT,Alliant Energy,61.37,6,1,62,12,81,5,-19,4,11,1,82
AMT,American Tower,224.49,8,13,10,4,35,5,18,14,9,46,81
PKG,Packaging Corporation of America,202.75,7,3,0,59,69,15,-7,-20,24,12,81
VZ,Verizon,43.67,14,1,24,8,47,14,-11,17,12,32,79
CRM,Salesforce,271.91,42,0,-7,20,55,42,-22,-15,19,24,79
CPAY,Corpay,338.78,6,1,0,19,26,37,-9,2,23,53,79
KEYS,Keysight Technologies,164.4,42,35,10,0,87,-16,2,2,3,-9,78
APD,Air Products,285.55,36,6,0,14,56,-9,36,-13,8,22,78
CTSH,Cognizant,80.44,9,7,10,12,38,33,-11,1,16,39,77
HES,Hess Corporation,141.17,0,0,0,53,53,5,20,-5,1,21,74
IT,Gartner,406.59,12,-12,-15,56,41,6,-15,-13,55,33,74
TROW,T. Rowe Price,98.68,44,20,-17,-23,24,54,4,-19,11,50,74
MU,Micron Technology,120.88,-6,34,3,20,51,-19,40,4,-3,22,73
CVS,CVS Health,69.58,28,8,4,-15,25,40,14,19,-26,47,72
CMS,CMS Energy,70.14,6,-27,70,21,70,5,-33,16,12,0,70
EW,Edwards Lifesciences,77.2,41,9,0,-12,38,50,-10,24,-33,31,69
UAL,United Airlines Holdings,80.05,21,8,0,9,38,37,-7,-14,14,30,68
FSLR,First Solar,163.05,14,0,-33,60,41,37,-10,4,-4,27,68
HST,Host Hotels & Resorts,15.86,6,35,-26,0,15,5,48,2,-4,51,66
CVX,Chevron Corporation,145.55,0,0,-2,46,44,5,18,-6,4,21,65
OKE,Oneok,80.98,0,-7,-7,52,38,-2,-3,-19,49,25,63
SBUX,Starbucks,94.91,7,3,4,1,15,16,34,-9,5,46,61
GEHC,GE HealthCare,75.94,30,4,-14,0,20,37,9,-12,6,40,60
EOG,EOG Resources,121.2,-32,14,0,43,25,-14,15,-15,49,35,60
EXC,Exelon,43.42,14,-24,49,12,51,14,-34,20,8,8,59
MOS,Mosaic Company (The),36.78,11,55,10,-14,62,11,5,9,-28,-3,59
FE,FirstEnergy,40.38,3,0,1,53,57,5,-20,4,12,1,58
VTR,Ventas,62.87,-5,-24,66,20,57,1,-31,17,13,0,57
CL,Colgate-Palmolive,92.06,11,0,-5,21,27,21,-7,-8,24,30,57
XOM,ExxonMobil,109.25,-40,1,0,42,3,-12,13,3,48,52,55
ESS,Essex Property Trust,284.95,6,17,0,12,35,-12,15,4,12,19,54
CEG,Constellation Energy,307.88,-3,35,10,0,42,-12,3,4,17,12,54
EXR,Extra Space Storage,150.5,7,32,-7,0,32,5,1,4,11,21,53
MDT,Medtronic,88.74,14,1,5,0,20,12,16,-8,11,31,51
ROST,Ross Stores,129.95,6,-12,-7,33,20,19,-20,5,27,31,51
ABNB,Airbnb,135.42,7,20,-4,0,23,37,-7,1,-3,28,51
CHTR,Charter Communications,418.25,44,3,12,-34,25,15,1,4,4,24,49
FI,Fiserv,172.65,49,-61,-8,33,13,13,6,-9,25,35,48
JNJ,Johnson & Johnson,155.9,7,1,2,5,15,40,-3,-8,4,33,48
AWK,American Water Works,142.56,3,0,20,0,23,7,-4,16,6,25,48
LEN,Lennar,115.49,25,1,-24,62,64,19,-5,-29,-1,-16,48
MKC,McCormick & Company,77.19,28,0,2,0,30,1,15,-8,8,16,46
CSGP,CoStar Group,81.89,7,17,0,12,36,-12,12,17,-7,10,46
TER,Teradyne,91.9,58,6,-23,-4,37,-10,36,-17,-3,6,43
AVB,AvalonBay Communities,203.36,-4,1,0,14,11,5,15,-1,13,32,43
WAT,Waters Corporation,357.04,39,5,2,12,58,1,-16,-14,12,-17,41
PPG,PPG Industries,116.42,45,35,-40,-6,34,6,3,4,-6,7,41
KDP,Keurig Dr Pepper,33.58,7,0,1,0,8,6,5,12,10,33,41
UDR,"UDR, Inc.",40.87,6,0,0,0,6,5,14,4,11,34,40
WTW,Willis Towers Watson,307.65,37,-47,2,22,14,19,-11,-9,27,26,40
CMCSA,Comcast,36.33,24,7,-29,-7,-5,37,12,1,-6,44,39
ES,Eversource Energy,64.54,6,38,9,-8,45,20,-5,4,-26,-7,38
ADM,Archer Daniels Midland,54.32,6,36,0,-9,33,6,12,4,-18,4,37
MTD,Mettler Toledo,1205.37,30,20,-17,0,33,1,40,-35,-3,3,36
BALL,Ball Corporation,57.88,7,35,-29,-9,4,-16,47,4,-3,32,36
LUV,Southwest Airlines,33.42,16,34,9,-37,22,16,-5,1,2,14,36
DPZ,Domino's,457.94,6,0,0,8,14,6,-21,21,16,22,36
SBAC,SBA Communications,238.75,9,8,10,-18,9,5,7,11,3,26,35
AMCR,Amcor,9.47,28,1,-14,0,15,37,3,-29,9,20,35
EFX,Equifax,263.98,9,2,0,14,25,8,-20,4,16,8,33
PYPL,PayPal,75.29,42,25,0,-37,30,18,-4,-18,7,3,33
IP,International Paper,49.44,21,0,0,14,35,7,-10,-14,14,-3,32
DAL,Delta Air Lines,49.0,23,7,-7,17,40,-5,-12,-15,24,-8,32
WBA,Walgreens Boots Alliance,11.49,28,35,0,-75,-12,28,50,-1,-33,44,32
GDDY,GoDaddy,178.42,5,0,0,20,25,18,-19,-13,20,6,31
JBHT,J.B. Hunt,151.04,30,4,-25,0,9,45,7,-22,-8,22,31
A,Agilent Technologies,120.45,28,9,-17,0,20,-10,38,-14,-3,11,31
KMB,Kimberly-Clark,131.63,7,-12,0,16,11,11,-12,-5,24,18,29
DXCM,Dexcom,83.57,0,39,0,-12,27,12,-8,4,-7,1,28
MHK,Mohawk Industries,109.41,30,1,-20,-9,2,40,1,-28,12,25,27
MGM,MGM Resorts,36.88,23,15,-50,0,-12,36,9,1,-7,39,27
VTRS,Viatris,9.18,28,9,-19,-5,13,6,13,-23,17,13,26
PSA,Public Storage,298.08,7,1,-5,13,16,5,-11,4,11,9,25
BXP,"BXP, Inc.",68.12,-4,33,-2,0,27,-66,48,4,11,-3,24
FDX,FedEx,234.39,9,3,-20,30,22,17,8,-22,-2,1,23
WDAY,"Workday, Inc.",239.14,2,-7,-4,12,3,19,-21,2,20,20,23
CHRW,C.H. Robinson,98.31,21,3,0,2,26,21,-10,-21,6,-4,22
NEE,NextEra Energy,73.04,2,1,0,0,3,4,-1,4,11,18,21
EQIX,Equinix,795.4,-30,0,-2,32,0,4,-5,-2,24,21,21
CCI,Crown Castle,103.73,9,8,1,-26,-8,5,7,14,3,29,21
EIX,Edison International,52.87,42,-18,-26,0,-2,14,-19,-23,48,20,18
EQR,Equity Residential,67.26,0,0,0,11,11,17,-26,4,11,6,17
SW,Smurfit Westrock,45.83,22,1,0,0,23,23,-13,-17,0,-7,16
WBD,Warner Bros. Discovery,10.95,46,15,6,-40,27,-7,35,2,-43,-13,14
CF,CF Industries,92.47,-46,34,9,2,-1,5,-1,4,6,14,13
TPL,Texas Pacific Land Corporation,1068.62,0,-22,-3,56,31,-11,-22,4,11,-18,13
DD,DuPont,71.48,28,6,-15,17,36,5,1,-29,-1,-24,12
APTV,Aptiv,71.68,21,35,1,-22,35,6,1,4,-34,-23,12
GPC,Genuine Parts Company,125.33,14,2,0,0,16,17,-10,4,-15,-4,12
HOLX,Hologic,65.34,23,23,-29,0,17,-2,30,-29,-5,-6,11
AKAM,Akamai Technologies,79.6,44,2,-20,-5,21,7,10,-20,-8,-11,10
FTV,Fortive,53.13,6,1,-15,31,23,5,-7,-11,-3,-16,7
ELV,Elevance Health,395.75,19,0,-38,0,-19,30,1,-4,-1,26,7
TSN,Tyson Foods,57.38,15,0,0,-26,-11,12,1,-5,9,17,6
TGT,Target Corporation,103.87,21,1,-25,-9,-12,40,15,-33,-4,18,6
CTRA,Coterra,25.1,-31,0,5,42,16,-42,27,-6,11,-10,6
JKHY,Jack Henry & Associates,182.03,7,3,10,2,22,3,-11,-21,9,-20,2
ACN,Accenture,302.57,14,-8,-17,12,1,7,-10,-13,17,1,2
INCY,Incyte,68.73,-2,21,0,-29,-10,-12,43,-25,5,11,1
GPN,Global Payments,81.96,42,0,-21,-37,-16,37,3,-18,-8,14,-2
INVH,Invitation Homes,32.78,-35,0,0,5,-30,5,-5,15,12,27,-3
CRL,Charles River Laboratories,154.4,30,20,-48,-24,-22,43,38,-57,-6,18,-4
WST,West Pharmaceutical Services,222.4,7,18,-21,-5,-1,6,18,-21,-6,-3,-4
HRL,Hormel Foods,30.69,7,4,-4,-21,-14,17,14,4,-28,7,-7
LULU,Lululemon Athletica,245.26,13,-17,-5,-1,-10,37,-11,-14,-10,2,-8
SWK,Stanley Black & Decker,70.4,28,1,-23,-37,-31,37,1,-29,12,21,-10
BMY,Bristol Myers Squibb,47.51,0,0,-3,-3,-6,5,-4,-8,3,-4,-10
PLD,Prologis,106.61,6,1,-17,0,-10,1,-4,4,-3,-2,-12
RVTY,Revvity,99.01,45,0,-14,-22,9,-16,11,-19,1,-23,-14
MOH,Molina Healthcare,306.28,20,-27,-7,0,-14,7,1,-3,-6,-1,-15
ERIE,Erie Indemnity,352.09,3,-47,-11,37,-18,9,-8,-29,29,1,-17
AVY,Avery Dennison,181.2,7,1,-29,0,-21,5,1,1,-3,4,-17
DHR,Danaher Corporation,201.11,7,17,-23,0,1,1,16,-34,-2,-19,-18
IPG,Interpublic Group of Companies (The),25.13,50,1,-37,0,14,10,3,-34,-15,-36,-22
EPAM,EPAM Systems,179.01,31,6,-20,-25,-8,42,-12,-11,-35,-16,-24
CDW,CDW Corporation,181.12,42,35,-36,2,43,9,-14,-57,-6,-68,-25
EG,Everest Group,340.85,11,-16,-30,53,18,4,-16,-31,-3,-46,-28
DOC,Healthpeak Properties,17.88,9,0,-11,-29,-31,5,15,-26,7,1,-30
MAA,Mid-America Apartment Communities,148.95,6,-21,0,0,-15,5,-28,-2,9,-16,-31
HPQ,HP Inc.,25.5,24,0,-19,0,5,-7,-20,-23,14,-36,-31
KMX,CarMax,70.28,7,0,-13,-34,-40,5,12,-17,9,9,-31
FRT,Federal Realty Investment Trust,94.21,-4,0,-17,0,-21,5,-5,-23,12,-11,-32
PEP,PepsiCo,135.27,15,0,-36,-1,-22,18,15,-33,-11,-11,-33
ON,ON Semiconductor,53.6,5,20,-31,0,-6,-20,41,-37,-13,-29,-35
TECH,Bio-Techne,52.08,30,0,-21,-22,-13,-8,11,-21,-4,-22,-35
ADBE,Adobe Inc.,392.02,6,0,-30,-4,-28,41,-12,-34,-3,-8,-36
DAY,Dayforce,56.46,0,0,-14,-10,-24,7,-5,-18,3,-13,-37
PCG,PG&E Corporation,14.12,6,-19,-24,0,-37,6,-21,-23,38,0,-37
PFE,Pfizer,25.04,7,16,-27,-21,-25,7,41,-35,-26,-13,-38
HSY,Hershey Company (The),175.84,7,1,-39,-2,-33,3,16,-8,-17,-6,-39
PAYC,Paycom,233.81,0,0,13,-22,-9,9,-9,4,-35,-31,-40
FANG,Diamondback Energy,140.19,-4,1,-23,45,19,-14,-1,-42,-3,-60,-41
IQV,IQVIA,162.62,15,0,-34,-4,-23,5,16,-36,-4,-19,-42
SJM,J.M. Smucker Company (The),102.97,14,-15,-6,-2,-9,7,-15,-4,-21,-33,-42
LKQ,LKQ Corporation,37.95,6,-12,-4,0,-10,6,-18,-8,-15,-35,-45
BBY,Best Buy,70.64,7,1,-18,-4,-14,-12,-5,-29,14,-32,-46
SLB,Schlumberger,35.19,6,0,-64,0,-58,19,11,-15,-8,7,-51
TSLA,"Tesla, Inc.",300.71,-23,0,-1,8,-16,-33,7,-18,8,-36,-52
IEX,IDEX Corporation,180.27,7,0,-22,0,-15,6,-19,-22,-4,-39,-54
INTC,Intel,22.85,42,6,-63,-18,-33,-12,11,-11,-10,-22,-55
POOL,Pool Corporation,304.36,7,-14,-17,-4,-28,2,1,-23,-7,-27,-55
TMO,Thermo Fisher Scientific,422.04,29,0,-16,-3,10,46,-96,-15,-1,-66,-56
COO,Cooper Companies (The),72.83,21,-22,-21,-3,-25,21,-26,-26,-1,-32,-57
ZTS,Zoetis,159.2,0,1,-29,-1,-29,-20,-9,3,-3,-29,-58
MTCH,Match Group,32.5,7,19,-20,-35,-29,7,27,-27,-36,-29,-58
EMN,Eastman Chemical Company,78.22,7,-12,-15,0,-20,-12,-14,-29,13,-42,-62
MRK,Merck & Co.,81.81,7,0,-41,-2,-36,7,15,-45,-4,-27,-63
MKTX,MarketAxess,222.95,6,2,-22,-27,-41,5,11,4,-42,-22,-63
TAP,Molson Coors Beverage Company,49.09,2,-46,-7,0,-51,10,-20,-8,-1,-19,-70
HUM,Humana,252.5,23,0,-83,-10,-70,29,3,-14,-18,0,-70
MRNA,Moderna,28.68,28,0,-49,-2,-23,43,-6,-49,-37,-49,-72
LYB,LyondellBasell,61.21,6,0,-38,-3,-35,6,11,-52,-5,-40,-75
BG,Bunge Global,80.25,-13,13,-38,0,-38,-50,9,4,-3,-40,-78
COP,ConocoPhillips,91.98,0,0,-39,0,-39,6,13,-55,-6,-42,-81
CZR,Caesars Entertainment,29.61,7,8,-20,-23,-28,7,3,-29,-35,-54,-82
WY,Weyerhaeuser,26.23,-4,0,-17,0,-21,-29,-2,-29,-6,-66,-87
IFF,International Flavors & Fragrances,75.11,3,0,-17,-29,-43,-19,-6,-29,9,-45,-88
KVUE,Kenvue,20.95,-69,-19,0,0,-88,1,-20,13,1,-5,-93
ALGN,Align Technology,194.26,41,20,-61,-23,-23,12,9,-56,-36,-71,-94
REGN,Regeneron Pharmaceuticals,534.67,15,-22,-35,-2,-44,7,-19,-36,-2,-50,-94
UPS,United Parcel Service,104.45,21,1,-100,-14,-92,22,35,-28,-32,-3,-95
OMC,Omnicom Group,73.81,15,-139,-21,0,-145,21,1,-26,48,44,-101
BDX,Becton Dickinson,177.66,9,-88,-22,-3,-104,18,1,-13,-13,-7,-111
DVN,Devon Energy,32.65,-4,1,-44,-3,-50,-60,14,3,-20,-63,-113
BAX,Baxter International,31.23,7,0,-17,-36,-46,-16,-5,-8,-39,-68,-114
ARE,Alexandria Real Estate Equities,74.49,6,0,-31,-28,-53,5,9,-42,-33,-61,-114
HAL,Halliburton,21.2,0,0,-57,-3,-60,-7,15,-56,-7,-55,-115
NKE,"Nike, Inc.",73.39,26,3,-71,-19,-61,44,3,-72,-34,-59,-120
AES,AES Corporation,10.76,0,-10,-36,-9,-55,4,-1,-47,-22,-66,-121
CNC,Centene Corporation,56.63,7,-28,-38,-9,-68,5,-26,-7,-26,-54,-122
DOW,Dow Inc.,27.81,0,-9,-37,0,-46,-17,-5,-52,-6,-80,-126
KHC,Kraft Heinz,26.6,7,-48,-36,-2,-79,6,-38,-8,-8,-48,-127
STZ,Constellation Brands,166.45,6,-18,-39,-1,-52,7,-22,-55,-6,-76,-128
APA,APA Corporation,18.94,0,17,-79,-10,-72,20,21,-83,-17,-59,-131
GIS,General Mills,53.19,6,-59,-35,-2,-90,7,-5,-31,-17,-46,-136
CPT,Camden Property Trust,112.98,-74,0,0,0,-74,-84,-5,4,9,-76,-150
ALB,Albemarle Corporation,62.88,28,0,-122,-21,-115,-7,11,-21,-23,-40,-155
OXY,Occidental Petroleum,42.86,-45,1,-49,0,-93,-12,17,-53,-14,-62,-155
CAG,Conagra Brands,21.04,0,-53,-26,-5,-84,6,-67,-8,-21,-90,-174
BIIB,Biogen,130.02,7,0,-78,-25,-96,-16,-5,-41,-16,-78,-174
BF-B,Brownâ€“Forman,27.86,14,-22,-97,-16,-121,19,-21,-29,-26,-57,-178
LW,Lamb Weston,52.37,-70,0,-66,-6,-142,-5,-2,-20,-12,-39,-181
CPB,Campbell's Company (The),31.69,0,-60,-26,-4,-90,3,-70,-33,-3,-103,-193
ZBH,Zimmer Biomet,94.04,7,-58,-59,-15,-125,5,1,-58,-16,-68,-193
CLX,Clorox,123.54,6,-123,-11,-3,-131,8,-81,-21,11,-83,-214
ENPH,Enphase Energy,40.89,6,-119,-40,-18,-171,-3,-60,-47,-22,-132,-303
