Symbol,Name,Close,1H Cloud Score,1D Cloud Score,1W Cloud Score,1M Cloud Score,Cloud Score Sum,1H TKx Score,1D TKx Score,1W TKx Score,1M TKx Score,TKx Score Sum,Total Score Sum
TJX,TJX Companies,141.37,-25,50,156,200,381,2,12,125,195,334,715
ORLY,Oâ€™Reilly Automotive,102.88,0,1,171,201,373,6,-1,62,91,158,531
SO,Southern Company,98.09,48,7,84,192,331,40,8,31,81,160,491
WRB,W. R. Berkley Corporation,77.43,0,33,102,178,313,-5,46,32,57,130,443
MPWR,Monolithic Power Systems,982.22,7,107,11,159,284,76,51,18,2,147,431
ATO,Atmos Energy,175.5,102,47,82,47,278,-1,9,93,47,148,426
DUK,Duke Energy,126.09,49,7,84,185,325,42,9,30,18,99,424
AAPL,Apple Inc.,247.59,-21,74,6,253,312,-21,42,10,73,104,416
JPM,JPMorgan Chase,307.94,0,109,131,160,400,-68,34,18,28,12,412
MMC,Marsh McLennan,205.35,73,0,-11,177,239,-2,5,-19,180,164,403
PLTR,Palantir Technologies,177.19,-9,120,124,0,235,-7,18,127,22,160,395
NRG,NRG Energy,168.76,6,22,111,96,235,-11,21,121,23,154,389
COR,Cencora,316.99,23,30,52,77,182,31,39,63,70,203,385
APH,Amphenol,123.85,0,120,27,67,214,-5,122,18,29,164,378
HWM,Howmet Aerospace,189.98,-2,24,156,31,209,-15,24,100,59,168,377
GS,Goldman Sachs,787.76,-24,107,100,60,243,-26,118,18,23,133,376
COST,Costco,935.49,21,-18,0,182,185,26,-29,-10,186,173,358
L,Loews Corporation,101.33,0,107,120,57,284,-12,42,18,26,74,358
ORCL,Oracle Corporation,308.06,21,24,19,200,264,24,21,18,29,92,356
ROL,"Rollins, Inc.",56.1,-20,-1,39,288,306,-33,6,31,37,41,347
ETR,Entergy,95.72,0,17,84,139,240,-24,16,97,16,105,345
GD,General Dynamics,334.4,-9,129,16,56,192,-16,84,18,59,145,337
CBOE,Cboe Global Markets,243.39,5,2,152,57,216,27,10,30,53,120,336
WELL,Welltower,166.82,-32,1,124,60,153,-51,65,141,26,181,334
RTX,RTX Corporation,158.85,-17,106,85,56,230,-19,15,92,16,104,334
AVGO,Broadcom,356.68,7,110,27,118,262,24,-3,18,32,71,333
BSX,Boston Scientific,94.95,0,-22,152,146,276,-5,-16,18,59,56,332
MSI,Motorola Solutions,456.1,-2,0,9,155,162,-15,-13,9,187,168,330
CME,CME Group,271.35,16,0,62,138,216,23,11,58,21,113,329
DTE,DTE Energy,140.07,-7,15,82,191,281,-19,12,35,15,43,324
ANET,Arista Networks,147.41,-2,92,15,60,165,-3,88,14,58,157,322
CDNS,Cadence Design Systems,332.21,-22,-2,25,143,144,-18,-5,18,182,177,321
FFIV,"F5, Inc.",340.62,42,106,102,16,266,-3,20,18,19,54,320
RL,Ralph Lauren Corporation,317.06,0,109,102,36,247,-12,38,18,28,72,319
WMT,Walmart,102.11,1,31,135,103,270,-2,-3,18,31,44,314
MNST,Monster Beverage,67.14,0,46,34,182,262,-3,20,27,6,50,312
NEM,Newmont,89.41,7,131,27,7,172,7,93,27,12,139,311
WM,Waste Management,217.09,-4,-36,0,189,149,-2,1,-2,161,158,307
PPL,PPL Corporation,37.44,6,65,84,25,180,4,11,96,16,127,307
WEC,WEC Energy Group,114.98,49,63,63,15,190,5,20,76,13,114,304
IBM,IBM,277.16,-13,18,117,56,178,-25,26,64,58,123,301
GLW,Corning Inc.,85.51,7,106,27,19,159,-5,113,16,16,140,299
CAT,Caterpillar Inc.,504.83,7,106,16,66,195,-4,31,16,59,102,297
ALL,Allstate,205.64,-21,18,105,161,263,-16,11,19,19,33,296
EME,Emcor,677.08,7,107,25,60,199,-5,26,16,59,96,295
LLY,Lilly (Eli),819.16,0,12,2,174,188,-5,29,-15,98,107,295
MCD,McDonald's,300.11,1,-6,0,244,239,9,-18,6,59,56,295
LHX,L3Harris,293.35,-10,129,20,7,146,-12,122,20,16,146,292
NEE,NextEra Energy,84.29,112,14,3,2,131,116,10,18,15,159,290
EXC,Exelon,46.86,109,10,63,16,198,68,9,2,12,91,289
V,Visa Inc.,343.23,-9,-1,145,135,270,-16,7,-1,28,18,288
GRMN,Garmin,251.39,0,80,120,21,221,-12,41,14,23,66,287
EVRG,Evergy,77.49,14,88,66,16,184,-12,16,85,12,101,285
MLM,Martin Marietta Materials,638.61,72,62,14,62,210,21,4,18,29,72,282
LYV,Live Nation Entertainment,153.85,0,-4,102,149,247,12,-12,17,18,35,282
AZO,AutoZone,4100.22,-35,1,102,88,156,7,-4,62,59,124,280
ABBV,AbbVie,230.31,-3,59,25,60,141,-5,66,11,66,138,279
FE,FirstEnergy,46.96,102,60,14,57,233,-3,14,18,16,45,278
GOOGL,Alphabet Inc. (Class A),244.13,-21,96,16,178,269,-26,-2,13,23,8,277
MA,Mastercard,559.13,-19,-2,134,157,270,-19,-20,18,28,7,277
GOOG,Alphabet Inc. (Class C),244.65,-21,96,15,178,268,-26,-1,12,23,8,276
NFLX,Netflix,1218.65,30,0,124,22,176,-2,-18,95,22,97,273
MCK,McKesson Corporation,769.16,19,18,50,60,147,24,35,-5,69,123,270
SRE,Sempra,91.17,-2,62,8,183,251,-17,17,16,1,17,268
IBKR,Interactive Brokers,70.51,7,18,97,59,181,-5,17,16,59,87,268
J,Jacobs Solutions,153.87,0,105,14,108,227,-12,16,15,21,40,267
TRV,Travelers Companies (The),270.4,-20,0,99,60,139,-19,54,32,58,125,264
HUBB,Hubbell Incorporated,418.73,0,-2,9,184,191,-5,-13,14,73,69,260
WDC,Western Digital,118.87,-30,107,20,20,117,2,118,18,5,143,260
ETN,Eaton Corporation,375.43,0,17,16,116,149,-5,24,16,74,109,258
TPR,"Tapestry, Inc.",114.07,0,107,88,23,218,-21,24,16,21,40,258
HOOD,Robinhood Markets,140.7,0,109,89,0,198,-5,26,18,20,59,257
GE,GE Aerospace,297.52,0,118,27,29,174,-16,29,38,31,82,256
VMC,Vulcan Materials Company,302.74,-2,59,14,62,133,9,67,18,29,123,256
DASH,DoorDash,273.51,0,106,105,0,211,-14,21,18,20,45,256
CINF,Cincinnati Financial,157.87,-8,50,93,64,199,-20,41,18,17,56,255
HPE,Hewlett Packard Enterprise,24.76,-1,103,9,44,155,-12,40,15,56,99,254
ULTA,Ulta Beauty,542.88,-8,117,20,6,135,-11,120,20,-11,118,253
MS,Morgan Stanley,155.15,-13,107,84,66,244,-26,-1,18,18,9,253
URI,United Rentals,974.74,0,107,15,66,188,-16,4,16,59,63,251
AJG,Arthur J. Gallagher & Co.,298.04,-21,0,0,188,167,-28,11,-10,109,82,249
AIZ,Assurant,217.42,-1,48,9,154,210,-4,10,10,21,37,247
CNP,CenterPoint Energy,39.37,6,61,57,47,171,-11,19,51,17,76,247
DGX,Quest Diagnostics,182.8,0,46,76,20,142,14,-1,76,16,105,247
LDOS,Leidos,186.0,-9,119,10,25,145,-17,76,21,21,101,246
PWR,Quanta Services,431.06,7,14,25,101,147,-12,18,18,74,98,245
NDAQ,"Nasdaq, Inc.",89.37,30,-15,84,146,245,-5,-31,18,16,-2,243
TEL,TE Connectivity,219.39,-12,113,24,64,189,-12,28,18,20,54,243
CMS,CMS Energy,73.54,85,6,84,25,200,12,9,6,16,43,243
AXON,Axon Enterprise,709.9,-9,-23,153,96,217,-10,-14,18,32,26,243
PGR,Progressive Corporation,236.24,-18,-87,-1,179,73,-11,-1,-11,191,168,241
BR,Broadridge Financial Solutions,232.67,-9,-21,122,147,239,-14,-29,18,27,2,241
NVDA,Nvidia,188.32,7,18,22,136,183,-4,16,18,28,58,241
STX,Seagate Technology,219.22,-34,107,22,24,119,-36,118,18,20,120,239
CMI,Cummins,409.0,-13,79,13,67,146,-26,70,14,32,90,236
XEL,Xcel Energy,80.16,-1,63,59,14,135,-10,32,67,11,100,235
NI,NiSource,42.73,-9,14,82,47,134,-26,14,97,16,101,235
MO,Altria,64.93,-7,60,78,47,178,-2,7,34,18,57,235
WMB,Williams Companies,62.67,-21,18,120,54,171,-36,23,18,59,64,235
TT,Trane Technologies,418.82,-9,0,24,166,181,-9,10,18,31,50,231
CHD,Church & Dwight,86.52,-7,-55,-24,346,260,-19,-18,-22,27,-32,228
ALLE,Allegion,173.69,-13,119,17,23,146,-35,75,18,24,82,228
PNR,Pentair,108.81,-13,107,17,64,175,-33,44,16,26,53,228
KLAC,KLA Corporation,1024.58,-30,26,22,179,197,-36,20,18,28,30,227
MSFT,Microsoft,513.97,-12,0,24,175,187,-21,15,18,27,39,226
PANW,Palo Alto Networks,213.24,7,27,7,83,124,-8,28,18,59,97,221
CTAS,Cintas,187.91,-37,-41,-1,169,90,-56,-3,-1,189,129,219
BK,BNY Mellon,106.28,-60,109,102,42,193,-13,-1,18,21,25,218
LMT,Lockheed Martin,503.89,0,33,0,167,200,-16,35,3,-4,18,218
YUM,Yum! Brands,140.43,-42,-3,0,261,216,-60,-2,2,59,-1,215
JNJ,Johnson & Johnson,190.86,89,73,16,9,187,-1,8,13,8,28,215
AMGN,Amgen,292.37,0,9,-1,167,175,-9,3,6,38,38,213
LH,Labcorp,276.55,-4,57,63,17,133,-5,44,16,20,75,208
HIG,Hartford (The),128.73,-21,0,102,59,140,-19,-2,29,58,66,206
LIN,Linde plc,456.63,-23,-3,21,112,107,-19,-9,18,108,98,205
HII,Huntington Ingalls Industries,287.86,4,146,16,8,174,-10,26,24,-11,29,203
RSG,Republic Services,223.03,-2,-53,0,179,124,4,-78,-9,162,79,203
AMAT,Applied Materials,219.51,3,18,3,151,175,-4,18,16,-7,23,198
TDY,Teledyne Technologies,568.01,-14,106,60,16,168,-26,21,18,17,30,198
AMD,Advanced Micro Devices,216.41,65,6,6,112,189,-10,8,18,-9,7,196
PTC,PTC Inc.,202.49,-2,0,14,184,196,-26,-23,15,28,-6,190
TTWO,Take-Two Interactive,256.77,-1,30,53,15,97,-19,37,53,22,93,190
NOC,Northrop Grumman,619.02,0,74,18,60,152,-9,8,25,14,38,190
CAH,Cardinal Health,154.31,-2,12,63,40,113,-7,26,-1,59,77,190
AON,Aon plc,353.28,-8,-3,0,179,168,-18,-24,5,58,21,189
KR,Kroger,67.13,33,-33,87,69,156,-7,-36,58,17,32,188
UNP,Union Pacific Corporation,225.84,-21,0,-1,200,178,-30,15,3,21,9,187
LRCX,Lam Research,137.77,-13,29,17,154,187,-32,21,18,-7,0,187
STE,Steris,235.45,-63,-2,22,197,154,-12,-13,30,27,32,186
MDT,Medtronic,95.57,-2,74,19,3,94,-23,88,11,15,91,185
PNW,Pinnacle West Capital,92.15,74,5,2,20,101,49,8,-1,28,84,185
BLK,BlackRock,1156.53,-2,106,25,24,153,-26,17,18,23,32,185
HCA,HCA Healthcare,410.61,-17,46,11,99,139,-23,14,24,31,46,185
IVZ,Invesco,23.27,-13,83,15,4,89,-13,79,15,15,96,185
AEE,Ameren,103.58,-1,15,65,15,94,-3,9,70,12,88,182
AFL,Aflac,110.25,-9,43,9,60,103,-23,42,2,57,78,181
D,Dominion Energy,61.34,0,105,22,3,130,5,15,18,12,50,180
TKO,TKO Group Holdings,188.6,-30,45,79,42,136,-25,-3,18,52,42,178
AME,Ametek,182.16,-51,0,12,108,69,-5,-11,18,103,105,174
ROP,Roper Technologies,512.83,38,-51,-10,184,161,-11,1,-9,28,9,170
TDG,TransDigm Group,1293.19,0,-43,5,159,121,-23,14,-1,59,49,170
BKNG,Booking Holdings,5251.63,-35,-11,144,37,135,9,-24,18,28,31,166
FSLR,First Solar,226.16,-2,72,3,64,137,-9,27,18,-8,28,165
KMI,Kinder Morgan,27.35,-30,0,100,46,116,-47,23,16,54,46,162
BRO,Brown & Brown,94.48,0,-1,-7,165,157,-10,5,-18,28,5,162
PEG,Public Service Enterprise Group,81.75,0,-29,3,154,128,-8,11,12,19,34,162
KO,Coca-Cola Company (The),66.79,4,-36,2,184,154,-3,1,-6,16,8,162
GILD,Gilead Sciences,118.22,37,5,59,37,138,-5,-29,16,41,23,161
AEP,American Electric Power,116.8,0,10,81,25,116,-11,8,31,16,44,160
SPGI,S&P Global,479.19,-2,-18,1,174,155,-5,-30,16,23,4,159
XYL,Xylem Inc.,145.98,-13,107,16,24,134,-33,16,18,24,25,159
SYK,Stryker Corporation,364.8,0,-22,1,161,140,-12,-19,16,31,16,156
TER,Teradyne,139.13,-13,78,3,4,72,-29,108,11,-7,83,155
CRWD,CrowdStrike,508.67,28,18,53,0,99,-3,19,18,22,56,155
ROST,Ross Stores,154.77,7,50,8,37,102,3,9,7,31,50,152
CEG,Constellation Energy,380.86,63,12,24,0,99,-3,17,18,21,53,152
TSCO,Tractor Supply,54.91,0,-13,15,87,89,-12,-24,12,87,63,152
LNT,Alliant Energy,67.66,0,15,76,16,107,2,9,18,15,44,151
CVS,CVS Health,78.44,14,42,18,1,75,19,46,8,2,75,150
EBAY,eBay Inc.,89.37,-11,0,85,16,90,-21,-27,90,18,60,150
FICO,Fair Isaac,1648.56,-27,8,-1,168,148,-27,31,-36,33,1,149
MCO,Moody's Corporation,473.61,-7,-18,2,158,135,-4,-30,16,27,9,144
PM,Philip Morris International,159.46,5,-21,78,57,119,24,-27,-2,29,24,143
VST,Vistra Corp.,209.53,7,1,27,32,67,-5,18,16,47,76,143
SPG,Simon Property Group,176.49,-40,76,9,37,82,-54,75,16,23,60,142
APP,AppLovin,590.1,-42,52,113,0,123,-14,-1,14,20,19,142
DDOG,Datadog,164.24,84,12,7,0,103,-3,24,15,1,37,140
EA,Electronic Arts,200.27,0,53,12,9,74,3,15,24,23,65,139
STLD,Steel Dynamics,145.58,7,21,8,57,93,-9,35,18,1,45,138
ITW,Illinois Tool Works,244.48,-43,-4,10,180,143,-37,-14,15,31,-5,138
CBRE,CBRE Group,152.93,0,0,100,24,124,-5,-14,16,16,13,137
VTR,Ventas,67.44,-28,63,80,24,139,-42,10,12,17,-3,136
PSA,Public Storage,299.57,76,12,0,3,91,21,7,18,-2,44,135
TMUS,T-Mobile US,225.05,-4,-13,0,141,124,-3,-22,-1,37,11,135
HLT,Hilton Worldwide,263.34,7,-10,24,66,87,19,-18,16,28,45,132
ADI,Analog Devices,234.59,-69,-2,19,181,129,-33,-12,18,28,1,130
ED,Consolidated Edison,100.83,34,0,1,49,84,-1,9,-12,47,43,127
ADP,Automatic Data Processing,283.52,-20,-30,0,182,132,-20,-43,-2,59,-6,126
PFG,Principal Financial Group,79.68,-13,36,5,57,85,-26,31,15,20,40,125
JCI,Johnson Controls,106.39,-13,-2,83,21,89,-33,29,18,20,34,123
EXPE,Expedia Group,215.67,-34,80,57,13,116,-29,6,14,16,7,123
EQIX,Equinix,806.74,29,1,-16,36,50,40,20,-16,28,72,122
INTU,Intuit,655.74,-56,-38,25,193,124,-42,-2,18,22,-4,120
FAST,Fastenal,42.32,-40,-1,57,108,124,-30,-22,21,25,-6,118
MU,Micron Technology,192.72,5,33,6,24,68,-13,42,18,2,49,117
ABT,Abbott Laboratories,131.38,-4,36,64,15,111,-10,-5,4,16,5,116
VRTX,Vertex Pharmaceuticals,407.35,0,0,-10,106,96,-10,5,-14,39,20,116
MET,MetLife,80.81,-13,38,3,60,88,-19,10,16,20,27,115
SHW,Sherwin-Williams,332.07,-42,-17,-1,192,132,-37,-20,18,21,-18,114
PAYX,Paychex,127.38,34,-53,-4,169,146,6,-46,-9,16,-33,113
NOW,ServiceNow,923.69,1,0,-2,84,83,-5,-5,16,24,30,113
SNA,Snap-on,332.1,-36,28,6,61,59,-39,22,11,59,53,112
CSCO,Cisco,67.45,-9,-2,56,16,61,-5,10,18,27,50,111
SCHW,Charles Schwab Corporation,93.49,-14,-2,85,13,82,-5,-1,18,16,28,110
WTW,Willis Towers Watson,336.54,-21,52,16,26,73,-26,23,8,31,36,109
CB,Chubb Limited,282.57,-4,12,3,60,71,-18,9,-12,58,37,108
AIG,American International Group,81.81,0,7,36,55,98,-14,7,-8,23,8,106
RJF,Raymond James Financial,159.82,-63,0,100,60,97,-26,-2,15,21,8,105
PODD,Insulet Corporation,314.53,35,0,53,6,94,-7,-16,22,8,7,101
GL,Globe Life,136.45,-2,0,53,16,67,18,-6,12,10,34,101
JBL,Jabil,199.89,-51,-7,27,67,36,-12,-5,19,59,61,97
FTNT,Fortinet,84.18,-13,0,-1,115,101,-32,22,-10,15,-5,96
NTAP,NetApp,118.84,-14,50,6,59,101,-14,-4,15,-3,-6,95
PG,Procter & Gamble,147.48,-31,-16,-14,181,120,-21,-10,-22,28,-25,95
IRM,Iron Mountain,102.18,-4,21,4,59,80,-23,20,18,-1,14,94
WAB,Wabtec,193.53,-13,0,3,51,41,-33,10,18,58,53,94
XOM,ExxonMobil,112.23,-15,1,5,46,37,-12,-2,17,52,55,92
COF,Capital One,207.61,-24,-4,102,23,97,-33,-10,18,20,-5,92
TSLA,"Tesla, Inc.",435.9,-30,46,6,12,34,-21,52,12,12,55,89
GWW,W. W. Grainger,935.19,-11,-14,-11,96,60,-5,-17,-9,59,28,88
INCY,Incyte,84.7,-16,93,11,0,88,-28,4,14,9,-1,87
FCX,Freeport-McMoRan,42.77,28,-2,1,60,87,-11,1,18,-8,0,87
PH,Parker Hannifin,728.56,-21,0,25,67,71,-33,-3,18,32,14,85
BKR,Baker Hughes,45.48,-35,61,12,37,75,-28,-2,12,28,10,85
C,Citigroup,96.09,-70,107,27,20,84,-33,-2,18,16,-1,83
EMR,Emerson Electric,128.19,-13,-5,24,66,72,-34,-2,18,28,10,82
SMCI,Supermicro,54.75,0,9,0,60,69,-10,20,13,-11,12,81
SNPS,Synopsys,447.81,-14,-24,-5,182,139,-13,-36,-2,-7,-58,81
UBER,Uber,94.08,-18,26,26,1,35,-25,18,24,28,45,80
DAL,Delta Air Lines,58.69,21,0,9,21,51,-11,1,10,28,28,79
INTC,Intel,37.21,1,43,3,0,47,-5,42,8,-14,31,78
WFC,Wells Fargo,78.9,-63,-2,100,31,66,-22,-6,18,21,11,77
SYY,Sysco,78.25,-41,0,15,5,-21,-41,107,15,16,97,76
EQT,EQT Corporation,53.67,-16,0,49,44,77,-23,11,-1,12,-1,76
VICI,Vici Properties,30.92,-33,-6,66,17,44,-40,-18,31,59,32,76
BRK-B,Berkshire Hathaway,491.83,-20,33,0,64,77,-23,7,-13,28,-1,76
HSY,Hershey Company (The),189.11,-7,73,12,0,78,-21,27,12,-21,-3,75
META,Meta Platforms,715.48,0,-10,25,31,46,-5,-8,16,25,28,74
PCAR,Paccar,93.23,-45,-4,-30,161,82,-40,-10,5,36,-9,73
ECL,Ecolab,270.09,-9,0,24,24,39,-13,7,18,21,33,72
MMM,3M,151.11,-21,-2,82,16,75,-36,-3,18,16,-5,70
EXPD,Expeditors International,113.98,-27,-3,-1,133,102,-31,-10,14,-5,-32,70
T,AT&T,25.58,-113,-9,78,18,-26,-12,-12,102,17,95,69
UHS,Universal Health Services,197.77,-14,39,0,24,49,-26,43,2,1,20,69
TRGP,Targa Resources,151.7,-21,-3,-1,53,28,-12,-3,-1,56,40,68
ES,Eversource Energy,70.96,-3,17,23,2,39,-15,21,18,4,28,67
COIN,Coinbase,356.88,0,0,17,0,17,-5,18,17,20,50,67
WAT,Waters Corporation,336.41,64,4,-13,1,56,20,3,-28,16,11,67
AMP,Ameriprise Financial,481.81,-13,-31,2,66,24,-21,-27,16,73,41,65
DELL,Dell Technologies,153.38,0,11,4,34,49,-12,16,18,-6,16,65
STT,State Street Corporation,114.2,-12,1,25,18,32,-12,11,17,16,32,64
RCL,Royal Caribbean Group,306.14,-80,-4,129,30,75,-42,-17,18,29,-12,63
GEV,GE Vernova,648.27,7,1,4,0,12,28,3,19,0,50,62
AMZN,Amazon,220.0,-1,-2,25,23,45,-5,-15,15,22,17,62
MPC,Marathon Petroleum,183.39,-35,33,7,51,56,-35,33,18,-10,6,62
A,Agilent Technologies,138.22,0,33,2,1,36,-15,39,9,-7,26,62
TRMB,Trimble Inc.,77.04,-21,-3,87,6,69,-26,-13,16,14,-9,60
AXP,American Express,323.13,-70,36,25,101,92,-68,-4,16,23,-33,59
MAR,Marriott International,263.26,-13,-3,2,60,46,-13,-19,15,29,12,58
TXT,Textron,81.75,-16,0,2,55,41,-26,31,18,-7,16,57
CHRW,C.H. Robinson,124.4,-22,75,11,4,68,-35,-1,14,10,-12,56
NDSN,Nordson Corporation,230.52,0,37,2,3,42,-4,8,18,-9,13,55
DLR,Digital Realty,171.49,-14,1,5,24,16,-27,20,18,21,32,48
AWK,American Water Works,139.63,0,-1,34,0,33,-3,5,2,10,14,47
SYF,Synchrony Financial,70.15,-13,-2,25,23,33,-13,-10,16,20,13,46
RMD,ResMed,272.92,-12,0,25,15,28,-18,4,17,15,18,46
PKG,Packaging Corporation of America,207.71,-42,0,3,63,24,-13,-5,11,28,21,45
CPRT,Copart,44.04,-21,-20,-21,178,116,-52,-19,-31,30,-72,44
WSM,"Williams-Sonoma, Inc.",189.95,-34,0,16,67,49,-34,-4,10,23,-5,44
ACGL,Arch Capital Group,92.25,0,6,-16,64,54,-16,5,2,-2,-11,43
O,Realty Income,58.72,-31,51,18,9,47,-36,-2,18,15,-5,42
EG,Everest Group,350.93,-16,14,-1,57,54,-19,11,2,-7,-13,41
CFG,Citizens Financial Group,50.26,-24,0,16,6,-2,-30,42,15,16,43,41
PHM,PulteGroup,120.48,-35,-1,9,67,40,-35,-10,14,31,0,40
EXE,Expand Energy,102.67,-19,0,49,0,30,-21,25,-7,12,9,39
HON,Honeywell,202.94,-21,-42,-4,180,113,-44,-54,-1,24,-75,38
PLD,Prologis,112.66,-21,36,7,0,22,-30,35,18,-7,16,38
NSC,Norfolk Southern,289.61,-22,21,19,6,24,-35,15,18,16,14,38
UAL,United Airlines Holdings,99.26,7,0,9,13,29,-12,-13,12,18,5,34
K,Kellanova,82.8,0,11,2,23,36,-7,5,-15,15,-2,34
CI,Cigna,295.38,-4,0,-1,60,55,-12,4,-11,-3,-22,33
CSX,CSX Corporation,35.54,0,11,4,6,21,-12,10,18,-8,8,29
DD,DuPont,75.93,-13,1,2,21,11,-29,36,15,-5,17,28
APA,APA Corporation,22.82,-21,47,0,-14,12,-22,45,13,-21,15,27
IQV,IQVIA,203.76,5,10,2,0,17,4,4,10,-8,10,27
NXPI,NXP Semiconductors,216.7,-22,-2,0,65,41,-29,6,15,-7,-15,26
ICE,Intercontinental Exchange,158.75,-63,-31,0,163,69,-61,-37,30,23,-45,24
VLO,Valero Energy,161.42,-61,36,8,46,29,-13,-2,17,-7,-5,24
NVR,"NVR, Inc.",7579.14,-35,-3,-1,67,28,-33,-14,11,31,-5,23
CCL,Carnival,28.09,-13,-1,25,0,11,-13,-12,16,21,12,23
WDAY,"Workday, Inc.",236.6,0,19,-18,16,17,-5,27,-12,-4,6,23
NTRS,Northern Trust,127.0,-23,0,24,13,14,-26,-1,18,15,6,20
EXR,Extra Space Storage,145.01,7,1,0,1,9,-5,1,-1,15,10,19
CTVA,Corteva,62.67,-23,-21,61,1,18,-20,-13,18,13,-2,16
HD,Home Depot (The),379.52,-118,-3,9,182,70,-77,-10,10,21,-56,14
REG,Regency Centers,71.47,-37,0,2,55,20,-54,7,18,21,-8,12
MSCI,MSCI Inc.,548.12,-13,-2,0,16,1,-15,-14,15,22,8,9
F,Ford Motor Company,11.55,-27,1,10,0,-16,-29,41,18,-7,23,7
FOXA,Fox Corporation (Class A),58.1,-44,0,76,3,35,-59,-1,16,16,-28,7
DRI,Darden Restaurants,185.01,-24,-18,0,63,21,-30,-13,-4,32,-15,6
DE,Deere & Company,438.92,-13,-37,0,111,61,-16,-50,-1,12,-55,6
LEN,Lennar,118.02,-35,-3,-5,66,23,-5,-17,9,-5,-18,5
PEP,PepsiCo,148.9,20,2,0,0,22,12,-21,7,-15,-17,5
FDX,FedEx,229.66,-21,1,-1,34,13,-29,17,10,-6,-8,5
KIM,Kimco Realty,21.05,-38,-4,2,57,17,-32,-13,16,16,-13,4
BBY,Best Buy,77.45,5,1,-1,-8,-3,-37,41,6,-4,6,3
LW,Lamb Weston,63.78,6,12,0,-10,8,-5,4,11,-16,-6,2
BIIB,Biogen,144.68,-14,43,0,-29,0,-33,50,5,-20,2,2
CRM,Salesforce,248.8,7,0,-21,24,10,14,-16,-29,23,-8,2
TPL,Texas Pacific Land Corporation,892.39,-21,-3,-17,60,19,-28,7,-13,15,-19,0
FOX,Fox Corporation (Class B),51.96,-44,-2,75,3,32,-59,-1,15,11,-34,-2
GNRC,Generac,174.11,26,0,11,-36,1,-3,-27,15,12,-3,-2
ROK,Rockwell Automation,339.14,-21,1,23,17,20,-35,8,18,-13,-22,-2
CF,CF Industries,88.22,-18,0,5,6,-7,-19,14,-1,10,4,-3
IR,Ingersoll Rand,76.1,-31,-3,-1,25,-10,-33,26,15,-2,6,-4
HAS,Hasbro,72.39,-21,-3,22,5,3,-17,-21,18,13,-7,-4
HOLX,Hologic,65.48,-7,-1,0,0,-8,-5,7,11,-9,4,-4
ALB,Albemarle Corporation,96.32,7,23,0,-25,5,-9,14,12,-27,-10,-5
ADSK,Autodesk,307.96,-35,1,7,16,-11,-29,-5,18,21,5,-6
WBD,Warner Bros. Discovery,17.77,-46,23,20,0,-3,-45,23,16,2,-4,-7
MAS,Masco,66.0,-42,-3,-5,67,17,-39,-17,9,23,-24,-7
SW,Smurfit Westrock,41.53,-1,-22,-5,18,-10,-8,-16,8,19,3,-7
CCI,Crown Castle,96.1,24,-34,0,-30,-40,22,7,-3,7,33,-7
MTD,Mettler Toledo,1285.06,0,9,2,0,11,-26,2,12,-7,-19,-8
IDXX,Idexx Laboratories,633.12,1,1,22,6,30,-21,-25,18,-10,-38,-8
BLDR,Builders FirstSource,120.72,-6,-2,-36,67,23,-16,-18,8,-5,-31,-8
TMO,Thermo Fisher Scientific,525.54,0,10,2,0,12,-20,2,3,-5,-20,-8
DHI,D. R. Horton,152.57,-35,-1,0,67,31,-35,-13,12,-4,-40,-9
APTV,Aptiv,81.68,-25,44,9,-26,2,-31,40,18,-38,-11,-9
HBAN,Huntington Bancshares,15.9,-40,-4,17,23,-4,-33,-8,18,18,-5,-9
KKR,KKR & Co.,120.45,-98,-13,-1,105,-7,-34,-6,14,23,-3,-10
WST,West Pharmaceutical Services,262.51,-17,27,-1,-9,0,-37,28,9,-10,-10,-10
EOG,EOG Resources,109.54,-13,-17,-6,47,11,-11,-20,11,-1,-21,-10
UNH,UnitedHealth Group,358.58,0,29,-26,0,3,-12,41,-39,-3,-13,-10
ERIE,Erie Indemnity,319.02,35,-30,-25,41,21,46,-34,-43,-1,-32,-11
CMG,Chipotle Mexican Grill,40.9,0,-57,-14,82,11,-14,6,-12,-2,-22,-11
DOV,Dover Corporation,161.17,-35,-32,-11,108,30,-39,-23,-1,21,-42,-12
EFX,Equifax,225.41,-21,-8,-12,18,-23,-19,-8,18,20,11,-12
RF,Regions Financial Corporation,24.56,-40,-2,15,24,-3,-33,-10,16,16,-11,-14
BAC,Bank of America,48.83,-63,40,25,20,22,-69,-2,18,16,-37,-15
KDP,Keurig Dr Pepper,26.41,14,-35,-7,-2,-30,19,-29,26,-2,14,-16
CVX,Chevron Corporation,151.94,-77,0,15,50,-12,-12,-9,9,8,-4,-16
FANG,Diamondback Energy,142.05,-18,-2,-37,49,-8,-26,12,12,-7,-9,-17
AOS,A. O. Smith,67.68,-35,-2,0,60,23,-42,-10,18,-7,-41,-18
AES,AES Corporation,14.44,0,9,0,-13,-4,-12,10,14,-26,-14,-18
DHR,Danaher Corporation,205.13,0,9,-1,0,8,-35,4,11,-6,-26,-18
QCOM,Qualcomm,161.8,-26,1,0,24,-1,-26,-2,16,-7,-19,-20
ADM,Archer Daniels Midland,61.78,0,7,10,0,17,-16,-17,18,-22,-37,-20
DOC,Healthpeak Properties,17.97,-24,28,-1,-33,-30,-35,31,2,11,9,-21
CTRA,Coterra,23.17,-13,-3,-13,46,17,-18,-16,-20,15,-39,-22
BG,Bunge Global,80.98,-17,0,0,0,-17,-24,7,18,-7,-6,-23
MCHP,Microchip Technology,64.37,-20,-3,0,0,-23,-17,8,18,-9,0,-23
BX,Blackstone Inc.,158.16,-97,-2,0,144,45,-101,-6,13,23,-71,-26
TFC,Truist Financial,42.94,-33,-2,9,6,-20,-33,-5,15,16,-7,-27
DAY,Dayforce,68.35,-26,40,8,-14,8,-29,-12,8,-2,-35,-27
PRU,Prudential Financial,101.22,-21,-10,-21,57,5,-23,-20,12,-1,-32,-27
NUE,Nucor,136.97,0,-2,0,0,-2,-12,-19,15,-10,-26,-28
WYNN,Wynn Resorts,112.5,-49,0,16,5,-28,-47,37,18,-10,-2,-30
VRSN,Verisign,264.07,-71,-9,44,11,-25,-68,-7,60,9,-6,-31
IP,International Paper,45.65,-2,-30,0,18,-14,-11,-22,-2,18,-17,-31
PCG,PG&E Corporation,15.98,0,12,-38,3,-23,-12,6,1,-3,-8,-31
PSX,Phillips 66,129.77,-45,1,3,43,2,-40,-3,17,-7,-33,-31
KEY,KeyCorp,17.57,-40,-2,16,6,-20,-33,-10,16,15,-12,-32
NWSA,News Corp (Class A),26.08,-63,-8,-1,60,-12,-61,-1,18,23,-21,-33
BA,Boeing,215.52,-16,-3,16,0,-3,-15,-21,18,-13,-31,-34
BXP,"BXP, Inc.",70.11,-33,0,6,0,-27,-37,-3,18,15,-7,-34
VLTO,Veralto,101.44,-32,-3,10,0,-25,-14,-13,17,0,-10,-35
PYPL,PayPal,68.88,-9,0,-11,-41,-61,-11,15,11,11,26,-35
TROW,T. Rowe Price,105.35,0,0,2,-27,-25,-5,-19,14,-2,-12,-37
GEHC,GE HealthCare,71.83,-14,-2,-1,0,-17,-35,-2,7,10,-20,-37
PSKY,Paramount Skydance Corporation,17.1,-46,43,9,-41,-35,-61,36,20,3,-2,-37
BEN,Franklin Resources,22.84,-12,-6,16,0,-2,-5,-24,18,-24,-35,-37
LUV,Southwest Airlines,31.89,-20,0,9,-41,-52,-12,3,16,6,13,-39
DG,Dollar General,101.91,7,-17,0,-19,-29,19,-32,30,-28,-11,-40
VRSK,Verisk Analytics,242.07,-42,-55,-4,116,15,-54,-21,-10,30,-55,-40
KEYS,Keysight Technologies,163.37,-36,1,6,2,-27,-35,-2,16,7,-14,-41
TYL,Tyler Technologies,506.62,0,-36,-2,19,-19,-3,-38,-1,20,-22,-41
VTRS,Viatris,9.85,-13,0,0,0,-13,-37,1,10,-3,-29,-42
CRL,Charles River Laboratories,170.59,0,9,0,-28,-19,-32,4,14,-10,-24,-43
SOLV,Solventum,70.85,-22,-5,0,0,-27,-34,4,14,0,-16,-43
XYZ,"Block, Inc.",75.03,-9,0,2,-38,-45,-13,3,12,-1,1,-44
MOH,Molina Healthcare,194.27,-9,0,-21,-4,-34,-17,33,-17,-10,-11,-45
HPQ,HP Inc.,27.34,6,1,-33,0,-26,-12,-12,7,-3,-20,-46
DLTR,Dollar Tree,92.6,7,-26,0,-17,-36,16,-35,33,-24,-10,-46
MOS,Mosaic Company (The),30.99,-21,-2,24,-18,-17,-19,-2,23,-32,-30,-47
OKE,Oneok,69.56,-36,-51,-21,56,-52,-12,-3,-33,53,5,-47
GM,General Motors,55.62,-43,0,15,13,-15,-61,-2,15,15,-33,-48
NWS,News Corp (Class B),29.55,-63,-9,-1,60,-13,-56,-1,-1,23,-35,-48
LVS,Las Vegas Sands,46.46,-21,-1,14,-1,-9,-18,-21,15,-16,-40,-49
EL,EstÃ©e Lauder Companies (The),92.74,7,1,0,-28,-20,-12,4,16,-37,-29,-49
OTIS,Otis Worldwide,89.16,-21,0,-12,0,-33,-42,19,-22,28,-17,-50
LII,Lennox International,524.1,-13,-35,-5,40,-13,-16,-48,-3,29,-38,-51
HAL,Halliburton,22.49,-28,33,-1,0,4,-47,-2,3,-11,-57,-53
DVN,Devon Energy,33.21,-21,-2,-1,-7,-31,-12,-3,17,-24,-22,-53
LOW,Lowe's,234.47,-119,-4,-1,168,44,-120,-10,9,21,-100,-56
CPAY,Corpay,282.56,-13,-51,-6,23,-47,-13,-20,-3,27,-9,-56
TXN,Texas Instruments,175.07,-46,-29,-1,24,-52,-17,-25,18,18,-6,-58
FITB,Fifth Third Bancorp,42.2,-79,-2,8,24,-49,-33,-10,15,18,-10,-59
JBHT,J.B. Hunt,138.09,-2,-3,-39,-2,-46,-12,3,8,-12,-13,-59
OMC,Omnicom Group,76.54,-19,0,-35,0,-54,-16,8,5,-3,-6,-60
ESS,Essex Property Trust,257.59,-46,-8,-2,16,-40,-52,27,-11,16,-20,-60
ELV,Elevance Health,351.34,0,8,-52,0,-44,-10,15,-18,-5,-18,-62
DECK,Deckers Brands,98.3,-38,-13,-32,95,12,-35,-13,-28,-1,-77,-65
HUM,Humana,270.96,0,0,0,-14,-14,-15,-18,4,-22,-51,-65
PNC,PNC Financial Services,186.95,-77,-3,10,16,-54,-33,-10,15,16,-12,-66
CLX,Clorox,120.39,0,-6,-25,-7,-38,16,-10,-35,-1,-30,-68
USB,U.S. Bancorp,46.15,-77,0,8,6,-63,-33,-8,15,17,-9,-72
GPC,Genuine Parts Company,131.71,-35,0,9,0,-26,-38,-7,18,-19,-46,-72
KVUE,Kenvue,16.19,21,-35,-6,0,-20,-2,-45,-11,5,-53,-73
APD,Air Products,260.86,-28,-15,-3,0,-46,-30,-20,10,12,-28,-74
FRT,Federal Realty Investment Trust,96.96,-39,0,0,3,-36,-35,-10,9,-3,-39,-75
CTSH,Cognizant,66.33,-14,-53,-11,16,-62,-5,-18,-11,20,-14,-76
JKHY,Jack Henry & Associates,152.19,30,-52,-11,-2,-35,40,-83,-11,13,-41,-76
DIS,Walt Disney Company (The),110.27,-57,-22,23,-2,-58,-24,-18,18,5,-19,-77
MRK,Merck & Co.,85.65,0,10,-55,0,-45,-36,4,3,-8,-37,-82
MDLZ,Mondelez International,61.16,-28,-13,-1,0,-42,-24,-3,-3,-11,-41,-83
FTV,Fortive,48.58,-13,0,-29,0,-42,-33,23,-25,-7,-42,-84
TECH,Bio-Techne,59.66,0,10,-35,-26,-51,-32,4,3,-8,-33,-84
BMY,Bristol Myers Squibb,43.54,-37,-8,-8,-7,-60,-14,4,-22,7,-25,-85
APO,Apollo Global Management,122.43,-93,-14,-3,99,-11,-95,-6,-1,28,-74,-85
BDX,Becton Dickinson,186.65,-10,0,-36,-7,-53,-21,4,1,-17,-33,-86
COP,ConocoPhillips,88.76,-56,-4,-2,0,-62,-21,-3,10,-10,-24,-86
ZBRA,Zebra Technologies,281.91,-21,-16,-10,-9,-56,-33,-9,12,-1,-31,-87
TAP,Molson Coors Beverage Company,46.04,0,-24,-21,-2,-47,12,-26,-22,-5,-41,-88
COO,Cooper Companies (The),69.29,0,0,-35,-7,-42,-12,7,-40,-5,-50,-92
VZ,Verizon,39.74,-42,-6,-1,12,-37,-52,-27,8,16,-55,-92
IPG,Interpublic Group of Companies (The),26.1,-20,0,-51,0,-71,-16,8,6,-19,-21,-92
PFE,Pfizer,24.7,-21,0,0,-25,-46,-36,4,15,-30,-47,-93
CSGP,CoStar Group,75.15,-42,-14,-1,0,-57,-33,-37,31,1,-38,-95
ON,ON Semiconductor,50.1,5,-32,-45,-3,-75,-13,-5,14,-17,-21,-96
FIS,Fidelity National Information Services,67.29,0,-49,-10,-39,-98,-10,3,-5,13,1,-97
EW,Edwards Lifesciences,72.95,-28,-9,0,-16,-53,-26,-20,38,-37,-45,-98
MHK,Mohawk Industries,119.25,-38,-1,-1,-13,-53,-39,-13,10,-3,-45,-98
TTD,Trade Desk (The),51.28,-2,-46,-35,-3,-86,-16,6,-1,-2,-13,-99
SJM,J.M. Smucker Company (The),101.47,-28,-1,-2,-6,-37,-42,-4,6,-25,-65,-102
MTB,M&T Bank,182.64,-70,-4,9,24,-41,-89,-6,16,16,-63,-104
GPN,Global Payments,84.23,-14,0,-35,-41,-90,-12,1,6,-12,-17,-107
CNC,Centene Corporation,36.37,-11,0,-52,-13,-76,-17,37,-21,-30,-31,-107
RVTY,Revvity,90.97,0,0,-28,-26,-54,-28,9,-33,-1,-53,-107
ISRG,Intuitive Surgical,435.72,-16,-53,-11,24,-56,-13,-61,-6,28,-52,-108
GEN,Gen Digital,26.7,-71,-21,23,18,-51,-70,-23,18,18,-57,-108
REGN,Regeneron Pharmaceuticals,557.6,-23,-1,-49,0,-73,-37,4,4,-6,-35,-108
DXCM,Dexcom,65.19,-13,-35,-7,-16,-71,-9,-18,-2,-11,-40,-111
NCLH,Norwegian Cruise Line Holdings,23.04,-102,0,8,0,-94,-40,-11,11,22,-18,-112
PAYC,Paycom,201.45,-2,-35,0,-26,-63,-12,-38,-2,1,-51,-114
KMB,Kimberly-Clark,119.27,-43,-22,-7,0,-72,-24,-29,-19,28,-44,-116
FDS,FactSet,285.96,8,-60,-13,-2,-67,21,-56,-11,-3,-49,-116
FI,Fiserv,122.54,-24,-66,-22,37,-75,-21,-26,-23,29,-41,-116
GDDY,GoDaddy,132.38,-23,-67,-11,24,-77,-24,-14,-27,24,-41,-118
MRNA,Moderna,26.73,-1,0,-63,-6,-70,-17,12,-3,-41,-49,-119
EQR,Equity Residential,62.0,-61,-8,-4,15,-58,-54,-12,-11,15,-62,-120
ACN,Accenture,243.38,-8,-68,-31,-2,-109,-10,3,-27,21,-13,-122
HSIC,Henry Schein,62.99,-42,-14,-13,-2,-71,-39,-15,-3,5,-52,-123
ZBH,Zimmer Biomet,95.1,-24,-4,-5,-19,-52,-33,-20,2,-20,-71,-123
CARR,Carrier Global,56.88,-21,-50,-7,0,-78,-32,-46,-2,28,-52,-130
AVB,AvalonBay Communities,184.67,-58,-6,-11,18,-57,-70,-6,-15,17,-74,-131
HST,Host Hotels & Resorts,16.25,-70,-2,6,4,-62,-70,-9,16,-8,-71,-133
IT,Gartner,245.3,-44,-84,-29,0,-157,-32,24,-27,59,24,-133
UDR,"UDR, Inc.",36.16,-58,-52,-6,-2,-118,2,-20,-13,15,-16,-134
DPZ,Domino's,408.45,-49,-49,-4,12,-90,-42,-19,-3,20,-44,-134
TSN,Tyson Foods,52.1,-28,-6,-9,-30,-73,-35,-22,-19,13,-63,-136
EIX,Edison International,53.65,-42,0,-40,0,-82,-49,-12,8,-3,-56,-138
DVA,DaVita,123.9,-44,-35,-11,22,-68,-44,-21,-28,21,-72,-140
SWKS,Skyworks Solutions,73.37,-77,1,0,-32,-108,-42,-5,15,-7,-39,-147
MGM,MGM Resorts,31.58,-55,-10,-1,0,-66,-63,-22,15,-11,-81,-147
AMCR,Amcor,7.99,-38,-42,-9,-1,-90,6,-51,-9,-4,-58,-148
GIS,General Mills,48.14,-28,-1,-49,-6,-84,-23,23,-45,-21,-66,-150
SBUX,Starbucks,80.01,-42,-29,-9,0,-80,-41,-37,-1,9,-70,-150
POOL,Pool Corporation,291.79,-42,-14,-31,-8,-95,-39,-10,5,-11,-55,-150
ADBE,Adobe Inc.,339.34,-14,-9,-44,-8,-75,-19,-2,-48,-7,-76,-151
OXY,Occidental Petroleum,42.42,-56,-3,-63,0,-122,-26,-1,14,-18,-31,-153
NKE,"Nike, Inc.",67.37,-36,-5,-1,-23,-65,-42,-25,15,-38,-90,-155
SWK,Stanley Black & Decker,64.48,-34,-3,-37,-41,-115,-33,-10,7,-4,-40,-155
CHTR,Charter Communications,258.73,-21,-56,-12,-38,-127,-26,12,-12,-3,-29,-156
AKAM,Akamai Technologies,73.77,-23,-3,-34,-9,-69,-30,-14,-34,-12,-90,-159
TGT,Target Corporation,87.32,-14,-32,-39,-13,-98,-14,-38,-1,-8,-61,-159
AVY,Avery Dennison,157.47,-13,-35,-43,0,-91,-36,-26,-3,-7,-72,-163
CL,Colgate-Palmolive,76.97,-66,-68,-14,25,-123,-19,-29,-22,28,-42,-165
LKQ,LKQ Corporation,29.14,-34,-21,-14,-4,-73,-37,-14,-22,-19,-92,-165
ZTS,Zoetis,141.96,-17,-25,-43,-5,-90,-39,-26,-10,-7,-82,-172
SLB,Schlumberger,32.26,-33,-5,-78,-1,-117,-31,-12,-1,-12,-56,-173
IEX,IDEX Corporation,160.84,-13,-53,-36,-4,-106,-30,4,-36,-8,-70,-176
STZ,Constellation Brands,141.4,0,-35,-53,-5,-93,-6,1,-69,-10,-84,-177
EMN,Eastman Chemical Company,60.08,-33,-16,-29,-3,-81,-33,-18,-43,-4,-98,-179
MKC,McCormick & Company,65.36,-26,-68,-14,-4,-112,9,-67,-22,12,-68,-180
CAG,Conagra Brands,18.17,-18,-6,-40,-9,-73,-37,-25,-22,-25,-109,-182
ODFL,Old Dominion,136.19,-13,-53,-34,0,-100,-14,-27,-39,-3,-83,-183
PPG,PPG Industries,98.85,-37,-16,-54,-10,-117,-36,-22,-1,-10,-69,-186
MAA,Mid-America Apartment Communities,134.55,-91,-53,-5,-1,-150,-24,-16,-16,13,-43,-193
ABNB,Airbnb,118.85,-38,-47,-11,0,-96,-68,-21,-1,-7,-97,-193
KMX,CarMax,43.67,-30,-17,-27,-38,-112,-33,-15,-31,-2,-81,-193
CPB,Campbell's Company (The),29.79,-42,-4,-40,-8,-94,-42,-5,-47,-7,-101,-195
BALL,Ball Corporation,47.04,-35,-41,-11,-13,-100,-39,-49,-1,-7,-96,-196
LULU,Lululemon Athletica,169.83,-34,-89,-19,-5,-147,-12,2,-28,-14,-52,-199
WY,Weyerhaeuser,23.94,-34,-22,-31,-1,-88,-34,-26,-43,-10,-113,-201
ARE,Alexandria Real Estate Equities,73.89,-42,-4,-45,-32,-123,-39,-6,3,-37,-79,-202
INVH,Invitation Homes,28.25,-61,-57,-16,0,-134,-54,-22,-11,16,-71,-205
CPT,Camden Property Trust,101.81,-92,-14,-3,-1,-110,-97,-15,-11,13,-110,-220
DOW,Dow Inc.,21.41,-35,-16,-51,-3,-105,-35,-10,-66,-10,-121,-226
IFF,International Flavors & Fragrances,60.1,-22,-53,-31,-33,-139,-29,-19,-43,-3,-94,-233
EPAM,EPAM Systems,146.69,-34,-24,-34,-29,-121,-33,-22,-25,-39,-119,-240
KHC,Kraft Heinz,25.09,-42,-26,-50,-2,-120,-42,-44,-22,-12,-120,-240
CDW,CDW Corporation,147.48,-77,-49,-50,0,-176,-40,-14,-1,-10,-65,-241
ALGN,Align Technology,129.54,0,-52,-75,-27,-154,-12,-26,-11,-40,-89,-243
CMCSA,Comcast,29.4,-67,-54,-43,-11,-175,-30,-18,-10,-10,-68,-243
AMT,American Tower,183.2,-70,-49,-5,-2,-126,-81,-48,-3,13,-119,-245
MTCH,Match Group,32.11,-108,-6,0,-39,-153,-61,-14,13,-40,-102,-255
LYB,LyondellBasell,46.26,-25,-51,-52,-7,-135,-35,-16,-66,-9,-126,-261
BF-B,Brownâ€“Forman,26.91,-24,-29,-111,-20,-184,-16,-2,-43,-30,-91,-275
BAX,Baxter International,22.09,-19,-68,-31,-40,-158,-36,-21,-22,-43,-122,-280
HRL,Hormel Foods,23.51,-42,-62,-18,-25,-147,-48,-58,-5,-32,-143,-290
UPS,United Parcel Service,83.15,-13,-54,-114,-18,-199,-26,5,-42,-36,-99,-298
SBAC,SBA Communications,188.13,-90,-49,-7,-22,-168,-119,-49,-6,-1,-175,-343
