Symbol,Name,Close,1H Cloud Score,1D Cloud Score,1W Cloud Score,1M Cloud Score,Cloud Score Sum,1H TKx Score,1D TKx Score,1W TKx Score,1M TKx Score,TKx Score Sum,Total Score Sum
TJX,TJX Companies,131.41,35,5,147,198,385,33,9,116,193,351,736
ORLY,Oâ€™Reilly Automotive,103.34,105,16,162,199,482,33,22,53,89,197,679
RSG,Republic Services,235.28,0,-8,123,177,292,23,-33,92,160,242,534
ICE,Intercontinental Exchange,186.42,38,68,111,161,378,33,69,21,21,144,522
WM,Waste Management,235.1,7,2,94,187,290,23,9,26,159,217,507
HWM,Howmet Aerospace,180.78,-6,75,147,29,245,7,75,91,57,230,475
PLTR,Palantir Technologies,187.0,35,75,115,0,225,33,77,118,20,248,473
WELL,Welltower,168.14,63,59,115,58,295,-2,20,132,24,174,469
COST,Costco,980.84,27,-19,116,180,304,19,-38,-1,184,164,468
ROL,"Rollins, Inc.",58.66,40,12,30,286,368,33,4,22,35,94,462
SO,Southern Company,94.71,0,35,75,190,300,2,51,22,79,154,454
CTAS,Cintas,226.29,20,5,18,167,210,31,8,12,187,238,448
NDAQ,"Nasdaq, Inc.",96.84,20,68,75,144,307,33,75,9,14,131,438
CBOE,Cboe Global Markets,252.45,42,58,143,55,298,12,53,21,51,137,435
PGR,Progressive Corporation,246.35,7,-42,104,177,246,28,-38,-2,189,177,423
WRB,W. R. Berkley Corporation,70.64,63,0,93,176,332,3,1,23,55,82,414
WMT,Walmart,103.75,84,12,126,101,323,42,7,9,29,87,410
AZO,AutoZone,4042.8,42,15,93,86,236,34,22,53,57,166,402
MCD,McDonald's,305.64,21,3,51,242,317,13,18,-3,57,85,402
JPM,JPMorgan Chase,288.81,-42,64,122,158,302,-13,75,9,26,97,399
DUK,Duke Energy,125.33,56,18,75,183,332,2,28,21,16,67,399
SPGI,S&P Global,556.01,87,62,15,172,336,-4,31,7,21,55,391
CDNS,Cadence Design Systems,352.38,0,31,16,141,188,-16,30,9,180,203,391
MSI,Motorola Solutions,453.51,21,17,0,153,191,12,27,-26,185,198,389
AAPL,Apple Inc.,229.37,20,29,0,251,300,20,-3,1,71,89,389
DTE,DTE Energy,140.26,40,18,73,189,320,5,15,26,13,59,379
ORCL,Oracle Corporation,250.1,-6,61,10,198,263,-10,68,9,27,94,357
NVDA,Nvidia,182.75,16,61,13,134,224,27,69,9,26,131,355
RTX,RTX Corporation,154.91,-6,61,76,54,185,2,67,83,14,166,351
ADP,Automatic Data Processing,306.01,0,0,84,180,264,11,9,9,57,86,350
AXON,Axon Enterprise,842.84,65,4,144,94,307,-2,4,9,30,41,348
MA,Mastercard,574.34,7,7,125,155,294,1,14,9,26,50,344
BR,Broadridge Financial Solutions,266.04,28,15,113,145,301,-1,9,9,25,42,343
MS,Morgan Stanley,143.21,16,62,75,64,217,27,73,9,16,125,342
ALL,Allstate,206.67,49,7,96,159,311,-5,7,10,17,29,340
DASH,DoorDash,259.08,87,61,96,0,244,-5,74,9,18,96,340
EBAY,eBay Inc.,93.13,49,71,76,14,210,12,20,81,16,129,339
BK,BNY Mellon,103.12,17,64,93,40,214,28,68,9,19,124,338
GLW,Corning Inc.,65.79,125,61,18,17,221,28,68,7,14,117,338
FAST,Fastenal,47.99,16,84,44,106,250,21,28,15,23,87,337
GOOGL,Alphabet Inc. (Class A),201.44,20,51,7,176,254,28,25,4,21,78,332
GOOG,Alphabet Inc. (Class C),202.16,20,51,6,176,253,28,25,3,21,77,330
ETR,Entergy,90.46,0,20,75,137,232,-19,15,88,14,98,330
KR,Kroger,74.26,36,35,78,67,216,42,7,49,15,113,329
MSFT,Microsoft,522.12,-22,69,15,173,235,-19,77,9,25,92,327
GS,Goldman Sachs,720.96,16,62,91,58,227,-5,73,9,21,98,325
LYV,Live Nation Entertainment,153.07,7,63,93,147,310,-10,1,8,16,15,325
L,Loews Corporation,93.78,35,62,111,55,263,33,-6,9,24,60,323
J,Jacobs Solutions,148.28,27,60,5,106,198,19,75,6,19,119,317
HUBB,Hubbell Incorporated,418.64,-42,60,0,182,200,-40,78,5,71,114,314
ETN,Eaton Corporation,363.01,-28,62,7,114,155,3,75,7,72,157,312
FFIV,"F5, Inc.",321.89,49,61,93,14,217,-9,75,9,17,92,309
MCO,Moody's Corporation,515.3,20,62,15,156,253,-5,29,7,25,56,309
APH,Amphenol,109.99,35,75,18,65,193,3,77,9,27,116,309
KLAC,KLA Corporation,914.54,14,62,13,177,266,11,-7,9,26,39,305
JBL,Jabil,224.32,7,65,18,65,155,7,75,10,57,149,304
YUM,Yum! Brands,141.31,-28,-4,27,259,254,2,-8,-1,57,50,304
BSX,Boston Scientific,103.15,-28,0,143,144,259,-20,-3,9,57,43,302
ATO,Atmos Energy,164.31,21,2,73,45,141,14,18,84,45,161,302
EVRG,Evergy,72.41,62,43,57,14,176,-4,43,76,10,125,301
NRG,NRG Energy,152.54,-21,0,102,94,175,-19,8,112,21,122,297
TMUS,T-Mobile US,245.01,10,1,93,139,243,12,14,-7,35,54,297
MO,Altria,64.21,63,15,69,45,192,54,8,25,16,103,295
MMC,Marsh McLennan,203.59,0,-43,-2,175,130,27,-38,-10,178,157,287
PPL,PPL Corporation,36.34,20,20,75,23,138,29,15,87,14,145,283
ITW,Illinois Tool Works,256.99,7,33,1,178,219,28,-2,6,29,61,280
PTC,PTC Inc.,205.41,-12,61,5,182,236,-14,25,6,26,43,279
PAYX,Paychex,141.19,0,-8,83,167,242,11,-1,12,14,36,278
MPWR,Monolithic Power Systems,804.54,42,62,2,157,263,2,6,9,-2,15,278
CME,CME Group,282.17,0,12,53,136,201,-17,23,49,19,74,275
HD,Home Depot (The),387.66,35,14,0,180,229,-2,27,1,19,45,274
HIG,Hartford (The),128.17,35,4,93,57,189,-2,8,20,56,82,271
FE,FirstEnergy,43.26,154,15,5,55,229,1,16,9,14,40,269
KO,Coca-Cola Company (The),70.33,21,-14,27,182,216,34,-19,22,14,51,267
TRV,Travelers Companies (The),264.87,35,0,90,58,183,-4,9,23,56,84,267
SCHW,Charles Schwab Corporation,97.04,3,75,76,11,165,3,75,9,14,101,266
SNPS,Synopsys,619.42,-1,49,6,180,234,-16,41,7,-5,27,261
GD,General Dynamics,314.11,7,84,7,54,152,3,39,9,57,108,260
ANET,Arista Networks,139.18,21,47,6,58,132,21,43,5,56,125,257
GRMN,Garmin,232.45,8,35,111,19,173,29,28,5,21,83,256
NI,NiSource,42.28,-4,23,73,45,137,2,15,88,14,119,256
RJF,Raymond James Financial,164.94,-3,61,91,58,207,-10,33,6,19,48,255
HCA,HCA Healthcare,381.57,50,1,2,97,150,60,1,15,29,105,255
LIN,Linde plc,472.42,23,5,12,110,150,-4,-6,9,106,105,255
AON,Aon plc,366.37,3,5,1,177,186,29,-2,-14,56,69,255
NEM,Newmont,69.0,35,86,18,5,144,35,48,18,10,111,255
EXC,Exelon,45.33,62,7,54,14,137,56,27,25,10,118,255
AMD,Advanced Micro Devices,172.78,0,61,2,110,173,11,68,9,-7,81,254
CHD,Church & Dwight,90.91,-61,-10,-15,344,258,-5,-12,-13,25,-5,253
AJG,Arthur J. Gallagher & Co.,289.44,0,-32,0,186,154,30,-38,-1,107,98,252
WSM,"Williams-Sonoma, Inc.",198.8,104,28,7,65,204,-4,30,1,21,48,252
TPR,"Tapestry, Inc.",109.09,0,62,79,21,162,-5,68,7,19,89,251
BLK,BlackRock,1124.9,17,61,16,22,116,28,75,9,21,133,249
LOW,Lowe's,241.17,35,14,-19,166,196,33,26,-26,19,52,248
LRCX,Lam Research,101.75,17,62,8,152,239,11,-6,9,-5,9,248
TDG,TransDigm Group,1390.0,-28,-1,18,157,146,3,32,9,57,101,247
NFLX,Netflix,1211.81,8,0,115,20,143,13,-16,86,20,103,246
SHW,Sherwin-Williams,352.25,41,5,0,190,236,-5,-14,9,19,9,245
PEG,Public Service Enterprise Group,87.68,-20,41,3,152,176,1,48,3,17,69,245
STE,Steris,242.96,14,1,13,195,223,8,-34,21,25,20,243
PM,Philip Morris International,170.18,21,-12,69,55,133,20,-24,84,27,107,240
PWR,Quanta Services,386.05,-42,69,16,99,142,-61,77,9,72,97,239
VST,Vistra Corp.,202.16,-2,61,18,30,107,5,74,7,45,131,238
IBM,IBM,242.07,-13,-7,108,54,142,-4,-15,55,56,92,234
GE,GE Aerospace,275.0,20,73,18,27,138,7,31,29,29,96,234
TEL,TE Connectivity,201.92,-14,68,15,62,131,2,74,9,18,103,234
SRE,Sempra,81.72,0,17,0,181,198,11,17,7,-1,34,232
CAT,Caterpillar Inc.,416.61,-17,61,7,64,115,-16,68,7,57,116,231
DE,Deere & Company,510.36,7,0,48,109,164,18,-5,44,10,67,231
ABBV,AbbVie,198.08,42,14,16,58,130,12,21,2,64,99,229
DGX,Quest Diagnostics,176.96,14,1,67,18,100,51,-4,67,14,128,228
TRMB,Trimble Inc.,83.75,7,62,78,4,151,-12,67,7,12,74,225
AMAT,Applied Materials,184.87,7,62,0,149,218,11,-7,7,-5,6,224
RL,Ralph Lauren Corporation,288.26,-14,64,93,34,177,-14,25,9,26,46,223
ADI,Analog Devices,223.9,0,0,10,179,189,12,-13,9,26,34,223
MNST,Monster Beverage,64.69,14,1,25,180,220,12,-32,18,4,2,222
AIZ,Assurant,203.3,35,3,0,152,190,41,-29,1,19,32,222
LDOS,Leidos,176.52,28,74,1,23,126,32,31,12,19,94,220
CMI,Cummins,387.19,28,34,4,65,131,28,25,5,30,88,219
C,Citigroup,92.76,6,62,18,18,104,18,72,9,14,113,217
CBRE,CBRE Group,155.43,0,46,91,22,159,-5,42,7,14,58,217
T,AT&T,28.08,12,2,69,16,99,5,4,93,15,117,216
PNW,Pinnacle West Capital,92.65,35,7,67,18,127,46,-4,21,26,89,216
VMC,Vulcan Materials Company,286.53,38,14,5,60,117,40,22,9,27,98,215
DLTR,Dollar Tree,116.07,32,79,5,-15,101,33,78,24,-22,113,214
AME,Ametek,182.07,-6,7,3,106,110,-13,7,9,101,104,214
VICI,Vici Properties,32.9,-9,43,57,15,106,-15,43,22,57,107,213
TSCO,Tractor Supply,59.28,12,28,6,85,131,-5,-3,3,85,80,211
WBA,Walgreens Boots Alliance,11.95,84,62,0,-77,69,94,77,5,-35,141,210
VLTO,Veralto,107.7,84,62,1,0,147,30,25,8,0,63,210
STT,State Street Corporation,111.51,5,64,16,16,101,17,69,8,14,108,209
URI,United Rentals,858.54,-7,62,6,64,125,-16,33,7,57,81,206
PHM,PulteGroup,121.62,35,35,0,65,135,-2,39,5,29,71,206
DELL,Dell Technologies,137.64,14,62,5,32,113,11,75,9,-4,91,204
EMR,Emerson Electric,132.75,-42,62,15,64,99,2,68,9,26,105,204
D,Dominion Energy,61.81,43,60,13,1,117,40,28,9,10,87,204
EXPD,Expeditors International,117.08,35,7,0,131,173,40,-13,5,-3,29,202
GILD,Gilead Sciences,119.4,7,56,50,35,148,4,1,7,39,51,199
CSCO,Cisco,71.79,20,62,47,14,143,28,-6,9,25,56,199
AMZN,Amazon,222.69,0,52,16,21,89,17,67,6,20,110,199
STX,Seagate Technology,149.66,0,62,13,22,97,1,73,9,18,101,198
PH,Parker Hannifin,727.79,8,63,16,65,152,8,-1,9,30,46,198
XYL,Xylem Inc.,142.68,49,62,7,22,140,-5,31,9,22,57,197
UNP,Union Pacific Corporation,222.3,0,0,-5,198,193,-5,-13,3,19,4,197
VTR,Ventas,68.57,49,18,71,22,160,-2,20,3,15,36,196
SYF,Synchrony Financial,69.42,0,62,16,21,99,-5,75,7,18,95,194
CINF,Cincinnati Financial,150.16,0,5,84,62,151,-4,22,9,15,42,193
PCAR,Paccar,97.32,-6,14,-21,159,146,-1,25,-13,34,45,191
JCI,Johnson Controls,105.53,0,70,74,19,163,2,-1,9,18,28,191
V,Visa Inc.,336.88,-51,-6,136,133,212,-54,-6,9,26,-25,187
CNP,CenterPoint Energy,38.76,0,16,48,45,109,6,15,42,15,78,187
COF,Capital One,208.28,-13,68,93,21,169,-5,-4,9,18,18,187
LHX,L3Harris,269.75,-2,84,11,5,98,-14,77,11,14,88,186
COR,Cencora,285.25,-21,-3,43,75,94,-18,-13,54,68,91,185
BX,Blackstone Inc.,168.97,-45,33,3,142,133,-5,31,4,21,51,184
WEC,WEC Energy Group,110.31,0,18,54,13,85,5,16,67,11,99,184
BKNG,Booking Holdings,5394.72,-11,0,135,35,159,-5,-7,9,26,23,182
HLT,Hilton Worldwide,262.39,-1,62,15,64,140,14,-5,7,26,42,182
WMB,Williams Companies,57.91,-21,-4,111,52,138,-26,2,9,57,42,180
HPE,Hewlett Packard Enterprise,20.82,7,58,0,42,107,17,-4,6,54,73,180
RMD,ResMed,283.76,3,68,16,13,100,-16,74,8,13,79,179
MLM,Martin Marietta Materials,611.16,35,17,5,60,117,4,22,9,27,62,179
ABT,Abbott Laboratories,134.29,63,0,55,13,131,33,3,-3,14,47,178
DHI,D. R. Horton,156.38,42,35,0,65,142,-5,39,3,-2,35,177
NWS,News Corp (Class B),32.97,-3,0,111,58,166,-12,-8,9,21,10,176
INTU,Intuit,748.69,-28,0,16,191,179,-43,9,9,20,-5,174
KKR,KKR & Co.,142.67,-46,51,0,103,108,-5,44,5,21,65,173
WTW,Willis Towers Watson,327.9,49,7,7,24,87,49,21,-14,29,85,172
SYY,Sysco,80.63,37,49,6,3,95,-5,62,6,14,77,172
CAH,Cardinal Health,157.37,5,0,54,38,97,-16,-14,47,57,74,171
LLY,Lilly (Eli),625.39,-63,-9,-2,172,98,-17,-1,-6,96,72,170
NSC,Norfolk Southern,279.93,0,61,10,4,75,-4,75,9,14,94,169
TDY,Teledyne Technologies,546.04,-3,61,51,14,123,-10,31,9,15,45,168
AEP,American Electric Power,112.51,0,26,72,23,121,-18,28,22,14,46,167
TT,Trane Technologies,430.33,-56,2,15,164,125,1,-1,9,29,38,163
META,Meta Platforms,769.29,49,62,16,29,156,-10,-13,7,23,7,163
CHRW,C.H. Robinson,116.75,49,30,2,4,85,41,23,5,8,77,162
AEE,Ameren,101.38,0,18,56,13,87,-18,20,61,10,73,160
INCY,Incyte,78.39,91,48,2,0,141,3,12,5,-1,19,160
NVR,"NVR, Inc.",7858.68,33,31,-22,65,107,-5,27,2,29,53,160
RCL,Royal Caribbean Group,301.44,-63,62,120,28,147,-19,-4,9,27,13,160
NOC,Northrop Grumman,581.13,0,29,9,58,96,-14,49,16,12,63,159
MCK,McKesson Corporation,667.86,-14,-2,41,58,83,-14,-15,37,67,75,158
PNR,Pentair,102.73,14,62,8,62,146,-9,-10,7,24,12,158
XEL,Xcel Energy,73.32,0,18,50,12,80,-18,27,58,9,76,156
EXPE,Expedia Group,195.26,9,35,48,11,103,33,1,5,14,53,156
HAS,Hasbro,77.5,31,62,13,3,109,29,-3,9,11,46,155
MMM,3M,153.35,20,5,73,14,112,27,-7,9,14,43,155
WDC,Western Digital,74.99,0,62,11,18,91,-23,73,9,3,62,153
JNJ,Johnson & Johnson,173.41,38,28,7,7,80,34,26,4,6,70,150
SYK,Stryker Corporation,377.57,-43,0,16,159,132,-16,-4,7,29,16,148
ROST,Ross Stores,145.22,35,5,0,35,75,33,14,-3,29,73,148
SPG,Simon Property Group,165.02,25,31,0,35,91,-2,30,7,21,56,147
CMS,CMS Energy,73.48,0,9,75,23,107,-15,20,21,14,40,147
KMI,Kinder Morgan,26.89,-21,-3,91,44,111,-25,2,7,52,36,147
ADM,Archer Daniels Midland,57.94,27,63,1,0,91,27,39,9,-20,55,146
CVX,Chevron Corporation,155.09,7,24,6,48,85,21,45,-11,6,61,146
ULTA,Ulta Beauty,498.21,-14,72,11,4,73,-6,75,11,-9,71,144
ALLE,Allegion,163.54,-2,74,8,21,101,-19,30,9,22,42,143
GL,Globe Life,140.56,20,14,44,14,92,26,13,3,8,50,142
AMGN,Amgen,288.31,-51,27,0,165,141,-20,-2,-13,36,1,142
LVS,Las Vegas Sands,52.67,16,62,5,2,85,-5,68,6,-14,55,140
DRI,Darden Restaurants,201.99,-4,-7,43,61,93,-5,-26,47,30,46,139
LNT,Alliant Energy,65.63,0,22,67,14,103,-10,22,9,13,34,137
GEV,GE Vernova,649.09,-6,74,0,0,68,-19,77,10,0,68,136
CSX,CSX Corporation,35.45,7,61,1,4,73,-5,65,9,-6,63,136
PKG,Packaging Corporation of America,196.42,0,30,-2,61,89,22,-3,2,26,47,136
K,Kellanova,80.07,14,2,68,21,105,10,14,-6,13,31,136
ED,Consolidated Edison,104.5,1,0,27,47,75,5,14,-3,45,61,136
GNRC,Generac,196.27,56,46,2,-34,70,-15,64,6,10,65,135
GM,General Motors,53.54,7,44,6,11,68,12,36,6,13,67,135
HII,Huntington Ingalls Industries,264.6,-23,101,7,6,91,5,32,15,-9,43,134
IDXX,Idexx Laboratories,658.6,35,69,13,4,121,2,9,9,-8,12,133
AXP,American Express,297.35,-1,0,16,99,114,1,-10,7,21,19,133
CEG,Constellation Energy,335.77,-5,62,15,0,72,2,30,9,19,60,132
BA,Boeing,229.12,0,75,7,0,82,26,26,9,-11,50,132
ROP,Roper Technologies,534.27,-44,-6,-1,182,131,-47,-23,43,26,-1,130
TTWO,Take-Two Interactive,217.42,-6,-1,44,13,50,33,-17,44,20,80,130
PG,Procter & Gamble,153.58,0,-39,-5,179,135,19,-37,-13,26,-5,130
MDT,Medtronic,92.94,12,29,10,1,52,18,43,2,13,76,128
VRSN,Verisign,271.77,0,0,35,9,44,26,-1,51,7,83,127
SNA,Snap-on,321.81,0,17,0,59,76,-3,-6,2,57,50,126
BKR,Baker Hughes,43.3,-14,16,3,35,40,-5,61,3,26,85,125
AFL,Aflac,103.51,20,-10,0,58,68,28,-19,-7,55,57,125
RF,Regions Financial Corporation,24.93,-42,61,6,22,47,-14,68,7,14,75,122
UAL,United Airlines Holdings,89.3,8,35,0,11,54,24,25,3,16,68,122
FSLR,First Solar,184.65,42,27,-38,62,93,-1,27,9,-6,29,122
ACGL,Arch Capital Group,88.82,35,-19,-7,62,71,2,-11,9,51,51,122
WAB,Wabtec,191.6,0,0,1,49,50,17,-11,9,56,71,121
ECL,Ecolab,272.91,30,5,15,22,72,27,-9,9,19,46,118
TKO,TKO Group Holdings,163.23,-42,0,70,40,68,5,-18,9,50,46,114
DAL,Delta Air Lines,53.66,8,34,0,19,61,24,-1,1,26,50,111
LMT,Lockheed Martin,425.71,21,-14,-28,165,144,-4,-25,-3,-2,-34,110
AWK,American Water Works,145.35,21,6,25,1,53,5,20,21,8,54,107
FITB,Fifth Third Bancorp,41.63,4,38,0,22,64,25,-6,6,16,41,105
HON,Honeywell,216.41,-84,0,0,178,94,-12,-9,9,22,10,104
F,Ford Motor Company,11.34,21,76,1,-17,81,27,-8,9,-5,23,104
EA,Electronic Arts,167.65,42,8,3,7,60,49,-19,15,-1,44,104
TER,Teradyne,107.47,16,33,-28,2,23,20,63,2,-5,80,103
CSGP,CoStar Group,94.47,-4,44,5,14,59,-9,39,22,-9,43,102
KIM,Kimco Realty,20.8,-46,0,0,55,9,-5,75,7,14,91,100
UBER,Uber,89.61,13,5,17,0,35,33,-9,15,26,65,100
BRO,Brown & Brown,93.63,0,-71,-2,163,90,10,-17,-9,26,10,100
MAS,Masco,69.29,14,28,-19,65,88,-8,28,-31,21,10,98
ZBRA,Zebra Technologies,317.85,-28,48,-1,-7,12,2,67,3,13,85,97
BG,Bunge Global,83.0,56,2,0,0,58,28,7,9,-5,39,97
BRK-B,Berkshire Hathaway,465.4,0,-47,123,62,138,-4,-59,-4,26,-41,97
KDP,Keurig Dr Pepper,34.43,12,2,6,1,21,14,32,17,12,75,96
PFG,Principal Financial Group,76.59,0,0,-2,55,53,-10,28,6,18,42,95
LH,Labcorp,266.04,5,12,54,15,86,-14,-3,7,18,8,94
GWW,W. W. Grainger,949.65,-42,-6,-2,94,44,-5,-11,9,57,50,94
STLD,Steel Dynamics,123.02,-3,-6,-2,55,44,-5,-12,9,57,49,93
XYZ,"Block, Inc.",73.37,-6,40,-2,-36,-4,21,59,3,13,96,92
NCLH,Norwegian Cruise Line Holdings,24.01,-21,33,0,0,12,-5,63,2,20,80,92
REG,Regency Centers,71.91,0,5,4,53,62,-8,8,9,19,28,90
IVZ,Invesco,20.73,-4,38,6,2,42,-5,34,6,13,48,90
WFC,Wells Fargo,77.83,-49,0,91,29,71,-7,-3,9,19,18,89
NTAP,NetApp,106.23,7,5,-3,57,66,18,-6,6,-1,17,83
FCX,Freeport-McMoRan,41.87,6,0,0,58,64,26,-10,9,-6,19,83
TRGP,Targa Resources,165.09,0,-1,0,51,50,16,-18,-19,54,33,83
BEN,Franklin Resources,25.0,35,65,7,1,108,-9,-6,9,-22,-28,80
GPC,Genuine Parts Company,133.08,23,15,0,0,38,28,22,9,-17,42,80
MAR,Marriott International,259.91,-1,0,0,58,57,-5,-7,6,27,21,78
KMB,Kimberly-Clark,136.15,42,3,1,18,64,34,-39,-10,26,11,75
LEN,Lennar,120.86,37,18,-29,64,90,-5,27,-34,-3,-15,75
VZ,Verizon,43.14,9,2,29,10,50,5,7,-1,14,25,75
ES,Eversource Energy,65.06,-7,65,14,-10,62,-19,20,9,2,12,74
MTCH,Match Group,36.09,21,46,3,-37,33,21,54,4,-38,41,74
NWSA,News Corp (Class A),28.52,-10,0,8,58,56,-5,-8,9,21,17,73
IP,International Paper,47.54,-3,0,0,16,13,17,25,2,16,60,73
MET,MetLife,76.29,4,0,0,58,62,5,-19,7,18,11,73
PNC,PNC Financial Services,189.75,0,52,1,14,67,-10,-4,6,14,6,73
HOLX,Hologic,68.08,49,50,-34,0,65,2,10,2,-7,7,72
TSLA,"Tesla, Inc.",329.68,18,1,0,10,29,23,7,3,10,43,72
AMP,Ameriprise Financial,504.95,-46,0,0,64,18,-13,-12,7,71,53,71
AIG,American International Group,78.14,0,-20,27,53,60,-6,-26,22,21,11,71
VRTX,Vertex Pharmaceuticals,366.29,-28,-4,-1,104,71,-28,-4,-5,37,0,71
CPRT,Copart,46.18,5,-53,-12,176,116,-5,-49,-22,28,-48,68
CFG,Citizens Financial Group,47.31,-1,50,7,4,60,-13,-1,6,14,6,66
CB,Chubb Limited,271.32,9,-27,1,58,41,7,-38,-3,56,22,63
FICO,Fair Isaac,1319.85,-49,-24,-5,166,88,-6,-23,-27,31,-25,63
EL,EstÃ©e Lauder Companies (The),90.7,-3,52,0,-26,23,2,65,7,-35,39,62
AMCR,Amcor,9.68,12,28,0,0,40,24,-6,5,-2,21,61
EQT,EQT Corporation,51.28,-39,-6,40,42,37,-4,-23,40,10,23,60
TROW,T. Rowe Price,105.04,20,47,-22,-25,20,-9,31,5,13,40,60
GEN,Gen Digital,30.44,7,1,14,16,38,1,-4,9,16,22,60
BAC,Bank of America,46.03,0,0,16,18,34,6,-4,9,14,25,59
CCL,Carnival,28.38,-28,61,16,0,49,-13,-3,7,19,10,59
BLDR,Builders FirstSource,132.21,25,28,-27,65,91,-1,-1,-31,-3,-36,55
SMCI,Supermicro,44.58,-21,0,0,58,37,-40,61,4,-9,16,53
APD,Air Products,288.73,0,33,0,16,49,-5,-2,1,10,4,53
KEYS,Keysight Technologies,165.01,7,1,1,0,9,18,13,7,5,43,52
ROK,Rockwell Automation,333.26,-48,65,14,15,46,10,-3,9,-11,5,51
DG,Dollar General,116.32,41,6,1,-17,31,40,-16,21,-26,19,50
PRU,Prudential Financial,103.31,7,0,-12,55,50,-5,-17,3,19,0,50
NTRS,Northern Trust,125.6,-22,62,15,11,66,-42,4,9,13,-16,50
NEE,NextEra Energy,72.39,12,4,1,0,17,14,-4,9,13,32,49
MU,Micron Technology,118.9,14,1,1,22,38,24,-17,9,-5,11,49
ERIE,Erie Indemnity,357.38,0,0,-16,39,23,12,16,-34,31,25,48
O,Realty Income,57.46,9,6,9,7,31,5,-11,9,13,16,47
AOS,A. O. Smith,70.84,0,28,-41,58,45,-2,-2,9,-5,0,45
PODD,Insulet Corporation,306.88,11,0,44,4,59,2,-38,13,6,-17,42
MTD,Mettler Toledo,1255.96,16,47,-22,0,41,4,-3,3,-5,-1,40
TXN,Texas Instruments,187.21,9,0,0,22,31,-5,-12,9,16,8,39
TYL,Tyler Technologies,593.76,49,7,0,17,73,-9,-16,-27,18,-34,39
SJM,J.M. Smucker Company (The),110.71,12,14,1,-4,23,29,19,-9,-23,16,39
MHK,Mohawk Industries,120.59,26,24,-25,-11,14,-5,28,1,-1,23,37
PANW,Palo Alto Networks,167.09,-59,-7,-1,81,14,-54,11,9,57,23,37
UHS,Universal Health Services,172.38,35,-18,-10,22,29,25,-14,-3,-1,7,36
TXT,Textron,77.02,-4,0,-3,53,46,-12,-3,9,-5,-11,35
SBUX,Starbucks,92.13,0,1,0,1,2,26,13,-14,7,32,34
EXE,Expand Energy,99.13,-11,-15,40,0,14,-5,-26,40,10,19,33
IRM,Iron Mountain,90.19,-51,-3,-2,57,1,-12,-24,9,56,29,30
EFX,Equifax,239.82,-2,-6,-3,16,5,11,-14,9,18,24,29
FOXA,Fox Corporation (Class A),54.03,-28,0,67,1,40,-19,-14,7,14,-12,28
ADSK,Autodesk,290.66,-14,0,4,14,4,-5,-2,9,19,21,25
EOG,EOG Resources,115.79,-41,-2,-4,45,-2,-11,-17,2,51,25,23
KEY,KeyCorp,17.6,-51,62,7,4,22,-15,-4,7,13,1,23
CVS,CVS Health,65.54,12,0,9,-17,4,22,1,24,-28,19,23
FOX,Fox Corporation (Class B),49.19,-28,0,66,1,39,-19,-13,6,9,-17,22
CCI,Crown Castle,104.53,-54,35,6,-28,-41,2,34,19,5,60,19
USB,U.S. Bancorp,44.86,0,0,0,4,4,4,-10,6,15,15,19
OTIS,Otis Worldwide,87.46,7,-13,-3,0,-9,25,-10,-13,26,28,19
FDX,FedEx,227.97,0,1,-25,32,8,19,-6,1,-4,10,18
TSN,Tyson Foods,57.06,28,0,0,-28,0,32,-19,-10,11,14,14
DDOG,Datadog,130.98,-49,52,-1,0,2,-5,-5,6,15,11,13
CI,Cigna,275.07,0,-25,-5,58,28,7,-19,-2,-1,-15,13
DECK,Deckers Brands,101.67,-49,-7,-23,93,14,-12,-2,-19,31,-2,12
AVB,AvalonBay Communities,186.8,-2,-7,-2,16,5,22,-25,-6,15,6,11
SOLV,Solventum,73.4,7,0,0,0,7,12,-16,5,0,1,8
CL,Colgate-Palmolive,84.7,0,-23,-5,23,-5,16,-16,-13,26,13,8
PEP,PepsiCo,145.22,12,17,-41,0,-12,24,42,-38,-13,15,3
HSY,Hershey Company (The),184.25,-9,28,3,0,22,-18,13,3,-19,-21,1
BMY,Bristol Myers Squibb,45.95,0,-9,-2,-5,-16,28,-3,-13,5,17,1
EQR,Equity Residential,63.2,-6,-7,-2,13,-2,-1,-8,-2,13,2,0
FTNT,Fortinet,74.39,-56,-6,-1,113,50,-54,-8,-1,13,-50,0
BXP,"BXP, Inc.",63.27,-11,-4,-2,-1,-18,-5,-2,9,13,15,-3
FANG,Diamondback Energy,142.12,-19,-2,-28,47,-2,-10,9,3,-5,-3,-5
CTRA,Coterra,24.01,1,-18,-4,44,23,-5,-25,-11,13,-28,-5
PSA,Public Storage,281.75,0,-7,-10,1,-16,25,-38,9,13,9,-7
NUE,Nucor,139.03,-42,39,0,3,0,-5,-1,6,-8,-8,-8
XOM,ExxonMobil,106.84,-40,-5,-1,44,-2,-48,-16,8,50,-6,-8
CTVA,Corteva,70.9,-70,0,52,0,-18,5,-15,9,11,10,-8
NOW,ServiceNow,872.34,-58,-2,-2,82,20,-51,-7,7,22,-29,-9
TAP,Molson Coors Beverage Company,50.7,7,0,-12,0,-5,15,-3,-13,-3,-4,-9
MSCI,MSCI Inc.,546.84,-14,-2,0,14,-2,-19,-14,6,20,-7,-9
VRSK,Verisk Analytics,265.05,-111,-10,0,114,-7,3,-34,-1,28,-4,-11
WYNN,Wynn Resorts,106.43,-34,64,7,3,40,-51,-1,9,-8,-51,-11
AES,AES Corporation,13.12,-29,23,-2,-11,-19,2,23,5,-24,6,-13
CLX,Clorox,124.86,0,0,-16,-5,-21,23,-2,-26,13,8,-13
DHR,Danaher Corporation,200.63,2,2,-28,0,-24,6,5,2,-4,9,-15
VTRS,Viatris,9.7,12,2,-24,-7,-17,6,-4,1,-1,2,-15
BDX,Becton Dickinson,193.56,14,2,-27,-5,-16,6,28,-18,-15,1,-15
PCG,PG&E Corporation,14.98,37,0,-29,1,9,-5,9,-28,-1,-25,-16
KVUE,Kenvue,21.35,-8,-4,0,0,-12,-20,15,-2,3,-4,-16
HUM,Humana,266.68,93,4,-88,-12,-3,19,7,-19,-20,-13,-16
NXPI,NXP Semiconductors,207.2,-51,0,-24,63,-12,1,-7,6,-5,-5,-17
SBAC,SBA Communications,220.68,-28,-4,15,-20,-37,3,-4,16,5,20,-17
TGT,Target Corporation,105.43,20,28,-30,-11,7,24,-4,-38,-6,-24,-17
HPQ,HP Inc.,26.12,12,1,-24,0,-11,28,-6,-28,-1,-7,-18
TFC,Truist Financial,43.08,-62,36,0,4,-22,-13,-3,6,14,4,-18
EW,Edwards Lifesciences,78.35,-21,11,3,-14,-21,-19,27,29,-35,2,-19
HBAN,Huntington Bancshares,16.09,-51,0,8,21,-22,-14,-8,9,16,3,-19
GEHC,GE HealthCare,71.99,0,0,-19,0,-19,7,-1,-17,8,-3,-22
TTD,Trade Desk (The),54.23,-7,-1,-26,-1,-35,-5,22,-26,20,11,-24
CPB,Campbell's Company (The),32.44,12,0,-31,-6,-25,30,13,-38,-5,0,-25
KHC,Kraft Heinz,27.78,0,1,-41,0,-40,16,21,-13,-10,14,-26
EQIX,Equinix,775.8,-42,-26,-7,34,-41,-10,6,-7,26,15,-26
CARR,Carrier Global,66.03,-63,-5,-2,0,-70,9,-1,9,26,43,-27
LII,Lennox International,581.77,-56,29,0,38,11,-66,-3,3,27,-39,-28
AVY,Avery Dennison,170.87,0,-8,-34,0,-42,25,-13,6,-5,13,-29
PSX,Phillips 66,119.13,-48,0,-2,41,-9,-12,-11,8,-5,-20,-29
IR,Ingersoll Rand,75.91,-46,-3,-20,23,-46,-10,-8,6,29,17,-29
VLO,Valero Energy,133.34,-56,0,0,44,-12,-12,-9,8,-5,-18,-30
DXCM,Dexcom,78.86,-49,0,-2,-14,-65,9,25,9,-9,34,-31
BBY,Best Buy,68.98,17,1,-23,-6,-11,28,-13,-34,-2,-21,-32
DOV,Dover Corporation,173.58,-83,0,-2,106,21,-75,-3,5,19,-54,-33
PAYC,Paycom,229.83,0,-6,18,-24,-12,-3,10,9,-37,-21,-33
OKE,Oneok,74.49,-42,-6,-12,54,-6,-48,-6,-24,51,-27,-33
PLD,Prologis,105.7,-3,0,-22,0,-25,-5,-9,9,-5,-10,-35
SW,Smurfit Westrock,43.65,-49,0,-2,16,-35,6,-1,-22,17,0,-35
DLR,Digital Realty,169.97,-45,0,0,22,-23,-39,-2,9,19,-13,-36
COP,ConocoPhillips,93.91,0,14,-44,0,-30,-12,13,1,-8,-6,-36
CPAY,Corpay,300.97,-51,-6,-2,21,-38,-16,-3,-4,25,2,-36
DD,DuPont,70.43,-67,33,-2,19,-17,-19,-4,6,-3,-20,-37
PPG,PPG Industries,106.94,0,-6,-45,-8,-59,25,-8,9,-8,18,-41
TMO,Thermo Fisher Scientific,461.1,-18,13,-21,0,-26,-20,27,-20,-3,-16,-42
APTV,Aptiv,66.9,0,0,0,-24,-24,16,-8,9,-36,-19,-43
EIX,Edison International,53.79,0,6,-31,0,-25,-9,20,-28,-1,-18,-43
OXY,Occidental Petroleum,44.34,4,1,-54,0,-49,17,-3,5,-16,3,-46
FRT,Federal Realty Investment Trust,91.34,-3,-6,-22,0,-31,-5,-7,-2,-1,-15,-46
COIN,Coinbase,310.63,-84,0,8,0,-76,9,-6,8,18,29,-47
QCOM,Qualcomm,147.6,-49,-3,-24,22,-54,9,-7,7,-5,4,-50
CF,CF Industries,80.88,-25,-2,-1,4,-24,-17,-28,9,8,-28,-52
NDSN,Nordson Corporation,210.96,-4,0,-35,0,-39,-7,-8,9,-7,-13,-52
REGN,Regeneron Pharmaceuticals,562.73,0,6,-40,0,-34,1,24,-41,-4,-20,-54
A,Agilent Technologies,114.63,0,0,-22,-2,-24,7,-13,-19,-5,-30,-54
AMT,American Tower,206.42,-66,-4,15,0,-55,-28,-3,19,11,-1,-56
EXR,Extra Space Storage,136.4,-49,-7,-2,0,-58,-14,-7,9,13,1,-57
GPN,Global Payments,81.0,0,14,-26,-39,-51,-4,30,-23,-10,-7,-58
HRL,Hormel Foods,28.48,0,-17,-9,-23,-49,25,-13,9,-30,-9,-58
MTB,M&T Bank,187.18,-81,0,0,22,-59,-14,-8,7,14,-1,-60
WST,West Pharmaceutical Services,240.96,-1,14,-26,-7,-20,-5,-2,-26,-8,-41,-61
DVA,DaVita,129.55,-51,-3,-2,20,-36,-21,-4,-19,19,-25,-61
MPC,Marathon Petroleum,160.91,-56,0,0,49,-7,-48,-7,9,-8,-54,-61
DVN,Devon Energy,33.28,4,1,-49,-5,-49,19,-18,8,-22,-13,-62
CRWD,CrowdStrike,424.49,-63,-2,44,0,-21,-54,-16,9,20,-41,-62
MAA,Mid-America Apartment Communities,140.51,-53,-8,0,0,-61,-1,-4,-7,11,-1,-62
UDR,"UDR, Inc.",38.1,-56,-7,-2,-1,-66,-1,-4,-4,13,4,-62
MCHP,Microchip Technology,61.86,-49,0,0,0,-49,-5,-12,9,-7,-15,-64
DPZ,Domino's,439.89,-49,-4,0,10,-43,-61,-4,26,18,-21,-64
OMC,Omnicom Group,72.92,0,0,-26,0,-26,-5,-3,-31,-1,-40,-66
CTSH,Cognizant,69.55,-65,-8,-2,14,-61,-5,-16,-2,18,-5,-66
WDAY,"Workday, Inc.",222.09,-46,-10,-9,14,-51,-5,-6,-3,-2,-16,-67
CPT,Camden Property Trust,105.52,-56,-7,0,0,-63,-10,-4,-2,11,-5,-68
TPL,Texas Pacific Land Corporation,862.11,-17,-49,-8,58,-16,-12,-49,-4,13,-52,-68
IQV,IQVIA,179.98,-21,17,-39,-1,-44,-63,43,1,-6,-25,-69
POOL,Pool Corporation,305.81,-13,14,-22,-6,-27,-5,-2,-28,-9,-44,-71
DIS,Walt Disney Company (The),112.36,-70,0,14,-1,-57,-19,-7,9,3,-14,-71
SWKS,Skyworks Solutions,71.09,6,0,-42,-30,-66,7,-14,6,-5,-6,-72
ODFL,Old Dominion,144.45,-2,-8,-25,0,-35,-5,-2,-30,-1,-38,-73
PFE,Pfizer,24.58,7,4,-32,-23,-44,2,-11,6,-28,-31,-75
WBD,Warner Bros. Discovery,10.9,-42,42,11,-42,-31,-5,-1,7,-45,-44,-75
CMG,Chipotle Mexican Grill,41.44,-140,-12,-5,80,-77,-18,-13,-3,29,-5,-82
SWK,Stanley Black & Decker,69.33,0,28,-28,-39,-39,-1,-6,-34,-2,-43,-82
HSIC,Henry Schein,65.95,-66,-4,-4,-1,-75,3,-13,-2,3,-9,-84
ABNB,Airbnb,121.02,-59,-2,-2,0,-63,-14,-1,-1,-5,-21,-84
ELV,Elevance Health,294.02,7,-27,-43,-2,-65,12,-19,-9,-3,-19,-84
NKE,"Nike, Inc.",74.18,-14,30,-76,-21,-81,-5,30,6,-36,-5,-86
STZ,Constellation Brands,170.59,0,0,-44,-3,-47,6,20,-60,-8,-42,-89
DOC,Healthpeak Properties,16.97,-3,-3,-16,-31,-53,-12,-3,-31,9,-37,-90
IPG,Interpublic Group of Companies (The),24.93,0,14,-42,0,-28,-5,-3,-39,-17,-64,-92
APA,APA Corporation,20.02,14,2,-84,-12,-80,7,-5,4,-19,-13,-93
JBHT,J.B. Hunt,139.38,-14,0,-30,-1,-45,-5,-8,-27,-10,-50,-95
ON,ON Semiconductor,47.66,-49,0,-36,-1,-86,4,-5,5,-15,-11,-97
MRK,Merck & Co.,80.73,0,6,-46,-4,-44,4,-2,-50,-6,-54,-98
MOH,Molina Healthcare,156.92,-1,-54,-12,-2,-69,5,-19,-8,-8,-30,-99
PYPL,PayPal,67.64,-63,-1,-2,-39,-105,-5,-1,2,9,5,-100
MKC,McCormick & Company,70.34,-51,-23,-5,-2,-81,5,-22,-13,10,-20,-101
PARA,Paramount Global,11.08,-23,-2,0,-34,-59,-12,-1,11,-40,-42,-101
LKQ,LKQ Corporation,29.46,-1,-39,-5,-2,-47,-12,-13,-13,-17,-55,-102
DAY,Dayforce,51.17,-43,-6,-19,-12,-80,-5,-1,-23,5,-24,-104
CRM,Salesforce,240.48,-49,-7,-12,22,-46,-54,-6,-20,21,-59,-105
MOS,Mosaic Company (The),31.99,-49,-3,15,-16,-53,-21,-15,14,-30,-52,-105
FI,Fiserv,133.11,-56,-21,-13,35,-55,-49,-15,-14,27,-51,-106
BF-B,Brownâ€“Forman,30.8,26,2,-102,-18,-92,28,20,-34,-28,-14,-106
WY,Weyerhaeuser,25.5,0,-8,-22,0,-30,-5,-29,-34,-8,-76,-106
ZTS,Zoetis,147.4,-10,-21,-34,-3,-68,2,-36,-1,-5,-40,-108
EG,Everest Group,329.91,-42,-19,-35,55,-41,7,-37,-36,-5,-71,-112
ALB,Albemarle Corporation,75.49,4,27,-127,-23,-119,30,-2,3,-25,6,-113
MGM,MGM Resorts,34.19,-49,0,-2,0,-51,-60,-1,6,-9,-64,-115
EPAM,EPAM Systems,158.17,0,-8,-25,-27,-60,12,-14,-16,-37,-55,-115
ISRG,Intuitive Surgical,470.23,-92,-8,-2,22,-80,-47,-16,-1,26,-38,-118
ESS,Essex Property Trust,254.59,-56,-7,-2,14,-51,-77,-4,-2,14,-69,-120
FIS,Fidelity National Information Services,71.16,-46,-4,-1,-37,-88,-51,-6,8,11,-38,-126
LUV,Southwest Airlines,29.59,-84,0,0,-39,-123,-11,-8,7,4,-8,-131
COO,Cooper Companies (The),70.31,-51,-8,-26,-5,-90,1,-8,-31,-3,-41,-131
MDLZ,Mondelez International,61.82,-56,-8,0,0,-64,-75,-4,18,-9,-70,-134
BAX,Baxter International,23.68,-1,-23,-22,-38,-84,24,-22,-13,-41,-52,-136
ZBH,Zimmer Biomet,99.22,14,2,-64,-17,-65,14,-4,-63,-18,-71,-136
INTC,Intel,19.95,0,-7,-68,-20,-95,-3,-11,-16,-12,-42,-137
IEX,IDEX Corporation,158.34,-56,-8,-27,-2,-93,-8,-8,-27,-6,-49,-142
WAT,Waters Corporation,281.18,-44,-20,-4,-2,-70,-50,-19,-19,14,-74,-144
FTV,Fortive,47.12,-51,-8,-20,0,-79,-7,-34,-16,-8,-65,-144
UNH,UnitedHealth Group,250.9,0,-78,-17,-4,-99,3,-19,-30,-1,-47,-146
ALGN,Align Technology,139.92,-49,-7,-66,-25,-147,2,36,-2,-38,-2,-149
EMN,Eastman Chemical Company,61.63,-70,-10,-20,-1,-101,-5,-8,-34,-2,-49,-150
FDS,FactSet,382.11,-135,-15,-4,0,-154,-9,-11,-2,23,1,-153
BALL,Ball Corporation,54.07,-66,0,-2,-11,-79,-75,-4,9,-5,-75,-154
CRL,Charles River Laboratories,148.74,-21,0,-53,-26,-100,-50,-2,5,-8,-55,-155
HST,Host Hotels & Resorts,15.33,-63,0,-31,2,-92,-61,-4,7,-6,-64,-156
RVTY,Revvity,86.85,-58,-8,-19,-24,-109,-15,-13,-24,3,-49,-158
CDW,CDW Corporation,162.88,-49,-4,-41,0,-94,-54,-7,1,-8,-68,-162
HAL,Halliburton,20.9,-20,-3,-62,-5,-90,-12,10,-61,-9,-72,-162
TECH,Bio-Techne,50.44,-24,0,-26,-24,-74,-56,-1,-26,-6,-89,-163
INVH,Invitation Homes,29.96,-78,-12,-7,0,-97,-48,-32,-2,14,-68,-165
JKHY,Jack Henry & Associates,161.52,-77,-7,-2,0,-86,-50,-38,-2,11,-79,-165
LW,Lamb Weston,51.53,-28,-3,-71,-8,-110,-55,6,2,-14,-61,-171
MKTX,MarketAxess,187.01,-24,-11,-27,-29,-91,-17,-26,-1,-44,-88,-179
SLB,Schlumberger,32.89,-51,-6,-69,-1,-127,-12,-12,-20,-10,-54,-181
BIIB,Biogen,130.73,0,1,-83,-27,-109,-14,5,-46,-18,-73,-182
CMCSA,Comcast,31.67,-77,-9,-34,-9,-129,-40,-11,-1,-8,-60,-189
KMX,CarMax,54.95,-85,-19,-18,-36,-158,-11,-17,-22,11,-39,-197
AKAM,Akamai Technologies,70.54,-51,-7,-25,-7,-90,-69,-6,-25,-10,-110,-200
GIS,General Mills,49.82,0,-86,-40,-4,-130,16,-32,-36,-19,-71,-201
CAG,Conagra Brands,19.27,12,-80,-31,-7,-106,30,-94,-13,-23,-100,-206
IT,Gartner,229.09,-72,-39,-20,0,-131,-73,-42,-18,57,-76,-207
ARE,Alexandria Real Estate Equities,74.21,-65,14,-36,-30,-117,-14,-2,-47,-35,-98,-215
UPS,United Parcel Service,86.66,0,-9,-105,-16,-130,-1,-17,-33,-34,-85,-215
ACN,Accenture,239.25,-70,-23,-22,-1,-116,-82,-21,-18,19,-102,-218
GDDY,GoDaddy,133.35,-86,-22,-2,22,-88,-89,-46,-18,22,-131,-219
CHTR,Charter Communications,256.64,-78,-11,-3,-36,-128,-79,-16,-3,-1,-99,-227
IFF,International Flavors & Fragrances,63.57,-67,-8,-22,-31,-128,-80,-4,-34,-1,-119,-247
LYB,LyondellBasell,49.05,-70,-6,-43,-5,-124,-56,-4,-57,-7,-124,-248
CZR,Caesars Entertainment,24.05,-66,-7,-25,-25,-123,-58,-8,-34,-37,-137,-260
DOW,Dow Inc.,21.23,-84,-12,-42,-1,-139,-56,-12,-57,-8,-133,-272
ADBE,Adobe Inc.,341.22,-51,-23,-35,-6,-115,-74,-39,-39,-5,-157,-272
LULU,Lululemon Athletica,189.41,-149,-44,-10,-3,-206,-12,-38,-19,-12,-81,-287
MRNA,Moderna,26.13,-63,-3,-54,-4,-124,-66,-4,-54,-39,-163,-287
ENPH,Enphase Energy,32.43,0,-146,-45,-20,-211,6,-11,-52,-24,-81,-292
CNC,Centene Corporation,25.59,-84,-55,-43,-11,-193,-23,-53,-12,-28,-116,-309
