Symbol,Name,Close,1H Cloud Score,1D Cloud Score,1W Cloud Score,1M Cloud Score,Cloud Score Sum,1H TKx Score,1D TKx Score,1W TKx Score,1M TKx Score,TKx Score Sum,Total Score Sum
TJX,TJX Companies,140.04,0,32,153,199,384,-11,36,122,194,341,725
ORLY,Oâ€™Reilly Automotive,104.54,-7,43,168,200,404,-12,49,59,90,186,590
GOOGL,Alphabet Inc. (Class A),249.52,126,78,13,177,394,73,52,10,22,157,551
GOOG,Alphabet Inc. (Class C),249.85,126,78,12,177,393,73,52,9,22,156,549
JPM,JPMorgan Chase,311.75,36,91,128,159,414,39,16,15,27,97,511
GS,Goldman Sachs,794.56,58,89,97,59,303,49,100,15,22,186,489
STX,Seagate Technology,213.71,125,89,19,23,256,74,100,15,19,208,464
GLW,Corning Inc.,76.87,126,88,24,18,256,75,95,13,15,198,454
WELL,Welltower,165.93,-12,86,121,59,254,-12,47,138,25,198,452
WDC,Western Digital,100.92,126,89,17,19,251,75,100,15,4,194,445
MSI,Motorola Solutions,477.83,-6,44,6,154,198,-19,54,6,186,227,425
HWM,Howmet Aerospace,185.43,70,6,153,30,259,-3,6,97,58,158,417
MS,Morgan Stanley,157.46,51,89,81,65,286,-9,100,15,17,123,409
YUM,Yum! Brands,148.19,46,5,33,260,344,2,5,-7,58,58,402
NRG,NRG Energy,164.54,52,4,108,95,259,-2,3,118,22,141,400
BK,BNY Mellon,107.02,35,91,99,41,266,3,95,15,20,133,399
WRB,W. R. Berkley Corporation,73.13,7,15,99,177,298,-14,28,29,56,99,397
PLTR,Palantir Technologies,168.27,49,102,121,0,272,-6,-17,124,21,122,394
WMT,Walmart,104.26,72,13,132,102,319,26,4,15,30,75,394
APH,Amphenol,118.39,60,102,24,66,252,-7,104,15,28,140,392
MCD,McDonald's,304.97,-44,25,57,243,281,3,45,3,58,109,390
NEM,Newmont,78.7,138,113,24,6,281,-7,75,24,11,103,384
LYV,Live Nation Entertainment,169.36,0,90,99,148,337,-12,28,14,17,47,384
IBM,IBM,259.11,71,0,114,55,240,13,8,61,57,139,379
AAPL,Apple Inc.,238.97,16,56,3,252,327,21,24,7,-1,51,378
RTX,RTX Corporation,158.33,21,88,82,55,246,33,-5,89,15,132,378
MA,Mastercard,598.24,10,34,131,156,331,5,-2,15,27,45,376
KLAC,KLA Corporation,989.44,63,8,19,178,268,64,2,15,27,108,376
FAST,Fastenal,47.11,-2,111,128,107,344,-12,-4,21,27,32,376
BX,Blackstone Inc.,183.68,58,60,9,143,270,63,7,10,22,102,372
AZO,AutoZone,4221.27,-11,42,99,87,217,-19,49,59,58,147,364
C,Citigroup,101.76,53,89,24,19,185,49,99,15,15,178,363
SO,Southern Company,91.61,0,0,81,191,272,-8,-14,28,80,86,358
HUBB,Hubbell Incorporated,433.5,-2,87,6,183,274,-19,18,11,72,82,356
PANW,Palo Alto Networks,203.07,161,9,4,82,256,16,10,15,58,99,355
STE,Steris,248.78,35,28,19,196,278,2,21,27,26,76,354
MNST,Monster Beverage,66.53,35,28,31,181,275,47,2,24,5,78,353
ETR,Entergy,88.16,-1,47,81,138,265,-10,-12,94,15,87,352
LHX,L3Harris,281.84,37,111,17,6,171,38,104,17,15,174,345
CDNS,Cadence Design Systems,347.31,4,0,22,142,168,-7,-14,15,181,175,343
HD,Home Depot (The),416.99,0,41,6,181,228,29,54,7,20,110,338
ROL,"Rollins, Inc.",56.16,-18,-3,36,287,302,-18,-11,28,36,35,337
COST,Costco,962.65,0,0,0,181,181,-12,-11,-7,185,155,336
CAT,Caterpillar Inc.,450.7,35,88,13,65,201,42,13,13,58,126,327
LLY,Lilly (Eli),760.13,52,3,-8,173,220,9,11,-12,97,105,325
V,Visa Inc.,346.07,3,0,142,134,279,5,-2,15,27,45,324
RSG,Republic Services,226.3,-27,-35,129,178,245,-19,-60,-6,161,76,321
MPWR,Monolithic Power Systems,876.81,7,89,8,158,262,12,33,15,-3,57,319
L,Loews Corporation,96.8,0,89,117,56,262,-12,24,15,25,52,314
LRCX,Lam Research,121.89,59,11,14,153,237,65,3,15,-6,77,314
ITW,Illinois Tool Works,262.49,-2,60,7,179,244,3,24,12,30,69,313
CMI,Cummins,412.26,42,61,10,66,179,39,52,11,31,133,312
GD,General Dynamics,325.24,0,111,13,55,179,-9,66,15,58,130,309
GE,GE Aerospace,289.53,42,100,24,28,194,38,11,35,30,114,308
TPR,"Tapestry, Inc.",109.88,40,89,85,22,236,33,6,13,20,72,308
MCO,Moody's Corporation,512.01,7,89,21,157,274,3,-12,13,26,30,304
ALLE,Allegion,176.71,36,101,14,22,173,35,57,15,23,130,303
RJF,Raymond James Financial,170.15,13,88,97,59,257,3,11,12,20,46,303
TKO,TKO Group Holdings,201.34,81,27,76,41,225,-9,20,15,51,77,302
URI,United Rentals,930.65,-5,89,12,65,161,7,60,13,58,138,299
TEL,TE Connectivity,213.9,68,95,21,63,247,7,10,15,19,51,298
LOW,Lowe's,267.99,0,41,5,167,213,3,53,6,20,82,295
BSX,Boston Scientific,98.5,-42,-4,149,145,248,-40,13,15,58,46,294
T,AT&T,29.54,33,29,75,17,154,-10,31,99,16,136,290
ADI,Analog Devices,246.29,0,20,16,180,216,12,20,15,27,74,290
DUK,Duke Energy,121.07,-1,0,81,184,264,-10,-9,27,17,25,289
AXON,Axon Enterprise,751.66,29,-5,150,95,269,-8,-19,15,31,19,288
TRV,Travelers Companies (The),275.03,0,25,96,59,180,-14,36,29,57,108,288
DTE,DTE Energy,135.12,-2,0,79,190,267,-14,-11,32,14,21,288
NFLX,Netflix,1228.62,2,0,121,21,144,9,20,92,21,142,286
ABBV,AbbVie,220.8,35,41,22,59,157,7,48,8,65,128,285
AME,Ametek,186.26,-2,34,9,107,148,-16,34,15,102,135,283
AVGO,Broadcom,345.89,0,92,24,117,233,-5,9,15,31,50,283
HIG,Hartford (The),130.65,-14,31,99,58,174,-14,35,26,57,104,278
RL,Ralph Lauren Corporation,306.14,-6,91,99,35,219,-4,20,15,27,58,277
COF,Capital One,225.52,12,95,99,22,228,-1,15,15,19,48,276
CBRE,CBRE Group,164.34,0,73,97,23,193,-16,69,13,15,81,274
EXPD,Expeditors International,124.91,38,34,6,132,210,30,25,11,-4,62,272
LIN,Linde plc,479.9,3,32,18,111,164,-13,-1,15,107,108,272
HPE,Hewlett Packard Enterprise,24.76,62,85,6,43,196,-13,22,12,55,76,272
J,Jacobs Solutions,147.28,35,87,11,107,240,3,-5,12,20,30,270
EXPE,Expedia Group,225.11,36,62,54,12,164,51,28,11,15,105,269
ATO,Atmos Energy,163.47,-9,29,79,46,145,-9,-3,90,46,124,269
TTWO,Take-Two Interactive,250.53,99,12,50,14,175,2,19,50,21,92,267
CBOE,Cboe Global Markets,236.96,6,0,149,56,211,-10,-15,27,52,54,265
EBAY,eBay Inc.,89.95,-28,98,82,15,167,2,-9,87,17,97,264
ORCL,Oracle Corporation,301.41,2,6,16,199,223,-5,3,15,28,41,264
AJG,Arthur J. Gallagher & Co.,292.66,-27,0,0,187,160,1,-2,-7,108,100,260
LMT,Lockheed Martin,473.06,68,15,-34,166,215,40,17,-9,-3,45,260
PGR,Progressive Corporation,243.61,-7,-69,-1,178,101,-14,-9,-8,190,159,260
SRE,Sempra,82.68,36,44,5,182,267,-10,-9,13,-2,-8,259
LDOS,Leidos,183.7,42,101,7,24,174,-12,58,18,20,84,258
BR,Broadridge Financial Solutions,245.19,-19,-3,119,146,243,-15,-11,15,26,15,258
CHD,Church & Dwight,91.97,-28,-37,-21,345,259,-21,13,-19,26,-1,258
ICE,Intercontinental Exchange,172.22,-21,-13,117,162,245,-18,-19,27,22,12,257
ETN,Eaton Corporation,363.3,42,0,13,115,170,-5,6,13,73,87,257
WM,Waste Management,215.66,-63,-18,0,188,107,-19,-24,32,160,149,256
WMB,Williams Companies,59.03,7,0,117,53,177,1,5,15,58,79,256
PTC,PTC Inc.,204.04,-49,88,11,183,233,-11,-5,12,27,23,256
COR,Cencora,288.99,-16,12,49,76,121,-19,21,60,69,131,252
ANET,Arista Networks,142.83,-9,74,12,59,136,-25,70,11,57,113,249
PCAR,Paccar,100.86,35,10,-27,160,178,33,1,2,35,71,249
IRM,Iron Mountain,99.48,50,3,1,58,112,63,2,15,57,137,249
BRK-B,Berkshire Hathaway,492.49,-1,15,129,63,206,2,23,-10,27,42,248
ULTA,Ulta Beauty,528.86,13,99,17,5,134,5,102,17,-10,114,248
AMAT,Applied Materials,178.1,58,0,0,150,208,63,-34,13,-6,36,244
NTAP,NetApp,123.91,126,32,3,58,219,-11,24,12,-2,23,242
PHM,PulteGroup,134.1,-2,62,6,66,132,3,66,11,30,110,242
KMI,Kinder Morgan,27.57,42,0,97,45,184,-13,5,13,53,58,242
DASH,DoorDash,259.14,2,88,102,0,192,12,3,15,19,49,241
MSFT,Microsoft,509.91,28,0,21,174,223,-3,-22,15,26,16,239
PM,Philip Morris International,166.32,0,-3,75,56,128,2,-9,90,28,111,239
FFIV,"F5, Inc.",323.58,0,88,99,15,202,2,2,15,18,37,239
VRSN,Verisign,287.68,105,3,41,10,159,4,10,57,8,79,238
PPL,PPL Corporation,35.61,-5,47,81,24,147,-10,-8,93,15,90,237
DGX,Quest Diagnostics,182.3,0,28,73,19,120,1,26,73,15,115,235
GRMN,Garmin,234.07,-2,62,117,20,197,-19,23,11,22,37,234
CINF,Cincinnati Financial,154.45,0,32,90,63,185,-10,23,15,16,44,229
TSLA,"Tesla, Inc.",425.59,63,28,3,11,105,65,34,9,11,119,224
NWS,News Corp (Class B),33.14,7,-7,117,59,176,21,-11,15,22,47,223
EVRG,Evergy,71.76,0,70,63,15,148,-10,-8,82,11,75,223
SYY,Sysco,82.46,8,76,12,4,100,6,89,12,15,122,222
META,Meta Platforms,775.48,22,89,22,30,163,19,2,13,24,58,221
MU,Micron Technology,159.97,70,15,3,23,111,70,24,15,1,110,221
SPGI,S&P Global,544.12,0,1,21,173,195,2,-12,13,22,25,220
BKNG,Booking Holdings,5550.67,5,1,141,36,183,1,-6,15,27,37,220
CME,CME Group,262.42,0,-23,59,137,173,-12,-18,55,20,45,218
PNR,Pentair,109.46,0,89,14,63,166,-14,26,13,25,50,216
MMC,Marsh McLennan,197.47,-22,-70,-8,176,76,-18,-8,-16,179,137,213
CHRW,C.H. Robinson,135.13,35,57,8,5,105,38,50,11,9,108,213
PG,Procter & Gamble,160.34,7,1,-11,180,177,7,21,-19,27,36,213
UNP,Union Pacific Corporation,217.18,1,-17,-11,199,172,30,-9,-1,20,40,212
INTU,Intuit,662.51,0,-20,22,192,194,7,-26,15,21,17,211
GM,General Motors,58.76,35,71,12,12,130,-9,63,12,14,80,210
PH,Parker Hannifin,738.35,-14,90,22,66,164,-22,21,15,31,45,209
SHW,Sherwin-Williams,350.22,-28,32,0,191,195,-20,-2,15,20,13,208
AXP,American Express,335.99,10,18,22,100,150,4,18,13,22,57,207
KKR,KKR & Co.,144.44,42,0,2,104,148,51,-25,11,22,59,207
MLM,Martin Marietta Materials,609.73,-2,44,11,61,114,1,49,15,28,93,207
CNP,CenterPoint Energy,38.15,6,43,54,46,149,-8,1,48,16,57,206
NDAQ,"Nasdaq, Inc.",93.09,-18,0,81,145,208,-20,-13,15,15,-3,205
HCA,HCA Healthcare,399.35,-2,28,8,98,132,-7,28,21,30,72,204
MDT,Medtronic,94.58,35,56,16,2,109,3,70,8,14,95,204
WEC,WEC Energy Group,109.26,3,45,60,14,122,-6,2,73,12,81,203
ALL,Allstate,197.22,-62,-3,102,160,197,-19,-9,16,18,6,203
GL,Globe Life,142.73,35,41,50,15,141,3,40,9,9,61,202
AIZ,Assurant,209.61,-2,30,6,153,187,-12,-1,7,20,14,201
NTRS,Northern Trust,129.4,13,89,21,12,135,3,31,15,14,63,198
BLK,BlackRock,1131.7,35,88,22,23,168,2,-9,15,22,30,198
IBKR,Interactive Brokers,62.32,-1,0,99,58,156,-14,-16,13,58,41,197
AON,Aon plc,358.08,-18,-2,0,178,158,-14,-6,2,57,39,197
DRI,Darden Restaurants,208.87,-2,0,49,62,109,-14,18,53,31,88,197
WFC,Wells Fargo,82.47,12,5,97,30,144,4,13,15,20,52,196
AFL,Aflac,109.23,35,25,6,59,125,2,24,-13,56,69,194
NI,NiSource,39.63,-14,-3,79,46,108,-14,-10,94,15,85,193
XEL,Xcel Energy,72.04,-2,45,56,13,112,-11,14,64,10,77,189
KEYS,Keysight Technologies,172.91,69,11,3,1,84,74,11,13,6,104,188
VMC,Vulcan Materials Company,292.05,-2,41,11,61,111,-19,49,15,28,73,184
XOM,ExxonMobil,115.27,33,8,2,45,88,14,17,14,51,96,184
SPG,Simon Property Group,181.62,0,58,6,36,100,-9,57,13,22,83,183
TDY,Teledyne Technologies,550.88,-2,88,57,15,158,-10,3,15,16,24,182
XYL,Xylem Inc.,140.96,23,89,13,23,148,3,-8,15,23,33,181
FICO,Fair Isaac,1552.44,0,0,-11,167,156,13,13,-33,32,25,181
MAS,Masco,72.49,-2,55,-2,66,117,-20,55,6,22,63,180
TSCO,Tractor Supply,59.09,-1,5,12,86,102,-12,-6,9,86,77,179
NOW,ServiceNow,950.19,59,0,0,83,142,-8,8,13,23,36,178
RF,Regions Financial Corporation,26.93,-2,88,12,23,121,3,25,13,15,56,177
SYF,Synchrony Financial,74.82,-2,89,22,22,131,-11,24,13,19,45,176
NVR,"NVR, Inc.",8152.96,-20,58,-1,66,103,-20,54,8,30,72,175
TDG,TransDigm Group,1276.17,-2,-25,2,158,133,-5,-26,15,58,42,175
MO,Altria,65.51,-21,42,75,46,142,-14,-2,31,17,32,174
SNA,Snap-on,331.36,35,10,3,60,108,-5,4,8,58,65,173
CAH,Cardinal Health,148.69,-11,-19,60,39,69,-16,8,53,58,103,172
HII,Huntington Ingalls Industries,272.49,0,128,13,7,148,4,8,21,-10,23,171
CTAS,Cintas,199.94,-164,-23,0,168,-19,2,-18,18,188,190,171
NVDA,Nvidia,170.21,-7,0,19,135,147,-6,-15,15,27,21,168
LH,Labcorp,276.14,7,39,60,16,122,-12,26,13,19,46,168
WSM,"Williams-Sonoma, Inc.",198.04,0,55,13,66,134,2,3,7,22,34,168
NOC,Northrop Grumman,577.24,-1,56,15,59,129,11,-8,22,13,38,167
FOX,Fox Corporation (Class B),53.56,0,25,72,2,99,24,21,12,10,67,166
FSLR,First Solar,210.71,18,54,0,63,135,12,9,15,-7,29,164
DHI,D. R. Horton,169.92,-21,62,6,66,113,-21,66,9,-3,51,164
KR,Kroger,66.93,-14,-15,84,68,123,-14,-18,55,16,39,162
APO,Apollo Global Management,138.83,36,-21,-6,98,107,50,-33,11,27,55,162
ADM,Archer Daniels Midland,61.24,0,90,7,0,97,4,66,15,-21,64,161
CVX,Chevron Corporation,160.1,21,51,12,49,133,14,1,6,7,28,161
NWSA,News Corp (Class A),30.24,21,3,14,59,97,24,2,15,22,63,160
MCK,McKesson Corporation,692.02,-10,0,47,59,96,-20,17,-2,68,63,159
CFG,Citizens Financial Group,52.31,7,77,13,5,102,4,24,12,15,55,157
D,Dominion Energy,59.63,36,87,19,2,144,-6,-8,15,11,12,156
DE,Deere & Company,469.12,-28,-19,54,110,117,10,-32,50,11,39,156
PNC,PNC Financial Services,203.77,3,79,7,15,104,4,20,12,15,51,155
JCI,Johnson Controls,107.42,0,6,80,20,106,3,11,15,19,48,154
IVZ,Invesco,22.17,0,65,12,3,80,-13,61,12,14,74,154
PWR,Quanta Services,375.83,-10,-2,22,100,110,-19,-25,15,73,44,154
BAC,Bank of America,51.4,36,22,22,19,99,5,19,15,15,54,153
CRWD,CrowdStrike,445.51,35,-29,50,0,56,59,1,15,21,96,152
GWW,W. W. Grainger,998.57,0,0,-8,95,87,-5,17,-6,58,64,151
FITB,Fifth Third Bancorp,45.92,3,65,5,23,96,3,22,12,17,54,150
F,Ford Motor Company,11.66,7,103,7,0,117,1,23,15,-6,33,150
IDXX,Idexx Laboratories,641.34,10,96,19,5,130,19,-7,15,-9,18,148
RCL,Royal Caribbean Group,323.34,-47,1,126,29,109,-21,17,15,28,39,148
FOXA,Fox Corporation (Class A),59.22,7,25,73,2,107,-8,21,13,15,41,148
VTR,Ventas,67.36,-2,45,77,23,143,-11,-9,9,16,5,148
STT,State Street Corporation,111.6,-1,91,22,17,129,-11,-1,14,15,17,146
BKR,Baker Hughes,46.47,0,43,9,36,88,10,12,9,27,58,146
VST,Vistra Corp.,208.31,49,6,24,31,110,-4,-20,13,46,35,145
LEN,Lennar,132.96,-22,45,-2,65,86,3,54,6,-4,59,145
JNJ,Johnson & Johnson,177.2,7,55,13,8,83,-12,53,10,7,58,141
MAR,Marriott International,261.89,-2,-1,0,59,56,27,17,12,28,84,140
WYNN,Wynn Resorts,123.29,0,91,13,4,108,5,19,15,-9,30,138
PEG,Public Service Enterprise Group,80.42,-3,-11,0,153,139,-10,-19,9,18,-2,137
MMM,3M,155.16,-2,10,79,15,102,-18,23,15,15,35,137
PKG,Packaging Corporation of America,212.09,-2,19,0,62,79,3,19,8,27,57,136
AMGN,Amgen,274.61,-28,-10,-3,166,125,-19,-11,3,37,10,135
TT,Trane Technologies,398.8,-28,-15,21,165,143,-25,-28,15,30,-8,135
QCOM,Qualcomm,165.2,36,16,0,23,75,32,18,13,-6,57,132
BXP,"BXP, Inc.",76.45,35,15,3,1,54,33,16,15,14,78,132
HON,Honeywell,211.63,-6,-24,0,179,149,-20,-36,15,23,-18,131
FE,FirstEnergy,43.43,7,42,11,56,116,-8,-7,15,15,15,131
JBL,Jabil,213.66,1,0,24,66,91,-11,-23,16,58,40,131
TFC,Truist Financial,45.37,0,63,6,5,74,4,24,12,15,55,129
TXT,Textron,82.76,21,5,0,54,80,27,13,15,-6,49,129
UAL,United Airlines Holdings,105.52,-6,62,6,12,74,1,26,9,17,53,127
AEE,Ameren,98.98,-5,0,61,14,70,-10,-11,66,11,56,126
AMD,Advanced Micro Devices,159.09,20,0,3,111,134,-2,-15,15,-8,-10,124
AMZN,Amazon,231.64,0,11,22,22,55,15,21,12,21,69,124
ROST,Ross Stores,146.64,-28,32,5,36,45,1,41,4,30,76,121
CCL,Carnival,31.19,-22,88,22,2,90,-20,18,13,20,31,121
STLD,Steel Dynamics,136.78,14,3,5,56,78,12,17,15,-1,43,121
TER,Teradyne,114.32,-48,60,0,3,15,12,90,8,-6,104,119
VLO,Valero Energy,163.67,14,18,5,45,82,12,17,14,-6,37,119
CPRT,Copart,46.61,-20,-2,-18,177,137,-19,-1,-28,29,-19,118
EA,Electronic Arts,173.59,29,35,9,8,81,-1,-6,21,22,36,117
INCY,Incyte,84.8,-28,75,8,0,55,3,39,11,8,61,116
MPC,Marathon Petroleum,184.69,14,15,4,50,83,12,15,15,-9,33,116
SYK,Stryker Corporation,376.76,-42,-4,0,160,114,-42,-1,13,30,0,114
ABT,Abbott Laboratories,134.17,15,18,61,14,108,5,-6,-9,15,5,113
FCX,Freeport-McMoRan,45.11,-1,12,3,59,73,15,17,15,-7,40,113
PSX,Phillips 66,133.18,14,18,0,42,74,12,18,14,-6,38,112
EOG,EOG Resources,119.89,0,2,-3,46,45,9,-2,8,52,67,112
SNPS,Synopsys,425.38,-42,-6,-2,181,131,-10,-18,13,-6,-21,110
AEP,American Electric Power,107.51,-14,0,78,24,88,-12,-10,28,15,21,109
PFG,Principal Financial Group,80.84,0,18,0,56,74,-9,13,12,19,35,109
OTIS,Otis Worldwide,89.69,47,0,-9,0,38,61,1,-19,27,70,108
KO,Coca-Cola Company (The),67.04,-69,-18,33,183,129,-23,-11,-3,15,-22,107
KEY,KeyCorp,18.72,-20,89,13,5,87,-26,18,13,14,19,106
HBAN,Huntington Bancshares,17.54,-2,18,14,22,52,3,18,15,17,53,105
MET,MetLife,78.69,-14,20,0,59,65,-12,20,13,19,40,105
ADP,Automatic Data Processing,289.11,-113,-12,0,181,56,1,-25,15,58,49,105
HLT,Hilton Worldwide,266.32,-22,0,21,65,64,-19,19,13,27,40,104
DECK,Deckers Brands,118.72,0,15,-29,94,80,5,12,-25,32,24,104
EFX,Equifax,262.44,36,5,1,17,59,5,5,15,19,44,103
EMR,Emerson Electric,131.06,-14,-2,21,65,70,-14,5,15,27,33,103
VLTO,Veralto,106.75,-1,89,7,0,95,-11,2,14,0,5,100
DAL,Delta Air Lines,58.83,-48,61,6,20,39,1,26,7,27,61,100
AOS,A. O. Smith,73.15,0,11,0,59,70,7,13,15,-6,29,99
PODD,Insulet Corporation,322.35,-13,26,50,5,68,-16,21,19,7,31,99
WBD,Warner Bros. Discovery,18.01,60,5,17,0,82,-3,5,13,1,16,98
WTW,Willis Towers Watson,332.22,-1,34,13,25,71,-13,5,5,30,27,98
VZ,Verizon,44.19,8,29,35,11,83,4,-9,5,15,15,98
MTB,M&T Bank,198.56,0,18,6,23,47,4,18,13,15,50,97
LNT,Alliant Energy,63.85,-2,0,73,15,86,-10,-8,15,14,11,97
O,Realty Income,59.72,0,33,15,8,56,-11,23,15,14,41,97
MTCH,Match Group,37.6,-2,73,9,-38,42,3,81,10,-39,55,97
CSCO,Cisco,67.72,2,0,53,15,70,3,-18,15,26,26,96
VICI,Vici Properties,32.57,-56,0,63,16,23,-26,12,28,58,72,95
GPC,Genuine Parts Company,139.23,-1,42,6,0,47,1,49,15,-18,47,94
USB,U.S. Bancorp,49.63,7,22,5,5,39,4,23,12,16,55,94
HSY,Hershey Company (The),191.16,14,55,9,0,78,17,9,9,-20,15,93
GILD,Gilead Sciences,112.27,-21,0,56,36,71,-20,-11,13,40,22,93
CB,Chubb Limited,271.99,-17,0,0,59,42,-19,21,-9,57,50,92
NSC,Norfolk Southern,278.0,17,3,16,5,41,30,-9,15,15,51,92
TRMB,Trimble Inc.,79.64,-4,0,84,5,85,-20,1,13,13,7,92
MSCI,MSCI Inc.,579.0,7,8,0,15,30,3,25,12,21,61,91
DLR,Digital Realty,171.15,42,-1,2,23,66,-12,2,15,20,25,91
AMP,Ameriprise Financial,486.15,-20,-13,0,65,32,-17,-9,13,72,59,91
DELL,Dell Technologies,130.34,21,0,0,33,54,39,-13,15,-5,36,90
TMUS,T-Mobile US,239.36,-58,0,0,140,82,-12,-4,-13,36,7,89
NCLH,Norwegian Cruise Line Holdings,25.4,-2,60,5,0,63,-13,9,8,21,25,88
APA,APA Corporation,24.16,21,29,0,-13,37,33,27,10,-20,50,87
DD,DuPont,76.78,0,60,-8,20,72,-11,18,12,-4,15,87
PLD,Prologis,113.9,35,18,4,0,57,2,17,15,-6,28,85
MHK,Mohawk Industries,131.29,-7,51,0,0,44,-19,55,7,-2,41,85
VRTX,Vertex Pharmaceuticals,387.15,-5,-31,-7,105,62,-11,6,-11,38,22,84
FTNT,Fortinet,80.31,8,-33,-7,114,82,-10,4,-7,14,1,83
NUE,Nucor,142.79,-2,66,0,4,68,12,-1,12,-9,14,82
NXPI,NXP Semiconductors,221.88,0,3,-2,64,65,12,-1,12,-6,17,82
CVS,CVS Health,74.02,34,24,15,0,73,4,28,5,-29,8,81
CMS,CMS Energy,70.35,-14,-2,81,24,89,-12,-14,3,15,-8,81
ADSK,Autodesk,319.26,-6,13,4,15,26,2,13,15,20,50,76
SMCI,Supermicro,44.9,44,-13,0,59,90,-17,2,10,-10,-15,75
CEG,Constellation Energy,321.25,42,0,21,0,63,-5,-20,15,20,10,73
BLDR,Builders FirstSource,129.33,-21,55,-33,66,67,-21,25,5,-4,5,72
KIM,Kimco Realty,21.96,-41,26,4,56,45,-19,18,13,15,27,72
UBER,Uber,92.97,0,8,23,0,31,-5,-4,21,27,39,70
ROP,Roper Technologies,509.59,-48,-33,-7,183,95,3,-50,-6,27,-26,69
ROK,Rockwell Automation,344.66,0,5,20,16,41,3,21,15,-12,27,68
CTVA,Corteva,70.65,-21,-3,58,0,34,-13,20,15,12,34,68
EQT,EQT Corporation,50.01,-27,-33,46,43,29,-18,-2,46,11,37,66
SCHW,Charles Schwab Corporation,92.09,-23,-3,82,12,68,-17,-16,15,15,-3,65
CTRA,Coterra,24.38,14,0,-10,45,49,7,11,-17,14,15,64
NDSN,Nordson Corporation,223.9,-2,19,0,2,19,14,23,15,-8,44,63
EXE,Expand Energy,99.69,12,-42,46,0,16,33,7,-4,11,47,63
RMD,ResMed,271.73,-1,0,22,14,35,7,-9,14,14,26,61
DOV,Dover Corporation,171.53,-28,-14,-8,107,57,-23,-5,11,20,3,60
SOLV,Solventum,74.05,14,0,0,0,14,26,8,11,0,45,59
PSKY,Paramount Skydance Corporation,17.93,31,25,6,-40,22,-4,18,17,2,33,55
HST,Host Hotels & Resorts,17.54,0,21,3,3,27,4,18,13,-7,28,55
INTC,Intel,24.89,21,25,0,-21,25,13,24,5,-13,29,54
EXC,Exelon,43.23,-5,-4,60,15,66,-7,-11,-6,11,-13,53
MTD,Mettler Toledo,1274.14,0,74,-28,0,46,5,-3,9,-6,5,51
TRGP,Targa Resources,166.52,11,1,0,52,64,2,-45,-25,55,-13,51
LVS,Las Vegas Sands,52.69,-28,89,11,3,75,-19,-3,12,-15,-25,50
WAB,Wabtec,185.53,-20,-25,0,50,5,-22,-5,15,57,45,50
CSGP,CoStar Group,87.87,0,0,11,15,26,25,-19,28,-10,24,50
UHS,Universal Health Services,187.44,0,21,-1,23,43,-10,25,-9,-2,4,47
DIS,Walt Disney Company (The),116.11,-2,-4,20,-1,13,2,13,15,4,34,47
CSX,CSX Corporation,32.77,21,-12,1,5,15,32,-12,15,-7,28,43
MOS,Mosaic Company (The),34.16,38,1,21,-17,43,3,8,20,-31,0,43
DAY,Dayforce,68.63,-2,22,5,-13,12,7,18,5,-1,29,41
COIN,Coinbase,320.49,49,-17,14,0,46,-5,-33,14,19,-5,41
DVN,Devon Energy,35.42,4,26,-3,-6,21,5,22,14,-23,18,39
GNRC,Generac,181.27,-2,73,8,-35,44,-19,-9,12,11,-5,39
EQIX,Equinix,778.81,0,-2,-13,35,20,1,2,-13,27,17,37
PRU,Prudential Financial,103.0,-18,0,-18,56,20,-14,-2,9,20,13,33
CI,Cigna,296.58,-21,1,-2,59,37,-19,23,-8,-2,-6,31
IP,International Paper,46.94,0,-12,0,17,5,5,-4,8,17,26,31
ECL,Ecolab,265.6,-28,0,21,23,16,-14,-6,15,20,15,31
FRT,Federal Realty Investment Trust,99.3,-2,21,-2,2,19,-14,21,6,-2,11,30
SWK,Stanley Black & Decker,78.26,8,55,-34,-40,-11,14,24,4,-3,39,28
WAT,Waters Corporation,303.66,13,-7,-10,0,-4,23,18,-25,15,31,27
ED,Consolidated Edison,96.4,-5,-16,0,48,27,-18,-19,-9,46,0,27
BG,Bunge Global,80.41,-2,20,0,0,18,5,-6,15,-6,8,26
GEHC,GE HealthCare,76.63,0,9,-25,0,-16,16,10,4,9,39,23
OMC,Omnicom Group,76.62,-2,26,-32,2,-6,7,21,2,-2,28,22
A,Agilent Technologies,126.74,0,15,-28,0,-13,13,21,6,-6,34,21
GPN,Global Payments,85.39,-2,41,-32,-40,-33,3,57,3,-11,52,19
APD,Air Products,290.58,-2,1,0,17,16,-14,-2,7,11,2,18
TROW,T. Rowe Price,104.85,-44,74,3,-26,7,2,-1,11,-1,11,18
EXR,Extra Space Storage,143.15,-2,8,-8,0,-2,-19,9,15,14,19,17
ES,Eversource Energy,63.31,-2,-2,20,-11,5,-9,3,15,3,12,17
K,Kellanova,78.63,-5,-1,0,22,16,-4,2,-12,14,0,16
CPAY,Corpay,311.07,0,-33,-3,22,-14,3,-2,3,26,30,16
REGN,Regeneron Pharmaceuticals,585.56,17,26,-46,0,-3,31,-8,1,-5,19,16
PNW,Pinnacle West Capital,86.16,-19,-14,0,19,-14,-14,-12,27,27,28,14
BEN,Franklin Resources,24.22,-63,92,13,0,42,-14,-6,15,-23,-28,14
VRSK,Verisk Analytics,249.58,-42,-37,-1,115,35,-40,-3,-7,29,-21,14
PAYX,Paychex,132.46,-84,-35,-1,168,48,-17,-28,-6,15,-36,12
FANG,Diamondback Energy,140.49,0,-10,-34,48,4,6,-3,9,-6,6,10
APTV,Aptiv,82.88,0,26,6,-25,7,3,22,15,-37,3,10
TMO,Thermo Fisher Scientific,471.1,-26,40,-27,0,-13,-1,54,-26,-4,23,10
LUV,Southwest Airlines,32.15,7,0,6,-40,-27,5,13,13,5,36,9
EQR,Equity Residential,64.61,-2,-2,-1,14,9,-19,12,-8,14,-1,8
ACGL,Arch Capital Group,87.34,-17,-2,-13,63,31,-14,-2,-6,-1,-23,8
WDAY,"Workday, Inc.",234.94,7,1,-15,15,8,1,9,-9,-3,-2,6
AVB,AvalonBay Communities,192.53,-2,0,-8,17,7,-19,13,-12,16,-2,5
IPG,Interpublic Group of Companies (The),26.24,-2,41,-48,0,-9,7,21,3,-18,13,4
MCHP,Microchip Technology,65.78,7,-8,0,0,-1,7,-9,15,-8,5,4
REG,Regency Centers,69.75,-41,-2,0,54,11,-52,10,15,20,-7,4
XYZ,"Block, Inc.",75.73,7,2,0,-37,-28,13,-4,9,14,32,4
HPQ,HP Inc.,27.91,-26,26,-30,0,-30,4,27,4,-2,33,3
IT,Gartner,253.76,27,-66,-26,0,-65,27,6,-24,58,67,2
NEE,NextEra Energy,70.31,-2,-2,-1,0,-5,-14,-9,15,14,6,1
MDLZ,Mondelez International,62.85,14,-35,0,0,-21,6,2,24,-10,22,1
ZBRA,Zebra Technologies,317.33,21,-1,-7,-8,5,-2,-25,9,14,-4,1
HAS,Hasbro,73.91,-28,0,19,4,-5,-19,-3,15,12,5,0
CTSH,Cognizant,70.04,-2,-35,-8,15,-30,7,10,-8,19,28,-2
OXY,Occidental Petroleum,47.22,14,19,-60,0,-27,10,21,11,-17,25,-2
ESS,Essex Property Trust,266.17,0,-34,0,15,-19,1,9,-8,15,17,-2
CMG,Chipotle Mexican Grill,39.67,0,-39,-11,81,31,16,-40,-9,-1,-34,-3
GEN,Gen Digital,28.67,-28,-3,20,17,6,-40,-5,15,17,-13,-7
HSIC,Henry Schein,67.36,-6,-1,-10,0,-17,-12,13,4,4,9,-8
SBUX,Starbucks,83.21,0,-11,-6,0,-17,16,-19,3,8,8,-9
BBY,Best Buy,74.52,-2,26,-29,-7,-12,-21,23,3,-3,2,-10
ARE,Alexandria Real Estate Equities,85.2,75,26,-42,-31,28,35,15,-53,-36,-39,-11
AMT,American Tower,197.21,6,-31,-2,-1,-28,9,-30,25,12,16,-12
FDX,FedEx,225.91,0,-3,-31,33,-1,-9,-6,7,-5,-13,-14
DOC,Healthpeak Properties,18.22,21,10,-22,-32,-23,23,13,-37,10,9,-14
GEV,GE Vernova,614.82,0,0,1,0,1,-17,-15,16,0,-16,-15
EIX,Edison International,55.56,0,33,-37,0,-4,-13,-2,5,-2,-12,-16
OKE,Oneok,72.85,4,-33,-18,55,8,-16,-33,-30,52,-27,-19
WST,West Pharmaceutical Services,256.56,0,9,-32,-8,-31,5,10,6,-9,12,-19
PSA,Public Storage,284.2,-23,0,-16,2,-37,-19,21,15,-1,16,-21
TPL,Texas Pacific Land Corporation,913.76,-1,-76,-14,59,-32,-5,12,-10,14,11,-21
CF,CF Industries,84.21,-2,-29,0,5,-26,-21,1,15,9,4,-22
POOL,Pool Corporation,323.33,0,9,-28,-7,-26,9,2,2,-10,3,-23
CLX,Clorox,125.43,8,2,-22,-6,-18,7,5,-32,14,-6,-24
DDOG,Datadog,134.23,-14,-2,4,0,-12,-30,6,12,-1,-13,-25
LII,Lennox International,545.93,-28,-17,-2,39,-8,-25,-30,9,28,-18,-26
FI,Fiserv,134.23,-2,-48,-19,36,-33,5,-8,-20,28,5,-28
HUM,Humana,269.52,-45,31,0,-13,-27,-15,34,1,-21,-1,-28
LW,Lamb Weston,55.62,-2,25,-77,-9,-63,29,13,8,-15,35,-28
SBAC,SBA Communications,199.45,16,-31,-4,-21,-40,35,-31,-3,6,7,-33
BRO,Brown & Brown,92.23,-84,-98,-4,164,-22,-19,-4,-15,27,-11,-33
DG,Dollar General,106.18,0,-5,0,-18,-23,3,-14,27,-27,-11,-34
IQV,IQVIA,186.69,0,5,-45,0,-40,5,1,7,-7,6,-34
DPZ,Domino's,438.1,-42,-31,-1,11,-63,-21,-1,32,19,29,-34
SWKS,Skyworks Solutions,74.48,1,11,-48,-31,-67,6,21,12,-6,33,-34
CCI,Crown Castle,94.79,0,-16,-1,-29,-46,7,-27,25,6,11,-35
ABNB,Airbnb,123.22,-2,-29,-8,0,-39,7,-3,5,-6,3,-36
EL,EstÃ©e Lauder Companies (The),88.2,2,0,0,-27,-25,14,-5,13,-36,-14,-39
EG,Everest Group,333.63,-14,-2,-41,56,-1,-12,18,-42,-6,-42,-43
COP,ConocoPhillips,93.83,0,2,-50,0,-48,10,-3,7,-9,5,-43
AIG,American International Group,76.83,-90,-9,0,54,-45,-13,-3,-5,22,1,-44
TXN,Texas Instruments,180.21,-84,-11,-2,23,-74,3,-7,15,17,28,-46
ON,ON Semiconductor,49.8,10,-14,-42,-2,-48,12,-5,11,-16,2,-46
IR,Ingersoll Rand,79.0,-16,-24,-26,24,-42,-24,8,12,-1,-5,-47
HOLX,Hologic,68.26,1,1,-40,0,-38,2,-11,8,-8,-9,-47
ERIE,Erie Indemnity,319.81,-20,-12,-22,40,-14,-12,-16,-40,32,-36,-50
UNH,UnitedHealth Group,341.65,0,11,-23,-5,-17,-19,23,-36,-2,-34,-51
PCG,PG&E Corporation,15.09,-2,1,-35,2,-34,-18,36,-34,-2,-18,-52
SW,Smurfit Westrock,44.06,-49,-4,-2,17,-38,-47,10,5,18,-14,-52
KMB,Kimberly-Clark,125.6,-28,-4,-4,19,-17,-36,-11,-16,27,-36,-53
BDX,Becton Dickinson,187.56,-2,29,-33,-6,-12,3,-4,-24,-16,-41,-53
CPT,Camden Property Trust,106.48,-27,-4,-1,0,-32,-38,13,-8,12,-21,-53
AVY,Avery Dennison,164.95,-2,-17,-40,0,-59,7,-8,12,-6,5,-54
DXCM,Dexcom,76.44,-13,-17,-4,-15,-49,-12,2,15,-10,-5,-54
ELV,Elevance Health,308.32,-5,0,-49,-3,-57,2,18,-15,-4,1,-56
GDDY,GoDaddy,144.08,-2,-49,-8,23,-36,-24,5,-24,23,-20,-56
CARR,Carrier Global,60.71,-38,-32,-4,0,-74,4,-28,15,27,18,-56
VTRS,Viatris,9.61,-43,29,-2,-1,-17,-42,-2,7,-2,-39,-56
AES,AES Corporation,12.52,-9,0,-1,-12,-22,-11,-10,11,-25,-35,-57
MGM,MGM Resorts,35.29,-70,0,-2,0,-72,13,-4,12,-10,11,-61
JBHT,J.B. Hunt,134.5,-2,-14,-36,-1,-53,3,-7,5,-11,-10,-63
AMCR,Amcor,8.27,-2,-24,-6,0,-32,10,-33,-6,-3,-32,-64
CPB,Campbell's Company (The),32.93,0,11,-37,-7,-33,9,5,-44,-6,-36,-69
DLTR,Dollar Tree,97.78,-15,-8,0,-16,-39,-21,-17,30,-23,-31,-70
PYPL,PayPal,68.61,7,-24,-8,-40,-65,4,-28,8,10,-6,-71
KVUE,Kenvue,18.33,-5,-17,-3,0,-25,-15,-27,-8,4,-46,-71
CDW,CDW Corporation,167.3,0,-31,-47,0,-78,4,5,7,-9,7,-71
BIIB,Biogen,144.87,0,25,-89,-28,-92,1,32,2,-19,16,-76
BMY,Bristol Myers Squibb,46.15,-26,0,-5,-6,-37,-23,-3,-19,6,-39,-76
PPG,PPG Industries,108.12,-2,-3,-51,-9,-65,-14,-4,15,-9,-12,-77
SJM,J.M. Smucker Company (The),105.22,-27,0,-2,-5,-34,-28,6,3,-24,-43,-77
TYL,Tyler Technologies,536.11,-42,-18,0,18,-42,-41,-20,6,19,-36,-78
LKQ,LKQ Corporation,31.1,-20,-3,-11,-3,-37,-20,14,-19,-18,-43,-80
BALL,Ball Corporation,49.04,-2,-23,-8,-12,-45,-13,-31,15,-6,-35,-80
AWK,American Water Works,136.14,-56,-8,31,0,-33,-48,-8,-1,9,-48,-81
ADBE,Adobe Inc.,361.91,7,0,-41,-7,-41,7,4,-45,-6,-40,-81
PFE,Pfizer,24.04,-28,-4,-4,-24,-60,1,-7,12,-29,-23,-83
UDR,"UDR, Inc.",37.3,-28,-34,-3,-1,-66,-20,-2,-10,14,-18,-84
FTV,Fortive,48.04,-2,-35,-26,0,-63,3,5,-22,-9,-23,-86
KMX,CarMax,59.14,-2,-1,-24,-37,-64,-11,15,-28,-1,-25,-89
INVH,Invitation Homes,29.64,-22,-39,-13,0,-74,-19,-4,-8,15,-16,-90
CRM,Salesforce,242.16,-30,-34,-18,23,-59,-38,9,-26,22,-33,-92
TSN,Tyson Foods,54.11,-28,0,-6,-29,-63,-21,-4,-16,12,-29,-92
BA,Boeing,214.67,-63,-4,13,0,-54,-40,-3,15,-12,-40,-94
EMN,Eastman Chemical Company,66.02,-2,-37,-26,-2,-67,3,13,-40,-3,-27,-94
FIS,Fidelity National Information Services,67.14,-2,-31,-7,-38,-78,4,-33,-2,12,-19,-97
MAA,Mid-America Apartment Communities,139.5,-29,-35,-2,0,-66,-40,9,-13,12,-32,-98
CAG,Conagra Brands,18.9,-2,-3,-37,-8,-50,2,-7,-19,-24,-48,-98
CL,Colgate-Palmolive,82.21,-42,-50,-11,24,-79,-19,-11,-19,27,-22,-101
JKHY,Jack Henry & Associates,159.78,-2,-34,-8,-1,-45,5,-65,-8,12,-56,-101
PAYC,Paycom,214.72,-21,-17,24,-25,-39,-20,-20,15,-38,-63,-102
TECH,Bio-Techne,51.52,-2,-4,-32,-25,-63,3,-4,-32,-7,-40,-103
DOW,Dow Inc.,24.54,0,0,-48,-2,-50,3,14,-63,-9,-55,-105
ISRG,Intuitive Surgical,433.67,-28,-35,-8,23,-48,-39,-43,-3,27,-58,-106
DVA,DaVita,127.98,-42,-17,-8,21,-46,-52,-3,-25,20,-60,-106
PEP,PepsiCo,141.25,-70,44,-47,0,-73,-21,-3,4,-14,-34,-107
CZR,Caesars Entertainment,25.43,-2,-34,-31,-26,-93,12,9,3,-38,-14,-107
CNC,Centene Corporation,32.01,-2,0,-49,-12,-63,-18,19,-18,-29,-46,-109
AKAM,Akamai Technologies,75.83,-27,2,-31,-8,-64,-20,16,-31,-11,-46,-110
ENPH,Enphase Energy,38.72,14,2,-51,-21,-56,14,15,-58,-25,-54,-110
IEX,IDEX Corporation,159.55,-2,-35,-33,-3,-73,7,-6,-33,-7,-39,-112
HAL,Halliburton,22.27,0,15,-68,-1,-54,5,13,-67,-10,-59,-113
CHTR,Charter Communications,267.9,8,-38,-9,-37,-76,7,-43,-9,-2,-47,-123
CRL,Charles River Laboratories,152.69,-49,-4,-59,-27,-139,2,9,11,-9,13,-126
KDP,Keurig Dr Pepper,27.26,-119,-17,-4,-1,-141,4,-11,23,-1,15,-126
EPAM,EPAM Systems,153.47,-2,-6,-31,-28,-67,5,-4,-22,-38,-59,-126
ALB,Albemarle Corporation,80.17,21,5,-133,-24,-131,24,-4,9,-26,3,-128
RVTY,Revvity,85.45,7,-35,-25,-25,-78,10,-40,-30,4,-56,-134
SLB,Schlumberger,34.83,-20,0,-75,0,-95,-19,17,-26,-11,-39,-134
MRK,Merck & Co.,81.15,-26,33,-52,-1,-46,-25,-2,-56,-7,-90,-136
ODFL,Old Dominion,141.79,-28,-35,-31,0,-94,3,-9,-36,-2,-44,-138
WY,Weyerhaeuser,24.5,-28,-4,-28,0,-60,-24,-8,-40,-9,-81,-141
MOH,Molina Healthcare,176.32,-9,-81,-18,-3,-111,-22,15,-14,-9,-30,-141
TTD,Trade Desk (The),45.4,-70,-28,-32,-2,-132,5,-20,6,-1,-10,-142
EW,Edwards Lifesciences,75.21,-60,-4,0,-15,-79,-68,-2,35,-36,-71,-150
DHR,Danaher Corporation,192.89,-106,-7,-34,-1,-148,4,-10,8,-5,-3,-151
GIS,General Mills,49.17,-19,-4,-46,-5,-74,-21,5,-42,-20,-78,-152
ZTS,Zoetis,146.78,-84,-7,-40,-4,-135,3,-8,-7,-6,-18,-153
MRNA,Moderna,25.02,0,-30,-60,-5,-95,7,-31,2,-40,-62,-157
ZBH,Zimmer Biomet,99.89,-61,29,-2,-18,-52,-20,-2,-69,-19,-110,-162
TAP,Molson Coors Beverage Company,46.87,-56,-6,-18,-1,-81,-52,-8,-19,-4,-83,-164
COO,Cooper Companies (The),64.34,-20,-14,-32,-6,-72,-42,-9,-37,-4,-92,-164
CMCSA,Comcast,32.42,-44,-36,-40,-10,-130,-34,15,-7,-9,-35,-165
MKC,McCormick & Company,66.84,-29,-50,-11,-3,-93,-20,-49,-19,11,-77,-170
NKE,"Nike, Inc.",72.31,-89,0,-3,-22,-114,-26,-7,12,-37,-58,-172
HRL,Hormel Foods,24.88,-20,-44,-15,-24,-103,3,-40,-2,-31,-70,-173
IFF,International Flavors & Fragrances,63.32,-28,-35,-28,-32,-123,-17,-1,-40,-2,-60,-183
FDS,FactSet,335.98,-42,-42,-10,0,-94,-41,-38,-8,-2,-89,-183
KHC,Kraft Heinz,25.73,-44,-8,-47,-1,-100,-28,-26,-19,-11,-84,-184
LYB,LyondellBasell,53.53,-20,-33,-49,-6,-108,-19,14,-63,-8,-76,-184
LULU,Lululemon Athletica,163.46,-63,-71,-16,-4,-154,4,-9,-25,-13,-43,-197
BF-B,Brownâ€“Forman,27.45,0,-11,-108,-19,-138,7,-5,-40,-29,-67,-205
MKTX,MarketAxess,183.65,-2,-38,-33,-30,-103,1,-53,-7,-45,-104,-207
ACN,Accenture,241.28,-77,-50,-28,-1,-156,-54,-4,-24,20,-62,-218
UPS,United Parcel Service,84.18,1,-36,-111,-17,-163,26,-8,-39,-35,-56,-219
TGT,Target Corporation,88.93,-140,-14,-36,-12,-202,2,-20,3,-7,-22,-224
BAX,Baxter International,23.19,-13,-50,-28,-39,-130,-33,-3,-19,-42,-97,-227
ALGN,Align Technology,129.31,-30,-34,-72,-26,-162,-36,-8,-8,-39,-91,-253
STZ,Constellation Brands,133.03,-162,-17,-50,-4,-233,-76,-20,-66,-9,-171,-404
