Symbol,Name,Close,1H Cloud Score,1D Cloud Score,1W Cloud Score,1M Cloud Score,Cloud Score Sum,1H TKx Score,1D TKx Score,1W TKx Score,1M TKx Score,TKx Score Sum,Total Score Sum
RSG,Republic Services,248.5,-4,23,115,175,309,-2,14,84,158,254,563
TJX,TJX Companies,124.32,-42,0,139,196,293,-42,-10,108,191,247,540
ORCL,Oracle Corporation,211.06,105,24,2,196,327,103,31,1,25,160,487
WM,Waste Management,234.64,0,22,86,185,293,-2,14,18,157,187,480
IBM,IBM,281.83,73,30,100,52,255,72,38,47,54,211,466
WRB,W. R. Berkley Corporation,73.13,0,80,85,174,339,18,31,15,53,117,456
CTAS,Cintas,222.51,-6,45,10,163,212,12,40,4,185,241,453
MSFT,Microsoft,479.05,105,32,7,171,315,72,40,1,23,136,451
LLY,Lilly (Eli),807.64,81,3,0,170,254,97,4,1,94,196,450
ORLY,Oâ€™Reilly Automotive,88.1,-13,-4,154,197,334,-24,5,45,87,113,447
ROL,"Rollins, Inc.",56.72,-4,47,22,284,349,-2,40,14,33,85,434
PGR,Progressive Corporation,266.45,-47,-5,96,175,219,12,-1,13,187,211,430
CTVA,Corteva,74.19,273,38,44,0,355,19,38,1,9,67,422
AMGN,Amgen,295.45,105,0,1,163,269,105,13,-5,34,147,416
AJG,Arthur J. Gallagher & Co.,316.33,-58,-6,156,184,276,16,-1,19,105,139,415
PM,Philip Morris International,183.32,27,98,61,53,239,19,40,76,25,160,399
HWM,Howmet Aerospace,171.6,7,38,139,27,211,14,38,83,52,187,398
KLAC,KLA Corporation,892.72,63,25,5,175,268,65,40,1,24,130,398
NRG,NRG Energy,153.94,0,38,94,92,224,9,40,104,19,172,396
PLTR,Palantir Technologies,141.36,39,38,107,0,184,39,40,110,18,207,391
SO,Southern Company,88.93,33,0,67,188,288,-2,14,14,77,103,391
COST,Costco,984.37,-56,34,108,178,264,-56,-1,1,182,126,390
NDAQ,"Nasdaq, Inc.",86.69,110,31,67,142,350,-14,38,1,12,37,387
ICE,Intercontinental Exchange,179.78,9,31,103,159,302,21,32,13,19,85,387
CF,CF Industries,100.73,287,24,6,2,319,19,36,1,6,62,381
JPM,JPMorgan Chase,270.39,8,27,114,156,305,5,38,1,24,68,373
MCK,McKesson Corporation,719.51,23,98,33,56,210,25,38,29,65,157,367
RTX,RTX Corporation,146.49,86,24,68,52,230,19,30,75,12,136,366
COR,Cencora,292.5,20,102,35,69,226,25,2,46,65,138,364
WELL,Welltower,150.61,-3,22,107,56,182,17,18,124,22,181,363
AXON,Axon Enterprise,780.29,8,36,136,92,272,18,40,1,28,87,359
CDNS,Cadence Design Systems,300.7,0,37,8,139,184,-10,2,1,178,171,355
MNST,Monster Beverage,63.87,7,75,17,178,277,13,38,10,2,63,340
MA,Mastercard,568.64,-14,33,117,153,289,-15,38,1,24,48,337
BSX,Boston Scientific,101.5,0,2,135,142,279,5,-7,1,55,54,333
V,Visa Inc.,355.51,-14,34,128,131,279,-14,38,1,24,49,328
FAST,Fastenal,42.24,1,47,114,104,266,-8,39,6,24,61,327
NFLX,Netflix,1225.53,4,43,107,18,172,19,40,78,18,155,327
DGX,Quest Diagnostics,182.08,56,39,59,16,170,76,5,59,12,152,322
TDG,TransDigm Group,1425.66,2,38,10,155,205,19,38,1,55,113,318
CBOE,Cboe Global Markets,224.34,0,21,135,53,209,22,16,13,49,100,309
CAH,Cardinal Health,162.42,21,47,46,36,150,21,38,39,55,153,303
STE,Steris,241.06,-6,28,5,193,220,8,38,13,23,82,302
ALL,Allstate,199.61,0,24,88,157,269,16,-1,2,15,32,301
LH,Labcorp,263.86,100,31,46,13,190,68,31,-6,16,109,299
MMC,Marsh McLennan,216.63,-48,-6,0,173,119,-2,-1,-2,176,171,290
INTU,Intuit,767.87,7,38,8,189,242,-9,38,1,18,48,290
ADP,Automatic Data Processing,307.51,-41,28,76,178,241,-39,31,1,55,48,289
PAYX,Paychex,153.71,-36,31,75,165,235,5,31,4,12,52,287
CHD,Church & Dwight,97.82,-14,-49,-7,342,272,-19,12,-5,23,11,283
YUM,Yum! Brands,141.93,-7,-17,19,257,252,-26,-13,13,55,29,281
TT,Trane Technologies,426.61,1,33,7,162,203,7,38,1,27,73,276
PWR,Quanta Services,361.81,9,32,8,97,146,19,40,1,70,130,276
MCD,McDonald's,296.34,-57,-6,43,240,220,-4,-9,13,55,55,275
NI,NiSource,39.36,0,22,65,43,130,39,14,80,12,145,275
LRCX,Lam Research,93.4,63,25,0,150,238,5,32,1,-3,35,273
BRO,Brown & Brown,107.12,0,-34,107,161,234,16,-1,-1,24,38,272
BR,Broadridge Financial Solutions,238.99,-24,24,105,143,248,-40,38,1,23,22,270
GEN,Gen Digital,30.01,73,28,6,14,121,102,30,1,14,147,268
NVDA,Nvidia,144.67,7,24,5,132,168,42,32,1,24,99,267
VRSK,Verisk Analytics,309.48,-42,34,59,112,163,-5,31,50,26,102,265
DTE,DTE Energy,133.16,-6,0,65,187,246,-5,-6,18,11,18,264
HUBB,Hubbell Incorporated,391.91,1,23,-1,180,203,-33,41,-16,69,61,264
MSI,Motorola Solutions,407.37,-42,-9,0,151,100,-9,6,-18,183,162,262
GS,Goldman Sachs,627.96,55,25,83,56,219,-14,36,1,19,42,261
DUK,Duke Energy,115.4,-4,-10,67,181,234,-4,2,13,14,25,259
DRI,Darden Restaurants,224.77,7,44,35,59,145,5,38,39,28,110,255
ETN,Eaton Corporation,337.86,7,25,0,112,144,19,38,-16,70,111,255
WMB,Williams Companies,59.15,-7,24,103,50,170,12,16,1,55,84,254
ADI,Analog Devices,231.77,7,25,2,177,211,-14,31,1,24,42,253
LIN,Linde plc,466.6,-6,23,4,108,129,-20,38,1,104,123,252
ROP,Roper Technologies,565.66,-11,24,20,180,213,-14,-7,35,24,38,251
DE,Deere & Company,524.44,7,27,40,107,181,-14,38,36,8,68,249
HIG,Hartford (The),125.88,-4,39,85,55,175,12,-5,12,54,73,248
LMT,Lockheed Martin,467.03,2,3,-20,163,148,14,14,1,70,99,247
L,Loews Corporation,88.6,17,25,103,53,198,25,-1,1,22,47,245
AME,Ametek,178.63,0,25,0,104,129,-15,31,1,99,116,245
VRSN,Verisign,281.08,7,136,27,7,177,16,4,43,5,68,245
LYV,Live Nation Entertainment,142.31,0,26,85,145,256,-20,-2,-8,14,-16,240
GOOG,Alphabet Inc. (Class C),177.97,2,14,3,174,193,1,36,-10,19,46,239
HON,Honeywell,224.07,-24,25,7,176,184,-2,34,1,20,53,237
PTC,PTC Inc.,172.51,7,24,-17,180,194,5,32,-18,24,43,237
KMI,Kinder Morgan,27.68,0,23,83,42,148,14,31,-10,50,85,233
PANW,Palo Alto Networks,198.07,7,25,8,79,119,18,36,1,55,110,229
EMR,Emerson Electric,128.68,70,25,7,62,164,7,31,1,24,63,227
TSCO,Tractor Supply,51.69,56,0,0,83,139,28,1,-24,83,88,227
CME,CME Group,267.51,-5,0,45,134,174,-4,-2,41,17,52,226
T,AT&T,27.97,0,22,61,14,97,-12,38,85,13,124,221
MU,Micron Technology,119.84,77,24,0,20,121,72,30,1,-3,100,221
AVGO,Broadcom,252.1,0,28,10,114,152,-2,40,1,28,67,219
GOOGL,Alphabet Inc. (Class A),176.75,2,14,3,174,193,-19,36,-10,19,26,219
ABBV,AbbVie,190.86,91,4,8,56,159,-2,4,-5,62,59,218
AAPL,Apple Inc.,198.37,-27,-4,-1,249,217,-39,-14,-16,69,0,217
TRV,Travelers Companies (The),265.21,-42,39,82,56,135,12,-1,15,54,80,215
CAT,Caterpillar Inc.,362.47,52,24,0,62,138,5,31,-15,55,76,214
EBAY,eBay Inc.,77.74,0,34,68,12,114,-26,38,73,14,99,213
KO,Coca-Cola Company (The),70.55,-11,0,19,180,188,-15,13,14,12,24,212
AIZ,Assurant,200.02,0,15,0,150,165,12,29,-11,17,47,212
BK,BNY Mellon,90.47,7,27,85,38,157,5,31,1,17,54,211
ABT,Abbott Laboratories,133.98,41,22,47,11,121,-2,40,39,12,89,210
MPWR,Monolithic Power Systems,706.89,0,25,-17,155,163,-14,35,1,24,46,209
JBL,Jabil,180.91,7,28,10,63,108,6,38,2,55,101,209
NWS,News Corp (Class B),32.29,1,28,103,56,188,5,-5,1,19,20,208
NEE,NextEra Energy,73.81,83,12,0,0,95,94,7,1,11,113,208
IRM,Iron Mountain,102.09,8,30,0,55,93,18,38,1,54,111,204
ETR,Entergy,81.76,-6,0,64,20,78,-6,38,80,12,124,202
TMUS,T-Mobile US,230.91,-39,-26,85,137,157,-40,-36,87,33,44,201
MDLZ,Mondelez International,67.2,4,6,0,180,190,-5,12,10,-7,10,200
FICO,Fair Isaac,1813.59,50,-18,0,164,196,5,-11,-19,29,4,200
ATO,Atmos Energy,152.01,-3,-1,65,43,104,-5,-18,76,43,96,200
BKR,Baker Hughes,38.99,77,0,1,33,111,49,24,-10,24,87,198
GD,General Dynamics,279.26,22,47,0,52,121,19,2,1,55,77,198
DASH,DoorDash,221.71,9,24,88,0,121,23,37,1,16,77,198
TKO,TKO Group Holdings,168.41,7,35,62,38,142,5,2,1,48,56,198
BKNG,Booking Holdings,5368.36,-28,37,127,33,169,-35,38,1,24,28,197
WMT,Walmart,94.32,-44,39,118,99,212,-56,13,1,27,-15,197
SHW,Sherwin-Williams,335.77,-23,-2,-1,188,162,-19,34,1,17,33,195
AON,Aon plc,349.97,-42,-1,0,175,132,13,-1,-6,54,60,192
AZO,AutoZone,3602.82,-47,-2,85,84,120,-22,-6,45,55,72,192
FTNT,Fortinet,101.98,-3,24,45,111,177,-15,18,1,11,15,192
EOG,EOG Resources,122.6,54,4,0,43,101,48,5,-12,49,90,191
MPC,Marathon Petroleum,166.77,49,27,0,47,123,42,31,1,-6,68,191
PEG,Public Service Enterprise Group,81.16,1,4,0,150,155,28,11,-19,15,35,190
MS,Morgan Stanley,130.91,0,25,67,62,154,-15,36,1,14,36,190
CRWD,CrowdStrike,479.35,28,38,36,0,102,28,40,1,18,87,189
CB,Chubb Limited,286.39,-42,-1,92,56,105,15,-1,13,54,81,186
AMAT,Applied Materials,176.54,64,25,-21,147,215,7,5,-40,-3,-31,184
RJF,Raymond James Financial,148.47,7,24,83,56,170,12,-7,-11,17,11,181
UNP,Union Pacific Corporation,224.67,0,0,-5,196,191,-22,6,-11,17,-10,181
RCL,Royal Caribbean Group,264.58,-14,25,112,26,149,-33,38,1,25,31,180
SCHW,Charles Schwab Corporation,89.0,7,38,68,9,122,5,38,1,12,56,178
LHX,L3Harris,247.79,26,47,3,3,79,44,40,3,12,99,178
APH,Amphenol,93.38,7,38,10,63,118,-6,40,1,25,60,178
MDT,Medtronic,87.95,70,1,2,0,73,93,6,-5,11,105,178
TRGP,Targa Resources,171.52,60,-1,1,49,109,25,2,-11,52,68,177
CBRE,CBRE Group,134.1,63,9,83,20,175,-6,5,-10,12,1,176
EXPD,Expeditors International,115.14,42,5,-11,129,165,14,26,-28,-1,11,176
AIG,American International Group,85.45,7,22,19,51,99,16,25,14,19,74,173
MCO,Moody's Corporation,476.81,-21,25,7,154,165,-40,33,-9,23,7,172
KR,Kroger,66.03,0,-10,70,65,125,14,-21,41,13,47,172
COF,Capital One,197.72,0,31,85,19,135,-19,38,1,16,36,171
EQT,EQT Corporation,58.17,14,31,32,40,117,16,-2,32,8,54,171
CINF,Cincinnati Financial,146.7,-35,31,76,60,132,-6,31,1,13,39,171
BRK-B,Berkshire Hathaway,490.25,-24,-10,115,60,141,10,-22,16,24,28,169
EXE,Expand Energy,118.61,8,45,32,0,85,14,30,32,8,84,169
HCA,HCA Healthcare,368.82,0,39,5,95,139,-3,-1,7,27,30,169
GWW,W. W. Grainger,1071.45,-14,25,0,92,103,-33,40,1,55,63,166
VST,Vistra Corp.,177.28,13,24,10,28,75,21,37,-12,43,89,164
JCI,Johnson Controls,104.49,7,33,66,17,123,-14,38,1,16,41,164
STLD,Steel Dynamics,132.12,0,37,1,53,91,12,3,1,55,71,162
CTRA,Coterra,26.5,77,3,2,42,124,12,17,-3,11,37,161
XOM,ExxonMobil,112.48,49,4,0,42,95,41,3,-26,48,66,161
EVRG,Evergy,67.22,1,6,49,12,68,9,6,68,8,91,159
MO,Altria,58.81,-6,22,61,43,120,-5,13,17,14,39,159
AMP,Ameriprise Financial,513.02,0,24,0,62,86,-24,38,-11,69,72,158
SYK,Stryker Corporation,377.12,-23,25,8,157,167,-21,-5,-11,27,-10,157
VRTX,Vertex Pharmaceuticals,450.91,35,-29,0,102,108,-6,4,14,35,47,155
ITW,Illinois Tool Works,244.46,-14,0,-4,176,158,-23,-2,-5,27,-3,155
TPR,"Tapestry, Inc.",84.26,7,25,71,19,122,-12,31,-6,17,30,152
J,Jacobs Solutions,129.7,7,23,0,104,134,-24,38,-15,17,16,150
WAB,Wabtec,203.5,0,27,10,47,84,-29,38,1,54,64,148
PPL,PPL Corporation,33.67,-6,-2,67,21,80,-4,-21,79,12,66,146
SPGI,S&P Global,505.25,-21,25,7,170,181,-40,-6,-9,19,-36,145
TTWO,Take-Two Interactive,238.6,7,45,36,11,99,-11,2,36,18,45,144
GILD,Gilead Sciences,110.84,0,19,42,33,94,-6,20,-2,37,49,143
FFIV,"F5, Inc.",290.38,0,24,85,12,121,-33,38,1,15,21,142
TXT,Textron,77.25,64,25,-26,51,114,-5,35,1,-3,28,142
URI,United Rentals,688.6,-3,25,-1,62,83,-15,37,-20,55,57,140
AXP,American Express,294.31,-14,25,8,97,116,-21,38,-12,19,24,140
ODFL,Old Dominion,159.42,-9,0,-17,185,159,-19,-9,-22,30,-20,139
HES,Hess Corporation,141.74,80,0,1,53,134,-4,10,-2,1,5,139
GRMN,Garmin,203.91,-10,7,103,17,117,-15,26,-8,19,22,139
ADSK,Autodesk,299.28,7,28,45,12,92,-9,38,1,17,47,139
DLTR,Dollar Tree,98.99,56,42,0,-13,85,17,41,16,-20,54,139
CSCO,Cisco,65.5,2,25,39,12,78,6,31,1,23,61,139
PCAR,Paccar,92.69,-12,0,-13,157,132,-21,-1,-5,32,5,137
TEL,TE Connectivity,165.52,0,31,7,60,98,-18,37,1,16,36,134
TRMB,Trimble Inc.,72.87,7,25,70,2,104,1,30,-11,10,30,134
NOC,Northrop Grumman,497.33,22,5,1,56,84,19,12,8,10,49,133
SNPS,Synopsys,479.41,-6,12,-18,178,166,-15,4,-19,-3,-33,133
NEM,Newmont,58.14,21,49,10,3,83,21,11,10,8,50,133
VICI,Vici Properties,32.16,0,6,49,13,68,-10,6,14,55,65,133
FOXA,Fox Corporation (Class A),55.32,7,24,59,0,90,7,25,-4,12,40,130
WFC,Wells Fargo,73.12,-33,25,83,27,102,-27,35,1,17,26,128
BEN,Franklin Resources,22.81,50,28,0,0,78,30,38,1,-20,49,127
PH,Parker Hannifin,662.02,-14,26,8,63,83,-24,38,1,28,43,126
WEC,WEC Energy Group,104.14,-9,-1,46,11,47,-5,14,59,9,77,124
FOX,Fox Corporation (Class B),50.79,7,24,58,0,89,7,25,-5,7,34,123
VLO,Valero Energy,137.8,35,25,-35,42,67,41,27,-10,-3,55,122
ACGL,Arch Capital Group,91.11,-5,3,0,60,58,12,-1,1,49,61,119
CPRT,Copart,48.39,-21,-16,-4,174,133,-14,-12,-14,26,-14,119
KKR,KKR & Co.,123.4,0,14,0,101,115,-14,7,-11,19,1,116
AMD,Advanced Micro Devices,126.4,7,24,-33,108,106,-17,31,1,-5,10,116
FSLR,First Solar,175.28,52,24,-30,60,106,11,1,1,-4,9,115
DIS,Walt Disney Company (The),119.49,86,25,6,-39,78,5,29,1,1,36,114
STX,Seagate Technology,131.11,5,25,5,20,55,4,36,1,16,57,112
FANG,Diamondback Energy,151.01,71,7,-20,45,103,41,10,-39,-3,9,112
GL,Globe Life,120.62,0,0,36,12,48,12,-1,47,6,64,112
HAS,Hasbro,69.75,44,25,5,1,75,-9,36,1,9,37,112
NWSA,News Corp (Class A),28.25,7,25,0,56,88,5,-5,1,19,20,108
ANET,Arista Networks,95.06,2,10,0,56,68,-8,6,-12,54,40,108
FDS,FactSet,421.4,-83,-4,-2,192,103,5,-7,-15,21,4,107
GEV,GE Vernova,487.94,7,37,0,0,44,21,40,2,0,63,107
TYL,Tyler Technologies,589.43,61,5,1,15,82,4,24,-19,16,25,107
ED,Consolidated Edison,101.62,-4,-9,19,45,51,-4,1,13,43,53,104
AEE,Ameren,94.79,-11,-2,48,11,46,-5,2,53,8,58,104
XYL,Xylem Inc.,127.57,1,25,-1,20,45,2,35,1,20,58,103
CVX,Chevron Corporation,146.1,49,0,0,46,95,-1,8,-3,4,8,103
RL,Ralph Lauren Corporation,270.28,-49,27,85,32,95,-54,36,1,24,7,102
CMS,CMS Energy,69.54,-4,-17,67,21,67,32,-23,13,12,34,101
HPE,Hewlett Packard Enterprise,18.22,0,21,-15,40,46,-23,38,-12,52,55,101
CI,Cigna,314.55,1,-10,-2,56,45,12,-22,11,55,56,101
LNT,Alliant Energy,60.46,-4,-1,59,12,66,32,-9,1,11,35,101
VTR,Ventas,62.83,-3,-14,63,20,66,27,-21,14,13,33,99
UNH,UnitedHealth Group,307.79,28,-41,-9,-2,-24,-2,-36,-22,182,122,98
HII,Huntington Ingalls Industries,229.26,23,64,0,4,91,19,-13,7,-7,6,97
PNR,Pentair,97.77,-16,25,0,60,69,-18,38,-15,22,27,96
AEP,American Electric Power,101.91,0,-14,64,21,71,-3,2,14,12,25,96
NTRS,Northern Trust,110.92,7,25,7,9,48,5,31,1,11,48,96
MMM,3M,145.12,-3,25,65,12,99,-14,-2,1,12,-3,96
REG,Regency Centers,70.4,-24,23,59,51,109,-22,-10,1,17,-14,95
CMI,Cummins,322.44,0,10,0,63,73,-24,30,-12,28,22,95
SRE,Sempra,73.78,-59,1,-6,179,115,-10,-2,-20,12,-20,95
BAC,Bank of America,44.43,0,25,8,16,49,1,32,1,12,46,95
ECL,Ecolab,266.14,0,23,7,20,50,-6,33,1,17,45,95
DOV,Dover Corporation,179.73,0,14,0,104,118,-24,-7,-10,17,-24,94
WDC,Western Digital,57.41,7,25,3,16,51,5,36,1,1,43,94
DLR,Digital Realty,176.1,0,31,6,20,57,-19,38,1,17,37,94
BLK,BlackRock,981.89,-3,24,8,20,49,-15,38,1,19,43,92
PSX,Phillips 66,123.6,42,24,-27,39,78,42,26,-52,-3,13,91
AMZN,Amazon,216.16,7,15,8,19,49,4,30,-10,18,42,91
SBUX,Starbucks,93.48,69,0,1,1,71,-3,24,-6,5,20,91
GE,GE Aerospace,236.54,-27,36,10,25,44,-37,36,21,27,47,91
C,Citigroup,78.07,7,25,10,16,58,-15,35,1,12,33,91
NTAP,NetApp,104.19,2,10,-16,55,51,3,38,-21,20,40,91
META,Meta Platforms,702.19,7,25,8,27,67,-19,30,-9,21,23,90
RMD,ResMed,251.74,0,31,8,11,50,2,37,-11,11,39,89
FCX,Freeport-McMoRan,41.94,2,25,-28,56,55,5,31,1,-4,33,88
SYF,Synchrony Financial,61.29,7,25,8,19,59,-14,38,-11,16,29,88
ULTA,Ulta Beauty,471.99,2,35,3,2,42,12,38,3,-7,46,88
PODD,Insulet Corporation,306.59,0,26,36,2,64,14,-1,5,4,22,86
KIM,Kimco Realty,20.94,-4,24,0,53,73,-19,38,-19,12,12,85
DELL,Dell Technologies,113.71,3,25,-16,30,42,5,38,1,-2,42,84
APO,Apollo Global Management,134.12,0,7,-1,95,101,-14,-13,-14,24,-17,84
O,Realty Income,57.41,41,21,1,5,68,-3,7,1,11,16,84
LDOS,Leidos,148.23,20,37,-4,21,74,-2,-10,4,17,9,83
CSGP,CoStar Group,81.94,64,7,0,12,83,-9,2,14,-7,0,83
AFL,Aflac,102.72,0,-18,0,56,38,12,-21,1,53,45,83
BALL,Ball Corporation,56.02,68,25,-26,-9,58,-11,37,1,-3,24,82
PG,Procter & Gamble,160.87,-57,-2,0,177,118,-70,14,-5,24,-37,81
PNW,Pinnacle West Capital,88.9,-4,-2,59,16,69,-4,-21,13,24,12,81
TXN,Texas Instruments,199.24,7,25,0,20,52,-16,29,1,14,28,80
TDY,Teledyne Technologies,488.59,-15,24,43,12,64,-28,29,1,13,15,79
MLM,Martin Marietta Materials,542.76,-10,34,-1,58,81,-24,-5,1,25,-3,78
HD,Home Depot (The),353.58,-42,0,-3,178,133,-47,-10,-15,17,-55,78
CMG,Chipotle Mexican Grill,52.55,7,9,-15,78,79,-14,2,-17,27,-2,77
EQIX,Equinix,888.17,-17,25,8,32,48,-36,38,1,24,27,75
MOS,Mosaic Company (The),36.01,2,45,7,-14,40,19,38,6,-28,35,75
ISRG,Intuitive Surgical,519.05,-42,1,85,20,64,5,-6,-12,24,11,75
HLT,Hilton Worldwide,247.27,-14,25,7,62,80,-19,-2,-9,24,-6,74
COIN,Coinbase,261.65,6,24,0,0,30,4,38,-14,16,44,74
IDXX,Idexx Laboratories,528.8,8,32,5,2,47,-9,38,1,-6,24,71
DG,Dollar General,113.66,7,66,0,-15,58,9,14,13,-24,12,70
BXP,"BXP, Inc.",72.82,7,23,0,0,30,-10,38,1,11,40,70
HOLX,Hologic,65.2,102,13,-26,0,89,-8,20,-26,-5,-19,70
BX,Blackstone Inc.,138.24,-4,0,-4,103,95,-19,-11,-15,19,-26,69
VMC,Vulcan Materials Company,261.14,-14,33,0,58,77,-28,-7,1,25,-9,68
CVS,CVS Health,67.73,44,2,1,-15,32,41,4,16,-26,35,67
CNP,CenterPoint Energy,35.88,-56,-1,40,43,26,11,-19,34,13,39,65
JNPR,Juniper Networks,36.0,7,20,0,52,79,5,-11,-28,18,-16,63
MAR,Marriott International,257.91,-14,25,0,56,67,-18,-2,-10,25,-5,62
HBAN,Huntington Bancshares,15.69,-14,25,0,19,30,-19,36,1,14,32,62
LOW,Lowe's,216.06,-33,-2,-11,164,118,-46,-10,-18,17,-57,61
CEG,Constellation Energy,307.92,0,25,7,0,32,12,-1,1,17,29,61
SNA,Snap-on,312.17,-14,-2,0,57,41,-22,-5,-10,55,18,59
STT,State Street Corporation,97.6,0,27,8,14,49,-23,32,-11,12,10,59
NOW,ServiceNow,1005.5,-30,26,8,80,84,-34,-2,-11,20,-27,57
AMT,American Tower,215.04,21,3,7,4,35,-6,8,11,9,22,57
NSC,Norfolk Southern,252.14,0,24,2,2,28,-24,38,1,12,27,55
TSLA,"Tesla, Inc.",329.11,12,7,34,8,61,4,-4,-15,8,-7,54
ANSS,Ansys,338.91,0,25,8,9,42,-14,4,1,21,12,54
PFG,Principal Financial Group,76.7,-1,0,-4,53,48,7,-7,-11,16,5,53
OTIS,Otis Worldwide,96.44,22,0,0,0,22,19,-9,-5,24,29,51
PRU,Prudential Financial,104.96,0,15,-4,53,64,-19,7,-18,17,-13,51
EA,Electronic Arts,151.13,18,1,0,5,24,17,-17,7,19,26,50
UBER,Uber,85.14,0,37,9,0,46,-22,-7,7,24,2,48
XEL,Xcel Energy,66.78,-14,-9,42,10,29,-29,-9,50,7,19,48
RF,Regions Financial Corporation,21.66,-2,24,-1,20,41,-19,31,-18,12,6,47
ROK,Rockwell Automation,324.37,0,28,6,13,47,-23,30,1,-9,-1,46
CCL,Carnival,23.84,0,24,8,0,32,-24,32,-11,17,14,46
TPL,Texas Pacific Land Corporation,1092.82,-7,-12,0,56,37,9,-12,1,11,9,46
FE,FirstEnergy,39.78,-7,-1,0,53,45,-5,-10,1,12,-2,43
ADM,Archer Daniels Midland,54.36,37,26,-37,-9,17,41,2,1,-18,26,43
PHM,PulteGroup,102.44,0,9,-14,63,58,-19,2,-25,27,-15,43
EXPE,Expedia Group,164.61,-14,0,40,9,35,-26,31,-9,12,8,43
GLW,Corning Inc.,50.79,1,24,10,15,50,-40,31,-11,12,-8,42
CARR,Carrier Global,71.04,0,32,0,0,32,-8,-7,1,24,10,42
EXC,Exelon,42.67,0,-14,46,12,44,-4,-24,17,8,-3,41
MET,MetLife,78.43,-14,24,0,56,66,-24,-6,-11,16,-25,41
MTB,M&T Bank,180.36,-14,25,0,20,31,-19,31,-15,12,9,40
EFX,Equifax,267.45,0,37,0,14,51,-18,-10,1,16,-11,40
PKG,Packaging Corporation of America,189.46,-23,0,-4,59,32,-24,25,-17,24,8,40
IR,Ingersoll Rand,81.61,-14,24,-12,21,19,-19,31,-19,27,20,39
EXR,Extra Space Storage,148.99,-14,22,-4,0,4,-16,38,1,11,34,38
NXPI,NXP Semiconductors,217.54,7,9,-16,61,61,-14,33,-39,-3,-23,38
K,Kellanova,80.32,-77,-5,60,19,-3,-40,-2,72,11,41,38
CL,Colgate-Palmolive,90.12,-6,-2,-2,21,11,-6,13,-5,24,26,37
DECK,Deckers Brands,103.63,-14,-4,-15,91,58,-24,-16,-11,29,-22,36
QCOM,Qualcomm,156.88,49,10,-16,20,63,-14,33,-43,-3,-27,36
APD,Air Products,280.48,1,0,0,14,15,-4,26,-10,8,20,35
ESS,Essex Property Trust,285.14,1,7,0,12,20,-5,5,1,12,13,33
AWK,American Water Works,140.46,1,-2,17,0,16,-4,2,13,6,17,33
CSX,CSX Corporation,32.55,6,24,-27,2,5,2,28,1,-4,27,32
HSY,Hershey Company (The),170.42,91,0,-36,-2,53,-5,6,-5,-17,-21,32
FDX,FedEx,226.77,49,0,-17,30,62,2,-12,-19,-2,-31,31
GM,General Motors,49.26,35,7,0,9,51,-13,-1,-19,11,-22,29
DHI,D. R. Horton,123.65,0,0,-19,63,44,-19,2,-26,28,-15,29
PNC,PNC Financial Services,175.16,-3,15,0,12,24,-23,30,-15,12,4,28
CFG,Citizens Financial Group,41.04,0,13,0,2,15,-19,30,-11,12,12,27
JKHY,Jack Henry & Associates,180.69,1,22,7,2,32,5,-1,-18,9,-5,27
D,Dominion Energy,54.74,-13,23,5,-32,-17,-4,38,1,8,43,26
BA,Boeing,201.72,-21,38,0,0,17,-21,38,1,-9,9,26
KEY,KeyCorp,15.94,-3,25,-1,2,23,-21,31,-18,11,3,26
JNJ,Johnson & Johnson,155.25,0,7,3,5,15,-2,13,-5,4,10,25
ALLE,Allegion,136.08,-24,37,0,19,32,-25,-7,1,20,-11,21
CPT,Camden Property Trust,116.16,-4,15,7,0,18,-14,5,1,9,1,19
KVUE,Kenvue,21.66,0,-9,34,0,25,-8,-10,10,1,-7,18
CPAY,Corpay,332.4,-2,1,0,19,18,-14,1,-10,23,0,18
WSM,"Williams-Sonoma, Inc.",157.74,-26,0,0,63,37,-18,-13,-8,19,-20,17
USB,U.S. Bancorp,43.15,-14,25,-1,2,12,-24,31,-15,13,5,17
CTSH,Cognizant,80.14,-14,25,7,12,30,-20,-1,-9,16,-14,16
AVB,AvalonBay Communities,207.3,8,6,0,14,28,-12,5,-19,13,-13,15
OKE,Oneok,82.14,1,-51,-4,52,-2,-3,-13,-16,49,17,15
VTRS,Viatris,8.98,44,1,-16,-5,24,-9,3,-20,17,-9,15
ES,Eversource Energy,64.39,-6,28,6,-8,20,-11,31,1,-26,-5,15
SMCI,Supermicro,43.68,7,1,-42,56,22,-17,24,-7,-7,-7,15
F,Ford Motor Company,10.62,45,39,-41,-15,28,-13,1,1,-3,-14,14
VZ,Verizon,42.5,-21,-1,21,8,7,-18,-1,14,12,7,14
OXY,Occidental Petroleum,45.34,70,5,-46,0,29,42,7,-50,-14,-15,14
EQR,Equity Residential,69.11,-2,24,0,11,33,-15,-16,1,11,-19,14
DXCM,Dexcom,83.0,-35,29,-1,-12,-19,1,38,1,-7,33,14
PLD,Prologis,106.84,-6,15,-14,0,-5,-19,36,1,-3,15,10
WBA,Walgreens Boots Alliance,11.39,46,25,0,-75,-4,11,40,-4,-33,14,10
FITB,Fifth Third Bancorp,38.32,-14,1,-1,20,6,-23,30,-18,14,3,9
TECH,Bio-Techne,51.63,84,0,-18,-22,44,-14,1,-18,-4,-35,9
SYY,Sysco,74.78,0,12,0,1,13,-22,25,-19,12,-4,9
INVH,Invitation Homes,33.39,1,0,0,5,6,-5,-17,12,12,2,8
MAS,Masco,62.47,-10,0,-11,63,42,-19,-12,-23,19,-35,7
NDSN,Nordson Corporation,218.45,0,24,-27,0,-3,-16,30,1,-5,10,7
FIS,Fidelity National Information Services,80.92,0,40,0,-35,5,-24,38,-21,9,2,7
SLB,Schlumberger,35.91,45,0,-61,0,-16,41,1,-12,-8,22,6
SOLV,Solventum,74.49,0,10,0,0,10,-23,26,-7,0,-4,6
ABNB,Airbnb,137.19,0,10,-1,0,9,-30,38,-9,-3,-4,5
SBAC,SBA Communications,230.12,8,3,7,-18,0,13,-19,8,3,5,5
COP,ConocoPhillips,95.01,49,4,-36,1,18,41,3,-52,-6,-14,4
DAL,Delta Air Lines,49.49,-21,1,-4,17,-7,1,-2,-12,24,11,4
ZBRA,Zebra Technologies,293.11,0,11,-12,-5,-6,-19,30,-12,11,10,4
WYNN,Wynn Resorts,88.59,7,27,-2,-1,31,-14,-8,1,-6,-27,4
MCHP,Microchip Technology,68.19,0,25,-37,1,-11,-16,31,1,-5,11,0
UAL,United Airlines Holdings,78.51,-24,1,0,9,-14,-27,37,-11,14,13,-1
KEYS,Keysight Technologies,162.26,0,25,7,0,32,-21,-7,-8,3,-33,-1
LVS,Las Vegas Sands,42.82,7,25,-13,-4,15,-19,31,-17,-12,-17,-2
DVN,Devon Energy,34.61,56,7,-41,-3,19,42,4,-47,-20,-21,-2
PSA,Public Storage,294.73,-26,26,-2,13,11,-24,-1,1,11,-13,-2
UDR,"UDR, Inc.",41.17,-3,0,0,0,-3,-15,4,1,11,1,-2
HAL,Halliburton,22.92,55,2,-54,0,3,49,5,-53,-7,-6,-3
LEN,Lennar,109.43,-2,0,-21,62,39,-19,2,-26,-1,-44,-5
APTV,Aptiv,69.18,7,25,0,-22,10,-14,31,1,-34,-16,-6
KDP,Keurig Dr Pepper,33.1,0,-11,0,0,-11,14,-28,9,10,5,-6
EG,Everest Group,339.22,0,-6,-27,53,20,10,-6,-28,-3,-27,-7
LII,Lennox International,543.66,-24,-2,-1,36,9,-19,-9,-14,25,-17,-8
A,Agilent Technologies,119.1,0,5,-14,0,-9,-15,28,-11,-3,-1,-10
IQV,IQVIA,159.27,69,0,-31,-4,34,-14,6,-33,-4,-45,-11
GPC,Genuine Parts Company,120.46,-31,23,-4,0,-12,-22,37,1,-15,1,-11
PYPL,PayPal,72.26,0,15,-1,-37,-23,-11,31,-15,7,12,-11
DPZ,Domino's,454.63,-35,-5,0,8,-32,-3,-11,18,16,20,-12
IP,International Paper,46.56,-24,-2,0,14,-12,-26,23,-11,14,0,-12
HST,Host Hotels & Resorts,15.64,-14,25,-23,2,-10,-18,38,-18,-4,-2,-12
GDDY,GoDaddy,178.04,-37,0,0,20,-17,1,-9,-10,20,2,-15
WDAY,"Workday, Inc.",245.51,-10,12,-1,12,13,-24,-11,-14,20,-29,-16
ERIE,Erie Indemnity,357.77,-23,-37,-8,37,-31,5,7,-26,29,15,-16
INCY,Incyte,71.17,7,11,0,-29,-11,-21,33,-22,5,-5,-16
BG,Bunge Global,86.29,14,3,-35,0,-18,12,-10,1,-3,0,-18
WAT,Waters Corporation,347.93,0,0,0,12,12,-26,-6,-11,12,-31,-19
ACN,Accenture,314.38,-6,0,-14,12,-8,-19,1,-10,17,-11,-19
FTV,Fortive,70.81,-3,1,-12,31,17,-24,-2,-8,-3,-37,-20
ROST,Ross Stores,131.14,-31,-2,-4,33,-4,-35,-10,2,27,-16,-20
NCLH,Norwegian Cruise Line Holdings,18.55,-14,0,-11,-3,-28,-26,26,-11,18,7,-21
PFE,Pfizer,24.4,49,6,-24,-21,10,-4,31,-32,-26,-31,-21
AOS,A. O. Smith,64.3,-10,-3,-33,56,10,-19,-11,1,-3,-32,-22
MKTX,MarketAxess,224.75,60,9,-19,-27,23,-5,1,1,-42,-45,-22
ZTS,Zoetis,164.37,-14,22,-26,0,-18,-6,31,-29,-3,-7,-25
MSCI,MSCI Inc.,547.25,-24,23,0,12,11,-34,-7,-14,18,-37,-26
TER,Teradyne,87.7,7,0,-20,-4,-17,-19,26,-14,-3,-10,-27
MTD,Mettler Toledo,1182.91,0,10,-14,0,-4,-19,30,-32,-3,-24,-28
CRM,Salesforce,263.8,-14,-2,-4,20,0,-25,-12,-12,19,-30,-30
TFC,Truist Financial,39.4,-14,0,-1,2,-13,-23,7,-14,12,-18,-31
HSIC,Henry Schein,70.79,0,1,-3,0,-2,-19,-1,-10,1,-29,-31
IVZ,Invesco,14.84,7,1,-11,-4,-7,-15,-9,-11,11,-24,-31
DAY,Dayforce,58.34,-14,10,-11,-10,-25,-14,19,-15,3,-7,-32
LUV,Southwest Airlines,32.2,-20,24,7,-37,-26,-21,27,-16,2,-8,-34
EW,Edwards Lifesciences,74.81,-36,37,0,-12,-11,-49,38,21,-33,-23,-34
AVY,Avery Dennison,176.42,-12,24,-26,2,-12,-24,38,-34,-3,-23,-35
CHRW,C.H. Robinson,93.82,-26,0,0,0,-26,-24,25,-18,6,-11,-37
GNRC,Generac,126.33,0,9,-11,-32,-34,-19,27,-19,8,-3,-37
FRT,Federal Realty Investment Trust,95.65,-12,7,-14,2,-17,-19,6,-20,12,-21,-38
WTW,Willis Towers Watson,297.75,-57,-37,0,22,-72,13,-1,-6,27,33,-39
DD,DuPont,67.96,0,1,-12,17,6,-19,1,-26,-1,-45,-39
GEHC,GE HealthCare,72.86,1,0,-11,0,-10,-14,-13,-9,6,-30,-40
SW,Smurfit Westrock,43.25,0,0,0,0,0,-24,-3,-14,0,-41,-41
KMB,Kimberly-Clark,130.71,-70,-2,0,16,-56,-5,-2,-2,24,15,-41
IT,Gartner,409.13,-98,-2,-12,56,-56,-25,-5,-10,55,15,-41
MAA,Mid-America Apartment Communities,149.56,-6,-11,0,0,-17,-16,-18,1,9,-24,-41
MOH,Molina Healthcare,290.12,-7,-17,-4,0,-28,-6,-11,9,-6,-14,-42
MKC,McCormick & Company,73.9,0,-43,0,-2,-45,-5,5,-5,8,3,-42
CRL,Charles River Laboratories,151.09,63,10,-45,-24,4,-15,28,-54,-6,-47,-43
ON,ON Semiconductor,53.89,7,10,-28,0,-11,-18,31,-34,-13,-34,-45
APA,APA Corporation,20.5,77,7,-76,-10,-2,42,11,-80,-17,-44,-46
DHR,Danaher Corporation,201.1,1,7,-20,0,-12,-9,6,-31,-2,-36,-48
BBY,Best Buy,71.24,0,0,-15,-4,-19,-21,4,-26,14,-29,-48
PAYC,Paycom,246.4,-36,38,10,-22,-10,-42,38,1,-35,-38,-48
DOW,Dow Inc.,30.57,49,0,-34,0,15,-9,1,-49,-6,-63,-48
LYB,LyondellBasell,61.22,44,0,-35,0,9,-5,1,-49,-5,-58,-49
DVA,DaVita,137.84,0,-44,-1,18,-27,-18,-10,-11,17,-22,-49
SPG,Simon Property Group,157.81,-27,0,0,33,6,-56,-13,-6,19,-56,-50
CCI,Crown Castle,98.99,-3,0,-4,-26,-33,-15,-19,11,3,-20,-53
PARA,Paramount Global,11.99,-19,26,0,-37,-30,-16,32,3,-43,-24,-54
WST,West Pharmaceutical Services,224.38,0,8,-18,-5,-15,-23,8,-18,-6,-39,-54
VLTO,Veralto,97.76,-27,25,0,0,-2,-27,-2,-24,0,-53,-55
WY,Weyerhaeuser,26.73,0,0,-14,0,-14,-16,7,-26,-6,-41,-55
JBHT,J.B. Hunt,142.46,0,0,-22,0,-22,2,-9,-19,-8,-34,-56
CHTR,Charter Communications,375.31,-10,0,9,-34,-35,-16,-10,1,4,-21,-56
HRL,Hormel Foods,30.27,-9,15,-1,-21,-16,-20,4,1,-28,-43,-59
BMY,Bristol Myers Squibb,48.65,-6,-50,0,-3,-59,-9,11,-5,3,0,-59
PPG,PPG Industries,109.05,-14,25,-37,-6,-32,-21,-2,1,-6,-28,-60
CMCSA,Comcast,35.1,2,7,-26,-7,-24,-9,2,-23,-6,-36,-60
FI,Fiserv,164.9,0,-51,-5,33,-23,-20,-37,-6,25,-38,-61
NUE,Nucor,121.65,2,2,-46,0,-42,7,3,-23,-6,-19,-61
AES,AES Corporation,11.47,52,5,-33,-9,15,1,-13,-44,-22,-78,-63
WBD,Warner Bros. Discovery,10.77,7,5,3,-40,-25,-9,25,-11,-43,-38,-63
SWKS,Skyworks Solutions,71.98,0,23,-34,-28,-39,-19,33,-37,-3,-26,-65
IEX,IDEX Corporation,179.92,-11,14,-19,0,-16,-18,-9,-19,-4,-50,-66
TSN,Tyson Foods,54.92,-12,-30,-2,-26,-70,-10,4,-2,9,1,-69
TROW,T. Rowe Price,93.22,-14,10,-14,-23,-41,-19,-6,-16,11,-30,-71
AMCR,Amcor,9.19,0,-2,-11,0,-13,-21,-20,-26,9,-58,-71
LKQ,LKQ Corporation,38.03,-21,-2,-1,0,-24,-19,-8,-5,-15,-47,-71
EMN,Eastman Chemical Company,77.03,-21,-2,-12,0,-35,-19,-4,-26,13,-36,-71
AKAM,Akamai Technologies,80.01,7,1,-17,-5,-14,-16,-17,-17,-8,-58,-72
IFF,International Flavors & Fragrances,76.75,-11,10,-14,-29,-44,-19,7,-26,9,-29,-73
LW,Lamb Weston,55.31,0,13,-63,-6,-56,-5,17,-17,-12,-17,-73
REGN,Regeneron Pharmaceuticals,522.83,7,-12,-32,-2,-39,9,-9,-33,-2,-35,-74
UHS,Universal Health Services,170.34,-42,-2,-2,20,-26,-42,-6,-26,24,-50,-76
MRK,Merck & Co.,80.97,63,-53,-38,-2,-30,-5,5,-42,-4,-46,-76
SJM,J.M. Smucker Company (The),95.36,-35,-5,-3,-2,-45,-4,-5,-1,-21,-31,-76
TGT,Target Corporation,97.37,0,0,-22,-9,-31,-21,5,-30,-4,-50,-81
HPQ,HP Inc.,24.52,-27,-2,-16,0,-45,-23,-10,-20,14,-39,-84
EIX,Edison International,48.35,-59,-8,-23,-1,-91,-13,-9,-20,48,6,-85
MHK,Mohawk Industries,103.07,0,-19,-17,-9,-45,-19,-16,-25,12,-48,-93
COO,Cooper Companies (The),69.72,0,-12,-18,-3,-33,-24,-16,-23,-1,-64,-97
SWK,Stanley Black & Decker,65.76,-6,0,-20,-37,-63,-18,-2,-26,12,-34,-97
POOL,Pool Corporation,290.47,-24,-4,-14,-4,-46,-19,-10,-20,-7,-56,-102
BLDR,Builders FirstSource,111.71,0,-93,-19,63,-49,-19,-15,-23,-1,-58,-107
BAX,Baxter International,30.82,0,0,-14,-36,-50,-15,1,-5,-39,-58,-108
ELV,Elevance Health,376.7,-7,-24,-35,0,-66,-3,-39,-1,-1,-44,-110
IPG,Interpublic Group of Companies (The),23.49,3,-14,-34,0,-45,-9,-16,-31,-15,-71,-116
ADBE,Adobe Inc.,401.61,-14,1,-27,-4,-44,-37,-2,-31,-3,-73,-117
INTC,Intel,20.73,-5,0,-60,-18,-83,-20,1,-8,-10,-37,-120
EPAM,EPAM Systems,172.49,-14,0,-17,-25,-56,-19,-2,-8,-35,-64,-120
PEP,PepsiCo,131.41,4,-50,-33,-1,-80,-4,5,-30,-11,-40,-120
CDW,CDW Corporation,172.3,-24,25,-33,0,-32,-24,-4,-54,-6,-88,-120
BDX,Becton Dickinson,172.14,0,-78,-19,-3,-100,-5,6,-10,-13,-22,-122
GPN,Global Payments,76.85,-14,-3,-18,-37,-72,-16,-11,-15,-8,-50,-122
RVTY,Revvity,96.35,7,-68,-11,-22,-94,-15,1,-16,1,-29,-123
MGM,MGM Resorts,34.3,7,5,-47,0,-35,-17,-13,-54,-7,-91,-126
CNC,Centene Corporation,54.7,-11,-18,-35,-9,-73,-7,-16,-4,-26,-53,-126
MTCH,Match Group,30.79,-18,9,-17,-35,-61,-24,17,-24,-36,-67,-128
LULU,Lululemon Athletica,241.26,-49,-7,-2,-1,-59,-49,-1,-11,-10,-71,-130
KHC,Kraft Heinz,25.78,-13,-38,-33,-2,-86,-10,-28,-5,-8,-51,-137
CZR,Caesars Entertainment,26.23,-10,-2,-17,-23,-52,-14,-12,-26,-35,-87,-139
KMX,CarMax,65.88,0,-74,-10,-34,-118,-19,2,-14,9,-22,-140
GIS,General Mills,53.54,-11,-49,-32,-2,-94,-9,5,-28,-17,-49,-143
UPS,United Parcel Service,101.11,7,0,-97,-14,-104,-15,25,-25,-32,-47,-151
MRNA,Moderna,26.02,-16,-1,-46,-2,-65,-21,13,-46,-37,-91,-156
BIIB,Biogen,131.04,-13,0,-75,-25,-113,-22,25,-38,-16,-51,-164
OMC,Omnicom Group,70.66,-16,-129,-18,0,-163,-17,-16,-23,48,-8,-171
HUM,Humana,235.42,1,-32,-80,-10,-121,12,-35,-11,-18,-52,-173
ALGN,Align Technology,182.58,0,10,-58,-23,-71,-19,1,-53,-36,-107,-178
TAP,Molson Coors Beverage Company,49.61,-112,-36,-4,12,-140,-24,-10,-5,-1,-40,-180
NKE,"Nike, Inc.",61.91,-6,0,-68,-19,-93,-19,26,-69,-34,-96,-189
EL,EstÃ©e Lauder Companies (The),74.57,7,15,-111,-24,-113,-19,28,-56,-33,-80,-193
ALB,Albemarle Corporation,60.97,0,0,-119,-21,-140,-16,1,-18,-23,-56,-196
TMO,Thermo Fisher Scientific,404.34,-2,-76,-13,-3,-94,-14,-86,-12,-1,-113,-207
ENPH,Enphase Energy,45.93,42,-109,-37,-18,-122,10,-50,-44,-22,-106,-228
ZBH,Zimmer Biomet,92.19,-9,-48,-56,-15,-128,-16,-18,-55,-16,-105,-233
CAG,Conagra Brands,21.6,-59,-43,-23,-5,-130,-21,-57,-5,-21,-104,-234
CPB,Campbell's Company (The),32.25,-31,-50,-23,-4,-108,-35,-60,-30,-3,-128,-236
ARE,Alexandria Real Estate Equities,72.69,1,-58,-28,-28,-113,-15,-60,-39,-33,-147,-260
PCG,PG&E Corporation,13.59,-119,-9,-21,0,-149,-122,-11,-20,38,-115,-264
STZ,Constellation Brands,162.79,-123,-8,-36,-1,-168,-28,-12,-52,-6,-98,-266
CLX,Clorox,123.9,-59,-113,-8,-3,-183,-27,-71,-18,11,-105,-288
BF-B,Brownâ€“Forman,25.93,-122,-12,-94,-16,-244,-21,-11,-26,-26,-84,-328
