Symbol,Name,Close,1H Cloud Score,1D Cloud Score,1W Cloud Score,1M Cloud Score,Cloud Score Sum,1H TKx Score,1D TKx Score,1W TKx Score,1M TKx Score,TKx Score Sum,Total Score Sum
TJX,TJX Companies,133.38,49,7,148,198,402,47,11,117,193,368,770
ORLY,Oâ€™Reilly Automotive,101.91,0,18,163,199,380,-11,24,54,89,156,536
WM,Waste Management,232.98,0,4,95,187,286,37,11,27,159,234,520
PLTR,Palantir Technologies,186.91,49,77,116,0,242,47,79,119,20,265,507
COST,Costco,990.68,41,-21,117,180,317,33,-40,-2,184,175,492
JPM,JPMorgan Chase,292.83,5,66,123,158,352,9,77,10,26,122,474
RSG,Republic Services,233.55,-2,-10,124,177,289,37,-35,-1,160,161,450
MSI,Motorola Solutions,471.08,35,19,1,153,208,26,29,1,185,241,449
FAST,Fastenal,48.45,30,86,123,99,338,35,30,16,26,107,445
WMT,Walmart,103.64,98,14,127,101,340,56,9,10,29,104,444
CBOE,Cboe Global Markets,248.51,56,60,144,55,315,-2,55,22,51,126,441
ICE,Intercontinental Exchange,182.79,-7,70,112,161,336,-11,71,22,21,103,439
SO,Southern Company,93.96,-11,37,76,190,292,-12,53,23,79,143,435
AAPL,Apple Inc.,229.65,34,31,0,251,316,34,-5,2,71,102,418
HUBB,Hubbell Incorporated,432.19,0,62,1,182,245,7,80,6,71,164,409
WELL,Welltower,164.7,0,61,116,58,235,-16,22,133,24,163,398
AVGO,Broadcom,312.94,33,67,19,116,235,42,79,10,30,161,396
CTAS,Cintas,223.31,0,7,19,167,193,-7,10,13,187,203,396
NVDA,Nvidia,183.1,30,63,14,134,241,41,71,10,26,148,389
ORCL,Oracle Corporation,253.82,3,63,11,198,275,5,70,10,27,112,387
HWM,Howmet Aerospace,180.91,-4,77,148,29,250,-11,-1,92,57,137,387
NDAQ,"Nasdaq, Inc.",96.14,0,70,76,144,290,-4,77,10,14,97,387
MSFT,Microsoft,529.46,0,71,16,173,260,9,79,10,25,123,383
ROL,"Rollins, Inc.",57.87,-7,14,31,286,324,-8,6,23,35,56,380
MA,Mastercard,574.03,21,9,126,155,311,15,16,10,26,67,378
MS,Morgan Stanley,147.25,30,64,76,64,234,41,75,10,16,142,376
EBAY,eBay Inc.,97.07,63,73,77,14,227,26,22,82,16,146,373
BK,BNY Mellon,103.62,31,66,94,40,231,42,70,10,19,141,372
GLW,Corning Inc.,65.72,139,63,19,17,238,42,70,8,14,134,372
CDNS,Cadence Design Systems,353.61,-13,33,17,141,178,-30,32,10,180,192,370
LYV,Live Nation Entertainment,158.57,21,65,94,147,327,12,3,9,16,40,367
GOOGL,Alphabet Inc. (Class A),203.34,34,53,8,176,271,42,27,5,21,95,366
GOOG,Alphabet Inc. (Class C),204.16,34,53,7,176,270,42,27,4,21,94,364
GS,Goldman Sachs,743.42,30,64,92,58,244,4,75,10,21,110,354
FFIV,"F5, Inc.",326.62,63,63,94,14,234,14,77,10,17,118,352
J,Jacobs Solutions,149.79,41,62,6,106,215,33,77,7,19,136,351
MCD,McDonald's,301.63,-7,0,52,242,287,-10,20,-4,57,63,350
PWR,Quanta Services,391.47,0,71,17,99,187,2,79,10,72,163,350
APH,Amphenol,111.79,49,77,19,65,210,17,79,10,27,133,343
WRB,W. R. Berkley Corporation,70.0,0,-2,94,176,268,-8,3,24,55,74,342
RTX,RTX Corporation,155.53,-20,63,77,54,174,-1,69,84,14,166,340
DUK,Duke Energy,124.46,0,20,76,183,279,-9,30,22,16,59,338
ATO,Atmos Energy,165.78,35,4,74,45,158,28,20,85,45,178,336
KLAC,KLA Corporation,935.95,28,64,14,177,283,25,-9,10,26,52,335
ADP,Automatic Data Processing,299.7,-2,-1,85,180,262,-5,11,10,57,73,335
DTE,DTE Energy,139.85,0,20,74,189,283,-10,17,27,13,47,330
MO,Altria,65.99,77,17,70,45,209,68,10,26,16,120,329
TMUS,T-Mobile US,252.39,24,3,94,139,260,26,16,-8,35,69,329
LOW,Lowe's,244.87,49,16,0,166,231,47,28,1,19,95,326
AZO,AutoZone,3997.37,0,17,94,86,197,-9,24,54,57,126,323
ETR,Entergy,90.9,1,22,76,137,236,-33,17,89,14,87,323
ETN,Eaton Corporation,363.33,-42,64,8,114,144,17,77,8,72,174,318
NRG,NRG Energy,156.69,-35,0,103,94,162,9,10,113,21,153,315
L,Loews Corporation,94.33,49,64,112,55,280,8,-8,10,24,34,314
MPWR,Monolithic Power Systems,841.04,56,64,3,157,280,16,8,10,-2,32,312
HD,Home Depot (The),395.98,49,16,1,180,246,14,29,2,19,64,310
KO,Coca-Cola Company (The),70.74,35,0,28,182,245,48,-21,23,14,64,309
BR,Broadridge Financial Solutions,262.49,0,17,114,145,276,-15,11,10,25,31,307
ALL,Allstate,206.76,3,9,97,159,268,2,9,11,17,39,307
SPGI,S&P Global,559.23,7,64,16,172,259,-18,33,8,21,44,303
KR,Kroger,73.55,50,37,79,67,233,-4,9,50,15,70,303
HIG,Hartford (The),129.05,49,6,94,57,206,9,10,21,56,96,302
SCHW,Charles Schwab Corporation,98.64,17,77,77,11,182,17,77,10,14,118,300
BSX,Boston Scientific,102.55,-42,0,144,144,246,-12,-5,10,57,50,296
ANET,Arista Networks,141.26,35,49,7,58,149,35,45,6,56,142,291
RJF,Raymond James Financial,168.4,7,63,92,58,220,10,35,7,19,71,291
SNPS,Synopsys,626.02,3,51,7,180,241,2,43,8,-5,48,289
HCA,HCA Healthcare,390.31,64,3,3,97,167,74,3,16,29,122,289
MCO,Moody's Corporation,516.04,7,64,16,156,243,-19,31,8,25,45,288
BLK,BlackRock,1160.61,31,63,17,22,133,42,77,10,21,150,283
PEG,Public Service Enterprise Group,87.83,0,43,3,152,198,15,50,3,17,85,283
AMD,Advanced Micro Devices,174.92,9,63,3,110,185,25,70,10,-7,98,283
WSM,"Williams-Sonoma, Inc.",207.02,119,30,8,65,222,4,32,2,21,59,281
SHW,Sherwin-Williams,358.02,55,7,1,190,253,14,-16,10,19,27,280
LRCX,Lam Research,105.29,31,64,9,152,256,25,-8,10,-5,22,278
PPL,PPL Corporation,36.89,34,22,76,23,155,4,17,88,14,123,278
LIN,Linde plc,473.14,37,7,13,110,167,2,-8,10,106,110,277
YUM,Yum! Brands,142.1,-42,-6,28,259,239,-8,-10,-2,57,37,276
GD,General Dynamics,314.0,2,86,8,54,150,17,41,10,57,125,275
CME,CME Group,275.98,-6,0,54,136,184,-4,25,50,19,90,274
NFLX,Netflix,1225.28,22,0,116,20,158,27,-18,87,20,116,274
STE,Steris,243.77,28,3,14,195,240,22,-36,22,25,33,273
ITW,Illinois Tool Works,260.53,21,35,2,178,236,4,-4,7,29,36,272
TPR,"Tapestry, Inc.",110.88,7,64,80,21,172,2,70,8,19,99,271
TEL,TE Connectivity,204.0,0,70,16,62,148,16,76,10,18,120,268
GE,GE Aerospace,279.59,34,75,19,27,155,21,33,30,29,113,268
PM,Philip Morris International,168.51,35,-14,70,55,146,34,-26,85,27,120,266
DGX,Quest Diagnostics,178.45,28,3,68,18,117,65,1,68,14,148,265
MMC,Marsh McLennan,204.42,7,-45,-3,175,134,3,-40,-11,178,130,264
NI,NiSource,42.38,2,25,74,45,146,-2,17,89,14,118,264
AXON,Axon Enterprise,768.57,-7,0,145,94,232,-16,6,10,30,30,262
PGR,Progressive Corporation,242.94,-7,-44,0,177,126,-12,-40,-3,189,134,260
BX,Blackstone Inc.,173.72,7,35,4,142,188,13,33,5,21,72,260
GRMN,Garmin,232.96,22,37,112,19,190,43,-1,6,21,69,259
PTC,PTC Inc.,204.56,-26,63,6,182,225,-28,27,7,26,32,257
LDOS,Leidos,178.06,42,76,2,23,143,46,33,13,19,111,254
CMI,Cummins,399.03,42,36,5,65,148,42,27,6,30,105,253
AMAT,Applied Materials,188.49,21,64,0,149,234,25,-9,8,-5,19,253
MNST,Monster Beverage,64.02,28,3,26,180,237,26,-34,19,4,15,252
C,Citigroup,95.68,20,64,19,18,121,32,74,10,14,130,251
T,AT&T,28.48,26,4,70,16,116,19,6,94,15,134,250
URI,United Rentals,917.28,7,64,7,64,142,8,35,8,57,108,250
VMC,Vulcan Materials Company,291.95,52,16,6,60,134,54,24,10,27,115,249
VST,Vistra Corp.,209.53,6,63,19,30,118,1,76,8,45,130,248
RCL,Royal Caribbean Group,313.1,0,64,121,28,213,2,-6,10,27,33,246
DASH,DoorDash,264.36,1,63,97,0,161,-19,76,10,18,85,246
JBL,Jabil,230.36,7,67,19,65,158,21,-1,11,57,88,246
NEM,Newmont,68.92,49,88,19,5,161,5,50,19,10,84,245
COR,Cencora,289.12,6,-1,44,75,124,13,-15,55,68,121,245
ADI,Analog Devices,232.0,7,0,11,179,197,26,-15,10,26,47,244
RL,Ralph Lauren Corporation,299.7,2,66,94,34,196,12,-1,10,26,47,243
KKR,KKR & Co.,147.23,7,53,0,103,163,7,46,6,21,80,243
AME,Ametek,184.91,0,9,4,106,119,2,9,10,101,122,241
DELL,Dell Technologies,141.66,28,64,6,32,130,25,77,10,-4,108,238
V,Visa Inc.,336.73,-65,-8,137,133,197,12,-8,10,26,40,237
TT,Trane Technologies,438.91,0,4,16,164,184,15,-3,10,29,51,235
AIZ,Assurant,209.48,49,5,1,152,207,5,1,2,19,27,234
AON,Aon plc,363.94,17,7,0,177,201,-5,-4,-15,56,32,233
GILD,Gilead Sciences,120.01,21,58,51,35,165,18,3,8,39,68,233
ABBV,AbbVie,198.56,56,16,16,58,146,-2,23,2,64,87,233
EVRG,Evergy,72.64,0,45,58,14,117,-18,45,77,10,114,231
PHM,PulteGroup,123.41,49,37,0,65,151,2,41,6,29,78,229
CSCO,Cisco,71.38,34,64,48,14,160,42,-8,10,25,69,229
PH,Parker Hannifin,752.72,22,65,17,65,169,22,-3,10,30,59,228
STX,Seagate Technology,155.63,7,64,14,22,107,16,75,10,18,119,226
TRV,Travelers Companies (The),263.96,0,0,91,58,149,-18,11,24,56,73,222
COF,Capital One,216.69,7,70,94,21,192,7,-6,10,18,29,221
CHD,Church & Dwight,92.27,-75,-12,-16,344,241,-19,-14,-14,25,-22,219
TRMB,Trimble Inc.,83.63,-10,64,79,4,137,-8,69,8,12,81,218
SRE,Sempra,82.07,1,19,0,181,201,-12,19,8,-1,14,215
MLM,Martin Marietta Materials,615.71,49,19,6,60,134,18,24,10,27,79,213
CBRE,CBRE Group,156.05,3,48,92,22,165,-19,44,8,14,47,212
RMD,ResMed,283.2,0,70,17,13,100,14,76,9,13,112,212
HPE,Hewlett Packard Enterprise,21.31,21,60,1,42,124,31,-6,7,54,86,210
PNR,Pentair,106.17,28,64,9,62,163,13,1,8,24,46,209
CAT,Caterpillar Inc.,412.56,-31,63,8,64,104,-30,70,8,57,105,209
JCI,Johnson Controls,106.62,0,72,75,19,166,16,-3,10,18,41,207
AJG,Arthur J. Gallagher & Co.,290.68,0,-34,0,186,152,-11,-40,-2,107,54,206
HLT,Hilton Worldwide,268.85,6,64,16,64,150,28,-7,8,26,55,205
DHI,D. R. Horton,158.29,56,37,0,65,158,4,41,4,-2,47,205
PCAR,Paccar,98.93,2,16,-22,159,155,3,27,-14,34,50,205
WTW,Willis Towers Watson,330.09,63,9,8,24,104,63,23,-15,29,100,204
IBM,IBM,234.61,-27,-9,109,54,127,-18,-17,56,56,77,204
INCY,Incyte,81.64,105,50,3,0,158,17,14,6,7,44,202
VLTO,Veralto,108.83,98,64,2,0,164,-5,27,9,0,31,195
DE,Deere & Company,505.63,-1,0,49,109,157,-11,-7,45,10,37,194
STT,State Street Corporation,111.38,7,66,17,16,106,-8,71,9,14,86,192
TDG,TransDigm Group,1410.71,-42,0,19,157,134,-8,-1,10,57,58,192
VICI,Vici Properties,32.87,-23,45,58,15,95,-29,45,23,57,96,191
TSCO,Tractor Supply,59.3,0,30,7,85,122,-19,-5,4,85,65,187
TKO,TKO Group Holdings,185.99,14,2,71,40,127,19,-20,10,50,59,186
MMM,3M,157.84,34,7,74,14,129,41,-9,10,14,56,185
WDC,Western Digital,75.92,2,64,12,18,96,1,75,10,3,89,185
HAS,Hasbro,78.26,45,64,14,3,126,43,-5,10,11,59,185
JNJ,Johnson & Johnson,172.76,52,30,8,7,97,48,28,5,6,87,184
GNRC,Generac,198.72,70,48,3,-34,87,14,66,7,10,97,184
EXPD,Expeditors International,120.58,49,9,1,131,190,4,-15,6,-3,-8,182
ADM,Archer Daniels Midland,58.56,42,65,2,0,109,42,41,10,-20,73,182
D,Dominion Energy,61.3,57,62,14,1,134,-3,30,10,10,47,181
ULTA,Ulta Beauty,515.79,5,74,12,4,95,5,77,12,-9,85,180
ALLE,Allegion,166.59,5,76,9,21,111,5,32,10,22,69,180
ROST,Ross Stores,147.99,49,7,1,35,92,47,16,-4,29,88,180
AMZN,Amazon,221.44,0,54,17,21,92,-8,69,7,20,88,180
CVX,Chevron Corporation,154.44,9,26,7,48,90,35,47,1,6,89,179
EA,Electronic Arts,177.91,56,10,4,7,77,63,2,16,21,102,179
BKNG,Booking Holdings,5460.99,-3,0,136,35,168,-19,-9,10,26,8,176
APO,Apollo Global Management,144.56,1,46,0,97,144,7,-8,6,26,31,175
CNP,CenterPoint Energy,38.46,0,18,49,45,112,-14,17,43,15,61,173
CAH,Cardinal Health,146.28,-7,-1,55,38,85,-3,-16,48,57,86,171
EMR,Emerson Electric,132.93,0,64,16,64,144,-7,-2,10,26,27,171
GEV,GE Vernova,657.4,0,76,0,0,76,5,79,11,0,95,171
GM,General Motors,54.15,21,46,7,11,85,26,38,7,13,84,169
K,Kellanova,80.18,28,4,69,21,122,24,16,-7,13,46,168
IDXX,Idexx Laboratories,652.24,49,71,14,4,138,16,11,10,-8,29,167
WEC,WEC Energy Group,109.45,-7,20,55,13,81,-11,18,68,11,86,167
UNP,Union Pacific Corporation,218.66,-14,-2,-5,198,177,-19,-15,3,19,-12,165
TDY,Teledyne Technologies,552.82,1,63,52,14,130,-24,33,10,15,34,164
LHX,L3Harris,270.17,-16,86,12,5,87,-28,79,12,14,77,164
MDT,Medtronic,92.08,26,31,11,1,69,32,45,3,13,93,162
CINF,Cincinnati Financial,151.4,2,7,85,62,156,-18,-2,10,15,5,161
ECL,Ecolab,276.61,44,7,16,22,89,41,2,10,19,72,161
META,Meta Platforms,789.98,7,64,17,29,117,12,1,8,23,44,161
AEP,American Electric Power,111.99,0,28,73,23,124,-32,30,23,14,35,159
AFL,Aflac,103.56,34,-1,0,58,91,42,-21,-8,55,68,159
WFC,Wells Fargo,79.47,0,1,92,29,122,12,-5,10,19,36,158
HII,Huntington Ingalls Industries,268.06,0,103,8,6,117,-1,34,16,-9,40,157
LVS,Las Vegas Sands,53.9,10,64,6,2,82,12,70,7,-14,75,157
AXP,American Express,303.2,7,0,17,99,123,15,-12,8,21,32,155
PKG,Packaging Corporation of America,198.93,5,32,-3,61,95,36,-5,3,26,60,155
WMB,Williams Companies,57.78,-35,-6,112,52,123,-40,4,10,57,31,154
NSC,Norfolk Southern,277.76,-8,63,11,4,70,-18,77,10,14,83,153
KMI,Kinder Morgan,26.57,-35,-5,92,44,96,-7,4,8,52,57,153
SYK,Stryker Corporation,376.53,-57,0,17,159,119,2,-6,8,29,33,152
ABT,Abbott Laboratories,131.01,77,-2,56,13,144,-8,5,-4,14,7,151
NOC,Northrop Grumman,580.9,-1,31,10,58,98,-28,51,17,12,52,150
AEE,Ameren,101.2,0,20,56,13,89,-32,22,61,10,61,150
PG,Procter & Gamble,155.1,12,-41,-6,179,144,33,-39,-14,26,6,150
CSX,CSX Corporation,35.83,7,63,2,4,76,2,67,10,-6,73,149
NWS,News Corp (Class B),33.28,-17,0,112,58,153,-26,-10,10,21,-5,148
DRI,Darden Restaurants,205.15,1,-9,44,61,97,1,-28,48,30,51,148
AMP,Ameriprise Financial,516.98,7,0,0,64,71,12,-14,8,71,77,148
SYY,Sysco,80.75,1,51,7,3,62,1,64,7,14,86,148
LEN,Lennar,124.5,51,20,-30,64,105,14,29,1,-3,41,146
NVR,"NVR, Inc.",7986.8,7,33,-23,65,82,3,29,3,29,64,146
SYF,Synchrony Financial,72.36,7,64,17,21,109,12,-2,8,18,36,145
PAYX,Paychex,134.95,-14,-10,0,167,143,-8,-3,-1,14,2,145
EXPE,Expedia Group,203.28,23,37,49,11,120,2,3,6,14,25,145
DAL,Delta Air Lines,58.44,22,36,0,19,77,38,1,2,26,67,144
ZBRA,Zebra Technologies,328.22,1,50,-2,-7,42,16,69,4,13,102,144
PANW,Palo Alto Networks,175.42,0,-9,0,81,72,7,-2,10,57,72,144
CHRW,C.H. Robinson,118.8,63,32,3,4,102,2,25,6,8,41,143
LH,Labcorp,269.33,19,14,55,15,103,13,1,8,18,40,143
WAB,Wabtec,192.86,7,0,2,49,58,31,-13,10,56,84,142
CEG,Constellation Energy,338.76,0,64,16,0,80,1,32,10,19,62,142
AMGN,Amgen,284.94,-65,29,0,165,129,-5,-4,-14,36,13,142
DLTR,Dollar Tree,114.08,-3,81,6,-15,69,-11,80,25,-22,72,141
SNA,Snap-on,325.64,7,19,0,59,85,4,-8,3,57,56,141
VTR,Ventas,68.5,1,20,72,22,115,-16,22,4,15,25,140
XYL,Xylem Inc.,143.43,0,64,8,22,94,-19,33,10,22,46,140
INTU,Intuit,713.57,-42,0,17,191,166,-57,-1,10,20,-28,138
SPG,Simon Property Group,169.31,5,33,0,35,73,4,32,8,21,65,138
LLY,Lilly (Eli),639.31,-77,-11,-3,172,81,-31,-3,-7,96,55,136
PNW,Pinnacle West Capital,92.47,1,9,68,18,96,-11,2,22,26,39,135
XEL,Xcel Energy,72.39,-13,20,51,12,70,-32,29,59,9,65,135
WBA,Walgreens Boots Alliance,11.87,98,64,0,-77,85,-3,79,6,-35,47,132
BG,Bunge Global,82.53,70,4,0,0,74,42,9,10,-5,56,130
UAL,United Airlines Holdings,98.43,22,37,1,11,71,38,1,4,16,59,130
KDP,Keurig Dr Pepper,34.82,26,4,7,1,38,28,34,18,12,92,130
BA,Boeing,232.41,7,77,8,0,92,40,-2,10,-11,37,129
DOV,Dover Corporation,178.01,0,0,-3,106,103,6,-5,6,19,26,129
MCK,McKesson Corporation,658.8,-28,-4,42,58,68,-28,-17,38,67,60,128
GWW,W. W. Grainger,960.58,0,-8,-3,94,83,2,-13,-1,57,45,128
NTRS,Northern Trust,127.38,0,64,16,11,91,7,6,10,13,36,127
FE,FirstEnergy,43.62,2,17,6,55,80,1,18,10,14,43,123
FITB,Fifth Third Bancorp,42.24,7,40,0,22,69,39,-8,7,16,54,123
LNT,Alliant Energy,64.8,-7,24,68,14,99,-24,24,10,13,23,122
ED,Consolidated Edison,103.65,0,0,28,47,75,-12,16,-4,45,45,120
BEN,Franklin Resources,25.71,49,67,8,1,125,14,-8,10,-22,-6,119
RF,Regions Financial Corporation,25.31,0,63,7,22,92,3,-1,8,14,24,116
NTAP,NetApp,107.78,21,7,0,57,85,32,-8,7,-1,30,115
TER,Teradyne,111.63,7,35,-29,2,15,34,65,3,-5,97,112
CCL,Carnival,29.65,3,63,17,0,83,5,-5,8,19,27,110
BRK-B,Berkshire Hathaway,470.33,6,-49,124,62,143,6,-61,-5,26,-34,109
BRO,Brown & Brown,94.76,0,-73,-3,163,87,24,-19,-10,26,21,108
VZ,Verizon,43.23,23,4,30,10,67,19,9,-2,14,40,107
PNC,PNC Financial Services,191.13,7,54,2,14,77,14,-6,7,14,29,106
TSLA,"Tesla, Inc.",340.76,32,3,0,10,45,37,9,4,10,60,105
EXC,Exelon,44.61,0,9,55,14,78,-12,29,-1,10,26,104
BKR,Baker Hughes,42.5,-28,18,4,35,29,-19,63,4,26,74,103
MAS,Masco,71.21,7,30,-20,65,82,1,30,-32,21,20,102
CMS,CMS Energy,72.79,-14,11,76,23,96,-29,22,-1,14,6,102
STLD,Steel Dynamics,125.54,0,-8,-3,55,44,4,-14,10,57,57,101
TROW,T. Rowe Price,107.67,34,49,-23,-25,35,12,33,6,13,64,99
TTWO,Take-Two Interactive,232.69,7,0,45,13,65,-12,-19,45,20,34,99
KEY,KeyCorp,17.93,1,64,8,4,77,7,-6,8,13,22,99
CFG,Citizens Financial Group,48.15,3,52,8,4,67,13,-3,7,14,31,98
FCX,Freeport-McMoRan,42.13,7,0,0,58,65,40,-12,10,-6,32,97
WYNN,Wynn Resorts,112.53,7,66,8,3,84,12,-3,10,-8,11,95
FOXA,Fox Corporation (Class A),56.14,6,0,68,1,75,12,-16,8,14,18,93
ES,Eversource Energy,65.81,-21,67,15,-10,51,6,22,10,2,40,91
AIG,American International Group,78.45,2,-22,28,53,61,14,-28,23,21,30,91
AMCR,Amcor,9.77,26,30,0,0,56,38,-8,6,-2,34,90
GL,Globe Life,139.74,0,16,45,14,75,-12,15,4,8,15,90
GEN,Gen Digital,31.85,21,3,15,16,55,15,-6,10,16,35,90
MET,MetLife,76.56,7,0,0,58,65,19,-21,8,18,24,89
PFG,Principal Financial Group,77.25,0,0,-3,55,52,14,-2,7,18,37,89
F,Ford Motor Company,11.23,35,78,2,-17,98,-5,-10,10,-5,-10,88
IVZ,Invesco,21.03,1,40,7,2,50,-19,36,7,13,37,87
CPRT,Copart,47.19,19,-55,-13,176,127,5,-51,-23,28,-41,86
FOX,Fox Corporation (Class B),51.14,6,0,67,1,74,11,-15,7,9,12,86
CB,Chubb Limited,269.83,23,-29,0,58,52,21,-40,-4,56,33,85
MAR,Marriott International,265.01,0,0,0,58,58,2,-9,7,27,27,85
EOG,EOG Resources,118.02,0,0,-5,45,40,9,-19,3,51,44,84
VRTX,Vertex Pharmaceuticals,387.95,-42,-6,-2,104,54,5,-6,-6,37,30,84
VRSN,Verisign,262.95,-8,-1,36,9,36,-9,-3,52,7,47,83
BAC,Bank of America,47.49,7,1,17,18,43,20,-6,10,14,38,81
CSGP,CoStar Group,88.42,-18,46,6,14,48,-23,41,23,-9,32,80
PRU,Prudential Financial,105.24,21,0,-13,55,63,13,-19,4,19,17,80
GPC,Genuine Parts Company,134.74,37,17,1,0,55,7,24,10,-17,24,79
UBER,Uber,91.75,27,7,18,0,52,-4,-11,16,26,27,79
MU,Micron Technology,127.76,28,3,2,22,55,38,-19,10,-5,24,79
CTVA,Corteva,71.03,2,0,53,0,55,19,-17,10,11,23,78
NXPI,NXP Semiconductors,219.97,5,1,0,63,69,15,-9,7,-5,8,77
O,Realty Income,57.68,23,8,10,7,48,19,-13,10,13,29,77
AWK,American Water Works,142.05,-7,8,26,1,28,-5,22,22,8,47,75
HON,Honeywell,217.01,-98,-1,0,178,79,-26,-11,10,22,-5,74
CMG,Chipotle Mexican Grill,42.8,-1,-14,-6,80,59,5,-15,-4,29,15,74
REG,Regency Centers,71.85,-9,7,5,53,56,-22,10,10,19,17,73
TFC,Truist Financial,44.02,3,38,1,4,46,9,-5,7,14,25,71
LMT,Lockheed Martin,431.57,2,-16,-29,165,122,-18,-27,-4,-2,-51,71
SJM,J.M. Smucker Company (The),111.42,26,16,2,-4,40,43,21,-10,-23,31,71
PODD,Insulet Corporation,309.34,25,1,45,4,75,16,-40,14,6,-4,71
FSLR,First Solar,184.74,0,29,-39,62,52,-15,29,10,-6,18,70
NCLH,Norwegian Cruise Line Holdings,24.25,-35,35,0,0,0,-19,65,3,20,69,69
ACGL,Arch Capital Group,87.79,0,-21,-8,62,33,-1,-13,-1,51,36,69
TRGP,Targa Resources,168.04,14,1,0,51,66,-12,-20,-20,54,2,68
MTD,Mettler Toledo,1292.16,30,49,-23,0,56,18,-5,4,-5,12,68
TXT,Textron,78.55,7,0,-4,53,56,9,-5,10,-5,9,65
HBAN,Huntington Bancshares,16.49,3,0,9,21,33,13,-10,10,16,29,62
APD,Air Products,289.42,1,35,0,16,52,1,-4,2,10,9,61
EL,EstÃ©e Lauder Companies (The),91.73,0,54,0,-26,28,-10,67,8,-35,30,58
AOS,A. O. Smith,71.36,6,30,-42,58,52,5,-4,10,-5,6,58
UHS,Universal Health Services,175.25,49,-20,-11,22,40,39,-16,-4,-1,18,58
ROK,Rockwell Automation,339.73,7,1,15,15,38,24,-5,10,-11,18,56
KEYS,Keysight Technologies,167.13,7,1,2,1,11,32,-1,8,5,44,55
ROP,Roper Technologies,519.48,-58,-8,-2,182,114,-61,-25,-1,26,-61,53
COIN,Coinbase,322.54,0,0,9,0,9,23,-8,9,18,42,51
NUE,Nucor,141.48,7,41,0,3,51,4,-3,7,-8,0,51
MTB,M&T Bank,191.11,4,0,1,22,27,12,-10,8,14,24,51
XYZ,"Block, Inc.",74.49,-20,42,-3,-36,-17,-12,61,4,13,66,49
NEE,NextEra Energy,71.87,26,6,2,0,34,-2,-6,10,13,15,49
NWSA,News Corp (Class A),28.82,-24,0,9,58,43,-19,-10,10,21,2,45
HOLX,Hologic,67.95,2,52,-35,0,19,16,12,3,-7,24,43
SBUX,Starbucks,93.38,7,3,0,1,11,40,-1,-15,7,31,42
BLDR,Builders FirstSource,137.47,7,30,-28,65,74,4,-3,-32,-3,-34,40
USB,U.S. Bancorp,45.76,7,1,0,4,12,18,-12,7,15,28,40
ERIE,Erie Indemnity,362.48,14,0,-17,39,36,-11,18,-35,31,3,39
TSN,Tyson Foods,56.44,42,0,-1,-28,13,46,-21,-11,11,25,38
IP,International Paper,48.37,0,1,0,16,17,4,-2,3,16,21,38
FDX,FedEx,230.38,7,1,-26,32,14,33,-8,2,-4,23,37
EQIX,Equinix,787.24,0,-28,-8,34,-2,12,8,-8,26,38,36
PEP,PepsiCo,146.95,26,19,-42,0,3,38,44,-39,-13,30,33
MHK,Mohawk Industries,125.81,10,26,-26,-11,-1,1,30,2,-1,32,31
EQT,EQT Corporation,51.27,-53,-8,41,42,22,-18,-25,41,10,8,30
FICO,Fair Isaac,1320.59,-63,-26,-6,166,71,-20,-25,-28,31,-42,29
CVS,CVS Health,65.48,26,0,10,-17,19,36,3,-1,-28,10,29
SMCI,Supermicro,46.42,-35,1,0,58,24,-54,63,5,-9,5,29
IQV,IQVIA,185.99,0,19,-40,0,-21,9,45,2,-6,50,29
CI,Cigna,280.31,7,-27,-6,58,32,21,-21,-3,-1,-4,28
IR,Ingersoll Rand,78.42,0,-5,-21,23,-3,5,-10,7,29,31,28
LII,Lennox International,590.01,-70,31,0,38,-1,1,-5,4,27,27,26
MTCH,Match Group,36.42,0,48,4,-37,15,-14,56,5,-38,9,24
SW,Smurfit Westrock,44.29,0,0,-3,16,13,20,-3,-23,17,11,24
ISRG,Intuitive Surgical,478.39,0,-10,-3,22,9,9,-18,-2,26,15,24
TXN,Texas Instruments,192.95,7,0,1,22,30,-19,-14,10,16,-7,23
XOM,ExxonMobil,106.11,-54,-7,-2,44,-19,1,-18,9,50,42,23
DG,Dollar General,115.18,55,8,2,-17,48,-4,-18,22,-26,-26,22
BMY,Bristol Myers Squibb,46.54,13,-11,-3,-5,-6,42,-5,-14,5,28,22
VTRS,Viatris,10.12,26,4,-25,0,5,20,-6,2,-1,15,20
TMO,Thermo Fisher Scientific,477.63,6,15,-22,0,-1,14,29,-21,-3,19,18
EFX,Equifax,241.13,-2,-8,-4,16,2,2,-16,10,18,14,16
TAP,Molson Coors Beverage Company,51.06,21,0,-13,0,8,29,-5,-14,-3,7,15
BDX,Becton Dickinson,194.95,28,4,-28,-5,-1,20,30,-19,-15,16,15
QCOM,Qualcomm,153.74,0,0,-25,22,-3,23,-9,8,-5,17,14
HUM,Humana,274.99,107,6,-89,-12,12,33,9,-20,-20,2,14
PCG,PG&E Corporation,15.48,51,0,-30,1,22,10,11,-29,-1,-9,13
DXCM,Dexcom,80.21,0,0,0,-14,-14,23,-1,10,-9,23,9
DHR,Danaher Corporation,205.71,7,4,-29,0,-18,20,7,3,-4,26,8
HPQ,HP Inc.,26.6,26,1,-25,0,2,42,-8,-29,-1,4,6
DECK,Deckers Brands,103.73,-63,-9,-24,93,-3,2,-4,-20,31,9,6
TYL,Tyler Technologies,563.85,-8,0,0,17,9,-23,1,1,18,-3,6
EXE,Expand Energy,95.86,-25,-17,41,0,-1,-19,-28,41,10,4,3
MSCI,MSCI Inc.,550.17,-28,-4,0,14,-18,9,-16,7,20,20,2
KIM,Kimco Realty,21.12,-60,1,0,55,-4,-19,-1,8,14,2,-2
IRM,Iron Mountain,92.2,-65,-5,-3,57,-16,-26,-26,10,56,14,-2
HSIC,Henry Schein,67.52,7,-6,-5,0,-4,17,-15,-3,3,2,-2
MGM,MGM Resorts,35.4,0,1,-3,0,-2,5,-3,7,-9,0,-2
GEHC,GE HealthCare,74.41,7,1,-20,0,-12,21,-3,-18,8,8,-4
BBY,Best Buy,70.27,31,1,-24,-6,2,42,-15,-35,-2,-10,-8
ADSK,Autodesk,283.04,-28,-1,0,14,-15,-19,-4,10,19,6,-9
AVY,Avery Dennison,174.74,9,-10,-35,1,-35,39,-15,7,-5,26,-9
EIX,Edison International,55.98,14,8,-32,0,-10,8,22,-29,-1,0,-10
OTIS,Otis Worldwide,88.13,6,-15,-4,0,-13,1,-12,-14,26,1,-12
A,Agilent Technologies,117.31,6,0,-23,0,-17,21,-15,1,-5,2,-15
KMB,Kimberly-Clark,133.62,0,0,2,18,20,-11,-41,-11,26,-37,-17
DPZ,Domino's,441.19,-63,-6,0,10,-59,1,-6,27,18,40,-19
HST,Host Hotels & Resorts,15.75,0,1,-32,2,-29,12,-6,8,-6,8,-21
CL,Colgate-Palmolive,84.96,0,-25,-6,23,-8,-7,-18,-14,26,-13,-21
APTV,Aptiv,71.71,7,1,1,-24,-15,30,-10,10,-36,-6,-21
HSY,Hershey Company (The),176.45,-23,30,4,-1,10,-32,15,4,-19,-32,-22
COP,ConocoPhillips,94.59,0,16,-45,0,-29,14,-2,2,-8,6,-23
TTD,Trade Desk (The),53.25,-21,-3,-27,-1,-52,-19,24,1,20,26,-26
AES,AES Corporation,12.9,-43,25,0,-11,-29,-5,25,6,-24,2,-27
AVB,AvalonBay Communities,186.89,0,-9,-3,16,4,-13,-27,-7,15,-32,-28
DD,DuPont,71.93,-81,35,-3,19,-30,2,-6,7,-3,0,-30
VLO,Valero Energy,133.37,-70,0,0,44,-26,2,-11,9,-5,-5,-31
CTRA,Coterra,23.98,-6,-20,-5,44,13,-19,-27,-12,13,-45,-32
FANG,Diamondback Energy,138.45,-33,-4,-29,47,-19,-24,11,4,-5,-14,-33
FTNT,Fortinet,78.49,-70,-8,-2,113,33,-68,-10,-2,13,-67,-34
KVUE,Kenvue,21.91,1,0,1,0,2,-34,-2,-3,3,-36,-34
EQR,Equity Residential,62.68,-20,-9,-3,13,-19,-15,-10,-3,13,-15,-34
SOLV,Solventum,72.06,-11,0,0,0,-11,-11,-18,6,0,-23,-34
NDSN,Nordson Corporation,215.76,7,0,-36,0,-29,1,-10,10,-7,-6,-35
BXP,"BXP, Inc.",63.65,-25,-6,-3,-1,-35,-19,-4,10,13,0,-35
ON,ON Semiconductor,50.0,0,0,-37,-1,-38,18,-7,6,-15,2,-36
CPAY,Corpay,309.42,-65,-8,-3,21,-55,2,-5,-5,25,17,-38
TGT,Target Corporation,106.26,34,30,-31,-11,22,-9,-6,-39,-6,-60,-38
HRL,Hormel Foods,28.77,9,-19,-10,-23,-43,39,-15,10,-30,4,-39
VRSK,Verisk Analytics,259.93,-125,-12,0,114,-23,-7,-36,-2,28,-17,-40
NOW,ServiceNow,853.12,-72,-4,-3,82,3,-65,-9,8,22,-44,-41
CCI,Crown Castle,102.31,-68,37,7,-28,-52,-12,-2,20,5,11,-41
WAT,Waters Corporation,285.29,0,-22,-5,-2,-29,12,-21,-20,14,-15,-44
OMC,Omnicom Group,73.68,6,1,-27,1,-19,12,-5,-32,-1,-26,-45
SWKS,Skyworks Solutions,71.69,20,0,-43,-30,-53,21,-16,7,-5,7,-46
SBAC,SBA Communications,218.11,-42,-6,16,-20,-52,-11,-6,17,5,5,-47
DVN,Devon Energy,33.31,7,1,-50,-5,-47,33,-20,9,-22,0,-47
PFE,Pfizer,24.63,21,6,-33,-23,-29,16,-13,7,-28,-18,-47
CF,CF Industries,82.9,-39,-4,0,4,-39,3,-30,10,8,-9,-48
FRT,Federal Realty Investment Trust,92.81,-11,-8,-23,0,-42,2,-9,1,-1,-7,-49
WST,West Pharmaceutical Services,239.99,-2,16,-27,-7,-20,-19,-4,1,-8,-30,-50
DVA,DaVita,132.04,-65,-5,-3,20,-53,9,-6,-20,19,2,-51
POOL,Pool Corporation,312.96,0,16,-23,-6,-13,4,-4,-29,-9,-38,-51
COO,Cooper Companies (The),72.72,7,0,-27,-5,-25,15,-10,-32,-3,-30,-55
PPG,PPG Industries,108.71,0,0,-46,-8,-54,7,-10,10,-8,-1,-55
PSA,Public Storage,280.39,-7,-9,-11,1,-26,-12,-40,10,13,-29,-55
APA,APA Corporation,20.45,28,4,-85,-12,-65,21,2,5,-19,9,-56
PSX,Phillips 66,120.09,-62,0,-3,41,-24,-26,-13,9,-5,-35,-59
PAYC,Paycom,215.12,-14,-8,19,-24,-27,-17,12,10,-37,-32,-59
OXY,Occidental Petroleum,44.14,7,1,-55,0,-47,2,-5,6,-16,-13,-60
PYPL,PayPal,67.96,-6,-3,-3,-39,-51,-19,-3,3,9,-10,-61
SWK,Stanley Black & Decker,71.42,7,30,-29,-39,-31,14,-8,-35,-2,-31,-62
ELV,Elevance Health,292.45,21,-29,-44,-2,-54,26,-21,-10,-3,-8,-62
LUV,Southwest Airlines,30.73,0,0,-1,-39,-40,-25,-10,7,4,-24,-64
DLR,Digital Realty,169.22,-59,0,1,22,-36,-53,-4,10,19,-28,-64
DIS,Walt Disney Company (The),113.83,-84,0,15,-1,-70,2,-9,10,3,6,-64
EMN,Eastman Chemical Company,63.45,0,-12,-21,-1,-34,14,-10,-35,-2,-33,-67
OKE,Oneok,74.07,-56,-8,-13,54,-23,-62,-8,-25,51,-44,-67
PLD,Prologis,104.8,-17,-1,-23,-1,-42,-19,-11,10,-5,-25,-67
CARR,Carrier Global,65.74,-77,-7,-3,0,-87,-14,-3,10,26,19,-68
IPG,Interpublic Group of Companies (The),25.25,7,16,-43,0,-20,14,-5,-40,-17,-48,-68
DDOG,Datadog,128.94,-63,0,-2,0,-65,-19,-7,7,15,-4,-69
GPN,Global Payments,82.36,0,16,-27,-39,-50,-18,32,-24,-10,-20,-70
CLX,Clorox,122.82,-14,-2,-17,-5,-38,-14,-4,-27,13,-32,-70
ODFL,Old Dominion,149.27,0,-10,-26,0,-36,1,-4,-31,-1,-35,-71
KHC,Kraft Heinz,27.35,0,0,-42,0,-42,-5,-1,-14,-10,-30,-72
MDLZ,Mondelez International,61.38,-70,-10,0,0,-80,3,-6,19,-9,7,-73
CHTR,Charter Communications,263.12,0,-13,-4,-36,-53,1,-18,-4,-1,-22,-75
EW,Edwards Lifesciences,76.92,-35,13,0,-14,-36,-33,-1,30,-35,-39,-75
JBHT,J.B. Hunt,142.84,0,0,-31,0,-31,2,-10,-28,-10,-46,-77
TECH,Bio-Techne,52.83,0,1,-27,-24,-50,9,-3,-27,-6,-27,-77
RVTY,Revvity,87.98,0,-10,-20,-24,-54,12,-15,-25,3,-25,-79
REGN,Regeneron Pharmaceuticals,556.62,-14,1,-41,0,-54,-5,26,-42,-4,-25,-79
LW,Lamb Weston,53.01,0,-5,-72,-8,-85,8,8,3,-14,5,-80
IEX,IDEX Corporation,163.27,0,-10,-28,-2,-40,4,-10,-28,-6,-40,-80
CPB,Campbell's Company (The),32.1,-4,0,-32,-6,-42,-12,15,-39,-5,-41,-83
LKQ,LKQ Corporation,30.12,0,-41,-6,-2,-49,12,-15,-14,-17,-34,-83
PSKY,Paramount Skydance Corporation,10.99,0,-5,0,-39,-44,-3,-4,12,-45,-40,-84
MOS,Mosaic Company (The),31.18,-63,-1,16,-16,-64,10,-17,15,-30,-22,-86
AMT,American Tower,204.51,-80,-6,16,0,-70,-42,-5,20,11,-16,-86
EXR,Extra Space Storage,135.54,-63,-9,-3,0,-75,-28,-9,10,13,-14,-89
ZTS,Zoetis,149.81,0,-23,-35,-3,-61,16,-38,-2,-5,-29,-90
MPC,Marathon Petroleum,159.14,-70,0,0,49,-21,-62,-9,10,-8,-69,-90
FIS,Fidelity National Information Services,71.77,-60,-6,-2,-37,-105,3,-8,9,11,15,-90
CRWD,CrowdStrike,435.77,-77,-4,45,0,-36,-68,-18,10,20,-56,-92
MCHP,Microchip Technology,64.47,-63,0,0,0,-63,-19,-14,10,-7,-30,-93
MAA,Mid-America Apartment Communities,138.31,-67,-10,-1,0,-78,-15,-6,-8,11,-18,-96
UDR,"UDR, Inc.",37.83,-70,-9,-3,-1,-83,-15,-6,-5,13,-13,-96
NKE,"Nike, Inc.",74.91,-3,32,-77,-21,-69,2,-2,7,-36,-29,-98
CTSH,Cognizant,68.76,-79,-10,-3,14,-78,-19,-18,-3,18,-22,-100
BALL,Ball Corporation,53.49,-80,0,-3,-11,-94,-5,-6,10,-5,-6,-100
WBD,Warner Bros. Discovery,11.22,-56,44,12,-42,-42,-19,-3,8,-45,-59,-101
WDAY,"Workday, Inc.",214.6,-60,-12,-10,14,-68,-19,-8,-4,-2,-33,-101
KMX,CarMax,56.67,0,-21,-19,-36,-76,6,-19,-23,11,-25,-101
TPL,Texas Pacific Land Corporation,856.46,-31,-51,-9,58,-33,-26,-51,-5,13,-69,-102
CPT,Camden Property Trust,104.87,-70,-9,-1,-1,-81,-24,-6,-3,11,-22,-103
INTC,Intel,21.81,14,0,-69,-20,-75,14,-13,-17,-12,-28,-103
MRK,Merck & Co.,80.29,0,8,-47,-4,-43,-1,-4,-51,-6,-62,-105
ZBH,Zimmer Biomet,101.81,28,4,-65,-17,-50,28,-6,-64,-18,-60,-110
STZ,Constellation Brands,170.01,-4,0,-45,-3,-52,-12,22,-61,-8,-59,-111
MOH,Molina Healthcare,157.26,0,-56,-13,-2,-71,-5,-21,-9,-8,-43,-114
ABNB,Airbnb,121.56,-73,-4,-3,0,-80,-28,-3,-2,-5,-38,-118
EG,Everest Group,328.26,-56,-21,-36,55,-58,21,-39,-37,-5,-60,-118
CRL,Charles River Laboratories,152.73,-35,1,-54,-26,-114,1,-4,6,-8,-5,-119
DOC,Healthpeak Properties,16.99,-17,-5,-17,-31,-70,-26,-5,-32,9,-54,-124
ALB,Albemarle Corporation,78.01,18,29,-128,-23,-104,-2,2,4,-25,-21,-125
BF-B,Brownâ€“Forman,30.54,40,0,-103,-18,-81,-3,22,-35,-28,-44,-125
WY,Weyerhaeuser,25.61,0,-10,-23,0,-33,-19,-31,-35,-8,-93,-126
BAX,Baxter International,23.95,0,-25,-23,-38,-86,38,-24,-14,-41,-41,-127
MKC,McCormick & Company,69.08,-65,-25,-6,-2,-98,-5,-24,-14,10,-33,-131
UNH,UnitedHealth Group,261.62,7,-80,-18,-4,-95,17,-21,-31,-1,-36,-131
DAY,Dayforce,51.57,-57,-8,-20,-12,-97,-19,-3,-24,5,-41,-138
CRM,Salesforce,231.65,-63,-9,-13,22,-63,-68,-8,-21,21,-76,-139
EPAM,EPAM Systems,152.91,-2,-10,-26,-27,-65,-5,-16,-17,-37,-75,-140
FI,Fiserv,132.09,-70,-23,-14,35,-72,-63,-17,-15,27,-68,-140
ALGN,Align Technology,140.49,0,-9,-67,-25,-101,-5,-2,-3,-38,-48,-149
ESS,Essex Property Trust,253.95,-70,-9,-3,14,-68,-91,-6,-3,14,-86,-154
FTV,Fortive,47.63,-65,-10,-21,0,-96,2,-36,-17,-8,-59,-155
CMCSA,Comcast,32.09,-91,-11,-35,-9,-146,1,-13,-2,-8,-22,-168
MKTX,MarketAxess,188.22,-38,-13,-28,-29,-108,8,-28,-2,-44,-66,-174
CAG,Conagra Brands,19.52,26,-82,-32,-7,-95,44,-96,-14,-23,-89,-184
BIIB,Biogen,128.93,-13,0,-84,-27,-124,-5,7,-47,-18,-63,-187
SLB,Schlumberger,32.92,-65,-8,-70,-1,-144,1,-14,-21,-10,-44,-188
CNC,Centene Corporation,26.15,1,-57,-44,-11,-111,13,-55,-13,-28,-83,-194
CDW,CDW Corporation,164.1,-63,-6,-42,0,-111,-68,-9,2,-8,-83,-194
INVH,Invitation Homes,30.04,-92,-14,-8,0,-114,-62,-34,-3,14,-85,-199
JKHY,Jack Henry & Associates,159.78,-91,-9,-3,-1,-104,-64,-40,-3,11,-96,-200
HAL,Halliburton,20.98,-34,-5,-63,-5,-107,-26,-1,-62,-9,-98,-205
UPS,United Parcel Service,87.39,0,-11,-106,-16,-133,14,-19,-34,-34,-73,-206
LYB,LyondellBasell,50.27,-84,-8,-44,-5,-141,2,-6,-58,-7,-69,-210
FDS,FactSet,370.62,-149,-17,-5,0,-171,-23,-13,-3,-1,-40,-211
CZR,Caesars Entertainment,24.62,-80,-9,-26,-25,-140,1,-10,-35,-37,-81,-221
AKAM,Akamai Technologies,71.98,-65,-9,-26,-7,-107,-83,-8,-26,-10,-127,-234
DOW,Dow Inc.,21.7,-98,-14,-43,-1,-156,2,-14,-58,-8,-78,-234
GIS,General Mills,49.17,-4,-88,-41,-4,-137,-12,-34,-37,-19,-102,-239
IT,Gartner,229.3,-86,-41,-21,0,-148,-87,-44,-19,57,-93,-241
ACN,Accenture,237.82,-84,-25,-23,-1,-133,-96,-23,-19,19,-119,-252
GDDY,GoDaddy,140.39,-100,-24,-3,22,-105,-103,-48,-19,22,-148,-253
ARE,Alexandria Real Estate Equities,73.67,-79,1,-37,-30,-145,-28,-4,-48,-35,-115,-260
ENPH,Enphase Energy,33.57,6,-148,-46,-20,-208,20,-13,-53,-24,-70,-278
IFF,International Flavors & Fragrances,64.54,-81,-10,-23,-31,-145,-94,-6,-35,-1,-136,-281
ADBE,Adobe Inc.,338.44,-65,-25,-36,-6,-132,-88,-41,-40,-5,-174,-306
MRNA,Moderna,25.64,-77,-5,-55,-4,-141,-80,-6,-55,-39,-180,-321
LULU,Lululemon Athletica,192.9,-163,-46,-11,-3,-223,-26,-40,-20,-12,-98,-321
