Symbol,Name,Close,1H Cloud Score,1D Cloud Score,1W Cloud Score,1M Cloud Score,Cloud Score Sum,1H TKx Score,1D TKx Score,1W TKx Score,1M TKx Score,TKx Score Sum,Total Score Sum
TJX,TJX Companies,142.3,-1,63,159,200,421,-6,6,128,195,323,744
COR,Cencora,341.39,114,43,55,77,289,122,52,66,70,310,599
AAPL,Apple Inc.,271.26,66,87,9,253,415,34,55,13,73,175,590
APH,Amphenol,139.09,49,133,30,67,279,41,135,21,29,226,505
NRG,NRG Energy,173.17,34,35,114,96,279,35,34,124,23,216,495
GOOG,Alphabet Inc. (Class C),281.82,89,109,18,178,394,46,11,15,23,95,489
GOOGL,Alphabet Inc. (Class A),281.39,89,109,19,178,395,46,6,16,23,91,486
PLTR,Palantir Technologies,194.54,41,133,127,0,301,36,-6,130,22,182,483
HWM,Howmet Aerospace,201.67,42,37,159,31,269,36,8,103,59,206,475
KLAC,KLA Corporation,1214.39,78,39,25,179,321,36,33,21,28,118,439
MCK,McKesson Corporation,825.91,110,31,53,60,254,61,48,3,69,181,435
MPWR,Monolithic Power Systems,1087.56,42,120,14,159,335,-5,64,21,2,82,417
TEL,TE Connectivity,243.57,79,126,27,64,296,35,41,21,20,117,413
ORLY,Oâ€™Reilly Automotive,95.13,-71,-6,174,201,298,-28,-14,65,91,114,412
HCA,HCA Healthcare,466.73,67,59,14,99,239,82,27,27,31,167,406
ETR,Entergy,96.08,-2,30,87,139,254,5,29,100,16,150,404
AVGO,Broadcom,376.41,35,123,30,118,306,35,6,21,32,94,400
RTX,RTX Corporation,177.44,0,119,88,56,263,-11,28,95,16,128,391
JPM,JPMorgan Chase,309.44,23,5,134,160,322,33,-13,21,28,69,391
GLW,Corning Inc.,90.3,19,119,30,19,187,35,126,19,16,196,383
GD,General Dynamics,344.61,0,142,19,56,217,-16,97,21,59,161,378
CAT,Caterpillar Inc.,583.29,22,119,19,66,226,30,44,19,59,152,378
WELL,Welltower,180.94,8,14,127,60,209,-12,5,144,26,163,372
ROL,"Rollins, Inc.",57.81,7,1,42,288,338,-27,-11,34,37,33,371
IBM,IBM,310.07,40,31,120,56,247,-7,-6,67,58,112,359
SO,Southern Company,95.1,-55,20,87,192,244,2,-2,34,81,115,359
CAH,Cardinal Health,189.96,65,25,66,40,196,61,39,3,59,162,358
EME,Emcor,648.17,-7,120,28,60,201,38,39,19,59,155,356
PWR,Quanta Services,453.96,35,27,28,101,191,35,31,21,74,161,352
BSX,Boston Scientific,100.55,-3,-6,155,146,292,-30,9,21,59,59,351
MS,Morgan Stanley,165.24,35,120,87,66,308,-9,12,21,18,42,350
CDNS,Cadence Design Systems,336.16,-3,-3,28,143,165,-19,1,21,182,185,350
WDC,Western Digital,138.18,19,120,23,20,182,10,131,21,5,167,349
HUBB,Hubbell Incorporated,470.05,20,3,12,184,219,35,5,17,73,130,349
ANET,Arista Networks,158.45,42,105,18,60,225,43,2,17,58,120,345
LRCX,Lam Research,160.94,42,42,20,154,258,36,34,21,-7,84,342
RL,Ralph Lauren Corporation,323.05,-3,122,105,36,260,-19,51,21,28,81,341
LLY,Lilly (Eli),844.81,6,25,2,174,207,-16,42,3,98,127,334
WRB,W. R. Berkley Corporation,71.54,-21,0,105,178,262,-19,-4,35,57,69,331
GE,GE Aerospace,310.74,27,131,30,29,217,-2,42,41,31,112,329
L,Loews Corporation,99.53,0,120,123,57,300,-21,-3,21,26,23,323
AXON,Axon Enterprise,739.19,44,-2,156,96,294,-3,1,-2,32,28,322
XYL,Xylem Inc.,151.54,42,120,19,24,205,36,29,21,24,110,315
TT,Trane Technologies,446.81,35,1,27,166,229,33,23,-1,31,86,315
DTE,DTE Energy,138.06,-28,28,85,191,276,-40,25,38,15,38,314
SRE,Sempra,92.45,7,75,11,183,276,-12,30,19,1,38,314
MNST,Monster Beverage,66.55,-14,59,37,182,264,-21,33,30,6,48,312
BK,BNY Mellon,107.94,7,122,105,42,276,-10,1,21,21,33,309
NVDA,Nvidia,202.8,28,31,25,136,220,35,4,21,28,88,308
V,Visa Inc.,344.87,0,1,148,135,284,-5,1,-4,28,20,304
DUK,Duke Energy,125.24,-28,20,87,185,264,-36,22,33,18,37,301
PANW,Palo Alto Networks,218.26,56,40,10,83,189,-10,41,21,59,111,300
MCD,McDonald's,302.4,-14,-2,3,244,231,-10,7,9,59,65,296
IBKR,Interactive Brokers,68.51,27,31,100,59,217,5,-6,19,59,77,294
ETN,Eaton Corporation,383.12,28,6,19,116,169,35,-6,19,74,122,291
HII,Huntington Ingalls Industries,319.08,42,159,19,8,228,7,39,27,-11,62,290
UHS,Universal Health Services,218.68,66,52,3,24,145,82,56,5,1,144,289
DOV,Dover Corporation,180.14,77,0,0,108,185,82,4,-4,21,103,288
AMAT,Applied Materials,232.55,42,31,6,151,230,14,31,19,-7,57,287
AXP,American Express,358.85,70,49,28,101,248,-10,6,19,23,38,286
J,Jacobs Solutions,158.19,-5,118,17,108,238,-22,29,18,21,46,284
GS,Goldman Sachs,790.01,35,5,103,60,203,35,1,21,23,80,283
CRWD,CrowdStrike,538.68,58,31,56,0,145,61,32,21,22,136,281
EVRG,Evergy,77.75,-21,101,69,16,165,-14,29,88,12,115,280
JCI,Johnson Controls,114.22,42,13,86,21,162,35,42,21,20,118,280
TER,Teradyne,176.84,42,91,6,4,143,6,121,14,-7,134,277
PH,Parker Hannifin,774.4,56,6,28,67,157,61,5,21,32,119,276
CBOE,Cboe Global Markets,236.79,-1,-2,155,57,209,-10,-9,33,53,67,276
MSI,Motorola Solutions,431.94,-38,-12,12,155,117,-14,-26,12,187,159,276
ATO,Atmos Energy,173.37,-42,60,85,47,150,-42,22,96,47,123,273
CMI,Cummins,438.08,35,92,16,67,210,6,2,17,32,57,267
MA,Mastercard,553.52,-14,-4,137,157,276,-26,-33,21,28,-10,266
STLD,Steel Dynamics,158.2,63,34,11,57,165,28,48,21,1,98,263
PPL,PPL Corporation,36.82,-31,78,87,25,159,-37,24,99,16,102,261
TRV,Travelers Companies (The),270.86,7,0,102,60,169,5,-8,35,58,90,259
NI,NiSource,42.12,-15,27,85,47,144,-30,27,100,16,113,257
CSCO,Cisco,72.9,71,12,59,16,158,28,23,21,27,99,257
XEL,Xcel Energy,81.57,1,76,62,14,153,-23,45,70,11,103,256
JBL,Jabil,221.53,38,2,30,67,137,37,1,22,59,119,256
COST,Costco,920.18,-34,-31,0,182,117,-36,-2,-13,186,135,252
MSFT,Microsoft,525.78,0,5,27,175,207,-7,4,21,27,45,252
TPR,"Tapestry, Inc.",111.39,-21,120,91,23,213,-40,37,19,21,37,250
WEC,WEC Energy Group,112.6,-20,76,66,15,137,-12,33,79,13,113,250
CNP,CenterPoint Energy,38.9,-20,74,60,47,161,-14,32,54,17,89,250
WMT,Walmart,102.24,-27,0,138,103,214,-35,12,21,31,29,243
HOOD,Robinhood Markets,138.05,0,122,92,0,214,-7,-6,21,20,28,242
EMR,Emerson Electric,136.83,56,1,27,66,150,37,4,21,28,90,240
AME,Ametek,198.16,7,1,15,108,131,-26,6,21,103,104,235
MU,Micron Technology,224.16,42,46,9,24,121,35,55,21,2,113,234
YUM,Yum! Brands,139.06,-32,-5,-1,261,223,-38,-15,5,59,11,234
VTR,Ventas,74.4,7,76,83,24,190,-12,23,15,17,43,233
STX,Seagate Technology,268.37,19,120,25,24,188,10,-10,21,20,41,229
APP,AppLovin,620.59,35,65,116,0,216,-10,-14,17,20,13,229
FOXA,Fox Corporation (Class A),65.5,42,5,79,3,129,63,1,19,16,99,228
SHW,Sherwin-Williams,347.9,24,-2,1,192,215,-7,1,-2,21,13,228
ADI,Analog Devices,232.86,-13,-2,22,181,188,-14,5,21,28,40,228
ORCL,Oracle Corporation,256.89,-14,-4,22,200,204,-15,-12,21,29,23,227
LDOS,Leidos,190.98,7,132,13,25,177,12,-7,24,21,50,227
LMT,Lockheed Martin,489.71,0,46,0,167,213,15,-4,6,-4,13,226
AEP,American Electric Power,121.88,14,23,84,25,146,8,21,34,16,79,225
AMGN,Amgen,292.01,-42,22,0,167,147,12,16,9,38,75,222
WFC,Wells Fargo,85.99,35,13,103,31,182,-9,6,21,21,39,221
INCY,Incyte,92.58,8,106,14,1,129,47,17,17,9,90,219
FOX,Fox Corporation (Class B),58.81,41,4,78,3,126,62,1,18,11,92,218
EBAY,eBay Inc.,83.76,-7,-1,88,16,96,-2,12,93,18,121,217
CTAS,Cintas,183.94,-27,-54,-4,169,84,-37,-16,-4,189,132,216
PTC,PTC Inc.,197.36,-16,-2,17,184,183,-21,6,18,28,31,214
AMD,Advanced Micro Devices,254.9,42,19,9,112,182,-1,21,21,-9,32,214
HIG,Hartford (The),123.46,-21,-11,105,59,132,4,-15,32,58,79,211
WM,Waste Management,200.61,-32,-49,-2,189,106,-39,-12,-5,161,105,211
TDG,TransDigm Group,1306.04,0,0,8,159,167,-16,3,-4,59,42,209
ABBV,AbbVie,228.15,0,72,28,60,160,-29,-7,14,66,44,204
AZO,AutoZone,3711.01,-73,-9,105,88,111,-14,-17,65,59,93,204
AIZ,Assurant,212.46,3,1,12,154,170,5,-6,13,21,33,203
STE,Steris,236.32,-13,-1,25,197,208,-39,-26,33,27,-5,203
FSLR,First Solar,232.83,-1,85,6,64,154,-10,40,21,-8,43,197
TTWO,Take-Two Interactive,252.87,-48,43,56,15,66,2,50,56,22,130,196
INTU,Intuit,656.43,-14,-2,28,193,205,-14,-15,-3,22,-10,195
PCAR,Paccar,98.81,0,0,-1,161,160,-13,4,8,36,35,195
EXPE,Expedia Group,220.29,7,93,60,13,173,-5,-10,17,16,18,191
INTC,Intel,40.12,41,56,6,0,103,36,55,11,-14,88,191
LHX,L3Harris,295.23,7,142,23,7,179,-21,-7,23,16,11,190
CEG,Constellation Energy,382.46,30,25,27,0,82,35,30,21,21,107,189
WAB,Wabtec,203.13,40,2,6,51,99,40,-7,-2,58,89,188
CME,CME Group,262.92,-17,-2,65,138,184,-12,-2,-3,21,4,188
TKO,TKO Group Holdings,187.77,-2,0,82,42,122,8,-16,21,52,65,187
HPE,Hewlett Packard Enterprise,24.41,8,5,12,44,69,52,-8,18,56,118,187
ROK,Rockwell Automation,365.67,80,14,26,17,137,35,6,21,-13,49,186
KO,Coca-Cola Company (The),68.97,-14,1,5,184,176,-11,14,-9,16,10,186
MMC,Marsh McLennan,178.67,-77,-11,-14,177,75,-44,-6,-22,180,108,183
NDAQ,"Nasdaq, Inc.",85.63,-49,-28,87,146,156,-16,5,21,16,26,182
HON,Honeywell,200.06,-7,-2,-1,180,170,-17,5,-4,24,8,178
BAC,Bank of America,53.03,44,53,28,20,145,-9,4,21,16,32,177
LYV,Live Nation Entertainment,148.02,-34,-17,105,149,203,-40,-25,20,18,-27,176
HD,Home Depot (The),379.54,-15,-6,12,182,173,-9,-23,13,21,2,175
IVZ,Invesco,23.48,28,96,18,4,146,-2,-6,18,15,25,171
GILD,Gilead Sciences,118.45,-21,18,62,37,96,2,12,19,41,74,170
NEM,Newmont,82.33,-56,144,30,7,125,4,-2,30,12,44,169
ROST,Ross Stores,158.12,-1,63,11,37,110,-5,22,10,31,58,168
MPC,Marathon Petroleum,195.65,44,46,10,51,151,5,1,21,-10,17,168
MCO,Moody's Corporation,478.83,-2,-31,5,158,130,-11,1,19,27,36,166
SPGI,S&P Global,491.51,7,-31,2,174,152,-11,2,-2,23,12,164
FDX,FedEx,249.05,70,14,1,34,119,29,4,13,-6,40,159
WSM,"Williams-Sonoma, Inc.",198.32,35,1,19,67,122,-3,3,13,23,36,158
SNA,Snap-on,338.65,-5,41,9,61,106,-21,-1,14,59,51,157
LOW,Lowe's,239.85,-11,-2,0,168,155,-9,-23,12,21,1,156
COF,Capital One,218.38,0,0,105,23,128,-18,2,21,20,25,153
PFG,Principal Financial Group,82.77,21,3,8,57,89,35,-9,18,20,64,153
VLO,Valero Energy,170.1,44,49,11,46,150,5,-15,20,-7,3,153
IRM,Iron Mountain,101.3,-11,34,7,59,89,-14,-1,21,58,64,153
CINF,Cincinnati Financial,154.4,-19,1,96,64,142,-19,-9,21,17,10,152
BKNG,Booking Holdings,5085.81,-3,-24,147,37,157,5,-37,-1,28,-5,152
WBD,Warner Bros. Discovery,21.63,59,36,23,0,118,5,6,19,2,32,150
EXPD,Expeditors International,120.24,7,0,3,133,143,-9,4,17,-5,7,150
GM,General Motors,68.66,70,13,18,13,114,-5,4,18,15,32,146
SYK,Stryker Corporation,368.99,-18,-6,4,161,141,-36,10,-2,31,3,144
K,Kellanova,83.14,72,24,5,23,124,5,18,-18,15,20,144
XOM,ExxonMobil,114.68,0,10,8,46,64,5,1,20,52,78,142
WMB,Williams Companies,57.62,-57,-5,123,54,115,-48,-6,21,59,26,141
GRMN,Garmin,214.91,-21,-2,123,21,121,-18,-2,17,23,20,141
DELL,Dell Technologies,160.97,35,24,7,34,100,-4,29,21,-6,40,140
FICO,Fair Isaac,1587.38,-3,6,-4,168,167,-13,-9,-39,33,-28,139
SCHW,Charles Schwab Corporation,94.39,-4,0,88,13,97,5,-2,21,16,40,137
LNT,Alliant Energy,67.92,-20,28,79,16,103,-24,22,21,15,34,137
DASH,DoorDash,254.11,-3,-1,108,0,104,-6,-2,21,20,33,137
CVS,CVS Health,76.69,-10,55,21,0,66,-5,59,11,2,67,133
ITW,Illinois Tool Works,243.59,-32,-17,13,180,144,-35,-27,18,31,-13,131
AEE,Ameren,102.69,-32,28,67,15,78,-54,22,72,12,52,130
EA,Electronic Arts,199.95,-19,66,15,9,71,-19,28,27,23,59,130
MO,Altria,57.12,-20,-2,81,47,106,-26,-6,37,18,23,129
MMM,3M,166.44,0,8,85,16,109,-24,6,21,16,19,128
DD,DuPont,81.47,72,14,5,21,112,-4,6,18,-5,15,127
DGX,Quest Diagnostics,175.84,-49,0,79,20,50,-28,10,79,16,77,127
RJF,Raymond James Financial,158.04,-26,-5,103,60,132,-33,-15,18,21,-9,123
TSLA,"Tesla, Inc.",440.07,28,59,9,12,108,-3,-9,15,12,15,123
RCL,Royal Caribbean Group,284.63,-21,-17,132,30,124,-21,-30,21,29,-1,123
VST,Vistra Corp.,189.66,-5,-1,30,32,56,10,-9,19,47,67,123
BKR,Baker Hughes,48.57,8,9,15,37,69,9,1,15,28,53,122
PEG,Public Service Enterprise Group,80.77,-21,-3,6,154,136,-54,24,-3,19,-14,122
RSG,Republic Services,209.83,-23,-66,-1,179,89,-27,-91,-12,162,32,121
UNP,Union Pacific Corporation,218.83,-43,-5,-2,200,150,-44,-6,-1,21,-30,120
AJG,Arthur J. Gallagher & Co.,261.94,-112,-12,-3,188,61,-26,-11,-13,109,59,120
EXC,Exelon,47.06,-13,23,66,16,92,-12,22,5,12,27,119
CBRE,CBRE Group,152.89,-16,0,103,24,111,-33,6,19,16,8,119
NFLX,Netflix,1088.93,-49,-7,127,22,93,-7,11,-2,22,24,117
CMS,CMS Energy,73.2,-28,19,87,25,103,-33,22,9,16,14,117
VMC,Vulcan Materials Company,290.04,-7,0,17,62,72,-3,-3,21,29,44,116
FAST,Fastenal,41.54,-27,-14,60,108,127,-27,-35,24,25,-13,114
TSCO,Tractor Supply,54.11,-15,-26,18,87,64,-16,-37,15,87,49,113
NTRS,Northern Trust,126.87,23,0,27,13,63,27,-14,21,15,49,112
TRMB,Trimble Inc.,78.87,-2,-3,90,6,91,-16,4,19,14,21,112
HAL,Halliburton,26.97,56,46,0,0,102,12,2,6,-11,9,111
DE,Deere & Company,465.41,0,-3,3,111,111,-13,4,-4,12,-1,110
MLM,Martin Marietta Materials,613.23,-10,0,17,62,69,-7,-3,21,29,40,109
ES,Eversource Energy,73.79,0,30,26,2,58,-9,34,21,4,50,108
ISRG,Intuitive Surgical,530.02,66,7,2,24,99,-14,4,-9,28,9,108
PG,Procter & Gamble,149.56,-11,-29,-17,181,124,-26,5,-25,28,-18,106
NUE,Nucor,149.7,56,4,2,1,63,33,1,18,-10,42,105
LIN,Linde plc,430.35,-37,-16,-1,112,58,-39,-22,-1,108,46,104
C,Citigroup,100.23,35,1,30,20,86,-5,-15,21,16,17,103
VRTX,Vertex Pharmaceuticals,419.89,0,0,-13,106,93,-30,18,-17,39,10,103
PLD,Prologis,124.25,0,49,10,1,60,-19,48,21,-7,43,103
PSX,Phillips 66,137.08,44,7,6,43,100,5,-16,20,-7,2,102
FE,FirstEnergy,46.22,-42,73,17,57,105,-68,27,21,16,-4,101
CB,Chubb Limited,278.0,0,2,0,60,62,4,-8,-15,58,39,101
FTNT,Fortinet,84.2,0,0,-1,115,114,-10,-6,-13,15,-14,100
HAS,Hasbro,76.56,72,-1,25,5,101,-2,-34,21,13,-2,99
UBER,Uber,96.51,28,1,29,1,59,-3,-13,27,28,39,98
PGR,Progressive Corporation,206.95,-109,-100,-4,179,-34,-33,-14,-14,191,130,96
SNPS,Synopsys,442.85,-7,-37,-1,182,137,-19,-10,-5,-7,-41,96
SMCI,Supermicro,50.39,-1,0,0,60,59,-2,33,16,-11,36,95
NOW,ServiceNow,934.68,0,0,2,84,86,-14,1,-2,24,9,95
META,Meta Platforms,666.17,-7,-1,28,31,51,-5,3,19,25,42,93
KEYS,Keysight Technologies,175.37,42,1,9,2,54,12,1,19,7,39,93
CHRW,C.H. Robinson,154.86,22,1,14,4,41,22,1,17,10,50,91
GWW,W. W. Grainger,955.4,-5,-27,-14,96,50,-11,4,-12,59,40,90
JNJ,Johnson & Johnson,189.06,-21,86,19,9,93,-48,21,16,8,-3,90
PNR,Pentair,107.15,-3,0,20,64,81,-26,-11,19,26,8,89
BBY,Best Buy,83.19,0,14,3,1,18,11,54,9,-4,70,88
STT,State Street Corporation,115.19,0,9,28,18,55,-5,1,20,16,32,87
AMZN,Amazon,222.83,0,-1,28,23,50,-5,1,18,22,36,86
A,Agilent Technologies,143.35,-2,46,5,1,50,-21,52,12,-7,36,86
HLT,Hilton Worldwide,260.1,-23,-6,27,66,64,-33,7,19,28,21,85
PHM,PulteGroup,119.02,-10,-8,12,67,61,-1,-23,17,31,24,85
LVS,Las Vegas Sands,58.98,55,6,17,4,82,-7,4,18,-16,-1,81
SYF,Synchrony Financial,73.58,0,0,28,23,51,-13,4,19,20,30,81
MSCI,MSCI Inc.,583.4,28,3,1,16,48,35,-27,1,22,31,79
EQIX,Equinix,832.79,0,14,2,36,52,-15,33,-19,28,27,79
DDOG,Datadog,157.09,0,25,10,0,35,-12,37,18,1,44,79
MET,MetLife,79.16,0,0,6,60,66,-19,-8,19,20,12,78
NWS,News Corp (Class B),30.51,40,-22,2,60,80,-8,-14,-4,23,-3,77
PODD,Insulet Corporation,311.92,-14,-1,56,6,47,-14,9,25,8,28,75
NOC,Northrop Grumman,578.55,-15,0,21,60,66,-27,-6,28,14,9,75
T,AT&T,24.66,-13,-22,0,18,-17,-5,-25,105,17,92,75
FCX,Freeport-McMoRan,41.73,6,-15,4,60,55,15,14,-2,-8,19,74
NDSN,Nordson Corporation,231.79,-4,50,5,3,54,-13,21,21,-9,20,74
URI,United Rentals,858.49,-42,-3,18,66,39,-42,-2,19,59,34,73
MAR,Marriott International,262.19,-17,-3,5,60,45,-23,2,18,29,26,71
BX,Blackstone Inc.,148.4,-42,-11,0,144,91,-42,-19,16,23,-22,69
KIM,Kimco Realty,21.0,-14,-2,5,57,46,-19,5,19,16,21,67
NEE,NextEra Energy,81.64,-17,27,6,2,18,-12,23,21,15,47,65
REG,Regency Centers,69.4,-20,-2,5,55,38,-13,-2,21,21,27,65
IQV,IQVIA,216.34,0,23,5,0,28,12,17,13,-8,34,62
KKR,KKR & Co.,118.09,-20,-26,-1,105,58,-18,-19,17,23,3,61
CVX,Chevron Corporation,153.52,-3,0,18,50,65,-26,2,12,8,-4,61
ICE,Intercontinental Exchange,148.52,-14,-44,-1,163,104,-13,-50,-3,23,-43,61
TXT,Textron,79.4,-4,-6,5,55,50,5,-9,21,-7,10,60
KR,Kroger,65.43,-18,-3,0,69,48,-14,11,-3,17,11,59
NWSA,News Corp (Class A),26.48,0,-21,0,60,39,-11,-14,21,23,19,58
LEN,Lennar,124.11,-9,-2,0,66,55,-9,5,12,-5,3,58
TMUS,T-Mobile US,210.67,-49,-26,-1,141,65,-9,-35,-2,37,-9,56
APO,Apollo Global Management,123.47,-2,-27,-6,99,64,-14,-19,-4,28,-9,55
ADP,Automatic Data Processing,261.54,-42,-43,-1,182,96,-39,-56,-5,59,-41,55
ECL,Ecolab,257.11,-21,-3,27,24,27,-13,-3,21,21,26,53
LH,Labcorp,252.25,-32,-3,66,17,48,-47,9,19,20,1,49
FANG,Diamondback Energy,142.09,-2,0,-1,49,46,2,-7,15,-7,3,49
DLR,Digital Realty,170.76,-14,1,8,24,19,-18,5,21,21,29,48
MAS,Masco,64.98,-14,-7,-1,67,45,-30,-2,12,23,3,48
TFC,Truist Financial,44.35,8,-3,12,6,23,-10,1,18,16,25,48
DAL,Delta Air Lines,57.12,-21,0,12,21,12,-19,14,13,28,36,48
EQT,EQT Corporation,52.46,-37,0,52,44,59,-18,-2,-4,12,-12,47
VTRS,Viatris,10.36,2,11,3,0,16,7,14,13,-3,31,47
TPL,Texas Pacific Land Corporation,928.44,-1,0,-20,60,39,5,4,-16,15,8,47
BR,Broadridge Financial Solutions,221.08,-19,-34,0,147,94,-30,-42,-3,27,-48,46
PKG,Packaging Corporation of America,196.16,-14,-2,-1,63,46,-25,-18,14,28,-1,45
QCOM,Qualcomm,177.22,-2,14,1,24,37,-18,5,19,1,7,44
TRGP,Targa Resources,151.51,0,-16,-4,53,33,-26,-16,-4,56,10,43
CTSH,Cognizant,72.2,19,2,-14,16,23,12,2,-14,20,20,43
COIN,Coinbase,328.79,-2,0,20,0,18,-9,-6,20,20,25,43
ALL,Allstate,191.77,-111,-12,0,161,38,-27,-11,22,19,3,41
MTB,M&T Bank,182.83,0,-17,12,24,19,5,-19,19,16,21,40
HOLX,Hologic,73.95,0,12,2,0,14,-1,20,14,-9,24,38
PRU,Prudential Financial,103.09,7,-23,-24,57,17,5,1,15,-1,20,37
ROP,Roper Technologies,443.38,-42,-64,-13,184,65,-38,-6,-12,28,-28,37
F,Ford Motor Company,13.07,0,14,13,1,28,-10,4,21,-7,8,36
UNH,UnitedHealth Group,344.78,-12,42,-29,-6,-5,-12,54,2,-3,41,36
KMI,Kinder Morgan,26.08,-42,-6,0,46,-2,-5,-11,-2,54,36,34
AMP,Ameriprise Financial,453.93,-7,-44,-1,66,14,-11,-40,-3,73,19,33
AON,Aon plc,328.3,-99,-16,-2,179,62,-49,-37,-1,58,-29,33
WST,West Pharmaceutical Services,278.5,-16,40,0,-9,15,-26,41,12,-10,17,32
AIG,American International Group,78.2,-4,-3,0,55,48,-21,-7,-11,23,-16,32
MTD,Mettler Toledo,1376.56,-2,22,5,0,25,-17,15,15,-7,6,31
WAT,Waters Corporation,342.86,-2,17,-1,1,15,-18,16,2,16,16,31
ALB,Albemarle Corporation,97.89,0,36,3,-25,14,1,27,15,-27,16,30
CFG,Citizens Financial Group,50.58,0,0,19,6,25,-19,-10,18,16,5,30
USB,U.S. Bancorp,46.83,-2,0,11,6,15,-21,1,18,17,15,30
BG,Bunge Global,95.14,-2,12,3,1,14,-19,20,21,-7,15,29
JBHT,J.B. Hunt,166.64,0,11,3,0,14,-1,16,11,-12,14,28
EW,Edwards Lifesciences,83.48,58,4,1,-16,47,15,5,-2,-37,-19,28
NVR,"NVR, Inc.",7227.12,-35,-16,-4,67,12,-2,-27,14,31,16,28
GL,Globe Life,132.39,-35,0,56,16,37,-15,-19,15,10,-9,28
BRO,Brown & Brown,80.46,-81,-14,-10,165,60,-33,-8,-21,28,-34,26
PNC,PNC Financial Services,182.35,0,-16,13,16,13,2,-23,18,16,13,26
NXPI,NXP Semiconductors,206.33,-16,-3,0,65,46,-21,-10,18,-7,-20,26
ACN,Accenture,249.2,55,0,-34,-2,19,-1,16,-30,21,6,25
IDXX,Idexx Laboratories,628.56,-15,0,25,6,16,-14,11,21,-10,8,24
ADSK,Autodesk,300.77,-14,-2,10,16,10,-10,-18,21,21,14,24
SPG,Simon Property Group,173.41,-20,0,12,37,29,-34,-13,19,23,-5,24
GEHC,GE HealthCare,75.0,-2,0,0,0,-2,-1,6,10,10,25,23
RF,Regions Financial Corporation,24.19,0,-12,18,24,30,-19,-23,19,16,-7,23
GEV,GE Vernova,574.01,-5,-5,7,0,-3,6,-3,22,0,25,22
O,Realty Income,57.92,-20,-1,21,9,9,-28,5,21,15,13,22
TMO,Thermo Fisher Scientific,556.33,0,23,5,0,28,-22,15,6,-5,-6,22
ALLE,Allegion,165.26,-42,0,20,23,1,-14,-11,21,24,20,21
NTAP,NetApp,115.57,-37,0,9,59,31,-26,-2,18,-3,-13,18
REGN,Regeneron Pharmaceuticals,654.06,35,4,-52,0,-13,27,3,7,-6,31,18
FITB,Fifth Third Bancorp,41.95,0,-12,11,24,23,-19,-23,18,18,-6,17
CRM,Salesforce,256.63,0,9,-24,24,9,5,11,-32,23,7,16
APTV,Aptiv,82.07,-7,57,12,-26,36,-3,-1,21,-38,-21,15
BLK,BlackRock,1097.02,-59,0,28,24,-7,-19,-3,21,23,22,15
DAY,Dayforce,68.46,0,53,11,-14,50,-19,-25,11,-2,-35,15
PAYX,Paychex,117.2,-43,-66,-7,169,53,-41,-2,-12,16,-39,14
OTIS,Otis Worldwide,92.51,13,2,-15,0,0,5,6,-25,28,14,14
DHI,D. R. Horton,149.28,-17,-3,0,67,47,-21,-26,15,-4,-36,11
CSX,CSX Corporation,35.64,-44,24,7,6,-7,-19,23,21,-8,17,10
WYNN,Wynn Resorts,119.74,-9,0,19,5,15,-17,1,21,-10,-5,10
IR,Ingersoll Rand,78.68,0,-3,-4,25,18,-5,1,-3,-2,-9,9
BRK-B,Berkshire Hathaway,478.62,-28,-2,0,64,34,-45,-10,1,28,-26,8
DHR,Danaher Corporation,215.11,-20,22,0,0,2,-19,17,14,-6,6,8
TDY,Teledyne Technologies,517.17,-49,-6,63,16,24,-47,-7,21,17,-16,8
AES,AES Corporation,14.02,-7,22,0,-13,2,-10,23,17,-26,4,6
GNRC,Generac,165.76,-9,-1,14,-36,-32,-4,12,18,12,38,6
WTW,Willis Towers Watson,317.05,-38,-2,19,26,5,-33,-9,11,31,0,5
ACGL,Arch Capital Group,86.63,-27,-12,-19,64,6,12,-8,-3,-2,-1,5
BXP,"BXP, Inc.",70.43,-10,0,9,0,-1,-14,-16,21,15,6,5
D,Dominion Energy,59.52,-31,0,25,3,-3,-24,-2,21,12,7,4
LW,Lamb Weston,62.18,-12,25,0,-10,3,-14,17,14,-16,1,4
MRK,Merck & Co.,86.26,0,23,0,0,23,-35,17,6,-8,-20,3
IP,International Paper,38.62,-14,-2,-1,18,1,-21,10,-5,18,2,3
KEY,KeyCorp,17.51,0,-12,19,6,13,-21,-23,19,15,-10,3
PNW,Pinnacle West Capital,89.57,-37,0,5,20,-12,-31,21,-4,28,14,2
SWKS,Skyworks Solutions,79.15,23,3,0,-32,-6,-9,3,18,-7,5,-1
ED,Consolidated Edison,98.18,-42,-2,-1,49,4,-36,-2,-15,47,-6,-2
CARR,Carrier Global,58.84,21,-63,-10,0,-52,23,4,-5,28,50,-2
AFL,Aflac,106.83,-83,0,12,60,-11,-45,-9,5,57,8,-3
EXE,Expand Energy,100.52,-21,9,52,0,40,-38,-7,-10,12,-43,-3
BIIB,Biogen,149.56,6,56,0,-29,33,-17,-9,8,-20,-38,-5
CRL,Charles River Laboratories,179.13,-9,22,3,-28,-12,-19,17,17,-10,5,-7
FFIV,"F5, Inc.",256.51,-23,-11,0,16,-18,-23,-6,21,19,11,-7
HBAN,Huntington Bancshares,15.32,-28,-17,20,23,-2,-24,-21,21,18,-6,-8
CTVA,Corteva,61.69,-7,-34,64,1,24,-18,-26,-2,13,-33,-9
ADM,Archer Daniels Midland,60.69,-16,0,13,0,-3,-19,13,21,-22,-7,-10
MDT,Medtronic,90.95,-42,-1,22,3,-18,-15,-6,14,15,8,-10
BEN,Franklin Resources,22.77,-2,-19,19,0,-2,-7,1,21,-24,-9,-11
CPRT,Copart,42.49,-26,-33,-24,178,95,-40,-32,-34,-1,-107,-12
UAL,United Airlines Holdings,93.41,-51,-3,12,13,-29,-16,-2,15,18,15,-14
EPAM,EPAM Systems,159.19,56,-1,-37,-29,-11,61,2,-28,-39,-4,-15
HUM,Humana,285.73,0,9,0,-14,-5,-7,12,7,-22,-10,-15
PEP,PepsiCo,147.56,-17,15,0,0,-2,-17,7,10,-15,-15,-17
SBUX,Starbucks,83.15,-2,-2,-12,0,-16,-11,5,-4,9,-1,-17
ABNB,Airbnb,126.35,0,0,-1,0,-1,-11,6,-4,-7,-16,-17
EXR,Extra Space Storage,134.83,-19,-2,-1,0,-22,-28,14,3,15,4,-18
TECH,Bio-Techne,60.93,-9,23,0,-26,-12,-21,17,6,-8,-6,-18
AOS,A. O. Smith,66.71,-27,-15,0,60,18,-28,-23,21,-7,-37,-19
CCL,Carnival,28.34,-21,-14,28,0,-7,-30,-25,19,21,-15,-22
CF,CF Industries,82.81,-11,-2,8,6,1,-18,-11,-4,10,-23,-22
KDP,Keurig Dr Pepper,27.69,-2,-2,-10,0,-14,-14,9,-2,-2,-9,-23
SLB,Schlumberger,36.32,57,6,-81,0,-18,10,1,-4,-12,-5,-23
FRT,Federal Realty Investment Trust,94.83,-20,-1,0,3,-18,-21,6,12,-3,-6,-24
AVY,Avery Dennison,175.95,0,7,-1,1,7,-23,4,-6,-7,-32,-25
VICI,Vici Properties,29.57,-24,-19,0,17,-26,-26,-31,-1,59,1,-25
NSC,Norfolk Southern,281.59,-43,0,22,6,-15,-45,-6,21,16,-14,-29
BA,Boeing,200.04,-11,-2,19,0,6,-9,-34,21,-13,-35,-29
IT,Gartner,248.41,0,-1,-32,0,-33,-14,-12,-30,59,3,-30
NCLH,Norwegian Cruise Line Holdings,22.22,-21,-11,11,0,-21,-21,-24,14,22,-9,-30
COP,ConocoPhillips,88.14,-2,-17,-5,0,-24,5,-16,13,-10,-8,-32
PSA,Public Storage,280.77,-29,-1,-1,3,-28,-44,20,21,-2,-5,-33
VRSK,Verisk Analytics,217.62,-23,-68,-7,116,18,-35,-34,-13,30,-52,-34
ON,ON Semiconductor,50.84,-21,0,0,-3,-24,-16,6,17,-17,-10,-34
DLTR,Dollar Tree,98.8,0,-1,3,-17,-15,-5,9,-1,-24,-21,-36
PM,Philip Morris International,145.77,-20,-34,0,57,3,-23,-40,-5,29,-39,-36
XYZ,"Block, Inc.",73.91,-9,-1,5,-38,-43,-11,4,15,-1,7,-36
HPQ,HP Inc.,27.51,-9,0,-36,0,-45,-5,6,10,-3,8,-37
BLDR,Builders FirstSource,111.63,-27,-15,-39,67,-14,-26,-3,11,-5,-23,-37
CI,Cigna,247.08,-8,-1,-4,0,-13,-9,-1,-14,-3,-27,-40
LII,Lennox International,495.83,-49,-48,-8,40,-65,-9,10,-6,29,24,-41
TROW,T. Rowe Price,102.2,-7,-11,5,-27,-40,-10,-6,17,-2,-1,-41
RMD,ResMed,252.34,-56,-13,28,15,-26,-42,-8,20,15,-15,-41
WDAY,"Workday, Inc.",232.88,-15,32,-21,16,12,-28,-7,-15,-4,-54,-42
CTRA,Coterra,23.4,0,-16,-16,46,14,-19,-29,-23,15,-56,-42
EL,EstÃ©e Lauder Companies (The),97.65,-11,14,3,-28,-22,-19,17,19,-37,-20,-42
VZ,Verizon,38.94,-3,-19,-2,12,-12,-5,-40,-2,16,-31,-43
VLTO,Veralto,100.38,-21,-5,13,0,-13,-25,-26,20,0,-31,-44
IEX,IDEX Corporation,170.36,14,0,-39,0,-25,10,17,-39,-8,-20,-45
ESS,Essex Property Trust,249.83,-20,-3,-5,16,-12,-22,-13,-14,16,-33,-45
FTV,Fortive,51.26,14,2,-32,1,-15,-5,4,-28,-7,-36,-51
MCHP,Microchip Technology,62.06,-21,-7,0,0,-28,-41,6,21,-9,-23,-51
DIS,Walt Disney Company (The),111.84,0,-35,26,-2,-11,-36,-31,21,5,-41,-52
HST,Host Hotels & Resorts,16.08,-20,-3,9,4,-10,-33,-22,19,-8,-44,-54
SYY,Sysco,74.69,-47,-7,18,5,-31,-46,-11,18,16,-23,-54
SW,Smurfit Westrock,36.01,-14,-35,-8,0,-57,-14,-2,-1,19,2,-55
PYPL,PayPal,67.93,-2,-1,-14,-41,-58,-10,2,-2,11,1,-57
AWK,American Water Works,126.7,-31,-4,-1,-1,-37,-47,18,-1,10,-20,-57
DRI,Darden Restaurants,178.15,-35,-31,0,63,-3,-54,-26,-7,32,-55,-58
TTD,Trade Desk (The),48.97,-14,0,-38,-3,-55,-17,19,-4,-2,-4,-59
KMB,Kimberly-Clark,120.21,7,-35,-10,20,-18,-9,-42,-22,28,-45,-63
DOC,Healthpeak Properties,17.58,-18,-2,-4,-33,-57,-21,-2,5,11,-7,-64
APA,APA Corporation,22.4,-16,0,3,-14,-27,-21,-11,16,-21,-37,-64
IPG,Interpublic Group of Companies (The),25.69,-21,0,-1,0,-22,-31,-2,9,-19,-43,-65
EIX,Edison International,55.63,-16,13,-43,0,-46,-33,5,11,-3,-20,-66
CCI,Crown Castle,91.33,-28,-3,-1,-30,-62,-26,20,-6,7,-5,-67
MDLZ,Mondelez International,57.77,-18,-6,-4,0,-28,-10,-16,-6,-11,-43,-71
TGT,Target Corporation,92.92,-2,0,-42,-13,-57,-9,6,-4,-8,-15,-72
SOLV,Solventum,69.27,-22,-18,0,0,-40,-39,-11,17,0,-33,-73
PCG,PG&E Corporation,15.9,-40,25,-41,3,-53,-40,19,4,-3,-20,-73
ABT,Abbott Laboratories,124.7,-84,-4,0,15,-73,-11,-12,7,16,0,-73
EOG,EOG Resources,105.45,-19,-30,-9,47,-11,-27,-33,-3,-1,-64,-75
PFE,Pfizer,24.31,-4,-3,0,-25,-32,-21,-10,18,-30,-43,-75
MHK,Mohawk Industries,115.53,-33,-5,0,-13,-51,-41,4,13,-3,-27,-78
VRSN,Verisign,235.53,-46,-22,0,11,-57,-8,-20,-2,9,-21,-78
GEN,Gen Digital,26.09,-18,-34,0,18,-34,-26,-36,-1,18,-45,-79
EFX,Equifax,211.49,-21,-21,-15,0,-57,-19,-21,-2,20,-22,-79
DVN,Devon Energy,32.0,-16,-15,0,-7,-38,-21,-16,20,-24,-41,-79
EG,Everest Group,309.03,-27,-3,-1,0,-31,-40,-7,5,-7,-49,-80
SJM,J.M. Smucker Company (The),102.39,-14,-9,-5,-6,-34,-14,-17,9,-25,-47,-81
AVB,AvalonBay Communities,174.7,-20,-19,-14,18,-35,-26,-19,-18,17,-46,-81
ULTA,Ulta Beauty,509.64,-99,0,23,6,-70,-19,-7,23,-11,-14,-84
APD,Air Products,244.74,-14,-28,-6,0,-48,-13,-33,-2,12,-36,-84
ZBRA,Zebra Technologies,261.05,-21,-29,-1,-9,-60,-21,-3,-1,-1,-26,-86
GPC,Genuine Parts Company,128.4,-35,-2,12,0,-25,-43,-20,21,-19,-61,-86
OMC,Omnicom Group,75.05,-21,0,-38,0,-59,-32,-2,8,-3,-29,-88
ZBH,Zimmer Biomet,99.56,-14,0,-8,-19,-41,-39,5,5,-20,-49,-90
MOS,Mosaic Company (The),27.7,-16,-15,27,-18,-22,-19,-15,-2,-32,-68,-90
MKC,McCormick & Company,64.1,-21,-6,-17,-4,-48,-38,8,-25,12,-43,-91
UPS,United Parcel Service,95.05,72,3,-117,-18,-60,30,18,-45,-36,-33,-93
DECK,Deckers Brands,80.86,-35,-26,-35,95,-1,-35,-26,-31,-1,-93,-94
CNC,Centene Corporation,35.03,14,8,-55,-13,-46,12,-6,-24,-30,-48,-94
LULU,Lululemon Athletica,168.02,-10,-2,-22,-5,-39,-19,8,-31,-14,-56,-95
DVA,DaVita,118.7,-8,-48,-14,22,-48,-3,-34,-31,21,-47,-95
AMCR,Amcor,7.84,-11,-55,-12,-1,-79,-6,5,-12,-4,-17,-96
LUV,Southwest Airlines,30.09,-42,-3,12,-41,-74,-43,16,-1,6,-22,-96
HSIC,Henry Schein,62.89,-4,-27,-16,-2,-49,-19,-28,-6,5,-48,-97
BMY,Bristol Myers Squibb,45.63,7,-21,-11,-7,-32,-35,-13,-25,7,-66,-98
ELV,Elevance Health,322.01,-17,21,-55,-4,-55,-16,-1,-21,-5,-43,-98
EQR,Equity Residential,60.34,-20,-21,-7,0,-48,-27,-25,-14,15,-51,-99
LKQ,LKQ Corporation,31.16,7,-34,-17,-4,-48,-12,4,-25,-19,-52,-100
ERIE,Erie Indemnity,309.32,-14,-43,-28,41,-44,-13,4,-46,-1,-56,-100
SWK,Stanley Black & Decker,68.59,-3,-16,-40,-41,-100,-9,3,10,-4,0,-100
TYL,Tyler Technologies,478.3,-14,-49,-5,19,-49,-17,-51,-4,20,-52,-101
CPAY,Corpay,254.89,-14,-64,-9,23,-64,-26,-33,-6,27,-38,-102
JKHY,Jack Henry & Associates,149.87,-17,-65,-14,-2,-98,-13,7,-14,13,-7,-105
CPT,Camden Property Trust,99.36,-20,-27,-6,-1,-54,-23,-28,-14,13,-52,-106
RVTY,Revvity,91.04,-9,0,-31,-26,-66,-25,22,-36,-1,-40,-106
CMG,Chipotle Mexican Grill,32.51,-34,-3,-17,0,-54,-41,-1,-15,-2,-59,-113
TXN,Texas Instruments,160.49,-49,-42,-2,24,-69,-23,-38,-2,18,-45,-114
AMT,American Tower,179.54,-21,-62,-8,-2,-93,-26,-3,-6,13,-22,-115
DXCM,Dexcom,68.17,-5,-48,-10,-16,-79,-25,4,-5,-11,-37,-116
MGM,MGM Resorts,30.71,-21,-23,-1,0,-45,-25,-35,-1,-11,-72,-117
GPN,Global Payments,78.68,-15,-2,-38,-41,-96,-18,-2,9,-12,-23,-119
DG,Dollar General,99.58,-35,-30,0,-19,-84,-49,9,33,-28,-35,-119
COO,Cooper Companies (The),70.09,-19,11,-38,-7,-53,-38,20,-43,-5,-66,-119
CSGP,CoStar Group,69.62,-14,-27,-1,-1,-43,-14,-50,-3,-11,-78,-121
MOH,Molina Healthcare,151.08,-42,-6,-24,-4,-76,-10,-6,-20,-10,-46,-122
DPZ,Domino's,403.81,-15,-62,-7,12,-72,-34,-32,-6,20,-52,-124
BALL,Ball Corporation,47.29,-14,-54,-14,-13,-95,-23,4,-4,-7,-30,-125
CDW,CDW Corporation,156.8,0,-62,-53,0,-115,2,1,-4,-10,-11,-126
ZTS,Zoetis,144.1,-9,-38,-46,-5,-98,-15,7,-13,-7,-28,-126
SBAC,SBA Communications,191.13,-18,-62,-10,-22,-112,-10,5,-9,-1,-15,-127
BDX,Becton Dickinson,179.37,-20,-3,-39,-7,-69,-45,-1,4,-17,-59,-128
TSN,Tyson Foods,51.42,-16,-19,-12,-30,-77,-9,-35,-22,13,-53,-130
MRNA,Moderna,28.16,5,0,-66,-6,-67,-17,1,-6,-41,-63,-130
FDS,FactSet,268.94,-14,-73,-16,-2,-105,-11,3,-14,-3,-25,-130
OKE,Oneok,66.74,-13,-64,-24,56,-45,-33,-16,-36,-1,-86,-131
PPG,PPG Industries,97.42,-13,-29,-57,-10,-109,-12,2,-4,-10,-24,-133
AKAM,Akamai Technologies,73.92,-2,-2,-37,-9,-50,-9,-27,-37,-12,-85,-135
EMN,Eastman Chemical Company,59.71,-9,-29,-32,-3,-73,-14,2,-46,-4,-62,-135
NKE,"Nike, Inc.",64.89,-17,-18,-1,-23,-59,-19,-38,18,-38,-77,-136
OXY,Occidental Petroleum,40.71,-17,-16,-66,-1,-100,-21,-14,17,-18,-36,-136
ADBE,Adobe Inc.,339.18,-14,-2,-47,-8,-71,-10,2,-51,-7,-66,-137
CL,Colgate-Palmolive,76.53,-30,-81,-17,25,-103,-38,-2,-25,28,-37,-140
DOW,Dow Inc.,23.79,0,-1,-54,-3,-58,-8,5,-69,-10,-82,-140
IFF,International Flavors & Fragrances,63.13,-9,-2,-34,-33,-78,-21,6,-46,-3,-64,-142
HSY,Hershey Company (The),171.2,-75,-2,15,-1,-63,-68,-8,15,-21,-82,-145
UDR,"UDR, Inc.",33.62,-28,-65,-9,-2,-104,-38,-3,-16,15,-42,-146
CPB,Campbell's Company (The),30.28,-14,-3,-43,-8,-68,-9,-18,-50,-7,-84,-152
INVH,Invitation Homes,28.43,-20,-70,-19,0,-109,-27,-2,-14,-1,-44,-153
ODFL,Old Dominion,137.26,-3,-66,-37,0,-106,-5,2,-42,-3,-48,-154
GDDY,GoDaddy,126.74,-15,-80,-14,24,-85,-37,-27,-30,24,-70,-155
MTCH,Match Group,32.27,-14,-19,3,-39,-69,-35,-27,16,-40,-86,-155
MAA,Mid-America Apartment Communities,128.77,-24,-66,-8,-1,-99,-28,-30,-19,13,-64,-163
FIS,Fidelity National Information Services,62.39,-27,-62,-13,-39,-141,-26,-2,-8,13,-23,-164
FI,Fiserv,65.14,-14,-79,-25,-1,-119,-10,-39,-26,29,-46,-165
ALGN,Align Technology,138.54,7,0,-78,-27,-98,-26,10,-14,-40,-70,-168
PSKY,Paramount Skydance Corporation,15.46,-137,0,12,-41,-166,-19,-10,23,3,-3,-169
PAYC,Paycom,185.19,-26,-48,-1,-26,-101,-17,-51,-5,1,-72,-173
POOL,Pool Corporation,277.14,-29,-27,-34,-8,-98,-40,-23,-3,-11,-77,-175
KVUE,Kenvue,14.25,-21,-48,-9,0,-78,-35,-58,-14,5,-102,-180
CHTR,Charter Communications,230.97,-14,-11,-15,-38,-78,-76,-11,-15,-3,-105,-183
KMX,CarMax,41.85,-11,-30,-30,-38,-109,-10,-28,-34,-2,-74,-183
TAP,Molson Coors Beverage Company,43.67,-42,-37,-24,-2,-105,-54,-1,-25,-5,-85,-190
ARE,Alexandria Real Estate Equities,56.37,-21,-17,-48,-32,-118,-24,-19,6,-37,-74,-192
GIS,General Mills,47.05,-37,-6,-52,-6,-101,-9,-13,-48,-21,-91,-192
WY,Weyerhaeuser,23.51,-14,-35,-34,-1,-84,-14,-39,-46,-10,-109,-193
HRL,Hormel Foods,21.27,-18,-75,-21,-25,-139,-14,-2,-8,-32,-56,-195
CHD,Church & Dwight,81.75,-42,-68,-27,0,-137,-39,-31,-25,27,-68,-205
CLX,Clorox,112.46,-44,-19,-28,-7,-98,-49,-23,-38,-1,-111,-209
KHC,Kraft Heinz,24.59,-14,-39,-53,-2,-108,-10,-57,-25,-12,-104,-212
CAG,Conagra Brands,17.43,-21,-19,-43,-9,-92,-38,-38,-25,-25,-126,-218
BF-B,Brownâ€“Forman,26.67,-14,-3,-114,-20,-151,-9,3,-46,-30,-82,-233
LYB,LyondellBasell,45.17,-7,-64,-55,-7,-133,-12,-29,-69,-9,-119,-252
BAX,Baxter International,19.17,-13,-81,-34,-40,-168,-15,-1,-25,-43,-84,-252
CMCSA,Comcast,27.31,-44,-67,-46,-11,-168,-39,-31,-13,-10,-93,-261
STZ,Constellation Brands,128.85,-42,-48,-56,-5,-151,-52,-3,-72,-10,-137,-288
