Symbol,Name,Close,1H Cloud Score,1D Cloud Score,1W Cloud Score,1M Cloud Score,Cloud Score Sum,1H TKx Score,1D TKx Score,1W TKx Score,1M TKx Score,TKx Score Sum,Total Score Sum
TJX,TJX Companies,140.82,8,28,152,199,387,5,32,121,194,352,739
ORLY,Oâ€™Reilly Automotive,107.8,77,39,167,200,483,42,45,58,90,235,718
AZO,AutoZone,4353.8,126,38,98,87,349,40,45,58,58,201,550
MSI,Motorola Solutions,490.21,70,40,5,154,269,11,50,5,186,252,521
WELL,Welltower,168.44,28,82,120,59,289,-4,43,137,25,201,490
GOOGL,Alphabet Inc. (Class A),240.35,98,74,12,177,361,45,48,9,22,124,485
GOOG,Alphabet Inc. (Class C),240.72,98,74,11,177,360,45,48,8,22,123,483
JPM,JPMorgan Chase,305.49,8,87,127,159,381,11,12,14,27,64,445
LYV,Live Nation Entertainment,174.07,28,86,98,148,360,28,24,13,17,82,442
HWM,Howmet Aerospace,184.29,42,2,152,30,226,42,2,96,58,198,424
GS,Goldman Sachs,784.67,30,85,96,59,270,21,96,14,22,153,423
WRB,W. R. Berkley Corporation,73.8,7,11,98,177,293,18,24,28,56,126,419
FAST,Fastenal,47.3,-35,107,127,107,306,9,51,20,27,107,413
ROL,"Rollins, Inc.",58.24,7,1,35,287,330,24,-7,27,36,80,410
MS,Morgan Stanley,156.48,23,85,80,65,253,20,96,14,17,147,400
STX,Seagate Technology,197.75,97,85,18,23,223,46,96,14,19,175,398
YUM,Yum! Brands,149.15,18,1,32,260,311,31,1,-6,58,84,395
PLTR,Palantir Technologies,164.34,21,98,120,0,239,24,-13,123,21,155,394
HUBB,Hubbell Incorporated,450.94,15,83,5,183,286,11,14,10,72,107,393
GLW,Corning Inc.,75.47,98,84,23,18,223,47,91,12,15,165,388
NEM,Newmont,79.65,110,109,23,6,248,33,71,23,11,138,386
NDAQ,"Nasdaq, Inc.",95.88,24,91,80,145,340,25,-9,14,15,45,385
RSG,Republic Services,232.33,2,-31,128,178,277,5,-56,-5,161,105,382
APH,Amphenol,119.48,32,98,23,66,219,21,100,14,28,163,382
ETR,Entergy,89.85,8,43,80,138,269,12,-8,93,15,112,381
WDC,Western Digital,96.16,98,85,16,19,218,47,96,14,4,161,379
MCD,McDonald's,308.37,-16,21,56,243,304,-30,41,2,58,71,375
SO,Southern Company,92.14,0,0,80,191,271,7,-10,27,80,104,375
NRG,NRG Energy,157.89,24,-1,107,95,225,25,-18,117,22,146,371
AVGO,Broadcom,359.62,43,88,23,117,271,45,5,14,31,95,366
BK,BNY Mellon,105.59,7,87,98,41,233,5,91,14,20,130,363
MA,Mastercard,588.72,-35,30,130,156,281,3,37,14,27,81,362
WM,Waste Management,220.47,-35,-14,99,188,238,-47,-20,31,160,124,362
CDNS,Cadence Design Systems,354.78,6,1,21,142,170,2,-10,14,181,187,357
DUK,Duke Energy,122.1,1,41,80,184,306,11,-5,26,17,49,355
ANET,Arista Networks,153.02,70,70,11,59,210,12,66,10,57,145,355
COST,Costco,964.48,7,0,0,181,188,-5,-7,-6,185,167,355
BSX,Boston Scientific,104.36,-14,0,148,145,279,-12,9,14,58,69,348
IBM,IBM,256.98,43,-30,113,55,181,42,4,60,57,163,344
BR,Broadridge Financial Solutions,254.82,5,38,118,146,307,4,-7,14,26,37,344
AME,Ametek,192.01,40,30,8,107,185,11,30,14,102,157,342
SPGI,S&P Global,550.72,7,85,20,173,285,25,-8,12,22,51,336
ATO,Atmos Energy,166.34,7,25,78,46,156,2,41,89,46,178,334
MCO,Moody's Corporation,518.54,17,85,20,157,279,25,-8,12,26,55,334
FICO,Fair Isaac,1596.72,101,0,-10,167,258,66,9,-32,32,75,333
LOW,Lowe's,272.33,48,37,4,167,256,1,49,5,20,75,331
L,Loews Corporation,98.08,6,85,116,56,263,7,20,14,25,66,329
RTX,RTX Corporation,157.66,0,84,81,55,220,5,-1,88,15,107,327
GD,General Dynamics,329.62,8,107,12,55,182,10,62,14,58,144,326
COR,Cencora,302.71,23,8,48,76,155,22,17,59,69,167,322
CBRE,CBRE Group,165.85,34,69,96,23,222,7,65,12,15,99,321
DTE,DTE Energy,136.75,1,1,78,190,270,7,-7,31,14,45,315
DRI,Darden Restaurants,213.4,43,0,48,62,153,63,14,52,31,160,313
WMT,Walmart,102.64,44,9,131,102,286,-4,-13,14,30,27,313
ITW,Illinois Tool Works,266.29,1,56,6,179,242,5,20,11,30,66,308
HD,Home Depot (The),423.24,8,37,5,181,231,1,50,6,20,77,308
ICE,Intercontinental Exchange,176.2,2,-9,116,162,271,4,-15,26,22,37,308
ORCL,Oracle Corporation,307.74,30,2,15,199,246,35,-16,14,28,61,307
STE,Steris,252.55,7,24,18,196,245,-7,17,26,26,62,307
LIN,Linde plc,483.59,6,28,17,111,162,22,1,14,107,144,306
BX,Blackstone Inc.,183.81,30,56,8,143,237,35,3,9,22,69,306
PGR,Progressive Corporation,248.82,5,-65,0,178,118,9,-5,-7,190,187,305
HIG,Hartford (The),133.21,2,27,98,58,185,5,31,25,57,118,303
TRV,Travelers Companies (The),279.37,5,21,95,59,180,5,32,28,57,122,302
KLAC,KLA Corporation,959.29,35,4,18,178,235,36,-11,14,27,66,301
AXON,Axon Enterprise,751.54,1,-1,149,95,244,25,-15,14,31,55,299
PANW,Palo Alto Networks,198.29,133,5,3,82,223,-4,6,14,58,74,297
EBAY,eBay Inc.,92.45,6,94,81,15,196,3,-5,86,17,101,297
C,Citigroup,98.82,25,85,23,19,152,21,95,14,15,145,297
RJF,Raymond James Financial,171.06,7,84,96,59,246,9,7,11,20,47,293
AAPL,Apple Inc.,230.02,-14,52,0,252,290,-23,20,6,-1,2,292
MNST,Monster Beverage,63.79,7,24,30,181,242,19,2,23,5,49,291
ALL,Allstate,202.43,-34,30,101,160,257,6,-5,15,18,34,291
URI,United Rentals,958.71,0,85,11,65,161,3,56,12,58,129,290
CHD,Church & Dwight,94.41,0,-33,-20,345,292,-19,9,-18,26,-2,290
FFIV,"F5, Inc.",334.69,30,84,98,15,227,37,-8,14,18,61,288
GILD,Gilead Sciences,117.85,28,79,55,36,198,45,-7,12,40,90,288
RL,Ralph Lauren Corporation,316.28,2,87,98,35,222,8,16,14,27,65,287
T,AT&T,29.49,5,25,74,17,121,19,27,98,16,160,281
CBOE,Cboe Global Markets,236.34,0,0,148,56,204,10,-11,26,52,77,281
LHX,L3Harris,280.63,9,107,16,6,138,10,100,16,15,141,279
RCL,Royal Caribbean Group,349.94,-19,85,125,29,220,3,13,14,28,58,278
MPWR,Monolithic Power Systems,840.96,0,85,7,158,250,-12,29,14,-3,28,278
TKO,TKO Group Holdings,202.36,53,23,75,41,192,4,16,14,51,85,277
ADI,Analog Devices,248.16,0,16,15,180,211,9,16,14,27,66,277
VRSN,Verisign,289.26,77,1,40,10,128,74,6,56,8,144,272
PTC,PTC Inc.,206.94,-21,84,10,183,256,-22,-1,11,27,15,271
PM,Philip Morris International,167.9,12,0,74,56,142,17,-5,89,28,129,271
COF,Capital One,224.28,7,91,98,22,218,9,11,14,19,53,271
LLY,Lilly (Eli),756.06,24,-32,-7,173,158,17,7,-11,97,110,268
AJG,Arthur J. Gallagher & Co.,300.53,0,0,0,187,187,-35,13,-6,108,80,267
HPE,Hewlett Packard Enterprise,24.86,34,81,5,43,163,20,18,11,55,104,267
PNR,Pentair,112.6,38,85,13,63,199,9,22,12,25,68,267
TEL,TE Connectivity,212.4,40,91,20,63,214,11,6,14,19,50,264
V,Visa Inc.,343.53,-34,-5,141,134,236,-28,14,14,27,27,263
NTAP,NetApp,125.08,98,28,2,58,186,47,20,11,-2,76,262
CAT,Caterpillar Inc.,431.34,7,84,12,65,168,14,9,12,58,93,261
DASH,DoorDash,260.2,31,84,101,0,216,28,-16,14,19,45,261
PH,Parker Hannifin,769.17,14,86,21,66,187,11,17,14,31,73,260
NI,NiSource,41.14,10,0,78,46,134,23,-6,93,15,125,259
SHW,Sherwin-Williams,368.46,0,28,5,191,224,-20,20,14,20,34,258
NFLX,Netflix,1202.92,-7,-1,120,21,133,-5,16,91,21,123,256
TMUS,T-Mobile US,241.32,-30,24,98,140,232,-37,37,-12,36,24,256
EVRG,Evergy,72.32,10,66,62,15,153,12,-4,81,11,100,253
SRE,Sempra,83.46,8,40,4,182,234,12,-5,12,-2,17,251
CAH,Cardinal Health,152.5,22,-15,59,39,105,32,4,52,58,146,251
ABBV,AbbVie,220.19,7,37,21,59,124,9,44,7,65,125,249
LDOS,Leidos,185.15,14,97,6,24,141,14,54,17,20,105,246
CMI,Cummins,410.97,14,57,9,66,146,11,48,10,31,100,246
LRCX,Lam Research,115.51,31,7,13,153,204,37,-4,14,-6,41,245
WMB,Williams Companies,59.31,14,-27,116,53,156,16,1,14,58,89,245
BKR,Baker Hughes,46.97,104,39,8,36,187,14,8,8,27,57,244
J,Jacobs Solutions,148.76,7,83,10,107,207,7,-1,11,20,37,244
TPR,"Tapestry, Inc.",106.87,12,85,84,22,203,5,2,12,20,39,242
GE,GE Aerospace,281.46,14,96,23,28,161,10,7,34,30,81,242
ETN,Eaton Corporation,360.06,14,0,12,115,141,14,2,12,73,101,242
GRMN,Garmin,241.2,7,58,116,20,201,-11,19,10,22,40,241
CINF,Cincinnati Financial,156.74,7,28,89,63,187,4,19,14,16,53,240
VMC,Vulcan Materials Company,301.62,38,37,10,61,146,7,45,14,28,94,240
CNP,CenterPoint Energy,38.05,16,39,53,46,154,31,-9,47,16,85,239
ALLE,Allegion,177.17,8,97,13,22,140,7,53,14,23,97,237
DGX,Quest Diagnostics,183.51,22,24,72,19,137,-10,22,72,15,99,236
AIZ,Assurant,213.2,0,26,5,153,184,1,22,6,20,49,233
HLT,Hilton Worldwide,278.18,7,85,20,65,177,1,15,12,27,55,232
MCK,McKesson Corporation,719.26,23,1,46,59,129,22,13,-1,68,102,231
IBKR,Interactive Brokers,63.34,7,3,93,58,161,11,-12,12,58,69,230
CTAS,Cintas,204.44,-136,-19,23,168,36,2,-14,17,188,193,229
IVZ,Invesco,22.53,30,61,11,3,105,42,57,11,14,124,229
ULTA,Ulta Beauty,522.36,1,95,16,5,117,7,98,16,-10,111,228
PWR,Quanta Services,389.72,14,0,21,100,135,25,-21,14,73,91,226
NVDA,Nvidia,177.09,14,3,18,135,170,25,-11,14,27,55,225
TTWO,Take-Two Interactive,246.44,71,8,49,14,142,-3,15,49,21,82,224
BRK-B,Berkshire Hathaway,496.82,-19,11,128,63,183,2,19,-9,27,39,222
PHM,PulteGroup,138.62,7,58,5,66,136,-17,62,10,30,85,221
NVR,"NVR, Inc.",8538.15,7,54,2,66,129,5,50,7,30,92,221
VLO,Valero Energy,157.55,134,14,4,45,197,3,13,13,-6,23,220
WEC,WEC Energy Group,109.71,19,41,59,14,133,16,-13,72,12,87,220
MO,Altria,66.36,-33,38,74,46,125,12,31,30,17,90,215
MLM,Martin Marietta Materials,631.17,8,40,10,61,119,7,45,14,28,94,213
KMI,Kinder Morgan,27.56,14,-26,96,45,129,15,1,12,53,81,210
AON,Aon plc,372.21,2,1,0,178,181,-30,-2,1,57,26,207
XEL,Xcel Energy,72.83,7,41,55,13,116,8,10,63,10,91,207
EXPD,Expeditors International,123.31,10,30,5,132,177,2,21,10,-4,29,206
VTR,Ventas,69.44,20,41,76,23,160,26,-5,8,16,45,205
TT,Trane Technologies,414.87,0,-11,20,165,174,11,-24,14,30,31,205
SYK,Stryker Corporation,388.7,-14,1,21,160,168,-14,8,12,30,36,204
EXPE,Expedia Group,221.35,8,58,53,12,131,23,24,10,15,72,203
STT,State Street Corporation,112.89,-18,87,21,17,107,-25,92,13,15,95,202
WSM,"Williams-Sonoma, Inc.",204.24,41,51,12,66,170,7,-3,6,22,32,202
CVX,Chevron Corporation,158.25,2,47,11,49,109,12,68,5,7,92,201
TDY,Teledyne Technologies,565.8,20,84,56,15,175,11,-16,14,16,25,200
LMT,Lockheed Martin,470.73,40,11,-33,166,184,12,13,-8,-3,14,198
LVS,Las Vegas Sands,54.69,0,85,10,3,98,12,91,11,-15,99,197
PG,Procter & Gamble,158.63,0,0,-10,180,170,1,17,-18,27,27,197
AXP,American Express,329.31,6,14,21,100,141,7,14,12,22,55,196
CPRT,Copart,48.87,9,0,-17,177,169,4,19,-27,29,25,194
SPG,Simon Property Group,183.91,7,54,5,36,102,5,53,12,22,92,194
JBL,Jabil,214.2,35,0,23,66,124,14,-19,15,58,68,192
AMGN,Amgen,282.71,0,-6,-2,166,158,2,-7,2,37,34,192
DHI,D. R. Horton,181.02,7,58,5,66,136,-13,62,8,-3,54,190
HST,Host Hotels & Resorts,17.68,139,17,2,3,161,9,14,12,-7,28,189
WFC,Wells Fargo,81.23,6,1,96,30,133,12,9,14,20,55,188
AEE,Ameren,100.31,1,41,61,14,117,1,-7,66,11,71,188
BLK,BlackRock,1134.29,7,84,21,23,135,21,-5,14,22,52,187
MSFT,Microsoft,501.2,-35,-4,20,174,155,9,-18,14,26,31,186
MAS,Masco,75.22,7,51,0,66,124,-16,51,5,22,62,186
TDG,TransDigm Group,1293.06,0,-21,1,158,138,-2,-22,14,58,48,186
BKNG,Booking Holdings,5488.58,-14,-2,140,36,160,-14,-2,14,27,25,185
GM,General Motors,58.7,7,67,11,12,97,4,59,11,14,88,185
PCAR,Paccar,101.74,7,6,-26,160,147,5,-5,1,35,36,183
SYF,Synchrony Financial,76.03,1,85,21,22,129,3,20,12,19,54,183
INTU,Intuit,660.01,-14,-16,21,192,183,-16,-22,14,21,-3,180
GL,Globe Life,142.46,7,37,49,15,108,16,36,8,9,69,177
HII,Huntington Ingalls Industries,275.72,8,124,12,7,151,10,4,20,-10,24,175
KEY,KeyCorp,19.16,14,85,12,5,116,19,14,12,14,59,175
KO,Coca-Cola Company (The),67.6,-41,-14,32,183,160,6,-7,-2,15,12,172
HCA,HCA Healthcare,402.81,-13,24,7,98,116,-20,24,20,30,54,170
NWS,News Corp (Class B),32.28,-19,-3,116,59,153,-13,-7,14,22,16,169
JCI,Johnson Controls,107.82,14,2,79,20,115,14,7,14,19,54,169
DE,Deere & Company,476.47,0,-15,53,110,148,-12,-28,49,11,20,168
PEG,Public Service Enterprise Group,82.03,1,-7,0,153,147,10,-15,8,18,21,168
PPL,PPL Corporation,35.99,-87,43,80,24,60,5,-4,92,15,108,168
NTRS,Northern Trust,129.48,2,85,20,12,119,-7,27,14,14,48,167
RF,Regions Financial Corporation,27.02,-6,84,11,23,112,7,21,12,15,55,167
GWW,W. W. Grainger,1015.66,4,1,-7,95,93,8,13,-5,58,74,167
AMAT,Applied Materials,170.15,30,-19,-5,150,156,35,-30,12,-6,11,167
MDT,Medtronic,94.25,7,52,15,2,76,3,66,7,14,90,166
UNP,Union Pacific Corporation,216.02,-35,-13,-10,199,141,2,-5,8,20,25,166
AFL,Aflac,108.68,7,21,5,59,92,9,20,-12,56,73,165
MMM,3M,159.46,7,6,78,15,106,9,19,14,15,57,163
CCL,Carnival,32.47,7,84,21,2,114,3,14,12,20,49,163
CME,CME Group,262.37,-41,-19,58,137,135,-33,-14,54,20,27,162
LNT,Alliant Energy,64.64,0,45,72,15,132,5,-4,14,14,29,161
VICI,Vici Properties,33.14,-28,16,62,16,66,2,8,27,58,95,161
NOC,Northrop Grumman,582.67,0,52,14,59,125,5,-4,21,13,35,160
XYL,Xylem Inc.,141.78,0,85,12,23,120,7,-4,14,23,40,160
O,Realty Income,60.15,22,29,14,8,73,40,19,14,14,87,160
EMR,Emerson Electric,137.44,18,0,20,65,103,14,1,14,27,56,159
META,Meta Platforms,750.75,0,85,21,30,136,-6,-8,12,24,22,158
SYY,Sysco,81.02,-14,72,11,4,73,-26,85,11,15,85,158
KR,Kroger,67.2,-3,-11,83,68,137,-35,-14,54,16,21,158
TSLA,"Tesla, Inc.",368.8,35,24,2,11,72,37,30,8,11,86,158
LH,Labcorp,279.76,7,35,59,16,117,-13,22,12,19,40,157
HAS,Hasbro,79.94,0,85,18,4,107,2,21,14,12,49,156
KKR,KKR & Co.,144.99,14,1,1,104,120,23,-21,10,22,34,154
XOM,ExxonMobil,112.14,5,4,1,45,55,18,13,13,51,95,150
AEP,American Electric Power,108.69,0,0,77,24,101,12,-6,27,15,48,149
MU,Micron Technology,150.54,42,11,2,23,78,42,20,14,-6,70,148
D,Dominion Energy,60.01,8,83,18,2,111,15,-4,14,11,36,147
CHRW,C.H. Robinson,131.0,7,53,7,5,72,10,46,10,9,75,147
LEN,Lennar,140.07,7,41,0,65,113,-17,50,5,-4,34,147
CB,Chubb Limited,282.97,7,1,6,59,73,7,17,-8,57,73,146
AMP,Ameriprise Financial,500.96,0,-9,0,65,56,9,-5,12,72,88,144
VST,Vistra Corp.,204.07,21,2,23,31,77,25,-16,12,46,67,144
MMC,Marsh McLennan,203.39,-86,-66,-7,176,17,-34,-4,-15,179,126,143
SNA,Snap-on,332.11,7,6,2,60,75,5,-2,7,58,68,143
UAL,United Airlines Holdings,109.32,14,58,5,12,89,7,22,8,17,54,143
SNPS,Synopsys,438.09,-14,-2,-1,181,164,-14,-14,12,-6,-22,142
ADSK,Autodesk,324.52,70,9,3,15,97,1,9,14,20,44,141
ROST,Ross Stores,151.1,0,28,4,36,68,2,37,3,30,72,140
JNJ,Johnson & Johnson,178.5,2,51,12,8,73,1,49,9,7,66,139
F,Ford Motor Company,11.76,0,99,6,0,105,4,19,14,-6,31,136
ADM,Archer Daniels Midland,61.37,-13,86,6,0,79,1,62,14,-21,56,135
INCY,Incyte,86.15,0,71,7,1,79,3,35,10,8,56,135
FSLR,First Solar,203.53,0,50,0,63,113,9,5,14,-7,21,134
FE,FirstEnergy,43.59,1,38,10,56,105,2,-3,14,15,28,133
MET,MetLife,80.33,2,16,0,59,77,9,16,12,19,56,133
IRM,Iron Mountain,98.83,22,0,-7,58,73,35,-47,14,57,59,132
WYNN,Wynn Resorts,123.85,2,87,12,4,105,7,15,14,-9,27,132
CFG,Citizens Financial Group,51.74,-5,73,12,5,85,-1,20,11,15,45,130
UBER,Uber,94.67,16,4,22,0,42,23,17,20,27,87,129
DOV,Dover Corporation,178.0,0,-10,-7,107,90,7,-1,10,20,36,126
DAL,Delta Air Lines,60.43,-20,57,5,20,62,9,22,6,27,64,126
PFG,Principal Financial Group,82.07,7,14,1,56,78,9,9,11,19,48,126
NOW,ServiceNow,938.37,31,-25,0,83,89,-2,4,12,23,37,126
BAC,Bank of America,50.73,8,18,21,19,66,15,15,14,15,59,125
PNC,PNC Financial Services,202.75,-20,75,6,15,76,5,16,11,15,47,123
FITB,Fifth Third Bancorp,45.26,-6,61,4,23,82,-5,18,11,17,41,123
AMD,Advanced Micro Devices,155.61,0,0,2,111,113,14,-11,14,-8,9,122
KEYS,Keysight Technologies,172.35,41,7,2,1,51,46,7,12,6,71,122
FTNT,Fortinet,80.9,32,-29,-6,114,111,33,-31,-6,14,10,121
BLDR,Builders FirstSource,146.52,7,51,-32,66,92,6,21,4,-4,27,119
CMS,CMS Energy,71.67,1,0,80,24,105,6,-10,2,15,13,118
IDXX,Idexx Laboratories,645.16,7,92,18,5,122,-6,-3,14,-9,-4,118
USB,U.S. Bancorp,49.33,23,18,4,5,50,21,19,11,16,67,117
APO,Apollo Global Management,136.36,8,-17,-5,98,84,22,-29,10,27,30,114
WTW,Willis Towers Watson,340.56,7,30,12,25,74,5,1,4,30,40,114
MHK,Mohawk Industries,139.76,7,47,2,0,56,2,51,6,-2,57,113
VLTO,Veralto,109.05,8,85,6,0,99,6,-5,13,0,14,113
PRU,Prudential Financial,107.0,1,17,-17,56,57,8,20,8,20,56,113
MSCI,MSCI Inc.,585.33,8,4,1,15,28,31,21,11,21,84,112
PKG,Packaging Corporation of America,217.07,1,15,2,62,80,-19,15,7,27,30,110
PODD,Insulet Corporation,337.9,-2,22,49,5,74,-6,17,18,7,36,110
NCLH,Norwegian Cruise Line Holdings,26.94,8,56,4,0,68,7,5,7,21,40,108
ADP,Automatic Data Processing,297.36,-85,-8,1,181,89,-32,-21,14,58,19,108
CSCO,Cisco,67.67,0,0,52,15,67,14,-14,14,26,40,107
AOS,A. O. Smith,74.3,17,7,0,59,83,7,9,14,-6,24,107
STLD,Steel Dynamics,134.0,14,2,4,56,76,5,13,14,-1,31,107
FOXA,Fox Corporation (Class A),58.72,-21,21,72,2,74,-13,17,12,15,31,105
ECL,Ecolab,274.9,0,28,20,23,71,1,-2,14,20,33,104
TER,Teradyne,115.57,-20,56,0,3,39,-24,86,7,-6,63,102
MAR,Marriott International,267.88,6,0,0,59,65,-16,13,11,28,36,101
HON,Honeywell,215.29,0,-20,4,179,163,-69,-32,14,23,-64,99
GPC,Genuine Parts Company,142.72,7,38,5,0,50,8,45,14,-18,49,99
GNRC,Generac,187.67,10,69,7,-35,51,31,-5,11,11,48,99
FOX,Fox Corporation (Class B),52.82,-21,21,71,2,73,-13,17,11,10,25,98
UHS,Universal Health Services,190.8,42,17,0,23,82,4,21,-8,-2,15,97
EFX,Equifax,260.27,8,1,0,17,26,35,1,14,19,69,95
MPC,Marathon Petroleum,182.3,12,11,3,50,76,3,11,14,-9,19,95
NWSA,News Corp (Class A),29.54,3,1,13,59,76,-13,-5,14,22,18,94
TRMB,Trimble Inc.,82.82,7,1,83,5,96,-10,-17,12,13,-2,94
EOG,EOG Resources,119.67,-34,2,-2,46,12,9,14,7,52,82,94
FCX,Freeport-McMoRan,45.92,0,8,2,59,69,5,13,14,-7,25,94
HBAN,Huntington Bancshares,17.74,2,14,13,22,51,-2,14,14,17,43,94
ABT,Abbott Laboratories,132.65,0,14,60,14,88,1,-2,-8,15,6,94
AMZN,Amazon,229.96,0,7,21,22,50,-6,17,11,21,43,93
ED,Consolidated Edison,97.69,0,-12,32,48,68,2,-15,-8,46,25,93
EA,Electronic Arts,169.83,1,31,8,8,48,5,-2,20,22,45,93
WAB,Wabtec,192.15,-13,-21,4,50,20,1,-1,14,57,71,91
VZ,Verizon,44.13,4,25,34,11,74,3,-5,4,15,17,91
CI,Cigna,305.68,11,4,0,59,74,4,19,-7,-2,14,88
CTVA,Corteva,72.96,0,1,57,0,58,-12,16,14,12,30,88
KIM,Kimco Realty,22.47,-13,22,3,56,68,-23,14,12,15,18,86
PSX,Phillips 66,132.52,7,14,0,42,63,2,14,13,-6,23,86
APTV,Aptiv,83.72,42,22,5,-25,44,47,18,14,-37,42,86
TSCO,Tractor Supply,60.02,-50,1,11,86,48,-54,-2,8,86,38,86
EXR,Extra Space Storage,148.31,49,4,-7,0,46,6,5,14,14,39,85
DD,DuPont,77.97,7,56,-7,20,76,-14,14,11,-4,7,83
REG,Regency Centers,72.21,-13,17,9,54,67,-24,6,14,20,16,83
VRSK,Verisk Analytics,266.08,-14,-33,0,115,68,-12,3,-6,29,14,82
EXC,Exelon,43.51,0,0,59,15,74,9,-7,-5,11,8,82
MTCH,Match Group,38.02,5,69,8,-38,44,-12,77,9,-39,35,79
SCHW,Charles Schwab Corporation,93.94,-35,0,81,12,58,3,-12,14,15,20,78
VRTX,Vertex Pharmaceuticals,397.39,2,-27,-6,105,74,-26,2,-10,38,4,78
ROP,Roper Technologies,517.34,-20,-29,-6,183,128,-26,-46,-5,27,-50,78
ACGL,Arch Capital Group,92.29,1,1,-12,63,53,2,21,-5,-1,17,70
TFC,Truist Financial,45.28,-20,59,5,5,49,-26,20,11,15,20,69
TXT,Textron,82.25,8,1,0,54,63,-13,9,14,-6,4,67
CEG,Constellation Energy,318.0,14,-1,20,0,33,14,-16,14,20,32,65
EQT,EQT Corporation,50.96,-35,-29,45,43,24,-19,4,45,11,41,65
EQR,Equity Residential,66.86,39,1,0,14,54,-5,8,-7,14,10,64
WBD,Warner Bros. Discovery,16.16,32,1,16,-43,6,43,1,12,1,57,63
MTB,M&T Bank,197.84,-13,14,5,23,29,-7,14,12,15,34,63
SMCI,Supermicro,43.97,16,-9,-4,59,62,22,-21,9,-10,0,62
BBY,Best Buy,78.45,43,22,-28,0,37,7,19,2,-3,25,62
DLR,Digital Realty,174.64,14,0,1,23,38,14,-25,14,20,23,61
TROW,T. Rowe Price,105.69,-16,70,2,-26,30,-33,54,10,-1,30,60
CRWD,CrowdStrike,433.38,7,-25,49,0,31,31,-39,14,21,27,58
INTC,Intel,24.6,10,21,0,-21,10,37,20,4,-13,48,58
TRGP,Targa Resources,165.18,6,-5,0,52,53,14,-41,-24,55,4,57
WST,West Pharmaceutical Services,263.74,44,5,-31,-8,10,44,6,5,-9,46,56
GEN,Gen Digital,29.67,0,1,19,17,37,-12,-1,14,17,18,55
ROK,Rockwell Automation,350.55,7,1,19,16,43,-8,17,14,-12,11,54
NDSN,Nordson Corporation,227.97,7,15,0,2,24,5,19,14,-8,30,54
EIX,Edison International,56.21,3,29,-36,0,-4,12,43,4,-2,57,53
HSY,Hershey Company (The),185.54,0,51,8,0,59,1,5,8,-20,-6,53
GEV,GE Vernova,634.35,14,4,0,0,18,31,-11,15,0,35,53
UNH,UnitedHealth Group,353.66,47,7,-22,0,32,39,19,-35,-2,21,53
EQIX,Equinix,797.67,17,0,-12,35,40,16,-18,-12,27,13,53
MTD,Mettler Toledo,1281.42,0,70,-27,0,43,-13,20,8,-6,9,52
CTRA,Coterra,24.36,1,0,-9,45,37,10,7,-16,14,15,52
CVS,CVS Health,74.67,6,20,14,0,40,13,24,4,-29,12,52
BXP,"BXP, Inc.",76.21,7,11,2,1,21,5,12,14,-1,30,51
ES,Eversource Energy,65.04,14,0,19,-11,22,18,-7,14,3,28,50
FRT,Federal Realty Investment Trust,101.78,7,17,-1,2,25,2,17,5,-2,22,47
PLD,Prologis,114.83,7,14,3,0,24,1,13,14,-6,22,46
RMD,ResMed,274.65,0,0,21,14,35,-12,-5,13,14,10,45
COIN,Coinbase,324.0,21,-13,13,0,21,21,-29,13,19,24,45
DELL,Dell Technologies,125.37,0,0,0,33,33,11,-9,14,-5,11,44
DECK,Deckers Brands,117.84,-20,11,-28,94,57,-30,8,-24,32,-14,43
APD,Air Products,294.49,6,1,0,17,24,3,-2,6,11,18,42
NUE,Nucor,143.73,-26,62,0,4,40,-24,21,11,-9,-1,39
QCOM,Qualcomm,161.5,8,12,-29,23,14,4,14,12,-6,24,38
DDOG,Datadog,139.16,25,0,3,0,28,-2,2,11,-1,10,38
LII,Lennox International,567.29,1,-13,0,39,27,1,-26,8,28,11,38
PNW,Pinnacle West Capital,88.36,-91,-10,72,19,-10,1,-8,26,27,46,36
SWK,Stanley Black & Decker,79.53,35,51,-33,-40,13,1,20,3,-3,21,34
NEE,NextEra Energy,71.35,0,0,0,0,0,9,-5,14,14,32,32
DVN,Devon Energy,35.27,0,22,-2,-6,14,9,18,13,-23,17,31
APA,APA Corporation,22.99,0,25,0,-13,12,5,23,9,-20,17,29
GEHC,GE HealthCare,77.96,35,5,-24,0,16,-5,6,3,9,13,29
BMY,Bristol Myers Squibb,47.52,7,4,-4,-6,1,18,19,-18,6,25,26
AIG,American International Group,78.7,-62,-5,32,54,19,-29,16,-4,22,5,24
K,Kellanova,79.62,7,1,0,22,30,1,-10,-11,14,-6,24
BEN,Franklin Resources,24.86,-35,88,12,2,67,-33,-2,14,-23,-44,23
FDX,FedEx,228.73,7,0,-30,33,10,13,-2,6,-5,12,22
AVB,AvalonBay Communities,196.82,7,1,-7,17,18,-11,9,-11,16,3,21
IR,Ingersoll Rand,81.01,20,-20,-25,24,-1,7,4,11,-1,21,20
NSC,Norfolk Southern,273.86,-26,0,15,5,-6,2,-5,14,15,26,20
SJM,J.M. Smucker Company (The),110.86,0,37,6,-5,38,2,2,2,-24,-18,20
VTRS,Viatris,10.17,-15,25,-1,0,9,-14,20,6,-2,10,19
NXPI,NXP Semiconductors,223.24,-48,1,-1,64,16,-19,17,11,-6,3,19
PAYX,Paychex,135.46,-56,-31,0,168,81,-48,-24,-5,15,-62,19
EXE,Expand Energy,95.85,-4,-38,45,0,3,5,3,-3,11,16,19
KMB,Kimberly-Clark,129.44,5,0,-3,19,21,-8,-7,-15,27,-3,18
PSKY,Paramount Skydance Corporation,17.49,3,21,5,-40,-11,-5,14,16,2,27,16
BG,Bunge Global,81.97,-7,16,0,0,9,1,-2,14,-6,7,16
AES,AES Corporation,12.82,-3,46,0,-12,31,6,-6,10,-25,-15,16
TMO,Thermo Fisher Scientific,491.32,1,36,-26,0,11,-19,50,-25,-4,2,13
DPZ,Domino's,456.72,-14,-27,0,11,-30,-13,6,31,19,43,13
OKE,Oneok,73.3,0,-29,-17,55,9,9,-29,-29,52,3,12
TPL,Texas Pacific Land Corporation,938.99,6,-72,-13,59,-20,19,8,-9,14,32,12
OTIS,Otis Worldwide,89.38,19,-36,-8,0,-25,33,-5,-18,27,37,12
HSIC,Henry Schein,69.55,7,1,-9,0,-1,-5,9,3,4,11,10
AWK,American Water Works,139.62,-28,-4,30,0,-2,-20,-4,26,9,11,9
PEP,PepsiCo,144.21,-42,40,-46,0,-48,3,65,3,-14,57,9
HPQ,HP Inc.,28.33,0,22,-29,2,-5,-12,23,3,-2,12,7
CPT,Camden Property Trust,110.71,2,0,0,0,2,-10,9,-7,12,4,6
SOLV,Solventum,73.77,6,0,0,0,6,-14,4,10,0,0,6
DIS,Walt Disney Company (The),117.06,-15,0,19,0,4,-26,9,14,4,1,5
SW,Smurfit Westrock,45.62,-21,1,-1,17,-4,-19,6,4,18,9,5
CSX,CSX Corporation,32.84,4,-8,0,5,1,4,-8,14,-7,3,4
PSA,Public Storage,294.92,5,1,-15,2,-7,-20,17,14,-1,10,3
TSN,Tyson Foods,56.08,0,15,-5,-29,-19,4,20,-15,12,21,2
ESS,Essex Property Trust,268.85,7,-30,0,15,-8,-5,5,-7,15,8,0
EG,Everest Group,348.56,2,3,-40,56,21,9,14,-41,-6,-24,-3
MDLZ,Mondelez International,62.03,23,-31,-2,0,-10,21,-27,23,-10,7,-3
GDDY,GoDaddy,148.55,28,-45,-7,23,-1,-5,1,-23,23,-4,-5
MOS,Mosaic Company (The),33.67,10,-22,20,-17,-9,8,4,19,-31,0,-9
BDX,Becton Dickinson,190.54,6,25,-32,-6,-7,-14,51,-23,-16,-2,-9
AMT,American Tower,196.54,0,-27,-1,-1,-29,9,-26,24,12,19,-10
PCG,PG&E Corporation,15.74,12,1,-34,2,-19,12,32,-33,-2,9,-10
FANG,Diamondback Energy,138.49,-36,-6,-33,48,-27,9,6,8,-6,17,-10
CF,CF Industries,86.12,12,-25,1,5,-7,23,-51,14,9,-5,-12
CSGP,CoStar Group,87.05,-16,0,10,15,9,-24,-15,27,-10,-22,-13
PFE,Pfizer,24.85,3,27,-3,-24,3,5,-3,11,-29,-16,-13
BA,Boeing,219.97,-35,0,12,0,-23,-12,18,14,-12,8,-15
TYL,Tyler Technologies,553.73,-14,-14,0,18,-10,-13,-16,5,19,-5,-15
BIIB,Biogen,148.89,50,21,-88,-28,-45,19,28,1,-19,29,-16
WAT,Waters Corporation,302.46,2,-3,-9,0,-10,-12,14,-24,15,-7,-17
MCHP,Microchip Technology,65.02,1,-4,0,0,-3,-16,-5,14,-8,-15,-18
A,Agilent Technologies,126.73,0,11,-27,0,-16,-20,17,5,-6,-4,-20
ERIE,Erie Indemnity,337.63,0,-8,-21,40,11,-13,-12,-39,32,-32,-21
BRO,Brown & Brown,94.24,-56,-94,-3,164,11,-52,7,-14,27,-32,-21
OMC,Omnicom Group,77.84,-14,22,-31,2,-21,-16,17,1,-2,0,-21
POOL,Pool Corporation,329.94,35,5,-27,-7,6,-12,-8,1,-10,-29,-23
ZBRA,Zebra Technologies,316.01,3,0,-6,-8,-11,-13,-21,8,14,-12,-23
PPG,PPG Industries,111.8,7,1,-50,-9,-51,5,17,14,-9,27,-24
LKQ,LKQ Corporation,32.92,7,0,-10,-3,-6,7,10,-18,-18,-19,-25
OXY,Occidental Petroleum,46.01,0,15,-59,0,-44,9,17,10,-17,19,-25
CCI,Crown Castle,95.59,0,-12,0,-29,-41,9,-23,24,6,16,-25
COP,ConocoPhillips,94.13,0,2,-49,0,-47,10,15,6,-9,22,-25
INVH,Invitation Homes,30.61,0,-35,-12,0,-47,3,5,-7,15,16,-31
GPN,Global Payments,86.69,-15,37,-31,-40,-49,-26,53,2,-11,18,-31
DVA,DaVita,133.23,-14,-13,-7,21,-13,-24,9,-24,20,-19,-32
CRM,Salesforce,246.25,-2,-30,-17,23,-26,-10,5,-25,22,-8,-34
IP,International Paper,46.52,-28,-8,0,17,-19,-48,5,7,17,-19,-38
CDW,CDW Corporation,165.68,0,-27,-46,0,-73,37,1,6,-9,35,-38
MRK,Merck & Co.,85.14,7,29,-51,0,-15,19,19,-55,-7,-24,-39
MAA,Mid-America Apartment Communities,144.05,-1,-31,0,0,-32,-12,5,-12,12,-7,-39
IPG,Interpublic Group of Companies (The),26.69,-14,37,-47,0,-24,-16,17,2,-18,-15,-39
ISRG,Intuitive Surgical,455.75,0,-31,-7,23,-15,-11,-39,-2,27,-25,-40
KVUE,Kenvue,18.85,-1,-13,-2,0,-16,2,-23,-7,4,-24,-40
PAYC,Paycom,226.34,7,-13,23,-25,-8,7,-16,14,-38,-33,-41
CARR,Carrier Global,62.31,-10,-28,-3,0,-41,-17,-24,14,27,0,-41
UDR,"UDR, Inc.",38.92,2,-30,-2,0,-30,-22,4,-9,14,-13,-43
CL,Colgate-Palmolive,84.06,-14,-46,-10,24,-46,1,-7,-18,27,3,-43
HUM,Humana,278.63,-17,27,0,-13,-3,-26,30,-24,-21,-41,-44
FI,Fiserv,135.7,1,-44,-18,36,-25,-26,-4,-19,28,-21,-46
WDAY,"Workday, Inc.",226.62,-9,-6,-14,15,-14,-26,5,-8,-3,-32,-46
ELV,Elevance Health,314.92,2,0,-48,-3,-49,4,14,-14,-4,0,-49
DAY,Dayforce,69.02,-21,18,4,-13,-12,-55,14,4,-1,-38,-50
IQV,IQVIA,190.65,7,1,-44,0,-36,-10,-6,6,-7,-17,-53
BALL,Ball Corporation,51.11,3,-19,-7,-12,-35,1,-27,14,-6,-18,-53
CPAY,Corpay,313.57,-56,-29,-2,22,-65,-26,9,2,26,11,-54
LW,Lamb Weston,57.14,7,21,-76,-9,-57,1,9,7,-15,2,-55
AMCR,Amcor,8.32,0,-20,-5,0,-25,5,-29,-5,-3,-32,-57
CTSH,Cognizant,70.55,-28,-31,-7,15,-51,-26,6,-7,19,-8,-59
SWKS,Skyworks Solutions,74.69,1,7,-47,-31,-70,-12,17,11,-6,10,-60
HOLX,Hologic,66.37,0,1,-39,0,-38,-16,-7,7,-8,-24,-62
CLX,Clorox,124.4,0,-2,-21,-6,-29,-17,1,-31,14,-33,-62
AVY,Avery Dennison,168.55,0,-13,-39,0,-52,-14,-4,11,-6,-13,-65
FTV,Fortive,49.61,8,-31,-25,0,-48,10,1,-21,-9,-19,-67
CPB,Campbell's Company (The),33.77,13,7,-36,-7,-23,4,1,-43,-6,-44,-67
SBAC,SBA Communications,199.49,0,-27,-3,-21,-51,7,-27,-2,6,-16,-67
MOH,Molina Healthcare,188.44,18,-77,-17,-3,-79,23,11,-13,-9,12,-67
EW,Edwards Lifesciences,77.99,-32,0,8,-15,-39,-40,13,34,-36,-29,-68
LUV,Southwest Airlines,31.72,-42,-19,5,-40,-96,2,9,12,5,28,-68
XYZ,"Block, Inc.",74.21,-48,0,-2,-37,-87,-10,7,8,14,19,-68
WY,Weyerhaeuser,25.83,7,0,-27,0,-20,1,-4,-39,-9,-51,-71
ON,ON Semiconductor,49.01,0,-10,-41,-2,-53,-12,-1,10,-16,-19,-72
CAG,Conagra Brands,19.44,13,0,-36,-8,-31,4,-3,-18,-24,-41,-72
AKAM,Akamai Technologies,79.2,5,1,-30,-8,-32,-11,12,-30,-11,-40,-72
ARE,Alexandria Real Estate Equities,84.72,47,22,-41,-31,-3,7,11,-52,-36,-70,-73
TXN,Texas Instruments,184.32,-56,-7,0,23,-40,-63,-3,14,17,-35,-75
SLB,Schlumberger,36.01,12,6,-74,0,-56,4,13,-25,-11,-19,-75
DOC,Healthpeak Properties,18.15,0,6,-21,-32,-47,-13,9,-36,10,-30,-77
IT,Gartner,241.22,-14,-62,-25,0,-101,-14,2,-23,58,23,-78
DXCM,Dexcom,75.99,-14,-13,-3,-15,-45,-20,-22,14,-10,-38,-83
DLTR,Dollar Tree,99.39,-66,-4,1,-16,-85,7,-13,29,-23,0,-85
MGM,MGM Resorts,35.34,-42,0,-1,0,-43,-56,13,11,-10,-42,-85
KMX,CarMax,61.26,2,0,-23,-37,-58,-11,11,-27,-1,-28,-86
DOW,Dow Inc.,25.01,7,0,-47,-2,-42,14,10,-62,-9,-47,-89
KDP,Keurig Dr Pepper,27.57,-91,-13,-3,0,-107,2,-7,22,-1,16,-91
EL,EstÃ©e Lauder Companies (The),86.8,-28,0,0,-27,-55,-12,-1,12,-36,-37,-92
GIS,General Mills,50.62,13,0,-45,-5,-37,4,1,-41,-20,-56,-93
ODFL,Old Dominion,149.34,6,-31,-30,0,-55,2,-5,-35,-2,-40,-95
TAP,Molson Coors Beverage Company,49.13,-28,-2,-17,0,-47,-24,-4,-18,-4,-50,-97
TECH,Bio-Techne,53.21,-12,0,-31,-25,-68,-5,13,-31,-7,-30,-98
HAL,Halliburton,22.32,12,11,-67,-1,-45,14,9,-66,-10,-53,-98
COO,Cooper Companies (The),68.45,2,-10,-31,-6,-45,-14,-5,-36,-4,-59,-104
NKE,"Nike, Inc.",74.32,-61,0,-2,-22,-85,10,-3,11,-37,-19,-104
SBUX,Starbucks,82.38,-49,-7,-5,0,-61,-41,-15,2,8,-46,-107
CMCSA,Comcast,33.39,-16,-32,-39,-10,-97,-6,11,-6,-9,-10,-107
MKC,McCormick & Company,69.82,-1,-46,-10,-3,-60,2,-45,-18,11,-50,-110
FIS,Fidelity National Information Services,67.7,-15,-27,-6,-38,-86,-8,-29,-1,12,-26,-112
CRL,Charles River Laboratories,159.76,-21,0,-58,-27,-106,-12,5,10,-9,-6,-112
ZTS,Zoetis,150.82,-56,-3,-39,-4,-102,5,-4,-6,-6,-11,-113
JBHT,J.B. Hunt,141.45,-32,-10,-35,0,-77,-26,-3,4,-11,-36,-113
JKHY,Jack Henry & Associates,161.39,-14,-30,-7,0,-51,-7,-61,-7,12,-63,-114
MRNA,Moderna,25.38,7,-26,-59,-5,-83,35,-27,1,-40,-31,-114
KHC,Kraft Heinz,26.5,-16,-4,-46,-1,-67,2,-22,-18,-11,-49,-116
FDS,FactSet,370.18,-14,-38,-9,0,-61,-13,-34,-7,-2,-56,-117
TTD,Trade Desk (The),45.22,-42,-24,-31,-2,-99,-9,-16,5,-1,-21,-120
ZBH,Zimmer Biomet,104.25,-33,25,-1,-18,-27,-26,20,-68,-19,-93,-120
ADBE,Adobe Inc.,350.87,27,-46,-40,-7,-66,-5,-3,-44,-6,-58,-124
PYPL,PayPal,67.25,-34,-20,-7,-40,-101,-18,-24,7,10,-25,-126
IEX,IDEX Corporation,164.43,1,-31,-32,-3,-65,-21,-2,-32,-7,-62,-127
CHTR,Charter Communications,263.82,2,-34,-8,-37,-77,-2,-39,-8,-2,-51,-128
CNC,Centene Corporation,34.1,20,-78,-48,-12,-118,19,15,-17,-29,-12,-130
ABNB,Airbnb,123.05,-49,-25,-7,0,-81,-54,6,4,-6,-50,-131
LYB,LyondellBasell,55.44,2,-29,-48,-6,-81,10,10,-62,-8,-50,-131
CZR,Caesars Entertainment,25.9,-1,-30,-30,-26,-87,-16,5,2,-38,-47,-134
EMN,Eastman Chemical Company,67.92,-21,-33,-25,-2,-81,-26,9,-39,-3,-59,-140
REGN,Regeneron Pharmaceuticals,567.81,-69,22,-45,0,-92,3,-4,-46,-5,-52,-144
DHR,Danaher Corporation,195.14,-78,-3,-33,-1,-115,-26,-6,7,-5,-30,-145
ACN,Accenture,244.05,-49,-46,-27,-1,-123,-26,4,-23,20,-25,-148
BAX,Baxter International,24.49,21,-46,-27,-39,-91,-5,5,-18,-42,-60,-151
DG,Dollar General,105.4,-105,-1,0,-18,-124,-19,-10,26,-27,-30,-154
IFF,International Flavors & Fragrances,66.35,2,-31,-27,-32,-88,2,-27,-39,-2,-66,-154
ENPH,Enphase Energy,37.29,-1,0,-50,-21,-72,-12,11,-57,-25,-83,-155
RVTY,Revvity,85.67,0,-31,-24,-25,-80,-15,-36,-29,4,-76,-156
HRL,Hormel Foods,25.42,-14,-40,-14,-24,-92,-14,-36,-1,-31,-82,-174
CMG,Chipotle Mexican Grill,38.96,-83,-35,-10,81,-47,-83,-36,-8,-1,-128,-175
ALGN,Align Technology,135.91,-2,-30,-71,-26,-129,-8,-4,-7,-39,-58,-187
EPAM,EPAM Systems,157.76,-38,-2,-30,-28,-98,-48,17,-21,-38,-90,-188
MKTX,MarketAxess,188.42,7,-34,-32,-30,-89,1,-49,-6,-45,-99,-188
TGT,Target Corporation,91.5,-112,-10,-35,-12,-169,2,-16,2,-7,-19,-188
LULU,Lululemon Athletica,165.79,-35,-67,-15,-4,-121,-27,-5,-24,-13,-69,-190
ALB,Albemarle Corporation,75.06,-21,1,-132,-24,-176,-26,23,8,-26,-21,-197
UPS,United Parcel Service,84.64,-70,-32,-110,-17,-229,-7,-4,-38,-35,-84,-313
STZ,Constellation Brands,142.91,-134,-13,-49,-4,-200,-48,-16,-65,-9,-138,-338
BF-B,Brownâ€“Forman,27.44,-84,-7,-107,-19,-217,-61,-1,-39,-29,-130,-347
