Symbol,Name,Close,1H Cloud Score,1D Cloud Score,1W Cloud Score,1M Cloud Score,Cloud Score Sum,1H TKx Score,1D TKx Score,1W TKx Score,1M TKx Score,TKx Score Sum,Total Score Sum
TJX,TJX Companies,144.03,2,61,159,200,422,4,4,128,195,331,753
COR,Cencora,335.65,100,41,55,77,273,108,50,66,70,294,567
AAPL,Apple Inc.,269.03,52,85,9,253,399,20,53,13,73,159,558
RTX,RTX Corporation,178.67,42,117,88,56,303,49,26,95,16,186,489
APH,Amphenol,137.33,35,131,30,67,263,27,133,21,29,210,473
NRG,NRG Energy,172.8,20,33,114,96,263,21,32,124,23,200,463
WELL,Welltower,179.85,58,12,127,60,257,28,3,144,26,201,458
GOOG,Alphabet Inc. (Class C),268.44,75,107,18,178,378,32,9,15,23,79,457
PLTR,Palantir Technologies,189.6,27,131,127,0,285,22,-4,130,22,170,455
GOOGL,Alphabet Inc. (Class A),267.49,75,107,19,178,379,32,4,16,23,75,454
ORLY,Oâ€™Reilly Automotive,96.28,-57,-4,174,201,314,-14,-12,65,91,130,444
HWM,Howmet Aerospace,201.14,28,35,159,31,253,22,6,103,59,190,443
GD,General Dynamics,346.65,42,140,19,56,257,-2,95,21,59,173,430
MPWR,Monolithic Power Systems,1086.35,28,118,14,159,319,22,62,21,2,107,426
ETR,Entergy,95.06,-4,28,87,139,250,23,27,100,16,166,416
KLAC,KLA Corporation,1206.46,64,37,25,179,305,22,31,21,28,102,407
WRB,W. R. Berkley Corporation,72.62,-7,44,105,178,320,-5,-2,35,57,85,405
MCK,McKesson Corporation,804.67,96,29,53,60,238,47,46,3,69,165,403
IBM,IBM,312.53,26,29,120,56,231,49,-4,67,58,170,401
V,Visa Inc.,347.25,38,7,148,135,328,43,-6,-4,28,61,389
TEL,TE Connectivity,236.59,65,124,27,64,280,21,39,21,20,101,381
CDNS,Cadence Design Systems,341.24,26,-1,28,143,196,-5,-16,21,182,182,378
HCA,HCA Healthcare,466.56,53,57,14,99,223,68,25,27,31,151,374
EME,Emcor,751.41,27,118,28,60,233,24,37,19,59,139,372
BSX,Boston Scientific,100.97,0,-4,155,146,297,-16,7,21,59,71,368
ROL,"Rollins, Inc.",56.06,-1,-10,42,288,319,-13,-9,34,37,49,368
AVGO,Broadcom,373.0,21,121,30,118,290,21,4,21,32,78,368
JPM,JPMorgan Chase,305.36,9,3,134,160,306,19,-11,21,28,57,363
MS,Morgan Stanley,165.2,21,118,87,66,292,21,10,21,18,70,362
RL,Ralph Lauren Corporation,331.19,0,120,105,36,261,-5,49,21,28,93,354
GLW,Corning Inc.,86.46,5,117,30,19,171,21,124,19,16,180,351
LLY,Lilly (Eli),820.3,12,23,2,174,211,-2,40,3,98,139,350
BK,BNY Mellon,108.43,26,120,105,42,293,21,-8,21,21,55,348
CAT,Caterpillar Inc.,524.67,8,117,19,66,210,16,42,19,59,136,346
SRE,Sempra,92.56,13,73,11,183,280,15,28,19,1,63,343
PANW,Palo Alto Networks,221.36,42,38,10,83,173,49,39,21,59,168,341
DTE,DTE Energy,139.68,-14,26,85,191,288,-26,23,38,15,50,338
MSFT,Microsoft,542.01,35,3,27,175,240,47,2,21,27,97,337
MNST,Monster Beverage,69.3,0,57,37,182,276,-7,31,30,6,60,336
SO,Southern Company,93.91,-41,18,87,192,256,-54,19,34,81,80,336
L,Loews Corporation,98.36,-3,118,123,57,295,-7,-1,21,26,39,334
GE,GE Aerospace,309.74,13,129,30,29,201,19,40,41,31,131,332
AXON,Axon Enterprise,755.05,30,0,156,96,282,44,-25,-2,32,49,331
AXP,American Express,361.16,56,47,28,101,232,49,4,19,23,95,327
CAH,Cardinal Health,162.78,51,23,66,40,180,47,37,3,59,146,326
DUK,Duke Energy,125.64,-14,18,87,185,276,-22,20,33,18,49,325
MCD,McDonald's,306.39,0,0,3,244,247,4,5,9,59,77,324
INTU,Intuit,678.88,48,0,28,193,269,49,-13,-3,22,55,324
PWR,Quanta Services,439.59,21,25,28,101,175,21,29,21,74,145,320
TRV,Travelers Companies (The),268.19,24,0,102,60,186,45,-6,35,58,132,318
HUBB,Hubbell Incorporated,455.55,6,1,12,184,203,21,3,17,73,114,317
CBOE,Cboe Global Markets,238.37,0,0,155,57,212,26,-7,33,53,105,317
WDC,Western Digital,124.91,5,118,23,20,166,-5,129,21,5,150,316
EBAY,eBay Inc.,99.58,63,7,88,16,174,21,10,93,18,142,316
GRMN,Garmin,248.13,-7,91,123,21,228,-4,52,17,23,88,316
WMT,Walmart,103.17,-13,42,138,103,270,-21,10,21,31,41,311
LRCX,Lam Research,155.65,28,40,20,154,242,22,32,21,-7,68,310
MSI,Motorola Solutions,440.33,-24,-10,12,155,133,1,-24,12,187,176,309
ANET,Arista Networks,156.8,28,103,18,60,209,29,-4,17,58,100,309
HII,Huntington Ingalls Industries,299.25,28,157,19,8,212,43,37,27,-11,96,308
EVRG,Evergy,77.68,-7,99,69,16,177,2,27,88,12,129,306
MA,Mastercard,565.76,0,-2,137,157,292,-12,-31,21,28,6,298
IBKR,Interactive Brokers,68.65,13,29,100,59,201,22,-4,19,59,96,297
ATO,Atmos Energy,174.47,-28,58,85,47,162,-28,20,96,47,135,297
J,Jacobs Solutions,158.32,-5,116,17,108,236,-8,27,18,21,58,294
COST,Costco,923.96,-20,-29,0,182,133,-22,7,-13,186,158,291
HOOD,Robinhood Markets,146.27,16,120,92,0,228,21,-4,21,20,58,286
PPL,PPL Corporation,36.91,-17,76,87,25,171,-23,22,99,16,114,285
TT,Trane Technologies,426.37,21,0,27,166,214,19,21,-1,31,70,284
XYL,Xylem Inc.,150.59,28,118,19,24,189,22,27,21,24,94,283
NI,NiSource,43.41,-1,25,85,47,156,-16,25,100,16,125,281
CNP,CenterPoint Energy,39.53,-5,72,60,47,174,2,30,54,17,103,277
NVDA,Nvidia,201.03,14,29,25,136,204,21,2,21,28,72,276
TPR,"Tapestry, Inc.",113.1,-7,118,91,23,225,-26,35,19,21,49,274
WEC,WEC Energy Group,115.2,-6,74,66,15,149,2,31,79,13,125,274
YUM,Yum! Brands,141.1,-18,-3,0,261,240,-24,-13,5,59,27,267
TDG,TransDigm Group,1335.56,45,0,8,159,212,-2,1,-4,59,54,266
ETN,Eaton Corporation,376.09,14,4,19,116,153,21,-4,19,74,110,263
ADI,Analog Devices,239.35,0,0,22,181,203,6,3,21,28,58,261
ORCL,Oracle Corporation,280.81,0,-2,22,200,220,-1,-10,21,29,39,259
DOV,Dover Corporation,179.74,63,0,0,108,171,68,2,-4,21,87,258
UHS,Universal Health Services,219.36,52,50,3,24,129,68,54,5,1,128,257
AMAT,Applied Materials,227.64,28,29,6,151,214,-2,29,19,-7,39,253
TER,Teradyne,144.26,28,89,6,4,127,-2,119,14,-7,124,251
CRWD,CrowdStrike,546.95,44,29,56,0,129,47,30,21,22,120,249
APP,AppLovin,626.93,21,63,116,0,200,24,-12,17,20,49,249
VTR,Ventas,70.07,0,74,83,24,181,15,21,15,17,68,249
CTAS,Cintas,189.84,-13,-52,-4,169,100,-23,-14,-4,189,148,248
JCI,Johnson Controls,112.22,28,11,86,21,146,21,40,21,20,102,248
HON,Honeywell,214.39,45,0,2,180,227,-3,3,-4,24,20,247
CME,CME Group,266.32,-3,0,65,138,200,7,22,-3,21,47,247
FSLR,First Solar,239.86,21,83,6,64,174,21,38,21,-8,72,246
PH,Parker Hannifin,767.12,42,4,28,67,141,47,3,21,32,103,244
WM,Waste Management,204.26,-18,-47,-2,189,122,-25,-10,-5,161,121,243
PTC,PTC Inc.,202.46,-2,0,17,184,199,-7,4,18,28,43,242
GS,Goldman Sachs,792.17,21,3,103,60,187,21,-11,21,23,54,241
AME,Ametek,185.09,0,0,15,108,123,-12,4,21,103,116,239
AZO,AutoZone,3802.39,-59,-7,105,88,127,1,-15,65,59,110,237
STE,Steris,241.24,0,0,25,197,222,-25,-24,33,27,11,233
NEM,Newmont,79.31,-42,142,30,7,137,-50,104,30,12,96,233
CMI,Cummins,414.06,21,90,16,67,194,-2,-8,17,32,39,233
WFC,Wells Fargo,86.91,21,11,103,31,166,20,4,21,21,66,232
STLD,Steel Dynamics,161.06,49,32,11,57,149,14,46,21,1,82,231
IRM,Iron Mountain,104.02,0,32,7,59,98,21,31,21,58,131,229
CSCO,Cisco,72.63,57,10,59,16,142,14,21,21,27,83,225
ES,Eversource Energy,74.88,48,28,26,2,104,63,32,21,4,120,224
XEL,Xcel Energy,79.83,-42,74,62,14,108,-9,43,70,11,115,223
STX,Seagate Technology,222.94,26,118,25,24,193,-5,-8,21,20,28,221
KO,Coca-Cola Company (The),70.18,0,6,5,184,195,4,12,-9,16,23,218
AMD,Advanced Micro Devices,257.97,28,17,9,112,166,21,19,21,-9,52,218
MMC,Marsh McLennan,182.86,-63,-9,-14,177,91,-30,-4,-22,180,124,215
PCAR,Paccar,99.16,0,0,-1,161,160,7,2,8,36,53,213
HIG,Hartford (The),122.62,-7,-9,105,59,148,-14,-13,32,58,63,211
ROST,Ross Stores,160.69,23,61,11,37,132,17,20,10,31,78,210
NDAQ,"Nasdaq, Inc.",87.97,-35,-26,87,146,172,-2,3,21,16,38,210
LDOS,Leidos,187.85,0,130,13,25,168,2,-5,24,21,42,210
EXPE,Expedia Group,225.38,14,91,60,13,178,6,-8,17,16,31,209
EMR,Emerson Electric,134.52,42,0,27,66,135,23,2,21,28,74,209
ABBV,AbbVie,227.59,-7,70,27,60,150,-15,-5,13,66,59,209
LYV,Live Nation Entertainment,151.06,-20,-15,105,149,219,-26,-23,20,18,-11,208
SNA,Snap-on,342.7,-1,39,9,61,108,-7,33,14,59,99,207
HD,Home Depot (The),385.82,-1,-4,12,182,189,4,-21,13,21,17,206
META,Meta Platforms,751.37,52,0,28,31,111,49,1,19,25,94,205
SHW,Sherwin-Williams,354.49,10,0,1,192,203,13,-31,-2,21,1,204
BR,Broadridge Financial Solutions,229.83,-5,-32,125,147,235,-16,-40,-3,27,-32,203
MU,Micron Technology,221.91,28,44,9,24,105,21,53,21,2,97,202
DE,Deere & Company,468.34,58,-1,3,111,171,21,2,-4,12,31,202
GM,General Motors,69.87,56,11,18,13,98,68,2,18,15,103,201
DASH,DoorDash,261.43,0,3,108,0,111,16,32,21,20,89,200
INCY,Incyte,91.65,6,104,14,1,125,33,15,17,9,74,199
LOW,Lowe's,244.11,6,0,1,168,175,8,-21,12,21,20,195
FICO,Fair Isaac,1669.32,18,4,-4,168,186,22,-7,-39,33,9,195
LHX,L3Harris,287.34,-4,140,23,7,166,-7,-5,23,16,27,193
AMGN,Amgen,292.1,-28,20,0,167,159,-28,14,9,38,33,192
JBL,Jabil,214.55,24,-18,30,67,103,23,-16,22,59,88,191
SPGI,S&P Global,493.69,23,-29,2,174,170,41,-41,-2,23,21,191
NOC,Northrop Grumman,595.1,-1,85,21,60,165,-13,-4,28,14,25,190
BAC,Bank of America,52.86,30,51,28,20,129,21,2,21,16,60,189
FOXA,Fox Corporation (Class A),61.13,28,3,79,3,113,49,-12,19,16,72,185
MMM,3M,166.82,47,6,85,16,154,-10,4,21,16,31,185
NOW,ServiceNow,938.12,49,0,2,84,135,44,-16,-2,24,50,185
AIZ,Assurant,207.82,-7,0,12,154,159,-5,-4,13,21,25,184
FTNT,Fortinet,85.85,22,0,0,115,137,47,-4,-13,15,45,182
KR,Kroger,67.69,-4,-1,90,69,154,5,9,-3,17,28,182
CINF,Cincinnati Financial,151.77,-5,0,96,64,155,-5,-7,21,17,26,181
IVZ,Invesco,23.96,14,94,18,4,130,21,-4,18,15,50,180
TKO,TKO Group Holdings,187.49,0,0,82,42,124,-4,-14,21,52,55,179
MCO,Moody's Corporation,490.76,21,-29,5,158,155,19,-41,19,27,24,179
BBY,Best Buy,83.89,82,12,3,1,98,21,52,9,-4,78,176
D,Dominion Energy,59.64,-17,116,25,3,127,-10,26,21,12,49,176
FOX,Fox Corporation (Class B),54.53,27,2,78,3,110,48,-12,18,11,65,175
SYF,Synchrony Financial,74.73,57,3,28,23,111,22,2,19,20,63,174
TRMB,Trimble Inc.,80.47,45,-1,90,6,140,-2,2,19,14,33,173
WMB,Williams Companies,57.59,-43,-3,123,54,131,-34,-4,21,59,42,173
SYK,Stryker Corporation,375.82,-4,-4,4,161,157,-22,8,-2,31,15,172
LMT,Lockheed Martin,485.78,-42,44,0,167,169,1,-2,6,-4,1,170
TTWO,Take-Two Interactive,251.57,-34,41,56,15,78,-34,48,56,22,92,170
HPE,Hewlett Packard Enterprise,24.26,4,3,12,44,63,38,-6,18,56,106,169
ISRG,Intuitive Surgical,545.25,52,5,2,24,83,65,2,-9,28,86,169
EXPD,Expeditors International,119.43,7,0,3,133,143,7,2,17,-5,21,164
WSM,"Williams-Sonoma, Inc.",199.67,21,1,19,67,108,18,1,13,23,55,163
BKNG,Booking Holdings,5132.09,0,-22,147,37,162,9,-35,-1,28,1,163
ITW,Illinois Tool Works,245.86,-18,-15,13,180,160,-21,-25,18,31,3,163
BLK,BlackRock,1125.0,-45,117,28,24,124,-5,-1,21,23,38,162
MO,Altria,63.27,-6,0,81,47,122,-12,-4,37,18,39,161
LNT,Alliant Energy,67.99,-6,26,79,16,115,-10,20,21,15,46,161
MLM,Martin Marietta Materials,617.0,-17,73,17,62,135,-24,-1,21,29,25,160
WAB,Wabtec,198.03,26,0,6,51,83,26,-5,-2,58,77,160
INTC,Intel,41.5,27,54,6,0,87,22,53,11,-14,72,159
UNP,Union Pacific Corporation,217.61,-29,-3,-1,200,167,-30,-4,5,21,-8,159
LIN,Linde plc,442.52,-23,-14,0,112,75,-25,-20,21,108,84,159
CEG,Constellation Energy,384.95,16,23,27,0,66,21,28,21,21,91,157
DELL,Dell Technologies,164.9,21,22,7,34,84,31,27,21,-6,73,157
CVS,CVS Health,82.21,2,53,21,1,77,9,57,11,2,79,156
RCL,Royal Caribbean Group,292.58,-7,-15,132,30,140,-7,-28,21,29,15,155
ICE,Intercontinental Exchange,157.27,22,-42,0,163,143,40,-48,-3,23,12,155
RJF,Raymond James Financial,159.67,-12,-3,103,60,148,-19,-13,18,21,7,155
AEE,Ameren,103.32,-18,26,67,15,90,-40,20,72,12,64,154
EA,Electronic Arts,200.26,-5,64,15,9,83,-5,26,27,23,71,154
RSG,Republic Services,217.73,-9,-64,0,179,106,-13,-89,-12,162,48,154
ROK,Rockwell Automation,362.05,66,12,26,17,121,21,4,21,-13,33,154
GEHC,GE HealthCare,79.43,51,7,2,0,60,70,4,10,10,94,154
DGX,Quest Diagnostics,178.31,-35,0,79,20,64,-14,8,79,16,89,153
XOM,ExxonMobil,115.04,35,8,8,46,97,-4,-13,20,52,55,152
F,Ford Motor Company,13.14,42,12,13,1,68,68,2,21,-7,84,152
AJG,Arthur J. Gallagher & Co.,267.5,-98,-10,-3,188,77,-12,-9,-13,109,75,152
REG,Regency Centers,71.46,-6,8,5,55,62,44,3,21,21,89,151
PEG,Public Service Enterprise Group,81.29,-7,-1,5,154,151,-40,22,-2,19,-1,150
GILD,Gilead Sciences,117.88,-7,16,62,37,108,-29,10,19,41,41,149
FAST,Fastenal,41.62,-13,-12,60,108,143,-13,-33,24,25,3,146
CBRE,CBRE Group,159.45,-2,0,103,24,125,-19,4,19,16,20,145
TSCO,Tractor Supply,55.48,-1,-24,18,87,80,-2,-35,15,87,65,145
COF,Capital One,221.02,0,0,105,23,128,-4,-21,21,20,16,144
EXC,Exelon,47.7,0,21,66,16,103,2,20,5,12,39,142
CMS,CMS Energy,73.45,-14,17,87,25,115,-19,20,9,16,26,141
NFLX,Netflix,1102.51,-35,-5,127,22,109,2,9,-2,22,31,140
LVS,Las Vegas Sands,58.2,41,4,17,4,66,65,2,18,-16,69,135
SCHW,Charles Schwab Corporation,93.82,-7,0,88,13,94,-5,9,21,16,41,135
MPC,Marathon Petroleum,192.26,30,44,10,51,135,-2,-9,21,-10,0,135
DD,DuPont,81.88,58,12,5,21,96,22,4,18,-5,39,135
STT,State Street Corporation,118.66,30,7,28,18,83,21,-6,20,16,51,134
K,Kellanova,83.08,58,22,5,23,108,12,16,-18,15,25,133
SBUX,Starbucks,85.4,63,0,-12,0,51,74,3,-4,9,82,133
VLO,Valero Energy,169.3,30,47,11,46,134,-2,-13,20,-7,-2,132
AEP,American Electric Power,115.07,-39,21,84,25,91,-28,19,34,16,41,132
PNR,Pentair,108.88,24,0,20,64,108,-12,-9,19,26,24,132
PG,Procter & Gamble,151.38,0,-27,-17,181,137,-12,3,-25,28,-6,131
TSLA,"Tesla, Inc.",460.54,14,57,9,12,92,19,-7,15,12,39,131
FFIV,"F5, Inc.",267.57,-9,-9,105,16,103,-9,-4,21,19,27,130
PGR,Progressive Corporation,211.88,-95,-98,-4,179,-18,-19,-12,-14,191,146,128
FDX,FedEx,249.55,56,12,1,34,103,15,2,13,-6,24,127
LEN,Lennar,128.24,56,0,0,66,122,-7,3,12,-5,3,125
SNPS,Synopsys,456.7,3,-35,0,182,150,-5,-8,-5,-7,-25,125
FE,FirstEnergy,46.17,-28,71,17,57,117,-54,25,21,16,8,125
PFG,Principal Financial Group,82.18,7,1,8,57,73,21,-7,18,20,52,125
WBD,Warner Bros. Discovery,20.99,45,34,23,0,102,-3,4,19,2,22,124
GWW,W. W. Grainger,963.92,0,-25,-14,96,57,16,2,-12,59,65,122
DDOG,Datadog,157.27,13,23,10,0,46,21,35,18,1,75,121
URI,United Rentals,875.86,-28,-1,18,66,55,-28,15,19,59,65,120
C,Citigroup,101.39,21,3,30,20,74,21,-13,21,16,45,119
CB,Chubb Limited,275.59,28,0,-1,60,87,-5,-6,-15,58,32,119
NWS,News Corp (Class B),31.17,26,-20,2,60,68,43,-12,-4,23,50,118
T,AT&T,25.71,9,-20,1,18,8,11,-23,105,17,110,118
TFC,Truist Financial,44.33,35,-1,12,6,52,47,-16,18,16,65,117
BKR,Baker Hughes,47.85,38,7,15,37,97,-12,-13,15,28,18,115
AMZN,Amazon,229.24,28,0,28,23,79,22,-26,18,22,36,115
VST,Vistra Corp.,190.64,0,-1,30,32,61,-5,-7,19,47,54,115
VRTX,Vertex Pharmaceuticals,422.54,0,0,-13,106,93,-16,16,-17,39,22,115
JNJ,Johnson & Johnson,186.93,-7,84,19,9,105,-34,19,16,8,9,114
PLD,Prologis,125.72,1,47,10,1,59,-5,46,21,-7,55,114
HLT,Hilton Worldwide,260.91,-9,-4,27,66,80,-19,5,19,28,33,113
BXP,"BXP, Inc.",74.13,35,6,9,0,50,40,-14,21,15,62,112
UBER,Uber,95.45,14,0,29,1,44,23,-11,27,28,67,111
DLR,Digital Realty,174.14,26,12,8,24,70,-4,3,21,21,41,111
VICI,Vici Properties,30.38,-10,-17,69,17,59,-12,-29,34,59,52,111
BG,Bunge Global,96.38,70,10,3,1,84,-5,18,21,-7,27,111
QCOM,Qualcomm,181.05,52,12,1,24,89,-4,3,19,1,19,108
MTD,Mettler Toledo,1404.83,63,20,5,1,89,-3,13,15,-7,18,107
MDT,Medtronic,93.21,-28,85,22,3,82,-1,-4,14,15,24,106
SMCI,Supermicro,52.34,0,2,0,60,62,7,31,16,-11,43,105
NWSA,News Corp (Class A),26.68,14,-19,1,60,56,17,-12,21,23,49,105
NEE,NextEra Energy,83.55,-3,25,6,2,30,17,21,21,15,74,104
PODD,Insulet Corporation,323.9,0,0,56,6,62,2,7,25,8,42,104
NDSN,Nordson Corporation,235.33,0,48,5,3,56,15,19,21,-9,46,102
BX,Blackstone Inc.,151.7,-28,-9,0,144,107,-28,-17,16,23,-6,101
DLTR,Dollar Tree,102.7,84,0,3,-17,70,48,7,-1,-24,30,100
ADSK,Autodesk,311.19,29,0,10,16,55,19,-16,21,21,45,100
EQT,EQT Corporation,52.18,-23,0,52,44,73,-4,22,-4,12,26,99
A,Agilent Technologies,145.85,0,44,5,1,50,-7,50,12,-7,48,98
CI,Cigna,308.33,14,8,-4,60,78,7,15,1,-3,20,98
SW,Smurfit Westrock,43.12,44,-33,-8,18,21,44,3,11,19,77,98
KIM,Kimco Realty,21.8,0,0,5,57,62,-5,3,19,16,33,95
ECL,Ecolab,268.38,-7,-1,27,24,43,11,-1,21,21,52,95
KKR,KKR & Co.,120.6,-6,-24,0,105,75,-4,-17,17,23,19,94
AMP,Ameriprise Financial,484.44,14,-42,2,66,40,21,-38,-3,73,53,93
MET,MetLife,78.76,-2,0,6,60,64,-5,-6,19,20,28,92
MAR,Marriott International,265.38,-3,-1,5,60,61,-9,-8,18,29,30,91
HAS,Hasbro,77.94,58,2,25,5,90,-1,-32,21,13,1,91
COIN,Coinbase,355.2,14,0,20,0,34,21,-4,20,20,57,91
APTV,Aptiv,86.65,42,55,12,-26,83,21,2,21,-38,6,89
ADP,Automatic Data Processing,279.66,-28,-41,0,182,113,-25,-54,-5,59,-25,88
APO,Apollo Global Management,124.5,-1,-25,-6,99,67,14,-17,-4,28,21,88
PHM,PulteGroup,120.77,-3,-6,12,67,70,-9,-21,17,31,18,88
UNH,UnitedHealth Group,367.78,10,40,-29,0,21,16,52,2,-3,67,88
HOLX,Hologic,73.99,57,10,2,0,69,-5,18,14,-9,18,87
NTRS,Northern Trust,127.33,9,0,27,13,49,13,-12,21,15,37,86
TMUS,T-Mobile US,219.95,-35,-24,0,141,82,2,-33,-2,37,4,86
EQIX,Equinix,816.08,-1,12,-1,36,46,-1,31,-19,28,39,85
IQV,IQVIA,218.1,51,21,5,1,78,-14,15,13,-8,6,84
MAS,Masco,68.42,0,-5,0,67,62,-16,2,12,23,21,83
PSX,Phillips 66,133.71,30,5,6,43,84,-2,-14,20,-7,-3,81
TGT,Target Corporation,97.07,70,1,-42,-13,16,72,4,-4,-8,64,80
PKG,Packaging Corporation of America,206.17,2,0,0,63,65,-11,-16,14,28,15,80
PM,Philip Morris International,149.79,-6,-32,81,57,100,-9,-38,-5,29,-23,77
LH,Labcorp,259.81,-18,-1,66,17,64,-33,7,19,20,13,77
ABNB,Airbnb,128.01,77,0,0,0,77,5,4,-4,-7,-2,75
CRL,Charles River Laboratories,187.79,63,20,3,-28,58,-5,15,17,-10,17,75
CFG,Citizens Financial Group,51.33,28,0,19,6,53,-5,-8,18,16,21,74
ULTA,Ulta Beauty,518.79,-85,128,23,6,72,-5,-5,23,-11,2,74
DAL,Delta Air Lines,57.87,-7,0,12,21,26,-5,12,13,28,48,74
ALL,Allstate,191.06,-97,-10,0,161,54,-13,-9,22,19,19,73
IDXX,Idexx Laboratories,634.46,-1,0,25,6,30,21,9,21,-10,41,71
LW,Lamb Weston,65.57,25,23,0,-10,38,19,15,14,-16,32,70
ROP,Roper Technologies,456.16,-28,-62,-13,184,81,-24,-4,-12,28,-12,69
USB,U.S. Bancorp,47.27,42,0,11,6,59,-7,-19,18,17,9,68
HAL,Halliburton,26.62,42,44,0,0,86,-3,-13,6,-11,-21,65
AON,Aon plc,330.03,-85,-14,-2,179,78,-35,-35,-1,58,-13,65
TECH,Bio-Techne,63.94,63,21,0,-26,58,-7,15,6,-8,6,64
BA,Boeing,223.26,21,0,19,0,40,48,-32,21,-13,24,64
RF,Regions Financial Corporation,24.26,21,-10,18,24,53,-5,-21,19,16,9,62
TRGP,Targa Resources,152.51,0,-14,-4,53,35,-12,-14,-4,56,26,61
BRO,Brown & Brown,82.4,-67,-12,-10,165,76,-19,-6,-21,28,-18,58
NXPI,NXP Semiconductors,212.97,-2,-1,0,65,62,-7,-8,18,-7,-4,58
WST,West Pharmaceutical Services,283.48,-2,38,2,-9,29,-12,39,12,-10,29,58
GL,Globe Life,134.41,-21,0,56,16,51,-1,-17,15,10,7,58
HUM,Humana,294.88,49,7,0,-14,42,19,10,7,-22,14,56
CVX,Chevron Corporation,154.17,0,0,18,50,68,-12,-20,12,8,-12,56
FITB,Fifth Third Bancorp,42.28,21,-10,11,24,46,-5,-21,18,18,10,56
DAY,Dayforce,68.41,27,51,11,-14,75,-5,-23,11,-2,-19,56
FCX,Freeport-McMoRan,41.19,0,-13,4,60,51,1,12,-2,-8,3,54
ALLE,Allegion,169.08,-28,0,20,23,15,3,-9,21,24,39,54
SPG,Simon Property Group,176.79,-6,0,12,37,43,-20,-11,19,23,11,54
PAYX,Paychex,124.06,-29,-64,-7,169,69,-27,6,-12,16,-17,52
AIG,American International Group,78.4,-2,-1,0,55,52,-7,-5,-11,23,0,52
NTAP,NetApp,115.92,-23,0,9,59,45,-12,4,18,-3,7,52
CPRT,Copart,44.08,-12,-31,-24,178,111,-26,-30,-34,30,-60,51
MSCI,MSCI Inc.,594.06,14,1,1,16,32,21,-25,1,22,19,51
ED,Consolidated Edison,98.58,-28,0,-1,49,20,-22,20,-15,47,30,50
CHRW,C.H. Robinson,128.06,8,0,14,4,26,8,-12,17,10,23,49
O,Realty Income,59.21,-6,0,21,9,24,-14,3,21,15,25,49
ALB,Albemarle Corporation,96.68,27,34,3,-25,39,-4,25,15,-27,9,48
KEY,KeyCorp,17.58,26,-10,19,6,41,-7,-21,19,15,6,47
KEYS,Keysight Technologies,170.12,28,0,9,2,39,-6,-13,19,7,7,46
DHI,D. R. Horton,153.69,-3,-1,2,67,65,-7,-24,15,-4,-20,45
PNW,Pinnacle West Capital,90.69,-23,16,5,20,18,-17,19,-4,28,26,44
NUE,Nucor,152.05,42,2,2,1,47,19,-30,18,-10,-3,44
CTVA,Corteva,63.46,27,-32,64,1,60,-4,-24,-2,13,-17,43
WAT,Waters Corporation,346.13,0,15,-1,1,15,-4,14,2,16,28,43
XYZ,"Block, Inc.",80.2,27,7,5,-38,1,24,2,15,-1,40,41
FANG,Diamondback Energy,141.09,-3,0,-1,49,45,-7,-5,15,-7,-4,41
BRK-B,Berkshire Hathaway,481.45,-14,0,0,64,50,-31,-8,1,28,-10,40
TDY,Teledyne Technologies,525.47,-35,-4,63,16,40,-33,-5,21,17,0,40
VTRS,Viatris,10.28,0,9,3,0,12,5,12,13,-3,27,39
IT,Gartner,252.64,42,0,-32,0,10,10,-10,-30,59,29,39
VMC,Vulcan Materials Company,292.66,-63,0,17,62,16,-27,-1,21,29,22,38
TXT,Textron,79.96,-28,-4,5,55,28,2,-7,21,-7,9,37
WTW,Willis Towers Watson,320.43,-24,0,19,26,21,-19,-7,11,31,16,37
ADM,Archer Daniels Midland,61.36,-2,18,13,0,29,-5,11,21,-22,5,34
CSX,CSX Corporation,35.67,-30,22,7,6,5,-5,21,21,-8,29,34
DHR,Danaher Corporation,216.9,-6,20,0,0,14,-5,15,14,-6,18,32
BIIB,Biogen,149.16,29,54,0,-29,54,-3,-7,8,-20,-22,32
MTB,M&T Bank,181.42,-2,-15,12,24,19,-5,-17,19,16,13,32
IP,International Paper,47.13,0,0,0,18,18,-7,8,-5,18,14,32
TMO,Thermo Fisher Scientific,557.64,0,21,5,0,26,-8,13,6,-5,6,32
AVY,Avery Dennison,179.22,44,5,0,1,50,-9,2,-6,-7,-20,30
TPL,Texas Pacific Land Corporation,916.16,0,0,-20,60,40,-11,2,-16,15,-10,30
CF,CF Industries,86.09,21,0,8,6,35,-4,-9,-4,10,-7,28
ABT,Abbott Laboratories,126.61,-70,-2,67,15,10,4,-10,7,16,17,27
EXR,Extra Space Storage,146.98,-5,12,3,1,11,-14,12,3,15,16,27
AFL,Aflac,106.71,-69,0,12,60,3,-31,-7,5,57,24,27
JBHT,J.B. Hunt,166.52,0,9,3,0,12,2,14,11,-12,15,27
EXE,Expand Energy,101.0,-7,7,52,0,52,-24,-5,-10,12,-27,25
ACN,Accenture,253.43,41,0,-34,-2,5,15,14,-30,21,20,25
KMI,Kinder Morgan,26.08,-28,-4,0,46,14,-33,-9,-2,54,10,24
APA,APA Corporation,22.74,-2,58,3,-14,45,-7,-9,16,-21,-21,24
HBAN,Huntington Bancshares,15.53,-14,-15,20,23,14,-10,-19,21,18,10,24
LKQ,LKQ Corporation,30.97,44,-32,-17,-4,-9,74,2,-25,-19,32,23
PNC,PNC Financial Services,182.84,0,-14,13,16,15,-5,-21,18,16,8,23
WYNN,Wynn Resorts,120.79,0,0,19,5,24,-3,-10,21,-10,-2,22
UAL,United Airlines Holdings,94.92,-37,-1,12,13,-13,-2,3,15,18,34,21
GNRC,Generac,190.24,1,4,14,-36,-17,-2,10,18,12,38,21
NVR,"NVR, Inc.",7456.1,-21,-14,-4,67,28,-27,-25,14,31,-7,21
BEN,Franklin Resources,23.32,14,-17,19,0,16,42,-35,21,-24,4,20
PSA,Public Storage,298.08,-15,23,0,3,11,-30,18,21,-2,7,18
CMG,Chipotle Mexican Grill,40.26,-20,-1,-17,82,44,-27,17,-15,-2,-27,17
PRU,Prudential Financial,101.43,-3,-21,-24,57,9,-5,-1,15,-1,8,17
GEV,GE Vernova,570.87,-1,-3,7,0,3,-7,-1,22,0,14,17
SWK,Stanley Black & Decker,71.88,42,-14,0,-41,-13,21,1,10,-4,28,15
AES,AES Corporation,14.47,0,20,0,-13,7,-5,21,17,-26,7,14
MRK,Merck & Co.,87.03,0,21,0,0,21,-21,15,6,-8,-8,13
CRM,Salesforce,254.3,0,7,-24,24,7,6,9,-32,23,6,13
KDP,Keurig Dr Pepper,28.86,14,0,-10,0,4,6,7,-2,-2,9,13
AOS,A. O. Smith,66.84,-13,-13,0,60,34,-14,-21,21,-7,-21,13
HPQ,HP Inc.,28.07,9,1,0,0,10,-9,4,10,-3,2,12
SWKS,Skyworks Solutions,80.25,9,1,0,-32,-22,21,1,18,-7,33,11
CCL,Carnival,27.85,-7,-12,28,0,9,-16,-23,19,21,1,10
CSGP,CoStar Group,78.24,27,-25,0,16,18,41,-48,-3,1,-9,9
DOC,Healthpeak Properties,18.03,-4,39,-4,-33,-2,-7,2,5,11,11,9
TROW,T. Rowe Price,104.95,14,-9,5,-27,-17,14,-4,17,-2,25,8
PEP,PepsiCo,150.12,-3,13,0,0,10,-3,5,10,-15,-3,7
FRT,Federal Realty Investment Trust,98.0,-6,0,3,3,0,-7,4,12,-3,6,6
AMCR,Amcor,8.35,75,-53,-12,0,10,9,3,-12,-4,-4,6
CTRA,Coterra,23.38,28,-14,-16,46,44,-5,-27,-23,15,-40,4
IR,Ingersoll Rand,78.85,0,-1,-4,25,20,-3,-8,-3,-2,-16,4
NCLH,Norwegian Cruise Line Holdings,22.36,-7,-9,11,0,-5,-7,-22,14,22,7,2
NSC,Norfolk Southern,280.31,-29,0,22,6,-1,-31,-4,21,16,2,1
PYPL,PayPal,73.0,13,1,0,-41,-27,21,-5,-2,11,25,-2
VRSK,Verisk Analytics,232.2,-9,-66,-7,116,34,-21,-32,-13,30,-36,-2
EW,Edwards Lifesciences,82.21,44,2,1,-16,31,1,3,-2,-37,-35,-4
BLDR,Builders FirstSource,119.34,-13,-13,-39,67,2,-12,-1,11,-5,-7,-5
ON,ON Semiconductor,51.81,-7,0,0,-3,-10,-2,4,17,-17,2,-8
ACGL,Arch Capital Group,84.68,-13,-10,-19,64,22,-19,-6,-3,-2,-30,-8
RMD,ResMed,256.6,-42,-11,28,15,-10,-28,-6,20,15,1,-9
LII,Lennox International,501.46,-35,-46,-8,40,-49,7,8,-6,29,38,-11
VLTO,Veralto,102.54,-7,-3,13,0,3,-11,-24,20,0,-15,-12
ESS,Essex Property Trust,256.27,-6,-1,-5,16,4,-8,-11,-14,16,-17,-13
REGN,Regeneron Pharmaceuticals,655.27,21,2,-52,0,-29,13,1,7,-6,15,-14
WDAY,"Workday, Inc.",236.92,-1,30,-21,16,24,-14,-5,-15,-4,-38,-14
DVA,DaVita,129.68,45,-46,-14,22,7,19,-32,-31,21,-23,-16
IPG,Interpublic Group of Companies (The),26.34,-7,11,0,0,4,-17,5,9,-19,-22,-18
OTIS,Otis Worldwide,91.34,0,0,-15,0,-15,-12,4,-25,28,-5,-20
EL,EstÃ©e Lauder Companies (The),98.79,0,12,3,-28,-13,-5,15,19,-37,-8,-21
GEN,Gen Digital,26.69,-4,-32,26,18,8,-12,-34,-1,18,-29,-21
AWK,American Water Works,134.76,-17,-2,-1,0,-20,-33,16,5,10,-2,-22
LULU,Lululemon Athletica,180.0,49,0,-22,-5,22,-5,6,-31,-14,-44,-22
HST,Host Hotels & Resorts,16.31,-6,-1,9,4,6,-19,-20,19,-8,-28,-22
SYY,Sysco,75.87,-33,-5,18,5,-15,-32,-9,18,16,-7,-22
MCHP,Microchip Technology,63.65,-7,-5,0,0,-12,-27,4,21,-9,-11,-23
ERIE,Erie Indemnity,320.4,0,-41,-28,41,-28,49,2,-46,-1,4,-24
DRI,Darden Restaurants,181.34,-21,-29,0,63,13,-40,-24,-7,32,-39,-26
EFX,Equifax,224.1,-7,-19,-15,18,-23,-5,-19,-2,20,-6,-29
CARR,Carrier Global,58.74,7,-61,-10,0,-64,9,2,-5,28,34,-30
TTD,Trade Desk (The),51.66,0,0,-38,-3,-41,-3,17,-4,-2,8,-33
DIS,Walt Disney Company (The),111.66,0,-33,26,-2,-9,-22,-29,21,5,-25,-34
APD,Air Products,254.48,0,-26,-6,0,-32,18,-31,-2,12,-3,-35
MDLZ,Mondelez International,60.24,-4,-4,-4,0,-12,5,-14,-6,-11,-26,-38
OMC,Omnicom Group,76.93,-7,11,-38,3,-31,-18,5,8,-3,-8,-39
CCI,Crown Castle,94.59,-14,-1,-1,-30,-46,-12,18,-6,7,7,-39
SOLV,Solventum,70.95,-8,-16,0,0,-24,-25,-9,17,0,-17,-41
EIX,Edison International,56.06,-2,11,-43,0,-34,-19,3,11,-3,-8,-42
SJM,J.M. Smucker Company (The),104.72,2,-7,-5,-6,-16,5,-15,9,-25,-26,-42
EOG,EOG Resources,105.87,-5,-28,-9,47,5,-13,-31,-3,-1,-48,-43
FI,Fiserv,126.22,42,-77,-25,37,-23,14,-37,-26,29,-20,-43
EMN,Eastman Chemical Company,63.37,49,-27,-32,-3,-13,49,-29,-46,-4,-30,-43
KMB,Kimberly-Clark,120.65,7,-33,-10,20,-16,7,-40,-22,28,-27,-43
COP,ConocoPhillips,86.78,-2,-15,-5,0,-22,-12,-14,13,-10,-23,-45
ELV,Elevance Health,339.41,-3,19,-55,-4,-43,-2,26,-21,-5,-2,-45
VRSN,Verisign,240.32,-32,-20,0,11,-41,7,-18,-2,9,-4,-45
OKE,Oneok,69.12,0,-62,-24,56,-30,-19,-14,-36,53,-16,-46
DVN,Devon Energy,32.01,-2,-13,0,-7,-22,-7,-14,20,-24,-25,-47
EG,Everest Group,304.9,-13,-1,-1,0,-15,-26,-5,5,-7,-33,-48
AVB,AvalonBay Communities,184.14,-6,-17,-14,18,-19,-12,-17,-18,17,-30,-49
PCG,PG&E Corporation,16.14,-26,23,-41,3,-41,-26,17,4,-3,-8,-49
MHK,Mohawk Industries,118.73,-19,-3,0,-13,-35,-27,2,13,-3,-15,-50
LUV,Southwest Airlines,31.1,-28,-1,11,-41,-59,-29,14,18,6,9,-50
EQR,Equity Residential,61.49,-6,-19,-7,15,-17,-13,-23,-14,15,-35,-52
ZBRA,Zebra Technologies,274.14,-7,-27,-1,-9,-44,-7,-1,-1,-1,-10,-54
GPC,Genuine Parts Company,131.62,-21,0,12,0,-9,-29,-18,21,-19,-45,-54
MOS,Mosaic Company (The),29.37,-2,-13,27,-18,-6,-5,-13,-2,-32,-52,-58
PFE,Pfizer,24.52,-5,-1,0,-25,-31,-7,-8,18,-30,-27,-58
VZ,Verizon,39.32,-35,-17,-2,12,-42,4,-38,-2,16,-20,-62
DECK,Deckers Brands,87.61,-21,-24,-35,95,15,-21,-24,-31,-1,-77,-62
MKC,McCormick & Company,66.0,-7,-4,-17,-4,-32,-24,6,-25,12,-31,-63
ZBH,Zimmer Biomet,101.13,0,0,-8,-19,-27,-25,3,5,-20,-37,-64
ADBE,Adobe Inc.,359.83,42,2,-47,-8,-11,15,-13,-51,-7,-56,-67
DOW,Dow Inc.,25.39,28,2,-54,-3,-27,35,3,-69,-10,-41,-68
TYL,Tyler Technologies,510.61,0,-47,-5,19,-33,-3,-49,-4,20,-36,-69
CPAY,Corpay,285.7,0,-62,-9,23,-48,-12,-31,-6,27,-22,-70
FTV,Fortive,49.16,0,0,-32,0,-32,-7,2,-28,-7,-40,-72
SLB,Schlumberger,35.85,43,4,-81,0,-34,-1,-23,-4,-12,-40,-74
CPT,Camden Property Trust,101.42,-6,-25,-6,-1,-38,-9,-26,-14,13,-36,-74
PPG,PPG Industries,105.26,49,-27,-57,-10,-45,18,-33,-4,-10,-29,-74
JKHY,Jack Henry & Associates,154.31,-3,-63,-14,-2,-82,4,5,-14,13,8,-74
RVTY,Revvity,96.47,1,9,-31,-26,-47,-11,20,-36,-1,-28,-75
EPAM,EPAM Systems,161.7,42,0,-37,-29,-24,47,-33,-28,-39,-53,-77
HSIC,Henry Schein,63.22,-2,-25,-16,-2,-45,-5,-26,-6,5,-32,-77
IEX,IDEX Corporation,166.96,0,0,-39,-4,-43,-5,15,-39,-8,-37,-80
TXN,Texas Instruments,166.88,-35,-40,-2,24,-53,-9,-36,-2,18,-29,-82
AMT,American Tower,182.86,-7,-60,-8,-2,-77,-12,-1,-6,13,-6,-83
MGM,MGM Resorts,31.95,-7,-21,0,0,-28,-11,-33,-1,-11,-56,-84
GPN,Global Payments,85.62,-1,0,-38,-41,-80,-4,3,9,-12,-4,-84
AKAM,Akamai Technologies,75.77,21,0,-37,-9,-25,13,-25,-37,-12,-61,-86
DG,Dollar General,101.92,-21,-28,0,-19,-68,-35,7,33,-28,-23,-91
MOH,Molina Healthcare,162.78,-28,-4,-24,-4,-60,3,-4,-20,-10,-31,-91
DPZ,Domino's,411.08,-1,-60,-7,12,-56,-20,-30,-6,20,-36,-92
CTSH,Cognizant,67.89,5,-64,-14,16,-57,-14,-29,-14,20,-37,-94
COO,Cooper Companies (The),71.72,-5,9,-38,-7,-41,-24,18,-43,-5,-54,-95
DXCM,Dexcom,69.22,0,-46,-10,-16,-72,-11,2,-5,-11,-25,-97
BALL,Ball Corporation,49.11,0,-52,-14,-13,-79,-9,2,-4,-7,-18,-97
TSN,Tyson Foods,52.16,-2,-17,-12,-30,-61,4,-33,-22,13,-38,-99
FDS,FactSet,288.35,0,-71,-16,-2,-89,5,1,-14,-3,-11,-100
BMY,Bristol Myers Squibb,42.83,-14,-19,-11,-7,-51,-21,-11,-25,7,-50,-101
INVH,Invitation Homes,28.18,-6,-68,-19,0,-93,-13,3,-14,16,-8,-101
BDX,Becton Dickinson,184.22,-6,-1,-39,-7,-53,-31,-5,4,-17,-49,-102
ZTS,Zoetis,145.43,0,-36,-46,-5,-87,-1,5,-13,-7,-16,-103
NKE,"Nike, Inc.",67.4,-3,-16,0,-23,-42,-5,-36,18,-38,-61,-103
OXY,Occidental Petroleum,40.84,-3,-14,-66,0,-83,-7,-12,17,-18,-20,-103
CL,Colgate-Palmolive,77.14,-16,-79,-17,25,-87,-24,2,-25,28,-19,-106
SBAC,SBA Communications,193.24,-4,-60,-10,-22,-96,-7,3,-9,-1,-14,-110
HSY,Hershey Company (The),180.24,-61,0,15,0,-46,-54,-6,15,-21,-66,-112
MRNA,Moderna,25.36,-13,-1,-66,-6,-86,-3,23,-6,-41,-27,-113
UDR,"UDR, Inc.",35.03,-14,-63,-9,-2,-88,-24,-1,-16,15,-26,-114
FIS,Fidelity National Information Services,65.95,-13,-60,-13,-39,-125,-12,14,-8,13,7,-118
IFF,International Flavors & Fragrances,64.89,0,0,-34,-33,-67,-7,4,-46,-3,-52,-119
CPB,Campbell's Company (The),30.94,0,-1,-43,-8,-52,4,-16,-50,-7,-69,-121
MTCH,Match Group,32.69,0,-17,3,-39,-53,-21,-25,16,-40,-70,-123
GDDY,GoDaddy,130.86,-1,-78,-14,24,-69,-23,-25,-30,24,-54,-123
KMX,CarMax,44.44,20,-28,-30,-38,-76,14,-26,-34,-2,-48,-124
UPS,United Parcel Service,96.38,58,1,-117,-18,-76,16,16,-45,-36,-49,-125
MAA,Mid-America Apartment Communities,130.72,-10,-64,-8,-1,-83,-14,-28,-19,13,-48,-131
WY,Weyerhaeuser,23.74,0,-33,-34,-1,-68,22,-37,-46,-10,-71,-139
PSKY,Paramount Skydance Corporation,16.21,-123,0,12,-41,-152,-5,-8,23,3,13,-139
PAYC,Paycom,198.51,-12,-46,0,-26,-84,-3,-49,-5,1,-56,-140
POOL,Pool Corporation,286.97,-15,-25,-34,-8,-82,-26,-21,-3,-11,-61,-143
KVUE,Kenvue,14.49,-7,-46,-9,0,-62,-21,-56,-14,5,-86,-148
TAP,Molson Coors Beverage Company,45.24,-28,-35,-24,-2,-89,-40,8,-25,-5,-62,-151
CHTR,Charter Communications,248.85,0,-9,-15,-38,-62,-62,-9,-15,-3,-89,-151
HRL,Hormel Foods,23.65,-4,-73,-21,-25,-123,2,2,-8,-32,-36,-159
CDW,CDW Corporation,156.12,0,-60,-53,0,-113,-7,-25,-4,-10,-46,-159
ARE,Alexandria Real Estate Equities,62.94,-7,-15,-48,-32,-102,-10,-17,6,-37,-58,-160
GIS,General Mills,48.06,-23,-4,-52,-6,-85,2,-11,-48,-21,-78,-163
CHD,Church & Dwight,84.26,-28,-66,-27,0,-121,-25,-29,-25,27,-52,-173
CNC,Centene Corporation,33.2,-28,6,-55,-13,-90,-26,-4,-24,-30,-84,-174
CLX,Clorox,115.23,-30,-17,-28,-7,-82,-35,-21,-38,-1,-95,-177
KHC,Kraft Heinz,25.54,0,-37,-53,-2,-92,5,-55,-25,-12,-87,-179
LYB,LyondellBasell,47.61,21,-62,-55,-7,-103,26,-27,-69,-9,-79,-182
CAG,Conagra Brands,18.07,-7,-17,-43,-9,-76,-24,-36,-25,-25,-110,-186
BF-B,Brownâ€“Forman,28.24,0,-1,-114,-20,-135,7,1,-46,-30,-68,-203
ODFL,Old Dominion,136.04,-28,-64,-37,0,-129,2,-38,-42,-3,-81,-210
BAX,Baxter International,22.86,0,-79,-34,-40,-153,-1,2,-25,-43,-67,-220
ALGN,Align Technology,133.14,0,-63,-78,-27,-168,-12,8,-14,-40,-58,-226
CMCSA,Comcast,29.27,-30,-65,-46,-11,-152,-25,-29,-13,-10,-77,-229
STZ,Constellation Brands,134.18,-28,-46,-56,-5,-135,-38,-1,-72,-10,-121,-256
