Symbol,Name,Close,1H Cloud Score,1D Cloud Score,1W Cloud Score,1M Cloud Score,Cloud Score Sum,1H TKx Score,1D TKx Score,1W TKx Score,1M TKx Score,TKx Score Sum,Total Score Sum
TJX,TJX Companies,123.46,-11,-4,141,196,322,9,-19,110,191,291,613
JPM,JPMorgan Chase,289.75,71,36,116,156,379,68,47,3,24,142,521
RSG,Republic Services,246.59,-28,1,117,175,265,1,-5,86,158,240,505
MSFT,Microsoft,497.16,168,41,9,171,389,33,49,3,23,108,497
HWM,Howmet Aerospace,186.11,49,47,141,27,264,40,47,85,52,224,488
ORLY,Oâ€™Reilly Automotive,90.12,2,-13,156,197,342,9,-8,47,87,135,477
IBM,IBM,294.68,136,39,102,52,329,-12,47,49,54,138,467
PGR,Progressive Corporation,266.85,8,-14,98,175,267,7,-10,15,187,199,466
NFLX,Netflix,1339.38,50,52,109,18,229,82,49,80,18,229,458
ICE,Intercontinental Exchange,183.42,33,40,105,159,337,32,41,15,19,107,444
COST,Costco,989.72,-10,0,110,178,278,-19,-10,3,182,156,434
CTAS,Cintas,222.87,5,54,12,165,236,12,-6,6,185,197,433
AXON,Axon Enterprise,827.73,33,45,138,92,308,42,49,3,28,122,430
SO,Southern Company,91.82,42,7,69,188,306,7,23,16,77,123,429
WRB,W. R. Berkley Corporation,73.46,2,89,87,174,352,3,4,17,53,77,429
BSX,Boston Scientific,107.4,38,11,137,142,328,36,2,3,55,96,424
NRG,NRG Energy,160.55,30,47,96,92,265,30,3,106,19,158,423
AJG,Arthur J. Gallagher & Co.,320.05,-9,-4,158,184,329,-24,-10,21,105,92,421
NDAQ,"Nasdaq, Inc.",89.39,39,40,69,142,290,52,47,3,12,114,404
WM,Waste Management,228.79,-53,2,88,185,222,1,-4,20,157,174,396
YUM,Yum! Brands,148.09,33,0,21,257,311,37,-22,15,55,85,396
COR,Cencora,299.82,21,111,37,69,238,25,11,48,65,149,387
HUBB,Hubbell Incorporated,408.07,39,32,0,180,251,30,50,-18,69,131,382
ROL,"Rollins, Inc.",56.41,-27,56,24,284,337,1,-6,16,33,44,381
GS,Goldman Sachs,707.42,76,34,85,56,251,63,45,3,19,130,381
MCK,McKesson Corporation,732.68,14,107,35,56,212,25,47,31,65,168,380
CDNS,Cadence Design Systems,308.14,16,3,10,139,168,28,2,3,178,211,379
WMB,Williams Companies,62.78,49,33,105,50,237,45,25,3,55,128,365
TDG,TransDigm Group,1520.65,48,47,12,155,262,40,4,3,55,102,364
WELL,Welltower,153.67,1,31,109,56,197,-12,27,126,22,163,360
JBL,Jabil,217.98,70,37,12,63,182,69,47,4,55,175,357
ADI,Analog Devices,238.03,39,34,4,177,254,35,40,3,24,102,356
INTU,Intuit,787.53,21,47,10,189,267,19,47,3,18,87,354
PM,Philip Morris International,182.06,-27,107,63,53,196,3,49,78,25,155,351
RCL,Royal Caribbean Group,313.12,39,34,114,26,213,62,47,3,25,137,350
MSI,Motorola Solutions,420.44,34,2,0,151,187,8,-9,-20,183,162,349
TKO,TKO Group Holdings,181.94,70,44,64,38,216,68,11,3,48,130,346
NWS,News Corp (Class B),34.31,56,37,105,56,254,68,2,3,19,92,346
CHD,Church & Dwight,96.09,0,-4,-9,342,329,1,-4,-7,23,13,342
PWR,Quanta Services,377.89,72,41,10,97,220,-2,49,3,70,120,340
MS,Morgan Stanley,140.79,56,34,69,62,221,55,45,3,14,117,338
EMR,Emerson Electric,133.28,133,34,9,62,238,30,40,3,24,97,335
MCD,McDonald's,292.12,0,-15,45,240,270,11,-18,15,55,63,333
ETN,Eaton Corporation,356.93,38,34,1,112,185,30,47,1,70,148,333
CME,CME Group,275.55,43,8,47,134,232,51,-11,43,17,100,332
MMC,Marsh McLennan,218.63,8,-15,0,173,166,1,-10,-4,176,163,329
RJF,Raymond James Financial,153.29,70,33,85,56,244,75,5,-13,17,84,328
CAH,Cardinal Health,167.96,21,56,48,36,161,21,47,41,55,164,325
VST,Vistra Corp.,193.76,76,33,12,28,149,84,46,1,43,174,323
BR,Broadridge Financial Solutions,242.9,7,33,107,143,290,2,4,3,23,32,322
AVGO,Broadcom,275.77,39,37,12,114,202,38,49,3,28,118,320
TT,Trane Technologies,437.4,37,42,9,162,250,36,2,3,27,68,318
PLTR,Palantir Technologies,136.34,-10,47,109,0,146,-12,49,112,18,167,313
ADP,Automatic Data Processing,307.0,1,1,78,178,258,4,-7,3,55,55,313
ORCL,Oracle Corporation,218.63,21,33,4,196,254,-9,40,3,25,59,313
LYV,Live Nation Entertainment,151.3,9,35,87,145,276,11,9,2,14,36,312
KLAC,KLA Corporation,895.68,25,34,7,175,241,-5,49,3,24,71,312
COF,Capital One,212.67,39,40,87,19,185,60,47,3,16,126,311
NVDA,Nvidia,157.87,39,33,7,132,211,30,41,3,24,98,309
KMI,Kinder Morgan,29.39,49,32,85,42,208,45,5,1,50,101,309
MA,Mastercard,561.98,4,1,119,153,277,8,-4,3,24,31,308
CBOE,Cboe Global Markets,233.08,14,30,137,53,234,5,4,15,49,73,307
DASH,DoorDash,246.55,72,33,90,0,195,47,46,3,16,112,307
MPWR,Monolithic Power Systems,731.34,35,34,-19,155,205,30,44,3,24,101,306
RTX,RTX Corporation,146.0,7,33,70,52,162,12,39,77,12,140,302
VRSK,Verisk Analytics,311.59,5,43,61,112,221,9,-6,52,26,81,302
DUK,Duke Energy,117.96,15,1,69,181,266,8,-2,15,14,35,301
V,Visa Inc.,354.91,4,1,130,131,266,10,-4,3,24,33,299
LRCX,Lam Research,97.31,35,34,2,150,221,36,41,3,-3,77,298
AAPL,Apple Inc.,205.12,3,1,-3,249,250,-6,1,-18,69,46,296
BKNG,Booking Holdings,5788.75,33,46,129,33,241,33,-6,3,24,54,295
APH,Amphenol,98.73,43,47,12,63,165,52,49,3,25,129,294
WMT,Walmart,97.75,2,48,120,99,269,2,-8,3,27,24,293
SYK,Stryker Corporation,395.47,34,34,10,157,235,43,-14,1,27,57,292
MCO,Moody's Corporation,501.57,34,34,9,154,231,35,1,1,23,60,291
FDS,FactSet,446.99,42,0,-4,192,230,54,-16,2,21,61,291
LIN,Linde plc,469.29,8,32,6,108,154,33,-4,3,104,136,290
CSCO,Cisco,69.34,65,34,41,12,152,69,40,3,23,135,287
AME,Ametek,180.93,21,34,1,104,160,30,-9,3,99,123,283
AXP,American Express,318.8,39,34,10,97,180,36,47,1,19,103,283
CAT,Caterpillar Inc.,388.04,39,33,1,62,135,51,40,1,55,147,282
L,Loews Corporation,91.65,45,34,105,53,237,13,6,3,22,44,281
UNP,Union Pacific Corporation,230.05,37,5,-7,196,231,39,4,-13,17,47,278
VRSN,Verisign,288.8,20,145,29,7,201,14,13,45,5,77,278
LLY,Lilly (Eli),779.02,0,0,0,170,170,-5,13,3,94,105,275
WFC,Wells Fargo,80.07,49,34,85,27,195,56,4,3,17,80,275
ALL,Allstate,201.28,7,1,90,157,255,11,-10,4,15,20,275
BEN,Franklin Resources,23.83,113,37,1,0,151,93,47,3,-20,123,274
DTE,DTE Energy,132.45,0,0,67,187,254,3,-15,20,11,19,273
AZO,AutoZone,3716.96,5,0,87,84,176,9,-15,47,55,96,272
HON,Honeywell,232.87,20,34,9,176,239,14,-5,3,20,32,271
T,AT&T,28.92,8,31,63,14,116,7,47,87,13,154,270
FAST,Fastenal,42.0,8,56,42,104,210,26,-2,9,24,57,267
BK,BNY Mellon,91.09,16,36,87,38,177,30,40,3,17,90,267
BRO,Brown & Brown,110.87,5,-43,109,161,232,11,3,-3,24,35,267
TPR,"Tapestry, Inc.",87.8,70,34,73,19,196,12,40,1,17,70,266
MNST,Monster Beverage,62.65,-28,84,19,178,253,1,-4,12,2,11,264
NI,NiSource,40.31,1,31,67,43,142,5,23,82,12,122,264
STE,Steris,240.18,3,37,7,193,240,-9,-6,15,23,23,263
SPGI,S&P Global,527.02,39,34,9,170,252,-12,3,1,19,11,263
PAYX,Paychex,145.49,0,-4,77,165,238,3,-7,6,12,14,252
WAB,Wabtec,209.36,23,36,12,47,118,30,47,3,54,134,252
PH,Parker Hannifin,697.94,35,35,10,63,143,30,47,3,28,108,251
AMP,Ameriprise Financial,533.41,39,33,2,62,136,40,5,1,69,115,251
ROP,Roper Technologies,566.84,1,1,22,180,204,1,-16,37,24,46,250
URI,United Rentals,753.32,39,34,0,62,135,54,5,1,55,115,250
PEG,Public Service Enterprise Group,84.18,57,13,1,150,221,13,20,-21,15,27,248
GD,General Dynamics,291.66,28,56,1,52,137,40,11,3,55,109,246
JCI,Johnson Controls,105.61,23,42,68,17,150,30,47,3,16,96,246
DE,Deere & Company,508.37,-41,36,42,107,144,9,47,38,8,102,246
SNPS,Synopsys,512.88,22,21,-20,178,201,33,13,1,-3,44,245
RL,Ralph Lauren Corporation,274.15,39,36,87,32,194,33,-9,3,24,51,245
NWSA,News Corp (Class A),29.71,56,34,2,56,148,68,7,3,19,97,245
NTRS,Northern Trust,126.82,70,34,9,9,122,68,40,3,11,122,244
SYF,Synchrony Financial,66.74,56,34,10,19,119,61,47,1,16,125,244
PTC,PTC Inc.,172.33,21,33,-19,180,215,30,-6,-20,24,28,243
GOOGL,Alphabet Inc. (Class A),176.2,17,23,1,174,215,26,-5,-12,19,28,243
HCA,HCA Healthcare,383.09,58,48,7,95,208,-2,1,9,27,35,243
GOOG,Alphabet Inc. (Class C),177.34,17,23,0,174,214,26,-5,-12,19,28,242
C,Citigroup,85.1,56,34,12,16,118,62,44,3,12,121,239
J,Jacobs Solutions,131.44,25,32,0,104,161,30,47,-17,17,77,238
TMUS,T-Mobile US,238.39,24,-35,87,137,213,38,-45,-1,33,25,238
KO,Coca-Cola Company (The),70.72,2,1,21,180,204,11,-5,16,12,34,238
BAC,Bank of America,47.28,56,34,10,16,116,64,41,3,12,120,236
WDC,Western Digital,63.97,70,34,5,10,119,68,45,3,1,117,236
TRMB,Trimble Inc.,75.97,39,34,72,2,147,36,39,1,10,86,233
STT,State Street Corporation,106.43,55,36,10,14,115,61,41,2,12,116,231
STX,Seagate Technology,143.6,69,34,7,20,130,37,45,3,16,101,231
HLT,Hilton Worldwide,266.32,38,34,9,62,143,59,2,1,24,86,229
HD,Home Depot (The),366.64,33,0,-5,178,206,41,-19,-17,17,22,228
JNPR,Juniper Networks,39.9,49,29,1,52,131,68,6,1,18,93,224
FTNT,Fortinet,105.7,38,33,47,111,229,-13,-8,3,11,-7,222
CB,Chubb Limited,289.73,7,1,94,56,158,5,-10,15,54,64,222
PANW,Palo Alto Networks,204.6,8,34,10,79,131,-12,45,3,55,91,222
CRWD,CrowdStrike,509.23,31,47,38,0,116,33,49,3,18,103,219
DGX,Quest Diagnostics,179.58,0,48,61,16,125,7,14,61,12,94,219
FFIV,"F5, Inc.",294.2,14,33,87,12,146,8,47,3,15,73,219
PCAR,Paccar,95.01,32,0,-15,157,174,30,-10,-7,32,45,219
TXN,Texas Instruments,207.52,43,34,2,20,99,62,38,3,14,117,216
GE,GE Aerospace,257.38,38,45,12,25,120,42,3,23,27,95,215
MET,MetLife,80.4,38,33,2,56,129,62,5,1,16,84,213
KKR,KKR & Co.,132.9,35,23,0,101,159,30,16,-13,19,52,211
AMD,Advanced Micro Devices,141.89,70,33,-35,108,176,-3,40,3,-5,35,211
DRI,Darden Restaurants,217.97,-29,53,37,59,120,-26,47,41,28,90,210
PNR,Pentair,102.66,38,34,2,60,134,48,5,1,22,76,210
BX,Blackstone Inc.,149.54,35,5,-6,140,174,30,3,-17,19,35,209
RF,Regions Financial Corporation,23.5,50,33,0,20,103,52,40,1,12,105,208
EVRG,Evergy,68.93,41,15,51,12,119,-4,15,70,8,89,208
LMT,Lockheed Martin,462.99,-35,1,-22,163,107,5,23,3,70,101,208
SCHW,Charles Schwab Corporation,91.2,14,47,70,9,140,5,47,3,12,67,207
TEL,TE Connectivity,168.63,38,40,9,60,147,-5,46,3,16,60,207
TRV,Travelers Companies (The),267.45,0,1,84,56,141,5,-10,17,54,66,207
MTB,M&T Bank,193.93,49,34,1,20,104,49,40,1,12,102,206
HBAN,Huntington Bancshares,16.75,37,34,2,19,92,52,45,3,14,114,206
CI,Cigna,330.5,27,3,2,56,88,47,3,13,55,118,206
ITW,Illinois Tool Works,247.1,23,5,-6,176,198,-2,-11,-7,27,7,205
CBRE,CBRE Group,140.06,42,18,85,20,165,12,14,1,12,39,204
META,Meta Platforms,738.01,38,34,10,27,109,33,39,1,21,94,203
BLK,BlackRock,1048.47,36,33,10,20,99,35,47,3,19,104,203
AMAT,Applied Materials,183.03,35,34,-23,147,193,-3,14,1,-3,9,202
HIG,Hartford (The),126.87,2,1,87,55,145,3,-14,14,54,57,202
ADSK,Autodesk,309.57,48,37,47,12,144,33,5,3,17,58,202
CINF,Cincinnati Financial,148.92,8,40,78,60,186,9,-9,3,13,16,202
GEV,GE Vernova,529.02,70,46,0,0,116,30,49,4,0,83,199
SHW,Sherwin-Williams,342.9,1,0,0,188,189,-1,-9,3,17,10,199
ODFL,Old Dominion,162.42,13,-1,-19,185,178,33,-18,-24,30,21,199
MMM,3M,152.17,39,34,67,12,152,42,-11,3,12,46,198
SRE,Sempra,75.74,8,10,-8,179,189,7,-11,1,12,9,198
IRM,Iron Mountain,102.55,-11,39,0,55,83,11,47,3,54,115,198
ETR,Entergy,83.11,14,2,66,20,102,5,-6,82,12,93,195
KEY,KeyCorp,17.41,49,34,1,2,86,56,40,1,11,108,194
ANET,Arista Networks,102.33,31,19,0,56,106,33,15,-14,54,88,194
MDLZ,Mondelez International,67.43,0,7,2,180,189,-23,21,12,-7,3,192
GLW,Corning Inc.,52.59,42,33,12,15,102,36,40,1,12,89,191
GRMN,Garmin,208.68,21,7,105,17,150,36,-4,-10,19,41,191
AON,Aon plc,356.71,0,0,0,175,175,-21,-10,-8,54,15,190
APO,Apollo Global Management,141.81,35,16,0,95,146,30,4,-16,24,42,188
KR,Kroger,71.71,3,7,72,65,147,-20,4,43,13,40,187
TTWO,Take-Two Interactive,242.82,8,54,38,11,111,7,11,38,18,74,185
AIG,American International Group,85.56,2,31,21,51,105,11,34,16,19,80,185
HAS,Hasbro,73.83,43,34,7,1,85,42,45,3,9,99,184
ATO,Atmos Energy,154.02,0,0,67,43,110,-23,-27,78,43,71,181
NOW,ServiceNow,1027.61,24,35,1,80,140,30,-11,1,20,40,180
DOV,Dover Corporation,183.21,34,23,0,104,161,30,-16,-12,17,19,180
ABT,Abbott Laboratories,135.97,2,31,49,11,93,-16,49,41,12,86,179
AFL,Aflac,105.43,56,0,1,56,113,12,2,-1,53,66,179
CTVA,Corteva,74.53,8,47,46,0,101,19,47,3,9,78,179
AMGN,Amgen,279.2,0,0,-1,163,162,-9,-2,-7,34,16,178
MAR,Marriott International,273.17,38,34,2,56,130,33,2,-12,25,48,178
ISRG,Intuitive Surgical,543.68,28,3,87,20,138,30,-15,1,24,40,178
LDOS,Leidos,157.76,43,46,0,21,110,40,3,6,17,66,176
EA,Electronic Arts,159.67,81,10,1,5,97,42,9,9,19,79,176
DELL,Dell Technologies,122.55,66,34,0,30,130,-4,47,3,-2,44,174
EBAY,eBay Inc.,74.43,-47,43,70,12,78,-40,47,75,14,96,174
CCL,Carnival,28.1,39,33,10,0,82,33,41,1,17,92,174
PG,Procter & Gamble,159.31,-11,-11,0,177,155,9,-9,-7,24,17,172
CFG,Citizens Financial Group,44.74,52,22,1,2,77,56,39,-13,12,94,171
PNC,PNC Financial Services,186.4,49,24,0,12,85,52,39,-17,12,86,171
TXT,Textron,80.26,35,34,-28,51,92,35,44,3,-3,79,171
GILD,Gilead Sciences,110.81,13,28,44,33,118,16,-3,1,37,51,169
ALLE,Allegion,144.11,43,46,2,19,110,52,-16,3,20,59,169
IDXX,Idexx Laboratories,536.34,33,41,7,2,83,41,47,3,-6,85,168
NSC,Norfolk Southern,255.9,56,33,4,2,95,11,47,3,12,73,168
TDY,Teledyne Technologies,512.28,24,33,45,12,114,34,3,3,13,53,167
LH,Labcorp,262.32,4,40,48,13,105,5,40,1,16,62,167
FITB,Fifth Third Bancorp,41.13,49,10,0,20,79,54,39,-20,14,87,166
K,Kellanova,79.51,6,-14,62,19,73,16,-11,74,11,90,163
HPE,Hewlett Packard Enterprise,20.44,35,30,-17,40,88,30,4,-14,52,72,160
AIZ,Assurant,197.47,-1,3,0,150,152,3,-1,-13,17,6,158
PRU,Prudential Financial,107.4,38,24,-6,53,109,36,16,-20,17,49,158
FCX,Freeport-McMoRan,43.33,25,34,-30,56,85,33,40,3,-4,72,157
CMG,Chipotle Mexican Grill,56.15,49,18,-17,78,128,9,11,-19,27,28,156
RMD,ResMed,257.9,49,40,10,11,110,-14,46,2,11,45,155
DIS,Walt Disney Company (The),123.95,34,34,8,0,76,33,38,3,1,75,151
COIN,Coinbase,350.53,57,33,2,0,92,-6,47,2,16,59,151
LOW,Lowe's,221.79,33,-11,-13,164,173,-1,-19,-20,17,-23,150
WYNN,Wynn Resorts,93.63,70,36,1,1,108,42,2,3,-6,41,149
CPRT,Copart,49.06,2,-25,-6,174,145,14,-21,-16,26,3,148
TRGP,Targa Resources,174.09,21,0,1,49,71,26,11,-13,52,76,147
CARR,Carrier Global,73.17,36,41,1,0,78,40,2,3,24,69,147
AMZN,Amazon,219.4,20,24,10,19,73,28,39,-12,18,73,146
GWW,W. W. Grainger,1040.22,0,0,0,92,92,5,-9,3,55,54,146
VICI,Vici Properties,32.59,0,15,51,13,79,-20,15,16,55,66,145
NTAP,NetApp,106.5,39,19,-18,55,95,5,47,-23,20,49,144
ANSS,Ansys,351.07,21,34,10,9,74,33,13,3,21,70,144
FICO,Fair Isaac,1826.32,-10,-4,0,164,150,-19,3,-21,29,-8,142
ROK,Rockwell Automation,332.12,21,37,8,13,79,30,39,3,-9,63,142
BRK-B,Berkshire Hathaway,485.24,-9,-19,117,60,149,-19,-31,18,24,-8,141
CNP,CenterPoint Energy,36.54,34,0,42,43,119,-1,-28,36,13,20,139
EXE,Expand Energy,116.94,-3,54,34,0,85,-27,39,34,8,54,139
MO,Altria,58.59,-26,31,63,43,111,-27,22,19,14,28,139
LHX,L3Harris,250.83,1,56,5,3,65,7,49,5,12,73,138
GL,Globe Life,124.27,39,3,38,12,92,52,-10,-2,6,46,138
SMCI,Supermicro,49.0,28,10,0,56,94,27,33,-9,-7,44,138
UNH,UnitedHealth Group,311.85,9,-50,-11,-2,-54,25,8,-24,182,191,137
MLM,Martin Marietta Materials,548.94,14,43,-3,58,112,11,-14,3,25,25,137
EQT,EQT Corporation,58.32,0,40,34,40,114,-29,5,34,8,18,132
TSCO,Tractor Supply,52.73,0,0,0,83,83,-20,10,-26,83,47,130
HII,Huntington Ingalls Industries,241.47,26,73,1,4,104,19,4,9,-7,25,129
NCLH,Norwegian Cruise Line Holdings,20.26,35,5,-13,0,27,61,35,-13,18,101,128
PPL,PPL Corporation,33.87,-13,-11,69,21,66,-25,-6,81,12,62,128
PFG,Principal Financial Group,79.44,38,5,-6,53,90,49,-16,-13,16,36,126
CMI,Cummins,327.5,21,6,0,63,90,30,-9,-14,28,35,125
KIM,Kimco Realty,21.02,0,33,0,53,86,-22,47,1,12,38,124
TFC,Truist Financial,42.99,49,8,0,2,59,52,16,-16,12,64,123
DG,Dollar General,114.4,23,75,0,-15,83,26,23,15,-24,40,123
AEP,American Electric Power,103.79,5,1,66,21,93,7,-5,16,12,30,123
MPC,Marathon Petroleum,166.1,-1,36,0,47,82,3,40,3,-6,40,122
UBER,Uber,93.28,35,46,11,0,92,-7,3,9,24,29,121
AEE,Ameren,95.99,1,0,50,11,62,3,-9,55,8,57,119
WSM,"Williams-Sonoma, Inc.",163.11,21,0,1,63,85,22,2,-10,19,33,118
ACGL,Arch Capital Group,91.02,4,0,-1,60,63,12,-10,3,49,54,117
PODD,Insulet Corporation,314.1,34,35,38,2,109,7,-10,7,4,8,117
USB,U.S. Bancorp,45.24,35,34,0,2,71,47,3,-17,13,46,117
MCHP,Microchip Technology,70.36,49,34,0,1,84,-7,40,3,-5,31,115
CEG,Constellation Energy,322.58,55,34,9,0,98,-5,2,3,17,17,115
PHM,PulteGroup,105.44,38,7,-16,63,92,12,11,-27,27,23,115
GEN,Gen Digital,29.39,2,37,8,14,61,-3,39,3,14,53,114
NOC,Northrop Grumman,500.04,0,1,3,56,60,13,21,10,10,54,114
DHI,D. R. Horton,128.86,41,7,-21,63,90,12,11,-28,28,23,113
QCOM,Qualcomm,159.22,21,19,-18,20,42,30,42,1,-3,70,112
NXPI,NXP Semiconductors,218.52,22,18,-18,61,83,30,42,-41,-3,28,111
ABBV,AbbVie,185.67,0,0,10,56,66,-9,-2,-7,62,44,110
DLR,Digital Realty,174.32,-23,40,0,20,37,5,47,3,17,72,109
XYL,Xylem Inc.,129.35,33,34,1,20,88,-5,3,3,20,21,109
REG,Regency Centers,71.23,0,0,61,51,112,-26,2,3,17,-4,108
FOXA,Fox Corporation (Class A),56.01,1,33,61,0,95,-3,3,1,12,13,108
SNA,Snap-on,311.17,1,-11,0,57,47,30,-14,-12,55,59,106
ZBRA,Zebra Technologies,308.27,39,20,-14,-5,40,30,39,-14,11,66,106
EXPD,Expeditors International,114.24,2,2,-13,129,120,14,2,-30,-1,-15,105
ULTA,Ulta Beauty,468.1,2,44,5,2,53,7,47,5,-7,52,105
ED,Consolidated Edison,100.33,0,-18,21,45,48,3,-6,15,43,55,103
EXPE,Expedia Group,168.67,14,7,42,9,72,33,-4,-11,12,30,102
VRTX,Vertex Pharmaceuticals,445.24,-5,-38,-2,102,57,-19,13,16,35,45,102
CSX,CSX Corporation,32.62,22,33,-29,2,28,36,37,3,-4,72,100
STLD,Steel Dynamics,127.98,-1,0,0,53,52,-1,-9,3,55,48,100
ECL,Ecolab,269.45,9,32,9,20,70,7,1,3,17,28,98
MSCI,MSCI Inc.,576.18,35,32,1,12,80,31,-16,-16,18,17,97
EL,EstÃ©e Lauder Companies (The),80.81,70,24,0,-24,70,21,37,1,-33,26,96
LVS,Las Vegas Sands,43.5,39,34,-15,-4,54,33,40,-19,-12,42,96
FOX,Fox Corporation (Class B),51.63,2,33,60,0,95,-3,3,-7,7,0,95
SOLV,Solventum,75.84,32,7,0,0,39,30,35,-9,0,56,95
DVA,DaVita,142.46,35,0,0,18,53,35,2,-13,17,41,94
VMC,Vulcan Materials Company,260.8,13,0,0,58,71,11,-16,3,25,23,94
WEC,WEC Energy Group,104.18,-28,-4,48,11,27,2,-6,61,9,66,93
BKR,Baker Hughes,38.32,0,0,0,33,33,15,33,-12,24,60,93
HSIC,Henry Schein,73.04,39,10,1,0,50,49,3,-12,1,41,91
VLTO,Veralto,100.95,35,34,0,0,69,30,-11,2,0,21,90
OTIS,Otis Worldwide,98.99,35,1,1,0,37,33,2,-7,24,52,89
IVZ,Invesco,15.77,39,10,-13,0,36,49,6,-13,11,53,89
GNRC,Generac,143.22,42,18,-13,-32,15,49,36,-21,8,72,87
DLTR,Dollar Tree,99.04,2,51,0,-13,40,-4,50,18,-20,44,84
OKE,Oneok,81.58,0,-6,-6,52,40,15,-2,-18,49,44,84
DECK,Deckers Brands,103.04,1,-13,-17,91,62,30,-25,-13,29,21,83
UHS,Universal Health Services,181.24,27,0,-4,20,43,30,-15,1,24,40,83
MU,Micron Technology,123.19,0,33,2,20,55,-12,39,3,-3,27,82
NEM,Newmont,58.26,0,58,12,3,73,-32,20,12,8,8,81
MKC,McCormick & Company,75.8,21,0,1,0,22,43,14,-7,8,58,80
NDSN,Nordson Corporation,214.34,9,33,-29,0,13,30,39,3,-5,67,80
IR,Ingersoll Rand,83.17,35,33,-14,21,75,-5,3,-21,27,4,79
APD,Air Products,282.02,29,5,0,14,48,-2,35,-12,8,29,77
SPG,Simon Property Group,160.71,20,3,0,33,56,-1,2,1,19,21,77
LII,Lennox International,573.34,43,1,0,36,80,5,-18,-16,25,-4,76
FIS,Fidelity National Information Services,81.39,2,49,0,-35,16,2,47,2,9,60,76
NVR,"NVR, Inc.",7390.04,21,3,-16,63,71,12,-9,-25,27,5,76
EOG,EOG Resources,119.21,-24,13,0,43,32,-6,14,-14,49,43,75
F,Ford Motor Company,10.84,18,48,0,-15,51,13,10,3,-3,23,74
KEYS,Keysight Technologies,163.84,35,34,9,0,78,-9,1,1,3,-4,74
BLDR,Builders FirstSource,116.67,43,0,-21,63,85,9,6,-25,-1,-11,74
MAS,Masco,64.34,17,0,-13,63,67,33,-21,-25,19,6,73
XEL,Xcel Energy,68.08,3,-18,44,10,39,-7,-18,52,7,34,73
PARA,Paramount Global,12.89,54,35,1,-37,53,15,41,5,-43,18,71
BA,Boeing,209.45,14,47,1,0,62,21,-6,3,-9,9,71
AOS,A. O. Smith,65.57,34,0,-35,56,55,35,-20,3,-3,15,70
CRM,Salesforce,272.62,35,0,-6,20,49,35,-21,-14,19,19,68
TYL,Tyler Technologies,592.84,8,6,0,15,29,11,33,-21,16,39,68
XOM,ExxonMobil,107.77,-33,0,0,42,9,-5,12,2,48,57,66
CPAY,Corpay,331.67,0,0,0,19,19,30,-8,1,23,46,65
IT,Gartner,404.22,5,-11,-14,56,36,-1,-14,-12,55,28,64
VZ,Verizon,43.26,7,0,23,8,38,7,-10,16,12,25,63
PKG,Packaging Corporation of America,188.34,-1,2,-6,59,54,8,-6,-19,24,7,61
TROW,T. Rowe Price,96.48,37,19,-16,-23,17,47,3,-18,11,43,60
VLO,Valero Energy,134.43,-14,34,0,42,62,-38,36,2,-3,-3,59
FSLR,First Solar,165.47,7,1,-32,60,36,30,-9,3,-4,20,56
PNW,Pinnacle West Capital,89.44,1,-11,61,16,67,-20,-30,15,24,-11,56
D,Dominion Energy,56.51,39,32,7,-32,46,8,-9,3,8,10,56
EW,Edwards Lifesciences,78.19,34,8,1,-12,31,43,-9,23,-33,24,55
UAL,United Airlines Holdings,79.6,14,7,0,9,30,30,-6,-13,14,25,55
CVS,CVS Health,68.97,21,7,3,-15,16,33,13,18,-26,38,54
DXCM,Dexcom,87.26,33,38,0,-12,59,5,-7,3,-7,-6,53
GM,General Motors,49.2,15,16,0,9,40,14,8,-21,11,12,52
SYY,Sysco,75.72,2,21,0,1,24,3,34,-21,12,28,52
CTSH,Cognizant,78.01,2,6,9,12,29,26,-10,-11,16,21,50
VTR,Ventas,63.13,0,-23,65,20,62,-12,-30,16,13,-13,49
CL,Colgate-Palmolive,90.88,4,0,-4,21,21,14,-6,-7,24,25,46
CMS,CMS Energy,69.27,-11,-26,69,21,53,-2,-32,15,12,-7,46
GEHC,GE HealthCare,74.07,23,3,-13,0,13,30,8,-11,6,33,46
NUE,Nucor,129.55,65,11,-48,1,29,35,12,-25,-6,16,45
EXC,Exelon,43.42,7,-23,48,12,44,7,-33,19,8,1,45
AMT,American Tower,220.98,1,12,9,4,26,-21,17,13,9,18,44
TER,Teradyne,89.89,51,5,-22,-4,30,-3,35,-16,-3,13,43
WBD,Warner Bros. Discovery,11.47,39,14,5,-40,18,33,34,1,-43,25,43
HST,Host Hotels & Resorts,15.36,-7,34,-25,0,2,-3,47,1,-4,41,43
SWKS,Skyworks Solutions,74.5,35,32,-36,-28,3,39,42,-39,-3,39,42
ESS,Essex Property Trust,283.4,-10,16,0,12,18,-5,14,3,12,24,42
DAL,Delta Air Lines,49.15,16,6,-6,17,33,10,-11,-14,24,9,42
CSGP,CoStar Group,80.37,-2,16,0,12,26,-5,11,16,-7,15,41
MOS,Mosaic Company (The),36.47,4,54,9,-14,53,4,4,8,-28,-12,41
SBUX,Starbucks,91.63,-5,2,3,1,1,9,33,-8,5,39,40
GDDY,GoDaddy,180.04,16,0,0,20,36,11,-18,-12,20,1,37
LEN,Lennar,110.63,18,0,-23,62,57,12,-4,-28,-1,-21,36
FI,Fiserv,172.41,42,-60,-7,33,8,6,5,-8,25,28,36
MDT,Medtronic,87.18,7,0,4,0,11,5,15,-7,11,24,35
PSX,Phillips 66,119.27,-31,33,-1,39,40,-39,35,2,-3,-5,35
JNJ,Johnson & Johnson,152.68,0,0,1,5,6,33,-2,-7,4,28,34
BALL,Ball Corporation,56.08,0,34,-28,-9,-3,-9,46,3,-3,37,34
ROST,Ross Stores,127.59,-7,-11,-6,33,9,12,-19,4,27,24,33
WAT,Waters Corporation,349.03,32,4,1,12,49,-2,-15,-13,12,-18,31
A,Agilent Technologies,117.97,21,8,-16,0,13,-3,37,-13,-3,18,31
WTW,Willis Towers Watson,306.56,30,-46,1,22,7,12,-10,-8,27,21,28
FE,FirstEnergy,40.24,0,0,0,53,53,-21,-19,3,12,-25,28
HES,Hess Corporation,138.55,-34,0,0,53,19,-7,19,-4,1,9,28
ABNB,Airbnb,132.3,0,19,-3,0,16,30,-6,-11,-3,10,26
PPG,PPG Industries,113.72,38,34,-39,-6,27,-2,2,3,-6,-3,24
ES,Eversource Energy,63.62,0,37,8,-8,37,13,-4,3,-26,-14,23
TPL,Texas Pacific Land Corporation,1057.37,0,-21,-2,56,33,-4,-21,3,11,-11,22
LUV,Southwest Airlines,32.43,9,33,9,-37,14,9,-4,1,2,8,22
UDR,"UDR, Inc.",40.8,0,0,0,0,0,-7,13,3,11,20,20
IP,International Paper,46.82,14,0,0,14,28,-1,-9,-13,14,-9,19
O,Realty Income,57.6,-22,30,3,5,16,-27,16,3,11,3,19
CTRA,Coterra,25.38,-24,0,4,42,22,-35,26,-5,11,-3,19
EXR,Extra Space Storage,147.44,0,31,-6,0,25,-20,-1,3,11,-7,18
MTD,Mettler Toledo,1174.24,23,19,-16,0,26,-10,39,-34,-3,-8,18
WBA,Walgreens Boots Alliance,11.47,21,34,0,-75,-20,21,49,1,-33,38,18
AMCR,Amcor,9.18,21,-4,-13,0,4,30,2,-28,9,13,17
PYPL,PayPal,74.3,35,24,-3,-37,19,11,-3,-17,7,-2,17
JBHT,J.B. Hunt,143.6,23,3,-24,0,2,38,6,-21,-8,15,17
WDAY,"Workday, Inc.",240.01,0,-6,-3,12,3,12,-20,1,20,13,16
EFX,Equifax,259.37,2,1,-2,14,15,1,-19,3,16,1,16
ADM,Archer Daniels Midland,52.8,0,35,-1,-9,25,-7,11,3,-18,-11,14
CHTR,Charter Communications,409.05,37,2,11,-34,16,8,-19,3,4,-4,12
LNT,Alliant Energy,60.48,-28,-4,61,12,41,-26,-18,3,11,-30,11
VTRS,Viatris,8.94,21,8,-18,-5,6,-3,12,-22,17,4,10
EQR,Equity Residential,67.47,0,0,0,11,11,10,-25,3,11,-1,10
FDX,FedEx,227.34,2,2,-19,30,15,10,7,-21,-2,-6,9
CHRW,C.H. Robinson,95.94,14,2,0,2,18,14,-9,-20,6,-9,9
EIX,Edison International,51.59,35,-17,-25,0,-7,7,-18,-22,48,15,8
AVB,AvalonBay Communities,203.47,-29,0,0,14,-15,-7,14,2,13,22,7
CF,CF Industries,92.02,-39,33,8,2,4,-51,45,3,6,3,7
EQIX,Equinix,795.72,-23,0,-1,32,8,-21,-4,-1,24,-2,6
INCY,Incyte,68.11,-5,20,0,-29,-14,-5,42,-24,5,18,4
SW,Smurfit Westrock,43.14,15,0,0,0,15,16,-12,-16,0,-12,3
HOLX,Hologic,65.15,16,22,-28,0,10,-4,29,-28,-5,-8,2
SBAC,SBA Communications,234.85,2,7,9,-18,0,-20,6,10,3,-1,-1
CMCSA,Comcast,35.67,17,6,-28,-7,-12,30,11,-25,-6,10,-2
CVX,Chevron Corporation,143.13,-34,0,-1,46,11,-33,17,-5,4,-17,-6
DD,DuPont,68.57,21,5,-14,17,29,-4,-4,-28,-1,-37,-8
PSA,Public Storage,293.27,0,0,-4,13,9,-21,-10,3,11,-17,-8
TGT,Target Corporation,98.64,14,0,-24,-9,-19,33,14,-32,-4,11,-8
GPC,Genuine Parts Company,121.3,7,1,-6,0,2,10,-9,3,-15,-11,-9
HPQ,HP Inc.,24.46,17,-11,-18,0,-12,30,-19,-22,14,3,-9
APTV,Aptiv,68.21,14,34,0,-22,26,-1,-4,3,-34,-36,-10
DPZ,Domino's,450.69,-14,-4,0,8,-10,-19,-20,20,16,-3,-13
RVTY,Revvity,96.67,38,0,-13,-22,3,-9,10,-18,1,-16,-13
AKAM,Akamai Technologies,79.74,37,1,-19,-5,14,-9,9,-19,-8,-27,-13
BXP,"BXP, Inc.",67.45,-48,32,-1,0,-17,-59,47,3,11,2,-15
CCI,Crown Castle,102.72,2,7,0,-26,-17,-20,6,13,3,2,-15
GPN,Global Payments,80.05,35,0,-20,-37,-22,30,2,-17,-8,7,-15
CRL,Charles River Laboratories,151.77,23,19,-47,-24,-29,36,37,-56,-6,11,-18
LULU,Lululemon Athletica,237.61,6,-16,-4,-1,-15,30,-10,-13,-10,-3,-18
AWK,American Water Works,139.08,-25,-4,19,0,-10,-27,-3,15,6,-9,-19
TSLA,"Tesla, Inc.",317.62,-16,16,0,8,8,-26,6,-17,8,-29,-21
NEE,NextEra Energy,69.42,-47,0,0,0,-47,-5,16,3,11,25,-22
ACN,Accenture,298.77,7,-7,-16,12,-4,-15,-9,-12,17,-19,-23
PCG,PG&E Corporation,13.93,0,-18,-23,0,-41,16,-20,-22,38,12,-29
INVH,Invitation Homes,32.79,-28,0,-1,5,-24,-28,-4,14,12,-6,-30
TECH,Bio-Techne,51.45,23,0,-20,-22,-19,-1,10,-20,-4,-15,-34
WST,West Pharmaceutical Services,218.89,-5,17,-20,-5,-13,-13,17,-20,-6,-22,-35
DHR,Danaher Corporation,197.52,0,16,-22,0,-6,-9,15,-33,-2,-29,-35
SWK,Stanley Black & Decker,67.75,21,0,-22,-37,-38,30,-11,-28,12,3,-35
EPAM,EPAM Systems,176.81,24,5,-19,-25,-15,35,-11,-10,-35,-21,-36
CDW,CDW Corporation,178.6,35,34,-35,2,36,2,-13,-56,-6,-73,-37
IPG,Interpublic Group of Companies (The),24.49,43,-4,-36,0,3,3,2,-33,-15,-43,-40
MHK,Mohawk Industries,104.83,23,-28,-19,-9,-33,33,-25,-27,12,-7,-40
ON,ON Semiconductor,52.42,-10,19,-30,0,-21,-13,40,-36,-13,-22,-43
FTV,Fortive,52.14,-7,-1,-14,-1,-23,-2,-6,-10,-3,-21,-44
MGM,MGM Resorts,34.4,16,14,-49,0,-19,29,8,-56,-7,-26,-45
EG,Everest Group,339.86,4,-15,-29,53,13,-10,-15,-30,-3,-58,-45
BBY,Best Buy,67.1,-3,0,-17,-4,-24,-5,-4,-28,14,-23,-47
PAYC,Paycom,231.4,0,0,12,-22,-10,2,-8,3,-35,-38,-48
PLD,Prologis,105.1,-10,0,-16,0,-26,-20,-3,3,-3,-23,-49
ADBE,Adobe Inc.,386.71,0,-4,-29,-4,-37,34,-11,-33,-3,-13,-50
HRL,Hormel Foods,30.24,-28,3,-3,-21,-49,10,13,3,-28,-2,-51
FANG,Diamondback Energy,137.4,-42,-1,-22,45,-20,-7,19,-41,-3,-32,-52
KMX,CarMax,67.21,0,0,-12,-34,-46,-13,11,-16,9,-9,-55
INTC,Intel,22.39,35,5,-62,-18,-40,-5,10,-10,-10,-15,-55
PFE,Pfizer,24.24,0,15,-26,-21,-32,-5,40,-34,-26,-25,-57
KDP,Keurig Dr Pepper,33.06,-24,-20,0,0,-44,-38,4,11,10,-13,-57
MOH,Molina Healthcare,297.86,13,-26,-6,0,-19,-11,-20,-2,-6,-39,-58
TSN,Tyson Foods,55.92,8,-39,-4,-26,-61,5,-8,-4,9,2,-59
EMN,Eastman Chemical Company,74.67,-4,-11,-14,0,-29,-5,-13,-28,13,-33,-62
IQV,IQVIA,157.5,8,0,-33,-4,-29,-9,15,-35,-4,-33,-62
JKHY,Jack Henry & Associates,180.21,-28,2,9,2,-15,-26,-10,-20,9,-47,-62
LKQ,LKQ Corporation,36.99,-9,-11,-3,0,-23,-2,-17,-7,-15,-41,-64
IEX,IDEX Corporation,175.62,0,0,-21,0,-21,-2,-18,-21,-4,-45,-66
FRT,Federal Realty Investment Trust,94.99,-11,0,-16,0,-27,-25,-4,-22,12,-39,-66
BG,Bunge Global,80.28,-6,12,-37,0,-31,-43,8,3,-3,-35,-66
COO,Cooper Companies (The),71.17,14,-21,-20,-3,-30,14,-25,-25,-1,-37,-67
MAA,Mid-America Apartment Communities,148.0,-29,-20,0,0,-49,-7,-27,-1,9,-26,-75
SJM,J.M. Smucker Company (The),98.2,7,-14,-5,-2,-14,-28,-14,-3,-21,-66,-80
MRNA,Moderna,27.58,21,0,-48,-2,-29,36,-5,-48,-37,-54,-83
HUM,Humana,244.46,16,0,-82,-10,-76,22,2,-13,-18,-7,-83
ELV,Elevance Health,388.95,12,-33,-37,0,-58,23,-48,-3,-1,-29,-87
IFF,International Flavors & Fragrances,73.54,-7,-1,-16,-29,-53,-12,-5,-28,9,-36,-89
WY,Weyerhaeuser,25.68,-14,-2,-16,0,-32,-22,-1,-28,-6,-57,-89
MTCH,Match Group,30.88,0,18,-19,-35,-36,-19,26,-26,-36,-55,-91
DAY,Dayforce,55.4,-29,0,-13,-10,-52,-21,-4,-17,3,-39,-91
MKTX,MarketAxess,223.18,1,1,-21,-27,-46,-17,10,3,-42,-46,-92
LYB,LyondellBasell,57.86,-2,0,-37,-3,-42,-5,10,-51,-5,-51,-93
POOL,Pool Corporation,291.69,-7,-13,-16,-4,-40,-13,-19,-22,-7,-61,-101
HSY,Hershey Company (The),165.95,-27,0,-38,-2,-67,-28,15,-7,-17,-37,-104
AVY,Avery Dennison,175.35,-10,0,-28,0,-38,-19,-9,-36,-3,-67,-105
PEP,PepsiCo,132.04,8,-59,-35,-1,-87,11,14,-32,-11,-18,-105
DOC,Healthpeak Properties,17.5,2,-60,-10,-29,-97,-7,14,-25,7,-11,-108
REGN,Regeneron Pharmaceuticals,524.82,8,-21,-34,-2,-49,-4,-18,-35,-2,-59,-108
SLB,Schlumberger,33.78,-39,-6,-63,0,-108,12,10,-14,-8,0,-108
ALGN,Align Technology,189.29,34,19,-60,-23,-30,5,8,-55,-36,-78,-108
ERIE,Erie Indemnity,346.75,-86,-46,-10,37,-105,2,-7,-28,29,-4,-109
UPS,United Parcel Service,100.92,14,0,-99,-14,-99,15,34,-27,-32,-10,-109
CZR,Caesars Entertainment,28.38,0,7,-19,-23,-35,-14,2,-28,-35,-75,-110
BAX,Baxter International,30.27,0,-2,-16,-36,-54,-9,-4,-7,-39,-59,-113
KMB,Kimberly-Clark,128.94,-133,-11,-1,16,-129,4,-11,-4,24,13,-116
MRK,Merck & Co.,79.11,-16,0,-40,-2,-58,-26,14,-44,-4,-60,-118
AES,AES Corporation,10.5,0,-9,-35,-9,-53,-7,4,-46,-22,-71,-124
ALB,Albemarle Corporation,62.66,21,0,-121,-21,-121,30,10,-20,-23,-3,-124
BDX,Becton Dickinson,172.22,2,-87,-21,-3,-109,11,-2,-12,-13,-16,-125
KVUE,Kenvue,20.92,-62,-18,0,0,-80,-41,-19,12,1,-47,-127
COP,ConocoPhillips,89.72,-36,-2,-38,0,-76,-4,12,-54,-6,-52,-128
ZTS,Zoetis,155.41,-77,-3,-28,-1,-109,-13,-8,2,-3,-22,-131
NKE,"Nike, Inc.",71.01,19,2,-70,-19,-68,37,2,-71,-34,-66,-134
CPT,Camden Property Trust,112.65,-67,-1,0,0,-68,-77,-4,3,9,-69,-137
OMC,Omnicom Group,71.93,8,-138,-20,0,-150,14,-25,-25,48,12,-138
OXY,Occidental Petroleum,42.0,-38,0,-48,0,-86,-5,16,-52,-14,-55,-141
CNC,Centene Corporation,54.26,0,-27,-37,-9,-73,-11,-25,-6,-26,-68,-141
DVN,Devon Energy,31.8,-39,0,-43,-3,-85,-53,13,2,-20,-58,-143
HAL,Halliburton,20.36,-41,-4,-56,-3,-104,8,14,-55,-7,-40,-144
ARE,Alexandria Real Estate Equities,72.61,-7,-4,-30,-28,-69,-11,8,-41,-33,-77,-146
TMO,Thermo Fisher Scientific,405.4,22,-85,-15,-3,-81,39,-95,-14,-1,-71,-152
LW,Lamb Weston,51.86,-63,-1,-65,-6,-135,7,-1,-19,-12,-25,-160
BMY,Bristol Myers Squibb,46.29,-69,-59,-2,-3,-133,-25,-3,-7,3,-32,-165
DOW,Dow Inc.,26.47,-55,-8,-36,0,-99,-10,-4,-51,-6,-71,-170
STZ,Constellation Brands,162.65,-13,-17,-38,-1,-69,-22,-21,-54,-6,-103,-172
BIIB,Biogen,125.58,-5,0,-77,-25,-107,-9,-4,-40,-16,-69,-176
KHC,Kraft Heinz,25.82,-28,-47,-35,-2,-112,-12,-37,-7,-8,-64,-176
APA,APA Corporation,18.27,-42,16,-78,-10,-114,13,20,-82,-17,-66,-180
BF-B,Brownâ€“Forman,26.9,7,-21,-96,-16,-126,12,-20,-28,-26,-62,-188
TAP,Molson Coors Beverage Company,48.09,-175,-45,-6,12,-214,3,-19,-7,-1,-24,-238
GIS,General Mills,51.79,-74,-58,-34,-2,-168,-28,-4,-30,-17,-79,-247
ZBH,Zimmer Biomet,91.19,-5,-57,-58,-15,-135,-13,-27,-57,-16,-113,-248
ENPH,Enphase Energy,39.63,0,-118,-39,-18,-175,-4,-59,-46,-22,-131,-306
CPB,Campbell's Company (The),30.65,-94,-59,-25,-4,-182,-20,-69,-32,-3,-124,-306
CAG,Conagra Brands,20.45,-122,-52,-25,-5,-204,-47,-66,-7,-21,-141,-345
CLX,Clorox,120.06,-122,-122,-10,-3,-257,1,-80,-20,11,-88,-345
