Symbol,Name,Close,1H Cloud Score,1D Cloud Score,1W Cloud Score,1M Cloud Score,Cloud Score Sum,1H TKx Score,1D TKx Score,1W TKx Score,1M TKx Score,TKx Score Sum,Total Score Sum
TJX,TJX Companies,123.01,-49,0,140,196,287,-4,-11,109,191,285,572
RSG,Republic Services,248.98,0,24,116,175,315,-9,15,85,158,249,564
ORCL,Oracle Corporation,208.17,112,25,3,196,336,110,32,2,25,169,505
IBM,IBM,283.02,80,31,101,52,264,79,39,48,54,220,484
WM,Waste Management,234.28,0,23,87,185,295,-9,15,19,157,182,477
AJG,Arthur J. Gallagher & Co.,316.05,-1,-7,157,184,333,-3,-2,20,105,120,453
CTVA,Corteva,74.21,280,39,45,0,364,26,39,2,9,76,440
ORLY,Oâ€™Reilly Automotive,88.79,-20,-5,155,197,327,-31,6,46,87,108,435
CTAS,Cintas,221.25,-13,46,11,163,207,-4,41,5,185,227,434
ROL,"Rollins, Inc.",56.4,-11,48,23,284,344,-9,41,15,33,80,424
KLAC,KLA Corporation,893.0,70,26,6,175,277,72,41,2,24,139,416
PLTR,Palantir Technologies,138.23,46,39,108,0,193,46,41,111,18,216,409
PGR,Progressive Corporation,265.71,-54,-6,97,175,212,-3,-2,14,187,196,408
NRG,NRG Energy,152.08,0,39,95,92,226,16,41,105,19,181,407
WRB,W. R. Berkley Corporation,72.89,0,81,86,174,341,-3,-1,16,53,65,406
ICE,Intercontinental Exchange,180.99,16,32,104,159,311,28,33,14,19,94,405
CF,CF Industries,102.44,294,25,7,2,328,26,37,2,6,71,399
HWM,Howmet Aerospace,172.06,14,39,140,27,220,-1,39,84,52,174,394
JPM,JPMorgan Chase,269.5,15,28,115,156,314,12,39,2,24,77,391
MSFT,Microsoft,478.04,112,33,8,171,324,-1,41,2,23,65,389
PM,Philip Morris International,183.5,34,99,62,53,248,-5,41,77,25,138,386
RTX,RTX Corporation,148.48,93,25,69,52,239,26,31,76,12,145,384
COST,Costco,977.75,-63,35,109,178,259,-63,-2,2,182,119,378
CDNS,Cadence Design Systems,299.08,-3,38,9,139,183,-17,3,2,178,166,349
WELL,Welltower,151.82,0,23,108,56,187,-4,19,125,22,162,349
COR,Cencora,293.28,27,103,36,69,235,-1,3,47,65,114,349
MCK,McKesson Corporation,724.11,30,99,34,56,219,-5,39,30,65,129,348
SO,Southern Company,88.4,-7,-1,68,188,248,-9,15,15,77,98,346
BSX,Boston Scientific,101.72,0,3,136,142,281,12,-8,2,55,61,342
DGX,Quest Diagnostics,178.95,63,40,60,16,179,83,6,60,12,161,340
AXON,Axon Enterprise,777.83,1,37,137,92,267,-3,41,2,28,68,335
NFLX,Netflix,1221.09,0,44,108,18,170,26,41,79,18,164,334
MA,Mastercard,569.68,-21,34,118,153,284,-22,39,2,24,43,327
ADP,Automatic Data Processing,307.47,-48,29,77,178,236,1,32,2,55,90,326
CAH,Cardinal Health,164.88,28,48,47,36,159,28,39,40,55,162,321
FAST,Fastenal,41.54,-4,48,115,104,263,-15,40,8,24,57,320
V,Visa Inc.,357.84,-21,35,129,131,274,-21,39,2,24,44,318
MNST,Monster Beverage,62.76,-4,76,18,178,268,-3,39,11,2,49,317
LH,Labcorp,259.34,107,32,47,13,199,75,32,-7,16,116,315
TDG,TransDigm Group,1424.49,9,39,11,155,214,-5,39,2,55,91,305
BR,Broadridge Financial Solutions,238.67,-31,25,106,143,243,-2,39,2,23,62,305
HUBB,Hubbell Incorporated,391.22,2,24,-2,180,204,6,42,-17,69,100,304
INTU,Intuit,764.74,1,39,9,189,238,6,39,2,18,65,303
NDAQ,"Nasdaq, Inc.",85.94,0,32,68,142,242,5,39,2,12,58,300
PWR,Quanta Services,358.64,16,33,9,97,155,26,41,2,70,139,294
GS,Goldman Sachs,624.46,62,26,84,56,228,7,37,2,19,65,293
LRCX,Lam Research,92.67,70,26,1,150,247,12,33,2,-3,44,291
CBOE,Cboe Global Markets,225.4,4,22,136,53,215,-5,17,14,49,75,290
NVDA,Nvidia,144.04,14,25,6,132,177,49,33,2,24,108,285
BRO,Brown & Brown,108.1,7,-35,108,161,241,23,-2,-2,24,43,284
STE,Steris,237.11,-13,29,6,193,215,-7,39,14,23,69,284
ALL,Allstate,198.21,-1,25,89,157,270,-2,-2,3,15,14,284
DE,Deere & Company,522.94,14,28,41,107,190,6,39,37,8,90,280
PAYX,Paychex,152.46,-43,32,76,165,230,-2,32,5,12,47,277
LYV,Live Nation Entertainment,145.6,6,27,86,145,264,6,1,-9,14,12,276
MMC,Marsh McLennan,216.03,-55,-7,0,173,111,-9,-2,-3,176,162,273
DRI,Darden Restaurants,224.69,14,45,36,59,154,12,39,40,28,119,273
ADI,Analog Devices,227.41,0,26,3,177,206,6,32,2,24,64,270
ETN,Eaton Corporation,330.39,14,26,0,112,152,26,39,-17,70,118,270
YUM,Yum! Brands,139.97,-14,-18,20,257,245,-33,-14,14,55,22,267
CHD,Church & Dwight,96.16,-21,-50,-8,342,263,-26,13,-6,23,4,267
TT,Trane Technologies,421.86,-4,34,8,162,200,-1,39,2,27,67,267
LLY,Lilly (Eli),791.32,0,-1,0,170,169,-4,5,2,94,97,266
VRSN,Verisign,283.94,14,137,28,7,186,23,5,44,5,77,263
MCD,McDonald's,292.32,-64,-7,44,240,213,-11,-10,14,55,48,261
VRSK,Verisk Analytics,307.23,-49,35,60,112,158,-12,32,51,26,97,255
DTE,DTE Energy,131.97,-13,0,66,187,240,-12,-7,19,11,11,251
EBAY,eBay Inc.,77.39,0,35,69,12,116,4,39,74,14,131,247
DUK,Duke Energy,114.8,-11,-11,68,181,227,-11,3,14,14,20,247
PANW,Palo Alto Networks,202.01,14,26,9,79,128,25,37,2,55,119,247
EMR,Emerson Electric,127.39,77,26,8,62,173,14,32,2,24,72,245
TRV,Travelers Companies (The),264.34,0,40,83,56,179,-2,-2,16,54,66,245
GOOG,Alphabet Inc. (Class C),177.21,0,15,0,174,189,8,37,-11,19,53,242
LIN,Linde plc,460.94,-13,24,5,108,124,-27,39,2,104,118,242
GOOGL,Alphabet Inc. (Class A),175.93,0,15,0,174,189,7,37,-11,19,52,241
LMT,Lockheed Martin,479.22,9,4,-21,163,155,-2,15,2,70,85,240
ROP,Roper Technologies,562.58,-18,25,21,180,208,-21,-8,36,24,31,239
MSI,Motorola Solutions,406.33,-49,-10,0,151,92,-16,-1,-19,183,147,239
MU,Micron Technology,120.35,84,25,1,20,130,79,31,2,-3,109,239
WMB,Williams Companies,58.47,-14,25,104,50,165,-5,17,2,55,69,234
HIG,Hartford (The),125.52,-11,40,86,55,170,-2,-6,13,54,59,229
NI,NiSource,39.28,-7,23,66,43,125,-5,15,81,12,103,228
JBL,Jabil,196.91,14,29,11,63,117,13,39,3,55,110,227
HON,Honeywell,221.79,-31,26,8,176,179,-9,35,2,20,48,227
MPWR,Monolithic Power Systems,690.37,-4,26,-18,155,159,5,36,2,24,67,226
CME,CME Group,269.76,0,0,46,134,180,-11,-3,42,17,45,225
FTNT,Fortinet,102.89,2,25,46,111,184,6,19,2,11,38,222
IRM,Iron Mountain,102.76,15,31,0,55,101,25,39,2,54,120,221
PTC,PTC Inc.,167.52,-4,25,-18,180,183,-1,33,-19,24,37,220
BK,BNY Mellon,89.76,2,28,86,38,154,12,32,2,17,63,217
RCL,Royal Caribbean Group,262.26,-21,26,113,26,144,6,39,2,25,72,216
TKO,TKO Group Holdings,167.93,14,36,63,38,151,12,3,2,48,65,216
DASH,DoorDash,219.42,16,25,89,0,130,30,38,2,16,86,216
AVGO,Broadcom,249.34,-1,29,11,114,153,-9,41,2,28,62,215
BKR,Baker Hughes,39.6,84,1,2,33,120,56,25,-11,24,94,214
T,AT&T,27.65,-4,23,62,14,95,-19,39,86,13,119,214
KMI,Kinder Morgan,27.48,-4,24,84,42,146,-3,32,-11,50,68,214
NWS,News Corp (Class B),31.85,-3,29,104,56,186,12,-6,2,19,27,213
MPC,Marathon Petroleum,170.12,56,28,0,47,131,49,32,2,-6,77,208
CRWD,CrowdStrike,492.04,35,39,37,0,111,35,41,2,18,96,207
EOG,EOG Resources,124.37,61,5,0,43,109,55,6,-13,49,97,206
XOM,ExxonMobil,114.01,56,5,1,42,104,48,4,1,48,101,205
MS,Morgan Stanley,130.07,-4,26,68,62,152,-1,37,2,14,52,204
AME,Ametek,175.55,-7,26,0,104,123,-22,-1,2,99,78,201
L,Loews Corporation,88.25,-1,26,104,53,182,-3,-2,2,22,19,201
AIZ,Assurant,198.27,0,16,0,150,166,-1,30,-12,17,34,200
KO,Coca-Cola Company (The),69.62,-18,-1,20,180,181,-22,14,15,12,19,200
AAPL,Apple Inc.,195.64,-34,-5,-2,249,208,-46,-15,-17,69,-9,199
AMGN,Amgen,290.01,0,0,0,163,163,-7,14,-6,34,35,198
AMAT,Applied Materials,174.1,71,26,-22,147,222,14,6,-41,-3,-24,198
JCI,Johnson Controls,103.82,14,34,67,17,132,7,39,2,16,64,196
SCHW,Charles Schwab Corporation,88.96,14,39,69,9,131,12,39,2,12,65,196
RJF,Raymond James Financial,147.49,14,25,84,56,179,19,-8,-12,17,16,195
COF,Capital One,193.88,-6,32,86,19,131,4,39,2,16,61,192
J,Jacobs Solutions,128.44,14,24,0,104,142,6,39,-16,17,46,188
PSX,Phillips 66,124.55,49,25,0,39,113,49,27,1,-3,74,187
WMT,Walmart,94.24,-51,40,119,99,207,-63,14,2,27,-20,187
EXE,Expand Energy,119.56,15,46,33,0,94,21,31,33,8,93,187
EQT,EQT Corporation,58.84,21,32,33,40,126,23,-3,33,8,61,187
TMUS,T-Mobile US,221.31,-46,-27,86,137,150,-47,-37,88,33,37,187
BKNG,Booking Holdings,5300.46,-35,38,128,33,164,-42,39,2,24,23,187
ETR,Entergy,80.97,-13,-1,65,16,67,-13,39,81,12,119,186
ATO,Atmos Energy,152.31,-10,-2,66,43,97,-12,-19,77,43,89,186
GD,General Dynamics,281.24,29,48,0,52,129,-5,3,2,55,55,184
VLO,Valero Energy,141.77,42,26,0,42,110,48,28,1,-3,74,184
HCA,HCA Healthcare,372.41,2,40,6,95,143,4,-2,8,27,37,180
VST,Vistra Corp.,177.67,20,25,11,28,84,28,38,-13,43,96,180
KR,Kroger,65.94,0,-11,71,65,125,21,-22,42,13,54,179
TPR,"Tapestry, Inc.",82.74,14,26,72,19,131,6,32,-7,17,48,179
AZO,AutoZone,3601.44,-54,-3,86,84,113,-29,-7,46,55,65,178
CTRA,Coterra,26.68,84,4,3,42,133,19,18,-4,11,44,177
MDLZ,Mondelez International,66.34,-7,-1,0,180,172,-12,13,11,-7,5,177
FFIV,"F5, Inc.",288.57,-6,25,86,12,117,1,39,2,15,57,174
GEN,Gen Digital,29.76,80,29,7,14,130,-3,31,2,14,44,174
TTWO,Take-Two Interactive,237.45,14,46,37,11,108,6,3,37,18,64,172
AIG,American International Group,84.22,-7,23,20,51,87,23,26,15,19,83,170
UNP,Union Pacific Corporation,220.52,-7,0,-5,196,184,-29,7,-11,17,-16,168
APH,Amphenol,92.76,0,39,11,63,113,-13,41,2,25,55,168
ABT,Abbott Laboratories,132.25,-4,23,48,11,78,-9,41,40,12,84,162
AON,Aon plc,350.8,-49,-2,0,175,124,-7,-2,-7,54,38,162
TEL,TE Connectivity,163.68,0,32,8,60,100,6,38,2,16,62,162
AXP,American Express,292.74,-21,26,9,97,111,5,39,-13,19,50,161
MCO,Moody's Corporation,471.24,-28,26,8,154,160,-47,34,-10,23,0,160
PEG,Public Service Enterprise Group,81.04,1,5,0,150,156,-4,12,-19,15,4,160
HES,Hess Corporation,144.31,87,1,2,53,143,7,11,-3,1,16,159
MO,Altria,58.99,-4,23,62,43,124,-12,14,18,14,34,158
CB,Chubb Limited,283.79,-49,-2,93,56,98,-7,-2,14,54,59,157
CSCO,Cisco,65.34,9,26,40,12,87,13,32,2,23,70,157
CAT,Caterpillar Inc.,357.61,0,25,0,62,87,-1,32,-16,55,70,157
DLTR,Dollar Tree,98.41,63,43,0,-13,93,24,42,17,-20,63,156
TRGP,Targa Resources,169.63,67,0,0,49,116,-5,3,-12,52,38,154
STLD,Steel Dynamics,133.16,6,38,2,53,99,-2,-1,2,55,54,153
FICO,Fair Isaac,1776.42,-1,-19,0,164,144,12,-12,-20,29,9,153
NEM,Newmont,58.53,28,50,11,3,92,28,12,11,8,59,151
BRK-B,Berkshire Hathaway,483.52,-31,-11,116,60,134,-3,-23,17,24,15,149
AMD,Advanced Micro Devices,127.08,14,25,-34,108,113,7,32,2,-5,36,149
EVRG,Evergy,66.75,0,7,50,12,69,-5,7,69,8,79,148
SHW,Sherwin-Williams,330.97,-30,-3,-2,188,153,-26,-1,2,17,-8,145
BEN,Franklin Resources,22.35,57,29,0,0,86,37,39,2,-20,58,144
AMP,Ameriprise Financial,506.74,-7,25,1,62,81,6,-1,-12,69,62,143
SYK,Stryker Corporation,373.44,-30,26,9,157,162,-28,-6,-12,27,-19,143
LHX,L3Harris,250.86,33,48,4,3,88,-5,41,4,12,52,140
TSCO,Tractor Supply,51.0,0,0,0,83,83,-4,2,-25,83,56,139
WAB,Wabtec,200.79,-7,28,11,47,79,-36,39,2,54,59,138
ITW,Illinois Tool Works,241.12,-21,0,-5,176,150,-30,-3,-6,27,-12,138
TRMB,Trimble Inc.,71.77,-3,26,71,2,96,8,31,-12,10,37,133
PPL,PPL Corporation,33.43,-13,-3,68,21,73,-11,-22,80,12,59,132
GILD,Gilead Sciences,108.0,-7,20,43,33,89,-13,21,-3,37,42,131
STX,Seagate Technology,130.78,13,26,6,20,65,11,37,2,16,66,131
SPGI,S&P Global,501.23,-28,26,8,170,176,-47,-7,-10,19,-45,131
VICI,Vici Properties,32.3,0,7,50,13,70,-17,7,15,55,60,130
CINF,Cincinnati Financial,145.26,-42,32,77,60,127,-13,-1,2,13,1,128
SNPS,Synopsys,475.22,-6,13,-19,178,166,-22,5,-20,-3,-40,126
FANG,Diamondback Energy,152.95,78,8,-21,45,110,48,11,-40,-3,16,126
FOXA,Fox Corporation (Class A),54.08,-7,25,60,0,78,14,26,-5,12,47,125
ADSK,Autodesk,296.9,14,29,46,12,101,6,-1,2,17,24,125
GEV,GE Vernova,488.8,14,38,0,0,52,28,41,3,0,72,124
DLR,Digital Realty,176.03,0,32,7,20,59,7,39,2,17,65,124
ODFL,Old Dominion,156.58,-16,0,-18,185,151,-26,-10,-23,30,-29,122
RL,Ralph Lauren Corporation,265.41,-56,28,86,32,90,6,-1,2,24,31,121
NOC,Northrop Grumman,503.82,29,6,2,56,93,-5,13,9,10,27,120
CVX,Chevron Corporation,148.86,56,1,1,46,104,7,9,-4,4,16,120
PCAR,Paccar,91.11,-19,0,-14,157,124,-28,-2,-6,32,-4,120
GRMN,Garmin,197.82,-17,0,104,17,104,-22,27,-9,19,15,119
PH,Parker Hannifin,652.21,-21,27,9,63,78,-31,39,2,28,38,116
NTRS,Northern Trust,109.65,14,26,8,9,57,12,32,2,11,57,114
GWW,W. W. Grainger,1045.85,-21,26,0,92,97,-40,-1,2,55,16,113
WDC,Western Digital,58.57,14,26,4,16,60,12,37,2,1,52,112
WEC,WEC Energy Group,104.09,-16,-2,47,11,40,-12,15,60,9,72,112
REG,Regency Centers,70.13,-31,24,60,51,104,-2,-11,2,17,6,110
META,Meta Platforms,697.24,0,26,9,27,62,6,31,-10,21,48,110
DOV,Dover Corporation,176.07,-6,15,0,104,113,-1,-8,-11,17,-3,110
ABBV,AbbVie,185.47,-6,-1,8,56,57,-9,5,-5,62,53,110
C,Citigroup,77.36,0,26,11,16,53,6,36,2,12,56,109
CBRE,CBRE Group,132.26,0,10,84,20,114,-13,6,-11,12,-6,108
BALL,Ball Corporation,55.3,75,26,-27,-9,65,6,38,2,-3,43,108
ULTA,Ulta Beauty,472.12,9,36,4,2,51,19,39,4,-7,55,106
CI,Cigna,312.51,-5,-11,0,56,40,-2,1,12,55,66,106
VRTX,Vertex Pharmaceuticals,442.02,-7,-30,-1,102,64,-13,5,15,35,42,106
NWSA,News Corp (Class A),27.76,-4,26,1,56,79,12,-6,2,19,27,106
XYL,Xylem Inc.,125.38,-6,26,-2,20,38,9,36,2,20,67,105
FDS,FactSet,424.02,-90,-5,-3,192,94,-4,-8,1,21,10,104
KKR,KKR & Co.,121.06,-7,15,0,101,109,-21,8,-12,19,-6,103
SYF,Synchrony Financial,60.29,0,26,9,19,54,5,39,-12,16,48,102
CPRT,Copart,48.0,-28,-17,-5,174,124,-21,-13,-15,26,-23,101
DELL,Dell Technologies,115.92,10,26,-17,30,49,12,39,2,-2,51,100
RMD,ResMed,250.1,0,32,9,11,52,-2,38,1,11,48,100
BAC,Bank of America,44.22,-6,26,9,16,45,8,33,2,12,55,100
TXN,Texas Instruments,197.7,0,26,1,20,47,6,30,2,14,52,99
LDOS,Leidos,149.38,27,38,-5,21,81,5,-11,5,17,16,97
STT,State Street Corporation,96.51,-5,28,9,14,46,5,33,1,12,51,97
ADM,Archer Daniels Midland,53.98,44,27,0,-9,62,48,3,2,-18,35,97
FCX,Freeport-McMoRan,41.38,2,26,-29,56,55,12,32,2,-4,42,97
NTAP,NetApp,103.21,0,11,-17,55,49,10,39,-22,20,47,96
KIM,Kimco Realty,20.75,-11,25,-1,53,66,-2,39,-20,12,29,95
AMZN,Amazon,214.81,2,16,9,19,46,11,31,-11,18,49,95
UNH,UnitedHealth Group,308.85,35,-42,-10,-2,-19,-9,-37,-23,182,113,94
ANET,Arista Networks,89.67,-6,11,0,56,61,-15,7,-13,54,33,94
MOS,Mosaic Company (The),36.14,9,46,8,-14,49,26,39,7,-28,44,93
URI,United Rentals,695.21,-4,26,-2,62,82,-22,-1,-21,55,11,93
ED,Consolidated Edison,101.32,-11,-10,20,45,44,-11,2,14,43,48,92
FOX,Fox Corporation (Class B),49.62,-7,25,59,0,77,14,-1,-6,7,14,91
NOW,ServiceNow,1004.53,-37,27,9,80,79,7,-3,-12,20,12,91
ACGL,Arch Capital Group,90.15,-12,0,0,60,48,-7,-2,2,49,42,90
GLW,Corning Inc.,50.48,0,25,11,15,51,6,32,-12,12,38,89
HLT,Hilton Worldwide,246.97,-21,26,8,62,75,3,-3,-10,24,14,89
AEP,American Electric Power,101.63,-2,-15,65,21,69,-10,3,15,12,20,89
BX,Blackstone Inc.,135.65,-11,0,-5,140,124,-26,-12,-16,19,-35,89
AFL,Aflac,102.08,0,-19,0,56,37,19,-22,2,53,52,89
O,Realty Income,57.51,48,22,2,5,77,-10,8,2,11,11,88
DG,Dollar General,113.33,14,67,0,-15,66,16,15,14,-24,21,87
HAS,Hasbro,67.49,0,26,6,1,33,6,37,2,9,54,87
AEE,Ameren,94.37,-18,-3,48,11,38,-12,-1,53,8,48,86
CMG,Chipotle Mexican Grill,51.38,-4,10,-16,78,68,6,3,-18,27,18,86
NSC,Norfolk Southern,250.3,-3,25,3,2,27,6,39,2,12,59,86
ECL,Ecolab,261.19,-7,24,8,20,45,-13,34,2,17,40,85
HII,Huntington Ingalls Industries,234.34,30,65,0,4,99,-2,-14,8,-7,-15,84
MMM,3M,142.17,-10,26,66,12,94,-21,-3,2,12,-10,84
HPE,Hewlett Packard Enterprise,17.9,-6,22,-16,40,40,6,-1,-13,52,44,84
EA,Electronic Arts,150.33,25,2,0,5,32,24,1,8,19,52,84
EXPD,Expeditors International,113.82,0,0,-12,129,117,-3,-1,-29,-1,-34,83
PNR,Pentair,96.23,-23,26,0,60,63,-25,39,-16,22,20,83
BLK,BlackRock,969.05,-10,25,9,20,44,-22,39,2,19,38,82
CVS,CVS Health,67.08,51,0,2,-15,38,48,5,17,-26,44,82
GE,GE Aerospace,235.67,-34,37,11,25,39,-44,37,22,27,42,81
WFC,Wells Fargo,72.52,-40,26,84,27,97,-34,-1,2,17,-16,81
SRE,Sempra,74.07,-66,2,-7,179,108,-17,-3,-21,12,-29,79
COIN,Coinbase,253.86,1,25,0,0,26,11,39,-15,16,51,77
JNPR,Juniper Networks,35.92,14,21,0,52,87,12,-12,-29,18,-11,76
ROK,Rockwell Automation,320.43,-4,29,7,13,45,6,31,2,-9,30,75
ISRG,Intuitive Surgical,511.88,-49,2,86,20,59,12,-7,-13,24,16,75
TXT,Textron,76.87,2,26,-27,51,52,-12,36,2,-3,23,75
BXP,"BXP, Inc.",71.73,0,24,0,0,24,-3,39,2,11,49,73
PODD,Insulet Corporation,304.39,0,27,37,2,66,-2,-2,6,4,6,72
CCL,Carnival,23.26,-7,25,9,0,27,6,33,-12,17,44,71
CEG,Constellation Energy,305.68,0,26,8,0,34,19,-2,2,17,36,70
UBER,Uber,84.74,-4,38,10,0,44,2,-8,8,24,26,70
IDXX,Idexx Laboratories,520.38,-3,33,6,2,38,-3,39,2,-6,32,70
PRU,Prudential Financial,103.39,-6,16,-5,53,58,5,8,-19,17,11,69
TDY,Teledyne Technologies,490.71,-22,25,44,12,59,-35,30,2,13,10,69
APO,Apollo Global Management,132.39,-7,8,-2,95,94,-21,-14,-15,24,-26,68
PNW,Pinnacle West Capital,88.82,-11,-3,60,16,62,-11,-22,14,24,5,67
EQIX,Equinix,886.53,-24,26,9,32,43,-43,39,2,24,22,65
MLM,Martin Marietta Materials,541.38,-17,35,-2,58,74,-31,-6,2,25,-10,64
MET,MetLife,77.84,-21,25,0,56,60,6,-7,-12,16,3,63
DVN,Devon Energy,34.69,63,8,-42,-3,26,49,5,1,-20,35,61
AMT,American Tower,215.19,28,4,8,4,44,-13,9,12,9,17,61
FIS,Fidelity National Information Services,80.44,0,41,0,-35,6,6,39,1,9,55,61
WSM,"Williams-Sonoma, Inc.",156.93,-3,0,0,63,60,5,-14,-9,19,1,61
HD,Home Depot (The),348.73,-49,-1,-4,178,124,-54,-11,-16,17,-64,60
VTR,Ventas,62.76,-10,-15,64,20,59,-5,-22,15,13,1,60
LNT,Alliant Energy,60.09,-11,-2,60,12,59,-5,-10,2,11,-2,57
CMS,CMS Energy,69.11,-11,-18,68,21,60,-5,-24,14,12,-3,57
VMC,Vulcan Materials Company,258.93,-21,34,0,58,71,-35,-8,2,25,-16,55
HBAN,Huntington Bancshares,15.47,-21,26,0,19,24,-26,37,2,14,27,51
CTSH,Cognizant,79.69,-5,26,8,12,41,6,-2,-10,16,10,51
PG,Procter & Gamble,158.52,-64,-3,-1,177,109,-77,-1,-6,24,-60,49
MAR,Marriott International,256.26,-21,26,0,56,61,-25,-3,-11,25,-14,47
ANSS,Ansys,336.78,-5,26,9,9,39,-21,5,2,21,7,46
NXPI,NXP Semiconductors,212.76,0,10,-17,61,54,1,34,-40,-3,-8,46
BA,Boeing,200.25,-28,39,0,0,11,3,39,2,-9,35,46
LOW,Lowe's,211.89,-40,-3,-12,164,109,-53,-11,-19,17,-66,43
GL,Globe Life,119.38,-7,0,37,12,42,-3,-2,-1,6,0,42
SNA,Snap-on,307.26,-21,-3,-1,57,32,-29,-6,-11,55,9,41
CNP,CenterPoint Energy,35.76,-63,-2,41,43,19,-6,-20,35,13,22,41
TYL,Tyler Technologies,580.84,0,6,0,15,21,-1,25,-20,16,20,41
CFG,Citizens Financial Group,40.43,-6,14,0,2,10,-1,31,-12,12,30,40
DPZ,Domino's,458.98,2,0,0,8,10,7,-12,19,16,30,40
AVB,AvalonBay Communities,206.29,0,7,0,14,21,-2,6,1,13,18,39
CMI,Cummins,314.73,-7,0,0,63,56,-31,-1,-13,28,-17,39
CSX,CSX Corporation,32.12,0,25,-28,2,-1,9,29,2,-4,36,35
XEL,Xcel Energy,65.63,-21,-10,43,10,22,-36,-10,51,7,12,34
AWK,American Water Works,140.9,2,-3,18,4,21,-11,3,14,6,12,33
RF,Regions Financial Corporation,21.53,-9,25,-2,20,34,-26,32,-19,12,-1,33
WYNN,Wynn Resorts,87.31,14,28,-3,-1,38,7,-9,2,-6,-6,32
PFG,Principal Financial Group,75.77,-8,0,-5,53,40,-4,-8,-12,16,-8,32
SMCI,Supermicro,43.11,0,2,-43,56,15,7,25,-8,-7,17,32
HSY,Hershey Company (The),168.89,98,0,-37,-2,59,-12,7,-6,-17,-28,31
EXPE,Expedia Group,161.95,-21,0,41,9,29,-33,32,-10,12,1,30
CARR,Carrier Global,69.77,-7,33,0,0,26,-15,-8,2,24,3,29
OXY,Occidental Petroleum,45.98,77,6,-47,0,36,49,8,-51,-14,-8,28
FE,FirstEnergy,39.71,-14,-2,0,53,37,-12,-11,2,12,-9,28
ESS,Essex Property Trust,283.4,0,8,0,12,20,-12,6,2,12,8,28
NEE,NextEra Energy,71.87,-1,13,0,0,12,-5,8,2,11,16,28
MTB,M&T Bank,178.27,-21,26,0,20,25,-26,32,-16,12,2,27
EXC,Exelon,42.38,-7,-15,47,12,37,-11,-25,18,8,-10,27
DIS,Walt Disney Company (The),118.12,2,26,7,-39,-4,-3,30,2,1,30,26
EFX,Equifax,255.99,-7,38,-1,14,44,-25,-11,2,16,-18,26
EXR,Extra Space Storage,147.85,-21,23,-5,0,-3,-23,39,2,11,29,26
ZBRA,Zebra Technologies,289.3,-3,12,-13,-5,-9,6,31,-13,11,35,26
NVR,"NVR, Inc.",6989.91,-7,-1,-15,63,40,-17,-1,-24,27,-15,25
PKG,Packaging Corporation of America,186.29,-30,0,-5,59,24,-31,26,-18,24,1,25
IR,Ingersoll Rand,80.63,-21,25,-13,21,12,-26,32,-20,27,13,25
WBA,Walgreens Boots Alliance,11.39,53,26,0,-75,4,18,41,-5,-33,21,25
K,Kellanova,80.25,-84,-6,61,19,-10,-47,-3,73,11,34,24
KEYS,Keysight Technologies,160.46,-2,26,8,0,32,6,-8,-9,3,-8,24
UAL,United Airlines Holdings,73.66,-31,0,0,9,-22,5,38,-12,14,45,23
MCHP,Microchip Technology,67.7,0,26,-38,1,-11,5,32,2,-5,34,23
TPL,Texas Pacific Land Corporation,1087.02,-14,-13,-1,56,28,-5,-13,2,11,-5,23
GDDY,GoDaddy,178.04,-4,0,0,20,16,8,-10,-11,20,7,23
CL,Colgate-Palmolive,88.63,-13,-3,-3,21,2,-13,14,-6,24,19,21
JKHY,Jack Henry & Associates,180.3,0,23,8,2,33,-1,-2,-19,9,-13,20
APD,Air Products,277.05,-7,0,0,14,7,-11,27,-11,8,13,20
EQR,Equity Residential,68.72,-9,25,0,11,27,-4,-17,2,11,-8,19
NDSN,Nordson Corporation,214.17,-4,25,-28,0,-7,-2,31,2,-5,26,19
SLB,Schlumberger,36.08,52,0,-62,0,-10,48,2,-13,-8,29,19
PHM,PulteGroup,98.71,-6,-1,-15,63,41,-26,3,-26,27,-22,19
LVS,Las Vegas Sands,41.74,1,26,-14,-4,9,7,32,-18,-12,9,18
DECK,Deckers Brands,102.59,-21,-5,-16,91,49,-31,-17,-12,29,-31,18
SBUX,Starbucks,91.59,0,0,2,1,3,-10,25,-7,5,13,16
DHI,D. R. Horton,119.93,-5,-1,-20,63,37,-26,3,-27,28,-22,15
LEN,Lennar,104.61,-6,-1,-22,62,33,7,3,-27,-1,-18,15
PNC,PNC Financial Services,173.22,-10,16,0,12,18,-30,31,-16,12,-3,15
CSGP,CoStar Group,79.89,0,8,0,12,20,-16,3,15,-7,-5,15
KEY,KeyCorp,15.71,-10,26,0,2,18,-28,32,-19,11,-4,14
HAL,Halliburton,23.01,62,3,-55,0,10,56,6,-54,-7,1,11
CPT,Camden Property Trust,115.91,-11,16,8,0,13,-21,6,2,9,-4,9
SOLV,Solventum,72.76,-7,0,0,0,-7,-4,27,-8,0,15,8
ALLE,Allegion,136.21,-31,38,0,19,26,-32,-8,2,20,-18,8
DXCM,Dexcom,81.8,-42,30,-2,-12,-26,-1,39,2,-7,33,7
MDT,Medtronic,86.2,0,0,3,-4,-1,-5,7,-6,11,7,6
CPAY,Corpay,327.54,-9,2,0,19,12,-21,2,-11,23,-7,5
CRM,Salesforce,262.67,-6,-3,-5,20,6,6,-13,-13,19,-1,5
ES,Eversource Energy,63.2,-13,29,7,-8,15,-18,32,2,-26,-10,5
INCY,Incyte,68.8,0,12,0,-29,-17,6,34,-23,5,22,5
APTV,Aptiv,67.6,-4,26,0,-22,0,5,32,2,-34,5,5
INVH,Invitation Homes,33.52,3,1,0,5,9,-12,-18,13,12,-5,4
HST,Host Hotels & Resorts,15.59,-21,26,-24,2,-17,5,39,-19,-4,21,4
SBAC,SBA Communications,228.52,1,0,8,-18,-9,20,-20,9,3,12,3
USB,U.S. Bancorp,42.69,-21,26,-2,2,5,-31,32,-16,13,-2,3
SYY,Sysco,74.25,0,13,0,1,14,-29,26,-20,12,-11,3
NCLH,Norwegian Cruise Line Holdings,18.12,-21,0,-12,-3,-36,5,27,-12,18,38,2
OTIS,Otis Worldwide,95.34,0,-1,0,0,-1,-5,-10,-6,24,3,2
TSLA,"Tesla, Inc.",316.28,0,8,0,8,16,-3,-5,-16,8,-16,0
VZ,Verizon,41.85,-28,-2,22,8,0,-25,-2,15,12,0,0
DAL,Delta Air Lines,47.3,-28,0,-5,17,-16,8,-3,-13,24,16,0
JNJ,Johnson & Johnson,152.35,-7,0,4,0,-3,-9,14,-6,4,3,0
FTV,Fortive,69.57,-10,0,-13,31,8,6,-3,-9,-3,-9,-1
OKE,Oneok,81.35,-5,-52,-5,52,-10,-10,-14,-17,49,8,-2
QCOM,Qualcomm,154.47,0,11,-17,20,14,-4,34,-44,-3,-17,-3
BG,Bunge Global,85.68,21,4,-36,0,-11,19,-11,2,-3,7,-4
WAT,Waters Corporation,341.08,-7,0,0,12,5,-3,-7,-12,12,-10,-5
SPG,Simon Property Group,157.1,-34,0,0,33,-1,-2,-14,-7,19,-4,-5
FITB,Fifth Third Bancorp,38.11,-21,2,-2,20,-1,-30,31,-19,14,-4,-5
ZTS,Zoetis,161.41,-21,23,-27,0,-25,-13,32,1,-3,17,-8
ABNB,Airbnb,133.38,-7,11,-2,0,2,-37,39,-10,-3,-11,-9
A,Agilent Technologies,116.04,-3,0,-15,-3,-21,-3,29,-12,-3,11,-10
TER,Teradyne,86.43,0,0,-21,-4,-25,6,27,-15,-3,15,-10
MAS,Masco,61.11,-17,-1,-12,63,33,-26,-13,-24,19,-44,-11
ON,ON Semiconductor,52.95,14,11,-29,0,-4,7,32,-35,-13,-9,-13
UDR,"UDR, Inc.",40.97,-10,-1,0,0,-11,-22,5,2,11,-4,-15
PSA,Public Storage,293.66,-33,27,-3,13,4,-31,-2,2,11,-20,-16
GM,General Motors,48.28,-3,8,0,9,14,-20,-2,-20,11,-31,-17
F,Ford Motor Company,10.43,0,40,-42,-15,-17,-1,2,2,-3,0,-17
SW,Smurfit Westrock,42.79,-4,0,0,0,-4,6,-4,-15,0,-13,-17
HSIC,Henry Schein,70.16,-7,2,-4,0,-9,-2,-2,-11,1,-14,-23
IP,International Paper,45.92,-31,-3,0,14,-20,-4,-1,-12,14,-3,-23
FSLR,First Solar,143.88,-7,25,-31,0,-13,-7,-1,2,-4,-10,-23
PYPL,PayPal,70.66,-7,16,-2,-37,-30,-18,32,-16,7,5,-25
KDP,Keurig Dr Pepper,32.88,0,-12,0,0,-12,-4,-29,10,10,-13,-25
LII,Lennox International,537.48,-31,-3,-2,36,0,-26,-10,-15,25,-26,-26
FDX,FedEx,222.52,-2,0,-18,30,10,-3,-13,-20,-2,-38,-28
HOLX,Hologic,64.15,0,14,-27,0,-13,-4,21,-27,-5,-15,-28
AKAM,Akamai Technologies,78.69,14,0,-18,-5,-9,6,1,-18,-8,-19,-28
KVUE,Kenvue,21.44,-6,-10,0,0,-16,-15,-11,11,1,-14,-30
D,Dominion Energy,53.79,-20,24,0,-32,-28,-11,-1,2,8,-2,-30
EG,Everest Group,333.04,-7,-7,-28,53,11,-3,-7,-29,-3,-42,-31
DVA,DaVita,136.5,-3,-45,0,18,-30,4,-11,-12,17,-2,-32
COP,ConocoPhillips,95.5,56,5,-37,1,25,-2,4,-53,-6,-57,-32
APA,APA Corporation,20.79,84,8,-77,-10,5,49,12,-81,-17,-37,-32
ERIE,Erie Indemnity,351.57,-30,-38,-9,37,-40,-4,8,-27,29,6,-34
ROST,Ross Stores,129.06,-38,-3,-5,33,-13,-42,-11,3,27,-23,-36
ACN,Accenture,312.09,-13,0,-15,12,-16,-26,-1,-11,17,-21,-37
AOS,A. O. Smith,63.22,-17,-4,-34,56,1,-26,-12,2,-3,-39,-38
PARA,Paramount Global,11.98,-26,27,0,-37,-36,2,33,4,-43,-4,-40
PLD,Prologis,105.09,-13,16,-15,0,-12,-26,-1,2,-3,-28,-40
WBD,Warner Bros. Discovery,10.58,14,6,4,-40,-16,5,26,-12,-43,-24,-40
MSCI,MSCI Inc.,548.76,-31,24,0,12,5,-41,-8,-15,18,-46,-41
VTRS,Viatris,8.76,-3,0,-17,-5,-25,-16,4,-21,17,-16,-41
MTD,Mettler Toledo,1150.57,-7,11,-15,0,-11,-26,31,-33,-3,-31,-42
UHS,Universal Health Services,171.77,-49,-3,-3,20,-35,1,-7,-27,24,-9,-44
VLTO,Veralto,97.43,-34,26,0,0,-8,-34,-3,1,0,-36,-44
WDAY,"Workday, Inc.",242.67,-17,0,-2,12,-7,-31,-12,-15,20,-38,-45
SWKS,Skyworks Solutions,71.51,-4,24,-35,-28,-43,5,34,-38,-3,-2,-45
TFC,Truist Financial,39.0,-21,0,-2,2,-21,-30,8,-15,12,-25,-46
DAY,Dayforce,56.87,-21,11,-12,-10,-32,-21,20,-16,3,-14,-46
LUV,Southwest Airlines,31.42,-27,25,7,-37,-32,-28,28,-16,2,-14,-46
NUE,Nucor,122.3,9,3,-47,0,-35,14,4,-24,-6,-12,-47
GNRC,Generac,124.03,-4,10,-12,-32,-38,-26,28,-20,8,-10,-48
CCI,Crown Castle,98.78,-10,0,-5,-26,-41,-3,-20,12,3,-8,-49
LYB,LyondellBasell,59.59,51,0,-36,0,15,-12,2,-50,-5,-65,-50
FRT,Federal Realty Investment Trust,95.21,-19,8,-15,2,-24,-26,7,-21,12,-28,-52
IVZ,Invesco,14.53,-6,2,-12,-4,-20,-22,-10,-12,11,-33,-53
GEHC,GE HealthCare,71.14,-3,0,-12,0,-15,-21,-14,-10,6,-39,-54
DD,DuPont,67.15,-7,0,-13,17,-3,-26,2,-27,-1,-52,-55
MAA,Mid-America Apartment Communities,148.97,-13,-12,0,0,-25,-23,-19,2,9,-31,-56
PAYC,Paycom,241.74,-43,39,11,-22,-15,-49,39,2,-35,-43,-58
KMB,Kimberly-Clark,128.88,-77,-3,0,16,-64,-12,-3,-3,24,6,-58
MKC,McCormick & Company,72.97,-7,-44,-1,-2,-54,-12,6,-6,8,-4,-58
IT,Gartner,404.66,-105,-3,-13,56,-65,-32,-6,-11,55,6,-59
DHR,Danaher Corporation,195.69,-3,8,-21,0,-16,-16,7,-32,-2,-43,-59
AMCR,Amcor,9.08,-4,-3,-12,0,-19,-3,-21,-27,9,-42,-61
GPC,Genuine Parts Company,119.33,-38,24,-5,0,-19,-29,-1,2,-15,-43,-62
BBY,Best Buy,69.38,-7,0,-16,-4,-27,-28,5,-27,14,-36,-63
WST,West Pharmaceutical Services,218.06,-2,9,-19,-5,-17,-30,9,-19,-6,-46,-63
HPQ,HP Inc.,24.3,-34,-3,-17,0,-54,5,-11,-21,14,-13,-67
MOH,Molina Healthcare,292.25,-14,-18,-5,0,-37,-13,-12,-1,-6,-32,-69
CHTR,Charter Communications,373.55,-17,0,10,-34,-41,-23,-11,2,4,-28,-69
WTW,Willis Towers Watson,297.88,-64,-38,0,22,-80,-7,-2,-7,27,11,-69
JBHT,J.B. Hunt,139.1,-4,0,-23,-3,-30,-2,-10,-20,-8,-40,-70
HRL,Hormel Foods,30.06,-16,16,-2,-21,-23,-27,5,2,-28,-48,-71
IQV,IQVIA,154.1,0,0,-32,-4,-36,-4,7,-34,-4,-35,-71
WY,Weyerhaeuser,25.87,-7,-1,-15,0,-23,-23,8,-27,-6,-48,-71
FI,Fiserv,163.47,-1,-52,-6,33,-26,-27,-38,-7,25,-47,-73
PPG,PPG Industries,107.55,-21,26,-38,-6,-39,-28,-3,2,-6,-35,-74
BMY,Bristol Myers Squibb,47.22,-13,-51,-1,-3,-68,-16,12,-6,3,-7,-75
PFE,Pfizer,23.99,0,7,-25,-21,-39,-11,32,-33,-26,-38,-77
CHRW,C.H. Robinson,93.6,-33,0,0,0,-33,-31,-1,-19,6,-45,-78
IEX,IDEX Corporation,175.98,-18,15,-20,0,-23,-25,-10,-20,-4,-59,-82
CMCSA,Comcast,34.53,-6,0,-27,-7,-40,-16,3,-24,-6,-43,-83
TSN,Tyson Foods,54.74,-19,-31,-3,-26,-79,-17,5,-3,9,-6,-85
MKTX,MarketAxess,223.47,0,10,-20,-27,-37,-12,2,2,-42,-50,-87
IFF,International Flavors & Fragrances,75.03,-18,11,-15,-29,-51,-26,8,-27,9,-36,-87
TROW,T. Rowe Price,91.58,-21,11,-15,-23,-48,-26,-7,-17,11,-39,-87
TECH,Bio-Techne,49.5,-4,-1,-19,-22,-46,-21,2,-19,-4,-42,-88
EMN,Eastman Chemical Company,75.15,-28,-3,-13,0,-44,-26,-5,-27,13,-45,-89
LKQ,LKQ Corporation,37.15,-28,-3,-2,0,-33,-26,-9,-6,-15,-56,-89
AVY,Avery Dennison,173.95,-19,25,-27,0,-21,-31,-1,-35,-3,-70,-91
INTC,Intel,20.79,-3,0,-61,-18,-82,6,2,-9,-10,-11,-93
SJM,J.M. Smucker Company (The),94.52,-42,-6,-4,-2,-54,-11,-6,-2,-21,-40,-94
TGT,Target Corporation,95.05,-7,0,-23,-9,-39,-28,6,-31,-4,-57,-96
MGM,MGM Resorts,33.56,14,6,-48,0,-28,6,-14,-55,-7,-70,-98
REGN,Regeneron Pharmaceuticals,508.88,0,-13,-33,-2,-48,-5,-10,-34,-2,-51,-99
LW,Lamb Weston,53.95,-7,0,-64,-6,-77,-12,18,-18,-12,-24,-101
EIX,Edison International,49.18,-66,-9,-24,-1,-100,-20,-10,-21,48,-3,-103
DOW,Dow Inc.,29.43,0,0,-35,0,-35,-16,2,-50,-6,-70,-105
CNC,Centene Corporation,54.91,-2,-19,-36,-9,-66,4,-17,-5,-26,-44,-110
MTCH,Match Group,30.27,-25,10,-18,-35,-68,1,18,-25,-36,-42,-110
COO,Cooper Companies (The),68.73,-3,-13,-19,-3,-38,-31,-17,-24,-1,-73,-111
MHK,Mohawk Industries,98.42,-7,-20,-18,-9,-54,-26,-17,-26,12,-57,-111
RVTY,Revvity,94.2,0,-69,-12,-22,-103,5,2,-17,1,-9,-112
CRL,Charles River Laboratories,145.11,0,11,-46,-24,-59,-22,29,-55,-6,-54,-113
SWK,Stanley Black & Decker,64.14,-13,0,-21,-37,-71,-25,-3,-27,12,-43,-114
GPN,Global Payments,75.97,-21,-4,-19,-37,-81,1,-12,-16,-8,-35,-116
POOL,Pool Corporation,285.63,-31,-5,-15,-4,-55,-26,-11,-21,-7,-65,-120
EW,Edwards Lifesciences,73.28,-43,0,-1,-12,-56,-56,-1,22,-33,-68,-124
BLDR,Builders FirstSource,108.0,-6,-94,-20,63,-57,-26,-16,-24,-1,-67,-124
BAX,Baxter International,29.92,-7,-1,-15,-36,-59,-22,2,-6,-39,-65,-124
HUM,Humana,241.52,8,-33,-81,-10,-116,19,1,-12,-18,-10,-126
ELV,Elevance Health,374.95,-14,-25,-36,0,-75,-10,-40,-2,-1,-53,-128
IPG,Interpublic Group of Companies (The),23.0,-4,-15,-35,0,-54,-16,-17,-32,-15,-80,-134
ADBE,Adobe Inc.,382.61,-21,0,-28,-4,-53,-44,-3,-32,-3,-82,-135
CDW,CDW Corporation,170.8,-31,26,-34,0,-39,-31,-5,-55,-6,-97,-136
DOC,Healthpeak Properties,17.01,-13,-52,-9,-29,-103,-22,6,-24,7,-33,-136
EPAM,EPAM Systems,168.59,-21,0,-18,-25,-64,-26,-3,-9,-35,-73,-137
BDX,Becton Dickinson,169.96,-7,-79,-20,-3,-109,-12,7,-11,-13,-29,-138
AES,AES Corporation,10.52,-6,-1,-34,-9,-50,-7,-14,-45,-22,-88,-138
PEP,PepsiCo,129.3,-5,-51,-34,-1,-91,-11,6,-31,-11,-47,-138
LULU,Lululemon Athletica,235.14,-56,-8,-3,-1,-68,-56,-2,-12,-10,-80,-148
UPS,United Parcel Service,99.66,-3,0,-98,-14,-115,-3,26,-26,-32,-35,-150
MRK,Merck & Co.,78.3,-2,-54,-39,-2,-97,-12,6,-43,-4,-53,-150
CZR,Caesars Entertainment,26.45,-17,0,-18,-23,-58,-21,-13,-27,-35,-96,-154
KHC,Kraft Heinz,25.73,-20,-39,-34,-2,-95,-17,-29,-6,-8,-60,-155
KMX,CarMax,64.44,-7,-75,-11,-34,-127,-26,3,-15,9,-29,-156
GIS,General Mills,53.06,-18,-50,-33,-2,-103,-16,6,-29,-17,-56,-159
EL,EstÃ©e Lauder Companies (The),74.81,14,16,-112,-24,-106,6,29,-57,-33,-55,-161
MRNA,Moderna,25.57,-23,-2,-47,-2,-74,-28,14,-47,-37,-98,-172
BIIB,Biogen,126.54,-20,0,-76,-25,-121,-29,26,-39,-16,-58,-179
OMC,Omnicom Group,69.2,-23,-130,-19,0,-172,-24,-17,-24,48,-17,-189
ALGN,Align Technology,175.21,-7,11,-59,-23,-78,-26,-1,-54,-36,-117,-195
TAP,Molson Coors Beverage Company,49.33,-119,-37,-5,12,-149,-31,-11,-6,-1,-49,-198
NKE,"Nike, Inc.",59.99,-13,0,-69,-19,-101,-26,27,-70,-34,-103,-204
ALB,Albemarle Corporation,59.69,-4,0,-120,-21,-145,-23,2,-19,-23,-63,-208
TMO,Thermo Fisher Scientific,390.58,-9,-77,-14,-3,-103,-21,-87,-13,-1,-122,-225
ZBH,Zimmer Biomet,90.2,-16,-49,-57,-15,-137,-23,-19,-56,-16,-114,-251
CAG,Conagra Brands,21.54,-66,-44,-24,-5,-139,-28,-58,-6,-21,-113,-252
CPB,Campbell's Company (The),31.81,-38,-51,-24,-4,-117,-42,-61,-31,-3,-137,-254
ARE,Alexandria Real Estate Equities,71.2,-3,-59,-29,-28,-119,-22,-61,-40,-33,-156,-275
PCG,PG&E Corporation,13.55,-126,-10,-22,0,-158,-129,-12,-21,38,-124,-282
STZ,Constellation Brands,160.54,-130,-9,-37,-1,-177,-35,-13,-53,-6,-107,-284
ENPH,Enphase Energy,34.92,-7,-110,-38,-18,-173,-7,-51,-45,-22,-125,-298
CLX,Clorox,122.09,-66,-114,-9,-3,-192,-34,-72,-19,11,-114,-306
BF-B,Brownâ€“Forman,25.81,-129,-13,-95,-16,-253,-28,-12,-27,-26,-93,-346
