Symbol,Name,Close,1H Cloud Score,1D Cloud Score,1W Cloud Score,1M Cloud Score,Cloud Score Sum,1H TKx Score,1D TKx Score,1W TKx Score,1M TKx Score,TKx Score Sum,Total Score Sum
TJX,TJX Companies,135.08,42,28,135,195,400,40,32,104,190,366,766
V,Visa Inc.,367.91,133,15,124,130,402,133,19,-2,23,173,575
RSG,Republic Services,250.37,12,4,111,174,301,16,19,80,157,272,573
NRG,NRG Energy,161.25,140,19,90,91,340,89,21,100,18,228,568
MA,Mastercard,586.08,140,14,113,152,419,107,19,-2,23,147,566
COST,Costco,1034.78,20,15,104,177,316,12,21,-5,181,209,525
PGR,Progressive Corporation,288.27,16,12,92,174,294,13,12,9,186,220,514
MMC,Marsh McLennan,231.84,16,0,112,172,300,16,5,9,175,205,505
ORLY,Oâ€™Reilly Automotive,1393.34,12,2,150,196,360,19,-3,41,86,143,503
AJG,Arthur J. Gallagher & Co.,343.78,16,4,152,183,355,16,9,15,104,144,499
FICO,Fair Isaac,2204.67,133,20,132,163,448,16,21,-15,28,50,498
HWM,Howmet Aerospace,166.2,133,19,135,26,313,26,19,79,51,175,488
WM,Waste Management,231.95,8,3,82,184,277,16,19,14,156,205,482
RL,Ralph Lauren Corporation,277.66,147,8,81,31,267,165,17,-6,23,199,466
SYK,Stryker Corporation,394.73,133,6,4,156,299,133,14,-7,26,166,465
ADP,Automatic Data Processing,321.86,106,9,72,177,364,20,12,-2,54,84,448
JPM,JPMorgan Chase,264.94,140,8,110,155,413,-6,19,-4,23,32,445
CDNS,Cadence Design Systems,320.16,42,18,4,138,202,39,21,-12,177,225,427
WRB,W. R. Berkley Corporation,73.83,16,61,81,173,331,17,12,11,52,92,423
CTAS,Cintas,223.09,21,26,6,162,215,19,21,-16,184,208,423
ROL,"Rollins, Inc.",57.43,15,28,18,283,344,16,21,10,32,79,423
CPRT,Copart,63.43,84,28,28,173,313,57,35,-10,25,107,420
BK,BNY Mellon,90.33,133,8,81,37,259,133,12,-2,16,159,418
RCL,Royal Caribbean Group,253.88,140,6,108,25,279,89,19,-7,24,125,404
IBM,IBM,268.41,97,11,96,51,255,33,19,43,53,148,403
BSX,Boston Scientific,106.65,21,18,131,141,311,21,19,-2,54,92,403
MCD,McDonald's,321.24,16,4,39,239,298,21,21,9,54,105,403
LYV,Live Nation Entertainment,148.3,82,7,81,144,314,50,21,-4,13,80,394
AXON,Axon Enterprise,741.62,56,17,132,91,296,50,21,-4,27,94,390
JCI,Johnson Controls,97.86,133,14,62,16,225,133,19,-4,15,163,388
NDAQ,"Nasdaq, Inc.",81.95,136,12,63,141,352,10,19,-6,11,34,386
SCHW,Charles Schwab Corporation,89.21,135,19,64,8,226,133,19,-5,11,158,384
MOS,Mosaic Company (The),35.37,182,26,3,-13,198,192,19,2,-27,186,384
BR,Broadridge Financial Solutions,242.66,24,5,101,142,272,21,19,45,22,107,379
INTU,Intuit,671.09,133,19,4,188,344,14,19,-18,17,32,376
COR,Cencora,292.63,8,83,31,68,190,26,52,42,64,184,374
TT,Trane Technologies,430.89,126,14,3,161,304,39,19,-14,26,70,374
MSI,Motorola Solutions,425.46,21,0,0,150,171,33,-4,-14,182,197,368
STE,Steris,252.61,60,9,1,192,262,54,19,9,22,104,366
HUBB,Hubbell Incorporated,390.95,48,4,0,179,231,55,22,-12,68,133,364
YUM,Yum! Brands,149.65,8,0,15,256,279,13,5,9,54,81,360
AME,Ametek,181.86,134,6,1,103,244,12,12,-8,98,114,358
SO,Southern Company,89.5,4,1,63,187,255,16,-4,10,76,98,353
WMB,Williams Companies,58.54,1,5,99,49,154,27,19,99,54,199,353
SPGI,S&P Global,524.35,133,6,3,169,311,12,14,-5,18,39,350
MSFT,Microsoft,458.86,126,13,3,170,312,7,21,-13,22,37,349
WELL,Welltower,150.63,12,3,103,55,173,16,18,120,21,175,348
CME,CME Group,277.9,7,85,41,133,266,13,15,37,16,81,347
FDS,FactSet,470.35,103,7,2,191,303,19,12,-11,20,40,343
ORCL,Oracle Corporation,159.65,127,5,0,195,327,-12,12,-10,24,14,341
PTC,PTC Inc.,172.45,133,5,-13,179,304,12,13,-14,23,34,338
MCO,Moody's Corporation,492.11,133,6,3,153,295,11,14,-5,22,42,337
ICE,Intercontinental Exchange,176.75,14,12,99,158,283,13,13,9,18,53,336
GE,GE Aerospace,235.27,140,17,6,24,187,89,17,17,26,149,336
CSCO,Cisco,63.92,121,6,35,11,173,133,12,-5,22,162,335
PM,Philip Morris International,173.17,13,79,57,52,201,17,21,72,24,134,335
PWR,Quanta Services,344.63,133,13,4,96,246,2,21,-8,69,84,330
ADI,Analog Devices,224.65,133,6,1,176,316,-7,12,-15,23,13,329
TMUS,T-Mobile US,244.13,2,-7,81,136,212,17,-17,83,32,115,327
DTE,DTE Energy,138.57,16,3,61,186,266,18,18,14,10,60,326
L,Loews Corporation,89.4,21,6,99,52,178,13,12,99,21,145,323
APH,Amphenol,86.37,136,19,6,62,223,61,21,-8,24,98,321
AZO,AutoZone,3876.9,20,3,81,83,187,31,8,41,54,134,321
ALL,Allstate,209.95,17,5,84,156,262,19,12,10,14,55,317
WAB,Wabtec,207.11,136,8,6,46,196,56,19,-7,53,121,317
CHD,Church & Dwight,95.99,14,-30,-3,341,322,14,-40,-1,22,-5,317
MNST,Monster Beverage,62.9,25,56,13,177,271,18,19,6,1,44,315
ETN,Eaton Corporation,329.32,133,6,1,111,251,-12,19,-12,69,64,315
HD,Home Depot (The),379.19,97,3,0,177,277,13,19,-11,16,37,314
PAYX,Paychex,158.2,25,12,71,164,272,18,12,-1,11,40,312
AAPL,Apple Inc.,208.76,1,0,0,248,249,-14,19,-12,68,61,310
ITW,Illinois Tool Works,251.66,84,3,0,175,262,11,12,-1,26,48,310
MCK,McKesson Corporation,726.4,16,79,29,55,179,23,19,25,64,131,310
HCA,HCA Healthcare,387.03,108,20,1,94,223,42,12,3,26,83,306
NFLX,Netflix,1191.35,22,24,103,17,166,28,21,74,17,140,306
UNP,Union Pacific Corporation,229.49,43,0,-1,195,237,53,6,-7,16,68,305
HON,Honeywell,224.98,44,6,3,175,228,55,15,-13,19,76,304
PLTR,Palantir Technologies,126.32,44,19,103,0,166,-8,21,106,17,136,302
ATO,Atmos Energy,159.96,2,28,61,42,133,16,37,72,42,167,300
CINF,Cincinnati Financial,150.96,134,12,72,59,277,13,12,-14,12,23,300
RTX,RTX Corporation,137.2,44,5,64,51,164,39,11,71,11,132,296
TEL,TE Connectivity,162.88,140,12,3,59,214,56,18,-7,15,82,296
VRSK,Verisk Analytics,314.28,16,15,55,111,197,16,12,46,25,99,296
SNPS,Synopsys,516.13,133,6,-14,177,302,-8,19,-15,-2,-6,296
PCAR,Paccar,97.06,56,0,-9,156,203,55,6,-1,31,91,294
ROP,Roper Technologies,580.29,16,5,16,179,216,12,11,31,23,77,293
AVGO,Broadcom,230.61,133,9,6,113,261,-9,21,-8,27,31,292
WMT,Walmart,98.13,6,20,114,98,238,12,21,-5,26,54,292
BRO,Brown & Brown,112.01,13,-15,103,160,261,16,-23,12,23,28,289
NVDA,Nvidia,135.49,126,5,1,131,263,-1,13,-10,23,25,288
MS,Morgan Stanley,130.83,139,6,63,61,269,-6,17,-6,13,18,287
SNA,Snap-on,331.98,84,0,36,56,176,56,5,-6,54,109,285
DE,Deere & Company,529.98,56,8,36,106,206,21,19,32,7,79,285
STX,Seagate Technology,108.96,151,6,1,19,177,97,17,-22,15,107,284
LRCX,Lam Research,83.8,130,6,0,149,285,-10,13,-4,-2,-3,282
AIZ,Assurant,203.44,18,3,84,149,254,8,10,-7,16,27,281
ISRG,Intuitive Surgical,561.29,126,6,81,19,232,12,21,-8,23,48,280
DUK,Duke Energy,117.01,0,0,63,180,243,15,-1,9,13,36,279
RJF,Raymond James Financial,153.82,97,5,79,55,236,12,19,-7,16,40,276
DRI,Darden Restaurants,208.71,42,25,31,58,156,37,19,35,27,118,274
DOV,Dover Corporation,186.39,136,4,0,103,243,9,12,-6,16,31,274
FOXA,Fox Corporation (Class A),55.81,73,5,55,0,133,68,6,54,11,139,272
HIG,Hartford (The),131.66,21,20,81,54,176,14,19,8,53,94,270
TRV,Travelers Companies (The),274.54,16,20,78,55,169,17,19,11,53,100,269
BKNG,Booking Holdings,5377.62,24,18,123,32,197,35,19,-6,23,71,268
KLAC,KLA Corporation,787.52,57,6,1,174,238,-8,21,-7,23,29,267
CBOE,Cboe Global Markets,224.45,0,2,131,52,185,13,12,9,48,82,267
JBL,Jabil,167.42,133,9,6,62,210,-9,19,-7,54,57,267
LIN,Linde plc,460.27,19,4,0,107,130,19,19,-6,103,135,265
VLTO,Veralto,102.19,133,6,0,0,139,133,13,-20,0,126,265
CAH,Cardinal Health,153.84,21,28,42,35,126,30,19,35,54,138,264
AFL,Aflac,106.4,13,3,135,55,206,13,-2,-6,52,57,263
TDG,TransDigm Group,1440.05,8,19,6,154,187,7,19,-7,54,73,260
HBAN,Huntington Bancshares,16.11,154,6,4,18,182,56,17,-10,13,76,258
URI,United Rentals,723.97,126,6,0,61,193,9,18,-16,54,65,258
CAT,Caterpillar Inc.,352.57,133,5,0,61,199,3,12,-11,54,58,257
FAST,Fastenal,83.16,21,28,36,103,188,35,20,-6,20,69,257
PH,Parker Hannifin,679.28,136,7,4,62,209,8,19,-7,27,47,256
NTAP,NetApp,101.53,133,4,-12,54,179,56,19,-17,19,77,256
ROST,Ross Stores,154.27,84,15,1,32,132,84,27,-14,26,123,255
GDDY,GoDaddy,189.88,57,4,81,19,161,61,19,-6,19,93,254
AXP,American Express,299.27,133,6,4,96,239,-16,19,-8,18,13,252
SHW,Sherwin-Williams,361.85,21,15,1,187,224,13,15,-16,16,28,252
LLY,Lilly (Eli),754.94,0,-13,-2,169,154,11,-5,-2,93,97,251
BLK,BlackRock,993.77,136,5,4,19,164,56,19,-7,18,86,250
PNR,Pentair,100.82,140,6,4,59,209,12,19,-11,21,41,250
KO,Coca-Cola Company (The),71.93,16,3,15,179,213,19,-4,10,11,36,249
NOW,ServiceNow,1025.91,133,7,4,79,223,-7,20,-7,19,25,248
FOX,Fox Corporation (Class B),51.66,113,5,54,0,172,63,6,-1,6,74,246
AMP,Ameriprise Financial,522.03,84,5,6,61,156,8,19,-7,68,88,244
CB,Chubb Limited,294.52,17,3,88,55,163,13,6,9,53,81,244
CNP,CenterPoint Energy,37.54,0,88,36,42,166,15,19,30,12,76,242
TKO,TKO Group Holdings,164.01,-6,16,58,37,105,11,19,59,47,136,241
HLT,Hilton Worldwide,256.47,135,6,3,61,205,5,13,-5,23,36,241
GWW,W. W. Grainger,1099.89,42,6,1,91,140,37,21,-13,54,99,239
AON,Aon plc,365.01,17,-24,3,174,170,16,1,-2,53,68,238
VRSN,Verisign,282.34,14,117,23,6,160,15,18,39,4,76,236
CTVA,Corteva,68.8,140,19,40,0,199,16,19,-6,8,37,236
GOOGL,Alphabet Inc. (Class A),166.53,35,0,0,173,208,-2,17,-6,18,27,235
NI,NiSource,39.92,7,3,61,42,113,16,19,76,11,122,235
GOOG,Alphabet Inc. (Class C),167.86,35,0,0,173,208,-2,17,-6,18,27,235
KMI,Kinder Morgan,28.01,25,4,79,41,149,29,12,-6,49,84,233
IDXX,Idexx Laboratories,521.61,175,13,1,1,190,60,19,-31,-5,43,233
GRMN,Garmin,204.86,42,0,99,16,157,54,7,-4,18,75,232
ADBE,Adobe Inc.,420.77,133,4,-23,-3,111,138,11,-27,-2,120,231
SRE,Sempra,78.44,19,4,-2,178,199,18,19,-16,11,32,231
EBAY,eBay Inc.,72.45,18,15,64,11,108,21,19,69,13,122,230
IT,Gartner,449.52,133,0,-8,55,180,-15,16,-6,54,49,229
LDOS,Leidos,159.5,134,18,0,20,172,13,45,-18,16,56,228
FFIV,"F5, Inc.",285.7,92,5,81,11,189,9,19,-4,14,38,227
MET,MetLife,80.87,136,5,3,55,199,8,11,-7,15,27,226
NTRS,Northern Trust,108.0,135,6,3,8,152,57,12,-6,10,73,225
GS,Goldman Sachs,612.18,56,6,79,55,196,-2,17,-4,18,29,225
BEN,Franklin Resources,22.22,136,9,0,0,145,89,19,-10,-19,79,224
LOW,Lowe's,234.43,42,0,-7,163,198,11,12,-14,16,25,223
J,Jacobs Solutions,128.82,44,4,0,103,151,47,19,-11,16,71,222
TRMB,Trimble Inc.,71.67,133,6,66,1,206,2,11,-7,9,15,221
FTNT,Fortinet,104.69,30,5,41,110,186,6,21,-3,10,34,220
BRK-B,Berkshire Hathaway,512.26,0,4,111,59,174,12,-3,12,23,44,218
PODD,Insulet Corporation,325.75,79,7,32,1,119,84,11,1,3,99,218
USB,U.S. Bancorp,44.79,140,6,1,1,148,56,12,-11,12,69,217
ADSK,Autodesk,295.8,133,9,41,11,194,-1,19,-11,16,23,217
EMR,Emerson Electric,119.59,133,6,3,61,203,-14,12,-8,23,13,216
CMI,Cummins,336.68,126,5,1,62,194,-9,11,-8,27,21,215
RF,Regions Financial Corporation,22.55,126,5,0,19,150,55,12,-14,11,64,214
T,AT&T,28.03,12,3,57,13,85,16,19,81,12,128,213
MAR,Marriott International,273.06,133,6,3,55,197,-16,13,-6,24,15,212
WSM,"Williams-Sonoma, Inc.",174.0,125,1,4,62,192,-6,12,-4,18,20,212
LMT,Lockheed Martin,472.99,5,3,-16,162,154,13,-3,-21,69,58,212
ETR,Entergy,83.0,9,3,57,19,88,16,19,76,11,122,210
TPL,Texas Pacific Land Corporation,1418.92,38,6,49,55,148,40,19,-7,10,62,210
KEYS,Keysight Technologies,162.76,133,6,3,0,142,58,12,-4,2,68,210
EQT,EQT Corporation,55.55,91,12,28,39,170,-9,12,28,7,38,208
TSCO,Tractor Supply,52.9,46,0,0,82,128,12,5,-20,82,79,207
DGX,Quest Diagnostics,178.12,16,20,55,15,106,16,19,55,11,101,207
CCL,Carnival,23.39,84,5,4,0,93,88,13,-7,16,110,203
PG,Procter & Gamble,164.78,21,-19,0,176,178,21,-18,-1,23,25,203
PANW,Palo Alto Networks,194.31,42,6,4,78,130,6,17,-4,54,73,203
C,Citigroup,76.13,140,6,6,15,167,11,16,-4,11,34,201
RMD,ResMed,253.36,136,12,4,10,162,16,18,-7,10,37,199
BA,Boeing,205.3,178,19,1,0,198,-9,19,-4,-8,-2,196
TDY,Teledyne Technologies,497.12,104,5,39,11,159,21,10,-6,12,37,196
MSCI,MSCI Inc.,572.54,97,4,1,11,113,56,19,-10,17,82,195
DASH,DoorDash,202.2,35,5,84,0,124,42,18,-4,15,71,195
KR,Kroger,68.96,0,3,66,64,133,12,-2,37,12,59,192
EFX,Equifax,280.66,140,18,1,13,172,11,19,-25,15,20,192
MTB,M&T Bank,187.36,136,6,1,19,162,16,12,-11,11,28,190
CHTR,Charter Communications,418.68,119,17,5,-33,108,77,16,-15,3,81,189
BAC,Bank of America,44.76,140,6,4,15,165,5,13,-6,11,23,188
CF,CF Industries,87.59,154,5,2,1,162,12,17,-9,5,25,187
STT,State Street Corporation,98.19,146,8,4,13,171,-1,13,-7,11,16,187
SYF,Synchrony Financial,60.04,139,6,4,18,167,-7,19,-7,15,20,187
PPL,PPL Corporation,35.01,1,2,63,20,86,15,-2,75,11,99,185
EXPD,Expeditors International,118.11,42,2,-7,128,165,14,7,-24,22,19,184
WFC,Wells Fargo,76.05,42,6,79,26,153,5,16,-6,16,31,184
DPZ,Domino's,497.62,34,25,9,7,75,58,21,14,15,108,183
MDLZ,Mondelez International,65.71,1,0,-5,179,175,12,-5,6,-6,7,182
NWS,News Corp (Class B),32.72,0,9,99,55,163,-17,21,-4,18,18,181
CTSH,Cognizant,81.59,133,6,3,11,153,5,12,-5,15,27,180
ODFL,Old Dominion,171.54,5,0,-13,184,176,-17,6,-18,29,0,176
GD,General Dynamics,281.39,21,28,0,51,100,19,21,-18,54,76,176
EXE,Expand Energy,113.51,77,26,28,0,131,-2,11,28,7,44,175
IR,Ingersoll Rand,83.54,133,5,-8,20,150,2,12,-15,26,25,175
F,Ford Motor Company,10.74,155,20,-37,-14,124,49,19,-15,-2,51,175
LII,Lennox International,604.35,101,5,2,35,143,8,9,-10,24,31,174
MO,Altria,59.47,9,3,57,42,111,16,21,13,13,63,174
UHS,Universal Health Services,196.72,121,10,0,19,150,12,10,-22,23,23,173
DIS,Walt Disney Company (The),112.65,133,6,2,-38,103,68,10,-6,-2,70,173
GILD,Gilead Sciences,106.16,14,0,38,32,84,10,1,42,36,89,173
CARR,Carrier Global,75.82,126,13,1,0,140,12,13,-16,23,32,172
TRGP,Targa Resources,164.58,0,-32,133,48,149,-17,-4,-7,51,23,172
REG,Regency Centers,74.06,14,4,55,50,123,13,19,-2,16,46,169
VST,Vistra Corp.,157.33,42,5,6,27,80,36,18,-8,42,88,168
MMM,3M,154.1,57,6,61,11,135,12,11,-2,11,32,167
META,Meta Platforms,640.25,119,6,4,26,155,-14,11,-5,20,12,167
DELL,Dell Technologies,114.28,84,6,-12,29,107,57,19,-16,-1,59,166
FITB,Fifth Third Bancorp,39.51,134,5,0,19,158,-2,11,-14,13,8,166
PFG,Principal Financial Group,81.3,92,5,0,52,149,2,7,-7,15,17,166
PEG,Public Service Enterprise Group,79.78,8,0,0,149,157,15,-6,-15,14,8,165
EVRG,Evergy,67.11,1,2,45,11,59,15,19,64,7,105,164
K,Kellanova,82.39,2,2,56,18,78,10,-3,68,10,85,163
WDAY,"Workday, Inc.",273.31,126,8,2,11,147,-7,13,-10,19,15,162
MOH,Molina Healthcare,325.33,9,0,0,163,172,11,-21,5,-5,-10,162
TTWO,Take-Two Interactive,234.69,28,26,32,10,96,-5,20,32,17,64,160
APO,Apollo Global Management,142.66,42,5,6,94,147,-17,17,-10,23,13,160
PNC,PNC Financial Services,178.64,133,5,0,11,149,-1,11,-11,11,10,159
XEL,Xcel Energy,72.23,16,3,38,9,66,21,19,46,6,92,158
IRM,Iron Mountain,101.06,22,11,0,54,87,16,19,-18,53,70,157
GEV,GE Vernova,446.6,140,18,0,0,158,-14,21,-8,0,-1,157
MLM,Martin Marietta Materials,568.48,26,15,0,57,98,16,36,-18,24,58,156
MPC,Marathon Petroleum,162.32,146,8,0,46,200,-5,12,-46,-5,-44,156
AMD,Advanced Micro Devices,114.75,127,5,-29,107,210,-9,12,-53,-4,-54,156
PKG,Packaging Corporation of America,194.45,42,0,0,58,100,40,6,-13,23,56,156
CMG,Chipotle Mexican Grill,52.28,28,4,-11,77,98,28,17,-13,26,58,156
VICI,Vici Properties,32.14,14,3,45,12,74,16,1,10,54,81,155
CEG,Constellation Energy,294.04,133,6,3,0,142,-17,21,-8,16,12,154
KEY,KeyCorp,16.5,134,6,0,1,141,5,12,-14,10,13,154
ABT,Abbott Laboratories,135.55,16,3,43,10,72,14,21,35,11,81,153
UBER,Uber,92.47,41,18,5,0,64,42,21,3,23,89,153
LKQ,LKQ Corporation,42.34,56,5,0,0,61,100,5,-1,-14,90,151
ANET,Arista Networks,96.66,42,2,1,55,100,-9,14,-8,53,50,150
ROK,Rockwell Automation,308.2,136,9,2,12,159,-9,11,-5,-8,-11,148
LULU,Lululemon Athletica,323.66,97,0,0,0,97,56,11,-7,-9,51,148
AMGN,Amgen,275.78,6,-24,-6,162,138,12,-39,-1,33,5,143
VMC,Vulcan Materials Company,275.88,14,14,4,57,89,12,29,-11,24,54,143
MPWR,Monolithic Power Systems,701.24,0,6,-13,154,147,-16,16,-27,23,-4,143
COF,Capital One,197.45,0,12,81,18,111,2,19,-4,15,32,143
VRTX,Vertex Pharmaceuticals,440.49,0,-10,0,101,91,12,-5,10,34,51,142
BX,Blackstone Inc.,145.45,0,0,0,139,139,-17,11,-11,18,1,140
STLD,Steel Dynamics,136.06,6,18,4,52,80,4,19,-18,54,59,139
AEE,Ameren,98.93,10,2,44,10,66,17,-2,49,7,71,137
LNT,Alliant Energy,63.07,16,3,55,11,85,21,9,12,10,52,137
ACGL,Arch Capital Group,95.18,13,8,0,59,80,12,19,-23,48,56,136
AIG,American International Group,84.35,21,3,15,50,89,12,6,10,18,46,135
WEC,WEC Energy Group,107.24,2,2,42,10,56,16,-1,55,8,78,134
KIM,Kimco Realty,21.67,49,5,0,52,106,12,19,-15,11,27,133
HSIC,Henry Schein,71.84,76,2,0,0,78,68,10,-6,-20,52,130
KMB,Kimberly-Clark,140.81,60,1,1,15,77,19,1,10,23,53,130
CI,Cigna,321.99,6,0,0,55,61,11,-3,7,54,69,130
PRU,Prudential Financial,108.01,56,3,0,52,111,5,11,-14,16,18,129
FE,FirstEnergy,42.85,9,25,5,52,91,17,30,-20,11,38,129
COIN,Coinbase,263.94,42,5,1,0,48,56,19,-10,15,80,128
PNW,Pinnacle West Capital,92.49,7,2,55,15,79,16,-2,9,23,46,125
VLO,Valero Energy,134.35,58,6,-31,41,74,50,8,-6,-2,50,124
CBRE,CBRE Group,130.46,1,3,79,19,102,5,12,-6,11,22,124
WTW,Willis Towers Watson,313.76,16,-18,81,21,100,17,-18,-2,26,23,123
CMS,CMS Energy,71.99,7,1,63,20,91,16,-4,9,11,32,123
CSX,CSX Corporation,31.22,95,5,-23,1,78,55,9,-19,-3,42,120
ED,Consolidated Edison,105.38,2,0,15,44,61,13,-6,9,42,58,119
MU,Micron Technology,98.66,133,5,-22,19,135,14,11,-39,-2,-16,119
NEE,NextEra Energy,73.83,57,5,0,0,62,61,7,-21,10,57,119
GL,Globe Life,122.22,5,2,32,11,50,16,4,43,5,68,118
KKR,KKR & Co.,125.5,1,0,0,100,101,-14,18,-7,18,15,116
NSC,Norfolk Southern,243.77,42,5,0,1,48,54,19,-17,11,67,115
VTR,Ventas,65.47,3,0,59,19,81,13,-2,10,12,33,114
AEP,American Electric Power,103.76,1,1,60,20,82,15,-4,10,11,32,114
CRWD,CrowdStrike,444.39,20,19,32,0,71,7,21,-4,17,41,112
DXCM,Dexcom,86.96,84,10,0,-11,83,19,19,-4,-6,28,111
IEX,IDEX Corporation,189.96,126,2,-15,0,113,3,13,-15,-3,-2,111
HPQ,HP Inc.,29.12,57,5,-12,1,51,50,11,-16,13,58,109
WDC,Western Digital,50.71,42,6,0,15,63,46,17,-15,-2,46,109
PSX,Phillips 66,122.17,140,5,-23,38,160,-9,7,-48,-2,-52,108
TXN,Texas Instruments,188.41,84,6,0,19,109,-7,10,-18,13,-2,107
LVS,Las Vegas Sands,42.31,140,6,-9,-3,134,-15,12,-13,-11,-27,107
SW,Smurfit Westrock,46.41,51,3,0,0,54,56,7,-10,0,53,107
AMAT,Applied Materials,165.95,0,6,-17,146,135,-9,18,-36,-2,-29,106
TSLA,"Tesla, Inc.",341.93,55,5,30,7,97,-5,17,-11,7,8,105
SMCI,Supermicro,44.81,42,0,-38,55,59,50,5,-3,-6,46,105
IP,International Paper,50.49,42,0,0,13,55,40,4,-7,13,50,105
TYL,Tyler Technologies,574.24,69,0,1,14,84,16,5,-15,15,21,105
LH,Labcorp,249.8,2,12,42,12,68,11,12,-2,15,36,104
PLD,Prologis,110.63,92,3,-10,0,85,11,17,-7,-2,19,104
NWSA,News Corp (Class A),28.33,0,6,4,55,65,5,19,-4,18,38,103
TPR,"Tapestry, Inc.",82.33,1,6,67,18,92,-15,12,-2,16,11,103
EQIX,Equinix,877.13,18,6,4,31,59,12,19,-10,23,44,103
CFG,Citizens Financial Group,41.59,92,5,1,1,99,-17,11,-7,11,-2,97
ABBV,AbbVie,185.74,-29,-10,4,55,20,5,11,-1,61,76,96
DECK,Deckers Brands,127.42,0,0,-11,90,79,-17,12,-7,28,16,95
LUV,Southwest Airlines,32.58,113,5,3,-36,85,13,8,-12,1,10,95
GLW,Corning Inc.,48.12,42,5,6,14,67,11,12,-7,11,27,94
CHRW,C.H. Robinson,100.07,42,4,1,1,48,47,6,-14,5,44,92
BXP,"BXP, Inc.",67.89,42,4,-7,0,39,39,19,-16,10,52,91
XYL,Xylem Inc.,128.01,57,6,0,19,82,12,16,-39,19,8,90
ECL,Ecolab,261.36,20,4,3,19,46,16,14,-2,16,44,90
MAA,Mid-America Apartment Communities,161.32,0,5,45,4,54,12,17,-2,8,35,89
VZ,Verizon,44.32,16,3,17,7,43,16,9,10,11,46,89
DLR,Digital Realty,170.81,14,12,2,19,47,16,19,-11,16,40,87
EA,Electronic Arts,150.46,-5,28,6,4,33,13,20,3,18,54,87
EXC,Exelon,44.37,1,0,42,11,54,15,-5,13,7,30,84
LHX,L3Harris,230.97,21,28,0,2,51,19,21,-18,11,33,84
HAS,Hasbro,68.18,57,6,1,1,65,14,17,-21,8,18,83
WYNN,Wynn Resorts,96.54,84,8,1,1,94,-7,16,-15,-5,-11,83
EIX,Edison International,58.01,24,8,-19,1,14,19,19,-16,47,69,83
ALLE,Allegion,144.49,14,18,3,18,53,12,18,-19,19,30,83
HII,Huntington Ingalls Industries,229.25,2,45,0,3,50,14,21,3,-6,32,82
CPAY,Corpay,348.6,42,5,4,18,69,-16,12,-6,22,12,81
AOS,A. O. Smith,70.52,56,6,-29,55,88,11,18,-35,-2,-8,80
NXPI,NXP Semiconductors,210.38,57,5,-12,60,110,-8,14,-35,-2,-31,79
APD,Air Products,277.32,43,0,0,13,56,15,7,-6,7,23,79
TROW,T. Rowe Price,97.99,84,4,-10,-22,56,12,12,-12,10,22,78
SPG,Simon Property Group,164.48,0,3,3,32,38,10,12,-2,18,38,76
SWKS,Skyworks Solutions,72.95,140,4,-30,-27,87,10,14,-33,-2,-11,76
JKHY,Jack Henry & Associates,184.37,56,3,3,1,63,14,5,-14,8,13,76
KVUE,Kenvue,23.99,0,8,30,0,38,14,17,6,0,37,75
HPE,Hewlett Packard Enterprise,17.46,0,2,-11,39,30,-17,19,-8,51,45,75
SOLV,Solventum,75.78,56,2,0,0,58,12,7,-3,0,16,74
DHI,D. R. Horton,124.92,-3,0,-15,62,44,8,17,-22,27,30,74
EOG,EOG Resources,113.44,0,-1,-7,42,34,-6,6,-8,48,40,74
MCHP,Microchip Technology,60.6,134,6,-33,0,107,1,12,-42,-4,-33,74
MDT,Medtronic,86.97,42,0,1,0,43,14,6,-1,10,29,72
LEN,Lennar,111.13,0,0,-17,61,44,11,11,-22,27,27,71
EW,Edwards Lifesciences,78.03,28,18,1,-11,36,30,19,17,-32,34,70
ESS,Essex Property Trust,286.46,17,3,1,11,32,16,13,-2,11,38,70
NVR,"NVR, Inc.",7295.19,0,0,-10,62,52,5,6,-19,26,18,70
PCG,PG&E Corporation,17.75,17,12,-17,1,13,17,19,-16,37,57,70
TXT,Textron,76.43,56,6,-22,50,90,8,16,-43,-2,-21,69
GM,General Motors,50.03,56,6,1,8,71,-10,12,-15,10,-3,68
ABNB,Airbnb,136.59,57,5,0,0,62,-9,19,-5,-2,3,65
TFC,Truist Financial,41.4,42,5,0,1,48,4,11,-10,11,16,64
INVH,Invitation Homes,34.4,2,4,3,4,13,13,19,8,11,51,64
OTIS,Otis Worldwide,98.55,20,2,1,0,23,13,6,-1,23,41,64
EQR,Equity Residential,71.34,16,5,1,10,32,17,19,-16,10,30,62
MAS,Masco,66.75,0,0,-7,62,55,2,6,-19,18,7,62
NOC,Northrop Grumman,470.95,0,-5,-1,55,49,12,-13,4,9,12,61
ERIE,Erie Indemnity,372.57,21,-18,-4,36,35,33,-15,-22,28,24,59
PSA,Public Storage,309.4,17,7,0,12,36,14,19,-22,10,21,57
FIS,Fidelity National Information Services,80.99,44,21,0,-34,31,15,19,-17,8,25,56
NEM,Newmont,50.92,0,30,6,0,36,8,-2,6,7,19,55
PAYC,Paycom,259.93,58,19,6,-21,62,11,19,-3,-34,-7,55
SBAC,SBA Communications,235.6,5,26,3,-17,17,13,19,4,2,38,55
PHM,PulteGroup,103.07,-22,0,-10,62,30,3,17,-21,26,25,55
CPT,Camden Property Trust,119.06,13,4,3,1,21,14,12,-2,8,32,53
CSGP,CoStar Group,76.87,14,0,0,11,25,28,-5,10,-6,27,52
CL,Colgate-Palmolive,91.75,14,-13,0,20,21,17,-8,-1,23,31,52
GPC,Genuine Parts Company,129.07,42,4,0,0,46,48,18,-47,-14,5,51
TAP,Molson Coors Beverage Company,56.6,30,-17,0,11,24,47,-23,-1,2,25,49
ZBRA,Zebra Technologies,297.8,64,0,-8,-4,52,-16,11,-8,10,-3,49
AWK,American Water Works,143.72,9,0,13,3,25,15,-6,9,5,23,48
AVB,AvalonBay Communities,208.63,4,3,0,13,20,12,19,-15,12,28,48
UDR,"UDR, Inc.",42.21,0,3,3,4,10,12,17,-2,10,37,47
EXPE,Expedia Group,165.39,0,0,36,8,44,-17,12,-5,11,1,45
CTRA,Coterra,24.51,35,-31,0,41,45,-7,-29,25,10,-1,44
ULTA,Ulta Beauty,410.26,42,16,0,0,58,-17,19,-10,-6,-14,44
DAL,Delta Air Lines,51.19,0,0,0,16,16,1,12,-8,23,28,44
OKE,Oneok,84.7,0,-32,0,51,19,-17,6,-12,48,25,44
XOM,ExxonMobil,106.45,-7,-1,0,41,33,-21,6,-22,47,10,43
AMT,American Tower,215.14,7,1,3,3,14,16,-2,7,8,29,43
FRT,Federal Realty Investment Trust,97.79,23,3,-10,1,17,11,19,-16,11,25,42
UAL,United Airlines Holdings,78.64,-6,0,37,8,39,-21,18,-7,13,3,42
GNRC,Generac,129.01,84,2,-7,-31,48,-7,8,-15,7,-7,41
WAT,Waters Corporation,358.73,1,0,1,11,13,11,12,-7,11,27,40
NDSN,Nordson Corporation,204.46,56,5,-23,0,38,11,11,-16,-4,2,40
AVY,Avery Dennison,183.57,56,5,-22,1,40,12,19,-30,-2,-1,39
SYY,Sysco,73.0,21,1,-3,0,19,18,6,-15,11,20,39
EXR,Extra Space Storage,152.6,14,3,0,0,17,14,19,-23,10,20,37
EMN,Eastman Chemical Company,82.17,42,-1,-8,0,33,7,6,-22,12,3,36
ANSS,Ansys,343.98,1,6,4,8,19,-15,19,-8,20,16,35
INCY,Incyte,63.8,25,0,-6,-28,-9,44,14,-18,4,44,35
QCOM,Qualcomm,153.64,57,4,-12,19,68,-7,14,-39,-2,-34,34
BKR,Baker Hughes,37.91,13,-32,0,32,13,-1,5,-6,23,21,34
AMZN,Amazon,206.14,0,5,4,18,27,-17,11,-6,17,5,32
DLTR,Dollar Tree,86.6,0,23,0,-12,11,5,22,12,-19,20,31
CRM,Salesforce,287.52,0,0,4,19,23,-16,12,-8,18,6,29
ACN,Accenture,319.3,1,0,-10,11,2,4,11,-6,16,25,27
POOL,Pool Corporation,322.21,44,0,-10,-3,31,11,6,-16,-6,-5,26
CCI,Crown Castle,102.96,7,2,0,-25,-16,15,17,7,2,41,25
CVX,Chevron Corporation,138.49,-7,-31,-7,45,0,-7,2,27,3,25,25
DAY,Dayforce,59.55,40,0,-7,-9,24,10,-2,-11,2,-1,23
KDP,Keurig Dr Pepper,33.83,2,0,0,0,2,16,-9,5,9,21,23
DD,DuPont,68.91,0,0,-8,16,8,2,11,-22,23,14,22
AMCR,Amcor,9.45,21,2,-7,0,16,18,-1,-22,8,3,19
JNPR,Juniper Networks,36.14,-15,1,0,51,37,-28,15,-24,17,-20,17
EG,Everest Group,347.29,-2,2,-23,52,29,9,4,-24,-2,-13,16
CMCSA,Comcast,35.43,42,3,-22,-6,17,16,6,-19,-5,-2,15
BALL,Ball Corporation,54.33,39,6,-22,-8,15,12,18,-29,-2,-1,14
HES,Hess Corporation,132.79,-3,-31,-7,52,11,-20,5,18,-1,2,13
D,Dominion Energy,56.19,13,4,1,-31,-13,16,19,-17,7,25,12
FTV,Fortive,72.62,0,5,-8,30,27,-17,8,-4,-2,-15,12
O,Realty Income,56.26,4,2,0,4,10,13,-1,-21,10,1,11
DVA,DaVita,144.99,9,-25,0,17,1,16,-17,-7,16,8,9
APTV,Aptiv,67.33,140,6,0,-21,125,-12,12,-84,-33,-117,8
SJM,J.M. Smucker Company (The),113.44,11,0,0,0,11,18,-5,4,-20,-3,8
GEN,Gen Digital,28.5,0,9,2,13,24,-26,11,-14,13,-16,8
FSLR,First Solar,164.87,0,5,-26,59,38,-10,19,-38,-3,-32,6
PPG,PPG Industries,114.27,42,6,-33,-5,10,10,14,-24,-5,-5,5
COO,Cooper Companies (The),81.9,-7,0,-14,-2,-23,9,19,-19,19,28,5
DG,Dollar General,98.18,16,47,-44,-14,5,19,-6,9,-23,-1,4
JNJ,Johnson & Johnson,152.5,1,-7,-1,0,-7,10,-2,-1,3,10,3
FCX,Freeport-McMoRan,38.8,0,6,-24,55,37,-21,12,-23,-3,-35,2
ZTS,Zoetis,163.94,19,3,-22,0,0,13,12,-25,-2,-2,-2
ES,Eversource Energy,63.55,16,9,2,-7,20,12,12,-22,-25,-23,-3
NCLH,Norwegian Cruise Line Holdings,18.9,0,0,-7,0,-7,-15,7,-7,17,2,-5
A,Agilent Technologies,113.39,1,0,-10,-2,-11,5,9,-7,-2,5,-6
IVZ,Invesco,15.33,0,2,-7,0,-5,-17,12,-7,10,-2,-7
IFF,International Flavors & Fragrances,77.31,13,2,-10,-28,-23,12,18,-22,8,16,-7
WST,West Pharmaceutical Services,217.21,2,0,-14,-4,-16,12,13,-14,-5,6,-10
FDX,FedEx,226.11,0,0,-13,29,16,-17,6,-15,-1,-27,-11
CZR,Caesars Entertainment,29.57,0,0,-13,-22,-35,53,19,-22,-34,16,-19
TSN,Tyson Foods,56.05,0,-11,0,-25,-36,12,-11,8,8,17,-19
VTRS,Viatris,8.77,-29,0,-12,-4,-45,12,13,-16,16,25,-20
MTD,Mettler Toledo,1159.03,4,0,-10,0,-6,5,11,-28,-2,-14,-20
GEHC,GE HealthCare,73.1,0,0,-7,0,-7,-22,9,-5,5,-13,-20
BG,Bunge Global,80.31,0,26,-31,0,-5,2,19,-34,-2,-15,-20
ELV,Elevance Health,403.88,5,-5,-31,0,-31,11,-20,5,14,10,-21
FANG,Diamondback Energy,139.35,0,0,-16,44,28,-20,7,-35,-2,-50,-22
STZ,Constellation Brands,192.89,16,12,-32,0,-4,16,19,-48,-5,-18,-22
HST,Host Hotels & Resorts,15.43,0,6,-19,1,-12,-17,19,-14,-3,-15,-27
BBY,Best Buy,71.59,0,0,-11,-3,-14,-17,12,-22,13,-14,-28
UNH,UnitedHealth Group,315.88,-154,-22,-5,-1,-182,7,-17,-18,181,153,-29
DHR,Danaher Corporation,196.4,1,0,-16,0,-15,11,-1,-27,-1,-18,-33
FI,Fiserv,169.19,-21,-32,-1,32,-22,-21,-18,-2,24,-17,-39
TGT,Target Corporation,97.97,-3,-1,-18,-8,-30,11,7,-26,-3,-11,-41
MKC,McCormick & Company,74.41,-29,-24,0,-1,-54,9,-2,-1,7,13,-41
TER,Teradyne,81.5,0,-1,-16,-3,-20,-17,7,-10,-2,-22,-42
CNC,Centene Corporation,61.56,1,0,-31,-8,-38,10,6,4,-25,-5,-43
PYPL,PayPal,72.32,0,0,0,-36,-36,-17,12,-11,6,-10,-46
MHK,Mohawk Industries,107.57,0,0,-13,-8,-21,-23,6,-21,11,-27,-48
JBHT,J.B. Hunt,146.23,1,0,-18,0,-17,-17,6,-15,-7,-33,-50
SBUX,Starbucks,84.61,0,-41,-5,0,-46,-12,5,-2,4,-5,-51
BF-B,Brownâ€“Forman,35.66,57,6,-90,-15,-42,18,19,-22,-25,-10,-52
WY,Weyerhaeuser,26.52,0,-32,-10,0,-42,9,6,-22,-5,-12,-54
WBA,Walgreens Boots Alliance,11.26,0,6,0,-74,-68,8,21,17,-32,14,-54
HRL,Hormel Foods,30.12,21,3,-22,-20,-18,19,-15,-14,-27,-37,-55
KHC,Kraft Heinz,27.9,0,-19,-29,0,-48,9,-9,-1,-7,-8,-56
BLDR,Builders FirstSource,117.61,0,-74,-15,62,-27,-17,-63,-19,68,-31,-58
IPG,Interpublic Group of Companies (The),25.48,0,-1,-30,0,-31,5,9,-27,-14,-27,-58
BAX,Baxter International,31.5,2,0,-10,-35,-43,11,13,-1,-38,-15,-58
BMY,Bristol Myers Squibb,47.22,0,-31,-2,-2,-35,10,-34,-1,2,-23,-58
MTCH,Match Group,29.92,15,0,-13,-34,-32,30,-2,-20,-35,-27,-59
EPAM,EPAM Systems,183.75,0,0,-13,-24,-37,3,11,-4,-34,-24,-61
ADM,Archer Daniels Midland,49.91,0,7,-33,-8,-34,6,19,-35,-17,-27,-61
AKAM,Akamai Technologies,77.84,-49,0,-13,-4,-66,6,18,-13,-7,4,-62
OMC,Omnicom Group,76.96,-21,-110,-14,42,-103,3,8,-19,47,39,-64
MKTX,MarketAxess,219.41,0,2,-15,-26,-39,9,19,-19,-41,-32,-71
SWK,Stanley Black & Decker,70.63,1,0,-16,-36,-51,-17,6,-22,11,-22,-73
CVS,CVS Health,62.77,-52,0,0,-14,-66,10,-4,12,-25,-7,-73
ON,ON Semiconductor,43.85,0,0,-24,-3,-27,-17,12,-30,-12,-47,-74
REGN,Regeneron Pharmaceuticals,596.41,30,-48,-28,0,-46,42,-41,-29,-1,-29,-75
CDW,CDW Corporation,188.04,0,6,-29,1,-22,-15,13,-50,-5,-57,-79
PARA,Paramount Global,11.76,0,7,0,-36,-29,-21,13,-1,-42,-51,-80
NKE,"Nike, Inc.",62.04,82,-1,-64,-18,-1,12,7,-65,-33,-79,-80
LW,Lamb Weston,53.54,15,-13,-59,-5,-62,21,-21,-13,-11,-24,-86
MGM,MGM Resorts,33.67,0,6,-43,0,-37,-16,19,-50,-6,-53,-90
DOC,Healthpeak Properties,17.72,6,-32,-4,-28,-58,12,-35,-19,6,-36,-94
AES,AES Corporation,11.71,0,5,-29,-8,-32,-9,6,-40,-21,-64,-96
NUE,Nucor,115.83,-21,0,-42,0,-63,-23,13,-19,-5,-34,-97
CAG,Conagra Brands,23.0,0,-24,-19,-4,-47,9,-38,-1,-20,-50,-97
INTC,Intel,21.4,0,-1,-56,-17,-74,-20,6,-4,-9,-27,-101
BDX,Becton Dickinson,177.09,13,-59,-15,-2,-63,9,-33,-6,-12,-42,-105
CRL,Charles River Laboratories,141.44,0,1,-41,-23,-63,2,9,-50,-5,-44,-107
BIIB,Biogen,129.47,19,0,-71,-24,-76,11,6,-34,-15,-32,-108
DVN,Devon Energy,32.68,0,5,-37,-2,-34,-19,7,-43,-19,-74,-108
PFE,Pfizer,23.01,0,-39,-20,-20,-79,11,12,-28,-25,-30,-109
CPB,Campbell's Company (The),35.48,2,-31,-19,-3,-51,10,-41,-26,-2,-59,-110
KMX,CarMax,67.96,0,-55,-6,-33,-94,-20,2,-10,8,-20,-114
SLB,Schlumberger,35.1,0,-32,-57,0,-89,-17,6,-8,-7,-26,-115
LYB,LyondellBasell,59.18,0,-43,-31,-2,-76,3,6,-45,-4,-40,-116
OXY,Occidental Petroleum,42.32,0,-1,-42,0,-43,-20,6,-46,-13,-73,-116
GIS,General Mills,54.82,10,-30,-28,-1,-49,13,-40,-24,-16,-67,-116
PEP,PepsiCo,131.73,2,-31,-29,0,-58,15,-40,-26,-10,-61,-119
HUM,Humana,247.45,6,-13,-76,-9,-92,10,-16,-7,-17,-30,-122
RVTY,Revvity,94.35,0,-49,-7,-21,-77,3,-41,-12,5,-45,-122
HSY,Hershey Company (The),156.53,-35,-5,-32,-1,-73,-33,-2,-1,-16,-52,-125
COP,ConocoPhillips,90.4,-7,-32,-32,1,-70,-17,6,-48,-5,-64,-134
EL,EstÃ©e Lauder Companies (The),65.36,57,0,-107,-23,-73,12,9,-52,-32,-63,-136
ALGN,Align Technology,184.8,0,0,-54,-22,-76,1,20,-49,-35,-63,-139
TECH,Bio-Techne,49.29,-26,-70,-14,-21,-131,2,6,-14,-3,-9,-140
WBD,Warner Bros. Discovery,9.04,0,-32,0,-39,-71,-29,6,-7,-42,-72,-143
CLX,Clorox,134.83,0,-94,-4,-2,-100,8,-52,-14,10,-48,-148
GPN,Global Payments,80.85,-3,-66,-14,-36,-119,-17,6,-11,-7,-29,-148
TMO,Thermo Fisher Scientific,411.86,-23,-57,-9,-2,-91,1,-67,-8,11,-63,-154
HOLX,Hologic,56.44,0,-133,-22,-1,-156,5,1,-22,-4,-20,-176
IQV,IQVIA,143.54,-28,-67,-27,-3,-125,-28,5,-29,-3,-55,-180
APA,APA Corporation,17.32,0,0,-72,-9,-81,-17,6,-76,-16,-103,-184
HAL,Halliburton,20.86,0,-83,-50,-2,-135,10,-4,-49,-6,-49,-184
ARE,Alexandria Real Estate Equities,74.04,3,-39,-24,-27,-87,9,-41,-35,-32,-99,-186
MRNA,Moderna,26.4,5,-77,-42,-1,-115,7,-3,-42,-36,-74,-189
ZBH,Zimmer Biomet,95.78,-7,-29,-52,-14,-102,-7,-23,-51,-15,-96,-198
UPS,United Parcel Service,99.1,0,-41,-93,-13,-147,-5,6,-21,-31,-51,-198
MRK,Merck & Co.,77.23,-70,-34,-34,-1,-139,5,-36,-38,-3,-72,-211
ENPH,Enphase Energy,48.77,1,-90,-33,-17,-139,-1,-31,-40,-21,-93,-232
DOW,Dow Inc.,30.12,-16,-141,-30,0,-187,-28,7,-45,-5,-71,-258
ALB,Albemarle Corporation,59.25,-7,-103,-115,-20,-245,-19,6,-14,-22,-49,-294
