Symbol,Name,Close,1H Cloud Score,1D Cloud Score,1W Cloud Score,1M Cloud Score,Cloud Score Sum,1H TKx Score,1D TKx Score,1W TKx Score,1M TKx Score,TKx Score Sum,Total Score Sum
TJX,TJX Companies,140.84,26,25,152,199,402,-3,29,121,194,341,743
ORLY,Oâ€™Reilly Automotive,106.39,56,36,167,200,459,21,42,58,90,211,670
MSI,Motorola Solutions,478.64,49,37,5,154,245,52,47,5,186,290,535
AZO,AutoZone,4249.61,105,35,98,87,325,19,42,58,58,177,502
WELL,Welltower,169.37,7,79,120,59,265,5,40,137,25,207,472
GOOGL,Alphabet Inc. (Class A),234.08,77,71,12,177,337,24,45,9,22,100,437
BSX,Boston Scientific,108.15,24,14,148,145,331,26,6,14,58,104,435
GOOG,Alphabet Inc. (Class C),234.16,77,71,11,177,336,24,45,8,22,99,435
CDNS,Cadence Design Systems,360.76,9,51,21,142,223,16,-7,14,181,204,427
FAST,Fastenal,48.2,-14,104,127,107,324,-6,48,18,27,87,411
WM,Waste Management,219.13,-14,-11,99,188,262,-26,-17,31,160,148,410
JPM,JPMorgan Chase,292.99,-12,84,127,159,358,-5,9,14,27,45,403
MCD,McDonald's,312.74,-7,18,56,243,310,-9,38,2,58,89,399
LYV,Live Nation Entertainment,169.31,7,83,98,148,336,7,21,13,17,58,394
ROL,"Rollins, Inc.",57.16,1,1,35,287,324,3,-4,27,36,62,386
COST,Costco,972.14,7,0,0,181,188,22,-4,-6,185,197,385
WRB,W. R. Berkley Corporation,72.43,6,8,98,177,289,-9,21,28,56,96,385
RTX,RTX Corporation,154.21,-14,81,81,55,203,-14,87,88,15,176,379
GS,Goldman Sachs,741.87,9,82,96,59,246,-5,93,14,22,124,370
MA,Mastercard,586.93,-14,27,130,156,299,-5,34,14,27,70,369
HUBB,Hubbell Incorporated,436.78,1,80,5,183,269,1,11,10,72,94,363
HWM,Howmet Aerospace,179.48,21,0,152,30,203,21,-19,96,58,156,359
RSG,Republic Services,228.08,-14,-28,128,178,264,-11,-53,-5,161,92,356
PTC,PTC Inc.,212.72,0,81,10,183,274,-1,45,11,27,82,356
YUM,Yum! Brands,147.99,2,1,32,260,295,10,-2,-6,58,60,355
AAPL,Apple Inc.,237.92,30,49,2,252,333,-2,17,6,-1,20,353
PLTR,Palantir Technologies,156.07,0,95,120,0,215,3,-10,123,21,137,352
CHD,Church & Dwight,94.61,21,-30,-20,345,316,21,6,-18,26,35,351
STX,Seagate Technology,189.02,76,82,18,23,199,25,93,14,19,151,350
MS,Morgan Stanley,148.78,2,82,80,65,229,-5,93,14,17,119,348
ANET,Arista Networks,140.06,49,67,11,59,186,28,63,10,57,158,344
BR,Broadridge Financial Solutions,253.42,0,35,118,146,299,9,-4,14,26,45,344
NDAQ,"Nasdaq, Inc.",95.01,3,88,80,145,316,4,-6,14,15,27,343
GLW,Corning Inc.,72.15,77,81,23,18,199,26,88,12,15,141,340
HD,Home Depot (The),419.99,21,34,5,181,241,26,47,6,20,99,340
WMT,Walmart,102.34,23,6,131,102,262,43,-10,14,30,77,339
NEM,Newmont,75.75,89,106,23,6,224,12,68,23,11,114,338
BK,BNY Mellon,104.03,-2,84,98,41,221,-5,88,14,20,117,338
WDC,Western Digital,93.29,77,82,16,19,194,26,93,14,4,137,331
APH,Amphenol,110.58,11,95,23,66,195,-5,97,14,28,134,329
URI,United Rentals,970.08,22,82,11,65,180,26,53,12,58,149,329
LOW,Lowe's,273.03,27,34,4,167,232,26,46,5,20,97,329
SPG,Simon Property Group,182.63,131,51,5,36,223,22,50,12,22,106,329
NRG,NRG Energy,147.8,3,-5,107,95,200,4,-15,117,22,128,328
PHM,PulteGroup,141.4,77,55,5,66,203,26,59,10,30,125,328
ATO,Atmos Energy,163.9,-7,22,78,46,139,10,38,89,46,183,322
STE,Steris,248.39,6,21,18,196,241,12,14,26,26,78,319
PODD,Insulet Corporation,349.75,151,19,49,5,224,56,14,18,7,95,319
AME,Ametek,188.67,19,27,8,107,161,15,27,14,102,158,319
RL,Ralph Lauren Corporation,308.86,53,84,98,35,270,-5,13,14,27,49,319
AVGO,Broadcom,345.81,22,85,23,117,247,24,2,14,31,71,318
NFLX,Netflix,1244.46,22,0,120,21,163,26,13,91,21,151,314
MPWR,Monolithic Power Systems,863.09,13,82,7,158,260,16,26,14,-3,53,313
ITW,Illinois Tool Works,266.73,1,53,6,179,239,14,17,11,30,72,311
SPGI,S&P Global,545.75,0,82,20,173,275,4,-5,12,22,33,308
DHI,D. R. Horton,184.05,77,55,5,66,203,40,59,8,-3,104,307
EBAY,eBay Inc.,93.04,0,91,81,15,187,19,-2,86,17,120,307
V,Visa Inc.,342.38,-13,-2,141,134,260,-7,11,14,27,45,305
SHW,Sherwin-Williams,375.37,14,25,5,191,235,19,17,14,20,70,305
CBRE,CBRE Group,163.58,13,66,96,23,198,16,62,12,15,105,303
IBM,IBM,256.11,22,-27,113,55,163,21,1,60,57,139,302
ALL,Allstate,200.27,-13,27,101,160,275,-5,-2,15,18,26,301
ETR,Entergy,86.81,-48,40,80,138,210,-12,-5,93,15,91,301
PANW,Palo Alto Networks,197.43,112,2,3,82,199,26,3,14,58,101,300
L,Loews Corporation,96.03,-7,82,116,56,247,-5,17,14,25,51,298
MCO,Moody's Corporation,507.62,1,82,20,157,260,4,-5,12,26,37,297
TMUS,T-Mobile US,242.97,-9,21,98,140,250,-16,34,-12,36,42,292
PGR,Progressive Corporation,245.95,0,-62,0,178,116,-10,-2,-7,190,171,287
TRV,Travelers Companies (The),274.48,6,18,95,59,178,-5,29,28,57,109,287
RCL,Royal Caribbean Group,350.94,0,82,125,29,236,-5,10,14,28,47,283
J,Jacobs Solutions,144.74,-49,80,10,107,148,8,95,11,20,134,282
HCA,HCA Healthcare,418.14,35,21,7,98,161,47,21,20,30,118,279
NVR,"NVR, Inc.",8549.74,37,51,2,66,156,37,47,7,30,121,277
SNPS,Synopsys,609.23,7,69,11,181,268,12,-11,12,-6,7,275
COR,Cencora,297.76,2,5,48,76,131,1,14,59,69,143,274
ADI,Analog Devices,248.99,0,13,15,180,208,11,13,14,27,65,273
TTWO,Take-Two Interactive,248.8,50,5,49,14,118,72,12,49,21,154,272
GD,General Dynamics,322.91,0,104,12,55,171,-33,59,14,58,98,269
DRI,Darden Restaurants,210.86,22,0,48,62,132,42,11,52,31,136,268
AON,Aon plc,370.03,0,25,0,178,203,-9,16,1,57,65,268
HIG,Hartford (The),130.65,-13,24,98,58,167,-10,28,25,57,100,267
BXP,"BXP, Inc.",75.81,113,8,2,1,124,121,9,14,-1,143,267
MNST,Monster Beverage,63.03,1,21,30,181,233,-11,17,23,5,34,267
ORCL,Oracle Corporation,238.52,9,0,15,199,223,14,-13,14,28,43,266
RJF,Raymond James Financial,165.75,0,81,96,59,236,-6,4,11,20,29,265
GE,GE Aerospace,276.08,48,93,23,28,192,4,4,34,30,72,264
GRMN,Garmin,239.58,6,55,116,20,197,19,16,10,22,67,264
TKO,TKO Group Holdings,200.6,32,20,75,41,168,16,13,14,51,94,262
KLAC,KLA Corporation,909.26,14,1,18,178,211,15,-8,14,27,48,259
DUK,Duke Energy,120.2,-49,38,80,184,253,-42,-2,26,17,-1,252
PH,Parker Hannifin,760.65,9,83,21,66,179,14,14,14,31,73,252
LIN,Linde plc,474.78,-41,25,17,111,112,1,17,14,107,139,251
PG,Procter & Gamble,159.03,21,0,-10,180,191,36,14,-18,27,59,250
TPR,"Tapestry, Inc.",104.86,42,82,84,22,230,-3,-9,12,20,20,250
CAT,Caterpillar Inc.,422.94,0,81,12,65,158,16,6,12,58,92,250
TEL,TE Connectivity,207.82,19,88,20,63,190,23,3,14,19,59,249
PNR,Pentair,110.68,17,82,13,63,175,18,19,12,25,74,249
FFIV,"F5, Inc.",320.7,9,81,98,15,203,16,-5,14,18,43,246
GILD,Gilead Sciences,115.88,7,76,55,36,174,24,-4,12,40,72,246
ALLE,Allegion,173.1,14,94,13,22,143,15,50,14,23,102,245
BX,Blackstone Inc.,173.35,9,53,8,143,213,14,-13,9,22,32,245
COF,Capital One,220.04,0,88,98,22,208,-5,8,14,19,36,244
FICO,Fair Isaac,1540.49,80,-44,-10,167,193,45,6,-32,32,51,244
T,AT&T,28.92,-2,22,74,17,111,-5,24,98,16,133,244
C,Citigroup,95.9,4,82,23,19,128,-5,92,14,15,116,244
INTU,Intuit,671.74,4,-13,21,192,204,20,-19,14,21,36,240
SYK,Stryker Corporation,393.36,9,0,21,160,190,1,5,12,30,48,238
SO,Southern Company,90.86,-66,0,80,191,205,-70,-7,27,80,30,235
DTE,DTE Energy,134.69,-70,0,78,190,198,-5,-4,31,14,36,234
DGX,Quest Diagnostics,182.64,1,21,72,19,113,15,19,72,15,121,234
AXON,Axon Enterprise,740.62,-42,-5,149,95,197,4,-12,14,31,37,234
BKNG,Booking Holdings,5568.17,0,0,140,36,176,2,11,14,27,54,230
CMI,Cummins,397.19,0,54,9,66,129,14,45,10,31,100,229
SYY,Sysco,81.58,41,69,11,4,125,-5,82,11,15,103,228
LHX,L3Harris,273.94,-28,104,16,6,98,2,97,16,15,130,228
MLM,Martin Marietta Materials,627.48,19,37,10,61,127,16,42,14,28,100,227
BRK-B,Berkshire Hathaway,493.82,-2,8,128,63,197,-5,16,-9,27,29,226
STT,State Street Corporation,111.39,-13,84,21,17,109,-4,89,13,15,113,222
LLY,Lilly (Eli),738.8,3,-29,-7,173,140,-8,4,-11,97,82,222
NWS,News Corp (Class B),33.98,1,0,116,59,176,14,-4,14,22,46,222
MAS,Masco,75.79,14,48,1,66,129,17,48,5,22,92,221
EVRG,Evergy,70.8,-7,63,62,15,133,-3,-1,81,11,88,221
ABBV,AbbVie,209.79,0,34,20,59,113,-5,41,6,65,107,220
VMC,Vulcan Materials Company,298.87,17,34,10,61,122,14,42,14,28,98,220
HLT,Hilton Worldwide,277.8,7,82,20,65,174,-5,12,12,27,46,220
AJG,Arthur J. Gallagher & Co.,299.22,-14,-52,0,187,121,-14,10,-6,108,98,219
DASH,DoorDash,250.6,10,81,101,0,192,7,-13,14,19,27,219
UAL,United Airlines Holdings,107.79,77,55,5,12,149,25,19,8,17,69,218
HPE,Hewlett Packard Enterprise,23.51,13,78,5,43,139,-2,15,11,55,79,218
CINF,Cincinnati Financial,153.5,0,25,89,63,177,-5,16,14,16,41,218
FOXA,Fox Corporation (Class A),62.48,43,18,72,2,135,42,14,12,15,83,218
ULTA,Ulta Beauty,519.81,12,92,16,5,125,-9,95,16,-10,92,217
TT,Trane Technologies,415.19,0,-8,20,165,177,15,-21,14,30,38,215
NTAP,NetApp,121.18,77,25,2,58,162,26,17,11,-2,52,214
TDY,Teledyne Technologies,546.7,22,81,56,15,174,23,-13,14,16,40,214
TER,Teradyne,118.89,77,53,0,3,133,-3,83,7,-6,81,214
KIM,Kimco Realty,22.55,99,19,3,56,177,-2,11,12,15,36,213
CME,CME Group,262.53,-20,-16,58,137,159,-12,-11,54,20,51,210
CAH,Cardinal Health,150.32,1,-12,59,39,87,11,1,52,58,122,209
FOX,Fox Corporation (Class B),56.81,41,18,71,2,132,42,14,11,10,77,209
VRSN,Verisign,282.98,56,-19,40,10,87,53,3,56,8,120,207
MO,Altria,65.79,-12,35,74,46,143,-12,28,30,17,63,206
WEC,WEC Energy Group,107.38,0,38,59,14,111,19,-10,72,12,93,204
ETN,Eaton Corporation,349.6,1,-5,12,115,123,14,-18,12,73,81,204
META,Meta Platforms,752.19,18,82,21,30,151,21,-5,12,24,52,203
LRCX,Lam Research,105.1,10,4,13,153,180,16,-1,14,-6,23,203
LEN,Lennar,142.41,26,38,0,65,129,26,47,5,-4,74,203
WSM,"Williams-Sonoma, Inc.",202.64,20,48,12,66,146,24,2,6,22,54,200
MSFT,Microsoft,498.25,-14,-1,20,174,179,-5,-15,14,26,20,199
AIZ,Assurant,211.8,-15,23,5,153,166,-13,19,6,20,32,198
BKR,Baker Hughes,45.66,83,36,8,36,163,-5,5,8,27,35,198
NI,NiSource,40.24,-33,-1,78,46,90,2,-3,93,15,107,197
CBOE,Cboe Global Markets,234.4,-63,0,148,56,141,-14,-8,26,52,56,197
CNP,CenterPoint Energy,37.21,-6,36,53,46,129,10,-6,47,16,67,196
PWR,Quanta Services,375.64,0,0,21,100,121,4,-18,14,73,73,194
DE,Deere & Company,481.63,0,-12,53,110,151,8,-25,49,11,43,194
TSCO,Tractor Supply,60.09,-29,48,11,86,116,-33,16,8,86,77,193
IBKR,Interactive Brokers,61.12,-14,0,98,58,142,-11,-9,12,58,50,192
EXPD,Expeditors International,121.77,9,27,5,132,173,-5,18,10,-4,19,192
VLO,Valero Energy,157.37,113,11,4,45,173,2,10,13,-6,19,192
MMC,Marsh McLennan,203.47,-65,-63,-7,176,41,-13,-1,-15,179,150,191
KR,Kroger,68.02,0,-8,83,68,143,-14,-11,54,16,45,188
LDOS,Leidos,178.35,-28,94,6,24,96,2,51,17,20,90,186
UNP,Union Pacific Corporation,217.23,-14,-10,-9,199,166,-6,-2,7,20,19,185
SRE,Sempra,79.41,-21,37,4,182,202,-25,-2,12,-2,-17,185
KO,Coca-Cola Company (The),67.45,-20,-11,32,183,184,-11,-4,-2,15,-2,182
CTAS,Cintas,202.88,-115,-16,23,168,60,-72,-11,17,188,122,182
AEE,Ameren,99.99,0,38,60,14,112,-2,-4,65,11,70,182
ICE,Intercontinental Exchange,173.96,-64,-6,116,162,208,-63,-12,26,22,-27,181
CPRT,Copart,48.76,1,0,-17,177,161,2,16,-27,29,20,181
JBL,Jabil,209.17,14,0,23,66,103,21,-16,15,58,78,181
IVZ,Invesco,22.0,9,58,11,3,81,21,54,11,14,100,181
PPL,PPL Corporation,35.66,-66,40,80,24,78,-5,-1,92,15,101,179
EXPE,Expedia Group,217.2,9,55,53,12,129,2,21,10,15,48,177
FRT,Federal Realty Investment Trust,101.71,125,14,-1,2,140,19,14,5,-2,36,176
WMB,Williams Companies,56.86,-14,-24,116,53,131,-12,-16,14,58,44,175
LMT,Lockheed Martin,459.2,19,8,-33,166,160,16,10,-8,-3,15,175
MCK,McKesson Corporation,697.05,2,-11,46,59,96,1,10,-1,68,78,174
IDXX,Idexx Laboratories,652.74,13,89,18,5,125,14,29,14,-9,48,173
AXP,American Express,325.43,0,11,21,100,132,-5,11,12,22,40,172
LH,Labcorp,277.21,1,32,59,16,108,12,19,12,19,62,170
CCL,Carnival,31.57,7,81,21,2,111,16,11,12,20,59,170
SYF,Synchrony Financial,75.18,0,82,21,22,125,-5,17,12,19,43,168
VICI,Vici Properties,33.31,-7,13,62,16,84,-6,5,27,58,84,168
XEL,Xcel Energy,71.76,-7,38,55,13,99,-12,7,63,10,68,167
RMD,ResMed,279.58,0,88,21,14,123,16,-2,13,14,41,164
VTR,Ventas,68.08,0,38,76,23,137,5,-2,8,16,27,164
GM,General Motors,58.23,2,64,11,12,89,-7,56,11,14,74,163
ROST,Ross Stores,151.58,35,25,4,36,100,-5,34,3,30,62,162
FCX,Freeport-McMoRan,46.68,77,5,2,59,143,1,10,14,-7,18,161
WTW,Willis Towers Watson,332.35,1,27,12,25,65,19,41,4,30,94,159
JCI,Johnson Controls,107.17,7,0,79,20,106,16,4,14,19,53,159
ADP,Automatic Data Processing,296.54,-64,-5,1,181,113,-11,-18,14,58,43,156
RF,Regions Financial Corporation,27.05,1,81,11,23,116,-5,18,12,15,40,156
SNA,Snap-on,326.99,0,3,0,60,63,16,11,7,58,92,155
HST,Host Hotels & Resorts,17.39,118,14,2,3,137,-3,11,12,-7,13,150
ADM,Archer Daniels Midland,61.9,-5,83,6,0,84,13,59,14,-21,65,149
NVDA,Nvidia,168.37,-42,0,18,135,111,4,-8,14,27,37,148
PCAR,Paccar,98.26,-35,3,-26,160,102,12,-2,1,35,46,148
PM,Philip Morris International,162.74,-65,-11,74,56,54,-22,-2,89,28,93,147
MPC,Marathon Petroleum,181.19,90,8,3,50,151,-19,8,14,-9,-6,145
CVX,Chevron Corporation,154.07,-14,44,11,49,90,-22,65,5,7,55,145
MDT,Medtronic,92.99,1,49,15,2,67,-7,63,7,14,77,144
GL,Globe Life,140.38,1,34,49,15,99,-7,33,8,9,43,142
DOV,Dover Corporation,178.04,0,-7,-7,107,93,14,2,10,20,46,139
AFL,Aflac,106.33,0,18,5,59,82,-5,17,-12,56,56,138
NTRS,Northern Trust,127.43,-14,82,20,12,100,-14,24,14,14,38,138
PKG,Packaging Corporation of America,215.93,3,12,2,62,79,12,12,7,27,58,137
MHK,Mohawk Industries,139.48,21,44,2,0,67,17,48,6,-2,69,136
MMM,3M,153.98,0,3,78,15,96,-5,16,14,15,40,136
AMZN,Amazon,235.86,21,4,21,22,68,21,14,11,21,67,135
BLDR,Builders FirstSource,147.93,18,48,-32,66,100,17,18,4,-4,35,135
REG,Regency Centers,73.09,24,14,9,54,101,-3,3,14,20,34,135
ABT,Abbott Laboratories,132.23,1,11,60,14,86,19,23,-8,15,49,135
KEY,KeyCorp,19.18,2,82,12,5,101,-5,11,12,14,32,133
HPQ,HP Inc.,29.37,77,19,-29,2,69,45,17,3,-2,63,132
JNJ,Johnson & Johnson,178.16,1,48,12,8,69,1,46,9,7,63,132
AMAT,Applied Materials,162.06,9,-16,-5,150,138,14,-27,12,-6,-7,131
NWSA,News Corp (Class A),29.95,6,1,13,59,79,17,-2,14,22,51,130
LVS,Las Vegas Sands,53.75,-20,82,10,3,75,-30,88,11,-15,54,129
HAS,Hasbro,79.36,-14,82,18,4,90,-5,18,14,12,39,129
FSLR,First Solar,203.08,14,47,0,63,124,-5,2,14,-7,4,128
ADSK,Autodesk,326.79,49,6,3,15,73,15,6,14,20,55,128
EMR,Emerson Electric,132.73,9,0,20,65,94,13,-20,14,27,34,128
PNC,PNC Financial Services,203.86,0,72,6,15,93,-5,13,11,15,34,127
CFG,Citizens Financial Group,51.72,1,70,12,5,88,-5,17,11,15,38,126
ROP,Roper Technologies,523.6,0,-26,-6,183,151,-5,-43,-5,27,-26,125
FE,FirstEnergy,43.33,-35,35,10,56,66,-7,36,14,15,58,124
FITB,Fifth Third Bancorp,45.51,1,58,4,23,86,-5,15,11,17,38,124
CB,Chubb Limited,277.51,2,0,6,59,67,-7,14,-8,57,56,123
F,Ford Motor Company,11.68,0,96,6,0,102,-5,16,14,-6,19,121
KKR,KKR & Co.,138.67,0,0,1,104,105,2,-18,10,22,16,121
INCY,Incyte,86.56,6,68,7,1,82,-12,32,10,8,38,120
MTCH,Match Group,38.78,20,66,8,-38,56,19,74,9,-39,63,119
NOW,ServiceNow,940.28,10,-22,0,83,71,12,1,12,23,48,119
TRMB,Trimble Inc.,81.3,6,0,83,5,94,13,-14,12,13,24,118
NSC,Norfolk Southern,275.64,-5,81,15,5,96,-6,-2,14,15,21,117
WFC,Wells Fargo,79.16,-14,0,96,30,112,-35,6,14,20,5,117
VLTO,Veralto,106.91,0,82,6,0,88,15,-2,13,0,26,114
STLD,Steel Dynamics,134.58,14,2,4,56,76,14,10,14,-1,37,113
DAL,Delta Air Lines,61.79,0,54,5,20,79,-19,19,6,27,33,112
O,Realty Income,59.12,1,26,14,8,49,19,16,14,14,63,112
AOS,A. O. Smith,73.96,15,4,0,59,78,19,6,14,-6,33,111
BA,Boeing,230.97,-14,95,12,0,93,1,15,14,-12,18,111
TSLA,"Tesla, Inc.",346.4,14,21,2,11,48,16,27,8,11,62,110
XYL,Xylem Inc.,140.04,-40,82,12,23,77,-5,-1,14,23,31,108
HII,Huntington Ingalls Industries,269.97,-7,121,12,7,133,-37,1,20,-10,-26,107
EQT,EQT Corporation,50.78,-14,-26,45,43,48,2,1,45,11,59,107
GWW,W. W. Grainger,998.41,-14,-26,-7,95,48,-5,10,-5,58,58,106
TFC,Truist Financial,46.02,0,56,5,5,66,-5,17,11,15,38,104
MAR,Marriott International,268.08,1,0,0,59,60,-5,10,11,28,44,104
DD,DuPont,77.73,6,53,-7,20,72,14,11,11,-4,32,104
TXT,Textron,82.73,15,1,0,54,70,19,6,14,-6,33,103
TDG,TransDigm Group,1294.53,-46,-18,1,158,95,-47,-19,14,58,6,101
WAB,Wabtec,190.9,-7,-18,4,50,29,-5,6,14,57,72,101
TROW,T. Rowe Price,108.17,9,67,2,-26,52,-12,51,10,-1,48,100
MU,Micron Technology,131.48,21,8,2,23,54,21,17,14,-6,46,100
MET,MetLife,79.64,-12,13,0,59,60,-5,13,12,19,39,99
PFG,Principal Financial Group,79.72,0,11,0,56,67,-5,6,11,19,31,98
WYNN,Wynn Resorts,122.72,0,84,12,4,100,-21,12,14,-9,-4,96
AMP,Ameriprise Financial,492.64,-14,-6,0,65,45,-33,-2,12,72,49,94
SCHW,Charles Schwab Corporation,93.47,-14,0,81,12,79,-6,-9,14,15,14,93
HON,Honeywell,214.69,-35,-17,4,179,131,-48,-29,14,23,-40,91
GEN,Gen Digital,29.92,0,1,19,17,37,10,13,14,17,54,91
A,Agilent Technologies,128.11,49,8,-27,0,30,47,14,5,-6,60,90
UBER,Uber,94.36,0,1,22,0,23,2,14,20,27,63,86
HSY,Hershey Company (The),187.66,42,48,8,0,98,-2,2,8,-20,-12,86
FTNT,Fortinet,80.36,11,-26,-6,114,93,12,-28,-6,14,-8,85
NXPI,NXP Semiconductors,225.44,-27,19,0,64,56,10,14,11,-6,29,85
CHRW,C.H. Robinson,125.92,-6,50,7,5,56,-33,43,10,9,29,85
XOM,ExxonMobil,109.9,-14,1,0,45,32,-22,10,13,51,52,84
HBAN,Huntington Bancshares,17.74,1,11,13,22,47,-5,11,14,17,37,84
VRSK,Verisk Analytics,273.11,6,-30,0,115,91,22,-54,-6,29,-9,82
NCLH,Norwegian Cruise Line Holdings,24.55,0,53,4,0,57,-5,2,7,21,25,82
GPC,Genuine Parts Company,139.86,9,35,5,0,49,-5,42,14,-18,33,82
EOG,EOG Resources,117.22,-13,0,-2,46,31,-19,11,7,52,51,82
MSCI,MSCI Inc.,574.9,5,1,0,15,21,10,18,11,21,60,81
EA,Electronic Arts,168.04,-28,28,8,8,16,3,20,20,22,65,81
BEN,Franklin Resources,24.89,-14,85,12,2,85,-12,17,14,-23,-4,81
BAC,Bank of America,49.48,-2,15,21,19,53,-14,12,14,15,27,80
NOC,Northrop Grumman,581.95,-51,49,14,59,71,-26,-1,21,13,7,78
DECK,Deckers Brands,117.13,0,8,-28,94,74,-9,5,-24,32,4,78
MTD,Mettler Toledo,1316.02,6,67,-27,0,46,12,17,8,-6,31,77
CI,Cigna,301.06,-2,1,-1,59,57,12,16,-7,-2,19,76
NUE,Nucor,144.01,-5,59,0,4,58,-3,18,11,-9,17,75
KEYS,Keysight Technologies,169.32,20,4,2,1,27,25,4,12,6,47,74
VRTX,Vertex Pharmaceuticals,395.25,0,-24,-6,105,75,-5,-24,-10,38,-1,74
PSX,Phillips 66,130.13,0,11,0,42,53,2,11,13,-6,20,73
MTB,M&T Bank,199.38,1,11,5,23,40,-5,11,12,15,33,73
UHS,Universal Health Services,185.79,21,14,-15,23,43,21,18,-8,-2,29,72
VZ,Verizon,43.32,-7,22,34,11,60,-5,-2,4,15,12,72
EXR,Extra Space Storage,147.04,28,1,-7,0,22,20,2,14,14,50,72
LII,Lennox International,580.46,10,-10,0,39,39,19,-23,8,28,32,71
IRM,Iron Mountain,92.42,1,-23,-7,58,29,14,-44,14,57,41,70
AWK,American Water Works,140.04,-7,-1,30,0,22,13,-1,26,9,47,69
CTVA,Corteva,72.97,-28,0,57,0,29,1,13,14,12,40,69
GNRC,Generac,183.98,0,66,7,-35,38,10,-2,11,11,30,68
PAYX,Paychex,135.43,-35,-28,0,168,105,-27,-21,-5,15,-38,67
AIG,American International Group,78.74,-41,-2,32,54,43,-8,13,-4,22,23,66
ECL,Ecolab,275.29,-52,25,20,23,16,-5,20,14,20,49,65
ROK,Rockwell Automation,344.86,0,0,19,16,35,14,14,14,-12,30,65
EFX,Equifax,253.06,10,0,-8,17,19,14,-2,14,19,45,64
USB,U.S. Bancorp,48.68,2,15,4,5,26,-5,16,11,16,38,64
APO,Apollo Global Management,134.47,-28,-14,-5,98,51,1,-26,10,27,12,63
VST,Vistra Corp.,187.98,-42,0,23,31,12,4,-13,12,46,49,61
KMI,Kinder Morgan,26.5,-14,-23,0,45,8,4,-16,12,53,53,61
EQR,Equity Residential,66.37,18,0,0,14,32,15,5,-7,14,27,59
DIS,Walt Disney Company (The),118.84,21,0,19,0,40,-5,6,14,4,19,59
PNW,Pinnacle West Capital,87.85,-70,-7,72,19,14,-5,-5,26,27,43,57
BG,Bunge Global,84.33,0,13,0,0,13,9,27,14,-6,44,57
SW,Smurfit Westrock,46.72,1,11,0,17,29,2,3,4,18,27,56
AMD,Advanced Micro Devices,151.37,-42,0,2,111,71,-13,-8,14,-8,-15,56
PRU,Prudential Financial,105.85,-14,14,-17,56,39,-29,17,8,20,16,55
DOC,Healthpeak Properties,18.33,113,3,-21,-32,63,12,6,-36,10,-8,55
AMGN,Amgen,280.08,-70,-3,-2,166,91,-73,-4,2,37,-38,53
PSA,Public Storage,294.78,16,2,-15,2,5,19,14,14,-1,46,51
BLK,BlackRock,1105.79,-50,81,21,23,75,-61,-2,14,22,-27,48
PLD,Prologis,113.59,4,11,3,0,18,11,10,14,-6,29,47
LNT,Alliant Energy,64.05,-48,42,72,15,81,-62,-1,14,14,-35,46
CSCO,Cisco,66.87,-15,0,52,15,52,-35,-11,14,26,-6,46
ACGL,Arch Capital Group,90.9,-10,4,-12,63,45,-12,18,-5,-1,0,45
BBY,Best Buy,77.61,22,19,-28,-7,6,23,16,2,-3,38,44
QCOM,Qualcomm,160.28,9,9,-29,23,12,12,11,12,-6,29,41
TYL,Tyler Technologies,565.9,9,-11,0,18,16,12,-13,5,19,23,39
APTV,Aptiv,82.31,21,19,5,-25,20,26,15,14,-37,18,38
KMB,Kimberly-Clark,129.82,0,0,-3,19,16,14,-4,-15,27,22,38
CRWD,CrowdStrike,428.17,2,-22,49,0,29,10,-36,14,21,9,38
DPZ,Domino's,466.1,3,-24,2,11,-8,-7,3,31,19,46,38
SJM,J.M. Smucker Company (The),111.62,30,34,6,-5,65,-4,-2,2,-24,-28,37
NDSN,Nordson Corporation,226.18,6,12,0,2,20,-5,16,14,-8,17,37
CMS,CMS Energy,70.72,-67,0,80,24,37,-10,-7,2,15,0,37
WDAY,"Workday, Inc.",231.9,52,-3,-14,15,50,-5,2,-8,-3,-14,36
K,Kellanova,79.43,0,0,0,22,22,16,-7,-11,14,12,34
OMC,Omnicom Group,78.96,15,19,-31,2,5,16,14,1,-2,29,34
SOLV,Solventum,74.67,8,0,0,0,8,12,1,10,0,23,31
TMO,Thermo Fisher Scientific,485.11,-6,33,-26,0,1,11,47,-25,-4,29,30
DELL,Dell Technologies,123.03,-2,0,0,33,31,-5,-6,14,-5,-2,29
GEHC,GE HealthCare,78.17,14,2,-24,0,-8,18,3,3,9,33,25
VTRS,Viatris,10.49,0,22,0,0,22,-19,17,6,-2,2,24
CSGP,CoStar Group,88.05,-3,0,10,15,22,-3,-12,27,-10,2,24
WAT,Waters Corporation,309.45,19,0,-9,0,10,12,11,-24,15,14,24
D,Dominion Energy,57.96,-65,80,18,0,33,-35,-1,14,11,-11,22
AEP,American Electric Power,107.54,-50,0,77,24,51,-68,-3,27,15,-29,22
SWK,Stanley Black & Decker,78.42,14,48,-33,-40,-11,16,17,3,-3,33,22
IR,Ingersoll Rand,80.38,14,-17,-25,24,-4,14,1,11,-1,25,21
INTC,Intel,24.5,0,18,0,-21,-3,16,17,4,-13,24,21
BRO,Brown & Brown,95.35,-35,-91,-3,164,35,-31,4,-14,27,-14,21
ED,Consolidated Edison,96.65,-70,-9,32,48,1,-7,-12,-8,46,19,20
GEV,GE Vernova,600.01,0,1,0,0,1,10,-8,15,0,17,18
CVS,CVS Health,70.27,-7,17,14,0,24,-3,21,4,-29,-7,17
AVB,AvalonBay Communities,194.48,9,-27,-7,17,-8,14,6,-11,16,25,17
PSKY,Paramount Skydance Corporation,15.2,0,18,5,-40,-17,4,11,16,2,33,16
MCHP,Microchip Technology,65.3,0,-1,0,0,-1,12,-2,14,-8,16,15
IPG,Interpublic Group of Companies (The),27.0,14,34,-47,0,1,15,14,2,-18,13,14
HOLX,Hologic,66.53,-10,70,-39,0,21,-2,-4,7,-8,-7,14
CTRA,Coterra,23.83,-7,-2,-9,45,27,-19,4,-16,14,-17,10
ESS,Essex Property Trust,265.66,1,-27,-1,15,-12,12,2,-7,15,22,10
BDX,Becton Dickinson,191.61,0,22,-32,-6,-16,16,48,-23,-16,25,9
WST,West Pharmaceutical Services,253.27,23,2,-31,-8,-14,23,3,5,-9,22,8
CARR,Carrier Global,65.62,1,-25,-3,0,-27,14,-21,14,27,34,7
CPT,Camden Property Trust,110.92,6,-27,0,0,-21,14,6,-7,12,25,4
IP,International Paper,47.41,-7,-5,0,17,5,-27,2,7,17,-1,4
DDOG,Datadog,136.42,4,0,3,0,7,11,-25,11,-1,-4,3
APD,Air Products,289.1,-35,0,0,17,-18,-7,11,6,11,21,3
COIN,Coinbase,302.15,-2,-10,13,0,1,-5,-26,13,19,1,2
EW,Edwards Lifesciences,80.24,-11,31,8,-15,13,-19,10,34,-36,-11,2
IQV,IQVIA,187.77,1,37,-44,0,-6,11,-3,6,-7,7,1
TRGP,Targa Resources,160.52,-14,-2,0,52,36,-28,-38,-24,55,-35,1
HSIC,Henry Schein,67.75,-5,-10,-9,0,-24,12,6,3,4,25,1
ZBRA,Zebra Technologies,313.62,0,-1,-6,-8,-15,12,-18,8,14,16,1
CLX,Clorox,125.86,28,2,-21,-6,3,36,-22,-31,14,-3,0
UNH,UnitedHealth Group,320.43,26,4,-22,-5,3,18,16,-35,-2,-3,0
EXC,Exelon,43.02,-64,-1,59,15,9,-12,-4,-5,11,-10,-1
GPN,Global Payments,87.45,0,34,-31,-40,-37,-5,50,2,-11,36,-1
APA,APA Corporation,22.27,0,22,0,-13,9,-20,20,9,-20,-11,-2
CSX,CSX Corporation,32.44,0,-5,0,5,0,-5,-5,14,-7,-3,-3
DVA,DaVita,134.51,-7,-10,-7,21,-3,-3,6,-24,20,-1,-4
EL,EstÃ©e Lauder Companies (The),88.88,-7,72,0,-27,38,-21,3,12,-36,-42,-4
HUM,Humana,310.71,6,24,2,-13,19,-5,27,-24,-21,-23,-4
PEP,PepsiCo,141.72,-21,37,-46,0,-30,-26,62,3,-14,25,-5
PEG,Public Service Enterprise Group,80.18,-119,-4,0,153,30,-49,-12,7,18,-36,-6
EQIX,Equinix,765.51,-35,-7,-12,35,-19,10,-15,-12,27,10,-9
ISRG,Intuitive Surgical,470.03,1,-28,-7,23,-11,12,-36,-2,27,1,-10
CL,Colgate-Palmolive,84.21,0,-43,-10,24,-29,14,-4,-18,27,19,-10
SMCI,Supermicro,40.03,-42,-6,-4,59,7,1,-18,9,-10,-18,-11
CEG,Constellation Energy,298.81,-42,-5,20,0,-27,-5,-13,14,20,16,-11
MAA,Mid-America Apartment Communities,144.68,1,-28,0,0,-27,14,2,-12,12,16,-11
CPAY,Corpay,311.53,-35,-26,-2,22,-41,-5,6,2,26,29,-12
CRM,Salesforce,252.32,0,-27,-17,23,-21,9,2,-25,22,8,-13
DAY,Dayforce,69.35,0,15,4,-13,6,-34,11,4,-1,-20,-14
POOL,Pool Corporation,334.44,14,2,-27,-7,-18,18,-5,1,-10,4,-14
DXCM,Dexcom,78.0,1,-10,-3,-15,-27,26,-19,14,-10,11,-16
CTSH,Cognizant,71.17,-7,-28,-7,15,-27,-5,3,-7,19,10,-17
TXN,Texas Instruments,185.79,-35,-4,0,23,-16,-42,10,14,17,-1,-17
EIX,Edison International,53.31,-20,26,-36,0,-30,-32,40,4,-2,10,-20
OTIS,Otis Worldwide,87.37,1,-33,-8,0,-40,12,-2,-18,27,19,-21
ES,Eversource Energy,62.89,-34,-2,19,-11,-28,-7,-4,14,3,6,-22
DLR,Digital Realty,161.21,-35,-16,-1,23,-29,-5,-22,14,20,7,-22
DVN,Devon Energy,34.52,-13,19,-2,-6,-2,-26,15,13,-23,-21,-23
UDR,"UDR, Inc.",38.74,0,-27,-2,0,-29,-1,1,-9,14,5,-24
FANG,Diamondback Energy,137.34,-15,-3,-33,48,-3,-28,3,8,-6,-23,-26
CPB,Campbell's Company (The),33.9,28,4,-36,-7,-11,37,-7,-43,-6,-19,-30
PFE,Pfizer,24.57,-7,24,-3,-24,-10,-19,16,11,-29,-21,-31
FDX,FedEx,224.94,-35,-5,-30,33,-37,-5,9,6,-5,5,-32
CAG,Conagra Brands,19.48,13,0,-36,-8,-31,23,17,-18,-24,-2,-33
SWKS,Skyworks Solutions,75.66,5,4,-47,-31,-69,15,14,11,-6,34,-35
AES,AES Corporation,12.71,-23,43,0,-12,8,-30,-3,10,-25,-48,-40
LW,Lamb Weston,57.57,14,18,-76,-9,-53,14,6,7,-15,12,-41
BALL,Ball Corporation,50.96,0,-16,-7,-12,-35,10,-24,14,-6,-6,-41
MDLZ,Mondelez International,61.96,2,-28,-2,0,-28,-2,-24,23,-10,-13,-41
OKE,Oneok,71.37,-23,-26,-17,55,-11,-27,-26,-29,52,-30,-41
BMY,Bristol Myers Squibb,46.71,-21,1,-4,-6,-30,-19,16,-18,6,-15,-45
MGM,MGM Resorts,36.2,-21,0,0,0,-21,-35,10,11,-10,-24,-45
PPG,PPG Industries,111.54,0,0,-50,-9,-59,-5,14,14,-9,14,-45
EG,Everest Group,339.42,-13,-1,-40,56,2,-12,11,-41,-6,-48,-46
AKAM,Akamai Technologies,78.88,9,1,-30,-8,-28,12,9,-30,-11,-20,-48
WBD,Warner Bros. Discovery,12.36,11,0,16,-43,-16,22,-21,12,-46,-33,-49
TAP,Molson Coors Beverage Company,49.91,-7,0,-17,0,-24,-3,-1,-18,-4,-26,-50
TPL,Texas Pacific Land Corporation,911.61,-13,-69,-13,59,-36,-25,5,-9,14,-15,-51
PAYC,Paycom,224.42,0,-10,23,-25,-12,-2,-13,14,-38,-39,-51
MOS,Mosaic Company (The),32.58,-28,-19,20,-17,-44,3,1,19,-31,-8,-52
JBHT,J.B. Hunt,143.08,-11,-7,-35,0,-53,-5,10,4,-11,-2,-55
FI,Fiserv,135.21,-35,-41,-18,36,-58,-5,-1,-19,28,3,-55
COO,Cooper Companies (The),68.78,6,-7,-31,-6,-38,24,-2,-36,-4,-18,-56
ERIE,Erie Indemnity,336.31,-64,-5,-21,40,-50,8,-9,-39,32,-8,-58
SBUX,Starbucks,84.15,-28,-4,-5,0,-37,-20,-12,2,8,-22,-59
EXE,Expand Energy,94.53,-13,-35,45,0,-3,-19,-46,-3,11,-57,-60
WY,Weyerhaeuser,25.96,1,0,-27,0,-26,14,-1,-39,-9,-35,-61
FDS,FactSet,375.35,4,-35,-9,0,-40,17,-31,-7,-2,-23,-63
TSN,Tyson Foods,55.92,-49,12,-5,-29,-71,-7,17,-15,12,7,-64
PCG,PG&E Corporation,14.56,-7,0,-34,0,-41,-19,29,-33,-2,-25,-66
CF,CF Industries,84.52,-28,-22,0,5,-45,2,-48,14,9,-23,-68
PYPL,PayPal,68.41,-13,-17,-7,-40,-77,12,-21,7,10,8,-69
BIIB,Biogen,141.36,29,18,-88,-28,-69,-7,25,1,-19,0,-69
ON,ON Semiconductor,48.88,0,-7,-41,-2,-50,12,-25,10,-16,-19,-69
LUV,Southwest Airlines,31.72,-21,-16,4,-40,-73,-19,6,11,5,3,-70
XYZ,"Block, Inc.",75.82,-27,0,0,-37,-64,-33,4,8,14,-7,-71
CDW,CDW Corporation,167.79,12,-24,-46,0,-58,16,-27,6,-9,-14,-72
INVH,Invitation Homes,30.1,-34,-32,-12,0,-78,-5,2,-7,15,5,-73
GDDY,GoDaddy,148.07,7,-42,-7,23,-19,12,-66,-23,23,-54,-73
TECH,Bio-Techne,54.13,0,0,-31,-25,-56,11,10,-31,-7,-17,-73
JKHY,Jack Henry & Associates,162.55,0,-27,-7,0,-34,14,-58,-7,12,-39,-73
KDP,Keurig Dr Pepper,27.64,-70,-10,-3,0,-83,-7,-4,22,-1,10,-73
DHR,Danaher Corporation,198.59,-57,22,-33,0,-68,-5,-3,7,-5,-6,-74
OXY,Occidental Petroleum,45.4,-13,12,-59,0,-60,-22,14,10,-17,-15,-75
NKE,"Nike, Inc.",74.2,-40,50,-2,-22,-14,-51,11,11,-37,-66,-80
COP,ConocoPhillips,91.41,-17,0,-49,0,-66,-26,12,6,-9,-17,-83
ZBH,Zimmer Biomet,104.72,-12,22,-1,-18,-9,-5,17,-68,-19,-75,-84
CRL,Charles River Laboratories,161.99,1,0,-58,-27,-84,-4,2,10,-9,-1,-85
ODFL,Old Dominion,151.11,0,-28,-30,0,-58,12,-2,-35,-2,-27,-85
IEX,IDEX Corporation,164.11,0,-28,-32,-3,-63,15,2,-32,-7,-22,-85
SLB,Schlumberger,35.79,0,3,-74,0,-71,11,10,-25,-11,-15,-86
MKC,McCormick & Company,70.17,0,-43,-10,-3,-56,18,-42,-18,11,-31,-87
CMCSA,Comcast,34.01,4,-29,-39,-10,-74,-7,8,-6,-9,-14,-88
ABNB,Airbnb,124.61,-28,-22,-7,0,-57,-33,3,4,-6,-32,-89
ELV,Elevance Health,308.18,-9,-1,-48,-3,-61,-21,11,-14,-4,-28,-89
ARE,Alexandria Real Estate Equities,85.58,26,19,-41,-31,-27,17,8,-52,-36,-63,-90
DG,Dollar General,108.69,-84,0,0,-18,-102,16,-7,26,-27,8,-94
KHC,Kraft Heinz,26.92,0,-1,-46,0,-47,-1,-19,-18,-11,-49,-96
ZTS,Zoetis,151.59,-35,0,-39,-4,-78,-5,-1,-6,-6,-18,-96
MRK,Merck & Co.,84.1,-7,26,-51,0,-32,-18,16,-55,-7,-64,-96
EMN,Eastman Chemical Company,68.9,1,-30,-25,-2,-56,-5,6,-39,-3,-41,-97
LKQ,LKQ Corporation,32.63,6,-59,-10,-3,-66,-5,7,-18,-18,-34,-100
CZR,Caesars Entertainment,26.38,2,-27,-30,-26,-81,12,2,2,-38,-22,-103
DLTR,Dollar Tree,99.4,-45,-1,1,-16,-61,-40,-10,29,-23,-44,-105
ACN,Accenture,255.56,-28,-43,-27,-1,-99,-5,1,-23,20,-7,-106
NEE,NextEra Energy,69.77,-56,-1,-1,0,-58,-75,-2,14,14,-49,-107
ALB,Albemarle Corporation,82.01,0,47,-132,-24,-109,-5,20,8,-26,-3,-112
TTD,Trade Desk (The),52.05,-21,-21,-31,-2,-75,-30,-13,5,-1,-39,-114
AVY,Avery Dennison,168.46,-62,-10,-39,0,-111,-7,-1,11,-6,-3,-114
KMX,CarMax,61.38,6,-39,-23,-37,-93,-5,8,-27,-1,-25,-118
ENPH,Enphase Energy,38.82,13,0,-50,-21,-58,12,8,-57,-25,-62,-120
ADBE,Adobe Inc.,358.68,6,-43,-40,-7,-84,12,2,-44,-6,-36,-120
KVUE,Kenvue,18.46,-65,-10,-2,0,-77,-22,-20,-7,4,-45,-122
FTV,Fortive,47.97,0,-28,-25,0,-53,14,-54,-21,-9,-70,-123
AMCR,Amcor,8.25,-35,-17,-5,0,-57,-33,-26,-5,-3,-67,-124
FIS,Fidelity National Information Services,68.89,-50,-24,-6,-38,-118,-5,-26,13,12,-6,-124
MOH,Molina Healthcare,175.55,-21,-74,-17,-3,-115,2,8,-13,-9,-12,-127
CMG,Chipotle Mexican Grill,39.64,-62,-32,-10,81,-23,-62,-33,-8,-1,-104,-127
IT,Gartner,246.33,-21,-59,-25,0,-105,5,-62,-23,58,-22,-127
AMT,American Tower,193.58,-56,-24,-1,-1,-82,-66,-23,24,12,-53,-135
MRNA,Moderna,24.85,0,-23,-59,-5,-87,14,-24,1,-40,-49,-136
LULU,Lululemon Athletica,168.08,-14,-64,-15,-4,-97,-6,-2,-24,-13,-45,-142
HAL,Halliburton,21.77,-7,8,-67,-1,-67,-7,6,-66,-10,-77,-144
EPAM,EPAM Systems,164.44,-17,-3,-30,-28,-78,-27,14,-21,-38,-72,-150
CCI,Crown Castle,93.86,-63,-9,-1,-29,-102,-63,-20,24,6,-53,-155
BAX,Baxter International,24.11,0,-43,-27,-39,-109,12,2,-18,-42,-46,-155
DOW,Dow Inc.,23.98,-7,-32,-47,-2,-88,-5,7,-62,-9,-69,-157
REGN,Regeneron Pharmaceuticals,558.03,-48,19,-45,0,-74,-40,-1,-46,-5,-92,-166
ALGN,Align Technology,136.88,-7,-27,-71,-26,-131,10,-1,-7,-39,-37,-168
TGT,Target Corporation,91.5,-91,-7,-35,-12,-145,-5,-13,2,-7,-23,-168
HRL,Hormel Foods,25.5,-49,-37,-14,-24,-124,13,-33,-1,-31,-52,-176
IFF,International Flavors & Fragrances,66.19,-35,-28,-27,-32,-122,10,-24,-39,-2,-55,-177
RVTY,Revvity,86.34,-55,-28,-24,-25,-132,11,-33,-29,4,-47,-179
MKTX,MarketAxess,187.19,1,-31,-32,-30,-92,7,-46,-6,-45,-90,-182
LYB,LyondellBasell,54.67,-35,-26,-48,-6,-115,-5,7,-62,-8,-68,-183
CHTR,Charter Communications,263.97,0,-31,-8,-37,-76,-63,-36,-8,-2,-109,-185
CNC,Centene Corporation,28.84,-9,-75,-48,-12,-144,-13,12,-17,-29,-47,-191
SBAC,SBA Communications,191.36,-63,-24,-3,-21,-111,-63,-24,-2,6,-83,-194
GIS,General Mills,50.12,23,-106,-45,-5,-133,35,-52,-41,-20,-78,-211
BF-B,Brownâ€“Forman,27.61,-63,-4,-107,-19,-193,-40,40,-39,-29,-68,-261
UPS,United Parcel Service,84.34,-49,-29,-110,-17,-205,-5,-1,-38,-35,-79,-284
STZ,Constellation Brands,146.12,-113,-10,-49,-4,-176,-27,-13,-65,-9,-114,-290
