Symbol,Name,Close,1H Cloud Score,1D Cloud Score,1W Cloud Score,1M Cloud Score,Cloud Score Sum,1H TKx Score,1D TKx Score,1W TKx Score,1M TKx Score,TKx Score Sum,Total Score Sum
TJX,TJX Companies,124.45,-28,0,139,196,307,-28,-8,108,191,263,570
RSG,Republic Services,251.85,0,21,115,175,311,4,12,84,158,258,569
WM,Waste Management,237.08,2,20,86,185,293,7,12,18,157,194,487
ORLY,Oâ€™Reilly Automotive,91.08,1,-2,154,197,350,-10,3,45,87,125,475
NDAQ,"Nasdaq, Inc.",86.92,96,29,67,142,334,89,36,1,12,138,472
COST,Costco,1002.86,-42,32,108,178,276,-42,38,1,182,179,455
ORCL,Oracle Corporation,199.85,91,22,2,196,311,89,29,1,25,144,455
AJG,Arthur J. Gallagher & Co.,320.32,-44,-4,156,184,292,2,26,19,105,152,444
V,Visa Inc.,371.41,72,32,128,131,363,18,36,1,24,79,442
ROL,"Rollins, Inc.",57.29,0,45,22,284,351,5,38,14,33,90,441
WRB,W. R. Berkley Corporation,73.78,2,78,85,174,339,4,29,15,53,101,440
IBM,IBM,280.98,59,28,100,52,239,58,36,47,54,195,434
MA,Mastercard,589.28,72,31,117,153,373,-1,36,1,24,60,433
JCI,Johnson Controls,103.59,252,31,66,17,366,10,36,1,16,63,429
PGR,Progressive Corporation,268.41,-33,-3,96,175,235,-42,29,13,187,187,422
MSFT,Microsoft,479.03,91,30,7,171,299,58,38,1,23,120,419
LLY,Lilly (Eli),812.01,67,1,0,170,238,83,2,1,94,180,418
FAST,Fastenal,42.87,37,45,114,104,300,49,37,5,24,115,415
CDNS,Cadence Design Systems,307.9,28,35,8,139,210,14,-3,1,178,190,400
SO,Southern Company,90.35,19,2,67,188,276,19,12,14,77,122,398
CTAS,Cintas,223.43,-21,43,10,163,195,-26,38,4,185,201,396
JPM,JPMorgan Chase,268.23,35,25,114,156,330,-1,36,1,24,60,390
CTVA,Corteva,72.51,259,36,44,0,339,5,36,1,9,51,390
AMGN,Amgen,297.44,91,0,1,163,255,91,11,-5,34,131,386
ADI,Analog Devices,232.05,55,23,2,177,257,56,29,1,24,110,367
PM,Philip Morris International,183.9,13,96,61,53,223,5,38,76,25,144,367
KLAC,KLA Corporation,875.11,49,23,5,175,252,51,38,1,24,114,366
ICE,Intercontinental Exchange,179.07,2,29,103,159,293,7,30,13,19,69,362
PLTR,Palantir Technologies,135.21,25,36,107,0,168,25,38,110,18,191,359
CF,CF Industries,93.83,273,22,6,2,303,5,34,1,6,46,349
WELL,Welltower,151.78,0,20,107,56,183,3,16,124,22,165,348
HWM,Howmet Aerospace,171.5,-11,36,139,27,191,-24,36,83,52,147,338
MCK,McKesson Corporation,730.46,9,96,33,56,194,11,36,29,65,141,335
RTX,RTX Corporation,141.01,72,22,68,52,214,5,28,75,12,120,334
NVDA,Nvidia,145.0,91,22,5,132,250,28,30,1,24,83,333
AXON,Axon Enterprise,775.2,0,34,136,92,262,4,38,1,28,71,333
COR,Cencora,294.99,6,100,35,69,210,11,-4,46,65,118,328
CME,CME Group,270.96,-49,102,45,134,232,3,32,41,17,93,325
DRI,Darden Restaurants,217.79,91,42,35,59,227,-12,36,39,28,91,318
DTE,DTE Energy,135.94,9,5,65,187,266,24,-4,18,11,49,315
NRG,NRG Energy,150.93,-27,36,94,92,195,-41,38,104,19,120,315
CHD,Church & Dwight,99.12,1,-47,-7,342,289,-5,10,-5,23,23,312
ADP,Automatic Data Processing,309.75,-28,26,76,178,252,-26,29,1,55,59,311
GS,Goldman Sachs,625.35,41,23,83,56,203,51,34,1,19,105,308
YUM,Yum! Brands,143.93,1,-15,19,257,262,-12,-11,13,55,45,307
T,AT&T,28.26,41,20,61,14,136,35,36,85,13,169,305
NFLX,Netflix,1215.08,-2,41,107,18,164,5,38,78,18,139,303
LRCX,Lam Research,91.68,49,23,1,150,223,51,30,1,-3,79,302
MCD,McDonald's,303.15,-43,-4,43,240,236,3,-7,13,55,64,300
ROP,Roper Technologies,572.03,7,22,20,180,229,12,-5,35,24,66,295
BR,Broadridge Financial Solutions,239.76,-10,22,105,143,260,-26,36,1,23,34,294
INTU,Intuit,766.24,0,36,8,189,233,5,36,1,18,60,293
CBOE,Cboe Global Markets,226.17,2,19,135,53,209,8,14,13,49,84,293
LYV,Live Nation Entertainment,141.33,0,24,85,145,254,-6,38,-8,14,38,292
MNST,Monster Beverage,63.69,2,73,17,178,270,-28,36,10,2,20,290
DGX,Quest Diagnostics,179.09,42,37,59,16,154,62,3,59,12,136,290
MMC,Marsh McLennan,219.34,-34,-4,0,173,135,-42,22,-2,176,154,289
ALL,Allstate,200.31,-28,22,88,157,239,2,29,2,15,48,287
AME,Ametek,179.95,26,23,5,104,158,-1,29,1,99,128,286
VRSK,Verisk Analytics,313.99,-28,32,59,112,175,1,29,50,26,106,281
NI,NiSource,39.88,21,20,65,43,149,25,12,80,12,129,278
TDG,TransDigm Group,1436.56,-20,36,10,155,181,5,36,1,55,97,278
MPWR,Monolithic Power Systems,718.05,55,23,-17,155,216,1,33,1,24,59,275
DUK,Duke Energy,117.29,8,-8,67,181,248,18,-18,13,14,27,275
HUBB,Hubbell Incorporated,391.19,0,21,-1,180,200,-19,39,-16,69,73,273
APH,Amphenol,94.62,91,36,10,63,200,7,38,1,25,71,271
CAH,Cardinal Health,160.51,7,45,46,36,134,7,36,39,55,137,271
LIN,Linde plc,470.64,0,21,4,108,133,-6,36,1,104,135,268
LH,Labcorp,261.69,86,29,46,13,174,54,29,-6,16,93,267
KO,Coca-Cola Company (The),72.26,26,5,19,180,230,-1,11,14,12,36,266
PAYX,Paychex,153.49,-22,29,75,165,247,-26,29,4,12,19,266
VRSN,Verisign,281.84,46,134,27,7,214,2,2,43,5,52,266
STE,Steris,242.39,-17,26,5,193,207,-16,36,13,23,56,263
GOOGL,Alphabet Inc. (Class A),175.72,35,12,3,174,224,-5,34,-10,19,38,262
GOOG,Alphabet Inc. (Class C),176.98,35,12,3,174,224,-5,34,-10,19,38,262
JBL,Jabil,179.05,60,26,10,63,159,7,36,2,55,100,259
DE,Deere & Company,517.07,0,25,40,107,172,5,36,36,8,85,257
SHW,Sherwin-Williams,356.17,-9,32,0,188,211,-5,32,1,17,45,256
PTC,PTC Inc.,171.01,35,22,-17,180,220,-1,30,-18,24,35,255
ECL,Ecolab,270.95,139,21,7,20,187,18,31,1,17,67,254
HON,Honeywell,225.98,-10,23,7,176,196,3,32,1,20,56,252
AAPL,Apple Inc.,199.2,-13,-2,-1,249,233,-25,-12,-16,69,16,249
PWR,Quanta Services,358.55,0,30,8,97,135,5,38,1,70,114,249
TT,Trane Technologies,424.21,-21,31,7,162,179,5,36,1,27,69,248
MSI,Motorola Solutions,413.01,-28,-7,0,151,116,-40,4,-18,183,129,245
L,Loews Corporation,89.18,3,23,103,53,182,11,29,1,22,63,245
CAT,Caterpillar Inc.,361.07,38,22,0,62,122,50,29,-15,55,119,241
MDLZ,Mondelez International,68.12,20,4,1,180,205,19,10,10,-7,32,237
ETN,Eaton Corporation,330.46,7,23,0,112,142,5,36,-16,70,95,237
ABBV,AbbVie,192.37,77,2,8,56,143,35,2,-5,62,94,237
COF,Capital One,197.75,56,29,85,19,189,-5,36,1,16,48,237
GEN,Gen Digital,30.29,59,26,6,14,105,88,28,1,14,131,236
TTWO,Take-Two Interactive,234.47,41,43,36,11,131,53,-3,36,18,104,235
TMUS,T-Mobile US,228.7,-25,-24,85,137,173,-26,-34,87,33,60,233
ATO,Atmos Energy,154.48,5,0,65,43,113,17,-16,76,43,120,233
CB,Chubb Limited,289.3,-28,20,92,56,140,1,23,13,54,91,231
AVGO,Broadcom,256.13,2,26,10,114,152,10,38,1,28,77,229
WMB,Williams Companies,60.06,-21,22,103,50,154,4,14,1,55,74,228
UNP,Union Pacific Corporation,225.47,35,0,-5,196,226,-8,4,-11,17,2,228
BRO,Brown & Brown,106.81,-43,-32,107,161,193,2,10,-1,24,35,228
AZO,AutoZone,3680.74,-33,1,85,84,137,-8,-4,45,55,88,225
TRV,Travelers Companies (The),265.99,-28,37,82,56,147,-28,36,15,54,77,224
EBAY,eBay Inc.,77.46,0,32,68,12,112,-12,36,73,14,111,223
BK,BNY Mellon,89.71,35,25,85,38,183,-9,29,1,17,38,221
ITW,Illinois Tool Works,245.97,0,7,-4,176,179,-9,29,-5,27,42,221
WMT,Walmart,94.82,-30,37,118,99,224,-42,11,1,27,-3,221
BKNG,Booking Holdings,5461.86,-14,35,127,33,181,-21,36,1,24,40,221
ETR,Entergy,83.29,7,14,64,21,106,-15,36,80,12,113,219
CBRE,CBRE Group,135.5,49,7,83,20,159,54,3,-10,12,59,218
GRMN,Garmin,208.39,58,5,103,17,183,-1,24,-8,19,34,217
ABT,Abbott Laboratories,136.4,27,20,47,11,105,18,38,39,12,107,212
AMAT,Applied Materials,175.14,50,23,-21,147,199,51,3,-40,-3,11,210
MS,Morgan Stanley,131.96,5,23,67,62,157,-1,34,1,14,48,205
TPR,"Tapestry, Inc.",82.21,26,23,71,19,139,25,29,-6,17,65,204
RCL,Royal Caribbean Group,265.63,0,23,112,26,161,-19,36,1,25,43,204
PANW,Palo Alto Networks,197.71,0,23,8,79,110,4,34,1,55,94,204
FICO,Fair Isaac,1786.64,36,-16,0,164,184,18,-9,-19,29,19,203
HCA,HCA Healthcare,371.53,1,37,5,94,137,2,29,7,27,65,202
TEL,TE Connectivity,166.05,57,29,7,60,153,-4,35,1,16,48,201
EMR,Emerson Electric,126.74,56,23,7,62,148,-3,29,1,24,51,199
LMT,Lockheed Martin,469.19,-14,1,-20,163,130,-14,12,1,70,69,199
MCO,Moody's Corporation,481.21,-7,23,7,154,177,-26,31,-9,23,19,196
VICI,Vici Properties,32.61,27,4,49,13,93,29,4,14,55,102,195
FTNT,Fortinet,101.69,-10,22,45,111,168,-1,16,1,11,27,195
KKR,KKR & Co.,125.27,36,12,0,101,149,33,5,-11,19,46,195
PCAR,Paccar,93.64,5,0,-13,157,149,-7,23,-5,32,43,192
SNPS,Synopsys,494.94,42,10,-18,178,212,-1,2,-19,-3,-21,191
GWW,W. W. Grainger,1081.43,0,23,0,92,115,-19,38,1,55,75,190
ODFL,Old Dominion,162.38,26,0,-17,185,194,-5,-7,-22,30,-4,190
MU,Micron Technology,116.22,63,22,0,20,105,58,28,1,-3,84,189
TSCO,Tractor Supply,51.76,42,0,0,83,125,14,-9,-24,83,64,189
URI,United Rentals,716.92,35,23,0,62,120,-1,35,-20,55,69,189
SRE,Sempra,76.21,-45,21,-6,179,149,11,36,-20,12,39,188
J,Jacobs Solutions,127.59,35,21,0,104,160,-10,36,-15,17,28,188
DLR,Digital Realty,176.47,82,29,6,20,137,-5,36,1,17,49,186
AON,Aon plc,355.85,-28,0,0,175,147,-28,18,-6,54,38,185
SYK,Stryker Corporation,380.56,-9,23,8,157,179,-7,-3,-11,27,6,185
HIG,Hartford (The),126.27,-28,37,85,55,149,-28,-3,12,54,35,184
BSX,Boston Scientific,98.56,-63,0,135,142,214,-81,-5,1,55,-30,184
AMP,Ameriprise Financial,515.55,5,22,10,62,99,-10,36,-11,69,84,183
VRTX,Vertex Pharmaceuticals,460.05,21,-27,0,102,96,33,2,14,35,84,180
PEG,Public Service Enterprise Group,81.57,8,2,0,150,160,14,9,-19,15,19,179
IRM,Iron Mountain,102.51,1,28,0,55,84,4,36,1,54,95,179
SCHW,Charles Schwab Corporation,88.51,16,36,68,9,129,-1,36,1,12,48,177
C,Citigroup,78.25,83,23,10,16,132,-1,33,1,12,45,177
RJF,Raymond James Financial,148.61,16,22,83,56,177,-2,-5,-11,17,-1,176
NEE,NextEra Energy,73.85,69,10,0,0,79,80,5,1,11,97,176
MO,Altria,59.95,2,20,61,43,126,6,11,17,14,48,174
SPGI,S&P Global,505.56,-7,23,7,170,193,-26,-4,-9,19,-20,173
TKO,TKO Group Holdings,164.02,0,33,62,38,133,2,-11,1,48,40,173
EVRG,Evergy,67.93,28,4,49,12,93,-1,4,68,8,79,172
ES,Eversource Energy,65.8,77,26,6,-8,101,66,29,1,-26,70,171
DASH,DoorDash,216.53,0,22,88,0,110,9,35,1,16,61,171
PPL,PPL Corporation,34.38,2,0,67,21,90,7,-19,79,12,79,169
APO,Apollo Global Management,138.12,35,5,0,95,135,35,-11,-14,24,34,169
BKR,Baker Hughes,38.63,63,0,0,33,96,35,22,-10,24,71,167
ANSS,Ansys,343.5,48,23,8,9,88,53,2,1,21,77,165
AXP,American Express,297.99,0,23,8,97,128,-7,36,-12,19,36,164
BXP,"BXP, Inc.",73.48,82,21,0,0,103,12,36,1,11,60,163
GD,General Dynamics,279.92,8,45,0,52,105,5,-3,1,55,58,163
BRK-B,Berkshire Hathaway,490.32,-10,-8,115,60,157,-14,-20,16,24,6,163
TRMB,Trimble Inc.,72.34,46,23,70,2,141,-5,28,-11,10,22,163
EOG,EOG Resources,120.58,41,2,0,43,86,35,3,-12,49,75,161
CINF,Cincinnati Financial,148.25,-21,29,76,60,144,-28,29,1,13,15,159
CPRT,Copart,49.99,-7,-14,-4,174,149,8,-10,-14,26,10,159
WEC,WEC Energy Group,106.44,3,1,46,11,61,18,12,59,9,98,159
MPC,Marathon Petroleum,165.07,35,25,0,47,107,28,29,1,-6,52,159
META,Meta Platforms,693.31,66,23,8,27,124,-5,28,-9,21,35,159
WAB,Wabtec,203.88,0,25,10,47,82,-15,36,1,54,76,158
ADSK,Autodesk,298.64,2,26,45,12,85,19,36,1,17,73,158
CRWD,CrowdStrike,481.83,14,36,36,0,86,14,38,1,18,71,157
NSC,Norfolk Southern,251.48,90,22,2,2,116,-10,36,1,12,39,155
SYF,Synchrony Financial,61.46,35,23,8,19,85,28,36,-11,16,69,154
HES,Hess Corporation,141.12,66,0,0,53,119,27,8,-2,1,34,153
FFIV,"F5, Inc.",291.62,0,22,85,12,119,-19,36,1,15,33,152
KMI,Kinder Morgan,27.66,-24,21,83,42,122,-39,29,-10,50,30,152
WFC,Wells Fargo,74.0,-19,23,83,27,114,-13,33,1,17,38,152
MDT,Medtronic,88.53,56,3,2,0,61,79,4,-5,11,89,150
PH,Parker Hannifin,666.83,0,24,8,63,95,-10,36,1,28,55,150
AIG,American International Group,85.79,1,20,19,51,91,2,23,14,19,58,149
TXN,Texas Instruments,199.69,65,23,1,20,109,-2,27,1,14,40,149
XYL,Xylem Inc.,127.27,56,23,0,20,99,-5,33,1,20,49,148
ROK,Rockwell Automation,324.99,91,26,6,13,136,-9,28,1,-9,11,147
MMM,3M,144.76,-7,23,65,12,93,12,28,1,12,53,146
LHX,L3Harris,250.41,12,45,3,3,63,30,38,3,12,83,146
NWS,News Corp (Class B),31.67,-53,26,103,56,132,-4,-3,1,19,13,145
EQT,EQT Corporation,55.49,-28,29,32,40,73,2,29,32,8,71,144
EXPD,Expeditors International,114.57,28,3,-11,129,149,-1,24,-28,-1,-6,143
NXPI,NXP Semiconductors,217.48,49,7,-16,61,101,53,31,-39,-3,42,143
HAS,Hasbro,69.52,30,23,5,1,59,37,34,1,9,81,140
SNA,Snap-on,319.12,0,8,40,57,105,-8,-3,-10,55,34,139
AIZ,Assurant,199.24,-21,13,0,150,142,-37,27,-11,17,-4,138
VST,Vistra Corp.,173.87,5,22,10,28,65,7,35,-12,43,73,138
AMZN,Amazon,213.24,65,13,8,19,105,-5,28,-10,18,31,136
GILD,Gilead Sciences,112.07,4,17,42,33,96,-16,18,-2,37,37,133
SBUX,Starbucks,94.37,55,0,1,1,57,54,22,-6,5,75,132
TYL,Tyler Technologies,587.43,47,3,1,15,66,47,22,-19,16,66,132
HLT,Hilton Worldwide,250.56,0,23,7,62,92,-5,30,-9,24,40,132
AEE,Ameren,97.17,7,1,47,11,66,12,-8,52,8,64,130
CPAY,Corpay,350.02,41,6,2,19,68,47,2,-10,23,62,130
XOM,ExxonMobil,109.74,35,2,0,42,79,27,1,-26,48,50,129
PNR,Pentair,98.89,-2,23,8,60,89,-4,36,-15,22,39,128
RMD,ResMed,252.21,49,29,8,11,97,-5,35,-11,11,30,127
BX,Blackstone Inc.,140.79,35,3,-4,103,137,-5,-9,-15,19,-10,127
MAR,Marriott International,263.16,0,23,7,56,86,-4,30,-10,25,41,127
TXT,Textron,77.81,50,23,-26,51,98,-3,33,1,-3,28,126
RL,Ralph Lauren Corporation,267.18,-35,25,85,32,107,-40,34,1,24,19,126
CTRA,Coterra,26.14,63,1,2,42,108,-7,15,-3,11,16,124
REG,Regency Centers,71.07,-10,21,59,51,121,-8,-8,1,17,2,123
BALL,Ball Corporation,55.17,54,23,-26,-9,42,47,35,1,-3,80,122
NOW,ServiceNow,1006.56,-16,24,8,80,96,-20,37,-11,20,26,122
AMD,Advanced Micro Devices,118.49,0,22,-33,108,97,-3,29,1,-5,22,119
DIS,Walt Disney Company (The),118.61,72,23,6,-39,62,28,27,1,1,57,119
UNH,UnitedHealth Group,318.5,14,-39,-9,-2,-36,27,-34,-22,182,153,117
STLD,Steel Dynamics,131.82,-14,35,0,53,74,-14,1,1,55,43,117
PNW,Pinnacle West Capital,90.7,4,0,59,16,79,19,-19,13,24,37,116
GE,GE Aerospace,239.86,-13,34,10,25,56,-23,34,21,27,59,115
ANET,Arista Networks,95.77,0,8,0,56,64,5,4,-12,54,51,115
HSY,Hershey Company (The),172.14,77,0,-36,0,41,92,4,-5,-17,74,115
CSCO,Cisco,65.14,0,23,39,12,74,-14,29,1,23,39,113
HD,Home Depot (The),363.14,-28,4,-3,178,151,-33,-8,-15,17,-39,112
ED,Consolidated Edison,103.75,4,-7,19,45,61,18,-23,13,43,51,112
CMS,CMS Energy,70.81,16,-15,67,21,89,18,-21,13,12,22,111
HPE,Hewlett Packard Enterprise,18.13,0,19,-15,40,44,-9,36,-12,52,67,111
NVR,"NVR, Inc.",7390.76,47,3,-14,63,99,19,-12,-23,27,11,110
PG,Procter & Gamble,163.19,-43,0,0,177,134,-56,12,-5,24,-25,109
NTRS,Northern Trust,109.07,35,23,7,9,74,-6,29,1,11,35,109
MLM,Martin Marietta Materials,552.84,6,32,-1,58,95,-10,-3,1,25,13,108
DOV,Dover Corporation,178.78,0,12,0,104,116,-10,-5,-10,17,-8,108
DLTR,Dollar Tree,96.11,42,40,0,-13,69,3,39,16,-20,38,107
GL,Globe Life,120.83,0,0,36,12,48,-15,21,47,6,59,107
CVX,Chevron Corporation,144.98,35,0,-11,46,70,28,6,-3,4,35,105
CMI,Cummins,324.72,0,8,0,63,71,-10,28,-12,28,34,105
CSGP,CoStar Group,82.39,50,5,0,12,67,53,-22,14,-7,38,105
VMC,Vulcan Materials Company,265.56,1,31,8,58,98,-14,-5,1,25,7,105
BLK,BlackRock,988.55,0,22,8,20,50,-1,36,1,19,55,105
TDY,Teledyne Technologies,494.97,-1,22,43,12,76,-14,27,1,13,27,103
NEM,Newmont,55.93,7,47,10,3,67,7,9,10,8,34,101
CARR,Carrier Global,72.47,29,30,0,0,59,22,-5,1,24,42,101
NOC,Northrop Grumman,497.1,8,3,1,56,68,5,10,8,10,33,101
CTSH,Cognizant,80.45,27,23,7,12,69,-6,29,-9,16,30,99
EQIX,Equinix,896.46,-3,23,8,32,60,-22,36,1,24,39,99
LNT,Alliant Energy,61.53,4,1,59,12,76,18,-7,1,11,23,99
MTB,M&T Bank,183.95,35,23,0,20,78,-5,29,-15,12,21,99
KIM,Kimco Realty,21.01,0,22,0,53,75,-5,36,-19,12,24,99
CL,Colgate-Palmolive,93.15,20,0,0,21,41,27,11,-5,24,57,98
PYPL,PayPal,74.81,50,13,0,-37,26,51,29,-15,7,72,98
O,Realty Income,57.95,27,19,1,5,52,29,5,1,11,46,98
IDXX,Idexx Laboratories,526.91,9,30,5,2,46,19,36,1,-6,50,96
RF,Regions Financial Corporation,22.08,35,22,0,20,77,-5,29,-18,12,18,95
BEN,Franklin Resources,22.6,36,26,0,0,62,16,36,1,-20,33,95
VTR,Ventas,63.69,3,-12,63,20,74,13,-19,14,13,21,95
AEP,American Electric Power,103.02,4,-12,64,21,77,12,-21,14,12,17,94
HBAN,Huntington Bancshares,15.95,0,23,8,19,50,-5,34,1,14,44,94
NDSN,Nordson Corporation,217.99,77,22,-27,0,72,-2,28,1,-5,22,94
LOW,Lowe's,223.5,-19,0,-11,164,134,-32,-8,-18,17,-41,93
FOXA,Fox Corporation (Class A),53.83,-4,22,59,0,77,-16,23,-4,12,15,92
EFX,Equifax,268.99,35,35,2,14,86,-4,-8,1,16,5,91
NWSA,News Corp (Class A),27.67,-10,23,8,56,77,-3,-3,1,19,14,91
ACGL,Arch Capital Group,91.92,-28,1,0,60,33,-28,36,1,49,58,91
PHM,PulteGroup,104.16,49,7,-14,63,105,-5,-12,-25,27,-15,90
VLO,Valero Energy,133.5,21,23,-35,42,51,27,25,-10,-3,39,90
CI,Cigna,315.28,3,-8,-2,56,49,-8,-20,11,55,38,87
QCOM,Qualcomm,158.7,35,8,-16,20,47,54,31,-43,-3,39,86
FOX,Fox Corporation (Class B),49.49,-4,22,58,0,76,-16,23,-5,7,9,85
BAC,Bank of America,44.62,0,23,8,16,47,-5,30,1,12,38,85
GEV,GE Vernova,487.57,2,35,0,0,37,7,38,2,0,47,84
ESS,Essex Property Trust,289.74,27,5,1,12,45,23,3,1,12,39,84
ISRG,Intuitive Surgical,512.97,-28,0,85,20,77,-2,-4,-12,24,6,83
PNC,PNC Financial Services,177.77,41,13,0,12,66,-9,28,-15,12,16,82
CPT,Camden Property Trust,118.5,25,13,7,1,46,23,3,1,9,36,82
STX,Seagate Technology,126.06,0,23,5,20,48,-17,34,1,16,34,82
K,Kellanova,80.22,-63,-3,60,19,13,-26,11,72,11,68,81
SYY,Sysco,75.37,61,10,1,1,73,-8,23,-19,12,8,81
XEL,Xcel Energy,69.06,0,-7,42,10,45,-15,-7,50,7,35,80
FANG,Diamondback Energy,149.32,57,5,-20,45,87,27,8,-39,-3,-7,80
GM,General Motors,49.26,21,5,0,9,35,23,29,-19,11,44,79
DHI,D. R. Horton,126.24,48,3,-19,63,95,-5,-14,-26,28,-17,78
CFG,Citizens Financial Group,41.17,41,11,0,2,54,-5,28,-11,12,24,78
FSLR,First Solar,167.93,38,22,-30,60,90,-1,-8,1,-4,-12,78
APD,Air Products,283.18,15,3,0,14,32,23,24,-10,8,45,77
TRGP,Targa Resources,169.12,46,-49,0,49,46,11,-21,-11,52,31,77
EXPE,Expedia Group,171.7,0,8,40,9,57,-12,29,-9,12,20,77
GEHC,GE HealthCare,73.11,55,0,-11,0,44,47,-11,-9,6,33,77
MCHP,Microchip Technology,67.94,65,23,-37,1,52,-2,29,1,-5,23,75
JNPR,Juniper Networks,35.92,7,18,0,52,77,16,-9,-28,18,-3,74
LDOS,Leidos,148.01,6,35,-4,21,58,2,-8,4,17,15,73
EXE,Expand Energy,114.97,-28,43,32,0,47,-43,28,32,8,25,72
AVB,AvalonBay Communities,208.92,27,4,0,14,45,30,3,-19,13,27,72
MET,MetLife,78.97,0,22,2,56,80,-10,-4,-11,16,-9,71
CSX,CSX Corporation,32.39,59,22,-27,2,56,-9,26,1,-4,14,70
VZ,Verizon,43.15,-7,0,21,8,22,-4,26,14,12,48,70
MAS,Masco,63.82,36,0,-11,63,88,-5,-10,-23,19,-19,69
HII,Huntington Ingalls Industries,229.16,9,62,0,4,75,5,-11,7,-7,-6,69
CMG,Chipotle Mexican Grill,50.89,-7,7,-15,78,63,4,-9,-17,27,5,68
CEG,Constellation Energy,300.51,0,23,7,0,30,-18,38,1,17,38,68
STT,State Street Corporation,97.59,0,25,8,14,47,-10,30,-11,12,21,68
EA,Electronic Arts,150.05,4,45,0,5,54,3,-15,7,19,14,68
EXC,Exelon,43.62,7,-12,46,12,53,12,-22,17,8,15,68
DECK,Deckers Brands,107.69,0,-2,-15,91,74,-10,-14,-11,29,-6,68
WDC,Western Digital,55.77,0,23,3,16,42,-11,34,1,1,25,67
PKG,Packaging Corporation of America,193.3,-9,0,-4,59,46,-10,23,-17,24,20,66
FE,FirstEnergy,40.67,0,0,1,53,54,7,-8,1,12,12,66
UAL,United Airlines Holdings,77.43,-10,0,41,9,40,-13,35,-11,14,25,65
ACN,Accenture,318.13,36,0,-14,12,34,-5,28,-10,17,30,64
NTAP,NetApp,102.96,0,8,-16,55,47,-19,36,-21,20,16,63
APTV,Aptiv,69.68,31,23,0,-22,32,35,29,1,-34,31,63
FCX,Freeport-McMoRan,41.2,0,23,-28,56,51,-14,29,1,-4,12,63
IR,Ingersoll Rand,82.48,0,22,-12,21,31,-5,29,-19,27,32,63
EXR,Extra Space Storage,150.52,0,20,-4,0,16,-2,36,1,11,46,62
UBER,Uber,85.68,0,35,9,0,44,-8,-5,7,24,18,62
AMT,American Tower,217.76,7,1,7,4,19,17,6,11,9,43,62
PRU,Prudential Financial,104.91,0,13,-4,53,62,-5,5,-18,17,-1,61
PSA,Public Storage,296.7,-12,24,-2,13,23,-10,36,1,11,38,61
BMY,Bristol Myers Squibb,50.68,77,-48,0,-3,26,27,9,-5,3,34,60
PSX,Phillips 66,121.53,28,22,-27,39,62,28,24,-52,-3,-3,59
FDS,FactSet,424.32,-69,-2,-2,192,119,-61,-5,-15,21,-60,59
HOLX,Hologic,65.22,88,11,-26,0,73,-2,18,-26,-5,-15,58
DHR,Danaher Corporation,205.1,55,5,-20,0,40,47,4,-31,-2,18,58
OKE,Oneok,82.65,14,-49,-4,52,13,22,-11,-16,49,44,57
TSLA,"Tesla, Inc.",319.17,0,5,34,8,47,19,-2,-15,8,10,57
AWK,American Water Works,141.33,2,0,17,4,23,19,-4,13,6,34,57
ULTA,Ulta Beauty,462.43,0,33,3,2,38,-14,36,3,-7,18,56
BA,Boeing,203.75,-7,36,5,0,34,-7,36,1,-9,21,55
DELL,Dell Technologies,113.4,0,23,-16,30,37,-17,36,1,-2,18,55
INCY,Incyte,69.24,67,9,0,-29,47,-7,31,-22,5,7,54
PODD,Insulet Corporation,303.66,-44,24,36,2,18,-1,28,5,4,36,54
KR,Kroger,65.07,-56,-8,70,65,71,-54,-19,41,13,-19,52
GLW,Corning Inc.,50.83,0,22,10,15,47,-26,29,-11,12,4,51
JNJ,Johnson & Johnson,156.66,35,5,3,5,48,-8,11,-5,4,2,50
CCL,Carnival,23.57,-7,22,8,0,23,-10,30,-11,17,26,49
A,Agilent Technologies,118.89,49,3,-14,0,38,-1,26,-11,-3,11,49
ALLE,Allegion,138.58,-10,35,0,19,44,-11,-5,1,20,5,49
UDR,"UDR, Inc.",41.95,27,4,0,5,36,-1,2,1,11,13,49
HST,Host Hotels & Resorts,15.69,35,23,-23,2,37,-4,36,-18,-4,10,47
INVH,Invitation Homes,33.72,8,1,1,5,15,23,-15,12,12,32,47
LEN,Lennar,112.19,49,0,-21,62,90,-5,-13,-26,-1,-45,45
WSM,"Williams-Sonoma, Inc.",154.69,-13,0,0,63,50,-5,-11,-8,19,-5,45
KEYS,Keysight Technologies,161.99,31,23,7,0,61,-7,-5,-8,3,-17,44
FITB,Fifth Third Bancorp,38.98,0,8,-1,20,27,-9,28,-18,14,15,42
USB,U.S. Bancorp,44.17,0,23,-1,2,24,-10,29,-15,13,17,41
COIN,Coinbase,241.06,-10,22,0,0,12,-10,36,-14,16,28,40
DAL,Delta Air Lines,48.87,-7,0,-4,17,6,-7,29,-12,24,34,40
KVUE,Kenvue,22.04,0,-7,34,0,27,10,-8,10,1,13,40
KEY,KeyCorp,16.08,0,23,0,2,25,-7,29,-18,11,15,40
FIS,Fidelity National Information Services,80.84,0,38,0,-35,3,-10,36,1,9,36,39
PFG,Principal Financial Group,76.99,0,0,-4,53,49,-10,-5,-11,16,-10,39
EQR,Equity Residential,70.17,8,22,0,11,41,-1,-14,1,11,-3,38
HRL,Hormel Foods,31.05,76,13,0,-21,68,-6,2,1,-28,-31,37
AFL,Aflac,102.62,0,-16,0,56,40,-40,-19,1,53,-5,35
MTD,Mettler Toledo,1188.2,53,8,-14,0,47,-5,28,-32,-3,-12,35
VTRS,Viatris,9.1,30,1,-16,-5,10,27,1,-20,17,25,35
CVS,CVS Health,66.36,30,0,1,-15,16,27,2,16,-26,19,35
SMCI,Supermicro,43.35,16,0,-42,56,30,-3,22,-7,-7,5,35
CNP,CenterPoint Energy,36.38,-43,0,40,43,40,-36,-17,34,13,-6,34
TER,Teradyne,85.91,56,0,-20,-4,32,-5,24,-14,-3,2,34
IQV,IQVIA,159.1,55,0,-31,-4,20,47,4,-33,-4,14,34
WYNN,Wynn Resorts,87.07,0,25,-2,-1,22,21,-6,1,-6,10,32
DG,Dollar General,111.83,0,64,0,-15,49,-18,12,13,-24,-17,32
F,Ford Motor Company,10.54,31,37,-41,-15,12,28,-7,1,-3,19,31
GNRC,Generac,128.38,54,7,-11,-32,18,-5,25,-19,8,9,27
CHTR,Charter Communications,396.88,21,34,9,-34,30,-2,-8,1,4,-5,25
OTIS,Otis Worldwide,96.94,8,0,0,0,8,5,-7,-5,24,17,25
LII,Lennox International,550.24,-10,0,0,36,26,-5,-7,-14,25,-1,25
MKC,McCormick & Company,75.81,60,-41,1,0,20,-1,3,-5,8,5,25
JKHY,Jack Henry & Associates,180.2,-21,20,7,2,8,3,22,-18,9,16,24
TECH,Bio-Techne,51.55,70,0,-18,-22,30,27,-14,-18,-4,-9,21
WBA,Walgreens Boots Alliance,11.38,32,23,0,-75,-20,40,38,-4,-33,41,21
PLD,Prologis,108.45,-6,13,-14,0,-7,-5,34,1,-3,27,20
FTV,Fortive,70.93,-3,0,-12,31,16,-10,25,-8,-3,4,20
MOS,Mosaic Company (The),34.58,-35,43,7,-14,1,5,36,6,-28,19,20
FRT,Federal Realty Investment Trust,96.65,33,5,-14,2,26,-5,4,-20,12,-9,17
ABNB,Airbnb,138.81,0,8,0,0,8,-16,36,-9,-3,8,16
IP,International Paper,47.15,-10,0,0,14,4,-12,21,-11,14,12,16
SOLV,Solventum,74.29,0,8,0,0,8,-9,24,-7,0,8,16
BBY,Best Buy,72.51,50,1,-15,-4,32,-7,2,-26,14,-17,15
HSIC,Henry Schein,71.09,0,4,-3,0,1,-5,27,-10,1,13,14
ON,ON Semiconductor,52.99,56,8,-28,0,36,-4,29,-34,-13,-22,14
ZBRA,Zebra Technologies,292.83,0,9,-12,-5,-8,-5,28,-12,11,22,14
FDX,FedEx,224.98,35,0,-17,30,48,-4,-10,-19,-2,-35,13
TPL,Texas Pacific Land Corporation,1096.14,-9,-10,-1,56,36,-25,-10,1,11,-23,13
WTW,Willis Towers Watson,301.18,-43,-35,85,22,29,-47,10,-6,27,-16,13
GPC,Genuine Parts Company,122.11,-17,21,-4,0,0,-8,35,1,-15,13,13
ROST,Ross Stores,133.45,-17,0,-4,33,12,-21,-8,2,27,0,12
CHRW,C.H. Robinson,95.04,-12,21,0,0,9,-10,23,-18,6,1,10
IVZ,Invesco,14.95,28,3,-11,-4,16,-1,-7,-11,11,-8,8
WDAY,"Workday, Inc.",250.74,0,10,-1,12,21,-10,-9,-14,20,-13,8
DAY,Dayforce,59.57,0,8,-11,-10,-13,16,17,-15,3,21,8
NCLH,Norwegian Cruise Line Holdings,18.73,0,0,-11,0,-11,-12,24,-11,18,19,8
WY,Weyerhaeuser,27.32,50,0,-14,0,36,-2,5,-26,-6,-29,7
AOS,A. O. Smith,64.2,0,-1,-33,56,22,-5,-9,1,-3,-16,6
LVS,Las Vegas Sands,41.92,5,23,-13,-4,11,-5,29,-17,-12,-5,6
WST,West Pharmaceutical Services,224.91,49,6,-18,-5,32,-9,6,-18,-6,-27,5
LW,Lamb Weston,56.28,85,11,-63,-6,27,-9,15,-17,-12,-23,4
FI,Fiserv,168.02,47,-49,-5,33,26,-6,-35,-6,25,-22,4
ADM,Archer Daniels Midland,49.67,24,24,-37,-9,2,28,-9,1,-18,2,4
ZTS,Zoetis,168.81,2,20,-26,2,-2,9,29,-29,-3,6,4
VLTO,Veralto,98.74,-13,23,0,0,10,-13,30,-24,0,-7,3
MSCI,MSCI Inc.,555.04,-10,21,0,12,23,-20,-5,-14,18,-21,2
KMB,Kimberly-Clark,133.9,-56,0,0,16,-40,2,18,-2,24,42,2
CRM,Salesforce,266.87,0,0,-4,20,16,-11,-10,-12,19,-14,2
WAT,Waters Corporation,349.57,0,1,3,12,16,-12,-4,-11,12,-15,1
TFC,Truist Financial,39.94,0,5,-1,2,6,-9,5,-14,12,-6,0
PFE,Pfizer,24.85,35,4,-24,-21,-6,35,29,-32,-26,6,0
DXCM,Dexcom,82.85,-21,27,0,-12,-6,-26,36,1,-7,4,-2
CMCSA,Comcast,35.27,31,5,-26,-7,3,28,-5,-23,-6,-6,-3
IEX,IDEX Corporation,182.51,35,12,-19,0,28,-4,-7,-19,-4,-34,-6
AES,AES Corporation,11.54,38,3,-33,-9,-1,70,-11,-44,-22,-7,-8
IT,Gartner,413.54,-84,0,-12,56,-40,-11,-3,-10,55,31,-9
DPZ,Domino's,451.28,-21,-3,0,8,-16,-19,-8,18,16,7,-9
LUV,Southwest Airlines,32.58,-6,22,7,-37,-14,-7,25,-16,2,4,-10
EW,Edwards Lifesciences,75.9,-22,35,0,-12,1,-35,36,21,-33,-11,-10
TROW,T. Rowe Price,94.54,30,8,-14,-23,1,-5,-4,-16,11,-14,-13
AVY,Avery Dennison,179.27,0,22,-26,2,-2,-10,36,-34,-3,-11,-13
IFF,International Flavors & Fragrances,78.38,36,8,-14,-29,1,-5,5,-26,9,-17,-16
MAA,Mid-America Apartment Communities,151.41,0,-9,1,0,-8,-2,-16,1,9,-8,-16
SBAC,SBA Communications,228.08,1,1,7,-18,-9,-1,-17,8,3,-7,-16
OXY,Occidental Petroleum,44.76,56,3,-46,0,13,28,5,-50,-14,-31,-18
AMCR,Amcor,9.24,35,0,-11,0,24,-7,-18,-26,9,-42,-18
SPG,Simon Property Group,158.8,-13,0,0,33,20,-42,-11,-6,19,-40,-20
DOW,Dow Inc.,30.15,35,0,-34,0,1,47,-14,-49,-6,-22,-21
GDDY,GoDaddy,177.68,-23,0,0,20,-3,-21,-7,-10,20,-18,-21
PAYC,Paycom,250.85,-22,36,10,-22,2,-28,36,1,-35,-26,-24
LYB,LyondellBasell,60.13,30,0,-35,0,-5,46,-14,-49,-5,-22,-27
KDP,Keurig Dr Pepper,33.14,0,-9,0,0,-9,-12,-26,9,10,-19,-28
COP,ConocoPhillips,94.68,35,2,-36,1,2,27,1,-52,-6,-30,-28
PPG,PPG Industries,112.05,0,23,-37,-6,-20,-7,4,1,-6,-8,-28
AKAM,Akamai Technologies,78.52,35,0,-17,-5,13,-2,-15,-17,-8,-42,-29
PARA,Paramount Global,11.94,-5,24,0,-37,-18,-2,30,3,-43,-12,-30
DVA,DaVita,137.29,0,-42,0,18,-24,-4,-8,-11,17,-6,-30
CCI,Crown Castle,100.04,3,0,-4,-26,-27,-1,-17,11,3,-4,-31
SW,Smurfit Westrock,43.0,-6,0,0,0,-6,-10,-1,-14,0,-25,-31
D,Dominion Energy,55.9,-24,21,5,-32,-30,-47,36,1,8,-2,-32
ERIE,Erie Indemnity,358.37,-9,-35,-8,37,-15,-25,5,-26,29,-17,-32
MRK,Merck & Co.,81.8,49,-51,-38,0,-40,49,3,-42,-4,6,-34
DD,DuPont,68.43,0,3,-12,17,8,-5,-10,-26,-1,-42,-34
DVN,Devon Energy,34.33,42,5,-41,-3,3,28,2,-47,-20,-37,-34
TGT,Target Corporation,99.29,35,0,-22,-9,4,-7,3,-30,-4,-38,-34
MKTX,MarketAxess,226.88,46,7,-19,-27,7,14,-16,1,-42,-43,-36
SLB,Schlumberger,35.62,31,0,-61,0,-30,27,-13,-12,-8,-6,-36
LKQ,LKQ Corporation,39.05,-7,0,0,0,-7,-5,-6,-5,-15,-31,-38
HAL,Halliburton,21.99,41,0,-54,-3,-16,35,3,-53,-7,-22,-38
EMN,Eastman Chemical Company,78.92,-7,0,-12,0,-19,-5,-2,-26,13,-20,-39
ADBE,Adobe Inc.,414.12,0,21,-27,-4,-10,-23,28,-31,-3,-29,-39
MHK,Mohawk Industries,104.8,34,-17,-17,-9,-9,-5,-14,-25,12,-32,-41
MOH,Molina Healthcare,293.45,-7,-15,-4,0,-26,-9,-9,9,-6,-15,-41
SWK,Stanley Black & Decker,67.42,30,0,-20,-37,-27,-4,3,-26,12,-15,-42
BLDR,Builders FirstSource,115.04,46,-91,-19,63,-1,-5,-13,-23,-1,-42,-43
UHS,Universal Health Services,173.56,-28,0,-2,20,-10,-28,-4,-26,24,-34,-44
CRL,Charles River Laboratories,151.85,49,8,-45,-24,-12,-1,26,-54,-6,-35,-47
BG,Bunge Global,77.03,0,1,-35,0,-34,-7,-8,1,-3,-17,-51
HPQ,HP Inc.,24.73,-13,0,-16,0,-29,-9,-8,-20,14,-23,-52
REGN,Regeneron Pharmaceuticals,521.68,0,-10,-32,-2,-44,33,-7,-33,-2,-9,-53
EIX,Edison International,50.34,-45,-6,-23,-1,-75,1,-7,-20,48,22,-53
GPN,Global Payments,78.28,35,-1,-18,-37,-21,-2,-9,-15,-8,-34,-55
SWKS,Skyworks Solutions,72.0,0,21,-34,-28,-41,-5,31,-37,-3,-14,-55
TSN,Tyson Foods,55.66,0,-28,-2,-26,-56,-8,2,-2,9,1,-55
WBD,Warner Bros. Discovery,10.17,-2,3,3,-40,-36,11,23,-11,-43,-20,-56
EPAM,EPAM Systems,175.75,0,0,-17,-25,-42,-5,28,-8,-35,-20,-62
CZR,Caesars Entertainment,27.32,21,0,-17,-23,-19,28,-10,-26,-35,-43,-62
JBHT,J.B. Hunt,140.9,2,0,-22,-3,-23,-7,-7,-19,-8,-41,-64
EG,Everest Group,339.8,-28,-4,-27,53,-6,-28,-4,-28,-3,-63,-69
POOL,Pool Corporation,295.67,-10,-2,-14,-4,-30,-5,-8,-20,-7,-40,-70
LULU,Lululemon Athletica,247.06,-35,-5,-2,-1,-43,-35,28,-11,-10,-28,-71
DOC,Healthpeak Properties,17.51,27,-49,-8,-29,-59,-1,3,-23,7,-14,-73
IPG,Interpublic Group of Companies (The),23.66,4,-12,-34,0,-42,28,-14,-31,-15,-32,-74
BAX,Baxter International,31.37,30,0,-14,-36,-20,-1,-11,-5,-39,-56,-76
APA,APA Corporation,19.98,63,5,-76,-10,-18,28,9,-80,-17,-60,-78
COO,Cooper Companies (The),70.87,-1,-10,-18,-3,-32,-10,-14,-23,-1,-48,-80
KMX,CarMax,66.1,56,-72,-10,-34,-60,-5,-13,-14,9,-23,-83
MGM,MGM Resorts,33.15,35,3,-47,0,-9,-3,-11,-54,-7,-75,-84
NUE,Nucor,118.47,0,0,-46,0,-46,-11,1,-23,-6,-39,-85
INTC,Intel,20.76,28,0,-60,-18,-50,-6,-12,-8,-10,-36,-86
SJM,J.M. Smucker Company (The),97.37,-21,-3,-3,-2,-29,-34,-3,-1,-21,-59,-88
CDW,CDW Corporation,174.75,-10,23,-33,0,-20,-10,-2,-54,-6,-72,-92
PEP,PepsiCo,132.29,7,-48,-33,0,-74,18,3,-30,-11,-20,-94
EL,EstÃ©e Lauder Companies (The),69.99,91,13,-111,-24,-31,-5,26,-56,-33,-68,-99
MTCH,Match Group,30.67,-4,7,-17,-35,-49,-10,15,-24,-36,-55,-104
CNC,Centene Corporation,55.38,0,-16,-35,-9,-60,-7,-14,-4,-26,-51,-111
UPS,United Parcel Service,100.89,35,0,-97,-14,-76,-1,23,-25,-32,-35,-111
ELV,Elevance Health,386.29,0,-22,-35,0,-57,-15,-37,-1,-1,-54,-111
BDX,Becton Dickinson,174.45,8,-76,-19,-3,-90,-5,4,-10,-13,-24,-114
MRNA,Moderna,27.34,-2,0,-46,-2,-50,-7,11,-46,-37,-79,-129
KHC,Kraft Heinz,26.46,-15,-36,-33,-2,-86,-8,-26,-5,-8,-47,-133
GIS,General Mills,54.74,1,-47,-32,-2,-80,-11,3,-28,-17,-53,-133
RVTY,Revvity,95.71,35,-66,-11,-22,-64,-1,-58,-16,1,-74,-138
BIIB,Biogen,132.32,0,0,-75,-25,-100,-8,23,-38,-16,-39,-139
OMC,Omnicom Group,71.19,-2,-127,-18,0,-147,-3,-14,-23,48,8,-139
TAP,Molson Coors Beverage Company,51.5,-98,-34,-4,12,-124,-10,-8,-5,3,-20,-144
ALGN,Align Technology,181.79,36,8,-58,-23,-37,-5,-14,-53,-36,-108,-145
ALB,Albemarle Corporation,62.48,49,0,-119,-21,-91,-2,-12,-18,-23,-55,-146
TMO,Thermo Fisher Scientific,415.32,35,-74,-13,-3,-55,-1,-84,-12,-1,-98,-153
NKE,"Nike, Inc.",62.82,1,0,-68,-19,-86,-5,24,-69,-34,-84,-170
ZBH,Zimmer Biomet,93.26,30,-46,-56,-15,-87,-2,-16,-55,-16,-89,-176
HUM,Humana,234.97,6,-30,-80,-10,-114,-4,-33,-11,-18,-66,-180
CAG,Conagra Brands,22.27,-45,-41,-23,-5,-114,-7,-55,-5,-21,-88,-202
CPB,Campbell's Company (The),33.31,-17,-48,-23,-4,-92,-21,-58,-30,-3,-112,-204
ARE,Alexandria Real Estate Equities,73.05,35,-56,-28,-28,-77,-1,-58,-39,-33,-131,-208
ENPH,Enphase Energy,44.69,28,-107,-37,-18,-134,20,-48,-44,-22,-94,-228
PCG,PG&E Corporation,14.3,-105,-7,-21,2,-131,-108,-9,-20,38,-99,-230
STZ,Constellation Brands,169.73,-109,-6,-36,-1,-152,-14,-10,-52,-6,-82,-234
CLX,Clorox,127.24,-45,-111,-8,-3,-167,-13,-69,-18,11,-89,-256
BF-B,Brownâ€“Forman,27.3,-108,-10,-94,-16,-228,-7,-9,-26,-26,-68,-296
