Symbol,Name,Close,1H Cloud Score,1D Cloud Score,1W Cloud Score,1M Cloud Score,Cloud Score Sum,1H TKx Score,1D TKx Score,1W TKx Score,1M TKx Score,TKx Score Sum,Total Score Sum
TJX,TJX Companies,131.23,21,25,135,195,376,19,29,104,190,342,718
FICO,Fair Isaac,2124.71,112,17,132,163,424,112,18,-15,28,143,567
V,Visa Inc.,356.45,112,12,124,130,378,112,16,-2,23,149,527
NRG,NRG Energy,153.8,119,16,90,91,316,68,18,100,18,204,520
MA,Mastercard,573.14,119,11,113,152,395,86,16,-2,23,123,518
RSG,Republic Services,238.07,-21,1,111,174,265,-24,16,80,157,229,494
PGR,Progressive Corporation,278.14,-2,9,92,174,273,8,9,9,186,212,485
COST,Costco,991.4,-5,12,104,177,288,-5,18,-5,181,189,477
NDAQ,"Nasdaq, Inc.",81.05,115,9,63,141,328,112,16,-6,11,133,461
JPM,JPMorgan Chase,265.6,119,5,110,155,389,27,16,-4,23,62,451
HWM,Howmet Aerospace,159.45,112,16,135,26,289,5,16,79,51,151,440
AJG,Arthur J. Gallagher & Co.,329.61,0,1,152,183,336,-23,6,15,104,102,438
MMC,Marsh McLennan,222.47,-8,-4,112,172,272,-21,2,9,175,165,437
RL,Ralph Lauren Corporation,269.61,126,5,81,31,243,144,14,-6,23,175,418
SYK,Stryker Corporation,386.32,112,3,4,156,275,112,11,-7,26,142,417
WM,Waste Management,222.47,-21,-2,82,184,243,-26,16,14,156,160,403
ADP,Automatic Data Processing,309.14,85,6,72,177,340,-6,9,-2,54,55,395
SNPS,Synopsys,517.66,112,3,-14,177,278,112,16,-15,-2,111,389
MCO,Moody's Corporation,478.91,112,3,3,153,271,86,11,-5,22,114,385
ORLY,Oâ€™Reilly Automotive,1325.94,-37,-3,150,196,306,-54,2,41,86,75,381
CDNS,Cadence Design Systems,319.36,21,15,4,138,178,18,18,-12,177,201,379
CPRT,Copart,62.4,63,25,28,173,289,36,32,-10,25,83,372
CTAS,Cintas,214.15,0,23,6,162,191,-5,18,-16,184,181,372
WRB,W. R. Berkley Corporation,71.01,-7,58,81,173,305,-7,9,11,52,65,370
BK,BNY Mellon,87.94,112,5,81,37,235,112,9,-2,16,135,370
AAPL,Apple Inc.,212.41,21,1,0,248,270,28,16,-12,68,100,370
ETN,Eaton Corporation,329.11,112,3,1,111,227,68,16,-12,69,141,368
ORCL,Oracle Corporation,162.94,106,2,0,195,303,34,9,-10,24,57,360
RCL,Royal Caribbean Group,251.38,119,3,108,25,255,68,16,-7,24,101,356
IBM,IBM,257.86,76,8,96,51,231,12,16,43,53,124,355
AME,Ametek,179.31,113,3,1,103,220,34,9,-8,98,133,353
ADI,Analog Devices,226.82,112,3,1,176,292,40,9,-15,23,57,349
MSFT,Microsoft,452.9,105,10,3,170,288,32,18,-13,22,59,347
LYV,Live Nation Entertainment,142.18,61,4,81,144,290,29,18,-4,13,56,346
SPGI,S&P Global,511.91,112,3,3,169,287,34,11,-5,18,58,345
TPR,"Tapestry, Inc.",83.26,118,3,67,18,206,114,9,-2,16,137,343
AXON,Axon Enterprise,728.57,35,14,132,91,272,29,18,-4,27,70,342
ROL,"Rollins, Inc.",54.95,-21,25,18,283,305,-24,18,10,32,36,341
JCI,Johnson Controls,96.34,112,11,62,16,201,112,16,-4,15,139,340
PWR,Quanta Services,343.09,112,10,4,96,222,35,18,-8,69,114,336
MOS,Mosaic Company (The),33.68,161,23,3,-13,174,171,16,2,-27,162,336
SCHW,Charles Schwab Corporation,87.15,114,16,64,8,202,112,16,-5,11,134,336
PTC,PTC Inc.,171.48,112,2,-13,179,280,35,10,-14,23,54,334
MSI,Motorola Solutions,415.06,0,0,0,150,150,12,-1,-14,182,179,329
INTU,Intuit,652.82,112,16,4,188,320,-8,16,-18,17,7,327
TT,Trane Technologies,419.88,105,11,3,161,280,18,16,-14,26,46,326
BR,Broadridge Financial Solutions,237.42,3,2,101,142,248,-12,16,45,22,71,319
STE,Steris,227.3,39,6,0,192,237,33,16,9,22,80,317
HUBB,Hubbell Incorporated,385.86,27,1,0,179,207,34,19,-12,68,109,316
COR,Cencora,279.14,-25,80,31,68,154,5,49,42,64,160,314
AVGO,Broadcom,232.11,112,6,6,113,237,39,18,-8,27,76,313
PLTR,Palantir Technologies,130.14,23,16,103,0,142,27,18,106,17,168,310
ISRG,Intuitive Surgical,565.78,105,3,81,19,208,68,18,-8,23,101,309
HD,Home Depot (The),372.69,76,0,0,177,253,35,16,-11,16,56,309
CHD,Church & Dwight,93.16,0,-27,-3,341,311,12,-37,-1,22,-4,307
NWS,News Corp (Class B),32.9,115,6,99,55,275,-1,18,-4,18,31,306
MCD,McDonald's,307.49,-29,1,39,239,250,-26,18,9,54,55,305
RJF,Raymond James Financial,152.13,76,2,79,55,212,68,16,-7,16,93,305
BSX,Boston Scientific,102.93,-25,15,131,141,262,-26,16,-2,54,42,304
ITW,Illinois Tool Works,245.1,63,0,-2,175,236,33,9,-1,26,67,303
MS,Morgan Stanley,131.04,118,3,63,61,245,36,14,-6,13,57,302
NVDA,Nvidia,135.35,105,2,1,131,239,40,10,-10,23,63,302
LRCX,Lam Research,84.97,109,3,0,149,261,36,10,-4,-2,40,301
MPWR,Monolithic Power Systems,734.2,112,3,-13,154,256,34,13,-27,23,43,299
BX,Blackstone Inc.,148.41,105,0,0,139,244,35,8,-11,18,50,294
FDS,FactSet,459.99,82,4,2,191,279,-5,9,-11,20,13,292
WMB,Williams Companies,58.19,-35,2,99,49,115,6,16,99,54,175,290
YUM,Yum! Brands,145.15,-20,0,15,256,251,-26,2,9,54,39,290
JBL,Jabil,166.86,112,6,6,62,186,40,16,-7,54,103,289
ICE,Intercontinental Exchange,171.94,0,9,99,158,266,-14,10,9,18,23,289
GE,GE Aerospace,223.2,119,14,6,24,163,68,14,17,26,125,288
CSCO,Cisco,61.29,100,3,35,11,149,112,9,-5,22,138,287
DECK,Deckers Brands,127.37,92,0,-11,90,171,84,9,-7,28,114,285
RMD,ResMed,246.99,115,9,4,10,138,124,15,-7,10,142,280
KLAC,KLA Corporation,805.01,36,3,1,174,214,32,18,-7,23,66,280
HLT,Hilton Worldwide,252.99,114,3,3,61,181,68,10,-5,23,96,277
L,Loews Corporation,87.37,0,3,99,52,154,-7,9,99,21,122,276
MPC,Marathon Petroleum,163.48,125,5,0,46,176,142,9,-46,-5,100,276
KKR,KKR & Co.,129.01,112,1,0,100,213,37,15,-7,18,63,276
AXP,American Express,300.01,112,3,4,96,215,35,16,-8,18,61,276
APH,Amphenol,85.67,115,16,6,62,199,40,18,-8,24,74,273
CME,CME Group,266.04,-20,82,41,133,236,-28,12,37,16,37,273
DOV,Dover Corporation,184.67,115,1,0,103,219,34,9,-6,16,53,272
MAR,Marriott International,272.56,112,3,3,55,173,68,10,-6,24,96,269
WAB,Wabtec,203.79,115,5,6,46,172,35,16,-7,53,97,269
MNST,Monster Beverage,61.0,4,53,13,177,247,-5,16,6,1,18,265
NOW,ServiceNow,1027.02,112,4,4,79,199,35,17,-7,19,64,263
PH,Parker Hannifin,674.81,115,4,4,62,185,40,16,-7,27,76,261
AIZ,Assurant,196.16,-5,0,84,149,228,16,7,-7,16,32,260
TRMB,Trimble Inc.,71.26,112,3,66,1,182,68,8,-7,9,78,260
UNP,Union Pacific Corporation,228.35,22,0,-1,195,216,32,3,-7,16,44,260
CTSH,Cognizant,80.34,112,3,3,11,129,112,9,-5,15,131,260
PAYX,Paychex,152.01,4,9,71,164,248,-7,9,-1,11,12,260
ADSK,Autodesk,295.55,112,6,41,11,170,68,16,-11,16,89,259
TMUS,T-Mobile US,235.27,-27,-4,81,136,186,-29,-14,83,32,72,258
NFLX,Netflix,1150.45,1,21,103,17,142,7,18,74,17,116,258
HCA,HCA Healthcare,367.57,87,17,0,94,198,21,9,3,26,59,257
URI,United Rentals,713.35,105,3,0,61,169,33,15,-16,54,86,255
CINF,Cincinnati Financial,146.25,113,9,72,59,253,-5,9,-14,12,2,255
ROP,Roper Technologies,565.6,0,2,16,179,197,-4,8,31,23,58,255
CAT,Caterpillar Inc.,349.67,112,2,0,61,175,27,9,-11,54,79,254
ALL,Allstate,200.6,0,2,84,156,242,-22,9,10,14,11,253
ODFL,Old Dominion,171.62,35,0,-13,184,206,33,3,-18,29,47,253
HON,Honeywell,217.25,23,3,0,175,201,34,12,-13,19,52,253
WELL,Welltower,143.39,-32,-1,103,55,125,-30,15,120,21,126,251
EQT,EQT Corporation,56.33,70,9,28,39,146,61,9,28,7,105,251
AZO,AutoZone,3642.56,-23,0,81,83,141,10,5,41,54,110,251
AMAT,Applied Materials,174.13,112,3,-17,146,244,29,15,-36,-2,6,250
AMP,Ameriprise Financial,521.51,63,2,6,61,132,40,16,-7,68,117,249
TEL,TE Connectivity,160.76,119,9,3,59,190,35,15,-7,15,58,248
RTX,RTX Corporation,130.79,23,2,64,51,140,18,8,71,11,108,248
TRGP,Targa Resources,168.52,14,-29,133,48,166,35,-1,-7,51,78,244
TDG,TransDigm Group,1389.47,-7,16,6,154,169,12,16,-7,54,75,244
PM,Philip Morris International,163.96,-25,76,57,52,160,-30,18,72,24,84,244
IT,Gartner,446.01,112,0,-8,55,159,21,13,-6,54,82,241
VRSK,Verisk Analytics,301.15,0,12,55,111,178,-17,9,46,25,63,241
PNR,Pentair,97.2,119,3,4,59,185,29,16,-11,21,55,240
SNA,Snap-on,325.08,63,0,36,56,155,35,2,-6,54,85,240
DTE,DTE Energy,132.69,-21,0,61,186,226,-28,15,14,10,11,237
MCK,McKesson Corporation,682.0,-30,76,29,55,130,2,16,25,64,107,237
STX,Seagate Technology,104.71,130,3,1,19,153,76,14,-22,15,83,236
GS,Goldman Sachs,612.0,35,3,79,55,172,33,14,-4,18,61,233
EMR,Emerson Electric,121.43,112,3,3,61,179,30,9,-8,23,54,233
BRO,Brown & Brown,108.26,-13,-12,103,160,238,-21,-20,12,23,-6,232
CMI,Cummins,332.82,105,2,1,62,170,35,8,-8,27,62,232
ATO,Atmos Energy,152.19,-21,25,61,42,107,-26,34,72,42,122,229
DE,Deere & Company,496.92,35,5,36,106,182,-8,16,32,7,47,229
GOOGL,Alphabet Inc. (Class A),165.38,14,0,0,173,187,15,14,-6,18,41,228
HIG,Hartford (The),126.15,0,17,81,54,152,-1,16,8,53,76,228
GOOG,Alphabet Inc. (Class C),166.82,14,0,0,173,187,15,14,-6,18,41,228
STT,State Street Corporation,97.59,125,5,4,13,147,67,10,-7,11,81,228
DRI,Darden Restaurants,207.41,21,22,31,58,132,16,16,35,27,94,226
FFIV,"F5, Inc.",281.59,71,2,81,11,165,35,16,-4,14,61,226
WSM,"Williams-Sonoma, Inc.",172.35,104,0,4,62,170,32,9,-4,18,55,225
FOXA,Fox Corporation (Class A),54.63,52,2,55,0,109,47,3,54,11,115,224
WMT,Walmart,96.79,-6,17,114,98,223,-38,18,-5,26,1,224
BAC,Bank of America,44.72,119,3,4,15,141,68,10,-6,11,83,224
TKO,TKO Group Holdings,162.21,-11,13,58,37,97,2,16,59,47,124,221
MET,MetLife,79.92,115,2,3,55,175,29,8,-7,15,45,220
BKNG,Booking Holdings,5204.98,3,15,123,32,173,14,16,-6,23,47,220
COF,Capital One,197.19,63,9,81,18,171,21,16,-4,15,48,219
CBRE,CBRE Group,129.06,71,0,79,19,169,35,9,-6,11,49,218
VLTO,Veralto,99.46,112,3,0,0,115,112,10,-20,0,102,217
CAH,Cardinal Health,148.41,0,25,42,35,102,9,16,35,54,114,216
DUK,Duke Energy,112.47,-31,-3,63,180,209,-34,16,9,13,4,213
BA,Boeing,204.74,157,16,1,0,174,33,16,-4,-8,37,211
LIN,Linde plc,445.97,-2,1,0,107,106,-9,16,-6,103,104,210
HBAN,Huntington Bancshares,16.08,133,3,4,18,158,35,14,-10,13,52,210
FAST,Fastenal,80.51,0,25,36,103,164,14,17,-6,20,45,209
SO,Southern Company,84.89,-31,-2,0,187,154,-30,-1,10,76,55,209
NTAP,NetApp,99.68,112,1,-12,54,155,35,16,-17,19,53,208
ROST,Ross Stores,150.66,63,12,1,32,108,63,24,-14,26,99,207
EXE,Expand Energy,113.28,56,23,28,0,107,57,8,28,7,100,207
AMD,Advanced Micro Devices,117.73,106,2,-29,107,186,68,9,-53,-4,20,206
GDDY,GoDaddy,188.08,36,1,81,19,137,40,16,-6,19,69,206
DFS,Discover Financial,200.02,62,16,67,19,164,20,16,-6,11,41,205
PFG,Principal Financial Group,81.08,71,2,0,52,125,68,4,-7,15,80,205
LOW,Lowe's,228.47,21,0,-7,163,177,16,9,-14,16,27,204
PCAR,Paccar,94.66,35,-46,-9,156,136,34,3,-1,31,67,203
SYF,Synchrony Financial,61.1,118,3,4,18,143,35,16,-7,15,59,202
UHS,Universal Health Services,187.85,100,7,-7,19,119,75,7,-22,23,83,202
BLK,BlackRock,967.09,115,2,4,19,140,35,16,-7,18,62,202
FTNT,Fortinet,103.23,9,2,41,110,162,14,18,-3,10,39,201
CBOE,Cboe Global Markets,213.23,-21,-1,131,52,161,-26,9,9,48,40,201
TRV,Travelers Companies (The),262.61,-8,17,78,55,142,-21,16,11,53,59,201
C,Citigroup,75.29,119,3,6,15,143,37,13,-4,11,57,200
ROK,Rockwell Automation,307.53,115,6,2,12,135,68,8,-5,-8,63,198
SHW,Sherwin-Williams,351.29,-6,12,0,187,193,-7,12,-16,16,5,198
FOX,Fox Corporation (Class B),50.55,92,2,54,0,148,42,3,-1,6,50,198
KR,Kroger,66.32,-21,0,66,64,109,-33,71,37,12,87,196
ANSS,Ansys,347.7,115,3,4,8,130,35,16,-8,20,63,193
CB,Chubb Limited,281.33,-8,-1,88,55,134,-7,3,9,53,58,192
PANW,Palo Alto Networks,190.91,21,3,4,78,106,21,14,-4,54,85,191
GWW,W. W. Grainger,1069.54,21,3,0,91,115,16,18,-13,54,75,190
META,Meta Platforms,659.33,98,3,4,26,131,35,8,-5,20,58,189
GRMN,Garmin,200.49,21,0,99,16,136,33,4,-4,18,51,187
CTVA,Corteva,67.57,119,16,40,0,175,-6,16,-6,8,12,187
CRM,Salesforce,290.73,105,0,4,19,128,40,9,-8,18,59,187
IDXX,Idexx Laboratories,509.42,154,10,1,1,166,39,16,-31,-5,19,185
KMI,Kinder Morgan,27.44,4,1,79,41,125,8,9,-6,49,60,185
LLY,Lilly (Eli),715.48,-56,-10,-2,169,101,-6,-2,-2,93,83,184
IR,Ingersoll Rand,83.25,112,2,-8,20,126,37,9,-15,26,57,183
ADBE,Adobe Inc.,399.47,112,1,-23,-3,87,117,8,-27,-2,96,183
MTB,M&T Bank,185.38,115,3,1,19,138,35,9,-11,11,44,182
LII,Lennox International,590.98,80,2,2,35,119,40,6,-10,24,60,179
LDOS,Leidos,153.06,113,15,0,20,148,-9,42,-18,16,31,179
SRE,Sempra,74.86,-8,1,-2,178,169,-1,16,-16,11,10,179
LMT,Lockheed Martin,449.18,-14,0,-16,162,132,-20,18,-21,69,46,178
NTRS,Northern Trust,106.4,114,3,3,8,128,36,9,-6,10,49,177
APO,Apollo Global Management,144.24,21,2,6,94,123,27,14,-10,23,54,177
WDAY,"Workday, Inc.",271.17,105,5,2,11,123,35,10,-10,19,54,177
BEN,Franklin Resources,22.03,115,6,0,0,121,68,16,-10,-19,55,176
J,Jacobs Solutions,126.28,23,1,0,103,127,26,16,-11,16,47,174
DAL,Delta Air Lines,50.58,63,0,0,16,79,68,9,-8,23,92,171
LVS,Las Vegas Sands,42.41,119,3,-9,-3,110,75,9,-13,-11,60,170
WFC,Wells Fargo,76.26,21,3,79,26,129,18,13,-6,16,41,170
PODD,Insulet Corporation,321.4,58,4,32,1,95,63,8,1,3,75,170
USB,U.S. Bancorp,44.22,119,3,0,1,123,35,9,-11,12,45,168
FITB,Fifth Third Bancorp,39.37,113,2,0,19,134,27,8,-14,13,34,168
CF,CF Industries,85.97,133,2,2,1,138,19,14,-9,5,29,167
RF,Regions Financial Corporation,22.41,105,2,0,19,126,34,9,-14,11,40,166
CEG,Constellation Energy,288.07,112,3,3,0,118,21,18,-8,16,47,165
UAL,United Airlines Holdings,79.01,63,0,37,8,108,35,15,-7,13,56,164
CARR,Carrier Global,73.35,105,10,0,0,115,32,10,-16,23,49,164
STLD,Steel Dynamics,133.73,21,15,4,52,92,19,16,-18,54,71,163
EBAY,eBay Inc.,69.17,0,12,64,11,87,-23,16,69,13,75,162
GEV,GE Vernova,432.78,119,15,0,0,134,18,18,-8,0,28,162
VRSN,Verisign,276.29,-12,114,23,6,131,-27,15,39,4,31,162
PNC,PNC Financial Services,177.85,112,2,0,11,125,29,8,-11,11,37,162
TPL,Texas Pacific Land Corporation,1405.36,17,3,49,55,124,19,16,-7,10,38,162
KEYS,Keysight Technologies,164.4,112,3,3,0,118,37,9,-4,2,44,162
NI,NiSource,37.87,-21,-2,61,42,80,-22,16,76,11,81,161
MMM,3M,147.88,36,3,61,11,111,31,8,-2,11,48,159
CNP,CenterPoint Energy,36.44,-28,85,36,42,135,-34,16,30,12,24,159
ACN,Accenture,320.4,105,0,-10,11,106,35,8,-6,16,53,159
CDW,CDW Corporation,189.45,117,3,-29,1,92,111,10,-50,-5,66,158
CCL,Carnival,22.99,63,2,4,0,69,67,10,-7,16,86,155
ANET,Arista Networks,98.19,21,1,1,55,78,21,11,-8,53,77,155
KO,Coca-Cola Company (The),69.16,-32,0,15,179,162,-28,-1,10,11,-8,154
HPE,Hewlett Packard Enterprise,17.85,36,0,-11,39,64,29,16,-8,51,88,152
AON,Aon plc,352.21,-7,-21,3,174,149,-7,-42,-2,53,2,151
TTWO,Take-Two Interactive,229.39,7,23,32,10,72,12,17,32,17,78,150
KEY,KeyCorp,16.58,113,3,0,1,117,27,9,-14,10,32,149
PG,Procter & Gamble,158.0,-14,-16,0,176,146,-5,-15,-1,23,2,148
EFX,Equifax,271.01,119,15,0,13,147,-5,16,-25,15,1,148
DGX,Quest Diagnostics,172.47,-15,17,55,15,72,-7,16,55,11,75,147
DASH,DoorDash,196.84,14,2,84,0,100,21,15,-4,15,47,147
TDY,Teledyne Technologies,490.67,83,2,39,11,135,-1,7,-6,12,12,147
MSCI,MSCI Inc.,566.58,76,1,0,11,88,35,16,-10,17,58,146
MU,Micron Technology,95.38,112,2,-22,19,111,68,8,-39,-2,35,146
BRK-B,Berkshire Hathaway,503.33,-56,1,111,59,115,-23,18,12,23,30,145
EXPD,Expeditors International,114.26,21,-29,-7,128,113,29,4,-24,22,31,144
PYPL,PayPal,72.69,112,0,0,-36,76,63,9,-11,6,67,143
TSCO,Tractor Supply,51.37,25,-28,0,82,79,-1,2,-20,82,63,142
CHTR,Charter Communications,413.83,98,14,5,-33,84,56,13,-15,3,57,141
TYL,Tyler Technologies,561.61,48,0,0,14,62,76,2,-15,15,78,140
DPZ,Domino's,483.26,13,22,9,7,51,37,18,14,15,84,135
GEN,Gen Digital,28.6,112,6,2,13,133,-5,8,-14,13,2,135
REG,Regency Centers,72.19,2,1,55,50,108,-5,16,-2,16,25,133
T,AT&T,26.43,-21,0,57,13,49,-29,16,81,12,80,129
F,Ford Motor Company,10.64,134,17,-37,-14,100,28,16,-15,-2,27,127
WYNN,Wynn Resorts,97.5,63,5,1,1,70,64,13,-15,-5,57,127
NCLH,Norwegian Cruise Line Holdings,19.44,56,0,-7,0,49,63,4,-7,17,77,126
DIS,Walt Disney Company (The),112.94,112,3,2,-38,79,47,7,-6,-2,46,125
PSX,Phillips 66,124.71,119,2,-23,38,136,33,4,-48,-2,-13,123
TXN,Texas Instruments,187.33,63,3,0,19,85,36,7,-18,13,38,123
AMZN,Amazon,210.24,42,2,4,18,66,35,8,-6,17,54,120
VST,Vistra Corp.,154.74,21,2,6,27,56,15,15,-8,42,64,120
KIM,Kimco Realty,21.08,28,2,0,52,82,26,16,-15,11,38,120
MAS,Masco,66.61,35,-1,-7,62,89,27,3,-19,18,29,118
DELL,Dell Technologies,111.01,63,3,-12,29,83,36,16,-16,-1,35,118
PPL,PPL Corporation,33.51,-35,-2,63,20,46,-30,16,75,11,72,118
MOH,Molina Healthcare,311.53,-14,0,-1,163,148,-12,-18,5,-5,-30,118
IEX,IDEX Corporation,188.48,105,0,-15,0,90,35,10,-15,-3,27,117
PRU,Prudential Financial,106.31,35,0,-7,52,80,27,8,-14,16,37,117
ETR,Entergy,80.5,-30,-2,57,19,44,-31,16,76,11,72,116
GD,General Dynamics,270.68,-7,25,-2,51,67,-5,18,-18,54,49,116
XOM,ExxonMobil,108.49,28,-16,0,41,53,35,3,-22,47,63,116
OKE,Oneok,86.6,21,-29,0,51,43,33,3,-12,48,72,115
CFG,Citizens Financial Group,41.56,71,2,1,1,75,27,8,-7,11,39,114
FTV,Fortive,72.7,42,2,-8,30,66,48,5,-4,-2,47,113
TSLA,"Tesla, Inc.",347.43,34,2,30,7,73,29,14,-11,7,39,112
PKG,Packaging Corporation of America,191.82,21,0,-2,58,77,19,3,-13,23,32,109
MLM,Martin Marietta Materials,541.02,5,12,0,57,74,-5,33,-18,24,34,108
CMG,Chipotle Mexican Grill,52.24,7,1,-11,77,74,7,14,-13,26,34,108
FCX,Freeport-McMoRan,39.08,63,3,-24,55,97,26,9,-23,-3,9,106
UBER,Uber,90.39,20,15,5,0,40,21,18,3,23,65,105
EOG,EOG Resources,115.66,22,-29,-7,42,28,33,3,-8,48,76,104
LKQ,LKQ Corporation,42.02,35,2,0,0,37,79,2,-1,-14,66,103
CPAY,Corpay,352.72,21,2,4,18,45,33,9,-6,22,58,103
LULU,Lululemon Athletica,315.99,76,0,0,0,76,35,8,-7,-9,27,103
IVZ,Invesco,15.48,63,0,-7,0,56,35,9,-7,10,47,103
ABBV,AbbVie,177.44,-8,-7,0,55,40,-6,8,-1,61,62,102
IRM,Iron Mountain,97.12,1,8,0,54,63,-12,16,-18,53,39,102
VICI,Vici Properties,31.08,-21,-1,45,12,35,-14,16,10,54,66,101
VMC,Vulcan Materials Company,266.32,0,11,4,57,72,-10,26,-11,24,29,101
GILD,Gilead Sciences,98.33,0,-8,38,32,62,-1,-38,42,36,39,101
EXPE,Expedia Group,169.23,21,1,36,8,66,19,9,-5,11,34,100
HES,Hess Corporation,134.73,34,-28,-7,52,51,29,2,18,-1,48,99
FDX,FedEx,231.8,63,0,-13,29,79,33,3,-15,-1,20,99
MDLZ,Mondelez International,63.56,-22,0,-5,179,152,-52,-2,6,-6,-54,98
ACGL,Arch Capital Group,90.82,0,5,0,59,64,-7,16,-23,48,34,98
CRWD,CrowdStrike,435.79,3,16,32,0,51,15,18,-4,17,46,97
PEG,Public Service Enterprise Group,77.28,-16,-11,0,149,122,-23,-3,-15,14,-27,95
MO,Altria,56.31,-21,0,57,42,78,-28,18,13,13,16,94
AIG,American International Group,81.88,0,0,15,50,65,-2,3,10,18,29,94
NXPI,NXP Semiconductors,211.41,36,2,-12,60,86,34,11,-35,-2,8,94
K,Kellanova,81.75,-27,-1,56,18,46,-48,16,68,10,46,92
GM,General Motors,50.29,35,3,1,8,47,40,9,-15,10,44,91
HST,Host Hotels & Resorts,15.51,74,3,-19,1,59,33,16,-14,-3,32,91
FSLR,First Solar,192.98,33,2,-26,59,68,45,16,-38,-3,20,88
GLW,Corning Inc.,46.97,21,2,6,14,43,29,9,-7,11,42,85
HSIC,Henry Schein,70.06,55,0,0,0,55,47,7,-6,-20,28,83
VRTX,Vertex Pharmaceuticals,420.9,-49,-7,-2,101,43,-2,-2,10,34,40,83
XYL,Xylem Inc.,125.4,36,3,0,19,58,31,13,-39,19,24,82
MCHP,Microchip Technology,60.66,113,3,-33,0,83,36,9,-42,-4,-1,82
SWKS,Skyworks Solutions,72.25,119,1,-30,-27,63,43,11,-33,-2,19,82
NWSA,News Corp (Class A),28.27,0,3,4,55,62,-12,16,-4,18,18,80
ZBRA,Zebra Technologies,299.48,43,0,-8,-4,31,39,8,-8,10,49,80
ABNB,Airbnb,137.44,36,2,0,0,38,33,16,-5,-2,42,80
ABT,Abbott Laboratories,128.55,-17,0,43,10,36,-21,18,35,11,43,79
LH,Labcorp,242.4,-1,9,42,12,62,-5,9,-2,15,17,79
HAS,Hasbro,65.22,36,3,1,0,40,35,14,-21,8,36,76
DLTR,Dollar Tree,86.05,63,20,0,-12,71,-7,19,12,-19,5,76
VLO,Valero Energy,134.33,37,3,-31,41,50,29,5,-6,-2,26,76
EVRG,Evergy,64.05,-35,-3,45,11,18,-30,16,64,7,57,75
TROW,T. Rowe Price,97.31,63,1,-10,-22,32,34,9,-12,10,41,73
GL,Globe Life,119.26,0,-7,32,11,36,-12,1,43,5,37,73
BKR,Baker Hughes,37.84,28,-29,1,32,32,21,2,-6,23,40,72
CSX,CSX Corporation,31.05,74,2,-23,1,54,34,6,-19,-3,18,72
NEE,NextEra Energy,72.2,36,2,0,0,38,40,4,-21,10,33,71
CVX,Chevron Corporation,141.68,28,-28,-7,45,38,29,-26,27,3,33,71
AFL,Aflac,103.88,-21,-5,0,55,29,-22,16,-6,52,40,69
AMGN,Amgen,262.14,-56,-21,-6,162,79,-6,-36,-1,33,-10,69
WEC,WEC Energy Group,102.19,-31,-1,42,10,20,-30,16,55,8,49,69
TXT,Textron,75.22,35,3,-22,50,66,34,13,-43,-2,2,68
PHM,PulteGroup,102.03,-1,0,-10,62,51,-2,14,-21,26,17,68
BBY,Best Buy,73.4,45,0,-11,-3,31,36,9,-22,13,36,67
NSC,Norfolk Southern,241.15,21,2,0,1,24,33,16,-17,11,43,67
CI,Cigna,303.19,-42,-2,-1,55,10,-21,16,7,54,56,66
WTW,Willis Towers Watson,303.3,-12,-15,81,21,75,-21,-15,-2,26,-12,63
HPQ,HP Inc.,28.66,36,2,-12,1,27,29,8,-16,13,34,61
WDC,Western Digital,49.19,21,3,0,15,39,25,14,-15,-2,22,61
XEL,Xcel Energy,68.79,-21,-3,38,9,23,-30,16,46,6,38,61
SMCI,Supermicro,44.99,21,0,-38,55,38,29,2,-3,-6,22,60
CTRA,Coterra,24.98,14,-28,1,41,28,23,-26,25,10,32,60
TFC,Truist Financial,41.22,21,2,0,1,24,27,8,-10,11,36,60
PLD,Prologis,107.61,71,0,-10,0,61,-6,14,-7,-2,-1,60
NVR,"NVR, Inc.",7167.61,0,-1,-10,62,51,-1,3,-19,26,9,60
QCOM,Qualcomm,152.97,36,1,-12,19,44,45,11,-39,-2,15,59
SW,Smurfit Westrock,46.6,30,0,0,0,30,35,4,-10,0,29,59
DHI,D. R. Horton,122.07,-6,-1,-15,62,40,-1,14,-22,27,18,58
AEE,Ameren,94.99,-31,-3,43,10,19,-33,16,48,7,38,57
FANG,Diamondback Energy,144.77,34,0,-16,44,62,28,4,-35,-2,-5,57
EQIX,Equinix,859.06,-4,3,0,31,30,-2,16,-10,23,27,57
GNRC,Generac,128.56,63,0,-7,-31,25,35,5,-15,7,32,57
DXCM,Dexcom,86.53,63,7,0,-11,59,-11,16,-4,-6,-5,54
ULTA,Ulta Beauty,411.22,21,13,0,0,34,19,16,-10,-6,19,53
LUV,Southwest Airlines,31.38,92,2,3,-36,61,-3,5,-12,1,-9,52
PNW,Pinnacle West Capital,88.29,-37,-2,55,15,31,-28,16,9,23,20,51
GPN,Global Payments,83.12,71,-63,-14,-36,-42,108,3,-11,-7,93,51
LNT,Alliant Energy,60.47,-21,-3,55,11,42,-19,6,12,10,9,51
FI,Fiserv,189.85,21,-29,1,32,25,18,-15,-2,24,25,50
PAYC,Paycom,257.3,37,16,6,-21,38,33,16,-3,-34,12,50
SPG,Simon Property Group,161.15,0,0,0,32,32,-9,9,-2,18,16,48
JNPR,Juniper Networks,36.06,-5,0,0,51,46,-7,12,-24,17,-2,44
DD,DuPont,68.21,28,0,-8,16,36,-1,8,-22,23,8,44
ALLE,Allegion,141.06,0,15,3,18,36,-7,15,-19,19,8,44
CHRW,C.H. Robinson,98.02,21,1,0,1,23,26,3,-14,5,20,43
CMS,CMS Energy,68.8,-31,-2,63,20,50,-28,-1,9,11,-9,41
AOS,A. O. Smith,68.34,35,3,-29,55,64,-1,15,-35,-2,-23,41
ED,Consolidated Edison,99.27,-36,-2,15,44,21,-28,-3,9,42,20,41
DAY,Dayforce,59.38,19,0,-7,-9,3,30,16,-11,2,37,40
A,Agilent Technologies,111.51,21,-1,-10,-2,8,35,6,-7,-2,32,40
JBHT,J.B. Hunt,147.94,42,0,-18,0,24,34,3,-15,-7,15,39
AVY,Avery Dennison,180.52,35,2,-22,1,16,39,16,-30,-2,23,39
TER,Teradyne,84.3,36,0,-16,-3,17,29,4,-10,-2,21,38
DLR,Digital Realty,165.6,0,9,0,19,28,-12,16,-11,16,9,37
NDSN,Nordson Corporation,201.13,35,2,-23,0,14,34,8,-16,-4,22,36
MDT,Medtronic,84.24,21,-28,0,-3,-10,32,3,-1,10,44,34
KVUE,Kenvue,23.19,-9,5,30,0,26,-12,14,6,0,8,34
SOLV,Solventum,71.15,35,0,0,0,35,-2,4,-3,0,-1,34
GEHC,GE HealthCare,72.83,35,0,-7,0,28,-1,6,-5,5,5,33
ECL,Ecolab,250.15,-4,1,3,19,19,-12,11,-2,16,13,32
FE,FirstEnergy,41.15,-31,22,5,52,48,-35,27,-20,11,-17,31
NEM,Newmont,48.65,-21,27,0,-1,5,-29,42,6,7,26,31
LHX,L3Harris,219.84,0,25,-1,2,26,-7,18,-18,11,4,30
JKHY,Jack Henry & Associates,177.79,35,-2,3,1,37,-5,2,-14,8,-9,28
KMB,Kimberly-Clark,133.54,39,-16,0,15,38,-6,-37,10,23,-10,28
APTV,Aptiv,69.42,119,3,0,-21,101,34,9,-84,-33,-74,27
IP,International Paper,50.33,21,-34,1,13,1,19,1,-7,13,26,27
HII,Huntington Ingalls Industries,223.06,-21,42,-1,3,23,-12,18,3,-6,3,26
EIX,Edison International,56.4,3,5,-19,1,-10,-12,16,-16,47,35,25
AEP,American Electric Power,98.58,-35,-3,60,20,42,-38,-1,10,11,-18,24
MTD,Mettler Toledo,1117.13,21,0,-10,0,11,34,8,-28,-2,12,23
ERIE,Erie Indemnity,359.12,0,-15,-4,36,17,12,-12,-22,28,6,23
EW,Edwards Lifesciences,76.71,7,15,0,-11,11,9,16,17,-32,10,21
WAT,Waters Corporation,345.17,0,-1,0,11,10,-5,9,-7,11,8,18
FRT,Federal Realty Investment Trust,95.2,2,0,-10,1,-7,13,16,-16,11,24,17
EA,Electronic Arts,147.22,-18,25,0,4,11,-33,17,3,18,5,16
PSA,Public Storage,298.07,0,4,-1,12,15,-5,16,-22,10,-1,14
EPAM,EPAM Systems,184.38,45,0,-13,-24,8,35,8,-4,-34,5,13
MAA,Mid-America Apartment Communities,158.28,-14,2,45,4,37,-44,14,-2,8,-24,13
BG,Bunge Global,81.96,18,23,-31,0,10,21,16,-34,-2,1,11
TAP,Molson Coors Beverage Company,55.48,9,-14,-2,11,4,26,-20,-1,2,7,11
BLDR,Builders FirstSource,119.49,19,-71,-15,62,-5,27,-60,-19,68,16,11
PCG,PG&E Corporation,17.01,0,9,-17,1,-7,-20,16,-16,37,17,10
VTR,Ventas,63.73,-70,-2,59,19,6,-37,16,10,12,1,7
BXP,"BXP, Inc.",66.1,21,1,-7,-36,-21,18,16,-16,10,28,7
VZ,Verizon,42.35,-15,-1,17,7,8,-29,6,10,11,-2,6
AES,AES Corporation,12.51,50,2,-29,-8,15,49,3,-40,-21,-9,6
PARA,Paramount Global,11.81,30,4,0,-36,-2,40,10,-1,-42,7,5
FIS,Fidelity National Information Services,78.04,23,18,0,-34,7,-9,16,-17,8,-2,5
SBUX,Starbucks,86.54,21,-38,0,0,-17,16,2,-2,4,20,3
ESS,Essex Property Trust,278.59,-12,-8,0,11,-9,-7,10,-2,11,12,3
EXC,Exelon,42.25,-38,-1,42,11,14,-30,-2,13,7,-12,2
SWK,Stanley Black & Decker,71.86,32,0,-16,-36,-20,29,3,-22,11,21,1
ON,ON Semiconductor,45.22,28,2,-24,-3,3,31,9,-30,-12,-2,1
CSGP,CoStar Group,75.69,-11,-7,-2,11,-9,7,-2,10,-6,9,0
MHK,Mohawk Industries,107.25,30,-1,-13,-8,8,-2,3,-21,11,-9,-1
EQR,Equity Residential,69.06,-14,2,0,10,-2,-11,16,-16,10,-1,-3
BALL,Ball Corporation,52.9,18,3,-22,-8,-9,22,15,-29,-2,6,-3
OTIS,Otis Worldwide,96.04,-1,-16,0,0,-17,-12,3,-1,23,13,-4
NOC,Northrop Grumman,456.28,-20,-2,-1,55,32,-41,-10,4,9,-38,-6
UDR,"UDR, Inc.",41.14,-14,-6,0,4,-16,-14,14,-2,10,8,-8
DVA,DaVita,139.8,-5,-22,0,17,-10,4,-14,-7,16,-1,-11
MGM,MGM Resorts,34.92,36,3,-43,0,-4,33,16,-50,-6,-7,-11
EMN,Eastman Chemical Company,80.78,21,-46,-8,0,-33,27,3,-22,12,20,-13
APD,Air Products,271.44,22,-47,0,13,-12,-7,4,-6,7,-2,-14
INTC,Intel,21.55,35,-1,-56,-17,-39,35,3,-4,-9,25,-14
COO,Cooper Companies (The),80.46,-8,0,-14,-2,-24,-9,16,-19,19,7,-17
EXR,Extra Space Storage,145.81,-7,0,-1,0,-8,-12,16,-23,10,-9,-17
EG,Everest Group,341.23,-1,-8,-23,52,20,-12,1,-24,-2,-37,-17
INVH,Invitation Homes,33.44,-14,1,-1,4,-10,-44,16,8,11,-9,-19
CZR,Caesars Entertainment,30.7,24,0,-13,-22,-11,32,16,-22,-34,-8,-19
WBA,Walgreens Boots Alliance,11.14,52,3,0,-74,-19,-6,18,17,-32,-3,-22
CPT,Camden Property Trust,115.72,-7,1,3,0,-3,-38,9,-2,8,-23,-26
ADM,Archer Daniels Midland,49.48,26,4,-33,-8,-11,20,16,-35,-17,-16,-27
DVN,Devon Energy,33.96,35,2,-37,-2,-2,33,4,-43,-19,-25,-27
POOL,Pool Corporation,308.96,23,-46,-10,-3,-36,27,3,-16,-6,8,-28
CL,Colgate-Palmolive,87.56,-30,-10,-2,20,-22,-23,-5,-1,23,-6,-28
SBAC,SBA Communications,222.68,-21,23,0,-17,-15,-35,16,4,2,-13,-28
AMT,American Tower,204.48,-21,-2,0,0,-23,-38,15,7,8,-8,-31
KMX,CarMax,67.82,61,-52,-6,-33,-30,21,-21,-10,8,-2,-32
VTRS,Viatris,8.4,-8,0,-12,-4,-24,-19,10,-16,16,-9,-33
WY,Weyerhaeuser,26.01,35,-29,-10,0,-4,-5,3,-22,-5,-29,-33
SLB,Schlumberger,36.02,35,-29,-57,0,-51,29,3,-8,-7,17,-34
GPC,Genuine Parts Company,124.25,21,1,-37,0,-15,27,15,-47,-14,-19,-34
MKC,McCormick & Company,73.55,-8,-21,0,-1,-30,-14,2,-1,7,-6,-36
PPG,PPG Industries,111.66,21,3,-33,-5,-14,-6,11,-24,-5,-24,-38
JNJ,Johnson & Johnson,146.32,-25,-4,-1,0,-30,-25,14,-1,3,-9,-39
ES,Eversource Energy,61.35,0,6,0,-7,-1,-1,9,-22,-25,-39,-40
AVB,AvalonBay Communities,201.54,-15,-47,0,13,-49,-7,16,-15,12,6,-43
AWK,American Water Works,133.81,-21,-2,0,0,-23,-34,-3,9,5,-23,-46
AKAM,Akamai Technologies,77.5,-28,0,-13,-4,-45,2,15,-13,-7,-3,-48
AMCR,Amcor,9.18,-8,-29,-7,0,-44,-7,16,-22,8,-5,-49
SYY,Sysco,71.09,-1,-28,-3,0,-32,-19,3,-15,11,-20,-52
UNH,UnitedHealth Group,307.95,-133,-19,-5,-1,-158,-43,-14,-18,181,106,-52
OMC,Omnicom Group,76.04,0,-107,-14,42,-79,-7,5,-19,47,26,-53
ELV,Elevance Health,374.1,-14,-2,-31,0,-47,-12,-17,5,14,-10,-57
NUE,Nucor,117.07,0,0,-42,0,-42,-2,10,-19,-5,-16,-58
COP,ConocoPhillips,92.58,21,-29,-32,1,-39,29,3,-48,-5,-21,-60
D,Dominion Energy,54.01,-14,1,0,-31,-44,-22,16,-17,7,-16,-60
INCY,Incyte,61.14,4,-52,-6,-28,-82,23,11,-18,4,20,-62
OXY,Occidental Petroleum,43.83,35,-29,-42,0,-36,29,3,-46,-13,-27,-63
CMCSA,Comcast,34.55,21,-28,-22,-6,-35,-7,3,-19,-5,-28,-63
CCI,Crown Castle,98.22,-21,0,-1,-25,-47,-42,14,7,2,-19,-66
LYB,LyondellBasell,59.17,21,-40,-31,-2,-52,29,3,-45,-4,-17,-69
HSY,Hershey Company (The),161.73,-14,-2,-32,-1,-49,-12,7,-1,-16,-22,-71
CVS,CVS Health,60.02,-31,-1,0,-14,-46,-21,-1,12,-25,-35,-81
LEN,Lennar,108.37,0,-135,-17,61,-91,-3,8,-22,27,10,-81
ALGN,Align Technology,187.65,28,0,-54,-22,-48,32,17,-49,-35,-35,-83
DG,Dollar General,87.69,-22,44,-44,-14,-36,-30,-3,9,-23,-47,-83
CNC,Centene Corporation,59.45,-13,-2,-31,-8,-54,-12,3,4,-25,-30,-84
STZ,Constellation Brands,186.83,-7,9,-32,0,-30,-19,16,-48,-5,-56,-86
WBD,Warner Bros. Discovery,9.19,36,-29,0,-39,-32,-8,3,-7,-42,-54,-86
BDX,Becton Dickinson,171.03,0,-56,-15,-2,-73,34,-30,-6,-12,-14,-87
KDP,Keurig Dr Pepper,32.69,-49,-2,0,0,-51,-49,-6,5,9,-41,-92
ZTS,Zoetis,154.68,-2,-46,-22,-2,-72,-9,9,-25,-2,-27,-99
TSN,Tyson Foods,54.5,-56,-8,-1,-25,-90,-19,-8,8,8,-11,-101
WST,West Pharmaceutical Services,206.78,-7,-63,-14,-4,-88,-7,10,-14,-5,-16,-104
BF-B,Brownâ€“Forman,34.8,36,3,-90,-15,-66,-7,16,-22,-25,-38,-104
APA,APA Corporation,18.16,30,0,-72,-9,-51,29,3,-76,-16,-60,-111
REGN,Regeneron Pharmaceuticals,571.44,9,-45,-28,0,-64,21,-38,-29,-1,-47,-111
O,Realty Income,54.53,-51,-3,-1,0,-55,-62,16,-21,10,-57,-112
CRL,Charles River Laboratories,138.95,42,-36,-41,-23,-58,-6,6,-50,-5,-55,-113
TMO,Thermo Fisher Scientific,408.59,-2,-54,-9,-2,-67,12,-64,-8,11,-49,-116
BMY,Bristol Myers Squibb,44.12,-48,-28,-2,-2,-80,-6,-31,-1,2,-36,-116
DHR,Danaher Corporation,187.81,-7,-74,-16,0,-97,-5,14,-27,-1,-19,-116
IPG,Interpublic Group of Companies (The),25.06,0,-46,-30,0,-76,-7,6,-27,-14,-42,-118
NKE,"Nike, Inc.",61.72,61,-46,-64,-18,-67,42,4,-65,-33,-52,-119
BAX,Baxter International,30.32,-7,-29,-10,-35,-81,-11,10,-1,-38,-40,-121
IFF,International Flavors & Fragrances,74.62,-42,-60,-10,-28,-140,13,15,-22,8,14,-126
RVTY,Revvity,91.01,-4,-46,-7,-21,-78,-3,-38,-12,5,-48,-126
HRL,Hormel Foods,29.15,-7,-2,-22,-20,-51,-22,-12,-14,-27,-75,-126
MKTX,MarketAxess,210.79,-21,0,-15,-26,-62,-21,16,-19,-41,-65,-127
TGT,Target Corporation,95.25,-4,-66,-18,-8,-96,-7,4,-26,-3,-32,-128
TECH,Bio-Techne,47.86,-5,-67,-14,-21,-107,-7,3,-14,-3,-21,-128
LW,Lamb Weston,51.38,0,-10,-59,-5,-74,-12,-18,-13,-11,-54,-128
MTCH,Match Group,29.41,3,-54,-13,-34,-98,9,14,-20,-35,-32,-130
EL,EstÃ©e Lauder Companies (The),64.09,36,0,-107,-23,-94,40,6,-52,-32,-38,-132
SJM,J.M. Smucker Company (The),110.27,-51,0,-2,-1,-54,-62,-2,4,-20,-80,-134
IQV,IQVIA,141.81,-7,-64,-27,-3,-101,-7,2,-29,-3,-37,-138
CPB,Campbell's Company (The),34.3,-10,-28,-19,-3,-60,-12,-38,-26,-2,-78,-138
HAL,Halliburton,21.24,21,-80,-50,-2,-111,29,-1,-49,-6,-27,-138
UPS,United Parcel Service,99.65,21,-38,-93,-13,-123,33,3,-21,-31,-16,-139
BIIB,Biogen,120.37,2,-32,-71,-24,-125,25,3,-34,-15,-21,-146
GIS,General Mills,53.26,-14,-27,-28,-1,-70,-12,-37,-24,-16,-89,-159
CLX,Clorox,133.41,-7,-91,-4,-2,-104,-7,-49,-14,10,-60,-164
PEP,PepsiCo,128.44,-14,-28,-29,-1,-72,-24,-37,-26,-10,-97,-169
PFE,Pfizer,22.0,-45,-36,-20,-20,-121,-6,9,-28,-25,-50,-171
ZBH,Zimmer Biomet,95.33,0,-26,-52,-14,-92,-6,-20,-51,-15,-92,-184
MRK,Merck & Co.,73.49,-49,-31,-34,-1,-115,-7,-33,-38,-3,-81,-196
DOW,Dow Inc.,30.15,21,-138,-30,0,-147,-7,4,-45,-5,-53,-200
MRNA,Moderna,24.03,-7,-74,-42,-1,-124,-6,7,-42,-36,-77,-201
DOC,Healthpeak Properties,16.96,-98,-29,-4,-28,-159,-9,-32,-19,6,-54,-213
ARE,Alexandria Real Estate Equities,70.97,-14,-36,-24,-27,-101,-12,-38,-35,-32,-117,-218
ALB,Albemarle Corporation,61.08,21,-100,-115,-20,-214,27,3,-14,-22,-6,-220
ENPH,Enphase Energy,48.27,7,-87,-33,-17,-130,-12,-28,-40,-21,-101,-231
CAG,Conagra Brands,22.43,-140,-21,-19,-4,-184,-12,-35,-1,-20,-68,-252
KHC,Kraft Heinz,27.18,-91,-16,-29,-1,-137,-102,-6,-1,-7,-116,-253
HUM,Humana,230.61,-51,-10,-76,-9,-146,-86,-13,-7,-17,-123,-269
HOLX,Hologic,55.35,33,-130,-22,-1,-120,-5,-122,-22,-4,-153,-273
