Symbol,Name,Close,1H Cloud Score,1D Cloud Score,1W Cloud Score,1M Cloud Score,Cloud Score Sum,1H TKx Score,1D TKx Score,1W TKx Score,1M TKx Score,TKx Score Sum,Total Score Sum
TJX,TJX Companies,122.53,-56,0,140,196,280,-11,-12,109,191,277,557
RSG,Republic Services,248.4,-2,25,116,175,314,-16,16,85,158,243,557
IBM,IBM,283.23,87,32,101,52,272,86,40,48,54,228,500
WM,Waste Management,233.23,-4,24,87,185,292,-16,16,19,157,176,468
AJG,Arthur J. Gallagher & Co.,317.13,0,-8,157,184,333,4,-3,20,105,126,459
CTVA,Corteva,74.13,287,40,45,0,372,33,40,2,9,84,456
CTAS,Cintas,220.31,-20,47,11,163,201,-11,42,5,185,221,422
ICE,Intercontinental Exchange,179.8,23,33,104,159,319,35,34,14,19,102,421
ORLY,Oâ€™Reilly Automotive,88.31,-27,-6,155,197,319,-38,-1,46,87,94,413
ROL,"Rollins, Inc.",56.1,-18,49,23,284,338,-16,42,15,33,74,412
JPM,JPMorgan Chase,273.95,22,29,115,156,322,19,40,2,24,85,407
MSFT,Microsoft,480.24,119,34,8,171,332,6,42,2,23,73,405
ORCL,Oracle Corporation,210.71,119,26,3,196,344,-2,33,2,25,58,402
RTX,RTX Corporation,145.88,100,26,69,52,247,33,32,76,12,153,400
WRB,W. R. Berkley Corporation,72.78,-2,82,86,174,340,-10,-2,16,53,57,397
PGR,Progressive Corporation,260.22,-61,-7,97,175,204,-10,-3,14,187,188,392
HWM,Howmet Aerospace,170.23,0,40,140,27,207,-2,40,84,52,174,381
CF,CF Industries,100.31,301,26,7,2,336,-2,38,2,6,44,380
MCK,McKesson Corporation,728.83,37,100,34,56,227,5,40,30,65,140,367
WELL,Welltower,153.18,6,24,108,56,194,5,20,125,22,172,366
COR,Cencora,296.72,34,104,36,69,243,7,4,47,65,123,366
PLTR,Palantir Technologies,139.94,53,40,108,0,201,-7,42,111,18,164,365
COST,Costco,974.62,-70,36,109,178,253,-70,-3,2,182,111,364
KLAC,KLA Corporation,871.16,77,27,6,175,285,-2,42,2,24,66,351
BSX,Boston Scientific,101.39,0,4,136,142,282,19,-9,2,55,67,349
PM,Philip Morris International,182.6,0,100,62,53,215,-12,42,77,25,132,347
NFLX,Netflix,1222.2,1,45,108,18,172,33,42,79,18,172,344
NRG,NRG Energy,152.66,0,40,95,92,227,-7,-1,105,19,116,343
CAH,Cardinal Health,165.4,35,49,47,36,167,35,40,40,55,170,337
CDNS,Cadence Design Systems,296.98,-10,39,9,139,177,-24,4,2,178,160,337
SO,Southern Company,88.63,-14,0,68,188,242,-16,16,15,77,92,334
AXON,Axon Enterprise,770.37,-2,38,137,92,265,-10,42,2,28,62,327
HUBB,Hubbell Incorporated,398.77,9,25,0,180,214,13,43,-17,69,108,322
MNST,Monster Beverage,63.18,3,77,18,178,276,-10,40,11,2,43,319
PWR,Quanta Services,360.3,23,34,9,97,163,33,42,2,70,147,310
GS,Goldman Sachs,635.61,69,27,84,56,236,14,38,2,19,73,309
BR,Broadridge Financial Solutions,237.77,-38,26,106,143,237,6,40,2,23,71,308
LRCX,Lam Research,92.28,77,27,1,150,255,19,34,2,-3,52,307
CBOE,Cboe Global Markets,227.38,11,23,136,53,223,2,18,14,49,83,306
V,Visa Inc.,340.42,-28,36,129,131,268,-28,40,2,24,38,306
NDAQ,"Nasdaq, Inc.",86.37,3,33,68,142,246,3,40,2,12,57,303
LYV,Live Nation Entertainment,148.26,13,28,86,145,272,13,2,1,14,30,302
FAST,Fastenal,41.48,-11,49,115,104,257,-22,41,5,21,45,302
NVDA,Nvidia,145.47,21,26,6,132,185,56,34,2,24,116,301
BRO,Brown & Brown,108.3,14,-36,108,161,247,30,-3,-2,24,49,296
DE,Deere & Company,525.08,21,29,41,107,198,13,40,37,8,98,296
WMT,Walmart,95.13,0,41,119,99,259,4,-1,2,27,32,291
DRI,Darden Restaurants,222.84,21,46,36,59,162,19,40,40,28,127,289
INTU,Intuit,754.8,-7,40,9,189,231,-4,40,2,18,56,287
ETN,Eaton Corporation,334.73,21,27,1,112,161,33,40,-17,70,126,287
MA,Mastercard,538.92,-28,0,118,153,243,-29,40,2,24,37,280
VRSN,Verisign,281.1,21,138,28,7,194,30,6,44,5,85,279
ADI,Analog Devices,229.71,0,27,3,177,207,13,33,2,24,72,279
STE,Steris,236.17,-20,30,6,193,209,-14,40,14,23,63,272
ALL,Allstate,195.69,-8,26,89,157,264,-9,-3,3,15,6,270
ADP,Automatic Data Processing,306.2,-55,30,77,178,230,-53,33,2,55,37,267
PAYX,Paychex,150.29,-50,33,76,165,224,-9,33,5,12,41,265
PANW,Palo Alto Networks,199.73,21,27,9,79,136,32,38,2,55,127,263
EMR,Emerson Electric,128.65,84,27,8,62,181,21,33,2,24,80,261
DGX,Quest Diagnostics,179.77,70,41,60,16,187,-6,7,60,12,73,260
MMC,Marsh McLennan,214.34,-62,-8,0,173,103,-16,-3,-3,176,154,257
LLY,Lilly (Eli),784.5,-2,-2,0,170,166,-11,6,2,94,91,257
MU,Micron Technology,121.8,91,26,1,20,138,86,32,2,-3,117,255
CHD,Church & Dwight,95.88,-28,-51,-8,342,255,-33,14,-6,23,-2,253
YUM,Yum! Brands,138.36,-21,-19,20,257,237,-40,-15,14,55,14,251
EBAY,eBay Inc.,77.53,-6,36,69,12,111,11,40,74,14,139,250
TRV,Travelers Companies (The),265.02,0,41,83,56,180,3,-3,16,54,70,250
RCL,Royal Caribbean Group,267.77,2,27,113,26,168,13,40,2,25,80,248
TDG,TransDigm Group,1414.49,-2,40,11,155,204,-12,-1,2,55,44,248
LH,Labcorp,261.4,114,33,47,13,207,-2,33,-7,16,40,247
MCD,McDonald's,289.6,-71,-8,44,240,205,-18,-11,14,55,40,245
JBL,Jabil,204.66,21,30,11,63,125,20,40,3,55,118,243
VRSK,Verisk Analytics,306.23,-56,36,60,112,152,-19,33,51,26,91,243
CME,CME Group,272.1,0,1,46,134,181,2,-4,42,17,57,238
IRM,Iron Mountain,102.65,22,32,0,55,109,32,40,2,54,128,237
DTE,DTE Energy,131.79,-20,0,66,187,233,-19,-8,19,11,3,236
GOOG,Alphabet Inc. (Class C),173.98,-1,16,0,174,189,-1,38,-11,19,45,234
GOOGL,Alphabet Inc. (Class A),173.31,-1,16,0,174,189,-1,38,-11,19,45,234
MPWR,Monolithic Power Systems,693.24,-6,27,-18,155,158,12,37,2,24,75,233
BK,BNY Mellon,91.6,9,29,86,38,162,19,33,2,17,71,233
DUK,Duke Energy,114.58,-18,-12,68,181,219,-18,4,14,14,14,233
TKO,TKO Group Holdings,175.93,21,37,63,38,159,19,4,2,48,73,232
HIG,Hartford (The),124.91,-2,41,86,55,180,-9,-7,13,54,51,231
NWS,News Corp (Class B),32.3,7,30,104,56,197,19,-7,2,19,33,230
LIN,Linde plc,458.7,-20,25,5,108,118,-34,40,2,104,112,230
NI,NiSource,39.29,-2,24,66,43,131,-12,16,81,12,97,228
AVGO,Broadcom,251.31,-2,30,11,114,153,2,42,2,28,74,227
LMT,Lockheed Martin,468.59,0,5,-21,163,147,-9,16,2,70,79,226
MPC,Marathon Petroleum,167.44,63,29,0,47,139,56,33,2,-6,85,224
MS,Morgan Stanley,132.52,7,27,68,62,164,6,38,2,14,60,224
MSI,Motorola Solutions,404.74,-56,-11,0,151,84,-23,-2,-19,183,139,223
CRWD,CrowdStrike,485.08,42,40,37,0,119,42,42,2,18,104,223
WMB,Williams Companies,59.09,-21,26,104,50,159,-12,18,2,55,63,222
EOG,EOG Resources,123.83,68,6,0,43,117,62,7,-13,49,105,222
BKNG,Booking Holdings,5277.57,-42,39,128,33,158,-2,40,2,24,64,222
XOM,ExxonMobil,113.21,63,6,1,42,112,55,5,1,48,109,221
TT,Trane Technologies,419.83,-5,35,8,162,200,-8,-1,2,27,20,220
HON,Honeywell,221.78,-38,27,8,176,173,-16,36,2,20,42,215
SCHW,Charles Schwab Corporation,89.91,21,40,69,9,139,19,40,2,12,73,212
JCI,Johnson Controls,103.47,21,35,67,17,140,14,40,2,16,72,212
RJF,Raymond James Financial,148.2,21,26,84,56,187,26,-9,-12,17,22,209
PTC,PTC Inc.,166.63,-11,26,-18,180,177,-8,34,-19,24,31,208
J,Jacobs Solutions,127.3,21,25,0,104,150,13,40,-16,17,54,204
EXE,Expand Energy,120.75,22,47,33,0,102,28,32,33,8,101,203
PSX,Phillips 66,124.83,56,26,0,39,121,56,28,1,-3,82,203
T,AT&T,27.67,-11,24,62,14,89,-26,40,86,13,113,202
EQT,EQT Corporation,59.37,28,33,33,40,134,30,-4,33,8,67,201
FDS,FactSet,425.08,0,-6,-3,192,183,5,-9,1,21,18,201
VLO,Valero Energy,139.43,49,27,0,42,118,55,29,1,-3,82,200
AZO,AutoZone,3602.69,-61,-4,86,84,105,1,-8,46,55,94,199
ROP,Roper Technologies,555.69,-25,0,21,180,176,-28,-9,36,24,23,199
VST,Vistra Corp.,181.19,27,26,11,28,92,35,39,-13,43,104,196
TPR,"Tapestry, Inc.",84.25,21,27,72,19,139,13,33,-7,17,56,195
L,Loews Corporation,88.33,0,27,104,53,184,-10,-3,2,22,11,195
HCA,HCA Healthcare,377.02,9,41,6,95,151,11,-3,8,27,43,194
COF,Capital One,197.18,-13,33,86,19,125,11,40,2,16,69,194
CTRA,Coterra,26.75,91,5,3,42,141,26,19,-4,11,52,193
DASH,DoorDash,220.52,23,26,89,0,138,-3,39,2,16,54,192
AXP,American Express,296.42,1,27,9,97,134,12,40,-13,19,58,192
AME,Ametek,177.76,-14,27,1,104,118,-29,-2,2,99,70,188
TTWO,Take-Two Interactive,238.49,21,47,37,11,116,13,4,37,18,72,188
APH,Amphenol,93.46,1,40,11,63,115,3,42,2,25,72,187
KO,Coca-Cola Company (The),69.21,-25,-2,20,180,173,-29,15,15,12,13,186
AMGN,Amgen,289.44,-7,0,0,163,156,-14,15,-6,34,29,185
FTNT,Fortinet,100.84,-7,26,46,111,176,-4,-1,2,11,8,184
RL,Ralph Lauren Corporation,267.82,0,29,86,32,147,13,-2,2,24,37,184
AAPL,Apple Inc.,196.25,-41,-6,-2,249,200,-53,-16,-17,69,-17,183
ATO,Atmos Energy,152.36,-5,-3,66,43,101,-19,-20,77,43,81,182
MO,Altria,59.49,0,24,62,43,129,4,15,18,14,51,180
KMI,Kinder Morgan,27.58,-2,25,84,42,149,-10,-1,-11,50,28,177
PEG,Public Service Enterprise Group,82.07,8,6,0,150,164,5,13,-20,15,13,177
ETR,Entergy,80.92,-20,-2,65,20,63,-20,40,81,12,113,176
HES,Hess Corporation,143.58,94,2,2,53,151,14,12,-3,1,24,175
MDLZ,Mondelez International,66.35,-3,-2,0,180,175,-19,14,11,-7,-1,174
CSCO,Cisco,65.86,16,27,40,12,95,20,33,2,23,78,173
AIZ,Assurant,195.5,-6,0,0,150,144,-8,31,-12,17,28,172
DLTR,Dollar Tree,97.58,70,44,0,-13,101,31,43,17,-20,71,172
TMUS,T-Mobile US,220.97,-53,-28,86,137,142,-54,-38,88,33,29,171
CAT,Caterpillar Inc.,359.82,7,26,0,62,95,2,33,-16,55,74,169
NEM,Newmont,58.27,35,51,11,3,100,35,13,11,8,67,167
TEL,TE Connectivity,163.8,-4,33,8,60,97,13,39,2,16,70,167
AMD,Advanced Micro Devices,126.79,21,26,-34,108,121,14,33,2,-5,44,165
FFIV,"F5, Inc.",286.37,-13,26,86,12,111,-5,40,2,15,52,163
WFC,Wells Fargo,74.75,0,27,84,27,138,7,-2,2,17,24,162
BKR,Baker Hughes,38.97,91,0,0,33,124,-2,26,-11,24,37,161
BEN,Franklin Resources,22.6,64,30,0,0,94,44,40,2,-20,66,160
KR,Kroger,65.52,0,-12,71,65,124,-2,-23,42,13,30,154
UNP,Union Pacific Corporation,222.02,-14,0,-6,196,176,-36,8,-12,17,-23,153
AMP,Ameriprise Financial,505.77,-6,26,1,62,83,13,-2,-12,69,68,151
ABT,Abbott Laboratories,132.43,-11,24,48,11,72,-16,42,40,12,78,150
GD,General Dynamics,278.52,0,49,0,52,101,-12,4,2,55,49,150
MCO,Moody's Corporation,470.52,-35,27,8,154,154,-54,35,-10,23,-6,148
AIG,American International Group,84.27,-2,24,20,51,93,-7,27,15,19,54,147
STX,Seagate Technology,131.15,20,27,6,20,73,18,38,2,16,74,147
AON,Aon plc,350.74,-56,-3,0,175,116,-14,-3,-7,54,30,146
EVRG,Evergy,66.77,0,8,50,12,70,-12,8,69,8,73,143
CB,Chubb Limited,282.11,-56,-3,93,56,90,-14,-3,14,54,51,141
GEV,GE Vernova,490.36,21,39,0,0,60,35,42,3,0,80,140
PPL,PPL Corporation,33.59,-20,-4,68,21,65,-18,1,80,12,75,140
TSCO,Tractor Supply,52.03,7,0,0,83,90,-11,3,-25,83,50,140
DLR,Digital Realty,176.66,5,33,7,20,65,14,40,2,17,73,138
STLD,Steel Dynamics,130.07,-2,39,0,53,90,-9,-2,2,55,46,136
CINF,Cincinnati Financial,145.64,-49,33,77,60,121,1,-2,2,13,14,135
CVX,Chevron Corporation,148.22,63,0,1,46,110,14,10,-4,4,24,134
BRK-B,Berkshire Hathaway,485.09,-38,-12,116,60,126,-10,-24,17,24,7,133
NTRS,Northern Trust,111.01,21,27,8,9,65,19,33,2,11,65,130
SHW,Sherwin-Williams,331.53,-37,-4,-2,188,145,-33,-2,2,17,-16,129
SYK,Stryker Corporation,373.28,-37,27,9,157,156,-35,-7,-12,27,-27,129
FICO,Fair Isaac,1762.96,-8,-20,0,164,136,-5,-13,-20,29,-9,127
TRMB,Trimble Inc.,71.7,-2,27,71,2,98,-2,32,-12,10,28,126
META,Meta Platforms,695.4,7,27,9,27,70,13,32,-10,21,56,126
WAB,Wabtec,200.74,-14,29,11,47,73,-43,40,2,54,53,126
C,Citigroup,78.35,7,27,11,16,61,13,37,2,12,64,125
VICI,Vici Properties,32.33,0,8,50,13,71,-24,8,15,55,54,125
NWSA,News Corp (Class A),28.07,7,27,1,56,91,19,-7,2,19,33,124
BALL,Ball Corporation,55.83,82,27,-27,-9,73,13,39,2,-3,51,124
ITW,Illinois Tool Works,241.35,-28,0,-5,176,143,-37,-4,-6,27,-20,123
ULTA,Ulta Beauty,473.17,16,37,4,2,59,26,40,4,-7,63,122
BAC,Bank of America,45.05,7,27,9,16,59,15,34,2,12,63,122
WDC,Western Digital,59.18,21,27,4,10,62,19,38,2,1,60,122
GILD,Gilead Sciences,108.0,-14,21,43,33,83,-20,22,-3,37,36,119
GE,GE Aerospace,235.9,-41,38,11,25,33,-2,38,22,27,85,118
SYF,Synchrony Financial,61.44,7,27,9,19,62,12,40,-12,16,56,118
SPGI,S&P Global,502.63,-35,27,8,170,170,-54,-8,-10,19,-53,117
STT,State Street Corporation,98.91,6,29,9,14,58,12,34,1,12,59,117
DELL,Dell Technologies,116.56,17,27,-17,30,57,19,40,2,-2,59,116
SNPS,Synopsys,473.69,-13,14,-19,178,160,-29,6,-20,-3,-46,114
AMAT,Applied Materials,172.94,1,27,-22,147,153,-2,7,-41,-3,-39,114
KIM,Kimco Realty,21.0,0,26,0,53,79,3,40,-20,12,35,114
ADM,Archer Daniels Midland,54.13,51,28,0,-9,70,55,4,2,-18,43,113
URI,United Rentals,698.78,-11,27,-2,62,76,5,-2,-21,55,37,113
CI,Cigna,314.49,7,-12,1,56,52,-9,2,12,55,60,112
LDOS,Leidos,148.35,34,39,-5,21,89,12,-12,5,17,22,111
COIN,Coinbase,295.16,8,26,1,0,35,18,40,1,16,75,110
MOS,Mosaic Company (The),36.44,16,47,8,-14,57,33,40,7,-28,52,109
REG,Regency Centers,70.72,-38,25,60,51,98,3,-12,2,17,10,108
TXN,Texas Instruments,198.33,0,27,1,20,48,13,31,2,14,60,108
GRMN,Garmin,198.3,-24,0,104,17,97,-29,28,-9,19,9,106
ODFL,Old Dominion,155.94,-23,-1,-18,185,143,-33,-11,-23,30,-37,106
PCAR,Paccar,90.7,-26,0,-14,157,117,-35,-3,-6,32,-12,105
VRTX,Vertex Pharmaceuticals,448.37,-1,-31,-1,102,69,-20,6,15,35,36,105
NTAP,NetApp,102.74,0,12,-17,55,50,17,40,-22,20,55,105
NSC,Norfolk Southern,252.92,7,26,3,2,38,13,40,2,12,67,105
PH,Parker Hannifin,651.83,-28,28,9,63,72,-38,40,2,28,32,104
CBRE,CBRE Group,133.48,0,11,84,20,115,-20,7,-11,12,-12,103
LHX,L3Harris,248.85,1,49,4,3,57,-12,42,4,12,46,103
RMD,ResMed,250.87,0,33,9,11,53,-2,39,1,11,49,102
AMZN,Amazon,212.55,0,17,9,19,45,18,32,-11,18,57,102
FOXA,Fox Corporation (Class A),54.7,6,26,60,0,92,3,-1,-5,12,9,101
AFL,Aflac,102.6,7,-20,0,56,43,26,-23,2,53,58,101
EA,Electronic Arts,151.0,32,3,0,5,40,31,2,8,19,60,100
HII,Huntington Ingalls Industries,234.22,37,66,0,4,107,7,-15,8,-7,-7,100
TDY,Teledyne Technologies,488.92,-29,26,44,12,53,1,31,2,13,47,100
KKR,KKR & Co.,122.38,-6,16,0,101,111,-28,9,-12,19,-12,99
CMG,Chipotle Mexican Grill,51.83,0,11,-16,78,73,13,4,-18,27,26,99
GWW,W. W. Grainger,1042.45,-28,27,0,92,91,-47,-2,2,55,8,99
ADSK,Autodesk,295.09,-5,30,46,12,83,-1,-2,2,17,16,99
ABBV,AbbVie,185.49,-13,0,9,56,52,-16,6,-6,62,46,98
WEC,WEC Energy Group,103.83,-23,-3,47,11,32,-19,16,60,9,66,98
DOV,Dover Corporation,175.64,-13,16,0,104,107,-8,-9,-11,17,-11,96
GLW,Corning Inc.,50.45,-2,26,11,15,50,13,33,-12,12,46,96
FOX,Fox Corporation (Class B),50.21,6,26,59,0,91,3,-2,-6,7,2,93
ACGL,Arch Capital Group,90.28,-3,1,0,60,58,-14,-3,2,49,34,92
MET,MetLife,78.55,0,26,0,56,82,13,-8,-12,16,9,91
SRE,Sempra,74.39,-73,3,-7,179,102,1,-4,-21,12,-12,90
UNH,UnitedHealth Group,307.31,0,-43,-10,-2,-55,-16,1,-23,182,144,89
CCL,Carnival,23.6,2,26,9,0,37,13,34,-12,17,52,89
HLT,Hilton Worldwide,247.57,-28,27,8,62,69,10,-4,-10,24,20,89
GEN,Gen Digital,29.36,-2,30,7,14,49,-10,32,2,14,38,87
ROK,Rockwell Automation,321.73,-1,30,7,13,49,13,32,2,-9,38,87
CPRT,Copart,47.86,-35,-18,-5,174,116,-28,-14,-15,26,-31,85
XYL,Xylem Inc.,125.14,-13,27,-2,20,32,-7,37,2,20,52,84
HPE,Hewlett Packard Enterprise,17.79,-13,23,-16,40,34,13,-2,-13,52,50,84
FCX,Freeport-McMoRan,41.19,0,27,-29,56,54,-2,33,2,-4,29,83
CEG,Constellation Energy,306.32,6,27,8,0,41,26,-3,2,17,42,83
PRU,Prudential Financial,104.12,-2,17,-5,53,63,12,9,-19,17,19,82
ANET,Arista Networks,90.26,-13,12,0,56,55,-22,8,-13,54,27,82
TRGP,Targa Resources,169.3,0,0,0,49,49,-12,4,-12,52,32,81
NOC,Northrop Grumman,494.44,0,0,2,56,58,-12,14,9,10,21,79
ED,Consolidated Edison,100.73,-18,-11,20,45,36,-18,3,14,43,42,78
FIS,Fidelity National Information Services,80.48,7,42,0,-35,14,13,40,1,9,63,77
HAS,Hasbro,67.93,0,27,6,1,34,-6,38,2,9,43,77
UBER,Uber,83.44,-5,39,10,0,44,9,-9,8,24,32,76
HBAN,Huntington Bancshares,15.72,-28,27,1,19,19,3,38,2,14,57,76
RF,Regions Financial Corporation,21.97,1,26,0,20,47,3,33,-19,12,29,76
AEP,American Electric Power,101.18,-9,-16,65,21,61,-17,4,15,12,14,75
EXPD,Expeditors International,113.09,0,0,-12,129,117,-10,-2,-29,-1,-42,75
WSM,"Williams-Sonoma, Inc.",160.39,5,0,0,63,68,12,-15,-9,19,7,75
BX,Blackstone Inc.,137.46,-18,0,-5,140,117,-33,-13,-16,19,-43,74
ECL,Ecolab,260.17,-14,25,8,20,39,-20,35,2,17,34,73
PNR,Pentair,96.94,-30,27,0,60,57,-32,40,-16,22,14,71
AEE,Ameren,94.41,-25,-4,48,11,30,-19,-2,53,8,40,70
BLK,BlackRock,978.23,-17,26,9,20,38,-29,40,2,19,32,70
MMM,3M,142.54,-17,27,66,12,88,-28,-4,2,12,-18,70
JNPR,Juniper Networks,35.85,0,22,0,52,74,19,-13,-29,18,-5,69
MAR,Marriott International,257.52,-28,27,0,56,55,3,-4,-11,25,13,68
TXT,Textron,76.62,-2,27,-27,51,49,-19,37,2,-3,17,66
BXP,"BXP, Inc.",71.78,-3,25,0,0,22,-10,40,2,11,43,65
IDXX,Idexx Laboratories,520.06,-4,34,6,2,38,-10,40,2,-6,26,64
NOW,ServiceNow,981.41,-44,28,0,80,64,-5,-4,-12,20,-1,63
KEY,KeyCorp,16.01,0,27,0,2,29,7,33,-19,11,32,61
PODD,Insulet Corporation,301.76,-5,28,37,2,62,-9,-3,6,4,-2,60
CFG,Citizens Financial Group,41.33,3,15,0,2,20,7,32,-12,12,39,59
K,Kellanova,78.92,-91,-7,61,19,-18,-4,-4,73,11,76,58
DG,Dollar General,112.28,0,68,0,-15,53,-3,16,14,-24,3,56
O,Realty Income,57.58,0,23,2,5,30,2,9,2,11,24,54
APO,Apollo Global Management,133.09,-14,9,-2,95,88,-28,-15,-15,24,-34,54
EQIX,Equinix,886.51,-31,27,9,32,37,-50,40,2,24,16,53
GL,Globe Life,119.74,-2,0,37,12,47,3,-3,-1,6,5,52
PNW,Pinnacle West Capital,88.52,-18,-4,60,16,54,-18,-23,14,24,-3,51
ISRG,Intuitive Surgical,509.35,-56,0,86,20,50,-2,-8,-13,24,1,51
AMT,American Tower,215.48,0,5,8,4,17,3,10,12,9,34,51
MLM,Martin Marietta Materials,538.51,-24,36,-2,58,68,-38,-7,2,25,-18,50
SMCI,Supermicro,44.44,7,3,-43,56,23,14,26,-8,-7,25,48
WYNN,Wynn Resorts,86.92,21,29,-3,-1,46,14,-10,2,-6,0,46
NXPI,NXP Semiconductors,211.61,0,11,-17,61,55,-3,35,-40,-3,-11,44
VTR,Ventas,62.69,-17,-16,64,20,51,-12,-23,15,13,-7,44
OXY,Occidental Petroleum,45.37,84,7,-47,0,44,56,9,-51,-14,0,44
HD,Home Depot (The),346.99,-56,-2,-4,178,116,-61,-12,-16,17,-72,44
PNC,PNC Financial Services,175.31,-17,17,0,12,12,3,32,-16,12,31,43
AWK,American Water Works,141.12,0,-4,18,4,18,1,4,14,6,25,43
CMS,CMS Energy,68.81,-18,-19,68,21,52,-12,-25,14,12,-11,41
VMC,Vulcan Materials Company,258.05,-28,35,0,58,65,-42,-9,2,25,-24,41
LNT,Alliant Energy,60.01,-18,-3,60,12,51,-12,-11,2,11,-10,41
ZBRA,Zebra Technologies,291.72,0,13,-13,-5,-5,13,32,-13,11,43,38
CVS,CVS Health,66.86,58,0,2,-15,45,-5,6,17,-26,-8,37
ALLE,Allegion,136.8,-38,39,0,19,20,3,-9,2,20,16,36
BA,Boeing,197.73,-35,40,0,0,5,-2,40,2,-9,31,36
HST,Host Hotels & Resorts,15.72,0,27,-24,2,5,12,40,-19,-4,29,34
SLB,Schlumberger,35.85,59,0,-62,0,-3,55,3,-13,-8,37,34
CTSH,Cognizant,79.14,-12,27,8,12,35,-4,-3,-10,16,-1,34
ANSS,Ansys,336.23,-12,27,9,9,33,-28,6,2,21,1,34
AVB,AvalonBay Communities,206.61,0,8,0,14,22,-9,7,1,13,12,34
PG,Procter & Gamble,158.02,-71,-4,-1,177,101,-84,-2,-6,24,-68,33
MCHP,Microchip Technology,68.02,0,27,-38,1,-10,12,33,2,-5,42,32
JKHY,Jack Henry & Associates,181.47,3,24,8,2,37,7,-3,-19,9,-6,31
PFG,Principal Financial Group,75.96,-2,0,-5,53,46,-11,-9,-12,16,-16,30
KEYS,Keysight Technologies,160.14,-4,27,8,0,31,13,-9,-9,3,-2,29
LVS,Las Vegas Sands,41.78,1,27,-14,-4,10,14,33,-18,-12,17,27
LOW,Lowe's,210.87,-47,-4,-12,164,101,-60,-12,-19,17,-74,27
INVH,Invitation Homes,33.74,10,2,1,5,18,2,-19,13,12,8,26
SNA,Snap-on,306.68,-28,-4,-1,57,24,-36,-7,-11,55,1,25
CMI,Cummins,314.84,-14,1,0,63,50,-38,-2,-13,28,-25,25
FITB,Fifth Third Bancorp,38.76,-28,3,-2,20,-7,5,32,-19,14,32,25
CNP,CenterPoint Energy,35.58,-70,-3,41,43,11,-13,-21,35,13,14,25
TYL,Tyler Technologies,568.64,-5,0,0,15,10,-8,26,-20,16,14,24
BG,Bunge Global,85.53,28,5,-36,0,-3,26,1,2,-3,26,23
ESS,Essex Property Trust,284.08,0,9,0,12,21,-19,7,2,12,2,23
GDDY,GoDaddy,176.41,-11,0,0,20,9,15,-11,-11,20,13,22
DIS,Walt Disney Company (The),117.83,0,27,7,-39,-5,-10,31,2,1,24,19
DPZ,Domino's,446.77,-7,-1,-1,8,-1,-2,-13,19,16,20,19
EQR,Equity Residential,68.86,-2,26,0,11,35,-11,-18,2,11,-16,19
CSX,CSX Corporation,32.24,-3,26,-28,2,-3,-6,30,2,-4,22,19
XEL,Xcel Energy,66.27,-28,-11,43,10,14,-43,-11,51,7,4,18
EXPE,Expedia Group,162.46,-28,0,41,9,22,-40,33,-10,12,-5,17
WBA,Walgreens Boots Alliance,11.39,60,27,0,-75,12,1,42,-5,-33,5,17
NEE,NextEra Energy,71.58,-8,14,0,0,6,-12,9,2,11,10,16
CARR,Carrier Global,69.86,-14,34,0,0,20,-22,-9,2,24,-5,15
MTB,M&T Bank,181.65,-28,27,0,20,19,-33,33,-16,12,-4,15
EXR,Extra Space Storage,146.46,-28,24,-5,0,-9,-30,40,2,11,23,14
IR,Ingersoll Rand,80.81,-28,26,-13,21,6,-33,33,-20,27,7,13
FE,FirstEnergy,39.74,-21,-3,0,53,29,-19,-12,2,12,-17,12
EFX,Equifax,253.39,-14,39,-1,14,38,-32,-12,2,16,-26,12
PKG,Packaging Corporation of America,186.22,-37,0,-5,59,17,-38,27,-18,24,-5,12
EXC,Exelon,42.35,-14,-16,47,12,29,-18,-26,18,8,-18,11
SBUX,Starbucks,92.27,0,0,2,1,3,-17,26,-7,5,7,10
TFC,Truist Financial,39.81,0,1,-2,2,1,3,9,-15,12,9,10
CSGP,CoStar Group,79.57,0,9,0,12,21,-23,4,15,-7,-11,10
NVR,"NVR, Inc.",6980.99,-14,-2,-15,63,32,-24,-2,-24,27,-23,9
APD,Air Products,275.39,-14,0,0,14,0,-18,28,-11,8,7,7
NDSN,Nordson Corporation,213.58,-11,26,-28,0,-13,-9,32,2,-5,20,7
CL,Colgate-Palmolive,88.18,-20,-4,-3,21,-6,-20,15,-6,24,13,7
TPL,Texas Pacific Land Corporation,1079.07,-21,-14,-1,56,20,-12,-14,2,11,-13,7
UAL,United Airlines Holdings,74.29,-38,0,0,9,-29,-6,39,-12,14,35,6
PHM,PulteGroup,99.13,-13,-2,-15,63,33,-33,4,-26,27,-28,5
OTIS,Otis Worldwide,95.68,-1,-2,0,0,-3,-12,1,-6,24,7,4
NCLH,Norwegian Cruise Line Holdings,18.4,-28,0,-12,-3,-43,12,28,-12,18,46,3
DECK,Deckers Brands,101.0,-28,-6,-16,91,41,-38,-18,-12,29,-39,2
DHI,D. R. Horton,121.27,-12,-2,-20,63,29,-33,4,-27,28,-28,1
TER,Teradyne,86.31,2,0,-21,-4,-23,13,28,-15,-3,23,0
PARA,Paramount Global,12.05,5,28,0,-37,-4,9,34,4,-43,4,0
TSLA,"Tesla, Inc.",322.1,7,9,0,8,24,-10,-6,-16,8,-24,0
LII,Lennox International,547.93,-38,-4,0,36,-6,5,-11,-15,25,4,-2
FANG,Diamondback Energy,148.73,0,9,-21,45,33,-5,12,-40,-3,-36,-3
CPT,Camden Property Trust,115.63,-18,17,8,0,7,-28,7,2,9,-10,-3
LEN,Lennar,103.39,-13,-2,-22,62,25,-5,4,-27,-1,-29,-4
APTV,Aptiv,67.67,-6,27,0,-22,-1,-5,33,2,-34,-4,-5
SYY,Sysco,73.99,-2,14,-1,1,12,-36,27,-20,12,-17,-5
DXCM,Dexcom,80.97,-49,31,-2,-12,-32,-8,40,2,-7,27,-5
SOLV,Solventum,72.63,-14,0,0,0,-14,-11,28,-8,0,9,-5
INCY,Incyte,68.27,-2,13,0,-29,-18,-5,35,-23,5,12,-6
MDT,Medtronic,85.73,-6,0,3,-4,-7,-12,8,-6,11,1,-6
ES,Eversource Energy,62.4,-20,30,7,-8,9,-25,33,2,-26,-16,-7
USB,U.S. Bancorp,43.27,-28,27,-2,2,-1,-38,33,-16,13,-8,-9
QCOM,Qualcomm,153.67,-3,12,-17,20,12,-11,35,-44,-3,-23,-11
EIX,Edison International,50.48,0,-10,-24,-1,-35,5,-11,-21,48,21,-14
CRM,Salesforce,259.55,-13,-4,-5,20,-2,-5,-14,-13,19,-13,-15
APA,APA Corporation,20.31,91,9,-77,-10,13,56,13,-81,-17,-29,-16
VZ,Verizon,41.66,-35,-3,22,8,-8,-32,-3,15,12,-8,-16
CPAY,Corpay,314.42,-16,-1,-1,19,1,-28,-1,-11,23,-17,-16
DAL,Delta Air Lines,47.55,-35,0,-5,17,-23,-2,-4,-13,24,5,-18
A,Agilent Technologies,115.54,-6,1,-15,-3,-23,-10,30,-12,-3,5,-18
OKE,Oneok,81.17,-12,-53,-5,52,-18,-17,-15,-17,49,0,-18
JNJ,Johnson & Johnson,150.76,-14,-1,-1,0,-16,-16,15,-6,4,-3,-19
SPG,Simon Property Group,157.09,-41,0,0,33,-8,-9,-15,-7,19,-12,-20
FTV,Fortive,69.85,-17,0,-13,31,1,-6,-4,-9,-3,-22,-21
ABNB,Airbnb,132.19,-14,12,-2,0,-4,-44,40,-10,-3,-17,-21
WAT,Waters Corporation,339.38,-14,-1,0,12,-3,-10,-8,-12,12,-18,-21
F,Ford Motor Company,10.42,0,41,-42,-15,-16,-8,3,2,-3,-6,-22
SBAC,SBA Communications,228.27,4,0,8,-18,-6,-7,-21,9,3,-16,-22
HSIC,Henry Schein,71.13,0,3,-4,0,-1,-9,-3,-11,1,-22,-23
WBD,Warner Bros. Discovery,10.59,21,7,4,-40,-8,12,27,-12,-43,-16,-24
UDR,"UDR, Inc.",41.12,-17,0,0,0,-17,-29,6,2,11,-10,-27
MAS,Masco,60.91,-24,-2,-12,63,25,-33,-14,-24,19,-52,-27
GM,General Motors,48.1,-10,9,0,9,8,-27,1,-20,11,-35,-27
KDP,Keurig Dr Pepper,33.2,7,-13,0,0,-6,-11,-30,10,10,-21,-27
PSA,Public Storage,290.81,-40,28,-3,13,-2,-38,-3,2,11,-28,-30
DVA,DaVita,135.75,-5,-46,-2,18,-35,11,-12,-12,17,4,-31
NUE,Nucor,126.2,16,4,-47,0,-27,21,5,-24,-6,-4,-31
HOLX,Hologic,63.98,0,15,-27,0,-12,-11,22,-27,-5,-21,-33
AKAM,Akamai Technologies,78.7,1,0,-18,-5,-22,13,2,-18,-8,-11,-33
SW,Smurfit Westrock,42.4,-11,0,0,0,-11,-2,-5,-15,0,-22,-33
FDX,FedEx,223.26,0,0,-18,30,12,-10,-14,-20,-2,-46,-34
ON,ON Semiconductor,52.27,0,12,-29,0,-17,-2,33,-35,-13,-17,-34
IP,International Paper,46.14,-38,0,0,14,-24,-11,-2,-12,14,-11,-35
PYPL,PayPal,68.56,-14,17,-2,-37,-36,-25,33,-16,7,-1,-37
FSLR,First Solar,143.67,-14,26,-31,0,-19,-14,-2,2,-4,-18,-37
SWKS,Skyworks Solutions,71.63,-6,25,-35,-28,-44,12,35,-38,-3,6,-38
D,Dominion Energy,54.19,-27,25,6,-32,-28,-18,-2,2,8,-10,-38
KVUE,Kenvue,21.36,-13,-11,0,0,-24,-22,-12,11,1,-22,-46
UHS,Universal Health Services,171.15,-56,-4,-3,20,-43,8,-8,-27,24,-3,-46
HAL,Halliburton,22.28,69,0,-55,-3,11,-3,7,-54,-7,-57,-46
EG,Everest Group,332.91,-14,-8,-28,53,3,-10,-8,-29,-3,-50,-47
ERIE,Erie Indemnity,348.44,-37,-39,-9,37,-48,-11,9,-27,29,0,-48
VTRS,Viatris,8.77,-5,1,-17,-5,-26,-23,5,-21,17,-22,-48
CCI,Crown Castle,99.38,-2,0,-5,-26,-33,-10,-21,12,3,-16,-49
PLD,Prologis,105.06,-20,17,-15,0,-18,-33,1,2,-3,-33,-51
ROST,Ross Stores,128.02,-45,-4,-5,33,-21,-49,-12,3,27,-31,-52
ACN,Accenture,306.2,-20,0,-15,12,-23,-33,-2,-11,17,-29,-52
DVN,Devon Energy,34.01,0,9,-42,-3,-36,-4,6,1,-20,-17,-53
GEHC,GE HealthCare,71.88,-10,0,-12,0,-22,-28,1,-10,6,-31,-53
AOS,A. O. Smith,63.09,-24,-5,-34,56,-7,-33,-13,2,-3,-47,-54
MTD,Mettler Toledo,1146.94,-14,12,-15,0,-17,-33,32,-33,-3,-37,-54
AMCR,Amcor,9.06,-11,-4,-12,0,-27,-10,1,-27,9,-27,-54
IVZ,Invesco,14.73,0,3,-12,-4,-13,-29,-11,-12,11,-41,-54
MSCI,MSCI Inc.,543.74,-38,25,0,12,-1,-48,-9,-15,18,-54,-55
LUV,Southwest Airlines,31.17,-34,26,8,-37,-37,-35,29,-17,2,-21,-58
VLTO,Veralto,97.03,-41,27,0,0,-14,-41,-4,1,0,-44,-58
DAY,Dayforce,56.25,-28,12,-12,-10,-38,-28,21,-16,3,-20,-58
MOH,Molina Healthcare,295.33,4,-19,-5,0,-20,-20,-13,-1,-6,-40,-60
GNRC,Generac,125.52,-11,11,-12,-32,-44,-33,29,-20,8,-16,-60
WDAY,"Workday, Inc.",236.89,-24,-1,-2,12,-15,-38,-13,-15,20,-46,-61
FRT,Federal Realty Investment Trust,95.63,-26,9,-15,2,-30,-33,8,-21,12,-34,-64
DD,DuPont,66.85,-14,0,-13,17,-10,-33,3,-27,-1,-58,-68
MGM,MGM Resorts,33.95,21,7,-48,0,-20,13,1,-55,-7,-48,-68
HPQ,HP Inc.,24.17,-41,-4,-17,0,-62,12,-12,-21,14,-7,-69
WST,West Pharmaceutical Services,218.12,-4,10,-19,-5,-18,-37,10,-19,-6,-52,-70
MKC,McCormick & Company,73.2,-14,-45,0,-2,-61,-19,7,-6,8,-10,-71
DHR,Danaher Corporation,194.37,-10,9,-21,0,-22,-23,8,-32,-2,-49,-71
MAA,Mid-America Apartment Communities,148.92,-20,-13,0,0,-33,-30,-20,2,9,-39,-72
HSY,Hershey Company (The),169.75,0,0,-37,-2,-39,-19,8,-6,-17,-34,-73
KMB,Kimberly-Clark,127.89,-84,-4,0,16,-72,-19,-4,-3,24,-2,-74
IT,Gartner,399.33,-112,-4,-13,56,-73,-39,-7,-11,55,-2,-75
INTC,Intel,21.48,7,0,-61,-18,-72,13,3,-9,-10,-3,-75
GPC,Genuine Parts Company,118.85,-45,25,-5,0,-25,-36,-2,2,-15,-51,-76
BBY,Best Buy,67.76,-14,-1,-16,-4,-35,-35,6,-27,14,-42,-77
IQV,IQVIA,154.61,0,0,-32,-4,-36,-11,8,-34,-4,-41,-77
ZTS,Zoetis,155.76,-28,0,-27,-1,-56,-20,-1,1,-3,-23,-79
WY,Weyerhaeuser,25.97,-14,0,-15,0,-29,-30,9,-27,-6,-54,-83
HRL,Hormel Foods,30.16,-23,17,-2,-21,-29,-34,6,2,-28,-54,-83
CHTR,Charter Communications,377.41,-24,0,10,-34,-48,-30,-12,2,4,-36,-84
JBHT,J.B. Hunt,138.93,-11,0,-23,-3,-37,-9,-11,-20,-8,-48,-85
WTW,Willis Towers Watson,297.51,-71,-39,0,22,-88,-14,-3,-7,27,3,-85
PFE,Pfizer,23.89,-5,8,-25,-21,-43,-18,33,-33,-26,-44,-87
PPG,PPG Industries,108.25,-28,27,-38,-6,-45,-35,-4,2,-6,-43,-88
BMY,Bristol Myers Squibb,46.86,-20,-52,-1,-3,-76,-23,13,-6,3,-13,-89
FI,Fiserv,161.35,-8,-53,-6,33,-34,-34,-39,-7,25,-55,-89
MKTX,MarketAxess,220.73,0,11,-20,-27,-36,-19,3,2,-42,-56,-92
CHRW,C.H. Robinson,93.43,-40,0,0,0,-40,-38,-2,-19,6,-53,-93
COP,ConocoPhillips,93.8,0,6,-37,1,-30,-9,5,-53,-6,-63,-93
CMCSA,Comcast,34.25,-13,0,-27,-7,-47,-23,4,-24,-6,-49,-96
IFF,International Flavors & Fragrances,74.89,-25,12,-15,-29,-57,-33,9,-27,9,-42,-99
TROW,T. Rowe Price,92.1,-28,12,-15,-23,-54,-33,-8,-17,11,-47,-101
TECH,Bio-Techne,50.1,-11,-2,-19,-22,-54,-28,3,-19,-4,-48,-102
EMN,Eastman Chemical Company,74.71,-35,-4,-13,0,-52,-33,-6,-27,13,-53,-105
AVY,Avery Dennison,173.96,-26,26,-27,0,-27,-38,-2,-35,-3,-78,-105
LKQ,LKQ Corporation,36.84,-35,-4,-2,0,-41,-33,-10,-6,-15,-64,-105
TSN,Tyson Foods,54.34,-26,-32,-3,-26,-87,-24,-1,-3,9,-19,-106
LYB,LyondellBasell,58.64,0,0,-36,0,-36,-19,3,-50,-5,-71,-107
CZR,Caesars Entertainment,27.75,2,0,-18,-23,-39,7,-14,-27,-35,-69,-108
MTCH,Match Group,30.3,-32,11,-18,-35,-74,8,19,-25,-36,-34,-108
REGN,Regeneron Pharmaceuticals,513.54,0,-14,-33,-2,-49,-12,-11,-34,-2,-59,-108
SJM,J.M. Smucker Company (The),95.97,-49,-7,-4,-2,-62,-18,-7,-2,-21,-48,-110
TGT,Target Corporation,95.14,-14,-1,-23,-9,-47,-35,7,-31,-4,-63,-110
PAYC,Paycom,232.84,-50,40,11,-22,-21,-56,-1,2,-35,-90,-111
HUM,Humana,243.42,15,-34,-81,-10,-110,26,2,-12,-18,-2,-112
IEX,IDEX Corporation,175.12,-25,-1,-20,0,-46,-32,-11,-20,-4,-67,-113
LW,Lamb Weston,53.22,-14,0,-64,-6,-84,-19,19,-18,-12,-30,-114
CNC,Centene Corporation,55.16,0,-20,-36,-9,-65,-4,-18,-5,-26,-53,-118
DOW,Dow Inc.,28.5,-6,-1,-35,0,-42,-23,3,-50,-6,-76,-118
COO,Cooper Companies (The),69.83,-2,-14,-19,-3,-38,-38,-18,-24,-1,-81,-119
CRL,Charles River Laboratories,145.33,-3,12,-46,-24,-61,-29,30,-55,-6,-60,-121
RVTY,Revvity,94.43,0,-70,-12,-22,-104,-6,3,-17,1,-19,-123
GPN,Global Payments,76.14,-28,-5,-19,-37,-89,3,-13,-16,-8,-34,-123
MHK,Mohawk Industries,98.0,-14,-21,-18,-9,-62,-33,-18,-26,12,-65,-127
SWK,Stanley Black & Decker,64.6,-20,0,-21,-37,-78,-32,-4,-27,12,-51,-129
POOL,Pool Corporation,284.86,-38,-6,-15,-4,-63,-33,-12,-21,-7,-73,-136
EW,Edwards Lifesciences,74.0,-50,1,0,-12,-61,-63,-2,22,-33,-76,-137
BAX,Baxter International,29.8,-14,-2,-15,-36,-67,-29,3,-6,-39,-71,-138
AES,AES Corporation,10.51,-13,-2,-34,-9,-58,-14,1,-45,-22,-80,-138
BLDR,Builders FirstSource,106.81,-13,-95,-20,63,-65,-33,-17,-24,-1,-75,-140
ELV,Elevance Health,375.94,-21,-26,-36,0,-83,-17,-41,-2,-1,-61,-144
EL,EstÃ©e Lauder Companies (The),74.75,21,17,-112,-24,-98,13,30,-57,-33,-47,-145
IPG,Interpublic Group of Companies (The),23.09,-11,-16,-35,0,-62,-23,-18,-32,-15,-88,-150
CDW,CDW Corporation,169.95,-38,27,-34,0,-45,-38,-6,-55,-6,-105,-150
DOC,Healthpeak Properties,17.03,-20,-53,-9,-29,-111,-29,7,-24,7,-39,-150
ADBE,Adobe Inc.,378.05,-28,0,-28,-4,-60,-51,-4,-32,-3,-90,-150
BDX,Becton Dickinson,168.63,-14,-80,-20,-3,-117,-19,8,-11,-13,-35,-152
PEP,PepsiCo,129.05,-12,-52,-34,-1,-99,-18,7,-31,-11,-53,-152
EPAM,EPAM Systems,164.98,-28,-1,-18,-25,-72,-33,-4,-9,-35,-81,-153
MRK,Merck & Co.,79.3,-2,-55,-39,-2,-98,-19,7,-43,-4,-59,-157
UPS,United Parcel Service,99.19,-6,0,-98,-14,-118,-10,27,-26,-32,-41,-159
PCG,PG&E Corporation,14.08,-133,-11,-22,0,-166,2,-13,-21,38,6,-160
LULU,Lululemon Athletica,228.59,-63,-9,-3,-1,-76,-63,-3,-12,-10,-88,-164
KMX,CarMax,64.32,-14,-76,-11,-34,-135,-33,4,-15,9,-35,-170
KHC,Kraft Heinz,25.68,-27,-40,-34,-2,-103,-24,-30,-6,-8,-68,-171
GIS,General Mills,52.95,-25,-51,-33,-2,-111,-23,7,-29,-17,-62,-173
MRNA,Moderna,25.42,-30,-3,-47,-2,-82,-35,15,-47,-37,-104,-186
BIIB,Biogen,126.61,-27,0,-76,-25,-128,-36,27,-39,-16,-64,-192
OMC,Omnicom Group,69.44,-30,-131,-19,0,-180,-31,-18,-24,48,-25,-205
ALGN,Align Technology,180.07,-14,12,-59,-23,-84,-33,1,-54,-36,-122,-206
TAP,Molson Coors Beverage Company,48.81,-126,-38,-5,12,-157,-38,-12,-6,-1,-57,-214
ALB,Albemarle Corporation,59.41,-6,0,-120,-21,-147,-30,3,-19,-23,-69,-216
NKE,"Nike, Inc.",59.51,-20,0,-69,-19,-108,-33,28,-70,-34,-109,-217
ARE,Alexandria Real Estate Equities,70.86,-10,-60,-29,-28,-127,-29,1,-40,-33,-101,-228
TMO,Thermo Fisher Scientific,392.14,-16,-78,-14,-3,-111,-28,-88,-13,-1,-130,-241
ZBH,Zimmer Biomet,90.56,-23,-50,-57,-15,-145,-30,-20,-56,-16,-122,-267
CAG,Conagra Brands,21.5,-73,-45,-24,-5,-147,-35,-59,-6,-21,-121,-268
CPB,Campbell's Company (The),31.85,-45,-52,-24,-4,-125,-49,-62,-31,-3,-145,-270
STZ,Constellation Brands,159.99,-137,-10,-37,-1,-185,-42,-14,-53,-6,-115,-300
ENPH,Enphase Energy,36.38,-14,-111,-38,-18,-181,-14,-52,-45,-22,-133,-314
CLX,Clorox,120.93,-73,-115,-9,-3,-200,-41,-73,-19,11,-122,-322
BF-B,Brownâ€“Forman,25.69,-136,-14,-95,-16,-261,-35,-13,-27,-26,-101,-362
