Symbol,Name,Close,1H Cloud Score,1D Cloud Score,1W Cloud Score,1M Cloud Score,Cloud Score Sum,1H TKx Score,1D TKx Score,1W TKx Score,1M TKx Score,TKx Score Sum,Total Score Sum
TJX,TJX Companies,143.11,0,45,156,200,401,-15,7,125,195,312,713
AAPL,Apple Inc.,256.65,107,69,6,253,435,28,37,10,73,148,583
ORLY,Oâ€™Reilly Automotive,103.29,-7,56,171,201,421,-22,1,62,91,132,553
GLW,Corning Inc.,85.37,217,101,27,19,364,42,108,16,16,182,546
WRB,W. R. Berkley Corporation,76.99,82,28,102,178,390,12,41,32,57,142,532
IBM,IBM,289.51,162,13,117,56,348,19,21,64,58,162,510
ETR,Entergy,97.46,70,12,84,139,305,78,11,97,16,202,507
L,Loews Corporation,102.37,73,102,120,57,352,71,37,18,26,152,504
WELL,Welltower,174.13,0,99,124,60,283,-16,60,141,26,211,494
RTX,RTX Corporation,168.85,112,101,85,56,354,7,10,92,16,125,479
ROL,"Rollins, Inc.",58.33,49,7,39,288,383,12,1,31,37,81,464
LMT,Lockheed Martin,514.21,159,28,1,167,355,80,30,3,-4,109,464
GD,General Dynamics,346.61,49,124,16,56,245,57,79,18,59,213,458
EVRG,Evergy,77.51,74,83,66,16,239,80,11,85,12,188,427
GS,Goldman Sachs,796.73,0,102,100,60,262,9,113,18,23,163,425
DTE,DTE Energy,141.74,77,10,82,191,360,5,7,35,15,62,422
PWR,Quanta Services,427.85,88,9,25,101,223,84,13,18,74,189,412
JPM,JPMorgan Chase,309.18,-25,104,131,160,370,-33,29,18,28,42,412
SO,Southern Company,95.47,13,2,84,192,291,5,3,31,81,120,411
GOOGL,Alphabet Inc. (Class A),250.43,5,91,16,178,290,16,65,13,23,117,407
GOOG,Alphabet Inc. (Class C),251.51,5,91,15,178,289,16,65,12,23,116,405
MPWR,Monolithic Power Systems,967.34,25,102,10,159,296,41,46,17,2,106,402
RL,Ralph Lauren Corporation,321.08,35,104,102,36,277,42,33,18,28,121,398
AJG,Arthur J. Gallagher & Co.,309.16,84,7,0,188,279,12,6,-9,109,118,397
IBKR,Interactive Brokers,69.58,91,13,97,59,260,47,12,16,59,134,394
ATO,Atmos Energy,173.31,67,42,81,47,237,12,4,92,47,155,392
ULTA,Ulta Beauty,566.91,63,112,20,6,201,62,115,20,-11,186,387
PLTR,Palantir Technologies,179.6,-3,115,124,0,236,-12,13,127,22,150,386
AMAT,Applied Materials,223.91,149,13,3,151,316,46,13,16,-7,68,384
CDNS,Cadence Design Systems,353.36,0,1,25,143,169,5,10,18,182,215,384
LHX,L3Harris,303.08,76,124,20,7,227,2,117,20,16,155,382
GRMN,Garmin,257.72,49,75,120,21,265,43,36,14,23,116,381
NRG,NRG Energy,163.96,-2,17,111,96,222,-2,16,121,23,158,380
WMB,Williams Companies,63.58,98,13,120,54,285,-1,18,18,59,94,379
CINF,Cincinnati Financial,165.15,49,45,93,64,251,52,36,18,17,123,374
MS,Morgan Stanley,158.1,-35,102,84,66,217,7,113,18,18,156,373
TRV,Travelers Companies (The),282.83,20,38,99,60,217,16,49,32,58,155,372
APH,Amphenol,123.43,7,115,27,67,216,-10,117,18,29,154,370
BSX,Boston Scientific,96.69,1,-17,152,146,282,18,-11,18,59,84,366
EME,Emcor,670.11,35,102,25,60,222,44,21,16,59,140,362
YUM,Yum! Brands,148.76,-7,18,36,261,308,-25,18,2,59,54,362
MSI,Motorola Solutions,457.25,0,2,9,155,166,6,-8,9,187,194,360
SRE,Sempra,92.44,70,57,8,183,318,8,12,16,1,37,355
LLY,Lilly (Eli),845.63,31,7,2,174,214,33,24,-15,98,140,354
HWM,Howmet Aerospace,190.4,-14,19,156,31,192,-18,19,100,59,160,352
CAT,Caterpillar Inc.,495.31,30,101,16,66,213,37,26,16,59,138,351
NI,NiSource,44.17,77,9,82,47,215,12,9,97,16,134,349
AZO,AutoZone,4173.71,0,55,102,88,245,-20,1,62,59,102,347
UNP,Union Pacific Corporation,237.38,92,10,1,200,303,8,10,2,21,41,344
AIZ,Assurant,221.74,74,43,9,154,280,28,5,10,21,64,344
DUK,Duke Energy,124.38,14,2,84,185,285,7,4,30,18,59,344
BK,BNY Mellon,106.43,-25,104,102,42,223,-26,108,18,21,121,344
J,Jacobs Solutions,155.09,31,100,14,108,253,43,11,15,21,90,343
WMT,Walmart,102.67,2,26,135,103,266,10,17,18,31,76,342
MNST,Monster Beverage,67.1,44,41,33,182,300,-5,15,26,6,42,342
V,Visa Inc.,349.27,31,2,145,135,313,-2,2,-1,28,27,340
ANET,Arista Networks,149.51,14,87,15,60,176,9,83,14,58,164,340
LDOS,Leidos,198.01,33,114,10,25,182,42,71,21,21,155,337
TEL,TE Connectivity,222.99,35,108,24,64,231,42,23,18,20,103,334
STX,Seagate Technology,244.55,36,102,22,24,184,-1,113,18,20,150,334
MA,Mastercard,578.82,12,0,134,157,303,-2,-15,18,28,29,332
HOOD,Robinhood Markets,144.25,42,104,89,0,235,38,21,18,20,97,332
TPR,"Tapestry, Inc.",115.49,27,102,88,23,240,35,19,16,21,91,331
TDY,Teledyne Technologies,593.35,88,101,60,16,265,15,16,18,17,66,331
PNR,Pentair,112.09,24,102,17,64,207,42,39,16,26,123,330
CMI,Cummins,438.93,30,74,12,67,183,37,65,13,32,147,330
ALLE,Allegion,177.37,18,114,17,23,172,41,70,18,24,153,325
URI,United Rentals,986.55,30,102,15,66,213,42,-5,16,59,112,325
ORCL,Oracle Corporation,291.6,0,19,19,200,238,23,16,18,29,86,324
TER,Teradyne,147.81,91,73,3,4,171,44,103,11,-7,151,322
NEM,Newmont,88.52,19,126,27,7,179,16,88,27,12,143,322
NOC,Northrop Grumman,618.71,63,69,18,60,210,70,3,25,14,112,322
AVGO,Broadcom,335.48,0,105,27,118,250,-1,22,18,32,71,321
WDC,Western Digital,125.26,42,102,20,20,184,-1,113,18,5,135,319
DASH,DoorDash,281.8,42,101,105,0,248,12,16,18,20,66,314
NSC,Norfolk Southern,299.65,108,16,19,6,149,121,10,18,16,165,314
KLAC,KLA Corporation,1139.47,31,21,22,179,253,-1,15,18,28,60,313
XEL,Xcel Energy,81.0,67,58,59,14,198,6,27,67,11,111,309
LRCX,Lam Research,149.12,42,24,17,154,237,42,16,18,-7,69,306
HCA,HCA Healthcare,433.62,77,41,11,99,228,14,9,24,31,78,306
COR,Cencora,305.3,0,25,52,77,154,-18,34,63,70,149,303
HIG,Hartford (The),132.53,0,44,101,59,204,11,1,28,58,98,302
CHD,Church & Dwight,88.88,5,-50,-24,346,277,32,-13,-22,27,24,301
PPL,PPL Corporation,37.16,7,60,84,25,176,6,6,96,16,124,300
ALL,Allstate,208.87,-3,13,105,161,276,-22,6,19,19,22,298
FFIV,"F5, Inc.",329.13,7,101,102,16,226,19,15,18,19,71,297
PH,Parker Hannifin,763.7,30,103,25,67,225,21,1,18,32,72,297
RJF,Raymond James Financial,167.66,-28,101,100,60,233,2,24,15,21,62,295
VMC,Vulcan Materials Company,304.58,49,54,14,62,179,4,62,18,29,113,292
ETN,Eaton Corporation,380.11,30,12,16,116,174,7,19,16,74,116,290
MSFT,Microsoft,528.52,19,1,24,175,219,10,10,18,27,65,284
WM,Waste Management,217.65,-3,-31,0,189,155,5,-37,-2,161,127,282
XYL,Xylem Inc.,149.91,43,102,16,24,185,43,11,18,24,96,281
AON,Aon plc,365.71,27,0,0,179,206,26,-19,5,58,70,276
AFL,Aflac,113.07,61,38,9,60,168,11,37,2,57,107,275
WTW,Willis Towers Watson,349.46,84,47,16,26,173,43,18,8,31,100,273
MMC,Marsh McLennan,201.44,38,-83,-11,177,121,12,-21,-19,180,152,273
IVZ,Invesco,24.13,49,78,15,4,146,22,74,15,15,126,272
AXON,Axon Enterprise,721.4,0,-18,153,96,231,-2,-9,18,32,39,270
TT,Trane Technologies,424.69,49,-28,24,166,211,5,5,18,31,59,270
ABBV,AbbVie,230.19,0,54,24,60,138,-7,61,10,66,130,268
CTAS,Cintas,198.98,-2,-36,0,169,131,-21,-31,-1,189,136,267
AEP,American Electric Power,115.64,63,5,81,25,174,40,3,31,16,90,264
NVDA,Nvidia,185.53,43,13,22,136,214,-7,11,18,28,50,264
BRK-B,Berkshire Hathaway,500.12,14,28,132,64,238,8,2,-13,28,25,263
C,Citigroup,98.01,-35,102,27,20,114,2,112,18,16,148,262
HPE,Hewlett Packard Enterprise,24.8,7,98,9,44,158,-2,35,15,56,104,262
CBOE,Cboe Global Markets,236.98,-9,-1,152,57,199,-26,5,30,53,62,261
WEC,WEC Energy Group,114.54,14,58,63,15,150,6,15,76,13,110,260
WAB,Wabtec,201.29,75,1,3,51,130,46,5,18,58,127,257
TTWO,Take-Two Interactive,256.98,44,25,53,15,137,12,32,53,22,119,256
UHS,Universal Health Services,206.86,77,34,3,24,138,77,38,2,1,118,256
MDT,Medtronic,98.45,24,69,19,3,115,31,83,11,15,140,255
PANW,Palo Alto Networks,212.58,23,22,7,83,135,19,23,18,59,119,254
EQT,EQT Corporation,57.19,70,4,49,44,167,70,6,-1,12,87,254
GE,GE Aerospace,298.29,0,113,27,29,169,-9,24,38,31,84,253
HII,Huntington Ingalls Industries,288.5,49,141,16,8,214,5,21,24,-11,39,253
PHM,PulteGroup,135.49,20,75,9,67,171,41,-5,14,31,81,252
ADI,Analog Devices,242.43,-34,33,19,181,199,13,-7,18,28,52,251
CNP,CenterPoint Energy,39.4,0,56,57,47,160,8,14,51,17,90,250
EXE,Expand Energy,107.74,103,4,49,0,156,66,20,-7,12,91,247
AEE,Ameren,104.9,67,10,64,15,156,6,4,69,12,91,247
F,Ford Motor Company,12.72,49,116,10,1,176,22,36,18,-7,69,245
FE,FirstEnergy,46.35,67,55,14,57,193,6,9,18,16,49,242
PTC,PTC Inc.,205.0,4,0,14,184,202,15,-18,15,28,40,242
ES,Eversource Energy,72.69,84,12,23,2,121,82,16,18,4,120,241
JNJ,Johnson & Johnson,188.16,54,68,16,9,147,69,3,13,8,93,240
STE,Steris,240.64,-28,0,21,197,190,2,-8,29,27,50,240
HUBB,Hubbell Incorporated,412.86,-21,-2,9,184,170,-12,-8,14,73,67,237
NDAQ,"Nasdaq, Inc.",88.19,0,-10,84,146,220,8,-26,18,16,16,236
PGR,Progressive Corporation,240.51,-4,-82,-1,179,92,-17,-22,-11,191,141,233
CAH,Cardinal Health,155.26,49,7,63,40,159,-5,21,-1,59,74,233
FICO,Fair Isaac,1851.71,21,3,0,168,192,17,26,-36,33,40,232
KMI,Kinder Morgan,27.94,0,9,100,46,155,-12,18,16,54,76,231
SYY,Sysco,80.82,-6,89,15,5,103,-6,102,15,16,127,230
EXPD,Expeditors International,123.66,16,47,9,133,205,19,-5,14,-5,23,228
MCD,McDonald's,296.06,-28,-1,0,244,215,-40,-13,6,59,12,227
LIN,Linde plc,468.71,-30,0,21,112,103,2,-4,18,108,124,227
DHI,D. R. Horton,171.52,20,75,9,67,171,56,-8,12,-4,56,227
D,Dominion Energy,61.48,49,100,22,3,174,12,10,18,12,52,226
LYV,Live Nation Entertainment,155.91,-28,0,102,149,223,-26,-7,17,18,2,225
DGX,Quest Diagnostics,178.4,-23,41,76,20,114,-21,39,76,16,110,224
MLM,Martin Marietta Materials,636.15,37,57,14,62,170,14,-7,18,29,54,224
APP,AppLovin,586.77,-7,47,113,0,153,-20,55,14,20,69,222
AMGN,Amgen,294.09,31,4,2,167,204,-2,-24,6,38,18,222
TKO,TKO Group Holdings,198.15,-16,40,79,42,145,-26,33,18,52,77,222
MO,Altria,65.36,0,55,78,47,180,-12,2,34,18,42,222
BR,Broadridge Financial Solutions,235.21,-28,-16,122,147,225,-26,-24,18,27,-5,220
FSLR,First Solar,229.57,30,67,3,64,164,24,22,18,-8,56,220
MET,MetLife,82.35,76,33,3,60,172,7,5,16,20,48,220
BLK,BlackRock,1179.3,7,101,25,24,157,9,12,18,23,62,219
MCO,Moody's Corporation,483.45,11,-13,2,158,158,43,-25,16,27,61,219
AIG,American International Group,83.02,49,2,36,55,142,58,2,-8,23,75,217
JCI,Johnson Controls,109.58,35,7,83,21,146,7,24,18,20,69,215
ITW,Illinois Tool Works,258.76,-8,0,9,180,181,-2,-9,14,31,34,215
LNT,Alliant Energy,68.12,68,10,76,16,170,7,4,18,15,44,214
COST,Costco,910.93,-89,-13,0,182,80,-19,-24,-10,186,133,213
BKNG,Booking Holdings,5429.8,1,-6,143,37,175,12,-19,17,28,38,213
PFG,Principal Financial Group,84.18,31,31,5,57,124,28,26,15,20,89,213
CME,CME Group,262.04,-12,-36,62,138,152,-25,6,58,21,60,212
NEE,NextEra Energy,82.12,77,9,3,2,91,81,5,18,15,119,210
CHRW,C.H. Robinson,134.36,16,70,11,4,101,22,63,14,10,109,210
CB,Chubb Limited,286.39,63,7,3,60,133,26,4,-12,58,76,209
EXC,Exelon,45.69,74,5,63,16,158,33,4,2,12,51,209
FTNT,Fortinet,86.39,29,0,0,115,144,42,17,-10,15,64,208
NTRS,Northern Trust,132.21,-1,102,24,13,138,-7,44,18,15,70,208
CFG,Citizens Financial Group,54.02,12,90,16,6,124,14,37,15,16,82,206
INTC,Intel,36.56,112,38,3,0,153,21,37,8,-14,52,205
DD,DuPont,80.83,30,73,2,21,126,38,31,15,-5,79,205
INTU,Intuit,669.92,-21,-33,25,193,164,-7,7,18,22,40,204
AMD,Advanced Micro Devices,203.64,30,1,6,112,149,42,3,18,-9,54,203
SPG,Simon Property Group,179.16,-5,71,9,37,112,-19,70,16,23,90,202
FAST,Fastenal,47.78,-5,0,57,108,160,12,-17,21,25,41,201
EXPE,Expedia Group,223.88,10,75,57,13,155,14,1,14,16,45,200
EBAY,eBay Inc.,91.78,1,0,85,16,102,12,-22,90,18,98,200
MCK,McKesson Corporation,740.82,0,13,50,60,123,-19,30,-5,69,75,198
STT,State Street Corporation,116.57,5,104,24,18,151,9,6,16,16,47,198
AME,Ametek,182.98,-16,0,12,108,104,-21,-6,18,103,94,198
TXT,Textron,87.33,42,18,2,55,117,43,26,18,-7,80,197
DRI,Darden Restaurants,193.3,14,-13,52,63,116,58,-8,-4,32,78,194
SHW,Sherwin-Williams,336.85,-7,-12,-1,192,172,-2,-15,18,21,22,194
CRWD,CrowdStrike,495.83,31,13,53,0,97,42,14,18,22,96,193
SYK,Stryker Corporation,366.27,0,-17,1,161,145,15,-14,16,31,48,193
CMS,CMS Energy,73.23,50,1,84,25,160,6,4,6,16,32,192
VTR,Ventas,69.26,0,58,80,24,162,-7,5,12,17,27,189
MU,Micron Technology,190.96,35,28,6,24,93,38,37,18,2,95,188
ROST,Ross Stores,152.29,63,45,7,37,152,-7,4,6,31,34,186
ADP,Automatic Data Processing,290.49,4,-25,0,182,161,4,-38,-2,59,23,184
GM,General Motors,58.19,-8,84,15,13,104,-26,76,15,15,80,184
EMR,Emerson Electric,134.77,21,0,24,66,111,34,-9,18,28,71,182
XOM,ExxonMobil,114.21,0,21,5,46,72,9,30,17,52,108,180
BKR,Baker Hughes,49.07,0,56,12,37,105,9,25,12,28,74,179
LH,Labcorp,275.0,-11,52,63,17,121,-19,39,16,20,56,177
NWS,News Corp (Class B),31.81,-28,-4,120,60,148,-21,7,18,23,27,175
STLD,Steel Dynamics,141.63,45,16,8,57,126,-1,30,18,1,48,174
NFLX,Netflix,1162.99,-35,-9,124,22,102,-32,-13,95,22,72,174
SNA,Snap-on,340.58,-1,23,6,61,89,-4,17,11,59,83,172
TDG,TransDigm Group,1291.84,-21,-38,4,159,104,-18,9,17,59,67,171
IRM,Iron Mountain,106.38,27,16,4,59,106,29,15,18,-1,61,167
NVR,"NVR, Inc.",8076.82,15,7,0,67,89,41,-9,11,31,74,163
RSG,Republic Services,223.22,-23,-48,0,179,108,-25,-73,-9,162,55,163
IR,Ingersoll Rand,83.42,50,7,0,25,82,47,21,15,-2,81,163
EG,Everest Group,361.82,63,9,1,57,130,32,6,2,-7,33,163
FDX,FedEx,247.05,76,12,0,34,122,22,12,10,-6,38,160
CSX,CSX Corporation,36.26,112,6,4,6,128,15,5,18,-8,30,158
AXP,American Express,331.98,-35,31,24,101,121,-33,31,15,23,36,157
NTAP,NetApp,120.43,0,45,6,59,110,-2,37,15,-3,47,157
WSM,"Williams-Sonoma, Inc.",197.51,5,3,16,67,91,16,16,10,23,65,156
ECL,Ecolab,279.75,49,2,24,24,99,15,2,18,21,56,155
ABT,Abbott Laboratories,133.73,1,31,64,15,111,14,10,4,16,44,155
VICI,Vici Properties,32.24,0,-1,66,17,82,-5,-13,31,59,72,154
PKG,Packaging Corporation of America,212.95,-7,32,3,63,91,-8,32,11,28,63,154
KEY,KeyCorp,18.54,-5,102,16,6,119,9,-5,16,15,35,154
EA,Electronic Arts,200.58,44,48,12,9,113,-17,10,24,23,40,153
JBL,Jabil,202.22,-16,-2,26,67,75,-12,13,18,59,78,153
SMCI,Supermicro,54.61,35,4,0,60,99,37,15,13,-11,54,153
PCAR,Paccar,98.51,-10,0,-30,161,121,-5,-5,5,36,31,152
KR,Kroger,64.81,-6,-28,87,69,122,-16,-31,58,17,28,150
COIN,Coinbase,386.06,39,4,17,0,60,40,13,17,20,90,150
INCY,Incyte,87.24,31,88,11,1,131,7,-12,14,9,18,149
VRTX,Vertex Pharmaceuticals,402.9,42,-2,-10,106,136,-2,-13,-14,39,10,146
TFC,Truist Financial,45.35,-3,76,8,6,87,16,9,14,16,55,142
DDOG,Datadog,157.36,49,7,7,0,63,47,19,15,-2,79,142
RCL,Royal Caribbean Group,317.28,-45,0,129,30,114,-7,-12,18,29,28,142
O,Realty Income,59.9,0,46,18,9,73,-1,36,18,15,68,141
PEG,Public Service Enterprise Group,81.83,-8,-24,2,154,124,-19,6,11,19,17,141
GILD,Gilead Sciences,113.59,2,0,59,37,98,9,-24,16,41,42,140
WYNN,Wynn Resorts,124.64,-14,104,16,5,111,-12,32,18,-10,28,139
PLD,Prologis,117.12,30,31,7,0,68,29,30,18,-7,70,138
SCHW,Charles Schwab Corporation,94.0,-4,0,85,13,94,5,5,18,16,44,138
VST,Vistra Corp.,200.44,0,4,27,32,63,-2,13,16,47,74,137
CEG,Constellation Energy,363.96,28,7,24,0,59,27,12,18,21,78,137
ADSK,Autodesk,323.32,7,26,7,16,56,14,26,18,21,79,135
HSY,Hershey Company (The),195.23,17,68,12,0,97,25,22,12,-21,38,135
A,Agilent Technologies,141.66,31,28,2,1,62,37,34,9,-7,73,135
MPC,Marathon Petroleum,193.52,0,28,7,51,86,12,28,18,-10,48,134
KO,Coca-Cola Company (The),66.08,-6,-31,1,184,148,-1,-24,-5,16,-14,134
PNW,Pinnacle West Capital,90.82,39,0,1,20,60,14,3,29,28,74,134
CVS,CVS Health,76.85,28,37,18,0,83,-1,41,8,2,50,133
DLR,Digital Realty,176.9,18,5,5,24,52,26,15,18,21,80,132
MMM,3M,155.94,4,5,82,16,107,-1,-8,18,16,25,132
GWW,W. W. Grainger,958.89,0,-9,-11,96,76,16,-12,-9,59,54,130
BG,Bunge Global,84.13,49,4,0,0,53,64,2,18,-7,77,130
UBER,Uber,100.09,7,21,26,1,55,8,13,24,28,73,128
NXPI,NXP Semiconductors,231.37,21,16,2,65,104,14,1,15,-7,23,127
MAR,Marriott International,271.86,17,1,2,60,80,16,-14,15,29,46,126
TSLA,"Tesla, Inc.",453.36,7,41,6,12,66,-12,47,12,12,59,125
TRMB,Trimble Inc.,80.82,1,0,87,6,94,9,-8,16,14,31,125
HLT,Hilton Worldwide,260.2,0,-5,24,66,85,8,-13,16,28,39,124
FOXA,Fox Corporation (Class A),61.39,-9,38,75,3,107,-24,10,15,16,17,124
WFC,Wells Fargo,80.69,-28,18,100,31,121,-35,-1,18,21,3,124
PG,Procter & Gamble,150.41,-9,-11,-14,181,147,-26,-5,-22,28,-25,122
NDSN,Nordson Corporation,234.1,30,32,2,3,67,43,3,18,-9,55,122
DOC,Healthpeak Properties,19.25,76,23,1,-33,67,14,26,2,11,53,120
AMP,Ameriprise Financial,493.95,2,-26,2,66,44,9,-22,16,73,76,120
CSCO,Cisco,68.92,6,2,56,16,80,-12,5,18,27,38,118
FOX,Fox Corporation (Class B),55.05,-9,38,74,3,106,-24,10,14,11,11,117
APTV,Aptiv,87.61,32,39,9,-26,54,47,35,18,-38,62,116
K,Kellanova,82.68,42,6,2,23,73,53,-13,-15,15,40,113
BBY,Best Buy,75.61,45,39,0,-8,76,-2,36,6,-4,36,112
QCOM,Qualcomm,168.61,0,29,0,24,53,17,31,16,-7,57,110
HON,Honeywell,208.99,0,-37,1,180,144,-9,-49,-1,24,-35,109
DE,Deere & Company,457.19,-7,-32,57,111,129,14,-45,-1,12,-20,109
NOW,ServiceNow,913.3,-37,-1,0,84,46,2,21,16,24,63,109
PSA,Public Storage,290.82,41,7,0,3,51,58,2,-1,-2,57,108
COF,Capital One,213.84,-60,0,102,23,65,9,-5,18,20,42,107
ROK,Rockwell Automation,348.64,35,18,23,17,93,5,3,18,-13,13,106
TPL,Texas Pacific Land Corporation,975.78,32,0,-17,60,75,26,2,-13,15,30,105
TMUS,T-Mobile US,224.95,-28,-8,0,141,105,-19,-17,-1,37,0,105
ICE,Intercontinental Exchange,159.06,-28,-26,0,163,109,-26,-32,30,23,-5,104
PSX,Phillips 66,132.91,-10,31,3,43,67,-5,31,17,-7,36,103
CPRT,Copart,44.46,-7,-15,-21,178,135,-17,-14,-31,30,-32,103
FITB,Fifth Third Bancorp,43.79,-44,78,7,24,65,9,-5,14,18,36,101
CI,Cigna,302.99,26,3,-1,60,88,35,-8,-11,-3,13,101
BIIB,Biogen,154.05,28,38,0,-29,37,33,45,5,-20,63,100
MOH,Molina Healthcare,200.56,54,0,-21,-4,29,68,28,-17,-10,69,98
SNPS,Synopsys,478.25,-14,-19,0,182,149,-15,-31,-2,-7,-55,94
DELL,Dell Technologies,145.77,35,6,4,34,79,-8,11,18,-6,15,94
BXP,"BXP, Inc.",74.61,0,28,6,0,34,-2,29,18,15,60,94
PODD,Insulet Corporation,311.79,0,0,52,6,58,17,-11,21,8,35,93
FANG,Diamondback Energy,149.03,11,2,0,49,62,18,7,12,-7,30,92
ROP,Roper Technologies,507.12,3,-46,-9,184,132,3,-63,-8,28,-40,92
KEYS,Keysight Technologies,173.38,-1,24,6,2,31,14,24,16,7,61,92
APA,APA Corporation,25.11,9,42,2,0,53,7,40,13,-21,39,92
HD,Home Depot (The),389.33,-83,0,9,182,108,-42,-5,10,21,-16,92
KIM,Kimco Realty,21.51,-3,2,2,57,58,6,-8,16,16,30,88
GEHC,GE HealthCare,76.4,30,5,2,0,37,41,-8,7,10,50,87
REG,Regency Centers,71.14,-2,10,2,55,65,-19,2,18,21,22,87
RMD,ResMed,281.52,22,0,25,15,62,14,-22,17,15,24,86
FCX,Freeport-McMoRan,40.33,0,-9,0,60,51,34,-9,18,-8,35,86
PAYX,Paychex,124.37,0,-48,-4,169,117,2,-41,-9,16,-32,85
BAC,Bank of America,50.38,-28,35,25,20,52,-34,32,18,16,32,84
WST,West Pharmaceutical Services,268.07,49,22,0,-9,62,-2,23,9,-10,20,82
VLTO,Veralto,106.11,20,0,10,0,30,40,-8,17,0,49,79
TSCO,Tractor Supply,54.67,-77,-8,15,87,17,-19,-19,12,87,61,78
HBAN,Huntington Bancshares,16.72,-5,0,17,23,35,9,-3,18,18,42,77
NWSA,News Corp (Class A),28.07,-28,-3,17,60,46,-26,15,18,23,30,76
DAL,Delta Air Lines,58.25,7,1,9,21,38,12,-13,10,28,37,75
DAY,Dayforce,69.02,18,35,8,-14,47,27,-7,8,-2,26,73
BRO,Brown & Brown,94.47,20,-111,-7,165,67,12,-17,-18,28,5,72
MAS,Masco,68.79,-7,0,-5,67,55,-4,-12,9,23,16,71
LEN,Lennar,126.38,15,0,0,66,81,-2,-12,9,-5,-10,71
RF,Regions Financial Corporation,25.86,-5,0,15,24,34,9,-5,16,16,36,70
SOLV,Solventum,73.76,23,0,1,0,24,39,-8,14,0,45,69
DOV,Dover Corporation,166.51,0,-27,-11,108,70,-4,-18,-1,21,-2,68
AMZN,Amazon,220.88,0,-2,24,23,45,-5,-10,14,22,21,66
IQV,IQVIA,205.04,32,5,2,0,39,34,-9,10,-8,27,66
BX,Blackstone Inc.,166.87,-62,0,12,144,94,-66,-1,13,23,-31,63
CBRE,CBRE Group,153.53,-78,0,100,24,46,-7,-9,16,16,16,62
ED,Consolidated Edison,99.31,0,-29,0,49,20,2,4,-12,47,41,61
MSCI,MSCI Inc.,564.98,2,3,2,16,23,10,-9,15,22,38,61
LW,Lamb Weston,63.41,35,7,0,-10,32,43,-10,11,-16,28,60
VLO,Valero Energy,163.42,-26,31,8,46,59,-39,30,17,-7,1,60
AOS,A. O. Smith,72.42,0,0,0,60,60,-7,-5,18,-7,-1,59
TRGP,Targa Resources,162.65,-22,-3,0,53,28,-40,13,2,56,31,59
GPC,Genuine Parts Company,138.46,0,55,9,0,64,-3,-2,18,-19,-6,58
SPGI,S&P Global,478.34,-91,-13,0,174,70,-27,-25,16,23,-13,57
DHR,Danaher Corporation,211.6,33,4,0,0,37,38,-23,11,-6,20,57
EQIX,Equinix,789.92,3,0,-16,36,23,5,15,-16,28,32,55
TMO,Thermo Fisher Scientific,544.7,31,5,2,0,38,31,-13,3,-5,16,54
ACGL,Arch Capital Group,91.36,14,1,-16,64,63,9,-15,-1,-2,-9,54
CNC,Centene Corporation,37.65,70,0,-52,-13,5,68,32,-21,-30,49,54
WBD,Warner Bros. Discovery,19.09,-11,18,20,0,27,-10,18,16,2,26,53
PM,Philip Morris International,153.54,-30,-16,78,57,89,-41,-22,-2,29,-36,53
MTD,Mettler Toledo,1346.14,28,4,2,0,34,28,-16,12,-7,17,51
CF,CF Industries,92.05,7,1,5,6,19,13,9,-1,10,31,50
HAS,Hasbro,74.8,-2,0,22,5,25,9,-16,18,13,24,49
VRSN,Verisign,270.78,-36,-4,44,11,15,-33,-2,60,9,34,49
LII,Lennox International,553.62,24,-30,-5,40,29,36,-43,-3,29,19,48
USB,U.S. Bancorp,47.72,-42,35,8,6,7,9,-3,15,17,38,45
IPG,Interpublic Group of Companies (The),26.81,-3,54,0,0,51,2,3,6,-19,-8,43
MHK,Mohawk Industries,126.16,-3,64,0,-13,48,-4,-8,10,-3,-5,43
DVN,Devon Energy,34.92,-23,39,0,-7,9,5,35,16,-24,32,41
VRSK,Verisk Analytics,245.0,-7,-50,-4,116,55,-19,-16,-10,30,-15,40
MOS,Mosaic Company (The),35.33,5,3,24,-18,14,14,21,23,-32,26,40
CMG,Chipotle Mexican Grill,41.65,20,-52,-14,82,36,16,1,-12,-2,3,39
CRL,Charles River Laboratories,175.12,31,4,1,-28,8,37,-11,14,-10,30,38
FRT,Federal Realty Investment Trust,98.77,-4,34,1,3,34,3,-5,9,-3,4,38
WAT,Waters Corporation,327.61,29,3,-13,1,20,34,-5,-28,16,17,37
UNH,UnitedHealth Group,358.78,23,24,-26,0,21,21,36,-39,-3,15,36
BLDR,Builders FirstSource,127.09,16,0,-36,67,47,-1,-13,8,-5,-11,36
IDXX,Idexx Laboratories,627.78,0,3,22,6,31,16,-20,18,-10,4,35
PRU,Prudential Financial,103.21,-3,-5,-21,57,28,10,-15,12,-1,6,34
HAL,Halliburton,24.35,0,28,0,0,28,-12,26,3,-11,6,34
DECK,Deckers Brands,102.06,-3,-8,-32,95,52,16,-8,-28,-1,-21,31
CTRA,Coterra,23.84,7,0,-13,46,40,5,-11,-20,15,-11,29
MCHP,Microchip Technology,66.59,17,0,2,0,19,-2,3,18,-9,10,29
FTV,Fortive,50.03,30,0,-29,0,1,42,18,-25,-7,28,29
TECH,Bio-Techne,61.92,32,5,0,-26,11,39,-17,3,-8,17,28
APD,Air Products,270.93,0,-10,-3,18,5,16,-15,10,12,23,28
CSGP,CoStar Group,81.15,-7,-9,14,16,14,12,-32,31,1,12,26
VTRS,Viatris,10.14,31,4,1,0,36,-2,-15,10,-3,-10,26
T,AT&T,25.87,-78,-4,78,18,14,-101,-7,102,17,11,25
CVX,Chevron Corporation,154.02,-42,0,15,50,23,-12,-4,9,8,1,24
LOW,Lowe's,241.6,-84,0,0,168,84,-85,-5,9,21,-60,24
PSKY,Paramount Skydance Corporation,19.13,-11,38,9,-41,-5,-26,31,20,3,28,23
BA,Boeing,219.69,7,-6,16,0,17,16,-16,18,-13,5,22
HOLX,Hologic,67.36,16,3,0,0,19,-1,2,11,-9,3,22
ALB,Albemarle Corporation,92.03,13,18,1,-25,7,21,9,12,-27,15,22
SYF,Synchrony Financial,71.39,-66,0,25,23,-18,9,-5,16,20,40,22
EXR,Extra Space Storage,141.58,15,0,0,0,15,-1,-7,-1,15,6,21
TTD,Trade Desk (The),53.12,55,-41,-35,-3,-24,47,1,-1,-2,45,21
IP,International Paper,45.89,-5,-25,0,18,-12,33,-17,-2,18,32,20
WDAY,"Workday, Inc.",238.36,-2,14,-18,16,10,4,22,-12,-4,10,20
SWK,Stanley Black & Decker,74.37,0,68,-37,-41,-10,31,-5,7,-4,29,19
PNC,PNC Financial Services,195.63,-42,0,10,16,-16,9,-5,15,16,35,19
MRK,Merck & Co.,88.79,35,5,0,0,40,-1,-15,3,-8,-21,19
ADM,Archer Daniels Midland,62.33,10,2,10,0,22,12,-12,18,-22,-4,18
GL,Globe Life,133.99,-42,0,53,16,27,-33,-1,12,10,-12,15
AWK,American Water Works,138.97,5,-21,34,0,18,5,-21,2,10,-4,14
OMC,Omnicom Group,78.48,-3,39,-35,3,4,2,3,5,-3,7,11
ESS,Essex Property Trust,261.34,-11,-3,-2,16,0,-17,22,-11,16,10,10
PCG,PG&E Corporation,16.04,34,7,-38,3,6,42,1,-37,-3,3,9
KKR,KKR & Co.,126.85,-63,-8,0,105,34,-61,-1,14,23,-25,9
AES,AES Corporation,14.28,28,4,0,-13,19,-3,5,14,-26,-10,9
PYPL,PayPal,71.29,12,0,0,-41,-29,12,10,-1,11,32,3
BEN,Franklin Resources,23.18,0,-1,16,0,15,13,-19,18,-24,-12,3
TSN,Tyson Foods,54.16,33,-1,-9,-30,-7,32,-17,-19,13,9,2
TXN,Texas Instruments,181.75,-11,-24,1,24,-10,-4,-20,18,18,12,2
OTIS,Otis Worldwide,90.82,0,0,-12,0,-12,-7,14,-22,28,13,1
ZBRA,Zebra Technologies,301.74,0,-11,0,-9,-20,14,-4,12,-1,21,1
XYZ,"Block, Inc.",77.78,20,3,2,-38,-13,20,-17,12,-1,14,1
LUV,Southwest Airlines,32.56,6,0,8,-41,-27,-4,10,15,6,27,0
ELV,Elevance Health,350.0,32,3,-52,0,-17,30,10,-18,-5,17,0
BDX,Becton Dickinson,191.98,30,4,-36,-7,-9,41,-17,1,-17,8,-1
APO,Apollo Global Management,126.71,-58,-9,-3,99,29,-60,-1,-1,28,-34,-5
CRM,Salesforce,245.79,3,-5,-21,24,1,10,-11,-29,23,-7,-6
EFX,Equifax,237.33,-21,-3,-12,18,-18,-24,-3,18,20,11,-7
ON,ON Semiconductor,50.34,0,-27,0,-3,-30,12,13,14,-17,22,-8
OXY,Occidental Petroleum,45.4,-21,2,0,0,-19,-20,34,14,-18,10,-9
TROW,T. Rowe Price,105.67,7,1,2,-27,-17,9,-14,14,-2,7,-10
RVTY,Revvity,93.38,33,0,-28,-26,-21,40,4,-33,-1,10,-11
VZ,Verizon,41.44,-7,-1,0,12,4,-17,-22,8,16,-15,-11
NUE,Nucor,135.58,0,0,0,0,0,-2,-14,15,-10,-11,-11
COP,ConocoPhillips,94.91,-21,0,-1,1,-21,3,7,9,-10,9,-12
UAL,United Airlines Holdings,97.07,-68,0,9,13,-46,9,-8,12,18,31,-15
SWKS,Skyworks Solutions,76.9,-42,24,0,-32,-50,-7,34,14,-7,34,-16
COO,Cooper Companies (The),70.11,24,1,-34,-7,-16,42,2,-39,-5,0,-16
CCL,Carnival,29.09,-68,0,25,0,-43,-5,-7,16,21,25,-18
HUM,Humana,295.27,14,2,0,-14,2,10,-13,4,-22,-21,-19
EW,Edwards Lifesciences,76.56,1,-4,0,-16,-19,14,-15,38,-37,0,-19
PFE,Pfizer,26.44,35,5,1,-25,16,-1,-20,14,-30,-37,-21
OKE,Oneok,72.72,-1,-46,-21,56,-12,16,-46,-33,53,-10,-22
HST,Host Hotels & Resorts,16.61,-35,34,6,4,9,-35,-4,16,-8,-31,-22
MTB,M&T Bank,190.0,-35,0,9,24,-2,-54,-1,16,16,-23,-25
DIS,Walt Disney Company (The),112.77,-22,-17,23,-2,-18,-19,-13,18,5,-9,-27
LVS,Las Vegas Sands,52.28,-14,0,14,4,4,-14,-16,15,-16,-31,-27
GEN,Gen Digital,27.73,-36,-16,23,18,-11,-35,-18,18,18,-17,-28
MDLZ,Mondelez International,61.77,-8,-8,-1,0,-17,-13,15,-3,-11,-12,-29
CTSH,Cognizant,67.79,4,-48,-11,16,-39,14,-13,-11,20,10,-29
GEV,GE Vernova,603.24,-53,0,4,0,-49,-12,13,19,0,20,-29
EL,EstÃ©e Lauder Companies (The),88.66,21,0,0,-28,-7,16,-18,16,-37,-23,-30
SW,Smurfit Westrock,40.3,-26,-17,-5,18,-30,-17,-11,8,19,-1,-31
SJM,J.M. Smucker Company (The),107.06,-8,0,-2,-6,-16,-7,5,6,-25,-21,-37
NCLH,Norwegian Cruise Line Holdings,24.09,-67,0,8,0,-59,-5,-6,11,22,22,-37
ISRG,Intuitive Surgical,449.57,17,-48,-11,24,-18,14,-56,-6,28,-20,-38
GNRC,Generac,164.18,-12,0,11,-36,-37,-7,-22,15,12,-2,-39
ZBH,Zimmer Biomet,98.85,0,0,-5,-19,-24,18,-15,2,-20,-15,-39
EQR,Equity Residential,62.22,-26,-3,-4,15,-18,-19,-7,-11,15,-22,-40
CTVA,Corteva,64.29,-112,-16,61,1,-66,3,-8,18,13,26,-40
REGN,Regeneron Pharmaceuticals,584.91,28,4,-49,0,-17,-2,-21,4,-6,-25,-42
MRNA,Moderna,27.52,30,-1,-63,-6,-40,34,7,-3,-41,-3,-43
HSIC,Henry Schein,66.03,-7,-9,-13,-2,-31,-4,-10,-3,5,-12,-43
KMB,Kimberly-Clark,120.54,-8,-17,-7,20,-12,-19,-24,-19,28,-34,-46
KDP,Keurig Dr Pepper,25.28,-7,-30,-7,-2,-46,-4,-24,26,-2,-4,-50
AVB,AvalonBay Communities,187.57,-23,-1,-11,18,-17,-35,-1,-15,17,-34,-51
IT,Gartner,256.45,-9,-79,-29,0,-117,14,19,-27,59,65,-52
META,Meta Platforms,715.75,-67,-5,25,31,-16,-75,-3,16,25,-37,-53
DPZ,Domino's,422.91,-14,-44,-4,12,-50,-7,-14,-3,20,-4,-54
GPN,Global Payments,87.18,16,4,-35,-41,-56,20,-13,6,-12,1,-55
AKAM,Akamai Technologies,78.44,21,7,-34,-9,-15,15,-9,-34,-12,-40,-55
CARR,Carrier Global,59.8,7,-45,-7,0,-45,4,-41,-2,28,-11,-56
EOG,EOG Resources,110.48,-43,-12,-6,47,-14,-37,-15,11,-1,-42,-56
LKQ,LKQ Corporation,30.71,27,-16,-13,-4,-6,-2,-9,-21,-19,-51,-57
JBHT,J.B. Hunt,141.72,15,-27,-39,0,-51,16,-20,8,-12,-8,-59
DVA,DaVita,128.18,-9,-30,-11,22,-28,-9,-16,-28,21,-32,-60
EIX,Edison International,54.81,-7,2,-40,0,-45,-14,-7,8,-3,-16,-61
MKC,McCormick & Company,68.29,37,-63,-14,-4,-44,55,-62,-22,12,-17,-61
FIS,Fidelity National Information Services,67.15,25,-44,-10,-39,-68,43,-46,-5,13,5,-63
SBUX,Starbucks,82.08,-7,-24,-9,0,-40,-6,-32,6,9,-23,-63
DXCM,Dexcom,66.36,0,-30,-7,-16,-53,15,-13,-2,-11,-11,-64
BMY,Bristol Myers Squibb,45.12,-2,-3,-8,-7,-20,-14,-16,-22,7,-45,-65
MGM,MGM Resorts,33.92,-20,-5,0,0,-25,-28,-17,15,-11,-41,-66
TAP,Molson Coors Beverage Company,45.64,25,-19,-21,-2,-17,-3,-21,-22,-5,-51,-68
POOL,Pool Corporation,306.94,-7,-9,-30,-8,-54,-4,-5,4,-11,-16,-70
CCI,Crown Castle,94.0,-7,-29,-4,-30,-70,-7,2,-3,7,-1,-71
ERIE,Erie Indemnity,316.1,-3,-25,-25,41,-12,11,-29,-43,-1,-62,-74
NKE,"Nike, Inc.",71.18,-1,0,0,-23,-24,-7,-20,15,-38,-50,-74
ZTS,Zoetis,145.24,33,-20,-43,-5,-35,-4,-21,-10,-7,-42,-77
IEX,IDEX Corporation,167.01,30,-48,-36,-4,-58,43,-19,-36,-8,-20,-78
EMN,Eastman Chemical Company,63.72,6,-11,-29,-3,-37,16,-13,-43,-4,-44,-81
PEP,PepsiCo,139.74,-2,-1,-50,0,-53,-7,-16,7,-15,-31,-84
ARE,Alexandria Real Estate Equities,79.97,-7,39,-45,-32,-45,-4,-1,3,-37,-39,-84
CLX,Clorox,118.66,-7,-1,-25,-7,-40,-5,-5,-35,-1,-46,-86
CHTR,Charter Communications,282.68,14,-51,-11,-38,-86,6,7,-11,-3,-1,-87
PPG,PPG Industries,103.51,-2,-11,-54,-10,-77,-1,-17,18,-10,-10,-87
WY,Weyerhaeuser,24.96,19,-17,-31,0,-29,12,-21,-43,-10,-62,-91
AVY,Avery Dennison,162.79,14,-30,-43,0,-59,-1,-21,-3,-7,-32,-91
CAG,Conagra Brands,18.71,28,-1,-40,-9,-22,-2,-20,-22,-25,-69,-91
ODFL,Old Dominion,142.78,15,-48,-34,0,-67,37,-22,-39,-3,-27,-94
TGT,Target Corporation,88.95,25,-27,-39,-13,-54,-1,-33,-1,-8,-43,-97
KMX,CarMax,46.82,0,-12,-27,-38,-77,23,-10,-31,-2,-20,-97
CPB,Campbell's Company (The),31.28,-7,0,-40,-8,-55,-7,18,-47,-7,-43,-98
CPAY,Corpay,288.62,-90,-46,-6,23,-119,9,-15,-3,27,18,-101
HPQ,HP Inc.,26.6,-61,0,-33,0,-94,-5,-7,7,-3,-8,-102
DOW,Dow Inc.,23.42,15,-11,-51,-3,-50,28,-5,-66,-10,-53,-103
SLB,Schlumberger,34.58,0,0,-78,0,-78,-5,-7,-1,-12,-25,-103
GIS,General Mills,50.17,0,0,-49,-6,-55,-2,18,-45,-21,-50,-105
ACN,Accenture,248.13,5,-63,-31,-2,-91,4,-17,-27,21,-19,-110
AMCR,Amcor,8.07,-3,-37,-8,-1,-49,-4,-46,-8,-4,-62,-111
UDR,"UDR, Inc.",36.02,-23,-47,-6,-2,-78,-21,-15,-13,15,-34,-112
ABNB,Airbnb,120.33,-3,-42,-11,0,-56,-33,-16,-1,-7,-57,-113
BALL,Ball Corporation,49.63,0,-36,-11,-13,-60,-4,-44,-1,-7,-56,-116
GDDY,GoDaddy,137.21,-70,-62,-11,24,-119,9,-9,-27,24,-3,-122
INVH,Invitation Homes,28.22,-26,-52,-16,0,-94,-19,-17,-11,16,-31,-125
STZ,Constellation Brands,138.74,33,-30,-53,-5,-55,41,-33,-69,-10,-71,-126
ADBE,Adobe Inc.,350.05,-35,-4,-44,-8,-91,3,17,-48,-7,-35,-126
DG,Dollar General,98.11,-45,-12,0,-19,-76,-26,-27,30,-28,-51,-127
CL,Colgate-Palmolive,77.44,-31,-63,-14,25,-83,-27,-24,-22,28,-45,-128
CPT,Camden Property Trust,102.93,-57,-9,-3,-1,-70,-62,-10,-11,13,-70,-140
IFF,International Flavors & Fragrances,61.51,0,-48,-31,-33,-112,30,-14,-43,-3,-30,-142
MAA,Mid-America Apartment Communities,135.98,-56,-48,-5,0,-109,-21,-11,-16,13,-35,-144
EPAM,EPAM Systems,152.52,0,-19,-34,-29,-82,15,-17,-25,-39,-66,-148
FI,Fiserv,125.05,-89,-61,-22,37,-135,-4,-21,-23,29,-19,-154
KHC,Kraft Heinz,25.27,-7,-21,-50,-2,-80,-7,-39,-22,-12,-80,-160
PAYC,Paycom,200.11,-35,-30,0,-26,-91,-35,-33,-2,1,-69,-160
CDW,CDW Corporation,157.31,-42,-44,-50,0,-136,-5,-9,-1,-10,-25,-161
MTCH,Match Group,33.98,-73,-1,12,-39,-101,-26,-9,13,-40,-62,-163
AMT,American Tower,185.45,-35,-44,-5,-2,-86,-46,-43,-3,13,-79,-165
DLTR,Dollar Tree,87.65,-84,-21,0,-17,-122,-28,-30,33,-24,-49,-171
ALGN,Align Technology,131.49,21,-47,-75,-27,-128,22,-21,-11,-40,-50,-178
LYB,LyondellBasell,48.67,-7,-46,-52,-7,-112,16,-11,-66,-9,-70,-182
BAX,Baxter International,23.14,28,-63,-31,-40,-106,-1,-16,-22,-43,-82,-188
LULU,Lululemon Athletica,174.11,0,-84,-19,-5,-108,-19,-22,-28,-14,-83,-191
TYL,Tyler Technologies,496.2,-133,-31,-2,19,-147,-32,-33,-1,20,-46,-193
HRL,Hormel Foods,24.3,-7,-57,-18,-25,-107,-13,-53,-5,-32,-103,-210
JKHY,Jack Henry & Associates,147.69,-93,-47,-11,-2,-153,5,-78,-11,13,-71,-224
CMCSA,Comcast,31.1,-32,-49,-43,-11,-135,-59,-13,-10,-10,-92,-227
BF-B,Brownâ€“Forman,27.55,23,-24,-111,-20,-132,-11,-18,-43,-30,-102,-234
UPS,United Parcel Service,86.61,23,-49,-114,-18,-158,22,-21,-42,-36,-77,-235
SBAC,SBA Communications,188.68,-55,-44,-7,-22,-128,-84,-44,-6,7,-127,-255
KVUE,Kenvue,15.67,-96,-30,-6,0,-132,-77,-40,-11,5,-123,-255
FDS,FactSet,274.78,-133,-55,-13,-2,-203,-27,-51,-11,-3,-92,-295
