Symbol,Name,Close,1H Cloud Score,1D Cloud Score,1W Cloud Score,1M Cloud Score,Cloud Score Sum,1H TKx Score,1D TKx Score,1W TKx Score,1M TKx Score,TKx Score Sum,Total Score Sum
TJX,TJX Companies,122.49,-6,-1,141,196,330,-3,-16,110,191,282,612
RSG,Republic Services,243.84,-7,0,117,175,285,13,-2,86,158,255,540
COST,Costco,986.57,0,0,110,178,288,13,-7,3,182,191,479
JPM,JPMorgan Chase,284.26,50,33,116,156,355,47,44,3,24,118,473
IBM,IBM,291.13,115,36,102,52,305,19,44,49,54,166,471
ORLY,Oâ€™Reilly Automotive,87.84,-8,-10,156,197,335,-6,-5,47,87,123,458
AJG,Arthur J. Gallagher & Co.,317.47,0,-1,158,184,341,-3,-7,21,105,116,457
PGR,Progressive Corporation,259.67,-6,-11,98,175,256,-1,-7,15,187,194,450
MSFT,Microsoft,492.44,147,38,9,171,365,12,46,3,23,84,449
HWM,Howmet Aerospace,176.07,28,44,141,27,240,19,44,85,52,200,440
WM,Waste Management,228.59,-32,28,88,185,269,-5,-1,20,157,171,440
ROL,"Rollins, Inc.",56.15,-6,53,24,284,355,19,-3,16,33,65,420
CTAS,Cintas,219.21,-7,51,12,164,220,11,-3,6,185,199,419
WELL,Welltower,153.48,21,28,109,56,214,33,24,126,22,205,419
SO,Southern Company,90.42,21,4,69,188,282,22,20,16,77,135,417
NFLX,Netflix,1275.33,29,49,109,18,205,61,46,80,18,205,410
WRB,W. R. Berkley Corporation,71.8,-7,86,87,174,340,-5,1,17,53,66,406
ICE,Intercontinental Exchange,180.55,12,37,105,159,313,11,38,15,19,83,396
AXON,Axon Enterprise,785.13,12,42,138,92,284,21,46,3,28,98,382
PWR,Quanta Services,374.17,51,38,10,97,196,61,46,3,70,180,376
GS,Goldman Sachs,669.67,97,31,85,56,269,42,42,3,19,106,375
NRG,NRG Energy,153.33,9,44,96,92,241,9,-5,106,19,129,370
BSX,Boston Scientific,104.29,17,8,137,142,304,15,-13,3,55,60,364
YUM,Yum! Brands,147.17,12,0,21,257,290,16,-19,15,55,67,357
NDAQ,"Nasdaq, Inc.",88.06,18,37,69,142,266,31,44,3,12,90,356
PM,Philip Morris International,179.61,-6,104,63,53,214,-7,46,78,25,142,356
PLTR,Palantir Technologies,142.89,14,44,109,0,167,9,46,112,18,185,352
CBOE,Cboe Global Markets,230.23,39,27,137,53,256,30,1,15,49,95,351
MMC,Marsh McLennan,216.28,0,-12,0,173,161,20,-7,-4,176,185,346
BRO,Brown & Brown,108.38,42,-40,109,161,272,58,-7,-3,24,72,344
WMT,Walmart,97.31,20,45,120,99,284,32,-5,3,27,57,341
COR,Cencora,292.31,0,108,37,69,214,4,8,48,65,125,339
MCK,McKesson Corporation,718.73,0,104,35,56,195,4,44,31,65,144,339
MSI,Motorola Solutions,419.03,13,2,0,151,166,15,-6,-20,183,172,338
HUBB,Hubbell Incorporated,399.11,18,29,0,180,227,9,47,-18,69,107,334
CDNS,Cadence Design Systems,297.43,-3,0,10,139,146,7,-3,3,178,185,331
MU,Micron Technology,127.47,119,30,2,20,171,114,36,3,-3,150,321
LYV,Live Nation Entertainment,146.26,41,32,87,145,305,-9,6,2,14,13,318
WMB,Williams Companies,60.7,28,30,105,50,213,24,22,3,55,104,317
TDG,TransDigm Group,1457.11,27,44,12,155,238,19,1,3,55,78,316
FAST,Fastenal,41.12,-39,53,116,104,234,5,45,7,24,81,315
BR,Broadridge Financial Solutions,238.1,-6,30,107,143,274,13,1,3,23,40,314
AAPL,Apple Inc.,201.6,7,0,-3,249,253,26,-20,-18,69,57,310
JBL,Jabil,214.66,49,34,12,63,158,48,44,4,55,151,309
DUK,Duke Energy,115.94,0,-1,69,181,249,22,8,15,14,59,308
ADI,Analog Devices,234.72,18,31,4,177,230,14,37,3,24,78,308
ORCL,Oracle Corporation,210.76,0,30,4,196,230,9,37,3,25,74,304
RCL,Royal Caribbean Group,284.35,18,31,114,26,189,41,44,3,25,113,302
KLAC,KLA Corporation,893.57,4,31,7,175,217,9,46,3,24,82,299
ADP,Automatic Data Processing,298.2,-7,0,78,178,249,-5,-4,3,55,49,298
TKO,TKO Group Holdings,174.85,49,41,64,38,192,47,8,3,48,106,298
NI,NiSource,39.74,21,28,67,43,159,23,20,82,12,137,296
INTU,Intuit,757.83,-8,44,10,189,235,-5,44,3,18,60,295
VRSK,Verisk Analytics,304.17,-7,40,61,112,206,13,-3,52,26,88,294
MS,Morgan Stanley,137.73,35,31,69,62,197,34,42,3,14,93,290
CME,CME Group,273.04,22,5,47,134,208,30,-8,43,17,82,290
NWS,News Corp (Class B),33.72,35,34,105,56,230,47,-11,3,19,58,288
EMR,Emerson Electric,129.46,112,31,9,62,214,9,37,3,24,73,287
CHD,Church & Dwight,95.29,-56,-1,-9,342,276,-5,-1,-7,23,10,286
LLY,Lilly (Eli),792.53,2,0,0,170,172,7,10,3,94,114,286
ETN,Eaton Corporation,342.36,17,31,1,112,161,9,44,1,70,124,285
STE,Steris,240.43,5,34,7,193,239,9,-3,15,23,44,283
PANW,Palo Alto Networks,204.3,49,31,10,79,169,12,42,3,55,112,281
MNST,Monster Beverage,62.2,-7,81,19,178,271,-3,-1,12,2,10,281
RJF,Raymond James Financial,151.7,49,30,85,56,220,54,2,-13,17,60,280
ROP,Roper Technologies,566.9,2,4,22,180,208,20,-13,37,24,68,276
VST,Vistra Corp.,186.35,55,30,12,28,125,63,43,1,43,150,275
AVGO,Broadcom,264.66,18,34,12,114,178,17,46,3,28,94,272
T,AT&T,27.94,0,28,63,14,105,21,44,87,13,165,270
TPR,"Tapestry, Inc.",85.42,49,31,73,19,172,41,37,1,17,96,268
TT,Trane Technologies,427.82,16,39,9,162,226,15,-5,3,27,40,266
COF,Capital One,208.05,18,37,87,19,161,39,44,3,16,102,263
NVDA,Nvidia,154.31,18,30,7,132,187,9,38,3,24,74,261
LIN,Linde plc,460.28,-1,29,6,108,142,12,-1,3,104,118,260
DASH,DoorDash,232.75,51,30,90,0,171,26,43,3,16,88,259
CAH,Cardinal Health,163.75,0,53,48,36,137,-18,44,41,55,122,259
DTE,DTE Energy,130.91,-7,-1,67,187,246,-6,-12,20,11,13,259
MPWR,Monolithic Power Systems,722.36,14,31,-19,155,181,9,41,3,24,77,258
SPGI,S&P Global,521.28,18,31,9,170,228,22,-12,1,19,30,258
KR,Kroger,72.22,28,4,72,65,169,28,1,43,13,85,254
BKNG,Booking Holdings,5488.0,12,43,129,33,217,12,-3,3,24,36,253
VRSN,Verisign,282.45,2,142,29,7,180,12,10,45,5,72,252
FDS,FactSet,440.01,21,0,-4,192,209,33,-13,2,21,43,252
MA,Mastercard,549.77,-56,0,119,153,216,9,-1,3,24,35,251
SYK,Stryker Corporation,392.24,13,31,10,157,211,22,-11,1,27,39,250
LRCX,Lam Research,96.05,14,31,2,150,197,15,38,3,-3,53,250
KMI,Kinder Morgan,28.34,28,29,85,42,184,24,2,-12,50,64,248
AON,Aon plc,354.51,6,-1,0,175,180,28,-7,-8,54,67,247
RTX,RTX Corporation,141.34,-13,30,70,52,139,-17,36,77,12,108,247
DRI,Darden Restaurants,217.39,-8,50,37,59,138,-5,44,41,28,108,246
APH,Amphenol,97.04,22,44,12,63,141,31,46,3,25,105,246
HON,Honeywell,221.79,-7,31,9,176,209,15,-2,3,20,36,245
AZO,AutoZone,3485.06,-10,-2,87,84,159,-6,-12,47,55,84,243
MCO,Moody's Corporation,481.46,13,31,9,154,207,14,-4,1,23,34,241
AME,Ametek,178.03,0,31,1,104,136,9,-6,3,99,105,241
PEG,Public Service Enterprise Group,82.76,36,10,0,150,196,33,17,-21,15,44,240
V,Visa Inc.,345.91,-56,0,130,131,205,9,-1,3,24,35,240
L,Loews Corporation,88.93,24,31,105,53,213,-1,3,3,22,27,240
CSCO,Cisco,68.19,44,31,41,12,128,48,37,3,23,111,239
MCD,McDonald's,285.55,-99,-12,45,240,174,9,-15,15,55,64,238
AXP,American Express,308.66,18,31,10,97,156,15,44,1,19,79,235
CAT,Caterpillar Inc.,371.73,18,30,0,62,110,30,37,1,55,123,233
UNP,Union Pacific Corporation,226.77,16,2,-7,196,207,18,1,-13,17,23,230
DE,Deere & Company,506.77,-20,33,42,107,162,-22,44,38,8,68,230
AMD,Advanced Micro Devices,143.41,49,30,-35,108,152,42,37,3,-5,77,229
WFC,Wells Fargo,79.11,28,31,85,27,171,35,1,3,17,56,227
BEN,Franklin Resources,23.2,92,34,1,0,127,72,44,3,-20,99,226
FTNT,Fortinet,103.7,17,30,47,111,205,12,-5,3,11,21,226
TTWO,Take-Two Interactive,241.62,49,51,38,11,149,12,8,38,18,76,225
SHW,Sherwin-Williams,343.61,0,0,0,188,188,22,-6,3,17,36,224
FFIV,"F5, Inc.",294.46,18,30,87,12,147,14,44,3,15,76,223
BK,BNY Mellon,90.01,-2,33,87,38,156,9,37,3,17,66,222
IRM,Iron Mountain,102.72,18,36,0,55,109,9,44,3,54,110,219
SRE,Sempra,75.06,6,7,-8,179,184,29,-8,1,12,34,218
ALL,Allstate,190.94,-36,-1,90,157,210,-6,-7,4,15,6,216
ABT,Abbott Laboratories,137.4,12,28,49,11,100,16,46,41,12,115,215
LMT,Lockheed Martin,458.55,-14,0,-22,163,127,-9,20,3,70,84,211
EBAY,eBay Inc.,74.52,-26,40,70,12,96,-19,44,75,14,114,210
TSCO,Tractor Supply,52.81,35,0,0,83,118,28,7,-26,83,92,210
MDLZ,Mondelez International,67.29,2,4,2,180,188,-2,18,12,-7,21,209
EVRG,Evergy,68.21,20,12,51,12,95,23,12,70,8,113,208
SCHW,Charles Schwab Corporation,89.84,16,44,70,9,139,9,44,3,12,68,207
ATO,Atmos Energy,152.78,0,-1,67,43,109,-1,-24,78,43,96,205
WAB,Wabtec,203.76,2,33,12,47,94,9,44,3,54,110,204
HCA,HCA Healthcare,374.22,37,45,7,95,184,-9,-7,9,27,20,204
FICO,Fair Isaac,1897.16,28,-1,0,164,191,22,-17,-21,29,13,204
PH,Parker Hannifin,673.96,14,32,10,63,119,9,44,3,28,84,203
AMP,Ameriprise Financial,524.05,18,30,2,62,112,19,2,1,69,91,203
RL,Ralph Lauren Corporation,274.89,18,33,87,32,170,12,-6,3,24,33,203
TMUS,T-Mobile US,230.92,3,-32,87,137,195,17,-42,-1,33,7,202
URI,United Rentals,736.31,18,31,0,62,111,33,2,1,55,91,202
CB,Chubb Limited,282.91,-7,-1,94,56,142,-3,-7,15,54,59,201
PTC,PTC Inc.,168.6,0,30,-19,180,191,9,-3,-20,24,10,201
ITW,Illinois Tool Works,245.82,2,2,-6,176,174,12,-8,-7,27,24,198
GD,General Dynamics,286.06,7,53,1,52,113,19,8,3,55,85,198
JCI,Johnson Controls,103.36,2,39,68,17,126,9,44,3,16,72,198
TEL,TE Connectivity,167.93,17,37,9,60,123,12,43,3,16,74,197
NWSA,News Corp (Class A),29.41,35,31,2,56,124,47,4,3,19,73,197
SNPS,Synopsys,487.57,1,18,-20,178,177,12,10,1,-3,20,197
SYF,Synchrony Financial,64.96,35,31,10,19,95,40,44,1,16,101,196
DLTR,Dollar Tree,99.45,98,48,0,-13,133,18,47,18,-20,63,196
NTRS,Northern Trust,123.87,49,31,9,9,98,47,37,3,11,98,196
WDC,Western Digital,62.54,49,31,5,16,101,47,42,3,1,93,194
CBRE,CBRE Group,135.27,21,15,85,20,141,28,11,1,12,52,193
AMAT,Applied Materials,183.08,14,31,-23,147,169,14,11,1,-3,23,192
C,Citigroup,82.64,35,31,12,16,94,41,41,3,12,97,191
J,Jacobs Solutions,128.1,4,29,0,104,137,9,44,-17,17,53,190
HD,Home Depot (The),361.9,12,0,-5,178,185,20,-16,-17,17,4,189
BAC,Bank of America,46.88,35,31,10,16,92,43,38,3,12,96,188
DGX,Quest Diagnostics,178.64,-4,45,61,16,118,-14,11,61,12,70,188
BALL,Ball Corporation,56.76,110,31,-28,-9,104,41,43,3,-3,84,188
HIG,Hartford (The),124.05,-7,0,87,55,135,-5,-11,14,54,52,187
PAYX,Paychex,137.93,-78,-1,77,165,163,9,-4,6,12,23,186
KO,Coca-Cola Company (The),69.63,-53,-1,21,180,147,13,-2,16,12,39,186
VICI,Vici Properties,32.28,0,12,51,13,76,26,12,16,55,109,185
STX,Seagate Technology,138.57,49,31,7,20,107,17,42,3,16,78,185
TRMB,Trimble Inc.,74.13,18,31,72,2,123,15,36,1,10,62,185
STT,State Street Corporation,104.36,35,33,10,14,92,41,38,2,12,93,185
BRK-B,Berkshire Hathaway,486.24,0,-16,117,60,161,9,-28,18,24,23,184
DELL,Dell Technologies,120.46,45,31,-18,30,88,47,44,3,-2,92,180
PCAR,Paccar,94.16,11,0,-15,157,153,9,-7,-7,32,27,180
TRV,Travelers Companies (The),260.73,-7,0,84,56,133,-19,-7,17,54,45,178
COIN,Coinbase,355.27,36,30,2,0,68,46,44,2,16,108,176
JNPR,Juniper Networks,36.54,28,26,0,52,106,47,3,1,18,69,175
GOOG,Alphabet Inc. (Class C),171.5,-29,20,0,174,165,5,-2,-12,19,10,175
MO,Altria,58.95,-5,28,63,43,129,-6,19,19,14,46,175
GOOGL,Alphabet Inc. (Class A),170.68,-29,20,0,174,165,5,-2,-12,19,10,175
PG,Procter & Gamble,159.03,-1,-8,-1,177,167,-4,-6,-7,24,7,174
ETR,Entergy,81.34,-2,0,66,20,84,-1,-3,82,12,90,174
HLT,Hilton Worldwide,253.8,17,31,9,62,119,38,-8,1,24,55,174
CINF,Cincinnati Financial,143.73,-7,37,78,60,168,-5,-6,3,13,5,173
CRWD,CrowdStrike,494.05,10,44,38,0,92,12,46,3,18,79,171
NSC,Norfolk Southern,255.32,35,30,4,2,71,41,44,3,12,100,171
AIZ,Assurant,194.59,-13,-1,0,150,136,-5,35,-13,17,34,170
RMD,ResMed,257.9,28,37,10,11,86,28,43,2,11,84,170
TXN,Texas Instruments,205.44,22,31,2,20,75,41,35,3,14,93,168
GE,GE Aerospace,249.91,17,42,12,25,96,21,-2,23,27,69,165
MET,MetLife,79.12,17,30,2,56,105,41,2,1,16,60,165
ODFL,Old Dominion,160.3,0,-5,-19,185,161,12,-15,-24,30,3,164
KKR,KKR & Co.,128.85,14,20,0,101,135,9,13,-13,19,28,163
PPL,PPL Corporation,33.51,-6,-8,69,21,76,-4,-3,81,12,86,162
PNR,Pentair,101.1,17,31,2,60,110,27,2,1,22,52,162
CMG,Chipotle Mexican Grill,55.15,28,15,-17,78,104,41,8,-19,27,57,161
RF,Regions Financial Corporation,22.91,29,30,0,20,79,31,37,1,12,81,160
HBAN,Huntington Bancshares,16.27,16,31,2,19,68,31,42,3,14,90,158
MTB,M&T Bank,191.22,28,31,0,20,79,28,37,1,12,78,157
EXE,Expand Energy,119.03,0,51,34,0,85,-6,36,34,8,72,157
FOXA,Fox Corporation (Class A),55.99,34,30,61,0,125,31,-5,-6,12,32,157
AIG,American International Group,83.92,-4,28,21,51,96,-5,31,16,19,61,157
BLK,BlackRock,1018.83,15,30,10,20,75,14,44,3,19,80,155
MMM,3M,147.73,17,31,67,12,127,21,-8,3,12,28,155
LOW,Lowe's,220.73,12,-8,-13,164,155,19,-16,-20,17,0,155
META,Meta Platforms,708.65,17,31,10,27,85,12,36,1,21,70,155
ADSK,Autodesk,302.42,27,34,47,12,120,12,2,3,17,34,154
GEV,GE Vernova,502.43,49,43,0,0,92,9,46,4,0,59,151
FOX,Fox Corporation (Class B),51.39,34,30,60,0,124,31,-6,-7,7,25,149
GRMN,Garmin,203.49,0,4,105,17,126,15,-1,-10,19,23,149
EQT,EQT Corporation,58.21,0,37,34,40,111,-8,2,34,8,36,147
ANET,Arista Networks,96.31,10,16,0,56,82,12,12,-14,54,64,146
LH,Labcorp,258.79,-1,37,48,13,97,-6,37,1,16,48,145
KEY,KeyCorp,16.8,28,31,0,2,61,35,37,1,11,84,145
BX,Blackstone Inc.,143.57,14,2,-6,140,150,9,-17,-17,19,-6,144
GLW,Corning Inc.,51.42,21,30,12,15,78,15,37,1,12,65,143
CNP,CenterPoint Energy,36.3,14,0,42,43,99,20,-25,36,13,44,143
CI,Cigna,316.0,6,-16,2,56,48,26,-2,13,55,92,140
CTVA,Corteva,73.24,0,44,46,0,90,-7,44,3,9,49,139
KIM,Kimco Realty,20.82,-1,30,0,53,82,-1,44,1,12,56,138
AEE,Ameren,95.12,0,-1,49,11,59,23,-6,54,8,79,138
CPRT,Copart,48.14,-6,-22,-6,174,140,6,-18,-16,26,-2,138
NOW,ServiceNow,1005.66,3,32,1,80,116,9,-8,1,20,22,138
DOV,Dover Corporation,180.06,13,20,0,104,137,9,-13,-12,17,1,138
ECL,Ecolab,266.49,3,29,9,20,61,17,39,3,17,76,137
APO,Apollo Global Management,137.75,14,13,-3,95,119,9,1,-16,24,18,137
HAS,Hasbro,71.68,22,31,7,1,61,21,42,3,9,75,136
VRTX,Vertex Pharmaceuticals,445.71,-1,-35,-2,102,64,11,10,16,35,72,136
ISRG,Intuitive Surgical,521.63,7,0,87,20,114,9,-12,1,24,22,136
MCHP,Microchip Technology,71.63,28,31,0,1,60,40,37,3,-5,75,135
AMGN,Amgen,280.43,-35,0,-1,163,127,-42,19,-7,34,4,131
EA,Electronic Arts,157.86,60,7,1,5,73,21,6,9,19,55,128
ALLE,Allegion,142.81,22,43,2,19,86,31,-13,3,20,41,127
CCL,Carnival,25.48,18,30,10,0,58,12,38,1,17,68,126
NTAP,NetApp,105.17,18,16,-18,55,71,12,44,-23,20,53,124
PNC,PNC Financial Services,182.54,28,21,0,12,61,31,36,-17,12,62,123
TXT,Textron,79.3,14,31,-28,51,68,14,41,3,-3,55,123
CFG,Citizens Financial Group,43.14,31,19,1,2,53,35,36,-13,12,70,123
MAR,Marriott International,266.07,17,31,2,56,106,12,-8,-12,25,17,123
XEL,Xcel Energy,67.34,16,-15,44,10,55,23,-15,52,7,67,122
IDXX,Idexx Laboratories,530.37,12,38,7,2,59,20,44,3,-6,61,120
DLR,Digital Realty,172.23,-2,37,0,20,55,-1,44,3,17,63,118
FITB,Fifth Third Bancorp,40.67,28,7,0,20,55,33,36,-20,14,63,118
AMT,American Tower,220.27,28,9,9,4,50,31,14,13,9,67,117
TDY,Teledyne Technologies,497.21,1,30,45,12,88,13,-3,3,13,26,114
WEC,WEC Energy Group,102.93,-7,-1,48,11,51,-5,-3,61,9,62,113
LHX,L3Harris,248.02,0,53,5,3,61,-12,46,5,12,51,112
LDOS,Leidos,154.02,22,43,0,21,86,19,-16,6,17,26,112
AFL,Aflac,102.48,35,-2,0,56,89,-2,-27,-1,53,23,112
HPE,Hewlett Packard Enterprise,18.52,14,27,-17,40,64,9,1,-14,52,48,112
PRU,Prudential Financial,105.54,17,21,-6,53,85,15,13,-20,17,25,110
PODD,Insulet Corporation,306.24,13,32,38,2,85,20,-7,7,4,24,109
FCX,Freeport-McMoRan,41.63,4,31,-30,56,61,12,37,3,-4,48,109
AEP,American Electric Power,101.43,-3,-1,66,21,83,-2,-2,16,12,24,107
REG,Regency Centers,70.06,-4,0,61,51,108,-5,-16,3,17,-1,107
CEG,Constellation Energy,315.11,34,31,9,0,74,19,-7,3,17,32,106
MLM,Martin Marietta Materials,534.7,-7,40,-3,58,88,-2,-11,3,25,15,103
PNW,Pinnacle West Capital,88.72,-1,-8,61,16,68,22,-27,15,24,34,102
UBER,Uber,90.9,14,43,11,0,68,14,-13,9,24,34,102
TRGP,Targa Resources,170.55,0,0,0,49,49,5,8,-13,52,52,101
ABBV,AbbVie,185.43,-41,0,10,56,25,7,10,-7,62,72,97
ANSS,Ansys,341.69,0,31,10,9,50,12,10,3,21,46,96
GL,Globe Life,121.4,18,0,38,12,68,31,-7,-2,6,28,96
NEM,Newmont,58.08,0,55,12,3,70,-11,17,12,8,26,96
MPC,Marathon Petroleum,165.74,-1,33,0,47,79,-17,37,3,-6,17,96
PHM,PulteGroup,103.51,17,4,-16,63,68,20,8,-27,27,28,96
DHI,D. R. Horton,127.31,20,4,-21,63,66,21,8,-28,28,29,95
XYL,Xylem Inc.,127.47,12,31,1,20,64,9,-1,3,20,31,95
ROK,Rockwell Automation,322.55,0,34,8,13,55,9,36,3,-9,39,94
FIS,Fidelity National Information Services,80.75,15,46,0,-35,26,12,44,2,9,67,93
ACGL,Arch Capital Group,89.24,-6,-1,-1,60,52,-7,-7,3,49,38,90
SMCI,Supermicro,46.6,7,7,0,56,70,6,30,-9,-7,20,90
WYNN,Wynn Resorts,91.91,49,33,1,1,84,21,-14,3,-6,4,88
VLO,Valero Energy,135.71,0,31,0,42,73,-17,33,2,-3,15,88
CARR,Carrier Global,72.43,15,38,1,0,54,19,-13,3,24,33,87
XOM,ExxonMobil,108.47,-12,10,0,42,40,-12,9,2,48,47,87
GEN,Gen Digital,29.08,-30,34,8,14,26,7,36,3,14,60,86
EXR,Extra Space Storage,145.43,-7,28,-6,0,15,13,44,3,11,71,86
LII,Lennox International,565.07,22,0,0,36,58,33,-15,-16,25,27,85
PFG,Principal Financial Group,77.08,17,2,-6,53,66,28,-13,-13,16,18,84
CMI,Cummins,318.8,0,3,0,63,66,9,-6,-14,28,17,83
EOG,EOG Resources,119.82,-4,10,-1,43,48,-12,11,-14,49,34,82
GWW,W. W. Grainger,1023.99,-56,0,0,92,36,-6,-6,3,55,46,82
STLD,Steel Dynamics,128.49,-30,0,-2,53,21,7,-6,3,55,59,80
UNH,UnitedHealth Group,302.12,-27,-47,-11,-2,-87,4,5,-24,182,167,80
NCLH,Norwegian Cruise Line Holdings,19.01,14,2,-13,0,3,40,32,-13,18,77,80
VTR,Ventas,63.53,10,-20,65,20,75,2,-27,16,13,4,79
VMC,Vulcan Materials Company,254.72,-7,0,-2,58,49,13,-13,3,25,28,77
GILD,Gilead Sciences,105.96,-42,25,44,33,60,-48,26,1,37,16,76
TFC,Truist Financial,41.44,28,5,0,2,35,31,13,-16,12,40,75
DG,Dollar General,112.79,2,72,0,-15,59,5,20,15,-24,16,75
IT,Gartner,402.79,0,-8,-14,56,34,8,-11,-12,55,40,74
FE,FirstEnergy,39.93,0,-1,0,53,52,23,-16,3,12,22,74
EXPD,Expeditors International,112.32,-7,0,-13,129,109,-5,-1,-30,-1,-37,72
NOC,Northrop Grumman,487.21,-14,0,0,56,42,-9,18,10,10,29,71
PSX,Phillips 66,119.66,-10,30,-1,39,58,-18,32,2,-3,13,71
AMZN,Amazon,212.06,-28,21,10,19,22,7,36,-12,18,49,71
HII,Huntington Ingalls Industries,235.18,5,70,0,4,79,-12,1,9,-7,-9,70
EFX,Equifax,258.05,0,43,-2,14,55,12,-16,3,16,15,70
TYL,Tyler Technologies,581.72,12,3,0,15,30,14,30,-21,16,39,69
EQIX,Equinix,823.98,-2,0,-1,32,29,13,-1,3,24,39,68
USB,U.S. Bancorp,44.85,14,31,0,2,47,26,-1,-17,13,21,68
CTRA,Coterra,26.09,-3,9,4,42,52,-14,23,-5,11,15,67
EXPE,Expedia Group,165.8,0,4,42,9,55,12,-1,-11,12,12,67
ULTA,Ulta Beauty,458.95,-9,41,5,2,39,-14,44,5,-7,28,67
IR,Ingersoll Rand,83.32,14,30,-14,21,51,9,-1,-21,27,14,65
DIS,Walt Disney Company (The),119.47,13,31,8,-39,13,12,35,3,1,51,64
SBAC,SBA Communications,232.5,32,4,9,-18,27,21,3,10,3,37,64
QCOM,Qualcomm,155.94,0,16,-18,20,18,9,39,1,-3,46,64
NXPI,NXP Semiconductors,216.32,1,15,-18,61,59,9,39,-41,-3,4,63
SYY,Sysco,75.07,2,18,0,1,21,20,31,-21,12,42,63
DECK,Deckers Brands,101.06,-4,-10,-17,91,60,9,-22,-13,29,3,63
BLDR,Builders FirstSource,116.01,22,0,-21,63,64,21,3,-25,-1,-2,62
NVR,"NVR, Inc.",7196.64,0,0,-16,63,47,19,-6,-25,27,15,62
VZ,Verizon,42.15,0,-7,23,8,24,16,-7,16,12,37,61
APD,Air Products,282.05,8,2,0,14,24,9,32,-12,8,37,61
SPG,Simon Property Group,157.39,-1,0,0,33,32,9,-1,1,19,28,60
LNT,Alliant Energy,60.1,-7,-1,61,12,65,-5,-15,3,11,-6,59
ZBRA,Zebra Technologies,303.08,18,17,-14,-5,16,9,36,-14,11,42,58
CSGP,CoStar Group,81.28,2,13,0,12,27,13,8,16,-7,30,57
KEYS,Keysight Technologies,164.12,14,31,9,0,54,12,-13,1,3,3,57
PKG,Packaging Corporation of America,186.85,-7,0,-6,59,46,9,-3,-19,24,11,57
O,Realty Income,57.09,-1,27,3,5,34,-6,13,3,11,21,55
MSCI,MSCI Inc.,569.8,14,29,0,12,55,10,-13,-16,18,-1,54
CCI,Crown Castle,101.81,28,4,1,-26,7,28,3,13,3,47,54
CMS,CMS Energy,68.58,-7,-23,69,21,60,-5,-29,15,12,-7,53
WSM,"Williams-Sonoma, Inc.",158.84,1,-4,0,63,60,2,-19,-10,19,-8,52
CSX,CSX Corporation,32.5,1,30,-29,2,4,15,34,3,-4,48,52
ED,Consolidated Edison,98.06,-46,-15,21,45,5,-12,-3,15,43,43,48
VLTO,Veralto,100.2,14,31,0,0,45,9,-8,2,0,3,48
LVS,Las Vegas Sands,42.9,18,31,-15,-4,30,12,37,-19,-12,18,48
D,Dominion Energy,55.22,18,29,7,-32,22,21,-6,3,8,26,48
SOLV,Solventum,74.91,11,4,0,0,15,9,32,-9,0,32,47
CPAY,Corpay,326.78,0,0,0,19,19,9,-5,1,23,28,47
ESS,Essex Property Trust,282.02,-1,13,0,12,24,-5,11,3,12,21,45
CF,CF Industries,91.41,-18,30,8,2,22,-30,42,3,6,21,43
PYPL,PayPal,73.1,14,21,-3,-37,-5,21,37,-17,7,48,43
IVZ,Invesco,15.24,18,7,-13,0,12,28,3,-13,11,29,41
HES,Hess Corporation,138.15,-13,0,0,53,40,-12,16,-4,1,1,41
HST,Host Hotels & Resorts,15.51,-5,31,-25,2,3,-4,44,1,-4,37,40
GNRC,Generac,139.43,21,15,-13,-32,-9,28,33,-21,8,48,39
OTIS,Otis Worldwide,96.66,14,0,0,0,14,12,-4,-7,24,25,39
DPZ,Domino's,452.93,-1,-1,0,8,6,12,-17,20,16,31,37
MAS,Masco,63.21,0,-1,-13,63,49,12,-18,-25,19,-12,37
TER,Teradyne,90.23,30,2,-22,-4,6,18,32,-16,-3,31,37
UHS,Universal Health Services,175.71,6,-8,-4,20,14,9,-12,1,24,22,36
DXCM,Dexcom,84.71,12,35,0,-12,35,9,-4,3,-7,1,36
HSIC,Henry Schein,72.79,18,7,0,0,25,28,-7,-12,1,10,35
AWK,American Water Works,140.12,-7,-1,19,0,11,-6,8,15,6,23,34
CVX,Chevron Corporation,143.37,-13,0,-1,46,32,-12,14,-5,4,1,33
SNA,Snap-on,307.33,-56,-8,-2,57,-9,9,-11,-12,55,41,32
AOS,A. O. Smith,65.06,13,0,-35,56,34,14,-17,3,-3,-3,31
FI,Fiserv,170.36,21,-57,-7,33,-10,21,2,-8,25,40,30
MKC,McCormick & Company,73.68,0,-2,0,-2,-4,22,11,-7,8,34,30
WAT,Waters Corporation,350.06,11,1,1,12,25,17,-12,-13,12,4,29
CRM,Salesforce,267.86,14,0,-6,20,28,14,-18,-14,19,1,29
JNJ,Johnson & Johnson,152.31,0,0,1,0,1,12,19,-7,4,28,29
LEN,Lennar,109.75,2,0,-23,62,41,16,-1,-28,-1,-14,27
FSLR,First Solar,152.7,0,-4,-32,60,24,9,-6,3,-4,2,26
EXC,Exelon,42.3,-7,-20,48,12,33,-5,-30,19,8,-8,25
DAL,Delta Air Lines,48.34,0,3,-6,17,14,9,-8,-14,24,11,25
BKR,Baker Hughes,37.59,-20,0,0,33,13,-30,30,-12,24,12,25
PLD,Prologis,104.84,-4,21,-16,0,1,19,5,3,-3,24,25
PARA,Paramount Global,12.22,33,32,0,-37,28,-3,38,5,-43,-3,25
GDDY,GoDaddy,177.48,0,0,0,20,20,12,-15,-12,20,5,25
OKE,Oneok,80.19,-40,-3,-6,52,3,-12,1,-18,49,20,23
PSA,Public Storage,289.44,-7,0,-4,13,2,14,-7,3,11,21,23
UAL,United Airlines Holdings,76.75,0,4,0,9,13,9,-3,-13,14,7,20
BXP,"BXP, Inc.",66.63,-27,29,-1,-1,0,-38,44,3,11,20,20
PPG,PPG Industries,113.27,17,31,-39,-6,3,28,-8,3,-6,17,20
GM,General Motors,48.15,-7,13,0,9,15,9,5,-21,11,4,19
AVB,AvalonBay Communities,201.24,-8,-1,0,14,5,-12,11,2,13,14,19
EIX,Edison International,50.44,14,-14,-25,-1,-26,33,-15,-22,48,44,18
IP,International Paper,46.44,0,-1,0,14,13,9,-6,-13,14,4,17
A,Agilent Technologies,118.61,0,5,-16,0,-11,9,34,-13,-3,27,16
INVH,Invitation Homes,32.96,-7,0,-1,5,-3,-7,-1,14,12,18,15
CHTR,Charter Communications,399.01,16,4,11,-34,-3,26,-16,3,4,17,14
TSLA,"Tesla, Inc.",327.59,6,13,0,8,27,-7,3,-17,8,-13,14
EW,Edwards Lifesciences,76.96,13,5,0,-12,6,22,-6,23,-33,6,12
FTV,Fortive,70.08,-1,2,-14,31,18,9,-3,-10,-3,-7,11
MTD,Mettler Toledo,1195.86,2,16,-16,0,2,9,36,-34,-3,8,10
JKHY,Jack Henry & Associates,178.08,-7,28,9,2,32,-5,-7,-20,9,-23,9
MOS,Mosaic Company (The),35.46,0,51,9,-14,46,-20,1,8,-28,-39,7
CVS,CVS Health,66.42,0,4,3,-15,-8,12,10,18,-26,14,6
NDSN,Nordson Corporation,212.62,-39,30,-29,0,-38,9,36,3,-5,43,5
ACN,Accenture,294.73,0,-4,-16,12,-8,12,-6,-12,17,11,3
UDR,"UDR, Inc.",40.13,-8,-2,0,0,-10,-12,10,3,11,12,2
VTRS,Viatris,8.89,0,5,-18,-5,-18,16,9,-22,17,20,2
TROW,T. Rowe Price,94.99,16,16,-16,-23,-7,26,-12,-18,11,7,0
SBUX,Starbucks,91.13,-13,0,3,1,-9,-19,30,-8,5,8,-1
GEHC,GE HealthCare,72.76,2,0,-13,0,-11,9,5,-11,6,9,-2
WTW,Willis Towers Watson,298.89,9,-43,0,22,-12,-3,-7,-8,27,9,-3
NUE,Nucor,128.24,44,8,-48,1,5,14,9,-25,-6,-8,-3
K,Kellanova,77.92,-119,-11,62,19,-49,-32,-8,74,11,45,-4
LUV,Southwest Airlines,31.34,-6,30,9,-37,-4,-4,-1,1,2,-2,-6
SWKS,Skyworks Solutions,74.27,14,29,-36,-28,-21,18,39,-39,-3,15,-6
ON,ON Semiconductor,53.75,5,16,-30,0,-9,14,37,-36,-13,2,-7
ADM,Archer Daniels Midland,52.35,0,32,-1,-9,22,-22,8,3,-18,-29,-7
MDT,Medtronic,86.0,-34,0,4,-4,-34,9,12,-7,11,25,-9
RVTY,Revvity,97.74,17,0,-13,-22,-18,17,7,-18,1,7,-11
F,Ford Motor Company,10.48,-1,45,-43,-15,-14,-4,7,3,-3,3,-11
HOLX,Hologic,64.27,-1,19,-28,0,-10,5,26,-28,-5,-2,-12
CTSH,Cognizant,76.99,-40,3,9,12,-16,5,-7,-11,16,3,-13
INCY,Incyte,67.55,-30,17,0,-29,-42,9,39,-24,5,29,-13
AKAM,Akamai Technologies,79.57,16,3,-19,-5,-5,12,6,-19,-8,-9,-14
WST,West Pharmaceutical Services,221.04,0,14,-20,-5,-11,9,14,-20,-6,-3,-14
FDX,FedEx,221.99,-4,3,-19,30,10,-5,4,-21,-2,-24,-14
KDP,Keurig Dr Pepper,32.98,-3,-17,0,0,-20,-17,1,11,10,5,-15
DD,DuPont,67.99,0,2,-14,17,5,9,-1,-28,-1,-21,-16
DVA,DaVita,140.47,14,-50,0,18,-18,14,-16,-13,17,2,-16
WBD,Warner Bros. Discovery,10.87,18,11,5,-40,-6,12,31,-13,-43,-13,-19
KMX,CarMax,67.52,16,0,-12,-34,-30,9,8,-16,9,10,-20
NEE,NextEra Energy,70.35,-26,18,0,0,-8,-40,13,3,11,-13,-21
DHR,Danaher Corporation,201.03,2,13,-22,0,-7,9,12,-33,-2,-14,-21
APTV,Aptiv,67.41,-7,31,0,-22,2,9,-1,3,-34,-23,-21
AVY,Avery Dennison,176.51,0,30,-28,2,4,19,-6,-36,-3,-26,-22
SW,Smurfit Westrock,42.51,-7,-1,0,0,-8,9,-9,-16,0,-16,-24
ROST,Ross Stores,127.26,-73,-8,-6,33,-54,12,-16,4,27,27,-27
EQR,Equity Residential,65.62,-20,0,0,11,-9,-12,-22,3,11,-20,-29
EG,Everest Group,336.61,6,-12,-29,53,18,-2,-12,-30,-3,-47,-29
CL,Colgate-Palmolive,87.81,-48,-8,-4,21,-39,-5,-3,-7,24,9,-30
CHRW,C.H. Robinson,92.77,-7,-1,0,0,-8,-3,-6,-20,6,-23,-31
JBHT,J.B. Hunt,142.77,2,0,-24,0,-22,17,3,-21,-8,-9,-31
BA,Boeing,199.03,-63,44,1,0,-18,-4,-3,3,-9,-13,-31
PCG,PG&E Corporation,13.79,-2,-15,-23,0,-40,8,-17,-22,38,7,-33
DAY,Dayforce,55.01,-8,0,-13,-10,-31,12,-1,-17,3,-3,-34
AMCR,Amcor,9.06,-7,-1,-13,0,-21,9,-4,-28,9,-14,-35
GPC,Genuine Parts Company,119.16,-7,0,-6,0,-13,-4,-6,3,-15,-22,-35
ABNB,Airbnb,129.67,-42,16,-3,0,-29,9,-3,-11,-3,-8,-37
FRT,Federal Realty Investment Trust,93.76,-7,0,-16,0,-23,-4,-1,-22,12,-15,-38
EMN,Eastman Chemical Company,75.85,0,-8,-14,0,-22,9,-10,-28,13,-16,-38
WBA,Walgreens Boots Alliance,11.31,-6,31,0,-75,-50,-3,46,1,-33,11,-39
ES,Eversource Energy,62.47,-48,34,8,-8,-14,-2,-1,3,-26,-26,-40
POOL,Pool Corporation,298.17,13,-10,-16,-4,-17,22,-16,-22,-7,-23,-40
HPQ,HP Inc.,24.52,0,-8,-18,0,-26,9,-16,-22,14,-15,-41
WY,Weyerhaeuser,26.1,-4,0,-16,0,-20,-1,13,-28,-6,-22,-42
MTCH,Match Group,30.85,0,15,-19,-35,-39,36,23,-26,-36,-3,-42
BG,Bunge Global,82.23,0,9,-37,0,-28,-22,5,3,-3,-17,-45
CDW,CDW Corporation,177.83,14,31,-35,2,12,15,-10,-56,-6,-57,-45
CMCSA,Comcast,34.85,0,3,-28,-7,-32,9,8,-25,-6,-14,-46
TGT,Target Corporation,96.75,0,0,-24,-9,-33,12,11,-32,-4,-13,-46
WDAY,"Workday, Inc.",233.45,-52,-3,-3,12,-46,-5,-17,1,20,-1,-47
TSN,Tyson Foods,54.68,-1,-36,-4,-26,-67,20,-5,-4,9,20,-47
TECH,Bio-Techne,51.9,2,0,-20,-22,-40,9,7,-20,-4,-8,-48
PFE,Pfizer,24.28,0,12,-26,-21,-35,9,37,-34,-26,-14,-49
IQV,IQVIA,158.76,2,0,-33,-4,-35,12,12,-35,-4,-15,-50
MOH,Molina Healthcare,294.06,2,-23,-6,0,-27,2,-17,-2,-6,-23,-50
HRL,Hormel Foods,29.84,-7,0,-3,-21,-31,-7,10,3,-28,-22,-53
MAA,Mid-America Apartment Communities,145.96,-8,-17,0,0,-25,-12,-24,-1,9,-28,-53
CZR,Caesars Entertainment,28.6,30,4,-19,-23,-8,35,-18,-28,-35,-46,-54
MKTX,MarketAxess,223.16,0,15,-21,-27,-33,9,7,3,-42,-23,-56
IPG,Interpublic Group of Companies (The),24.13,22,-1,-36,0,-15,28,-22,-33,-15,-42,-57
TPL,Texas Pacific Land Corporation,1036.75,-49,-18,-2,56,-13,-40,-18,3,11,-44,-57
FANG,Diamondback Energy,138.04,-21,0,-22,45,2,-33,16,-41,-3,-61,-59
SJM,J.M. Smucker Company (The),95.79,0,-11,-5,-2,-18,-7,-11,-3,-21,-42,-60
INTC,Intel,22.2,14,2,-62,-18,-64,14,7,-10,-10,1,-63
HSY,Hershey Company (The),167.58,-6,0,-38,-2,-46,-7,12,-7,-17,-19,-65
ADBE,Adobe Inc.,387.51,0,-1,-29,-4,-34,12,-8,-33,-3,-32,-66
CRL,Charles River Laboratories,150.24,2,16,-47,-24,-53,15,34,-56,-6,-13,-66
BBY,Best Buy,68.02,-42,0,-17,-4,-63,9,-1,-28,14,-6,-69
EL,EstÃ©e Lauder Companies (The),77.58,49,21,-113,-24,-67,-5,34,1,-33,-3,-70
MGM,MGM Resorts,33.88,16,11,-49,0,-22,8,5,-56,-7,-50,-72
SWK,Stanley Black & Decker,66.24,0,0,-22,-37,-59,9,-8,-28,12,-15,-74
MHK,Mohawk Industries,102.63,2,-25,-19,-9,-51,12,-22,-27,12,-25,-76
COO,Cooper Companies (The),69.56,0,-18,-20,-3,-41,12,-22,-25,-1,-36,-77
EPAM,EPAM Systems,173.16,3,2,-19,-25,-39,14,-8,-10,-35,-39,-78
KVUE,Kenvue,21.17,-41,-15,0,0,-56,-20,-16,12,1,-23,-79
MRK,Merck & Co.,79.73,0,0,-40,-2,-42,-5,11,-44,-4,-42,-84
GPN,Global Payments,77.77,14,-9,-20,-37,-52,9,-17,-17,-8,-33,-85
ZTS,Zoetis,157.24,-56,0,-28,-1,-85,3,-5,2,-3,-3,-88
ERIE,Erie Indemnity,341.35,-65,-43,-10,37,-81,-5,-4,-28,29,-8,-89
BAX,Baxter International,30.62,0,0,-16,-36,-52,9,-1,-7,-39,-38,-90
DVN,Devon Energy,32.15,-18,13,-43,-3,-51,-32,10,2,-20,-40,-91
ARE,Alexandria Real Estate Equities,73.68,16,-1,-30,-28,-43,20,5,-41,-33,-49,-92
CPT,Camden Property Trust,113.06,-46,-1,0,0,-47,-56,-1,3,9,-45,-92
REGN,Regeneron Pharmaceuticals,520.46,0,-18,-34,-2,-54,14,-15,-35,-2,-38,-92
KMB,Kimberly-Clark,128.15,-112,-8,0,16,-104,-4,-8,-4,24,8,-96
BMY,Bristol Myers Squibb,46.7,-48,-56,-2,-3,-109,-4,17,-7,3,9,-100
LKQ,LKQ Corporation,36.94,-63,-8,-3,0,-74,9,-14,-7,-15,-27,-101
DOC,Healthpeak Properties,17.31,0,-57,-10,-29,-96,-1,11,-25,7,-8,-104
IEX,IDEX Corporation,174.55,-53,0,-21,0,-74,9,-15,-21,-4,-31,-105
BDX,Becton Dickinson,170.93,0,-84,-21,-3,-108,12,12,-12,-13,-1,-109
IFF,International Flavors & Fragrances,74.26,-53,0,-16,-29,-98,9,-2,-28,9,-12,-110
ALGN,Align Technology,187.19,13,16,-60,-23,-54,28,5,-55,-36,-58,-112
LYB,LyondellBasell,57.49,-25,0,-37,-3,-65,2,7,-51,-5,-47,-112
OXY,Occidental Petroleum,42.43,-17,11,-48,0,-54,-12,13,-52,-14,-65,-119
MRNA,Moderna,26.87,0,0,-48,-2,-50,15,-2,-48,-37,-72,-122
PEP,PepsiCo,128.03,-7,-56,-35,-1,-99,9,11,-32,-11,-23,-122
LW,Lamb Weston,53.06,-42,0,-65,-6,-113,-5,23,-19,-12,-13,-126
OMC,Omnicom Group,70.69,0,-135,-20,0,-155,28,-22,-25,48,29,-126
KHC,Kraft Heinz,25.74,-7,-44,-35,-2,-88,9,-34,-7,-8,-40,-128
SLB,Schlumberger,33.21,-18,-3,-63,-3,-87,-27,7,-14,-8,-42,-129
LULU,Lululemon Athletica,231.51,-91,-13,-4,-1,-109,9,-7,-13,-10,-21,-130
STZ,Constellation Brands,161.52,-1,-14,-38,-1,-54,-1,-18,-54,-6,-79,-133
COP,ConocoPhillips,89.06,-15,0,-38,0,-53,-37,9,-54,-6,-88,-141
AES,AES Corporation,10.51,-41,-6,-35,-9,-91,6,1,-46,-22,-61,-152
UPS,United Parcel Service,99.39,-7,0,-99,-14,-120,-5,31,-27,-32,-33,-153
BIIB,Biogen,127.36,-1,0,-77,-25,-103,6,-1,-40,-16,-51,-154
HUM,Humana,238.57,0,-38,-82,-10,-130,1,-2,-13,-18,-32,-162
HAL,Halliburton,20.28,-20,-1,-56,-3,-80,-31,11,-55,-7,-82,-162
ELV,Elevance Health,373.94,-49,-30,-37,0,-116,2,-45,-3,-1,-47,-163
ALB,Albemarle Corporation,60.39,0,0,-121,-21,-142,9,7,-20,-23,-27,-169
CNC,Centene Corporation,53.54,-28,-24,-37,-9,-98,-21,-22,-6,-26,-75,-173
NKE,"Nike, Inc.",60.85,0,0,-70,-19,-89,16,-1,-71,-34,-90,-179
DOW,Dow Inc.,26.83,-34,-5,-36,0,-75,-51,-1,-51,-6,-109,-184
TMO,Thermo Fisher Scientific,410.67,2,-82,-15,-3,-98,19,-92,-14,-1,-88,-186
GIS,General Mills,50.68,-53,-55,-34,-2,-144,-7,-1,-30,-17,-55,-199
BF-B,Brownâ€“Forman,26.11,0,-18,-96,-16,-130,-2,-17,-28,-26,-73,-203
ZBH,Zimmer Biomet,92.77,6,-54,-58,-15,-121,14,-24,-57,-16,-83,-204
APA,APA Corporation,17.8,-21,13,-78,-10,-96,-27,17,-82,-17,-109,-205
PAYC,Paycom,222.89,-78,-1,12,-22,-89,-84,-5,3,-35,-121,-210
CPB,Campbell's Company (The),31.18,-73,-56,-25,-4,-158,14,-66,-32,-3,-87,-245
ENPH,Enphase Energy,38.13,0,-115,-39,-18,-172,5,-56,-46,-22,-119,-291
TAP,Molson Coors Beverage Company,47.25,-154,-42,-6,0,-202,-66,-16,-7,-1,-90,-292
CAG,Conagra Brands,20.46,-101,-49,-25,-5,-180,-26,-63,-7,-21,-117,-297
CLX,Clorox,119.49,-101,-119,-10,-3,-233,-5,-77,-20,11,-91,-324
