Symbol,Name,Close,1H Cloud Score,1D Cloud Score,1W Cloud Score,1M Cloud Score,Cloud Score Sum,1H TKx Score,1D TKx Score,1W TKx Score,1M TKx Score,TKx Score Sum,Total Score Sum
TJX,TJX Companies,139.23,19,24,151,199,393,44,28,120,194,386,779
ORLY,Oâ€™Reilly Automotive,104.84,49,35,166,200,450,14,41,57,90,202,652
MSI,Motorola Solutions,479.07,42,36,4,154,236,45,46,4,186,281,517
AZO,AutoZone,4215.58,98,34,97,87,316,12,41,57,58,168,484
WELL,Welltower,167.81,0,78,119,59,256,-10,39,136,25,190,446
MCD,McDonald's,314.47,27,17,55,243,342,-2,37,1,58,94,436
FAST,Fastenal,47.99,-7,103,126,107,329,12,47,17,27,103,432
JPM,JPMorgan Chase,294.45,-5,83,126,159,363,14,8,13,27,62,425
WM,Waste Management,220.1,-7,-10,98,188,269,-19,-16,30,160,155,424
GOOGL,Alphabet Inc. (Class A),235.07,70,70,11,177,328,17,44,8,22,91,419
BSX,Boston Scientific,107.22,17,13,147,145,322,19,5,13,58,95,417
GOOG,Alphabet Inc. (Class C),235.17,70,70,10,177,327,17,44,7,22,90,417
CDNS,Cadence Design Systems,350.99,2,50,20,142,214,9,-6,13,181,197,411
MA,Mastercard,584.13,-7,26,129,156,304,15,33,13,27,88,392
RTX,RTX Corporation,157.54,-7,80,80,55,208,-7,86,87,15,181,389
ROL,"Rollins, Inc.",56.52,0,0,34,287,321,8,-3,26,36,67,388
WRB,W. R. Berkley Corporation,71.98,2,7,97,177,283,-2,20,27,56,101,384
GS,Goldman Sachs,738.52,2,81,95,59,237,10,92,13,22,137,374
COST,Costco,963.59,0,0,0,181,181,15,-3,-5,185,192,373
RSG,Republic Services,229.73,-7,-27,127,178,271,-4,-52,-4,161,101,372
RL,Ralph Lauren Corporation,312.02,46,83,97,35,261,56,12,13,27,108,369
HUBB,Hubbell Incorporated,436.15,0,79,4,183,266,9,10,9,72,100,366
MS,Morgan Stanley,148.12,0,81,79,65,225,19,92,13,17,141,366
PTC,PTC Inc.,213.73,2,80,9,183,274,8,44,10,27,89,363
AAPL,Apple Inc.,239.67,23,48,1,252,324,14,16,5,-1,34,358
BK,BNY Mellon,103.71,0,83,97,41,221,9,87,13,20,129,350
HWM,Howmet Aerospace,178.19,14,0,151,30,195,14,-18,95,58,149,344
APH,Amphenol,110.45,4,94,22,66,186,19,96,13,28,156,342
CHD,Church & Dwight,95.85,14,-29,-19,345,311,14,5,-17,26,28,339
NRG,NRG Energy,147.75,2,-4,106,95,199,14,-14,116,22,138,337
STX,Seagate Technology,188.2,70,81,17,23,191,19,92,13,19,143,334
PLTR,Palantir Technologies,153.09,-7,94,119,0,206,-9,-9,122,21,125,331
LYV,Live Nation Entertainment,163.35,-18,82,97,148,309,-28,20,12,17,21,330
V,Visa Inc.,343.15,-6,-1,140,134,267,13,10,13,27,63,330
ANET,Arista Networks,142.91,42,66,10,59,177,21,62,9,57,149,326
WMT,Walmart,100.51,16,5,130,102,253,36,-9,13,30,70,323
GLW,Corning Inc.,71.18,70,80,22,18,190,19,87,11,15,132,322
HD,Home Depot (The),419.14,14,33,4,181,232,19,46,5,20,90,322
L,Loews Corporation,96.61,2,81,115,56,254,14,16,13,25,68,322
ALL,Allstate,201.49,-6,26,100,160,280,11,-1,14,18,42,322
TRV,Travelers Companies (The),275.25,21,17,94,59,191,19,28,27,57,131,322
NEM,Newmont,76.19,82,105,22,6,215,5,67,22,11,105,320
ATO,Atmos Energy,166.53,0,21,77,46,144,3,37,88,46,174,318
ETR,Entergy,87.72,-41,39,79,138,215,-5,-4,92,15,98,313
WDC,Western Digital,92.06,70,81,15,19,185,19,92,13,4,128,313
SPG,Simon Property Group,182.24,124,50,4,36,214,15,49,11,22,97,311
LOW,Lowe's,270.08,20,33,3,167,223,19,45,4,20,88,311
URI,United Rentals,975.69,15,81,10,65,171,19,52,11,58,140,311
PHM,PulteGroup,140.56,70,54,4,66,194,19,58,9,30,116,310
TMUS,T-Mobile US,252.69,-2,20,97,140,255,-9,33,-11,36,49,304
EVRG,Evergy,71.6,0,62,61,15,138,12,62,80,11,165,303
STE,Steris,245.33,0,20,17,196,233,5,13,25,26,69,302
ITW,Illinois Tool Works,266.28,2,52,5,179,238,7,16,10,30,63,301
PODD,Insulet Corporation,348.2,144,18,48,5,215,49,13,17,7,86,301
AME,Ametek,187.46,12,26,7,107,152,8,26,13,102,149,301
AVGO,Broadcom,334.91,15,84,22,117,238,17,1,13,31,62,300
EBAY,eBay Inc.,92.66,0,90,80,15,185,12,-1,85,17,113,298
NFLX,Netflix,1244.17,15,0,119,21,155,19,12,90,21,142,297
RCL,Royal Caribbean Group,352.44,0,81,124,29,234,12,9,13,28,62,296
MPWR,Monolithic Power Systems,866.15,6,81,6,158,251,9,25,13,-3,44,295
YUM,Yum! Brands,144.63,-49,-3,31,260,239,3,-1,-5,58,55,294
PGR,Progressive Corporation,243.86,-7,-61,0,178,110,-3,-1,-6,190,180,290
DHI,D. R. Horton,181.81,70,54,4,66,194,33,58,7,-3,95,289
ABBV,AbbVie,212.54,32,33,20,59,144,33,40,6,65,144,288
SHW,Sherwin-Williams,372.54,7,24,4,191,226,12,16,13,20,61,287
CBRE,CBRE Group,164.4,6,65,95,23,189,9,61,11,15,96,285
PANW,Palo Alto Networks,194.39,105,1,2,82,190,19,2,13,58,92,282
NDAQ,"Nasdaq, Inc.",93.47,-28,87,79,145,283,-26,-5,13,15,-3,280
APP,AppLovin,490.36,64,26,108,0,198,19,34,9,19,81,279
J,Jacobs Solutions,145.44,-42,79,9,107,153,1,94,10,20,125,278
HIG,Hartford (The),131.63,-6,23,97,58,172,-3,27,24,57,105,277
T,AT&T,29.6,17,21,73,17,128,12,23,97,16,148,276
RJF,Raymond James Financial,165.52,0,80,95,59,234,8,3,10,20,41,275
BR,Broadridge Financial Solutions,251.04,-63,34,117,146,234,2,-3,13,26,38,272
GD,General Dynamics,322.86,0,103,11,55,169,-26,58,13,58,103,272
FITB,Fifth Third Bancorp,45.62,126,57,3,23,209,19,14,10,17,60,269
MNST,Monster Beverage,62.47,0,20,29,181,230,-4,16,22,5,39,269
GE,GE Aerospace,279.44,41,92,22,28,183,19,3,33,30,85,268
DUK,Duke Energy,120.59,-42,37,79,184,258,-35,-1,25,17,6,264
TPR,"Tapestry, Inc.",104.21,35,81,83,22,221,19,-8,11,20,42,263
COR,Cencora,292.46,-1,4,47,76,126,-4,13,58,69,136,262
NVR,"NVR, Inc.",8509.73,30,50,1,66,147,30,46,6,30,112,259
SNPS,Synopsys,597.97,-1,68,10,181,258,5,-10,11,-6,0,258
ADI,Analog Devices,246.97,-5,12,14,180,201,4,12,13,27,56,257
DTE,DTE Energy,136.6,-63,2,77,190,206,7,-3,30,14,48,254
AON,Aon plc,370.36,0,24,0,178,202,-2,15,-18,57,52,254
TTWO,Take-Two Interactive,239.75,43,4,48,14,109,65,11,48,21,145,254
C,Citigroup,95.42,2,81,22,19,124,11,91,13,15,130,254
COF,Capital One,221.61,0,87,97,22,206,7,7,13,19,46,252
SYY,Sysco,82.5,34,68,10,4,116,30,81,10,15,136,252
IBM,IBM,248.65,15,-26,112,55,156,14,-34,59,57,96,252
ORCL,Oracle Corporation,232.85,2,0,14,199,215,7,-12,13,28,36,251
DRI,Darden Restaurants,210.06,15,0,47,62,124,35,10,51,31,127,251
BXP,"BXP, Inc.",76.88,106,7,1,1,115,114,8,13,-1,134,249
SO,Southern Company,91.78,-59,0,79,191,211,-63,-6,26,80,37,248
GRMN,Garmin,237.37,0,54,115,20,189,12,15,9,22,58,247
BRK-B,Berkshire Hathaway,499.82,2,7,127,63,199,12,15,-8,27,46,245
TKO,TKO Group Holdings,194.04,25,19,74,41,159,9,12,13,51,85,244
EME,Emcor,624.46,2,81,20,59,162,19,-7,11,58,81,243
KLAC,KLA Corporation,905.76,7,0,17,178,202,8,-7,13,27,41,243
HCA,HCA Healthcare,420.92,28,20,6,98,152,19,20,19,30,88,240
CAT,Caterpillar Inc.,423.21,0,80,11,65,156,9,5,11,58,83,239
PG,Procter & Gamble,160.04,14,0,-9,180,185,29,13,-17,27,52,237
SYK,Stryker Corporation,392.31,2,0,20,160,182,9,4,11,30,54,236
STT,State Street Corporation,112.95,-7,83,20,17,113,7,88,12,15,122,235
PH,Parker Hannifin,758.7,2,82,20,66,170,7,13,13,31,64,234
AJG,Arthur J. Gallagher & Co.,299.06,-7,-51,0,187,129,-7,9,-5,108,105,234
CINF,Cincinnati Financial,153.4,0,24,88,63,175,14,15,13,16,58,233
FICO,Fair Isaac,1533.67,73,-43,-9,167,188,38,5,-31,32,44,232
PPL,PPL Corporation,35.96,-59,39,79,24,83,9,34,91,15,149,232
TEL,TE Connectivity,208.52,12,87,19,63,181,16,2,13,19,50,231
INTU,Intuit,673.03,2,-12,20,192,202,13,-18,13,21,29,231
PNR,Pentair,110.67,10,81,12,63,166,11,18,11,25,65,231
GILD,Gilead Sciences,115.05,0,75,54,36,165,17,-3,11,40,65,230
MSFT,Microsoft,495.02,-7,0,19,174,186,19,-14,13,26,44,230
FFIV,"F5, Inc.",316.17,2,80,97,15,194,9,-4,13,18,36,230
BX,Blackstone Inc.,170.0,2,52,7,143,204,7,-12,8,22,25,229
DGX,Quest Diagnostics,183.45,7,20,71,19,117,8,18,71,15,112,229
LLY,Lilly (Eli),726.97,0,-28,-6,173,139,-1,3,-10,97,89,228
HLT,Hilton Worldwide,272.29,-5,81,19,65,160,19,11,11,27,68,228
ALLE,Allegion,171.86,7,93,12,22,134,8,49,13,23,93,227
CME,CME Group,262.03,-13,-15,57,137,166,-5,-10,53,20,58,224
LIN,Linde plc,469.41,-34,24,16,111,117,-29,16,13,107,107,224
MMC,Marsh McLennan,203.75,-58,-62,-6,176,50,-6,13,-14,179,172,222
CMI,Cummins,399.91,3,53,8,66,130,7,44,9,31,91,221
CVS,CVS Health,73.78,145,16,13,0,174,49,20,3,-29,43,217
MO,Altria,66.54,-5,34,73,46,148,-5,27,29,17,68,216
KIM,Kimco Realty,22.77,92,18,2,56,168,12,10,11,15,48,216
ULTA,Ulta Beauty,514.94,5,91,15,5,116,-2,94,15,-10,97,213
CBOE,Cboe Global Markets,232.64,-56,0,147,56,147,-7,-7,25,52,63,210
MLM,Martin Marietta Materials,623.06,12,36,9,61,118,9,41,13,28,91,209
AXON,Axon Enterprise,727.87,-35,-4,148,95,204,-29,-11,13,31,4,208
AIZ,Assurant,211.17,-8,22,4,153,171,-6,18,5,20,37,208
HPE,Hewlett Packard Enterprise,23.53,6,77,4,43,130,-2,14,10,55,77,207
MCK,McKesson Corporation,687.19,-2,-10,45,59,92,-4,9,41,68,114,206
LRCX,Lam Research,102.96,3,3,12,153,171,10,17,13,-6,34,205
BKR,Baker Hughes,45.58,76,35,7,36,154,12,4,7,27,50,204
MAS,Masco,76.1,7,47,0,66,120,10,47,4,22,83,203
TSCO,Tractor Supply,60.52,-22,47,10,86,121,-26,15,7,86,82,203
UNP,Union Pacific Corporation,220.05,-7,-9,-9,199,174,3,-1,7,20,29,203
IBKR,Interactive Brokers,60.16,-7,0,92,58,143,-4,-8,13,58,59,202
VMC,Vulcan Materials Company,294.81,10,33,9,61,113,7,41,13,28,89,202
DASH,DoorDash,246.89,3,80,100,0,183,-2,-12,13,19,18,201
UAL,United Airlines Holdings,106.6,70,54,4,12,140,18,18,7,17,60,200
FOXA,Fox Corporation (Class A),61.51,36,17,71,2,126,35,13,11,15,74,200
KO,Coca-Cola Company (The),67.97,-13,-10,31,183,191,-4,-3,-1,15,7,198
MCO,Moody's Corporation,499.29,-63,81,19,157,194,-29,-4,11,26,4,198
CAH,Cardinal Health,149.54,0,-11,58,39,86,4,-1,51,58,112,198
TDY,Teledyne Technologies,549.02,15,80,55,15,165,16,-12,13,16,33,198
ETN,Eaton Corporation,349.15,2,-4,11,115,124,7,-17,11,73,74,198
SRE,Sempra,81.07,-14,36,3,182,207,-18,-1,11,-2,-10,197
WEC,WEC Energy Group,107.78,1,37,58,14,110,12,-9,71,12,86,196
AEE,Ameren,100.64,0,37,60,14,111,12,-3,65,11,85,196
NTAP,NetApp,118.79,70,24,1,58,153,19,16,10,-2,43,196
CTAS,Cintas,204.56,-108,-15,22,168,67,-65,-10,16,188,129,196
BKNG,Booking Holdings,5507.1,-33,-1,139,36,141,5,10,13,27,55,196
ICE,Intercontinental Exchange,174.33,-57,-5,115,162,215,-56,-11,25,22,-20,195
EXPD,Expeditors International,120.9,2,26,4,132,164,8,17,9,-4,30,194
CNP,CenterPoint Energy,37.79,0,35,52,46,133,4,-5,46,16,61,194
LDOS,Leidos,178.99,-21,93,5,24,101,5,50,16,20,91,192
FOX,Fox Corporation (Class B),55.97,34,17,70,2,123,35,13,10,10,68,191
VRSN,Verisign,280.04,49,-18,39,10,80,46,2,55,8,111,191
LHX,L3Harris,272.5,-21,103,15,6,103,-40,96,15,15,86,189
WMB,Williams Companies,57.2,-7,-23,115,53,138,-5,-15,13,58,51,189
META,Meta Platforms,752.29,11,81,20,30,142,14,-4,11,24,45,187
VICI,Vici Properties,33.6,0,12,61,16,89,10,4,26,58,98,187
LEN,Lennar,141.9,19,37,0,65,121,19,46,4,-4,65,186
KR,Kroger,67.75,-9,-7,82,68,134,-7,-10,53,16,52,186
SYF,Synchrony Financial,75.67,2,81,20,22,125,14,16,11,19,60,185
NI,NiSource,40.33,-26,0,77,46,97,-18,-2,92,15,87,184
CB,Chubb Limited,277.38,22,0,5,59,86,35,13,-7,57,98,184
WSM,"Williams-Sonoma, Inc.",202.3,14,47,11,66,138,18,1,5,22,46,184
TER,Teradyne,120.22,70,52,-32,3,93,7,82,6,-6,89,182
AXP,American Express,326.22,0,10,20,100,130,7,10,11,22,50,180
VLO,Valero Energy,156.77,106,10,3,45,164,-2,9,12,-6,13,177
XYL,Xylem Inc.,140.52,-33,81,11,23,82,7,50,13,23,93,175
ROST,Ross Stores,150.98,28,24,3,36,91,19,33,2,30,84,175
EXPE,Expedia Group,214.97,2,54,52,12,120,10,20,9,15,54,174
GM,General Motors,58.27,2,63,10,12,87,7,55,10,14,86,173
PWR,Quanta Services,372.44,-10,-1,20,100,109,-7,-17,13,73,62,171
NWS,News Corp (Class B),33.42,-42,0,115,59,132,7,-3,13,22,39,171
MDT,Medtronic,92.88,15,48,14,2,79,9,62,6,14,91,170
FCX,Freeport-McMoRan,46.34,70,4,1,59,134,19,9,13,-7,34,168
ADP,Automatic Data Processing,296.05,-58,-4,0,181,119,-5,-17,13,58,49,168
JBL,Jabil,210.15,7,0,22,66,95,14,-15,14,58,71,166
TT,Trane Technologies,413.9,-44,-7,19,165,133,8,-20,13,30,31,164
RF,Regions Financial Corporation,27.03,0,80,10,23,113,7,17,11,15,50,163
IVZ,Invesco,22.0,2,57,10,3,72,14,53,10,14,91,163
LMT,Lockheed Martin,463.91,12,7,-32,166,153,9,9,-7,-3,8,161
PM,Philip Morris International,161.6,-58,-10,73,56,61,-15,-1,88,28,100,161
HOOD,Robinhood Markets,101.25,-48,83,84,0,119,14,-4,13,19,42,161
LH,Labcorp,278.59,3,31,58,16,108,5,18,11,19,53,161
FRT,Federal Realty Investment Trust,102.65,118,13,0,2,133,12,13,4,-2,27,160
NOC,Northrop Grumman,580.59,-44,48,13,59,76,-19,68,20,13,82,158
DECK,Deckers Brands,120.41,73,7,-27,94,147,-2,4,-23,32,11,158
JNJ,Johnson & Johnson,178.38,1,47,11,8,67,30,45,8,7,90,157
HST,Host Hotels & Resorts,17.44,111,13,1,3,128,14,10,11,-7,28,156
CVX,Chevron Corporation,153.66,-7,43,10,49,95,-15,64,4,7,60,155
IDXX,Idexx Laboratories,642.96,6,88,17,5,116,7,28,13,-9,39,155
KMI,Kinder Morgan,26.6,-7,-22,95,45,111,-5,-15,11,53,44,155
RMD,ResMed,277.18,0,87,20,14,121,9,-1,12,14,34,155
AFL,Aflac,106.92,0,17,4,59,80,12,16,-11,56,73,153
GL,Globe Life,139.81,-6,33,48,15,90,15,32,7,9,63,153
VTR,Ventas,67.92,0,37,75,23,135,-5,-1,7,16,17,152
CCL,Carnival,31.58,0,80,20,2,102,9,10,11,20,50,152
DE,Deere & Company,473.07,-36,-11,52,110,115,1,-24,48,11,36,151
SPGI,S&P Global,538.0,-90,81,19,173,183,-62,-4,11,22,-33,150
CPRT,Copart,48.57,0,0,-16,177,161,-30,15,-26,29,-12,149
NTRS,Northern Trust,127.22,-7,81,19,12,105,-7,23,13,14,43,148
SNA,Snap-on,328.88,2,2,1,60,65,9,10,6,58,83,148
WTW,Willis Towers Watson,329.38,0,26,11,25,62,12,40,3,30,85,147
VRTX,Vertex Pharmaceuticals,396.09,26,-23,-5,105,103,38,-23,-9,38,44,147
ADM,Archer Daniels Midland,62.95,2,82,5,0,89,7,58,13,-21,57,146
INCY,Incyte,86.65,28,67,6,1,102,-5,31,9,8,43,145
MMM,3M,155.37,0,2,77,15,94,7,15,13,15,50,144
FE,FirstEnergy,43.48,-28,34,9,56,71,9,35,13,15,72,143
NSC,Norfolk Southern,277.59,0,80,14,5,99,16,-1,13,15,43,142
HAS,Hasbro,79.75,-7,81,17,4,95,5,17,13,12,47,142
FSLR,First Solar,205.13,7,46,0,63,116,19,1,13,-7,26,142
MPC,Marathon Petroleum,180.27,83,7,2,50,142,-12,7,13,-9,-1,141
REG,Regency Centers,73.67,17,13,8,54,92,14,2,13,20,49,141
ABT,Abbott Laboratories,132.95,16,10,59,14,99,12,22,-7,15,42,141
LVS,Las Vegas Sands,53.71,-13,81,9,3,80,-23,87,10,-15,59,139
GWW,W. W. Grainger,993.52,-7,-25,-6,95,57,19,9,-4,58,82,139
TDG,TransDigm Group,1271.07,-39,-17,22,158,124,-40,-18,13,58,13,137
PKG,Packaging Corporation of America,220.29,13,11,1,62,87,5,11,6,27,49,136
PNC,PNC Financial Services,204.41,0,71,5,15,91,7,12,10,15,44,135
KEY,KeyCorp,18.94,0,81,11,5,97,3,10,11,14,38,135
JCI,Johnson Controls,106.24,-7,0,78,20,91,9,3,13,19,44,135
CFG,Citizens Financial Group,51.72,0,69,11,5,85,8,16,10,15,49,134
PCAR,Paccar,99.05,-28,2,-25,160,109,5,-1,-17,35,22,131
WFC,Wells Fargo,78.97,-7,0,95,30,118,-28,5,13,20,10,128
NCLH,Norwegian Cruise Line Holdings,25.67,26,52,3,0,81,19,1,6,21,47,128
XEL,Xcel Energy,72.68,0,37,54,13,104,-55,6,62,10,23,127
F,Ford Motor Company,11.74,0,95,5,0,100,5,15,13,-6,27,127
SCHW,Charles Schwab Corporation,92.05,-7,-1,80,12,84,19,-8,13,15,39,123
MET,MetLife,79.52,-5,12,0,59,66,14,12,11,19,56,122
WAB,Wabtec,193.25,0,-17,3,50,36,9,5,13,57,84,120
BLDR,Builders FirstSource,149.21,11,47,-31,66,93,10,17,3,-4,26,119
AMAT,Applied Materials,162.8,2,-15,-4,150,133,7,-26,11,-6,-14,119
MHK,Mohawk Industries,139.29,14,43,1,0,58,10,47,5,-2,60,118
NVDA,Nvidia,167.04,-35,0,17,135,117,-33,-7,13,27,0,117
AMZN,Amazon,232.32,14,3,20,22,59,14,13,10,21,58,117
HPQ,HP Inc.,29.35,70,18,-28,2,62,38,16,2,-2,54,116
PFG,Principal Financial Group,79.97,2,10,0,56,68,14,5,10,19,48,116
NWSA,News Corp (Class A),29.44,0,0,12,59,71,10,-1,13,22,44,115
TFC,Truist Financial,46.55,2,55,4,5,66,8,16,10,15,49,115
DAL,Delta Air Lines,61.19,0,53,4,20,77,-12,18,5,27,38,115
EMR,Emerson Electric,132.56,2,0,19,65,86,6,-19,13,27,27,113
MAR,Marriott International,264.73,-6,-1,0,59,52,13,9,10,28,60,112
AWK,American Water Works,143.58,0,2,29,2,33,6,39,25,9,79,112
ADSK,Autodesk,326.24,42,5,2,15,64,8,5,13,20,46,110
AMP,Ameriprise Financial,489.46,-7,-5,0,65,53,-26,-1,11,72,56,109
HSY,Hershey Company (The),185.54,35,47,7,0,89,32,1,7,-20,20,109
HON,Honeywell,214.24,-28,-16,3,179,138,-41,-28,13,23,-33,105
TRMB,Trimble Inc.,80.77,0,0,82,5,87,6,-13,11,13,17,104
O,Realty Income,59.29,2,25,13,8,48,12,15,13,14,54,102
MTCH,Match Group,38.18,13,65,7,-38,47,12,73,8,-39,54,101
HII,Huntington Ingalls Industries,271.0,0,120,11,7,138,-30,-17,19,-10,-38,100
WYNN,Wynn Resorts,120.93,0,83,11,4,98,-14,11,13,-9,1,99
LNT,Alliant Energy,64.61,-41,41,71,15,86,-55,41,13,14,13,99
BA,Boeing,229.64,-7,94,11,0,98,-15,14,13,-12,0,98
DOV,Dover Corporation,177.81,-35,-6,-6,107,60,7,1,9,20,37,97
EQT,EQT Corporation,51.6,-7,-25,44,43,55,-12,-1,44,11,42,97
TROW,T. Rowe Price,108.16,2,66,1,-26,43,-5,50,9,-1,53,96
STLD,Steel Dynamics,134.67,7,1,3,56,67,7,9,13,-1,28,95
XOM,ExxonMobil,109.25,-7,0,0,45,38,-15,9,12,51,57,95
AOS,A. O. Smith,73.7,8,3,0,59,70,12,5,13,-6,24,94
VZ,Verizon,44.38,0,21,33,11,65,12,-1,3,15,29,94
CHRW,C.H. Robinson,126.16,0,49,6,5,60,-26,42,9,9,34,94
EOG,EOG Resources,117.93,-7,0,-1,46,38,-13,10,6,52,55,93
HBAN,Huntington Bancshares,17.64,0,10,12,22,44,8,10,13,17,48,92
DD,DuPont,77.82,3,52,-6,20,69,7,10,10,-4,23,92
TSLA,"Tesla, Inc.",350.8,7,20,1,11,39,9,26,7,11,53,92
BEN,Franklin Resources,24.96,-7,84,11,2,90,-5,16,13,-23,1,91
USB,U.S. Bancorp,48.82,14,14,3,5,36,11,15,10,16,52,88
GPC,Genuine Parts Company,139.45,2,34,4,0,40,11,41,13,-18,47,87
MTB,M&T Bank,199.66,1,10,4,23,38,13,10,11,15,49,87
ROP,Roper Technologies,518.52,-56,-25,-5,183,97,9,-42,-4,27,-10,87
TXT,Textron,81.48,8,0,0,54,62,12,5,13,-6,24,86
BAC,Bank of America,49.76,0,14,20,19,53,-7,11,13,15,32,85
NUE,Nucor,147.3,0,58,0,4,62,5,17,10,-9,23,85
CI,Cigna,305.37,14,0,0,59,73,5,15,-6,-2,12,85
PAYX,Paychex,135.41,-28,-27,0,168,113,-20,-20,-4,15,-29,84
NXPI,NXP Semiconductors,226.75,-20,18,0,64,62,3,13,10,-6,20,82
MU,Micron Technology,131.39,14,7,1,23,45,14,16,13,-6,37,82
D,Dominion Energy,58.18,-58,79,17,0,38,-28,47,13,11,43,81
AIG,American International Group,79.23,-34,-1,31,54,50,-1,12,-3,22,30,80
AEP,American Electric Power,108.1,-43,45,76,24,102,-61,-2,26,15,-22,80
ECL,Ecolab,273.59,-45,24,19,23,21,6,19,13,20,58,79
CMS,CMS Energy,71.55,-60,28,79,24,71,-3,-6,1,15,7,78
DPZ,Domino's,463.81,35,-23,1,11,24,2,2,30,19,53,77
PNW,Pinnacle West Capital,89.0,-63,-6,71,19,21,6,-4,25,27,54,75
FTNT,Fortinet,78.85,4,-25,-5,114,88,5,-27,-5,14,-13,75
A,Agilent Technologies,128.77,42,7,-26,0,23,40,13,4,-6,51,74
DIS,Walt Disney Company (The),117.94,14,0,18,0,32,19,5,13,4,41,73
VRSK,Verisk Analytics,270.08,1,-29,0,115,87,15,-53,-5,29,-14,73
SJM,J.M. Smucker Company (The),112.52,23,33,5,0,61,35,-1,1,-24,11,72
NOW,ServiceNow,914.06,3,-21,-6,83,59,5,-26,11,23,13,72
AMD,Advanced Micro Devices,151.12,-35,0,1,111,77,-6,-7,13,-8,-8,69
AMGN,Amgen,283.55,-63,-2,-1,166,100,-66,-3,1,37,-31,69
PRU,Prudential Financial,105.7,-7,13,-16,56,46,-22,16,7,20,21,67
HUM,Humana,307.63,40,23,1,-13,51,32,26,-23,-21,14,65
MTD,Mettler Toledo,1305.1,2,66,-26,0,42,5,16,7,-6,22,64
IRM,Iron Mountain,92.16,0,-22,-6,58,30,7,-43,13,57,34,64
BLK,BlackRock,1099.16,-43,80,20,23,80,-54,-1,13,22,-20,60
EA,Electronic Arts,168.65,-21,27,7,8,21,-21,19,19,22,39,60
SW,Smurfit Westrock,46.92,7,10,0,17,34,3,2,3,18,26,60
CSCO,Cisco,66.88,-8,0,51,15,58,-28,-10,13,26,1,59
VST,Vistra Corp.,188.02,-35,0,22,31,18,-4,-12,11,46,41,59
ACGL,Arch Capital Group,91.29,-3,3,-11,63,52,-5,17,-4,-1,7,59
LII,Lennox International,578.05,3,-9,0,39,33,12,-22,7,28,25,58
UHS,Universal Health Services,190.16,14,13,-14,23,36,14,17,-7,-2,22,58
KEYS,Keysight Technologies,167.87,13,3,1,1,18,18,3,11,6,38,56
WDAY,"Workday, Inc.",231.12,45,-2,-13,15,45,19,1,-7,-3,10,55
ED,Consolidated Edison,98.02,-63,-8,31,48,8,13,-11,-7,46,41,49
BG,Bunge Global,84.33,0,12,0,0,12,2,26,13,-6,35,47
PSX,Phillips 66,131.56,0,10,0,42,52,-21,10,12,-6,-5,47
VLTO,Veralto,105.72,-58,81,5,0,28,8,-1,12,0,19,47
APO,Apollo Global Management,131.58,-21,-13,-4,98,60,-25,-25,9,27,-14,46
DELL,Dell Technologies,124.83,0,0,0,33,33,10,-5,13,-5,13,46
KKR,KKR & Co.,135.58,-43,0,0,104,61,-30,-17,9,22,-16,45
EQR,Equity Residential,66.81,11,0,0,14,25,8,4,-6,14,20,45
CTVA,Corteva,72.29,-21,0,56,0,35,-28,12,13,12,9,44
NDSN,Nordson Corporation,224.99,2,11,0,2,15,8,15,13,-8,28,43
DOC,Healthpeak Properties,18.41,106,2,-20,-32,56,5,5,-35,10,-15,41
PLD,Prologis,113.65,9,10,2,0,21,4,9,13,-6,20,41
EXC,Exelon,43.44,-57,26,58,15,42,-5,-3,-4,11,-1,41
K,Kellanova,79.86,7,2,0,22,31,9,-6,-10,14,7,38
BRO,Brown & Brown,94.77,-28,-90,-2,164,44,-24,3,-13,27,-7,37
CSGP,CoStar Group,89.48,0,0,9,15,24,7,-11,26,-10,12,36
KMB,Kimberly-Clark,129.87,0,0,0,19,19,7,-3,-14,27,17,36
PSA,Public Storage,297.89,9,1,-14,2,-2,12,13,13,-1,37,35
TMO,Thermo Fisher Scientific,492.59,2,32,-25,0,9,5,46,-24,-4,23,32
MSCI,MSCI Inc.,555.23,-34,-1,0,15,-20,3,17,10,21,51,31
EXR,Extra Space Storage,147.3,21,-26,-6,0,-11,13,1,13,14,41,30
BBY,Best Buy,76.15,15,18,-27,-7,-1,16,15,1,-3,29,28
VTRS,Viatris,10.51,0,21,0,0,21,-12,16,5,-2,7,28
HOLX,Hologic,66.77,-3,69,-38,0,28,5,-3,6,-8,0,28
TYL,Tyler Technologies,559.67,2,-10,0,18,10,5,-12,4,19,16,26
EFX,Equifax,249.72,3,-25,-7,17,-12,7,-1,13,19,38,26
CTRA,Coterra,23.96,0,-1,-8,45,36,-12,3,-15,14,-10,26
QCOM,Qualcomm,159.83,2,8,-28,23,5,5,10,11,-6,20,25
GEN,Gen Digital,29.5,-57,0,18,17,-22,3,12,13,17,45,23
APTV,Aptiv,80.48,14,18,4,-25,11,19,14,13,-37,9,20
ROK,Rockwell Automation,339.72,-35,0,18,16,-1,7,13,13,-12,21,20
TRGP,Targa Resources,162.4,-7,-1,0,52,44,-21,-37,-23,55,-26,18
APD,Air Products,289.83,-28,0,0,17,-11,3,10,5,11,29,18
IP,International Paper,48.69,0,-4,0,17,13,-20,1,6,17,4,17
COIN,Coinbase,299.13,-8,-9,12,0,-5,13,-25,12,19,19,14
INTC,Intel,24.49,2,17,0,-21,-2,9,16,3,-13,15,13
DVA,DaVita,137.8,0,-9,-6,21,6,5,5,-23,20,7,13
PSKY,Paramount Skydance Corporation,14.99,0,17,4,-40,-19,5,10,15,2,32,13
EW,Edwards Lifesciences,80.92,-4,30,7,-15,18,-12,9,33,-36,-6,12
CEG,Constellation Energy,301.71,-35,-4,19,0,-20,10,-12,13,20,31,11
PEG,Public Service Enterprise Group,81.14,-112,-3,0,153,38,-42,-11,7,18,-28,10
CSX,CSX Corporation,32.53,0,-4,-2,5,-1,9,-4,13,-7,11,10
MCHP,Microchip Technology,65.92,0,0,0,0,0,5,-1,13,-8,9,9
GEHC,GE HealthCare,75.74,7,1,-23,0,-15,11,2,2,9,24,9
GPN,Global Payments,87.79,1,33,-30,-40,-36,5,49,1,-11,44,8
PEP,PepsiCo,146.4,-14,36,-45,0,-23,-19,61,2,-14,30,7
EL,EstÃ©e Lauder Companies (The),89.2,0,71,0,-27,44,-14,2,11,-36,-37,7
ESS,Essex Property Trust,268.1,2,-26,0,15,-9,5,1,-6,15,15,6
SWK,Stanley Black & Decker,78.42,7,47,-32,-40,-18,9,16,2,-3,24,6
CPAY,Corpay,316.74,-28,-25,-1,22,-32,5,5,1,26,37,5
AVB,AvalonBay Communities,195.41,2,-26,-6,17,-13,7,5,-10,16,18,5
UBER,Uber,91.0,-35,0,21,0,-14,-42,13,19,27,17,3
CTSH,Cognizant,71.82,0,-27,-6,15,-18,5,2,-6,19,20,2
BDX,Becton Dickinson,192.33,0,21,-31,-6,-16,9,47,-22,-16,18,2
CARR,Carrier Global,65.52,1,-24,-2,0,-25,7,-20,13,27,27,2
APA,APA Corporation,22.75,0,21,0,-13,8,-13,19,8,-20,-6,2
HSIC,Henry Schein,69.43,2,-9,-8,0,-15,5,5,2,4,16,1
CRWD,CrowdStrike,417.58,-28,-21,48,0,-1,3,-35,13,21,2,1
SMCI,Supermicro,40.42,-35,-5,-3,59,16,3,-17,8,-10,-16,0
CPT,Camden Property Trust,111.37,7,-26,0,0,-19,7,5,-6,12,18,-1
XYZ,"Block, Inc.",74.95,-20,59,-1,-37,1,-26,3,7,14,-2,-1
IPG,Interpublic Group of Companies (The),27.15,7,33,-46,0,-6,8,13,1,-18,4,-2
ZBRA,Zebra Technologies,313.8,0,0,-5,-8,-13,5,-17,7,14,9,-4
TXN,Texas Instruments,187.9,-28,-3,0,23,-8,-35,9,13,17,4,-4
EQIX,Equinix,773.71,-28,-6,-11,35,-10,3,-14,-11,27,5,-5
DLR,Digital Realty,163.25,-28,-15,0,23,-20,3,-21,13,20,15,-5
DXCM,Dexcom,80.54,17,-9,-2,-15,-9,19,-18,13,-10,4,-5
ES,Eversource Energy,63.53,-27,-1,18,-11,-21,2,-3,13,3,15,-6
DDOG,Datadog,136.07,1,0,2,0,3,4,-24,10,-1,-11,-8
IQV,IQVIA,187.75,-1,36,-43,0,-8,4,-2,5,-7,0,-8
WST,West Pharmaceutical Services,250.73,16,1,-30,-8,-21,16,2,4,-9,13,-8
EIX,Edison International,54.47,-13,25,-35,0,-23,-25,39,3,-2,15,-8
DAY,Dayforce,69.04,0,14,3,-13,4,-27,10,3,-1,-15,-11
MAA,Mid-America Apartment Communities,145.41,7,-27,0,0,-20,7,1,-11,12,9,-11
DVN,Devon Energy,34.78,-6,18,-1,-6,5,-19,14,12,-23,-16,-11
FANG,Diamondback Energy,138.68,-8,-2,-32,48,6,-21,2,7,-6,-18,-12
CLX,Clorox,127.08,21,1,-20,-6,-4,29,-21,-30,14,-8,-12
CL,Colgate-Palmolive,85.15,0,-42,-9,24,-27,7,-3,-17,27,14,-13
UNH,UnitedHealth Group,315.39,19,3,-21,-5,-4,11,15,-34,-2,-10,-14
OMC,Omnicom Group,79.46,8,18,-30,2,-2,9,13,-35,-2,-15,-17
FDX,FedEx,227.65,-28,-4,-29,33,-28,3,8,5,-5,11,-17
CRM,Salesforce,250.76,0,-26,-16,23,-19,2,1,-24,22,1,-18
GEV,GE Vernova,582.06,-28,0,0,0,-28,3,-7,14,0,10,-18
PFE,Pfizer,24.89,0,23,-2,-24,-3,-12,15,10,-29,-16,-19
IR,Ingersoll Rand,80.97,7,-16,-24,24,-9,7,-27,10,-1,-11,-20
OKE,Oneok,72.64,-16,-25,-16,55,-2,-20,-25,-28,52,-21,-23
SOLV,Solventum,72.73,1,-4,0,0,-3,5,-35,9,0,-21,-24
OTIS,Otis Worldwide,87.0,0,-32,-7,0,-39,5,-1,-17,27,14,-25
GNRC,Generac,181.31,-84,65,6,-35,-48,3,-1,10,11,23,-25
MDLZ,Mondelez International,61.77,0,-27,-1,0,-28,12,-23,22,-10,1,-27
AES,AES Corporation,12.93,-16,42,0,-12,14,-23,-2,9,-25,-41,-27
WAT,Waters Corporation,306.29,12,-39,-8,0,-35,5,10,-23,15,7,-28
FI,Fiserv,135.03,-28,-40,-17,36,-49,7,3,-18,28,20,-29
EG,Everest Group,340.05,-6,0,-39,56,11,-5,10,-40,-6,-41,-30
BMY,Bristol Myers Squibb,47.13,-14,0,-3,-6,-23,-12,15,-17,6,-8,-31
MGM,MGM Resorts,36.69,-14,0,0,0,-14,-28,9,10,-10,-19,-33
KDP,Keurig Dr Pepper,28.63,-63,-9,-2,0,-74,8,-3,21,13,39,-35
TPL,Texas Pacific Land Corporation,889.79,-6,-68,-12,59,-27,-18,4,-8,14,-8,-35
PAYC,Paycom,224.09,0,-9,22,-25,-12,12,-12,13,-38,-25,-37
UDR,"UDR, Inc.",39.08,0,-26,-1,0,-27,7,-23,-8,14,-10,-37
JBHT,J.B. Hunt,143.71,-4,-6,-34,0,-44,5,9,3,-11,6,-38
TSN,Tyson Foods,56.2,-42,11,-4,-29,-64,11,16,-14,12,25,-39
ISRG,Intuitive Surgical,466.95,-28,-27,-6,23,-38,5,-35,-1,27,-4,-42
CPB,Campbell's Company (The),34.05,21,3,-35,-7,-18,30,-6,-42,-6,-24,-42
SBUX,Starbucks,85.43,-21,-3,-4,0,-28,-13,-11,1,8,-15,-43
EXE,Expand Energy,95.48,-6,-34,44,0,4,-12,-45,-2,11,-48,-44
WY,Weyerhaeuser,26.14,2,1,-26,0,-23,7,16,-38,-9,-24,-47
SWKS,Skyworks Solutions,75.19,1,3,-46,-31,-73,8,13,10,-6,25,-48
PCG,PG&E Corporation,15.07,0,0,-33,2,-31,-12,28,-32,-2,-18,-49
CMCSA,Comcast,33.92,2,-28,-38,-10,-74,31,7,-5,-9,24,-50
ERIE,Erie Indemnity,335.17,-57,-4,-20,40,-41,1,-8,-38,32,-13,-54
LUV,Southwest Airlines,31.39,-14,-15,4,-40,-65,-12,5,11,5,9,-56
LW,Lamb Weston,58.02,7,17,-75,-9,-60,7,5,6,-15,3,-57
DHR,Danaher Corporation,200.15,-50,21,-32,0,-61,4,-2,6,-5,3,-58
INVH,Invitation Homes,30.25,-27,-31,-11,0,-69,1,1,-6,15,11,-58
POOL,Pool Corporation,333.66,7,1,-26,-7,-25,11,-4,-32,-10,-35,-60
AKAM,Akamai Technologies,78.52,2,0,-29,-8,-35,5,8,-29,-11,-27,-62
OXY,Occidental Petroleum,45.91,-6,11,-58,0,-53,-15,13,9,-17,-10,-63
WBD,Warner Bros. Discovery,12.11,4,0,15,-43,-24,15,-20,11,-46,-40,-64
COO,Cooper Companies (The),68.08,0,-6,-30,-6,-42,17,-1,-35,-4,-23,-65
ZBH,Zimmer Biomet,105.73,-5,21,0,-18,-2,7,16,-67,-19,-63,-65
ZTS,Zoetis,153.29,-28,0,-38,-4,-70,3,12,-5,-6,4,-66
PYPL,PayPal,68.25,-6,-16,-6,-40,-68,5,-20,6,10,1,-67
NKE,"Nike, Inc.",73.89,-33,49,-1,-22,-7,-44,10,10,-37,-61,-68
COP,ConocoPhillips,92.91,-10,0,-48,0,-58,-19,11,5,-9,-12,-70
CRL,Charles River Laboratories,163.94,7,0,-57,-27,-77,5,1,9,-9,6,-71
ELV,Elevance Health,313.59,-2,0,-47,-3,-52,-14,10,-13,-4,-21,-73
CF,CF Industries,84.45,-21,-21,0,5,-37,-12,-47,13,9,-37,-74
ABNB,Airbnb,123.78,-21,-21,-6,0,-48,-26,2,3,-6,-27,-75
TAP,Molson Coors Beverage Company,50.4,0,0,-16,0,-16,-55,14,-17,-4,-62,-78
TECH,Bio-Techne,54.4,0,0,-30,-25,-55,4,9,-30,-7,-24,-79
MRK,Merck & Co.,84.7,0,25,-50,0,-25,-11,15,-54,-7,-57,-82
KHC,Kraft Heinz,27.28,1,0,-45,0,-44,8,-18,-17,-11,-38,-82
MKC,McCormick & Company,70.94,7,-42,-9,-3,-47,11,-41,-17,11,-36,-83
CDW,CDW Corporation,169.73,5,-23,-45,0,-63,9,-26,5,-9,-21,-84
PPG,PPG Industries,109.99,-42,-7,-49,-9,-107,5,13,13,-9,22,-85
EMN,Eastman Chemical Company,69.06,0,-29,-24,-2,-55,5,5,-38,-3,-31,-86
AVY,Avery Dennison,168.0,-55,-9,-38,0,-102,1,10,10,-6,15,-87
DLTR,Dollar Tree,101.12,-36,0,0,-16,-52,-33,-9,28,-23,-37,-89
IEX,IDEX Corporation,164.93,1,-27,-31,-3,-60,8,1,-31,-7,-29,-89
LKQ,LKQ Corporation,32.39,2,-58,-9,-3,-68,7,6,-17,-18,-22,-90
NEE,NextEra Energy,70.89,-49,0,0,0,-49,-68,-1,13,14,-42,-91
ODFL,Old Dominion,150.71,-5,-27,-29,0,-61,5,-1,-34,-2,-32,-93
SLB,Schlumberger,35.83,0,2,-73,0,-71,4,9,-24,-11,-22,-93
DG,Dollar General,109.31,-77,1,0,-18,-94,9,-6,25,-27,1,-93
TTD,Trade Desk (The),52.06,-14,-20,-30,-2,-66,-23,-12,4,-1,-32,-98
BIIB,Biogen,140.67,22,17,-87,-28,-76,20,24,-50,-19,-25,-101
FIS,Fidelity National Information Services,68.73,-43,-23,-5,-38,-109,7,-25,12,12,6,-103
KVUE,Kenvue,18.66,-58,-9,-1,0,-68,-15,-19,-6,4,-36,-104
ARE,Alexandria Real Estate Equities,84.7,19,18,-40,-31,-34,10,7,-51,-36,-70,-104
JKHY,Jack Henry & Associates,162.28,-28,-26,-6,0,-60,7,-57,-6,12,-44,-104
AMCR,Amcor,8.3,-28,-16,-4,0,-48,-26,-25,-4,-3,-58,-106
ON,ON Semiconductor,49.1,-32,-6,-40,-2,-80,5,-24,9,-16,-26,-106
FDS,FactSet,371.14,-38,-34,-8,0,-80,10,-30,-6,-2,-28,-108
BALL,Ball Corporation,50.94,-63,-15,-6,-12,-96,3,-23,13,-6,-13,-109
CMG,Chipotle Mexican Grill,41.06,-55,-31,-9,81,-14,-55,-32,-7,-1,-95,-109
MOS,Mosaic Company (The),32.44,-21,-18,19,-17,-37,-26,-34,18,-31,-73,-110
ALB,Albemarle Corporation,81.5,-6,46,-131,-24,-115,5,19,7,-26,5,-110
GDDY,GoDaddy,145.26,-28,-41,-6,23,-52,5,-65,-22,23,-59,-111
KMX,CarMax,60.7,0,-38,-22,-37,-97,5,7,-26,-1,-15,-112
LULU,Lululemon Athletica,167.77,-7,-63,-14,-4,-88,10,-1,-23,-13,-27,-115
AMT,American Tower,198.32,-49,-23,0,-1,-73,-59,-22,23,12,-46,-119
FTV,Fortive,47.86,0,-27,-24,0,-51,7,-53,-20,-6,-72,-123
HAL,Halliburton,22.1,0,7,-66,-1,-60,5,5,-65,-10,-65,-125
ACN,Accenture,254.87,-21,-42,-26,-1,-90,4,-40,-22,20,-38,-128
EPAM,EPAM Systems,169.43,-10,-2,-29,-28,-69,-20,13,-20,-38,-65,-134
MOH,Molina Healthcare,174.65,-14,-73,-16,-3,-106,-14,7,-12,-9,-28,-134
REGN,Regeneron Pharmaceuticals,573.01,-41,18,-44,0,-67,-33,15,-45,-5,-68,-135
IT,Gartner,245.96,-14,-58,-24,0,-96,-17,-61,-22,58,-42,-138
DOW,Dow Inc.,24.5,0,-31,-46,-2,-79,5,6,-61,-9,-59,-138
CCI,Crown Castle,96.15,-56,-8,0,-29,-93,-56,-19,23,6,-46,-139
CAG,Conagra Brands,19.29,6,-99,-35,-8,-136,16,16,-17,-24,-9,-145
TGT,Target Corporation,93.19,-84,-6,-34,-12,-136,2,-12,1,-7,-16,-152
BAX,Baxter International,24.42,4,-42,-26,-39,-103,5,1,-17,-42,-53,-156
HRL,Hormel Foods,25.66,-42,-36,-13,-24,-115,6,-32,13,-31,-44,-159
ADBE,Adobe Inc.,348.93,-28,-42,-39,-7,-116,5,1,-43,-6,-43,-159
ALGN,Align Technology,139.12,0,-26,-70,-26,-122,3,1,-6,-39,-41,-163
LYB,LyondellBasell,55.07,-28,-25,-47,-6,-106,5,6,-61,-8,-58,-164
IFF,International Flavors & Fragrances,66.02,-28,-27,-26,-32,-113,3,-23,-38,-2,-60,-173
CNC,Centene Corporation,28.97,-2,-74,-47,-12,-135,-6,11,-16,-29,-40,-175
RVTY,Revvity,86.58,-48,-27,-23,-25,-123,4,-32,-28,4,-52,-175
SBAC,SBA Communications,197.69,-56,-23,-2,-21,-102,-56,-23,-1,6,-74,-176
MRNA,Moderna,25.13,0,-22,-58,-5,-85,7,-23,-58,-40,-114,-199
CHTR,Charter Communications,261.49,-44,-30,-7,-37,-118,-56,-35,-7,-2,-100,-218
GIS,General Mills,50.58,16,-105,-44,-5,-138,28,-51,-40,-20,-83,-221
BF-B,Brownâ€“Forman,28.91,-56,-3,-106,-19,-184,-33,39,-38,-29,-61,-245
UPS,United Parcel Service,85.04,-42,-28,-109,-17,-196,2,2,-37,-35,-68,-264
STZ,Constellation Brands,148.46,-106,-9,-48,-4,-167,-20,-12,-64,-9,-105,-272
