Symbol,Name,Close,1H Cloud Score,1D Cloud Score,1W Cloud Score,1M Cloud Score,Cloud Score Sum,1H TKx Score,1D TKx Score,1W TKx Score,1M TKx Score,TKx Score Sum,Total Score Sum
TJX,TJX Companies,142.36,0,58,158,200,416,-3,1,127,195,320,736
COR,Cencora,328.55,79,38,54,77,248,87,47,65,70,269,517
AAPL,Apple Inc.,259.58,31,82,8,253,374,-5,50,12,73,130,504
WRB,W. R. Berkley Corporation,75.25,0,41,104,178,323,12,54,34,57,157,480
BSX,Boston Scientific,102.39,49,-1,154,146,348,47,4,20,59,130,478
ORLY,Oâ€™Reilly Automotive,98.31,-36,-1,173,201,337,-7,-9,64,91,139,476
RL,Ralph Lauren Corporation,336.3,41,117,104,36,298,49,46,20,28,143,441
RTX,RTX Corporation,179.42,21,114,87,56,278,28,23,94,16,161,439
GD,General Dynamics,341.5,21,137,18,56,232,23,92,20,59,194,426
APH,Amphenol,135.34,14,128,29,67,238,6,130,20,29,185,423
ROL,"Rollins, Inc.",56.8,5,-7,41,288,327,23,-6,33,37,87,414
PLTR,Palantir Technologies,180.5,6,128,126,0,260,1,-1,129,22,151,411
L,Loews Corporation,99.94,0,115,122,57,294,17,50,20,26,113,407
GOOG,Alphabet Inc. (Class C),253.74,54,104,17,178,353,11,6,14,23,54,407
GOOGL,Alphabet Inc. (Class A),253.07,54,104,18,178,354,11,1,15,23,50,404
WELL,Welltower,176.09,37,9,126,60,232,7,-8,143,26,168,400
HWM,Howmet Aerospace,200.1,7,32,158,31,228,1,3,102,59,165,393
ETR,Entergy,95.67,-2,25,86,139,248,2,24,99,16,141,389
CDNS,Cadence Design Systems,337.36,5,-10,27,143,165,26,-13,20,182,215,380
MPWR,Monolithic Power Systems,1070.2,7,115,13,159,294,1,59,20,2,82,376
SO,Southern Company,96.14,-20,15,86,192,273,-33,16,33,81,97,370
MCD,McDonald's,307.05,57,0,2,244,303,-3,2,8,59,66,369
DTE,DTE Energy,141.52,-1,23,84,191,297,-5,20,37,15,67,364
NRG,NRG Energy,163.82,-21,30,113,96,218,-29,29,123,23,146,364
MA,Mastercard,573.85,21,0,136,157,314,26,-28,20,28,46,360
KLAC,KLA Corporation,1159.18,43,34,24,179,280,1,28,20,28,77,357
IBM,IBM,285.0,5,26,119,56,206,28,-1,66,58,151,357
MCK,McKesson Corporation,793.18,75,26,52,60,213,26,43,2,69,140,353
DUK,Duke Energy,127.23,0,15,86,185,286,-1,17,32,18,66,352
J,Jacobs Solutions,160.8,54,113,16,108,291,-5,24,17,21,57,348
V,Visa Inc.,345.98,17,4,147,135,303,22,-3,-3,28,44,347
LLY,Lilly (Eli),821.08,0,20,1,174,195,12,37,2,98,149,344
YUM,Yum! Brands,146.36,28,0,1,261,290,-3,-10,4,59,50,340
WMT,Walmart,106.86,0,39,137,103,279,2,7,20,31,60,339
MNST,Monster Beverage,69.88,2,54,36,182,274,2,28,29,6,65,339
COST,Costco,942.29,4,-26,0,182,160,-1,4,-12,186,177,337
ATO,Atmos Energy,175.75,-7,55,84,47,179,-7,17,95,47,152,331
TEL,TE Connectivity,234.09,44,121,26,64,255,-3,36,20,20,73,328
MSI,Motorola Solutions,444.85,-3,-7,11,155,156,-6,-21,11,187,171,327
HCA,HCA Healthcare,440.17,32,54,13,99,198,47,22,26,31,126,324
KO,Coca-Cola Company (The),69.95,60,3,4,184,251,54,9,-8,16,71,322
EME,Emcor,696.47,6,115,27,60,208,3,34,18,59,114,322
NI,NiSource,43.86,5,22,84,47,158,22,22,99,16,159,317
WDC,Western Digital,125.71,6,115,22,20,163,1,126,20,5,152,315
GRMN,Garmin,250.16,0,88,122,21,231,-5,49,16,23,83,314
PPL,PPL Corporation,37.37,-1,73,86,25,183,-2,19,98,16,131,314
CTAS,Cintas,192.37,21,-49,-3,169,138,-2,-11,-3,189,173,311
GLW,Corning Inc.,85.82,5,114,29,19,167,-13,121,18,16,142,309
SRE,Sempra,91.81,-1,70,10,183,262,-5,25,18,1,39,301
EVRG,Evergy,77.86,-1,96,68,16,179,-1,24,87,12,122,301
MS,Morgan Stanley,159.31,0,115,86,66,267,-14,7,20,18,31,298
AVGO,Broadcom,344.35,0,118,29,118,265,-21,1,20,32,32,297
BK,BNY Mellon,106.66,5,117,104,42,268,-7,-5,20,21,29,297
TPR,"Tapestry, Inc.",114.89,0,115,90,23,228,-5,32,18,21,66,294
CNP,CenterPoint Energy,39.59,0,69,59,47,175,22,27,53,17,119,294
WM,Waste Management,216.12,1,-44,0,189,146,-4,-7,-4,161,146,292
PANW,Palo Alto Networks,215.09,21,35,9,83,148,28,36,20,59,143,291
JPM,JPMorgan Chase,294.45,-23,-2,133,160,268,-18,-8,20,28,22,290
GE,GE Aerospace,306.4,7,126,29,29,191,-12,37,40,31,96,287
STE,Steris,241.89,31,0,24,197,252,-4,-21,32,27,34,286
CAT,Caterpillar Inc.,520.4,0,114,18,66,198,-28,39,18,59,88,286
INTU,Intuit,677.77,27,0,27,193,247,28,-10,-2,22,38,285
MSFT,Microsoft,520.67,14,0,26,175,215,26,-4,20,27,69,284
CME,CME Group,268.85,13,0,64,138,215,26,19,-2,21,64,279
JNJ,Johnson & Johnson,192.48,145,81,18,9,253,-13,16,15,8,26,279
AXP,American Express,354.95,35,44,27,101,207,28,1,18,23,70,277
ITW,Illinois Tool Works,257.41,24,-12,12,180,204,47,-22,17,31,73,277
TRV,Travelers Companies (The),269.14,3,0,101,60,164,24,-3,34,58,113,277
CAH,Cardinal Health,159.15,30,20,65,40,155,26,34,2,59,121,276
AME,Ametek,189.22,34,1,14,108,157,-6,1,20,103,118,275
PTC,PTC Inc.,204.67,36,0,16,184,236,-10,1,17,28,36,272
WEC,WEC Energy Group,115.92,-1,71,65,15,150,-1,28,78,13,118,268
NEM,Newmont,88.88,-21,139,29,7,154,-29,101,29,12,113,267
CBRE,CBRE Group,164.16,49,2,102,24,177,55,1,18,16,90,267
HUBB,Hubbell Incorporated,433.11,7,0,11,184,202,-5,-21,16,73,63,265
MMC,Marsh McLennan,188.03,-42,-6,-13,177,116,-9,-1,-21,180,149,265
ANET,Arista Networks,152.8,7,100,17,60,184,8,-1,16,58,81,265
EBAY,eBay Inc.,95.53,42,4,87,16,149,-2,7,92,18,115,264
TDG,TransDigm Group,1349.8,24,0,7,159,190,25,-8,-3,59,73,263
AXON,Axon Enterprise,716.89,10,-31,155,96,230,23,-22,-1,32,32,262
LRCX,Lam Research,147.56,7,37,19,154,217,1,29,20,-7,43,260
HII,Huntington Ingalls Industries,290.01,7,154,18,8,187,22,34,26,-11,71,258
VTR,Ventas,69.96,42,71,82,24,219,-11,18,14,17,38,257
AZO,AutoZone,3847.34,-38,-4,104,88,150,-4,-12,64,59,107,257
BR,Broadridge Financial Solutions,232.2,2,-29,124,147,244,21,-37,-2,27,9,253
LYV,Live Nation Entertainment,153.29,-1,-12,104,149,240,-5,-20,19,18,12,252
PNR,Pentair,110.69,3,115,19,64,201,12,-6,18,26,50,251
CBOE,Cboe Global Markets,237.26,-42,-4,154,57,165,5,-4,32,53,86,251
WMB,Williams Companies,58.92,-22,26,122,54,180,-13,-1,20,59,65,245
TT,Trane Technologies,415.83,-14,0,26,166,178,-5,18,20,31,64,242
ABBV,AbbVie,228.26,-2,67,27,60,152,11,-2,13,66,88,240
PWR,Quanta Services,427.33,-14,22,27,101,136,-21,26,20,74,99,235
HOOD,Robinhood Markets,134.35,0,117,91,0,208,-14,-1,20,20,25,233
XYL,Xylem Inc.,147.7,7,115,18,24,164,1,24,20,24,69,233
SYK,Stryker Corporation,383.13,36,-1,3,161,199,-1,5,-1,31,34,233
ORCL,Oracle Corporation,280.07,-28,-4,21,200,189,2,-7,20,29,44,233
AMGN,Amgen,292.99,-7,17,2,167,179,-7,11,8,38,50,229
LIN,Linde plc,450.1,-2,-11,23,112,122,-4,-17,20,108,107,229
ADI,Analog Devices,243.31,9,1,21,181,212,-11,-20,20,28,17,229
SPG,Simon Property Group,178.7,20,84,11,37,152,43,-8,18,23,76,228
AMAT,Applied Materials,228.41,7,26,5,151,189,1,26,18,-7,38,227
SNA,Snap-on,346.75,4,36,8,61,109,14,30,13,59,116,225
DGX,Quest Diagnostics,183.26,-14,54,78,20,138,-12,5,78,16,87,225
TER,Teradyne,144.99,7,86,5,4,102,1,116,13,-7,123,225
LHX,L3Harris,293.28,0,137,22,7,166,21,-2,22,16,57,223
CHD,Church & Dwight,86.71,-7,-63,-26,346,250,-4,-26,-24,27,-27,223
ALL,Allstate,194.45,-77,-7,107,161,184,2,-6,21,19,36,220
RJF,Raymond James Financial,165.0,5,0,102,60,167,25,-10,17,21,53,220
LMT,Lockheed Martin,488.09,-21,41,0,167,187,-12,43,5,-4,32,219
CINF,Cincinnati Financial,155.7,0,5,95,64,164,20,-4,20,17,53,217
NVDA,Nvidia,182.2,0,26,24,136,186,-17,-1,20,28,30,216
NOC,Northrop Grumman,605.79,0,82,20,60,162,12,-1,27,14,52,214
XEL,Xcel Energy,80.4,-21,71,61,14,125,-32,40,69,11,88,213
RCL,Royal Caribbean Group,316.86,18,-12,131,30,167,20,-25,20,29,44,211
LDOS,Leidos,191.37,7,127,12,25,171,-2,-2,23,21,40,211
IBKR,Interactive Brokers,67.17,-50,26,99,59,134,1,-1,18,59,77,211
UHS,Universal Health Services,208.58,31,47,2,24,104,47,51,4,1,103,207
AJG,Arthur J. Gallagher & Co.,282.48,-77,-7,-2,188,102,14,-6,-12,109,105,207
PCAR,Paccar,99.4,28,0,-32,161,157,25,-18,7,36,50,207
EXPE,Expedia Group,215.65,-2,88,59,13,158,22,-5,16,16,49,207
UNP,Union Pacific Corporation,219.99,-8,0,-1,200,191,-9,-1,5,21,16,207
CMI,Cummins,417.69,0,87,15,67,169,-6,-5,16,32,37,206
RSG,Republic Services,223.12,4,-61,0,179,122,18,-86,-11,162,83,205
STX,Seagate Technology,226.43,5,115,24,24,168,2,-5,20,20,37,205
APP,AppLovin,589.92,0,60,115,0,175,3,-9,16,20,30,205
TTWO,Take-Two Interactive,254.5,-13,38,55,15,95,-13,45,55,22,109,204
ETN,Eaton Corporation,372.43,-21,1,18,116,114,-5,-1,18,74,86,200
HD,Home Depot (The),385.0,0,-1,11,182,192,-7,-18,12,21,8,200
CRWD,CrowdStrike,522.11,23,26,55,0,104,26,27,20,22,95,199
VRTX,Vertex Pharmaceuticals,422.68,35,0,-12,106,129,33,13,-16,39,69,198
JCI,Johnson Controls,110.53,7,8,85,21,121,-5,37,20,20,72,193
MMM,3M,171.6,26,3,84,16,129,26,1,20,16,63,192
A,Agilent Technologies,147.46,43,41,4,1,89,47,47,11,-7,98,187
LNT,Alliant Energy,68.62,11,23,78,16,128,7,17,20,15,59,187
STLD,Steel Dynamics,150.73,28,29,10,57,124,-3,43,20,1,61,185
HON,Honeywell,220.77,24,0,1,180,205,21,-62,-3,24,-20,185
MO,Altria,64.57,-3,0,80,47,124,7,-1,36,18,60,184
DOV,Dover Corporation,181.23,42,0,0,108,150,47,-31,-3,21,34,184
PGR,Progressive Corporation,220.57,-74,-95,-3,179,7,7,-9,-13,191,176,183
PH,Parker Hannifin,765.74,21,1,27,67,116,26,-11,20,32,67,183
AEE,Ameren,104.31,-2,23,66,15,102,-19,17,71,12,81,183
CSCO,Cisco,70.28,36,7,58,16,117,1,18,20,27,66,183
D,Dominion Energy,60.67,-8,113,24,3,132,-6,23,20,12,49,181
NDAQ,"Nasdaq, Inc.",88.81,-14,-23,86,146,195,-11,-39,20,16,-14,181
KIM,Kimco Realty,22.19,49,3,4,57,113,53,-21,18,16,66,179
BLK,BlackRock,1124.52,-24,114,27,24,141,-31,25,20,23,37,178
COF,Capital One,220.0,31,0,104,23,158,-2,-18,20,20,20,178
LOW,Lowe's,243.8,0,0,2,168,170,-7,-18,11,21,7,177
LH,Labcorp,283.9,0,65,65,17,147,-12,4,18,20,30,177
HLT,Hilton Worldwide,267.63,17,-1,26,66,108,20,2,18,28,68,176
BKNG,Booking Holdings,5089.23,0,-19,146,37,164,-4,-32,20,28,12,176
PEG,Public Service Enterprise Group,82.74,-1,0,5,154,158,-19,19,-2,19,17,175
ES,Eversource Energy,73.9,27,25,25,2,79,42,29,20,4,95,174
CMS,CMS Energy,74.57,0,14,86,25,125,7,17,8,16,48,173
EA,Electronic Arts,200.66,5,61,14,9,89,12,23,26,23,84,173
WFC,Wells Fargo,84.45,0,8,102,31,141,-11,1,20,21,31,172
FAST,Fastenal,42.99,0,-9,59,108,158,-4,-30,23,25,14,172
HIG,Hartford (The),125.27,-77,-6,104,59,80,12,-10,31,58,91,171
INCY,Incyte,89.3,6,101,13,1,121,12,12,16,9,49,170
GILD,Gilead Sciences,120.74,0,13,61,37,111,-8,7,18,41,58,169
MLM,Martin Marietta Materials,619.34,-39,70,16,62,109,-3,12,20,29,58,167
VICI,Vici Properties,31.42,7,-14,68,17,78,22,-26,33,59,88,166
AEP,American Electric Power,116.17,-18,18,83,25,108,-7,16,33,16,58,166
AIZ,Assurant,211.56,-48,0,11,154,117,16,-1,12,21,48,165
EXC,Exelon,47.6,0,18,65,16,99,30,17,4,12,63,162
ROST,Ross Stores,156.64,2,58,10,37,107,-3,17,9,31,54,161
XOM,ExxonMobil,115.98,14,5,7,46,72,27,-10,19,52,88,160
WAT,Waters Corporation,355.76,120,12,1,1,134,-2,11,1,16,26,160
FE,FirstEnergy,46.51,-7,68,16,57,134,-33,22,20,16,25,159
URI,United Rentals,913.9,-7,0,17,66,76,-7,12,18,59,82,158
PG,Procter & Gamble,152.25,35,-24,-16,181,176,-4,-18,-24,28,-18,158
IRM,Iron Mountain,103.93,-15,29,6,59,79,-28,28,20,58,78,157
WST,West Pharmaceutical Services,307.33,35,35,1,0,71,48,36,11,-10,85,156
AMD,Advanced Micro Devices,235.01,7,14,8,112,141,-13,16,20,-9,14,155
PLD,Prologis,125.77,49,44,9,1,103,-4,43,20,-7,52,155
SPGI,S&P Global,482.58,2,-26,1,174,151,20,-38,-1,23,4,155
FICO,Fair Isaac,1615.36,-4,1,-3,168,162,1,-4,-38,33,-8,154
VMC,Vulcan Materials Company,292.02,-42,0,16,62,36,-6,75,20,29,118,154
JBL,Jabil,206.57,3,-15,29,67,84,2,-13,21,59,69,153
EMR,Emerson Electric,133.15,21,0,26,66,113,2,-10,20,28,40,153
BX,Blackstone Inc.,154.96,-7,-6,2,144,133,-7,-14,15,23,17,150
NFLX,Netflix,1113.2,-14,-2,126,22,132,-12,6,-1,22,15,147
NOW,ServiceNow,938.9,28,0,1,84,113,23,-13,-1,24,33,146
FSLR,First Solar,229.04,-21,80,5,64,128,-30,35,20,-8,17,145
MAR,Marriott International,269.69,17,3,4,60,84,20,-5,17,29,61,145
FTNT,Fortinet,84.94,1,0,0,115,116,26,-1,-12,15,28,144
KR,Kroger,68.67,0,-41,89,69,117,5,6,-2,17,26,143
SHW,Sherwin-Williams,331.78,-7,-25,-3,192,157,-7,-28,-1,21,-15,142
IP,International Paper,49.11,56,0,0,18,74,49,5,-4,18,68,142
GM,General Motors,66.83,35,8,17,13,73,47,-10,17,15,69,142
TRMB,Trimble Inc.,80.71,24,-11,89,6,108,22,-21,18,14,33,141
FOXA,Fox Corporation (Class A),58.81,7,0,78,3,88,28,-9,18,16,53,141
O,Realty Income,60.22,35,59,20,9,123,-8,-10,20,15,17,140
CVX,Chevron Corporation,156.55,35,0,17,50,102,35,-17,11,8,37,139
ADP,Automatic Data Processing,281.53,-6,-38,0,182,138,-4,-51,-4,59,0,138
MCO,Moody's Corporation,479.29,0,-26,4,158,136,-5,-38,18,27,2,138
SCHW,Charles Schwab Corporation,94.6,0,1,87,13,101,-5,6,20,16,37,138
GWW,W. W. Grainger,964.21,31,-22,-13,96,92,22,-25,-11,59,45,137
SNPS,Synopsys,456.07,0,-32,0,182,150,2,-5,-4,-7,-14,136
MU,Micron Technology,206.7,7,41,8,24,80,-17,50,20,2,55,135
FOX,Fox Corporation (Class B),52.81,6,0,77,3,86,27,-9,17,11,46,132
BKR,Baker Hughes,48.86,17,4,14,37,72,28,-10,14,28,60,132
PODD,Insulet Corporation,323.52,35,0,55,6,96,-2,4,24,8,34,130
LEN,Lennar,127.33,35,0,0,66,101,47,-25,11,-5,28,129
CVS,CVS Health,81.07,0,50,20,1,71,-8,54,10,2,58,129
MTD,Mettler Toledo,1436.81,42,17,4,1,64,47,10,14,-7,64,128
CB,Chubb Limited,283.0,7,1,1,60,69,16,-3,-14,58,57,126
META,Meta Platforms,734.0,31,-18,27,31,71,28,-16,18,25,55,126
TSCO,Tractor Supply,56.35,7,-21,17,87,90,-34,-32,14,87,35,125
REG,Regency Centers,72.47,4,5,4,55,68,23,-8,20,21,56,124
BBY,Best Buy,82.39,61,9,2,1,73,-2,49,8,-4,51,124
AON,Aon plc,341.27,-64,-11,-1,179,103,-14,-32,7,58,19,122
WAB,Wabtec,197.01,5,0,5,51,61,5,-2,-1,58,60,121
BRO,Brown & Brown,88.77,-46,-9,-9,165,101,15,-3,-20,28,20,121
MDT,Medtronic,94.21,-7,82,21,3,99,-5,-1,13,15,22,121
AFL,Aflac,107.56,-48,51,11,60,74,-10,-4,4,57,47,121
BAC,Bank of America,51.78,9,48,27,20,104,-10,-10,20,16,16,120
ICE,Intercontinental Exchange,157.46,1,-39,0,163,125,19,-45,-2,23,-5,120
EXPD,Expeditors International,118.48,0,-1,2,133,134,-7,-18,16,-5,-14,120
CPRT,Copart,44.68,27,-28,-23,178,154,-5,-27,-33,30,-35,119
ROP,Roper Technologies,480.17,-7,-59,-12,184,106,-3,-1,-11,28,13,119
QCOM,Qualcomm,170.01,31,9,0,24,64,53,-10,18,-7,54,118
HAS,Hasbro,77.94,37,1,24,5,67,47,-29,20,13,51,118
MPC,Marathon Petroleum,195.95,9,41,9,51,110,2,-6,20,-10,6,116
EQIX,Equinix,831.9,19,9,1,36,65,12,28,-18,28,50,115
FFIV,"F5, Inc.",301.79,-43,-6,104,16,71,6,-1,20,19,44,115
WBD,Warner Bros. Discovery,21.24,24,31,22,0,77,17,1,18,2,38,115
PKG,Packaging Corporation of America,213.29,5,1,1,63,70,16,-13,13,28,44,114
VLO,Valero Energy,173.1,9,44,10,46,109,2,-10,19,-7,4,113
EQT,EQT Corporation,53.56,-2,0,51,44,93,-9,19,-3,12,19,112
VTRS,Viatris,10.3,37,6,2,0,45,49,9,12,-3,67,112
FRT,Federal Realty Investment Trust,100.78,37,7,2,3,49,53,1,11,-3,62,111
INTC,Intel,38.16,6,51,5,0,62,1,50,10,-14,47,109
GS,Goldman Sachs,750.82,-80,0,102,60,82,-9,-8,20,23,26,108
KKR,KKR & Co.,120.96,0,-21,0,105,84,-2,-14,16,23,23,107
DELL,Dell Technologies,154.23,0,19,6,34,59,10,24,20,-6,48,107
PM,Philip Morris International,157.7,0,-29,80,57,108,9,-35,-4,29,-1,107
SYF,Synchrony Financial,73.21,36,0,27,23,86,1,-18,18,20,21,107
TRGP,Targa Resources,156.81,0,-11,-3,53,39,25,-11,-3,56,67,106
TMO,Thermo Fisher Scientific,571.94,30,18,4,1,53,43,10,5,-5,53,106
HOLX,Hologic,73.88,36,7,1,0,44,42,15,13,-9,61,105
GEHC,GE HealthCare,77.26,30,4,1,0,35,49,1,9,10,69,104
DASH,DoorDash,254.63,-39,0,107,0,68,-33,29,20,20,36,104
NDSN,Nordson Corporation,235.89,31,45,4,3,83,-6,16,20,-9,21,104
WSM,"Williams-Sonoma, Inc.",187.99,0,0,18,67,85,-6,-12,12,23,17,102
JBHT,J.B. Hunt,166.74,42,6,2,0,50,43,11,10,-12,52,102
ECL,Ecolab,274.95,-1,5,26,24,54,-8,15,20,21,48,102
ULTA,Ulta Beauty,524.48,-64,125,22,6,89,2,-2,22,-11,11,100
TMUS,T-Mobile US,219.99,-14,-21,0,141,106,-13,-30,-1,37,-7,99
HPE,Hewlett Packard Enterprise,23.2,-43,0,11,44,12,17,-3,17,56,87,99
ROK,Rockwell Automation,357.16,45,9,25,17,96,-5,1,20,-13,3,99
MAS,Masco,69.5,28,-2,0,67,93,-3,-25,11,23,6,99
TKO,TKO Group Holdings,186.84,-86,0,81,42,37,1,-11,20,52,62,99
ED,Consolidated Edison,100.76,-7,8,0,49,50,-1,17,-14,47,49,99
IQV,IQVIA,219.89,30,18,4,1,53,28,12,12,-8,44,97
K,Kellanova,83.03,37,19,4,23,83,3,13,-17,15,14,97
CRL,Charles River Laboratories,190.95,42,17,2,-28,33,46,12,16,-10,64,97
F,Ford Motor Company,12.32,21,9,12,0,42,47,-5,20,-7,55,97
PHM,PulteGroup,120.84,-21,-3,11,67,54,12,-18,16,31,41,95
WTW,Willis Towers Watson,331.46,-3,0,18,26,41,17,-4,10,31,54,95
PAYX,Paychex,124.76,-9,-61,-6,169,93,-6,3,-11,16,2,95
TSLA,"Tesla, Inc.",448.99,6,54,8,12,80,-9,-4,14,12,13,93
TECH,Bio-Techne,66.05,42,18,1,-26,35,49,12,5,-8,58,93
KMI,Kinder Morgan,26.26,-7,-1,0,46,38,-12,-6,18,54,54,92
PFG,Principal Financial Group,79.44,0,0,7,57,64,-5,-4,17,20,28,92
NXPI,NXP Semiconductors,220.73,28,-2,1,65,92,-7,-5,17,-7,-2,90
CCL,Carnival,29.43,28,-9,27,0,46,24,-20,18,21,43,89
IVZ,Invesco,22.68,-47,91,17,4,65,-7,-1,17,15,24,89
BG,Bunge Global,96.69,49,7,2,1,59,2,15,20,-7,30,89
DLR,Digital Realty,175.39,5,9,7,24,45,7,-6,20,21,42,87
TDY,Teledyne Technologies,536.21,-14,-1,62,16,63,-12,-2,20,17,23,86
DD,DuPont,81.3,37,9,4,21,71,1,1,17,-5,14,85
STT,State Street Corporation,114.61,9,4,27,18,58,-5,-3,19,16,27,85
NVR,"NVR, Inc.",7678.73,13,-11,0,67,69,-6,-22,13,31,16,85
FANG,Diamondback Energy,147.15,7,1,0,49,57,22,-2,14,-7,27,84
DHI,D. R. Horton,158.53,14,0,1,67,82,12,-21,14,-4,1,83
CI,Cigna,305.08,27,5,-3,60,89,-2,12,-13,-3,-6,83
NWS,News Corp (Class B),30.13,5,-17,1,60,49,22,-9,-3,23,33,82
WYNN,Wynn Resorts,125.37,27,1,18,5,51,28,-7,20,-10,31,82
CFG,Citizens Financial Group,50.96,7,1,18,6,32,21,-5,17,16,49,81
APO,Apollo Global Management,123.05,-2,-22,-5,99,70,-2,-14,-3,28,9,79
UBER,Uber,94.61,0,1,28,1,30,2,-8,26,28,48,78
PNW,Pinnacle West Capital,92.56,-2,13,4,20,35,2,16,-3,28,43,78
USB,U.S. Bancorp,47.81,21,1,10,6,38,21,-16,17,17,39,77
MRK,Merck & Co.,87.2,21,18,0,0,39,26,12,5,-8,35,74
AIG,American International Group,78.86,0,-6,0,55,49,14,-2,-10,23,25,74
GL,Globe Life,135.63,0,0,55,16,71,-8,-14,14,10,2,73
NSC,Norfolk Southern,283.97,-8,29,21,6,48,-10,-1,20,16,25,73
DAL,Delta Air Lines,58.76,-2,0,11,21,30,-7,9,12,28,42,72
HBAN,Huntington Bancshares,15.86,0,-12,19,23,30,20,-16,20,18,42,72
NWSA,News Corp (Class A),26.41,0,-16,-3,60,41,-3,-9,20,23,31,72
FDX,FedEx,238.18,35,9,0,34,78,-7,-5,12,-6,-6,72
HAL,Halliburton,27.22,21,41,0,0,62,25,-10,5,-11,9,71
DDOG,Datadog,156.62,0,20,9,0,29,-9,32,17,1,41,70
PSX,Phillips 66,135.81,9,2,5,43,59,9,-11,19,-7,10,69
BXP,"BXP, Inc.",73.72,14,3,8,0,25,19,-11,20,15,43,68
DAY,Dayforce,68.48,6,48,10,-14,50,30,-20,10,-2,18,68
TFC,Truist Financial,43.61,14,-10,11,6,21,26,-13,17,16,46,67
ALLE,Allegion,171.21,-7,0,19,23,35,-7,-6,20,24,31,66
AMZN,Amazon,221.09,7,-10,27,23,47,1,-23,17,22,17,64
SMCI,Supermicro,47.92,-14,0,0,60,46,-14,28,15,-11,18,64
FITB,Fifth Third Bancorp,42.07,0,-7,10,24,27,20,-18,17,18,37,64
EXE,Expand Energy,104.47,10,4,51,0,65,-3,-2,-9,12,-2,63
ESS,Essex Property Trust,263.69,27,0,-4,16,39,28,-8,-13,16,23,62
T,AT&T,24.6,-14,-17,0,18,-13,-26,-20,104,17,75,62
BRK-B,Berkshire Hathaway,490.2,-2,0,0,64,62,-10,-5,-15,28,-2,60
AMP,Ameriprise Financial,478.16,0,-39,0,66,27,-3,-35,-2,73,33,60
KEY,KeyCorp,17.51,5,-7,18,6,22,22,-18,18,15,37,59
IR,Ingersoll Rand,80.37,20,0,-3,25,42,26,-5,-2,-2,17,59
GEN,Gen Digital,27.18,17,-29,25,18,31,20,-31,20,18,27,58
AWK,American Water Works,142.58,0,6,36,1,43,-12,13,4,10,15,58
CMG,Chipotle Mexican Grill,41.81,0,0,-16,82,66,-6,14,-14,-2,-8,58
CEG,Constellation Energy,365.78,-25,20,26,0,21,-30,25,20,21,36,57
LVS,Las Vegas Sands,56.9,20,1,16,4,41,44,-29,17,-16,16,57
WDAY,"Workday, Inc.",243.28,28,27,-20,16,51,26,-2,-14,-4,6,57
ADSK,Autodesk,309.85,8,0,9,16,33,-4,-13,20,21,24,57
DLTR,Dollar Tree,100.64,63,-34,2,-17,14,27,4,35,-24,42,56
CTVA,Corteva,63.49,6,-29,63,1,41,22,-21,-1,13,13,54
DE,Deere & Company,469.53,37,-45,2,111,105,-2,-58,-3,12,-51,54
VST,Vistra Corp.,191.37,-32,-4,29,32,25,-33,-4,18,47,28,53
ISRG,Intuitive Surgical,551.42,31,2,1,24,58,44,-69,-8,28,-5,53
NTRS,Northern Trust,124.79,-2,-1,26,13,36,-9,-9,20,15,17,53
VRSK,Verisk Analytics,234.84,0,-63,-6,116,47,17,-29,-12,30,6,53
TXT,Textron,79.47,-7,-1,4,55,51,-7,-4,20,-7,2,53
EG,Everest Group,349.33,0,5,0,57,62,-5,-2,4,-7,-10,52
OTIS,Otis Worldwide,92.99,34,1,-14,0,21,26,1,-24,28,31,52
DECK,Deckers Brands,102.5,31,-21,-34,95,71,33,-21,-30,-1,-19,52
TPL,Texas Pacific Land Corporation,938.12,11,0,-19,60,52,4,-5,-15,15,-1,51
PRU,Prudential Financial,101.76,0,-18,-23,57,16,20,1,14,-1,34,50
FCX,Freeport-McMoRan,41.21,-5,-10,3,60,48,2,9,-1,-8,2,50
PSA,Public Storage,306.3,0,20,2,3,25,-9,15,20,-2,24,49
UNH,UnitedHealth Group,360.42,0,37,-28,0,9,-7,49,1,-3,40,49
HST,Host Hotels & Resorts,16.61,23,0,8,4,35,21,-17,18,-8,14,49
C,Citigroup,96.67,-14,0,29,20,35,-12,-10,20,16,14,49
RF,Regions Financial Corporation,24.1,0,-7,17,24,34,-2,-18,18,16,14,48
APA,APA Corporation,24.62,7,55,2,-14,50,9,-6,15,-21,-3,47
NTAP,NetApp,117.73,-2,0,8,59,65,-33,1,17,-3,-18,47
DHR,Danaher Corporation,222.64,21,17,0,0,38,-11,12,13,-6,8,46
MET,MetLife,78.16,-48,0,5,60,17,-9,-3,18,20,26,43
IPG,Interpublic Group of Companies (The),27.52,21,8,1,0,30,21,2,8,-19,12,42
BIIB,Biogen,150.16,8,51,0,-29,30,27,-4,7,-20,10,40
IDXX,Idexx Laboratories,638.88,3,0,24,6,33,-11,6,20,-10,5,38
MTB,M&T Bank,181.05,0,-12,11,24,23,-5,-14,18,16,15,38
ZBRA,Zebra Technologies,314.02,28,-24,0,-9,-5,47,-17,14,-1,43,38
RMD,ResMed,265.25,-21,-8,27,15,13,-7,-3,19,15,24,37
BLDR,Builders FirstSource,124.17,-1,-10,-38,67,18,12,1,10,-5,18,36
ADM,Archer Daniels Midland,62.52,0,15,12,0,27,2,8,20,-22,8,35
KEYS,Keysight Technologies,168.4,7,1,8,2,18,2,-10,18,7,17,35
IT,Gartner,250.92,21,0,-31,0,-10,21,-7,-29,59,44,34
PNC,PNC Financial Services,181.93,0,-11,12,16,17,1,-18,17,16,16,33
APTV,Aptiv,84.96,21,52,11,-26,58,-3,-5,20,-38,-26,32
SW,Smurfit Westrock,43.01,23,-30,-7,18,4,23,-24,10,19,28,32
DOC,Healthpeak Properties,18.53,28,36,-3,-33,28,-5,-6,4,11,4,32
RVTY,Revvity,97.58,49,6,-30,-26,-1,52,17,-35,-1,33,32
CSX,CSX Corporation,35.52,-9,19,6,6,22,-20,18,20,-8,10,32
ABNB,Airbnb,127.35,56,0,-13,0,43,-2,1,-3,-7,-11,32
AVB,AvalonBay Communities,189.1,21,-14,-13,18,12,33,-14,-17,17,19,31
VLTO,Veralto,104.89,23,0,12,0,35,-2,-21,19,0,-4,31
NEE,NextEra Energy,83.26,-21,22,5,2,8,-31,18,20,15,22,30
EIX,Edison International,57.27,55,8,-42,0,21,22,-20,10,-3,9,30
AOS,A. O. Smith,69.04,-10,-10,0,60,40,-6,-18,20,-7,-11,29
CF,CF Industries,86.92,0,0,7,6,13,15,-6,-3,10,16,29
CRM,Salesforce,255.03,28,4,-23,24,33,-2,6,-31,23,-4,29
DRI,Darden Restaurants,186.45,0,-26,2,63,39,-19,-21,-6,32,-14,25
ALB,Albemarle Corporation,97.38,6,31,2,-25,14,1,22,14,-27,10,24
SYY,Sysco,78.21,-12,-2,17,5,8,-11,-6,17,16,16,24
EQR,Equity Residential,63.34,21,-16,-6,15,14,28,-20,-13,15,10,24
OMC,Omnicom Group,80.33,22,8,-37,3,-4,21,2,7,-3,27,23
EXR,Extra Space Storage,150.79,0,9,2,1,12,-16,9,2,15,10,22
NCLH,Norwegian Cruise Line Holdings,23.5,6,-6,10,0,10,-4,-19,13,22,12,22
MHK,Mohawk Industries,128.83,51,0,0,-13,38,-6,-21,12,-3,-18,20
CTRA,Coterra,23.75,7,-11,-15,46,27,24,-24,-22,15,-7,20
SOLV,Solventum,72.28,27,-13,0,0,14,-4,-6,16,0,6,20
CHRW,C.H. Robinson,125.39,-8,0,13,4,9,-7,-9,16,10,10,19
EFX,Equifax,231.3,0,-16,-14,18,-12,28,-16,-1,20,31,19
DIS,Walt Disney Company (The),113.02,27,-30,25,-2,20,-1,-26,20,5,-2,18
TTD,Trade Desk (The),54.12,21,0,-37,-3,-19,26,14,-3,-2,35,16
VRSN,Verisign,250.42,-11,-17,46,11,29,-9,-15,-1,9,-16,13
BA,Boeing,217.69,0,-11,18,0,7,27,-29,20,-13,5,12
ACN,Accenture,249.75,20,0,-33,-2,-15,23,11,-29,21,26,11
UAL,United Airlines Holdings,95.67,-15,0,11,13,9,-11,-21,14,18,0,9
LW,Lamb Weston,65.15,4,20,0,-10,14,-14,12,13,-16,-5,9
CPT,Camden Property Trust,105.0,26,-22,-5,0,-1,33,-23,-13,13,10,9
SBUX,Starbucks,85.43,42,-37,-11,0,-6,53,-45,-3,9,14,8
AVY,Avery Dennison,186.29,23,2,0,1,26,28,-34,-5,-7,-18,8
HUM,Humana,291.41,28,4,0,-14,18,-2,7,6,-22,-11,7
MCHP,Microchip Technology,65.06,0,-2,0,0,-2,-6,1,20,-9,6,4
OKE,Oneok,69.77,0,-59,-23,56,-26,22,-11,-35,53,29,3
MSCI,MSCI Inc.,538.62,0,-10,-1,16,5,-2,-22,-1,22,-3,2
LII,Lennox International,495.0,-14,-43,-7,40,-24,-5,5,-5,29,24,0
GNRC,Generac,189.04,0,1,13,-36,-22,-14,7,17,12,22,0
ACGL,Arch Capital Group,87.46,-49,-7,-18,64,-10,16,-3,-2,-2,9,-1
GEV,GE Vernova,595.36,-42,0,6,0,-36,3,11,21,0,35,-1
EOG,EOG Resources,108.05,0,-25,-8,47,14,16,-28,-2,-1,-15,-1
PEP,PepsiCo,151.44,0,10,1,0,11,-8,2,9,-15,-12,-1
MKC,McCormick & Company,67.38,31,-1,-16,-4,10,-3,3,-24,12,-12,-2
JKHY,Jack Henry & Associates,155.77,72,-60,-13,-2,-3,-1,2,-13,13,1,-2
TGT,Target Corporation,94.23,49,-40,-41,-13,-45,51,1,-3,-8,41,-4
IFF,International Flavors & Fragrances,65.79,52,0,-33,-33,-14,53,1,-45,-3,6,-8
MGM,MGM Resorts,33.07,13,-18,0,0,-5,21,-30,17,-11,-3,-8
OXY,Occidental Petroleum,42.88,0,-11,0,0,-11,14,-9,16,-18,3,-8
COP,ConocoPhillips,90.07,0,-12,-4,0,-16,16,-11,12,-10,7,-9
GPC,Genuine Parts Company,133.28,2,0,11,0,13,-8,-15,20,-19,-22,-9
LUV,Southwest Airlines,31.66,-7,0,11,-41,-37,-8,11,18,6,27,-10
XYZ,"Block, Inc.",78.54,6,4,4,-38,-24,3,-2,14,-1,14,-10
BEN,Franklin Resources,22.67,0,-14,18,0,4,21,-32,20,-24,-15,-11
NUE,Nucor,138.41,21,-10,1,0,12,-3,-27,17,-10,-23,-11
LULU,Lululemon Athletica,179.09,28,0,-21,-5,2,28,3,-30,-14,-13,-11
PCG,PG&E Corporation,16.3,-5,20,-40,3,-22,-5,14,3,-3,9,-13
COIN,Coinbase,322.71,-56,0,19,0,-37,-14,-1,19,20,24,-13
ON,ON Semiconductor,51.79,0,0,0,-3,-3,-10,1,16,-17,-10,-13
ZBH,Zimmer Biomet,103.17,49,2,0,-19,32,-4,-28,4,-20,-48,-16
HPQ,HP Inc.,27.83,7,0,-35,0,-28,5,1,9,-3,12,-16
CCI,Crown Castle,98.32,3,0,1,-30,-26,-8,15,-5,7,9,-17
DVN,Devon Energy,33.44,0,-10,0,-7,-17,12,-11,19,-24,-4,-21
ERIE,Erie Indemnity,325.55,19,-38,-27,41,-5,28,-1,-45,-1,-19,-24
DPZ,Domino's,421.87,30,-57,-6,12,-21,9,-27,-5,20,-3,-24
ZTS,Zoetis,146.38,28,-33,-45,-5,-55,47,2,-12,-7,30,-25
CSGP,CoStar Group,77.65,6,-22,0,16,0,20,-45,-2,1,-26,-26
COO,Cooper Companies (The),74.52,42,6,-37,-7,4,-3,15,-42,-5,-35,-31
SWKS,Skyworks Solutions,75.77,9,1,0,-32,-22,-6,-13,17,-7,-9,-31
DXCM,Dexcom,71.07,30,-43,-9,-16,-38,47,-26,-4,-11,6,-32
TYL,Tyler Technologies,516.21,28,-44,-4,19,-1,-2,-46,-3,20,-31,-32
ABT,Abbott Laboratories,126.34,-49,-1,0,15,-35,-13,-7,6,16,2,-33
CTSH,Cognizant,67.99,21,-61,-13,16,-37,22,-26,-13,20,3,-34
BMY,Bristol Myers Squibb,43.82,0,-16,-10,-7,-33,23,-8,-24,7,-2,-35
EL,EstÃ©e Lauder Companies (The),99.51,0,9,2,-28,-17,-13,12,18,-37,-20,-37
MOS,Mosaic Company (The),29.62,0,-10,26,-18,-2,8,-10,-1,-32,-35,-37
AES,AES Corporation,14.2,-22,17,0,-13,-18,-27,18,16,-26,-19,-37
CPAY,Corpay,284.45,17,-59,-8,23,-27,-5,-28,-5,27,-11,-38
LKQ,LKQ Corporation,30.62,23,-29,-16,-4,-26,53,-22,-24,-19,-12,-38
TROW,T. Rowe Price,102.49,-18,-6,4,-27,-47,-8,-1,16,-2,5,-42
IEX,IDEX Corporation,168.48,36,0,-38,0,-2,-7,12,-38,-8,-41,-43
PFE,Pfizer,24.68,0,3,0,-25,-22,-3,-5,17,-30,-21,-43
SLB,Schlumberger,36.01,22,1,-80,0,-57,47,-20,-3,-12,12,-45
NKE,"Nike, Inc.",69.67,20,-13,0,-23,-16,23,-33,17,-38,-31,-47
INVH,Invitation Homes,28.9,34,-65,-18,0,-49,28,-30,-13,16,1,-48
DVA,DaVita,128.02,24,-43,-13,22,-10,-1,-29,-30,21,-39,-49
FTV,Fortive,49.63,25,0,-31,0,-6,-5,-5,-27,-7,-44,-50
MTCH,Match Group,32.74,24,-14,2,-39,-27,24,-22,15,-40,-23,-50
DG,Dollar General,102.98,0,-25,0,-19,-44,-14,4,32,-28,-6,-50
MDLZ,Mondelez International,61.0,-7,-1,-3,0,-11,-12,-11,-5,-11,-39,-50
PYPL,PayPal,69.64,0,0,-13,-41,-54,-5,-2,-1,11,3,-51
CPB,Campbell's Company (The),31.06,24,-1,-42,-8,-27,44,-13,-49,-7,-25,-52
TXN,Texas Instruments,172.18,-14,-37,-1,24,-28,-8,-33,-1,18,-24,-52
SJM,J.M. Smucker Company (The),102.59,-7,-4,-4,-6,-21,-3,-12,8,-25,-32,-53
REGN,Regeneron Pharmaceuticals,575.7,1,5,-51,0,-45,-4,-6,6,-6,-10,-55
VZ,Verizon,38.4,-14,-14,-1,12,-17,-18,-35,-1,16,-38,-55
KDP,Keurig Dr Pepper,27.53,0,-43,-9,0,-52,-9,4,-1,-2,-8,-60
HSIC,Henry Schein,63.59,5,-22,-15,-2,-34,-4,-23,-5,5,-27,-61
BALL,Ball Corporation,49.71,26,-49,-13,-13,-49,47,-57,-3,-7,-20,-69
HSY,Hershey Company (The),181.65,-40,0,14,0,-26,-33,-3,14,-21,-43,-69
MAA,Mid-America Apartment Communities,134.43,3,-61,-7,0,-65,26,-25,-18,13,-4,-69
ELV,Elevance Health,346.28,-14,16,-54,0,-52,-16,23,-20,-5,-18,-70
UDR,"UDR, Inc.",36.28,29,-60,-8,-2,-41,-3,-28,-15,15,-31,-72
FI,Fiserv,123.94,21,-74,-24,37,-40,-2,-34,-25,29,-32,-72
MOH,Molina Healthcare,161.05,-7,-1,-23,-4,-35,-7,-1,-19,-10,-37,-72
GPN,Global Payments,87.5,7,4,-37,-41,-67,1,-2,8,-12,-5,-72
BDX,Becton Dickinson,186.56,-1,0,-38,-7,-46,-10,-2,3,-17,-26,-72
ADBE,Adobe Inc.,354.11,21,0,-46,-8,-33,27,-10,-50,-7,-40,-73
EW,Edwards Lifesciences,76.54,23,-17,0,-16,-10,-1,-28,-1,-37,-67,-77
EMN,Eastman Chemical Company,63.07,28,-24,-31,-3,-30,28,-26,-45,-4,-47,-77
KMB,Kimberly-Clark,118.76,-7,-30,-9,0,-46,-3,-37,-21,28,-33,-79
FIS,Fidelity National Information Services,67.52,15,-57,-12,-39,-93,-3,11,-7,13,14,-79
AMCR,Amcor,8.23,54,-50,-11,0,-7,-3,-59,-11,-4,-77,-84
SWK,Stanley Black & Decker,70.39,21,-11,-39,-41,-70,-2,-18,9,-4,-15,-85
GDDY,GoDaddy,132.39,1,-75,-13,24,-63,-2,-22,-29,24,-29,-92
POOL,Pool Corporation,300.53,4,-22,-33,-8,-59,-5,-18,-2,-11,-36,-95
PSKY,Paramount Skydance Corporation,16.48,-102,51,11,-41,-81,-38,-5,22,3,-18,-99
ARE,Alexandria Real Estate Equities,76.94,15,-12,-47,-32,-76,22,-14,5,-37,-24,-100
KVUE,Kenvue,15.08,-2,-43,-8,0,-53,14,-53,-13,5,-47,-100
CARR,Carrier Global,57.1,0,-58,-9,0,-67,-5,-54,-4,28,-35,-102
TSN,Tyson Foods,51.81,-7,-14,-11,-30,-62,-3,-30,-21,13,-41,-103
CL,Colgate-Palmolive,78.44,0,-76,-16,25,-67,-3,-37,-24,28,-36,-103
SBAC,SBA Communications,196.1,49,-57,-9,-22,-39,-1,-57,-8,-1,-67,-106
TAP,Molson Coors Beverage Company,45.63,-7,-32,-23,-2,-64,-19,5,-24,-5,-43,-107
PPG,PPG Industries,103.5,28,-24,-56,-10,-62,-4,-30,-3,-10,-47,-109
AMT,American Tower,190.27,3,-57,-7,-2,-63,-7,-56,-5,13,-55,-118
CDW,CDW Corporation,158.47,28,-57,-52,0,-81,-2,-22,-3,-10,-37,-118
MRNA,Moderna,26.26,-14,0,-65,-6,-85,-7,20,-5,-41,-33,-118
AKAM,Akamai Technologies,74.6,0,-2,-36,-9,-47,-3,-22,-36,-12,-73,-120
PAYC,Paycom,200.17,-1,-43,0,-26,-70,-6,-46,-4,1,-55,-125
CLX,Clorox,116.35,-9,-14,-27,-7,-57,-14,-18,-37,-1,-70,-127
CAG,Conagra Brands,18.48,21,-14,-42,-9,-44,-3,-33,-24,-25,-85,-129
CNC,Centene Corporation,34.35,-7,3,-54,-13,-71,-5,-1,-23,-30,-59,-130
DOW,Dow Inc.,24.51,7,0,-53,-3,-49,14,-18,-68,-10,-82,-131
FDS,FactSet,286.84,35,-68,-15,-2,-50,-4,-64,-13,-3,-84,-134
APD,Air Products,255.05,-84,-23,-5,0,-112,-9,-28,-1,12,-26,-138
GIS,General Mills,47.94,-2,-1,-51,-6,-60,-3,-8,-47,-21,-79,-139
EPAM,EPAM Systems,156.73,21,-32,-36,-29,-76,26,-30,-27,-39,-70,-146
WY,Weyerhaeuser,23.86,0,-30,-33,-1,-64,1,-34,-45,-10,-88,-152
ALGN,Align Technology,135.96,30,-60,-77,-27,-134,28,5,-13,-40,-20,-154
KMX,CarMax,43.12,-8,-25,-29,-38,-100,-4,-23,-33,-2,-62,-162
UPS,United Parcel Service,87.03,37,0,-116,-18,-97,-4,13,-44,-36,-71,-168
KHC,Kraft Heinz,25.39,0,-34,-52,-2,-88,-4,-52,-24,-12,-92,-180
CMCSA,Comcast,29.3,-9,-62,-45,-11,-127,-6,-26,-12,-10,-54,-181
ODFL,Old Dominion,135.85,-7,-61,-36,0,-104,-7,-35,-41,-3,-86,-190
CHTR,Charter Communications,243.99,-77,-6,-14,-38,-135,-41,-6,-14,-3,-64,-199
STZ,Constellation Brands,139.7,-7,-43,-55,-5,-110,-17,9,-71,-10,-89,-199
LYB,LyondellBasell,46.79,0,-59,-54,-7,-120,5,-24,-68,-9,-96,-216
HRL,Hormel Foods,23.77,0,-70,-20,-25,-115,-4,-66,-7,-32,-109,-224
BF-B,Brownâ€“Forman,28.1,0,-2,-113,-20,-135,-12,-10,-45,-30,-97,-232
BAX,Baxter International,22.99,0,-76,-33,-40,-149,-18,-29,-24,-43,-114,-263
