Symbol,Name,Close,1H Cloud Score,1D Cloud Score,1W Cloud Score,1M Cloud Score,Cloud Score Sum,1H TKx Score,1D TKx Score,1W TKx Score,1M TKx Score,TKx Score Sum,Total Score Sum
TJX,TJX Companies,140.44,1,37,154,199,391,7,41,123,194,365,756
JPM,JPMorgan Chase,313.44,71,96,129,159,455,74,21,16,27,138,593
ORLY,Oâ€™Reilly Automotive,103.46,-42,48,169,200,375,3,54,60,90,207,582
STX,Seagate Technology,224.1,160,94,20,23,297,109,105,16,19,249,546
GLW,Corning Inc.,79.92,161,93,25,18,297,110,100,14,15,239,536
AAPL,Apple Inc.,252.24,51,61,4,252,368,56,29,8,72,165,533
WDC,Western Digital,109.69,161,94,18,19,292,110,105,16,4,235,527
WELL,Welltower,170.97,14,91,122,59,286,23,52,139,25,239,525
APP,AppLovin,641.58,155,39,111,0,305,110,47,12,19,188,493
HWM,Howmet Aerospace,190.25,105,11,154,30,300,26,11,98,58,193,493
WRB,W. R. Berkley Corporation,74.81,26,20,100,177,323,34,33,30,56,153,476
APH,Amphenol,123.13,95,107,25,66,293,28,109,16,28,181,474
IBM,IBM,267.58,106,5,115,55,281,48,13,62,57,180,461
PLTR,Palantir Technologies,179.57,84,107,122,0,313,-5,5,125,21,146,459
KLAC,KLA Corporation,1069.62,98,13,20,178,309,99,7,16,27,149,458
BK,BNY Mellon,108.12,70,96,100,41,307,-5,100,16,20,131,438
FAST,Fastenal,47.52,14,116,129,107,366,19,-9,22,27,59,425
RTX,RTX Corporation,161.38,56,93,83,55,287,18,2,90,15,125,412
MSI,Motorola Solutions,455.24,-41,49,7,154,169,-16,59,7,186,236,405
SO,Southern Company,94.39,21,1,82,191,295,18,-19,29,80,108,403
NRG,NRG Energy,165.58,21,9,109,95,234,19,8,119,22,168,402
MCD,McDonald's,304.27,0,30,58,243,331,12,-5,4,58,69,400
GE,GE Aerospace,300.29,77,105,25,28,235,73,16,36,30,155,390
TPR,"Tapestry, Inc.",113.41,75,94,86,22,277,68,11,14,20,113,390
GS,Goldman Sachs,792.39,0,94,98,59,251,-5,105,16,22,138,389
YUM,Yum! Brands,149.45,6,10,34,260,310,16,10,-8,58,76,386
MS,Morgan Stanley,157.88,0,94,82,65,241,-5,105,16,17,133,374
ETR,Entergy,91.58,14,4,82,138,238,22,3,95,15,135,373
HUBB,Hubbell Incorporated,431.31,-12,92,7,183,270,-5,23,12,72,102,372
L,Loews Corporation,99.28,17,94,118,56,285,15,29,16,25,85,370
LYV,Live Nation Entertainment,162.02,-34,95,100,148,309,-5,33,15,17,60,369
WM,Waste Management,219.42,9,-23,1,188,175,28,-29,33,160,192,367
ROL,"Rollins, Inc.",56.1,0,-8,37,287,316,2,-16,29,36,51,367
CDNS,Cadence Design Systems,356.87,0,5,23,142,170,-7,2,16,181,192,362
RSG,Republic Services,227.4,0,-40,130,178,268,3,-65,-7,161,92,360
AMAT,Applied Materials,201.48,93,5,1,150,249,98,5,14,-6,111,360
C,Citigroup,101.64,88,94,25,19,226,-4,104,16,15,131,357
MPWR,Monolithic Power Systems,906.75,42,94,9,158,303,-5,38,16,1,50,353
AZO,AutoZone,4175.26,-1,47,100,87,233,3,-1,60,58,120,353
GOOGL,Alphabet Inc. (Class A),247.09,0,83,14,177,274,-11,57,11,22,79,353
LDOS,Leidos,187.33,77,106,8,24,215,35,63,19,20,137,352
GOOG,Alphabet Inc. (Class C),247.77,0,83,13,177,273,-11,57,10,22,78,351
DTE,DTE Energy,138.8,21,2,80,190,293,25,-16,33,14,56,349
ALL,Allstate,208.37,25,5,103,160,293,34,-14,17,18,55,348
AJG,Arthur J. Gallagher & Co.,304.55,28,0,0,187,215,36,-7,-8,108,129,344
RJF,Raymond James Financial,171.9,48,93,98,59,298,-5,16,13,20,44,342
WMB,Williams Companies,62.85,42,5,118,53,218,36,10,16,58,120,338
DUK,Duke Energy,123.64,17,2,82,184,285,22,-14,28,17,53,338
TRV,Travelers Companies (The),276.6,26,30,97,59,212,-4,41,30,57,124,336
LMT,Lockheed Martin,486.01,103,20,0,166,289,24,22,1,-3,44,333
CAT,Caterpillar Inc.,469.8,70,93,14,65,242,1,18,14,58,91,333
ADI,Analog Devices,248.54,26,25,17,180,248,13,25,16,27,81,329
LHX,L3Harris,283.99,20,116,18,6,160,24,109,18,15,166,326
GD,General Dynamics,323.66,-5,116,14,55,180,1,71,16,58,146,326
COR,Cencora,308.36,14,17,50,76,157,9,26,61,69,165,322
ATO,Atmos Energy,166.79,11,34,80,46,171,21,-8,91,46,150,321
NEM,Newmont,83.43,28,118,25,6,177,26,80,25,11,142,319
STE,Steris,245.89,-7,33,20,196,242,-5,26,28,26,75,317
DGX,Quest Diagnostics,186.82,35,33,74,19,161,36,31,74,15,156,317
UNP,Union Pacific Corporation,230.34,36,2,-12,199,225,65,2,1,20,88,313
CTAS,Cintas,199.96,-6,-28,0,168,134,-6,-23,19,188,178,312
HOOD,Robinhood Markets,126.8,37,96,87,0,220,40,13,16,19,88,308
RL,Ralph Lauren Corporation,312.0,5,96,100,35,236,4,25,16,27,72,308
COST,Costco,945.02,-33,-5,0,181,143,2,-16,-8,185,163,306
IBKR,Interactive Brokers,64.45,35,5,100,58,198,28,4,14,58,104,302
URI,United Rentals,935.14,-5,94,13,65,167,-3,65,14,58,134,301
HIG,Hartford (The),131.84,14,36,100,58,208,14,-5,27,57,93,301
CBOE,Cboe Global Markets,243.08,12,0,150,56,218,19,-20,28,52,79,297
WMT,Walmart,102.71,-15,18,133,102,238,2,9,16,30,57,295
ORCL,Oracle Corporation,308.36,21,11,17,199,248,-5,8,16,28,47,295
V,Visa Inc.,338.66,-11,-2,143,134,264,-5,-7,16,27,31,295
LRCX,Lam Research,128.31,94,16,15,153,278,-1,8,16,-6,17,295
EVRG,Evergy,73.71,18,75,64,15,172,24,3,83,11,121,293
AME,Ametek,186.15,-17,39,10,107,139,-5,39,16,102,152,291
PPL,PPL Corporation,36.49,13,52,82,24,171,22,-13,94,15,118,289
MNST,Monster Beverage,64.93,0,33,32,181,246,4,7,25,5,41,287
MA,Mastercard,568.51,-14,0,132,156,274,-23,-7,16,27,13,287
NI,NiSource,42.39,21,1,80,46,148,26,1,95,15,137,285
BSX,Boston Scientific,98.03,-77,-9,150,145,209,5,-3,16,58,76,285
LIN,Linde plc,474.07,-5,37,19,111,162,-4,4,16,107,123,285
SRE,Sempra,87.25,14,49,6,182,251,16,4,14,-2,32,283
EME,Emcor,626.75,0,94,23,59,176,21,13,14,58,106,282
GRMN,Garmin,236.55,0,67,118,20,205,14,28,12,22,76,281
TEL,TE Connectivity,215.6,4,100,22,63,189,42,15,16,19,92,281
ANET,Arista Networks,142.62,-5,79,13,59,146,-11,75,12,57,133,279
PWR,Quanta Services,402.87,32,1,23,100,156,28,5,16,73,122,278
AXON,Axon Enterprise,698.02,-6,-10,151,95,230,-2,-1,16,31,44,274
INTU,Intuit,694.73,35,-25,23,192,225,42,-31,16,21,48,273
TDY,Teledyne Technologies,564.25,32,93,58,15,198,28,8,16,16,68,266
HD,Home Depot (The),409.57,-27,46,7,181,207,-29,59,8,20,58,265
AIZ,Assurant,215.2,18,35,7,153,213,30,-6,8,20,52,265
CNP,CenterPoint Energy,38.96,17,48,55,46,166,25,6,49,16,96,262
COF,Capital One,224.35,-4,100,100,22,218,-13,20,16,19,42,260
BRK-B,Berkshire Hathaway,497.01,16,20,130,63,229,14,-1,-11,27,29,258
WEC,WEC Energy Group,112.01,14,50,61,14,139,24,7,74,12,117,256
ULTA,Ulta Beauty,535.7,7,104,18,5,134,6,107,18,-10,121,255
MDT,Medtronic,95.75,70,61,17,2,150,6,75,9,14,104,254
IRM,Iron Mountain,101.27,85,8,2,58,153,20,7,16,57,100,253
CAH,Cardinal Health,154.51,14,2,61,39,116,8,13,54,58,133,249
TER,Teradyne,133.2,35,65,1,3,104,47,95,9,-6,145,249
XEL,Xcel Energy,77.93,11,50,57,13,131,24,19,65,10,118,249
ABBV,AbbVie,219.99,0,46,23,59,128,-7,53,9,65,120,248
BX,Blackstone Inc.,178.09,-6,65,10,143,212,-10,12,11,22,35,247
LOW,Lowe's,257.27,-28,46,6,167,191,-29,58,7,20,56,247
FSLR,First Solar,219.09,53,59,1,63,176,47,14,16,-7,70,246
AXP,American Express,340.56,45,23,23,100,191,-5,23,14,22,54,245
MMC,Marsh McLennan,199.67,0,-75,-9,176,92,4,-13,-17,179,153,245
GL,Globe Life,143.3,70,46,51,15,182,-2,45,10,9,62,244
J,Jacobs Solutions,147.51,0,92,12,107,211,-5,3,13,20,31,242
JBL,Jabil,225.37,36,5,25,66,132,28,5,17,58,108,240
HCA,HCA Healthcare,416.52,21,33,9,98,161,26,1,22,30,79,240
LH,Labcorp,279.2,23,44,61,16,144,32,31,14,19,96,240
DASH,DoorDash,260.74,-1,93,103,0,195,2,8,16,19,45,240
AVGO,Broadcom,339.29,-21,97,25,117,218,-40,14,16,31,21,239
CINF,Cincinnati Financial,154.52,0,37,91,63,191,-13,28,16,16,47,238
NFLX,Netflix,1203.85,-7,-1,122,21,135,-6,-5,93,21,103,238
TDG,TransDigm Group,1300.46,16,-30,3,158,147,16,1,16,58,91,238
CMI,Cummins,417.77,0,66,11,66,143,-5,57,12,31,95,238
NWS,News Corp (Class B),33.59,42,0,118,59,219,-4,-16,16,22,18,237
CME,CME Group,264.43,10,-28,60,137,179,5,-23,56,20,58,237
WFC,Wells Fargo,84.11,47,10,98,30,185,-3,18,16,20,51,236
MCK,McKesson Corporation,760.84,14,5,48,59,126,21,22,-3,68,108,234
AMGN,Amgen,279.09,28,-15,-4,166,175,34,-16,4,37,59,234
KMI,Kinder Morgan,27.83,7,1,98,45,151,5,10,14,53,82,233
ALLE,Allegion,175.31,0,106,15,22,143,-12,62,16,23,89,232
LLY,Lilly (Eli),741.93,-14,8,-9,173,158,-26,16,-13,97,74,232
FFIV,"F5, Inc.",324.06,-8,93,100,15,200,-9,7,16,18,32,232
HII,Huntington Ingalls Industries,277.51,23,133,14,7,177,28,13,22,-10,53,230
ETN,Eaton Corporation,372.15,8,4,14,115,141,-9,11,14,73,89,230
SPG,Simon Property Group,183.12,14,63,7,36,120,12,62,14,22,110,230
MSFT,Microsoft,509.98,0,0,22,174,196,-11,2,16,26,33,229
PH,Parker Hannifin,748.77,-1,95,23,66,183,-4,-1,16,31,42,225
SYY,Sysco,81.82,0,81,13,4,98,2,94,13,15,124,222
HPE,Hewlett Packard Enterprise,24.46,-5,90,7,43,135,-9,27,13,55,86,221
BKNG,Booking Holdings,5523.43,1,0,142,36,179,9,-11,16,27,41,220
MO,Altria,65.13,0,47,76,46,169,9,-7,32,17,51,220
NVDA,Nvidia,176.88,19,5,20,135,179,-6,3,16,27,40,219
GM,General Motors,59.91,7,76,13,12,108,14,68,13,14,109,217
TKO,TKO Group Holdings,195.87,-22,32,77,41,128,-5,25,16,51,87,215
QCOM,Qualcomm,173.55,71,21,0,23,115,67,23,14,-6,98,213
T,AT&T,28.33,-22,34,76,17,105,-45,36,100,16,107,212
BKR,Baker Hughes,49.89,35,48,10,36,129,28,17,10,27,82,211
PNR,Pentair,109.01,-12,94,15,63,160,-21,31,14,25,49,209
ADP,Automatic Data Processing,291.16,6,-17,0,181,170,-5,-30,16,58,39,209
TT,Trane Technologies,403.9,0,-20,22,165,167,28,-33,16,30,41,208
TSLA,"Tesla, Inc.",442.77,98,33,4,11,146,2,39,10,11,62,208
VMC,Vulcan Materials Company,293.82,-5,46,12,61,114,-5,54,16,28,93,207
EBAY,eBay Inc.,93.37,9,1,83,15,108,7,-14,88,17,98,206
MLM,Martin Marietta Materials,606.8,-9,49,12,61,113,-5,54,16,28,93,206
PM,Philip Morris International,163.06,-35,-8,76,56,89,10,-14,91,28,115,204
SNA,Snap-on,339.55,20,15,4,60,99,27,9,9,58,103,202
RCL,Royal Caribbean Group,327.03,0,6,127,29,162,-1,-4,16,28,39,201
PTC,PTC Inc.,203.54,-14,0,12,183,181,-11,-10,13,27,19,200
MPC,Marathon Petroleum,193.11,49,20,5,50,124,47,20,16,-9,74,198
CFG,Citizens Financial Group,53.15,42,82,14,5,143,-3,29,13,15,54,197
VTR,Ventas,68.49,2,50,78,23,153,10,5,10,16,41,194
EXPD,Expeditors International,120.96,-28,39,7,132,150,3,30,12,-4,41,191
BAC,Bank of America,51.68,71,27,23,19,140,-5,24,16,15,50,190
CHD,Church & Dwight,86.86,-63,-42,-22,345,218,-29,-5,-20,26,-28,190
WSM,"Williams-Sonoma, Inc.",199.54,1,60,14,66,141,10,8,8,22,48,189
NTRS,Northern Trust,129.54,0,94,22,12,128,-5,36,16,14,61,189
PHM,PulteGroup,130.9,-37,67,7,66,103,-29,71,12,30,84,187
KO,Coca-Cola Company (The),66.44,-7,-23,34,183,187,5,-16,-4,15,0,187
CBRE,CBRE Group,157.12,-22,78,98,23,177,-20,-1,14,15,8,185
EXPE,Expedia Group,217.83,-6,67,55,12,128,-3,33,12,15,57,185
WTW,Willis Towers Watson,343.5,28,39,14,25,106,30,10,6,30,76,182
SYF,Synchrony Financial,74.62,-10,94,23,22,129,-10,29,14,19,52,181
D,Dominion Energy,61.02,14,92,20,2,128,24,2,16,11,53,181
BR,Broadridge Financial Solutions,236.03,-54,-8,120,146,204,-50,-16,16,26,-24,180
NOC,Northrop Grumman,586.27,7,61,16,59,143,14,-13,23,13,37,180
NSC,Norfolk Southern,293.51,52,8,17,5,82,65,2,16,15,98,180
ICE,Intercontinental Exchange,168.04,-56,-18,118,162,206,-53,-24,28,22,-27,179
PGR,Progressive Corporation,240.0,-42,-74,-2,178,60,-49,-14,-9,190,118,178
FOXA,Fox Corporation (Class A),60.15,42,30,74,2,148,-2,2,14,15,29,177
AFL,Aflac,109.33,5,30,7,59,101,5,29,-14,56,76,177
PEG,Public Service Enterprise Group,82.39,11,-16,1,153,149,23,-24,10,18,27,176
BLK,BlackRock,1127.98,0,93,23,23,139,-5,4,16,22,37,176
PANW,Palo Alto Networks,200.69,-3,14,5,82,98,-11,15,16,58,78,176
AON,Aon plc,353.75,-53,-7,0,178,118,8,-11,3,57,57,175
PFG,Principal Financial Group,81.84,17,23,3,56,99,26,18,13,19,76,175
STT,State Street Corporation,113.06,19,96,23,17,155,-4,-6,15,15,20,175
WBD,Warner Bros. Discovery,19.83,95,10,18,0,123,26,10,14,1,51,174
VLO,Valero Energy,170.82,49,23,6,45,123,20,22,15,-6,51,174
XOM,ExxonMobil,114.55,14,13,3,45,75,8,22,15,51,96,171
MTB,M&T Bank,199.43,26,23,7,23,79,39,23,14,15,91,170
DE,Deere & Company,468.94,-5,-24,55,110,136,9,-37,51,11,34,170
AEE,Ameren,100.83,11,2,62,14,89,19,-16,67,11,81,170
IVZ,Invesco,22.17,-6,70,13,3,80,-4,66,13,14,89,169
XYL,Xylem Inc.,141.46,0,94,14,23,131,-5,3,16,23,37,168
FE,FirstEnergy,44.08,11,47,12,56,126,10,1,16,15,42,168
PKG,Packaging Corporation of America,215.27,8,24,1,62,95,12,24,9,27,72,167
ITW,Illinois Tool Works,259.54,-34,0,8,179,153,-29,-1,13,30,13,166
TMUS,T-Mobile US,238.4,-7,0,0,140,133,5,-9,1,36,33,166
SYK,Stryker Corporation,370.95,-15,-9,0,160,136,-9,-6,14,30,29,165
ABT,Abbott Laboratories,133.89,50,23,62,14,149,-3,2,2,15,16,165
TTWO,Take-Two Interactive,244.22,-7,17,51,14,75,-7,24,51,21,89,164
FOX,Fox Corporation (Class B),54.3,35,30,73,2,140,-2,2,13,10,23,163
TFC,Truist Financial,45.89,15,68,7,5,95,39,1,13,15,68,163
FTNT,Fortinet,83.63,43,-38,-8,114,111,34,9,-8,14,49,160
RF,Regions Financial Corporation,26.65,-11,93,13,23,118,-17,30,14,15,42,160
MMM,3M,154.63,-7,15,80,15,103,-3,28,16,15,56,159
CCL,Carnival,30.38,-12,93,23,2,106,-5,23,14,20,52,158
PNC,PNC Financial Services,203.96,1,84,8,15,108,-4,25,13,15,49,157
CVX,Chevron Corporation,159.15,7,56,13,49,125,12,4,7,7,30,155
MET,MetLife,80.64,20,25,0,59,104,19,-1,14,19,51,155
CVS,CVS Health,76.36,30,29,16,0,75,39,33,6,1,79,154
AEP,American Electric Power,108.87,7,0,79,24,110,12,-15,29,15,41,151
F,Ford Motor Company,11.62,0,108,8,0,116,-4,28,16,-6,34,150
AMD,Advanced Micro Devices,160.87,21,0,4,111,136,26,-20,16,-8,14,150
FICO,Fair Isaac,1543.06,-33,0,-12,167,122,11,18,-34,32,27,149
KEY,KeyCorp,18.76,-5,94,14,5,108,-11,23,14,14,40,148
SNPS,Synopsys,467.81,0,-11,-3,181,167,-6,-23,14,-6,-21,146
TSCO,Tractor Supply,57.33,-21,0,13,86,78,-19,-11,10,86,66,144
NXPI,NXP Semiconductors,227.74,23,8,0,64,95,47,-6,13,-6,48,143
LNT,Alliant Energy,65.47,12,2,74,15,103,23,-13,16,14,40,143
JCI,Johnson Controls,106.53,-5,0,81,20,96,-5,16,16,19,46,142
AMP,Ameriprise Financial,491.8,0,-18,0,65,47,20,-14,14,72,92,139
CB,Chubb Limited,278.26,7,0,0,59,66,26,-1,-10,57,72,138
KR,Kroger,65.55,-49,-20,85,68,84,4,-23,56,16,53,137
PG,Procter & Gamble,152.4,-33,-3,-12,180,132,-28,26,-20,27,5,137
WYNN,Wynn Resorts,125.92,0,96,14,4,114,-9,24,16,-9,22,136
GILD,Gilead Sciences,113.67,0,0,57,36,93,5,-16,14,40,43,136
CHRW,C.H. Robinson,133.31,0,62,9,5,76,-17,55,12,9,59,135
SMCI,Supermicro,46.19,79,-18,0,59,120,7,7,11,-10,15,135
VRSN,Verisign,285.21,-5,2,42,10,49,4,15,58,8,85,134
KKR,KKR & Co.,137.94,-7,0,3,104,100,-5,5,12,22,34,134
APO,Apollo Global Management,137.15,-2,-1,-1,98,94,-4,5,12,27,40,134
PSKY,Paramount Skydance Corporation,19.1,66,30,7,-40,63,28,23,18,2,71,134
NDAQ,"Nasdaq, Inc.",87.12,-53,-2,82,145,172,-55,-18,16,15,-42,130
CMS,CMS Energy,71.66,10,0,82,24,116,14,-19,4,15,14,130
O,Realty Income,59.98,0,38,16,8,62,9,28,16,14,67,129
WAB,Wabtec,192.32,19,-2,1,50,68,-3,-10,16,57,60,128
FITB,Fifth Third Bancorp,45.18,-12,70,6,23,87,-17,27,13,17,40,127
UAL,United Airlines Holdings,101.37,-12,67,7,12,74,-5,31,10,17,53,127
DRI,Darden Restaurants,186.61,-37,-5,50,62,70,2,23,-2,31,54,124
ROST,Ross Stores,149.46,7,37,6,36,86,7,-5,5,30,37,123
NWSA,News Corp (Class A),30.22,0,8,15,59,82,-4,7,16,22,41,123
ADSK,Autodesk,323.87,13,18,5,15,51,18,18,16,20,72,123
EXE,Expand Energy,103.11,47,0,47,0,94,10,12,-5,11,28,122
EQT,EQT Corporation,53.06,14,0,47,43,104,14,-7,-1,11,17,121
CSX,CSX Corporation,33.83,56,-1,2,5,62,67,-17,16,-7,59,121
TRGP,Targa Resources,172.2,20,2,0,52,74,12,5,-26,55,46,120
SPGI,S&P Global,490.82,-35,-5,0,173,133,-35,-17,14,22,-16,117
VST,Vistra Corp.,202.13,-7,11,25,31,60,-8,5,14,46,57,117
PSX,Phillips 66,136.56,7,23,1,42,73,12,23,15,-6,44,117
CEG,Constellation Energy,339.29,24,3,22,0,49,28,4,16,20,68,117
NTAP,NetApp,123.28,-7,37,4,58,92,-16,29,13,-2,24,116
EA,Electronic Arts,167.32,-7,40,10,8,51,19,2,22,22,65,116
UBER,Uber,97.77,28,13,24,0,65,-3,5,22,27,51,116
PCAR,Paccar,96.89,-28,0,-28,160,104,-33,6,3,35,11,115
NOW,ServiceNow,932.85,-4,0,0,83,79,-14,13,14,23,36,115
JNJ,Johnson & Johnson,176.65,4,60,14,8,86,13,-3,11,7,28,114
TRMB,Trimble Inc.,79.9,-3,0,85,5,87,-6,6,14,13,27,114
EMR,Emerson Electric,131.93,0,-7,22,65,80,-8,-1,16,27,34,114
HON,Honeywell,208.6,-41,-29,-2,179,107,8,-41,16,23,6,113
MCO,Moody's Corporation,475.13,-34,-5,0,157,118,-29,-17,14,26,-6,112
UHS,Universal Health Services,199.72,21,26,1,23,71,21,30,-10,-2,39,110
EXC,Exelon,44.22,18,2,61,15,96,25,-16,-7,11,13,109
ADM,Archer Daniels Midland,61.49,5,95,8,0,108,10,-4,16,-21,1,109
REG,Regency Centers,71.38,8,2,0,54,64,14,-5,16,20,45,109
DAL,Delta Air Lines,57.7,-8,66,7,20,85,-6,-5,8,27,24,109
ES,Eversource Energy,69.1,28,4,21,0,53,26,8,16,3,53,106
DHI,D. R. Horton,167.45,-56,67,7,66,84,-56,71,10,-3,22,106
DELL,Dell Technologies,132.05,56,3,2,33,94,-5,3,16,-5,9,103
IDXX,Idexx Laboratories,626.91,-7,101,20,5,119,-12,-12,16,-9,-17,102
NCLH,Norwegian Cruise Line Holdings,25.23,-11,65,6,0,60,-2,14,9,21,42,102
AIG,American International Group,77.91,2,0,34,54,90,2,-8,-6,22,10,100
PODD,Insulet Corporation,327.0,-6,31,51,5,81,-6,-3,20,7,18,99
EQIX,Equinix,790.0,22,0,-14,35,43,36,7,-14,27,56,99
HSY,Hershey Company (The),190.88,8,60,10,0,78,16,14,10,-20,20,98
SHW,Sherwin-Williams,342.77,-63,-4,0,191,124,-55,-7,16,20,-26,98
SWKS,Skyworks Solutions,80.66,36,16,0,-31,21,41,26,13,-6,74,95
DD,DuPont,75.79,-7,65,-9,20,69,-7,23,13,-4,25,94
SCHW,Charles Schwab Corporation,92.34,-5,-1,83,12,89,-5,-21,16,15,5,94
STLD,Steel Dynamics,136.45,0,8,6,56,70,-13,22,16,-1,24,94
INTC,Intel,31.22,56,30,0,-21,65,6,29,6,-13,28,93
CRWD,CrowdStrike,476.35,0,5,51,0,56,-9,6,16,21,34,90
HBAN,Huntington Bancshares,17.36,-12,23,15,22,48,-16,23,16,17,40,88
IR,Ingersoll Rand,80.96,32,0,-27,24,29,34,13,13,-1,59,88
LVS,Las Vegas Sands,52.99,-2,94,12,3,107,-9,-8,13,-15,-19,88
MDLZ,Mondelez International,64.39,49,0,2,1,52,40,7,-1,-10,36,88
MU,Micron Technology,161.78,0,20,4,23,47,-5,29,16,1,41,88
EOG,EOG Resources,116.93,-12,-4,-4,46,26,8,-7,9,52,62,88
TXT,Textron,82.77,0,10,0,54,64,-5,18,16,-6,23,87
RMD,ResMed,274.31,18,0,23,14,55,16,-14,15,14,31,86
DLR,Digital Realty,172.02,0,4,3,23,30,12,7,16,20,55,85
INCY,Incyte,84.15,-8,80,9,0,81,-12,-4,12,8,4,85
GWW,W. W. Grainger,952.93,-28,-1,-9,95,57,-20,-4,-7,58,27,84
ROP,Roper Technologies,505.59,-14,-38,-8,183,123,-6,-55,-7,27,-41,82
USB,U.S. Bancorp,49.17,-4,27,6,5,34,-13,28,13,16,44,78
BRO,Brown & Brown,93.24,7,-103,-5,164,63,12,-9,-16,27,14,77
ECL,Ecolab,267.05,0,-5,22,23,40,12,-11,16,20,37,77
CF,CF Industries,91.66,18,1,3,5,27,22,1,16,9,48,75
VICI,Vici Properties,31.89,-91,-1,64,16,-12,3,-5,29,58,85,73
PNW,Pinnacle West Capital,87.11,9,-19,1,19,10,23,-17,28,27,61,71
IT,Gartner,263.01,62,-71,-27,0,-36,62,11,-25,58,106,70
LUV,Southwest Airlines,33.06,42,0,7,-40,9,40,2,14,5,61,70
META,Meta Platforms,760.71,-11,1,23,30,43,-19,7,14,24,26,69
ED,Consolidated Edison,98.76,13,-21,1,48,41,14,-24,-10,46,26,67
NEE,NextEra Energy,73.8,21,1,1,1,24,25,-14,16,14,41,65
MAR,Marriott International,262.16,-13,-3,0,59,43,-13,-6,13,28,22,65
MSCI,MSCI Inc.,566.7,0,4,0,15,19,12,-1,13,21,45,64
CSCO,Cisco,67.32,-7,-2,54,15,60,-16,-23,16,26,3,63
TPL,Texas Pacific Land Corporation,936.49,9,0,-15,59,53,11,-4,-11,14,10,63
APA,APA Corporation,24.42,7,34,0,-13,28,12,32,11,-20,35,63
GEN,Gen Digital,29.1,0,-8,21,17,30,7,-10,16,17,30,60
WDAY,"Workday, Inc.",241.5,42,6,-16,15,47,12,14,-10,-3,13,60
GPC,Genuine Parts Company,138.63,-34,47,7,0,20,-12,54,16,-18,40,60
HAS,Hasbro,75.22,0,0,20,4,24,15,-8,16,12,35,59
DVN,Devon Energy,35.21,7,31,-4,-6,28,9,27,15,-23,28,56
MAS,Masco,71.57,-37,60,-3,66,86,-55,-4,7,22,-30,56
NVR,"NVR, Inc.",8035.72,-55,63,-2,66,72,-55,-1,9,30,-17,55
HLT,Hilton Worldwide,263.1,-57,0,22,65,30,-11,-5,14,27,25,55
PLD,Prologis,112.83,-7,23,5,0,21,2,22,16,-6,34,55
TXN,Texas Instruments,184.43,14,-16,0,23,21,13,-12,16,17,34,55
BXP,"BXP, Inc.",75.46,0,20,4,0,24,-22,21,16,14,29,53
KEYS,Keysight Technologies,174.41,0,16,4,1,21,-4,16,14,6,32,53
AOS,A. O. Smith,71.97,-21,16,0,59,54,-29,18,16,-6,-1,53
FCX,Freeport-McMoRan,37.67,-7,-1,-1,59,50,-5,-1,16,-7,3,53
EFX,Equifax,257.43,-13,10,-10,17,4,2,10,16,19,47,51
APTV,Aptiv,85.06,35,31,7,-25,48,-4,27,16,-37,2,50
GEV,GE Vernova,628.55,2,4,2,0,8,18,5,17,0,40,48
EQR,Equity Residential,65.17,0,0,-2,14,12,12,17,-9,14,34,46
DECK,Deckers Brands,111.23,-32,20,-30,94,52,-29,17,-26,32,-6,46
FDX,FedEx,233.75,20,4,-32,33,25,14,4,8,-5,21,46
NDSN,Nordson Corporation,223.15,-12,24,0,2,14,-5,28,16,-8,31,45
PRU,Prudential Financial,103.32,-12,0,-19,56,25,-5,-7,10,20,18,43
ACGL,Arch Capital Group,90.76,3,1,-14,63,53,5,-7,-7,-1,-10,43
FANG,Diamondback Energy,144.57,20,0,-35,48,33,12,-8,10,-6,8,41
CPRT,Copart,45.39,-55,-7,-19,177,96,-54,-6,-29,29,-60,36
AVB,AvalonBay Communities,192.77,-7,0,-9,17,1,11,18,-13,16,32,33
AMZN,Amazon,220.21,-22,-2,23,22,21,-21,-2,13,21,11,32
BBY,Best Buy,74.18,0,31,-30,-7,-6,8,28,4,-3,37,31
COIN,Coinbase,321.77,-9,-3,15,0,3,-11,5,15,19,28,31
VZ,Verizon,43.18,-30,34,36,11,51,-28,-14,6,15,-21,30
CTVA,Corteva,69.6,-56,-8,59,0,-5,-19,25,16,12,34,29
ROK,Rockwell Automation,342.29,-6,10,21,16,41,-12,-5,16,-12,-13,28
HPQ,HP Inc.,27.49,-5,31,-31,0,-5,-3,32,5,-2,32,27
DDOG,Datadog,136.5,0,-1,5,0,4,-2,11,13,-1,21,25
AWK,American Water Works,136.42,0,-13,32,0,19,11,-13,-2,9,5,24
MOS,Mosaic Company (The),35.92,7,2,22,-17,14,7,13,21,-31,10,24
FRT,Federal Realty Investment Trust,99.16,-37,26,-3,2,-12,2,26,7,-2,33,21
ESS,Essex Property Trust,264.37,-7,0,-1,15,7,-6,14,-9,15,14,21
CI,Cigna,291.43,-56,0,-3,59,0,2,28,-9,-2,19,19
SJM,J.M. Smucker Company (The),110.32,13,1,1,-5,10,31,-5,4,-24,6,16
AES,AES Corporation,13.36,23,3,0,-12,14,28,-15,12,-25,0,14
SBUX,Starbucks,84.26,20,-16,-7,0,-3,28,-24,4,8,16,13
MHK,Mohawk Industries,127.85,-42,56,-1,-12,1,-54,60,8,-2,12,13
HST,Host Hotels & Resorts,17.36,-22,26,4,3,11,-29,23,14,-7,1,12
BA,Boeing,215.15,-1,-9,14,0,4,11,-8,16,-12,7,11
DVA,DaVita,133.59,9,-22,-9,21,-1,26,-8,-26,20,12,11
VRSK,Verisk Analytics,242.86,-77,-42,-2,115,-6,3,-8,-8,29,16,10
OMC,Omnicom Group,77.09,2,31,-33,2,2,11,-4,3,-2,8,10
EG,Everest Group,345.54,7,1,-42,56,22,13,23,-43,-6,-13,9
KIM,Kimco Realty,21.62,-76,31,0,56,11,-54,23,14,15,-2,9
UNH,UnitedHealth Group,351.78,14,16,-24,0,6,12,28,-37,-2,1,7
XYZ,"Block, Inc.",76.52,1,7,2,-37,-27,14,-9,10,14,29,2
EIX,Edison International,55.04,-7,38,-38,0,-7,2,3,6,-2,9,2
CTRA,Coterra,23.74,-29,-4,-11,45,1,6,-3,-18,14,-1,0
HSIC,Henry Schein,67.78,-3,-1,-11,0,-15,14,-2,-1,4,15,0
ELV,Elevance Health,326.24,31,0,-50,-3,-22,37,2,-16,-4,19,-3
VRTX,Vertex Pharmaceuticals,376.71,-40,-36,-8,105,21,-46,-5,-12,38,-25,-4
OKE,Oneok,73.65,7,-38,-19,55,5,7,-38,-31,52,-10,-5
OXY,Occidental Petroleum,46.88,1,24,-61,0,-36,9,26,12,-17,30,-6
SOLV,Solventum,71.81,-7,-1,0,0,-8,-24,13,12,0,1,-7
CRM,Salesforce,245.88,2,0,-19,23,6,-5,-3,-27,22,-13,-7
MOH,Molina Healthcare,190.72,7,0,-19,-3,-15,12,20,-15,-9,8,-7
APD,Air Products,272.33,-15,-2,-1,17,-1,-18,-7,8,11,-6,-7
IPG,Interpublic Group of Companies (The),26.33,2,46,-49,0,-1,11,-4,4,-18,-7,-8
HAL,Halliburton,24.44,18,20,-69,0,-31,14,18,1,-10,23,-8
CPT,Camden Property Trust,107.2,-1,-1,-1,0,-3,-6,-2,-9,12,-5,-8
DIS,Walt Disney Company (The),113.44,-37,-9,21,-1,-26,2,-5,16,4,17,-9
MCHP,Microchip Technology,65.82,3,-13,0,0,-10,6,-14,16,-8,0,-10
DAY,Dayforce,68.83,-34,27,6,-13,-14,-25,23,6,-1,3,-11
IP,International Paper,46.25,-11,-17,0,17,-11,-21,-9,9,17,-4,-15
DOC,Healthpeak Properties,18.66,20,15,-23,-32,-20,12,18,-38,10,2,-18
GPN,Global Payments,87.12,25,46,-33,-40,-2,-4,-5,4,-11,-16,-18
GEHC,GE HealthCare,73.96,-32,14,-26,0,-44,-3,15,5,9,26,-18
A,Agilent Technologies,124.41,-11,20,-29,0,-20,-26,26,7,-6,1,-19
DOV,Dover Corporation,167.28,-63,-19,-9,107,16,-58,-10,12,20,-36,-20
ZBRA,Zebra Technologies,308.48,-9,-3,-8,-8,-28,-19,2,10,14,7,-21
MAA,Mid-America Apartment Communities,140.39,0,-40,-3,0,-43,25,-3,-14,12,20,-23
ISRG,Intuitive Surgical,443.84,0,-40,-9,23,-26,28,-48,-4,27,3,-23
ON,ON Semiconductor,50.93,45,-19,-43,-2,-19,-5,5,12,-16,-4,-23
VLTO,Veralto,105.59,-29,0,8,0,-21,-25,7,15,0,-3,-24
LEN,Lennar,125.7,-57,1,-3,65,6,-29,-4,7,-4,-30,-24
TMO,Thermo Fisher Scientific,469.25,-18,45,-28,0,-1,-17,-5,1,-4,-25,-26
EW,Edwards Lifesciences,74.65,-6,-9,0,-15,-30,9,-7,36,-36,2,-28
VTRS,Viatris,9.7,-13,1,-3,-1,-16,-11,-7,8,-2,-12,-28
NUE,Nucor,136.39,-37,0,0,0,-37,10,-6,13,-9,8,-29
BG,Bunge Global,78.99,-37,0,0,0,-37,8,-11,16,-6,7,-30
WAT,Waters Corporation,292.55,-9,-2,-11,0,-22,-23,23,-26,15,-11,-33
CSGP,CoStar Group,84.05,-25,-1,12,15,1,-29,-24,29,-10,-34,-33
SWK,Stanley Black & Decker,75.09,-22,60,-35,-40,-37,-29,29,5,-3,2,-35
GNRC,Generac,167.38,-14,0,9,-35,-40,-5,-14,13,11,5,-35
COP,ConocoPhillips,95.62,7,2,-51,3,-39,12,-8,8,-9,3,-36
CMG,Chipotle Mexican Grill,39.53,0,-44,-12,81,25,-5,-45,-10,-1,-61,-36
WST,West Pharmaceutical Services,259.94,6,14,-33,-8,-21,-29,15,7,-9,-16,-37
OTIS,Otis Worldwide,88.73,-12,-4,-10,0,-26,-25,6,-20,27,-12,-38
TSN,Tyson Foods,54.46,0,0,-7,-29,-36,11,-9,-17,12,-3,-39
CTSH,Cognizant,68.41,-24,-40,-9,15,-58,12,-5,-9,19,17,-41
TROW,T. Rowe Price,103.43,-11,0,0,-26,-37,-11,-6,12,-1,-6,-43
CPB,Campbell's Company (The),33.72,13,16,-38,-7,-16,14,10,-45,-6,-27,-43
PAYX,Paychex,128.27,-119,-40,-2,168,7,-28,-33,-7,15,-53,-46
ARE,Alexandria Real Estate Equities,85.89,0,31,-43,-31,-43,11,20,1,-36,-4,-47
HOLX,Hologic,66.39,-3,0,-41,0,-44,11,-16,9,-8,-4,-48
MGM,MGM Resorts,34.54,-21,-3,-3,0,-27,-19,-9,13,-10,-25,-52
PEP,PepsiCo,142.19,0,0,-48,0,-48,9,-8,5,-14,-8,-56
REGN,Regeneron Pharmaceuticals,576.5,-11,31,-47,0,-27,-14,-13,2,-5,-30,-57
EXR,Extra Space Storage,137.66,-37,-3,-9,0,-49,-54,14,16,14,-10,-59
CPAY,Corpay,296.17,-34,-38,-4,22,-54,-28,-7,4,26,-5,-59
CNC,Centene Corporation,34.65,14,0,-50,-12,-48,12,24,-19,-29,-12,-60
PSA,Public Storage,280.66,-58,0,-17,2,-73,2,-4,16,-1,13,-60
SW,Smurfit Westrock,43.24,-84,-9,-3,17,-79,-3,-3,6,18,18,-61
PYPL,PayPal,67.86,0,-29,-9,-40,-78,-5,2,9,10,16,-62
KDP,Keurig Dr Pepper,26.25,-21,-22,-5,-1,-49,-21,-16,24,-1,-14,-63
GDDY,GoDaddy,143.22,-14,-54,-9,23,-54,-6,-1,-25,23,-9,-63
FTV,Fortive,48.19,-6,-4,-27,0,-37,-5,10,-23,-9,-27,-64
ABNB,Airbnb,123.08,-3,-34,-9,0,-46,-10,-8,6,-6,-18,-64
DG,Dollar General,104.5,-28,-4,0,-18,-50,2,-19,28,-27,-16,-66
K,Kellanova,76.96,-40,-6,0,22,-24,-39,-5,-13,14,-43,-67
TTD,Trade Desk (The),46.88,0,-33,-33,-2,-68,19,-25,7,-1,0,-68
DLTR,Dollar Tree,95.91,-28,-13,0,-16,-57,2,-22,31,-23,-12,-69
CLX,Clorox,123.1,-29,-4,-23,-6,-62,2,10,-33,14,-7,-69
EL,EstÃ©e Lauder Companies (The),85.32,-7,0,0,-27,-34,-5,-10,14,-36,-37,-71
PFE,Pfizer,24.07,0,-4,-5,-24,-33,-10,-12,13,-29,-38,-71
MTD,Mettler Toledo,1243.01,-19,0,-29,0,-48,-23,-8,10,-6,-27,-75
PAYC,Paycom,217.52,0,-22,25,-25,-22,-9,-25,16,-38,-56,-78
IQV,IQVIA,181.26,-10,0,-46,-1,-57,-21,-1,8,-7,-21,-78
KHC,Kraft Heinz,26.74,14,-13,-48,0,-47,30,-31,-20,-11,-32,-79
GIS,General Mills,51.12,16,0,-47,-5,-36,8,10,-43,-20,-45,-81
SLB,Schlumberger,34.61,-2,0,-76,0,-78,11,22,-27,-11,-5,-83
CCI,Crown Castle,93.68,-3,-21,-2,-29,-55,-2,-32,-1,6,-29,-84
BDX,Becton Dickinson,186.03,-22,34,-34,-6,-28,-7,-9,-25,-16,-57,-85
TECH,Bio-Techne,51.26,-7,-1,-33,-25,-66,-4,-9,1,-7,-19,-85
KMB,Kimberly-Clark,123.92,-63,-9,-5,19,-58,-22,-16,-17,27,-28,-86
BLDR,Builders FirstSource,119.23,-56,-3,-34,66,-27,-56,-5,6,-4,-59,-86
MTCH,Match Group,36.1,-17,0,10,-38,-45,-13,-1,11,-39,-42,-87
DXCM,Dexcom,67.5,-48,-22,-5,-15,-90,1,-5,16,-10,2,-88
LULU,Lululemon Athletica,179.23,21,-76,-17,-4,-76,39,-14,-26,-13,-14,-90
ERIE,Erie Indemnity,314.03,-55,-17,-23,40,-55,-5,-21,-41,32,-35,-90
POOL,Pool Corporation,310.85,-27,-1,-29,-7,-64,-29,7,3,-10,-29,-93
DHR,Danaher Corporation,185.91,-16,-12,-35,-1,-64,-19,-15,9,-5,-30,-94
AMT,American Tower,192.89,-3,-36,-3,-1,-43,-28,-35,-1,12,-52,-95
TYL,Tyler Technologies,522.88,-77,-23,-1,18,-83,-13,-25,7,19,-12,-95
ZBH,Zimmer Biomet,98.97,-10,34,-3,-18,3,-5,-7,-70,-19,-101,-98
FI,Fiserv,130.6,-33,-53,-20,36,-70,-24,-13,-21,28,-30,-100
MRNA,Moderna,25.89,35,-35,-61,-5,-66,42,-36,-1,-40,-35,-101
COO,Cooper Companies (The),68.36,20,-19,-33,-6,-38,-7,-14,-38,-4,-63,-101
PCG,PG&E Corporation,14.65,-37,-1,-36,2,-72,9,-2,-35,-2,-30,-102
ADBE,Adobe Inc.,353.29,-7,0,-42,-7,-56,-7,9,-46,-6,-50,-106
HUM,Humana,261.87,-80,3,-2,-13,-92,7,-5,2,-21,-17,-109
JBHT,J.B. Hunt,132.88,-37,-19,-37,-1,-94,1,-12,6,-11,-16,-110
BEN,Franklin Resources,23.58,-98,0,14,0,-84,-11,-11,16,-23,-29,-113
AKAM,Akamai Technologies,76.23,-19,1,-32,-8,-58,-11,-1,-32,-11,-55,-113
ALB,Albemarle Corporation,81.59,56,10,-134,-24,-92,-9,1,10,-26,-24,-116
LII,Lennox International,522.48,-63,-22,-3,39,-49,-60,-35,-1,28,-68,-117
BIIB,Biogen,137.68,-28,30,-90,-28,-116,-28,37,3,-19,-7,-123
KVUE,Kenvue,16.84,-40,-22,-4,0,-66,-21,-32,-9,4,-58,-124
INVH,Invitation Homes,29.22,-57,-44,-14,0,-115,-7,-9,-9,15,-10,-125
CDW,CDW Corporation,160.46,-35,-36,-48,0,-119,-5,-1,8,-9,-7,-126
ACN,Accenture,239.07,-16,-55,-29,-1,-101,-12,-9,-25,20,-26,-127
CL,Colgate-Palmolive,81.14,-77,-55,-12,24,-120,2,-16,-20,27,-7,-127
SBAC,SBA Communications,195.22,-3,-36,-5,-21,-65,-28,-36,-4,6,-62,-127
CRL,Charles River Laboratories,149.48,-13,-9,-60,-27,-109,-19,-3,12,-9,-19,-128
PPG,PPG Industries,105.48,-15,-3,-52,-9,-79,-49,-9,16,-9,-51,-130
AMCR,Amcor,7.99,-19,-29,-7,-1,-56,-28,-38,-7,-3,-76,-132
AVY,Avery Dennison,162.26,-37,-22,-41,0,-100,-29,-13,13,-6,-35,-135
CARR,Carrier Global,58.97,-73,-37,-5,0,-115,-33,-33,16,27,-23,-138
EMN,Eastman Chemical Company,63.84,-37,-3,-27,-2,-69,-29,-5,-41,-3,-78,-147
MRK,Merck & Co.,79.65,-61,-1,-53,-1,-116,-19,-7,1,-7,-32,-148
DPZ,Domino's,425.24,-77,-36,-2,11,-104,-56,-6,-1,19,-44,-148
EPAM,EPAM Systems,156.43,0,-11,-32,-28,-71,-10,-9,-23,-38,-80,-151
LW,Lamb Weston,53.78,-28,0,-78,-9,-115,-33,-2,9,-15,-41,-156
CHTR,Charter Communications,263.4,-3,-43,-10,-37,-93,-3,-48,-10,-2,-63,-156
BMY,Bristol Myers Squibb,44.15,-61,-4,-6,-6,-77,-58,-8,-20,6,-80,-157
WY,Weyerhaeuser,24.6,-63,-9,-29,0,-101,7,-13,-41,-9,-56,-157
BALL,Ball Corporation,48.71,-37,-28,-9,-12,-86,-48,-36,16,-6,-74,-160
UDR,"UDR, Inc.",37.06,-63,-39,-4,-1,-107,-55,-7,-11,14,-59,-166
DOW,Dow Inc.,23.13,-34,-3,-49,-2,-88,-29,19,-64,-9,-83,-171
LKQ,LKQ Corporation,30.38,-55,-8,-12,-3,-78,-55,-1,-20,-18,-94,-172
FIS,Fidelity National Information Services,64.13,-37,-36,-8,-38,-119,-28,-38,-3,12,-57,-176
CAG,Conagra Brands,18.52,-37,-8,-38,-8,-91,-29,-12,-20,-24,-85,-176
IEX,IDEX Corporation,159.69,-29,-40,-34,-3,-106,-21,-11,-34,-7,-73,-179
RVTY,Revvity,84.5,-7,-40,-26,-25,-98,-10,-45,-31,4,-82,-180
KMX,CarMax,57.06,-37,-4,-25,-37,-103,-46,-2,-29,-1,-78,-181
JKHY,Jack Henry & Associates,151.5,-37,-39,-9,-1,-86,-32,-70,-9,12,-99,-185
ODFL,Old Dominion,141.04,-63,-40,-32,0,-135,2,-14,-37,-2,-51,-186
NKE,"Nike, Inc.",71.21,-124,0,-4,-22,-150,-7,-12,13,-37,-43,-193
CMCSA,Comcast,31.6,-79,-41,-41,-10,-171,-3,-5,-8,-9,-25,-196
HRL,Hormel Foods,24.72,-24,-49,-16,-24,-113,-21,-45,-3,-31,-100,-213
BF-B,Brownâ€“Forman,27.62,2,-16,-109,-19,-142,4,-10,-41,-29,-76,-218
ZTS,Zoetis,141.61,-119,-12,-41,-4,-176,-35,-13,-8,-6,-62,-238
TAP,Molson Coors Beverage Company,45.32,-91,-11,-19,-1,-122,-87,-13,-20,-4,-124,-246
MKC,McCormick & Company,65.19,-64,-55,-12,-3,-134,-55,-54,-20,11,-118,-252
LYB,LyondellBasell,51.38,-55,-38,-50,-6,-149,-29,-3,-64,-8,-104,-253
IFF,International Flavors & Fragrances,62.53,-63,-40,-29,-32,-164,-52,-6,-41,-2,-101,-265
UPS,United Parcel Service,83.91,-6,-41,-112,-17,-176,-1,-13,-40,-35,-89,-265
FDS,FactSet,286.16,-77,-47,-11,-1,-136,-76,-43,-9,-2,-130,-266
TGT,Target Corporation,88.31,-175,-19,-37,-12,-243,1,-25,4,-7,-27,-270
ALGN,Align Technology,128.11,-65,-39,-73,-26,-203,-9,-13,-9,-39,-70,-273
BAX,Baxter International,22.55,-48,-55,-29,-39,-171,-68,-8,-20,-42,-138,-309
STZ,Constellation Brands,133.33,-197,-22,-51,-4,-274,-111,-25,-67,-9,-212,-486
