Symbol,Name,Close,1H Cloud Score,1D Cloud Score,1W Cloud Score,1M Cloud Score,Cloud Score Sum,1H TKx Score,1D TKx Score,1W TKx Score,1M TKx Score,TKx Score Sum,Total Score Sum
TJX,TJX Companies,143.81,28,54,157,200,439,-6,-4,126,195,311,750
ORLY,Oâ€™Reilly Automotive,101.58,-8,0,172,201,365,-14,-5,63,91,135,500
MPWR,Monolithic Power Systems,1004.65,35,111,12,159,317,104,55,19,2,180,497
AAPL,Apple Inc.,252.3,3,78,7,253,341,3,46,11,73,133,474
COR,Cencora,324.71,51,34,53,77,215,59,43,64,70,236,451
APH,Amphenol,125.68,21,124,28,67,240,19,126,19,29,193,433
JPM,JPMorgan Chase,297.62,-12,113,132,160,393,-8,-4,19,28,35,428
WRB,W. R. Berkley Corporation,74.05,-19,37,103,178,299,-13,50,33,57,127,426
PLTR,Palantir Technologies,178.14,0,124,125,0,249,-3,22,128,22,169,418
DUK,Duke Energy,128.55,77,11,85,185,358,-3,13,31,18,59,417
NRG,NRG Energy,168.76,11,26,112,96,245,-1,25,122,23,169,414
SO,Southern Company,97.79,0,11,85,192,288,-5,12,32,81,120,408
WELL,Welltower,175.1,9,5,125,60,199,25,-4,142,26,189,388
GOOG,Alphabet Inc. (Class C),253.82,26,100,16,178,320,27,2,13,23,65,385
GOOGL,Alphabet Inc. (Class A),253.32,26,100,17,178,321,27,-6,14,23,58,379
RL,Ralph Lauren Corporation,327.69,13,113,103,36,265,21,42,19,28,110,375
HWM,Howmet Aerospace,189.64,5,28,157,31,221,-6,-1,101,59,153,374
ETR,Entergy,95.83,-1,21,85,139,244,-4,20,98,16,130,374
BSX,Boston Scientific,99.24,21,-26,153,146,294,19,-20,19,59,77,371
CAT,Caterpillar Inc.,527.1,35,110,17,66,228,27,35,17,59,138,366
DTE,DTE Energy,141.95,3,19,83,191,296,-3,16,36,15,64,360
MNST,Monster Beverage,70.23,14,50,35,182,281,17,24,28,6,75,356
EXC,Exelon,47.79,137,14,64,16,231,96,13,3,12,124,355
MCD,McDonald's,307.98,29,0,1,244,274,37,-22,7,59,81,355
WMT,Walmart,107.74,29,35,136,103,303,-2,3,19,31,51,354
L,Loews Corporation,98.84,-20,111,121,57,269,-15,46,19,26,76,345
IBM,IBM,281.25,0,22,118,56,196,-5,30,65,58,148,344
NEM,Newmont,90.77,35,135,28,7,205,-1,97,28,12,136,341
KLAC,KLA Corporation,1107.05,15,30,23,179,247,23,24,19,28,94,341
AVGO,Broadcom,349.42,35,114,28,118,295,-4,-7,19,32,40,335
WEC,WEC Energy Group,116.85,77,67,64,15,223,-3,24,77,13,111,334
ATO,Atmos Energy,176.4,3,51,83,47,184,-6,13,94,47,148,332
YUM,Yum! Brands,145.25,0,-7,0,261,254,19,-6,3,59,75,329
ROL,"Rollins, Inc.",55.82,-48,-3,40,288,277,-18,-2,32,37,49,326
MS,Morgan Stanley,158.68,21,111,85,66,283,-1,3,19,18,39,322
CNP,CenterPoint Energy,39.63,28,65,58,47,198,24,23,52,17,116,314
TPR,"Tapestry, Inc.",116.82,27,111,89,23,250,-2,28,17,21,64,314
WDC,Western Digital,126.19,3,111,21,20,155,13,122,19,5,159,314
TEL,TE Connectivity,222.97,16,117,25,64,222,19,32,19,20,90,312
J,Jacobs Solutions,155.38,26,109,15,108,258,-5,20,16,21,52,310
DGX,Quest Diagnostics,189.48,25,50,77,20,172,42,1,77,16,136,308
MSI,Motorola Solutions,445.1,-20,-3,10,155,142,-15,-17,10,187,165,307
EME,Emcor,688.7,5,111,26,60,202,-1,30,17,59,105,307
ANET,Arista Networks,143.1,-30,96,16,60,142,-1,92,15,58,164,306
LLY,Lilly (Eli),802.58,-13,16,-1,174,176,-5,33,1,98,127,303
PPL,PPL Corporation,37.44,0,69,85,25,179,-5,15,97,16,123,302
GLW,Corning Inc.,84.49,-6,110,28,19,151,-2,117,17,16,148,299
COST,Costco,936.11,7,-22,0,182,167,-10,-33,-11,186,132,299
MMC,Marsh McLennan,189.63,-14,-2,-12,177,149,-21,9,-20,180,148,297
PWR,Quanta Services,434.02,35,18,26,101,180,-2,22,19,74,113,293
ORCL,Oracle Corporation,291.3,0,28,20,200,248,-1,-3,19,29,44,292
EVRG,Evergy,77.98,3,92,67,16,178,-5,20,86,12,113,291
GD,General Dynamics,331.2,-37,133,17,56,169,-44,88,19,59,122,291
GE,GE Aerospace,300.23,11,122,28,29,190,-2,33,39,31,101,291
HUBB,Hubbell Incorporated,425.77,27,-1,10,184,220,-2,-17,15,73,69,289
MCK,McKesson Corporation,786.22,47,22,51,60,180,-1,39,1,69,108,288
RTX,RTX Corporation,157.95,-45,110,86,56,207,-47,19,93,16,81,288
V,Visa Inc.,341.88,-18,-2,146,135,261,-12,11,-2,28,25,286
BK,BNY Mellon,105.99,-7,113,103,42,251,-4,-1,19,21,35,286
STE,Steris,240.19,3,0,23,197,223,19,-17,31,27,60,283
WMB,Williams Companies,62.44,-14,22,121,54,183,-5,27,19,59,100,283
SRE,Sempra,91.29,-13,66,9,183,245,-4,21,17,1,35,280
AZO,AutoZone,4033.02,-10,0,103,88,181,-16,-8,63,59,98,279
URI,United Rentals,979.92,3,111,16,66,196,-2,8,17,59,82,278
GRMN,Garmin,249.06,-20,84,121,21,206,-12,45,15,23,71,277
NI,NiSource,43.24,0,18,83,47,148,-4,18,98,16,128,276
CBOE,Cboe Global Markets,239.8,-14,0,153,57,196,-19,14,31,53,79,275
LHX,L3Harris,283.85,-38,133,21,7,123,-12,126,21,16,151,274
JNJ,Johnson & Johnson,193.24,117,77,17,9,220,19,12,14,8,53,273
ADI,Analog Devices,242.88,14,1,20,181,216,26,-16,19,28,57,273
ABBV,AbbVie,229.6,-31,63,26,60,118,3,70,12,66,151,269
CMS,CMS Energy,74.77,113,10,85,25,233,-3,13,7,16,33,266
AMAT,Applied Materials,225.0,31,22,4,151,208,25,22,17,-7,57,265
AMD,Advanced Micro Devices,233.15,93,10,7,112,222,21,12,19,-9,43,265
DASH,DoorDash,263.07,-11,110,106,0,205,-5,25,19,20,59,264
MSFT,Microsoft,513.51,0,0,25,175,200,-4,19,19,27,61,261
LYV,Live Nation Entertainment,155.2,7,-8,103,149,251,-10,-16,18,18,10,261
KO,Coca-Cola Company (The),68.45,32,0,3,184,219,26,5,-7,16,40,259
CDNS,Cadence Design Systems,326.11,-50,-6,26,143,113,-46,-9,19,182,146,259
GILD,Gilead Sciences,122.84,65,9,60,37,171,26,3,17,41,87,258
HCA,HCA Healthcare,426.11,4,50,12,99,165,19,18,25,31,93,258
CHD,Church & Dwight,88.49,1,-59,-25,346,263,12,-22,-23,27,-6,257
ETN,Eaton Corporation,373.3,-13,21,17,116,141,-5,28,17,74,114,255
XEL,Xcel Energy,81.15,3,67,60,14,144,-4,36,68,11,111,255
EBAY,eBay Inc.,92.03,14,0,86,16,116,25,3,91,18,137,253
VTR,Ventas,70.62,14,67,81,24,186,22,14,13,17,66,252
WM,Waste Management,215.48,-23,-40,0,189,126,-30,-3,-3,161,125,251
MA,Mastercard,561.07,-47,-6,135,157,239,-13,-24,19,28,10,249
PEG,Public Service Enterprise Group,84.76,28,0,4,154,186,27,15,-1,19,60,246
TRV,Travelers Companies (The),262.03,-48,-2,100,60,110,-13,58,33,58,136,246
HD,Home Depot (The),391.91,9,0,10,182,201,27,-14,11,21,45,246
AEE,Ameren,105.52,21,19,66,15,121,28,13,71,12,124,245
IBKR,Interactive Brokers,66.2,-22,22,98,59,157,-10,21,17,59,87,244
UNP,Union Pacific Corporation,226.05,-4,1,-2,200,195,2,19,4,21,46,241
LRCX,Lam Research,141.54,0,33,18,154,205,-2,25,19,-7,35,240
ALLE,Allegion,177.49,16,123,18,23,180,19,-2,19,24,60,240
TTWO,Take-Two Interactive,261.28,21,34,54,15,124,-2,41,54,22,115,239
AMGN,Amgen,298.81,5,13,1,167,186,-4,7,7,38,48,234
NFLX,Netflix,1199.37,0,-4,125,22,143,-30,2,96,22,90,233
VMC,Vulcan Materials Company,295.43,-14,63,15,62,126,-12,71,19,29,107,233
AME,Ametek,185.46,6,0,13,108,127,-2,-15,19,103,105,232
ALL,Allstate,195.93,-49,-3,106,161,215,-21,-2,20,19,16,231
ITW,Illinois Tool Works,249.4,0,-8,11,180,183,19,-18,16,31,48,231
TT,Trane Technologies,415.76,-14,-2,25,166,175,-10,14,19,31,54,229
LOW,Lowe's,244.71,13,0,1,168,182,27,-14,10,21,44,226
KR,Kroger,69.0,61,-37,88,69,181,26,2,-1,17,44,225
NVDA,Nvidia,183.24,-28,22,23,136,153,3,20,19,28,70,223
CTAS,Cintas,188.11,-65,-45,-2,169,57,-14,-7,-2,189,166,223
APP,AppLovin,599.03,0,56,114,0,170,21,-5,15,20,51,221
PNR,Pentair,108.81,-6,111,18,64,187,-7,-2,17,26,34,221
BLK,BlackRock,1161.4,-2,110,26,24,158,-3,21,19,23,60,218
CVS,CVS Health,82.53,42,46,19,1,108,47,50,9,2,108,216
CME,CME Group,267.98,0,-2,63,138,199,-19,15,-1,21,16,215
LMT,Lockheed Martin,495.26,-21,37,0,167,183,-7,39,4,-4,32,215
LH,Labcorp,285.96,16,61,64,17,158,21,-1,17,20,57,215
PTC,PTC Inc.,202.88,8,0,15,184,207,-9,-27,16,28,8,215
SYK,Stryker Corporation,374.37,8,-26,2,161,145,21,1,17,31,70,215
AJG,Arthur J. Gallagher & Co.,280.59,-49,-3,-1,188,135,-18,-2,-11,109,78,213
T,AT&T,26.33,3,-13,79,18,87,22,-16,103,17,126,213
IRM,Iron Mountain,104.6,2,25,5,59,91,19,24,19,58,120,211
HOOD,Robinhood Markets,129.94,-28,113,90,0,175,-33,30,19,20,36,211
NEE,NextEra Energy,84.53,140,18,4,2,164,-3,14,19,15,45,209
STX,Seagate Technology,225.42,0,111,23,24,158,13,-1,19,20,51,209
ULTA,Ulta Beauty,533.52,-36,121,21,6,112,-39,124,21,-11,95,207
CAH,Cardinal Health,156.41,2,16,64,40,122,-5,30,1,59,85,207
FSLR,First Solar,231.96,21,76,4,64,165,-2,31,19,-8,40,205
AEP,American Electric Power,117.5,28,14,82,25,149,-5,12,32,16,55,204
BR,Broadridge Financial Solutions,228.96,-22,-25,123,147,223,-12,-33,-1,27,-19,204
XYL,Xylem Inc.,145.94,-1,111,17,24,151,-12,20,19,24,51,202
TER,Teradyne,138.12,-1,82,4,4,89,-4,112,12,-7,113,202
PSA,Public Storage,307.75,104,16,1,3,124,49,11,19,-2,77,201
LDOS,Leidos,184.53,-37,123,11,25,122,-45,80,22,21,78,200
SNA,Snap-on,339.74,3,32,7,61,103,-1,26,12,59,96,199
AXP,American Express,346.51,7,40,26,101,174,-10,-8,17,23,22,196
AXON,Axon Enterprise,670.68,-26,-27,154,96,197,-38,-18,19,32,-5,192
IVZ,Invesco,22.79,-19,87,16,4,88,-10,83,16,15,104,192
HII,Huntington Ingalls Industries,279.96,-13,150,17,8,162,-15,30,25,-11,29,191
WFC,Wells Fargo,83.27,27,4,101,31,163,-2,-10,19,21,28,191
CEG,Constellation Energy,386.43,91,16,25,0,132,-2,21,19,21,59,191
CBRE,CBRE Group,157.14,21,0,101,24,146,27,-18,17,16,42,188
NDAQ,"Nasdaq, Inc.",88.59,-12,-19,85,146,200,-12,-35,19,16,-12,188
MDT,Medtronic,95.78,-13,78,20,3,88,-20,92,12,15,99,187
JBL,Jabil,209.35,11,-11,28,67,95,21,-9,20,59,91,186
AFL,Aflac,107.73,-20,47,10,60,97,-18,46,3,57,88,185
FE,FirstEnergy,46.96,0,64,15,57,136,-5,18,19,16,48,184
C,Citigroup,97.08,5,111,28,20,164,-10,-6,19,16,19,183
JCI,Johnson Controls,108.84,3,4,84,21,112,-2,33,19,20,70,182
ROST,Ross Stores,156.34,35,54,9,37,135,-5,13,8,31,47,182
INTU,Intuit,661.8,0,-42,26,193,177,-10,-6,-1,22,5,182
MU,Micron Technology,202.41,16,37,7,24,84,27,46,19,2,94,178
PANW,Palo Alto Networks,207.93,-18,31,8,83,104,-36,32,19,59,74,178
SPG,Simon Property Group,178.12,0,80,10,37,127,15,-4,17,23,51,178
TSCO,Tractor Supply,55.22,25,-17,16,87,111,-6,-28,13,87,66,177
MLM,Martin Marietta Materials,625.4,-11,66,15,62,132,-12,8,19,29,44,176
AIZ,Assurant,209.08,-20,0,10,154,144,-14,14,11,21,32,176
TSLA,"Tesla, Inc.",439.27,5,50,7,12,74,21,56,13,12,102,176
PGR,Progressive Corporation,225.6,-46,-91,-2,179,40,-39,-5,-12,191,135,175
HIG,Hartford (The),124.46,-49,-2,103,59,111,-19,-6,30,58,63,174
D,Dominion Energy,60.57,-8,109,23,3,127,-4,19,19,12,46,173
EXPE,Expedia Group,214.73,-1,84,58,13,154,-11,-1,15,16,19,173
TKO,TKO Group Holdings,189.29,-58,49,80,42,113,-5,-7,19,52,59,172
LIN,Linde plc,450.81,-51,-7,22,112,76,-18,-13,19,108,96,172
PNW,Pinnacle West Capital,93.16,102,9,3,20,134,-4,12,-2,28,34,168
CMI,Cummins,411.83,-41,83,14,67,123,-2,-1,15,32,44,167
CSCO,Cisco,70.12,8,3,57,16,84,19,14,19,27,79,163
INCY,Incyte,87.56,21,97,12,1,131,-4,8,15,9,28,159
AON,Aon plc,346.72,-36,-7,0,179,136,-14,-28,6,58,22,158
PG,Procter & Gamble,151.39,7,-20,-15,181,153,14,-14,-23,28,5,158
EXPD,Expeditors International,119.93,5,0,1,133,139,23,-14,15,-5,19,158
LNT,Alliant Energy,68.07,3,19,77,16,115,-5,13,19,15,42,157
CINF,Cincinnati Financial,152.94,-36,1,94,64,123,-48,45,19,17,33,156
BX,Blackstone Inc.,156.27,-6,-2,1,144,137,-9,-10,14,23,18,155
RCL,Royal Caribbean Group,300.23,-14,-8,130,30,138,-11,-21,19,29,16,154
NOC,Northrop Grumman,594.51,-19,78,19,60,138,-37,12,26,14,15,153
RSG,Republic Services,219.86,-21,-57,0,179,101,-18,-82,-10,162,52,153
TDY,Teledyne Technologies,562.34,-42,110,61,16,145,-54,25,19,17,7,152
FICO,Fair Isaac,1611.9,-55,12,-2,168,123,-2,35,-37,33,29,152
HPE,Hewlett Packard Enterprise,22.95,-15,1,10,44,40,-7,44,16,56,109,149
KMI,Kinder Morgan,27.38,-58,0,101,46,89,-10,-2,17,54,59,148
BKNG,Booking Holdings,5062.82,-21,-15,145,37,146,-17,-28,19,28,2,148
NTAP,NetApp,119.07,27,54,7,59,147,-5,-8,16,-3,0,147
PCAR,Paccar,94.69,0,-8,-31,161,122,-4,-14,6,36,24,146
EA,Electronic Arts,200.3,0,57,13,9,79,-1,19,25,23,66,145
PLD,Prologis,124.11,21,40,8,1,70,24,39,19,-7,75,145
O,Realty Income,59.95,7,55,19,9,90,26,-6,19,15,54,144
UHS,Universal Health Services,204.6,3,43,1,24,71,19,47,3,1,70,141
WAB,Wabtec,194.22,-1,0,4,51,54,-5,14,19,58,86,140
VRTX,Vertex Pharmaceuticals,416.82,7,0,-11,106,102,5,9,-15,39,38,140
GS,Goldman Sachs,750.84,-52,0,101,60,109,-7,-4,19,23,31,140
FFIV,"F5, Inc.",300.37,-19,-2,103,16,98,-21,24,19,19,41,139
BAC,Bank of America,51.3,21,44,26,20,111,-2,-6,19,16,27,138
TDG,TransDigm Group,1265.79,-20,-47,6,159,98,-14,-4,-2,59,39,137
TMUS,T-Mobile US,229.33,5,-17,0,141,129,-4,-26,1,37,8,137
COF,Capital One,211.35,3,-8,103,23,121,-10,-14,19,20,15,136
SCHW,Charles Schwab Corporation,94.13,7,-2,86,13,104,-5,2,19,16,32,136
SPGI,S&P Global,473.1,-16,-22,0,174,136,-12,-34,17,23,-6,130
STLD,Steel Dynamics,142.74,-13,25,9,57,78,-10,39,19,1,49,127
MO,Altria,65.04,-35,1,79,47,92,-30,11,35,18,34,126
DAL,Delta Air Lines,59.65,49,4,10,21,84,-2,5,11,28,42,126
PH,Parker Hannifin,733.67,0,-2,26,67,91,-10,-7,19,32,34,125
VST,Vistra Corp.,201.34,-4,5,28,32,61,-5,3,17,47,62,123
KIM,Kimco Realty,21.84,21,0,3,57,81,25,-17,17,16,41,122
A,Agilent Technologies,141.92,15,37,3,1,56,19,43,10,-7,65,121
MMM,3M,152.67,0,-2,83,16,97,-5,-7,19,16,23,120
EMR,Emerson Electric,129.32,0,-9,25,66,82,-4,-6,19,28,37,119
EQT,EQT Corporation,54.07,0,0,50,44,94,-4,15,-2,12,21,115
BBY,Best Buy,79.7,33,5,1,1,40,27,45,7,-4,75,115
BRO,Brown & Brown,87.9,-18,-5,-8,165,134,-38,9,-19,28,-20,114
CHRW,C.H. Robinson,127.36,0,79,12,4,95,-2,-5,15,10,18,113
REG,Regency Centers,72.23,21,1,3,55,80,-4,-4,19,21,32,112
EQIX,Equinix,813.86,57,5,-17,36,81,-4,24,-17,28,31,112
ES,Eversource Energy,72.57,1,21,24,2,48,14,25,19,4,62,110
INTC,Intel,36.99,0,47,4,0,51,15,46,9,-14,56,107
AWK,American Water Works,143.82,28,2,35,1,66,19,9,3,10,41,107
PHM,PulteGroup,124.52,0,0,10,67,77,-2,-14,15,31,30,107
NSC,Norfolk Southern,289.94,-4,25,20,6,47,5,19,19,16,59,106
MCO,Moody's Corporation,471.05,-35,-22,3,158,104,-10,-34,17,27,0,104
SHW,Sherwin-Williams,330.74,-70,-21,-2,192,99,-11,-24,19,21,5,104
XOM,ExxonMobil,112.22,-2,1,6,46,51,-12,-6,18,52,52,103
SNPS,Synopsys,447.58,-42,-28,-6,182,106,7,-1,-3,-7,-4,102
NOW,ServiceNow,903.94,-12,0,0,84,72,-5,-9,17,24,27,99
TRMB,Trimble Inc.,77.39,0,-7,88,6,87,-2,-17,17,14,12,99
HLT,Hilton Worldwide,260.28,-1,-3,25,66,87,-12,-22,17,28,11,98
ED,Consolidated Edison,101.17,0,4,2,49,55,-5,13,-13,47,42,97
HSY,Hershey Company (The),187.81,-12,77,13,0,78,-5,31,13,-21,18,96
GWW,W. W. Grainger,955.54,3,-18,-12,96,69,-1,-21,-10,59,27,96
ADP,Automatic Data Processing,281.15,-49,-34,0,182,99,-12,-47,-3,59,-3,96
RJF,Raymond James Financial,161.47,-91,0,101,60,70,-5,-6,16,21,26,96
CPRT,Copart,44.33,0,-24,-22,178,132,-12,-23,-32,30,-37,95
WSM,"Williams-Sonoma, Inc.",185.37,-6,-1,17,67,77,-9,-8,11,23,17,94
VRSN,Verisign,264.74,0,-13,45,11,43,-9,-11,61,9,50,93
ECL,Ecolab,276.89,2,1,25,24,52,-11,11,19,21,40,92
GNRC,Generac,190.49,54,3,12,-36,33,27,3,16,12,58,91
EXR,Extra Space Storage,151.5,35,5,1,1,42,27,5,1,15,48,90
MPC,Marathon Petroleum,184.47,-4,37,8,51,92,-10,-2,19,-10,-3,89
CRWD,CrowdStrike,484.56,-20,22,54,0,56,-31,23,19,22,33,89
MAS,Masco,67.9,0,-7,-6,67,54,23,-21,10,23,35,89
KKR,KKR & Co.,117.58,-14,-17,-2,105,72,-11,-10,15,23,17,89
FTNT,Fortinet,83.43,-41,0,-2,115,72,-14,26,-11,15,16,88
PM,Philip Morris International,158.04,0,-25,79,57,111,-18,-31,-3,29,-23,88
CMG,Chipotle Mexican Grill,41.86,28,0,-15,82,95,-2,10,-13,-2,-7,88
WBD,Warner Bros. Discovery,18.17,0,27,21,0,48,21,-1,17,2,39,87
CSX,CSX Corporation,36.59,16,15,5,6,42,19,14,19,-8,44,86
WAT,Waters Corporation,334.59,92,8,-14,1,87,5,7,-29,16,-1,86
SMCI,Supermicro,52.18,-10,13,0,60,63,-4,24,14,-11,23,86
DOV,Dover Corporation,166.51,14,-36,-12,108,74,19,-27,-2,21,11,85
GM,General Motors,58.37,7,4,16,13,40,19,-6,16,15,44,84
ROP,Roper Technologies,504.69,-18,-55,-11,184,100,-39,5,-10,28,-16,84
APO,Apollo Global Management,121.39,-1,-18,-4,99,76,-9,-10,-2,28,7,83
PFG,Principal Financial Group,78.63,-41,0,6,57,22,-10,35,16,20,61,83
HON,Honeywell,202.94,-4,-46,0,180,130,-11,-58,-2,24,-47,83
MET,MetLife,78.45,-20,0,4,60,44,-12,14,17,20,39,83
WST,West Pharmaceutical Services,270.61,7,31,0,-9,29,20,32,10,-10,52,81
MAR,Marriott International,260.84,-14,-2,3,60,47,-11,-1,16,29,33,80
CVX,Chevron Corporation,153.08,7,0,16,50,73,1,-13,10,8,6,79
PODD,Insulet Corporation,318.55,7,0,54,6,67,1,-20,23,8,12,79
DRI,Darden Restaurants,188.2,0,-22,1,63,42,26,-17,-5,32,36,78
VICI,Vici Properties,30.87,-61,-10,67,17,13,-5,-22,32,59,64,77
LEN,Lennar,125.81,7,0,0,66,73,19,-21,10,-5,3,76
STT,State Street Corporation,111.36,-14,0,26,18,30,-5,15,18,16,44,74
NVR,"NVR, Inc.",7639.06,0,-7,-2,67,58,-9,-18,12,31,16,74
DELL,Dell Technologies,149.57,-10,15,5,34,44,-4,20,19,-6,29,73
META,Meta Platforms,716.67,3,-14,26,31,46,-4,-12,17,25,26,72
AOS,A. O. Smith,69.71,0,-6,0,60,54,19,-14,19,-7,17,71
FDX,FedEx,237.8,7,5,0,34,46,21,-1,11,-6,25,71
NDSN,Nordson Corporation,233.23,3,41,3,3,50,-2,12,19,-9,20,70
DLR,Digital Realty,172.73,0,5,6,24,35,-3,-2,19,21,35,70
DD,DuPont,79.57,9,5,3,21,38,21,-1,16,-5,31,69
BG,Bunge Global,97.48,21,3,1,1,26,19,11,19,-7,42,68
SYF,Synchrony Financial,71.51,8,-2,26,23,55,-11,-14,17,20,12,67
BRK-B,Berkshire Hathaway,492.48,-2,1,0,64,63,-10,-1,-14,28,3,66
VLO,Valero Energy,157.77,-22,40,9,46,73,-12,-6,18,-7,-7,66
NXPI,NXP Semiconductors,214.22,-1,-6,0,65,58,-2,-1,16,-7,6,64
K,Kellanova,83.1,9,15,3,23,50,6,9,-16,15,14,64
ROK,Rockwell Automation,347.67,17,5,24,17,63,-2,-3,19,-13,1,64
ADM,Archer Daniels Midland,63.33,21,11,11,0,43,19,4,19,-22,20,63
TPL,Texas Pacific Land Corporation,938.96,2,0,-18,60,44,19,-1,-14,15,19,63
PEP,PepsiCo,153.72,48,6,0,0,54,40,-25,8,-15,8,62
MTD,Mettler Toledo,1349.8,14,13,3,0,30,19,6,13,-7,31,61
QCOM,Qualcomm,163.44,3,5,0,24,32,25,-6,17,-7,29,61
GL,Globe Life,134.78,-14,0,54,16,56,-12,-10,13,10,1,57
HAS,Hasbro,74.79,9,-7,23,5,30,19,-25,19,13,26,56
FAST,Fastenal,42.46,-68,-5,58,108,93,-58,-26,22,25,-37,56
DE,Deere & Company,458.5,9,-41,1,111,80,19,-54,-2,12,-25,55
LUV,Southwest Airlines,33.52,27,4,10,-41,0,25,7,17,6,55,55
FCX,Freeport-McMoRan,41.17,-7,-6,2,60,49,-12,5,19,-8,4,53
PAYX,Paychex,126.54,0,-57,-5,169,107,-11,-50,-10,16,-55,52
DHR,Danaher Corporation,208.98,0,13,0,0,13,24,8,12,-6,38,51
TXT,Textron,81.36,-44,0,3,55,14,-11,35,19,-7,36,50
UBER,Uber,92.3,-46,30,27,1,12,-12,-4,25,28,37,49
IP,International Paper,46.58,28,-34,0,18,12,21,1,-3,18,37,49
CB,Chubb Limited,268.21,-21,-2,-1,60,36,-46,13,-13,58,12,48
WTW,Willis Towers Watson,330.05,-49,0,17,26,-6,-13,27,9,31,54,48
F,Ford Motor Company,11.93,0,5,11,0,16,19,-1,19,-7,30,46
VTRS,Viatris,10.18,9,2,1,0,12,21,5,11,-3,34,46
DHI,D. R. Horton,153.73,0,-2,0,67,65,-12,-17,13,-4,-20,45
SYY,Sysco,79.91,0,0,16,5,21,-9,-2,16,16,21,42
IDXX,Idexx Laboratories,635.24,6,0,23,6,35,-5,2,19,-10,6,41
NTRS,Northern Trust,124.83,-14,-2,25,13,22,-10,-5,19,15,19,41
TMO,Thermo Fisher Scientific,538.84,2,14,3,0,19,15,6,4,-5,20,39
PSX,Phillips 66,129.26,-1,1,4,43,47,-12,-7,18,-7,-8,39
HOLX,Hologic,69.87,8,3,0,0,11,14,11,12,-9,28,39
ABT,Abbott Laboratories,128.54,-21,0,65,15,59,-38,-3,5,16,-20,39
CCL,Carnival,28.32,0,-5,26,0,21,-7,-16,17,21,15,36
JBHT,J.B. Hunt,164.88,14,2,1,0,17,15,7,9,-12,19,36
EG,Everest Group,349.14,-21,1,0,57,37,-12,15,3,-7,-1,36
CCI,Crown Castle,97.48,52,0,0,-30,22,-1,11,-4,7,13,35
LW,Lamb Weston,65.02,9,16,0,-10,15,16,8,12,-16,20,35
AMP,Ameriprise Financial,470.07,-24,-35,-1,66,6,-12,-31,-1,73,29,35
FRT,Federal Realty Investment Trust,98.95,9,3,1,3,16,25,-14,10,-3,18,34
RMD,ResMed,268.08,-40,-4,26,15,-3,-7,8,18,15,34,31
EXE,Expand Energy,100.79,-47,0,50,0,3,-5,29,-8,12,28,31
CRL,Charles River Laboratories,178.53,14,13,1,-28,0,18,8,15,-10,31,31
AES,AES Corporation,14.57,6,13,0,-13,6,21,14,15,-26,24,30
ON,ON Semiconductor,52.53,17,0,0,-3,14,27,-9,15,-17,16,30
BXP,"BXP, Inc.",71.07,0,0,7,0,7,-5,-7,19,15,22,29
DOC,Healthpeak Properties,18.55,0,32,-2,-33,-3,19,-2,3,11,31,28
IQV,IQVIA,204.48,2,14,3,0,19,-2,8,11,-8,9,28
DDOG,Datadog,152.86,-10,16,8,0,14,-31,28,16,1,14,28
GEHC,GE HealthCare,74.07,2,-6,-2,0,-6,21,-6,8,10,33,27
TECH,Bio-Techne,61.87,14,14,0,-26,2,21,8,4,-8,25,27
WYNN,Wynn Resorts,117.81,0,0,17,5,22,-1,-3,19,-10,5,27
MHK,Mohawk Industries,127.41,23,0,0,-13,10,26,-17,11,-3,17,27
FOXA,Fox Corporation (Class A),58.07,-72,0,77,3,8,-12,-5,17,16,16,24
UAL,United Airlines Holdings,99.1,-13,0,10,13,10,-4,-17,13,18,10,20
EL,EstÃ©e Lauder Companies (The),100.79,26,5,1,-28,4,28,8,17,-37,16,20
BKR,Baker Hughes,45.19,-63,0,13,37,-13,-2,-6,13,28,33,20
NCLH,Norwegian Cruise Line Holdings,22.93,-1,-2,9,0,6,-7,-15,12,22,12,18
AIG,American International Group,77.37,-18,-2,0,55,35,-42,11,-9,23,-17,18
USB,U.S. Bancorp,45.69,-12,-2,9,6,1,-5,-12,16,17,16,17
COIN,Coinbase,336.08,-28,0,18,0,-10,-33,22,18,20,27,17
PCG,PG&E Corporation,16.42,27,16,-39,3,7,-1,10,2,-3,8,15
VZ,Verizon,40.55,0,-10,0,12,2,19,-31,9,16,13,15
PKG,Packaging Corporation of America,203.27,-70,0,0,63,-7,-10,-9,12,28,21,14
TXN,Texas Instruments,176.61,0,-33,1,24,-8,12,-29,19,18,20,12
FOX,Fox Corporation (Class B),51.88,-72,-6,76,3,1,-12,-5,16,11,10,11
APTV,Aptiv,82.76,0,48,10,-26,32,-1,-1,19,-38,-21,11
MCHP,Microchip Technology,65.13,2,0,0,0,2,-1,-2,19,-9,7,9
KDP,Keurig Dr Pepper,28.03,42,-39,-8,0,-5,22,-33,27,-2,14,9
WDAY,"Workday, Inc.",234.26,-21,23,-19,16,-1,-5,31,-13,-4,9,8
VLTO,Veralto,102.72,0,-7,11,0,4,2,-17,18,0,3,7
GEV,GE Vernova,599.92,-14,0,5,0,-9,-12,7,20,0,15,6
EIX,Edison International,56.65,27,4,-41,0,-10,26,-16,9,-3,16,6
DECK,Deckers Brands,99.82,3,-17,-33,95,48,5,-17,-29,-1,-42,6
CRM,Salesforce,243.04,0,-1,-22,24,1,9,2,-30,23,4,5
MDLZ,Mondelez International,62.46,7,0,-2,0,5,22,-7,-4,-11,0,5
BIIB,Biogen,142.93,-42,47,0,-29,-24,-11,54,6,-20,29,5
SWKS,Skyworks Solutions,75.31,9,3,0,-32,-20,23,-9,16,-7,23,3
TRGP,Targa Resources,148.63,-49,-7,-2,53,-5,-40,-7,-2,56,7,2
SOLV,Solventum,72.15,0,-9,0,0,-9,-2,-2,15,0,11,2
IR,Ingersoll Rand,77.22,0,-7,-2,25,16,-10,-1,-1,-2,-14,2
HST,Host Hotels & Resorts,16.27,0,-2,7,4,9,-4,-13,17,-8,-8,1
AMZN,Amazon,213.05,-29,-6,26,23,14,-33,-19,16,22,-14,0
ALB,Albemarle Corporation,92.74,-3,27,1,-25,0,-4,18,13,-27,0,0
ICE,Intercontinental Exchange,153.58,-91,-35,0,163,37,-19,-41,-1,23,-38,-1
GPC,Genuine Parts Company,133.08,0,0,10,0,10,-1,-11,19,-19,-12,-2
OTIS,Otis Worldwide,91.27,6,0,-13,0,-7,-2,-1,-23,28,2,-5
AVB,AvalonBay Communities,187.03,0,-10,-12,18,-4,5,-10,-16,17,-4,-8
CFG,Citizens Financial Group,49.3,-52,0,17,6,-29,-11,-1,16,16,20,-9
KMB,Kimberly-Clark,121.44,6,-26,-8,20,-8,24,-33,-20,28,-1,-9
CI,Cigna,299.28,-21,1,-2,60,38,-40,8,-12,-3,-47,-9
ESS,Essex Property Trust,259.57,0,-12,-3,16,1,-12,-4,-12,16,-12,-11
TAP,Molson Coors Beverage Company,47.33,26,-28,-22,0,-24,40,1,-23,-5,13,-11
ZBRA,Zebra Technologies,293.13,0,-20,0,-9,-29,19,-13,13,-1,18,-11
DIS,Walt Disney Company (The),110.65,0,-26,24,-2,-4,-10,-22,19,5,-8,-12
UNH,UnitedHealth Group,356.49,-13,33,-27,0,-7,-10,45,-40,-3,-8,-15
BLDR,Builders FirstSource,122.54,-14,-6,-37,67,10,-7,-22,9,-5,-25,-15
ACGL,Arch Capital Group,86.52,-21,-3,-17,64,23,-44,9,-1,-2,-38,-15
PRU,Prudential Financial,100.64,-14,-14,-22,57,7,-11,-24,13,-1,-23,-16
IPG,Interpublic Group of Companies (The),26.4,0,4,0,0,4,-4,-4,7,-19,-20,-16
SW,Smurfit Westrock,41.39,-2,-26,-6,18,-16,-10,-20,9,19,-2,-18
NWSA,News Corp (Class A),26.01,-91,-12,-2,60,-45,-11,-5,19,23,26,-19
SJM,J.M. Smucker Company (The),105.3,2,0,-3,-6,-7,14,-8,7,-25,-12,-19
HPQ,HP Inc.,27.35,34,0,-34,0,0,-8,-16,8,-3,-19,-19
ABNB,Airbnb,125.92,28,0,-12,0,16,-1,-25,-2,-7,-35,-19
XYZ,"Block, Inc.",75.21,-1,0,3,-38,-36,-3,7,13,-1,16,-20
HBAN,Huntington Bancshares,15.52,-68,-8,18,23,-35,-11,-12,19,18,14,-21
HUM,Humana,274.98,0,0,0,-14,-14,7,3,5,-22,-7,-21
DAY,Dayforce,68.26,-54,44,9,-14,-15,2,-16,9,-2,-7,-22
ADSK,Autodesk,303.65,-63,-2,8,16,-41,-12,-9,19,21,19,-22
ZBH,Zimmer Biomet,101.94,21,1,-6,-19,-3,21,-24,3,-20,-20,-23
APA,APA Corporation,22.52,-49,51,1,-14,-11,-4,-2,14,-21,-13,-24
RF,Regions Financial Corporation,23.57,-68,-3,16,24,-31,-12,-14,17,16,7,-24
EQR,Equity Residential,62.2,0,-12,-5,15,-2,-11,-16,-12,15,-24,-26
LII,Lennox International,523.09,-41,-39,-6,40,-46,-9,1,-4,29,17,-29
FANG,Diamondback Energy,139.18,-46,-6,-38,49,-41,-11,16,13,-7,11,-30
RVTY,Revvity,93.41,21,2,-29,-26,-32,24,13,-34,-1,2,-30
EFX,Equifax,226.88,-49,-12,-13,18,-56,-2,-12,19,20,25,-31
TROW,T. Rowe Price,103.69,-14,-2,3,-27,-40,-10,3,15,-2,6,-34
OMC,Omnicom Group,77.48,0,4,-36,3,-29,-5,-4,6,-3,-6,-35
CPT,Camden Property Trust,102.41,0,-18,-4,-1,-23,5,-19,-12,13,-13,-36
SBUX,Starbucks,85.36,14,-33,-10,0,-29,25,-41,-2,9,-9,-38
NWS,News Corp (Class B),29.54,-91,-13,0,60,-44,-10,-5,-2,23,6,-38
DG,Dollar General,105.75,35,-21,1,-19,-4,-2,-36,31,-28,-35,-39
ELV,Elevance Health,348.65,-5,12,-53,0,-46,11,19,-19,-5,6,-40
EW,Edwards Lifesciences,74.64,0,-13,0,-16,-29,10,-24,39,-37,-12,-41
TFC,Truist Financial,42.62,-61,-6,10,6,-51,-14,-9,16,16,9,-42
KEY,KeyCorp,16.95,-68,-3,17,6,-48,-14,-14,17,15,4,-44
EOG,EOG Resources,106.21,-23,-21,-7,47,-4,-14,-24,-1,-1,-40,-44
BDX,Becton Dickinson,189.12,0,1,-37,-7,-43,5,8,2,-17,-2,-45
PSKY,Paramount Skydance Corporation,16.79,-74,47,10,-41,-58,-11,-1,21,3,12,-46
CTVA,Corteva,61.41,-51,-25,62,1,-13,-48,-17,19,13,-33,-46
KEYS,Keysight Technologies,162.2,-64,-1,7,0,-58,-7,-6,17,7,11,-47
HAL,Halliburton,22.26,-56,37,-2,-1,-22,-12,-6,4,-11,-25,-47
DLTR,Dollar Tree,96.45,35,-30,1,-17,-11,-9,-39,34,-24,-38,-49
LVS,Las Vegas Sands,48.55,-49,-5,15,-1,-40,16,-25,16,-16,-9,-49
VRSK,Verisk Analytics,232.34,-14,-59,-5,116,38,-82,-25,-11,30,-88,-50
IEX,IDEX Corporation,166.27,8,0,-37,-4,-33,19,8,-37,-8,-18,-51
COO,Cooper Companies (The),71.97,14,2,-36,-7,-27,11,11,-41,-5,-24,-51
CPAY,Corpay,285.5,0,-55,-7,23,-39,-12,-24,-4,27,-13,-52
CTRA,Coterra,22.81,-41,-7,-14,46,-16,-10,-20,-21,15,-36,-52
DPZ,Domino's,416.15,2,-53,-5,12,-44,-2,-23,-4,20,-9,-53
MSCI,MSCI Inc.,534.2,-41,-6,0,16,-31,-43,-18,16,22,-23,-54
REGN,Regeneron Pharmaceuticals,578.25,0,1,-50,0,-49,-3,-2,5,-6,-6,-55
NUE,Nucor,131.77,-20,-6,0,0,-26,-12,-23,16,-10,-29,-55
MTB,M&T Bank,180.69,-98,-8,10,24,-72,-14,-10,17,16,9,-63
CL,Colgate-Palmolive,79.13,7,-72,-15,25,-55,19,-33,-23,28,-9,-64
DVA,DaVita,125.89,0,-39,-12,22,-29,-3,-25,-29,21,-36,-65
AMCR,Amcor,8.15,26,-46,-10,0,-30,34,-55,-10,-4,-35,-65
TYL,Tyler Technologies,505.6,0,-40,-3,19,-24,-17,-42,-2,20,-41,-65
BA,Boeing,212.93,-44,-7,17,0,-34,-14,-25,19,-13,-33,-67
AMT,American Tower,191.34,15,-53,-6,-2,-46,21,-52,-4,13,-22,-68
FITB,Fifth Third Bancorp,40.9,-107,-3,9,24,-77,-12,-14,16,18,8,-69
ISRG,Intuitive Surgical,446.14,3,-57,-12,24,-42,16,-65,-7,28,-28,-70
FTV,Fortive,48.65,0,0,-30,0,-30,-10,-1,-26,-7,-44,-74
GEN,Gen Digital,26.52,-99,-25,24,18,-82,-5,-27,19,18,5,-77
SWK,Stanley Black & Decker,67.84,0,-7,-38,-41,-86,19,-14,8,-4,9,-77
DXCM,Dexcom,66.59,2,-39,-8,-16,-61,19,-22,-3,-11,-17,-78
CF,CF Industries,83.5,-46,-3,6,6,-37,-47,-2,-2,10,-41,-78
BEN,Franklin Resources,22.28,-40,-10,17,0,-33,-12,-28,19,-24,-45,-78
LKQ,LKQ Corporation,30.03,0,-25,-15,-4,-44,25,-18,-23,-19,-35,-79
MKC,McCormick & Company,67.54,3,-72,-15,-4,-88,14,1,-23,12,4,-84
OKE,Oneok,68.1,-64,-55,-22,56,-85,-12,-7,-34,53,0,-85
GPN,Global Payments,85.4,0,0,-36,-41,-77,-8,5,7,-12,-8,-85
TSN,Tyson Foods,52.49,0,-10,-10,-30,-50,-5,-26,-20,13,-38,-88
DVN,Devon Energy,31.73,-49,-6,-2,-7,-64,-12,-7,18,-24,-25,-89
PYPL,PayPal,67.41,-37,-3,-12,-41,-93,-39,19,12,11,3,-90
NKE,"Nike, Inc.",67.37,0,-9,0,-23,-32,-7,-29,16,-38,-58,-90
CLX,Clorox,119.74,0,-10,-26,-7,-43,2,-14,-36,-1,-49,-92
APD,Air Products,253.16,-56,-19,-4,0,-79,-14,-24,11,12,-15,-94
UDR,"UDR, Inc.",36.08,1,-56,-7,-2,-64,-10,-24,-14,15,-33,-97
TGT,Target Corporation,90.85,21,-36,-40,-13,-68,23,-42,-2,-8,-29,-97
MTCH,Match Group,32.42,0,-10,1,-39,-48,-5,-18,14,-40,-49,-97
INVH,Invitation Homes,28.51,6,-61,-17,0,-72,-4,-26,-12,16,-26,-98
SBAC,SBA Communications,196.28,21,-53,-8,-22,-62,25,-53,-7,-1,-36,-98
CTSH,Cognizant,66.07,-20,-57,-12,16,-73,-12,-22,-12,20,-26,-99
MOH,Molina Healthcare,192.66,-37,0,-22,-4,-63,-45,37,-18,-10,-36,-99
SLB,Schlumberger,32.65,0,-9,-79,-1,-89,19,-16,-2,-12,-11,-100
JKHY,Jack Henry & Associates,152.93,58,-56,-12,-2,-12,-3,-87,-12,13,-89,-101
PPG,PPG Industries,101.57,0,-20,-55,-10,-85,19,-26,-2,-10,-19,-104
CPB,Campbell's Company (The),30.85,0,-8,-41,-8,-57,16,-9,-48,-7,-48,-105
ZTS,Zoetis,144.07,0,-29,-44,-5,-78,19,-30,-11,-7,-29,-107
MOS,Mosaic Company (The),29.32,-49,-6,25,-18,-48,-47,-6,24,-32,-61,-109
MRNA,Moderna,26.0,-10,0,-64,-6,-80,-4,16,-4,-41,-33,-113
BALL,Ball Corporation,48.36,0,-45,-12,-13,-70,19,-53,-2,-7,-43,-113
TTD,Trade Desk (The),49.97,-30,-50,-36,-3,-119,-7,10,-2,-2,-1,-120
PAYC,Paycom,200.7,-2,-39,0,-26,-67,-10,-42,-3,1,-54,-121
FIS,Fidelity National Information Services,66.86,-20,-53,-11,-39,-123,-14,7,-6,13,0,-123
MRK,Merck & Co.,84.79,-22,14,-56,0,-64,-64,8,4,-8,-60,-124
BMY,Bristol Myers Squibb,43.63,-65,-12,-9,-7,-93,-12,-4,-23,7,-32,-125
EMN,Eastman Chemical Company,61.3,0,-20,-30,-3,-53,-2,-22,-44,-4,-72,-125
AVY,Avery Dennison,159.48,0,-39,-44,0,-83,-2,-30,-4,-7,-43,-126
IT,Gartner,235.74,-22,-88,-30,0,-140,-14,-3,-28,59,14,-126
CDW,CDW Corporation,152.46,0,-53,-51,0,-104,7,-18,-2,-10,-23,-127
KVUE,Kenvue,15.3,-13,-39,-7,0,-59,-12,-49,-12,5,-68,-127
PNC,PNC Financial Services,179.4,-105,-7,11,16,-85,-61,-14,16,16,-43,-128
CNC,Centene Corporation,35.26,-39,0,-53,-13,-105,-13,41,-22,-30,-24,-129
MGM,MGM Resorts,31.59,-83,-14,-2,0,-99,-11,-26,16,-11,-32,-131
HSIC,Henry Schein,62.99,-70,-18,-14,-2,-104,-10,-19,-4,5,-28,-132
CHTR,Charter Communications,253.01,-49,-2,-13,-38,-102,-13,-2,-13,-3,-31,-133
ARE,Alexandria Real Estate Equities,75.0,0,-8,-46,-32,-86,-5,-10,4,-37,-48,-134
CAG,Conagra Brands,18.57,0,-10,-41,-9,-60,-2,-29,-23,-25,-79,-139
KHC,Kraft Heinz,25.52,1,-30,-51,-2,-82,25,-48,-23,-12,-58,-140
CARR,Carrier Global,56.19,-49,-54,-8,0,-111,-5,-50,-3,28,-30,-141
IFF,International Flavors & Fragrances,63.76,24,-57,-32,-33,-98,25,-23,-44,-3,-45,-143
ERIE,Erie Indemnity,316.69,-16,-34,-26,41,-35,-28,-38,-44,-1,-111,-146
COP,ConocoPhillips,86.47,-84,-8,-3,0,-95,-49,-7,11,-10,-55,-150
PFE,Pfizer,24.52,-49,-4,0,-25,-78,-64,-1,16,-30,-79,-157
FDS,FactSet,286.75,7,-64,-14,-2,-73,-12,-60,-12,-3,-87,-160
DOW,Dow Inc.,21.9,0,-20,-52,-3,-75,-2,-14,-67,-10,-93,-168
POOL,Pool Corporation,290.28,-70,-18,-32,-8,-128,-14,-14,-1,-11,-40,-168
AKAM,Akamai Technologies,72.86,-51,-7,-35,-9,-102,-5,-18,-35,-12,-70,-172
UPS,United Parcel Service,86.42,9,0,-115,-18,-124,17,9,-43,-36,-53,-177
ACN,Accenture,238.36,-36,-72,-32,-2,-142,-38,7,-28,21,-38,-180
FI,Fiserv,121.69,-52,-70,-23,37,-108,-49,-30,-24,29,-74,-182
GDDY,GoDaddy,128.76,-51,-71,-12,24,-110,-52,-18,-28,24,-74,-184
STZ,Constellation Brands,140.47,-21,-39,-54,-5,-119,7,5,-70,-10,-68,-187
HRL,Hormel Foods,24.03,2,-66,-19,-25,-108,19,-62,-6,-32,-81,-189
ODFL,Old Dominion,138.01,-41,-57,-35,0,-133,15,-31,-40,-3,-59,-192
CSGP,CoStar Group,73.99,-70,-18,-2,-1,-91,-61,-41,-1,1,-102,-193
KMX,CarMax,42.91,-58,-21,-28,-38,-145,-11,-19,-32,-2,-64,-209
ALGN,Align Technology,130.46,2,-56,-76,-27,-157,-2,1,-12,-40,-53,-210
BAX,Baxter International,23.09,2,-72,-32,-40,-142,23,-25,-23,-43,-68,-210
WY,Weyerhaeuser,23.59,-62,-26,-32,-1,-121,-12,-30,-44,-10,-96,-217
ADBE,Adobe Inc.,333.24,-42,-13,-45,-8,-108,-47,-6,-49,-7,-109,-217
OXY,Occidental Petroleum,40.9,-84,-7,-64,0,-155,-54,-5,15,-18,-62,-217
BF-B,Brownâ€“Forman,28.71,13,-33,-112,-20,-152,11,-6,-44,-30,-69,-221
GIS,General Mills,48.39,-56,-5,-50,-6,-117,-51,-4,-46,-21,-122,-239
LULU,Lululemon Athletica,167.39,-62,-93,-20,-5,-180,-14,-2,-29,-14,-59,-239
EPAM,EPAM Systems,144.52,-62,-28,-35,-29,-154,-14,-26,-26,-39,-105,-259
MAA,Mid-America Apartment Communities,132.71,-119,-57,-6,-1,-183,-52,-21,-17,13,-77,-260
CMCSA,Comcast,29.52,-95,-58,-44,-11,-208,-12,-22,-11,-10,-55,-263
LYB,LyondellBasell,46.19,-53,-55,-53,-7,-168,-10,-20,-67,-9,-106,-274
