Symbol,Name,Close,1H Cloud Score,1D Cloud Score,1W Cloud Score,1M Cloud Score,Cloud Score Sum,1H TKx Score,1D TKx Score,1W TKx Score,1M TKx Score,TKx Score Sum,Total Score Sum
TJX,TJX Companies,139.42,-17,35,154,199,371,-8,39,123,194,348,719
GOOGL,Alphabet Inc. (Class A),252.54,147,81,14,177,419,94,55,11,22,182,601
GOOG,Alphabet Inc. (Class C),252.88,147,81,13,177,418,94,55,10,22,181,599
JPM,JPMorgan Chase,312.45,57,94,129,159,439,60,19,16,27,122,561
ORLY,Oâ€™Reilly Automotive,103.44,-28,46,169,200,387,-33,52,60,90,169,556
GS,Goldman Sachs,805.75,79,92,98,59,328,70,103,16,22,211,539
STX,Seagate Technology,229.36,147,92,20,23,282,96,103,16,19,234,516
GLW,Corning Inc.,79.15,147,91,25,18,281,96,98,14,15,223,504
AAPL,Apple Inc.,256.09,37,59,4,252,352,42,27,8,72,149,501
WDC,Western Digital,112.41,147,92,18,19,276,96,103,16,4,219,495
WELL,Welltower,167.41,0,89,122,59,270,9,50,139,25,223,493
MS,Morgan Stanley,160.72,72,92,82,65,311,21,103,16,17,157,468
APP,AppLovin,643.5,141,37,111,0,289,96,45,12,19,172,461
HWM,Howmet Aerospace,192.13,91,9,154,30,284,12,9,98,58,177,461
PLTR,Palantir Technologies,179.33,70,105,122,0,297,15,3,125,21,164,461
BK,BNY Mellon,109.46,56,94,100,41,291,24,98,16,20,158,449
WRB,W. R. Berkley Corporation,73.4,12,18,100,177,307,20,31,30,56,137,444
APH,Amphenol,123.69,81,105,25,66,277,14,107,16,28,165,442
MSI,Motorola Solutions,471.55,-27,47,7,154,181,-2,57,7,186,248,429
KLAC,KLA Corporation,1070.88,84,11,20,178,293,85,5,16,27,133,426
BX,Blackstone Inc.,185.58,79,63,10,143,295,84,10,11,22,127,422
C,Citigroup,103.5,74,92,25,19,210,70,102,16,15,203,413
PANW,Palo Alto Networks,208.18,182,12,5,82,281,37,13,16,58,124,405
HUBB,Hubbell Incorporated,438.61,0,90,7,183,280,14,21,12,72,119,399
FAST,Fastenal,47.12,-2,114,129,107,348,5,-7,20,27,45,393
CDNS,Cadence Design Systems,373.37,25,3,23,142,193,18,-17,16,181,198,391
CAT,Caterpillar Inc.,472.12,56,91,14,65,226,63,16,14,58,151,377
SO,Southern Company,92.35,7,0,82,191,280,4,-17,29,80,96,376
MPWR,Monolithic Power Systems,922.23,28,92,9,158,287,33,36,16,1,86,373
RTX,RTX Corporation,159.41,42,91,83,55,271,4,-8,90,15,101,372
NRG,NRG Energy,171.01,7,7,109,95,218,5,6,119,22,152,370
IBM,IBM,271.44,92,3,115,55,265,34,11,-1,57,101,366
YUM,Yum! Brands,149.27,2,8,34,260,304,2,8,-8,58,60,364
LRCX,Lam Research,132.21,80,14,15,153,262,86,6,16,-6,102,364
CMI,Cummins,424.85,63,64,11,66,204,60,55,12,31,158,362
GE,GE Aerospace,300.98,63,103,25,28,219,59,14,36,30,139,358
TPR,"Tapestry, Inc.",113.87,61,92,86,22,261,54,9,14,20,97,358
MA,Mastercard,584.54,0,37,132,156,325,-9,-5,16,27,29,354
RJF,Raymond James Financial,175.37,34,91,98,59,282,24,14,13,20,71,353
ALLE,Allegion,177.83,57,104,15,22,198,56,60,16,23,155,353
LYV,Live Nation Entertainment,165.12,-20,93,100,148,321,-33,31,15,17,30,351
AXON,Axon Enterprise,775.7,50,-8,151,95,288,14,1,16,31,62,350
TEL,TE Connectivity,218.51,89,98,22,63,272,28,13,16,19,76,348
WM,Waste Management,216.95,0,-21,0,188,167,14,-27,33,160,180,347
ETR,Entergy,89.24,0,2,82,138,222,8,1,95,15,119,341
TRV,Travelers Companies (The),276.12,12,28,97,59,196,18,39,30,57,144,340
CTAS,Cintas,202.61,5,-26,1,168,148,4,-21,19,188,190,338
L,Loews Corporation,97.24,3,92,118,56,269,1,27,16,25,69,338
ABBV,AbbVie,222.6,56,44,22,59,181,28,51,8,65,152,333
HPE,Hewlett Packard Enterprise,25.17,83,88,7,43,221,19,25,13,55,112,333
PTC,PTC Inc.,205.94,0,91,12,183,286,14,-8,13,27,46,332
AZO,AutoZone,4118.44,-32,45,100,87,200,-40,52,60,58,130,330
AMAT,Applied Materials,200.53,79,3,1,150,233,84,3,14,-6,95,328
RSG,Republic Services,226.25,-48,-38,130,178,222,12,-63,-7,161,103,325
J,Jacobs Solutions,150.63,56,90,12,107,265,24,1,13,20,58,323
ROL,"Rollins, Inc.",55.56,-39,-6,37,287,279,-8,-14,29,36,43,322
ALL,Allstate,206.48,12,3,103,160,278,21,-12,17,18,44,322
DTE,DTE Energy,136.14,7,0,80,190,277,11,-14,33,14,44,321
STE,Steris,249.62,2,31,20,196,249,-7,24,28,26,71,320
LDOS,Leidos,187.83,63,104,8,24,199,21,61,19,20,121,320
AME,Ametek,188.54,-3,37,10,107,151,13,37,16,102,168,319
MCD,McDonald's,303.02,-65,28,58,243,264,-4,-3,4,58,55,319
AJG,Arthur J. Gallagher & Co.,300.1,14,0,0,187,201,22,-5,-8,108,117,318
TTWO,Take-Two Interactive,251.64,120,15,51,14,200,23,22,51,21,117,317
V,Visa Inc.,344.39,6,0,143,134,283,-9,-5,16,27,29,312
DUK,Duke Energy,121.61,3,0,82,184,269,8,-12,28,17,41,310
ANET,Arista Networks,145.38,0,77,13,59,149,19,73,12,57,161,310
RL,Ralph Lauren Corporation,307.65,-2,94,100,35,227,14,23,16,27,80,307
WMB,Williams Companies,60.18,28,3,118,53,202,22,8,16,58,104,306
LIN,Linde plc,477.75,4,35,19,111,169,11,2,16,107,136,305
ETN,Eaton Corporation,378.42,63,2,14,115,194,13,9,14,73,109,303
COF,Capital One,225.39,0,98,100,22,220,21,18,16,19,74,294
LHX,L3Harris,284.31,6,114,18,6,144,10,107,18,15,150,294
ORCL,Oracle Corporation,328.22,7,9,17,199,232,9,6,16,28,59,291
DASH,DoorDash,262.82,23,91,103,0,217,33,6,16,19,74,291
LMT,Lockheed Martin,480.63,89,18,0,166,273,10,20,-10,-3,17,290
HD,Home Depot (The),412.05,-13,44,7,181,219,-15,57,8,20,70,289
COST,Costco,943.12,-19,-3,0,181,159,-33,-14,-8,185,130,289
NFLX,Netflix,1227.39,5,0,122,21,148,30,-3,93,21,141,289
FFIV,"F5, Inc.",330.23,20,91,100,15,226,23,5,16,18,62,288
NEM,Newmont,83.72,14,116,25,6,161,12,78,25,11,126,287
ADI,Analog Devices,247.33,12,23,17,180,232,-11,23,16,27,55,287
WMT,Walmart,102.81,-1,16,133,102,250,-17,7,16,30,36,286
ITW,Illinois Tool Works,260.9,-20,63,8,179,230,-15,27,13,30,55,285
DGX,Quest Diagnostics,184.91,21,31,74,19,145,22,29,74,15,140,285
CBRE,CBRE Group,162.61,-8,76,98,23,189,-6,72,14,15,95,284
GD,General Dynamics,322.67,-14,114,14,55,169,-30,69,16,58,113,282
KKR,KKR & Co.,146.95,63,3,3,104,173,72,3,12,22,109,282
HOOD,Robinhood Markets,124.87,23,94,87,0,204,26,11,16,19,72,276
TSLA,"Tesla, Inc.",434.0,84,31,4,11,130,86,37,10,11,144,274
NWS,News Corp (Class B),34.13,28,2,118,59,207,42,-14,16,22,66,273
CBOE,Cboe Global Markets,236.8,3,-3,150,56,206,5,-18,28,52,67,273
EME,Emcor,655.9,8,92,23,59,182,7,11,14,58,90,272
MSFT,Microsoft,514.37,49,0,22,174,245,9,-25,16,26,26,271
LOW,Lowe's,260.42,-14,44,6,167,203,-15,56,7,20,68,271
MU,Micron Technology,164.58,91,18,4,23,136,91,27,16,1,135,271
URI,United Rentals,943.63,-17,92,13,65,153,-19,63,14,58,116,269
UNP,Union Pacific Corporation,225.98,22,0,-11,199,210,51,-12,-1,20,58,268
APO,Apollo Global Management,143.89,57,0,0,98,155,71,3,12,27,113,268
PH,Parker Hannifin,760.12,1,93,23,66,183,13,24,16,31,84,267
ATO,Atmos Energy,162.96,-30,32,80,46,128,7,-6,91,46,138,266
IBKR,Interactive Brokers,64.22,21,3,95,58,177,14,2,14,58,88,265
AVGO,Broadcom,338.74,-7,95,25,117,230,-26,12,16,31,33,263
CINF,Cincinnati Financial,154.69,0,35,91,63,189,15,26,16,16,73,262
EVRG,Evergy,72.22,4,73,64,15,156,10,1,83,11,105,261
PPL,PPL Corporation,35.69,-1,50,82,24,155,8,-11,94,15,106,261
MNST,Monster Beverage,63.97,-6,31,32,181,238,-15,5,25,5,20,258
AXP,American Express,341.05,31,21,23,100,175,25,21,14,22,82,257
COR,Cencora,288.79,-37,15,50,76,104,-1,24,61,69,153,257
BLK,BlackRock,1135.5,56,91,23,23,193,23,2,16,22,63,256
LLY,Lilly (Eli),754.91,0,6,-9,173,170,-12,14,-13,97,86,256
GL,Globe Life,145.24,56,44,51,15,166,24,43,10,9,86,252
SRE,Sempra,82.39,0,47,6,182,235,2,2,14,-2,16,251
INTU,Intuit,702.36,21,-23,23,192,213,28,-29,16,21,36,249
BRK-B,Berkshire Hathaway,493.71,2,18,130,63,213,-7,26,-11,27,35,248
PWR,Quanta Services,396.02,18,1,23,100,142,14,3,16,73,106,248
NTRS,Northern Trust,131.8,34,92,22,12,160,24,34,16,14,88,248
WFC,Wells Fargo,85.17,33,8,98,30,169,25,16,16,20,77,246
NI,NiSource,41.31,7,0,80,46,133,12,-13,95,15,109,242
ADP,Automatic Data Processing,293.66,6,-15,0,181,172,23,-28,16,58,69,241
MLM,Martin Marietta Materials,619.98,3,47,12,61,123,22,52,16,28,118,241
KEYS,Keysight Technologies,177.84,90,14,4,1,109,95,14,14,6,129,238
GRMN,Garmin,236.39,-20,65,118,20,183,-5,26,12,22,55,238
AIZ,Assurant,211.29,4,33,7,153,197,16,-4,8,20,40,237
XYL,Xylem Inc.,143.55,44,92,14,23,173,24,1,16,23,64,237
VMC,Vulcan Materials Company,298.94,5,44,12,61,122,19,52,16,28,115,237
T,AT&T,28.93,-8,32,76,17,117,-31,34,100,16,119,236
TDY,Teledyne Technologies,567.93,18,91,58,15,182,14,6,16,16,52,234
CME,CME Group,261.09,0,-26,60,137,171,7,-21,56,20,62,233
HIG,Hartford (The),130.7,-35,34,100,58,157,-5,-3,27,57,76,233
MDT,Medtronic,94.62,56,59,17,2,134,3,73,9,14,99,233
CNP,CenterPoint Energy,38.19,4,46,55,46,151,12,4,49,16,81,232
SYY,Sysco,81.39,18,79,13,4,114,-3,92,13,15,117,231
CRWD,CrowdStrike,492.91,56,3,51,0,110,80,4,16,21,121,231
ULTA,Ulta Beauty,518.11,-5,102,18,5,120,-7,105,18,-10,106,226
WEC,WEC Energy Group,109.86,0,48,61,14,123,10,5,74,12,101,224
TKO,TKO Group Holdings,199.68,-8,30,77,41,140,-7,23,16,51,83,223
PNR,Pentair,110.11,-8,92,15,63,162,-7,29,14,25,61,223
CHD,Church & Dwight,86.66,-49,-40,-22,345,234,-15,-3,-20,26,-12,222
NVDA,Nvidia,183.61,5,3,20,135,163,14,1,16,27,58,221
IRM,Iron Mountain,104.49,71,6,2,58,137,6,5,16,57,84,221
SYF,Synchrony Financial,75.58,6,92,23,22,143,15,27,14,19,75,218
TER,Teradyne,135.13,21,63,1,3,88,33,93,9,-6,129,217
FSLR,First Solar,219.21,39,57,1,63,160,33,12,16,-7,54,214
EBAY,eBay Inc.,90.57,0,0,83,15,98,23,-12,88,17,116,214
TDG,TransDigm Group,1295.29,2,-28,3,158,135,2,2,16,58,78,213
BR,Broadridge Financial Solutions,241.61,-40,-6,120,146,220,-36,-14,16,26,-8,212
ICE,Intercontinental Exchange,170.12,-42,-16,118,162,222,-39,-22,28,22,-11,211
KMI,Kinder Morgan,27.19,0,-1,98,45,142,-6,8,14,53,69,211
PHM,PulteGroup,129.23,-23,65,7,66,115,-15,69,12,30,96,211
NWSA,News Corp (Class A),30.79,42,6,15,59,122,45,5,16,22,88,210
PGR,Progressive Corporation,241.15,-28,-72,-2,178,76,-35,-12,-9,190,134,210
AMGN,Amgen,286.08,14,-13,-4,166,163,20,-14,4,37,47,210
LH,Labcorp,278.94,9,42,61,16,128,18,29,14,19,80,208
JBL,Jabil,233.22,22,3,25,66,116,14,3,17,58,92,208
CFG,Citizens Financial Group,52.56,28,80,14,5,127,25,27,13,15,80,207
HCA,HCA Healthcare,407.22,7,31,9,98,145,12,-3,22,30,61,206
PNC,PNC Financial Services,203.18,24,82,8,15,129,25,23,13,15,76,205
IVZ,Invesco,22.58,9,68,13,3,93,21,64,13,14,112,205
SYK,Stryker Corporation,378.27,-1,-7,1,160,153,12,-4,14,30,52,205
RCL,Royal Caribbean Group,329.19,-3,4,127,29,157,5,-2,16,28,47,204
XEL,Xcel Energy,72.34,-17,48,57,13,101,10,17,65,10,102,203
BAC,Bank of America,51.93,57,25,23,19,124,26,22,16,15,79,203
CHRW,C.H. Robinson,133.99,56,60,9,5,130,-3,53,12,9,71,201
TT,Trane Technologies,407.63,0,-18,22,165,169,14,-31,16,30,29,198
PM,Philip Morris International,161.98,-21,-6,76,56,105,-14,-12,91,28,93,198
HII,Huntington Ingalls Industries,276.18,9,131,14,7,161,14,11,22,-10,37,198
FOX,Fox Corporation (Class B),56.02,21,28,73,2,124,45,-2,13,10,66,190
GM,General Motors,58.88,0,74,13,12,99,-3,66,13,14,90,189
WYNN,Wynn Resorts,126.08,21,94,14,4,133,26,22,16,-9,55,188
STT,State Street Corporation,113.33,6,94,23,17,140,21,-4,15,15,47,187
SNPS,Synopsys,514.52,6,-9,0,181,178,21,-21,14,-6,8,186
META,Meta Platforms,765.1,0,92,23,30,145,-5,5,14,24,38,183
EXPD,Expeditors International,119.48,-14,37,7,132,162,-15,28,12,-4,21,183
CAH,Cardinal Health,147.5,-14,-22,61,39,64,-5,11,54,58,118,182
QCOM,Qualcomm,169.66,57,19,0,23,99,53,21,14,-6,82,181
FOXA,Fox Corporation (Class A),62.44,28,28,74,2,132,20,-2,14,15,47,179
BKR,Baker Hughes,47.68,21,46,10,36,113,14,15,10,27,66,179
RF,Regions Financial Corporation,26.57,-3,91,13,23,124,-3,28,14,15,54,178
JCI,Johnson Controls,109.29,13,9,81,20,123,4,14,16,19,53,176
BKNG,Booking Holdings,5455.0,-21,-3,142,36,154,-12,-9,16,27,22,176
KEY,KeyCorp,18.72,-3,92,14,5,108,19,21,14,14,68,176
TSCO,Tractor Supply,58.13,-7,0,13,86,92,-5,-9,10,86,82,174
MCK,McKesson Corporation,697.21,-31,3,48,59,79,7,20,-3,68,92,171
STLD,Steel Dynamics,139.11,35,6,6,56,103,33,20,16,-1,68,171
EXPE,Expedia Group,223.51,0,65,55,12,132,-20,31,12,15,38,170
IDXX,Idexx Laboratories,644.14,31,99,20,5,155,18,-10,16,-9,15,170
SNA,Snap-on,337.67,6,13,4,60,83,13,7,9,58,87,170
ABT,Abbott Laboratories,136.64,36,21,62,14,133,26,-9,2,15,34,167
MPC,Marathon Petroleum,187.28,35,18,5,50,108,33,18,16,-9,58,166
PG,Procter & Gamble,153.1,-19,-1,-12,180,148,-14,24,-20,27,17,165
MMC,Marsh McLennan,197.06,-43,-73,-9,176,51,-39,-11,-17,179,112,163
NDAQ,"Nasdaq, Inc.",89.86,-39,0,82,145,188,-41,-16,16,15,-26,162
SPG,Simon Property Group,181.11,-10,61,7,36,94,-30,60,14,22,66,160
NOW,ServiceNow,948.0,6,0,0,83,89,21,11,14,23,69,158
DE,Deere & Company,469.1,-8,-22,55,110,135,-5,-35,51,11,22,157
AFL,Aflac,107.41,0,28,7,59,94,-9,27,-14,56,60,154
PEG,Public Service Enterprise Group,81.74,0,-14,0,153,139,9,-22,9,18,14,153
WTW,Willis Towers Watson,338.91,14,37,14,25,90,16,8,6,30,60,150
DELL,Dell Technologies,135.7,42,1,2,33,78,60,1,16,-5,72,150
MET,MetLife,80.99,6,23,1,59,89,5,23,14,19,61,150
AON,Aon plc,353.46,-39,-5,0,178,134,-35,-9,3,57,16,150
SPGI,S&P Global,505.56,-21,-3,0,173,149,-21,-15,14,22,0,149
WSM,"Williams-Sonoma, Inc.",196.63,-14,58,14,66,124,-14,6,8,22,22,146
MCO,Moody's Corporation,488.53,-20,-3,1,157,135,-15,-15,14,26,10,145
FITB,Fifth Third Bancorp,44.94,-4,68,6,23,93,-3,25,13,17,52,145
USB,U.S. Bancorp,49.49,28,25,6,5,64,25,26,13,16,80,144
GILD,Gilead Sciences,112.5,-7,0,57,36,86,17,-14,14,40,57,143
EMR,Emerson Electric,132.84,0,-5,22,65,82,10,8,16,27,61,143
PFG,Principal Financial Group,82.21,3,21,3,56,83,12,16,13,19,60,143
WBD,Warner Bros. Discovery,19.62,81,8,18,0,107,12,8,14,1,35,142
VLO,Valero Energy,166.47,35,21,6,45,107,6,20,15,-6,35,142
PCAR,Paccar,97.05,-14,0,-28,160,118,-19,4,3,35,23,141
FTNT,Fortinet,85.02,29,-36,0,114,107,20,7,-8,14,33,140
F,Ford Motor Company,11.67,2,106,8,0,116,-12,26,16,-6,24,140
TRMB,Trimble Inc.,82.14,4,0,85,5,94,14,4,14,13,45,139
NVR,"NVR, Inc.",7938.57,-41,61,-2,66,84,-41,57,9,30,55,139
MTB,M&T Bank,198.91,12,21,7,23,63,25,21,14,15,75,138
D,Dominion Energy,59.82,0,90,20,2,112,10,-11,16,11,26,138
MMM,3M,153.85,-20,13,80,15,88,-7,26,16,15,50,138
VST,Vistra Corp.,217.92,5,9,25,31,70,5,3,14,46,68,138
DD,DuPont,78.3,21,63,-9,20,95,12,21,13,-4,42,137
NTAP,NetApp,124.6,3,35,4,58,100,-2,27,13,-2,36,136
NSC,Norfolk Southern,290.68,38,6,17,5,66,51,-12,16,15,70,136
FICO,Fair Isaac,1540.35,-19,0,-12,167,136,-15,16,-34,32,-1,135
WAB,Wabtec,198.03,5,0,1,50,56,14,-8,16,57,79,135
COIN,Coinbase,331.84,70,-1,15,0,84,14,3,15,19,51,135
AMP,Ameriprise Financial,494.95,6,-16,0,65,55,6,-12,14,72,80,135
XOM,ExxonMobil,112.04,0,11,3,45,59,-11,20,15,51,75,134
MO,Altria,63.78,-42,45,76,46,125,-35,-5,32,17,9,134
VTR,Ventas,67.17,-15,48,78,23,134,-32,3,10,16,-3,131
SHW,Sherwin-Williams,346.43,-49,-2,0,191,140,-41,-5,16,20,-10,130
DHI,D. R. Horton,164.23,-42,65,7,66,96,-42,69,10,-3,34,130
SCHW,Charles Schwab Corporation,94.41,7,0,83,12,102,16,-19,16,15,28,130
INCY,Incyte,84.72,0,78,9,0,87,24,-2,12,8,42,129
TFC,Truist Financial,45.4,1,66,7,5,79,25,-3,13,15,50,129
SMCI,Supermicro,46.88,65,-16,0,59,108,14,5,11,-10,20,128
UAL,United Airlines Holdings,104.16,-7,65,7,12,77,-7,29,10,17,49,126
PODD,Insulet Corporation,335.29,2,29,51,5,87,12,-1,20,7,38,125
PKG,Packaging Corporation of America,212.75,-2,22,0,62,82,-15,22,9,27,43,125
AMD,Advanced Micro Devices,159.72,7,0,4,111,122,12,-18,16,-8,2,124
CCL,Carnival,30.71,-43,91,23,2,73,-5,21,14,20,50,123
DAL,Delta Air Lines,58.89,0,64,7,20,91,-3,-3,8,27,29,120
AEE,Ameren,99.08,-26,0,62,14,50,5,-14,67,11,69,119
LVS,Las Vegas Sands,52.86,0,92,12,3,107,19,-6,13,-15,11,118
FE,FirstEnergy,43.35,-8,45,12,56,105,-8,-10,16,15,13,118
CVX,Chevron Corporation,156.05,-1,54,13,49,115,-14,2,7,7,2,117
LNT,Alliant Energy,64.21,0,0,74,15,89,9,-11,16,14,28,117
NOC,Northrop Grumman,575.92,-22,59,16,59,112,-21,-11,23,13,4,116
KR,Kroger,64.52,-35,-18,85,68,100,-35,-21,56,16,16,116
GWW,W. W. Grainger,978.96,-14,0,-9,95,72,-6,-2,-7,58,43,115
NXPI,NXP Semiconductors,225.73,9,6,0,64,79,33,-4,13,-6,36,115
UBER,Uber,99.38,14,11,24,0,49,12,3,22,27,64,113
VRSN,Verisign,282.75,-8,0,42,10,44,-15,13,58,8,64,108
HSY,Hershey Company (The),192.34,35,58,10,0,103,2,12,10,-20,4,107
HBAN,Huntington Bancshares,17.33,-5,21,15,22,53,-2,21,16,17,52,105
CB,Chubb Limited,272.91,-38,0,0,59,21,12,24,-10,57,83,104
INTC,Intel,28.75,42,28,0,-21,49,34,27,6,-13,54,103
PSKY,Paramount Skydance Corporation,18.62,52,28,7,-40,47,14,21,18,2,55,102
AMZN,Amazon,227.62,-8,14,23,22,51,-7,24,13,21,51,102
AEP,American Electric Power,107.04,-35,-3,79,24,65,5,-13,29,15,36,101
MAR,Marriott International,264.02,-7,-1,0,59,51,12,-4,13,28,49,100
EA,Electronic Arts,173.41,3,38,10,8,59,5,-9,22,22,40,99
ADSK,Autodesk,324.43,6,16,5,15,42,4,16,16,20,56,98
ROP,Roper Technologies,509.82,0,-36,-8,183,139,-13,-53,-7,27,-46,93
CVS,CVS Health,75.13,16,27,16,0,59,25,31,6,-29,33,92
CSCO,Cisco,67.73,4,0,54,15,73,-2,-21,16,26,19,92
JNJ,Johnson & Johnson,174.21,-9,58,14,8,71,2,-1,11,7,19,90
KO,Coca-Cola Company (The),66.22,-90,-21,34,183,106,-13,-14,-4,15,-16,90
BSX,Boston Scientific,97.02,-63,-7,0,145,75,-61,-1,16,58,12,87
TROW,T. Rowe Price,105.28,0,77,4,-26,55,23,-4,12,-1,30,85
CEG,Constellation Energy,347.04,10,1,22,0,33,14,2,16,20,52,85
FCX,Freeport-McMoRan,45.16,-8,15,4,59,70,-15,20,16,-7,14,84
MAS,Masco,71.04,-23,58,-3,66,98,-41,-2,7,22,-14,84
TXT,Textron,83.5,2,8,0,54,64,-7,16,16,-6,19,83
HLT,Hilton Worldwide,266.63,-43,0,22,65,44,1,-3,14,27,39,83
HON,Honeywell,208.96,-27,-27,-2,179,123,-41,-39,16,23,-41,82
TMUS,T-Mobile US,237.45,-79,0,0,140,61,-10,-7,1,36,20,81
TRGP,Targa Resources,165.22,6,-2,0,52,56,-7,3,-26,55,25,81
CSX,CSX Corporation,33.2,42,-15,2,5,34,53,-15,16,-7,47,81
AOS,A. O. Smith,72.26,-7,14,0,59,66,-15,16,16,-6,11,77
UHS,Universal Health Services,194.17,7,24,0,23,54,7,28,-10,-2,23,77
EXC,Exelon,43.39,4,-7,61,15,73,11,-14,-7,11,1,74
ES,Eversource Energy,67.67,14,2,21,0,37,12,6,16,3,37,74
DECK,Deckers Brands,113.21,-18,18,-30,94,64,-15,15,-26,32,6,70
EQIX,Equinix,798.17,8,0,-14,35,29,22,5,-14,27,40,69
ADM,Archer Daniels Midland,59.85,-7,93,8,0,94,-18,-2,16,-21,-25,69
O,Realty Income,59.06,-16,36,16,8,44,-32,26,16,14,24,68
CPRT,Copart,45.36,-41,-5,-19,177,112,-40,-4,-29,29,-44,68
GPC,Genuine Parts Company,137.98,-20,45,7,0,32,-15,52,16,-18,35,67
GEN,Gen Digital,28.84,-7,-6,21,17,25,16,-8,16,17,41,66
PSX,Phillips 66,129.6,-15,21,0,42,48,-14,21,15,-6,16,64
SWKS,Skyworks Solutions,82.98,22,14,0,-31,5,27,24,13,-6,58,63
BXP,"BXP, Inc.",75.66,0,18,4,0,22,-8,19,16,14,41,63
EOG,EOG Resources,115.42,-21,-2,-4,46,19,-14,-5,9,52,42,61
RMD,ResMed,274.6,4,0,23,14,41,2,-12,15,14,19,60
NCLH,Norwegian Cruise Line Holdings,25.39,-17,63,6,0,52,-34,12,9,21,8,60
APTV,Aptiv,85.4,21,29,7,-25,32,24,25,16,-37,28,60
REGN,Regeneron Pharmaceuticals,595.77,38,29,-47,0,20,52,-11,2,-5,38,58
IR,Ingersoll Rand,81.85,18,0,-27,24,15,20,11,13,-1,43,58
VZ,Verizon,43.16,-16,32,36,11,63,-14,-12,6,15,-5,58
CTVA,Corteva,69.76,-42,-6,59,0,11,-5,23,16,12,46,57
BRO,Brown & Brown,92.61,0,-101,-5,164,58,-9,-7,-16,27,-5,53
DRI,Darden Restaurants,185.21,-23,-3,0,62,36,-35,21,-2,31,15,51
ROK,Rockwell Automation,345.27,2,8,21,16,47,-2,-3,16,-12,-1,46
EFX,Equifax,256.98,0,8,-10,17,15,-13,8,16,19,30,45
EXE,Expand Energy,98.27,33,-45,47,0,35,-7,10,-5,11,9,44
VTRS,Viatris,9.78,0,32,-3,-1,28,15,-5,8,-2,16,44
PLD,Prologis,113.92,0,21,5,0,26,-13,20,16,-6,17,43
NDSN,Nordson Corporation,225.34,0,22,0,2,24,-15,26,16,-8,19,43
IT,Gartner,260.19,48,-69,-27,0,-48,48,9,-25,58,90,42
DDOG,Datadog,138.35,0,2,5,0,7,13,9,13,-1,34,41
DLR,Digital Realty,174.72,5,2,3,23,33,-33,5,16,20,8,41
MTCH,Match Group,36.4,-3,76,10,-38,45,24,-1,11,-39,-5,40
ED,Consolidated Edison,96.61,0,-19,0,48,29,-3,-22,-10,46,11,40
EQT,EQT Corporation,49.96,-1,-36,47,43,53,-19,-5,-1,11,-14,39
MSCI,MSCI Inc.,568.51,-20,2,0,15,-3,-20,28,13,21,42,39
ROST,Ross Stores,144.67,-49,35,6,36,28,-21,-3,5,30,11,39
MHK,Mohawk Industries,128.76,-28,54,0,-12,14,-40,58,8,-2,24,38
VICI,Vici Properties,31.41,-77,-2,64,16,1,-47,-3,29,58,37,38
KIM,Kimco Realty,21.74,-62,29,5,56,28,-40,21,14,15,10,38
NEE,NextEra Energy,72.35,7,1,1,0,9,11,-12,16,14,29,38
HST,Host Hotels & Resorts,17.17,-8,24,4,3,23,-15,21,14,-7,13,36
LUV,Southwest Airlines,32.3,28,0,6,-40,-6,26,-3,13,5,41,35
CMS,CMS Energy,70.44,-35,-5,82,24,66,-33,-17,4,15,-31,35
GEV,GE Vernova,644.38,7,2,2,0,11,4,3,17,0,24,35
PRU,Prudential Financial,102.84,-39,0,-19,56,-2,11,-5,10,20,36,34
MTD,Mettler Toledo,1256.5,-5,77,-29,0,43,-9,-6,10,-6,-11,32
CPT,Camden Property Trust,108.2,0,0,0,0,0,11,16,-9,12,30,30
VRTX,Vertex Pharmaceuticals,382.96,-26,-34,-8,105,37,-32,-3,-12,38,-9,28
CRM,Salesforce,249.68,8,0,-19,23,12,21,-1,-27,22,15,27
WDAY,"Workday, Inc.",242.65,28,4,-16,15,31,-3,12,-10,-3,-4,27
APA,APA Corporation,23.61,0,32,0,-13,19,-13,30,11,-20,8,27
APD,Air Products,287.47,-1,0,0,17,16,-4,-5,8,11,10,26
HPQ,HP Inc.,28.26,0,29,-31,2,0,-7,30,5,-2,26,26
TXN,Texas Instruments,179.61,0,-14,-3,23,6,-5,-10,16,17,18,24
ESS,Essex Property Trust,266.32,-7,0,0,15,8,-7,12,-9,15,11,19
EQR,Equity Residential,65.29,-23,0,-2,14,-11,8,15,-9,14,28,17
MDLZ,Mondelez International,63.5,35,-38,0,0,-3,26,5,-1,-10,20,17
CI,Cigna,288.57,-42,0,-3,59,14,-14,26,-9,-2,1,15
IP,International Paper,46.16,0,-15,0,17,2,-7,-7,9,17,12,14
DAY,Dayforce,68.76,-20,25,6,-13,-2,-11,21,6,-1,15,13
SOLV,Solventum,73.77,0,0,0,0,0,-10,11,12,0,13,13
DOV,Dover Corporation,170.22,-49,-17,-9,107,32,-44,-8,12,20,-20,12
PNW,Pinnacle West Capital,86.23,-40,-17,0,19,-38,9,-15,28,27,49,11
DVN,Devon Energy,33.72,-14,29,-4,-6,5,-12,25,15,-23,5,10
CF,CF Industries,85.65,4,-32,3,5,-20,8,-3,16,9,30,10
FDX,FedEx,230.15,6,2,-32,33,9,-5,2,8,-5,0,9
XYZ,"Block, Inc.",77.46,28,5,2,-37,-2,-6,-7,10,14,11,9
ACGL,Arch Capital Group,88.03,-38,-1,-14,63,10,10,-5,-7,-1,-3,7
LEN,Lennar,121.92,-43,0,-3,65,19,-15,-2,7,-4,-14,5
VLTO,Veralto,105.81,-15,0,8,0,-7,-11,5,15,0,9,2
A,Agilent Technologies,126.34,0,18,-29,0,-11,-12,24,7,-6,13,2
SJM,J.M. Smucker Company (The),108.1,11,2,-1,-5,7,17,-3,4,-24,-6,1
ON,ON Semiconductor,51.49,31,-17,-43,-2,-31,33,3,12,-16,32,1
TMO,Thermo Fisher Scientific,474.76,-5,43,-28,0,10,-4,-3,1,-4,-10,0
MOS,Mosaic Company (The),33.42,0,0,22,-17,5,-7,11,21,-31,-6,-1
ABNB,Airbnb,125.44,17,-32,-9,0,-24,28,-6,6,-6,22,-2
CSGP,CoStar Group,86.29,-11,0,12,15,16,-15,-22,29,-10,-18,-2
HAS,Hasbro,74.68,-49,0,20,4,-25,1,-6,16,12,23,-2
AVB,AvalonBay Communities,193.01,-23,0,-9,17,-15,-7,16,-13,16,12,-3
GPN,Global Payments,86.95,11,44,-33,-40,-18,24,-3,4,-11,14,-4
FANG,Diamondback Energy,138.81,6,-13,-35,48,6,-9,-6,10,-6,-11,-5
FRT,Federal Realty Investment Trust,99.62,-23,24,-3,2,0,-35,24,7,-2,-6,-6
CTRA,Coterra,23.11,-15,-2,-11,45,17,-19,-1,-18,14,-24,-7
DVA,DaVita,131.22,0,-20,-9,21,-8,12,-6,-26,20,0,-8
WAT,Waters Corporation,302.74,2,0,-11,0,-9,-9,21,-26,15,1,-8
GNRC,Generac,185.87,0,1,9,-35,-25,4,-12,13,11,16,-9
EIX,Edison International,54.27,-7,36,-38,0,-9,-7,1,6,-2,-2,-11
SWK,Stanley Black & Decker,75.02,-8,58,-35,-40,-25,-15,27,5,-3,14,-11
SBUX,Starbucks,85.3,6,-14,-7,0,-15,14,-22,4,8,4,-11
OTIS,Otis Worldwide,89.32,0,-2,-10,0,-12,-11,4,-20,27,0,-12
PAYX,Paychex,130.39,-105,-38,-2,168,23,-14,-31,-7,15,-37,-14
AES,AES Corporation,13.13,9,1,0,-12,-2,14,-13,12,-25,-12,-14
DIS,Walt Disney Company (The),112.52,-23,-7,21,-1,-10,-21,-3,16,4,-4,-14
MCHP,Microchip Technology,65.4,9,-11,0,0,-2,-9,-12,16,-8,-13,-15
ECL,Ecolab,267.1,-49,-3,22,23,-7,-35,-9,16,20,-8,-15
MGM,MGM Resorts,34.49,-7,-1,-3,0,-11,-5,-7,13,-10,-9,-20
GEHC,GE HealthCare,74.75,-18,12,-26,0,-32,-15,13,5,9,12,-20
HSIC,Henry Schein,67.92,-27,-2,-11,0,-40,-4,16,-1,4,15,-25
ZBRA,Zebra Technologies,315.35,0,-1,-8,-8,-17,-5,-28,10,14,-9,-26
CPAY,Corpay,299.8,-20,-36,-4,22,-38,-14,-5,4,26,11,-27
GDDY,GoDaddy,147.83,1,-52,-9,23,-37,1,8,-25,23,7,-30
EXR,Extra Space Storage,138.6,-23,-1,-9,0,-33,-40,12,16,14,2,-31
KDP,Keurig Dr Pepper,25.92,-7,-20,-5,-1,-33,-7,-14,24,-1,2,-31
MAA,Mid-America Apartment Communities,141.09,0,-38,-3,0,-41,11,-1,-14,12,8,-33
ISRG,Intuitive Surgical,444.51,0,-38,-9,23,-24,14,-46,-4,27,-9,-33
ELV,Elevance Health,317.86,17,0,-50,-3,-36,23,-1,-16,-4,2,-34
CMG,Chipotle Mexican Grill,40.13,2,-42,-12,81,29,-10,-43,-10,-1,-64,-35
K,Kellanova,77.04,-26,-4,0,22,-8,-25,-3,-13,14,-27,-35
MOH,Molina Healthcare,181.86,0,0,-19,-3,-22,-8,18,-15,-9,-14,-36
VRSK,Verisk Analytics,244.18,-63,-40,-2,115,10,-61,-6,-8,29,-46,-36
OXY,Occidental Petroleum,45.77,-7,22,-61,0,-46,-10,24,12,-17,9,-37
OKE,Oneok,71.63,-14,-36,-19,55,-14,-9,-36,-31,52,-24,-38
IQV,IQVIA,187.82,1,8,-46,0,-37,-7,4,8,-7,-2,-39
NUE,Nucor,134.66,-23,0,-2,0,-25,-15,-4,13,-9,-15,-40
OMC,Omnicom Group,74.53,-23,29,-33,0,-27,-15,-2,3,-2,-16,-43
BG,Bunge Global,77.17,-23,-1,0,0,-24,-20,-9,16,-6,-19,-43
CTSH,Cognizant,68.12,-10,-38,-9,15,-42,-10,-3,-9,19,-3,-45
WST,West Pharmaceutical Services,252.34,-13,12,-33,-8,-42,-15,13,7,-9,-4,-46
PAYC,Paycom,220.16,6,-20,25,-25,-14,13,-23,16,-38,-32,-46
BBY,Best Buy,72.33,-23,29,-30,-7,-31,-42,26,4,-3,-15,-46
DOC,Healthpeak Properties,18.53,6,13,-23,-32,-36,-1,16,-38,10,-13,-49
AKAM,Akamai Technologies,76.67,-5,5,-32,-8,-40,14,19,-32,-11,-10,-50
EG,Everest Group,334.86,-35,0,-42,56,-21,-2,21,-43,-6,-30,-51
REG,Regency Centers,70.73,-62,-5,0,54,-13,-73,-3,16,20,-40,-53
SW,Smurfit Westrock,43.48,-70,-7,-3,17,-63,-14,-1,6,18,9,-54
KMB,Kimberly-Clark,124.06,-49,-7,-5,19,-42,-8,-14,-17,27,-12,-54
BLDR,Builders FirstSource,121.77,-42,-1,-34,66,-11,-42,-3,6,-4,-43,-54
AIG,American International Group,76.54,-111,-2,0,54,-59,-5,-6,-6,22,5,-54
TECH,Bio-Techne,53.05,3,0,-33,-25,-55,13,-7,1,-7,0,-55
DG,Dollar General,101.86,-14,-2,0,-18,-34,-5,-17,28,-27,-21,-55
HOLX,Hologic,67.3,9,1,-41,0,-31,-12,-14,9,-8,-25,-56
PFE,Pfizer,24.05,-2,-2,-5,-24,-33,3,-10,13,-29,-23,-56
DLTR,Dollar Tree,94.49,-14,-11,0,-16,-41,-5,-20,31,-23,-17,-58
IPG,Interpublic Group of Companies (The),25.5,-23,44,-49,0,-28,-15,-2,4,-18,-31,-59
DHR,Danaher Corporation,190.44,-2,-10,-35,-1,-48,-5,-13,9,-5,-14,-62
POOL,Pool Corporation,312.68,-13,0,-29,-7,-49,-15,5,3,-10,-17,-66
FTV,Fortive,48.33,-1,-2,-27,0,-30,-15,8,-23,-6,-36,-66
PYPL,PayPal,67.68,28,-27,-9,-40,-48,-7,-31,9,10,-19,-67
ARE,Alexandria Real Estate Equities,85.91,0,29,-43,-31,-45,-5,18,1,-36,-22,-67
UNH,UnitedHealth Group,341.36,0,14,-24,-5,-15,-40,26,-37,-2,-53,-68
ADBE,Adobe Inc.,363.96,28,0,-42,-7,-21,-2,7,-46,-6,-47,-68
FI,Fiserv,130.47,-19,-51,-20,36,-54,-10,-11,-21,28,-14,-68
CLX,Clorox,119.92,-15,-2,-23,-6,-46,-14,8,-33,14,-25,-71
EL,EstÃ©e Lauder Companies (The),87.27,0,0,0,-27,-27,-15,-8,14,-36,-45,-72
LII,Lennox International,533.44,-49,-20,-3,39,-33,-46,-33,10,28,-41,-74
BDX,Becton Dickinson,186.54,-8,32,-34,-6,-16,-13,-7,-25,-16,-61,-77
AMT,American Tower,193.25,-4,-34,-3,-1,-42,-14,-33,-1,12,-36,-78
TPL,Texas Pacific Land Corporation,877.17,-18,-79,-15,59,-53,-26,-2,-11,14,-25,-78
TTD,Trade Desk (The),46.14,0,-31,-33,-2,-66,5,-23,7,-1,-12,-78
ZBH,Zimmer Biomet,101.75,0,32,-3,-18,11,4,-5,-70,-19,-90,-79
MRK,Merck & Co.,80.4,-47,36,-53,-1,-65,-5,-5,1,-7,-16,-81
LW,Lamb Weston,55.37,-14,28,-78,-9,-73,-19,16,9,-15,-9,-82
CPB,Campbell's Company (The),33.23,-6,14,-38,-7,-37,-4,8,-45,-6,-47,-84
GIS,General Mills,50.08,2,0,-47,-5,-50,19,8,-43,-20,-36,-86
COP,ConocoPhillips,92.01,-14,0,-51,0,-65,-14,-6,8,-9,-21,-86
BA,Boeing,212.08,-84,-7,14,0,-77,-7,-6,16,-12,-9,-86
PSA,Public Storage,279.67,-44,0,-17,2,-59,-40,-2,16,-1,-27,-86
CCI,Crown Castle,94.29,0,-19,-2,-29,-50,-14,-30,-1,6,-39,-89
BEN,Franklin Resources,24.23,-84,0,14,0,-70,-5,-9,16,-23,-21,-91
COO,Cooper Companies (The),68.01,6,-17,-33,-6,-50,13,-12,-38,-4,-41,-91
KVUE,Kenvue,16.97,-26,-20,-4,0,-50,-7,-30,-9,4,-42,-92
PCG,PG&E Corporation,14.66,-23,0,-36,2,-57,-39,39,-35,-2,-37,-94
ACN,Accenture,239.94,-2,-53,-29,-1,-85,1,-7,-25,20,-11,-96
CRL,Charles River Laboratories,153.89,0,-7,-60,-27,-94,-5,-1,12,-9,-3,-97
PPG,PPG Industries,109.49,-1,-1,-52,-9,-63,-35,-7,16,-9,-35,-98
BIIB,Biogen,140.65,-14,28,-90,-28,-104,-14,35,3,-19,5,-99
AMCR,Amcor,8.26,-5,-27,-7,0,-39,-14,-36,-7,-3,-60,-99
ERIE,Erie Indemnity,321.11,-41,-15,-23,40,-39,-33,-19,-41,32,-61,-100
AVY,Avery Dennison,163.28,-23,-20,-41,0,-84,-15,-11,13,-6,-19,-103
KHC,Kraft Heinz,26.38,0,-11,-48,-1,-60,16,-29,-20,-11,-44,-104
DXCM,Dexcom,69.5,-34,-20,-5,-15,-74,-33,-3,16,-10,-30,-104
SBAC,SBA Communications,198.05,0,-34,-5,-21,-60,-14,-34,-4,6,-46,-106
CARR,Carrier Global,60.3,-59,-35,-5,0,-99,-19,-31,16,27,-7,-106
JBHT,J.B. Hunt,130.61,-23,-17,-37,-1,-78,-15,-10,6,-11,-30,-108
CDW,CDW Corporation,164.11,-21,-34,-48,0,-103,-15,8,8,-9,-8,-111
LULU,Lululemon Athletica,173.36,7,-74,-17,-4,-88,25,-12,-26,-13,-26,-114
INVH,Invitation Homes,29.68,-43,-42,-14,0,-99,-14,-7,-9,15,-15,-114
EMN,Eastman Chemical Company,64.36,-23,-1,-27,-2,-53,-15,-3,-41,-3,-62,-115
DPZ,Domino's,424.75,-63,-34,-2,11,-88,-42,-4,-1,19,-28,-116
HAL,Halliburton,22.64,4,18,-69,0,-47,-9,16,-68,-10,-71,-118
EPAM,EPAM Systems,156.54,0,-9,-32,-28,-69,14,-7,-23,-38,-54,-123
LKQ,LKQ Corporation,30.31,-41,-6,-12,-3,-62,-41,17,-20,-18,-62,-124
MRNA,Moderna,26.56,21,-33,-61,-5,-78,28,-34,-1,-40,-47,-125
BMY,Bristol Myers Squibb,44.97,-47,-2,-6,-6,-61,-44,-6,-20,6,-64,-125
CNC,Centene Corporation,32.74,0,0,-50,-12,-62,-39,22,-19,-29,-65,-127
BALL,Ball Corporation,48.69,-23,-26,-9,-12,-70,-34,-34,16,-6,-58,-128
AWK,American Water Works,135.04,-77,-11,32,0,-56,-69,-11,-2,9,-73,-129
KMX,CarMax,58.11,-23,-2,-25,-37,-87,-32,18,-29,-1,-44,-131
UDR,"UDR, Inc.",37.37,-49,-37,-4,-1,-91,-41,-5,-11,14,-43,-134
ALB,Albemarle Corporation,80.38,42,8,-134,-24,-108,-3,-7,10,-26,-26,-134
RVTY,Revvity,86.32,28,-38,-26,-25,-61,-5,-43,-31,4,-75,-136
HUM,Humana,258.15,-66,1,-2,-13,-80,-36,-3,2,-21,-58,-138
TSN,Tyson Foods,53.66,-49,-3,-7,-29,-88,-42,-7,-17,12,-54,-142
DOW,Dow Inc.,23.17,-20,-1,-49,-2,-72,-15,17,-64,-9,-71,-143
PEP,PepsiCo,141.03,-91,0,-48,0,-139,10,-6,5,-14,-5,-144
FIS,Fidelity National Information Services,64.64,-23,-34,-8,-38,-103,-14,-36,-3,12,-41,-144
CAG,Conagra Brands,18.33,-23,-6,-38,-8,-75,-15,-10,-20,-24,-69,-144
IEX,IDEX Corporation,160.56,-15,-38,-34,-3,-90,-7,-9,-34,-7,-57,-147
CL,Colgate-Palmolive,79.37,-63,-53,-12,24,-104,-40,-14,-20,27,-47,-151
JKHY,Jack Henry & Associates,151.41,-23,-37,-9,-1,-70,-18,-68,-9,12,-83,-153
CHTR,Charter Communications,266.21,6,-41,-10,-37,-82,-14,-46,-10,-2,-72,-154
SLB,Schlumberger,33.93,-41,0,-76,0,-117,-40,20,-27,-11,-58,-175
HRL,Hormel Foods,24.32,-10,-47,-16,-24,-97,-7,-43,-3,-31,-84,-181
ODFL,Old Dominion,138.91,-49,-38,-32,0,-119,-15,-12,-37,-2,-66,-185
WY,Weyerhaeuser,24.28,-49,-7,-29,-1,-86,-45,-11,-41,-9,-106,-192
EW,Edwards Lifesciences,73.72,-81,-7,0,-15,-103,-89,-5,36,-36,-94,-197
ZTS,Zoetis,144.62,-105,-10,-41,-4,-160,-21,-11,-8,-6,-46,-206
TAP,Molson Coors Beverage Company,45.09,-77,-9,-19,-1,-106,-73,-11,-20,-4,-108,-214
NKE,"Nike, Inc.",71.31,-110,0,-4,-22,-136,-47,-10,13,-37,-81,-217
MKC,McCormick & Company,64.64,-50,-53,-12,-3,-118,-41,-52,-20,11,-102,-220
LYB,LyondellBasell,51.1,-41,-36,-50,-6,-133,-15,-1,-64,-8,-88,-221
CMCSA,Comcast,31.5,-65,-39,-41,-10,-155,-55,-3,-8,-9,-75,-230
IFF,International Flavors & Fragrances,62.19,-49,-38,-29,-32,-148,-38,-4,-41,-2,-85,-233
FDS,FactSet,295.63,-63,-45,-11,-1,-120,-62,-41,-9,-2,-114,-234
BF-B,Brownâ€“Forman,26.88,-7,-14,-109,-19,-149,-15,-8,-41,-29,-93,-242
TGT,Target Corporation,86.55,-161,-17,-37,-12,-227,-15,-23,4,-7,-41,-268
UPS,United Parcel Service,84.25,0,-39,-112,-17,-168,-15,-11,-40,-35,-101,-269
BAX,Baxter International,22.82,-34,-53,-29,-39,-155,-54,-6,-20,-42,-122,-277
ALGN,Align Technology,131.07,-51,-37,-73,-26,-187,-57,-11,-9,-39,-116,-303
STZ,Constellation Brands,133.54,-183,-20,-51,-4,-258,-97,-23,-67,-9,-196,-454
